100 100
3 17 23 10 1 2 12 18 7 9 19 8 24 14 10 18 19 8 9 17 6 25 12 3 4 25 29 11 1 8 3 0 1 30 12 10 27 6 11 22 28 19 4 4 7 21 26 25 12 16 2 8 3 21 26 13 25 18 17 17 4 28 8 13 13 27 22 8 26 12 24 7 25 27 27 21 27 22 5 27 23 16 0 18 25 16 14 7 6 8 20 30 5 17 23 18 21 26 28 13
16 21 17 21 6 7 14 23 15 26 5 13 29 10 5 10 28 25 11 11 1 4 20 14 18 12 24 21 2 9 2 29 23 26 11 20 7 22 11 4 11 27 8 22 23 27 19 15 20 7 13 4 11 22 7 11 2 6 3 14 2 11 11 7 19 14 23 16 11 7 4 25 2 4 2 28 8 12 1 26 29 5 17 20 12 7 2 27 27 30 21 7 12 0 8 8 0 28 14 1
13 21 16 22 8 24 6 11 27 6 13 13 28 29 11 28 15 4 30 24 29 20 4 7 29 21 5 26 27 23 18 20 15 30 8 8 18 20 24 14 18 23 23 4 24 21 11 21 24 1 13 12 15 30 16 22 12 1 13 25 2 25 5 0 1 17 26 23 7 16 0 19 29 30 18 28 3 9 2 0 16 21 0 30 5 2 12 0 18 2 4 0 6 27 8 13 9 10 23 23
4 0 19 23 11 5 27 3 26 5 5 29 27 7 29 30 24 1 19 13 14 22 10 5 1 4 4 14 2 9 6 22 29 14 8 13 0 14 6 17 13 24 27 23 28 19 1 17 11 6 2 13 25 0 10 13 24 3 7 24 18 2 27 20 10 26 26 24 29 21 0 2 12 12 11 9 9 24 12 21 29 29 25 28 25 0 1 22 21 11 5 0 1 0 15 23 22 26 2 12
7 17 6 18 24 16 23 13 24 6 17 27 18 26 18 6 16 18 15 15 0 8 9 6 0 25 19 0 13 19 6 22 20 13 9 29 15 4 24 27 3 2 28 28 28 21 2 4 18 16 12 1 26 26 6 8 15 17 19 16 24 16 15 15 25 8 13 24 12 12 28 12 10 21 28 14 9 14 10 15 7 5 9 1 14 29 24 15 12 23 12 29 17 5 9 11 18 0 30 14
26 9 19 5 19 20 18 11 19 24 8 16 7 29 15 25 27 21 3 16 0 26 26 10 1 10 21 30 10 15 1 13 19 6 16 29 25 3 7 7 10 20 15 29 28 0 6 16 9 8 13 13 0 1 21 4 4 7 18 19 5 1 20 16 1 8 9 30 30 11 1 26 9 6 5 21 5 5 4 8 9 5 23 20 22 23 4 13 29 1 27 8 25 25 3 19 7 1 9 24
29 27 16 18 10 6 7 3 25 13 3 6 2 7 9 22 4 2 13 6 12 30 30 27 26 6 6 18 11 6 13 26 14 21 14 21 3 3 3 24 11 0 24 9 7 14 11 5 10 25 24 2 24 9 30 18 2 26 12 14 23 23 14 4 15 14 15 15 9 13 24 21 9 4 19 15 5 9 11 9 20 9 12 14 15 14 22 16 9 24 30 27 28 9 15 24 2 22 28 19
13 12 0 24 10 3 11 30 4 30 25 25 25 6 11 1 6 30 1 0 12 8 11 24 20 22 7 2 16 26 25 15 15 4 26 19 22 11 4 18 11 15 6 20 24 2 24 3 27 7 24 17 9 15 8 4 7 5 7 30 2 11 10 26 23 21 29 24 18 3 3 23 10 4 4 29 1 17 28 13 13 27 27 21 29 1 16 27 25 9 10 13 18 0 6 18 16 5 17 3
15 24 5 17 30 8 14 26 28 20 26 2 3 22 2 28 27 6 17 4 17 19 6 2 9 1 5 18 25 6 26 7 18 27 23 24 16 20 7 9 13 1 23 6 0 11 22 28 3 14 7 12 12 3 21 13 4 26 23 12 25 18 29 13 10 24 2 9 23 0 11 10 12 22 24 14 9 9 27 28 21 16 29 16 30 26 3 10 10 7 0 20 20 5 13 26 16 17 23 30
21 27 1 10 17 23 26 12 16 22 7 2 10 6 20 5 23 12 24 13 8 24 0 2 13 5 9 0 30 11 19 9 26 5 3 30 10 12 15 24 6 25 3 1 0 27 1 3 25 22 13 25 13 26 15 10 16 14 13 7 13 16 24 30 4 7 25 24 26 27 12 30 23 11 29 13 18 17 9 18 11 1 18 26 18 30 2 23 30 0 24 18 11 30 2 6 19 1 21 7
18 21 27 3 17 23 14 7 10 18 20 16 4 14 4 7 26 22 10 13 19 5 13 13 9 26 25 11 4 6 10 9 23 4 17 28 23 17 6 3 16 16 28 15 13 2 24 5 25 30 6 14 7 24 17 21 5 21 6 20 14 14 23 1 18 4 29 17 13 23 0 15 10 3 7 20 22 25 6 1 4 11 21 24 15 17 29 23 14 5 28 3 29 28 1 12 17 12 6 16
18 10 5 27 1 18 22 8 17 23 2 7 4 15 18 10 14 26 6 16 17 24 3 4 8 14 19 7 14 24 6 21 3 14 3 13 25 20 6 19 24 12 26 28 16 23 1 11 12 30 30 13 10 20 6 4 26 25 21 23 28 12 16 25 3 1 18 21 27 4 23 15 5 14 1 3 16 17 21 15 4 18 7 23 22 6 9 28 18 27 16 12 7 17 13 30 6 23 13 17
29 21 9 7 27 17 22 22 6 5 8 27 13 16 21 1 29 14 24 7 22 21 9 11 4 16 19 9 13 17 19 25 18 7 2 14 18 27 29 4 8 6 23 0 16 9 18 5 26 22 7 2 14 8 14 3 27 25 21 0 1 23 25 23 5 15 3 17 7 7 26 0 29 28 15 16 3 8 27 13 27 28 0 12 26 21 16 20 27 25 11 10 16 13 1 4 9 7 5 26
20 30 30 1 4 22 1 9 26 4 6 3 26 10 1 25 2 24 0 21 7 29 25 11 5 30 13 25 12 7 7 10 12 9 14 13 8 6 13 26 26 14 23 15 17 6 6 9 10 13 28 24 25 20 17 18 20 17 15 20 21 18 11 29 29 10 17 3 29 3 4 19 0 0 21 25 9 13 22 5 12 5 15 20 29 28 8 21 22 20 24 16 27 18 19 19 30 9 18 24
12 1 6 13 25 29 11 23 26 21 15 6 11 20 19 3 20 9 22 29 19 12 0 9 6 9 13 3 24 7 29 3 6 15 30 24 0 5 29 19 7 4 12 20 5 17 3 16 3 25 13 12 19 20 4 27 0 12 17 10 25 14 21 1 14 18 14 0 20 15 3 8 20 6 26 0 18 24 5 24 8 18 4 17 24 21 23 0 29 4 20 26 13 19 2 14 23 13 29 17
23 13 12 16 3 23 21 15 29 26 4 5 18 30 10 0 2 24 7 29 15 8 13 27 13 1 16 20 2 3 24 14 28 13 26 8 23 26 13 7 14 8 18 28 21 22 5 5 5 0 16 14 19 2 5 28 25 8 28 3 21 28 18 21 13 28 11 13 6 3 4 3 9 17 25 19 4 12 3 16 30 29 28 12 30 18 13 23 11 11 5 22 4 15 25 18 8 20 22 29
22 16 5 27 12 4 8 0 1 1 12 18 14 19 3 2 24 5 29 4 24 21 0 17 3 26 21 11 18 5 28 7 25 15 10 30 14 5 8 7 23 21 15 11 10 10 24 11 23 11 20 17 14 23 16 21 1 4 15 11 28 12 17 16 30 18 26 25 12 6 6 27 2 23 14 29 5 15 7 22 10 2 18 28 15 26 10 5 19 16 13 23 2 15 20 16 11 17 16 4
22 14 3 3 2 11 7 23 0 6 17 28 2 1 6 7 21 10 2 11 9 19 12 4 28 1 0 2 11 1 29 6 24 13 7 22 1 24 11 16 26 26 8 29 11 29 16 17 29 3 9 7 22 27 1 24 8 16 15 8 0 1 26 5 15 30 18 28 8 17 16 20 29 18 29 29 4 3 3 26 6 22 16 18 21 22 22 17 24 7 12 2 0 19 0 12 22 3 30 16
23 3 5 23 22 14 24 26 11 2 18 25 17 3 10 0 17 9 28 15 8 0 7 19 5 21 26 2 8 6 19 9 29 14 15 19 16 22 9 20 12 23 27 8 8 7 5 3 7 20 9 10 8 17 17 28 6 23 8 8 15 6 3 10 8 23 28 7 0 1 8 2 28 25 26 4 21 25 24 24 17 5 10 4 19 9 2 19 28 12 12 9 21 16 18 11 9 29 5 15
25 25 9 4 8 25 5 26 4 22 11 3 10 3 23 10 23 14 8 6 27 30 22 4 11 25 22 12 16 16 30 2 17 25 0 13 9 7 12 21 19 0 4 14 15 8 15 19 30 12 2 18 13 8 13 27 3 4 27 21 1 18 18 14 12 13 15 13 21 21 23 28 12 22 18 21 28 17 24 8 22 5 4 13 26 14 6 1 29 27 22 6 13 25 18 18 19 24 29 18
14 23 4 24 19 18 4 29 23 8 7 9 17 19 23 3 30 13 0 24 13 25 23 6 23 10 0 2 18 24 28 18 2 29 29 24 25 1 24 21 10 6 24 17 9 3 0 2 13 18 19 3 13 0 9 8 16 22 27 6 11 11 3 8 18 6 23 6 4 1 11 18 13 18 30 2 28 23 16 21 30 9 28 11 4 30 9 30 4 22 27 4 26 20 15 29 8 29 6 22
24 27 14 19 23 3 7 18 29 3 5 12 11 18 6 19 30 14 28 4 27 19 21 12 26 18 20 20 12 22 21 11 14 14 3 2 1 14 7 2 29 24 6 5 2 26 29 27 26 20 9 10 29 13 0 26 13 21 11 27 9 29 10 11 20 8 13 5 0 7 22 15 9 20 1 1 27 6 17 25 1 15 30 5 17 5 23 4 4 17 23 11 0 0 0 5 8 28 27 28
21 19 1 29 29 19 30 22 24 16 9 24 14 1 24 28 12 26 14 4 17 23 26 28 7 8 3 23 17 22 1 25 20 16 18 1 12 13 27 10 9 1 19 15 21 8 23 0 1 21 26 3 3 28 27 16 21 24 7 7 8 27 9 10 7 0 12 4 11 9 6 8 30 16 26 20 15 12 25 9 6 30 9 0 7 0 2 6 13 10 4 3 19 18 10 25 2 14 10 1
14 19 17 23 15 2 8 11 6 9 29 8 19 3 14 30 27 6 29 5 1 15 7 15 12 29 12 11 4 20 6 9 17 19 10 10 18 23 18 12 19 8 8 0 29 14 7 20 3 19 19 10 2 14 13 24 18 15 17 8 0 13 24 19 27 23 29 26 22 28 15 7 19 4 2 5 10 19 30 22 2 10 8 30 8 17 8 1 5 27 10 22 7 16 1 22 27 10 12 6
27 15 25 4 12 7 28 2 13 10 15 17 1 25 4 12 9 20 30 1 8 7 13 20 18 17 10 3 30 15 29 25 11 28 6 12 24 25 15 6 8 26 15 27 14 3 14 16 7 14 18 16 5 27 30 11 0 5 21 13 11 21 4 21 14 20 10 27 3 22 23 15 10 24 4 3 27 18 21 12 10 22 10 30 28 27 10 10 6 23 26 22 20 9 28 7 30 7 27 22
24 11 21 20 18 13 15 29 23 10 15 22 18 13 21 19 2 20 24 28 1 3 24 7 17 7 6 14 23 12 25 26 19 19 0 8 0 6 1 19 17 21 12 7 22 17 6 9 18 10 26 18 25 2 30 6 19 11 2 6 6 4 21 24 10 6 2 14 26 20 30 5 21 1 29 23 15 24 16 24 12 26 2 10 18 22 3 14 1 10 4 4 27 14 11 27 24 22 15 19
29 6 16 12 21 25 8 10 30 14 11 25 12 9 27 15 20 20 4 7 10 22 14 5 29 6 23 4 18 22 4 29 2 14 9 14 12 24 14 12 0 18 22 20 7 20 21 22 25 3 25 14 29 21 2 19 19 20 27 19 20 17 19 25 12 25 24 4 16 17 28 27 14 12 28 4 3 2 27 23 19 2 22 1 12 0 21 17 14 9 23 0 2 4 30 30 18 14 29 3
10 24 9 4 16 8 15 10 3 18 30 11 15 6 10 28 23 16 30 9 16 26 3 8 25 10 3 14 30 7 21 17 10 19 19 7 2 25 4 10 0 23 21 6 10 26 13 13 22 16 8 8 26 6 17 20 6 12 23 25 14 9 6 8 11 25 3 19 0 13 28 30 27 7 9 4 15 6 14 19 7 18 11 22 4 5 8 27 22 6 2 0 26 27 23 2 28 26 5 22
25 2 14 0 27 23 12 22 4 27 2 16 14 27 13 2 16 3 11 30 23 14 30 4 27 1 11 18 30 13 13 4 14 7 21 10 14 16 9 19 19 7 30 23 20 30 15 13 8 9 10 15 10 6 24 9 24 8 4 15 27 9 1 20 20 29 22 19 3 4 17 19 28 3 14 19 16 24 14 15 4 19 15 16 1 10 2 18 20 8 27 10 26 5 9 15 28 17 9 11
6 29 17 0 17 8 30 7 16 0 26 9 21 8 1 2 26 29 29 29 3 21 18 26 29 15 26 7 17 25 29 21 5 26 22 6 29 8 9 21 24 5 8 26 8 6 21 7 22 4 19 23 26 22 4 11 17 23 14 5 10 21 6 11 24 21 18 0 27 10 10 13 0 23 13 7 13 22 11 11 24 24 29 27 8 9 26 4 6 26 4 28 3 16 15 0 12 29 25 19
24 29 27 22 23 15 4 12 19 15 25 2 2 12 16 0 7 8 28 16 17 20 20 18 10 11 12 25 5 24 25 20 7 21 12 18 10 29 6 19 21 13 2 18 14 9 7 4 10 0 13 18 18 5 27 11 11 16 12 12 12 5 28 30 23 7 16 14 30 9 0 4 6 8 8 18 21 9 0 22 4 8 7 27 20 23 24 6 17 9 21 30 28 3 9 11 27 11 22 21
29 21 5 24 26 8 16 13 6 28 24 17 24 1 5 16 1 17 25 25 18 8 22 4 22 15 26 17 1 15 6 6 12 13 28 29 11 10 25 30 2 26 26 0 14 20 1 19 2 12 10 22 27 20 19 1 19 24 30 12 9 24 9 20 24 18 3 20 9 5 4 16 27 7 16 14 7 5 28 10 9 20 21 3 13 5 23 29 26 1 10 2 21 13 30 5 19 19 25 10
5 27 1 30 28 13 25 24 3 27 24 19 12 0 10 21 24 25 16 9 17 11 17 25 2 19 16 30 27 17 22 18 15 0 4 17 15 18 20 10 21 2 23 6 18 24 24 20 0 11 4 23 16 6 18 7 21 19 0 22 27 13 7 23 23 14 0 11 2 24 20 5 25 15 22 10 23 29 8 5 1 18 3 14 29 1 26 2 14 13 20 29 7 23 5 3 24 15 18 28
28 17 30 9 28 13 22 4 22 22 23 22 10 10 30 17 5 23 7 25 24 10 8 30 7 5 27 1 14 25 28 29 29 30 10 2 15 0 28 12 18 20 21 12 30 17 6 16 30 28 6 0 25 20 20 26 6 9 18 24 6 26 25 25 18 17 8 6 11 8 1 7 9 12 25 5 2 20 19 7 26 10 24 13 13 6 9 29 4 11 21 6 1 28 19 29 4 29 13 15
29 28 11 22 30 9 17 24 7 10 25 21 13 19 27 20 23 6 12 8 15 5 2 1 3 19 9 19 25 30 2 0 29 19 24 25 8 29 6 10 7 21 1 14 27 2 17 5 26 17 12 23 1 7 3 24 27 26 5 9 15 22 20 6 20 10 14 8 22 21 15 25 8 18 25 6 23 16 12 17 20 27 1 21 0 24 1 1 30 18 20 0 24 1 22 19 22 5 17 25
18 19 4 21 9 9 2 11 2 11 21 23 24 24 23 7 6 18 22 14 28 4 17 21 10 29 17 13 18 4 7 21 26 22 10 18 9 1 30 15 14 23 9 15 20 29 14 2 18 25 29 25 14 28 21 28 24 17 2 24 25 24 3 2 9 9 16 28 28 16 8 25 20 20 1 22 25 9 18 14 0 10 27 9 19 14 8 4 15 28 1 2 9 2 26 30 15 15 18 25
1 0 7 19 28 26 17 15 28 21 24 7 9 2 4 6 18 14 9 3 17 1 1 7 23 6 29 21 25 11 19 18 10 2 21 4 5 18 21 27 25 15 23 14 20 22 13 12 5 23 7 1 13 8 7 12 19 13 26 23 3 22 12 25 30 30 6 25 23 22 24 29 15 26 20 27 20 11 9 26 23 27 18 7 13 23 8 24 26 30 20 8 13 12 20 29 7 0 22 25
27 21 0 7 18 5 2 7 1 15 5 20 14 10 15 7 8 15 5 26 15 1 4 13 4 17 2 16 18 17 22 9 24 5 6 19 22 26 21 4 24 18 0 3 8 16 9 20 21 16 27 10 0 29 9 26 16 16 19 28 19 18 26 28 2 26 28 21 6 4 22 27 25 24 9 10 7 26 10 13 2 23 20 6 7 2 18 16 14 9 19 25 25 8 3 19 14 22 12 21
30 22 17 13 5 16 13 29 8 27 8 4 15 5 1 20 28 30 11 24 23 29 15 30 12 1 9 5 13 26 8 21 29 8 22 13 24 24 1 3 18 22 28 19 6 24 2 9 28 9 7 21 21 3 9 1 7 12 11 4 6 15 19 27 24 6 29 25 15 14 29 11 24 0 30 28 13 13 9 5 16 8 30 20 18 21 17 17 0 11 23 27 0 2 11 26 6 14 8 16
15 18 28 18 10 23 8 12 1 3 2 16 30 27 5 16 1 8 22 10 24 29 2 26 6 11 21 17 23 1 8 8 17 1 0 5 0 4 16 24 25 6 29 11 4 29 8 7 24 20 15 29 11 14 29 29 20 15 16 23 9 1 21 23 2 3 3 5 12 6 26 1 16 15 6 5 16 13 10 30 6 15 24 11 28 8 1 15 2 8 21 6 24 27 18 9 5 9 26 30
12 27 28 22 22 28 12 20 18 20 15 9 28 11 13 21 11 8 16 0 20 13 1 4 15 25 14 24 30 17 2 1 14 4 21 29 4 18 9 20 20 27 9 29 15 20 28 24 30 29 16 25 24 10 5 24 2 6 12 18 7 28 22 30 10 13 15 5 9 8 27 11 27 11 8 3 12 18 23 9 23 28 27 25 0 14 24 13 22 8 12 20 13 20 22 14 12 14 23 20
30 22 13 11 19 29 10 3 8 23 1 1 12 20 11 28 24 23 10 25 7 12 11 7 17 5 28 16 8 14 22 5 19 18 19 7 4 4 26 14 25 11 18 10 11 23 20 20 12 23 15 26 29 3 8 25 30 13 25 2 14 30 27 11 8 17 22 30 18 17 22 4 16 16 4 22 10 23 7 24 3 16 14 9 0 15 11 12 27 17 19 5 4 21 15 24 22 10 20 14
6 6 22 26 3 24 28 14 27 18 25 1 15 30 26 29 25 21 9 22 21 24 10 17 7 18 22 2 26 2 8 8 3 7 6 21 24 4 20 12 17 4 24 11 19 13 6 22 13 9 8 7 19 17 26 28 6 19 15 6 5 8 20 15 29 17 4 10 2 6 30 26 3 0 14 8 11 10 15 0 11 14 18 13 21 22 8 11 19 27 26 25 21 27 23 5 3 8 20 0
24 3 9 2 5 17 10 5 10 22 23 24 28 30 25 30 25 9 22 5 4 5 8 3 12 5 27 10 28 28 1 16 18 4 13 30 4 19 3 19 29 17 13 29 18 10 15 20 14 8 4 3 27 10 16 1 0 3 7 6 19 20 28 3 18 17 16 9 30 1 19 11 0 8 21 23 19 1 12 25 21 0 26 19 9 26 25 25 13 21 30 24 17 30 22 13 21 27 19 7
12 27 10 19 26 25 1 16 4 24 11 12 17 20 7 2 24 16 0 7 27 21 8 24 22 3 13 12 17 2 21 18 8 15 23 26 13 16 3 3 17 26 9 29 21 13 11 26 29 8 12 11 17 19 18 13 30 4 4 13 28 12 29 13 6 1 6 0 29 24 15 22 30 29 21 8 16 28 0 7 7 5 2 15 1 8 1 12 24 10 16 6 28 25 8 26 27 20 27 17
20 0 0 25 25 12 30 5 24 27 9 24 18 20 23 24 5 2 3 1 8 27 30 27 27 3 14 17 22 4 24 15 28 26 27 18 0 26 22 28 17 0 4 13 14 10 18 5 14 22 27 28 28 22 6 29 22 20 4 14 2 19 8 9 13 22 27 16 6 18 7 13 23 17 28 1 27 1 9 9 7 15 22 9 28 13 8 1 3 19 20 29 6 17 22 27 20 21 12 7
18 18 28 20 3 29 17 2 27 24 13 18 26 1 17 3 17 11 13 6 10 14 1 30 19 21 7 10 11 13 26 20 5 29 21 3 24 23 11 14 18 26 6 26 4 21 7 5 22 21 2 5 15 12 19 1 2 3 4 12 1 25 18 6 19 12 26 11 3 29 28 8 17 25 27 9 10 15 29 24 18 11 17 21 15 24 9 24 29 17 15 24 1 13 21 19 7 22 13 4
15 24 11 23 18 19 15 27 26 7 5 27 30 29 14 1 8 13 27 22 23 28 15 0 10 25 4 10 11 6 10 21 16 20 12 18 20 14 16 28 1 20 23 4 27 6 1 3 22 8 22 20 20 19 5 28 22 27 3 19 18 5 15 18 8 19 19 27 9 18 21 8 17 24 26 13 21 5 17 19 28 27 9 16 15 8 8 22 23 29 17 22 6 16 29 21 19 27 22 6
21 27 8 8 18 10 1 29 15 18 17 3 14 4 3 28 23 0 18 2 8 28 30 29 29 21 30 19 12 26 27 8 25 4 8 12 4 27 26 16 7 19 9 7 19 15 0 3 5 1 28 1 4 18 14 17 9 29 26 10 21 16 12 30 8 5 23 2 12 29 27 23 16 6 11 5 6 9 22 24 12 8 24 24 24 11 27 21 17 10 12 22 14 5 0 6 8 30 8 0
14 5 12 27 17 14 26 27 2 18 14 17 21 7 14 27 14 9 5 24 11 0 17 18 28 17 7 6 26 26 8 11 9 3 14 10 25 6 9 7 0 22 21 0 8 18 8 9 4 7 26 18 16 10 4 21 0 22 22 4 9 1 12 9 28 1 20 10 8 20 0 29 7 8 14 8 3 17 7 28 2 11 6 10 11 9 15 18 1 11 26 23 7 6 4 30 29 26 19 10
30 30 26 3 4 28 10 20 10 0 27 0 29 6 2 0 21 7 16 25 22 2 5 21 15 21 8 2 6 1 6 16 14 1 2 24 20 23 13 10 15 27 9 11 30 18 23 11 29 4 28 19 22 15 16 16 30 1 21 1 15 10 28 1 7 4 14 13 22 14 5 14 12 2 22 8 30 20 19 30 14 25 22 3 11 8 14 27 10 13 14 13 9 6 12 3 9 18 7 23
19 7 23 29 23 18 0 27 22 19 25 13 22 6 11 16 7 20 30 17 11 15 3 27 2 12 17 11 27 27 17 19 5 8 28 20 2 25 12 24 21 13 3 28 24 8 30 16 17 25 8 3 8 13 29 16 22 6 6 19 3 29 5 12 4 26 15 4 22 4 7 12 19 6 3 1 25 13 6 10 10 16 30 16 17 15 12 26 26 16 6 26 5 5 23 15 2 26 4 14
13 17 25 27 4 30 1 25 3 1 16 20 17 30 1 14 24 8 25 0 25 13 22 27 3 26 6 15 13 10 22 0 4 11 28 17 19 9 18 15 14 29 26 25 3 22 20 15 16 22 17 0 15 30 2 27 16 6 10 27 5 16 28 18 13 0 11 1 19 1 29 17 21 7 0 25 5 21 14 20 14 3 14 26 0 10 3 15 22 10 15 1 4 11 26 26 25 1 18 24
19 20 3 6 27 19 8 18 10 26 25 0 20 28 6 5 12 9 6 4 30 2 21 14 4 0 25 14 7 7 7 25 16 12 1 8 16 24 18 27 1 9 9 13 28 10 9 18 8 16 18 13 10 16 15 22 16 30 3 26 8 8 27 29 24 16 6 27 22 28 25 15 22 25 27 13 30 22 3 25 23 28 4 9 7 9 15 27 13 20 23 27 17 4 14 21 13 7 13 8
22 12 11 13 4 11 14 21 12 11 1 7 8 29 5 19 16 12 15 27 14 16 5 20 30 28 18 17 29 12 6 6 23 0 21 23 4 3 0 10 5 27 16 25 16 29 24 26 7 28 19 29 24 15 22 27 25 3 24 24 29 12 28 25 7 28 4 3 19 17 10 17 5 22 21 4 19 11 25 19 0 23 24 21 24 15 15 23 17 13 5 4 16 26 26 15 16 2 16 7
7 23 1 7 0 18 16 17 24 11 20 3 1 0 0 8 29 17 9 27 13 3 23 25 5 8 12 22 18 28 14 28 22 24 3 16 30 8 17 13 14 5 6 4 4 11 14 15 21 17 11 24 4 17 4 17 5 17 24 6 19 19 14 2 4 6 25 6 11 16 20 7 21 22 8 11 26 13 20 27 17 1 30 8 10 1 13 19 30 30 5 10 7 14 4 4 11 21 21 21
19 8 10 17 1 24 14 19 12 2 27 19 12 13 18 22 7 24 5 28 3 7 21 19 1 21 17 24 12 20 11 29 27 7 10 22 27 8 15 19 30 17 20 11 30 14 7 21 23 1 18 24 19 24 18 13 2 15 0 9 20 13 17 22 7 7 7 11 22 2 25 7 21 3 5 14 20 12 16 26 27 9 4 17 7 15 17 12 14 11 9 19 28 20 14 4 27 5 22 1
27 30 24 0 13 17 17 11 22 13 26 8 7 27 12 23 30 1 10 24 15 28 10 8 4 12 16 15 15 24 19 20 18 4 25 1 11 1 0 1 27 23 7 15 12 2 13 9 24 19 30 20 17 15 16 13 14 15 22 9 6 1 3 16 0 24 24 3 24 10 17 21 11 5 12 21 30 30 9 6 3 29 6 5 28 29 9 6 22 30 11 3 2 6 29 1 9 6 14 28
8 24 14 1 23 26 19 20 27 16 16 16 3 17 11 4 3 12 0 20 4 29 14 30 6 19 12 19 12 8 28 8 29 21 20 5 19 26 7 10 10 8 17 13 20 24 25 5 21 30 0 1 19 20 8 21 13 5 27 9 18 5 0 4 19 2 2 4 4 13 28 22 19 24 30 30 4 18 6 27 28 29 30 7 15 12 24 17 13 16 1 17 20 7 0 21 13 14 21 29
6 11 14 15 0 8 19 23 29 14 15 1 28 16 19 16 9 28 16 11 12 10 1 23 4 5 4 2 12 10 13 4 27 22 9 10 0 29 13 22 20 6 20 16 0 17 30 17 22 2 5 15 21 26 3 6 11 16 6 4 16 22 3 24 27 13 9 26 25 30 13 0 8 14 11 10 27 21 1 6 26 9 17 7 29 17 15 14 11 7 6 20 0 13 27 1 1 11 25 0
30 20 12 15 26 2 28 11 15 18 24 0 0 28 0 1 13 15 27 0 15 12 11 10 25 10 14 29 23 5 2 11 28 10 15 13 29 13 19 22 5 26 14 3 13 17 9 7 14 21 5 28 15 2 17 16 2 27 12 8 11 2 25 25 11 6 29 10 27 15 1 11 9 27 3 27 20 19 17 27 22 8 26 6 30 0 23 0 8 25 26 15 15 30 15 4 25 5 12 29
1 2 0 4 19 10 16 21 27 7 6 10 29 8 27 28 2 27 27 24 25 2 5 21 2 18 6 10 24 29 23 25 4 3 28 6 8 27 24 7 13 23 29 2 19 19 23 14 11 24 21 24 23 17 26 18 15 15 0 13 30 2 15 27 8 11 30 17 24 9 4 22 30 28 6 11 26 14 5 5 13 8 8 17 0 28 3 0 17 18 10 21 20 16 24 13 6 21 29 0
0 0 10 28 7 27 17 15 7 5 20 21 3 27 19 21 12 8 28 22 0 25 1 16 21 3 12 7 13 14 9 6 13 24 18 10 9 4 6 30 23 25 27 11 13 5 19 20 25 27 16 26 12 30 9 8 28 0 7 5 24 25 28 25 25 4 1 12 12 29 6 9 14 30 15 12 6 18 2 28 1 28 1 1 11 27 21 18 16 27 17 28 29 28 4 8 3 19 28 21
20 5 0 23 20 14 13 6 28 5 4 4 14 5 8 28 21 24 24 28 11 13 30 6 25 8 13 28 23 29 0 29 9 10 15 28 7 24 18 18 28 16 25 6 27 16 7 29 16 29 18 17 3 20 11 27 15 6 1 3 27 12 5 13 30 11 5 28 29 5 6 19 23 26 8 8 17 13 26 16 18 3 23 20 2 17 17 23 19 3 17 16 28 5 6 15 30 7 15 11
30 2 17 20 30 28 9 10 17 17 12 20 15 24 3 27 8 29 19 8 19 25 10 8 16 2 15 20 0 25 24 18 22 21 9 10 21 25 19 16 16 10 23 15 30 3 30 9 29 29 12 5 29 16 20 12 20 2 17 22 22 9 10 3 14 5 5 10 16 18 2 16 0 2 8 22 13 16 18 20 18 10 26 25 11 29 6 12 0 19 9 19 9 16 19 17 19 10 11 8
18 4 11 10 23 20 22 29 18 23 17 28 14 15 14 17 24 27 12 29 30 24 3 18 26 17 17 24 5 24 24 26 22 7 21 10 15 6 7 22 19 26 20 12 24 16 7 16 16 21 1 1 1 23 7 7 16 25 30 30 23 21 21 21 27 25 28 15 13 17 18 2 20 17 30 8 30 20 7 5 26 4 14 2 14 4 14 0 0 17 26 8 8 5 6 26 6 30 22 21
0 0 2 28 9 22 6 6 11 7 1 8 4 2 5 25 22 15 27 6 22 29 26 8 16 19 26 4 7 18 17 15 2 16 25 7 21 11 24 21 18 30 24 19 13 6 20 9 8 7 0 15 3 22 23 27 14 10 25 28 3 3 16 16 4 30 29 17 17 7 19 21 21 26 18 29 0 20 25 30 11 27 25 21 29 24 2 6 10 2 17 11 14 0 15 27 7 7 17 29
24 30 4 26 9 3 28 7 14 22 30 7 15 20 16 24 11 9 1 11 1 6 3 8 6 11 21 24 27 29 7 14 14 3 1 3 28 28 10 3 23 25 21 8 14 6 21 30 30 16 3 20 6 27 20 12 15 29 14 4 19 1 16 26 18 28 20 19 28 14 24 24 28 14 16 26 4 28 16 1 13 30 7 24 29 23 3 23 16 25 9 27 13 11 19 18 14 17 9 8
28 22 12 11 18 25 22 30 25 1 14 22 2 20 15 17 12 28 8 20 21 9 0 23 11 6 7 5 2 30 10 21 10 8 6 24 1 18 6 6 25 25 13 2 30 5 1 1 27 11 16 11 27 26 14 1 6 26 12 9 28 15 14 20 25 20 12 20 30 29 21 16 0 14 29 7 12 25 23 18 10 17 13 6 12 15 8 22 28 24 18 29 16 2 11 20 25 7 15 19
23 1 29 28 6 5 10 20 12 29 30 16 22 11 8 11 16 16 25 6 11 8 0 25 29 28 11 28 19 13 3 7 2 17 12 30 6 29 9 1 0 5 2 27 19 15 6 13 5 8 7 22 30 8 2 20 5 16 25 17 10 25 18 16 5 10 24 0 4 10 17 11 14 24 10 29 3 0 24 5 21 24 20 19 22 19 4 24 27 27 2 26 29 18 9 1 19 27 24 15
15 14 4 1 14 20 23 18 28 16 11 5 13 15 3 30 0 4 15 9 27 7 8 28 23 9 16 14 27 18 4 5 28 28 19 5 15 13 25 11 0 23 19 12 18 18 25 29 2 22 30 26 30 30 24 20 11 8 1 0 0 2 22 10 21 5 3 14 27 5 16 7 4 7 14 20 4 21 18 6 19 10 28 9 11 0 26 24 21 19 9 29 24 4 5 8 4 0 14 8
19 20 4 23 14 15 13 10 4 21 2 1 15 29 30 16 10 15 8 26 16 3 6 6 29 4 22 15 18 27 9 24 24 10 15 20 8 2 13 28 11 10 2 22 6 22 17 19 0 8 11 12 3 6 21 2 20 15 10 12 6 18 0 21 28 1 8 19 6 25 6 5 7 18 18 23 24 27 30 15 13 5 24 6 23 24 14 10 27 18 14 19 7 26 16 14 15 3 25 18
12 14 13 26 21 2 1 16 27 2 1 1 27 11 25 25 19 10 4 23 26 29 22 22 0 15 23 6 16 22 26 23 3 15 4 1 5 26 1 2 21 6 0 4 15 7 1 23 11 19 26 28 13 23 21 22 7 16 12 22 7 22 6 22 18 4 30 24 22 2 16 3 4 11 15 23 25 20 25 17 3 28 5 5 11 28 15 19 21 7 16 8 19 22 0 14 21 16 1 2
0 18 11 14 23 29 14 17 13 5 6 26 19 15 22 26 4 30 5 26 18 14 19 27 15 1 22 4 23 18 17 8 0 22 1 19 21 1 9 25 30 25 2 9 5 22 9 22 22 8 26 3 6 14 11 27 25 11 0 26 30 26 12 16 14 15 7 30 3 8 25 25 6 18 16 0 17 5 19 21 6 29 17 29 26 17 9 11 0 15 16 17 1 3 26 13 20 29 29 8
28 22 16 8 27 26 18 29 14 13 19 2 27 13 30 24 5 16 8 7 12 26 22 15 6 11 11 24 0 10 7 9 2 2 17 26 15 7 6 19 24 7 7 14 9 29 0 11 6 27 21 27 25 21 13 25 22 18 19 4 9 25 3 7 23 29 19 18 6 5 9 12 11 20 0 25 19 16 15 16 4 17 1 30 19 6 11 3 10 12 27 22 13 17 15 1 20 16 17 10
24 24 11 30 15 25 10 12 14 29 22 20 5 3 29 14 28 9 15 16 25 21 18 25 10 3 4 24 0 15 22 30 16 14 21 30 6 25 25 11 8 15 14 14 18 16 3 15 17 16 17 4 7 0 17 6 15 5 26 8 25 26 18 25 12 6 0 21 2 18 2 13 4 21 14 1 10 19 19 25 12 5 11 11 9 19 8 23 28 24 0 5 2 26 15 12 3 10 4 7
11 2 28 5 5 26 20 24 7 22 8 13 27 1 6 6 23 9 28 12 13 8 2 24 27 3 9 27 4 17 5 1 12 13 11 28 8 4 29 18 24 21 15 4 9 17 23 11 13 2 26 28 13 18 29 7 13 13 27 2 8 21 3 18 2 5 16 22 0 4 24 6 17 28 18 17 5 2 30 21 24 7 25 28 21 22 1 16 19 13 12 17 5 6 20 27 27 24 28 29
23 7 24 16 12 19 6 2 23 10 24 23 23 28 0 13 11 9 17 10 24 2 18 9 18 19 21 0 28 11 10 12 7 8 30 17 18 12 3 19 29 10 0 7 14 10 11 20 23 21 20 14 16 17 4 30 3 7 9 6 1 10 15 10 29 20 27 7 11 1 7 15 14 21 14 24 5 23 2 11 7 13 19 20 25 5 4 2 12 22 10 13 1 14 8 26 29 14 3 0
9 4 22 11 0 28 13 16 7 26 21 15 28 28 1 25 30 30 18 5 7 20 21 15 23 2 5 27 17 11 17 28 26 1 27 3 5 6 30 5 16 13 14 27 26 28 12 1 8 23 2 9 4 16 1 28 24 3 0 4 2 2 8 19 19 11 9 2 27 22 16 11 22 0 24 30 19 0 28 17 23 24 14 18 5 5 21 30 27 25 26 10 15 17 20 6 2 27 21 22
3 21 24 16 5 5 9 8 23 17 21 24 14 27 1 27 15 16 22 13 12 1 3 20 0 8 17 1 18 20 7 6 15 13 3 5 19 29 7 15 10 30 16 22 29 12 2 10 5 10 10 4 30 21 24 14 27 18 9 13 14 19 23 28 22 9 4 26 28 21 29 20 30 6 3 26 30 29 0 0 16 19 15 6 18 25 29 26 6 10 10 18 24 3 19 16 2 14 12 19
19 25 6 2 26 3 28 0 24 26 14 23 11 11 11 15 25 26 0 19 29 2 23 7 26 6 11 24 23 6 24 12 16 25 28 14 12 30 23 21 9 30 4 27 23 2 24 21 1 13 22 5 20 2 18 29 15 15 2 4 10 23 14 28 11 4 8 8 23 17 2 19 29 30 14 29 0 1 26 25 21 17 1 15 15 7 2 26 28 5 11 21 7 28 25 5 23 6 7 5
20 29 3 4 10 0 21 11 16 0 10 23 24 26 13 11 9 28 1 0 0 28 12 4 15 9 21 11 5 23 17 18 8 24 6 24 24 10 16 28 6 6 0 17 9 24 28 24 28 8 5 24 12 10 25 20 6 18 9 6 10 25 22 22 2 24 20 16 3 12 23 0 26 13 5 7 25 9 4 2 30 22 27 21 17 1 9 14 17 25 29 17 27 13 1 26 22 16 11 29
5 9 25 27 28 29 20 1 17 2 20 29 26 17 17 18 8 2 16 19 2 28 10 12 29 28 5 11 6 15 18 19 6 1 10 18 22 13 23 30 23 11 21 19 11 6 28 12 18 12 26 26 12 22 8 5 16 11 9 9 27 1 21 26 25 18 15 25 14 23 25 17 29 19 28 19 6 21 23 13 3 0 19 29 18 9 1 17 8 6 5 20 7 5 14 29 21 30 29 10
22 19 0 6 30 5 0 28 18 21 21 3 30 0 3 29 7 30 29 17 23 1 19 29 5 3 3 13 30 18 11 5 12 25 21 4 24 15 11 28 17 6 17 28 8 20 0 9 0 26 10 2 11 5 4 20 27 21 25 5 19 30 23 25 7 20 7 29 22 10 13 13 21 30 30 29 25 25 14 7 18 7 19 3 7 22 14 5 12 17 3 14 14 22 15 6 9 14 26 11
21 3 2 21 23 9 4 18 18 1 29 1 2 16 28 8 15 29 21 9 16 27 6 7 17 11 10 28 8 2 30 13 22 22 21 18 25 7 24 11 6 7 15 30 26 7 7 19 16 17 9 26 30 9 22 10 27 24 17 29 7 0 23 5 26 13 16 26 18 18 15 7 27 30 6 8 11 8 24 27 30 19 2 22 11 25 14 16 5 9 18 29 25 16 9 28 21 23 18 20
3 1 4 18 17 20 25 12 5 18 20 23 10 27 21 19 10 29 10 18 26 8 7 24 2 29 3 9 15 19 21 27 29 30 28 22 30 6 7 9 29 12 8 3 16 10 29 24 8 21 6 24 18 4 14 27 8 13 25 26 24 22 8 10 5 4 19 24 19 28 2 12 10 7 19 2 16 11 0 4 21 7 24 17 28 11 3 11 22 11 6 12 0 22 19 4 13 7 14 3
23 12 5 18 1 18 8 24 9 29 2 0 13 11 17 28 8 3 0 8 20 14 7 22 22 24 3 24 28 15 2 12 6 16 10 8 29 28 5 3 29 15 6 18 5 26 7 24 22 11 11 23 22 3 25 15 18 29 16 7 30 3 9 27 21 25 7 11 15 5 1 11 21 1 15 1 9 22 24 6 20 3 0 10 9 15 20 10 24 19 29 26 13 19 0 0 21 14 17 24
5 23 20 1 0 26 9 30 26 25 3 4 28 27 19 25 21 9 21 9 29 25 5 22 15 25 8 11 21 22 0 19 6 1 13 28 13 27 30 26 12 4 12 2 4 1 30 18 7 8 0 6 26 20 7 14 18 21 11 17 25 3 28 5 30 12 29 15 3 22 17 19 23 3 8 8 3 19 6 15 16 30 21 9 7 17 23 24 14 9 18 23 1 29 29 12 5 22 15 30
7 8 12 23 20 12 15 5 14 22 13 4 13 6 17 0 12 17 3 25 9 29 21 22 0 5 26 22 13 23 19 28 4 25 29 23 9 25 21 23 11 27 16 16 2 10 11 13 13 22 16 25 17 8 14 22 12 1 18 17 13 11 19 29 23 18 14 14 19 30 8 20 2 16 2 27 6 9 28 18 2 21 6 28 0 15 15 15 13 21 14 21 19 24 11 21 13 29 25 8
23 4 27 24 18 18 21 25 29 8 7 28 24 26 0 27 17 22 10 27 25 14 18 24 0 19 8 6 7 2 29 24 8 15 7 8 0 23 26 13 28 17 27 9 10 6 14 19 1 1 0 15 16 17 23 24 29 13 29 13 4 2 10 13 6 3 23 19 1 14 0 4 4 25 16 11 21 27 18 2 12 0 10 20 25 24 5 11 8 13 15 16 20 25 12 6 20 11 25 29
23 1 22 20 26 20 15 16 13 6 25 2 27 3 7 19 14 30 22 9 1 10 1 17 10 0 4 25 18 27 29 24 30 7 16 16 5 15 20 7 7 25 10 13 6 25 28 3 2 3 14 26 13 21 19 13 5 11 21 1 1 11 1 15 17 19 3 21 26 5 24 17 10 2 6 26 28 22 2 0 12 0 25 2 29 21 14 18 3 1 27 1 14 12 27 29 25 22 16 5
7 13 1 22 18 18 26 17 11 16 18 20 17 22 8 14 22 5 25 4 6 22 8 24 25 14 15 20 4 15 2 11 3 6 0 24 14 6 30 11 12 19 23 15 28 16 26 14 20 14 27 15 13 24 18 9 30 25 16 21 21 17 11 4 18 9 8 8 24 18 29 5 18 17 25 30 2 8 17 22 24 19 23 10 10 14 13 25 8 5 9 8 10 26 8 21 11 12 14 21
7 1 4 20 28 30 18 28 19 5 23 1 2 19 21 9 30 17 12 12 24 13 28 8 11 15 27 25 22 5 14 1 29 5 4 7 20 10 2 14 6 18 23 24 5 3 13 19 8 18 2 16 17 18 11 9 0 7 11 22 24 10 28 11 22 17 10 5 10 12 10 28 19 3 23 21 21 14 5 0 1 17 6 10 2 24 26 25 26 5 4 1 23 10 21 9 20 30 2 12
3 23 10 19 7 1 23 25 15 20 11 3 14 20 1 11 2 26 8 10 11 12 19 0 10 12 20 17 30 9 0 3 7 18 6 25 21 17 8 29 17 22 7 19 20 25 15 17 1 17 3 0 14 8 24 30 17 8 17 22 30 10 2 5 2 8 28 19 15 12 17 3 20 14 10 21 11 8 4 1 21 25 2 18 30 16 29 26 0 3 20 28 0 7 22 25 22 24 9 21
8 3 0 2 8 10 18 8 16 21 19 9 10 17 19 7 22 4 7 21 17 16 5 17 28 27 24 4 29 8 27 17 12 28 20 27 15 1 23 11 16 24 19 17 27 30 18 20 26 19 8 26 10 16 18 7 27 15 6 9 3 20 10 3 2 4 27 25 16 26 28 11 28 7 30 18 15 22 7 22 11 28 30 23 22 26 1 17 15 23 15 0 9 2 0 13 7 11 30 28
14 19 23 28 1 5 30 17 6 22 20 10 13 14 15 18 7 11 14 3 25 21 13 17 22 2 27 21 12 9 20 21 17 9 1 24 5 22 8 19 0 0 29 3 11 20 26 15 14 19 15 27 20 19 1 13 2 8 12 15 5 24 9 17 7 23 28 12 25 25 16 12 22 3 27 10 27 7 18 9 12 21 11 23 21 0 13 28 1 21 30 4 0 3 8 10 12 29 11 1
22 22 8 8 11 24 3 25 3 26 13 23 17 18 3 12 10 29 10 16 3 17 23 10 16 0 10 14 14 19 24 18 15 19 5 27 8 3 1 12 8 9 21 1 9 5 21 2 17 29 25 18 6 24 24 12 28 5 30 5 2 10 9 25 25 8 28 19 0 8 17 22 25 10 17 28 14 5 12 23 17 1 4 3 5 28 27 19 13 10 25 19 4 6 18 13 20 0 28 26
21 19 26 25 17 0 13 23 28 6 16 10 18 18 13 0 23 26 8 26 21 25 13 28 12 25 17 6 18 0 2 4 13 1 14 4 2 21 1 27 1 10 9 28 29 12 28 13 24 12 10 16 14 29 9 11 7 23 3 27 19 24 28 25 2 30 22 16 28 15 10 5 4 11 12 15 6 10 7 27 29 26 22 24 19 7 10 26 3 9 15 28 10 13 21 1 29 9 5 15
27 23 5 5 24 17 6 29 12 17 10 2 11 15 10 6 0 18 3 17 3 9 20 30 21 23 12 12 17 22 19 13 9 27 10 30 11 24 10 21 16 20 22 0 10 23 4 10 0 17 23 11 22 26 26 21 9 15 6 18 22 29 11 17 3 13 25 23 5 26 5 24 18 14 20 14 28 2 6 29 9 15 20 16 18 10 4 0 5 26 0 20 11 23 26 5 1 4 21 29
26 18 9 5 26 27 20 21 23 30 24 13 0 15 2 6 4 19 2 24 27 7 28 17 18 22 15 9 19 3 0 17 9 22 16 4 26 28 2 13 23 4 23 1 7 22 23 8 20 13 1 21 10 26 8 12 17 1 25 3 4 24 28 2 14 30 9 9 17 16 13 6 30 24 12 20 21 17 22 27 15 1 20 29 12 29 3 19 7 0 15 25 23 29 20 23 17 15 15 8
