23 23
30 15 18 17 5 12 16 9 20 17 11 22 5 14 29 28 27 5 22 13 12 9 20
12 28 27 19 21 2 1 17 4 25 1 8 26 22 25 2 25 28 17 6 9 22 29
0 16 15 10 15 28 12 10 26 12 15 12 21 20 13 3 1 28 21 18 11 25 12
21 22 7 23 30 8 3 19 6 10 15 20 9 27 7 25 13 26 20 27 15 18 6
25 4 10 6 24 13 8 18 11 18 26 20 28 15 8 3 18 8 13 16 2 22 7
4 1 2 13 25 9 22 22 14 5 10 27 2 3 20 5 2 11 13 22 11 0 9
0 16 23 12 12 0 14 30 2 25 27 11 14 18 18 27 3 10 17 1 6 22 6
1 0 6 20 1 26 30 7 10 25 6 3 2 5 18 1 0 25 21 17 16 30 27
13 10 13 21 29 18 24 18 9 28 24 18 24 28 24 28 6 12 16 27 1 21 18
1 12 29 18 0 11 22 10 2 16 17 23 27 18 9 25 20 15 9 7 13 11 30
7 2 30 15 29 9 15 28 22 1 0 2 17 23 11 5 13 24 7 29 4 22 3
21 25 30 3 24 2 9 17 22 11 16 18 24 19 2 19 30 28 29 26 10 6 29
1 29 13 8 18 6 17 19 16 3 6 10 4 11 24 25 30 3 26 25 15 23 15
7 16 19 3 0 9 13 27 18 2 21 17 8 20 23 12 1 4 24 0 17 30 2
5 27 13 13 29 17 17 14 13 7 28 3 3 20 28 23 6 29 29 24 30 24 13
23 8 16 17 30 8 12 3 9 14 1 23 13 7 15 22 3 1 8 11 28 16 5
23 23 19 4 9 1 26 19 23 6 2 17 12 21 23 3 25 12 7 24 2 1 1
5 17 10 26 22 5 11 5 11 27 7 27 7 4 16 9 6 2 22 19 8 29 30
15 16 23 17 5 13 20 14 9 30 16 17 9 24 19 10 16 17 8 20 12 30 27
5 26 26 24 5 6 11 12 3 30 25 2 13 0 23 12 18 4 22 14 21 8 12
6 25 8 0 3 16 1 3 10 18 28 2 21 3 10 0 16 4 28 21 5 19 11
22 30 18 19 30 14 4 2 8 16 9 11 14 30 1 24 27 16 15 4 11 5 23
29 25 18 6 17 5 18 26 27 30 1 19 20 17 3 28 17 26 24 0 7 28 6
