26 26
30 16 25 29 16 14 30 16 27 2 2 4 28 17 5 16 11 27 13 27 8 5 0 10 25 20
13 11 15 3 5 25 10 25 14 14 19 29 28 6 0 27 5 11 1 9 24 10 30 30 21 29
11 6 9 25 20 9 5 18 10 10 8 6 14 18 17 22 29 14 12 13 24 10 28 14 19 4
11 17 7 8 2 12 4 26 0 27 25 8 12 5 2 18 19 18 5 28 3 5 30 21 23 15
19 22 19 5 13 3 20 16 1 30 19 1 21 6 10 17 29 3 7 5 26 14 14 12 13 9
16 10 9 21 25 19 3 21 3 21 4 18 17 16 28 5 24 11 2 9 22 7 12 7 16 17
17 18 4 20 22 8 2 14 27 13 6 22 28 20 11 4 26 8 10 2 16 18 10 13 20 1
7 10 19 7 20 14 15 14 24 25 8 19 13 1 19 16 11 5 13 24 2 13 10 15 3 1
30 13 4 2 16 29 5 9 24 29 17 5 24 18 25 5 8 22 1 5 17 0 3 6 12 11
18 21 25 4 10 25 3 3 0 25 24 24 23 30 25 13 15 12 0 4 22 25 4 2 28 17
26 26 6 3 21 5 9 29 0 6 7 17 9 14 1 8 2 15 6 8 11 23 17 21 18 27
16 27 27 11 18 25 15 2 1 30 17 7 21 2 17 23 17 10 13 18 30 20 10 22 19 1
30 26 13 9 3 17 23 8 18 25 12 19 1 4 17 13 16 9 15 15 9 9 29 27 8 18
15 16 24 1 14 27 12 21 0 13 14 16 1 9 21 28 24 8 20 5 0 18 14 1 9 17
20 6 2 17 7 28 3 11 19 2 20 12 8 16 7 2 15 5 3 29 28 4 17 15 1 5
25 5 13 17 22 30 13 11 3 25 16 2 27 20 3 28 10 28 24 28 22 18 1 14 18 9
17 11 29 15 10 26 24 21 30 6 30 12 10 12 14 22 10 25 30 12 24 1 18 0 27 7
10 14 10 10 27 30 5 2 26 11 20 29 21 2 10 4 2 13 8 2 20 3 1 14 22 0
4 6 12 14 3 5 20 28 28 8 29 12 29 19 22 10 14 0 14 2 6 8 12 25 29 26
8 7 24 26 5 24 11 28 8 27 2 3 2 29 27 9 10 22 23 27 22 21 11 21 2 21
22 4 11 8 23 13 10 12 8 0 20 10 27 26 21 22 24 2 19 24 25 11 8 0 27 20
7 9 5 1 24 27 13 23 8 23 3 24 3 19 30 22 9 8 10 21 3 17 6 26 28 24
16 17 4 21 24 20 1 10 22 7 24 3 11 10 14 23 4 8 15 18 22 0 24 20 3 14
4 18 10 23 10 4 21 15 17 2 18 22 0 4 17 1 11 26 17 2 1 25 0 28 20 15
22 10 1 26 16 12 29 10 4 13 27 22 21 25 28 19 27 16 30 15 6 2 14 26 14 17
13 26 5 20 0 26 17 28 23 18 1 17 14 27 4 13 24 3 13 15 16 30 4 9 23 7
