30 30
12 7 10 25 12 12 11 28 2 3 9 28 2 3 21 30 18 11 17 11 26 24 24 18 17 24 12 28 16 18
11 1 19 27 6 29 2 18 5 13 24 18 15 4 4 23 2 24 0 9 29 13 14 11 3 23 26 6 16 23
15 16 24 27 28 7 8 3 20 0 29 28 27 11 28 17 2 27 6 24 16 13 22 22 21 21 23 28 19 25
16 22 19 13 24 23 20 16 1 26 26 17 19 6 11 19 5 18 8 15 8 15 26 18 17 9 8 24 25 15
28 18 12 30 0 10 16 16 30 26 5 11 23 28 5 27 30 29 27 19 16 1 17 13 11 1 3 10 26 24
2 29 8 6 15 16 13 21 1 19 7 9 28 0 14 24 23 19 12 30 14 21 13 30 15 13 24 19 23 20
15 22 24 20 6 28 15 27 8 27 20 12 10 6 15 24 19 9 22 27 17 16 24 12 18 24 17 24 15 17
30 25 19 21 18 6 7 3 0 3 2 21 30 20 16 0 12 1 24 4 7 26 28 30 24 20 1 6 5 8
27 6 18 30 3 23 14 13 1 29 19 23 26 1 4 6 18 25 22 12 15 3 18 26 14 8 17 13 4 3
6 10 26 14 16 13 10 17 22 13 17 15 19 16 12 7 16 17 11 17 10 24 8 28 23 10 17 21 23 12
26 16 25 30 15 1 17 14 28 5 30 7 20 28 12 21 26 29 30 10 12 12 7 7 24 23 26 21 9 23
22 9 7 4 24 4 11 20 29 11 0 14 5 19 21 10 20 4 28 17 17 29 28 7 14 17 16 23 0 13
2 19 11 30 4 29 30 9 16 10 12 21 15 4 29 16 11 21 11 24 22 12 21 10 6 5 5 5 25 7
29 15 15 30 24 13 0 29 14 18 15 5 27 22 0 3 7 0 14 25 10 28 8 15 4 24 14 5 6 29
15 6 3 6 7 8 19 18 24 10 14 27 7 4 14 11 20 25 2 10 23 28 28 25 12 25 19 27 17 27
9 17 6 28 19 30 20 12 25 15 23 0 4 1 29 29 13 29 10 22 25 17 0 30 3 14 26 26 13 22
16 8 25 6 26 5 5 6 3 0 28 5 27 26 17 5 7 28 26 27 13 0 18 20 7 21 3 0 29 8
12 22 6 6 26 3 15 3 26 5 3 20 18 21 29 12 30 11 9 10 4 6 22 30 8 0 12 11 28 7
10 25 21 29 10 16 29 19 28 20 7 0 17 24 17 14 9 12 22 3 9 4 30 19 15 7 17 27 30 22
28 6 0 15 22 27 3 15 11 4 2 21 9 12 21 0 2 17 29 15 9 0 1 0 4 15 17 2 7 7
17 24 29 18 10 23 11 12 11 28 19 18 5 11 14 24 20 18 5 23 11 6 25 11 4 1 18 23 24 25
25 21 26 17 20 12 12 5 10 9 26 10 27 15 12 21 16 17 1 7 17 8 21 22 1 7 5 7 25 13
23 2 15 29 26 17 20 24 17 15 15 14 13 14 18 11 1 5 2 14 30 2 17 5 14 29 17 3 11 28
16 19 29 29 2 0 10 1 5 23 26 23 1 5 21 19 7 13 17 7 28 24 2 24 27 22 20 4 20 9
24 29 5 0 27 3 24 16 12 30 16 12 5 29 12 22 18 12 10 20 26 3 28 28 30 9 14 28 26 10
6 10 15 8 25 19 19 20 18 19 4 28 21 20 28 24 5 1 4 6 19 6 17 24 11 1 3 4 6 8
29 8 17 17 9 22 3 0 14 1 1 29 6 1 29 11 16 17 11 13 26 5 1 11 22 17 28 29 29 30
2 10 29 4 3 8 2 27 0 25 12 28 2 3 24 7 17 19 1 25 8 15 21 19 27 10 11 6 30 20
17 1 0 11 13 16 27 17 20 4 14 7 12 17 29 4 7 9 9 28 26 16 9 22 21 6 1 6 5 19
20 12 4 23 8 26 28 4 20 8 23 24 14 16 4 11 17 4 17 28 20 2 16 6 18 2 8 4 22 1
