32 32
7 22 23 28 15 22 17 0 19 27 14 11 9 11 0 25 4 8 12 9 26 18 26 1 5 10 12 20 15 12 20 8
29 2 7 24 6 27 3 10 20 15 8 2 15 6 21 3 22 28 2 24 22 28 25 10 8 25 22 20 24 0 20 29
12 29 28 1 22 4 27 0 29 21 19 10 19 24 26 5 28 23 10 24 0 9 7 21 28 16 5 2 28 2 20 1
14 26 12 18 25 2 1 30 16 29 10 23 5 19 15 24 29 22 4 30 29 1 0 15 6 10 21 3 23 8 17 24
1 24 11 12 2 4 28 5 25 16 24 0 30 1 3 5 18 11 27 28 11 22 8 5 18 15 14 22 0 26 10 17
11 20 12 16 20 26 1 17 20 17 9 23 17 7 14 7 28 28 20 11 26 26 17 29 18 3 11 2 19 17 26 24
23 9 15 0 4 22 21 30 9 23 7 1 18 12 15 1 17 19 25 0 18 23 19 9 25 2 28 30 21 24 1 5
3 2 27 27 7 19 15 27 28 11 26 3 20 0 27 13 13 1 25 13 7 21 2 12 15 9 1 15 5 3 3 2
23 16 2 5 4 26 0 19 18 7 14 26 3 14 28 4 28 26 6 21 2 29 19 12 18 16 28 22 26 20 11 3
14 10 0 2 4 19 8 27 26 13 6 9 16 13 24 15 16 1 5 22 27 29 27 30 30 29 15 13 17 22 29 4
25 4 11 15 29 7 9 23 18 25 28 27 19 16 19 22 3 16 11 30 3 12 21 29 24 13 7 17 16 6 11 29
21 13 13 22 30 30 24 6 4 0 0 26 24 11 16 16 7 23 11 8 23 14 5 16 23 0 7 17 19 1 30 6
18 3 28 2 6 19 0 19 24 28 1 16 2 9 17 1 13 29 21 14 27 15 7 1 23 29 25 30 16 14 0 29
11 24 25 14 26 27 2 29 27 15 23 9 15 25 12 21 13 19 19 13 9 30 19 28 2 9 20 25 0 0 29 18
10 14 29 16 5 9 5 12 11 0 10 0 28 5 14 14 0 14 5 21 2 26 11 14 27 28 27 22 16 3 11 9
10 5 28 12 17 22 10 0 1 2 22 9 30 7 15 27 24 5 0 6 7 12 15 0 1 16 17 23 9 4 19 1
16 25 19 18 21 11 26 9 7 22 12 7 24 18 7 15 25 20 28 23 18 26 17 28 22 22 5 25 25 17 12 29
19 22 12 0 3 11 30 15 11 19 8 3 15 11 9 18 8 29 9 21 19 11 22 25 21 23 17 3 19 2 7 27
2 11 25 21 21 29 28 11 30 10 23 0 10 11 19 19 28 13 10 0 18 18 3 17 26 16 27 6 6 8 30 8
17 28 9 18 7 23 24 5 0 8 23 3 3 27 21 30 10 25 13 16 25 10 13 28 10 3 23 28 16 23 4 28
11 27 17 19 24 13 12 17 8 5 23 20 16 24 18 25 25 5 3 22 20 26 24 22 3 19 17 3 6 11 10 15
19 25 23 2 14 10 30 12 6 23 7 16 17 28 14 0 16 13 24 1 25 2 6 13 20 25 29 16 20 21 14 6
0 12 22 22 16 8 25 4 21 16 26 9 16 1 8 3 17 13 26 1 11 23 23 8 13 8 6 30 18 6 26 12
17 20 24 26 20 2 25 29 10 3 4 23 0 30 30 22 12 19 10 2 26 19 26 16 8 6 9 5 2 16 30 9
5 22 27 11 1 24 19 10 13 4 1 29 28 27 26 25 27 11 21 8 23 22 19 7 6 4 12 1 22 6 8 10
4 15 13 17 4 25 10 28 24 8 22 5 4 23 26 4 27 10 7 10 2 27 21 19 13 0 26 0 25 16 9 7
4 0 29 7 15 25 9 8 20 24 26 11 28 29 30 25 5 25 28 1 7 0 11 17 29 28 1 28 21 29 18 8
4 23 23 9 27 0 15 4 6 28 5 21 14 18 15 23 26 0 24 22 8 9 20 6 10 27 14 18 7 2 6 12
12 20 23 17 2 7 0 6 28 18 26 21 29 25 7 23 8 15 24 15 24 29 9 27 13 3 6 5 15 18 0 25
20 10 16 27 22 5 16 23 2 13 22 30 10 11 6 20 11 18 1 18 19 13 2 19 7 15 13 30 12 10 0 15
28 6 29 29 1 21 11 15 6 8 27 19 1 13 11 5 11 0 11 17 30 10 30 15 30 21 17 17 28 30 26 25
0 13 6 4 2 10 11 1 19 3 14 25 1 28 8 9 8 19 27 10 6 11 23 25 18 7 9 9 11 12 8 7
