33 33
11 23 6 9 9 23 6 14 23 28 6 2 18 5 26 15 30 9 19 26 8 7 11 3 10 3 11 8 23 5 25 22 8
20 29 10 14 6 5 21 29 2 12 26 17 5 6 3 14 20 23 6 28 14 25 9 4 28 11 30 16 2 2 18 26 12
5 0 7 7 21 30 20 20 25 19 17 21 11 24 5 13 6 29 14 18 8 8 19 23 11 13 6 0 2 30 18 30 10
7 25 25 14 15 5 7 27 15 26 4 12 12 27 6 29 30 15 4 8 6 22 12 3 8 28 25 12 13 28 0 24 6
19 5 24 13 25 3 3 21 10 5 6 27 8 8 24 6 13 22 19 24 19 17 21 25 28 23 20 8 7 9 29 22 6
11 8 10 17 24 20 12 23 6 7 27 21 7 25 9 24 22 16 8 1 13 2 15 11 2 21 15 9 9 30 28 26 14
19 27 13 17 20 3 1 14 18 27 8 24 1 13 1 12 4 2 23 2 30 28 11 11 29 11 7 11 0 0 2 9 14
30 24 13 13 19 23 15 10 8 5 21 8 0 8 16 6 28 21 10 1 6 1 16 25 29 5 2 30 7 16 7 20 30
18 28 17 22 6 10 21 19 21 17 11 8 19 17 9 19 1 28 21 14 2 23 23 1 24 3 17 20 10 5 2 23 28
26 6 1 14 23 13 22 11 25 26 29 16 3 3 26 12 20 9 6 1 16 30 30 30 20 22 20 21 7 5 19 27 2
2 0 21 7 22 7 2 22 14 30 19 18 8 8 10 9 20 24 11 6 23 8 30 15 11 10 27 3 12 25 1 18 8
24 29 24 16 21 30 7 24 6 4 15 1 7 16 23 17 21 0 3 16 7 26 1 1 15 14 14 4 0 0 30 23 21
26 15 7 6 3 14 27 11 7 10 9 24 6 24 28 29 16 22 25 30 7 5 20 11 8 5 24 27 29 17 27 23 20
0 16 12 17 1 22 10 13 13 17 9 0 1 28 24 16 23 24 3 30 20 4 12 5 15 24 22 9 25 0 11 26 6
2 3 3 3 25 25 8 24 16 6 24 15 13 25 10 28 0 20 24 30 13 6 11 18 17 24 4 12 28 11 21 17 6
18 28 23 25 19 23 18 28 6 14 20 12 15 26 7 28 7 14 16 9 9 14 14 14 14 6 13 16 26 7 10 5 13
9 27 18 11 7 11 24 24 15 0 20 23 29 4 13 2 7 27 27 20 6 14 26 30 5 30 6 23 1 12 24 6 23
23 12 10 0 27 3 0 28 6 3 7 20 28 17 1 22 20 3 24 9 24 21 18 17 4 1 14 18 8 3 10 28 11
10 29 0 2 21 25 22 29 9 1 22 8 26 9 18 29 15 13 20 26 28 6 4 17 20 5 24 26 18 16 22 5 18
30 20 25 20 17 28 10 21 20 26 18 24 26 29 10 22 10 25 17 7 7 0 14 15 21 23 8 0 6 5 28 12 26
22 14 8 12 8 1 4 17 21 22 25 1 2 17 21 19 26 7 1 28 27 6 27 15 30 6 2 28 12 21 15 27 29
0 27 17 20 7 19 5 4 20 0 13 1 22 23 4 20 25 5 30 9 3 19 25 5 18 30 28 13 15 19 6 27 4
13 24 23 10 0 2 11 1 27 23 30 10 15 24 23 1 12 22 17 19 23 5 7 21 30 2 20 24 7 8 20 23 2
10 22 13 12 10 4 17 18 2 22 13 6 5 6 21 26 9 2 12 22 8 27 8 15 14 12 22 10 25 18 9 20 14
23 29 6 20 17 22 4 13 30 6 26 15 30 17 4 0 7 23 27 0 26 16 28 16 23 9 9 12 6 15 9 17 21
28 16 24 6 30 16 26 21 27 19 23 28 15 30 15 7 15 20 22 16 26 27 10 24 1 10 30 13 14 3 6 29 26
14 1 7 13 7 26 6 25 22 28 26 23 19 9 25 20 3 3 13 0 16 22 15 27 16 29 0 21 8 23 10 20 26
2 3 25 10 26 16 12 18 18 18 22 15 5 6 11 7 6 25 5 8 22 11 25 3 14 14 12 1 25 8 2 26 12
7 12 21 17 18 6 14 14 28 25 23 19 5 4 14 7 13 29 1 26 8 19 25 6 6 19 3 3 5 19 19 4 1
21 12 5 1 29 23 17 15 13 0 25 15 11 21 26 25 26 3 21 21 15 28 8 3 8 7 25 30 0 25 10 20 13
29 7 9 27 7 11 19 3 25 2 2 24 30 2 18 12 5 23 24 28 28 25 27 20 23 20 13 14 17 26 20 12 0
30 20 30 1 5 16 17 25 12 14 10 16 3 5 8 23 11 26 24 22 4 14 23 21 22 26 21 18 24 17 1 17 6
10 28 9 24 28 19 11 21 22 24 15 8 23 30 13 3 16 28 18 30 2 29 0 28 17 16 18 13 11 20 16 22 27
