34 34
9 2 26 21 5 27 27 8 20 14 10 6 23 29 26 19 4 4 6 18 22 6 5 3 30 19 27 16 11 18 25 18 28 26
21 27 11 28 27 26 29 21 0 30 14 13 27 27 14 29 2 26 21 26 2 30 23 5 15 7 12 15 24 19 17 1 23 1
10 3 10 30 26 2 25 15 18 23 30 4 22 27 1 26 14 24 6 25 21 30 13 4 22 3 16 2 9 23 3 27 23 28
22 14 29 21 24 17 3 29 30 22 30 27 27 21 5 14 22 20 3 19 17 9 2 20 22 19 27 16 19 9 17 2 14 9
28 10 9 20 19 21 0 21 7 16 30 26 12 16 15 18 13 5 9 14 0 12 1 0 20 0 6 5 30 21 0 20 16 16
20 23 16 17 8 15 17 14 26 23 15 11 12 2 11 5 19 10 22 28 12 8 8 19 8 7 3 30 1 14 23 17 28 29
6 18 19 19 0 19 7 4 10 10 30 16 14 15 1 13 6 23 17 8 24 23 16 2 25 14 15 15 29 26 30 18 1 23
4 18 20 7 19 24 12 0 5 29 19 5 5 21 2 10 9 14 7 16 25 2 8 25 22 26 9 15 12 11 18 20 20 1
26 6 24 20 1 28 26 23 26 16 4 21 28 5 1 23 3 16 9 1 6 30 3 12 1 11 25 14 28 3 12 25 13 16
11 9 30 24 20 6 15 10 13 22 29 19 11 6 22 11 28 11 12 9 11 9 1 11 13 14 9 6 7 7 14 22 26 13
5 14 28 19 3 8 22 13 23 17 5 19 4 3 21 5 20 6 19 13 29 1 24 7 30 13 24 12 23 7 8 9 1 28
16 16 24 27 4 10 23 16 26 22 29 30 13 17 18 5 20 11 23 19 25 26 27 14 20 10 28 18 2 18 10 14 5 19
11 11 27 30 22 24 15 17 11 14 21 12 25 8 0 15 20 17 8 20 17 1 2 30 23 5 10 6 9 27 22 7 26 26
8 26 1 9 14 1 11 4 18 3 21 12 27 15 1 0 19 16 3 9 6 0 6 10 15 11 19 0 7 11 24 11 11 29
20 16 9 23 6 4 8 24 14 29 23 7 3 18 9 10 8 12 19 28 1 17 9 12 21 27 1 16 10 20 11 6 29 25
0 25 15 10 3 30 30 9 5 15 30 11 22 3 1 18 27 10 22 17 1 23 17 26 7 20 15 18 9 0 3 15 23 8
21 14 11 2 17 2 24 30 11 18 15 20 20 19 24 7 13 28 27 24 4 2 27 9 18 30 19 30 6 12 9 22 28 15
13 30 19 16 19 21 0 9 8 8 10 19 3 28 19 16 22 27 17 23 21 1 25 0 6 24 1 18 4 8 15 28 20 14
6 6 22 11 15 2 19 18 17 21 6 27 9 13 15 29 12 28 14 2 2 9 13 7 4 0 20 25 24 25 23 27 14 21
30 11 0 2 6 30 8 9 16 8 15 3 6 28 14 20 20 22 22 6 17 2 17 18 3 13 3 14 20 7 6 20 21 12
5 15 5 2 15 19 26 25 29 7 5 11 21 14 2 16 20 6 17 17 22 22 24 11 16 12 14 25 24 7 18 20 0 27
0 8 24 29 4 3 12 2 18 22 6 5 16 8 27 16 8 24 19 12 4 21 15 8 28 8 0 26 7 13 10 11 23 3
4 6 21 13 29 19 14 25 11 27 20 11 25 29 20 25 10 17 17 19 27 18 17 23 9 19 12 28 5 11 0 13 17 20
28 23 20 21 16 10 20 15 15 24 1 19 27 19 24 23 12 12 4 21 22 30 28 28 29 13 26 8 24 24 16 1 23 11
11 19 21 6 23 24 12 17 19 26 12 25 15 16 14 3 18 28 18 15 22 24 21 16 7 12 27 16 20 18 3 23 30 11
20 27 5 0 12 5 28 21 16 12 8 7 13 18 12 4 24 2 16 19 17 27 26 22 5 2 0 30 14 1 18 15 17 21
4 22 13 21 11 16 16 10 21 0 5 8 6 16 10 6 19 7 13 26 18 18 29 11 15 15 8 5 9 29 14 6 25 2
2 27 9 24 27 8 20 27 22 23 10 15 16 1 8 26 7 27 20 0 12 10 26 20 9 29 6 18 30 28 29 7 25 28
8 4 0 23 25 21 30 27 7 5 16 16 12 20 6 27 23 17 5 9 25 24 18 14 23 1 11 22 14 30 8 19 24 3
19 21 21 1 6 11 9 30 20 15 13 15 17 27 26 10 12 28 21 27 27 15 11 4 5 26 19 9 27 23 10 12 15 24
9 19 23 23 23 27 1 0 6 14 29 10 27 6 7 10 30 21 20 2 10 11 23 18 2 28 10 8 12 27 7 1 24 30
25 12 20 25 20 14 15 17 17 0 20 1 21 25 23 29 26 27 5 1 0 2 5 0 5 8 16 18 15 0 17 9 6 20
25 11 14 17 29 1 16 22 3 15 28 20 17 0 30 27 29 9 22 27 21 29 29 25 18 26 16 1 26 27 25 3 7 26
29 11 26 17 14 17 23 12 17 28 18 16 14 25 0 30 10 2 7 27 27 26 13 29 0 3 20 6 5 29 4 28 2 1
