47 47
26 5 12 16 24 2 15 1 20 21 16 23 14 27 10 1 8 30 26 18 14 30 28 26 10 27 19 27 22 9 11 29 10 13 5 21 19 2 21 8 20 12 9 0 28 7 6
17 21 1 18 30 10 18 5 28 7 8 0 22 22 10 24 5 17 23 0 9 17 5 20 26 10 24 1 10 3 5 19 20 10 16 10 8 0 22 8 1 26 25 14 25 17 20
15 7 6 19 12 22 3 30 4 11 27 16 4 1 28 24 5 10 12 19 30 2 10 17 25 25 30 30 30 20 10 14 11 30 8 3 19 16 1 11 4 27 6 10 11 22 30
27 15 6 6 20 4 21 11 9 19 19 28 0 1 26 10 12 28 13 30 4 17 23 13 4 12 18 19 17 27 24 16 22 22 23 3 9 7 17 4 25 20 11 2 13 1 19
29 12 16 25 21 27 6 25 20 21 13 29 14 23 29 23 20 3 11 7 8 20 24 5 19 8 20 19 5 15 21 17 5 8 10 26 1 14 3 3 12 12 9 6 21 12 8
24 1 10 17 22 23 27 20 27 21 15 25 26 15 30 8 9 13 19 24 5 8 21 19 0 29 14 5 23 13 21 30 2 3 23 4 14 18 26 10 30 24 25 28 8 13 8
26 30 19 0 13 6 0 6 22 18 13 29 17 28 26 24 12 6 2 13 22 29 27 19 23 14 18 18 10 20 5 25 13 25 1 28 30 7 12 14 21 1 24 21 1 10 23
29 29 28 5 27 3 20 19 4 8 22 15 14 20 20 0 17 18 7 12 21 15 30 24 18 13 6 0 2 22 15 0 15 23 16 27 11 12 9 29 24 11 10 28 12 18 17
16 15 20 11 21 8 6 25 24 9 10 6 5 6 9 1 11 1 5 1 29 10 11 23 3 0 9 9 5 16 10 24 15 5 0 0 8 17 7 0 7 8 16 29 11 21 26
29 9 12 15 4 20 18 26 21 18 10 27 1 18 16 3 28 28 29 24 0 8 26 1 11 16 6 28 23 27 2 7 3 23 13 16 5 17 23 5 5 21 11 26 30 25 0
12 17 30 6 27 6 28 5 11 0 4 6 19 8 5 8 18 17 9 10 12 13 24 20 27 8 2 4 6 18 26 2 30 18 29 6 8 2 22 3 2 10 21 5 28 15 19
8 2 7 6 13 30 14 14 21 3 22 4 3 13 2 5 26 12 12 6 15 28 19 29 24 23 5 4 11 19 11 23 29 4 27 30 10 15 11 24 13 30 29 9 26 1 14
23 16 15 3 30 0 8 13 5 23 8 15 1 23 30 25 22 13 16 6 13 8 11 0 26 9 16 25 7 6 9 22 10 14 26 26 26 6 9 4 15 5 23 14 3 2 3
12 6 18 12 28 0 20 25 27 24 6 12 6 25 6 25 28 17 21 20 12 29 0 0 2 18 14 15 6 0 3 2 13 0 13 17 1 15 24 20 29 29 12 1 27 14 21
28 22 24 2 3 11 11 5 1 11 12 30 8 14 21 27 18 6 0 28 21 20 9 15 4 2 6 11 6 1 7 19 12 5 11 9 24 16 27 28 3 20 4 21 24 17 4
28 27 4 10 30 13 9 22 22 29 16 26 15 28 17 1 19 25 15 21 11 6 29 7 19 25 29 4 23 27 2 7 11 9 10 26 16 26 30 14 30 6 27 8 27 24 1
27 15 17 27 7 2 22 4 23 26 5 29 21 26 10 3 30 30 19 19 6 30 4 28 29 3 23 4 6 23 23 28 0 20 3 15 23 17 5 2 25 30 3 21 29 16 30
4 2 22 23 24 6 27 18 15 6 30 20 5 8 4 7 25 29 18 14 18 24 11 8 30 26 18 2 8 23 16 20 7 17 1 11 30 1 6 20 17 19 20 26 25 10 20
3 13 6 14 4 12 30 8 7 25 8 25 6 6 10 14 17 16 17 19 27 30 5 8 11 1 28 9 16 16 23 13 19 22 12 13 26 29 20 30 2 23 0 20 25 26 9
0 4 12 3 0 28 25 16 6 23 21 10 19 15 21 1 11 8 24 3 10 22 19 22 8 20 21 0 2 10 20 12 28 2 29 0 17 0 27 1 2 22 13 2 30 14 19
18 18 29 1 1 15 24 7 3 28 9 3 9 15 9 23 11 22 21 16 21 7 13 18 20 3 10 6 30 28 20 20 13 27 26 9 3 27 6 30 29 18 19 12 7 11 24
11 9 14 6 3 4 29 13 20 16 23 18 23 26 14 29 19 18 27 3 0 20 0 10 13 26 13 11 0 2 16 19 12 5 6 18 12 28 8 15 1 5 10 24 6 21 8
29 3 18 0 30 7 6 4 9 25 0 2 20 3 1 26 27 21 2 9 14 13 25 0 26 19 8 8 26 6 16 10 11 28 21 29 17 20 11 25 3 30 3 25 10 23 17
29 0 19 1 12 0 21 19 23 16 23 5 8 3 2 19 25 2 24 2 12 15 14 8 8 24 19 10 0 10 11 10 22 10 28 3 9 29 21 7 23 14 27 28 13 24 12
25 7 8 9 9 24 17 23 27 18 2 22 25 27 20 19 30 15 15 24 30 14 19 25 14 18 12 5 3 22 4 29 1 3 17 22 21 29 29 8 27 1 12 4 26 27 8
20 14 14 14 11 14 29 8 14 28 12 0 30 17 6 15 2 7 8 4 27 3 5 11 20 8 1 19 11 2 6 28 30 27 30 21 28 11 30 20 11 13 11 22 7 24 16
12 28 10 8 12 16 20 28 3 17 2 8 5 11 7 11 27 22 27 14 25 13 1 18 25 1 14 27 22 28 6 17 13 27 3 17 0 24 28 23 11 23 15 7 19 17 0
9 2 1 26 19 17 4 23 25 1 21 27 10 20 10 10 13 9 22 18 9 30 27 3 30 5 12 24 14 19 6 17 9 20 23 29 3 17 25 12 2 4 21 11 1 15 3
14 30 25 28 22 17 17 29 10 10 2 2 25 10 23 19 15 27 2 7 6 21 30 20 0 16 1 25 5 26 23 4 7 25 9 17 17 24 25 1 28 22 29 18 1 4 22
8 30 13 7 24 25 30 21 15 17 27 23 14 22 16 0 9 18 28 6 21 13 5 11 8 15 19 27 7 9 22 6 13 9 24 9 6 7 18 14 12 24 8 14 7 25 20
28 14 0 1 4 13 8 16 16 8 17 12 18 6 5 9 3 1 16 7 0 12 24 18 22 30 30 11 1 25 25 16 18 7 24 22 4 9 9 13 23 14 5 23 7 4 23
29 0 23 19 20 25 25 28 24 4 28 25 3 22 27 1 27 17 6 22 1 20 7 27 21 0 26 0 9 24 18 15 23 23 19 10 11 6 22 9 12 0 23 28 21 23 6
27 20 24 12 23 28 15 27 10 29 1 7 28 30 5 19 10 29 15 8 28 24 21 6 7 15 12 21 11 28 16 22 28 13 27 23 11 0 28 30 22 13 4 24 5 17 5
26 9 20 3 26 14 16 30 18 19 14 5 0 3 26 9 7 23 8 25 15 8 5 20 13 24 17 9 13 7 22 7 22 16 19 17 7 24 6 24 29 8 13 24 22 9 10
17 9 21 7 11 28 13 20 7 5 29 14 8 0 6 21 6 9 1 15 2 16 29 3 27 13 29 30 15 28 26 23 3 16 27 5 17 16 24 26 3 20 11 14 0 17 11
30 9 2 7 14 13 13 23 20 16 18 23 7 29 2 14 3 22 11 0 17 20 13 1 15 10 12 22 11 2 23 26 8 27 13 23 8 7 11 14 15 1 19 24 9 21 28
17 11 6 24 15 4 9 4 29 5 18 23 5 7 15 29 21 8 11 17 28 25 23 2 6 7 7 25 24 2 19 5 18 5 8 29 8 2 10 25 15 5 25 5 23 14 28
11 19 27 3 23 12 3 25 14 19 5 11 2 30 14 10 27 19 14 5 27 4 4 15 13 23 4 0 30 24 19 20 22 4 9 29 19 24 16 1 1 17 15 22 14 4 13
15 28 22 8 6 8 28 17 11 26 18 27 2 24 3 26 30 11 17 9 26 4 7 28 18 24 29 27 12 7 23 0 28 13 3 5 23 14 24 5 25 2 23 2 2 17 18
16 14 16 2 8 29 21 13 15 12 6 25 3 16 16 23 2 11 15 30 25 28 13 29 20 15 10 8 27 19 23 20 4 29 4 4 5 5 13 22 11 12 2 14 24 22 5
14 0 14 5 9 17 8 6 1 15 5 13 19 27 1 3 5 9 7 21 6 14 4 3 21 24 25 29 12 26 16 3 28 8 29 18 26 13 1 3 0 19 4 11 1 16 30
29 6 27 29 20 9 11 4 6 10 9 28 29 17 11 5 29 13 7 18 27 2 24 24 3 6 9 26 4 3 22 18 21 29 1 27 26 8 1 27 2 27 1 8 26 14 7
7 11 17 5 27 3 9 28 7 5 24 27 14 4 24 17 3 21 11 11 25 25 10 30 24 11 12 22 7 17 28 10 22 30 0 28 13 5 22 0 2 12 11 21 15 8 24
15 8 11 29 22 23 0 0 21 27 16 6 12 16 23 20 16 22 13 12 24 0 29 20 1 18 18 18 5 24 19 2 24 12 12 5 2 25 0 1 3 3 24 18 9 3 12
23 20 3 2 10 17 18 1 29 17 24 14 2 0 24 1 28 25 13 29 0 1 1 29 27 23 11 12 12 21 22 19 22 10 28 14 12 11 26 30 10 18 24 18 12 27 0
17 29 11 20 12 7 6 19 1 27 9 15 12 11 25 8 22 14 20 26 21 1 4 26 28 1 29 3 19 17 23 12 16 6 6 5 17 0 10 14 10 4 14 29 19 25 20
20 25 10 4 18 25 28 2 9 5 10 1 20 2 30 12 27 27 20 13 17 24 13 14 18 6 7 12 1 1 27 21 7 28 8 7 28 23 8 26 8 3 0 26 2 25 18
