48 48
23 26 4 28 20 1 30 20 17 7 11 24 8 16 14 1 19 26 13 0 26 28 10 6 29 8 0 15 6 16 6 30 18 2 24 5 25 30 26 5 13 12 20 10 19 12 5 5
30 30 5 6 7 7 16 25 15 9 29 18 2 23 5 17 22 24 2 2 6 21 30 20 12 1 23 26 28 17 7 25 0 17 15 17 1 28 20 5 25 13 27 10 14 16 30 18
9 12 24 4 2 11 1 4 30 29 11 23 21 18 2 23 24 26 28 18 21 3 6 4 19 9 7 13 6 25 4 3 3 9 12 22 29 6 15 6 1 6 8 5 23 22 3 17
15 0 20 12 24 23 22 13 23 11 5 24 13 22 12 29 3 7 15 27 12 5 12 28 11 10 6 8 4 20 15 14 15 26 26 3 9 29 19 23 15 3 8 9 18 0 30 27
5 2 3 3 29 4 13 19 27 29 20 14 13 16 0 11 8 12 23 4 3 14 10 26 17 10 27 15 5 1 23 14 2 1 1 24 6 27 21 18 22 2 16 5 16 8 9 1
3 5 0 22 0 24 10 17 15 29 18 29 21 11 29 25 8 15 2 5 25 5 10 12 8 16 2 28 9 19 4 12 29 13 13 29 19 30 29 0 14 17 16 18 12 30 29 2
29 20 22 2 6 4 11 18 7 27 9 5 1 17 22 11 7 19 19 6 1 19 3 4 0 11 2 3 3 3 2 19 27 8 12 29 19 21 16 2 6 30 17 19 3 4 24 8
19 15 20 24 19 4 29 27 13 22 19 14 6 30 5 20 25 4 26 2 25 7 15 0 29 27 20 3 6 7 12 18 10 26 7 10 24 30 23 30 5 18 15 28 17 15 26 5
5 7 9 2 9 1 16 7 8 17 15 10 28 4 2 0 8 5 26 18 19 17 11 25 7 24 19 22 15 12 14 9 5 24 12 15 18 23 3 21 16 22 1 17 23 11 2 29
16 18 3 6 10 9 6 24 12 28 12 20 6 12 28 20 23 10 6 2 25 9 9 12 20 2 6 15 28 22 10 24 16 23 22 0 23 2 11 4 27 8 19 28 18 14 22 23
0 23 2 4 10 10 18 1 30 12 26 15 4 6 3 10 15 22 13 26 27 19 0 16 3 0 19 25 22 10 28 13 30 21 3 5 28 22 12 4 29 14 17 20 15 2 17 18
5 10 14 24 4 14 27 5 18 18 18 28 8 16 29 17 17 16 10 24 3 13 18 24 12 4 30 15 18 6 2 12 2 19 20 13 13 28 18 14 16 16 5 3 8 10 25 28
16 15 27 30 27 23 0 5 7 5 22 19 24 24 15 14 25 16 1 25 27 21 7 3 3 13 21 15 17 13 0 29 15 24 10 23 30 0 5 27 24 14 21 5 30 16 16 13
17 15 15 9 9 10 8 22 10 9 4 28 29 9 7 17 10 2 25 16 10 0 19 17 13 0 16 15 19 8 16 6 2 27 21 8 14 26 21 21 28 2 14 5 15 22 4 28
15 1 11 9 12 3 19 3 27 28 3 9 25 21 2 7 18 0 10 26 6 17 27 5 9 15 26 16 22 22 10 3 8 30 10 16 3 23 30 19 8 21 19 0 25 24 6 18
18 5 15 21 27 24 20 23 13 20 6 14 2 29 23 8 9 3 19 17 7 2 11 6 14 4 15 22 1 10 18 21 0 9 0 19 0 11 16 18 22 13 20 29 30 16 16 19
30 4 2 21 13 24 19 14 4 4 24 7 9 19 19 29 20 25 13 27 27 5 6 10 4 22 17 25 23 19 23 7 23 9 8 9 9 7 28 9 7 1 20 1 11 0 23 8
26 14 2 29 21 25 25 24 10 7 8 17 2 9 24 29 29 29 10 19 26 8 12 12 5 13 20 21 13 21 1 20 30 8 18 10 5 23 20 27 13 10 11 28 15 28 23 27
10 10 8 27 24 20 3 21 22 9 16 29 28 17 2 10 14 8 19 6 20 17 6 21 2 7 4 27 16 25 29 5 29 19 25 0 10 12 13 3 16 27 18 2 28 27 24 3
9 18 25 16 30 7 22 17 21 13 7 26 10 24 3 12 21 28 2 24 10 13 10 14 3 0 16 21 9 20 2 4 29 10 29 29 11 3 22 15 18 8 0 23 15 23 5 23
6 30 20 28 28 14 19 14 5 8 25 29 26 21 16 9 12 11 12 28 10 0 6 26 29 9 11 7 29 4 2 16 12 27 27 8 18 24 3 26 11 26 4 18 4 23 23 10
27 26 25 25 21 16 0 20 15 16 18 3 18 13 26 29 14 11 2 1 14 0 20 24 10 22 10 4 18 12 22 12 29 13 12 26 15 26 27 1 13 23 11 26 25 20 1 16
21 15 30 5 9 27 29 7 20 8 17 18 29 0 24 30 25 18 18 3 10 15 10 29 15 12 8 8 23 7 3 10 2 28 21 18 30 14 28 19 4 25 4 27 10 15 14 10
15 21 12 1 15 24 28 0 2 17 29 11 13 24 6 18 16 13 24 23 14 24 16 14 27 22 23 1 12 9 17 28 16 18 10 12 2 3 23 3 20 9 18 18 24 12 30 0
0 4 2 7 8 12 27 7 13 21 11 0 29 6 9 10 11 9 12 11 9 15 28 18 18 16 11 6 21 22 10 10 12 27 28 21 25 16 25 19 6 29 4 29 26 6 6 4
0 21 4 8 23 22 23 12 12 5 9 21 21 8 19 5 0 16 2 6 23 16 7 19 14 2 14 15 24 17 25 0 11 4 18 12 14 17 3 12 16 8 11 20 16 6 26 7
13 17 13 18 10 10 2 21 3 18 24 2 26 26 19 15 27 10 20 20 28 21 1 21 18 21 9 26 2 20 9 5 29 17 19 1 15 28 4 18 20 3 11 23 1 1 10 14
14 26 22 29 1 30 22 15 11 24 29 14 9 27 11 3 26 11 2 22 18 23 18 3 11 30 25 8 1 5 26 14 10 17 22 5 8 29 17 10 12 24 12 7 7 10 26 7
26 1 24 3 23 16 26 18 13 21 8 23 3 24 13 14 2 0 27 6 14 3 5 15 13 22 13 20 25 20 23 5 2 6 26 30 15 18 22 29 13 26 12 17 11 29 24 25
7 7 22 27 27 30 13 21 0 19 7 2 6 17 2 9 22 27 14 22 3 22 0 0 6 15 30 0 11 22 20 15 3 17 17 7 1 24 13 18 21 24 1 21 22 26 2 29
0 0 7 3 16 26 21 8 8 3 26 1 27 1 4 12 5 27 23 30 5 5 14 9 30 25 2 24 1 30 7 29 29 23 0 29 6 2 26 21 19 1 27 29 18 10 1 18
5 4 18 1 17 26 3 19 8 13 16 26 16 14 1 27 21 18 8 0 10 22 26 1 28 4 24 2 3 13 13 13 12 7 2 7 4 5 12 20 20 18 18 27 27 11 28 16
3 12 23 17 13 18 25 15 19 7 1 26 17 24 26 19 18 11 25 3 9 6 5 5 11 14 30 15 26 26 8 2 29 10 30 0 8 9 4 0 24 8 16 6 7 23 0 14
20 26 30 6 1 17 9 7 3 19 28 16 15 9 17 9 25 15 2 14 29 26 21 18 21 6 6 26 9 2 15 25 25 20 10 2 22 9 16 22 20 7 23 28 15 21 28 21
17 16 8 2 5 17 1 22 3 19 30 14 18 11 10 5 3 13 0 27 8 1 0 6 19 7 7 16 10 4 4 24 29 18 15 27 21 26 29 20 3 24 21 3 3 15 24 18
5 25 6 0 3 28 21 9 24 14 15 22 4 0 25 2 12 2 4 2 10 15 3 16 0 3 10 21 21 29 7 0 9 17 28 29 10 18 11 7 30 16 4 3 28 5 21 21
15 8 3 0 28 25 18 28 11 24 22 30 8 11 9 4 11 13 18 24 24 12 2 28 5 12 26 7 1 14 9 12 8 13 6 30 9 20 24 21 12 5 14 3 10 30 11 3
0 11 14 24 12 22 13 10 4 17 25 9 25 9 6 4 23 6 15 17 28 19 15 13 3 12 10 1 24 29 20 1 4 19 9 16 1 2 27 1 29 7 26 20 19 11 18 7
10 23 4 18 7 30 26 29 1 22 14 28 28 5 0 28 27 26 25 11 20 10 20 27 0 16 24 10 0 0 25 1 4 4 21 28 29 22 15 20 11 0 13 30 8 4 21 3
0 17 2 6 24 23 27 27 27 1 22 24 21 28 2 20 24 0 19 14 1 26 29 28 1 0 13 10 18 20 5 5 16 4 18 28 17 11 12 22 10 30 11 12 9 0 4 0
26 15 19 9 20 25 16 11 30 20 8 11 14 13 26 19 27 16 22 18 19 28 6 10 26 0 30 2 1 17 1 28 18 9 4 22 25 19 10 23 9 30 11 29 13 4 25 8
17 18 30 1 8 28 10 2 5 21 19 6 12 12 17 24 5 28 24 3 25 24 13 13 1 20 4 29 22 28 27 1 21 5 12 12 16 20 27 2 0 24 18 25 12 27 29 23
28 5 24 16 17 6 21 2 19 7 28 29 30 18 19 24 26 2 16 4 5 14 9 18 27 22 3 29 0 20 22 21 10 11 30 3 5 15 12 18 3 16 18 6 21 24 15 19
28 28 17 22 14 26 18 0 24 17 24 24 11 23 5 7 2 8 30 19 0 16 13 27 11 27 5 26 7 20 27 30 13 27 30 0 29 25 27 9 6 4 5 20 7 1 11 24
19 7 14 9 7 11 23 4 0 3 28 26 6 30 11 7 19 5 3 10 10 2 10 27 6 13 16 24 27 21 0 19 18 18 23 5 20 21 22 29 30 27 14 3 19 19 1 9
11 8 6 26 23 8 11 24 14 2 24 25 14 1 5 30 28 10 10 16 30 13 11 1 25 27 12 25 1 14 7 8 8 25 27 7 20 25 0 18 0 11 5 10 16 10 25 12
11 5 30 28 5 8 10 24 17 5 0 3 17 30 23 5 13 17 10 6 9 18 25 7 4 19 30 27 7 29 6 24 28 12 30 15 7 17 20 7 24 22 7 7 13 16 2 2
9 8 28 7 20 19 21 20 20 2 21 15 28 13 5 6 24 18 17 13 28 20 28 23 15 5 4 9 18 6 16 9 26 15 30 22 6 3 25 30 6 23 30 11 7 22 10 16
