57 57
8 16 10 8 18 9 18 2 30 5 30 26 9 8 22 4 11 8 13 10 21 9 0 6 13 14 1 3 18 24 20 13 30 7 19 5 21 10 28 4 16 11 8 28 21 20 19 7 9 27 20 12 9 12 22 14 4
25 23 22 24 23 14 0 4 21 20 23 0 4 3 20 26 20 16 24 14 9 25 23 22 17 14 16 1 11 2 18 17 26 13 30 8 10 25 25 20 19 20 8 20 10 13 11 14 24 16 17 17 25 0 9 19 20
16 25 15 22 15 11 20 10 4 1 17 4 26 1 15 1 13 7 26 18 6 9 14 20 8 27 24 23 6 30 10 19 7 2 3 5 24 30 12 21 3 19 26 25 8 11 4 1 28 18 23 23 19 22 19 24 30
28 29 4 8 10 11 12 6 1 1 6 7 25 27 21 4 22 8 14 17 12 20 25 17 8 26 13 28 20 27 6 11 13 3 20 29 26 29 13 5 21 27 2 29 14 22 11 12 8 7 25 0 8 9 18 17 27
25 27 7 10 13 20 26 15 16 11 25 24 21 30 21 18 30 29 30 3 4 17 30 0 17 25 24 8 28 16 19 17 15 30 21 2 20 11 11 14 11 14 13 26 17 24 15 12 7 27 27 13 17 7 28 2 21
8 28 9 6 23 30 16 1 26 16 3 10 2 25 9 7 16 3 25 8 24 0 20 27 25 3 8 10 25 5 29 17 0 10 19 14 1 12 23 11 27 25 12 3 7 6 23 20 14 16 5 1 13 25 20 25 17
29 12 4 3 5 12 9 30 21 27 15 25 1 27 27 22 7 1 24 23 18 0 19 18 27 30 18 0 24 15 21 22 21 28 16 15 29 14 22 12 4 22 11 29 13 27 13 4 19 0 26 18 9 27 19 19 26
13 18 17 23 21 8 4 7 8 23 3 3 18 14 10 2 23 16 30 14 30 7 1 8 29 20 4 19 9 11 28 4 30 9 7 16 28 0 3 3 19 3 22 27 17 6 12 28 22 17 9 15 11 1 12 5 22
16 17 27 16 16 28 28 30 26 15 27 2 19 9 4 14 3 23 13 7 1 19 12 7 7 17 23 6 7 30 28 5 23 27 2 25 6 28 29 2 18 22 13 27 23 1 23 6 5 4 16 22 20 25 26 28 21
24 25 3 25 25 26 17 1 5 30 10 11 13 30 15 1 21 22 7 14 0 24 8 0 6 2 12 17 22 29 29 3 1 12 4 8 25 12 21 11 0 18 12 1 30 10 21 30 25 27 14 4 30 11 22 30 27
22 16 26 26 16 2 20 26 27 27 13 16 14 16 29 1 26 16 22 10 19 0 9 13 14 14 17 5 18 3 6 3 14 21 11 12 14 4 5 9 6 9 28 4 8 18 11 10 27 17 6 9 8 18 1 28 22
6 1 30 8 19 9 4 20 21 29 9 9 18 21 1 18 2 17 16 17 13 30 12 26 7 15 27 19 8 28 0 26 6 26 17 29 0 5 18 5 9 3 6 18 21 15 8 19 24 8 20 25 25 15 27 10 2
12 2 28 26 2 3 28 30 22 29 8 6 0 14 23 10 5 25 29 19 30 2 11 17 13 15 2 16 7 19 22 6 26 28 29 7 14 1 13 5 6 8 9 17 24 10 2 17 8 23 6 15 24 26 19 10 27
26 24 26 2 12 15 19 16 18 3 23 20 1 9 10 22 15 17 9 23 11 17 14 1 21 9 16 23 16 28 15 24 26 3 17 11 5 6 14 7 3 25 19 27 0 11 28 24 23 4 10 8 19 16 25 16 22
9 16 7 30 0 4 27 27 1 30 9 1 8 3 29 7 14 10 1 2 3 8 16 16 7 1 7 17 18 12 2 15 23 26 12 4 12 19 3 13 28 3 2 5 7 18 26 20 15 0 8 13 13 1 2 16 15
28 5 29 11 14 1 26 15 15 22 14 25 15 28 15 28 11 5 3 15 3 22 10 23 15 23 26 17 30 0 30 8 0 26 3 3 23 25 30 4 3 18 14 6 10 12 15 8 6 17 20 17 27 6 7 2 9
4 2 5 18 18 0 11 24 25 14 14 21 27 8 24 22 10 19 5 8 24 20 17 2 22 15 0 2 12 15 28 13 20 4 8 0 20 25 17 3 24 30 26 17 1 2 23 6 25 3 26 6 12 18 25 27 28
14 3 2 0 9 13 4 29 26 10 20 30 15 13 16 21 12 2 24 24 8 2 7 9 9 0 15 14 30 29 22 24 5 25 30 29 7 29 5 14 25 8 1 29 6 14 13 14 30 20 28 19 24 22 18 3 26
19 26 7 8 8 6 5 0 27 30 25 23 4 14 0 12 19 9 5 1 2 1 15 19 22 21 5 12 24 27 6 14 29 28 16 24 20 7 10 9 22 1 14 20 25 29 3 8 10 2 29 22 19 0 26 5 11
21 15 23 1 20 30 29 23 6 23 15 25 12 15 8 20 24 1 23 11 19 7 18 30 15 29 27 20 21 8 16 16 12 29 22 23 24 19 21 9 13 3 4 28 29 2 26 18 11 25 4 11 29 17 2 15 8
1 4 30 18 23 1 17 4 10 21 20 0 21 20 3 16 8 9 18 28 25 4 1 15 28 16 3 3 7 24 21 27 18 13 1 25 8 16 4 6 2 25 30 6 10 2 9 10 5 21 5 10 24 5 6 15 28
23 11 18 25 18 23 11 5 29 2 14 10 18 26 17 4 7 27 22 14 19 14 17 18 27 25 19 14 29 20 19 29 24 14 28 3 24 9 10 4 0 27 1 25 27 15 29 4 22 21 21 0 0 11 14 12 30
8 28 21 5 6 12 17 14 4 14 27 24 16 12 28 14 9 18 23 15 24 21 0 22 22 20 3 27 19 18 0 26 10 17 14 0 6 13 19 24 5 4 1 12 15 15 12 23 11 17 12 3 26 19 5 20 13
17 8 14 5 20 11 26 10 20 13 16 28 17 11 26 27 4 6 6 30 20 9 8 22 26 10 0 22 7 16 13 8 11 15 26 23 30 2 28 27 20 17 26 25 15 16 12 2 13 25 5 4 16 24 24 13 16
0 28 7 7 23 7 13 13 3 21 8 4 28 7 25 4 6 29 19 19 26 30 11 26 12 8 17 22 8 14 7 6 22 24 18 23 28 24 11 29 24 0 19 30 15 26 13 13 22 1 13 1 7 0 4 27 21
18 0 24 1 26 4 23 16 23 11 7 8 13 17 10 18 16 30 12 18 27 2 19 15 13 8 26 30 17 6 27 23 15 23 17 10 29 12 24 13 26 26 18 21 18 30 16 3 7 1 15 27 1 23 14 9 16
20 8 1 9 7 20 5 3 4 2 19 9 21 11 0 25 19 12 18 15 21 3 23 18 6 24 28 8 3 0 6 8 29 22 2 26 26 0 7 0 16 22 23 15 5 10 21 22 29 28 0 3 15 10 8 1 11
4 17 29 18 25 13 13 23 22 29 20 26 2 11 9 5 2 20 24 11 18 10 7 24 16 3 7 20 18 14 10 0 14 28 15 9 4 18 6 10 1 1 28 23 24 12 14 16 17 18 3 0 27 28 19 4 11
10 25 14 26 7 5 22 13 0 15 6 2 23 19 14 26 23 11 13 7 16 7 11 9 9 5 30 2 7 6 6 30 29 18 4 3 0 18 24 6 1 22 19 11 15 13 20 25 14 23 26 6 1 14 1 5 25
8 20 15 6 13 5 9 9 12 22 30 18 5 21 26 13 21 4 24 15 7 6 17 28 9 12 28 15 27 8 15 6 29 24 28 9 8 12 19 5 4 2 0 4 8 19 15 14 27 25 23 17 9 25 20 24 4
16 14 6 13 13 13 18 4 19 17 0 20 9 25 27 8 13 10 23 30 9 11 0 4 11 27 30 7 1 11 8 19 7 3 7 30 23 23 16 28 0 18 24 30 30 12 8 25 6 3 24 5 6 2 22 13 11
21 5 7 23 23 25 1 6 3 22 0 2 12 15 7 21 0 8 30 19 16 28 13 15 18 6 6 19 27 18 5 15 1 7 30 20 25 21 11 6 5 13 2 17 15 20 13 1 24 4 7 17 19 20 26 5 13
13 26 10 21 29 11 5 6 29 27 27 8 16 23 7 13 22 2 21 1 15 2 25 12 6 9 5 14 20 29 17 2 5 3 2 18 30 8 23 28 14 26 29 15 30 21 13 7 15 14 29 18 27 12 15 8 29
5 13 14 15 26 15 0 12 2 19 29 0 24 23 4 22 28 26 13 4 14 8 17 21 12 0 19 25 20 1 6 14 1 26 10 1 11 3 19 18 21 18 6 29 27 28 19 3 23 7 28 8 24 19 21 29 2
23 29 22 2 13 17 1 27 21 13 28 25 23 0 4 25 21 27 1 5 23 8 22 24 10 8 16 2 9 5 6 0 19 7 13 11 3 27 30 7 0 20 11 18 22 12 2 13 22 12 6 14 7 7 10 2 2
24 8 1 23 22 17 10 13 11 25 15 29 22 19 25 7 28 19 29 26 12 20 30 23 14 22 24 21 11 16 7 22 0 19 20 10 3 27 13 9 27 27 28 28 14 4 19 13 11 1 20 4 1 10 25 15 17
7 2 18 9 28 2 26 11 10 12 20 11 19 24 0 2 6 9 30 4 25 1 6 1 1 29 2 18 21 24 5 19 30 20 11 19 29 11 21 8 22 19 26 11 13 27 23 7 6 1 12 23 7 9 13 16 2
11 12 28 29 27 18 5 11 15 12 18 11 15 27 14 19 11 5 12 12 5 5 30 27 4 27 7 29 1 3 6 29 25 21 16 27 15 11 4 7 10 10 23 17 7 2 5 17 26 7 9 14 17 17 23 8 11
4 21 2 3 0 3 0 1 5 27 29 28 21 5 23 23 29 5 6 9 28 8 25 18 0 24 30 23 17 5 9 3 1 2 11 11 19 22 20 22 3 24 22 4 2 8 26 29 26 21 18 19 11 17 21 16 10
12 15 20 17 5 28 30 9 1 8 17 21 22 8 3 20 6 18 1 2 18 4 25 0 27 9 0 9 5 24 29 21 13 19 10 12 15 3 7 16 16 3 16 25 18 28 27 4 18 30 18 5 20 21 1 17 8
8 3 16 26 28 28 15 20 29 19 14 22 10 15 22 19 19 14 14 21 18 18 16 28 24 4 30 10 0 19 1 11 27 19 12 27 17 27 2 19 9 27 20 23 17 29 28 6 3 3 14 13 12 4 5 25 17
21 22 3 14 16 20 4 27 12 11 16 10 4 3 21 19 21 27 30 9 14 6 2 26 6 6 6 11 19 25 26 19 26 6 15 19 17 16 9 3 1 2 27 18 26 6 30 9 6 21 16 25 3 21 5 20 25
25 3 21 6 3 16 28 4 8 22 28 14 6 17 17 14 25 13 25 1 26 25 18 1 26 7 22 13 1 16 25 13 7 9 24 4 13 9 13 21 13 28 7 17 16 10 18 5 9 9 19 27 5 21 22 9 17
27 19 16 11 17 20 25 2 26 29 11 19 5 18 23 5 27 13 30 26 25 13 29 28 1 10 21 25 24 23 12 19 13 11 11 15 29 2 18 17 11 14 6 2 27 13 25 18 0 0 10 23 7 9 11 13 0
10 12 30 13 10 5 2 20 15 25 9 9 14 5 23 6 10 23 19 22 21 14 11 15 20 7 22 24 18 28 10 26 12 5 22 18 7 27 2 22 28 24 14 14 24 5 22 27 0 21 8 6 16 15 7 5 5
21 28 1 7 21 3 6 2 14 14 22 6 7 19 5 28 7 28 29 19 8 14 16 26 30 17 30 29 20 0 28 28 3 11 1 7 2 25 22 6 7 30 4 26 2 17 4 23 2 19 26 5 3 29 28 18 14
1 22 16 7 16 0 7 29 13 6 17 11 27 6 10 4 21 10 16 16 2 8 23 11 18 10 4 23 16 1 20 23 20 13 14 1 0 15 11 12 6 19 6 5 26 2 25 10 24 2 19 10 24 25 28 11 1
26 12 24 8 4 5 22 18 25 8 17 23 28 30 18 8 17 29 17 24 22 25 8 29 18 3 15 15 29 26 23 20 21 0 5 19 18 10 30 23 6 15 3 2 30 12 21 19 18 30 17 16 29 20 21 26 28
15 30 30 11 12 30 27 10 23 16 11 12 11 19 9 17 17 2 16 4 2 27 18 28 20 7 0 19 9 27 17 6 5 24 24 5 0 23 24 20 11 26 11 26 0 9 11 9 23 27 0 14 15 4 20 4 1
29 21 8 5 16 10 1 18 16 20 4 26 15 16 10 15 8 17 3 19 8 13 24 1 24 13 24 29 10 14 21 26 13 22 26 10 20 4 22 22 20 8 25 22 25 23 27 10 11 4 22 1 21 24 4 16 22
9 2 12 8 14 8 27 27 29 15 27 29 19 30 16 28 17 17 1 22 7 19 6 22 1 24 12 4 24 30 14 23 24 26 29 26 22 24 14 25 12 16 13 29 24 11 21 13 25 26 12 10 24 0 21 22 15
13 1 25 10 25 7 3 11 30 28 6 13 18 5 10 15 13 16 14 3 12 28 9 18 3 11 16 3 18 18 11 25 28 14 18 29 1 20 8 27 6 22 15 21 17 21 30 14 24 26 12 6 23 0 13 9 15
13 26 28 0 20 23 16 29 16 10 4 22 19 2 18 1 26 2 3 22 16 13 30 8 24 10 9 21 4 17 16 19 25 17 19 23 1 11 4 23 1 2 17 24 5 29 0 8 5 1 27 29 25 17 3 27 4
2 13 26 12 26 7 4 7 12 5 24 19 4 18 23 17 17 10 24 29 13 9 14 21 18 27 21 5 9 16 10 21 26 8 23 12 1 8 12 17 30 22 16 19 22 10 1 15 0 7 0 26 14 30 15 18 23
30 5 16 0 29 1 10 30 20 26 24 27 24 2 1 25 5 23 8 6 1 27 6 9 4 16 24 4 29 19 14 1 0 1 19 10 18 17 26 5 2 0 17 2 22 5 19 17 28 22 24 25 13 14 30 1 13
19 18 13 3 17 14 26 23 14 21 25 25 13 16 4 26 16 10 29 19 15 22 15 21 3 30 27 27 0 15 10 3 8 20 6 13 28 16 16 25 28 2 29 5 26 12 1 20 2 30 22 26 10 13 1 5 8
5 24 29 6 8 2 24 3 22 27 10 13 15 10 17 24 26 29 6 10 9 22 11 19 24 17 18 27 11 29 12 10 26 26 3 24 6 29 8 23 13 5 12 27 30 1 25 20 3 10 5 7 13 0 12 21 23
