67 67
7 25 11 4 16 9 25 20 22 1 11 1 16 19 16 26 12 21 18 24 17 13 11 1 12 6 16 8 1 30 19 1 27 16 10 29 4 14 29 18 1 9 10 5 7 26 14 9 20 1 29 14 8 21 0 7 0 16 29 20 5 26 17 18 22 26 20
18 13 0 2 9 13 1 30 20 6 25 0 19 12 14 13 2 30 5 4 25 30 24 20 1 30 0 17 9 12 6 12 25 21 2 7 11 12 9 4 4 4 30 7 25 14 23 18 6 2 16 13 12 15 7 9 1 3 14 23 13 24 18 24 20 17 23
23 17 20 16 13 12 9 3 10 12 27 13 13 11 23 23 27 15 14 11 1 16 26 12 19 18 21 4 6 17 7 27 3 25 16 26 9 28 14 18 2 10 24 25 1 3 28 28 17 28 24 23 2 13 30 28 5 2 21 7 2 15 11 26 23 23 16
9 16 17 26 22 8 15 8 4 8 26 27 12 6 0 29 4 0 16 23 12 10 2 20 13 8 10 9 26 25 29 12 6 15 12 11 30 17 23 7 21 8 20 2 8 22 26 18 10 1 30 9 29 26 21 28 11 21 2 24 5 4 4 2 30 12 29
24 11 24 16 29 20 7 12 16 3 7 8 15 9 21 8 16 29 18 22 22 30 21 5 14 15 8 28 16 18 13 6 3 4 21 17 13 26 18 7 27 20 1 0 19 7 5 21 5 23 0 26 28 15 8 25 1 30 30 1 9 19 22 9 24 17 0
23 5 6 13 23 20 21 26 28 20 18 4 2 26 1 16 26 30 30 1 28 22 16 26 26 15 27 19 0 2 4 19 3 13 29 0 17 17 23 23 0 15 8 4 10 8 18 24 3 20 25 23 18 15 11 25 17 14 11 10 9 6 14 11 26 18 14
28 0 19 25 9 10 4 2 10 7 7 8 19 29 17 14 27 19 10 29 24 30 22 11 1 29 22 13 27 5 9 6 26 6 30 29 2 13 0 18 23 3 0 21 23 13 30 26 3 3 28 2 11 9 17 2 27 21 22 30 25 14 3 5 21 1 24
25 18 26 10 22 5 6 20 28 24 25 17 17 24 11 23 19 18 0 5 0 30 12 20 30 14 14 11 15 7 10 19 7 6 7 19 16 7 29 10 18 6 23 9 22 1 2 6 8 19 0 17 17 2 15 0 24 28 15 29 20 24 11 30 23 20 7
16 20 17 16 13 28 16 8 29 11 5 14 12 22 12 4 19 26 24 18 14 5 17 30 1 6 23 8 18 8 0 29 3 24 13 23 4 3 24 0 28 26 5 13 28 25 19 26 21 8 16 25 30 9 27 25 24 20 14 18 17 6 13 17 9 19 8
23 13 4 8 16 11 22 15 6 23 0 29 18 26 19 30 21 12 26 27 1 25 14 24 26 12 10 22 29 20 22 10 21 25 10 8 11 11 20 15 26 4 6 17 2 11 26 20 13 3 24 20 4 19 26 17 4 15 30 16 12 12 5 8 2 23 22
15 22 11 13 2 2 8 20 1 22 26 8 29 6 22 20 5 30 12 20 19 0 21 10 25 25 11 8 16 23 0 29 15 20 29 20 17 22 14 17 25 3 8 26 26 15 23 17 23 23 19 9 27 13 15 30 6 18 21 5 2 11 14 27 10 21 24
25 21 4 5 24 15 8 6 11 10 21 23 25 18 2 17 2 0 19 9 11 9 18 11 12 21 4 6 0 17 16 1 20 5 3 28 15 24 24 14 23 15 19 8 9 27 21 2 20 18 26 2 4 3 27 25 4 17 30 24 30 1 18 1 22 25 30
28 9 12 12 1 27 3 28 22 0 17 10 17 26 23 13 0 24 14 22 13 24 1 20 4 19 2 14 13 9 18 1 4 16 22 5 30 6 15 1 0 23 13 21 30 30 24 30 16 16 12 28 10 17 6 13 20 28 26 1 1 5 12 15 11 26 10
25 30 23 27 21 27 16 30 25 12 14 30 3 11 6 26 14 19 29 1 22 28 2 25 2 17 13 5 0 29 23 15 28 28 9 15 16 3 30 5 22 16 22 8 21 2 2 22 22 20 25 28 21 26 28 24 9 30 6 15 16 18 0 4 29 0 5
22 21 26 20 30 9 25 11 15 1 26 21 5 5 27 14 28 29 21 0 10 9 11 29 18 24 9 4 2 21 25 22 15 19 14 21 25 21 18 21 13 26 4 13 8 0 30 9 25 29 8 4 29 7 19 22 24 0 20 14 19 6 7 28 18 29 7
3 14 15 24 14 7 21 20 12 25 8 18 12 0 13 7 9 2 2 21 14 25 14 17 11 11 25 17 10 13 3 8 30 12 30 11 19 3 17 12 26 4 20 11 4 22 21 1 1 24 18 6 5 10 17 2 10 0 21 23 25 25 23 18 10 11 23
0 18 16 13 28 13 6 29 22 26 12 3 16 18 29 23 4 9 7 2 0 27 14 11 13 19 1 9 23 22 0 9 29 15 22 26 16 22 6 25 6 14 6 15 30 27 30 27 25 7 4 10 20 7 7 17 6 11 28 10 9 3 0 16 19 23 22
18 26 5 24 17 1 11 27 10 4 8 2 11 8 28 19 2 25 17 0 17 14 19 18 4 23 1 7 2 4 3 3 21 13 18 2 0 5 14 8 28 27 11 6 6 20 12 27 27 8 6 3 1 11 0 14 20 14 24 7 29 25 30 12 30 28 1
13 10 15 29 8 20 8 13 19 21 4 16 25 5 19 6 8 4 16 21 10 4 20 3 12 1 30 1 19 6 12 1 21 18 24 12 14 10 5 11 15 13 19 4 10 13 25 8 14 15 20 7 15 12 4 14 9 24 11 6 4 8 1 27 1 8 7
30 4 5 3 10 26 1 9 4 6 12 13 15 10 12 8 18 1 24 24 16 9 17 13 4 2 24 9 19 7 11 1 12 23 28 16 4 2 29 22 12 28 29 11 23 0 2 12 17 26 25 9 8 24 27 1 14 7 25 15 1 0 30 4 5 10 2
9 20 4 8 12 16 13 8 16 22 22 3 25 28 22 27 1 0 1 26 1 18 12 6 11 25 13 21 14 28 5 8 2 10 6 27 7 4 6 13 20 30 16 19 3 17 19 1 0 20 10 5 21 28 13 30 20 28 6 19 4 18 9 6 19 28 4
7 24 21 5 17 24 22 2 3 24 4 10 28 5 5 16 23 29 14 1 14 28 13 25 19 29 29 20 10 28 28 9 30 21 13 16 10 28 25 24 29 27 30 11 1 2 1 8 26 14 17 0 2 28 13 0 13 5 2 8 19 26 21 14 1 12 10
20 9 22 5 22 23 12 22 25 29 4 11 28 26 14 23 1 17 12 9 21 29 3 18 15 30 14 3 4 21 23 18 4 1 22 23 10 28 10 8 7 21 0 22 9 2 16 24 9 22 25 3 3 27 30 20 23 25 5 28 17 16 29 4 24 24 29
22 2 20 30 16 4 5 25 15 30 18 26 8 25 12 30 14 30 24 11 14 0 2 9 26 16 27 29 2 11 21 26 28 15 4 6 12 29 0 29 8 21 7 16 20 15 30 2 3 28 13 6 17 11 19 11 26 22 14 16 12 30 29 3 9 12 21
4 15 4 0 30 0 8 8 21 11 5 8 26 9 9 22 7 9 18 0 23 18 17 4 0 17 28 25 24 6 25 27 2 19 10 5 2 21 15 6 0 18 7 17 30 8 7 20 9 7 26 14 2 24 20 26 2 12 24 27 21 5 28 20 3 30 1
22 13 19 21 13 22 29 9 29 30 25 9 19 26 11 20 12 26 18 12 4 0 1 30 20 2 21 9 10 25 3 12 7 4 30 3 1 14 29 30 10 17 25 15 13 6 13 30 14 24 16 27 25 7 19 4 4 13 9 0 27 2 16 18 20 2 23
4 20 21 20 19 29 18 22 16 6 4 12 4 30 17 18 23 18 18 19 4 26 2 16 12 29 15 28 6 15 8 25 27 9 26 15 5 12 12 6 13 6 27 19 25 23 28 22 15 13 8 17 27 23 7 23 29 3 16 1 17 25 3 11 1 27 9
17 24 24 18 22 12 15 5 24 26 4 22 22 2 24 1 26 26 13 11 0 12 25 29 26 29 7 30 27 14 6 27 13 16 13 30 8 8 16 7 5 9 24 5 22 25 7 12 30 0 27 28 4 26 27 14 25 8 26 0 6 5 9 1 22 8 19
20 1 7 12 30 3 25 28 1 12 1 8 0 6 29 9 25 26 9 17 23 7 8 28 12 22 24 2 27 13 25 24 10 14 15 25 19 27 27 25 13 6 14 26 30 29 21 7 29 12 6 8 3 8 0 22 30 21 7 17 2 18 12 18 6 5 30
17 15 30 12 22 19 13 17 6 5 26 10 30 29 7 19 23 1 1 3 27 13 25 30 25 30 28 2 25 1 8 2 22 19 3 19 9 19 24 21 0 4 0 10 2 1 5 0 15 27 3 10 25 0 5 11 10 18 23 10 3 21 30 1 1 4 8
8 18 5 12 6 21 6 22 20 4 14 15 23 6 15 30 7 29 23 6 21 25 24 23 23 21 11 3 29 29 21 2 30 7 23 12 8 30 30 19 16 15 2 19 14 16 27 21 8 9 16 15 29 26 20 17 20 18 16 13 7 2 7 18 29 19 19
30 3 7 10 12 30 22 8 26 29 28 8 10 25 28 28 9 29 17 4 28 30 0 2 1 13 11 26 14 6 13 30 30 14 2 4 27 29 5 8 8 25 11 7 7 26 13 23 17 17 24 14 22 7 29 15 14 6 9 4 19 20 9 22 26 23 27
10 15 14 8 27 29 16 16 25 28 0 25 4 23 23 19 17 26 16 3 12 19 30 28 18 24 24 21 12 7 1 30 10 12 0 14 20 29 12 22 24 0 16 23 25 27 2 14 4 1 29 27 25 12 19 23 15 5 0 23 19 9 13 9 5 17 7
14 4 2 30 26 0 21 8 4 15 13 24 4 18 22 11 11 9 29 7 30 30 7 5 19 16 16 30 17 11 25 28 29 3 22 12 6 16 5 14 19 11 10 5 19 8 17 25 2 28 1 19 6 26 27 1 19 5 9 17 19 13 0 9 6 15 29
20 16 6 17 26 1 17 17 9 21 26 15 20 17 1 30 27 10 9 18 12 26 0 23 17 19 11 8 22 6 27 4 5 7 21 1 16 18 28 16 30 13 27 26 14 1 8 4 1 12 5 25 30 17 29 14 16 24 3 3 8 6 23 19 4 10 26
28 22 7 25 17 15 0 5 3 21 27 15 27 11 3 2 7 25 14 29 4 14 22 27 17 20 3 12 12 18 29 11 26 0 22 17 10 15 13 27 19 5 1 23 12 0 14 21 30 8 14 10 13 23 6 2 9 25 26 24 20 4 23 11 1 0 2
8 29 28 16 24 12 16 1 13 28 9 6 1 9 21 1 22 23 22 5 24 0 7 14 15 19 21 12 25 9 18 25 9 24 24 1 4 1 19 27 15 16 13 9 25 30 27 23 2 29 5 9 7 12 27 12 15 10 9 23 22 18 27 22 25 5 5
7 10 3 17 7 26 21 2 26 25 7 17 30 12 8 26 9 16 30 5 28 19 21 7 11 17 6 18 27 12 28 17 3 14 18 20 16 6 24 25 1 18 5 4 24 22 6 24 23 2 16 25 3 3 9 18 27 7 12 25 4 5 18 1 7 27 27
1 9 26 18 2 13 6 15 11 12 26 19 12 4 25 21 23 12 13 3 1 5 19 26 16 20 19 20 30 7 6 23 14 11 13 4 4 13 3 4 25 12 8 13 28 22 20 23 13 5 18 8 15 9 12 10 27 16 26 4 1 4 17 1 16 24 13
6 13 22 23 11 29 7 21 2 2 5 7 12 28 10 29 7 8 22 12 30 22 14 9 29 10 3 20 23 17 13 21 5 21 21 22 18 1 10 27 19 29 6 26 17 26 11 15 20 24 20 4 21 10 18 8 5 30 19 14 13 22 23 10 6 28 9
11 8 3 8 9 15 14 16 10 1 3 15 12 8 28 11 22 21 20 26 1 13 19 6 19 13 18 10 13 27 21 24 7 10 29 1 29 22 4 29 28 2 4 13 16 13 25 24 24 24 20 5 21 19 28 13 9 11 12 23 21 21 16 30 5 14 20
2 5 0 13 29 20 16 21 10 26 19 21 18 7 29 25 23 10 15 1 19 16 18 2 10 15 1 21 18 1 9 0 29 22 13 11 28 4 30 15 1 4 29 13 25 9 2 7 25 30 12 1 11 11 4 30 22 20 10 27 21 3 14 9 27 0 3
11 29 22 25 24 5 4 24 3 23 1 19 8 20 24 29 15 13 21 9 6 26 2 3 18 17 27 17 28 14 18 18 9 1 19 28 0 11 29 2 3 6 24 5 29 7 19 21 17 3 8 26 23 26 19 26 0 14 6 6 26 25 30 8 5 7 9
13 0 25 5 16 18 25 24 29 12 26 11 2 30 27 8 8 6 26 0 11 11 30 8 16 2 26 13 6 6 3 16 10 0 28 2 6 15 4 30 3 17 23 18 14 13 21 13 17 30 3 29 6 5 26 24 7 6 2 15 27 6 5 18 0 27 8
15 15 21 6 1 11 10 20 5 1 4 7 22 6 3 24 28 16 9 10 28 28 26 22 6 5 14 18 20 24 20 8 30 3 7 18 19 25 17 7 14 26 7 13 4 1 1 24 12 22 8 29 4 0 9 6 16 23 5 8 23 13 25 27 21 10 5
19 22 1 26 11 28 18 1 22 26 27 22 2 0 10 30 6 20 26 22 13 18 3 25 22 8 17 21 7 26 3 20 26 21 13 30 19 10 6 6 29 13 5 22 1 26 3 23 15 30 24 28 3 7 9 0 21 6 3 16 25 6 6 30 21 1 19
12 27 27 21 11 7 9 4 11 25 7 25 28 19 3 9 24 24 10 26 0 2 13 28 18 14 29 15 11 23 6 3 30 16 20 5 15 15 20 1 9 0 23 19 21 0 15 3 24 24 22 13 19 16 11 4 16 20 21 21 11 0 27 12 21 15 3
19 19 30 13 14 14 11 18 12 6 27 4 25 12 3 0 10 5 12 7 19 14 26 3 4 2 4 13 16 22 6 9 2 29 1 18 27 23 15 1 6 10 9 10 19 16 22 29 0 23 2 14 22 19 5 28 0 7 18 28 2 2 4 4 22 26 9
14 29 8 30 0 24 11 25 6 27 22 19 27 8 27 6 10 4 4 11 16 18 13 10 19 28 20 7 23 2 25 14 8 7 15 8 2 30 5 22 17 16 6 26 19 17 10 13 4 19 22 20 30 8 24 10 18 24 3 18 27 25 25 29 7 29 18
2 8 12 5 28 23 26 18 19 23 24 16 11 27 13 7 28 3 4 20 25 9 15 8 3 4 14 16 9 2 28 20 2 18 11 11 10 13 0 19 27 3 1 9 8 18 15 0 7 20 28 28 17 26 18 23 5 12 14 1 29 20 2 21 20 24 7
2 24 5 10 25 1 26 5 2 17 29 6 25 17 2 22 8 16 18 22 30 17 0 29 11 22 26 1 27 4 26 18 6 26 26 1 27 0 23 11 14 25 3 21 20 13 9 30 19 8 10 17 11 24 21 21 9 27 3 19 4 11 30 10 13 11 14
1 29 7 17 10 10 23 2 28 3 17 7 24 21 30 12 10 30 6 7 2 6 7 26 24 17 16 28 9 19 20 6 22 30 25 1 11 24 17 26 24 11 23 0 9 8 15 12 12 20 9 5 7 27 24 20 4 9 22 24 20 17 6 29 12 10 4
21 23 1 5 0 12 23 27 19 16 30 26 3 11 28 19 8 6 13 10 16 23 18 8 5 7 16 12 27 20 24 12 4 10 21 13 20 30 22 0 14 20 27 22 15 11 12 9 18 23 4 7 3 0 16 20 16 17 1 3 11 8 28 6 27 20 27
15 17 18 17 4 8 5 1 2 28 17 18 9 14 29 28 25 1 15 25 1 7 13 13 24 4 30 12 11 3 18 20 8 13 26 2 3 29 21 3 28 11 23 3 6 0 29 1 28 4 20 16 5 14 20 29 1 19 2 22 26 11 0 23 23 20 29
23 0 3 10 23 8 1 16 26 24 23 17 20 5 7 11 28 13 11 5 15 20 27 3 16 17 20 1 8 19 7 24 9 20 18 10 10 22 6 14 28 4 1 21 21 25 9 14 11 15 30 5 8 0 28 12 25 1 5 26 2 14 17 2 21 3 11
7 4 9 2 16 5 26 22 30 4 28 15 26 7 18 15 0 10 29 4 23 29 2 21 17 1 3 3 0 17 4 9 1 23 22 30 21 2 23 13 3 16 18 20 12 9 21 19 27 16 23 15 18 6 7 15 20 21 5 2 0 22 16 14 13 3 29
1 30 12 7 8 21 30 16 8 27 7 15 27 23 6 2 30 6 8 20 14 11 5 28 24 10 21 24 11 14 27 6 7 27 22 23 27 25 17 0 1 30 28 28 21 10 1 6 10 15 20 7 8 5 24 26 15 21 23 3 3 18 26 13 24 30 13
30 23 10 15 7 1 15 25 25 23 30 22 11 1 16 2 9 1 26 18 22 15 29 28 4 30 7 16 14 9 10 8 3 16 21 10 4 23 20 4 24 11 27 25 18 0 16 16 7 23 8 8 2 5 23 0 19 28 24 19 0 16 6 0 7 9 8
6 16 2 29 15 14 2 30 20 3 17 28 9 4 23 20 30 16 22 15 9 21 28 20 10 13 11 3 30 30 21 27 26 10 26 2 18 2 19 6 21 10 3 4 23 0 4 28 10 13 2 17 19 23 1 7 9 22 2 19 13 5 24 5 27 29 7
10 2 15 22 3 10 3 21 8 13 22 15 16 7 29 10 8 19 5 14 16 16 28 4 2 5 3 28 20 3 7 3 25 13 29 15 12 1 9 3 26 11 7 9 26 26 1 10 29 22 12 21 26 0 11 8 10 11 22 15 12 24 17 22 18 3 12
13 26 6 5 21 21 29 26 9 8 10 16 5 28 11 2 8 29 22 9 21 26 28 4 13 0 27 17 6 30 0 17 29 23 24 2 13 29 19 29 30 5 9 8 14 6 29 25 18 13 0 29 1 6 12 3 27 4 15 1 19 6 21 0 21 8 7
14 27 25 21 23 20 1 20 8 10 0 27 11 27 4 23 30 25 15 14 6 3 14 19 8 22 30 16 9 29 13 20 14 28 15 28 9 12 17 29 24 30 0 23 7 25 6 11 7 11 12 5 6 1 11 22 17 14 17 19 15 0 20 21 28 22 8
2 1 18 21 11 12 26 16 23 24 13 23 7 21 19 15 10 9 18 1 1 1 8 16 19 13 9 28 2 16 25 17 26 10 7 18 5 27 28 18 21 4 8 2 14 18 18 13 7 27 12 10 7 26 29 28 10 0 9 26 4 4 8 16 17 23 20
30 4 28 0 25 23 17 3 0 22 27 16 20 9 22 4 16 19 13 26 17 7 19 12 24 9 0 29 25 3 26 14 15 7 1 22 15 8 5 11 30 14 13 10 30 9 9 14 8 15 14 19 13 3 17 0 21 29 4 16 1 28 11 4 28 11 28
26 10 21 11 30 13 4 6 3 18 11 16 27 17 11 15 7 20 8 5 4 19 14 23 4 15 13 24 26 9 6 9 12 0 25 28 0 7 5 19 19 28 25 20 26 17 12 15 12 10 14 20 25 25 5 30 25 18 27 10 12 7 15 14 0 29 24
30 1 7 18 30 27 27 6 13 29 14 1 9 13 20 5 0 2 11 23 4 10 14 15 7 6 4 29 8 16 15 3 25 23 15 1 1 10 17 27 25 7 25 14 11 26 25 27 30 2 6 9 10 15 6 22 18 16 20 26 2 13 1 6 26 17 29
19 7 11 29 14 21 2 19 1 29 5 13 29 12 1 4 25 16 14 27 23 19 29 28 21 13 6 26 8 17 23 14 26 0 24 0 17 23 21 18 2 12 6 29 5 19 19 3 5 20 10 11 13 22 4 2 26 26 10 24 6 12 16 6 19 9 28
