68 68
25 0 20 14 27 11 21 28 9 15 14 22 7 2 9 19 17 14 23 24 26 8 24 27 8 14 9 18 24 9 25 16 27 17 1 15 25 23 9 7 20 10 18 24 12 18 19 24 22 3 25 2 9 1 23 4 1 15 21 20 29 26 30 25 12 30 10 2
23 20 5 14 22 5 19 16 18 26 21 19 26 11 4 14 15 4 12 9 28 1 5 28 11 25 13 29 11 8 2 25 26 15 18 10 5 5 7 25 7 1 7 9 10 21 26 12 0 29 14 14 17 1 29 0 18 11 28 20 19 14 16 24 17 19 11 18
14 17 28 10 26 14 5 0 28 12 22 20 5 10 12 23 12 23 7 17 0 1 6 16 21 22 20 9 27 22 8 30 26 9 16 27 28 22 9 23 2 16 16 20 15 2 25 24 12 7 23 24 22 11 15 23 3 10 13 28 1 12 20 3 28 25 7 6
27 2 11 12 15 15 1 8 8 16 20 16 9 26 29 6 16 12 7 23 2 8 6 20 8 21 16 16 14 6 22 30 12 13 15 21 7 23 27 28 13 8 0 27 24 21 9 17 25 14 25 8 26 13 3 11 0 23 9 7 13 10 26 7 0 14 11 16
19 15 21 22 19 14 3 5 12 14 29 11 12 28 22 16 12 14 29 16 3 11 24 20 4 6 1 2 11 17 12 21 8 13 13 5 4 29 3 19 17 27 21 2 5 7 20 10 17 30 18 0 10 11 13 21 6 14 28 30 5 18 10 11 0 15 10 3
6 20 11 4 30 8 19 16 27 15 14 27 3 9 15 8 24 6 25 25 1 27 27 6 9 12 17 21 4 21 20 15 3 29 19 20 23 14 11 23 6 2 19 23 2 5 26 14 0 24 13 19 23 9 27 0 7 21 3 29 9 13 21 23 2 29 7 22
21 19 17 18 25 15 28 25 11 21 28 15 21 12 24 2 4 17 25 29 1 26 18 19 23 7 28 15 8 2 15 25 9 15 24 30 16 9 4 20 1 2 23 22 18 9 27 18 21 24 15 26 0 18 16 19 23 30 12 30 4 26 29 1 28 20 13 1
20 30 23 17 1 3 5 8 10 1 18 23 23 21 24 12 30 0 19 29 20 15 15 28 2 12 1 0 6 10 16 12 11 21 20 14 10 9 27 24 24 3 17 26 16 25 17 22 4 28 11 8 24 26 23 10 0 25 13 2 9 10 11 25 19 27 30 30
21 14 18 7 25 27 14 6 29 19 28 3 28 28 23 1 7 12 4 16 11 21 10 6 14 0 26 4 25 14 16 8 3 20 29 24 4 4 30 16 16 28 25 23 24 26 14 23 21 25 24 17 11 27 29 21 12 10 7 15 13 27 15 17 15 22 24 14
17 27 16 20 11 25 13 25 29 19 14 30 17 3 1 27 24 10 4 11 25 13 27 14 10 21 30 27 24 30 27 9 4 11 24 23 12 30 15 23 4 3 8 18 19 28 18 1 18 14 26 4 27 6 0 8 7 4 27 29 5 13 6 20 17 21 29 6
25 26 27 28 15 28 27 30 29 3 27 16 7 26 20 17 7 15 8 19 9 6 6 27 7 23 2 26 24 19 7 6 12 3 14 25 19 24 6 29 16 13 4 3 3 25 23 13 5 7 5 23 29 12 14 6 12 10 5 2 0 5 22 21 29 5 19 9
19 0 14 15 20 22 10 19 1 3 3 17 28 26 4 21 27 1 26 11 23 10 9 4 14 27 29 9 11 14 11 12 0 1 22 14 22 11 24 13 9 0 18 13 1 19 24 22 16 10 1 4 25 2 2 17 24 15 30 22 23 4 3 24 11 29 21 12
19 13 0 8 29 5 19 10 17 19 26 8 6 12 24 7 20 15 12 13 3 2 13 11 3 22 19 7 17 22 10 4 19 2 9 14 30 18 20 4 4 16 9 18 17 1 22 3 30 17 23 13 6 0 4 3 8 6 17 9 9 21 1 9 10 2 26 2
23 24 28 14 19 20 13 29 5 9 18 5 23 24 4 19 27 0 3 28 28 22 8 10 27 13 11 22 1 4 5 26 27 8 15 28 17 3 11 19 9 28 30 10 20 15 19 24 9 12 24 3 28 1 3 5 14 25 25 2 14 19 18 24 0 25 4 9
26 12 18 9 22 12 23 7 18 1 27 23 19 5 24 12 14 8 3 29 1 7 12 19 15 21 25 1 21 9 8 27 16 5 14 26 5 19 14 3 18 12 15 20 12 3 1 19 0 30 29 21 27 2 1 6 22 11 9 24 17 11 0 19 24 23 17 27
3 21 11 22 3 26 10 5 20 15 15 28 6 4 9 13 23 1 22 26 13 28 19 4 27 21 11 9 30 10 9 30 21 3 18 25 10 10 24 4 0 0 20 14 27 9 12 17 5 8 18 7 7 25 9 2 21 24 17 0 1 12 8 28 7 15 6 12
30 22 10 23 4 5 13 15 19 7 22 10 23 3 0 8 15 13 15 17 19 19 2 4 15 10 12 27 21 21 5 22 29 5 1 25 13 10 17 15 30 14 12 17 27 16 7 12 9 11 7 30 30 13 6 13 3 29 12 6 4 20 5 27 11 27 17 13
14 27 17 28 5 24 24 6 26 11 12 7 2 5 9 22 18 5 22 2 5 25 18 5 2 17 11 30 11 24 25 20 27 17 13 14 17 9 11 23 19 4 16 25 29 24 14 11 12 9 20 12 0 26 7 23 22 13 15 27 30 24 29 17 24 6 25 1
21 0 23 19 29 29 3 25 16 5 9 27 0 10 6 4 9 27 14 5 25 21 5 13 5 30 22 8 25 19 5 2 21 21 25 25 15 20 23 17 29 22 23 12 21 21 1 10 13 8 17 15 9 5 1 23 26 7 11 9 9 27 28 5 8 0 26 3
13 11 0 25 14 28 11 17 16 30 4 17 25 11 5 15 13 4 25 17 19 5 22 17 7 3 9 8 21 16 0 27 28 7 8 16 14 16 8 6 17 26 30 29 29 11 1 28 6 10 7 28 13 24 28 14 19 14 9 24 20 22 0 29 27 27 22 1
8 16 18 21 4 0 26 9 1 13 17 15 11 18 14 12 0 11 10 13 2 18 12 7 23 7 11 27 29 21 27 23 29 6 18 30 10 28 3 30 14 21 18 3 1 7 8 20 29 12 2 11 5 1 11 10 0 19 25 29 1 3 13 17 12 11 2 19
25 4 26 26 11 16 28 5 2 12 22 17 23 17 24 10 2 27 16 9 29 19 6 26 18 1 10 13 28 11 9 13 17 11 9 0 9 25 27 5 4 16 20 5 16 30 21 15 25 18 29 4 3 30 21 6 15 13 18 18 15 24 14 30 2 5 4 2
15 12 14 14 30 17 28 6 26 25 7 6 2 22 22 24 18 4 29 29 12 13 12 5 25 15 15 2 9 22 23 25 5 23 11 4 9 30 7 11 25 26 5 7 26 8 26 15 23 9 29 5 2 21 21 23 23 9 23 24 11 6 12 22 20 27 3 24
0 2 10 3 6 23 28 1 29 3 2 27 3 28 3 3 18 29 3 21 2 11 14 25 9 14 28 9 11 25 5 9 15 17 19 18 2 14 11 25 29 29 12 20 2 5 21 19 0 22 26 1 19 17 2 7 5 13 21 29 1 11 13 18 6 21 27 16
26 27 21 9 23 11 1 8 8 13 8 0 4 5 12 19 27 15 7 13 19 7 7 4 5 12 9 22 28 25 30 10 12 13 0 20 10 16 27 17 30 11 20 0 5 12 19 7 19 4 1 12 29 13 22 26 26 12 28 14 16 17 2 18 2 6 27 0
30 17 19 29 0 14 0 3 28 14 10 19 10 6 0 1 26 29 20 26 16 14 4 23 6 5 12 11 2 24 4 0 9 7 3 18 7 11 15 7 20 22 21 4 13 19 11 13 8 26 3 3 29 19 29 12 29 30 3 2 6 16 27 5 10 10 19 14
3 13 10 8 20 13 14 29 20 24 6 9 29 12 15 14 17 23 1 6 1 21 2 0 11 5 24 15 16 18 17 7 5 25 14 28 13 12 29 6 1 25 20 12 17 28 29 24 9 16 8 0 7 30 29 8 10 9 13 23 22 30 27 14 13 5 12 7
0 21 8 5 8 9 0 5 18 10 18 25 8 23 2 7 9 22 29 27 4 2 1 26 30 18 10 3 6 4 12 7 18 29 2 24 17 6 9 17 26 6 25 8 18 28 18 4 18 2 12 9 10 2 7 6 30 30 15 27 10 3 0 14 21 15 16 6
2 6 10 17 17 26 18 25 19 5 5 22 22 2 0 13 5 0 27 29 2 0 23 29 4 13 19 6 29 28 21 8 15 2 18 25 13 5 25 5 18 7 10 8 4 13 10 27 10 12 1 23 23 2 13 30 29 1 3 4 4 25 15 1 22 23 23 20
22 19 29 4 16 19 8 6 5 6 17 6 17 4 15 1 20 13 17 15 22 21 12 0 0 27 30 19 16 7 8 9 8 25 19 10 28 6 4 20 19 0 11 21 25 8 28 15 13 11 0 26 0 18 30 16 9 25 12 5 14 17 0 28 13 12 13 8
10 0 29 27 25 15 3 1 26 22 18 12 3 19 8 13 4 25 23 5 18 1 3 6 3 10 1 1 26 26 27 0 15 8 13 26 2 7 4 4 12 16 21 27 22 16 22 20 8 0 7 6 4 13 16 5 22 28 9 9 19 29 8 10 26 16 3 29
4 25 21 15 7 11 3 17 11 23 1 9 23 25 12 25 5 13 6 0 20 24 6 14 3 30 3 20 20 3 3 0 10 15 10 17 27 21 17 28 17 27 0 14 6 26 11 28 13 12 2 10 13 19 16 2 17 1 17 23 8 22 27 10 20 8 9 0
14 8 6 8 7 18 2 15 5 6 19 25 24 21 9 12 3 24 7 1 20 25 24 20 14 25 4 17 8 26 11 9 26 8 0 6 14 10 18 22 21 15 16 25 18 18 23 17 29 12 5 2 7 17 21 21 6 27 18 16 27 18 27 19 24 6 21 13
29 23 19 21 29 11 3 3 22 0 16 10 7 0 0 29 13 25 28 30 15 26 27 23 3 8 6 13 1 2 7 6 2 17 23 7 22 15 10 26 26 27 20 10 2 17 24 7 30 5 24 1 21 20 7 20 30 24 21 30 8 16 27 3 13 28 8 1
18 23 3 4 30 10 5 27 29 7 25 26 9 7 24 30 6 28 26 13 30 17 25 27 2 9 14 29 16 27 5 20 29 25 21 15 17 7 10 4 18 25 11 0 11 18 30 15 2 12 23 17 30 4 10 5 7 3 29 17 13 30 11 3 27 5 2 10
26 4 28 3 1 30 7 0 8 25 5 9 17 19 28 26 5 5 14 12 0 27 13 23 27 1 2 6 14 7 24 3 27 10 26 0 30 20 19 28 21 19 14 22 30 2 14 29 23 23 9 10 15 15 19 27 15 19 9 20 26 13 16 14 7 7 15 14
14 15 2 15 7 4 23 6 17 8 0 22 11 10 10 29 30 23 29 10 18 26 12 10 2 15 20 28 2 29 15 12 6 28 28 3 30 2 9 10 21 21 20 25 19 12 1 13 0 2 5 5 3 4 11 15 18 29 29 5 7 21 6 18 29 26 4 3
15 18 10 4 14 9 4 0 6 17 22 24 18 8 18 18 27 11 25 6 1 4 15 2 28 29 21 21 3 18 28 5 9 13 29 1 10 3 13 8 25 16 21 8 15 7 15 21 15 14 27 11 16 6 14 26 0 3 20 12 26 6 4 11 9 20 6 24
25 14 27 13 2 8 30 7 6 27 15 1 6 4 11 28 16 10 22 3 29 7 9 7 0 6 25 30 0 8 6 27 15 4 11 27 12 18 17 9 13 7 18 12 17 10 7 14 14 16 23 21 19 9 27 16 25 27 9 23 11 24 25 3 24 3 30 4
29 9 8 20 19 6 24 6 19 6 29 23 19 7 23 12 2 13 2 16 17 16 24 7 10 24 4 17 21 26 0 12 24 20 3 13 24 29 13 25 24 30 13 25 1 22 17 15 3 28 30 25 0 28 18 2 4 2 3 28 4 1 9 11 23 26 17 21
27 19 8 18 10 13 25 9 10 8 12 16 18 22 21 27 7 30 8 27 11 29 2 20 22 28 2 17 29 16 28 15 18 1 9 2 26 3 6 22 13 28 10 28 5 28 12 7 20 20 30 4 5 23 22 26 3 2 30 24 4 13 5 20 19 29 28 1
19 7 27 6 13 4 18 12 19 22 2 29 16 12 24 28 9 10 22 13 2 15 30 27 8 22 17 22 0 10 23 7 0 26 15 24 4 16 10 20 29 15 8 16 3 28 12 16 24 10 16 7 16 12 28 19 20 24 13 12 18 14 19 10 1 30 8 22
15 0 28 24 12 22 25 23 1 2 16 13 0 14 11 18 25 24 2 25 0 7 27 3 30 2 14 20 18 0 26 3 26 27 6 25 11 1 24 18 0 21 6 12 22 3 14 16 10 26 4 13 5 6 21 4 22 11 29 30 0 29 27 13 4 16 29 23
30 1 18 20 6 3 19 0 4 0 2 18 6 3 17 15 6 0 30 12 4 2 13 25 5 25 16 30 2 5 15 27 6 10 25 4 3 3 19 15 11 7 25 28 0 5 28 28 16 16 27 16 7 8 15 23 27 29 4 30 12 5 19 27 0 1 16 30
9 29 15 14 18 26 0 12 26 5 15 20 8 21 16 1 30 29 1 20 13 22 27 3 29 20 20 11 17 1 12 26 11 20 23 11 6 25 28 10 30 13 15 23 20 30 4 5 20 17 17 26 11 7 15 28 23 29 7 0 22 17 19 24 23 18 18 11
26 1 5 20 18 20 11 1 6 29 30 0 19 20 13 29 1 26 18 8 15 28 2 30 23 19 10 7 14 6 21 17 4 15 10 25 9 9 29 1 22 18 29 1 22 2 22 7 30 27 22 17 10 24 29 4 11 6 0 16 24 7 3 14 1 14 11 11
3 0 16 21 16 18 27 13 19 23 26 26 10 27 22 4 13 23 19 18 29 3 10 20 7 17 14 1 11 17 25 30 15 1 5 0 29 22 0 8 29 6 3 7 8 27 1 29 0 27 18 30 2 28 7 19 7 14 23 9 16 13 11 3 30 5 22 28
26 20 21 12 12 2 12 12 28 22 5 0 25 27 3 18 24 28 4 25 4 21 29 12 12 26 0 19 12 9 4 23 29 0 4 30 7 19 21 19 22 26 6 1 14 7 22 12 3 21 2 18 0 1 25 24 0 21 24 14 5 22 4 20 12 19 26 26
15 13 29 2 26 4 0 22 20 18 17 22 29 0 30 3 11 3 25 13 27 14 6 12 12 10 21 13 25 10 26 1 3 18 3 22 3 18 0 6 30 22 17 29 18 11 13 1 1 27 19 4 18 22 25 30 10 22 17 27 10 5 20 9 30 11 17 13
17 20 11 7 24 10 0 7 10 17 27 17 3 8 24 13 7 21 30 30 21 24 20 16 5 19 25 25 9 7 26 2 14 20 14 17 13 26 13 24 26 14 13 19 3 17 30 22 0 24 2 18 29 20 15 15 9 25 22 9 29 18 8 7 17 0 29 18
13 13 8 16 4 8 8 0 9 30 17 26 27 3 4 16 18 16 28 8 18 11 22 23 27 6 22 4 23 20 0 17 12 7 29 28 22 10 0 26 26 2 9 6 11 18 10 26 18 19 27 27 15 28 15 14 25 6 14 13 15 2 10 4 15 9 19 27
15 20 1 7 2 18 20 9 25 12 29 29 1 27 1 27 7 21 25 13 4 28 21 17 26 14 22 26 19 7 10 23 17 5 21 28 0 2 27 29 3 22 27 3 0 8 30 3 20 12 14 4 16 27 6 13 1 21 0 9 11 3 30 11 4 8 14 27
15 7 19 10 3 8 11 25 7 16 22 22 15 12 8 8 22 1 5 22 6 15 30 19 19 18 19 28 5 21 0 18 14 15 20 6 12 15 6 8 17 8 14 4 12 22 20 15 16 29 18 27 1 20 26 11 27 11 25 30 2 16 9 4 2 27 5 15
0 26 18 15 11 1 21 1 13 11 18 2 4 29 12 29 6 20 11 24 30 26 13 15 26 17 12 26 24 18 26 15 17 25 11 21 16 21 26 0 11 10 10 26 3 17 16 26 14 18 17 6 26 15 23 28 22 25 4 7 10 18 28 29 7 27 25 24
0 3 3 15 12 6 1 7 12 2 1 9 7 19 11 8 1 15 20 15 21 2 20 9 22 8 13 24 20 27 4 23 25 18 5 5 21 13 23 19 7 5 18 23 10 16 29 27 15 25 30 30 10 8 19 10 21 17 29 17 14 15 11 8 25 30 11 4
25 12 27 24 8 4 24 14 27 30 1 30 0 30 11 28 21 24 26 4 18 26 13 10 9 5 13 27 16 22 10 29 16 2 15 29 5 5 26 15 24 9 9 20 9 14 18 17 12 1 3 8 22 5 4 25 19 4 26 17 18 7 5 3 5 8 10 5
5 13 10 12 26 21 10 29 2 6 23 22 15 10 30 1 1 24 11 19 13 29 1 17 5 19 2 2 18 13 26 23 23 8 17 14 5 19 11 15 29 15 5 27 29 27 27 17 12 4 22 11 1 9 25 5 24 21 28 29 12 10 17 1 19 7 23 14
22 8 4 14 13 30 19 19 4 0 26 23 14 6 27 3 24 30 6 1 5 24 16 9 27 30 14 5 25 7 20 13 24 10 8 15 6 6 21 5 13 11 4 12 0 17 4 1 29 2 6 24 22 16 16 9 1 23 21 7 24 30 29 15 19 21 21 8
30 12 1 5 30 18 6 29 15 3 18 27 11 29 28 28 2 16 4 28 14 1 14 4 1 20 3 8 26 5 13 13 18 9 4 28 13 20 18 23 9 15 15 23 15 4 12 8 14 19 19 24 17 17 11 22 26 24 18 14 14 12 21 30 18 4 30 19
21 18 8 0 10 14 23 7 9 4 10 3 9 5 26 5 13 16 18 25 23 29 10 15 21 26 27 26 23 14 20 26 11 24 30 28 17 3 25 16 1 19 7 15 21 12 6 15 10 2 3 30 22 1 10 30 29 12 10 27 0 12 5 21 18 17 13 2
10 10 7 16 11 24 14 23 11 4 6 4 23 18 3 16 25 28 11 15 12 11 2 8 6 27 19 19 30 1 11 16 11 4 29 20 20 26 10 20 4 15 1 17 3 9 29 12 10 24 3 9 8 11 28 13 20 2 27 20 5 18 18 12 3 20 30 22
9 17 1 19 10 21 10 2 20 10 5 13 10 29 21 28 15 2 25 5 10 3 19 5 16 23 28 10 25 23 24 30 25 20 14 24 14 15 25 0 15 27 8 8 22 1 19 12 22 26 3 18 13 17 8 16 27 5 27 25 5 10 27 21 19 26 29 5
6 20 26 14 26 11 28 27 7 7 23 15 28 17 3 29 0 11 21 19 16 3 30 26 2 8 15 6 17 23 29 30 12 7 27 11 18 12 18 0 25 11 6 2 18 4 26 20 3 15 21 22 2 18 13 24 14 1 24 7 9 21 10 25 18 8 29 14
20 3 28 4 11 17 28 9 17 27 11 9 17 29 27 27 7 28 16 13 28 4 16 3 27 30 14 22 9 22 14 3 29 25 19 6 16 10 5 4 3 27 19 24 22 28 8 19 21 7 25 15 1 10 24 21 6 7 5 30 16 3 25 7 7 15 28 7
21 9 13 6 4 28 21 29 3 29 16 7 10 12 10 8 14 11 17 0 12 29 14 2 23 6 11 0 30 30 1 3 5 15 7 28 2 15 4 2 23 15 14 2 9 29 14 8 7 6 25 8 7 20 24 12 7 13 23 16 6 6 18 23 0 9 23 14
26 16 3 11 8 19 6 24 23 19 10 16 13 28 6 16 11 30 30 30 15 2 3 11 11 2 23 20 27 22 20 2 6 11 17 30 15 0 4 11 18 4 16 1 1 28 6 9 2 8 9 15 5 3 6 11 0 9 5 24 3 23 0 12 18 29 13 9
6 4 0 2 10 17 17 25 4 9 3 4 11 13 9 21 24 1 29 10 11 15 11 3 30 9 9 30 28 24 23 16 13 21 3 8 23 9 19 7 26 16 11 15 27 0 1 25 1 30 25 19 11 29 22 28 28 28 22 19 2 26 17 28 24 12 14 9
22 9 30 15 6 13 15 22 13 0 19 0 17 16 5 23 3 6 11 7 20 25 16 11 12 28 19 21 19 13 19 30 11 11 14 0 0 25 29 4 27 13 12 25 21 1 19 28 30 2 16 30 9 15 28 7 27 16 1 0 2 16 6 16 25 20 16 21
