72 72
21 7 11 28 9 1 12 12 16 25 6 25 16 21 14 7 1 8 18 28 10 24 29 28 17 16 20 21 13 17 6 13 3 13 18 4 4 18 29 23 17 20 28 16 8 29 28 18 28 28 11 19 14 20 0 19 5 16 19 22 20 9 23 30 17 27 7 17 7 0 5 3
2 1 17 2 0 15 8 9 6 11 15 2 14 30 16 20 5 19 7 0 25 19 19 21 11 30 9 3 26 20 30 3 25 24 4 21 8 19 11 13 15 10 18 7 2 21 6 9 7 16 11 26 21 19 5 26 29 1 12 9 5 4 9 3 11 3 29 11 24 4 19 2
29 19 23 10 15 29 26 26 1 22 8 13 15 30 26 22 18 30 6 17 6 10 2 18 24 11 29 21 1 28 21 10 25 25 28 0 25 19 17 30 6 30 20 20 6 29 10 11 8 26 7 19 30 28 1 10 13 11 5 28 11 22 19 29 25 5 0 1 15 10 16 17
4 29 20 28 13 18 29 21 1 17 16 2 15 10 13 24 19 8 20 2 18 9 12 25 12 26 10 21 27 7 5 2 17 2 11 3 10 16 3 22 5 6 28 19 0 27 11 7 5 21 8 11 12 10 7 7 28 23 26 1 5 25 21 21 4 27 4 7 6 16 11 11
18 3 17 22 24 27 21 20 24 24 1 14 22 8 7 18 23 22 28 16 20 26 7 5 2 8 20 22 11 17 7 28 24 3 13 22 2 12 2 1 11 26 12 27 22 4 22 10 9 29 17 28 28 18 7 4 14 4 18 20 29 14 1 29 27 15 20 21 5 16 25 20
2 16 21 27 26 25 21 26 26 7 28 17 22 5 11 28 7 14 9 26 6 14 22 25 15 18 17 27 17 29 4 23 17 28 19 9 14 29 16 2 7 5 28 25 30 26 4 5 25 20 13 0 3 18 21 27 2 4 9 19 9 5 10 20 27 26 4 10 26 10 28 8
8 15 13 29 29 24 18 19 18 19 8 1 20 9 12 1 2 9 4 16 17 29 27 16 0 17 18 20 22 1 2 23 17 0 15 2 2 14 25 16 6 2 16 20 16 5 26 3 13 23 2 7 17 12 6 7 0 13 16 8 12 18 1 21 3 25 1 30 24 8 6 11
3 30 10 23 22 10 22 1 9 8 17 20 6 23 30 29 1 16 20 14 10 22 5 5 28 21 24 23 23 5 20 9 26 8 16 28 20 25 23 21 3 8 15 20 7 20 29 5 6 6 0 14 28 20 4 9 7 8 4 17 17 30 15 10 9 8 28 24 16 27 25 22
9 30 14 12 7 25 21 1 1 6 25 24 3 21 17 8 8 27 25 10 18 1 12 6 18 5 3 25 30 15 4 1 7 28 12 4 24 10 4 30 24 17 29 4 22 11 11 1 28 9 6 26 19 22 11 3 20 24 21 22 14 25 6 15 10 10 1 5 4 21 18 3
11 0 9 20 7 10 16 12 14 25 26 0 15 2 11 28 9 28 20 21 0 29 29 15 22 1 21 12 1 10 29 24 29 13 19 27 13 9 0 18 20 27 15 30 13 0 28 28 16 9 27 11 5 12 8 26 16 0 6 7 9 8 25 26 27 7 18 12 24 5 19 6
9 30 26 17 19 11 17 13 12 25 15 15 8 29 10 15 24 20 6 22 28 20 29 12 1 15 16 12 14 6 6 11 19 30 16 5 6 12 13 22 0 3 13 10 8 6 13 9 29 24 6 18 9 20 17 21 11 22 8 19 20 20 3 4 12 3 20 11 23 20 30 25
29 6 12 15 0 13 24 23 4 12 14 22 17 4 23 22 23 9 0 11 29 3 12 27 5 7 2 7 18 4 24 25 2 12 14 28 0 24 29 24 9 10 23 3 15 19 4 2 15 20 10 29 23 27 10 6 21 4 30 8 5 25 26 10 1 1 17 8 17 19 30 3
28 20 3 29 11 17 8 8 4 13 7 22 23 21 16 7 23 23 25 23 18 23 17 28 16 22 7 19 6 12 28 27 2 30 20 20 15 15 5 10 5 3 9 16 25 13 9 5 8 8 20 12 18 23 18 19 0 30 29 23 10 17 24 25 17 2 2 0 4 1 19 28
23 24 22 0 4 23 21 1 12 21 2 17 18 18 17 14 21 29 2 8 26 2 3 7 9 22 23 18 11 25 11 26 10 6 26 0 2 9 5 13 13 30 16 3 23 11 18 10 4 26 0 21 25 4 25 26 23 21 23 20 12 2 9 20 18 13 4 2 16 16 17 2
13 26 29 4 1 9 25 23 1 10 12 16 16 18 28 23 9 8 22 9 28 6 14 22 29 30 14 6 17 6 26 27 15 5 1 26 7 22 1 15 24 18 12 29 1 27 9 11 19 16 3 9 1 6 9 7 29 28 5 18 15 25 15 6 7 7 18 6 24 21 26 28
15 27 7 20 29 21 23 27 9 19 25 1 22 15 19 26 13 23 13 29 29 4 17 30 23 22 14 22 5 30 7 22 6 4 24 3 24 17 9 21 25 29 16 11 17 26 19 3 5 17 22 9 23 8 25 8 5 21 25 22 21 12 23 15 9 24 0 10 26 7 6 7
10 13 13 23 15 12 0 2 24 24 6 26 19 18 30 0 18 8 11 24 21 25 14 24 18 20 25 15 14 9 22 2 6 11 14 13 10 27 8 14 8 24 24 26 12 26 18 4 14 4 3 22 16 12 26 18 21 1 11 15 5 1 6 21 0 9 14 9 12 22 1 2
5 12 7 29 9 25 12 4 5 29 8 25 9 14 29 15 30 9 28 7 28 30 15 28 1 9 6 4 4 20 3 23 4 2 18 0 5 15 8 9 23 15 13 11 21 25 23 19 6 16 0 12 8 12 16 19 26 23 27 29 10 29 26 4 7 24 4 27 15 15 1 22
29 19 15 1 1 24 8 10 3 20 16 16 21 8 17 0 9 19 17 25 28 30 16 18 28 11 0 18 25 2 9 11 8 1 16 11 27 8 21 8 9 0 13 7 13 23 17 14 5 29 23 1 1 23 23 21 29 19 5 10 7 7 26 3 3 29 13 22 10 8 11 12
3 12 28 24 4 6 11 28 4 0 19 10 11 5 4 15 9 22 1 18 22 19 9 24 30 11 26 30 28 3 25 1 9 0 26 30 14 1 23 13 18 30 9 19 21 19 22 0 29 21 0 11 9 4 16 2 27 25 1 10 15 4 25 24 26 20 12 14 12 16 20 12
22 20 5 21 26 0 30 28 30 3 1 8 7 20 25 20 14 21 29 9 15 10 22 21 23 19 24 20 21 27 6 19 7 11 7 27 2 16 25 19 15 19 19 6 6 19 29 8 25 21 8 2 7 22 15 9 26 0 26 6 6 3 9 23 24 22 13 10 11 1 10 18
30 17 0 4 3 15 14 22 7 10 7 18 8 0 25 9 21 26 4 1 7 8 30 16 14 13 17 1 29 5 7 7 23 13 6 11 17 30 30 16 24 7 2 12 12 28 7 7 26 1 27 22 29 1 25 16 24 25 29 27 16 29 9 4 27 21 14 10 25 21 10 27
23 30 8 7 28 5 24 0 23 30 5 5 7 20 10 27 24 1 27 9 13 24 12 22 22 9 17 9 7 1 16 30 25 30 18 27 7 20 9 12 16 21 7 14 2 11 28 12 6 7 3 30 21 5 10 2 13 19 30 11 1 29 27 8 19 12 18 3 1 9 14 30
26 6 10 30 2 29 15 17 21 29 17 17 7 12 6 13 17 14 0 14 10 10 28 26 7 6 16 0 0 4 5 17 4 5 30 28 10 19 18 9 10 1 22 9 25 26 15 26 2 28 28 29 9 16 15 13 19 23 21 13 1 3 26 23 17 3 2 19 8 26 3 20
25 15 11 24 1 12 7 15 21 16 12 29 5 13 22 22 6 6 16 6 20 20 22 9 26 13 11 28 17 23 17 12 25 22 13 20 8 10 17 7 24 19 3 18 1 19 25 14 15 26 27 12 15 27 16 17 12 16 0 2 5 25 22 13 1 13 8 2 24 11 12 27
10 26 12 17 16 27 15 18 1 30 14 15 26 0 12 1 18 11 26 30 13 7 23 1 12 5 25 4 20 5 28 28 20 13 17 20 14 15 1 22 3 12 29 4 23 10 26 11 17 11 15 3 1 20 28 7 3 12 13 15 22 11 9 14 30 12 6 4 22 19 5 12
16 4 8 5 11 20 26 24 16 28 4 1 1 3 24 19 25 8 23 24 1 24 14 14 3 6 5 10 16 20 19 2 6 29 23 21 13 1 29 29 7 23 15 3 26 4 1 14 14 29 4 23 21 0 25 9 22 22 16 11 19 17 24 19 20 22 18 2 14 20 10 5
8 25 22 1 13 10 26 19 19 11 20 9 9 29 23 14 19 5 16 12 7 29 24 3 6 25 0 7 14 25 8 5 24 16 16 1 3 11 8 18 6 29 14 7 17 5 20 1 28 29 13 9 16 3 11 4 24 0 15 4 9 18 5 0 14 24 2 10 8 6 26 5
9 11 1 12 5 9 2 17 27 26 26 24 19 14 30 22 22 1 2 4 6 23 22 16 6 29 24 4 8 15 0 27 7 5 24 13 27 26 7 28 27 8 2 3 16 13 23 25 16 10 14 18 21 23 9 19 3 19 21 2 0 12 20 28 30 9 28 26 12 16 2 5
7 17 21 7 9 21 16 2 21 16 27 14 7 3 20 28 7 1 23 1 14 1 25 27 23 3 11 7 2 3 20 20 28 23 1 7 11 14 18 9 6 27 27 22 25 26 4 25 10 29 27 12 14 4 29 14 7 22 6 17 14 19 27 27 24 6 19 23 2 1 0 4
21 20 8 10 6 1 24 1 29 23 1 23 20 27 25 15 2 13 2 0 22 24 8 3 3 10 2 23 6 8 26 0 0 3 17 18 5 29 13 28 24 22 11 14 3 22 18 5 10 17 8 12 24 28 16 12 6 17 7 4 9 20 15 10 1 9 16 0 14 11 21 14
7 2 26 6 13 24 14 6 25 3 29 10 25 11 5 17 14 29 18 8 5 15 30 16 7 29 1 28 17 13 7 9 13 27 7 30 7 24 18 1 21 8 7 15 8 23 5 8 22 3 11 18 26 21 20 4 16 21 18 2 10 16 11 4 23 16 12 30 3 6 10 10
17 17 17 8 12 28 0 18 7 30 19 10 19 19 9 9 25 18 20 28 4 23 19 18 28 12 12 10 3 10 21 8 9 23 6 17 7 9 5 15 7 16 1 3 7 30 28 1 28 30 25 24 5 5 10 12 1 0 13 24 6 21 23 21 22 3 3 6 1 13 18 10
11 29 0 2 13 14 12 25 22 25 5 16 2 30 25 14 19 22 4 2 13 6 6 21 15 29 18 4 8 0 8 17 17 26 16 7 8 21 21 21 0 29 16 6 8 29 20 27 7 14 14 15 23 22 19 17 5 3 9 21 25 23 23 12 15 17 6 3 25 2 15 23
26 12 12 19 1 11 5 22 12 27 13 20 4 26 3 19 6 9 13 9 27 22 13 22 13 1 6 12 15 30 26 3 29 15 23 25 19 10 17 7 5 23 28 14 18 6 9 20 10 6 8 19 18 9 26 0 16 22 2 17 26 5 20 18 17 5 24 22 11 4 24 25
6 15 7 10 4 0 26 7 7 23 22 27 22 22 14 14 17 18 14 29 10 25 27 13 25 10 30 15 12 23 17 22 24 29 17 17 11 1 29 5 9 11 10 20 13 8 12 24 7 3 14 25 3 20 0 13 9 9 25 4 9 17 30 14 25 26 24 0 13 1 30 9
5 15 30 2 19 30 17 25 9 12 29 30 26 23 11 17 3 19 17 9 13 1 3 18 8 0 1 22 13 7 20 28 2 13 24 25 22 8 7 28 22 21 30 13 5 3 19 7 7 28 10 30 25 9 9 20 22 21 16 21 5 19 8 29 17 22 1 25 18 29 14 23
3 0 21 5 18 4 16 27 7 28 3 26 10 6 26 19 17 18 0 6 13 23 18 21 17 20 16 14 28 23 3 19 30 24 16 24 22 9 11 28 21 24 28 10 18 17 26 28 10 23 11 2 28 12 17 24 25 6 9 26 23 5 22 8 14 13 14 7 6 29 14 28
17 5 22 27 14 7 13 9 21 4 19 11 23 2 21 6 7 5 5 17 9 19 2 2 13 24 17 3 12 20 16 6 1 25 5 24 12 17 15 26 24 14 13 30 18 11 14 9 2 2 13 19 21 9 4 18 11 25 7 29 21 18 28 8 30 5 10 1 9 25 0 23
25 23 26 1 13 15 25 19 6 3 9 25 19 6 7 17 5 21 27 16 10 13 1 12 7 21 14 5 1 2 14 14 19 16 19 11 18 4 26 13 9 5 2 8 26 13 7 26 28 8 13 9 14 2 5 3 7 26 0 21 23 10 12 20 29 21 7 5 12 21 7 24
3 8 16 11 25 23 24 3 28 14 6 22 15 30 1 10 26 11 3 7 13 13 5 5 17 9 18 6 16 12 13 17 5 15 19 5 19 30 10 22 3 28 18 8 8 19 27 4 15 20 11 28 2 19 20 30 26 23 7 18 19 7 23 27 29 29 6 21 8 19 11 21
2 18 13 6 27 30 19 30 27 10 7 18 29 19 4 20 4 18 6 7 24 14 2 13 17 0 7 10 11 16 11 27 9 14 3 15 29 25 1 11 26 27 26 24 13 22 23 4 3 3 26 1 0 29 17 0 4 19 1 28 17 27 28 15 3 16 13 2 16 18 17 0
22 3 1 24 22 19 12 19 9 27 18 8 24 4 28 19 0 17 11 17 6 5 1 13 0 28 19 1 17 24 12 17 20 21 9 23 10 26 5 26 16 23 15 18 24 2 23 2 18 1 16 20 6 23 1 13 19 2 17 29 1 18 27 18 20 6 25 29 26 20 26 26
13 7 9 1 21 9 15 22 12 2 5 25 12 10 6 23 14 28 2 12 28 27 30 10 21 26 26 22 8 22 8 29 3 11 3 29 24 30 9 23 26 9 16 5 28 24 2 4 6 12 17 10 0 19 21 1 20 19 10 15 26 2 3 15 11 27 13 26 9 12 6 27
14 6 15 1 23 19 7 30 28 20 23 21 27 11 17 16 21 1 0 5 9 7 14 3 6 13 13 26 23 1 21 6 5 12 29 21 28 22 8 22 26 15 1 30 26 0 26 18 16 19 10 2 27 3 9 24 9 2 3 15 5 5 28 14 29 16 11 18 20 17 18 1
25 24 13 4 18 13 13 27 24 30 13 22 12 7 24 12 11 22 12 6 16 17 29 7 29 11 8 5 30 10 23 26 30 22 20 4 11 8 15 18 1 11 29 15 16 9 25 29 0 14 19 1 21 11 23 1 22 12 14 5 12 16 18 20 28 16 4 12 22 12 0 25
17 29 7 8 14 16 3 26 9 6 8 2 25 6 10 29 22 11 15 12 3 3 18 14 9 23 14 10 18 24 5 18 6 23 23 7 3 1 29 3 11 7 6 30 5 29 10 8 6 28 29 15 13 27 3 22 7 27 7 13 14 25 27 20 20 9 21 12 11 4 23 7
12 8 17 18 6 16 24 11 30 23 9 7 29 0 26 19 7 19 30 17 4 1 28 17 27 1 18 25 18 26 2 15 17 14 20 25 0 3 8 7 26 11 5 15 23 29 3 15 30 23 14 20 16 0 3 23 3 12 25 11 8 26 2 24 8 10 30 9 2 29 14 16
26 8 23 7 13 6 8 11 18 6 14 0 23 18 4 8 19 10 11 4 29 23 14 29 13 1 3 30 9 13 5 29 8 26 25 17 7 25 2 27 26 28 23 2 18 14 19 9 13 26 22 25 11 8 7 1 29 26 9 7 21 8 10 11 14 19 20 15 24 24 25 5
27 19 7 3 11 0 4 30 13 17 18 0 22 10 11 21 10 30 4 26 5 19 4 15 3 25 17 9 8 11 11 21 19 26 29 1 11 14 5 6 27 10 23 9 27 28 5 7 12 9 22 2 28 28 21 0 13 3 15 2 6 18 10 29 9 17 23 1 17 6 19 27
27 3 22 4 14 22 22 9 30 26 4 13 25 2 29 15 22 5 19 12 18 0 11 5 25 5 20 24 24 4 15 18 13 16 13 28 29 11 19 26 10 28 18 12 3 0 9 30 30 21 0 10 20 16 8 9 29 30 29 6 4 6 0 14 2 5 0 13 30 30 30 28
16 28 28 30 20 19 17 5 24 24 26 7 12 13 27 22 7 6 19 22 1 19 18 1 24 2 24 27 19 8 20 20 12 13 4 6 3 27 14 27 2 6 7 5 2 23 3 9 29 4 7 13 25 29 1 27 28 20 22 12 2 10 29 7 9 20 0 8 1 0 18 29
9 25 9 29 30 16 7 25 14 8 11 21 16 10 13 10 9 24 30 25 17 7 8 26 8 23 18 4 23 19 21 26 22 8 14 4 23 27 8 21 4 24 13 0 26 9 10 21 29 3 13 6 1 7 24 8 25 18 28 16 22 21 29 18 28 9 21 23 9 9 30 4
21 14 5 21 16 19 29 5 6 12 24 22 2 19 19 21 11 8 24 17 6 26 6 8 1 13 25 20 14 19 1 30 0 3 16 28 30 11 24 8 25 2 13 9 4 3 2 24 24 4 27 17 11 29 6 25 18 17 2 23 24 12 5 29 27 17 8 5 17 30 20 3
30 22 7 1 18 0 3 28 15 30 17 29 4 11 11 26 21 22 27 16 17 27 6 22 27 30 9 29 15 11 16 15 10 23 9 24 6 8 2 28 21 22 17 23 5 12 17 30 14 8 14 16 10 13 11 2 14 29 23 20 29 25 9 19 24 23 6 8 4 5 18 18
7 18 9 5 23 19 4 27 4 27 9 27 9 1 15 20 29 4 19 28 11 11 29 13 26 17 12 28 5 30 2 1 17 2 25 24 2 2 4 16 22 25 20 3 10 28 6 2 14 11 1 9 10 21 4 9 30 4 26 17 12 12 10 1 3 28 30 10 1 25 0 27
12 22 22 1 23 22 8 29 15 11 0 26 25 11 26 0 13 20 21 26 16 1 21 26 21 23 23 11 9 27 13 6 9 18 24 28 14 5 17 29 18 11 8 21 7 21 24 1 18 11 3 23 5 24 12 28 10 23 4 30 4 10 20 16 25 10 30 2 1 16 13 25
29 12 10 24 2 14 30 17 29 23 24 29 9 5 24 3 18 5 0 2 2 20 2 11 21 18 6 2 21 11 13 23 14 5 19 17 0 4 0 23 10 28 8 8 9 5 15 16 7 27 19 13 21 5 17 24 6 12 8 7 23 15 15 26 4 8 16 21 27 22 19 27
1 7 1 24 21 7 1 21 2 8 9 14 29 9 12 14 1 19 1 7 8 11 22 22 8 13 28 8 1 22 6 6 21 29 22 22 19 30 26 21 25 15 4 20 11 9 28 22 7 24 0 8 9 25 7 7 17 15 3 4 27 25 25 22 2 21 16 29 29 25 7 4
29 13 25 1 23 3 10 5 27 10 15 18 10 12 21 15 18 7 20 14 2 7 19 16 15 21 22 25 8 24 22 22 22 15 27 0 26 23 2 29 29 27 4 12 3 26 30 7 5 23 29 9 5 21 23 18 27 2 26 20 10 11 11 15 12 10 17 11 24 10 27 28
20 24 0 2 1 15 27 29 17 9 0 14 18 14 24 16 2 20 27 24 2 30 29 3 2 26 5 15 21 7 14 4 6 25 4 8 17 13 14 0 20 30 29 8 27 21 1 10 24 6 29 17 20 1 25 4 14 16 15 27 29 14 20 20 4 26 18 25 17 18 5 8
23 16 30 16 27 3 29 3 6 24 26 26 0 13 5 6 14 10 8 20 21 8 8 26 19 1 1 9 7 22 25 10 22 30 15 30 29 3 10 14 19 5 17 15 28 5 7 21 5 9 17 7 17 17 28 7 29 3 2 15 3 19 4 9 30 20 28 22 6 29 28 28
17 23 1 11 28 3 6 6 11 8 28 16 13 25 5 28 23 0 21 30 16 15 28 13 18 18 8 8 18 17 4 23 22 25 8 0 19 21 20 0 6 24 21 5 19 0 9 21 9 13 15 6 13 18 13 11 22 14 0 0 9 29 22 11 1 27 12 22 19 12 17 24
14 16 4 7 26 29 27 29 6 23 25 6 26 11 25 8 13 23 6 24 27 19 19 5 18 9 8 0 2 7 30 16 1 11 20 29 18 24 7 21 7 15 0 18 23 14 22 15 0 4 19 3 12 16 0 22 29 15 11 17 25 12 6 19 1 0 9 28 30 25 30 9
29 21 18 19 22 12 1 4 19 9 6 13 3 22 10 6 20 1 0 15 15 2 2 16 9 6 17 28 26 26 1 16 12 7 0 23 18 14 11 15 30 6 8 18 23 26 20 0 2 7 19 29 28 27 4 23 29 1 15 21 21 22 29 6 25 15 26 17 18 5 8 18
0 16 12 6 5 23 24 21 6 3 22 19 5 24 30 23 26 17 26 23 27 14 28 2 11 19 3 9 25 29 30 2 25 3 25 2 5 7 22 4 18 8 5 2 30 14 1 7 21 3 29 30 8 0 22 28 10 0 11 21 5 9 5 17 21 28 26 11 10 26 8 25
7 2 5 4 3 1 22 8 9 27 25 4 13 19 1 13 29 7 8 28 22 7 16 20 19 7 11 8 7 7 12 4 22 2 23 8 30 25 0 8 18 23 27 24 5 9 13 7 30 3 0 15 21 3 25 26 11 30 9 3 17 3 7 25 21 29 19 10 26 15 8 17
20 9 20 15 6 17 28 13 5 16 6 17 12 13 6 30 18 26 28 13 5 9 7 27 9 16 10 9 10 0 3 26 17 0 26 13 23 10 27 14 14 21 25 15 18 13 23 10 5 15 7 4 2 21 26 5 22 5 28 3 22 2 5 5 22 12 26 18 13 26 30 24
21 23 26 0 13 28 21 0 26 8 24 12 27 3 1 28 29 17 25 12 5 5 13 30 10 19 21 17 23 0 23 6 16 2 7 30 19 28 30 8 21 26 9 9 30 15 12 0 10 7 25 28 14 5 24 29 18 5 21 3 27 22 13 15 11 27 25 10 9 1 7 17
10 20 2 30 28 23 18 19 20 19 9 24 12 24 25 16 2 3 18 23 10 8 26 12 7 24 2 20 5 27 11 13 19 7 10 4 25 4 6 6 26 8 18 2 1 21 24 29 12 22 6 27 2 13 2 1 20 13 5 17 18 23 26 5 9 5 11 4 20 22 19 8
25 27 21 5 22 24 29 2 17 1 18 29 20 11 24 25 0 17 20 22 9 25 21 25 20 14 9 14 9 10 11 20 3 1 29 27 28 30 6 19 15 6 13 25 25 24 4 27 10 29 16 2 29 16 10 5 11 4 17 2 28 10 12 25 0 10 17 25 2 20 10 5
12 28 5 24 30 28 9 23 28 6 2 19 15 16 12 4 2 20 24 15 15 28 21 20 6 30 23 0 8 17 18 4 9 30 5 29 27 15 6 7 26 14 30 0 28 14 5 7 2 14 17 23 3 28 21 13 21 19 5 12 7 2 0 12 16 11 11 15 2 4 25 0
