74 74
20 11 20 23 13 30 8 3 11 6 29 3 15 9 29 1 22 19 5 21 18 5 10 21 2 27 29 5 10 13 13 2 3 0 4 19 2 14 11 6 4 25 18 6 23 0 3 11 28 2 3 6 4 1 27 22 23 2 18 7 25 8 28 3 5 27 6 24 21 10 9 30 4 8
24 17 13 24 21 8 17 24 25 4 0 15 12 19 9 15 29 12 10 0 29 18 10 21 0 20 27 7 21 25 10 25 12 7 14 12 5 9 25 11 22 21 3 5 1 13 14 29 13 4 12 22 21 0 27 3 24 8 30 24 23 13 29 16 4 2 12 17 4 16 5 19 25 22
1 27 0 20 17 13 14 0 24 23 27 1 29 29 12 27 3 10 4 18 19 3 22 7 30 12 28 27 21 18 27 2 24 30 29 17 5 14 8 10 0 7 7 21 11 14 1 18 22 8 11 27 4 18 22 22 6 10 9 13 4 14 18 3 6 1 23 7 14 2 21 20 27 13
25 4 11 23 13 16 8 1 3 22 9 18 18 30 15 19 2 28 22 12 9 28 27 0 15 7 10 9 30 15 7 21 11 19 27 25 28 2 16 1 0 18 8 0 16 19 9 10 17 22 0 22 13 28 19 26 22 27 28 17 24 20 18 27 24 28 20 9 26 11 5 26 2 26
12 24 4 20 11 11 5 20 29 25 2 2 1 20 18 6 21 27 25 22 22 27 14 19 2 16 14 1 25 22 2 21 12 21 25 8 7 8 11 29 13 5 12 4 22 5 1 18 13 29 13 29 21 20 28 9 5 5 16 6 13 13 18 26 7 29 1 5 22 21 6 29 13 1
17 1 28 5 12 17 18 15 15 25 21 3 28 21 18 17 21 8 3 25 23 19 8 14 17 24 26 21 2 6 7 13 4 2 9 22 30 19 7 26 30 23 16 5 22 21 25 28 13 16 15 29 22 21 24 14 4 23 25 13 18 19 0 20 10 7 12 1 6 14 25 1 3 16
0 18 12 9 12 4 27 13 27 8 18 20 21 4 9 14 7 16 16 7 20 27 4 15 30 4 8 18 26 0 8 25 24 18 22 5 25 14 21 23 25 19 22 30 25 6 7 17 1 14 24 11 17 7 1 21 25 23 2 6 5 22 24 27 12 14 12 3 25 19 10 28 13 11
12 8 23 27 3 28 5 22 24 19 15 3 22 22 16 5 2 13 23 9 30 18 7 8 26 5 11 28 1 21 13 12 24 26 27 7 19 18 1 0 16 19 3 19 21 1 7 24 22 8 14 13 10 3 8 7 16 18 11 26 21 14 9 14 4 22 9 13 12 16 16 20 27 7
8 3 17 30 21 22 5 24 15 23 4 21 26 10 2 1 13 15 9 9 21 8 12 7 29 25 12 19 25 15 27 9 10 10 19 23 19 21 5 8 13 2 7 24 17 13 3 21 22 18 17 10 12 4 11 21 19 1 25 20 29 18 21 6 21 2 12 6 0 3 17 23 9 23
29 23 9 16 22 11 25 10 13 6 26 6 8 3 8 28 19 10 18 2 13 22 3 3 12 24 26 0 13 21 4 13 29 13 26 12 19 20 1 21 4 11 28 0 9 17 15 5 0 13 1 22 0 8 25 10 21 20 21 4 29 20 19 22 28 8 22 16 3 17 22 18 3 0
13 22 3 10 17 25 16 27 3 22 8 6 6 18 3 0 18 30 28 18 2 26 3 28 17 0 9 10 12 28 8 1 26 3 10 19 29 9 19 7 16 23 28 16 9 13 13 27 9 11 28 1 5 14 2 3 13 5 2 15 1 22 16 23 30 17 12 9 14 26 23 22 1 7
6 28 21 4 15 5 25 30 6 0 17 7 11 5 2 24 17 20 7 23 8 16 2 17 26 9 19 25 25 10 16 19 1 26 19 18 1 15 7 9 8 16 9 29 25 15 8 24 0 8 11 1 8 8 4 29 21 20 0 30 15 28 10 28 2 23 22 22 16 14 24 26 4 30
22 6 1 2 29 21 17 10 18 22 13 20 3 0 1 8 22 6 25 18 23 5 3 7 7 2 7 13 5 25 7 10 4 16 19 12 16 29 11 18 1 30 20 18 1 13 0 10 7 15 3 15 18 21 2 19 19 2 10 11 20 23 8 7 9 26 25 11 7 0 30 11 20 7
30 19 9 13 16 24 10 17 10 0 19 0 19 1 14 6 3 25 30 6 16 17 26 7 22 25 8 21 19 16 9 13 0 27 30 16 12 13 14 20 16 19 14 0 16 27 13 11 20 25 1 2 22 12 13 29 16 26 19 19 6 7 1 17 25 3 29 21 21 30 14 5 2 6
21 16 9 13 30 16 23 5 3 16 16 28 21 4 10 24 20 22 9 1 5 17 22 11 14 29 12 17 12 10 25 13 1 24 22 17 25 18 19 15 29 10 4 6 26 23 20 30 2 25 16 3 30 23 27 15 10 15 5 11 12 4 5 5 22 21 16 5 14 30 18 8 19 13
14 22 29 17 7 1 18 21 24 23 5 1 9 12 0 9 15 3 13 4 4 1 30 27 30 8 7 27 17 25 27 18 29 11 16 18 4 0 30 25 16 23 12 27 5 1 28 0 24 1 21 24 8 11 28 2 4 19 29 25 10 27 19 12 27 26 7 23 12 1 25 23 28 4
17 8 26 18 29 22 28 16 25 3 7 20 30 19 8 15 3 17 9 6 23 9 30 13 24 22 9 29 29 12 3 9 7 3 3 27 7 14 24 12 9 1 30 22 9 20 24 14 3 1 18 23 27 23 14 28 26 10 22 23 25 22 22 17 11 13 5 16 18 16 23 20 0 0
2 23 6 21 19 28 4 1 18 24 4 21 18 1 10 13 18 18 7 21 15 0 21 2 5 3 15 21 1 22 1 27 20 22 22 9 28 0 23 11 21 10 16 0 16 17 23 3 2 11 28 29 18 0 15 0 22 24 24 22 7 17 22 3 19 28 5 15 3 19 20 24 8 22
22 27 20 13 10 4 29 12 4 21 28 17 16 8 3 22 28 15 5 12 7 23 11 2 25 16 29 19 8 11 17 18 11 20 16 10 12 9 12 29 1 27 20 19 11 12 4 7 16 5 27 1 21 28 1 12 30 27 23 4 1 18 19 7 26 7 26 25 10 28 12 3 15 7
12 0 21 19 2 16 19 15 21 15 6 28 1 20 11 3 25 20 30 27 1 27 10 29 5 3 4 17 22 24 29 29 12 9 21 13 30 26 24 16 29 4 14 20 11 3 19 18 10 6 21 24 7 30 14 27 29 24 19 13 24 21 28 19 21 18 21 7 23 11 6 3 26 20
29 30 10 13 17 6 11 23 7 28 3 29 21 1 15 18 7 11 14 12 22 18 8 19 28 25 12 15 10 4 28 25 0 16 12 12 18 13 23 12 25 8 5 28 16 5 12 23 7 2 19 19 21 20 14 15 19 13 27 3 9 29 25 24 1 16 28 25 5 6 26 22 21 22
2 22 16 24 7 26 19 23 26 16 20 15 7 28 30 28 27 0 5 11 22 4 10 14 13 24 19 17 5 16 7 5 24 20 21 8 11 2 28 9 17 1 24 21 24 12 7 1 22 8 4 14 28 10 8 20 28 24 30 11 4 29 4 22 2 21 15 25 30 24 0 8 27 3
22 27 14 25 20 10 21 13 30 7 10 29 20 27 8 20 23 18 19 2 21 22 27 8 23 18 23 30 13 21 23 8 16 12 26 24 23 9 5 30 12 0 5 13 12 19 2 11 29 14 21 12 21 3 28 6 7 17 24 7 24 20 17 5 15 1 28 23 10 6 14 14 30 13
13 7 9 28 3 23 16 13 10 14 14 7 4 10 4 28 10 9 16 10 2 11 25 27 6 4 5 23 28 14 8 30 9 5 16 4 19 10 6 4 8 27 25 0 15 1 28 5 6 3 1 28 14 8 30 22 3 12 0 11 25 22 12 24 21 6 28 10 17 1 6 0 19 23
15 8 30 19 22 7 29 26 23 20 22 16 17 26 16 7 23 3 6 5 19 14 25 23 15 26 28 29 13 29 7 3 28 24 28 10 15 5 19 23 14 4 10 28 18 29 2 10 22 18 6 21 11 17 8 2 22 16 21 17 13 22 29 19 12 25 25 22 8 18 2 2 28 16
19 7 28 1 2 3 17 21 4 1 7 19 17 18 17 17 20 21 8 9 5 23 24 4 23 0 28 19 27 8 12 8 15 11 7 17 24 11 29 0 7 18 18 13 21 5 28 2 29 2 19 23 23 28 29 0 6 17 11 26 21 13 4 21 6 14 22 2 26 27 3 10 23 6
29 22 25 9 19 21 0 21 29 21 12 29 2 8 6 18 24 1 11 18 10 6 29 9 19 21 7 12 21 19 22 29 0 22 2 11 24 11 22 0 18 1 18 16 12 12 19 4 30 6 20 24 15 8 13 19 22 13 22 22 16 10 28 22 5 24 15 4 5 24 9 21 19 5
6 1 0 6 2 28 16 3 17 7 13 24 15 23 4 0 26 6 3 3 2 29 6 16 18 30 24 15 11 11 3 25 23 25 0 13 27 27 2 1 4 27 1 13 2 22 27 25 24 22 25 20 24 13 20 6 7 0 18 25 27 10 1 7 25 0 14 8 2 14 22 9 11 24
4 11 24 3 17 1 11 1 9 24 22 3 9 20 14 15 11 14 4 8 0 27 1 20 26 23 7 30 13 0 27 15 22 25 26 17 14 10 22 9 0 22 26 24 16 29 10 19 28 1 9 29 30 1 4 0 8 12 18 11 18 23 5 5 10 3 3 27 28 4 25 22 15 18
30 20 20 15 25 26 16 6 0 11 1 16 15 1 16 29 9 4 18 29 17 17 5 9 7 11 7 18 12 6 12 11 4 2 28 12 26 18 24 8 18 18 20 9 30 13 26 10 15 12 21 13 4 3 23 10 7 8 23 28 16 23 24 9 25 14 9 30 9 20 30 28 26 7
8 30 13 26 1 27 27 21 19 9 21 9 24 23 14 19 27 7 5 9 22 5 14 17 29 21 29 9 6 29 25 4 30 30 26 1 9 29 11 21 29 23 12 18 21 25 28 11 25 1 15 5 14 27 13 24 25 10 24 14 17 20 16 6 12 25 6 19 5 13 21 1 22 7
29 13 3 30 3 22 30 4 30 14 7 17 5 3 12 6 9 11 22 24 23 29 27 24 0 19 9 15 24 7 20 6 20 25 10 12 19 16 17 6 18 14 22 13 17 7 8 7 5 19 16 14 13 0 12 15 14 11 27 9 5 3 16 18 29 19 4 2 28 1 8 2 13 20
27 21 9 23 23 17 12 24 6 6 24 17 12 11 9 29 21 15 27 24 29 26 8 29 0 21 10 4 11 9 8 27 9 9 1 18 17 20 20 1 9 7 27 10 22 25 11 20 26 19 1 7 16 3 30 7 22 18 24 22 12 19 18 15 5 23 7 7 26 26 20 0 16 27
2 4 20 29 17 22 14 14 3 1 0 6 25 11 27 12 6 5 9 28 9 9 4 10 2 16 26 26 22 29 19 17 15 19 0 18 12 15 0 6 16 24 29 14 9 21 18 16 19 19 29 12 1 13 17 9 5 7 29 16 10 22 28 30 24 5 22 13 14 15 0 12 10 0
3 8 27 23 24 30 2 7 17 26 21 14 25 18 12 30 17 23 6 14 6 10 1 9 0 13 10 9 8 6 25 26 12 13 2 25 20 18 16 0 27 23 5 7 3 1 0 13 8 24 3 27 24 27 8 5 13 12 12 24 2 17 1 3 4 13 14 26 8 12 28 6 1 2
16 9 4 8 12 15 30 30 4 17 27 11 20 12 9 28 16 5 25 4 16 11 20 16 11 20 17 17 10 11 26 25 20 0 16 26 3 9 11 11 19 28 7 5 6 30 9 4 26 0 16 7 15 17 1 30 26 16 21 17 6 10 10 9 5 4 20 1 25 16 29 10 30 12
5 0 10 22 21 0 9 26 18 14 11 30 21 28 15 30 14 15 18 15 24 26 26 30 11 28 25 12 19 25 23 1 24 29 13 16 10 21 3 15 14 17 4 9 1 24 1 13 13 22 5 8 28 20 27 16 4 25 26 18 27 17 13 19 4 5 26 2 25 9 24 22 15 8
24 30 6 23 15 4 3 9 3 21 22 18 0 9 22 29 23 2 21 0 14 5 19 11 14 20 1 19 6 12 19 18 10 9 16 8 23 28 7 6 2 19 13 22 6 10 26 0 13 2 9 22 29 19 1 3 6 20 2 3 30 11 24 4 16 14 24 26 12 5 0 6 11 8
8 20 27 5 20 18 7 2 3 16 5 14 1 3 8 29 24 25 18 15 21 13 18 26 3 30 20 10 14 0 8 5 11 1 21 30 30 10 18 30 23 0 13 20 1 14 8 23 11 26 8 1 13 4 20 3 19 10 4 2 12 14 28 4 23 17 11 28 29 15 19 4 25 9
16 14 4 27 26 2 23 29 10 13 29 14 8 27 7 10 1 20 7 23 6 23 15 9 24 29 4 18 18 22 3 17 19 3 22 3 17 14 25 27 8 7 26 4 2 6 25 29 30 15 30 15 19 18 3 28 15 7 16 30 1 30 28 30 16 0 15 7 5 0 3 1 24 13
23 27 30 5 9 26 8 25 16 27 0 7 17 4 18 30 4 22 8 21 3 2 30 16 24 15 3 5 0 10 6 0 24 27 9 6 19 30 5 5 6 30 3 6 12 0 11 17 14 24 2 14 28 4 19 1 25 22 21 7 1 23 23 21 21 3 27 28 21 25 30 23 28 20
3 25 3 3 22 1 3 15 28 2 5 14 30 17 18 25 9 26 20 9 29 7 16 4 11 0 6 22 18 3 4 7 8 9 15 11 16 2 21 9 22 22 21 7 22 22 30 29 24 24 27 12 10 21 2 26 21 20 24 21 4 7 23 9 3 28 9 28 8 9 14 15 0 29
28 1 23 11 26 23 24 7 21 12 7 6 24 16 14 1 6 6 12 25 30 6 24 21 0 17 21 26 22 26 30 19 0 10 27 30 28 30 1 7 15 14 8 7 8 23 9 10 5 10 5 22 3 27 25 24 3 13 0 8 4 14 23 14 25 11 17 27 1 0 12 1 20 18
27 11 25 8 24 3 17 7 3 21 17 9 28 20 0 17 3 10 28 30 2 19 1 21 13 9 12 24 23 4 4 17 0 30 29 6 4 6 21 3 30 2 16 18 21 1 22 26 11 24 16 17 4 25 9 11 15 3 1 25 5 30 25 26 18 13 21 3 5 15 6 23 11 6
25 27 0 2 28 15 7 13 2 9 24 27 16 0 21 29 15 10 25 26 4 19 19 30 18 19 23 24 25 29 1 27 3 16 8 29 10 0 3 29 15 12 18 3 24 5 5 10 19 23 3 17 23 12 18 24 30 27 12 22 21 30 29 16 21 0 25 4 20 11 19 0 10 29
26 19 21 3 11 19 11 19 27 16 12 12 17 30 18 11 17 19 13 20 1 29 6 7 15 16 6 9 22 6 22 22 14 18 4 27 19 23 25 2 4 5 10 13 22 12 29 16 27 14 0 12 14 14 4 21 5 25 15 20 4 19 1 7 30 18 13 20 26 17 19 22 16 0
1 13 18 29 29 17 15 20 20 23 17 23 15 0 15 4 15 8 27 25 3 8 17 16 18 28 23 4 26 11 27 13 4 30 9 28 11 0 2 29 2 20 16 16 20 26 0 19 9 9 21 28 12 5 27 9 20 2 27 2 14 30 29 6 28 10 28 14 25 19 0 29 12 23
14 18 22 23 23 20 2 27 23 10 28 3 8 16 7 6 2 24 9 5 15 15 30 28 19 26 27 0 17 9 12 19 10 30 25 17 27 3 6 5 29 12 27 13 6 24 28 14 27 18 18 1 15 9 20 26 29 13 10 27 30 11 19 8 17 9 9 10 12 18 5 2 26 17
10 3 21 15 5 7 16 0 8 17 16 29 12 15 26 14 28 1 6 26 0 29 22 6 23 2 7 17 23 11 18 20 1 5 8 30 16 24 28 10 29 11 14 0 27 19 12 28 7 2 12 26 16 22 2 5 22 25 21 16 30 9 16 0 25 6 27 13 10 20 4 26 2 10
8 9 15 9 25 22 28 23 13 27 2 10 25 0 24 5 13 21 13 7 16 11 27 26 15 8 2 24 20 10 1 25 13 12 16 0 20 13 22 26 5 27 23 27 1 17 16 2 10 19 2 21 14 0 20 27 16 13 6 2 20 27 2 17 19 1 5 20 21 13 21 24 21 21
20 30 24 18 21 21 19 10 25 22 25 23 26 6 20 19 25 27 14 12 3 26 7 20 14 21 23 20 24 22 14 20 23 2 4 14 27 8 15 2 21 8 3 17 30 26 27 13 14 6 19 29 8 19 15 22 24 14 28 23 18 30 8 18 28 11 6 21 2 18 10 6 7 3
6 0 22 7 10 28 17 1 24 20 30 28 23 25 26 2 23 27 30 22 20 1 4 30 7 12 23 2 17 6 9 22 11 18 13 30 7 16 8 26 17 4 23 15 0 27 16 14 24 0 23 1 29 20 6 14 25 27 5 27 1 12 2 30 23 28 26 29 22 22 28 20 29 29
14 4 2 18 10 25 0 10 20 7 11 29 20 4 21 16 22 1 21 24 4 10 21 29 28 23 23 24 30 16 8 23 14 11 3 13 10 28 13 19 10 18 23 27 24 27 20 22 9 20 30 28 16 6 27 18 29 10 11 22 27 7 0 16 29 11 4 8 23 14 11 6 0 27
25 8 13 24 3 15 19 11 30 2 10 7 2 26 16 2 6 5 12 2 18 12 22 0 11 21 15 28 23 30 3 30 0 19 6 26 30 23 9 14 25 13 14 23 23 11 30 17 9 16 8 29 16 14 3 16 19 26 19 22 9 27 22 10 7 22 26 20 22 30 14 30 2 21
14 11 22 30 30 24 21 26 1 15 6 1 29 29 22 15 9 7 19 15 18 21 10 20 5 21 15 19 24 15 0 28 6 18 5 5 25 24 21 25 1 18 19 17 25 29 0 5 13 9 20 6 14 2 2 22 17 25 25 7 16 16 9 13 27 17 30 4 16 14 16 22 2 13
3 25 24 7 23 14 17 28 17 10 19 30 3 1 4 28 1 8 1 6 2 20 27 18 12 13 14 27 23 24 25 4 13 8 27 2 25 14 4 23 4 27 1 0 24 21 18 10 7 14 18 5 2 11 24 29 29 23 18 12 1 3 8 24 26 11 1 4 19 22 9 14 22 9
12 9 16 29 6 8 0 29 19 2 22 25 11 29 1 1 10 26 17 29 5 22 7 23 27 8 8 22 0 2 5 29 5 5 11 29 12 30 25 0 13 20 18 6 28 17 5 20 18 17 24 15 12 3 29 13 0 2 4 1 26 16 1 21 3 12 25 20 21 10 7 6 21 10
22 8 30 5 9 9 8 21 0 13 3 12 29 20 22 3 29 28 15 19 1 6 10 3 1 12 19 19 8 24 23 11 16 1 23 11 27 9 2 6 19 12 19 7 4 28 7 28 12 8 20 3 11 26 15 27 25 0 14 5 27 9 20 15 22 11 15 26 17 9 18 18 30 8
3 25 6 27 8 25 25 15 13 21 28 4 11 10 25 8 15 18 21 14 8 17 1 3 7 24 5 12 0 22 2 27 4 28 25 17 25 16 8 17 17 27 4 14 16 2 15 10 6 14 16 1 24 19 20 17 17 16 29 29 4 2 24 30 29 30 11 23 23 6 24 21 7 18
4 19 26 1 26 19 2 19 21 6 19 13 25 11 11 21 25 19 4 17 7 3 24 29 28 5 2 5 6 25 10 20 26 17 8 20 20 16 30 24 20 13 15 26 10 13 25 27 23 29 8 1 10 28 9 14 4 9 14 11 27 29 12 7 26 18 5 17 26 29 20 16 11 29
29 5 19 3 9 24 21 4 3 25 0 28 9 22 28 0 16 12 3 27 22 3 7 20 12 5 16 16 8 27 9 4 26 19 16 5 13 25 29 25 4 15 13 28 10 21 2 10 1 28 2 22 7 6 11 10 13 22 7 26 16 0 29 14 2 2 27 28 22 11 6 14 26 9
0 10 5 15 22 23 3 6 16 26 30 16 18 14 22 29 7 2 20 2 22 29 28 12 11 10 14 9 8 25 27 3 8 26 20 24 4 15 6 9 19 16 17 3 1 1 19 24 15 13 10 20 3 22 18 18 1 24 10 25 7 11 29 29 11 30 14 14 29 5 17 25 19 8
29 9 29 16 18 7 8 22 17 0 15 13 29 4 6 5 22 4 9 17 1 21 28 26 14 18 12 14 18 20 19 28 25 18 11 20 25 29 21 14 17 28 30 19 21 12 18 22 20 6 2 20 23 6 19 14 9 1 8 29 19 9 24 29 15 23 12 24 11 23 17 24 29 4
24 20 24 11 8 12 4 15 20 24 2 16 4 3 26 12 10 29 0 8 8 26 4 4 19 0 25 3 25 19 10 21 0 9 15 28 26 29 16 12 23 0 0 6 8 23 15 23 8 18 23 25 13 30 4 14 3 6 15 27 4 0 12 3 28 19 4 17 4 0 30 27 25 22
15 4 27 26 13 9 21 20 23 11 6 14 4 2 18 20 3 5 12 5 29 2 1 22 17 15 20 5 11 17 24 6 11 22 0 26 3 26 19 28 10 11 13 28 4 12 13 25 9 6 16 1 10 14 5 18 28 13 20 6 17 4 6 10 23 3 26 21 16 5 29 13 17 29
0 5 28 3 7 5 13 12 22 28 1 6 0 14 22 7 12 4 15 12 25 18 13 3 4 13 20 24 29 13 11 18 29 4 24 15 18 0 19 17 16 6 11 16 28 26 13 11 2 5 20 5 13 11 27 17 22 3 7 27 29 29 10 22 28 28 28 8 25 27 2 13 8 1
19 4 17 20 3 2 4 13 28 4 17 22 5 19 0 18 28 6 27 9 27 22 28 13 3 13 22 15 18 1 4 22 22 20 26 19 28 24 29 11 12 7 19 2 25 3 28 8 1 26 19 20 11 10 22 30 9 15 14 29 24 14 0 9 7 1 27 23 3 3 0 10 14 17
23 7 21 11 28 11 11 21 13 27 10 1 8 24 10 19 13 7 8 20 16 2 2 29 26 3 22 17 10 1 15 4 6 3 29 4 3 0 14 1 28 30 6 25 13 19 3 20 7 30 26 26 12 3 7 6 5 14 8 3 4 0 10 6 23 20 1 10 28 13 13 15 27 10
3 7 22 20 9 0 19 8 16 20 27 2 25 13 2 0 6 7 5 13 4 18 30 28 7 3 28 1 17 14 20 22 22 29 29 11 10 5 8 0 17 6 21 24 3 7 26 18 24 11 2 23 24 7 4 14 10 1 25 7 4 21 28 29 3 14 9 1 8 13 23 16 5 16
15 23 10 25 15 26 18 6 6 4 5 3 11 2 28 16 8 4 26 22 14 15 3 15 17 23 14 24 28 11 22 2 15 5 9 24 10 5 9 29 1 18 20 26 22 27 13 6 25 27 25 25 12 9 9 30 10 20 2 26 6 20 22 26 18 0 8 19 24 8 13 22 12 1
26 0 15 14 3 23 30 9 22 2 19 8 8 13 6 24 30 15 2 8 27 21 2 25 26 5 19 30 20 12 10 25 13 18 22 7 26 9 8 22 22 13 21 27 25 24 7 30 19 17 0 27 11 9 25 16 1 30 8 6 8 26 12 5 11 17 19 0 24 26 1 18 21 9
28 10 15 25 20 27 28 9 20 17 1 24 14 19 4 19 7 8 13 7 5 30 0 24 22 16 9 17 20 23 15 16 25 19 25 7 17 24 3 18 3 26 30 5 11 28 0 9 4 5 6 20 12 0 8 11 19 5 2 18 10 6 11 8 25 16 3 20 18 10 11 26 12 23
19 26 0 9 8 20 18 7 26 17 10 7 15 21 4 23 4 26 24 18 28 26 2 22 23 18 5 22 28 17 18 27 26 28 15 24 0 12 23 10 25 23 14 29 2 28 18 7 11 23 22 1 4 11 12 16 19 5 10 10 22 12 29 15 2 26 14 13 22 6 22 29 9 0
12 24 27 2 27 0 30 23 5 29 24 1 15 30 2 3 20 23 1 6 2 16 8 7 7 25 23 6 13 15 26 21 6 21 14 29 2 0 28 30 23 1 11 23 19 7 6 2 18 16 27 26 13 9 21 24 9 18 9 11 17 23 28 15 21 25 29 6 16 13 16 3 9 14
