79 79
17 27 21 8 23 30 2 10 2 17 13 7 8 25 21 6 13 15 1 14 12 4 12 18 10 21 26 4 8 9 21 1 21 25 8 22 19 9 28 24 5 25 2 2 4 9 30 22 20 21 22 9 15 15 30 1 17 30 12 17 8 1 15 5 16 26 28 28 1 13 24 8 3 30 10 1 6 7 5
23 16 30 6 4 2 18 10 26 29 24 12 18 14 24 30 30 16 25 6 0 27 10 18 4 21 26 26 8 21 14 10 18 27 15 29 5 9 26 22 9 10 12 21 30 18 18 21 22 15 5 14 9 9 9 17 1 26 26 5 11 10 26 25 1 6 1 20 3 27 20 17 13 6 19 20 2 28 13
29 9 24 14 11 30 4 2 25 22 9 25 26 7 6 13 2 4 25 19 19 28 7 28 5 4 20 13 21 7 7 12 14 21 10 20 11 10 4 18 14 17 23 14 19 19 7 16 5 18 14 4 29 1 7 19 13 25 23 5 21 22 20 13 12 24 17 29 1 30 4 5 25 0 23 1 23 12 15
13 19 29 8 5 12 13 13 14 14 25 4 3 30 30 21 15 28 5 18 10 3 3 15 28 4 0 4 5 27 17 27 2 26 0 25 14 15 23 7 26 6 4 10 26 10 26 27 21 1 4 7 5 22 22 12 4 18 19 25 0 26 15 29 4 5 12 8 5 3 20 4 10 24 14 24 18 13 22
8 15 21 5 29 3 23 26 7 13 22 2 6 25 27 1 7 26 18 1 4 10 4 14 14 26 28 1 19 4 2 2 0 7 25 25 18 10 25 27 3 5 29 30 14 5 27 1 8 4 21 12 17 24 0 21 16 1 26 23 14 30 23 15 1 25 26 19 9 12 19 9 16 25 9 18 6 1 22
14 29 8 29 29 7 9 5 1 1 2 1 7 9 3 18 3 0 14 1 24 28 10 29 10 18 3 7 9 9 11 0 7 29 22 3 19 8 23 8 11 27 1 17 3 3 20 14 17 19 4 13 5 26 12 9 7 10 6 20 2 11 8 3 11 23 11 20 19 5 15 12 15 4 2 23 28 11 18
21 2 21 13 0 17 27 28 14 0 22 2 12 11 26 3 11 6 11 5 18 25 19 13 16 21 17 16 26 5 21 6 23 1 27 26 9 30 9 24 0 6 4 4 10 30 23 20 1 24 3 14 16 1 11 14 23 17 5 9 10 0 2 11 24 23 29 9 19 9 27 18 4 4 0 11 3 3 30
24 1 28 26 9 3 27 19 13 19 14 20 25 16 18 10 9 13 4 26 21 10 28 23 5 2 0 21 16 28 25 1 12 26 23 18 6 14 21 3 3 25 6 15 7 14 18 1 7 27 11 18 26 13 3 12 26 24 12 17 28 16 23 16 0 26 0 15 21 20 23 17 29 11 2 21 1 8 10
0 0 13 1 19 17 16 21 6 25 26 16 10 8 3 29 4 19 28 14 0 18 5 14 19 20 25 12 22 20 30 11 23 26 27 17 23 5 28 19 25 9 30 23 0 29 19 11 7 24 20 25 1 14 12 9 12 13 18 18 5 20 25 3 20 14 2 4 24 5 9 4 26 10 10 3 25 0 19
0 30 10 17 12 27 11 6 12 29 11 8 3 12 18 26 8 24 8 14 27 1 17 27 22 16 15 30 24 15 22 30 4 4 1 25 27 5 15 8 5 14 21 5 23 16 0 20 18 27 15 29 19 12 3 8 22 18 30 11 11 6 23 0 24 16 6 23 20 15 16 22 12 7 4 27 9 1 20
26 7 6 18 28 20 22 9 6 17 13 30 8 30 10 23 3 2 1 22 29 23 12 29 26 9 3 6 19 19 16 24 23 2 18 1 29 6 1 27 10 5 6 3 8 30 7 8 17 0 30 30 5 23 18 30 3 4 10 12 22 7 22 2 0 23 16 7 13 18 8 9 12 10 24 21 18 7 10
12 5 6 28 12 0 17 2 0 14 30 29 20 12 14 20 5 29 4 15 2 18 24 28 1 23 5 12 28 0 2 0 22 26 6 21 7 26 2 16 23 7 0 27 26 3 23 10 17 9 18 26 4 9 27 20 19 22 3 28 7 25 26 24 14 0 3 18 29 7 25 9 2 22 20 14 13 11 13
9 12 8 25 2 30 21 18 18 24 11 11 21 19 8 18 8 2 10 13 10 22 18 13 22 28 14 21 4 27 23 14 12 16 9 17 19 21 2 9 23 16 13 2 24 14 10 1 0 2 26 17 22 19 12 13 22 19 10 11 3 16 8 2 6 11 8 30 14 24 28 26 14 27 23 1 29 9 1
30 7 19 24 25 6 4 25 13 12 6 1 10 0 10 19 6 13 18 1 7 12 25 23 27 11 19 18 17 26 29 13 6 14 19 4 6 23 18 22 21 15 0 20 12 18 8 13 21 20 26 6 30 25 7 7 26 5 30 27 4 20 16 15 13 20 3 29 0 1 29 13 4 27 30 20 3 1 10
23 5 7 19 30 21 15 25 6 2 11 26 5 30 14 29 22 14 19 11 1 5 7 29 15 10 5 11 6 11 13 22 14 25 10 22 1 12 14 19 19 16 23 16 6 30 27 16 4 10 30 26 21 27 24 29 21 29 18 26 1 6 2 5 27 26 22 22 11 15 20 27 1 13 1 23 28 20 7
4 8 11 17 28 16 10 8 10 22 26 6 6 3 23 12 24 3 30 20 16 2 5 19 19 15 11 16 20 5 26 0 13 2 18 17 1 22 14 18 17 9 1 19 16 30 3 20 8 5 26 23 7 12 7 27 9 26 1 3 4 4 3 20 28 26 2 20 7 30 2 7 2 17 4 12 27 3 9
12 16 4 18 24 19 19 28 13 23 7 3 3 4 16 30 24 23 12 12 17 1 18 0 17 17 29 28 24 1 13 25 0 9 23 27 18 17 24 23 26 15 11 20 2 0 27 13 24 13 9 24 3 22 28 29 27 29 30 1 20 0 0 16 22 27 21 20 4 1 14 6 25 11 12 29 19 18 27
18 0 29 26 11 8 0 2 27 23 16 14 30 9 4 13 22 22 0 27 28 6 17 2 5 1 22 4 29 15 15 0 29 3 21 16 18 18 12 11 5 18 0 26 7 19 7 15 17 28 7 22 12 24 8 21 7 29 25 15 26 14 3 27 21 1 1 7 23 26 12 6 25 12 28 3 1 27 17
14 14 24 11 21 15 14 1 15 19 8 25 14 25 27 11 1 10 25 28 16 9 27 13 8 12 28 12 12 29 18 4 8 7 1 7 15 17 19 3 28 15 13 14 18 15 0 26 8 29 18 22 30 14 6 21 15 27 23 28 26 11 3 24 10 27 12 28 26 30 17 22 8 7 15 6 10 16 8
26 27 16 16 25 7 10 8 26 16 15 13 4 0 26 14 20 7 16 19 0 1 18 3 12 12 18 7 2 0 4 28 15 27 2 7 14 25 13 20 2 7 4 10 5 6 0 5 28 6 29 2 28 27 22 0 27 23 19 19 14 24 21 20 12 10 24 0 4 18 26 8 10 19 11 11 0 7 0
8 22 30 3 27 6 4 14 0 10 2 2 28 19 24 13 25 7 22 12 3 26 29 29 7 9 30 19 22 10 19 5 29 21 29 9 23 1 27 27 28 24 9 3 7 10 21 25 3 15 20 1 17 0 9 20 20 25 18 21 12 5 18 26 4 20 7 0 11 11 22 27 18 26 2 5 24 10 29
9 24 6 6 5 26 28 28 30 3 7 19 16 3 7 29 10 11 29 11 9 1 21 21 0 21 3 21 16 23 0 18 0 6 24 6 12 15 10 14 26 3 27 26 23 22 18 22 18 24 6 19 20 5 15 21 9 18 25 9 25 19 29 12 30 5 5 19 6 9 12 20 30 28 20 27 25 4 1
8 27 22 2 0 6 29 24 3 8 7 16 23 27 17 4 3 27 6 22 1 14 12 5 8 22 9 6 13 28 27 3 25 25 3 24 2 23 28 10 18 9 13 5 4 11 17 0 28 23 27 16 25 11 30 5 23 13 23 14 5 10 17 15 7 24 7 7 1 14 28 24 15 1 22 20 28 1 9
27 4 4 6 2 13 5 8 26 26 8 17 6 25 25 7 19 25 16 28 14 11 8 13 18 2 9 7 1 13 15 8 29 16 10 10 29 15 16 22 5 12 13 2 1 10 3 27 26 28 12 24 6 30 12 1 14 6 21 22 18 23 6 25 19 0 29 27 6 23 6 25 23 10 26 2 9 24 19
1 18 5 25 3 26 29 4 2 2 27 12 23 7 11 19 15 7 4 13 6 27 11 18 2 11 2 9 19 4 12 30 29 12 2 10 22 12 19 7 28 19 18 7 28 13 14 21 24 15 4 10 9 20 21 18 22 18 20 21 9 12 29 17 27 15 26 4 6 9 5 7 6 29 4 21 20 14 23
7 26 16 30 12 15 3 21 26 24 5 27 26 18 20 17 11 12 11 3 28 2 6 13 27 14 7 0 25 3 18 20 8 28 12 2 11 20 0 17 5 16 12 21 10 2 26 18 11 22 13 26 9 28 30 28 9 19 0 1 20 7 12 23 1 0 4 5 29 1 19 10 16 5 27 17 15 11 19
9 12 13 12 13 15 14 28 19 19 20 14 2 8 0 0 14 11 8 5 18 17 17 1 16 0 4 19 22 10 20 7 28 24 13 17 2 11 9 15 25 10 10 20 6 21 15 27 29 18 30 0 27 6 17 14 29 20 7 12 5 11 26 24 10 23 10 22 6 17 1 28 26 15 15 5 17 6 27
14 8 6 10 23 5 21 0 18 17 20 16 15 18 16 8 10 28 10 18 2 30 20 4 4 5 4 0 15 11 30 12 16 26 2 30 6 19 29 12 16 8 17 0 17 23 16 7 3 13 22 5 23 6 13 11 28 2 11 25 13 12 30 23 17 28 2 26 17 19 17 17 26 30 18 17 3 2 20
19 20 23 27 18 6 10 3 3 3 24 2 30 27 15 22 23 20 9 2 18 0 20 13 24 6 22 17 6 23 14 4 4 10 8 12 16 4 22 17 1 23 14 6 17 23 5 4 10 14 22 28 8 25 1 2 15 27 0 13 13 9 18 17 2 22 11 8 28 3 6 27 25 13 4 13 6 30 23
14 16 0 30 10 25 12 30 1 29 29 0 9 30 22 5 12 15 17 1 29 26 22 20 14 24 7 21 4 12 13 10 11 17 4 5 28 27 20 5 22 11 20 6 29 0 30 15 24 22 2 28 15 29 24 29 25 10 17 30 25 23 16 11 17 23 25 28 19 18 10 19 22 8 26 23 19 14 16
14 26 19 22 29 18 3 6 30 9 13 28 18 10 12 3 27 29 8 0 16 4 27 22 11 7 25 18 24 30 16 21 1 3 17 21 26 18 26 1 22 16 28 15 13 30 4 20 11 10 6 1 28 7 11 5 17 22 18 12 5 9 11 0 16 23 14 20 1 28 15 9 19 12 28 19 6 29 8
21 29 27 17 24 22 0 23 0 30 28 22 3 9 24 7 0 1 29 12 23 10 9 15 18 12 28 24 13 27 27 15 17 19 14 19 14 20 8 8 17 22 4 29 17 5 0 2 26 15 1 27 24 3 5 25 4 6 7 23 28 15 12 15 2 15 22 5 19 22 28 10 23 20 15 2 28 21 25
16 10 15 5 18 30 15 18 24 5 0 3 7 7 13 15 2 4 8 9 24 3 23 1 19 15 3 19 2 8 5 2 24 29 10 14 17 8 4 24 21 21 19 12 24 6 20 19 3 30 23 3 7 23 18 15 16 23 17 8 17 9 6 9 13 18 28 18 29 30 15 17 12 17 5 19 18 0 5
7 15 15 15 0 2 3 13 4 17 24 24 9 2 6 2 14 25 9 8 13 21 12 20 15 18 27 21 7 19 18 26 24 5 6 21 2 15 29 2 17 8 30 9 14 24 28 11 2 21 8 7 5 25 29 10 3 22 30 18 28 0 0 8 5 3 18 0 16 18 8 27 23 14 4 28 7 19 29
16 12 26 15 1 20 26 22 27 23 0 7 16 26 28 21 17 2 17 29 15 14 24 10 14 18 23 4 22 7 29 7 24 2 14 21 17 20 1 19 27 2 11 16 17 13 25 12 20 14 23 1 23 1 11 29 27 19 26 24 21 29 13 20 13 26 13 21 30 1 3 15 9 7 18 29 10 19 23
3 26 2 29 17 12 17 26 10 21 18 0 13 24 8 13 26 18 26 10 15 10 7 4 17 6 23 15 26 15 26 11 12 13 28 26 0 29 20 16 9 24 3 5 5 19 23 9 19 9 18 14 15 20 30 5 0 21 22 16 18 8 23 1 19 11 29 15 7 27 20 7 14 3 14 22 1 23 11
9 27 28 14 2 10 0 4 3 12 28 11 12 20 29 20 26 23 0 2 10 27 23 13 10 1 19 29 15 16 17 23 25 5 10 24 11 16 12 18 1 22 16 8 2 13 16 5 13 8 12 2 6 28 18 30 3 29 13 13 13 23 0 13 26 12 8 20 30 14 14 7 16 10 17 25 9 9 28
11 1 17 11 16 0 29 30 26 17 22 28 17 23 25 3 29 24 2 5 6 23 18 6 24 26 14 8 0 6 27 14 30 14 23 15 9 6 23 8 13 1 28 23 29 15 19 19 5 5 2 21 8 26 0 26 2 2 28 8 5 23 24 21 20 27 30 1 27 11 20 4 12 13 4 28 0 12 16
7 22 30 7 4 26 6 14 2 20 22 18 29 17 4 16 26 21 1 4 3 8 24 24 0 30 17 2 3 12 0 9 1 23 3 24 30 4 14 20 12 7 22 20 4 1 29 14 6 25 21 2 18 0 30 8 16 10 14 16 27 3 11 15 1 9 1 0 21 17 7 16 16 2 1 17 24 24 22
11 16 18 4 26 9 10 16 26 22 5 29 21 20 28 7 17 19 20 20 2 27 13 3 7 15 5 9 28 13 10 12 20 14 2 0 2 29 20 3 21 25 26 28 21 26 13 16 19 1 30 25 21 9 21 26 21 12 9 24 2 7 25 13 8 26 1 12 4 30 3 30 8 0 27 6 24 10 12
1 13 1 8 9 1 1 8 15 0 10 2 25 21 22 16 4 22 18 17 14 7 13 20 24 10 28 3 21 8 3 28 9 0 1 3 12 2 6 18 19 4 16 30 26 22 14 21 9 20 3 18 15 22 5 28 14 25 26 20 6 27 16 24 11 17 13 20 19 29 11 16 10 30 19 15 30 18 23
10 19 13 18 12 16 22 10 24 18 21 25 24 0 9 18 27 25 12 28 22 12 2 1 10 26 18 30 2 8 18 20 22 20 26 2 28 2 3 17 15 14 30 3 10 14 19 4 17 9 27 21 24 12 18 20 21 17 26 7 22 13 14 3 23 5 8 23 22 28 3 29 30 23 9 4 18 28 15
13 30 10 16 9 22 19 15 23 13 0 12 10 0 22 5 16 4 4 12 13 21 23 22 2 3 21 26 14 24 23 30 29 2 10 21 24 20 27 25 14 17 7 10 19 5 12 28 13 18 28 8 30 12 10 6 10 20 30 6 9 14 0 20 12 29 14 19 5 27 11 21 13 24 12 12 3 14 22
21 13 1 8 17 21 8 25 6 10 14 0 28 28 7 18 27 17 7 26 26 2 30 23 0 13 8 22 22 8 21 27 14 2 23 21 4 0 10 11 5 22 16 1 18 11 28 29 22 16 29 30 2 28 10 30 25 2 9 8 16 18 19 17 30 26 21 22 21 10 24 0 11 6 15 15 4 2 17
17 0 24 8 0 0 30 26 7 7 9 27 3 27 6 29 15 22 13 1 8 30 10 27 2 13 17 13 13 10 2 1 3 21 11 1 25 18 7 16 12 23 13 9 19 2 1 18 13 22 17 10 19 27 30 5 0 25 9 30 23 2 13 18 19 8 20 23 30 23 19 22 16 13 17 4 20 9 15
16 26 4 22 28 11 14 10 11 29 16 13 23 17 25 15 7 29 5 16 24 18 21 1 26 0 21 7 18 16 1 9 6 22 19 3 26 27 6 12 13 8 15 14 22 11 15 23 26 28 17 9 25 14 30 0 0 15 16 9 30 29 19 23 28 5 21 5 21 11 7 17 12 15 4 16 18 9 28
8 24 16 8 4 26 1 12 4 8 8 7 9 5 7 2 8 18 0 4 1 8 5 12 1 26 5 12 11 3 30 27 23 5 25 2 20 10 3 21 29 14 22 19 29 13 25 6 10 27 9 3 22 4 27 29 28 11 27 8 27 29 29 24 5 2 0 28 14 12 26 30 15 12 26 4 16 15 8
25 18 14 24 8 6 28 3 23 4 18 6 27 12 25 20 22 3 21 6 12 17 10 11 27 7 28 10 3 23 0 21 17 23 28 6 30 17 19 15 18 2 0 6 8 19 8 19 25 2 17 10 30 18 18 21 19 21 14 5 5 13 6 20 5 4 30 26 2 13 9 15 4 24 22 6 24 13 14
9 11 29 0 10 0 28 7 2 24 5 26 23 25 16 3 3 11 9 0 9 2 16 12 26 0 11 11 4 9 21 20 3 22 16 29 7 14 9 28 12 21 26 14 28 3 20 13 16 3 8 24 17 19 12 20 20 30 8 29 0 30 5 11 6 23 4 5 8 2 16 10 25 26 13 30 24 11 2
8 27 22 11 18 13 28 29 15 27 22 26 29 4 29 14 8 2 27 21 27 10 17 29 9 0 12 19 26 17 26 2 21 11 23 17 1 17 10 4 10 3 25 26 28 22 14 22 27 6 29 22 8 21 23 28 30 13 28 9 29 23 10 21 9 11 30 26 23 0 6 13 23 30 18 3 9 15 15
9 9 16 0 27 5 8 13 2 5 25 19 23 19 10 16 18 7 22 20 13 10 30 25 9 29 29 19 25 3 13 22 20 14 0 0 27 3 26 22 1 18 10 21 1 26 11 8 25 9 18 26 21 20 28 4 7 3 26 13 3 2 12 15 22 7 3 13 5 12 22 20 11 11 20 24 3 19 1
4 23 23 10 2 17 6 20 14 13 18 25 17 5 23 16 16 16 29 1 11 19 3 20 4 12 16 7 18 22 0 13 0 0 26 15 7 19 18 5 2 22 22 6 18 17 21 8 10 28 9 3 16 4 30 13 23 22 6 4 30 7 12 28 2 12 20 24 5 28 2 30 28 8 9 25 0 19 3
21 17 18 29 1 18 2 19 9 19 4 8 15 13 11 5 13 17 27 9 18 27 19 12 15 16 18 13 20 18 8 17 13 23 27 7 5 1 22 17 14 30 26 0 15 2 21 26 27 7 6 18 17 5 12 22 7 5 17 26 14 29 11 21 17 30 29 18 22 12 9 25 9 4 1 21 17 28 19
6 11 2 20 11 16 14 29 15 1 27 14 24 16 22 6 14 5 30 19 16 26 9 26 1 13 3 19 20 4 19 12 2 11 14 29 11 10 17 5 21 15 14 24 14 11 1 17 10 16 22 29 11 10 29 26 1 2 17 6 15 25 7 9 18 29 0 19 0 19 7 24 27 8 20 23 28 2 21
22 16 25 8 8 2 28 20 0 26 18 6 11 29 22 14 30 17 6 4 19 29 15 24 28 5 2 4 3 7 7 24 18 26 11 23 19 17 17 19 15 20 18 18 27 26 8 18 20 14 20 17 11 0 25 7 12 9 25 19 26 0 25 20 21 13 3 24 20 25 22 18 15 16 11 17 29 23 16
14 11 20 14 6 22 5 19 5 8 28 9 6 19 15 0 20 11 26 27 29 19 13 3 24 8 27 0 22 3 8 6 26 12 5 25 13 13 3 8 0 5 7 14 23 21 9 8 4 25 7 11 7 12 16 9 0 5 24 2 7 26 26 0 13 3 19 0 19 10 10 14 20 30 10 30 28 11 2
3 18 5 22 26 6 27 11 2 26 3 0 0 7 8 12 27 26 16 2 9 18 15 30 29 12 12 25 23 14 14 29 22 24 17 3 17 13 20 28 2 3 22 12 6 12 9 0 14 28 19 10 9 23 25 6 1 6 11 5 24 25 9 11 28 9 8 27 4 7 11 5 19 9 24 2 30 14 15
4 30 5 9 6 6 30 19 9 28 18 5 28 6 11 29 28 3 19 7 10 28 16 13 0 22 16 4 28 3 16 22 19 25 6 4 4 20 25 0 19 17 5 29 19 2 2 25 26 10 18 26 16 1 3 25 12 0 13 8 12 17 14 20 2 26 25 30 13 26 29 22 18 12 7 16 19 30 12
7 7 21 2 15 7 28 4 3 1 24 4 13 1 27 1 5 26 30 1 19 18 10 24 12 8 1 8 7 5 20 7 4 8 9 23 15 5 7 4 18 6 2 13 16 29 2 21 27 4 15 23 0 29 30 26 26 6 24 19 27 2 0 2 22 28 5 21 15 7 29 16 16 19 9 20 11 16 14
22 21 22 19 21 3 2 9 29 13 8 4 24 21 2 19 27 18 11 30 17 24 8 6 10 7 10 12 3 28 27 14 26 26 30 15 18 26 13 15 2 28 14 13 29 15 15 12 22 20 7 10 23 28 13 12 23 12 26 8 10 23 8 17 0 11 12 11 2 1 15 26 22 20 7 0 0 26 17
23 3 4 20 14 13 11 23 12 29 25 1 30 4 4 16 25 28 30 9 9 11 1 5 19 30 30 1 5 12 13 1 27 22 21 27 28 13 28 25 23 24 15 30 4 0 21 15 27 23 25 17 21 27 15 19 28 24 5 17 20 17 18 7 0 23 16 13 21 6 30 15 27 25 25 6 2 28 7
13 11 8 16 8 25 26 20 9 21 5 17 17 1 30 8 3 18 26 8 18 28 19 14 21 18 17 1 8 1 16 22 7 28 29 25 15 2 4 27 16 28 30 26 12 2 3 23 0 9 21 11 30 23 3 14 3 11 18 21 21 29 29 8 22 20 23 17 5 28 11 4 24 18 17 12 28 18 16
19 18 4 9 8 7 25 19 25 14 11 4 4 9 20 26 3 3 21 25 15 23 14 12 8 17 2 25 29 24 25 28 20 12 13 9 30 26 9 26 11 17 5 24 29 12 16 10 7 19 1 14 24 25 14 9 1 13 14 21 13 4 0 29 12 6 8 6 11 28 1 10 23 17 29 23 18 25 15
0 15 6 11 22 26 9 26 28 3 30 16 27 6 0 8 21 19 12 25 20 25 5 20 28 14 27 1 13 6 5 27 13 13 17 22 9 24 30 21 28 17 2 25 27 26 19 18 23 15 11 5 26 6 23 18 6 10 18 16 9 11 7 2 8 20 29 18 16 1 1 21 9 9 21 8 30 29 14
7 4 5 15 3 11 6 8 26 4 7 26 26 15 23 5 9 24 3 26 24 22 24 24 11 8 14 11 3 5 3 17 11 10 26 21 26 1 0 0 27 8 14 26 0 17 14 25 17 17 11 30 27 26 7 5 0 23 5 24 18 18 22 4 17 22 28 18 15 23 20 11 12 8 5 13 20 27 11
3 1 12 5 18 8 28 25 8 17 20 21 2 10 13 2 25 28 20 28 9 23 14 26 22 21 14 24 26 13 5 7 19 10 10 6 17 9 10 1 23 26 17 26 18 0 7 2 8 16 12 12 0 3 4 7 0 26 4 26 22 27 0 16 23 6 17 6 17 26 16 19 8 25 21 20 20 28 12
6 19 6 6 5 11 29 2 24 1 4 17 13 3 21 30 11 4 30 10 9 30 23 22 5 20 10 22 22 9 2 20 20 15 26 30 21 17 8 19 26 11 16 16 9 11 30 27 29 27 6 7 6 8 4 18 8 24 10 30 18 29 19 28 14 2 15 2 29 7 12 25 24 23 12 20 28 28 20
9 28 19 9 6 12 22 9 11 16 26 16 20 30 25 24 8 24 25 13 17 4 23 0 28 25 6 29 3 17 23 6 11 5 11 8 22 20 15 2 18 12 27 30 23 7 14 9 18 17 5 12 12 17 27 3 17 12 20 15 3 23 27 0 2 25 9 6 15 14 10 19 2 24 15 4 1 6 20
13 21 10 6 21 3 24 5 5 18 9 1 2 28 23 22 14 15 11 22 20 21 4 7 0 7 28 8 26 12 9 1 12 30 30 24 29 11 5 13 19 7 16 6 13 30 24 16 10 16 24 28 26 3 23 2 29 6 4 28 19 2 25 12 14 28 7 10 18 12 15 5 29 20 8 9 8 0 28
16 25 0 19 6 9 22 16 14 6 19 22 25 22 21 0 15 20 13 21 17 5 6 12 22 30 24 1 12 20 25 25 14 20 22 12 7 30 18 20 30 22 22 9 10 20 17 0 15 23 6 21 28 8 25 11 25 13 28 22 1 8 15 9 29 17 21 29 13 9 26 20 29 5 12 25 11 20 8
5 5 10 12 4 18 7 20 0 5 20 0 26 8 19 24 25 8 9 17 26 9 6 25 15 0 15 17 17 22 21 0 13 9 10 14 3 18 17 15 6 18 3 21 9 25 22 8 25 26 10 17 7 12 24 9 4 23 22 3 21 8 21 2 12 6 8 18 15 9 3 1 2 28 8 14 24 5 18
20 7 16 0 21 10 7 11 7 16 10 16 15 30 24 27 20 2 14 4 20 10 6 27 8 8 30 6 16 3 5 7 0 2 7 15 18 11 13 13 24 11 15 20 19 8 29 21 21 14 16 20 23 4 18 10 27 17 7 25 18 2 29 12 30 30 25 18 1 3 22 7 7 25 26 3 17 22 7
4 15 5 23 20 12 1 16 29 13 23 3 29 9 6 2 20 1 28 0 13 24 16 22 22 23 16 0 19 5 28 3 20 25 18 0 18 18 4 18 20 8 30 10 5 10 9 23 9 3 24 21 20 15 30 23 19 14 14 10 27 18 15 19 10 14 19 9 19 1 7 19 24 10 0 3 27 4 24
18 27 15 12 5 30 7 24 17 10 11 19 18 5 14 21 25 4 25 19 21 17 16 0 17 0 22 7 14 26 23 20 28 7 29 30 14 28 12 1 18 23 12 13 10 1 14 2 22 7 28 27 19 15 16 9 23 16 13 12 2 18 3 6 24 18 12 19 29 29 20 19 19 23 6 13 16 18 25
1 22 7 28 17 13 5 30 8 16 12 1 15 1 25 11 18 25 10 7 10 19 4 3 19 17 16 15 3 20 1 12 15 7 3 2 12 15 19 30 25 6 14 2 25 26 30 5 22 30 16 18 17 19 27 25 9 13 12 25 18 2 11 19 24 27 28 26 24 15 27 4 17 15 16 12 18 1 26
15 8 18 15 26 14 5 2 23 27 23 8 9 23 7 25 16 0 14 7 16 29 20 14 24 18 29 11 17 30 16 23 0 9 0 8 12 21 24 30 3 14 14 23 8 6 20 19 1 11 24 23 17 1 21 11 12 24 6 5 28 11 17 10 22 1 10 13 24 7 23 6 10 6 27 15 0 5 15
9 29 21 21 21 6 22 5 5 24 7 11 13 14 0 9 17 21 27 10 8 25 7 8 0 21 14 27 22 28 19 9 2 7 0 9 27 25 9 16 6 18 0 2 26 15 2 5 4 23 17 18 27 19 26 19 4 4 18 9 16 23 22 18 20 30 19 4 9 17 16 11 1 11 19 5 13 0 3
22 2 7 6 18 29 2 8 21 21 14 17 4 17 23 21 16 10 12 3 14 0 29 24 2 5 11 13 22 19 17 16 25 10 23 17 19 25 1 6 18 1 7 17 16 15 24 30 30 6 29 17 3 25 28 8 18 5 28 19 9 2 23 25 10 6 16 13 28 28 13 6 0 11 16 8 14 24 20
26 22 7 29 1 27 16 22 16 8 4 6 0 8 14 30 23 16 24 18 24 28 30 26 4 23 12 24 12 12 3 10 30 13 16 19 3 18 13 26 18 26 4 28 14 9 28 19 20 25 18 1 13 30 2 20 30 6 5 22 27 2 29 6 23 4 13 10 28 7 4 5 10 19 12 15 23 2 27
