80 80
29 14 19 6 20 6 5 19 13 7 8 23 9 17 24 8 6 29 12 3 29 22 17 17 5 11 28 16 17 3 13 11 14 24 19 3 25 22 23 22 1 17 8 30 17 20 3 5 3 18 30 0 7 12 5 17 24 5 20 21 7 16 5 22 20 29 20 18 2 25 15 23 24 29 18 21 5 9 1 11
5 1 5 24 18 30 7 4 28 5 8 11 0 8 30 21 26 14 4 1 23 13 5 17 12 10 20 25 23 27 4 12 3 16 11 28 15 2 2 11 7 20 24 10 15 14 9 22 12 12 27 7 0 5 20 0 21 22 9 8 27 29 11 4 24 30 23 28 19 29 29 22 21 22 26 18 19 2 28 22
5 15 19 17 25 16 22 8 29 14 11 20 27 27 25 16 11 9 24 21 6 3 19 15 13 6 12 8 25 16 10 6 1 15 15 22 15 7 28 0 30 23 10 25 25 16 14 3 7 17 27 20 16 26 21 28 6 15 27 23 13 9 16 19 7 13 27 19 19 26 21 22 28 3 18 29 2 19 19 4
19 17 11 30 29 1 3 11 13 17 19 1 10 21 3 8 5 8 5 17 1 4 7 4 28 2 3 29 18 23 29 23 10 0 6 12 26 2 3 9 11 28 11 14 26 11 17 21 0 4 23 5 26 4 1 8 13 30 17 20 26 29 23 18 0 23 2 4 22 28 25 25 11 26 26 21 23 26 14 22
22 27 23 2 14 24 19 19 18 10 1 30 23 20 28 11 10 7 8 18 8 5 21 7 12 28 2 3 19 19 17 21 27 6 8 26 25 7 17 18 14 9 6 1 18 16 10 4 6 16 7 28 9 13 15 27 18 18 30 25 7 15 21 1 21 21 27 0 25 2 25 0 30 4 0 17 0 23 17 18
11 23 14 12 0 2 10 15 9 12 5 30 20 22 5 13 3 4 4 13 23 21 1 21 6 5 21 1 25 1 3 16 29 0 20 3 14 28 12 2 7 18 0 7 28 23 25 23 27 29 23 25 7 0 2 12 25 0 15 28 14 3 16 7 13 22 16 30 23 13 18 9 2 5 27 5 7 25 8 0
0 27 30 12 18 26 3 25 2 4 15 2 26 5 4 18 24 0 14 13 4 19 20 23 0 9 9 5 2 11 6 12 18 14 2 17 5 25 22 17 7 12 20 24 27 30 10 3 24 26 29 14 18 8 18 24 14 13 22 8 3 16 2 28 2 11 26 19 15 15 2 23 10 30 29 28 28 6 18 5
26 9 12 6 2 19 21 6 20 27 20 1 5 10 8 28 14 15 23 2 23 6 3 11 13 28 17 27 12 18 8 16 15 0 20 22 29 29 20 4 3 14 7 21 10 15 4 21 15 16 29 9 23 6 29 30 8 6 3 16 25 3 1 21 10 13 18 2 22 23 10 0 30 25 30 5 20 8 29 2
29 19 26 24 17 10 9 5 10 9 7 10 12 15 28 4 20 13 12 4 18 25 1 30 21 15 13 22 18 16 8 1 5 30 1 17 7 22 16 11 29 1 18 30 29 9 5 15 11 6 28 13 22 27 11 19 12 5 4 8 20 21 10 28 14 3 18 25 20 6 7 15 3 29 16 0 28 18 27 16
0 14 0 3 23 5 15 14 12 5 17 26 20 28 9 28 27 8 18 19 29 27 27 2 26 28 17 4 25 21 26 7 3 30 14 22 4 30 6 21 25 1 28 26 30 0 29 15 9 17 5 15 22 12 5 5 21 5 15 14 12 17 9 28 19 7 12 23 24 25 9 3 18 25 14 19 28 8 3 11
30 30 14 18 8 18 30 24 2 16 6 14 8 24 15 2 29 6 4 27 5 9 2 6 29 22 30 9 6 3 1 28 15 0 4 23 29 15 9 27 26 20 30 30 11 23 25 0 1 7 26 18 29 11 22 29 15 11 24 15 26 13 29 9 28 19 19 24 18 17 0 23 23 2 15 18 0 30 12 13
11 4 30 18 30 0 30 26 17 5 7 12 29 7 7 23 6 0 18 8 12 24 7 17 2 0 7 0 15 2 25 30 5 8 22 17 18 28 1 24 12 4 2 3 27 17 3 15 21 20 17 28 3 24 6 19 16 18 5 17 16 24 5 28 30 25 4 9 16 21 1 27 7 13 22 26 10 22 1 8
8 2 13 18 10 7 6 13 8 29 24 19 0 3 11 0 17 22 17 8 24 6 27 16 13 16 29 22 28 2 16 16 20 30 10 7 9 28 26 25 11 11 27 14 21 28 20 12 23 4 28 30 14 5 5 1 12 12 15 18 12 0 25 6 11 30 8 19 13 3 12 13 28 5 2 5 16 11 23 26
13 29 15 6 28 3 11 16 9 22 9 0 18 0 27 23 21 30 14 13 25 26 10 6 2 25 16 2 26 17 9 29 14 25 22 20 20 17 27 9 25 24 28 23 28 19 22 13 0 3 17 16 30 28 23 3 27 16 9 30 26 3 6 13 10 8 22 29 23 21 14 29 22 12 24 17 7 17 22 1
12 27 0 23 0 3 12 13 19 6 9 4 9 8 26 7 10 16 27 21 2 3 5 0 21 16 4 14 22 12 6 29 25 25 17 29 10 0 22 18 30 21 15 15 1 2 1 13 4 21 2 24 12 3 18 7 13 14 19 12 26 15 9 20 26 1 8 14 26 1 7 20 9 10 1 4 7 29 5 30
9 15 5 18 27 27 25 9 18 7 8 17 2 15 2 27 16 11 13 23 9 19 1 20 2 20 4 10 4 7 6 11 4 0 16 29 11 24 0 6 14 30 14 5 15 28 28 12 13 12 1 3 11 22 17 9 21 7 10 5 6 13 18 29 20 7 25 26 27 2 10 29 19 13 17 2 16 11 21 9
7 26 27 17 21 2 25 30 23 15 30 23 11 16 21 8 15 13 30 9 12 20 21 13 11 7 9 3 10 15 17 14 21 14 23 8 24 19 3 25 4 30 28 13 0 22 11 28 24 3 30 29 8 12 5 7 14 2 7 28 14 30 4 23 14 18 8 24 25 23 24 23 1 13 30 20 19 19 15 3
24 1 26 27 23 19 0 5 0 9 27 8 23 4 2 1 4 14 12 6 5 11 0 1 25 18 13 29 12 7 9 25 12 10 19 15 5 30 27 2 10 4 12 9 26 23 18 10 14 20 16 4 15 23 23 3 1 4 25 26 15 20 9 26 24 30 9 7 10 1 8 24 29 12 28 0 4 25 9 17
3 28 13 22 14 30 30 15 27 6 25 4 12 18 13 24 23 26 24 17 2 17 29 17 20 5 11 1 3 14 27 19 2 25 21 21 13 23 11 23 9 17 14 15 9 5 12 4 7 17 20 4 26 14 30 28 21 15 14 24 21 13 5 3 0 11 2 4 5 17 0 18 1 26 26 11 0 11 5 29
16 16 26 13 21 4 23 15 13 15 17 17 5 12 9 22 18 23 20 21 19 24 10 26 12 6 29 10 3 18 20 9 5 25 7 12 24 24 23 29 20 30 30 12 26 17 25 23 10 13 8 21 5 23 18 24 13 21 26 10 25 18 6 26 24 13 24 21 22 16 22 11 24 9 22 21 10 27 3 10
24 16 27 30 16 13 3 11 3 28 6 26 11 5 3 25 15 4 21 7 27 15 16 23 13 7 0 4 11 14 26 3 27 0 17 28 23 21 18 11 22 0 0 22 2 23 28 30 8 20 1 25 1 0 24 12 26 18 17 15 16 23 9 7 10 0 6 25 30 26 24 28 9 18 4 27 4 1 0 18
1 28 21 18 7 27 21 20 9 26 11 16 17 3 14 12 3 11 6 19 27 21 16 12 23 22 12 17 5 2 4 29 0 9 8 24 6 25 20 23 18 27 22 9 10 3 1 30 14 23 1 30 4 10 1 7 1 17 6 16 24 21 14 26 13 25 12 21 2 20 21 9 12 21 27 12 27 10 29 8
23 4 25 11 13 21 11 23 13 28 16 15 6 11 2 1 17 18 30 10 19 25 23 28 22 0 10 29 18 14 24 11 25 10 17 20 24 26 1 19 2 7 8 27 5 23 6 13 5 0 20 6 20 23 8 21 27 28 26 26 8 28 20 16 7 23 13 1 23 28 13 26 18 1 18 9 1 29 20 20
28 10 14 27 6 11 3 27 27 29 29 25 11 4 9 27 7 1 11 6 18 17 26 28 4 11 28 24 8 5 6 10 26 6 23 20 8 30 29 8 8 15 19 30 12 28 5 3 10 3 29 24 13 26 28 7 22 6 14 2 7 8 10 6 8 7 6 0 22 30 2 11 5 1 4 3 8 10 22 17
7 19 1 23 27 0 19 12 3 23 27 4 16 6 8 24 29 1 22 19 2 10 8 1 17 18 30 14 11 22 11 6 9 6 13 29 14 14 14 2 27 0 16 24 4 18 18 27 18 29 12 21 17 9 27 9 4 25 5 3 14 24 30 19 30 7 22 13 24 5 23 27 1 23 1 19 1 29 0 23
17 25 24 26 25 15 14 4 20 18 10 28 9 14 8 11 28 25 25 23 9 15 17 28 20 4 25 1 29 10 1 14 29 14 13 7 16 9 22 12 18 23 2 9 7 23 8 21 0 5 21 19 0 6 1 25 21 12 30 6 30 8 21 0 2 28 4 13 30 0 28 14 11 25 17 24 22 12 4 9
29 23 1 11 0 5 19 22 12 22 23 24 12 14 24 14 10 22 9 22 2 10 7 14 9 27 29 29 9 7 21 5 20 20 8 2 9 27 21 29 28 19 28 11 0 11 18 6 17 17 26 19 28 1 17 3 16 17 3 26 6 15 29 13 1 19 26 1 14 23 20 17 22 28 9 28 23 4 21 30
0 5 10 29 17 13 29 30 13 29 15 18 17 27 9 23 27 16 4 26 13 17 30 30 26 10 22 20 21 19 3 28 17 15 25 18 28 20 16 5 0 18 7 29 26 16 25 25 4 17 18 16 3 13 30 26 4 1 0 28 21 3 26 13 19 16 21 25 20 19 4 23 22 8 18 22 18 4 29 27
16 22 11 8 14 30 5 9 25 21 6 2 24 8 27 3 19 17 29 3 25 27 17 18 18 21 27 22 29 6 26 15 23 25 6 16 18 24 21 14 7 17 10 0 22 26 7 7 21 21 2 19 16 24 23 16 15 21 16 27 14 10 5 3 25 11 21 12 29 20 27 13 0 18 20 10 16 4 21 25
21 18 2 23 7 18 26 23 8 23 30 28 28 10 11 16 26 16 25 10 11 9 13 12 5 6 29 20 8 17 11 9 22 30 8 18 28 28 20 14 23 9 14 21 15 0 17 22 17 24 21 13 10 27 15 13 28 13 14 11 12 2 25 24 11 6 26 19 1 29 10 7 9 6 6 24 18 25 8 3
22 15 19 21 2 8 15 20 8 14 27 20 15 23 12 4 13 15 9 22 29 29 24 29 26 27 15 6 2 7 4 25 10 22 9 29 15 2 7 12 23 3 1 2 2 7 6 11 26 6 14 22 9 25 11 29 17 22 8 9 17 24 15 10 21 12 11 15 3 18 15 1 16 14 30 23 25 27 27 2
28 24 0 4 1 27 30 20 14 21 10 10 14 18 11 12 17 24 15 23 10 12 12 27 29 2 19 23 11 25 7 29 23 2 27 12 18 5 17 15 11 16 14 9 8 19 25 19 11 19 20 13 0 24 24 30 20 4 3 9 28 9 22 26 12 11 14 18 12 17 14 14 12 3 26 28 8 15 28 11
4 4 17 0 12 29 15 10 14 6 17 21 0 13 1 14 29 7 19 19 18 17 23 28 18 11 23 4 25 0 18 28 20 23 5 24 20 13 2 17 16 15 0 16 17 27 28 10 17 2 0 4 18 16 9 24 4 17 25 27 7 4 3 25 28 12 10 19 9 7 25 25 1 4 24 7 3 20 5 0
12 9 23 4 11 9 28 21 24 4 19 22 1 2 8 18 20 13 12 12 17 6 4 28 18 11 14 27 30 10 15 25 26 15 2 29 19 26 9 23 2 22 30 5 4 26 25 30 26 16 25 1 17 21 13 9 11 3 18 20 3 8 21 9 6 22 8 15 30 12 25 10 27 12 20 17 27 23 2 24
18 26 8 29 1 30 20 19 26 16 21 20 6 17 15 5 6 12 29 15 14 5 23 28 0 6 30 14 7 10 25 23 18 28 4 0 22 6 9 28 18 6 7 30 16 11 14 18 22 6 1 9 1 2 9 2 20 15 26 3 11 5 24 7 23 2 30 24 16 1 22 11 18 13 23 6 6 23 0 25
27 0 14 3 27 7 28 12 12 1 23 7 12 28 9 3 13 4 30 11 24 16 19 29 26 18 4 23 11 28 5 0 3 16 25 18 10 24 4 19 8 6 24 24 29 1 5 11 18 14 0 16 18 19 25 15 8 10 1 17 25 13 20 13 9 1 3 29 24 25 3 15 17 4 14 29 3 24 10 29
18 1 5 24 1 27 15 9 2 1 27 23 0 24 16 14 7 25 18 16 1 10 30 13 23 2 24 17 4 20 25 19 11 0 3 1 15 1 29 30 28 21 14 19 11 19 13 23 11 15 1 29 3 18 8 15 20 25 1 3 1 25 8 10 19 16 15 6 19 2 30 7 25 4 6 16 19 27 20 18
11 7 9 30 29 26 13 16 8 7 16 21 2 0 8 12 6 8 6 15 16 8 22 18 7 16 17 28 27 3 12 28 25 27 9 9 22 28 27 8 19 19 26 23 14 16 27 2 12 30 29 2 2 27 19 30 5 9 16 9 1 7 27 19 11 9 8 4 19 12 20 29 26 25 0 4 29 8 19 2
22 0 18 2 23 7 18 20 9 18 20 9 5 29 16 17 20 10 27 21 28 28 4 13 11 10 5 29 9 9 12 6 3 21 13 11 23 0 20 26 24 23 19 8 21 27 23 29 23 27 2 17 20 23 12 20 18 14 2 27 23 30 9 13 26 21 11 1 20 28 7 7 3 25 1 9 28 10 13 22
6 29 6 9 23 4 25 28 20 19 7 7 11 12 19 29 18 24 18 25 24 1 20 15 4 25 26 21 11 8 2 16 21 14 24 10 11 11 3 4 17 30 29 17 3 3 14 10 4 21 0 25 1 8 24 15 13 15 23 12 2 19 5 6 22 14 29 3 7 29 12 24 28 1 14 18 7 13 28 14
27 5 9 2 3 13 28 3 16 20 23 22 5 1 14 3 25 6 20 3 7 12 2 11 11 26 12 30 12 24 28 3 11 5 26 20 18 10 1 15 1 15 8 5 27 30 19 7 23 5 3 20 24 23 6 8 19 12 21 8 0 29 30 2 17 0 26 3 23 12 30 16 19 8 0 4 13 10 30 26
6 18 9 5 29 28 26 5 16 14 30 22 14 14 4 24 4 26 8 8 28 13 20 8 20 9 4 7 25 14 3 0 23 20 15 13 21 18 0 29 28 22 28 28 24 12 26 4 6 7 8 20 18 10 24 16 19 6 28 30 4 14 29 4 28 28 25 10 20 28 23 8 20 19 3 23 27 10 7 2
23 13 2 0 0 16 25 6 0 2 18 28 7 1 8 20 2 11 22 11 17 17 6 5 0 29 4 25 27 30 7 21 29 26 12 1 21 18 27 29 11 22 12 12 14 12 2 12 6 16 3 4 15 6 23 14 28 9 13 0 15 29 18 10 4 21 18 5 6 24 10 17 12 15 30 11 30 5 20 8
11 14 11 27 26 29 24 10 10 25 4 27 8 3 26 6 2 1 17 10 24 7 10 20 21 25 24 7 17 10 26 3 15 5 11 12 29 18 9 14 10 13 25 30 4 23 7 14 28 27 2 6 30 16 28 11 10 8 2 8 9 2 30 25 17 3 5 18 9 16 29 9 25 4 30 10 0 10 8 13
18 29 22 18 4 17 0 5 14 12 5 23 17 18 7 11 26 16 4 18 7 0 1 23 23 0 15 8 22 3 6 16 26 22 29 30 20 21 15 12 1 18 17 28 24 19 1 22 2 7 4 28 2 26 7 12 29 28 5 21 4 29 14 30 3 13 15 10 30 25 1 25 13 4 23 28 28 5 8 27
29 5 19 9 5 8 26 25 0 6 28 6 10 19 7 16 9 1 22 6 12 30 24 26 23 12 16 10 12 0 0 5 3 17 14 6 10 23 24 1 6 4 1 8 3 19 23 7 22 18 19 13 10 16 9 18 9 16 9 25 23 28 27 23 24 5 6 25 27 0 29 25 29 2 20 30 28 22 2 23
18 8 21 11 28 26 28 9 20 16 2 2 16 13 11 15 1 26 17 8 19 1 18 19 28 18 28 7 16 22 26 21 10 6 14 4 12 26 0 24 23 6 1 3 25 19 21 21 19 11 22 18 10 23 4 1 29 25 1 15 19 20 0 25 15 17 30 19 23 30 3 14 30 2 22 27 20 20 14 2
11 10 21 19 22 16 0 16 2 8 18 15 2 9 3 2 8 12 5 6 24 22 12 6 14 15 17 5 8 2 6 26 23 18 25 21 15 6 24 29 26 15 23 13 1 12 4 20 7 5 16 21 14 26 15 15 22 11 3 27 14 7 23 22 13 23 23 9 2 10 2 6 25 30 0 8 25 3 2 29
10 13 20 17 20 27 27 6 7 2 2 24 16 24 10 11 0 2 25 18 15 0 6 25 4 7 6 24 22 6 28 24 17 25 19 30 26 9 16 27 15 11 4 7 28 22 6 19 27 29 16 23 2 29 14 30 6 9 16 26 4 10 28 22 15 7 4 21 18 27 15 30 12 27 15 27 9 24 25 13
23 10 14 28 1 21 16 21 15 1 26 26 13 5 17 19 6 8 25 12 3 21 0 25 7 26 18 11 15 28 9 29 18 14 2 6 10 15 26 7 22 16 16 1 4 24 29 1 20 30 24 12 4 7 26 16 29 12 15 14 28 24 26 11 6 19 12 30 25 21 5 15 21 9 24 8 0 0 10 29
4 22 6 14 12 24 11 16 12 29 24 3 5 3 14 22 10 26 3 9 7 30 19 11 30 12 21 5 8 18 0 10 28 28 0 24 18 1 8 10 10 1 2 20 1 4 20 28 15 2 21 18 12 13 30 23 7 27 27 10 29 19 10 4 18 7 15 0 4 23 10 15 20 5 26 30 16 1 18 27
14 14 23 24 26 10 30 21 14 29 6 14 5 11 26 11 6 27 14 30 23 8 25 0 2 22 26 15 16 9 3 23 12 9 6 1 10 10 12 6 21 5 6 9 1 17 15 26 14 0 25 8 15 21 14 13 3 12 30 20 16 9 26 5 10 7 4 9 15 11 16 5 23 5 3 25 9 18 10 21
26 6 1 5 20 10 2 27 26 16 29 8 17 22 28 19 8 6 8 1 16 18 14 18 19 24 1 12 9 25 0 1 2 10 24 17 17 23 1 12 17 7 21 17 26 3 11 19 27 3 30 29 19 24 10 7 7 3 2 13 15 21 25 26 30 19 2 16 21 19 12 4 27 7 5 25 8 24 25 12
19 28 30 13 15 14 10 15 24 13 29 22 14 13 4 12 0 6 30 20 5 2 7 10 7 28 1 17 1 27 10 13 21 11 0 13 23 20 18 14 6 3 5 11 0 23 20 2 5 1 26 3 24 14 9 8 24 16 21 21 20 5 5 18 0 29 11 9 25 17 18 2 6 28 25 2 21 27 22 22
12 8 0 7 20 12 23 10 24 18 3 29 9 20 0 0 26 2 24 21 22 21 5 6 20 20 9 15 27 0 15 13 11 30 11 14 22 8 27 9 10 10 7 12 0 9 5 6 8 16 21 18 16 28 11 15 2 4 13 27 6 24 19 11 3 14 19 13 28 22 27 3 9 13 10 2 0 6 14 6
28 30 4 14 7 18 23 10 22 18 18 13 2 15 20 16 26 15 18 4 25 14 4 8 3 16 9 9 23 14 26 0 6 22 4 10 10 3 9 17 29 1 28 7 5 25 5 17 8 2 8 28 2 3 6 12 21 12 28 28 19 18 30 7 29 23 23 13 0 17 19 15 27 23 24 24 20 5 13 16
20 14 16 29 14 6 23 10 14 19 0 14 1 21 18 11 14 8 19 20 17 0 23 16 27 16 4 22 28 30 28 0 1 3 30 21 11 21 18 15 0 18 6 6 23 14 15 9 6 23 1 21 23 8 29 23 0 13 7 18 24 29 13 2 3 18 1 3 17 26 29 28 28 7 26 19 24 8 26 18
13 14 10 1 6 6 28 21 19 29 7 1 2 19 29 19 28 22 21 21 29 2 26 19 17 22 13 28 6 6 26 6 20 19 2 24 29 15 10 3 26 18 13 22 9 2 13 5 25 28 2 30 1 24 2 14 0 0 26 20 8 14 20 22 2 26 28 23 2 23 1 18 26 7 23 17 21 12 12 16
21 2 1 2 18 29 10 26 30 30 9 26 1 8 16 28 22 20 30 15 18 14 8 20 21 6 8 25 19 9 29 10 6 1 1 30 12 28 14 12 4 0 30 21 30 26 4 30 16 22 7 21 14 4 8 2 6 14 19 30 23 15 0 10 11 29 25 14 2 19 0 27 29 10 6 7 1 8 24 15
9 3 18 25 10 19 1 4 20 16 20 1 0 18 25 22 16 16 12 29 14 24 5 9 7 26 25 22 21 18 24 22 4 22 23 1 6 12 19 9 7 5 29 0 29 24 6 17 2 8 22 16 11 19 3 19 27 18 6 23 25 24 11 11 20 12 26 29 8 25 23 15 0 18 16 5 1 7 30 29
28 24 23 11 20 28 21 25 12 5 7 11 26 6 26 27 17 5 17 4 19 0 9 8 2 5 30 20 10 28 22 7 4 11 9 29 12 28 20 21 28 13 7 15 20 12 13 29 13 9 17 22 10 13 22 10 17 8 8 30 18 16 15 11 0 25 3 21 5 30 16 21 27 4 21 3 25 7 19 14
16 11 0 17 8 15 1 15 12 25 14 9 13 2 2 11 2 10 16 12 6 8 15 26 25 7 9 12 9 4 7 12 18 4 20 18 0 24 19 4 13 23 0 10 14 1 26 29 30 29 15 10 23 4 20 4 16 22 4 19 24 10 24 27 10 29 12 24 10 14 21 15 27 30 14 30 17 19 30 20
12 26 6 14 27 25 6 22 17 16 28 3 0 8 26 0 4 13 17 9 9 28 2 29 15 24 0 27 22 27 18 17 2 8 14 20 30 17 13 1 8 12 18 18 8 15 13 14 22 28 1 23 5 8 30 10 9 22 3 11 11 15 21 3 6 9 30 4 27 22 28 5 22 29 19 5 0 30 5 7
1 27 24 12 9 12 25 0 4 17 14 30 0 9 26 18 21 6 18 25 24 25 23 4 17 24 18 18 3 25 0 9 6 28 11 29 27 13 13 23 8 5 20 2 27 26 0 15 25 12 10 2 18 26 11 23 28 8 7 9 25 27 28 29 16 10 4 15 29 23 2 17 28 27 10 27 26 8 9 18
13 13 6 25 6 5 0 25 0 7 12 4 4 12 22 19 3 9 5 0 30 4 5 28 12 15 18 7 9 21 22 27 15 25 14 18 28 13 18 24 21 17 26 20 11 28 15 28 22 30 2 26 17 26 8 19 26 13 17 3 1 13 4 0 12 19 21 6 19 21 0 23 27 14 1 9 12 17 12 8
7 10 20 27 4 8 17 7 23 8 2 8 10 12 10 7 4 29 30 13 14 16 11 7 29 19 0 4 16 4 6 11 17 29 27 18 0 24 7 3 19 25 11 22 7 17 8 1 3 28 26 23 7 3 2 7 1 26 19 30 8 30 30 1 14 17 11 29 27 8 8 15 18 30 3 30 7 14 0 12
10 11 15 30 15 22 2 8 9 11 21 22 14 12 4 14 1 27 16 24 2 13 25 4 22 21 12 2 19 23 21 17 13 2 1 7 6 13 10 15 12 16 7 6 19 14 16 17 24 28 23 15 18 27 3 21 8 18 28 30 4 4 13 21 19 7 7 15 10 30 1 29 29 12 12 25 14 24 19 0
0 2 19 24 6 25 4 13 7 12 18 19 30 22 13 10 13 10 15 14 1 2 15 0 30 12 3 26 23 2 1 0 12 20 16 20 6 23 21 18 9 18 11 4 25 17 16 0 7 25 30 19 14 2 19 27 18 18 2 17 2 27 29 24 21 17 17 15 18 10 20 29 7 1 12 25 10 22 22 8
20 6 14 16 19 14 3 19 11 8 29 19 20 13 21 16 27 21 16 26 20 20 3 27 9 30 28 22 15 22 14 25 29 25 29 10 13 2 8 17 9 0 21 9 0 23 19 14 0 12 27 10 17 19 6 4 27 28 0 21 15 14 7 7 22 13 26 1 29 24 14 7 4 23 27 5 9 11 15 13
11 14 21 2 28 25 11 14 23 7 11 8 6 28 24 4 23 25 7 20 17 16 1 1 11 18 23 6 15 8 12 17 6 5 30 26 21 9 28 0 19 14 27 13 24 13 21 27 28 5 0 17 27 1 17 13 22 17 7 0 0 28 2 14 30 2 14 22 10 17 21 26 22 11 10 10 8 25 1 27
30 5 20 22 9 8 13 24 27 19 3 26 11 12 26 23 1 0 8 17 15 14 7 7 16 30 18 28 17 22 20 14 13 30 5 29 25 6 18 23 17 13 14 28 17 1 16 28 5 25 3 4 20 18 11 0 24 8 7 11 6 27 30 10 7 29 30 16 21 20 9 12 2 16 26 30 25 6 13 26
10 20 5 19 13 9 29 4 27 25 8 1 1 1 22 4 18 10 23 28 1 25 19 11 22 3 6 7 5 19 9 19 0 18 5 1 17 24 10 9 5 9 10 22 28 15 12 9 29 15 7 5 11 9 4 18 26 25 0 27 8 30 10 25 20 14 15 0 14 0 17 30 29 18 2 26 15 20 4 30
16 16 12 19 25 11 25 20 29 27 12 15 29 17 30 15 14 6 19 25 10 13 20 27 23 21 14 1 2 6 2 29 15 27 28 16 26 5 9 19 9 15 19 14 10 19 22 14 15 14 24 7 12 30 26 14 0 17 15 14 4 15 3 17 20 3 25 8 11 5 4 16 11 12 21 4 27 25 12 17
10 7 10 28 22 1 18 14 29 15 6 9 30 1 26 4 7 1 4 24 10 18 6 3 23 24 3 19 13 17 20 6 7 30 17 28 0 15 10 24 28 1 4 28 28 19 13 19 16 24 28 19 17 14 10 2 6 26 8 27 7 21 13 29 15 19 18 23 16 20 16 0 14 1 4 15 8 18 5 13
9 10 10 22 26 8 19 4 28 1 0 0 2 30 0 0 20 29 0 17 27 0 26 20 10 13 24 4 8 13 15 25 12 8 6 8 23 21 9 9 29 18 30 22 8 6 4 7 26 9 15 12 24 15 27 2 26 1 11 16 27 4 14 15 4 1 18 22 13 29 10 11 11 14 20 14 0 30 20 19
12 28 17 20 27 1 17 30 14 13 7 19 16 15 10 10 6 5 16 16 29 17 4 26 6 10 26 24 2 2 7 28 29 0 4 0 29 21 8 28 2 20 29 10 13 20 0 1 29 0 10 13 21 18 3 20 0 18 27 7 29 21 22 9 11 7 25 19 15 13 18 10 17 2 29 24 4 6 6 14
14 19 17 12 13 10 24 27 19 9 0 13 26 7 5 28 28 2 7 29 23 8 28 7 8 13 19 22 25 22 18 15 28 13 10 13 24 27 25 22 10 28 9 28 27 22 29 13 27 28 5 17 9 29 10 29 19 5 22 5 11 4 21 24 5 24 8 9 1 14 27 13 27 22 9 5 9 0 24 13
3 8 18 17 20 13 20 22 13 6 22 5 17 25 27 28 1 19 27 4 18 14 14 16 3 4 11 9 28 19 22 9 23 3 15 6 30 1 25 10 7 8 6 26 23 21 13 3 16 18 28 7 9 6 20 14 22 5 8 8 20 17 26 21 9 21 2 12 27 27 7 24 0 0 30 26 22 14 17 0
1 1 4 12 20 15 24 30 30 10 6 10 6 4 10 7 29 11 19 26 21 1 21 25 28 3 7 26 30 21 19 18 2 10 26 0 17 25 28 20 29 5 6 20 18 21 18 13 12 25 24 11 21 20 0 29 13 2 8 1 30 27 14 2 24 10 16 21 15 7 13 13 22 8 26 21 24 20 7 16
22 13 17 22 2 19 1 27 3 17 24 2 25 10 25 14 9 0 19 18 25 25 13 30 9 21 28 26 15 28 5 30 9 27 15 14 24 17 8 20 1 6 22 14 5 16 12 3 12 28 29 30 17 17 22 9 7 26 13 13 2 17 30 20 6 14 21 19 2 17 5 29 5 29 1 17 20 26 29 19
