84 84
0 24 7 25 22 21 1 29 27 30 7 3 24 9 23 16 18 15 21 4 12 10 12 29 21 21 18 13 25 3 14 10 7 7 6 27 11 0 18 15 10 10 25 27 0 25 1 15 29 7 15 24 0 11 6 29 25 11 9 25 15 21 0 3 26 3 30 26 14 9 28 7 15 28 16 28 5 3 22 13 23 7 25 8
2 14 29 4 30 25 24 18 5 9 17 20 22 3 8 25 17 24 4 13 8 17 30 17 14 28 15 30 16 12 19 29 22 21 21 25 7 24 29 10 6 12 8 3 27 8 14 23 0 2 23 17 25 9 17 6 28 11 16 18 24 8 13 24 16 6 16 18 8 9 7 14 4 3 1 24 28 14 14 1 8 22 16 28
12 29 12 30 21 18 13 2 12 27 30 6 9 28 7 9 26 16 20 29 5 25 17 13 2 19 29 15 1 11 26 20 1 21 23 27 10 27 14 17 16 2 10 23 21 0 0 29 27 25 1 15 6 1 5 26 30 2 14 16 8 11 15 11 8 28 17 3 30 23 21 30 1 30 15 25 11 5 3 9 28 1 0 8
30 19 2 30 24 29 17 1 10 8 20 4 7 29 19 28 6 6 15 6 5 24 20 12 14 0 10 19 3 24 28 22 27 5 22 5 12 6 6 12 10 12 26 21 20 8 16 2 3 29 2 17 2 14 16 27 22 2 15 23 25 0 13 30 17 15 6 7 27 15 26 9 5 7 6 9 28 3 11 20 24 13 16 6
12 24 21 12 28 10 1 3 9 7 8 5 29 6 4 20 23 14 24 15 5 25 29 15 6 19 10 17 15 29 12 11 14 8 10 25 18 26 13 7 24 29 7 26 15 8 9 1 7 13 26 12 13 14 16 0 9 24 19 28 13 11 13 18 21 11 11 8 14 14 12 5 9 13 11 10 24 19 22 2 0 22 20 16
13 18 4 4 30 19 25 11 1 10 16 4 15 26 19 25 4 15 28 4 25 23 27 8 19 15 29 18 27 17 4 6 2 18 24 19 27 5 3 19 3 14 1 18 20 21 8 0 2 9 20 1 23 12 29 22 14 28 24 30 20 5 0 6 10 10 15 16 16 13 9 11 8 12 24 15 12 8 20 25 2 5 23 2
30 18 29 13 5 14 6 18 17 7 1 19 22 21 0 1 3 12 30 20 17 23 5 18 27 2 7 20 29 1 7 1 16 12 25 20 17 0 29 2 21 5 3 13 19 7 29 5 17 0 13 24 19 25 9 7 25 21 13 29 9 29 6 1 11 0 26 16 28 15 22 10 1 13 24 12 20 3 10 8 6 30 23 14
6 14 15 23 26 17 15 21 29 26 24 27 5 18 6 0 14 19 0 4 13 28 7 17 0 27 8 17 3 20 4 5 9 21 20 17 18 7 18 5 23 16 2 14 27 3 27 0 21 5 15 27 12 25 18 3 30 27 17 7 17 15 25 4 19 1 18 25 6 30 29 19 29 19 15 14 7 30 3 13 25 29 24 13
9 19 8 10 21 26 17 10 4 12 10 9 25 13 6 1 16 14 24 21 20 10 16 12 23 19 3 26 11 18 24 29 11 7 25 16 0 16 11 17 20 30 20 0 4 17 7 1 29 12 27 6 28 14 28 19 13 12 15 28 29 28 2 30 7 3 16 29 3 27 25 2 7 12 14 7 13 9 19 19 1 13 3 6
21 26 15 8 18 28 20 19 9 8 27 22 12 15 20 30 23 11 29 15 5 17 13 15 26 27 1 18 3 20 30 3 17 14 0 1 9 2 2 8 30 18 25 3 0 14 19 28 22 11 12 18 25 21 19 16 4 13 17 23 0 15 14 24 27 11 23 29 27 3 27 3 25 18 11 15 16 6 4 23 10 7 19 4
4 3 0 23 11 16 12 10 17 5 8 11 24 9 28 5 16 25 13 3 8 27 10 5 25 21 7 30 11 19 20 18 25 15 5 20 28 20 23 5 11 19 5 9 6 26 19 8 24 22 16 3 8 18 17 29 1 5 20 9 9 10 3 1 25 23 10 22 5 2 21 6 26 18 18 18 23 13 3 23 12 18 28 5
2 7 25 13 5 24 27 17 25 14 23 26 27 14 24 22 16 11 14 26 1 24 27 25 19 25 1 8 28 28 13 11 12 14 16 14 4 7 15 22 23 6 10 15 23 26 7 2 13 19 7 25 9 11 24 16 29 3 5 10 28 27 23 20 23 20 16 21 25 19 23 20 4 12 2 26 12 22 3 14 28 0 1 0
20 20 27 25 16 3 6 6 3 23 14 25 17 27 29 4 1 5 23 17 0 29 14 29 13 1 19 23 3 20 7 24 8 12 22 19 18 29 16 2 27 15 19 22 7 16 24 19 30 28 0 5 9 3 13 10 12 28 5 19 23 26 21 15 0 20 3 30 9 2 25 0 24 28 12 20 4 6 24 15 13 8 18 28
3 1 5 7 28 23 2 27 2 2 19 7 26 2 18 28 24 8 20 16 19 20 6 10 30 27 22 23 18 26 10 13 25 21 11 12 28 22 10 27 22 6 29 20 21 7 28 0 8 17 13 29 23 2 0 0 1 28 29 21 18 30 11 29 3 0 18 23 8 17 13 29 13 17 17 15 7 29 24 24 14 21 12 0
11 10 16 28 7 9 29 15 17 7 10 3 3 20 26 21 14 0 14 11 19 17 14 22 3 8 3 2 22 25 5 0 29 3 30 6 3 23 24 25 13 9 1 5 5 0 12 10 20 23 29 15 3 12 27 5 28 14 27 7 10 18 8 16 21 11 13 1 6 27 12 12 0 22 0 9 20 27 6 20 16 24 7 18
6 12 2 18 7 7 14 10 15 15 11 21 17 10 24 15 3 29 30 22 29 1 24 1 1 23 3 23 1 11 28 23 0 1 10 25 13 11 12 3 1 13 25 16 26 26 8 0 20 9 27 11 8 23 6 23 28 10 3 22 1 3 10 18 24 12 9 22 20 21 4 6 28 3 26 18 23 28 8 0 23 4 29 30
30 11 1 17 24 28 20 15 24 23 11 27 25 1 20 15 26 12 27 4 0 14 30 26 15 23 16 13 30 27 2 5 11 11 23 21 21 25 26 2 3 17 10 26 18 8 12 4 8 21 12 16 14 5 20 23 13 19 5 0 18 10 4 22 22 7 0 25 13 28 8 4 12 7 10 14 6 27 23 14 15 3 18 15
29 30 2 12 9 2 29 7 0 8 28 13 28 2 20 8 29 0 1 10 13 19 21 7 0 20 7 6 7 30 12 30 13 5 24 1 21 22 13 28 17 7 22 26 13 9 22 19 7 7 19 11 4 29 19 20 3 15 9 22 18 25 0 20 15 0 23 0 0 29 20 12 28 15 20 30 1 17 6 26 0 20 12 26
5 22 7 8 24 13 5 7 26 5 8 14 12 2 11 14 15 0 12 28 24 26 28 1 6 26 3 5 11 21 23 5 10 24 28 29 6 0 19 28 7 21 0 25 27 12 20 17 5 20 2 14 16 10 10 26 21 3 25 13 3 3 13 1 24 12 14 9 4 20 24 9 9 6 28 12 7 27 26 7 19 27 13 27
3 16 15 9 18 27 13 1 13 0 1 22 13 25 8 17 24 17 11 0 15 25 25 30 22 21 3 22 14 20 15 10 6 1 27 6 10 2 20 28 21 1 9 21 1 30 22 16 2 22 25 7 20 18 4 6 23 29 11 28 22 14 16 7 27 10 6 19 25 21 7 11 13 26 25 21 2 27 18 24 10 23 7 26
1 12 10 16 21 23 23 8 8 17 4 3 3 15 3 15 27 27 28 26 18 17 18 1 2 21 29 18 17 14 4 1 13 28 28 11 4 13 5 20 21 8 3 27 3 13 10 7 0 3 11 20 30 19 23 5 0 30 21 21 22 24 22 27 20 9 26 27 26 29 10 23 3 13 4 20 30 16 30 29 30 25 26 6
24 1 26 8 5 27 16 17 7 4 9 22 10 18 10 28 26 28 21 5 5 21 17 26 5 24 25 20 25 1 29 30 0 6 19 9 16 17 27 16 11 24 26 18 8 15 18 7 29 3 7 12 30 26 7 2 23 24 13 21 18 19 14 1 8 25 14 18 20 14 2 30 11 26 12 11 6 16 1 4 12 8 12 24
17 6 18 23 22 4 16 25 21 29 17 20 11 3 14 26 21 6 28 30 26 14 10 13 26 2 17 2 18 1 22 7 0 3 12 10 27 16 1 7 29 16 6 17 19 30 14 18 2 21 6 3 0 21 28 26 11 10 23 7 3 13 20 13 15 15 12 29 16 27 8 17 19 15 5 27 28 8 0 6 30 28 7 12
8 28 21 29 12 17 29 25 17 0 18 7 28 7 1 7 3 1 23 7 14 25 17 1 28 2 23 2 21 6 25 24 6 28 16 30 7 5 26 7 13 5 10 30 12 7 26 28 25 6 30 23 6 26 7 23 21 1 3 3 15 17 29 25 20 27 22 29 12 29 29 14 22 26 15 24 21 13 2 0 21 4 3 30
1 14 18 12 10 27 25 9 27 15 4 14 5 7 3 27 28 3 2 25 12 28 13 25 24 12 29 30 12 19 6 27 9 24 28 6 23 1 28 8 12 28 23 28 17 6 26 8 25 8 17 27 22 21 16 9 26 19 8 4 15 15 2 29 11 22 14 17 25 6 3 13 24 16 26 17 0 6 5 7 1 3 27 12
6 7 12 24 8 10 20 6 24 22 17 7 21 26 5 11 13 3 12 20 4 28 21 12 19 26 11 15 1 23 2 12 28 16 8 1 10 14 5 10 1 7 11 17 7 25 3 9 25 12 4 28 3 4 9 20 24 11 9 22 10 25 21 14 16 0 7 28 13 13 17 6 15 4 1 5 12 8 16 2 10 30 24 17
11 10 10 5 13 25 8 28 29 30 14 23 11 2 13 18 8 13 19 21 20 6 5 29 0 6 18 14 19 20 17 7 1 0 22 15 17 8 1 9 26 2 28 9 7 27 5 4 12 27 7 4 16 15 17 14 21 26 19 1 13 30 10 11 14 10 28 23 7 16 14 9 22 10 4 12 10 3 5 4 16 10 12 2
30 13 1 25 18 23 4 7 21 8 8 21 13 7 1 10 13 20 22 24 0 17 16 14 13 3 4 9 21 1 6 21 28 24 2 18 16 20 6 24 26 20 17 12 0 11 15 7 21 25 1 1 12 25 11 20 5 16 18 23 18 15 5 9 26 8 16 7 21 22 6 8 27 12 14 28 15 0 7 2 29 22 16 24
9 19 10 3 29 27 18 10 9 1 29 12 4 18 1 17 6 10 0 6 18 5 7 2 0 25 28 28 29 14 0 11 25 2 5 13 12 18 14 20 3 23 19 16 6 5 13 29 24 0 14 28 21 26 8 6 3 24 30 2 16 3 1 26 19 21 20 3 14 8 10 7 13 25 2 9 17 10 13 22 10 27 11 29
3 5 24 7 25 25 15 24 18 6 5 30 28 14 29 19 16 7 7 11 20 4 0 1 6 0 1 8 15 12 30 18 20 2 2 6 20 1 12 23 30 15 30 14 23 24 23 30 18 0 29 5 11 25 29 10 12 0 25 28 4 28 29 4 24 10 17 11 22 23 6 23 7 0 9 18 17 14 4 0 0 15 30 13
12 18 27 23 10 24 19 8 8 8 14 14 28 27 8 28 4 23 0 8 13 15 29 2 17 17 6 18 5 6 11 4 4 21 13 25 16 13 4 10 14 14 10 15 24 2 27 4 19 3 21 14 18 16 8 0 13 2 3 19 4 2 6 8 25 4 26 8 1 16 26 20 13 9 24 5 17 4 10 10 23 12 29 28
23 6 4 18 5 23 10 12 9 12 5 28 0 16 8 30 18 8 12 13 28 0 18 22 12 1 24 7 25 25 3 29 1 18 19 11 26 26 22 19 30 16 4 23 15 19 25 11 17 25 25 1 28 6 28 30 4 20 10 12 6 26 28 26 17 14 15 4 28 16 5 7 23 15 8 4 1 1 17 8 7 8 27 7
20 7 7 29 23 5 0 9 19 30 18 8 20 25 24 18 6 5 19 1 17 15 30 23 21 9 28 25 16 5 30 23 16 27 10 28 4 8 24 27 1 6 30 28 17 15 13 28 12 30 10 11 19 9 4 18 8 13 5 13 14 30 4 30 14 30 28 1 20 25 5 30 5 22 16 11 8 3 28 0 16 24 24 3
7 29 14 23 19 3 24 19 27 23 5 4 6 23 28 25 14 14 15 15 16 0 13 28 22 2 7 9 2 26 1 4 5 28 6 1 6 12 16 30 30 24 19 10 10 12 9 7 8 30 11 8 2 24 28 4 1 16 18 7 5 8 3 16 30 20 18 6 18 11 28 22 26 20 24 22 26 9 22 0 26 4 30 25
19 18 4 16 21 13 0 12 25 24 21 1 23 27 24 28 10 30 6 27 30 20 0 18 30 6 2 2 9 20 20 1 14 12 6 10 10 16 1 3 23 27 10 22 21 9 11 29 29 6 17 18 29 20 9 2 10 25 11 3 18 20 28 26 23 28 3 28 23 24 3 15 0 26 8 28 0 24 7 16 19 15 4 12
4 12 27 4 4 6 21 27 20 19 27 18 29 20 10 27 9 1 16 0 13 9 16 20 25 7 13 1 28 14 5 13 20 1 15 4 21 14 0 12 9 10 19 24 15 29 8 18 16 12 19 4 29 25 21 19 30 24 26 26 17 25 9 28 13 21 4 2 30 6 7 4 22 16 1 18 13 5 24 30 14 20 1 18
0 28 25 14 16 25 23 27 11 13 27 7 12 21 19 15 9 6 10 1 26 27 25 8 15 8 13 2 2 17 9 6 21 23 16 4 26 17 2 0 6 20 14 11 2 25 27 16 7 4 13 24 21 6 19 18 15 8 29 0 11 10 1 17 20 25 13 8 9 17 22 11 4 30 12 1 19 12 25 3 9 12 9 17
26 12 15 20 21 28 10 0 1 20 21 7 18 20 18 6 0 6 3 1 17 28 20 19 30 4 16 26 13 30 16 25 24 0 8 21 0 11 16 19 17 17 8 15 3 21 20 29 28 30 19 11 19 17 27 18 16 14 9 25 8 12 9 24 3 5 27 14 13 18 13 25 13 16 20 28 5 18 26 25 28 7 21 12
11 17 28 11 17 1 22 19 16 9 11 25 24 24 21 8 23 12 7 28 21 1 5 13 27 4 15 16 17 21 22 1 6 20 26 1 29 11 23 17 28 19 4 16 1 9 18 16 3 9 27 12 19 16 29 5 13 9 29 0 2 11 13 16 10 24 30 26 10 13 11 19 19 22 20 10 29 23 9 9 15 13 5 15
21 30 17 18 24 8 26 20 11 13 0 26 30 8 18 15 21 8 28 13 9 2 3 8 27 30 30 17 30 16 21 24 2 26 13 21 16 8 24 17 16 13 28 3 9 9 29 23 24 4 17 6 28 23 14 7 0 6 25 18 13 8 30 1 20 18 20 4 26 10 17 23 18 29 7 7 4 24 15 29 29 3 0 16
6 24 4 28 4 4 13 27 24 3 15 20 12 16 19 16 3 9 2 8 5 6 4 9 17 30 11 15 1 0 21 1 3 21 4 27 2 6 26 6 19 14 12 25 3 6 25 6 28 17 7 20 10 0 14 19 26 5 20 1 3 20 8 21 21 7 3 10 13 17 3 25 23 15 13 14 8 3 6 2 14 22 12 8
25 26 2 16 24 11 18 15 8 29 19 25 8 28 0 5 6 0 14 4 12 21 8 25 1 25 19 16 10 20 27 7 1 8 24 21 8 17 12 21 30 27 10 21 1 30 7 22 22 15 21 10 14 6 22 7 9 8 14 16 13 6 4 17 23 12 11 24 24 0 16 1 9 13 28 12 8 12 22 13 17 16 12 26
30 17 17 24 6 5 28 9 12 5 4 20 25 28 19 23 8 3 26 9 16 19 17 19 15 4 6 21 28 28 1 23 21 22 19 18 27 8 23 23 10 4 12 8 5 11 1 3 20 3 27 5 25 6 10 5 1 19 6 14 18 9 27 10 18 9 27 17 21 22 24 4 26 20 25 6 26 28 1 18 21 1 16 17
8 17 7 29 2 8 6 21 6 25 24 8 23 1 22 6 5 13 26 10 29 15 23 15 16 9 13 5 6 11 29 24 21 1 9 29 3 12 5 9 26 7 24 23 26 26 8 4 4 5 0 20 18 1 11 3 23 24 7 8 14 20 9 26 10 1 7 15 9 26 16 20 14 20 9 5 29 21 13 18 16 15 4 1
1 10 9 28 27 28 5 23 29 11 3 8 18 1 0 18 24 9 1 5 6 22 12 5 16 24 11 8 17 30 27 10 19 23 23 2 10 10 8 24 18 5 4 19 12 1 12 21 17 13 17 2 11 1 14 29 17 10 4 27 11 7 8 25 29 4 17 26 23 6 24 10 5 12 25 19 6 9 29 19 2 17 7 30
13 3 12 30 30 8 20 11 8 25 4 7 11 14 6 13 12 14 12 15 29 14 27 11 0 16 16 0 2 26 22 11 29 13 22 23 11 0 5 6 13 24 25 6 28 15 6 14 17 5 23 30 6 23 18 0 14 12 28 23 26 25 6 20 20 7 17 8 19 25 25 4 2 19 23 0 17 4 7 18 19 3 10 12
26 20 18 23 4 7 1 15 15 29 19 14 29 18 14 1 29 7 3 7 27 16 2 14 7 24 27 16 20 14 13 29 14 7 30 0 28 19 20 28 30 7 5 29 29 5 24 7 24 0 26 30 5 13 20 3 22 26 15 8 4 11 9 16 26 14 2 30 10 0 16 23 19 0 25 20 9 24 10 4 6 24 11 21
2 12 9 19 14 30 18 18 26 13 26 11 4 30 10 19 5 8 1 29 24 19 14 30 20 18 23 13 17 18 6 0 21 1 23 15 22 20 4 15 10 27 30 4 1 15 20 25 1 25 11 1 0 28 18 1 23 4 11 26 5 17 10 8 0 25 5 16 17 19 9 15 30 3 13 25 4 2 5 6 13 4 12 21
12 11 9 9 9 6 4 4 24 1 16 25 3 22 18 23 15 2 13 17 21 26 26 29 6 9 8 4 16 3 6 30 29 18 10 22 13 14 10 0 1 10 21 25 11 19 30 19 30 22 8 6 11 6 16 23 15 19 26 11 5 24 9 0 12 22 12 5 0 23 17 9 23 10 6 29 13 27 21 30 12 20 6 7
29 15 18 5 19 18 17 14 17 8 1 5 21 6 2 15 26 10 29 20 15 19 19 18 4 3 20 15 30 15 11 10 19 13 4 21 10 22 24 24 10 28 17 7 30 12 8 22 6 29 29 24 24 1 29 12 12 3 12 2 1 3 21 23 29 21 3 18 30 5 9 0 6 19 17 12 21 15 27 15 3 21 0 23
14 15 6 4 2 5 23 24 6 14 2 21 8 15 12 5 6 23 21 5 30 2 20 27 3 0 30 6 8 0 13 3 5 19 2 26 26 20 10 18 6 8 13 3 16 25 22 22 16 4 19 14 20 24 30 12 17 5 22 24 24 17 18 2 30 10 13 24 28 29 25 0 24 9 10 8 0 23 18 8 15 14 16 4
21 29 1 7 3 16 16 21 26 5 2 21 3 2 17 22 11 13 8 26 30 18 16 4 27 8 29 22 25 20 20 24 25 23 5 9 2 10 6 22 22 25 13 25 19 19 9 4 15 1 23 7 8 0 28 9 30 11 23 4 8 30 23 2 1 0 3 25 30 19 20 15 10 4 11 12 29 22 9 18 5 12 2 25
25 20 6 16 8 7 17 25 1 15 15 5 17 22 29 10 11 25 20 2 0 25 10 10 21 3 19 9 10 16 6 16 11 19 3 26 15 19 3 20 29 10 15 17 29 20 23 22 21 16 0 27 0 11 7 7 16 18 1 17 6 26 7 1 4 24 29 18 15 10 1 9 3 10 16 7 6 5 1 18 26 0 14 25
12 13 16 2 9 7 22 11 1 22 5 14 10 12 7 14 7 7 26 6 27 28 20 5 2 3 17 27 25 21 19 0 3 14 2 29 28 15 28 10 24 9 18 3 22 15 2 18 22 2 26 22 22 5 7 20 15 9 20 7 4 25 10 3 20 21 25 22 2 23 0 17 16 3 14 9 12 16 28 11 7 0 18 30
7 21 12 6 10 3 13 21 29 2 4 24 4 12 14 26 11 28 28 28 1 25 12 14 19 0 20 28 13 24 4 6 9 18 2 27 26 19 7 2 30 26 15 22 16 30 29 17 8 14 23 27 29 9 15 28 3 30 4 0 17 5 28 18 28 2 20 11 27 11 17 11 20 23 0 13 21 9 1 4 3 2 17 18
3 18 20 0 16 23 4 30 7 25 16 1 3 22 14 22 20 8 7 10 10 28 9 23 0 15 23 20 14 8 3 2 0 17 0 0 14 3 11 28 9 28 10 13 24 26 6 6 22 20 12 24 30 20 19 28 24 2 12 16 11 8 1 19 15 8 23 13 17 5 27 20 30 4 14 4 15 20 15 26 12 23 1 7
25 26 14 22 1 3 12 27 23 4 3 3 20 10 28 17 9 30 1 16 28 13 13 1 18 24 23 15 1 17 20 13 10 6 28 5 7 1 24 15 4 11 15 12 2 8 22 9 7 25 8 11 5 4 4 20 19 19 25 27 21 10 28 26 28 17 13 16 23 15 16 26 12 30 8 3 16 21 24 6 30 10 25 19
19 28 7 25 13 7 5 30 30 25 1 12 26 29 25 22 30 19 21 21 12 16 27 24 2 22 21 19 18 2 29 20 16 14 0 3 11 3 17 18 17 4 21 12 7 24 20 16 24 15 6 20 20 9 21 15 22 1 25 25 30 3 0 14 5 20 1 1 12 13 13 3 10 17 22 23 23 17 16 4 19 14 21 14
26 8 20 22 28 17 2 5 24 12 17 26 26 23 4 19 27 15 4 3 26 28 9 16 12 13 13 15 4 7 20 20 29 18 8 7 20 17 24 5 2 16 30 5 0 16 0 4 26 4 23 16 13 19 6 8 30 15 28 15 20 15 16 4 7 14 21 11 8 17 30 29 12 10 3 21 11 26 14 28 15 10 3 2
3 0 28 0 17 22 11 7 7 2 30 13 17 12 10 0 26 8 10 11 26 11 26 15 22 29 4 21 19 27 29 9 8 3 29 12 24 3 9 5 15 9 22 4 28 5 0 10 11 12 20 18 0 26 6 24 13 16 21 23 14 30 8 13 23 30 3 16 21 30 7 23 2 8 23 19 22 3 23 29 1 29 21 18
3 19 4 10 28 18 12 16 29 26 0 5 0 20 9 15 18 27 22 4 3 19 2 24 9 6 25 9 30 9 7 29 3 13 20 24 29 4 1 10 1 25 28 22 22 14 5 8 1 24 20 2 29 11 27 27 1 23 20 17 2 13 16 29 19 19 21 27 21 3 3 4 5 1 4 6 24 2 4 12 10 21 1 13
1 5 21 11 18 13 5 26 19 13 25 8 6 24 6 29 30 9 17 0 23 21 16 7 3 30 3 27 12 26 5 19 2 10 22 30 10 21 5 2 24 21 11 22 9 16 13 16 3 26 24 7 15 6 14 2 24 9 1 2 30 0 16 17 7 9 23 29 2 6 4 28 28 25 18 8 10 12 5 21 29 2 22 27
18 8 14 2 11 8 17 8 26 15 14 2 12 8 10 16 16 22 1 1 25 28 25 7 26 5 12 4 16 28 7 16 28 16 17 18 1 25 20 4 22 15 15 6 5 4 8 9 2 0 28 29 24 3 18 10 0 7 4 2 16 9 28 4 18 30 20 6 13 0 5 1 5 9 20 0 26 15 27 1 5 18 20 16
15 30 17 25 11 30 14 29 15 3 26 2 20 19 1 21 26 15 15 26 23 11 26 20 26 30 19 21 27 22 5 3 14 2 16 18 17 17 30 24 10 28 4 30 1 13 25 15 1 29 24 19 7 9 23 19 16 16 30 20 7 29 24 11 2 21 12 13 24 29 20 15 25 24 30 3 24 15 30 6 15 28 16 29
16 29 17 28 8 16 29 7 13 21 12 24 9 7 10 15 15 17 1 11 13 21 6 19 3 18 8 8 7 27 25 22 6 8 24 11 23 26 30 29 20 4 21 22 3 30 7 19 27 17 1 7 24 16 16 14 10 15 11 18 16 4 21 30 4 25 25 25 26 9 6 23 5 0 25 10 13 19 9 28 27 2 17 26
11 22 4 13 20 6 18 14 18 13 12 3 18 28 0 26 21 20 2 29 6 28 10 28 0 19 13 28 22 5 7 19 9 18 0 18 24 20 1 22 23 7 15 13 8 2 10 28 7 0 14 26 15 23 14 11 15 25 19 30 7 8 2 30 2 8 2 14 28 14 10 20 20 25 15 28 5 19 26 21 1 4 25 18
4 1 28 7 0 26 15 17 27 26 13 23 14 8 9 25 23 15 0 14 16 14 12 30 25 10 9 8 7 12 15 25 25 13 30 1 6 7 18 22 11 9 27 4 0 10 5 12 5 4 19 3 5 13 5 23 10 19 8 15 8 1 1 6 26 3 24 23 25 7 8 3 30 30 17 13 20 9 15 14 19 3 18 21
4 14 28 2 0 4 16 14 5 10 29 20 24 9 1 28 13 1 16 12 7 26 20 30 28 13 16 3 30 25 16 25 26 26 0 16 10 15 17 24 8 16 27 16 6 7 20 21 23 3 26 21 5 9 15 2 1 24 6 27 7 21 25 18 14 8 26 6 5 15 20 28 15 6 5 26 9 8 15 14 18 16 6 25
19 14 10 4 20 16 19 3 25 12 6 1 0 15 3 7 25 1 14 7 23 27 27 16 19 13 2 27 12 16 16 29 29 11 6 24 25 15 23 19 7 23 17 13 21 17 28 8 16 11 15 18 6 2 4 20 28 24 13 13 22 21 16 10 11 25 25 3 24 18 30 3 3 30 6 21 25 28 5 9 1 28 27 19
28 18 26 21 0 2 24 26 8 0 30 4 0 9 30 3 30 11 24 0 21 9 8 15 19 29 23 3 10 15 12 18 25 13 4 29 18 0 19 10 25 28 14 3 19 12 9 17 27 30 29 7 3 25 11 24 17 18 11 22 4 16 5 24 21 24 11 28 15 26 15 4 26 4 15 23 12 4 20 11 22 16 13 10
0 28 13 5 1 20 24 21 5 20 21 24 7 23 9 17 1 10 13 9 1 4 22 20 2 22 2 24 14 23 19 20 13 16 5 11 8 8 12 1 14 16 11 13 9 27 28 23 28 16 16 27 25 3 8 3 9 11 1 25 19 4 9 26 19 10 11 18 10 26 1 17 24 8 6 8 11 8 18 30 20 13 20 5
28 1 26 30 27 20 11 5 5 7 25 5 6 7 24 28 1 20 13 18 30 6 13 24 23 25 20 4 3 22 30 4 20 26 8 29 16 26 1 2 13 7 11 27 24 9 3 16 19 6 21 24 6 10 0 14 10 24 17 28 20 25 7 22 16 30 9 22 26 13 2 8 14 6 11 10 3 19 9 16 20 19 0 22
12 29 6 5 1 26 21 10 30 7 4 7 1 10 14 13 2 4 25 6 30 24 20 19 20 14 28 21 9 3 13 0 21 28 24 7 3 20 0 3 11 19 10 8 25 25 30 5 29 29 19 20 20 10 4 4 2 27 26 14 27 3 12 8 20 13 3 27 4 25 3 29 2 7 5 10 26 15 15 11 2 3 21 14
30 20 10 12 30 8 30 27 4 12 11 19 13 15 11 8 16 27 26 21 27 30 9 9 25 28 0 22 9 23 21 23 3 25 2 0 17 26 4 30 8 12 13 15 20 26 1 28 4 23 15 23 4 0 5 6 7 24 0 20 12 10 24 15 6 13 24 3 29 0 24 11 29 5 29 13 5 28 8 11 9 20 17 16
27 4 18 6 5 21 9 18 22 3 25 14 24 25 29 8 8 29 3 1 2 0 25 23 8 9 21 18 25 27 10 22 7 7 1 18 20 4 0 6 22 12 11 5 26 20 23 18 3 6 11 18 15 21 14 22 13 9 14 4 22 22 29 15 21 19 30 12 16 20 21 18 25 7 0 2 19 3 9 29 13 15 25 10
25 13 22 15 1 16 5 17 26 13 23 16 20 10 3 3 12 24 20 0 24 19 2 13 1 2 10 9 27 28 24 13 19 1 4 26 25 13 29 6 0 8 30 13 21 5 8 29 6 19 18 21 12 27 14 5 22 20 0 25 13 7 26 30 2 13 5 4 5 2 24 25 25 13 27 0 0 20 4 12 6 19 11 0
27 28 22 28 21 22 5 10 28 13 9 20 14 4 29 21 9 23 15 9 16 11 28 16 18 24 20 26 18 24 5 0 16 15 6 26 30 14 12 7 5 3 19 8 16 0 24 8 9 26 30 30 9 18 16 6 15 11 30 7 19 11 1 18 8 24 5 14 12 0 13 23 2 4 5 11 10 27 3 21 6 27 17 14
15 3 18 14 18 16 16 18 29 18 22 2 4 20 21 11 18 2 20 26 1 22 20 3 16 18 16 11 18 6 3 30 29 5 1 23 15 19 12 2 15 12 1 18 24 3 19 13 12 3 15 0 3 23 0 19 21 2 4 5 5 11 27 7 11 25 16 6 22 25 2 9 6 9 15 14 8 8 10 7 7 25 16 8
0 24 19 6 17 5 20 26 28 15 2 23 15 0 10 0 18 19 17 25 24 5 25 30 24 2 8 7 27 16 1 25 23 28 14 15 28 12 10 8 15 5 15 2 5 25 27 23 13 11 8 26 23 18 5 4 4 21 29 29 15 24 24 0 6 0 7 26 22 28 23 11 29 16 13 9 8 25 13 13 3 26 9 27
25 25 6 18 14 13 27 18 26 19 29 28 7 7 26 17 11 5 28 22 28 4 22 6 15 28 19 29 17 6 20 16 18 19 23 20 21 4 16 26 8 14 14 22 28 11 14 9 14 25 12 15 1 1 27 3 10 14 18 30 16 15 20 18 18 6 14 19 3 12 11 10 4 3 26 14 22 9 17 13 24 6 6 10
25 9 13 24 29 22 24 13 7 23 26 1 1 14 27 26 11 2 16 7 19 14 13 1 11 9 8 12 3 6 17 25 5 7 20 29 21 30 28 3 26 3 25 22 19 10 13 6 12 14 2 22 14 30 19 0 22 8 17 0 19 12 26 30 16 28 15 9 22 22 23 20 16 19 5 10 24 23 3 15 14 10 5 11
5 23 0 8 11 29 21 16 15 26 11 9 24 20 0 30 10 1 30 27 20 5 29 9 14 28 1 8 5 5 17 14 27 9 18 28 2 22 6 25 23 11 20 17 12 22 15 8 0 13 5 30 19 17 21 20 3 14 5 16 0 16 17 29 22 24 29 25 6 22 5 5 24 21 30 22 17 23 7 6 22 24 19 1
9 22 28 0 22 26 13 14 30 28 5 14 20 5 21 27 27 14 13 13 19 23 26 28 6 28 5 10 22 9 12 20 30 16 11 5 17 22 30 3 15 24 22 20 30 5 13 12 25 11 18 4 11 9 7 5 10 4 24 18 22 22 18 23 20 5 7 12 4 5 1 6 25 28 8 4 24 16 18 13 30 25 9 27
4 29 18 9 16 2 17 3 10 24 23 29 28 10 1 9 5 23 2 8 20 25 7 13 19 29 7 2 25 9 18 13 30 1 13 16 7 7 15 21 1 26 9 2 17 13 28 22 19 18 28 2 9 16 8 18 4 28 13 18 17 15 11 0 2 12 29 13 25 26 16 24 9 4 1 14 7 2 17 28 25 12 2 10
