89 89
8 16 16 18 13 23 27 9 16 26 21 9 13 2 1 16 21 13 16 4 23 12 12 10 5 28 0 7 22 0 20 19 2 30 6 23 4 28 6 1 0 21 25 11 14 12 16 15 29 8 24 18 0 14 25 17 6 12 11 18 9 4 30 0 9 24 15 5 29 8 27 20 4 5 22 19 5 26 20 13 10 20 23 19 15 5 15 2 9
24 27 24 1 17 21 20 9 12 2 12 26 7 17 17 17 20 17 27 0 11 7 17 16 1 29 10 12 29 1 0 21 1 19 8 13 19 22 5 4 11 20 0 21 1 17 5 12 0 14 18 1 18 2 14 23 3 9 2 24 14 8 9 10 19 26 10 16 1 23 16 25 26 0 17 4 8 0 19 15 21 29 15 9 25 16 13 9 2
11 16 24 18 27 2 7 22 23 20 11 13 6 22 23 24 19 28 3 25 28 30 29 12 2 12 20 5 12 26 21 17 20 5 10 24 26 13 3 10 30 15 29 1 26 11 3 23 1 15 5 0 20 26 12 17 17 8 16 29 9 23 17 22 26 8 8 26 18 2 20 26 19 9 10 25 17 10 21 25 22 16 14 24 13 27 24 23 25
9 7 13 30 10 10 9 8 16 26 29 9 10 16 26 19 22 22 3 30 19 26 9 6 22 13 1 27 2 9 22 23 15 17 28 15 9 12 5 10 14 19 8 22 20 3 29 4 27 5 17 25 5 30 4 5 19 29 21 0 14 20 26 13 7 6 27 27 24 19 9 23 15 11 20 22 16 3 26 10 11 25 8 9 30 5 8 0 25
6 29 13 9 7 3 26 0 23 5 21 14 2 28 22 7 14 15 9 5 13 19 6 8 15 26 6 23 30 14 16 11 28 6 23 12 10 26 22 11 26 21 28 6 10 21 0 12 0 14 25 11 6 2 29 21 21 28 9 25 30 15 17 7 9 2 5 1 24 22 14 2 27 29 27 28 3 28 10 12 29 25 9 3 7 3 20 28 9
25 25 28 28 1 15 29 3 12 26 2 15 28 11 4 20 9 17 18 27 14 16 15 26 0 30 29 2 13 27 14 6 8 30 8 4 22 10 22 16 9 23 19 7 16 16 20 24 10 27 11 10 13 1 19 26 28 23 25 24 28 7 29 6 14 10 0 30 11 23 4 27 24 9 19 30 27 9 13 15 5 14 12 6 8 6 21 20 13
28 6 9 25 26 13 23 9 28 7 4 4 29 4 8 29 11 5 9 26 5 12 12 21 29 6 17 4 16 9 10 26 22 26 29 28 24 20 4 4 0 10 25 30 23 20 6 20 23 10 9 23 21 12 2 5 18 13 22 18 27 21 28 19 25 2 27 10 30 26 30 3 30 17 5 14 17 19 1 0 7 18 30 17 12 16 28 2 1
25 16 20 30 20 22 16 12 24 21 14 10 20 22 2 17 16 8 23 23 30 29 22 3 28 13 20 2 25 16 7 20 6 10 24 26 4 30 30 24 15 14 29 27 20 9 14 30 0 21 17 20 4 11 21 6 18 3 16 14 14 14 25 10 29 0 30 28 25 19 22 28 6 15 23 12 25 14 18 5 24 28 2 24 1 20 22 19 19
21 8 3 17 25 17 21 14 17 21 16 26 4 10 3 3 8 4 28 22 23 10 30 2 14 17 22 27 2 16 17 21 9 22 19 28 0 14 10 21 27 21 27 16 13 14 9 0 0 10 9 21 8 22 3 20 30 27 2 1 14 0 27 13 3 14 10 30 30 9 14 12 22 20 18 13 11 22 2 23 4 10 13 23 18 7 14 21 13
11 4 17 14 20 4 9 3 19 8 11 21 13 3 13 11 16 0 0 15 10 18 5 3 19 4 8 8 11 16 22 13 2 30 23 25 4 4 8 26 21 12 30 8 27 21 4 23 11 17 7 27 1 8 23 5 12 3 24 19 24 29 16 15 4 13 0 17 16 22 23 20 22 9 15 10 24 18 10 23 27 5 28 16 29 21 12 10 12
15 0 16 12 15 7 19 18 14 21 17 14 11 7 29 13 13 6 5 26 30 3 19 20 0 21 3 13 23 2 10 19 0 22 0 25 14 20 9 19 19 27 4 19 23 18 19 1 18 5 23 4 3 20 15 21 20 28 21 19 6 27 30 11 9 29 8 30 10 11 14 17 29 28 5 19 1 13 3 27 20 7 21 21 3 27 9 7 2
13 12 27 11 27 26 1 0 14 15 13 17 8 27 22 27 26 28 5 18 22 17 20 5 26 23 24 2 14 4 12 29 26 28 24 9 13 13 2 0 6 28 0 5 13 29 0 10 27 7 22 3 15 29 9 22 21 0 6 10 30 8 19 6 15 14 13 15 28 23 9 26 3 21 22 14 16 9 25 23 8 11 7 14 0 12 15 12 28
12 5 4 2 5 7 27 1 1 13 10 8 30 11 28 9 25 17 4 21 12 16 7 28 2 30 24 9 19 22 15 1 14 20 5 12 10 20 2 4 17 20 23 11 8 19 18 16 0 1 4 12 22 14 23 14 20 1 22 12 4 2 10 0 9 19 25 25 11 22 13 18 23 11 17 9 28 11 4 6 16 14 25 9 13 26 4 0 19
14 18 23 22 15 24 14 22 1 23 22 21 17 25 0 1 0 29 15 21 21 28 4 7 18 28 4 21 22 26 16 27 6 10 4 21 11 25 8 30 28 1 20 13 12 0 17 27 10 30 25 18 30 17 27 14 14 0 20 8 23 0 0 4 16 22 28 16 1 6 10 29 23 16 3 12 9 18 0 15 29 12 5 12 2 13 21 1 0
2 20 10 23 12 14 11 22 7 5 20 9 8 7 26 26 3 3 30 17 21 6 4 3 11 5 26 23 27 29 0 28 28 2 7 29 12 28 1 1 10 13 17 4 19 12 28 26 11 16 10 15 14 12 14 30 11 30 25 28 6 19 23 9 16 18 17 7 11 26 12 16 20 28 2 30 19 24 8 6 4 16 24 7 30 24 30 1 12
20 14 6 24 11 3 18 1 5 10 10 3 30 9 13 20 12 23 26 29 19 4 5 24 16 22 9 1 19 29 19 7 20 6 16 13 23 30 26 22 2 11 10 5 3 1 4 7 28 14 0 17 11 8 24 13 6 24 12 23 10 28 15 2 22 6 14 24 21 7 10 11 19 10 3 21 22 16 17 26 3 16 5 30 7 5 9 11 14
4 7 9 27 2 26 6 20 22 22 6 7 27 0 5 16 23 13 24 9 4 6 29 2 10 8 6 9 9 2 6 16 4 8 19 16 28 4 4 23 22 1 28 9 15 4 16 16 7 24 29 16 10 26 11 1 12 5 23 11 13 16 23 16 3 21 28 1 1 12 5 23 9 28 23 8 27 30 7 26 25 20 9 3 5 0 5 0 30
0 3 2 5 5 26 1 13 24 16 17 5 17 8 30 6 3 17 5 0 12 5 1 20 0 9 17 13 9 25 26 21 4 2 21 19 18 23 9 14 16 21 13 24 29 26 20 21 9 0 9 16 25 17 14 8 11 19 27 26 13 28 20 19 4 3 27 25 8 6 25 28 15 9 10 21 2 19 22 6 0 7 9 11 18 24 27 28 26
25 27 1 12 18 20 17 22 14 9 17 6 6 19 10 25 20 7 23 30 21 27 30 4 5 23 8 24 11 12 6 9 15 4 15 14 23 9 12 29 26 22 14 7 14 28 19 20 21 10 10 13 8 21 17 14 13 20 29 26 25 21 3 22 17 4 8 18 7 20 2 19 7 2 14 22 0 16 4 13 12 9 22 12 6 0 11 11 24
22 9 29 22 22 19 25 27 2 16 17 12 25 19 28 4 9 21 20 26 2 5 0 3 8 29 3 28 16 3 29 1 8 6 11 18 0 2 20 29 20 1 17 2 27 20 20 21 5 25 2 21 10 0 4 25 17 12 25 7 21 22 10 17 29 3 2 8 24 22 17 26 27 6 1 12 26 19 14 30 22 14 20 20 1 12 27 22 27
26 25 9 20 18 18 23 20 21 29 24 27 5 12 16 17 15 6 12 29 25 27 18 27 28 10 12 19 29 8 22 24 23 10 15 9 11 6 5 14 14 18 13 26 4 4 9 7 21 29 27 10 21 17 6 28 14 29 21 21 29 24 20 7 5 23 13 16 24 22 1 28 23 25 12 0 17 15 8 1 25 23 15 8 13 26 7 30 13
17 7 24 30 13 26 20 13 3 7 3 28 3 14 25 17 15 27 27 30 21 11 6 26 3 7 24 24 11 22 15 5 21 30 3 28 7 16 0 27 28 12 7 23 30 23 26 20 27 9 19 4 6 10 21 12 5 30 18 23 24 15 20 0 29 17 26 19 21 22 9 15 11 24 7 16 5 19 27 23 7 4 7 22 15 7 21 9 24
26 12 0 25 13 6 22 30 16 6 12 18 10 20 10 9 23 12 18 14 6 15 23 23 9 8 6 23 23 26 25 9 8 16 29 27 21 1 30 8 5 23 16 16 7 5 4 18 8 5 5 22 20 28 1 27 25 17 9 26 10 7 14 19 1 8 29 30 25 29 20 15 3 11 17 19 16 26 20 19 19 20 11 25 20 29 4 12 10
2 2 27 20 19 23 4 9 22 3 18 20 27 11 4 27 13 27 0 25 9 3 19 25 0 5 11 9 5 22 14 21 18 4 18 27 3 22 8 17 4 11 27 6 2 18 5 5 8 7 0 16 14 25 5 10 29 10 17 17 8 24 16 6 12 3 28 26 16 2 10 28 22 26 23 15 23 20 28 16 19 7 28 21 20 6 21 1 19
5 30 30 22 21 27 23 1 13 2 3 8 30 29 22 14 2 10 29 20 25 21 18 2 11 30 23 26 14 19 13 27 29 11 0 20 12 1 25 10 6 10 23 12 0 20 7 2 10 11 28 14 8 25 27 15 9 4 28 25 6 8 25 20 24 22 2 27 4 17 0 11 29 13 23 10 19 13 24 28 28 13 7 13 20 12 25 7 20
15 24 0 20 19 24 13 3 16 0 2 12 15 26 9 11 2 3 0 17 18 13 11 24 3 0 13 29 15 30 15 15 5 26 1 19 17 1 28 30 5 24 26 26 27 19 29 21 21 23 23 11 9 13 17 9 15 12 24 9 11 2 4 22 30 2 5 12 25 24 1 10 24 5 10 24 5 9 8 0 16 15 25 6 6 14 8 3 19
0 17 16 17 10 26 21 6 25 20 18 22 5 0 17 17 12 17 7 29 24 14 19 13 29 25 9 22 13 18 9 24 10 6 2 18 8 3 2 8 9 7 21 11 28 30 21 6 29 29 5 1 27 7 7 28 2 20 1 26 20 7 17 18 28 8 17 7 20 22 9 26 16 12 5 12 27 30 3 12 10 3 14 0 6 4 28 9 9
1 19 1 16 22 28 2 9 24 10 11 14 18 9 29 7 18 9 21 10 18 29 30 30 5 28 2 28 4 5 30 29 19 29 15 17 4 23 20 16 29 2 12 28 1 30 19 20 20 10 22 10 30 1 10 25 7 19 6 13 15 13 30 27 12 14 0 25 0 0 16 16 3 2 28 14 18 24 3 15 26 28 13 8 5 26 24 7 18
26 13 2 24 7 8 13 10 6 24 3 5 30 2 20 27 30 30 4 6 26 26 7 8 16 17 0 19 6 1 5 24 7 25 18 5 19 21 23 5 3 6 2 14 25 10 20 29 20 24 0 3 2 11 21 30 27 21 1 26 19 27 3 18 14 7 7 23 26 22 11 16 5 14 16 16 29 22 6 18 11 24 19 3 6 14 15 19 6
10 13 22 0 16 30 21 6 3 22 11 22 6 14 4 16 10 17 26 23 13 16 8 13 29 9 22 0 15 26 6 28 22 2 13 2 5 22 23 15 11 10 30 28 30 20 24 1 6 14 3 3 1 20 18 24 14 9 17 23 4 18 21 24 21 6 30 17 28 11 15 18 10 21 12 3 4 14 7 15 4 7 20 7 18 10 20 20 29
30 28 25 14 4 22 15 4 4 28 17 16 27 3 4 27 13 3 1 12 11 16 28 3 28 4 18 14 0 8 5 22 21 7 7 30 26 13 9 24 5 16 27 19 1 9 7 8 2 23 20 23 14 22 3 8 27 23 5 12 29 1 13 10 21 3 5 12 10 7 5 30 22 24 25 9 13 29 11 6 29 0 22 16 23 25 4 7 8
29 3 18 0 13 20 17 16 24 30 25 26 29 11 7 14 25 27 10 7 8 28 0 20 15 8 26 1 6 18 23 5 19 9 16 30 14 23 0 18 29 30 29 20 6 17 3 16 28 22 18 30 11 26 11 12 17 7 3 27 13 22 5 19 23 14 22 3 7 10 29 7 10 2 13 13 3 10 21 1 9 14 25 28 21 22 6 20 10
22 1 15 5 5 9 10 25 18 18 10 30 13 19 15 22 24 16 12 29 29 10 16 26 12 16 30 29 1 7 13 27 10 7 25 18 22 3 13 17 21 14 6 0 5 2 29 19 22 17 17 18 13 29 15 11 25 16 10 30 12 24 20 8 3 26 5 8 15 30 19 3 19 22 6 21 30 5 15 16 23 18 26 22 26 28 19 6 26
25 26 24 14 6 8 9 10 7 14 7 22 14 12 10 19 25 16 6 17 4 10 8 23 9 30 28 24 29 13 17 28 16 9 12 25 14 20 0 29 0 15 27 29 25 2 4 7 18 14 23 16 17 8 22 1 11 4 19 1 16 16 2 27 30 7 21 20 24 21 3 12 23 19 21 4 12 17 0 10 26 12 10 14 12 27 7 27 12
12 3 18 10 4 18 17 1 5 8 4 23 22 0 8 11 20 23 13 12 0 26 25 6 18 3 10 8 6 25 1 22 5 19 19 24 27 23 24 25 20 27 12 5 21 13 30 28 6 7 2 20 29 20 22 26 19 21 12 20 19 29 12 15 8 26 3 4 1 6 3 2 27 25 29 30 3 2 9 14 4 26 24 18 29 1 11 14 26
28 25 29 22 26 9 18 29 22 23 17 12 1 26 11 30 20 24 21 12 1 0 22 10 9 13 30 13 6 5 28 26 28 3 21 3 22 23 10 7 7 11 25 20 24 30 5 12 26 9 1 28 28 13 19 10 25 10 13 13 25 16 16 18 27 4 0 7 28 22 1 26 26 26 14 17 29 24 7 7 13 5 9 28 30 9 3 15 16
9 20 12 20 16 20 30 24 23 24 19 28 24 30 20 4 21 5 12 12 24 21 5 0 1 5 16 24 23 27 28 22 25 29 10 27 11 28 18 4 14 10 29 29 2 24 18 16 30 9 26 3 8 10 19 6 9 30 17 29 12 20 21 4 11 22 22 15 13 13 8 20 21 27 17 29 16 0 8 7 26 9 25 12 23 24 30 28 29
12 20 30 10 10 1 19 15 16 12 24 16 18 18 23 2 2 18 24 7 8 7 25 9 21 17 27 8 0 6 22 1 8 4 28 30 18 28 4 14 30 3 22 25 8 9 21 4 14 18 11 24 30 28 29 26 19 25 22 2 15 11 10 14 14 14 27 1 5 2 28 9 19 24 2 11 2 8 29 20 26 23 23 30 8 0 11 7 10
29 10 8 20 10 23 18 17 12 18 7 8 8 2 23 29 6 30 2 6 22 2 8 13 22 23 28 6 2 26 8 13 10 13 6 18 21 0 25 19 5 9 16 20 3 30 1 13 21 3 15 24 3 2 11 16 4 10 8 19 14 15 2 3 9 11 24 12 20 8 22 15 6 26 11 13 7 8 8 10 1 28 14 20 7 29 10 28 16
18 22 13 1 17 8 13 12 23 23 2 5 7 10 5 18 21 7 12 12 23 11 12 3 2 13 8 19 27 14 20 5 19 4 6 5 3 25 28 6 19 13 14 24 30 23 9 15 3 17 23 2 11 19 17 23 23 1 27 27 30 10 17 13 25 24 19 24 6 3 17 25 24 8 8 7 17 1 2 17 14 28 1 25 26 10 12 6 26
15 25 10 20 0 22 17 11 17 13 18 2 22 22 20 8 27 3 10 25 6 8 3 0 26 6 4 20 3 0 1 5 12 20 0 24 7 30 23 26 26 14 27 27 18 28 19 10 18 23 16 20 9 9 14 19 17 16 16 27 13 25 18 21 17 10 23 5 8 0 13 9 4 29 29 24 17 18 28 4 23 27 16 18 7 1 20 13 11
27 24 27 18 2 14 4 19 8 5 29 15 1 24 22 27 4 6 3 19 25 4 20 7 14 10 28 26 27 27 20 29 23 16 20 30 20 9 12 4 21 22 16 26 7 5 5 0 18 5 6 27 22 5 17 28 19 21 0 23 13 29 19 2 29 15 23 12 6 3 10 21 11 1 23 28 3 8 15 17 16 30 29 14 26 3 12 16 0
15 3 23 9 23 23 5 26 8 16 9 19 17 20 8 13 5 27 22 1 23 5 26 17 21 16 25 23 7 29 20 1 28 24 23 17 27 14 5 18 26 0 5 3 1 0 12 3 11 11 26 28 5 9 27 5 10 29 1 15 8 9 16 29 30 25 6 26 17 25 21 16 28 10 18 8 4 15 8 26 1 23 17 22 20 18 24 12 2
1 2 6 4 18 7 28 19 16 1 11 21 22 8 24 4 9 22 13 14 0 26 23 6 20 6 10 26 29 28 8 4 18 22 23 3 18 26 28 8 0 15 13 7 24 13 1 18 6 25 30 16 3 6 6 28 1 9 18 22 1 3 29 1 27 12 19 11 9 10 23 18 4 19 23 23 24 16 1 13 0 4 15 23 2 13 14 8 13
11 20 9 14 7 5 10 28 30 27 0 2 23 28 23 16 0 23 2 6 30 1 10 30 2 4 28 22 27 19 23 19 12 8 3 4 0 1 9 11 21 5 3 25 13 11 24 1 18 21 19 18 12 29 1 0 6 4 10 19 4 16 30 11 25 18 22 29 21 10 16 7 7 23 20 18 27 8 4 19 15 28 15 17 0 6 8 1 3
3 1 20 13 23 26 14 8 29 7 24 10 7 28 0 9 8 20 25 3 5 23 1 13 15 8 15 0 21 7 1 4 15 2 14 19 11 23 8 6 13 29 8 3 10 16 24 10 15 13 18 8 22 8 6 5 28 22 6 0 15 8 3 6 17 23 24 30 19 2 16 21 18 2 9 17 15 24 30 19 23 21 15 29 18 0 22 26 1
30 6 12 25 22 26 26 10 19 2 23 9 16 23 28 13 11 1 11 22 5 14 13 27 21 3 0 29 26 9 3 24 24 20 1 26 11 5 17 21 10 9 15 28 23 8 21 14 3 23 4 25 30 25 15 14 11 15 8 22 20 27 12 30 11 10 18 28 0 18 22 17 16 30 7 3 19 23 5 23 18 29 11 0 5 16 13 25 11
19 12 22 11 16 13 4 27 24 13 27 12 13 8 2 23 20 20 7 5 9 20 26 28 1 20 23 9 15 23 20 27 25 16 5 3 11 4 18 12 18 13 18 7 3 27 10 5 8 2 21 17 21 11 26 22 22 30 6 9 4 29 23 28 9 16 23 24 19 26 28 29 19 22 3 19 16 30 22 1 2 28 30 20 7 8 7 5 18
0 7 21 7 4 23 30 11 30 30 9 28 0 29 29 2 29 19 10 17 28 2 19 21 4 20 11 18 21 18 15 4 13 26 7 29 18 8 12 9 1 29 9 1 9 24 27 12 19 23 26 25 21 25 2 6 17 1 24 21 24 25 7 15 12 8 17 28 23 15 18 2 27 21 18 14 23 20 1 27 9 7 19 30 1 15 15 17 11
22 26 6 27 6 20 7 6 21 18 24 20 3 17 13 23 15 26 26 2 28 30 10 16 23 27 10 14 15 10 1 8 19 13 25 12 25 4 24 3 24 13 27 3 8 24 0 12 17 22 11 28 20 26 1 10 28 3 3 15 27 7 9 29 7 1 25 22 19 26 27 7 19 27 9 1 0 27 3 19 5 7 5 15 15 25 9 6 24
17 6 12 30 4 24 15 0 15 16 13 20 3 15 30 2 1 12 22 20 5 12 21 6 14 4 29 29 3 20 26 17 3 19 14 4 20 27 6 21 1 8 28 8 15 22 23 18 26 11 0 29 21 1 24 12 0 30 27 13 4 25 20 4 4 13 22 20 1 24 22 12 3 5 14 26 7 28 16 11 4 19 20 21 20 19 5 2 4
22 30 18 11 30 7 21 17 9 3 11 12 0 19 2 10 15 12 30 4 7 9 27 19 22 6 29 25 10 23 5 17 25 8 16 7 0 9 14 12 27 26 10 4 30 21 16 1 14 23 11 6 20 28 18 22 4 12 2 23 8 0 1 29 18 15 7 22 5 5 27 30 10 2 18 6 13 24 13 14 29 9 13 19 9 25 15 2 18
17 8 6 20 15 9 25 18 3 23 6 11 20 12 4 10 27 0 30 6 5 22 27 7 30 6 25 7 2 6 14 25 19 26 16 16 14 10 18 22 5 7 21 6 25 21 22 16 21 28 7 24 20 29 19 4 23 29 27 29 9 27 4 11 17 20 15 15 30 26 22 27 22 17 30 5 18 28 24 15 25 26 12 7 11 12 30 6 6
19 14 29 24 22 8 14 30 7 3 27 14 27 20 14 9 25 17 16 15 24 0 6 7 30 6 29 15 12 21 12 15 24 6 21 13 16 18 30 21 27 29 5 8 10 12 12 19 13 26 26 23 9 7 3 30 11 12 4 16 16 13 2 29 25 23 3 24 20 20 8 18 1 13 13 1 12 18 15 17 23 26 24 14 29 24 6 12 12
1 28 23 9 19 4 30 6 25 23 17 19 9 12 21 18 18 0 21 28 14 7 6 7 19 17 15 27 18 26 17 16 11 14 13 1 1 16 23 2 19 26 15 0 9 21 4 11 18 2 17 15 9 0 6 9 3 13 17 30 11 14 25 7 4 18 27 29 5 11 19 3 30 16 17 5 8 12 9 15 24 3 29 7 2 3 22 27 12
0 30 24 5 12 6 17 5 10 4 3 2 14 25 10 22 23 25 1 11 9 5 22 20 9 23 25 29 3 30 17 7 30 26 30 14 3 23 21 28 19 13 19 22 16 5 3 29 16 21 7 22 21 1 26 11 5 13 26 20 3 7 17 20 17 21 1 17 30 17 4 8 14 23 19 1 12 25 26 0 20 12 0 12 7 29 9 24 4
30 14 11 27 29 12 23 7 11 28 25 2 21 14 25 21 22 1 29 7 27 24 7 29 15 10 13 13 27 6 1 13 9 28 0 0 24 22 1 16 12 5 29 9 12 24 13 6 0 6 5 26 10 7 9 28 9 29 25 3 25 6 15 3 1 21 25 12 4 4 26 4 30 6 29 20 4 5 2 19 4 9 9 10 20 27 10 6 23
11 23 22 18 18 4 15 25 19 13 15 4 23 7 0 20 29 4 20 3 11 18 15 29 6 25 20 23 16 13 26 8 0 8 17 27 29 27 25 2 3 17 21 28 27 13 0 21 14 3 15 18 7 25 18 2 11 26 10 25 13 4 25 21 9 8 8 26 13 5 29 12 29 3 27 6 12 26 9 3 7 26 0 19 17 2 0 6 11
29 10 2 10 3 20 15 9 27 13 24 23 0 23 29 19 1 1 12 26 4 15 24 9 5 9 30 20 20 7 3 13 23 9 19 26 14 24 16 26 15 29 18 28 10 29 19 30 25 3 17 16 7 5 29 11 13 7 17 26 24 8 11 5 13 19 14 18 20 10 16 9 25 19 6 7 16 3 23 26 10 3 4 19 23 2 0 0 0
10 17 3 8 13 14 21 13 26 5 8 7 15 15 3 3 18 15 5 22 24 10 15 16 3 18 25 10 30 13 20 12 13 29 18 14 25 0 6 6 22 29 30 19 19 3 5 20 29 4 23 17 4 22 28 20 10 19 17 29 20 11 3 2 13 9 16 2 28 8 18 29 12 30 0 30 22 30 15 11 5 25 26 28 11 5 28 7 30
27 23 20 0 28 18 15 2 10 7 15 23 24 8 22 19 22 0 0 30 22 7 28 21 30 13 30 24 21 0 15 1 5 2 5 16 5 8 8 1 23 4 28 30 2 13 6 20 4 0 12 19 2 4 20 13 5 1 2 25 3 19 15 1 27 7 22 14 2 25 22 26 12 29 12 2 17 28 16 20 6 0 22 13 1 15 19 2 4
9 30 21 3 21 24 27 6 4 10 29 1 11 10 28 6 18 20 11 9 20 28 17 23 22 4 19 22 9 9 21 17 27 11 8 19 8 17 24 9 16 26 6 5 1 14 9 23 27 28 23 28 21 13 14 14 24 17 27 14 6 24 27 23 20 24 26 0 15 22 21 8 20 27 18 10 11 23 11 6 14 8 22 24 20 4 16 6 26
27 27 16 23 20 8 8 6 2 25 21 17 19 8 28 10 22 30 13 14 13 7 14 12 22 23 18 29 6 11 1 8 19 17 10 26 23 2 12 16 29 5 5 9 6 28 17 3 25 6 17 0 2 2 30 7 24 29 12 19 21 10 7 11 0 17 26 10 29 22 27 4 15 18 19 4 5 8 12 16 9 24 11 12 0 28 18 28 18
29 4 17 29 2 15 19 12 27 16 2 19 25 15 12 26 8 9 14 9 14 9 25 3 26 13 24 22 1 20 6 13 4 6 8 26 15 28 7 13 19 23 18 30 23 16 10 2 8 24 7 11 21 19 7 26 4 17 9 4 19 20 6 29 2 10 11 20 3 1 26 23 13 24 4 19 14 27 3 13 15 21 18 16 26 3 17 5 22
7 20 1 13 13 10 4 3 7 20 15 23 15 17 15 5 2 0 16 0 28 5 6 7 13 14 16 12 1 29 30 14 1 4 10 11 24 24 7 0 23 0 22 24 22 4 14 30 10 11 28 25 5 23 5 5 22 11 11 29 1 20 14 28 26 21 18 4 23 9 10 10 3 5 11 16 7 14 4 19 2 21 14 25 23 21 10 16 20
19 12 26 9 5 11 19 15 18 16 5 21 23 1 26 24 0 7 11 10 18 28 28 7 16 6 13 10 11 16 18 18 23 1 13 14 4 30 18 23 14 19 20 3 20 17 0 19 9 10 28 23 15 2 13 8 12 4 30 28 28 9 3 26 26 6 4 4 23 25 6 8 9 29 6 25 12 13 16 12 23 22 2 1 28 9 25 11 19
7 25 28 19 15 26 30 8 30 6 27 23 27 11 1 24 25 19 25 28 24 21 9 3 3 17 19 16 5 0 14 8 10 20 0 30 14 24 3 9 26 0 10 9 3 6 7 8 29 11 2 6 7 2 25 21 16 3 28 15 11 30 14 27 22 18 29 14 29 0 2 12 23 7 10 9 5 5 27 15 24 6 23 19 1 16 2 11 9
3 9 19 26 16 0 28 25 18 15 14 5 25 25 9 20 19 0 14 0 16 19 5 6 12 29 2 23 10 4 30 9 0 1 16 16 17 26 15 7 22 7 19 15 17 10 10 9 10 28 29 5 25 7 22 18 25 0 13 21 30 28 9 0 14 13 8 7 2 6 7 26 11 6 13 26 15 28 20 0 21 29 27 11 22 9 7 16 25
28 9 1 13 2 7 29 25 29 10 6 23 0 27 4 2 22 17 4 3 23 16 22 7 20 16 19 27 4 13 2 9 29 20 8 6 19 2 7 24 6 0 21 15 24 0 3 20 7 16 26 3 30 12 24 15 28 0 0 11 3 14 11 20 27 0 29 26 2 7 10 14 29 3 13 25 30 24 19 30 23 7 8 29 22 28 22 16 27
8 24 19 26 4 14 20 16 19 3 3 3 24 0 3 11 3 22 13 19 8 29 23 14 3 6 5 13 1 29 8 26 7 6 29 29 11 14 15 25 30 4 10 13 27 1 6 9 11 12 14 22 7 10 20 4 4 15 12 26 29 23 25 19 10 29 28 1 14 6 10 27 6 4 14 21 0 21 27 29 13 22 20 17 16 17 0 21 0
10 8 3 23 23 18 21 14 0 29 16 19 27 22 24 19 24 11 8 11 14 9 4 9 12 3 2 19 20 30 18 15 4 0 1 28 11 16 0 13 5 2 7 9 19 6 10 18 24 3 27 19 30 15 29 30 13 28 17 0 29 18 11 19 22 7 15 0 27 11 24 12 23 28 23 10 17 9 22 12 17 9 12 28 16 0 4 26 7
13 14 1 29 6 11 30 4 15 8 22 24 11 14 10 6 3 26 13 7 14 8 7 21 3 21 12 2 4 1 6 29 14 2 23 18 11 3 4 27 26 22 8 4 17 23 0 13 14 29 22 5 29 16 16 0 23 16 16 21 19 16 3 12 19 2 11 4 0 4 30 23 10 25 9 11 3 0 1 18 8 20 16 21 12 20 30 22 21
15 7 13 4 9 13 22 15 3 21 17 26 12 14 3 29 23 16 7 15 14 15 14 23 9 26 11 8 10 6 19 28 1 6 30 28 17 2 3 25 24 13 9 0 20 26 3 8 4 16 28 18 7 6 18 15 23 16 18 6 10 5 20 27 14 7 27 24 1 26 19 11 10 11 4 11 10 30 15 20 10 27 4 18 30 5 2 4 7
9 20 6 3 30 12 14 9 3 5 27 15 22 2 19 2 11 25 11 17 0 22 29 18 20 20 8 17 6 23 29 22 6 3 11 17 17 3 16 14 24 10 25 14 1 7 1 26 14 29 17 26 25 25 17 12 23 20 11 4 1 20 25 26 9 29 13 19 19 29 11 2 28 2 17 15 1 22 28 4 10 4 1 9 22 0 23 3 2
26 1 16 17 3 29 8 25 28 18 26 20 5 10 17 12 8 1 25 28 26 24 1 14 29 24 23 11 28 20 4 17 12 10 29 14 3 20 14 19 17 2 11 18 28 30 20 21 24 14 1 29 28 22 27 0 30 11 6 13 28 22 26 9 24 9 16 21 28 0 1 22 20 30 29 27 15 29 15 13 9 24 10 1 13 12 11 16 4
9 22 0 7 8 8 16 3 14 25 13 11 10 4 21 23 23 14 8 15 22 26 28 8 22 19 27 2 4 23 24 7 7 0 27 15 15 9 1 19 3 10 12 6 20 19 4 12 2 30 21 14 4 4 0 16 14 6 22 5 24 14 17 28 23 2 30 9 8 29 15 9 2 8 6 9 4 6 0 12 9 16 25 22 1 6 9 6 14
29 29 22 27 6 13 11 11 7 22 6 29 7 13 2 3 2 7 28 29 24 7 8 14 17 14 19 0 11 23 5 2 25 12 22 2 7 23 14 22 26 12 23 18 12 30 26 21 21 8 2 17 10 14 10 6 22 4 4 8 11 3 4 22 18 9 3 10 2 13 24 5 22 24 15 19 13 26 30 30 26 26 18 20 13 1 7 22 15
19 24 6 19 11 30 9 11 26 3 18 9 24 14 7 22 14 14 30 10 5 2 1 21 6 12 17 22 18 24 5 27 0 19 29 14 10 6 6 25 13 27 24 11 30 8 30 5 13 29 20 20 21 22 4 13 8 11 15 21 13 3 30 3 12 8 15 9 8 25 6 5 3 1 1 24 14 6 13 27 7 4 4 25 3 27 21 29 19
28 17 27 9 29 7 25 0 4 5 28 18 23 25 1 0 13 8 0 18 7 1 6 18 17 4 7 30 9 2 6 5 23 29 7 29 2 26 22 3 0 3 0 14 13 5 15 9 4 1 17 15 22 9 9 0 28 15 30 13 1 16 11 28 19 12 3 1 1 18 16 26 1 2 0 18 29 18 1 30 28 3 14 12 17 24 16 1 0
20 15 13 6 20 5 13 15 10 28 9 16 9 30 1 4 9 27 11 8 1 6 8 27 0 3 29 13 25 8 9 16 27 24 12 12 10 0 22 1 3 20 10 24 17 25 27 30 13 1 9 6 1 8 0 13 27 25 15 18 29 15 0 17 13 0 2 14 24 14 24 10 3 8 24 25 15 8 6 15 29 14 21 13 21 17 8 0 21
8 2 11 22 12 22 17 14 15 8 1 14 9 17 13 13 14 12 10 27 22 19 0 16 24 15 26 15 11 1 18 15 20 13 25 24 16 2 27 0 23 7 15 14 4 22 5 30 28 15 24 11 19 9 16 11 21 13 28 4 23 12 30 26 6 18 21 20 25 27 20 4 13 19 19 21 8 16 6 27 18 8 6 5 3 14 11 23 10
17 17 23 11 23 14 16 13 3 1 9 9 6 12 8 7 7 1 27 11 25 7 18 20 6 3 15 20 2 4 12 30 7 0 17 1 26 14 28 24 0 30 16 4 13 1 7 12 17 17 24 25 21 9 5 29 30 6 17 21 0 2 10 9 30 17 24 10 25 8 1 22 17 18 2 5 9 22 6 22 5 20 22 7 8 7 30 14 23
27 14 4 4 16 14 29 5 30 16 17 26 13 1 19 1 27 24 2 28 23 10 22 9 3 7 12 17 23 9 3 17 16 7 11 16 2 30 14 9 8 14 25 16 18 4 9 28 1 28 8 22 25 22 15 22 21 18 5 5 2 21 27 27 6 22 24 19 14 6 10 14 23 2 16 4 16 0 19 18 20 4 20 23 25 0 22 18 24
11 10 14 3 6 5 25 18 12 7 20 20 27 19 3 22 17 30 25 26 30 17 8 23 30 1 9 11 11 8 16 21 27 11 13 28 1 27 26 25 0 16 3 5 10 19 2 15 21 28 30 24 26 7 8 4 14 14 13 19 24 11 12 24 27 24 26 29 27 22 11 16 12 11 27 28 25 0 26 24 4 21 11 11 11 9 7 21 24
15 21 12 8 28 6 9 1 10 27 20 16 10 26 12 23 13 23 28 22 6 5 11 21 27 8 6 9 10 10 30 5 0 23 8 15 16 12 1 2 23 1 19 20 12 10 2 9 25 27 11 1 2 4 24 14 29 3 25 1 13 25 8 29 9 6 4 29 6 2 7 9 3 1 15 9 27 6 19 8 25 16 15 3 27 15 27 10 11
29 18 9 4 11 15 5 23 16 16 28 27 8 4 0 12 1 30 16 29 17 22 5 29 0 14 30 17 3 1 8 26 9 28 17 12 29 25 3 7 12 27 2 18 24 30 12 8 11 27 28 20 25 30 18 21 11 23 0 16 0 0 7 24 3 11 3 18 14 15 9 11 5 17 0 1 19 22 11 24 10 1 27 17 19 9 23 7 9
18 27 24 18 24 27 15 28 28 6 11 6 29 5 7 18 24 24 9 6 25 24 21 17 11 12 19 10 21 5 19 10 7 23 19 10 3 12 22 17 17 6 7 6 21 18 12 13 10 13 2 17 0 17 17 2 13 20 27 16 28 19 5 17 29 9 11 13 28 7 7 21 9 25 18 20 23 7 28 4 14 16 29 10 20 21 12 24 17
5 12 17 7 28 24 28 5 26 1 3 3 29 4 6 13 1 12 30 24 10 2 21 27 20 28 15 17 22 0 7 9 27 18 18 4 20 0 8 7 1 24 4 3 28 10 13 10 10 2 4 7 4 24 10 3 30 13 3 12 7 0 29 26 18 7 27 9 8 30 30 23 19 27 25 8 16 19 16 30 16 8 2 18 10 9 12 3 2
16 21 24 22 21 17 24 23 26 12 2 4 10 26 21 15 22 4 11 20 16 22 14 15 15 28 8 16 20 18 19 3 8 24 21 7 11 11 25 29 27 21 30 26 6 6 0 22 9 12 13 0 7 28 16 3 11 24 21 5 19 28 21 17 17 30 10 3 7 5 0 10 15 23 21 26 26 3 12 6 25 22 17 20 5 27 19 23 26
