94 94
18 19 7 17 11 26 18 23 18 10 0 6 13 24 28 4 8 4 7 13 16 29 23 7 28 29 10 0 7 14 18 9 18 28 24 27 1 24 28 18 19 6 15 7 18 28 4 21 13 25 3 5 5 4 0 13 11 17 0 12 21 25 1 2 30 10 5 19 12 10 16 16 30 21 27 2 25 28 2 12 22 26 11 11 22 22 0 26 19 10 12 15 5 21
6 23 1 2 16 30 8 9 11 18 27 19 12 13 28 2 15 6 17 21 2 16 7 5 12 15 7 11 22 9 4 21 9 20 14 29 14 16 20 30 23 0 10 9 16 17 5 28 29 8 29 17 14 23 14 16 21 28 2 6 12 19 21 21 1 30 7 16 22 21 21 8 0 21 16 3 14 18 20 19 20 9 11 10 30 3 2 26 23 20 24 27 9 24
6 9 25 26 21 14 30 12 26 29 28 14 10 4 23 20 12 29 27 2 28 15 19 0 6 4 6 15 12 22 13 21 3 27 14 6 2 19 15 17 20 7 9 21 12 2 4 1 15 23 26 10 23 20 12 0 20 19 15 10 21 25 25 7 7 29 29 9 27 8 4 9 19 21 19 29 29 17 22 13 28 28 2 13 13 1 1 25 25 13 23 6 20 13
11 21 1 27 11 4 7 21 1 27 18 0 27 1 13 9 2 28 18 1 29 1 6 24 15 10 0 11 1 2 3 18 20 24 28 30 10 0 17 14 17 18 21 3 27 24 22 2 30 20 13 28 0 10 21 16 21 8 14 8 15 23 6 26 28 23 17 5 14 24 30 19 29 23 7 27 10 0 8 20 26 16 5 28 0 11 24 16 12 21 3 1 7 19
16 10 23 24 17 2 4 1 9 24 18 6 23 26 9 2 29 14 23 4 8 24 17 1 21 12 23 27 27 20 7 15 29 3 3 29 21 11 15 25 28 18 30 15 29 27 29 8 19 1 22 22 26 29 0 18 14 29 4 4 30 19 29 8 25 4 3 17 17 10 14 21 0 5 0 17 30 1 23 26 24 0 20 25 16 6 2 9 30 30 30 6 26 2
16 15 22 0 23 21 11 30 15 3 28 13 6 9 28 5 5 1 1 27 27 18 9 25 5 14 1 0 10 30 8 4 2 9 28 29 4 24 18 26 15 6 1 0 25 2 7 0 22 7 25 9 11 25 4 29 28 11 19 13 11 28 24 6 16 15 8 4 16 6 15 17 4 26 26 20 20 6 22 1 25 12 19 5 14 19 30 8 25 27 0 21 9 21
10 16 6 9 27 18 10 20 24 14 30 9 28 28 10 3 13 23 15 26 12 8 1 10 19 27 3 14 4 22 29 30 21 28 4 19 20 4 27 3 12 5 17 19 29 24 29 5 15 27 24 27 11 26 10 3 5 4 16 21 29 25 2 18 2 10 15 11 17 29 13 5 26 16 9 2 4 8 7 6 24 20 17 5 25 16 3 5 24 28 30 17 21 2
14 11 11 1 16 10 25 25 15 12 25 29 29 16 5 24 17 26 11 8 10 14 5 19 17 28 22 6 28 17 23 17 25 4 15 4 9 20 20 24 0 14 18 20 23 26 21 14 7 18 6 16 19 18 27 12 2 21 24 28 20 14 24 22 23 3 30 2 2 28 16 4 25 24 14 4 6 1 16 17 20 3 5 29 5 2 12 24 2 26 4 12 29 26
29 7 25 21 19 6 10 18 13 19 28 0 27 13 1 22 12 15 22 0 8 1 9 12 9 25 19 19 22 10 18 25 29 22 29 22 29 17 14 1 7 16 2 17 30 3 9 3 5 13 23 19 1 17 27 9 13 26 12 5 19 28 27 0 9 14 1 25 6 18 27 27 21 1 4 23 19 21 6 27 6 2 11 28 5 23 21 12 17 25 3 9 0 27
10 25 16 5 18 24 15 12 17 25 27 21 15 1 10 24 22 8 15 24 26 19 29 5 17 9 19 24 24 5 29 8 21 15 4 6 16 15 19 27 6 0 0 26 3 6 10 30 25 8 27 2 1 29 6 23 25 2 17 19 1 16 12 13 23 0 3 11 17 14 18 27 11 13 24 7 13 14 18 6 22 28 16 30 28 9 28 18 8 21 5 24 5 25
9 24 11 15 21 10 18 27 16 25 14 9 28 24 9 16 2 29 30 2 8 5 14 12 18 19 0 14 6 17 13 2 0 19 19 3 15 7 10 11 23 17 2 28 23 16 15 3 16 26 18 3 16 16 23 30 20 24 8 16 2 0 18 25 10 6 12 13 13 7 27 26 4 23 18 2 1 29 16 4 3 13 18 6 29 12 16 25 7 14 30 26 23 13
25 2 1 12 1 12 13 21 18 14 3 23 2 4 23 29 22 7 26 19 1 3 5 14 6 13 23 27 23 6 15 29 26 3 29 27 8 29 25 30 18 8 4 4 19 23 29 30 29 9 0 18 11 11 10 13 27 30 25 24 30 3 23 19 13 11 2 3 13 6 27 16 16 2 20 26 30 9 12 21 0 17 6 17 25 13 0 23 26 15 13 10 10 28
28 12 15 2 14 7 16 27 24 30 5 15 30 14 19 28 4 13 26 30 23 6 26 7 15 23 5 5 21 8 13 18 7 20 20 1 4 14 17 7 23 14 1 27 23 22 10 12 12 24 20 7 20 11 10 17 6 5 0 30 10 29 8 9 22 29 23 10 30 23 16 16 11 11 9 22 16 15 14 22 21 10 7 5 3 21 2 5 28 13 22 0 7 27
27 5 16 16 7 25 26 1 22 12 21 29 15 5 8 2 9 14 30 26 15 11 27 0 8 18 28 25 1 20 28 25 11 10 23 28 5 2 29 14 30 3 18 5 26 26 1 3 4 25 30 16 9 29 18 6 15 15 17 3 30 23 10 7 11 11 2 20 1 23 29 15 12 26 13 17 7 22 5 17 23 6 10 7 2 20 0 8 25 14 30 28 3 14
6 12 5 28 14 9 18 19 19 19 19 9 2 0 16 8 27 4 1 20 13 3 23 15 9 23 0 11 6 15 26 5 9 22 13 30 14 15 3 16 22 17 0 17 29 20 25 23 17 3 30 1 5 25 9 20 16 2 21 13 24 25 2 12 5 6 6 0 17 12 24 27 7 21 21 10 18 17 5 15 30 28 11 10 21 12 12 8 5 27 28 12 2 22
22 30 9 17 23 1 22 28 30 17 15 9 25 10 29 25 0 22 7 5 12 29 20 1 28 19 21 8 4 27 12 20 26 10 14 10 18 30 26 11 5 28 1 12 18 14 5 6 22 21 15 16 27 15 13 19 3 26 20 18 9 12 24 1 3 14 3 12 29 23 4 18 3 29 27 12 1 27 14 25 5 11 25 17 6 24 25 13 17 22 5 8 15 28
21 5 9 21 1 2 13 27 5 14 20 7 4 28 22 7 19 8 29 18 17 20 16 28 25 22 19 28 2 13 25 1 5 26 23 12 14 11 23 22 23 24 28 28 16 0 20 29 15 6 28 7 5 2 20 26 12 20 11 23 0 27 0 30 2 0 0 15 22 0 7 3 19 7 0 13 12 2 8 0 21 6 16 11 17 11 24 29 28 19 15 2 10 22
8 0 19 30 30 30 25 25 6 27 27 24 4 9 27 15 8 20 10 12 14 13 29 6 19 21 25 1 11 11 3 26 5 9 27 1 17 15 27 14 10 20 10 21 14 3 8 20 26 18 9 1 1 2 15 8 18 6 24 26 14 28 0 25 25 17 20 2 27 12 2 24 12 13 4 1 21 8 0 29 3 29 11 16 9 1 13 28 8 6 27 22 12 29
2 24 0 5 16 21 2 10 16 10 1 12 3 9 27 12 2 18 11 11 19 18 27 14 12 25 26 4 3 20 23 13 18 22 30 22 2 1 23 0 1 6 17 17 14 24 23 9 26 21 17 14 28 20 6 0 18 9 3 12 11 20 23 1 18 22 9 18 8 7 13 3 14 22 21 20 23 18 20 23 4 6 6 1 11 10 30 23 12 4 30 29 24 15
29 9 25 7 26 27 0 5 3 8 4 1 0 4 14 30 4 3 27 15 30 14 1 3 6 19 6 18 15 28 15 25 0 25 7 15 17 22 19 30 6 27 28 3 14 27 2 26 8 4 17 28 4 26 9 1 14 9 25 30 16 12 25 25 22 23 4 25 21 28 27 14 5 22 23 6 12 20 10 22 18 22 21 8 26 6 17 30 25 0 17 9 25 29
30 19 18 23 9 14 3 21 29 1 8 9 8 21 3 26 17 4 27 30 26 20 4 22 1 7 23 9 0 6 15 22 26 25 15 24 16 8 12 2 23 28 22 4 15 1 9 17 6 26 17 18 1 20 12 6 6 8 4 23 4 25 13 26 27 29 23 3 0 6 6 14 8 21 10 20 2 12 23 18 14 11 15 18 7 14 22 25 8 5 18 30 24 7
22 15 2 26 10 20 29 3 4 1 25 4 13 8 21 20 7 28 12 28 22 27 19 8 8 3 18 2 20 9 3 2 16 10 8 25 3 3 9 24 11 16 14 12 0 6 17 23 10 12 0 18 13 1 18 7 15 11 4 11 10 24 26 12 28 0 27 21 27 7 23 3 0 5 25 10 7 14 13 21 27 28 26 10 3 28 24 6 25 0 26 4 26 17
22 13 4 5 24 25 19 22 4 23 26 7 9 11 11 6 8 28 30 13 1 16 27 7 23 18 23 12 30 16 6 12 17 5 1 23 16 11 15 28 24 4 3 28 29 8 22 21 16 29 17 9 11 20 26 4 10 17 10 5 4 25 19 2 9 0 29 13 15 7 21 8 29 3 1 13 4 25 15 16 21 15 10 19 0 8 1 9 9 21 2 20 15 7
0 8 3 17 6 0 5 14 16 7 12 14 20 16 20 21 20 9 15 17 2 10 6 20 7 14 15 10 12 15 5 7 26 3 23 8 1 14 2 22 25 14 24 25 26 12 29 9 21 4 11 9 28 10 9 12 19 25 27 4 3 21 3 2 0 24 21 15 22 19 0 8 20 11 10 20 26 16 23 6 3 8 1 20 29 13 28 2 20 8 16 5 30 20
10 17 9 22 22 15 14 0 17 25 7 25 23 18 6 24 21 8 23 26 29 20 26 4 4 19 10 2 29 2 10 19 4 17 11 24 25 4 6 15 12 22 13 27 2 9 30 11 16 7 28 22 14 3 4 9 23 27 15 12 4 17 7 16 21 24 12 3 20 16 7 15 16 25 20 15 17 22 15 23 21 18 1 16 4 29 5 0 5 3 14 5 28 16
1 15 25 16 27 21 21 23 1 5 22 5 6 19 26 23 12 12 5 14 29 17 25 1 18 24 16 26 26 20 14 17 11 24 0 28 20 0 21 29 2 6 6 10 12 7 17 22 18 3 6 6 11 28 10 6 14 3 1 15 29 18 17 12 16 12 7 12 4 14 28 29 10 12 18 12 2 20 26 28 20 20 24 23 3 25 26 16 27 11 17 23 21 20
1 2 0 2 4 18 6 23 10 28 22 2 26 15 2 14 22 9 20 14 4 25 9 3 30 11 20 25 16 30 9 2 9 21 8 9 9 17 29 2 7 15 26 0 11 11 24 20 3 14 11 23 16 3 23 6 5 2 25 3 14 19 16 30 7 16 12 20 3 8 15 0 14 19 19 7 3 16 9 19 20 15 17 20 29 2 25 21 27 3 1 10 13 14
17 28 12 21 7 16 6 9 18 8 12 2 25 14 15 20 29 19 28 18 5 14 7 23 24 26 7 10 25 26 4 4 27 7 2 24 0 29 2 14 27 18 15 21 28 23 16 15 29 11 21 1 21 23 21 5 3 1 9 3 6 19 26 29 21 7 14 1 6 26 24 3 15 22 6 30 13 8 28 11 30 2 26 16 28 18 0 9 15 15 26 8 23 25
15 22 15 4 20 10 28 18 27 11 14 0 23 6 18 6 25 7 24 12 23 3 26 22 7 26 4 24 19 9 6 19 13 8 15 14 16 20 23 24 11 14 28 18 20 20 9 25 27 11 4 18 10 5 23 15 13 12 5 11 21 27 28 12 1 10 0 18 0 17 1 29 7 8 16 25 14 9 29 0 2 14 24 24 0 2 14 14 17 8 19 4 12 20
9 16 18 30 4 5 15 17 20 7 21 3 6 9 14 30 5 22 19 20 1 28 12 30 19 0 23 30 12 11 2 16 25 13 11 30 20 4 27 4 13 22 24 28 1 13 20 11 17 9 18 0 28 26 0 15 18 11 7 13 16 6 26 1 2 23 29 2 13 26 3 17 10 21 26 10 17 19 0 16 13 24 23 8 15 22 30 7 4 11 30 9 19 15
29 18 18 8 21 13 21 14 24 12 18 1 2 29 30 6 9 28 23 5 5 24 9 18 25 19 19 17 6 21 21 0 21 27 9 24 29 5 27 1 19 15 15 27 14 13 26 5 10 22 7 5 7 29 26 1 9 4 4 10 4 15 28 23 23 23 17 27 5 0 11 8 7 15 29 17 19 18 8 5 26 22 19 8 17 12 25 15 14 9 30 4 17 30
12 5 4 9 11 23 4 21 0 14 26 21 11 7 2 22 13 20 23 6 17 17 13 25 30 26 18 5 14 0 7 27 28 13 16 0 20 29 17 13 11 3 10 30 21 11 10 12 22 24 22 6 30 2 24 15 2 7 26 14 1 13 30 29 21 20 16 15 0 27 25 15 14 23 14 8 15 4 9 21 24 14 27 7 20 5 4 5 23 11 10 16 15 16
21 26 6 21 11 8 29 29 15 11 22 14 19 2 4 28 27 6 20 19 29 1 0 29 25 12 0 29 10 13 3 22 24 2 25 6 8 15 2 25 14 8 10 29 16 20 0 5 7 21 12 20 22 27 3 0 14 16 16 16 9 0 30 1 2 5 25 20 18 30 20 23 6 15 25 9 27 12 20 15 4 13 24 10 17 21 14 22 24 9 4 30 8 14
7 14 10 8 10 8 10 12 2 4 23 24 14 29 23 6 11 18 22 14 17 8 0 24 3 5 7 25 4 10 11 7 11 0 29 6 0 11 3 27 17 29 16 18 9 18 3 18 29 29 28 10 12 20 5 1 13 30 30 5 17 10 18 5 27 23 6 17 24 9 6 17 14 4 29 19 13 0 0 17 12 19 30 9 17 22 12 20 11 19 22 16 13 23
11 15 27 1 20 0 20 11 24 16 20 6 7 1 17 3 3 7 14 26 16 22 7 10 30 25 28 11 4 19 14 15 28 6 10 18 3 10 6 19 20 5 12 15 20 21 16 27 15 17 15 29 24 17 30 16 6 9 21 3 29 4 16 5 19 26 23 26 2 27 3 14 11 30 28 23 29 24 26 26 9 17 18 2 29 17 6 16 15 27 19 16 26 22
20 22 28 25 4 25 23 29 10 8 29 17 1 16 22 25 26 26 26 7 18 2 30 6 17 0 6 3 13 10 7 21 12 3 13 3 30 15 15 22 29 3 2 13 9 16 15 21 17 4 0 21 5 18 6 18 2 25 10 15 29 19 4 25 21 9 2 6 28 17 13 5 5 14 1 23 12 6 18 8 9 12 25 18 10 9 20 29 27 14 19 23 22 13
11 5 20 15 1 2 23 23 24 11 21 7 5 13 7 23 9 1 18 12 24 17 2 23 6 18 4 9 12 18 30 6 24 25 23 28 26 30 18 2 24 29 11 23 15 21 19 30 9 23 14 15 7 2 7 3 20 18 3 4 0 21 4 7 16 15 3 30 1 0 13 9 30 7 4 20 14 26 12 11 12 14 29 26 30 29 14 28 1 18 25 24 27 4
14 17 16 7 22 1 18 1 2 0 19 26 21 28 26 0 21 7 28 11 30 15 22 7 18 22 25 7 18 0 21 10 14 5 18 7 0 14 11 26 4 16 23 30 18 13 25 24 18 16 25 16 27 5 5 25 10 24 30 10 14 7 10 15 0 3 10 18 7 8 20 18 15 11 4 4 2 3 24 14 0 29 26 7 16 10 0 16 5 0 20 0 18 7
24 11 1 20 13 21 15 29 0 20 26 22 21 14 22 28 11 18 27 10 28 23 9 24 26 29 21 22 20 13 20 13 25 27 20 0 13 24 10 27 26 23 21 15 21 15 13 15 21 0 8 15 15 2 19 18 26 7 20 11 22 30 22 28 3 11 4 22 6 13 23 4 14 30 15 2 20 3 7 8 30 29 23 22 16 22 5 21 22 29 27 22 5 22
8 5 4 2 29 1 4 30 17 7 12 6 27 22 27 25 7 4 5 24 13 0 7 19 26 10 1 25 29 25 22 7 6 19 29 18 28 0 5 4 26 3 7 16 27 23 26 4 19 13 0 15 6 14 22 28 12 2 24 0 26 30 29 0 11 20 1 20 19 20 15 12 12 8 18 14 8 29 11 23 5 7 16 13 23 6 22 10 23 10 7 22 29 1
14 9 12 2 1 28 8 15 28 8 1 20 11 13 17 19 27 16 30 18 17 19 19 7 9 29 25 3 24 8 23 12 11 5 11 15 5 0 19 9 23 21 25 13 5 6 7 19 2 28 26 10 29 10 6 4 2 8 18 28 8 9 18 11 19 6 8 26 20 29 8 22 16 9 16 6 8 16 19 3 23 5 14 23 9 17 30 3 14 2 0 14 7 15
12 30 15 3 4 5 17 1 12 20 1 6 16 4 4 1 29 27 3 13 22 19 16 12 17 19 18 14 22 6 24 14 15 13 24 11 20 15 19 14 7 19 3 14 18 8 5 13 16 9 3 14 15 8 6 7 29 23 28 7 8 3 8 19 22 19 12 24 19 17 18 3 7 1 14 8 16 13 13 26 15 8 27 27 22 20 10 7 27 1 23 18 24 14
10 8 8 30 16 13 4 2 28 7 8 10 18 27 15 18 16 4 21 1 12 11 3 23 23 15 26 3 1 0 16 2 24 29 3 27 4 21 20 23 10 27 5 6 26 25 4 21 8 1 16 15 23 24 26 26 20 1 5 19 29 22 17 12 3 7 7 9 16 22 0 5 12 26 12 21 2 30 16 27 1 25 23 4 17 27 27 21 7 17 11 15 25 29
29 16 25 1 25 25 29 20 30 4 16 6 7 14 19 24 28 19 14 28 29 20 4 6 13 28 24 11 12 15 25 24 26 5 11 12 22 25 9 29 20 15 26 24 26 0 28 0 18 5 12 26 11 30 14 12 0 15 12 13 27 30 27 14 9 29 30 18 3 10 14 9 7 23 0 17 13 6 4 17 18 8 24 13 19 28 24 30 8 27 24 10 18 26
6 1 20 9 14 11 0 5 3 23 9 4 26 5 20 24 28 24 9 18 14 6 25 2 7 12 17 10 6 20 5 11 3 20 22 20 5 15 19 21 19 14 1 28 14 24 4 21 4 10 16 23 22 9 5 7 18 25 10 11 4 16 19 2 2 26 29 27 23 1 1 11 19 11 10 29 18 30 5 27 26 1 17 17 12 6 13 19 25 10 17 10 5 14
15 19 3 2 4 9 17 11 21 7 10 12 18 4 30 12 9 8 16 2 3 15 26 25 28 30 29 27 19 10 9 2 4 28 6 16 20 3 23 4 21 16 26 18 1 27 6 18 30 21 0 22 0 13 29 9 2 4 10 28 30 9 25 6 3 27 2 1 18 14 18 30 13 4 29 14 23 14 1 1 0 26 14 14 30 4 0 5 4 11 3 19 18 5
3 7 26 25 11 0 22 30 19 12 14 24 27 7 25 5 11 21 27 21 28 11 10 0 27 1 3 3 8 13 2 15 12 29 6 12 0 9 20 20 16 28 12 16 26 14 12 18 3 17 11 24 24 6 23 11 18 9 11 26 19 16 19 25 0 25 26 21 3 7 15 18 15 3 4 14 18 23 6 5 16 22 10 11 1 24 13 14 26 1 3 11 28 30
4 16 6 15 16 24 25 28 30 6 18 1 13 1 4 11 10 13 7 22 28 11 5 8 11 28 28 30 19 0 10 8 2 8 17 21 27 11 3 7 17 28 23 11 25 25 14 16 5 23 10 17 23 8 7 8 0 1 7 5 1 6 20 7 17 26 13 16 7 9 19 20 20 21 23 5 18 8 24 28 3 23 20 5 15 13 21 5 1 7 28 10 28 17
8 14 11 27 15 17 5 1 18 23 22 14 20 9 16 20 14 12 17 19 24 2 16 28 24 29 17 27 25 17 22 13 10 4 21 2 15 8 16 26 24 24 24 2 4 6 20 20 1 8 26 8 14 3 8 27 5 28 29 0 6 29 29 15 12 5 29 6 5 28 3 21 24 18 24 19 23 18 6 6 3 0 11 30 27 2 20 21 28 30 13 6 7 9
23 30 10 25 20 27 27 29 2 29 15 27 16 7 0 30 21 27 0 6 1 12 2 4 9 23 27 26 6 5 0 10 26 27 14 12 12 18 25 18 19 22 5 22 22 0 11 8 18 20 11 13 21 13 6 26 2 24 15 2 17 7 1 14 6 27 0 29 0 14 13 0 26 12 11 25 18 20 10 29 20 1 14 21 27 26 15 6 23 2 1 6 23 27
6 22 30 12 18 2 10 10 1 6 27 21 1 13 0 18 14 16 1 28 2 7 20 17 16 22 1 27 2 7 4 16 18 20 3 5 16 21 18 26 11 18 4 24 15 23 1 22 29 25 23 25 22 25 4 5 27 2 8 15 6 12 4 18 20 30 24 19 4 17 7 16 29 2 20 8 11 4 23 20 16 12 6 4 2 29 7 7 0 14 12 2 7 17
13 25 9 27 29 5 6 17 3 10 17 17 9 4 12 30 28 26 19 22 2 23 19 28 9 14 13 21 20 16 20 21 22 3 2 15 23 24 2 19 27 26 27 27 8 24 21 28 22 26 7 28 2 17 15 3 4 5 21 0 30 29 28 30 9 13 1 19 24 8 19 23 1 4 11 24 5 14 4 27 24 15 3 16 21 1 10 8 27 27 20 0 1 5
6 19 9 1 21 30 2 15 12 17 29 13 20 3 6 10 24 8 23 27 7 20 13 2 26 20 22 1 17 18 19 29 1 0 20 13 7 2 9 24 17 23 30 12 30 2 19 25 12 24 10 4 21 29 17 8 22 10 29 13 18 0 11 22 2 1 8 10 20 14 2 8 7 26 19 19 30 2 19 14 15 16 21 27 8 0 9 0 28 24 14 8 20 7
6 8 7 17 22 2 11 12 9 21 0 3 11 7 21 5 27 24 18 19 26 22 24 16 24 5 28 15 4 21 6 23 30 28 25 26 21 7 12 27 0 17 28 2 13 19 9 10 8 22 27 13 29 16 18 8 12 27 2 24 15 16 1 12 2 26 9 29 21 8 18 30 27 5 17 8 4 5 12 9 7 11 24 7 20 21 19 7 16 24 0 18 20 12
14 17 30 23 25 6 0 13 3 21 26 12 1 26 24 29 3 15 7 5 6 1 11 1 23 15 10 29 4 10 30 10 13 26 12 6 24 8 4 7 19 29 4 11 0 20 0 5 26 17 17 8 28 12 28 28 9 26 25 25 23 1 22 5 14 4 2 11 0 0 13 27 29 1 21 4 5 12 6 27 7 4 30 16 22 16 10 15 3 24 11 29 24 14
20 19 27 11 14 21 27 1 18 11 8 28 8 15 21 29 3 24 16 1 13 23 25 12 10 27 6 9 17 28 12 21 8 29 29 19 26 16 14 8 0 11 8 23 9 15 4 17 0 19 19 22 11 5 12 17 19 14 27 14 7 2 7 16 29 14 28 4 30 18 11 4 21 15 24 28 24 7 19 9 21 14 1 10 17 10 1 23 27 12 25 27 18 21
7 6 23 28 8 7 29 29 19 29 23 7 30 8 12 2 1 9 14 13 12 1 0 20 4 12 8 2 28 11 22 17 16 7 3 6 23 1 9 27 28 26 15 6 23 8 2 19 16 18 15 0 10 4 13 12 7 8 11 13 3 11 24 24 9 3 7 8 27 24 21 21 1 4 28 17 27 21 13 11 19 12 21 4 0 22 15 22 4 14 7 11 19 26
15 9 21 17 18 20 23 5 11 19 3 29 7 5 27 30 17 19 19 0 4 10 6 21 21 5 7 13 15 7 19 12 9 0 8 1 23 15 22 18 12 16 20 15 6 0 27 29 6 7 13 0 25 16 30 25 14 17 17 2 10 13 13 18 23 22 19 28 26 28 15 8 21 29 8 30 25 27 21 13 3 29 3 0 4 4 25 27 8 22 21 5 29 15
29 18 28 19 25 15 22 24 22 20 1 24 26 22 18 2 5 23 3 14 12 23 19 16 21 20 18 27 4 9 6 8 0 2 28 3 15 14 2 14 24 6 23 2 5 7 4 16 24 21 14 7 4 15 30 29 27 3 29 11 11 7 27 9 17 27 2 1 16 12 5 18 1 2 23 30 24 2 1 27 14 27 30 20 9 14 29 14 17 27 27 24 2 0
20 28 9 9 15 12 28 24 15 13 14 11 16 0 12 17 2 27 26 4 15 29 21 18 13 20 26 6 4 12 20 17 1 26 9 29 12 7 27 23 12 8 14 5 1 24 27 18 8 7 3 19 24 1 0 2 27 17 12 15 16 26 29 5 8 22 7 14 19 7 7 22 17 21 8 10 24 0 19 7 14 21 0 5 7 21 10 26 18 21 10 18 7 28
9 17 25 18 3 29 25 15 29 29 12 10 2 25 0 17 8 19 4 1 29 8 9 6 15 9 22 21 21 27 23 11 2 21 12 10 5 7 6 1 3 7 8 23 23 16 21 25 24 22 17 18 9 23 20 4 16 9 17 17 12 21 29 11 9 2 4 16 29 0 1 4 20 17 1 1 14 14 29 18 23 19 8 22 10 29 21 18 20 26 6 2 7 4
19 7 14 8 17 25 18 25 26 18 17 1 16 8 3 2 21 30 22 4 30 30 17 28 1 29 30 12 4 15 2 30 21 14 22 28 1 14 15 2 19 9 22 5 29 16 15 26 16 12 11 7 5 10 14 9 2 23 0 5 1 27 6 13 21 19 8 11 12 13 13 11 17 16 7 4 0 21 11 6 7 13 7 4 29 15 11 22 13 6 15 9 0 11
5 7 27 7 30 30 19 13 7 20 25 27 13 14 2 25 29 10 15 21 20 15 26 20 18 30 1 14 1 6 1 30 29 4 27 1 18 19 13 27 17 20 24 18 0 21 3 19 5 27 19 20 10 5 29 29 25 9 23 13 11 23 27 11 28 12 12 30 19 28 26 20 0 9 30 24 30 30 2 18 12 2 8 16 12 11 14 23 29 19 7 30 22 27
29 8 4 14 19 5 13 29 29 17 2 4 23 3 15 2 14 19 3 19 22 23 7 0 26 26 19 27 5 4 13 7 23 4 20 2 4 23 21 18 18 25 29 15 1 16 5 10 27 5 21 13 23 13 1 15 13 1 25 9 14 13 17 11 2 15 0 2 4 18 21 22 29 18 6 7 12 13 18 13 3 18 24 0 9 13 27 17 4 0 24 12 23 20
28 12 17 26 20 20 13 17 30 13 17 28 20 17 24 13 18 5 25 5 9 15 17 8 12 12 9 16 24 12 30 29 0 21 21 25 21 11 11 18 27 28 13 26 0 23 11 2 12 20 21 5 18 15 3 4 9 2 12 24 3 18 4 21 13 21 10 14 21 10 10 15 11 17 7 25 26 1 18 3 23 20 16 0 8 12 11 13 2 15 26 24 14 15
1 18 24 10 18 19 2 6 21 13 23 7 29 1 3 23 3 23 13 26 7 12 28 14 2 26 27 18 3 12 14 16 9 11 8 5 25 24 28 27 24 7 5 27 27 21 0 9 10 16 16 12 21 29 16 29 5 23 14 13 15 25 26 16 23 16 5 3 30 27 12 21 25 18 13 26 19 4 0 30 15 4 22 25 28 25 6 22 7 25 26 9 12 19
17 6 9 30 3 25 12 1 21 10 8 9 21 24 9 4 24 25 16 12 26 21 7 11 30 1 14 28 1 11 7 28 21 26 30 13 16 29 27 15 15 6 29 26 10 24 4 21 7 21 21 14 12 20 2 9 8 22 27 22 30 28 1 2 15 13 8 22 9 30 23 10 27 15 22 11 5 23 26 20 4 22 6 28 14 23 23 5 23 27 12 4 10 23
4 27 2 13 2 1 14 19 18 21 2 9 24 8 3 11 0 4 4 28 29 1 18 14 5 1 5 16 0 30 16 13 7 14 19 30 24 30 29 25 14 30 2 5 8 8 8 28 14 0 30 16 21 11 28 8 17 12 18 17 29 20 26 1 9 24 21 1 20 5 11 20 7 15 23 28 1 16 30 17 19 28 5 14 12 14 13 20 21 11 20 7 28 2
9 9 28 7 25 19 5 28 4 4 27 12 12 10 23 15 22 6 24 18 10 10 3 21 14 1 12 6 30 14 7 20 1 17 26 25 12 16 18 24 27 9 12 21 3 28 8 23 29 7 16 20 7 23 21 17 20 19 7 22 22 10 25 12 6 4 23 20 4 12 6 6 26 19 24 25 0 29 14 8 26 24 5 14 28 8 11 19 0 15 9 18 16 23
13 3 25 20 15 21 28 28 8 27 26 1 2 2 0 21 22 19 6 28 2 22 26 12 29 23 29 3 0 4 1 18 0 29 28 21 6 19 11 10 25 14 24 21 20 18 19 24 11 22 2 4 29 21 13 11 7 1 0 15 5 19 14 18 24 28 13 2 3 18 9 13 20 6 9 8 27 15 5 6 18 10 2 5 6 7 25 24 22 12 9 10 3 20
24 11 0 0 0 7 15 29 9 20 30 12 6 25 10 17 20 0 21 14 27 7 4 30 30 1 24 4 6 25 22 24 2 19 1 12 15 15 11 20 27 16 18 12 9 12 3 28 29 6 26 1 10 12 4 26 18 24 29 9 15 17 29 2 2 12 9 9 5 18 4 29 30 28 22 23 13 16 20 1 0 24 20 13 25 5 21 26 27 24 20 4 13 13
21 13 25 8 2 6 9 8 0 21 22 30 1 1 30 16 9 12 10 28 17 11 0 13 14 18 22 11 12 7 13 0 8 26 20 6 19 3 16 10 7 11 5 16 16 14 3 0 6 1 2 1 30 26 17 1 25 1 4 23 0 4 17 25 6 13 8 2 10 11 2 11 6 14 10 7 26 1 1 18 11 7 24 1 2 12 15 28 24 1 3 1 24 16
15 21 15 14 19 17 25 18 25 30 29 15 23 30 14 21 16 15 26 8 1 23 28 22 6 12 20 7 13 23 20 25 26 13 15 23 28 29 6 19 30 25 26 18 26 1 10 21 21 24 21 4 14 12 3 12 9 29 26 11 27 14 3 11 19 3 13 10 28 4 23 3 17 13 13 14 14 7 24 23 4 6 8 9 13 13 9 0 29 8 11 25 22 26
26 3 22 10 30 7 19 4 9 17 29 18 18 22 30 29 22 30 12 17 14 9 13 1 17 21 23 17 14 21 17 16 0 17 19 16 26 1 24 28 3 22 6 28 10 6 7 5 26 23 16 11 14 8 14 4 5 30 7 10 0 15 2 3 3 25 12 10 16 29 11 9 1 12 27 7 15 2 7 12 3 24 19 4 20 15 9 17 24 19 16 15 27 10
10 27 18 2 6 11 12 2 3 27 20 29 23 29 17 18 14 13 24 6 15 7 19 27 4 13 28 3 4 3 2 16 13 30 30 26 12 5 19 9 0 2 0 27 1 27 4 3 25 22 12 27 13 12 25 21 18 26 0 20 10 1 25 17 0 20 27 29 14 23 20 24 15 17 27 23 22 8 28 11 2 3 26 6 6 6 29 8 30 24 13 2 23 23
14 14 1 14 8 27 15 0 19 19 13 11 27 7 15 24 16 24 27 9 22 19 22 3 13 26 16 13 22 8 22 13 9 6 10 2 24 2 26 10 0 22 24 24 2 9 22 25 18 8 13 4 6 22 22 7 7 12 8 3 8 10 27 2 19 6 3 10 5 19 3 18 11 29 22 10 2 19 25 6 17 23 1 5 29 25 5 21 15 26 15 12 2 30
22 24 8 21 4 3 0 21 6 10 2 22 17 9 1 30 2 14 8 11 24 4 27 6 21 21 19 11 19 8 4 3 23 30 21 4 6 19 22 16 16 13 21 0 30 15 8 5 7 4 2 1 6 12 10 10 29 16 11 19 4 4 27 22 22 12 19 11 8 10 11 30 22 1 12 23 3 20 14 28 14 7 11 11 12 24 24 5 20 11 23 17 13 2
11 26 5 4 7 12 4 30 9 6 28 9 1 26 23 8 15 22 2 27 18 14 9 13 10 7 15 27 28 20 9 19 19 22 23 17 27 16 24 0 5 8 1 8 1 26 18 6 30 4 0 17 16 12 0 29 10 2 2 18 25 23 9 3 1 24 22 10 19 3 21 17 4 20 8 24 3 2 0 1 10 7 27 8 19 26 28 8 8 5 13 9 12 9
4 4 1 3 11 17 23 2 28 0 1 0 20 11 14 3 12 20 2 12 2 24 21 1 26 5 12 3 28 5 25 22 11 6 5 28 7 11 10 17 3 18 5 28 20 4 29 22 8 28 22 27 29 24 24 29 18 17 30 1 1 2 2 29 25 17 20 26 0 8 6 5 15 10 19 13 6 21 26 25 22 2 21 26 16 26 27 28 0 29 16 27 16 8
2 19 17 27 18 28 16 10 17 22 0 10 23 11 30 4 25 20 12 19 14 19 1 28 21 8 27 10 25 23 0 26 24 11 27 13 12 14 11 4 4 23 6 24 8 6 23 15 27 30 15 13 14 14 22 5 8 13 24 23 10 8 14 4 15 29 15 6 19 16 1 9 5 27 19 21 12 27 22 9 5 3 29 13 22 26 5 13 27 26 24 11 19 15
15 13 6 11 16 26 18 10 3 16 30 0 13 4 17 10 16 11 5 15 20 0 19 25 16 17 26 12 19 3 26 14 22 17 29 17 7 26 22 3 1 6 27 17 0 23 7 14 0 0 27 21 20 4 9 24 4 17 29 1 6 25 16 22 18 7 3 28 18 18 17 24 14 12 25 21 19 18 29 7 0 25 17 12 16 16 28 2 20 10 29 8 19 29
4 25 28 20 15 28 13 16 1 27 28 9 22 22 27 28 11 16 17 23 20 4 26 24 19 29 13 13 9 11 8 2 12 7 16 13 29 14 28 2 3 12 21 5 21 9 8 4 4 14 28 12 22 0 11 12 21 3 10 21 25 0 30 28 25 18 27 28 18 2 19 6 29 30 2 19 18 30 17 0 26 28 19 19 24 2 29 7 12 25 12 8 23 12
30 19 4 17 24 24 28 17 3 15 17 9 3 10 29 22 23 5 11 25 19 17 8 30 20 15 5 10 21 16 10 26 7 1 3 18 15 4 0 15 11 23 30 28 28 24 9 10 20 13 13 6 21 30 7 13 17 11 3 7 10 5 24 23 19 27 24 23 8 5 9 29 5 8 30 17 5 21 17 20 0 21 12 8 18 17 26 16 13 21 1 10 19 14
19 13 17 0 7 2 16 24 9 3 10 22 25 0 20 10 3 14 21 5 9 26 6 27 8 15 5 17 12 20 20 0 7 10 23 24 12 15 23 5 1 19 13 9 16 1 8 23 6 28 27 7 1 7 18 15 23 23 19 30 14 25 5 8 9 13 9 3 13 20 12 15 11 24 10 8 10 6 28 15 2 3 10 30 27 20 23 30 22 25 24 28 16 6
3 9 2 29 26 10 23 26 20 14 11 2 5 20 11 0 29 30 16 11 10 6 17 17 4 5 1 2 3 27 3 29 16 5 22 14 0 22 1 30 11 15 11 11 3 22 8 8 13 19 13 23 12 18 9 2 28 28 20 25 24 16 18 8 6 0 14 20 10 17 14 24 7 26 23 21 30 25 10 2 7 17 17 8 7 6 13 5 0 13 30 8 17 26
10 20 8 19 21 5 27 12 13 24 6 29 10 2 25 18 15 29 10 27 15 28 2 4 11 1 21 27 3 8 27 23 6 7 14 23 12 25 11 13 30 5 28 14 9 21 3 10 20 9 12 9 10 11 7 2 7 6 28 27 8 22 25 3 20 21 4 12 21 11 18 28 21 10 28 23 19 1 8 4 15 12 0 1 7 0 21 3 30 5 26 8 20 1
23 24 1 27 26 23 13 0 15 17 19 30 6 13 29 22 30 6 5 26 26 30 26 29 13 18 28 24 3 23 18 23 20 19 20 25 7 10 6 0 18 23 11 24 10 16 6 22 9 14 19 13 27 10 7 22 23 30 9 3 3 6 18 23 3 0 8 2 22 28 24 1 6 5 11 6 19 22 5 18 18 4 16 16 2 18 1 14 7 0 24 30 13 24
20 17 9 7 5 7 19 24 18 20 9 26 11 5 26 22 28 30 14 23 13 1 27 22 4 18 29 2 1 30 29 0 28 14 8 28 3 1 5 9 12 10 4 25 5 20 30 27 30 22 10 26 21 1 17 21 11 9 26 15 8 3 16 16 20 12 29 2 2 4 22 12 30 4 7 20 14 28 16 26 22 11 14 23 7 21 2 27 5 23 10 15 8 4
13 12 15 21 14 21 24 25 14 18 3 1 12 13 12 4 14 14 16 14 3 29 14 1 10 30 10 15 5 14 9 13 1 14 7 20 16 7 6 6 29 17 30 23 9 21 4 19 26 9 17 6 24 26 2 16 3 22 15 13 19 23 18 6 2 20 23 11 11 18 23 1 6 28 17 26 6 1 21 19 30 24 14 26 18 2 19 9 14 0 14 9 8 29
1 14 10 16 18 1 9 29 13 4 11 12 10 23 4 3 6 4 11 8 30 4 12 26 15 24 24 10 1 17 13 18 30 27 17 24 16 20 3 1 7 17 13 3 28 28 2 20 4 24 20 0 14 5 27 24 9 12 10 12 16 11 24 14 6 11 6 12 17 29 6 12 1 11 23 15 27 20 29 29 15 14 26 19 16 27 1 4 4 19 2 22 0 20
16 24 4 14 30 30 6 1 9 3 11 17 21 16 19 27 12 27 4 22 28 30 23 25 10 16 14 26 3 0 17 30 22 11 30 9 21 24 0 15 29 9 29 29 29 25 0 12 27 12 26 11 30 19 1 13 24 22 7 1 5 12 30 26 19 21 9 11 4 26 16 24 4 16 2 0 6 3 3 5 13 29 18 15 10 24 25 0 29 25 11 1 0 1
29 6 17 18 12 10 16 3 23 25 21 0 0 9 4 21 22 6 11 14 26 29 18 18 22 25 2 0 11 1 30 2 19 30 16 6 20 12 25 10 3 8 29 9 22 13 26 30 13 16 16 8 21 30 28 18 3 20 10 3 11 25 13 4 0 3 16 14 5 6 28 30 23 10 29 9 18 12 13 7 21 18 25 19 15 24 7 9 1 23 0 8 25 5
28 22 10 11 22 30 11 14 4 3 12 10 13 28 29 30 22 5 24 2 0 16 3 7 26 24 8 18 2 2 22 7 11 8 30 8 16 5 7 14 3 3 19 6 9 10 17 9 5 14 5 2 11 14 14 9 17 24 16 27 20 13 17 24 5 26 20 10 28 20 15 24 7 6 15 6 22 22 26 4 19 4 19 14 2 11 9 18 27 22 15 14 22 12
3 10 10 11 17 1 3 19 28 15 25 23 22 7 6 26 1 0 11 9 25 22 15 16 15 7 22 5 5 13 6 28 2 29 2 12 9 16 5 12 26 15 6 23 8 18 18 14 2 18 15 9 14 0 21 20 22 30 16 26 19 12 1 29 16 17 6 1 21 5 24 17 23 1 8 5 1 21 9 0 16 18 9 15 0 23 12 14 8 23 17 3 13 9
