98 98
28 27 11 1 30 20 11 30 3 15 12 29 28 12 15 20 27 26 24 17 25 12 3 29 24 8 13 1 13 18 3 16 0 6 22 30 3 17 12 8 7 11 21 1 14 7 22 26 21 12 21 5 27 21 18 20 30 19 22 24 27 23 3 16 3 19 6 15 17 4 9 13 15 15 10 11 20 7 23 9 21 10 10 24 1 12 8 24 22 27 12 17 27 13 10 30 17 26
12 18 12 5 14 8 29 14 14 20 25 10 7 23 6 1 3 14 26 28 5 22 28 13 23 18 25 3 20 19 19 22 25 23 21 7 11 0 10 9 2 10 15 3 23 19 1 7 25 21 1 23 30 16 12 25 26 17 26 29 0 26 21 7 23 1 27 4 16 18 19 7 19 13 9 0 30 26 1 30 21 18 28 16 8 4 27 25 18 8 30 11 11 1 2 12 9 23
16 18 2 16 20 22 18 14 26 11 13 3 16 30 26 25 3 25 18 21 10 30 24 24 0 24 20 16 16 7 16 12 30 15 29 30 27 15 8 28 27 30 15 25 8 3 7 3 25 28 9 5 30 28 30 22 4 1 19 0 28 25 7 1 28 19 19 7 1 13 17 29 28 16 2 15 1 20 5 16 7 2 3 24 26 15 3 9 30 6 8 4 26 4 8 9 19 6
2 15 7 5 4 26 8 1 27 9 12 15 7 11 28 15 28 20 7 20 16 3 25 26 7 2 1 27 16 29 30 8 10 6 30 18 21 9 23 4 13 28 21 14 11 5 19 14 5 22 1 18 12 29 8 12 23 24 1 16 21 20 14 4 24 21 29 1 13 0 1 28 2 23 8 21 4 23 2 29 24 10 18 24 6 19 19 17 27 22 30 13 6 0 17 5 28 15
4 16 18 1 17 17 23 15 30 4 25 13 0 26 29 12 20 12 9 6 11 5 17 26 22 0 8 29 28 10 6 29 2 3 0 27 3 23 24 19 11 29 5 18 25 21 27 14 9 14 1 23 15 17 15 13 6 20 23 13 20 23 13 30 26 23 24 13 19 18 30 12 29 26 4 0 21 10 1 19 17 27 25 17 7 11 21 21 9 8 19 6 26 9 7 1 13 23
14 26 4 29 29 4 1 18 30 21 12 1 22 6 28 4 10 30 22 6 29 7 13 22 24 12 25 21 6 15 7 14 12 25 6 28 15 22 26 30 6 20 9 13 3 20 18 24 29 14 25 8 29 25 29 13 29 16 4 24 8 18 18 1 18 29 8 18 22 30 6 16 24 13 2 13 3 23 22 12 15 0 24 21 20 11 2 27 24 18 16 18 15 22 29 0 13 14
27 12 6 5 29 7 17 9 11 12 12 2 17 27 5 21 5 13 17 12 10 14 27 23 13 8 21 30 23 27 24 24 18 29 16 24 4 28 20 19 17 1 20 25 14 11 16 1 23 16 3 13 16 10 5 23 27 19 23 24 15 6 14 23 26 26 18 17 14 30 28 11 6 21 9 7 9 5 17 4 26 12 19 25 5 17 17 16 30 22 7 9 29 11 22 9 8 1
13 13 27 9 14 27 8 28 22 25 15 4 11 29 17 13 1 6 24 1 0 19 29 12 2 15 23 5 23 9 6 23 17 2 0 23 29 13 25 21 16 21 20 8 17 9 17 21 29 29 26 15 24 7 6 5 22 23 5 24 20 29 30 12 0 4 29 17 19 30 3 30 8 21 24 19 8 29 8 28 21 9 18 24 16 19 16 16 12 10 29 0 16 22 5 23 2 28
8 18 29 26 20 29 18 8 3 29 4 12 27 25 10 4 25 25 13 21 0 22 26 11 1 1 20 8 6 0 3 16 21 3 26 3 8 14 23 13 15 16 21 21 29 13 17 28 21 11 7 15 1 25 18 12 17 4 7 4 1 6 15 13 26 22 26 27 3 8 29 16 2 7 16 6 28 7 20 1 15 30 11 23 16 11 14 23 2 27 29 22 29 2 12 16 19 20
13 18 11 7 2 24 21 20 0 24 12 18 1 16 12 23 4 12 2 14 20 30 27 12 7 19 5 23 10 0 7 23 21 26 27 29 23 19 18 19 23 21 10 15 11 26 28 6 16 21 15 10 13 26 16 1 13 12 7 1 22 14 17 20 18 7 23 3 18 4 1 24 19 23 6 25 16 23 4 4 28 6 10 19 21 15 10 16 9 10 24 18 5 28 9 19 25 15
30 19 2 12 12 26 30 0 22 26 28 23 11 21 12 1 9 3 20 1 12 7 22 24 21 10 2 16 21 11 13 4 24 23 3 7 23 2 14 18 17 14 2 4 18 28 7 15 7 23 18 4 9 24 16 5 21 5 5 3 16 0 16 9 10 29 19 29 23 19 13 1 24 17 20 15 13 3 8 9 24 5 27 2 7 26 29 16 13 8 10 23 9 12 30 8 20 30
11 16 12 12 24 20 11 1 15 14 23 10 14 1 28 21 24 3 29 17 12 6 0 19 23 16 5 13 9 11 21 30 2 4 30 21 9 1 17 16 0 13 19 4 21 18 6 11 26 8 9 7 17 3 29 28 28 28 26 4 27 10 20 4 16 0 17 3 20 20 22 25 4 15 23 26 23 28 22 28 22 16 5 17 22 14 16 15 12 13 22 2 25 17 1 14 9 22
20 17 9 23 4 24 5 13 15 10 5 9 5 26 19 18 3 9 29 30 19 12 30 20 9 7 15 4 11 15 13 19 28 5 6 16 28 20 14 13 24 9 21 22 22 4 18 4 6 0 0 18 21 0 25 4 4 7 26 9 30 3 13 27 19 16 28 24 6 12 7 16 16 26 29 8 4 3 16 6 22 7 20 9 10 13 19 16 0 14 4 5 1 26 29 27 1 1
17 22 25 11 19 18 15 8 24 25 15 10 18 19 20 27 10 22 12 3 4 11 11 0 17 19 23 30 10 1 15 26 24 1 8 23 20 0 6 18 0 18 23 26 18 2 29 11 2 2 14 2 29 2 1 22 4 29 29 13 13 3 24 27 7 17 27 21 30 8 3 4 9 14 7 18 11 10 10 9 7 25 22 4 28 2 4 15 19 4 20 23 23 1 25 22 24 24
24 10 26 15 6 13 23 15 16 23 7 21 30 17 14 27 27 17 6 28 23 14 8 11 28 23 15 14 11 27 6 7 16 23 21 8 15 21 5 1 16 17 21 11 22 12 10 23 26 30 11 18 9 5 0 10 29 10 16 28 10 0 29 27 30 18 30 8 27 13 5 9 12 13 0 4 17 11 4 27 24 27 3 8 0 8 9 15 0 19 22 26 25 24 27 0 4 0
14 0 11 26 4 5 13 8 30 29 26 22 6 4 11 13 17 17 23 16 15 12 30 3 25 11 7 8 2 16 15 11 5 9 3 28 16 5 1 4 13 7 23 12 5 8 6 2 30 0 15 6 17 28 23 18 3 22 28 3 29 10 7 23 5 25 26 11 4 30 19 29 15 21 21 16 16 4 28 22 28 2 20 12 27 6 26 8 27 2 12 1 26 28 23 9 2 27
12 30 3 20 28 12 11 28 21 12 25 30 5 3 18 6 23 1 20 29 11 7 30 2 3 27 22 1 5 5 25 30 15 16 3 10 1 15 9 16 25 21 22 3 26 27 29 20 17 23 7 0 27 29 21 10 28 20 13 27 21 7 4 14 25 14 22 19 16 24 22 19 3 19 12 30 26 27 25 7 29 13 2 8 3 14 2 30 3 1 16 3 27 2 28 26 10 30
3 1 20 16 27 12 2 11 15 18 10 27 22 9 19 3 22 20 22 6 27 8 29 1 20 4 25 10 24 10 3 7 21 24 20 25 6 5 7 8 9 26 14 3 10 13 30 30 12 18 22 5 3 9 8 11 27 22 26 25 8 22 30 22 1 0 19 21 10 22 12 16 21 22 28 2 26 12 29 6 28 8 5 19 18 21 9 30 17 4 14 12 17 27 21 30 27 11
26 7 20 10 6 1 13 0 19 5 12 14 28 5 24 9 17 24 24 7 18 4 4 3 20 29 3 6 20 29 16 18 0 17 17 27 7 27 13 11 22 14 29 2 5 6 7 18 8 11 15 21 11 12 7 19 5 28 26 25 5 16 8 13 0 25 20 10 8 17 19 24 23 30 27 15 19 26 7 4 11 17 10 9 5 1 8 19 24 20 0 15 1 12 20 6 2 17
27 14 19 21 2 3 22 22 15 13 16 25 20 12 20 4 5 24 19 14 18 21 28 29 13 28 3 16 29 16 15 30 5 14 6 2 10 25 21 11 18 27 12 18 29 30 29 21 14 20 17 12 14 29 11 21 23 27 10 0 20 26 11 27 22 27 5 5 22 23 5 9 4 24 24 24 13 30 1 0 24 24 6 12 18 3 13 20 3 15 6 23 6 12 15 6 0 22
5 23 11 11 23 0 6 15 13 0 10 9 21 30 30 21 30 13 23 9 10 11 6 21 15 7 6 0 1 6 16 23 21 7 2 11 19 4 19 12 17 7 23 27 8 0 10 29 8 21 21 12 16 8 11 11 3 12 11 16 28 5 25 22 8 8 16 18 10 25 16 18 13 6 30 23 22 30 11 22 16 18 8 13 9 26 10 14 6 30 4 23 11 8 16 16 10 30
16 5 21 9 9 9 23 26 6 21 16 3 18 15 25 17 18 30 25 19 18 13 4 18 26 14 28 1 13 17 4 23 2 4 7 22 26 9 26 17 14 1 17 28 5 19 7 2 21 24 19 29 13 15 18 29 20 5 0 17 18 6 2 4 1 17 19 16 22 30 1 16 15 9 2 3 27 3 17 2 25 23 30 2 27 7 6 28 7 19 7 20 24 5 0 23 3 6
5 9 22 0 18 26 0 6 11 17 5 30 11 23 16 6 11 15 5 20 26 30 7 24 7 25 0 3 29 14 15 17 30 12 3 2 15 2 9 29 15 11 22 17 3 4 6 26 25 28 10 12 4 14 13 9 21 24 24 7 16 4 27 20 17 16 5 30 21 16 25 15 26 7 7 5 9 2 30 17 12 2 18 25 27 6 5 4 18 28 18 17 27 1 4 25 30 2
3 11 5 8 9 11 13 18 9 25 4 1 18 30 25 4 8 5 22 1 24 4 21 18 19 4 10 28 16 29 26 19 6 2 25 27 25 16 24 29 18 11 4 18 30 26 4 1 25 26 14 9 19 16 15 10 12 28 18 2 19 2 4 11 23 25 22 27 2 10 28 6 17 11 27 2 29 17 6 17 4 19 21 16 19 16 2 30 27 30 10 3 9 22 10 12 23 2
29 26 4 15 21 13 14 18 30 4 16 12 5 2 24 24 16 17 8 22 17 22 2 16 23 1 28 20 29 5 26 27 12 20 10 8 5 18 9 2 17 11 5 15 18 26 14 21 12 27 6 16 5 11 23 15 24 6 0 28 3 24 18 1 26 6 30 20 29 13 27 9 12 12 13 24 21 13 9 11 28 7 15 18 25 10 12 15 6 29 15 0 25 18 0 14 28 25
22 27 7 24 3 9 23 27 5 29 14 2 2 7 13 13 8 2 20 16 17 27 7 25 4 23 4 14 0 24 16 1 15 16 21 24 16 9 20 16 30 0 17 4 4 10 11 28 7 11 9 7 13 16 2 24 12 7 26 26 15 23 8 13 8 12 25 24 21 4 12 12 9 11 16 13 16 11 16 6 14 4 0 1 1 14 8 0 25 23 25 24 14 27 17 24 20 6
14 24 17 11 27 14 13 29 21 22 7 27 19 12 2 1 10 13 3 3 3 13 6 10 17 25 3 4 8 7 26 7 28 21 21 7 17 30 18 25 4 26 4 18 25 22 28 30 14 25 17 26 16 11 0 22 16 6 0 9 17 21 7 0 7 5 11 19 25 16 23 9 18 20 30 16 2 30 23 7 20 11 6 2 7 8 7 9 25 25 1 17 2 26 4 3 23 16
25 11 20 12 21 9 18 24 2 24 10 2 11 3 25 23 7 3 24 16 14 13 9 0 9 9 14 13 14 10 14 28 23 10 5 26 29 22 28 24 25 3 27 13 27 28 24 18 8 28 2 11 1 20 23 23 7 16 5 27 25 24 14 18 2 6 0 21 10 24 21 13 18 4 16 24 28 28 2 22 19 26 11 11 17 2 15 19 8 7 2 19 22 2 1 0 25 23
28 24 13 10 3 8 12 19 0 7 18 10 16 10 26 27 28 22 3 26 29 22 14 26 9 23 11 1 9 1 0 0 7 24 13 21 19 8 14 4 0 28 29 4 13 7 28 22 9 25 19 6 28 21 18 18 4 29 2 0 25 14 3 17 30 4 14 23 25 20 17 2 7 29 29 19 0 26 15 4 18 20 2 12 21 5 14 10 9 15 19 21 16 21 0 24 30 6
21 30 30 16 19 23 2 26 1 10 19 9 26 11 5 16 13 2 11 12 25 1 2 17 25 6 27 27 4 22 9 18 9 28 12 27 21 6 8 13 0 19 17 11 12 15 23 28 21 11 15 12 15 2 30 30 21 21 11 27 3 4 30 19 25 22 13 0 17 13 19 14 21 9 6 23 21 3 5 5 30 11 28 20 29 12 6 24 15 16 5 28 17 3 3 3 20 19
30 6 16 8 17 19 15 13 12 23 11 23 14 21 2 1 1 6 0 27 30 7 24 5 13 27 21 28 8 19 26 23 26 7 20 12 1 12 2 29 20 0 0 27 1 8 20 9 19 6 27 22 28 29 18 28 5 8 8 1 26 3 1 30 8 28 20 20 26 3 21 21 15 1 28 7 4 22 5 29 20 2 11 8 6 12 13 1 29 4 24 7 14 29 24 13 21 5
15 10 9 11 24 26 3 24 30 30 29 7 16 19 26 5 17 8 6 11 17 6 25 19 26 17 25 18 29 5 11 7 26 25 26 19 28 17 22 6 15 27 6 1 25 1 7 9 24 18 22 4 17 18 20 21 25 6 28 20 7 2 27 24 26 17 4 26 16 14 14 26 20 18 23 4 29 28 18 1 15 22 24 6 13 9 5 8 10 24 16 3 11 28 28 15 17 11
20 9 27 16 20 16 0 23 24 20 9 1 19 21 26 17 25 3 2 25 13 14 10 27 2 0 13 13 26 10 14 4 2 3 5 11 25 29 1 28 29 0 11 22 27 6 2 21 3 0 22 12 27 14 26 15 27 25 3 10 22 29 13 5 9 16 27 22 6 26 7 25 24 6 19 30 17 17 5 16 6 20 21 1 23 7 9 20 27 18 0 19 0 0 6 9 20 21
1 5 6 5 5 6 7 13 18 21 16 17 18 1 23 27 19 15 2 17 3 11 7 4 25 2 6 15 2 29 17 29 15 1 3 20 12 21 12 22 7 25 30 4 16 28 26 26 3 25 9 10 27 5 3 0 15 20 8 27 4 25 20 11 16 29 6 4 16 19 22 4 16 10 10 16 2 10 27 1 15 9 3 18 28 9 21 8 10 7 29 3 22 3 24 1 8 28
3 25 7 8 11 22 5 1 23 27 22 4 25 12 0 7 25 21 22 15 29 11 4 23 27 13 15 28 27 13 23 0 4 0 30 18 13 28 5 28 13 2 3 26 11 11 5 18 22 15 6 29 13 1 0 24 2 1 12 16 14 22 15 16 18 8 1 8 19 14 30 6 15 30 25 23 24 12 5 3 4 27 8 10 29 16 26 13 20 22 4 2 10 1 17 20 2 7
5 20 15 19 10 25 16 23 14 30 3 22 26 0 14 21 15 29 0 14 2 17 26 19 10 0 20 12 19 2 1 13 15 30 21 7 1 9 2 25 7 9 15 8 26 11 22 28 19 0 26 27 26 20 7 30 24 1 25 17 19 11 8 23 22 5 14 18 26 16 1 3 5 17 23 7 13 26 18 23 5 1 23 12 19 11 12 29 8 3 0 12 15 3 16 20 18 20
15 11 28 9 14 24 0 8 25 22 24 3 11 9 19 5 0 21 7 14 30 19 20 12 3 0 24 18 19 16 27 11 25 19 15 21 21 5 27 21 0 9 16 3 28 19 30 26 14 16 25 9 28 10 27 23 15 6 4 26 7 29 10 12 21 15 24 29 5 30 24 11 14 15 5 23 8 9 2 28 22 18 24 0 16 16 12 2 27 22 15 12 29 15 7 21 21 0
27 9 17 25 12 6 9 7 4 3 24 30 21 20 0 22 23 15 3 3 12 22 30 17 2 23 29 27 8 0 6 11 13 15 5 9 9 4 28 6 23 27 3 18 27 24 5 8 25 21 16 30 11 29 0 3 30 10 29 14 7 16 10 21 20 9 21 18 13 0 21 9 3 9 22 23 15 23 5 12 10 20 26 28 4 9 17 17 22 10 3 13 22 19 8 29 21 9
8 3 29 9 24 19 13 8 25 8 17 13 1 20 3 3 3 20 5 28 14 30 1 22 1 7 30 5 15 29 20 13 21 10 7 7 10 6 22 14 1 8 16 11 4 17 25 29 14 17 18 19 21 5 26 5 8 5 8 18 14 6 5 26 27 28 5 20 18 26 11 5 20 25 25 20 13 21 18 22 8 14 15 8 1 14 25 27 22 29 0 21 2 3 1 28 7 21
25 22 18 24 20 15 0 16 30 6 26 21 8 13 17 20 14 21 1 27 20 10 6 12 21 20 0 30 15 27 15 8 16 22 2 14 19 19 23 5 1 29 0 18 28 16 16 19 26 5 21 21 17 26 10 20 11 8 24 13 30 27 23 15 6 28 9 11 10 25 26 2 1 7 22 22 7 27 14 24 1 5 1 25 30 29 28 10 3 22 8 7 24 28 27 17 1 5
28 7 11 14 12 28 12 8 25 16 17 15 16 26 6 6 22 19 22 12 11 10 9 0 7 7 27 28 16 5 6 23 15 25 12 30 15 17 24 28 20 0 16 26 26 5 5 16 19 25 14 27 14 1 11 9 27 21 15 26 2 12 3 26 11 26 26 27 19 7 27 8 2 22 19 20 10 10 15 13 25 30 21 12 17 28 7 8 19 20 12 30 24 4 25 21 13 21
27 23 11 21 16 18 8 10 27 6 12 24 27 25 3 26 25 22 12 28 28 23 24 28 2 23 22 0 27 19 24 10 24 12 7 25 5 28 25 23 13 2 5 2 20 24 5 15 9 16 8 18 12 14 18 13 27 26 13 8 15 26 23 15 9 28 1 16 19 16 11 16 29 22 0 11 4 14 16 5 6 1 15 19 14 29 19 11 22 8 1 6 15 2 18 7 7 1
16 26 21 25 26 6 30 24 18 10 7 25 7 26 26 1 25 20 29 5 14 23 18 13 19 25 30 28 23 1 17 27 0 15 8 8 21 2 29 3 6 4 11 1 8 23 20 1 11 6 0 18 19 9 7 30 7 24 16 28 10 7 15 6 15 15 10 26 29 29 2 26 14 13 2 27 14 2 10 17 16 6 29 11 12 20 7 2 17 19 24 9 9 15 1 8 27 28
29 2 21 21 10 29 28 25 11 24 15 12 2 25 15 4 3 4 3 30 19 1 0 30 1 1 25 11 1 10 27 2 21 13 17 13 17 24 1 6 21 28 4 7 9 8 29 23 2 21 14 22 25 2 8 28 16 3 30 1 8 21 1 7 16 10 8 22 15 4 27 6 22 22 22 19 29 26 25 3 26 4 10 22 19 3 26 0 18 5 19 10 0 7 1 2 22 18
27 12 10 24 12 25 25 8 10 30 18 22 14 4 30 24 18 3 27 29 18 9 6 30 18 4 21 11 7 22 16 8 2 20 3 14 13 4 1 26 22 12 9 2 27 18 26 30 2 9 21 28 26 5 25 12 0 15 6 16 6 16 0 3 29 17 10 8 26 27 21 12 28 14 10 17 18 21 24 30 13 3 6 26 29 19 19 15 25 24 18 19 30 2 17 6 17 27
18 11 26 25 17 29 26 4 20 19 27 23 24 20 27 24 22 8 17 30 11 18 16 13 19 30 25 17 21 29 11 25 12 15 4 3 11 13 9 14 29 30 28 27 17 9 25 5 6 20 17 15 3 5 21 7 19 19 19 14 30 26 30 22 11 5 0 20 1 3 16 10 4 6 23 27 3 24 11 14 1 9 10 14 27 25 23 12 22 8 25 15 14 25 24 19 13 6
9 3 18 2 25 2 13 24 11 10 0 29 12 15 14 27 13 9 16 16 1 3 11 6 30 18 23 0 18 12 27 26 4 24 20 27 30 12 16 15 9 16 23 0 18 28 21 19 18 27 7 7 20 22 21 2 5 9 11 10 1 11 27 25 20 24 14 25 30 11 25 18 16 19 3 3 2 3 4 4 29 4 1 10 4 4 18 21 26 23 8 5 14 11 13 7 3 17
11 13 20 7 16 28 14 12 16 14 24 0 15 29 26 30 29 24 20 16 11 23 11 12 0 3 24 24 9 27 5 9 4 14 7 14 23 1 27 10 23 0 18 2 9 27 3 10 19 24 8 3 15 7 25 5 22 3 11 29 23 14 10 0 9 18 26 10 2 0 26 15 25 30 4 25 7 24 15 19 16 17 2 20 26 14 17 18 18 28 6 9 26 24 6 29 11 19
30 28 23 21 16 27 11 14 6 11 3 15 4 3 23 15 26 15 28 9 4 16 21 15 25 13 26 17 5 3 9 19 15 7 19 8 23 7 8 9 4 18 15 8 7 27 14 4 19 10 24 22 29 20 25 11 2 26 18 10 16 16 14 8 11 15 2 4 20 8 2 19 21 22 24 18 22 12 2 12 11 19 15 18 25 29 5 8 16 27 23 26 28 4 22 30 25 11
8 12 19 3 18 2 17 14 12 3 18 12 11 13 30 22 29 4 28 29 12 12 2 4 9 21 0 18 1 27 25 16 28 20 13 24 8 20 6 27 10 21 4 27 9 17 24 7 2 17 10 4 28 20 12 25 20 4 14 2 20 22 22 6 6 3 4 12 19 28 17 24 20 16 11 21 15 8 12 11 29 24 12 2 26 0 9 11 3 9 27 27 14 15 16 17 9 29
10 13 0 15 19 12 15 15 22 22 9 3 1 0 10 21 11 11 19 21 15 21 7 15 10 12 14 15 20 24 5 24 14 6 28 29 18 0 30 15 30 29 25 28 0 13 3 27 16 13 28 19 28 25 16 30 11 8 14 0 14 3 1 21 23 23 1 14 28 15 23 19 6 24 26 29 1 7 30 1 3 3 24 24 22 30 15 30 6 14 14 7 28 12 4 4 11 12
23 25 28 28 12 6 25 22 30 6 27 20 24 22 21 12 29 3 19 7 16 10 25 2 18 5 20 15 30 4 0 26 27 16 4 28 20 2 22 16 26 27 10 15 1 15 14 30 15 1 8 18 16 23 6 1 13 9 2 23 12 9 17 9 25 19 19 26 4 25 23 29 26 29 18 20 12 19 3 22 29 6 0 20 11 16 24 26 16 24 30 26 13 25 16 5 24 4
20 15 24 17 18 28 30 18 26 6 25 19 5 28 20 26 1 29 1 10 30 18 5 23 21 16 6 29 9 14 27 17 26 9 19 9 21 28 0 25 19 4 26 28 13 13 10 22 15 4 20 8 12 15 14 18 23 21 25 26 15 8 26 17 25 30 10 4 9 25 26 10 16 4 28 10 28 6 22 11 22 13 10 28 16 28 6 25 24 24 18 26 5 14 1 3 16 5
26 21 29 16 24 16 25 11 8 6 6 18 4 5 4 9 20 24 28 2 26 25 19 21 0 19 26 24 19 3 4 18 30 16 26 4 7 0 23 8 30 8 15 20 20 18 28 2 1 0 7 6 30 16 4 12 28 10 20 22 22 26 21 14 28 17 25 23 6 0 21 20 15 4 16 6 25 18 26 28 24 19 4 20 19 10 26 25 24 22 19 5 4 23 30 22 11 3
11 21 5 3 13 22 13 1 8 22 14 29 30 27 0 3 27 7 26 24 26 11 8 19 17 20 9 7 2 21 14 14 25 1 25 4 14 28 11 23 27 28 23 21 17 21 18 18 13 17 25 5 24 11 1 23 28 4 10 24 2 7 14 30 2 6 29 8 11 28 6 29 13 29 5 20 30 22 11 13 23 29 23 12 6 3 5 5 15 15 26 24 18 17 16 24 8 20
3 23 11 19 3 21 14 15 28 6 7 30 21 27 7 24 11 3 10 22 1 8 5 16 2 16 2 30 16 6 3 5 13 29 2 11 30 26 15 0 20 22 26 28 29 25 27 13 26 6 5 26 13 21 11 28 8 19 29 12 21 14 20 9 11 6 10 6 24 14 5 1 3 22 2 23 13 15 18 21 8 22 23 19 8 6 26 8 2 22 12 19 7 29 4 26 13 23
7 26 26 16 17 4 15 23 28 22 21 5 25 7 24 29 0 0 19 21 12 23 7 30 5 5 30 2 19 17 0 8 7 14 30 17 27 14 1 12 27 10 2 0 11 7 2 4 16 14 23 6 23 26 11 5 15 7 20 26 1 24 18 21 19 26 11 25 28 19 18 23 27 23 9 4 14 22 21 30 0 30 17 12 17 16 15 30 15 26 23 3 25 30 28 2 22 15
8 0 23 6 1 18 25 21 20 17 27 18 10 11 7 27 3 5 26 15 15 4 7 22 11 6 1 1 23 30 26 1 22 20 8 0 6 30 19 14 29 22 16 17 24 23 30 15 15 18 28 16 21 2 3 2 11 7 13 13 7 24 23 9 12 1 7 14 23 19 4 26 11 21 10 25 8 2 6 12 18 29 0 1 6 17 29 18 22 6 9 1 16 26 5 28 26 24
0 4 14 3 30 27 23 12 21 16 18 28 28 29 12 23 5 3 19 28 15 26 0 10 2 23 1 8 16 0 9 1 13 9 23 7 3 11 7 4 5 24 14 18 14 2 4 24 10 1 30 10 14 7 7 15 20 23 16 21 14 5 6 9 4 5 8 14 16 15 24 12 19 0 4 13 11 28 29 25 1 18 6 30 9 28 14 25 0 26 1 18 3 14 30 23 3 0
2 3 7 9 9 26 11 17 25 27 8 9 10 17 29 25 0 4 29 25 12 28 10 3 0 12 16 16 20 9 15 20 26 28 2 4 13 12 2 7 11 22 2 24 21 21 5 2 2 25 23 25 18 20 23 22 19 16 8 22 23 18 13 24 7 18 30 26 11 3 10 17 18 0 18 14 1 8 5 27 19 23 27 7 9 21 13 22 21 18 13 21 23 8 16 6 27 21
28 2 22 11 24 30 27 20 6 8 11 2 24 29 28 7 1 5 29 16 10 28 3 29 0 5 4 15 11 10 13 10 16 4 0 0 20 13 21 12 30 14 18 26 30 12 0 15 19 23 3 9 3 0 13 22 27 26 22 24 20 29 10 8 17 27 25 9 18 28 5 15 7 27 9 9 11 3 17 28 24 27 6 4 10 7 0 12 25 19 8 29 18 29 30 20 1 7
21 13 22 15 16 25 27 12 2 15 22 22 3 19 30 7 10 7 21 11 22 16 29 30 19 14 27 18 27 25 11 21 6 22 27 5 3 13 9 18 23 10 22 26 30 27 17 19 12 12 19 3 13 13 22 7 21 7 23 25 23 15 2 9 19 8 4 0 1 5 5 28 4 2 1 12 29 13 30 23 27 16 15 6 28 14 1 2 16 11 30 24 23 11 21 6 17 13
28 21 19 18 29 28 8 5 26 17 5 2 2 5 4 26 22 25 23 8 10 3 24 7 29 3 17 22 2 1 21 3 4 23 24 10 18 11 18 13 11 30 18 13 19 13 25 19 27 21 15 22 0 19 20 4 29 8 2 10 29 22 26 21 1 10 13 28 23 25 3 19 14 21 17 29 16 20 4 18 16 3 17 9 16 0 7 17 26 13 23 2 6 24 20 20 18 23
3 11 12 23 6 28 21 16 24 6 19 24 17 28 5 13 26 19 28 16 5 28 1 11 19 24 24 28 12 27 30 26 27 10 28 18 10 8 17 1 17 16 23 22 0 8 24 14 8 22 0 4 14 28 10 8 12 13 7 8 11 28 30 20 1 29 6 1 30 1 30 21 30 19 12 1 1 16 29 9 29 10 10 13 9 24 21 9 30 15 5 8 17 29 18 24 9 20
12 22 21 19 1 12 23 10 7 16 13 1 25 16 12 0 16 6 19 26 1 26 29 2 8 5 8 16 2 11 30 10 10 21 11 2 14 8 28 5 27 25 18 21 18 14 2 28 12 20 23 9 19 5 13 2 6 4 6 14 5 29 6 22 21 4 29 30 16 10 18 28 28 26 30 19 22 13 12 20 18 18 11 28 4 11 29 11 24 24 1 11 27 11 16 30 6 13
19 27 15 4 11 5 27 1 21 4 12 4 23 15 4 18 12 15 17 25 30 29 11 5 19 17 9 7 12 1 19 29 6 23 13 13 27 30 25 26 23 30 10 17 11 29 3 11 26 14 13 20 14 10 14 25 28 12 5 9 27 6 9 3 6 25 8 18 3 17 16 16 13 21 24 14 23 20 7 6 21 0 20 10 22 23 27 12 2 21 30 7 6 24 2 11 12 15
9 11 9 29 10 12 18 21 23 26 1 9 8 21 28 21 22 3 5 17 22 2 15 7 0 6 29 21 2 12 20 24 25 11 7 2 1 10 11 27 19 5 27 28 20 0 0 2 19 15 25 27 2 0 17 2 29 17 12 4 26 17 4 9 28 27 23 17 25 27 5 0 6 4 9 21 0 12 2 8 21 18 9 25 6 14 4 28 22 23 27 30 24 10 11 14 21 4
3 21 23 10 9 11 21 20 29 27 29 20 11 21 10 16 8 23 13 14 1 23 29 13 2 18 17 5 14 28 30 26 17 20 30 27 30 18 25 27 30 15 20 28 19 27 20 12 1 13 9 21 3 16 6 23 3 18 24 4 14 10 0 11 4 20 26 26 5 22 7 26 20 21 14 12 6 5 11 0 10 22 12 20 20 8 0 28 12 29 27 24 17 21 15 3 5 3
19 8 16 26 3 16 9 21 3 6 4 14 14 30 7 29 1 6 11 11 29 12 8 19 12 29 14 18 23 17 18 4 24 1 14 23 6 30 26 21 2 30 30 13 19 29 19 12 17 19 22 12 24 29 23 9 11 28 30 21 23 6 19 24 1 25 8 23 3 20 23 19 4 1 24 11 14 5 0 16 20 16 3 18 17 19 17 30 30 25 16 26 4 27 13 9 23 4
8 22 20 19 0 7 30 15 22 12 11 23 5 14 21 19 1 29 18 27 7 9 7 26 12 24 19 2 20 3 6 27 1 16 17 1 0 2 29 17 25 16 15 19 12 5 27 5 24 16 10 6 4 2 12 29 30 8 20 0 8 13 18 5 25 3 25 18 4 0 27 8 19 13 9 3 7 25 19 6 6 14 10 24 18 15 16 16 3 21 25 2 30 6 16 11 4 14
14 25 10 25 23 29 4 21 26 5 13 24 30 12 29 23 8 20 27 5 27 20 25 6 24 13 8 20 1 8 24 3 17 17 10 25 13 4 23 20 6 24 29 26 14 20 7 1 5 16 16 23 7 18 6 13 14 9 21 26 10 3 6 20 17 8 29 28 13 6 9 24 0 21 0 27 8 3 21 8 28 25 0 23 28 26 16 1 15 9 24 3 7 16 7 5 1 8
17 9 23 24 16 11 6 12 26 28 0 24 19 25 26 22 8 5 14 19 11 18 20 29 14 10 18 6 18 13 28 26 2 2 9 4 4 29 23 19 7 3 10 16 14 27 14 23 10 26 14 0 25 17 25 26 16 10 2 13 25 3 28 14 1 23 22 23 22 0 23 19 6 29 2 20 24 23 6 1 26 26 7 26 0 29 0 28 18 12 13 19 3 22 9 15 22 1
17 25 29 0 27 23 12 29 27 22 1 0 20 0 27 11 27 15 14 2 3 0 2 19 3 6 12 12 28 24 5 13 9 16 27 14 6 18 25 12 23 25 16 8 20 27 24 9 6 26 22 21 22 30 3 4 7 14 16 14 26 10 12 2 25 7 9 18 1 27 26 18 26 10 27 19 22 8 21 17 27 20 5 15 16 8 11 7 21 25 28 27 2 19 11 22 2 19
25 4 12 7 26 7 2 18 26 12 4 28 25 4 17 21 24 9 4 15 22 24 0 5 25 23 14 8 13 8 6 11 6 10 14 25 7 2 12 26 9 16 12 14 9 3 11 23 28 1 14 30 8 23 30 30 13 15 18 3 12 27 22 26 13 6 18 5 14 7 7 21 4 27 18 11 22 26 8 22 25 29 20 0 13 29 1 12 1 21 3 5 2 25 13 17 11 25
22 10 21 29 1 0 17 19 6 1 11 8 27 11 25 22 4 26 17 6 27 3 7 21 28 7 8 14 9 16 22 27 8 15 26 29 22 11 0 17 19 28 0 22 2 10 6 17 0 2 4 16 14 25 8 27 4 21 8 29 20 24 24 23 12 16 5 10 0 11 15 28 14 11 0 27 12 7 6 30 9 10 21 14 24 19 15 27 10 6 9 5 10 11 16 4 27 17
24 5 20 27 20 2 5 27 24 4 29 23 22 16 6 21 12 5 15 2 19 19 20 17 1 19 26 21 22 7 20 7 22 29 4 19 25 22 0 0 9 2 15 3 21 8 16 2 6 24 13 5 14 0 6 8 10 6 4 25 4 0 1 2 26 17 28 3 10 10 27 8 20 24 21 5 20 28 1 18 11 2 25 26 29 17 16 26 8 18 8 14 16 9 3 26 19 1
26 4 12 23 28 5 27 30 20 6 6 14 23 18 29 14 25 8 8 6 3 4 6 16 9 6 26 22 27 8 17 10 21 7 11 16 21 5 5 18 19 19 16 30 2 5 14 9 28 18 22 14 30 25 4 12 5 28 23 4 3 13 20 17 18 18 16 0 23 29 5 14 23 22 17 1 8 7 23 25 19 20 22 19 4 17 3 14 30 9 14 2 4 2 24 13 23 10
29 6 21 5 12 22 30 25 7 13 26 1 2 17 3 19 6 24 25 15 4 5 29 2 1 17 19 16 24 20 16 16 13 13 26 4 22 12 19 22 11 2 13 5 27 17 12 24 0 8 21 21 5 21 9 5 3 9 8 7 27 6 10 18 5 20 25 25 5 18 9 7 28 26 8 28 11 4 26 16 14 29 24 23 9 8 26 28 19 1 16 10 12 24 29 28 1 13
2 26 29 30 15 6 4 0 8 14 16 2 10 30 12 28 28 18 2 29 2 3 26 25 8 11 8 9 27 3 10 13 13 0 10 18 14 15 6 18 0 8 18 0 30 24 14 1 16 26 27 9 18 13 26 2 22 26 21 19 1 8 15 28 1 4 23 26 3 8 29 17 4 27 9 30 25 1 11 19 16 29 0 7 2 16 10 10 0 8 27 21 13 11 18 24 2 22
5 8 7 29 27 29 4 16 19 16 5 28 4 21 13 12 24 25 9 25 9 29 9 0 19 30 9 28 18 22 14 22 20 10 18 0 6 1 5 29 15 3 30 1 14 6 22 25 21 8 7 30 5 17 14 20 3 2 18 7 18 3 28 0 6 22 12 16 22 5 24 10 18 8 15 12 8 5 13 14 4 6 27 9 2 0 22 2 27 2 28 23 10 20 19 17 14 5
29 30 30 14 24 20 1 19 21 30 30 25 5 4 30 30 24 25 1 23 26 26 6 27 23 18 20 10 28 11 0 9 28 25 5 29 23 23 27 28 29 1 9 12 12 7 13 2 19 25 10 1 8 23 10 27 6 6 7 26 0 0 13 26 7 0 6 26 30 20 27 1 5 20 15 23 24 14 12 1 29 23 25 23 27 2 25 14 25 2 29 2 27 28 6 23 30 0
2 6 2 21 21 17 5 18 11 12 0 27 13 17 28 1 12 20 23 5 28 30 20 14 14 27 30 1 12 2 28 20 1 11 17 14 19 25 2 28 19 5 28 7 16 20 18 26 1 5 6 6 12 23 1 12 20 11 13 24 9 5 21 15 8 13 16 26 5 14 23 18 9 18 11 27 25 30 24 21 19 18 18 18 25 28 0 29 17 7 1 10 8 8 30 24 1 14
16 26 30 12 30 16 20 29 2 19 22 22 28 16 1 28 21 19 0 6 6 10 18 1 15 11 14 19 29 15 23 29 22 8 7 20 21 22 27 1 18 11 6 27 6 16 18 0 3 20 14 18 14 29 8 20 2 6 23 13 29 0 10 15 26 9 17 8 12 18 28 2 24 13 10 21 14 24 0 21 7 23 12 7 12 20 9 23 15 5 1 17 13 24 14 27 22 30
14 20 0 14 27 21 15 10 11 6 6 21 24 27 12 6 15 24 23 10 6 24 0 26 21 25 19 9 5 12 6 3 29 1 21 8 19 17 30 26 17 24 27 8 13 29 5 11 9 14 16 25 0 20 20 18 3 3 30 26 3 11 17 5 4 8 18 27 30 13 29 5 13 0 15 11 21 30 30 25 11 9 19 6 8 4 14 28 14 6 13 25 19 10 1 22 25 13
10 3 21 15 17 29 15 17 16 13 25 13 18 21 15 2 21 4 20 5 1 5 17 4 12 0 14 6 10 15 11 14 13 22 19 5 13 28 6 12 17 16 18 26 16 16 28 14 26 4 4 14 23 10 9 20 26 30 2 21 2 5 21 16 4 16 1 20 8 26 19 21 15 8 7 13 17 14 19 8 25 8 18 26 23 28 25 30 9 22 27 12 16 20 8 12 19 18
10 3 24 17 1 5 30 0 18 30 0 5 6 0 8 16 11 28 7 13 6 0 12 20 10 15 25 26 8 23 29 19 30 6 20 28 21 14 16 19 8 24 11 6 5 22 16 4 15 12 24 14 24 22 2 22 26 10 6 4 15 11 1 17 29 17 3 28 26 13 24 4 18 22 29 21 27 18 8 9 16 17 26 30 25 22 18 21 21 10 12 0 27 22 26 10 5 17
3 17 0 25 18 24 4 22 26 9 1 10 4 16 17 9 13 19 3 25 26 12 28 4 7 11 13 11 10 23 18 16 2 22 11 7 3 9 30 3 6 0 28 1 14 20 13 2 11 24 12 21 23 28 7 4 10 22 15 1 29 20 25 6 3 3 24 8 15 23 21 6 27 11 28 17 11 16 13 19 21 16 5 19 14 12 5 15 22 23 25 30 25 18 30 17 24 19
7 21 15 17 20 4 26 9 29 30 30 2 10 4 7 21 30 18 13 5 12 11 6 8 26 16 27 9 25 0 8 22 27 1 22 27 25 22 20 14 16 9 17 18 13 20 5 6 24 9 16 13 28 4 8 26 10 27 19 30 24 4 19 17 9 22 4 12 8 29 19 6 23 12 8 27 0 25 13 19 4 8 22 17 0 28 24 19 23 4 4 22 9 15 15 6 22 14
26 8 19 1 30 12 16 9 27 5 14 23 17 22 27 3 24 6 7 11 10 2 22 14 17 27 18 17 21 19 9 23 9 7 9 13 9 18 28 5 8 11 4 7 5 11 3 17 12 27 10 29 7 28 10 25 12 2 5 12 9 8 4 18 25 26 26 26 3 6 19 0 13 28 13 15 23 0 3 9 25 1 26 5 12 21 16 17 20 13 29 6 12 23 5 20 19 29
4 13 0 27 29 18 26 4 12 8 15 1 4 24 13 6 27 11 7 18 9 13 1 13 9 23 26 1 4 7 15 8 10 29 8 13 30 28 13 24 14 15 4 23 17 14 21 21 30 2 4 21 10 13 22 14 6 17 16 4 27 17 4 19 2 8 2 6 22 5 7 18 16 18 9 14 29 27 0 20 28 21 26 21 19 29 8 13 11 17 28 11 20 24 2 21 22 29
29 27 7 23 9 10 4 22 1 24 20 0 6 19 29 7 1 2 22 7 23 17 3 17 20 29 27 20 14 6 15 5 14 3 20 22 26 15 16 17 18 8 15 13 1 3 8 18 21 23 10 5 30 11 23 14 30 6 27 29 29 6 28 22 23 12 7 28 8 20 24 6 12 20 20 11 7 8 27 4 13 19 20 8 4 12 23 6 1 14 25 1 20 20 21 9 11 5
26 17 16 3 27 7 4 6 0 12 18 5 12 16 17 17 23 14 11 22 0 15 1 19 30 16 14 8 6 20 9 4 20 15 29 0 24 26 13 22 28 30 12 1 20 16 6 7 3 1 25 15 15 8 24 15 11 27 12 10 4 0 15 2 3 6 21 3 0 8 22 24 27 22 11 1 17 9 6 14 7 22 25 3 18 26 18 21 25 30 14 10 27 5 17 3 3 14
27 13 27 25 0 24 26 12 12 26 25 25 7 27 29 22 12 5 24 6 21 17 26 5 29 17 13 11 10 0 9 17 30 10 27 9 4 22 5 10 14 22 1 11 21 24 9 3 10 20 6 20 22 23 14 16 25 17 3 25 20 26 16 18 28 15 2 26 0 26 24 13 17 3 0 5 29 12 10 8 6 23 17 30 29 7 10 26 21 18 10 22 21 1 22 4 17 23
19 7 18 20 0 8 5 16 17 15 6 30 29 17 18 25 15 23 21 27 28 28 9 17 15 18 10 8 2 22 8 16 1 20 11 18 23 16 2 2 15 4 24 2 7 19 12 10 5 22 4 23 15 8 27 29 10 15 3 6 6 1 18 5 27 11 16 6 20 25 7 25 9 20 6 12 2 2 12 4 13 0 23 0 14 10 8 24 19 11 24 11 14 13 25 22 15 11
1 21 19 8 23 8 10 5 21 21 5 13 11 5 26 7 30 20 6 6 14 8 6 24 28 18 0 28 21 1 13 24 8 12 22 29 14 26 11 18 8 27 21 1 12 11 24 13 20 22 22 29 23 11 25 15 30 11 19 8 20 3 6 30 16 27 11 21 13 16 1 30 6 10 14 9 13 26 15 13 2 13 25 23 24 3 24 4 23 13 11 30 26 13 25 23 9 29
30 10 5 16 16 2 3 16 25 27 14 10 0 18 12 19 3 5 16 23 22 29 1 8 22 10 7 9 15 29 9 27 7 20 5 0 29 11 4 24 14 11 13 19 20 4 5 7 2 27 11 18 18 16 14 17 29 6 16 18 22 20 22 11 30 11 20 20 19 0 29 2 18 5 14 5 23 7 14 28 28 3 8 22 14 4 20 4 23 7 4 24 13 1 11 6 0 1
20 27 9 11 1 0 21 1 4 28 12 29 14 0 2 6 12 21 2 4 4 0 4 9 2 25 9 6 24 18 8 28 17 21 19 24 28 0 13 18 17 5 12 24 7 28 18 17 19 4 9 0 17 10 20 13 3 4 21 12 12 6 23 10 15 12 11 22 12 8 26 14 4 12 20 24 3 29 26 25 20 11 22 6 30 8 1 16 25 24 19 15 3 2 3 7 12 15
17 27 22 26 10 2 3 28 5 2 24 5 24 13 4 13 14 28 20 14 13 12 14 28 16 13 6 3 4 5 4 17 27 26 8 8 5 7 13 25 26 12 28 19 27 25 7 21 18 17 19 20 27 13 30 5 13 12 18 22 29 19 7 5 26 19 9 20 23 28 25 1 28 26 13 28 11 4 28 29 7 2 8 5 25 11 25 9 5 23 18 27 21 15 25 8 16 12
