14 14
10 14 6 24 20 20 26 30 21 4 26 30 8 5
23 11 21 8 22 23 16 17 17 17 14 17 28 4
5 1 28 17 18 29 1 2 5 24 28 15 22 18
16 24 16 23 13 11 6 7 15 24 18 21 9 6
7 4 14 2 0 18 4 11 28 21 24 0 4 13
3 4 12 17 25 9 11 0 15 19 8 30 29 18
9 16 8 24 12 26 4 1 7 1 11 14 2 0
3 8 27 17 28 30 8 1 1 24 2 23 28 25
18 24 14 8 0 20 20 6 24 0 0 28 7 19
27 2 26 21 29 8 7 19 1 8 19 30 18 5
8 0 29 14 22 18 15 26 6 24 3 18 27 4
15 25 14 27 21 9 11 25 20 17 8 3 21 27
10 22 5 25 5 2 4 27 12 10 25 13 3 22
8 4 28 1 16 3 30 1 7 12 1 20 28 23
