16 16
10 17 30 16 14 25 10 4 28 20 16 16 0 4 2 29
0 23 28 2 2 1 26 13 18 1 24 17 30 20 27 30
7 29 9 30 11 3 12 6 2 24 1 8 19 16 20 26
1 20 2 10 24 22 29 29 12 16 23 2 18 23 13 1
21 23 13 26 23 29 5 30 11 18 8 1 10 23 12 30
28 25 3 22 18 10 20 17 1 18 7 16 14 4 21 13
29 7 2 14 23 4 16 19 18 12 22 3 25 22 27 23
17 14 24 16 12 4 0 1 0 14 9 23 17 3 21 17
20 9 19 14 7 21 17 10 5 26 23 29 28 24 30 12
27 5 1 6 1 19 24 14 11 1 15 18 1 28 27 30
17 27 21 2 6 16 27 29 14 17 2 16 19 22 4 4
9 3 16 28 18 27 1 0 27 29 21 22 29 10 18 7
24 5 8 18 23 14 21 25 3 7 30 5 29 5 24 6
19 2 28 19 14 2 4 27 26 28 29 9 24 24 7 21
29 22 15 5 7 17 17 15 16 25 10 8 22 7 12 12
0 23 16 28 20 4 8 24 17 17 12 29 9 27 15 17
