18 18
20 15 12 25 4 0 10 4 3 1 30 21 12 9 3 3 29 25
16 13 28 17 9 10 29 18 15 22 19 10 23 28 5 21 9 19
25 6 4 3 20 9 21 30 5 7 5 4 3 1 10 3 22 24
29 27 7 26 2 14 1 14 1 2 21 9 7 3 27 16 15 21
21 3 11 30 6 8 26 28 24 23 15 10 18 3 3 9 21 7
24 18 24 8 11 9 16 4 5 16 19 18 24 29 20 0 28 22
10 29 10 27 12 26 9 7 2 11 18 20 5 29 24 19 27 24
9 14 18 5 5 7 11 22 8 25 20 28 3 10 11 18 22 2
12 1 22 4 12 26 19 11 8 8 30 7 23 24 24 20 22 9
3 5 10 26 2 18 26 5 28 30 22 0 24 24 5 21 15 27
30 5 9 7 6 18 9 28 4 25 28 26 29 7 13 17 26 25
25 9 10 10 23 9 4 1 3 20 27 7 7 10 11 23 24 6
1 7 20 24 6 28 26 18 25 5 12 22 12 4 30 12 2 1
6 9 0 12 0 20 21 2 30 7 10 0 28 1 22 4 0 22
19 27 15 6 5 6 11 15 9 0 26 7 22 9 30 19 19 21
14 26 19 18 6 11 14 17 12 9 4 14 3 11 26 7 2 29
25 23 4 18 1 8 30 18 11 1 8 5 30 2 21 24 28 29
4 12 29 19 4 17 23 1 9 26 20 12 9 17 9 17 28 14
