22 22
20 19 15 7 18 9 12 17 28 16 29 29 13 9 28 20 16 25 18 18 10 15
27 18 18 19 8 29 15 14 30 8 13 8 29 13 21 29 13 5 0 16 21 8
6 26 14 21 5 0 29 10 9 25 21 21 1 20 11 10 30 26 21 7 27 5
27 9 13 26 20 17 12 23 14 8 29 17 12 27 10 14 23 3 16 6 3 29
20 25 19 18 13 23 28 20 29 21 20 2 11 22 20 5 1 17 18 14 11 14
22 13 3 3 27 18 4 22 4 14 28 5 4 2 16 30 4 22 8 9 27 26
28 2 17 9 27 4 1 2 30 8 0 5 5 2 6 4 16 17 18 5 28 17
15 15 9 22 23 20 22 19 9 24 23 26 11 21 14 11 10 17 0 24 12 5
28 14 20 8 29 15 22 22 1 8 18 30 21 18 28 18 22 29 26 8 6 3
24 1 18 19 12 4 5 20 21 12 10 24 11 14 1 24 16 11 24 16 16 24
2 26 2 2 14 24 0 30 2 12 23 13 8 4 15 14 26 15 1 5 25 9
28 22 25 8 27 2 10 30 21 28 20 21 24 5 30 19 4 25 9 14 0 16
17 12 17 5 18 15 11 6 16 20 15 9 7 16 17 20 9 11 27 13 27 29
16 25 3 22 6 3 15 23 18 29 15 19 2 19 26 15 10 23 5 6 9 21
28 27 17 0 4 6 8 27 28 7 19 17 15 16 23 11 4 20 12 7 14 21
13 7 13 29 6 28 13 5 7 11 29 29 3 23 20 2 14 24 21 27 18 9
4 4 21 30 7 21 4 4 6 26 0 2 12 3 0 26 18 10 8 22 27 12
2 23 7 29 0 21 10 9 4 15 2 24 20 12 7 21 19 11 17 19 13 6
10 22 3 16 9 8 25 15 29 17 0 21 7 25 30 12 3 10 15 15 12 26
29 22 13 8 29 0 16 20 2 15 13 15 12 7 2 28 4 17 30 27 25 10
10 2 30 6 28 15 8 26 29 19 8 8 15 2 25 28 22 10 12 22 29 22
0 17 18 23 1 3 4 8 6 1 21 20 2 8 14 4 26 15 30 19 7 20
