27 27
3 2 9 26 7 1 7 2 13 15 12 24 5 10 29 14 21 6 10 13 24 30 25 13 7 26 25
0 24 27 17 9 20 12 3 23 4 26 17 17 19 23 1 20 22 20 21 18 11 27 1 5 27 10
21 25 8 15 2 15 30 0 0 11 7 12 24 29 17 15 30 1 18 21 25 4 15 12 17 20 11
30 12 26 20 27 29 18 8 22 2 20 6 8 20 26 13 1 4 16 24 18 10 26 30 21 1 6
22 5 2 27 18 7 21 11 22 17 8 21 15 21 15 8 29 26 21 27 1 4 14 11 23 12 14
8 1 17 18 6 9 0 27 13 2 9 1 29 9 16 22 18 25 19 15 26 30 13 22 9 7 14
17 28 3 8 22 20 12 7 19 6 10 15 12 21 1 19 15 1 15 1 7 26 19 18 17 1 21
9 7 3 26 29 24 2 22 3 25 7 13 9 4 17 1 3 10 2 6 1 2 16 11 26 11 17
24 14 27 18 28 14 12 5 2 9 6 21 9 28 3 5 9 11 18 28 9 16 20 5 19 6 30
23 0 9 6 7 26 19 2 14 4 13 17 29 16 9 19 24 18 28 8 21 19 6 0 26 26 5
25 24 21 1 2 16 23 26 9 5 19 7 14 1 30 21 12 26 21 12 8 29 6 27 27 27 11
5 9 26 19 13 19 16 0 26 23 19 25 12 9 16 0 5 6 10 23 3 16 4 7 15 6 15
18 10 22 16 15 22 5 18 30 8 28 19 21 19 20 7 2 14 14 24 8 12 8 8 11 30 3
18 20 0 15 0 27 30 7 27 8 17 30 5 4 27 24 6 0 12 22 28 29 20 8 5 2 20
12 29 27 24 1 18 10 17 27 13 30 5 26 7 24 27 3 6 13 24 19 20 13 13 16 14 17
1 21 23 20 6 13 27 5 5 15 2 7 20 5 6 24 19 6 15 23 11 5 18 0 25 28 2
13 8 4 24 22 11 6 8 23 27 21 21 21 11 9 14 0 7 21 7 2 9 2 24 10 22 10
0 12 29 23 27 28 14 10 6 5 9 12 2 24 16 6 16 10 16 20 19 21 14 19 24 16 0
2 16 11 25 6 21 5 29 12 21 20 11 15 6 19 4 11 0 22 8 8 28 24 18 27 15 22
18 18 28 22 4 4 18 1 5 21 2 18 20 3 13 17 15 20 27 6 28 8 11 1 12 0 21
28 26 27 19 6 4 9 21 15 22 21 18 2 13 17 15 15 16 8 13 26 6 15 26 5 29 30
8 29 22 4 7 2 0 6 11 9 27 25 23 3 15 0 17 30 26 1 13 18 11 23 29 2 24
4 19 20 22 1 6 19 30 7 7 29 2 4 30 8 9 25 5 2 0 0 2 23 1 13 12 22
5 18 11 22 11 30 30 14 11 25 16 30 21 5 23 2 1 29 16 24 17 15 14 1 0 20 10
7 30 4 26 5 21 20 25 28 16 26 27 28 5 4 21 1 6 11 13 19 13 5 19 8 7 20
8 13 12 2 17 13 19 30 15 16 9 13 24 24 8 10 27 26 2 3 25 1 24 23 18 8 17
22 2 27 3 23 21 22 16 21 7 14 20 12 11 25 0 9 14 13 22 22 25 5 18 1 17 19
