28 28
24 1 19 21 27 10 13 16 15 27 9 0 18 24 12 6 2 27 26 26 21 19 5 0 6 28 21 0
17 27 15 0 3 20 18 2 21 23 27 13 17 0 5 4 10 3 2 9 28 6 27 0 25 27 2 21
4 17 14 22 1 23 16 20 27 29 1 18 27 27 17 1 26 7 27 22 13 10 28 28 12 18 12 21
27 4 4 9 18 5 2 24 12 23 25 6 24 27 15 19 26 0 3 23 24 6 25 10 26 16 18 6
16 26 26 30 17 16 24 15 27 27 20 27 1 2 5 4 22 16 12 22 9 18 8 27 7 30 3 4
6 15 24 8 21 20 26 9 13 0 10 14 13 0 29 14 29 1 28 11 16 8 7 27 22 30 10 16
22 22 14 14 8 20 27 22 7 16 1 4 22 4 6 15 30 13 2 8 7 14 29 0 7 15 9 3
22 3 17 9 13 23 8 4 5 1 2 17 20 3 11 29 20 15 2 22 26 7 6 16 4 3 28 13
30 18 0 5 22 2 5 20 15 10 0 12 22 23 11 27 20 10 24 9 6 2 27 29 30 14 7 16
14 1 5 16 16 7 23 17 16 21 28 22 17 16 10 22 8 23 8 5 6 10 20 24 12 23 5 6
15 9 4 2 8 17 1 14 26 28 24 7 16 5 9 11 21 25 26 24 23 19 15 30 19 2 17 24
8 12 0 7 14 30 20 23 28 27 25 17 6 28 21 27 30 25 20 2 2 26 19 13 12 8 24 2
23 27 21 28 2 16 5 6 29 18 26 1 8 29 19 28 2 4 18 9 27 4 28 11 12 23 30 0
8 0 4 23 2 24 8 14 26 2 21 25 14 3 23 25 10 21 8 30 8 29 30 19 5 17 20 22
3 16 27 4 27 2 20 2 15 24 1 7 25 9 29 0 11 28 23 8 3 13 26 27 8 6 9 4
22 11 1 5 24 19 11 26 26 5 1 27 2 21 9 26 24 3 18 20 11 2 20 9 16 18 26 4
26 24 24 0 24 2 28 20 19 3 2 18 12 16 28 16 29 5 16 11 29 20 13 20 15 13 6 22
12 6 6 2 22 24 0 26 2 22 1 23 8 11 9 3 19 7 1 26 27 3 12 21 15 26 15 0
25 6 28 25 6 16 16 9 12 23 13 20 10 5 23 4 21 30 20 14 11 5 14 26 25 15 22 27
11 17 12 2 2 18 14 30 0 15 13 22 7 7 9 25 28 9 21 28 0 25 2 27 9 18 24 28
25 3 29 12 0 9 15 18 16 27 23 3 25 27 4 19 24 18 0 9 26 15 21 1 22 30 24 20
0 8 21 23 28 24 15 20 29 24 17 24 20 6 21 8 6 8 7 17 15 30 8 7 26 10 16 20
28 9 1 17 10 4 18 21 8 8 26 19 26 14 14 13 9 12 4 23 0 25 6 28 18 4 14 6
2 17 28 21 28 17 4 29 10 30 6 5 9 30 22 29 7 13 11 12 1 30 6 23 6 4 13 30
14 10 25 5 25 8 8 7 4 27 1 10 22 25 18 12 30 2 20 10 10 4 24 21 13 13 6 27
21 9 11 24 28 8 7 18 11 6 12 20 8 11 30 24 0 28 12 6 25 22 11 27 10 6 21 18
14 6 29 25 15 5 27 22 9 10 28 10 2 12 14 12 8 1 18 9 21 24 9 17 13 30 2 3
15 30 2 26 10 7 10 7 19 2 0 1 2 24 13 3 30 16 14 15 26 23 17 11 13 16 12 27
