34 34
30 26 23 9 27 17 10 13 20 25 10 20 12 29 8 23 27 29 15 28 22 10 30 25 25 0 11 24 28 14 18 20 30 10
5 23 19 13 18 24 15 8 19 21 9 18 9 23 27 3 10 12 11 9 9 11 0 15 25 18 5 27 4 23 11 26 21 15
6 25 29 19 21 13 22 28 29 30 30 9 19 25 22 17 24 2 3 10 21 11 29 2 10 18 29 22 29 16 7 25 18 26
28 4 24 1 29 5 21 11 25 15 19 8 23 28 6 10 0 2 0 27 26 1 1 23 2 21 25 2 30 17 22 14 15 24
0 8 11 8 20 7 21 15 5 28 30 28 18 20 10 30 26 28 13 25 22 3 5 11 25 16 10 22 14 19 16 5 19 27
20 26 26 24 18 30 11 5 4 8 12 11 0 19 28 19 16 15 14 9 28 25 22 18 7 22 14 27 4 29 13 13 8 1
19 24 2 19 14 18 18 8 13 10 23 0 21 18 16 24 4 12 28 15 11 21 12 28 20 7 12 23 0 12 20 30 20 22
24 15 2 2 15 16 23 15 2 23 25 2 16 20 24 14 6 23 24 13 7 14 19 21 26 10 15 21 1 1 13 18 7 12
9 9 4 9 18 26 18 5 30 20 7 28 2 9 20 10 24 22 30 7 20 14 15 29 12 7 3 28 1 0 20 28 16 11
7 7 23 25 28 4 1 8 5 24 8 9 0 29 16 11 1 11 11 5 12 15 7 8 6 6 28 2 28 7 13 26 11 0
28 18 29 0 8 8 2 26 13 5 29 23 29 18 27 27 20 29 17 30 26 1 21 0 28 12 0 22 27 27 15 23 5 7
20 11 26 5 19 28 7 2 11 27 17 1 4 6 19 7 1 6 26 26 22 5 24 23 6 9 25 5 15 28 12 17 4 4
25 15 7 6 1 9 19 28 5 6 18 22 2 10 5 10 21 13 13 5 23 20 11 22 0 3 20 18 14 27 27 21 8 26
13 11 26 12 10 3 6 16 15 29 9 9 6 19 5 4 29 29 4 15 21 10 10 30 2 22 15 15 14 5 24 18 25 21
30 23 18 28 27 22 11 13 20 12 25 24 23 28 12 30 15 23 11 7 23 13 6 11 17 27 27 17 30 5 2 2 8 10
1 29 6 0 4 17 21 29 5 5 25 27 27 2 15 16 4 0 10 17 19 17 8 26 11 20 30 21 29 26 27 27 4 13
25 7 3 8 6 14 8 22 26 2 25 20 14 12 24 12 9 9 13 16 25 9 22 11 15 1 2 30 27 8 17 29 16 2
27 6 3 30 28 3 17 24 15 18 24 28 17 30 3 20 1 15 19 14 17 7 4 11 23 28 25 7 6 24 0 24 13 1
3 10 8 8 28 28 10 17 10 1 24 9 17 2 17 2 10 30 9 23 22 16 19 18 1 27 7 16 19 17 25 7 19 14
16 25 26 3 14 16 16 24 23 24 10 28 23 16 29 8 4 12 30 5 6 7 18 19 1 13 23 16 11 9 18 1 23 23
17 15 18 20 9 25 6 29 23 26 22 22 22 2 13 20 19 13 5 23 17 22 4 22 29 18 16 29 18 26 20 16 0 18
22 14 25 17 22 3 22 21 10 5 30 15 10 27 8 21 6 21 21 30 15 4 0 19 12 24 8 14 30 25 5 3 28 6
0 0 15 16 17 30 2 9 16 29 7 4 8 16 3 10 18 30 9 2 4 19 12 7 24 27 29 21 22 22 15 8 14 22
2 13 1 12 28 2 1 9 6 23 18 23 8 22 4 9 6 19 13 27 1 4 19 22 4 1 15 26 10 25 28 14 24 1
7 9 10 22 10 17 4 18 24 3 10 5 16 4 21 26 13 15 8 18 4 11 28 14 26 4 13 17 11 7 7 8 5 0
8 8 25 4 25 8 19 11 2 12 29 6 6 12 16 19 2 19 20 26 7 8 27 26 14 26 1 26 4 11 11 30 1 3
12 19 1 12 10 28 9 30 22 4 14 28 12 24 20 12 10 19 22 2 16 8 3 1 2 27 29 11 0 17 25 13 27 21
10 21 3 3 27 3 5 2 28 5 22 25 18 20 14 4 11 26 20 17 2 4 5 1 16 22 4 18 25 19 18 5 22 21
27 2 12 2 29 21 28 6 21 13 1 6 29 0 18 1 4 18 26 0 27 24 1 0 24 27 0 28 28 18 27 11 25 15
1 27 6 2 16 30 8 15 4 27 13 8 28 14 0 13 11 29 17 17 14 13 3 17 16 24 2 27 26 13 8 5 25 1
5 4 28 28 2 12 15 20 8 21 6 18 8 8 10 6 19 30 4 22 7 2 19 21 11 23 6 1 8 20 3 8 25 15
6 30 19 23 18 29 21 30 11 30 18 15 21 28 4 0 4 13 1 23 4 21 12 27 0 5 9 14 4 3 22 12 10 7
6 23 26 15 23 5 1 20 8 23 11 17 10 7 29 5 2 1 19 4 24 3 23 19 20 29 2 23 14 25 25 0 13 2
9 9 29 1 17 15 7 17 17 17 3 6 30 8 6 8 4 12 16 21 14 24 3 17 12 8 7 5 4 27 17 17 24 16
