39 39
23 0 26 12 3 22 10 27 18 20 11 17 30 25 2 1 20 7 18 25 5 14 19 15 24 11 30 26 18 3 24 6 10 15 7 14 1 9 24
19 25 13 12 19 21 28 26 8 16 22 4 16 21 10 7 3 15 10 4 24 13 22 21 10 14 29 29 11 16 13 21 7 16 14 13 13 4 0
27 16 26 9 27 22 20 12 30 2 3 7 28 7 8 6 20 20 17 0 10 6 23 10 19 25 20 16 30 27 23 3 9 25 4 0 4 23 6
7 18 1 3 8 3 24 17 18 17 26 10 13 0 0 5 16 30 13 18 8 22 9 1 13 27 18 5 20 18 29 8 18 16 2 10 29 26 23
0 13 15 25 25 10 29 16 4 10 7 26 15 5 24 10 12 28 5 9 19 7 11 0 9 18 9 16 15 3 6 16 7 1 12 8 15 11 18
22 11 20 1 11 24 1 7 5 12 20 2 15 2 1 17 17 21 7 24 29 9 0 1 20 25 7 14 23 23 0 23 26 11 4 23 8 13 23
27 24 0 13 18 0 14 27 21 1 11 12 12 28 9 24 22 25 18 14 24 22 12 21 24 10 12 25 7 13 14 0 5 9 20 27 10 16 9
14 4 27 0 28 12 2 30 8 19 18 2 4 19 6 26 3 22 6 22 15 16 18 26 7 14 1 4 22 9 16 4 18 21 6 12 23 1 18
29 1 6 15 28 23 14 19 19 12 16 9 16 22 9 7 3 4 29 7 1 1 28 2 3 21 29 21 25 27 11 22 12 2 9 21 27 13 21
6 7 29 21 21 6 21 8 19 11 15 14 25 30 30 1 23 3 29 26 29 19 13 3 18 18 11 25 15 16 26 26 26 23 29 4 30 8 19
29 9 21 21 24 20 29 0 18 1 9 29 15 4 18 16 15 6 8 18 13 15 11 27 5 10 30 10 2 10 2 19 28 16 20 11 3 13 20
2 24 29 17 17 22 16 14 28 10 14 6 16 30 23 22 3 18 17 24 24 5 4 25 4 23 26 28 1 20 25 27 21 0 17 27 5 9 28
28 10 29 8 15 13 5 30 30 3 14 24 5 27 15 19 19 6 24 9 30 10 19 24 30 28 23 1 25 23 11 10 3 5 10 9 7 4 17
22 28 17 0 7 25 15 19 16 4 17 27 30 29 8 16 12 28 9 16 11 23 17 29 22 13 24 1 29 17 10 28 26 2 18 6 19 6 15
2 13 20 29 11 1 29 8 29 28 5 2 4 30 30 17 24 23 25 19 1 1 19 25 30 30 6 15 14 13 7 10 10 7 1 0 17 1 10
13 2 8 8 21 22 11 11 29 9 20 27 6 29 29 6 9 1 18 19 12 17 4 24 17 1 23 27 23 26 10 26 8 19 15 17 3 16 0
29 27 14 16 9 18 12 22 21 17 10 7 8 26 4 1 25 13 8 23 24 3 28 25 16 20 11 14 22 2 22 17 19 27 7 1 6 14 3
7 27 14 5 10 7 3 1 20 6 6 15 27 21 2 4 4 19 6 1 18 17 17 21 20 29 29 3 12 23 13 3 6 11 1 16 0 22 1
5 27 22 27 14 16 27 13 10 13 26 30 5 15 11 1 12 15 3 27 17 6 23 7 20 8 7 29 2 15 15 4 30 17 2 10 27 29 8
20 0 28 26 12 8 16 24 6 13 25 28 26 26 5 10 27 11 26 20 23 17 22 6 19 17 22 25 27 2 15 16 9 10 24 21 20 17 22
13 9 1 11 16 16 15 17 27 13 30 30 12 4 21 25 12 28 17 12 1 26 3 0 8 15 19 4 26 15 7 14 18 20 9 11 20 12 26
30 29 4 4 30 22 18 25 23 15 20 18 9 5 1 12 10 1 8 19 26 27 28 21 8 8 13 22 28 20 22 15 3 24 19 2 16 30 18
21 22 22 0 1 5 3 20 16 15 10 4 11 18 2 19 22 28 29 27 12 20 6 6 27 7 26 24 12 18 15 3 23 21 3 29 25 30 14
29 23 9 28 21 9 22 27 3 1 28 9 6 2 10 18 21 14 3 2 15 12 24 24 23 8 25 14 27 28 24 2 10 22 24 30 10 16 1
13 21 11 29 11 6 7 5 28 15 20 30 12 20 22 5 9 26 1 26 26 12 27 9 7 26 4 21 24 0 20 17 0 29 20 26 9 18 22
1 24 6 5 26 12 20 10 25 4 9 7 20 23 23 26 20 25 30 9 7 25 22 27 13 5 19 18 16 21 0 22 28 2 1 30 7 9 10
6 2 18 24 0 30 27 1 26 5 24 18 12 7 4 12 8 27 5 21 12 30 1 25 9 17 29 2 17 19 20 14 12 20 10 20 20 17 2
0 11 4 2 6 30 30 18 15 25 4 17 19 6 6 18 29 28 20 2 3 23 3 10 20 17 5 8 1 10 18 7 16 19 17 21 18 28 25
8 25 18 10 6 19 28 9 23 15 2 18 1 26 11 14 19 24 7 20 1 10 3 14 14 6 16 24 19 22 28 25 12 14 5 23 23 19 2
7 12 5 11 27 24 1 18 26 10 7 10 0 20 4 7 2 27 25 10 0 20 14 14 20 30 10 28 22 25 0 23 15 3 18 4 27 19 2
30 12 15 0 10 21 12 3 23 2 0 17 14 6 4 2 11 20 23 20 15 19 25 5 18 18 21 28 21 22 16 30 28 14 30 24 15 24 14
12 2 13 0 22 13 23 15 28 24 14 29 8 21 6 13 13 28 13 15 26 26 10 5 17 1 18 2 1 16 12 5 5 11 18 15 19 26 10
22 18 24 26 27 11 2 18 25 6 15 14 13 9 26 21 18 21 4 1 5 25 3 21 2 24 4 28 18 28 17 5 17 3 19 12 1 8 6
14 19 10 3 8 12 13 29 9 10 5 5 8 10 22 17 26 8 24 28 2 10 3 14 6 22 11 13 7 15 5 13 6 3 10 23 17 27 25
27 14 15 20 12 11 17 8 17 19 1 18 0 3 24 8 18 2 0 5 24 18 16 8 16 15 8 24 25 21 27 5 12 17 5 20 22 30 20
25 30 11 2 20 21 24 3 8 29 14 12 2 1 7 9 27 16 22 15 5 0 12 27 2 28 12 5 24 19 3 18 13 2 13 7 16 14 21
13 26 28 27 28 20 3 21 22 1 9 20 24 8 20 5 10 2 18 29 2 25 6 2 17 21 8 24 12 7 28 3 29 28 28 9 3 24 5
24 6 0 3 27 6 10 7 23 24 22 6 10 13 2 4 16 18 1 6 7 18 1 6 24 26 21 18 7 10 14 8 19 9 7 11 10 6 3
1 16 19 15 13 11 16 9 23 22 24 19 8 11 17 24 13 9 22 16 7 19 12 6 22 18 5 26 25 10 6 22 16 19 2 19 13 22 1
