40 40
27 18 16 13 22 30 4 1 30 6 11 23 5 13 9 9 19 21 3 22 25 9 8 17 30 26 25 29 22 17 17 25 24 13 25 22 13 6 29 15
10 11 4 2 24 11 1 9 16 14 1 29 29 10 13 30 30 24 12 18 7 1 1 22 5 4 3 28 10 15 17 16 29 12 11 3 3 17 22 12
1 18 9 16 4 24 25 3 7 2 20 8 30 0 17 10 21 9 11 3 21 13 29 0 17 13 9 15 29 27 16 2 0 6 19 28 18 7 17 16
5 14 13 18 4 5 10 13 9 2 5 12 24 21 13 11 30 25 14 26 19 12 25 30 5 19 5 0 27 26 10 1 3 2 14 25 11 23 11 7
22 18 6 15 29 18 1 20 27 8 5 29 7 13 23 4 30 18 26 14 19 26 13 8 12 0 27 15 6 30 28 2 29 26 3 18 2 27 24 1
23 29 4 5 27 25 2 24 29 3 9 18 4 19 14 13 19 30 0 3 24 12 3 20 1 0 7 8 13 15 5 8 14 15 24 8 29 15 0 25
8 1 5 3 14 16 8 21 4 19 10 3 16 26 13 29 22 29 7 19 25 12 25 9 7 14 29 30 4 22 3 25 4 18 5 28 15 22 24 6
7 13 11 0 29 10 26 6 8 28 13 17 27 11 0 13 1 26 28 2 23 5 30 2 1 20 7 9 2 19 18 17 9 13 5 0 29 20 25 25
13 30 2 17 14 13 29 5 11 20 24 13 1 24 0 24 9 11 8 19 12 11 21 15 3 4 8 27 20 5 2 17 5 10 30 2 2 25 15 25
7 7 3 27 30 18 29 28 6 23 8 28 0 3 6 29 2 6 8 28 22 7 7 13 7 28 30 2 3 12 14 5 25 20 10 13 6 17 17 8
20 7 12 20 12 19 0 24 26 8 19 7 5 30 16 27 4 30 27 26 13 22 26 6 13 1 17 7 17 10 16 16 4 6 29 9 0 6 6 4
4 29 4 25 13 1 27 2 14 26 3 19 27 7 8 25 26 2 30 0 24 9 26 27 19 16 1 5 26 12 25 5 26 12 3 1 26 26 23 20
24 9 25 10 27 22 16 8 25 28 27 15 11 29 16 29 5 22 26 30 18 28 4 29 0 26 21 4 0 5 12 30 6 9 13 6 23 8 1 4
23 11 14 13 24 19 8 16 28 11 18 22 8 12 14 22 1 0 10 29 7 5 2 12 3 29 18 30 6 9 26 20 13 27 14 6 15 19 1 23
29 5 22 9 1 7 27 0 19 24 22 22 13 22 27 3 8 26 29 13 16 8 10 30 24 24 9 16 11 5 26 28 4 24 24 1 2 28 2 22
24 14 17 15 0 25 6 2 18 26 9 28 5 28 0 10 2 21 26 17 23 1 19 10 1 18 2 26 15 11 15 3 10 7 7 20 19 19 1 8
5 12 3 9 27 7 22 23 15 8 2 28 17 2 29 9 0 28 23 7 21 27 28 27 0 11 5 24 16 2 11 3 4 15 27 8 8 7 12 9
9 27 5 0 30 10 28 10 24 1 1 25 3 5 28 11 9 25 1 7 28 29 26 7 0 30 6 26 27 13 25 24 15 18 28 1 0 6 8 26
14 8 5 4 13 18 8 0 22 10 2 21 5 10 14 29 29 3 27 1 5 18 10 8 22 20 3 5 22 18 16 18 5 12 28 19 24 5 23 22
8 7 16 3 0 17 20 26 21 30 10 0 8 17 3 11 23 15 26 25 17 23 1 19 10 6 22 29 23 20 20 8 24 2 22 11 28 9 14 26
22 10 5 12 22 22 29 13 17 22 1 6 30 23 15 24 23 8 4 11 5 18 23 20 26 18 14 20 2 4 16 9 21 16 30 30 25 18 1 30
29 30 3 6 12 24 5 11 20 23 26 13 12 13 18 27 23 27 7 0 9 4 2 14 15 23 17 11 19 16 14 12 14 0 14 4 29 8 1 0
17 10 3 0 10 4 13 19 28 6 22 23 24 28 8 30 30 16 3 8 20 28 5 29 21 11 24 9 22 17 26 17 30 11 14 11 18 24 7 28
6 14 25 11 9 13 14 25 30 12 20 22 23 1 22 4 25 12 24 19 28 29 5 10 0 6 23 18 18 14 2 5 6 5 21 14 3 14 22 28
11 2 12 14 10 18 22 29 4 24 16 30 19 18 3 9 17 27 30 21 9 23 11 19 5 11 7 5 24 3 16 20 14 7 8 29 1 25 6 17
5 23 27 2 8 14 15 24 7 25 29 15 28 27 17 18 16 9 30 0 28 18 17 21 17 12 10 10 2 29 23 20 6 7 10 24 18 1 12 2
10 8 20 25 22 9 15 27 3 7 27 15 27 21 16 5 5 14 27 10 20 2 18 20 18 0 14 4 18 17 24 1 1 6 30 26 24 7 21 7
5 15 19 24 11 9 9 15 24 25 22 12 0 5 22 24 5 28 15 10 20 18 6 29 7 3 0 11 26 28 3 24 3 2 1 5 17 3 14 12
30 30 27 27 27 9 1 19 2 24 9 19 25 16 9 4 7 18 22 26 1 20 4 25 24 0 12 4 6 27 12 4 21 27 11 11 6 9 21 29
4 4 3 21 29 27 20 8 27 0 16 19 3 9 3 2 24 11 17 5 18 16 30 11 3 19 19 28 7 15 27 26 5 28 24 6 18 4 4 16
29 17 11 26 27 22 12 1 26 16 11 22 2 9 5 2 3 4 9 24 18 6 27 0 22 14 21 18 4 1 9 0 29 20 15 0 23 15 28 4
24 1 7 6 26 30 20 4 30 16 27 17 20 29 10 11 6 1 12 6 14 30 12 16 25 7 15 3 5 22 21 12 6 27 23 13 2 25 27 18
23 10 16 4 13 9 25 19 7 17 3 8 3 15 16 1 12 27 29 20 21 26 21 22 1 25 13 25 9 13 24 3 1 1 6 14 18 0 6 9
28 5 25 7 27 21 1 1 5 7 24 25 7 13 26 22 2 6 17 30 14 25 10 19 5 25 1 8 15 7 8 7 10 17 26 23 22 5 7 9
5 3 21 23 23 10 20 12 1 11 19 6 22 6 12 21 21 10 18 17 13 9 10 29 14 17 6 16 6 21 9 0 14 4 30 29 20 29 15 11
24 3 15 5 13 9 6 19 26 30 2 16 26 30 25 0 10 24 20 19 9 7 8 5 18 23 21 6 8 6 2 5 4 25 18 10 0 20 27 15
19 8 15 7 22 6 25 21 8 17 20 15 19 23 7 3 29 10 17 29 16 16 28 20 9 5 12 27 3 21 29 1 29 7 20 4 22 3 28 2
12 22 16 26 17 16 10 22 24 21 23 3 20 30 24 27 6 5 0 7 30 14 23 27 19 3 25 13 24 9 18 22 0 22 0 2 10 17 7 5
16 16 27 18 1 22 30 15 26 6 29 12 3 6 23 15 19 6 16 24 28 27 17 19 8 1 28 8 2 21 4 8 17 3 3 30 25 12 26 26
19 1 12 1 23 18 12 28 9 24 19 9 12 29 16 30 18 6 13 19 6 19 14 0 21 2 14 7 5 22 13 9 9 8 18 15 24 26 6 4
