43 43
0 12 19 22 7 24 9 3 0 1 26 23 21 20 5 27 8 1 3 4 17 3 14 5 29 10 30 13 23 8 17 8 3 29 15 4 22 22 9 21 11 1 11
10 26 1 18 2 25 30 18 4 20 15 19 23 4 18 1 28 22 26 11 2 5 22 27 22 19 13 17 29 29 8 1 22 17 22 22 28 10 24 12 1 13 29
11 23 22 25 8 29 2 1 17 0 27 28 17 19 6 20 26 1 7 6 30 27 25 3 7 18 30 16 26 24 9 21 23 26 8 5 30 0 21 3 27 21 23
29 2 11 29 18 5 22 29 18 8 7 9 21 7 21 23 0 15 3 2 13 21 6 14 16 1 24 3 13 7 13 4 13 4 11 16 9 20 24 25 17 23 4
10 27 0 25 1 16 9 9 21 14 27 19 24 29 26 23 17 21 23 27 25 25 15 13 11 22 3 7 28 12 27 30 17 16 4 8 7 6 8 12 22 25 1
21 22 8 4 20 2 18 20 4 23 23 12 0 25 11 7 11 25 20 10 15 14 29 26 15 2 29 7 11 11 18 27 27 8 30 11 28 14 2 27 29 15 28
12 18 18 25 10 5 25 27 18 22 2 10 8 21 8 14 20 17 5 5 25 7 24 29 22 0 3 25 17 6 20 26 17 5 29 17 16 28 12 11 16 29 14
11 7 17 3 6 24 16 30 19 22 30 20 7 21 17 4 17 30 13 0 27 22 12 6 13 16 23 29 23 0 23 27 10 0 25 1 25 25 0 17 19 8 22
21 9 26 18 19 14 18 0 9 17 7 12 16 28 5 23 16 29 4 28 10 15 16 15 27 8 6 24 14 19 21 22 12 14 22 25 0 12 22 12 10 18 13
19 7 20 23 24 12 7 24 16 19 23 13 6 7 9 21 27 15 2 11 17 9 27 20 6 6 30 13 23 19 14 3 25 26 27 18 11 11 8 13 28 29 8
16 28 13 18 18 8 27 5 15 16 6 2 6 21 22 29 16 3 22 7 4 21 18 24 26 23 12 17 14 16 4 12 15 28 30 24 7 13 1 3 11 25 15
26 18 30 26 5 7 22 14 13 16 23 21 27 21 18 17 1 30 20 24 4 19 27 9 12 14 27 22 28 14 13 15 14 21 7 2 0 12 7 8 16 12 27
27 9 17 13 8 20 3 15 12 3 27 7 4 18 16 3 0 27 17 14 23 5 22 10 17 7 19 4 0 9 29 13 13 29 3 7 24 30 25 12 24 8 10
8 29 9 6 18 19 3 10 20 13 15 14 26 15 22 20 7 17 4 30 22 13 27 22 18 20 8 19 3 6 9 7 30 7 28 23 7 17 28 1 19 17 0
23 23 15 23 6 16 26 8 0 4 29 18 3 2 20 12 28 26 12 4 26 6 28 12 13 2 9 4 6 1 13 21 10 21 15 17 29 20 18 2 22 26 13
30 18 27 16 21 12 0 3 1 26 3 9 8 0 21 11 29 3 13 25 23 18 3 12 20 26 28 22 21 3 7 0 30 15 20 24 23 6 20 20 5 5 1
7 5 23 30 5 9 22 10 17 3 23 27 8 5 24 30 23 10 27 2 10 17 6 28 2 3 4 22 26 23 4 7 28 2 8 23 23 21 26 18 11 0 20
23 22 18 12 12 16 18 8 18 1 12 3 15 12 11 26 15 14 16 16 12 25 6 7 7 12 19 18 19 11 3 13 3 9 4 15 29 3 24 25 1 16 15
20 0 0 7 11 23 17 14 1 17 21 9 27 24 6 22 19 7 3 7 1 21 15 7 20 8 1 1 7 21 16 15 10 8 27 12 14 2 28 24 28 0 21
22 19 15 18 21 17 17 6 11 20 9 21 28 16 4 2 11 19 21 20 21 0 6 26 22 12 28 20 20 14 25 21 19 14 9 2 23 10 11 4 1 23 19
21 17 21 1 5 20 25 3 26 29 22 16 2 28 23 9 26 20 17 0 18 13 17 5 20 26 1 20 22 11 29 26 30 23 11 23 0 3 20 3 19 28 19
4 10 18 12 1 17 12 0 16 14 2 26 10 3 5 20 9 28 7 16 11 8 19 6 25 4 15 1 18 15 29 13 25 16 15 25 10 22 26 1 22 25 28
7 5 0 28 0 0 0 17 26 15 30 2 16 10 17 5 24 29 8 10 22 5 6 19 24 19 16 28 1 25 5 16 19 7 22 7 0 30 16 11 23 29 29
0 30 6 3 5 10 7 0 5 6 5 28 14 6 16 14 23 27 19 7 8 14 26 4 2 19 7 26 5 17 1 24 2 13 16 10 0 24 17 15 28 21 22
25 10 15 18 25 1 6 5 6 20 16 12 20 29 0 23 8 28 29 12 17 20 17 1 3 2 10 30 27 15 4 17 12 22 19 14 18 6 11 4 21 27 17
13 26 24 1 0 21 21 21 8 9 10 12 19 12 11 29 29 18 1 25 20 27 3 5 10 29 15 15 15 2 18 6 12 22 4 30 2 30 22 27 14 17 2
9 10 18 15 12 8 27 5 13 13 28 21 24 18 28 11 1 29 29 22 12 30 2 8 18 20 9 23 6 19 6 12 19 25 27 25 17 27 24 25 21 18 28
14 8 22 28 13 0 7 21 1 1 9 23 10 28 11 25 7 30 3 2 22 28 11 18 4 19 27 25 0 17 8 20 2 22 15 27 17 5 15 18 11 24 30
26 16 0 19 19 2 23 13 12 22 11 21 30 18 26 14 2 15 16 14 3 21 10 10 6 17 2 29 10 7 9 8 28 13 17 22 19 27 28 29 10 0 28
17 29 1 21 15 16 12 2 4 3 6 7 22 20 25 24 7 28 29 15 13 8 30 17 25 24 22 2 5 16 1 11 1 3 5 10 18 2 24 13 7 22 27
0 6 15 24 6 13 30 0 0 29 6 23 27 1 29 26 18 16 18 15 3 4 1 19 0 29 13 10 10 22 2 8 4 19 12 21 4 18 24 3 16 19 8
23 27 0 5 8 30 26 26 10 8 17 30 23 19 1 11 11 10 23 14 29 0 25 11 28 5 4 4 17 28 30 10 28 11 28 28 20 27 17 23 22 21 7
0 16 30 18 4 12 11 11 28 27 18 28 27 5 25 17 22 19 0 2 6 25 25 29 11 29 23 26 16 1 1 16 2 22 4 12 9 3 18 19 1 25 0
13 25 17 26 14 9 0 10 12 6 9 22 6 23 1 14 7 0 24 25 18 12 18 24 9 29 3 22 8 12 4 1 25 19 21 24 16 27 22 8 30 27 21
4 22 19 29 15 10 13 1 5 25 4 27 28 25 11 9 16 1 16 11 9 29 25 11 17 27 1 6 20 16 16 20 29 19 23 3 28 19 24 4 30 1 11
9 7 0 30 14 4 24 22 13 30 4 16 3 4 22 6 29 13 12 1 10 4 0 25 16 0 26 7 0 1 15 18 30 29 27 13 24 26 29 5 29 7 25
15 22 25 13 8 21 14 21 27 15 7 29 25 17 7 18 6 14 29 15 18 18 4 11 15 11 23 22 8 0 23 25 22 25 16 8 11 20 29 22 23 5 8
14 30 16 5 12 9 7 0 12 28 28 30 27 15 30 20 22 28 29 6 18 1 2 1 10 3 18 23 26 0 7 23 12 1 17 15 18 9 20 26 9 3 26
12 21 13 4 22 25 30 27 26 27 30 21 27 1 23 24 0 26 16 24 5 20 29 27 16 21 6 4 15 1 22 5 0 3 21 7 28 26 14 2 28 5 8
6 18 23 17 1 14 4 3 0 8 27 30 5 21 10 17 18 8 6 16 25 12 18 6 21 25 25 16 24 6 13 23 30 14 7 17 18 0 27 29 5 9 10
0 7 24 8 20 16 8 0 0 11 17 19 15 25 20 17 8 15 12 26 5 16 9 20 12 8 29 1 12 9 12 19 6 2 18 16 23 0 18 22 5 7 2
10 11 16 13 13 9 9 21 19 3 5 26 3 28 2 15 5 1 9 15 13 8 8 17 29 7 9 11 3 16 17 13 21 8 8 25 17 21 19 16 17 19 20
3 16 18 10 26 6 3 18 5 10 1 3 9 2 16 5 1 7 22 11 17 28 16 24 17 17 25 11 7 30 9 17 24 26 29 26 25 1 7 3 18 27 3
