44 44
25 18 4 9 26 16 15 19 5 14 23 10 19 8 21 29 13 18 27 11 3 17 5 25 27 5 28 4 12 23 8 12 10 14 14 3 30 30 1 29 19 25 28 7
19 0 27 23 7 18 28 19 26 14 12 23 14 25 21 21 10 26 18 30 10 9 1 18 0 24 25 5 17 17 2 6 9 5 0 13 26 18 15 15 27 21 6 30
27 22 12 14 18 13 20 12 25 1 30 5 2 12 5 6 29 2 15 27 30 23 22 12 14 16 27 5 30 1 15 1 0 0 15 12 15 1 24 29 0 30 29 20
0 5 26 15 16 11 21 18 3 25 9 16 11 16 18 16 3 10 3 9 7 17 22 6 14 23 30 27 25 0 10 30 18 3 3 17 4 10 19 1 5 19 23 4
3 22 28 24 28 17 20 22 26 2 25 30 24 26 29 22 12 16 14 26 12 9 17 26 7 19 0 20 27 17 25 15 28 9 4 26 7 17 9 7 8 22 4 15
21 14 4 2 18 23 16 6 28 9 2 16 2 17 4 4 27 12 16 13 23 4 9 3 9 9 17 3 27 5 5 26 13 23 0 10 27 6 10 17 11 23 12 13
19 10 22 6 3 8 2 11 6 8 3 16 20 11 20 14 3 29 10 1 17 5 26 3 25 14 27 13 12 21 23 24 14 8 27 22 10 25 11 13 21 13 7 20
15 22 20 22 3 2 23 30 15 29 2 30 22 7 20 29 13 6 5 22 25 0 21 1 27 10 20 5 24 21 30 18 28 29 6 30 23 13 25 26 13 26 19 27
1 7 1 13 24 23 10 11 7 21 27 19 12 28 23 5 18 13 15 2 18 15 18 11 20 24 15 10 5 16 8 16 11 17 11 7 21 0 2 8 5 27 30 25
28 9 20 15 3 23 30 30 3 5 8 10 5 28 2 19 17 22 2 26 22 24 13 6 1 5 24 6 2 4 30 9 22 17 10 18 8 3 29 4 14 29 15 4
12 20 22 3 20 21 24 15 14 15 23 1 24 16 20 26 15 20 10 13 22 23 23 28 3 18 18 30 27 5 30 12 13 3 18 10 26 25 7 15 21 20 18 10
20 30 9 14 30 25 5 18 9 17 5 0 16 9 7 5 6 14 18 6 28 5 20 0 4 30 28 1 3 7 3 29 29 21 19 9 13 5 10 10 17 23 4 15
1 25 1 6 24 17 18 27 13 18 16 22 12 12 24 10 22 7 8 2 6 9 5 7 4 10 8 25 30 14 12 10 20 16 15 19 11 6 20 30 7 24 1 0
17 22 27 20 27 18 30 7 8 1 6 0 14 7 29 19 12 25 16 18 7 20 1 25 29 24 2 8 27 16 8 18 9 3 4 8 27 23 4 17 8 7 7 13
25 12 25 4 3 0 26 3 5 26 11 27 4 5 11 11 0 17 28 8 1 13 23 26 17 20 26 20 6 21 20 4 7 2 25 25 19 12 2 25 14 4 7 6
29 3 12 14 6 16 5 22 30 6 20 30 19 24 14 5 22 29 19 30 11 18 18 14 18 23 29 30 7 17 8 10 17 21 26 21 23 30 18 2 5 4 28 15
22 9 24 29 26 18 8 28 23 15 30 2 5 25 3 3 11 25 24 24 3 6 12 16 21 11 7 15 10 6 26 5 8 29 22 19 11 11 1 20 1 6 13 11
6 29 0 19 2 14 20 10 3 3 14 24 8 2 16 21 24 1 20 3 5 16 24 5 7 28 16 29 25 16 29 14 13 11 5 5 5 13 8 10 11 25 8 24
20 20 7 15 9 10 25 11 18 12 12 4 0 1 29 22 20 22 23 3 26 19 19 5 9 5 18 4 7 20 12 3 27 12 25 22 30 6 6 9 28 19 20 27
21 26 12 14 3 29 8 3 29 3 7 21 21 10 6 16 4 13 12 24 29 26 17 2 29 2 13 24 27 9 22 10 23 9 22 1 13 22 3 13 28 4 16 29
16 4 22 29 14 21 10 1 30 5 7 3 20 8 25 23 17 9 5 8 17 29 5 16 27 2 12 10 22 16 7 2 9 17 20 12 3 16 28 16 30 25 1 1
18 8 13 9 7 17 16 5 8 8 19 8 21 20 24 17 24 6 7 17 7 9 11 30 28 8 26 9 1 7 24 22 12 28 18 26 7 18 0 11 22 22 5 27
4 7 17 27 17 8 23 29 16 29 5 3 15 9 19 22 2 21 30 15 29 15 23 3 7 30 11 11 18 22 18 16 8 29 1 13 0 28 28 3 30 7 10 11
5 4 13 17 6 24 1 4 16 22 21 15 29 11 1 17 11 5 2 15 10 16 29 6 27 3 29 14 5 4 19 0 9 7 9 18 22 5 1 4 24 20 14 28
0 8 17 6 12 5 12 6 24 3 26 24 19 2 12 14 0 9 13 29 28 13 30 11 16 8 12 2 8 11 8 15 7 20 30 23 26 6 22 26 10 19 12 28
25 28 13 28 20 0 29 2 10 6 7 8 13 2 24 8 15 16 15 27 7 27 17 23 29 14 12 28 13 11 1 30 11 20 28 11 0 24 7 28 17 5 9 4
18 17 19 3 11 12 28 8 19 19 5 1 12 22 15 2 24 24 28 18 27 16 19 22 9 30 25 29 8 0 30 10 24 17 2 11 0 6 24 29 15 20 21 30
12 16 22 22 9 12 5 5 4 0 27 12 2 23 18 13 9 9 18 15 8 7 3 21 3 20 10 2 22 20 27 0 4 0 11 27 10 14 28 5 23 1 18 20
2 17 18 19 11 1 22 22 11 24 27 29 26 23 5 28 5 16 0 24 19 13 3 9 6 4 27 3 26 11 23 15 2 29 22 2 9 20 6 5 9 6 16 11
9 18 24 9 7 26 26 2 20 22 8 13 12 28 3 8 20 25 17 15 0 8 11 10 14 13 11 27 27 30 26 15 12 27 4 3 7 21 3 13 6 15 11 5
15 13 17 14 13 1 13 14 11 1 15 10 0 5 14 27 8 12 5 6 29 30 2 2 18 22 4 10 8 28 6 11 2 16 23 3 19 16 10 1 1 24 16 22
26 8 23 12 8 3 16 21 20 19 11 5 15 3 22 11 2 14 29 24 15 4 29 19 8 0 20 22 2 20 28 27 14 30 21 15 2 8 23 23 22 17 25 2
5 29 11 17 0 2 25 29 2 20 11 8 28 1 20 14 26 6 4 29 15 27 12 25 3 8 25 24 30 8 20 27 6 3 18 7 10 3 19 13 6 17 4 20
28 27 27 28 19 21 13 9 26 11 30 15 24 4 28 14 13 27 18 21 29 27 5 19 20 2 6 11 23 13 27 2 4 18 28 12 11 23 2 5 24 5 20 20
9 6 2 13 21 14 8 3 2 16 23 17 3 6 8 14 3 26 0 18 16 26 10 18 27 5 27 24 0 4 14 18 4 13 21 27 24 30 4 21 12 25 4 13
5 9 17 9 25 30 28 21 14 13 3 9 16 10 11 7 7 12 23 22 16 2 15 17 12 25 25 22 17 14 4 11 19 22 13 27 16 9 24 3 7 12 21 19
14 14 9 7 14 6 28 0 14 19 24 5 5 1 22 9 3 22 25 13 22 2 30 26 9 25 25 15 6 12 12 20 1 13 27 18 27 9 30 14 18 11 6 9
0 4 0 0 6 16 3 0 0 0 30 5 8 15 9 8 2 16 12 17 20 6 18 17 29 0 17 1 4 28 30 20 18 25 13 27 25 24 19 19 17 6 30 21
0 30 9 26 28 23 25 16 10 2 10 30 29 17 18 6 4 24 19 11 22 15 17 3 12 2 22 4 30 22 9 9 18 13 29 3 16 28 11 10 27 27 11 16
20 18 10 30 7 11 20 24 7 6 17 5 26 30 5 1 22 11 30 6 17 25 15 10 15 13 13 27 3 2 0 16 3 30 22 0 14 9 7 9 11 16 29 17
9 30 0 10 26 28 24 12 5 12 22 27 1 25 10 15 27 3 17 19 28 16 23 28 23 25 14 2 10 21 8 4 26 5 30 3 6 9 21 2 23 29 21 4
11 6 24 22 22 28 17 12 7 8 0 1 16 29 26 22 4 2 19 17 1 26 0 10 22 22 12 15 27 9 27 12 24 0 30 9 13 18 13 11 25 5 23 25
2 28 4 7 2 14 30 7 14 7 22 1 21 21 20 1 27 15 28 4 29 29 13 22 21 8 5 9 17 30 22 18 30 21 23 28 4 11 1 19 24 24 19 0
25 0 16 22 10 30 15 18 23 6 30 2 6 23 19 0 5 26 19 17 21 12 0 3 1 14 5 16 10 6 3 1 1 11 13 21 12 5 22 12 29 2 19 3
