45 45
23 22 13 14 22 16 21 7 25 24 8 8 25 27 16 26 7 19 26 16 15 9 8 0 19 18 22 12 7 16 22 25 14 22 28 10 5 19 5 0 0 30 27 30 25
21 4 18 17 16 12 25 28 3 5 3 21 25 17 7 29 5 19 25 24 21 23 28 6 2 17 3 13 30 22 15 18 7 14 23 20 9 28 11 4 28 10 4 13 29
2 25 24 20 2 15 7 4 11 28 8 20 24 2 26 20 28 0 12 25 1 29 27 23 3 4 8 23 8 10 27 4 6 3 28 29 26 30 17 30 6 19 27 14 11
3 19 24 6 20 2 12 2 24 21 3 27 9 10 0 3 26 30 3 28 6 13 23 27 5 22 18 20 29 27 7 23 15 3 4 17 29 2 5 18 1 11 27 3 19
8 21 4 15 23 21 8 3 15 13 9 13 17 28 1 17 29 15 17 25 13 22 6 16 14 13 30 6 7 7 3 11 3 25 13 24 7 30 0 10 23 26 5 6 11
23 18 11 3 12 11 14 6 2 20 22 12 26 25 22 6 4 22 17 4 25 11 1 9 16 18 0 18 6 10 13 25 10 1 8 20 17 28 11 24 27 5 25 30 16
0 14 22 30 29 7 19 21 9 4 0 0 18 21 24 13 3 14 2 21 23 17 7 18 15 25 21 14 4 14 27 24 5 26 10 10 0 5 12 19 13 13 20 0 13
28 2 21 11 16 17 4 14 13 1 23 3 4 25 9 3 11 2 11 24 6 22 8 24 21 8 27 7 11 4 20 16 19 17 10 25 30 1 17 25 25 28 10 17 21
9 11 9 29 26 19 22 5 14 23 8 1 19 6 22 17 5 30 2 18 10 24 16 21 3 9 28 14 20 20 15 5 22 14 2 20 18 12 30 16 3 30 8 5 22
20 0 22 17 27 24 5 18 23 14 20 30 2 26 16 25 27 4 8 16 14 17 7 17 28 2 2 14 11 16 15 25 13 13 29 22 13 14 26 30 5 15 15 24 26
7 23 30 15 24 21 0 28 13 13 2 3 7 1 15 26 12 9 28 28 12 6 18 14 6 6 8 13 20 10 9 24 24 28 26 1 16 17 3 2 10 30 1 0 3
28 7 13 10 27 10 24 15 11 28 30 17 22 24 15 26 23 15 5 28 20 24 12 30 1 15 25 12 10 21 7 17 23 19 30 11 2 23 25 26 3 8 23 20 19
5 21 15 6 30 14 23 24 19 30 20 3 18 11 12 10 30 11 12 13 30 30 30 18 1 2 9 12 11 13 18 30 10 3 5 21 5 26 19 27 12 25 10 5 4
28 0 20 27 1 5 24 1 22 25 9 20 22 1 22 25 21 23 8 14 2 22 28 12 23 30 23 24 29 27 24 28 4 15 9 11 13 11 9 10 11 6 17 1 4
18 1 1 30 22 25 0 7 26 13 15 4 11 8 15 17 17 8 4 1 22 5 0 8 8 16 26 27 2 26 1 17 2 26 1 6 6 11 25 28 30 10 4 11 1
14 3 24 3 5 1 27 14 13 22 0 23 26 11 28 18 26 16 24 30 21 22 29 23 15 7 1 28 29 4 12 15 23 20 13 5 20 12 10 27 10 14 15 28 15
0 13 5 17 29 1 21 24 29 15 13 20 28 29 1 12 3 14 4 11 2 10 19 6 19 22 15 2 26 16 7 8 11 2 1 18 18 25 23 10 10 20 0 19 1
10 28 6 2 9 6 16 1 7 16 29 10 12 30 29 16 19 6 5 23 18 8 12 24 7 21 3 3 11 3 11 19 18 3 9 8 13 16 14 29 29 15 30 26 16
21 9 15 29 29 20 21 28 8 5 18 10 5 1 19 29 3 15 19 2 16 15 14 14 2 27 2 4 6 13 17 10 18 8 5 2 10 25 17 0 2 13 11 30 1
9 1 26 17 26 26 23 14 11 8 23 27 14 10 26 12 16 6 8 22 29 0 29 28 18 14 19 26 24 25 17 0 7 20 27 7 19 23 11 23 10 20 16 5 19
1 27 29 27 7 22 25 14 17 30 28 28 26 3 12 21 18 26 6 15 1 18 30 8 28 8 5 18 6 2 10 0 18 28 2 26 4 8 13 29 24 19 23 3 30
14 4 6 1 3 29 30 26 11 17 22 11 20 26 17 7 25 12 28 28 8 21 12 6 22 18 0 14 18 23 4 12 30 6 7 0 28 8 27 8 9 2 8 12 1
12 10 6 13 15 14 9 4 30 3 2 30 28 6 22 28 12 21 0 2 4 4 2 5 1 13 19 7 15 13 29 4 16 27 5 19 26 5 23 3 25 16 29 5 21
24 20 28 6 0 30 22 20 23 1 11 13 5 5 13 16 12 17 1 19 18 10 29 24 10 11 17 0 22 15 19 12 0 2 7 5 30 4 2 7 4 22 15 28 19
4 25 4 13 29 22 30 28 21 18 27 0 25 24 15 16 15 13 19 3 27 16 22 26 4 2 20 25 22 18 30 16 3 9 6 2 3 18 23 20 29 12 7 5 12
1 17 25 9 2 0 0 18 29 18 7 7 3 21 27 7 20 9 26 11 23 22 25 6 27 14 4 12 11 2 16 24 21 15 8 14 3 4 28 19 22 22 11 13 5
20 15 24 17 8 16 16 0 13 8 0 9 9 15 25 2 19 1 17 29 30 20 0 23 12 10 16 25 13 0 16 28 21 19 21 17 22 4 23 30 3 4 6 19 14
19 6 5 14 1 15 16 15 16 5 21 22 23 12 21 7 22 29 21 6 2 0 19 10 24 7 1 10 23 21 14 19 24 29 13 27 30 10 9 9 6 12 28 28 0
6 19 13 30 29 2 27 4 12 1 20 19 29 1 6 19 1 16 20 10 14 5 20 21 16 26 5 0 18 29 24 19 21 20 29 14 0 28 1 21 12 16 19 10 22
22 13 10 1 12 26 15 0 13 7 11 13 9 12 19 13 29 15 3 28 0 30 25 17 15 29 25 20 6 16 6 18 12 27 10 17 13 30 14 20 18 23 18 27 27
8 10 11 19 9 16 3 24 23 22 20 14 21 20 10 22 22 29 27 10 25 16 2 28 8 9 16 13 12 19 4 28 14 3 14 5 4 16 27 15 6 16 12 24 24
12 1 5 18 19 20 25 13 3 21 11 1 9 27 4 24 11 4 24 27 13 5 0 0 10 17 29 23 29 8 23 12 21 19 21 22 17 9 21 12 24 8 13 4 16
4 17 14 2 14 27 10 3 14 22 14 11 17 28 27 0 13 21 3 22 25 29 20 11 19 18 3 14 12 22 28 27 17 4 3 20 3 28 25 4 22 3 16 3 18
13 12 1 28 13 27 21 18 5 20 11 9 3 13 15 23 19 3 19 7 18 26 19 18 29 2 8 8 1 18 12 1 21 6 17 22 1 2 9 1 8 16 19 24 6
0 14 26 8 1 20 15 19 0 20 7 3 18 8 12 28 26 5 2 23 7 30 12 19 9 12 20 2 11 12 23 22 22 7 29 19 13 27 15 1 23 8 24 1 7
17 29 14 5 27 26 10 21 1 23 1 17 29 3 8 2 0 10 16 29 0 11 15 27 23 25 0 8 5 28 5 2 0 14 16 26 23 23 29 7 28 20 5 17 13
26 0 26 16 4 18 18 12 6 16 0 20 8 18 21 10 23 4 9 16 28 3 2 1 12 10 30 7 28 0 19 16 4 24 19 14 2 16 12 24 11 14 22 25 1
1 29 24 28 15 16 16 8 16 30 30 9 30 4 9 1 0 12 19 18 19 13 18 5 30 11 7 21 10 16 17 24 27 4 0 14 15 8 5 0 2 26 22 21 8
27 21 12 8 28 17 6 7 5 7 9 16 14 29 0 30 15 16 8 26 28 13 15 23 26 18 24 3 18 13 11 0 4 12 29 19 2 10 7 17 15 7 25 12 25
22 5 27 3 16 1 14 5 3 7 2 16 6 6 29 15 7 21 18 11 1 7 20 23 16 5 9 9 11 19 28 28 20 12 23 14 10 9 4 3 4 27 25 22 17
21 9 12 7 20 28 22 27 5 28 3 4 26 17 1 0 21 15 10 29 19 17 3 4 20 14 21 6 15 12 5 10 29 24 25 18 14 28 27 6 6 9 14 26 22
27 29 0 6 30 24 3 24 20 5 1 27 3 7 16 25 26 26 12 8 20 2 22 5 24 13 15 3 4 28 13 11 1 14 26 0 21 27 9 28 8 22 7 4 0
19 3 10 11 8 0 15 20 0 29 10 20 26 26 5 19 7 30 0 0 26 15 13 14 7 25 9 5 20 7 1 6 0 2 9 5 25 16 19 3 17 5 0 20 18
28 23 6 7 10 24 17 13 4 7 16 23 23 10 30 13 8 23 14 26 3 0 28 20 24 10 30 23 1 1 3 14 25 29 24 4 18 20 17 25 5 13 26 21 0
12 28 30 5 16 1 13 9 21 15 30 16 19 25 19 15 24 23 12 3 0 3 17 10 4 16 23 2 30 9 11 24 27 12 11 17 4 23 21 27 6 1 16 18 2
