50 50
7 30 14 29 25 27 6 13 7 13 29 3 26 11 22 16 6 3 2 23 10 6 2 5 16 10 2 12 12 11 20 29 27 17 5 26 4 24 19 30 25 4 17 4 5 27 13 14 19 17
6 1 22 19 15 7 5 24 2 17 5 5 6 12 13 28 9 1 0 9 28 6 22 21 15 7 5 13 11 2 20 1 22 16 21 5 16 2 9 16 8 15 17 7 11 28 24 13 27 16
8 1 13 18 9 21 0 25 2 18 10 2 9 9 26 13 20 24 19 26 20 5 29 9 8 4 25 27 17 12 19 23 19 2 18 16 29 23 21 10 18 30 23 28 24 16 23 10 15 26
18 26 24 22 28 17 29 2 4 9 11 16 24 15 4 26 18 15 17 13 25 20 20 25 14 24 8 11 11 29 11 14 13 16 26 22 4 10 2 4 7 18 17 23 4 19 20 18 3 30
26 6 9 16 7 2 22 16 19 17 22 8 16 28 29 15 22 5 0 8 21 1 23 27 7 29 3 24 22 0 14 7 12 6 11 22 16 29 22 18 14 2 10 20 19 19 8 19 26 29
27 21 21 27 2 25 27 22 28 18 5 2 25 18 16 3 9 20 0 25 11 20 1 17 21 6 13 6 2 14 13 19 4 15 22 8 27 23 16 12 11 13 25 17 25 1 28 20 23 23
29 22 14 11 27 2 14 18 22 27 9 28 19 25 12 9 4 14 3 5 20 1 6 26 18 16 30 12 30 29 7 13 13 7 17 9 22 18 19 3 17 5 20 10 27 13 1 24 12 28
2 18 30 25 30 24 25 16 1 23 29 18 2 19 27 21 23 3 15 12 25 3 14 2 22 5 30 5 27 11 21 14 29 23 1 11 12 15 21 27 19 26 19 3 15 22 12 15 3 13
2 28 8 10 7 1 21 0 26 8 22 3 22 13 1 9 6 20 19 5 23 16 24 18 30 22 28 23 26 4 7 26 27 0 14 30 30 18 26 17 28 11 0 23 10 1 15 19 6 25
25 18 29 1 17 9 0 30 11 21 13 28 4 18 25 8 19 14 21 9 12 18 21 5 17 12 4 16 25 13 12 7 12 29 23 0 28 5 15 5 0 30 28 21 28 7 28 19 29 6
29 6 27 26 14 12 1 23 23 10 11 26 30 29 29 12 26 7 7 24 20 20 15 20 15 20 17 1 27 26 0 22 12 9 17 8 27 14 26 25 2 27 7 23 24 0 17 25 3 24
30 27 23 23 13 16 12 10 5 20 2 22 30 23 9 7 9 13 17 23 24 1 22 29 2 6 1 24 7 9 1 20 4 8 21 24 28 21 25 12 6 16 27 5 4 16 18 27 26 16
21 30 21 16 6 21 29 15 29 17 11 14 11 23 9 1 23 6 2 1 29 16 17 25 13 1 25 7 26 14 25 23 22 14 19 23 20 10 6 4 22 24 18 23 17 1 4 17 18 10
11 15 20 16 26 22 30 26 27 11 18 18 3 23 17 26 13 8 22 2 1 26 0 11 8 30 15 2 14 8 5 5 19 26 8 12 27 1 6 19 7 23 23 0 4 4 30 8 1 25
1 13 8 21 24 8 20 27 30 17 29 18 6 13 30 16 12 17 17 22 25 27 24 3 0 17 30 10 2 5 28 11 16 27 5 21 2 29 26 4 23 6 20 0 23 8 25 22 22 5
8 3 25 9 4 23 6 27 29 23 25 25 24 5 16 6 19 5 27 25 27 14 24 16 9 27 1 25 23 10 11 20 21 4 20 3 3 29 14 13 24 29 28 28 18 17 23 20 18 12
20 26 12 0 16 28 6 8 15 4 0 30 8 27 0 13 17 9 1 3 30 18 12 24 10 12 22 27 27 30 8 26 3 27 6 24 9 2 6 2 10 9 26 30 28 13 8 30 30 10
1 20 2 8 17 25 23 27 21 9 21 8 10 0 4 13 27 19 10 25 13 25 21 14 15 17 30 12 10 21 15 0 25 13 27 3 28 23 29 26 9 25 30 23 11 17 15 25 9 0
17 19 19 12 1 6 7 5 23 22 13 25 23 7 25 20 24 26 20 0 10 12 17 9 28 30 10 10 8 7 16 30 15 14 13 18 16 15 22 23 21 11 25 15 20 13 6 25 11 5
10 0 12 28 16 5 11 12 16 20 28 20 11 27 23 27 30 16 23 19 3 12 13 23 14 7 3 9 19 7 18 7 28 14 26 9 9 10 7 25 11 21 21 27 15 16 9 19 16 29
27 23 5 18 7 26 7 8 10 21 21 0 11 16 28 27 10 27 27 7 1 25 14 29 5 7 5 20 29 20 8 5 2 23 5 4 4 24 17 14 6 26 23 18 12 6 14 11 7 4
13 0 21 28 21 16 30 22 22 23 21 21 18 18 30 24 14 29 26 27 23 22 2 18 21 14 1 7 23 0 28 30 8 26 0 19 21 2 2 16 12 1 13 10 23 10 18 0 4 9
20 14 19 27 15 25 19 25 0 25 26 16 26 25 3 25 1 24 6 2 26 10 8 25 27 25 5 11 22 25 14 8 14 26 10 19 15 18 14 22 11 1 26 11 0 20 27 27 8 30
27 9 5 0 14 29 8 14 25 0 8 10 2 5 1 7 13 29 3 3 1 3 24 1 3 13 18 24 20 19 2 24 4 30 13 18 20 30 17 26 15 16 16 22 3 14 27 16 25 25
2 22 17 17 25 24 11 9 20 12 19 8 8 29 5 9 0 25 17 29 14 3 21 11 5 24 17 13 13 13 22 17 0 23 26 6 30 9 29 11 8 27 9 12 1 26 21 8 14 9
2 18 4 19 27 4 2 20 5 7 26 15 24 11 0 12 20 21 28 11 5 17 29 20 1 4 14 7 4 26 10 5 4 13 9 12 15 24 20 12 18 0 10 11 21 8 11 27 13 12
4 20 10 20 1 28 25 28 10 11 1 11 7 9 2 24 26 21 29 21 15 14 21 20 29 15 24 6 3 16 27 7 16 28 12 3 12 29 26 14 9 8 12 0 5 29 4 5 22 9
3 20 0 11 21 0 4 24 28 30 5 26 8 0 20 4 9 11 9 24 27 3 18 30 14 11 3 17 3 3 28 27 28 14 14 25 8 4 11 28 10 23 22 8 20 8 2 27 17 2
13 6 22 15 2 3 25 29 6 10 29 17 14 3 30 19 20 28 27 9 4 20 4 26 3 21 23 27 16 14 27 24 3 23 16 24 26 2 25 26 28 19 8 2 9 17 3 23 16 30
10 4 28 18 27 2 10 19 18 3 10 28 27 30 10 1 2 21 8 14 28 29 24 14 11 6 2 19 16 27 30 17 10 3 24 9 10 20 25 0 4 19 7 2 5 18 16 2 25 5
9 19 29 22 15 16 24 18 1 0 20 10 25 7 21 4 0 6 19 0 0 20 18 22 3 7 3 24 25 11 2 24 2 19 21 6 4 6 2 7 5 3 21 6 17 23 29 12 7 10
9 17 9 14 0 15 10 18 9 28 9 14 25 1 28 21 27 21 26 3 20 6 5 10 23 7 10 27 30 19 13 25 26 20 17 1 5 22 14 10 23 27 1 4 27 2 12 13 11 18
18 15 14 12 22 9 20 26 7 20 8 19 7 22 28 8 24 21 19 19 24 4 29 8 24 25 16 8 17 14 2 18 13 26 15 14 19 7 9 28 2 19 7 26 25 0 8 3 15 15
1 19 7 29 16 28 29 10 10 18 21 28 9 1 24 16 17 27 3 26 4 27 17 8 3 27 10 0 16 14 5 10 0 23 27 28 8 4 9 0 13 17 6 30 6 16 24 19 13 17
27 3 3 5 10 3 24 10 15 11 5 4 11 12 1 13 28 29 0 6 7 21 25 9 22 27 26 18 11 27 13 21 11 2 12 13 15 26 11 24 2 7 8 23 2 0 2 14 27 26
16 26 0 26 22 20 0 17 2 17 26 14 30 7 23 28 29 20 16 11 17 10 12 17 26 8 19 19 10 13 18 15 26 8 18 15 14 14 4 1 27 27 28 18 16 15 5 19 27 24
7 4 26 1 22 10 4 1 24 28 7 30 13 5 23 15 27 7 2 11 15 14 19 25 4 15 19 20 29 8 21 8 15 25 8 3 30 7 27 2 23 22 13 21 4 11 25 4 7 8
0 13 1 24 7 25 25 23 12 11 26 30 18 22 11 26 30 24 7 18 8 24 13 9 27 24 15 24 20 4 26 16 8 6 28 18 7 9 26 15 24 5 3 11 3 26 29 2 18 3
4 30 4 14 5 20 9 30 8 2 20 22 25 22 26 0 13 20 11 13 16 20 12 19 17 17 21 17 13 7 30 29 6 20 27 9 22 15 4 12 24 1 30 10 8 17 18 29 22 1
17 30 16 28 6 7 2 20 2 24 2 19 2 19 21 13 20 23 28 21 14 14 23 11 3 4 23 7 28 0 23 21 23 8 6 15 11 15 17 21 10 28 30 11 14 3 23 3 3 13
26 30 3 0 5 17 24 24 10 0 8 19 2 14 17 8 13 18 25 26 27 12 26 21 21 15 27 9 7 8 17 0 3 7 15 16 23 23 9 6 18 14 21 19 6 22 8 10 21 3
5 23 20 18 28 13 9 9 29 25 18 8 13 14 16 25 6 5 16 28 0 5 25 18 1 14 7 21 21 12 19 7 6 18 11 17 21 30 16 15 28 7 1 18 19 7 14 28 14 20
7 14 1 27 12 10 3 20 17 18 7 18 8 11 14 7 16 12 6 6 0 1 19 5 4 2 13 17 12 30 18 25 12 18 29 27 4 12 24 19 19 11 2 20 5 1 19 24 5 14
12 10 24 0 7 12 17 25 21 22 13 12 20 3 12 6 2 14 22 24 10 8 9 20 8 19 22 12 3 26 8 2 19 16 19 4 27 23 28 17 3 27 10 13 24 3 9 25 18 1
9 10 8 13 24 4 21 26 22 3 2 4 18 13 20 14 5 6 27 21 10 4 22 25 5 13 12 5 21 10 20 30 4 9 17 5 29 22 7 28 30 23 0 17 1 27 15 26 27 9
24 20 25 4 11 20 19 19 3 4 3 22 16 3 25 14 19 22 29 23 17 2 29 14 12 19 9 1 18 19 29 26 3 1 2 17 13 13 3 16 7 2 28 30 27 4 7 12 30 17
11 27 27 16 24 21 24 9 9 10 28 21 20 30 1 17 28 5 22 20 25 9 26 5 2 1 10 11 21 9 27 18 27 5 3 13 27 10 30 5 6 26 2 1 5 17 26 17 7 17
7 11 28 16 22 0 6 11 26 30 7 13 5 2 5 3 28 20 6 18 12 9 4 4 1 4 15 30 14 24 1 12 2 13 11 0 7 20 24 4 17 17 11 17 25 21 28 28 19 26
13 0 8 28 17 25 18 26 3 7 17 8 28 10 29 7 13 19 29 4 20 15 13 24 22 16 13 3 9 27 27 10 29 6 22 6 20 26 13 30 18 24 29 22 11 4 1 2 4 24
27 20 4 5 27 26 14 30 30 8 9 4 8 9 21 27 29 28 2 14 2 12 18 4 5 27 29 27 23 25 24 10 23 13 12 18 28 12 26 1 18 2 4 27 17 27 6 23 8 4
