53 53
25 1 5 8 17 11 28 1 15 10 21 24 22 10 13 19 26 0 28 4 8 14 23 22 19 19 23 25 4 26 6 7 18 9 14 19 17 20 23 4 0 19 9 8 24 30 6 28 12 28 13 7 17
25 2 4 27 7 21 0 11 16 2 28 5 28 0 9 25 12 13 7 23 26 25 22 22 15 25 23 9 27 22 14 25 9 25 5 3 29 1 17 15 11 29 4 27 12 25 23 18 20 24 7 26 21
5 29 23 19 3 0 21 5 9 19 22 3 20 18 26 23 29 28 10 18 8 1 18 21 28 25 2 8 22 21 22 25 16 15 17 21 5 20 5 20 11 28 7 25 25 23 8 3 0 24 20 4 21
16 2 18 25 11 19 17 6 23 25 0 16 18 11 17 8 15 2 4 30 0 29 22 5 4 0 9 1 10 16 29 12 6 1 4 2 29 4 18 10 23 19 0 20 8 26 2 8 22 21 0 29 18
18 15 15 17 3 13 29 9 6 14 20 19 7 4 18 6 19 11 10 23 17 7 17 24 9 30 19 19 11 24 3 27 8 11 7 11 4 27 9 0 12 2 13 26 13 19 14 5 8 30 11 5 22
10 28 1 12 21 16 19 30 28 26 16 5 12 10 10 2 22 22 29 24 29 9 5 15 18 24 1 12 7 29 11 1 22 1 18 29 1 16 1 9 8 17 9 1 0 16 21 3 27 3 26 17 21
18 15 12 13 17 22 20 14 24 6 27 18 25 13 22 30 13 29 0 3 23 29 21 27 12 11 13 8 3 27 15 27 11 2 7 21 29 22 13 17 23 22 23 28 22 27 13 5 7 4 13 7 19
11 5 8 27 9 29 12 6 9 26 19 21 14 16 21 29 1 7 30 0 13 10 27 5 10 18 30 28 27 18 7 18 2 27 20 2 10 20 15 14 9 8 14 6 16 8 3 23 30 6 13 15 4
27 1 20 10 19 26 26 28 4 4 20 23 1 27 26 3 2 2 8 1 30 19 30 24 25 5 2 28 8 3 13 19 12 16 28 2 23 15 6 27 15 9 11 15 8 9 2 28 30 9 18 23 26
1 9 8 24 5 4 2 14 11 10 19 22 20 4 28 16 22 17 3 0 2 11 26 16 19 2 20 30 27 11 15 13 8 20 29 6 0 1 8 16 14 24 23 28 14 9 23 29 15 28 14 0 4
8 0 27 14 13 28 18 26 22 16 27 26 4 23 3 13 15 27 21 30 6 0 10 15 1 11 21 2 27 10 28 26 2 4 6 8 25 18 29 17 14 6 18 6 8 26 14 5 20 3 28 12 23
8 5 22 20 16 18 9 17 15 1 13 22 3 25 18 24 12 23 30 23 8 14 6 12 9 13 11 9 2 21 6 12 18 2 7 2 9 22 6 14 23 14 15 2 18 10 6 17 5 25 5 29 4
2 8 27 18 27 27 16 20 7 23 12 25 26 22 19 19 20 17 13 24 30 3 3 25 29 30 27 3 19 28 12 19 23 16 13 4 27 20 14 29 4 26 21 5 25 22 29 12 19 1 13 6 2
26 10 22 3 25 13 14 29 6 4 7 7 1 30 17 10 17 28 12 8 12 23 7 17 19 29 5 26 10 11 0 17 7 17 12 14 14 17 25 9 15 12 14 14 9 26 4 20 11 16 24 15 17
16 19 17 0 28 11 23 25 4 2 17 25 28 24 3 1 27 3 18 14 27 6 3 17 29 17 19 27 23 7 6 20 3 8 26 2 21 13 24 27 19 4 26 20 3 7 13 21 0 1 27 25 18
15 22 28 25 10 20 12 27 26 11 6 22 11 19 3 14 1 19 6 11 5 13 11 16 26 12 22 13 23 8 25 27 8 22 12 5 17 21 10 0 24 14 0 20 30 19 22 28 6 20 3 16 21
16 8 24 10 21 17 2 22 23 23 29 9 14 4 11 18 25 6 20 10 8 28 18 7 20 14 12 9 7 6 9 29 2 4 3 16 2 24 24 3 12 2 4 13 21 15 25 14 13 0 4 16 4
26 14 21 17 21 8 4 0 29 27 10 23 11 17 5 11 27 27 10 2 23 20 20 16 26 26 26 24 6 19 16 11 16 7 26 25 21 15 21 14 19 2 22 27 17 6 28 0 1 12 6 22 15
16 24 29 9 19 6 2 12 3 13 1 14 4 15 3 10 18 17 17 2 27 9 3 6 18 28 30 10 12 0 3 16 18 8 27 4 14 7 20 17 0 24 13 29 28 23 2 11 7 25 14 4 13
4 24 14 21 16 7 11 13 27 16 15 16 20 27 6 1 10 23 24 20 0 22 19 10 12 0 0 26 11 28 22 22 0 19 23 9 19 29 6 15 16 12 9 15 7 13 11 17 24 26 11 24 24
15 24 6 0 26 19 19 19 14 27 22 17 12 18 25 18 12 17 19 30 15 10 28 22 2 15 1 7 9 11 20 5 22 1 10 29 14 12 22 19 9 3 3 29 25 17 24 6 18 18 5 4 1
27 23 13 16 13 27 18 8 8 15 11 19 8 29 18 1 5 25 26 13 12 19 9 24 10 14 2 8 0 30 18 11 16 2 12 0 28 20 18 5 12 19 29 23 4 23 21 22 21 26 11 8 20
1 11 5 12 9 6 17 3 22 9 30 7 22 14 24 18 28 4 0 19 26 11 2 30 5 12 13 17 23 0 16 0 19 7 29 29 1 17 24 17 14 15 11 8 14 8 18 13 13 3 24 24 20
30 28 2 22 1 28 26 1 20 8 15 24 12 27 10 4 18 0 14 2 6 30 12 0 28 8 11 20 10 17 5 28 27 24 28 7 18 15 24 1 28 22 27 0 8 13 17 2 1 20 12 23 28
24 8 6 20 24 12 13 22 0 1 28 9 8 18 21 23 22 8 22 2 25 25 26 28 9 22 2 24 30 30 7 5 7 15 18 18 17 22 20 14 23 23 17 3 21 16 17 7 13 16 25 27 19
18 15 25 19 18 0 11 24 13 21 9 26 20 17 4 18 19 19 26 8 21 16 14 2 24 8 6 22 0 29 2 1 22 6 11 24 27 1 12 23 22 22 21 22 5 8 29 14 0 8 25 6 3
2 28 14 5 10 25 21 10 29 9 1 9 23 16 8 0 5 21 30 2 9 9 12 8 4 24 10 16 10 9 28 20 14 13 27 11 6 20 22 10 17 18 3 20 0 25 28 26 6 18 21 22 10
7 11 5 0 4 7 11 9 8 12 7 10 17 4 30 12 16 29 29 22 0 5 14 19 22 19 29 18 21 28 3 12 11 19 24 9 28 5 4 7 17 26 27 5 25 25 0 5 1 10 6 30 24
9 9 10 11 10 16 20 19 16 18 12 12 16 11 13 13 30 29 22 11 16 24 22 5 1 19 24 5 8 5 2 2 14 24 22 25 20 23 3 4 11 12 28 20 0 3 25 10 22 7 9 27 9
19 30 26 28 19 29 11 17 15 11 26 28 4 27 29 7 6 5 27 8 16 20 22 13 29 18 5 24 3 13 13 20 9 22 3 2 12 29 20 28 3 4 26 26 5 20 23 15 22 5 23 2 13
2 16 0 7 15 23 13 14 9 1 30 11 4 19 2 17 30 12 17 8 27 16 8 14 10 29 26 22 2 27 8 13 13 19 16 14 22 30 19 23 13 1 16 5 6 30 3 25 29 20 18 23 21
21 5 10 18 4 12 8 27 13 21 21 14 14 19 28 17 4 16 6 0 21 9 25 13 26 16 21 11 27 2 3 7 12 25 13 17 15 0 25 0 14 30 17 26 28 14 9 17 7 29 18 2 20
6 18 27 20 16 0 24 20 5 29 7 2 10 17 18 4 16 26 19 18 13 4 14 2 8 2 22 20 16 8 30 27 13 17 8 7 12 6 12 7 12 26 3 10 3 6 17 26 0 21 4 7 3
26 14 19 19 15 28 25 1 1 21 9 20 16 24 29 21 3 27 28 19 11 1 30 9 13 20 19 30 26 25 8 27 23 4 18 21 30 6 15 4 14 20 23 11 30 19 8 22 25 29 28 4 5
29 26 12 7 8 24 29 10 5 11 29 7 19 7 27 8 18 22 14 17 9 10 2 26 17 11 17 16 8 3 12 20 4 19 26 24 13 3 30 27 22 23 27 11 12 12 19 18 2 6 17 15 10
3 25 18 9 26 26 18 24 24 7 2 29 27 20 0 19 9 9 26 17 6 9 3 20 17 16 7 27 9 23 20 6 19 5 23 30 13 28 16 15 10 9 23 8 8 1 10 6 4 10 15 12 26
2 23 9 0 18 3 1 5 10 22 19 14 2 14 27 13 0 20 27 0 21 23 18 2 13 21 21 4 22 3 9 21 13 22 14 29 1 14 16 1 1 24 24 25 17 26 4 27 7 2 21 19 26
0 30 12 17 17 10 30 17 8 9 11 6 17 5 25 5 11 2 17 27 8 1 28 10 2 4 2 6 21 23 16 29 17 15 6 14 0 21 10 15 13 7 24 9 24 8 12 30 6 1 5 27 11
13 25 12 30 17 3 1 24 2 3 14 12 26 25 2 6 2 9 3 2 17 27 5 23 0 4 30 5 26 6 1 30 16 27 19 26 15 24 1 13 6 7 29 10 0 26 19 26 30 5 15 16 21
17 24 24 4 28 11 10 5 4 11 24 8 13 6 20 13 18 19 1 20 25 11 13 3 4 23 1 30 10 0 12 14 10 17 2 5 15 2 7 9 3 4 21 2 8 1 7 8 21 11 1 28 25
3 20 0 9 23 10 19 18 9 22 5 19 23 21 24 21 1 25 7 22 7 30 23 26 15 6 27 16 26 14 28 2 20 16 11 26 6 0 6 0 22 20 26 21 14 10 28 26 30 14 6 3 27
15 29 4 2 0 18 27 7 11 8 12 2 4 19 2 21 12 7 6 22 19 26 7 26 27 5 10 21 2 30 15 30 24 27 7 26 1 28 9 0 21 22 18 16 13 17 21 3 0 5 27 18 21
4 26 5 17 29 28 16 19 2 6 13 30 30 17 18 25 23 9 10 6 28 2 10 28 5 6 1 23 18 0 29 29 20 11 8 14 22 6 19 3 8 22 25 30 26 30 23 13 7 2 26 22 25
22 27 27 8 28 19 15 21 9 16 1 14 15 4 23 16 4 9 18 30 4 15 11 18 4 10 30 5 20 2 2 1 24 24 19 29 25 27 8 23 11 22 27 8 16 5 11 6 8 10 7 25 9
19 3 21 5 20 3 19 8 10 8 20 1 29 23 11 1 25 1 28 10 8 30 25 21 27 8 21 22 2 15 25 22 22 11 4 21 4 7 0 9 17 30 13 16 10 7 13 13 10 10 7 29 16
0 23 10 29 12 3 30 0 9 3 17 15 24 10 19 9 26 19 7 25 0 23 20 15 11 30 15 8 19 15 21 24 21 23 8 1 13 15 27 13 1 4 30 3 16 21 19 29 22 27 1 0 11
5 16 27 1 24 8 23 12 23 22 18 19 14 22 19 26 29 5 16 28 24 18 18 3 29 7 27 18 26 4 5 8 27 30 8 21 30 28 0 13 25 30 22 12 11 11 22 26 6 22 13 1 16
0 24 8 17 8 19 18 17 7 0 27 6 3 25 26 1 23 17 11 18 1 13 19 12 22 25 25 27 2 16 21 9 22 0 4 24 23 26 12 27 7 21 5 24 16 15 13 6 13 22 24 14 12
11 14 5 21 11 7 17 2 29 7 5 4 24 26 24 4 5 7 6 29 9 24 11 13 19 16 12 24 11 6 14 17 5 16 8 25 6 5 27 24 17 22 16 28 11 7 12 18 4 21 1 24 0
25 0 7 7 18 2 27 25 28 13 17 22 20 11 5 0 2 19 26 6 27 21 0 27 20 29 14 24 13 1 9 27 17 25 9 22 13 3 22 18 9 11 22 19 7 0 12 7 26 16 3 15 2
20 16 4 24 29 13 18 7 0 25 16 14 2 16 19 0 0 3 9 1 19 18 28 12 21 0 28 17 25 30 10 6 15 12 24 2 17 19 13 26 29 22 12 5 18 7 29 27 25 6 12 19 15
0 2 22 20 4 27 2 14 21 18 4 27 6 0 26 7 13 20 23 5 19 3 21 27 2 26 5 5 15 26 10 3 20 6 10 22 10 11 2 29 6 7 17 2 24 30 16 19 20 30 11 3 23
19 21 12 27 2 7 24 6 30 13 19 19 0 28 25 26 14 17 20 26 2 0 16 16 0 2 24 2 0 21 26 3 27 29 22 9 14 24 15 0 25 9 1 6 4 13 0 24 29 10 21 15 0
