55 55
3 22 10 5 9 3 21 18 29 21 10 22 16 21 15 11 9 0 4 6 20 19 17 9 21 25 14 18 7 19 30 15 7 13 13 11 26 7 9 22 12 21 18 2 5 9 9 19 19 19 10 1 29 8 11
19 0 14 20 15 9 2 9 29 11 1 3 1 13 23 22 21 13 2 11 17 21 14 22 12 0 4 15 14 5 29 21 27 5 8 26 6 24 27 15 18 20 16 26 26 3 8 15 20 8 22 18 1 11 4
11 30 0 2 9 8 29 11 19 12 26 20 10 19 20 10 3 11 30 4 17 30 18 8 5 21 19 30 19 27 3 23 27 3 27 9 26 10 28 23 30 0 11 7 28 20 30 27 6 8 10 16 21 25 23
2 11 1 29 3 4 4 3 5 3 0 4 6 14 29 17 1 9 3 22 0 6 6 3 7 29 4 12 12 16 9 13 15 23 17 25 21 11 29 4 20 29 15 20 16 9 11 30 2 2 1 15 25 24 6
14 28 1 2 2 3 20 17 27 20 15 30 12 2 1 9 3 29 20 30 9 15 21 8 29 29 27 1 17 10 6 24 9 18 22 3 18 6 2 22 2 28 15 10 14 1 24 12 22 5 14 9 21 17 21
16 19 17 0 29 21 13 5 8 6 12 10 30 21 15 14 22 23 21 1 9 11 24 8 9 24 13 5 18 17 17 29 0 23 1 13 26 13 18 2 28 6 17 3 11 19 27 21 4 6 22 26 11 18 23
3 14 22 2 26 1 8 13 15 8 21 27 21 27 21 2 6 16 17 3 8 16 17 10 28 28 7 9 15 8 15 5 29 11 24 18 25 29 3 28 12 17 0 28 24 20 13 25 8 9 0 19 23 11 26
30 13 7 14 11 11 17 11 0 6 30 7 18 16 3 23 5 3 13 17 17 30 24 7 14 0 17 26 2 28 10 12 5 23 12 17 11 20 24 20 25 0 5 5 14 24 15 0 23 27 25 24 3 4 29
7 9 2 23 27 28 23 22 4 3 15 20 0 12 21 0 27 10 29 17 6 26 24 22 18 24 10 29 21 12 13 6 23 0 11 20 28 30 11 23 20 11 18 30 3 15 21 14 25 7 13 7 25 20 28
21 5 17 3 24 19 28 7 22 4 27 3 23 10 22 16 0 5 10 25 21 20 24 29 23 28 26 3 24 6 20 17 17 10 2 17 16 4 1 27 13 16 28 14 25 22 7 13 10 4 23 2 23 15 3
7 2 26 24 28 26 6 21 14 1 26 5 24 0 30 7 30 29 6 17 13 19 4 1 15 5 1 30 25 9 9 15 20 29 24 19 6 1 6 16 7 11 3 8 7 9 21 3 7 2 27 8 12 14 10
28 14 0 11 1 22 17 25 26 24 26 15 25 28 15 7 25 22 11 21 9 8 23 19 12 0 15 27 25 0 11 0 28 19 18 12 28 27 13 11 22 15 16 7 10 6 28 13 12 29 17 4 28 15 4
7 1 3 15 1 29 22 9 7 29 25 28 15 15 19 23 8 0 4 19 4 16 20 20 18 24 26 11 22 14 9 19 21 25 25 20 10 19 17 28 12 30 21 0 14 24 8 25 24 15 2 27 17 9 27
20 2 0 13 17 26 16 12 10 19 23 15 3 19 11 5 4 12 13 5 7 5 2 3 28 13 14 20 24 1 1 8 5 15 17 9 2 24 5 22 21 15 5 27 6 13 2 20 23 10 21 4 1 8 6
5 26 15 18 2 14 25 11 12 25 7 26 29 2 20 11 10 14 6 1 1 27 10 3 30 15 21 20 24 18 0 7 11 1 22 21 9 29 3 17 16 14 28 12 6 4 13 14 6 27 25 3 7 23 25
27 14 14 4 21 21 14 13 11 2 12 2 29 2 22 17 0 7 18 26 16 8 11 3 23 4 18 12 12 16 27 26 10 20 16 6 22 17 12 27 17 25 15 25 3 14 2 23 28 8 20 26 6 15 2
17 0 13 23 24 5 16 19 10 12 8 30 11 19 25 12 16 9 6 28 9 22 5 25 11 21 7 22 8 2 1 20 10 28 12 18 20 4 9 8 11 27 2 18 23 21 5 4 23 21 0 0 9 14 29
22 28 29 16 12 7 14 27 11 23 13 29 5 9 6 16 3 29 20 7 15 18 4 0 25 1 29 11 26 24 3 12 29 13 7 15 25 26 30 11 16 19 8 12 20 13 29 29 14 23 0 9 7 13 5
16 4 21 4 27 1 8 6 30 2 11 1 17 6 10 16 17 13 11 0 5 17 12 26 6 2 3 21 2 24 13 4 3 14 16 24 21 22 10 15 15 4 14 17 5 8 2 13 24 5 15 29 7 23 11
21 28 13 1 23 4 17 21 8 9 20 29 12 22 14 3 1 14 30 3 20 14 7 18 4 25 22 26 26 0 23 7 25 11 29 20 4 9 11 26 26 12 18 14 17 4 25 18 16 20 3 0 18 3 22
16 25 7 30 20 17 24 1 23 3 21 2 0 19 5 14 18 11 23 11 10 11 28 27 15 18 18 18 11 9 0 6 26 27 27 12 22 29 0 22 26 18 16 17 6 23 16 24 23 22 20 16 10 13 6
15 7 19 10 11 22 16 26 23 11 15 18 4 16 9 13 0 13 28 3 22 21 8 9 10 8 3 0 23 3 27 1 22 11 2 24 1 1 28 0 26 24 29 10 19 22 19 7 17 23 23 3 23 22 3
30 28 18 15 25 21 26 30 15 27 26 6 26 22 3 4 29 27 3 5 25 8 10 22 0 2 10 9 10 13 21 28 28 27 28 6 19 7 22 24 13 3 14 16 22 21 10 23 0 20 30 22 13 16 8
25 5 11 13 4 23 9 5 25 8 1 29 6 18 19 16 16 20 13 6 4 20 14 11 13 3 28 1 2 15 23 20 1 5 2 27 6 6 22 25 6 19 15 13 2 15 6 17 3 3 7 7 18 4 8
14 8 24 4 7 7 16 9 4 12 2 20 25 3 1 6 11 11 6 4 12 24 2 4 30 10 27 1 1 1 26 20 5 18 21 18 9 4 6 2 16 0 18 2 21 22 13 23 25 6 4 11 29 23 28
27 21 19 13 3 20 2 9 2 27 6 26 14 4 2 24 16 3 1 20 25 27 30 3 21 12 23 4 28 19 14 14 16 10 7 23 18 23 14 11 5 18 2 11 7 18 18 15 1 7 9 30 6 7 11
30 24 16 24 13 23 23 23 20 22 11 29 30 0 12 8 9 13 24 20 4 9 10 19 5 6 18 14 29 29 10 15 10 27 6 13 1 10 28 5 8 4 27 26 13 9 9 9 6 12 28 14 24 8 17
8 12 22 30 0 3 4 23 1 13 3 18 26 12 8 3 16 26 7 17 23 14 2 15 16 14 10 8 18 14 15 27 9 11 1 16 16 15 17 25 3 2 17 3 23 28 2 24 9 10 1 12 8 25 8
0 14 7 25 27 24 28 12 2 19 11 30 1 4 30 2 9 9 29 19 5 25 18 21 23 24 19 14 19 8 0 26 2 12 25 29 15 26 19 12 18 18 19 26 30 0 6 3 12 11 29 15 0 28 25
28 18 30 13 5 4 22 29 4 26 24 13 24 1 23 14 21 2 17 28 18 3 28 4 13 8 2 15 2 28 12 8 0 29 17 22 26 28 8 28 26 5 2 19 5 20 0 6 29 0 14 10 6 16 28
23 18 21 19 12 3 9 7 12 2 26 15 4 7 22 3 2 27 25 21 19 28 1 8 27 17 18 22 2 29 12 0 15 16 6 6 25 3 28 26 18 16 23 11 24 16 29 7 15 13 18 16 29 8 22
16 14 15 12 7 22 26 22 21 28 30 16 7 7 29 7 13 27 12 0 14 3 22 26 1 7 18 22 27 23 10 13 12 7 10 0 5 19 30 12 5 3 10 8 26 25 5 2 25 6 9 20 8 10 16
29 27 29 1 7 30 21 16 18 17 26 17 17 10 27 18 25 11 12 24 23 2 10 20 2 30 23 25 5 16 15 3 23 12 17 21 18 3 23 0 13 8 16 29 22 18 17 1 4 28 2 2 4 26 19
30 11 16 27 19 5 2 28 10 19 4 14 1 0 25 12 8 10 17 5 28 17 7 6 17 3 11 15 25 5 6 23 14 18 30 25 24 5 3 18 23 9 2 6 27 22 22 29 29 9 22 24 9 20 7
2 16 9 17 1 9 7 23 30 23 5 16 3 6 22 5 22 26 10 19 11 19 22 3 23 3 14 8 27 18 0 18 14 17 16 20 22 24 17 29 24 28 17 23 22 21 16 19 24 22 29 27 28 29 25
25 15 13 10 13 26 30 2 9 16 20 12 29 17 16 22 3 8 20 27 29 11 16 2 26 28 22 24 6 8 26 27 7 26 7 28 17 9 28 13 23 2 26 24 20 26 22 13 21 16 16 7 13 28 22
2 0 10 9 23 29 4 19 29 11 1 30 17 18 19 14 7 23 21 1 8 0 4 14 3 14 27 30 0 4 10 15 24 7 13 11 11 23 25 0 10 0 28 15 17 1 10 28 11 6 15 6 8 8 6
17 7 1 14 17 13 8 8 19 26 12 16 26 15 21 11 14 15 18 26 25 27 1 29 9 1 5 6 14 21 22 21 26 27 15 30 24 1 28 25 15 25 6 17 30 5 19 20 6 8 5 2 30 21 15
9 6 28 1 30 4 1 9 0 6 18 11 20 2 17 12 26 8 26 2 27 7 15 2 23 18 25 21 14 14 26 4 20 29 25 1 4 27 9 23 26 25 4 0 0 24 11 21 8 2 20 12 11 24 16
29 6 11 18 6 5 4 20 19 11 4 24 19 10 18 1 12 17 1 13 23 27 17 17 9 11 28 8 13 21 16 10 18 17 22 9 25 0 11 22 24 4 21 9 23 3 8 29 25 28 18 29 21 12 17
13 0 27 8 3 4 6 12 4 6 2 10 0 13 15 26 11 25 18 10 14 6 5 22 12 24 27 24 9 6 21 26 15 7 30 27 10 30 18 13 21 12 10 7 16 12 30 25 20 8 1 9 28 1 28
12 23 8 20 30 12 1 1 13 29 30 12 8 1 1 7 21 12 18 24 23 12 13 9 19 12 0 21 0 2 13 11 4 4 17 24 9 8 13 23 17 3 19 12 5 15 11 15 3 19 2 12 7 8 7
7 12 22 11 5 12 21 17 26 14 20 18 24 19 4 28 27 28 29 17 29 19 23 5 15 9 18 17 29 26 18 0 28 21 16 30 27 29 23 3 7 6 22 22 18 1 8 30 19 5 28 6 8 24 2
6 28 19 2 5 23 7 3 10 27 3 3 28 28 22 15 12 29 8 23 11 12 19 29 2 16 26 4 24 13 28 10 26 29 27 27 12 3 30 2 8 17 8 25 19 26 17 23 6 28 4 10 7 14 6
20 4 10 3 20 20 17 30 23 7 19 24 2 13 0 1 18 11 24 6 25 2 23 3 4 23 6 2 18 21 6 4 3 12 9 29 12 29 11 23 24 28 5 9 5 14 15 7 10 20 11 28 2 16 26
6 1 0 0 27 16 27 26 6 0 15 22 28 30 18 5 16 18 27 18 20 6 30 12 1 7 21 18 2 2 0 8 19 0 16 1 17 14 20 15 30 28 17 1 13 13 0 24 25 20 15 17 25 9 15
16 18 5 13 26 0 26 29 5 16 11 14 20 12 2 12 1 0 3 8 21 14 9 11 4 26 18 0 8 28 1 11 29 30 7 6 14 6 10 13 18 15 28 16 14 26 20 2 30 21 22 0 3 13 16
28 12 29 5 15 20 30 15 6 8 1 21 26 0 28 13 30 23 28 3 3 8 3 12 19 23 24 22 28 2 10 26 21 10 19 23 18 6 5 5 22 8 14 14 3 5 14 14 23 26 23 17 23 8 1
4 26 9 1 20 2 19 20 7 29 14 15 24 28 13 13 15 4 13 5 3 12 25 4 3 8 4 10 5 14 12 30 24 12 17 16 17 21 8 27 21 16 9 10 29 1 18 22 12 7 15 12 21 27 0
23 14 6 3 14 22 16 0 25 8 1 26 1 26 27 28 21 28 15 8 5 7 30 22 30 29 16 2 28 19 25 1 18 18 1 10 3 2 25 22 13 0 7 14 21 7 27 5 26 28 29 1 4 25 8
30 15 17 9 16 12 16 10 17 10 20 9 23 20 22 29 6 2 0 2 3 9 18 3 10 5 7 7 10 5 22 6 20 24 1 21 16 1 19 13 21 13 3 2 23 8 26 6 26 26 24 27 2 28 6
22 7 2 24 20 9 8 22 25 4 12 5 26 25 9 20 24 3 26 30 12 30 19 11 27 2 12 7 19 28 21 20 9 27 15 16 12 20 21 9 0 0 30 5 7 18 17 20 27 20 0 13 7 10 28
21 21 9 22 18 19 9 2 20 5 24 0 22 15 10 10 30 27 26 16 13 8 11 8 22 13 23 20 23 21 11 9 27 15 26 2 12 22 15 13 18 4 26 27 18 30 16 0 6 10 21 21 17 4 10
22 30 13 22 25 10 0 22 13 23 28 2 15 17 0 24 10 1 19 23 7 0 27 21 1 8 22 20 16 1 3 23 1 14 15 24 12 10 29 19 22 5 18 8 22 24 6 21 23 1 28 24 13 25 2
19 18 16 22 12 21 16 27 28 12 14 29 4 13 25 28 27 4 5 10 10 10 29 24 12 20 30 9 6 25 18 19 7 6 24 8 7 20 12 5 15 19 27 22 28 11 9 7 22 28 5 1 26 26 20
