57 57
11 9 9 26 30 27 23 7 21 21 18 8 12 20 9 29 27 11 17 23 11 5 28 15 21 13 22 30 5 20 17 17 30 9 14 19 25 14 11 3 25 5 26 18 15 27 18 19 4 6 19 28 11 7 18 4 11
9 27 8 18 18 3 20 18 24 13 13 9 24 12 11 1 5 20 10 8 16 18 26 0 5 2 9 4 28 20 8 1 16 28 6 15 26 1 22 7 20 30 20 18 18 16 21 6 13 28 30 3 11 10 11 14 10
29 16 2 22 28 2 7 13 15 1 17 17 21 6 21 0 26 14 4 3 28 13 25 9 0 4 28 1 18 11 5 25 28 10 1 29 22 5 12 19 24 23 5 30 27 16 16 28 29 12 13 3 5 19 11 0 30
28 1 11 21 27 5 30 15 17 3 20 30 16 15 11 20 23 4 11 4 2 9 30 5 3 5 13 2 2 10 2 5 2 26 4 30 23 20 24 16 7 26 0 12 12 20 11 15 2 2 15 1 17 11 25 7 0
4 19 1 1 20 7 10 11 3 5 24 4 20 14 19 0 6 29 18 12 5 2 23 10 27 24 15 16 16 29 16 6 20 10 30 12 27 15 4 24 29 10 9 10 27 29 2 29 7 23 8 25 2 13 21 27 24
17 4 3 24 19 6 9 26 11 4 30 26 3 18 8 29 18 17 5 23 29 11 17 0 3 28 22 13 9 13 11 25 27 28 23 26 14 4 3 12 7 27 12 5 24 3 2 2 26 12 0 29 21 22 29 13 10
8 6 5 0 27 0 25 22 10 26 22 6 27 27 16 27 8 7 17 6 26 18 9 17 30 29 1 26 22 26 10 25 1 22 2 20 20 18 9 12 27 11 0 28 5 1 2 7 30 28 9 30 22 0 30 13 15
14 9 15 25 30 0 26 29 12 23 20 26 9 28 15 9 2 18 3 0 7 13 22 17 2 22 27 22 23 26 26 18 27 18 3 17 23 22 24 10 0 23 24 9 20 15 25 21 2 27 20 23 16 3 29 1 28
13 13 25 5 26 1 25 10 30 13 9 8 1 11 4 17 7 20 22 18 25 30 7 21 6 8 8 22 24 17 17 2 20 17 9 4 2 25 11 18 13 6 6 29 30 13 15 16 28 6 24 15 13 16 26 2 21
16 9 5 3 5 25 23 21 7 2 30 12 12 6 12 3 0 20 5 22 18 12 10 9 2 26 3 13 11 6 12 13 0 14 8 17 9 4 26 17 22 1 7 10 23 13 26 7 10 19 19 17 22 20 9 12 26
20 10 14 29 4 16 30 26 9 16 9 12 18 27 13 1 29 26 11 20 0 2 22 4 0 23 5 16 26 9 19 23 1 17 7 6 14 0 1 5 5 26 4 13 19 25 14 14 29 21 17 8 12 23 7 19 8
23 26 6 7 2 30 25 15 27 28 24 1 14 15 21 28 20 15 29 25 2 18 10 4 25 27 6 20 3 10 2 24 28 19 3 6 9 13 5 14 13 23 28 21 25 4 0 3 7 14 2 11 2 23 28 1 2
0 4 11 13 27 18 22 6 29 1 18 23 4 29 27 24 0 7 14 23 0 22 1 16 15 3 8 0 15 22 21 8 18 11 8 23 13 14 4 8 29 14 29 7 2 0 1 20 23 13 22 5 15 29 12 9 3
23 20 21 27 16 22 13 4 1 19 15 27 27 14 23 1 8 23 6 21 15 18 9 21 11 15 21 2 26 12 8 15 2 10 11 22 15 7 22 13 30 1 0 18 15 19 28 26 14 19 15 0 21 12 28 13 1
21 22 1 24 9 19 19 11 14 4 19 19 10 8 22 8 7 6 17 22 2 20 8 10 25 1 12 14 23 7 28 10 1 10 18 24 3 8 28 25 0 3 16 22 17 24 17 28 8 8 29 30 5 26 2 22 27
15 23 7 0 24 10 13 28 22 22 17 6 0 26 0 8 19 10 28 0 25 25 8 21 5 10 15 4 29 23 25 2 16 21 22 29 12 1 27 20 5 1 13 17 25 3 7 6 9 21 23 0 9 3 2 2 27
3 23 3 13 5 15 15 22 11 30 4 7 9 30 0 2 2 4 2 0 0 26 19 15 1 18 0 4 5 15 27 30 17 6 3 7 25 25 22 11 22 4 16 11 14 3 14 7 14 23 11 22 12 3 1 16 0
21 25 11 6 10 8 29 1 12 6 11 8 28 26 21 24 29 9 30 5 16 15 25 17 25 8 29 25 8 20 12 10 20 26 19 2 10 20 25 16 13 26 8 13 1 1 28 24 7 3 17 4 17 19 2 14 17
30 18 16 19 7 6 20 4 5 26 1 2 18 1 5 26 5 12 16 25 5 18 19 4 29 4 13 21 27 16 13 5 26 28 6 13 15 23 24 2 26 22 4 16 18 30 26 18 28 1 20 14 30 18 20 4 24
25 28 21 3 18 2 26 26 6 0 4 23 18 7 5 29 26 10 16 4 0 28 14 17 28 9 23 3 7 10 22 18 25 12 6 18 25 28 9 23 8 3 27 14 29 21 8 3 13 22 8 30 2 11 26 26 0
4 15 25 7 23 26 17 2 4 14 18 17 11 28 19 27 15 20 19 23 2 19 25 8 13 16 15 4 15 4 6 14 29 4 11 24 9 4 5 13 7 2 8 1 4 18 1 30 23 14 21 12 15 20 29 24 8
20 24 30 28 24 28 11 12 14 5 26 18 19 19 22 26 5 16 13 19 9 21 5 21 24 4 0 28 3 20 13 8 22 4 26 17 26 2 20 17 2 6 25 6 9 11 10 0 29 24 16 2 19 19 9 26 11
21 28 0 28 12 28 15 10 0 3 22 30 26 27 23 12 9 21 13 23 17 24 17 25 1 18 10 24 10 29 5 6 12 6 3 0 22 3 22 28 5 3 18 29 29 9 14 18 16 17 21 30 11 25 29 3 30
25 0 1 19 21 4 30 14 11 27 28 0 2 11 20 30 1 29 20 18 4 4 19 13 14 14 20 21 12 13 12 17 11 11 26 29 1 23 23 13 12 29 1 6 20 1 26 30 15 27 8 8 10 10 9 22 4
7 2 10 17 27 23 4 15 9 21 17 4 16 1 27 11 18 5 15 7 24 9 0 10 14 10 7 20 6 15 14 0 8 4 10 19 21 9 5 9 23 26 6 22 28 27 23 25 29 24 14 30 11 17 2 8 19
15 11 14 14 10 19 3 21 28 18 10 1 11 28 30 13 10 23 19 20 20 0 25 14 6 30 24 28 13 19 27 0 17 14 10 1 20 2 25 23 15 2 2 8 2 4 3 29 9 23 25 13 25 12 5 8 9
24 14 10 21 25 29 1 2 23 25 14 27 19 2 29 13 21 0 26 12 23 28 16 15 8 27 26 22 29 14 13 25 28 4 20 6 0 5 5 17 25 6 30 11 13 16 11 26 11 23 14 16 7 22 18 26 26
30 25 8 19 13 29 27 17 3 12 5 25 19 7 8 24 17 15 4 8 12 8 27 24 4 16 22 26 27 8 11 13 28 30 24 23 0 16 17 2 5 0 13 19 6 4 0 13 1 29 30 3 10 4 7 12 26
14 5 22 21 17 17 19 6 12 7 26 26 25 18 0 16 14 5 19 17 29 27 10 19 29 29 12 3 12 6 3 8 30 2 28 25 9 4 17 28 5 26 9 24 17 29 22 29 2 12 25 12 6 6 15 9 26
12 19 19 18 11 1 6 28 14 13 26 26 22 18 7 4 29 7 28 18 11 6 1 29 24 17 9 26 26 12 22 22 28 4 25 24 21 14 5 3 24 28 19 30 6 1 28 6 18 28 24 17 20 22 12 10 29
13 9 29 4 30 17 2 26 22 2 0 11 6 28 12 16 10 13 5 8 15 3 20 24 17 13 7 5 27 5 13 26 12 9 30 3 1 2 14 9 13 3 9 26 13 19 5 27 4 20 5 29 9 13 1 2 10
6 1 26 7 12 25 14 7 30 8 15 17 28 30 2 15 6 0 20 10 20 24 12 16 18 9 23 22 4 30 21 26 27 27 1 18 23 24 5 14 28 28 30 8 26 15 14 29 13 4 10 28 18 3 13 0 7
29 18 25 9 13 30 6 8 2 19 14 3 2 1 12 27 27 22 19 29 13 6 19 16 13 3 0 12 3 16 26 1 5 6 1 21 9 25 29 17 12 28 29 8 3 20 18 5 9 13 4 0 11 9 4 25 9
0 8 9 7 12 30 1 24 30 8 6 12 16 18 4 7 9 6 19 11 16 19 7 10 14 13 7 0 15 17 10 14 9 3 25 25 4 16 14 13 7 30 22 18 14 22 25 20 5 19 4 13 14 21 8 21 29
10 16 10 5 17 4 12 13 25 8 6 2 24 21 4 28 10 27 18 2 4 18 28 9 6 29 25 26 1 23 13 21 24 5 25 24 15 30 29 17 6 26 10 17 30 1 10 20 19 5 20 26 5 16 24 17 0
15 28 13 22 4 25 13 10 17 28 1 23 2 19 6 19 2 2 5 5 4 22 26 29 28 11 19 19 10 19 2 3 15 22 22 14 24 8 6 30 29 27 23 25 12 21 30 30 20 10 2 15 2 10 27 29 8
7 21 28 0 23 2 10 24 26 26 9 1 26 1 25 22 18 7 27 19 16 23 0 3 25 17 10 6 27 28 27 15 7 26 23 30 5 24 14 29 17 1 18 23 20 3 1 13 0 4 24 6 28 24 10 5 13
0 24 17 1 26 30 19 18 1 10 4 29 24 3 2 14 18 16 19 22 22 21 9 27 20 13 27 11 6 3 22 2 20 9 17 17 7 6 23 2 16 25 20 10 13 17 13 9 21 1 17 30 17 6 5 28 15
3 19 29 30 17 4 18 3 27 1 13 12 25 23 25 0 0 16 6 15 3 22 10 22 11 11 14 27 17 16 11 9 29 30 7 27 10 24 9 11 10 23 30 22 1 23 26 26 25 15 5 8 30 7 26 1 19
14 0 9 23 28 1 29 9 29 25 24 5 0 6 8 1 8 11 22 2 7 22 7 2 13 16 16 7 24 4 21 6 20 10 27 8 5 22 22 14 26 16 29 11 15 5 12 27 8 17 5 14 6 15 4 5 18
11 10 9 6 7 26 8 11 20 13 26 25 0 4 3 13 21 4 7 4 0 9 18 12 19 5 1 17 0 17 12 8 9 18 4 27 21 2 20 22 8 3 5 8 6 14 5 19 29 27 10 8 2 8 18 25 28
2 8 25 28 13 20 27 20 1 15 22 3 10 27 20 7 24 10 11 1 4 3 23 9 23 1 6 21 27 27 20 20 7 7 17 3 1 5 12 9 13 12 25 0 11 26 27 1 1 24 0 29 2 13 11 18 17
29 14 18 17 25 15 2 13 25 18 0 25 20 5 6 1 26 13 1 25 7 15 6 17 25 29 9 16 0 3 21 23 16 28 18 23 29 12 26 28 2 10 21 26 30 3 9 28 29 22 10 18 15 16 25 1 5
30 5 7 7 9 24 12 26 25 20 12 12 19 28 2 30 2 15 15 15 14 6 0 30 30 9 18 25 0 14 12 23 30 5 29 25 29 23 29 22 1 18 23 24 29 29 7 16 28 1 14 1 27 27 4 17 0
0 3 17 24 15 25 4 12 21 7 23 7 6 15 27 8 18 27 1 3 11 16 30 17 22 22 17 25 29 29 24 1 26 28 13 4 9 25 18 25 8 8 11 11 4 9 12 21 0 30 28 22 12 7 29 7 11
9 25 2 1 29 5 13 14 27 5 10 0 6 26 9 28 22 25 17 4 29 11 13 11 24 9 20 7 7 7 26 14 16 30 3 19 15 8 26 29 5 20 28 23 8 28 14 8 2 8 3 21 25 30 29 7 11
21 18 20 22 20 0 26 25 26 28 23 14 30 23 5 5 9 6 26 8 17 27 24 6 21 26 11 18 21 12 12 17 29 30 3 13 30 23 5 3 27 23 14 23 7 18 9 10 8 26 9 23 29 4 9 10 5
17 9 4 24 29 30 4 2 3 27 3 16 14 10 3 24 10 30 17 17 13 18 16 23 4 19 2 4 14 4 22 21 3 18 22 20 15 17 6 6 15 21 7 0 22 1 26 13 0 21 27 28 7 18 22 21 16
26 28 5 21 0 19 26 28 5 27 29 25 19 11 4 7 18 2 6 21 23 14 7 2 22 7 2 22 0 17 24 4 29 30 1 24 19 1 13 1 6 6 9 2 15 27 22 11 25 16 28 3 17 12 13 8 0
2 24 28 7 13 16 5 1 0 29 28 0 3 21 13 6 9 24 9 7 14 7 5 21 7 23 22 25 15 7 6 20 6 8 21 22 21 27 28 13 13 22 10 13 3 21 18 24 22 12 19 8 13 24 12 19 23
8 9 7 12 26 27 3 15 20 13 25 13 24 22 1 18 1 24 4 18 17 11 4 8 19 3 14 29 16 0 27 6 0 16 11 0 3 19 12 19 8 2 7 2 23 6 20 25 11 1 16 1 3 22 28 26 16
22 19 28 24 15 24 3 11 21 11 2 13 5 6 16 5 2 2 26 1 12 26 29 21 2 12 14 4 8 25 3 9 6 29 16 16 14 1 28 14 9 5 18 2 17 2 17 17 29 14 27 18 2 1 16 2 6
29 6 22 26 7 0 15 15 2 0 4 25 3 1 1 3 14 13 18 5 23 7 16 1 8 17 5 24 28 5 1 24 4 29 6 28 8 2 15 10 28 18 9 25 28 24 4 11 8 25 1 11 30 13 24 23 20
20 0 27 0 9 5 19 16 21 5 27 8 4 15 12 22 16 16 3 21 23 25 22 25 29 19 4 23 23 26 18 8 28 22 8 23 7 25 14 7 10 6 17 26 4 8 24 6 2 17 11 0 27 14 4 15 13
2 14 16 18 0 0 12 13 28 17 27 23 15 4 0 12 13 9 21 28 2 5 15 15 2 3 5 13 22 8 0 8 26 15 10 12 25 17 30 26 9 19 23 21 13 18 27 4 2 8 9 24 4 29 16 24 29
14 6 18 14 3 13 22 6 4 18 17 4 26 25 17 8 6 12 17 20 16 1 27 28 26 15 8 20 8 26 21 18 14 17 1 30 22 6 20 8 11 3 4 29 15 19 26 20 12 7 28 9 8 5 16 12 21
19 21 11 20 2 29 11 0 5 30 29 5 25 22 6 9 12 8 15 11 10 5 18 23 0 25 30 25 28 24 30 16 10 1 21 15 13 24 18 20 9 15 23 10 18 18 20 27 9 6 12 2 4 7 28 21 14
