58 58
0 29 12 2 6 4 25 10 4 23 20 13 6 21 2 10 24 19 9 21 9 16 19 28 20 21 17 14 11 28 18 20 19 1 27 12 3 18 1 25 30 21 3 11 3 30 16 21 24 18 24 9 17 11 2 19 0 25
16 11 27 29 24 27 16 26 7 27 7 5 5 9 28 5 30 30 30 28 0 13 11 19 30 19 2 26 18 8 9 30 27 3 15 23 5 14 4 10 9 27 6 15 14 17 21 17 7 19 22 8 16 27 19 9 15 30
18 23 0 8 25 18 25 2 1 26 1 20 0 27 8 2 18 20 15 14 13 15 18 0 6 24 18 19 26 27 6 10 26 2 21 15 25 1 10 13 10 20 13 24 21 19 23 7 29 25 20 21 3 15 1 2 10 22
28 12 30 17 19 22 1 25 13 12 16 12 14 14 16 18 10 24 5 23 12 29 0 19 6 12 14 19 23 21 17 30 1 19 26 2 21 21 25 18 12 2 10 28 15 25 21 7 25 12 9 4 23 15 17 25 27 1
6 20 19 10 12 1 17 25 20 27 5 27 12 13 29 13 29 27 28 15 12 13 19 29 0 20 30 2 14 19 16 5 26 3 15 3 6 8 12 20 12 6 1 25 21 30 13 22 3 19 19 23 28 4 10 14 27 17
25 3 25 8 5 24 6 15 2 0 26 24 5 29 19 27 22 24 7 24 3 14 27 10 8 29 9 30 29 3 0 15 8 27 21 27 17 23 21 19 5 28 9 11 10 30 5 9 19 14 6 5 1 12 30 28 1 22
1 21 23 13 9 24 27 25 30 3 2 25 29 13 15 20 3 23 23 11 13 22 27 17 17 30 30 10 21 13 17 12 3 13 14 2 29 28 4 23 26 3 7 14 11 28 9 20 26 4 17 19 18 26 25 21 16 24
1 21 9 23 23 14 9 17 7 15 17 7 9 11 26 15 12 11 1 24 21 20 5 4 19 21 0 3 18 9 20 1 26 25 8 24 20 19 28 6 23 2 4 26 29 29 0 4 17 28 24 21 28 30 8 15 18 20
22 28 25 3 25 20 19 11 19 25 25 22 24 21 15 23 1 6 12 1 23 6 1 21 28 13 3 9 26 15 16 4 17 16 5 12 8 7 2 26 4 25 29 5 19 2 0 4 11 10 12 2 23 8 19 12 1 8
24 30 26 20 10 12 10 16 20 19 25 9 28 13 14 4 18 0 24 13 13 5 21 3 27 2 22 9 17 23 23 30 20 2 13 8 6 19 29 28 13 13 22 11 3 23 5 3 24 8 18 28 2 13 6 19 10 26
10 24 1 12 28 14 23 24 4 8 14 24 20 10 24 3 19 27 4 27 0 30 12 5 22 1 24 15 17 6 30 15 1 10 17 8 8 17 29 9 6 21 20 29 9 26 5 21 5 29 27 9 22 13 18 16 14 16
3 5 13 8 12 2 24 14 3 30 14 23 0 22 7 7 8 1 16 10 7 11 1 26 21 15 18 1 22 4 8 28 21 6 19 5 19 13 19 8 12 11 29 29 19 26 7 22 29 19 28 8 5 23 14 5 20 2
6 29 11 19 23 29 3 18 2 30 12 7 16 10 10 7 16 15 15 12 20 7 27 2 25 0 29 14 30 8 2 7 16 3 22 18 26 20 6 25 12 29 2 27 13 15 5 30 6 20 26 3 5 22 4 30 13 8
22 12 11 20 19 3 3 24 15 25 14 27 3 11 2 2 3 14 23 10 0 27 25 21 4 22 11 29 10 25 25 21 20 9 25 12 26 25 30 3 18 11 10 6 25 29 22 30 19 30 4 9 23 7 4 11 11 11
12 30 30 23 23 20 5 29 15 5 6 13 2 6 20 25 5 12 17 10 28 23 16 18 2 4 3 23 16 8 12 14 20 9 3 22 29 18 18 1 27 8 22 10 11 17 15 29 13 25 9 17 21 22 0 3 12 8
20 10 0 29 22 17 6 16 1 29 15 21 12 22 11 9 12 29 15 12 24 11 30 17 2 9 21 26 9 28 4 5 30 24 5 24 28 24 24 6 28 26 25 25 4 4 16 3 9 26 13 2 6 25 27 15 2 7
10 19 22 22 26 27 18 13 19 7 22 25 3 25 5 20 18 3 27 10 25 26 22 3 16 26 19 5 22 4 3 11 23 10 11 1 22 20 26 1 3 28 17 22 12 15 10 9 23 11 3 10 8 15 5 20 28 8
20 0 17 23 25 1 25 20 18 18 21 7 6 20 11 5 11 29 20 13 27 29 20 8 7 30 14 9 13 20 30 25 9 17 11 16 14 16 27 26 5 4 2 4 16 14 18 7 1 6 11 9 21 9 24 12 13 27
18 28 28 1 13 7 6 24 23 13 17 15 9 25 22 6 10 26 29 3 4 0 24 23 19 22 9 22 30 30 14 28 25 18 22 2 21 2 13 14 22 9 0 15 15 24 17 9 9 29 2 0 20 4 9 0 12 24
28 0 4 1 5 15 16 22 14 14 22 30 17 20 30 26 7 23 19 0 23 27 5 15 30 7 19 20 3 28 28 8 22 20 0 9 25 25 22 9 13 11 16 1 24 16 25 9 8 17 2 2 11 3 30 29 11 6
2 11 27 1 24 5 3 12 15 2 22 29 12 12 6 6 19 23 26 13 14 16 4 16 10 12 0 25 29 9 21 12 19 13 6 4 29 7 28 17 28 0 29 2 0 2 27 18 17 26 27 18 27 9 14 30 7 3
11 6 14 25 11 7 26 28 3 11 11 3 17 14 22 17 12 18 20 0 3 8 26 0 8 10 0 13 21 11 14 12 12 27 17 24 0 14 9 29 4 17 28 17 17 15 6 20 21 10 12 12 4 1 17 28 12 19
9 23 28 7 9 13 11 1 0 4 8 26 8 2 24 30 11 8 16 7 9 0 26 1 8 25 30 18 14 12 1 10 0 9 30 14 16 18 11 6 15 16 6 5 10 21 30 13 2 12 11 22 16 23 29 16 9 9
19 17 15 28 8 7 7 14 15 16 7 24 29 11 20 1 6 24 26 15 14 10 7 2 24 9 18 10 9 17 22 14 17 10 28 24 10 18 23 24 14 13 20 2 17 21 4 20 24 1 21 26 9 4 23 4 9 20
23 14 25 17 19 28 11 24 20 19 20 23 21 22 18 17 10 10 1 11 0 28 19 23 1 9 8 6 12 26 29 26 24 29 24 12 21 25 22 0 11 14 28 24 8 27 4 10 13 17 25 19 28 19 11 24 4 6
4 21 11 4 29 19 26 12 3 25 3 14 12 15 1 11 9 24 4 1 24 20 18 2 7 29 17 7 25 23 28 11 1 27 20 5 19 5 13 6 5 21 17 3 12 13 18 2 17 30 28 0 11 3 1 5 28 30
1 5 27 29 27 0 9 12 1 1 15 30 17 26 13 26 24 22 21 18 21 5 15 8 25 14 25 14 5 22 29 16 23 11 6 20 0 26 5 9 5 21 23 0 16 4 18 28 12 24 23 21 16 6 20 7 21 10
4 3 19 15 11 29 11 15 1 7 23 9 28 4 13 28 14 5 0 23 1 19 26 30 21 10 29 4 23 27 23 4 30 25 22 8 29 13 9 0 27 24 25 11 29 25 30 24 24 7 0 11 21 16 21 25 15 0
0 27 11 9 9 13 0 17 2 8 27 21 1 27 6 15 14 20 21 29 0 29 15 15 12 24 23 24 4 14 10 10 18 25 12 4 7 30 4 4 25 16 9 11 30 6 28 18 4 4 25 3 24 10 12 9 19 23
8 23 17 13 18 18 26 11 2 5 24 15 11 7 24 6 19 26 14 14 10 30 2 22 13 18 14 5 20 1 29 4 17 25 14 30 30 14 22 1 2 27 22 0 6 2 5 3 15 5 12 19 28 9 22 6 14 23
13 19 5 16 16 26 17 6 2 19 19 9 1 15 6 21 4 14 2 16 0 5 30 18 21 26 10 24 11 6 28 13 19 12 13 29 23 29 1 26 18 23 24 23 13 30 17 25 17 29 18 30 23 10 19 3 29 14
16 9 23 13 18 18 11 15 5 10 26 2 8 27 29 17 30 15 12 5 19 12 20 16 25 18 22 27 11 1 21 20 30 14 18 7 14 14 22 25 14 2 19 2 25 6 4 16 11 5 15 15 22 13 20 8 12 20
10 18 5 7 18 9 24 6 4 0 19 26 23 15 29 7 6 30 20 0 29 26 0 13 2 25 20 25 11 19 17 7 24 27 24 17 8 5 18 8 14 8 23 26 25 26 13 28 30 4 13 6 9 7 18 8 20 26
23 21 21 18 20 8 28 11 5 26 16 13 18 13 28 18 21 3 26 5 24 8 10 13 8 24 11 1 18 0 30 4 21 25 8 26 13 8 27 13 27 5 2 12 16 21 23 18 29 13 9 5 13 29 12 4 18 29
2 21 21 26 1 10 15 0 4 15 6 0 18 0 25 10 3 16 13 19 15 18 15 0 28 4 6 4 30 29 7 21 10 7 22 25 28 25 3 5 9 17 28 28 29 27 5 8 19 25 11 9 25 18 28 10 5 3
15 3 21 9 21 21 29 21 26 12 9 17 2 12 1 30 25 29 11 6 13 23 7 4 11 23 18 20 27 20 16 10 27 23 9 28 5 10 20 15 11 12 24 16 10 30 22 19 13 24 6 2 24 5 0 1 29 24
12 29 2 23 3 4 22 29 12 19 2 27 11 20 0 26 24 14 24 24 29 18 1 10 20 18 16 14 20 8 4 14 0 1 14 3 15 22 13 18 8 17 21 1 16 27 24 22 22 2 13 7 26 1 1 29 10 26
0 9 14 27 30 18 17 26 19 8 0 20 10 25 0 18 20 27 7 19 0 24 22 8 29 22 21 18 21 7 3 15 25 19 29 6 29 9 10 18 7 10 16 18 25 24 15 7 25 8 19 17 1 23 28 26 4 19
19 8 27 4 15 16 7 11 5 20 13 22 10 7 13 19 9 16 16 17 27 15 2 18 9 1 22 8 13 5 18 27 9 29 14 9 2 25 0 5 18 10 19 2 1 9 16 7 26 8 8 25 27 5 10 20 26 13
13 13 11 30 9 29 21 7 18 23 9 9 23 11 17 27 17 23 4 18 8 2 27 30 14 19 10 30 10 15 27 14 7 30 14 1 25 8 4 29 13 6 8 2 11 5 2 7 8 27 20 1 21 19 9 13 11 17
7 0 17 30 23 12 22 10 9 19 24 26 23 17 20 29 3 26 18 30 0 18 6 21 14 20 11 6 17 29 16 13 5 18 30 11 29 4 11 30 19 11 3 20 27 10 16 3 6 15 18 4 20 13 18 2 6 11
4 20 15 29 14 12 2 28 9 25 19 24 13 9 27 23 2 1 0 1 2 28 4 29 10 16 17 27 7 19 29 7 5 29 11 27 11 4 29 0 14 3 22 28 3 1 1 21 2 5 11 26 2 26 12 13 14 4
8 3 22 15 5 28 26 12 29 7 23 6 29 29 13 13 17 16 23 27 23 11 22 22 5 4 19 17 29 16 17 30 22 8 3 24 0 5 14 22 18 6 16 13 26 17 23 29 4 16 12 8 0 3 17 3 22 27
6 15 8 29 7 16 29 25 20 3 25 22 16 24 12 12 1 22 14 14 12 1 25 14 9 20 19 3 30 8 7 13 10 16 28 15 13 9 22 2 24 20 8 4 10 3 30 24 7 2 18 9 17 20 29 18 18 24
20 11 2 8 19 12 7 7 21 16 16 17 16 13 1 4 4 14 24 17 0 10 0 29 0 23 10 30 14 0 13 18 26 8 18 15 24 14 23 25 20 0 15 21 22 23 20 6 12 23 16 14 14 13 20 19 17 9
3 6 15 26 4 15 15 20 3 10 27 9 7 0 7 1 30 3 15 8 29 1 24 4 28 8 29 9 18 1 20 0 3 26 11 13 12 9 15 1 6 26 15 29 6 20 11 13 19 22 28 30 18 0 10 9 25 23
2 23 30 22 28 4 23 6 13 8 29 5 13 6 22 10 19 16 16 28 6 17 12 9 1 1 16 25 5 0 11 17 25 14 20 12 5 26 16 4 12 4 20 1 17 11 12 28 12 28 10 27 4 12 21 16 7 4
13 14 6 30 3 21 9 15 13 12 14 7 27 1 25 27 20 25 2 27 22 4 28 30 9 13 16 12 25 8 24 26 5 15 7 25 19 4 26 22 19 24 9 29 26 1 21 0 14 0 27 8 10 16 17 7 3 20
10 5 30 25 26 8 27 12 29 14 7 5 16 15 22 5 24 19 11 8 22 25 13 25 10 22 19 11 17 16 7 2 4 9 14 0 5 21 0 13 12 28 0 30 7 20 28 27 16 3 5 25 11 14 5 21 24 23
6 18 1 2 20 15 18 10 4 17 1 9 8 6 12 29 5 16 13 3 19 2 16 4 7 14 6 1 14 2 27 15 11 27 13 1 0 16 22 4 21 27 23 9 17 24 11 30 30 11 13 19 30 10 5 17 15 16
15 7 0 9 21 28 8 12 6 25 21 7 21 22 15 9 4 10 5 30 16 8 1 5 3 22 27 1 22 6 17 6 27 25 17 27 15 0 25 0 13 23 22 23 2 15 12 16 6 26 22 13 15 6 28 23 23 18
16 6 13 15 6 17 8 22 7 25 29 23 0 22 17 17 19 30 17 24 25 4 20 28 18 2 16 3 5 18 7 26 25 6 7 13 10 28 22 26 22 20 0 21 9 26 30 25 27 17 26 9 20 20 1 5 28 16
11 4 0 21 22 23 16 22 2 24 0 10 7 19 13 10 21 2 18 11 1 16 28 3 13 27 29 0 8 10 7 15 7 19 22 18 17 0 4 6 9 21 5 20 26 19 0 22 1 24 9 2 2 19 24 22 26 20
10 21 12 28 28 13 2 10 6 20 22 8 27 2 22 25 12 11 7 14 2 5 5 1 3 16 0 25 27 3 8 22 30 20 9 7 15 28 26 2 30 21 28 19 16 6 13 23 25 8 28 12 15 5 16 2 5 14
22 10 29 17 4 26 6 24 25 28 10 24 22 9 13 15 21 9 20 3 28 6 20 16 28 12 10 5 20 6 0 1 28 2 15 5 20 24 10 1 5 30 26 8 6 23 18 24 17 14 26 6 9 16 16 11 9 14
21 24 8 22 13 9 17 29 17 13 15 29 16 6 13 13 10 23 12 9 18 19 30 13 9 7 26 24 7 7 4 18 22 15 9 9 4 23 0 29 15 3 21 17 9 24 15 2 5 24 7 5 7 21 14 1 11 4
24 11 26 21 23 14 17 29 12 16 1 30 27 12 10 2 6 1 25 8 24 6 10 8 8 20 10 2 21 17 28 5 1 4 2 14 24 4 8 30 12 21 2 0 27 14 22 25 2 18 17 19 19 20 10 27 11 27
27 22 29 17 0 25 0 9 10 5 0 22 6 7 17 22 26 10 30 20 4 25 2 8 4 27 16 25 4 4 11 25 12 14 12 4 17 14 3 28 11 10 21 29 16 14 18 18 4 1 28 8 12 13 19 22 30 26
