59 59
29 25 0 2 30 20 4 23 3 15 21 9 21 23 1 24 26 3 29 4 7 9 8 27 15 5 2 28 22 10 0 9 11 16 12 7 18 30 5 23 11 16 15 14 23 9 11 18 20 21 15 0 26 2 4 17 18 23 8
18 16 20 5 21 27 11 16 26 27 11 24 30 8 5 25 29 29 13 6 10 5 28 11 24 14 14 23 4 24 9 21 19 28 29 13 4 21 20 26 23 4 0 19 21 0 14 26 10 4 22 0 2 3 20 25 28 26 22
5 22 28 20 23 25 3 29 12 15 2 6 3 28 13 28 30 8 11 20 21 29 5 25 9 15 30 22 4 15 7 28 27 4 15 15 23 15 20 23 25 11 22 4 23 17 26 1 24 20 9 13 13 21 26 24 5 4 16
2 26 20 6 22 8 25 1 3 9 30 12 27 15 3 15 23 28 7 2 26 29 28 10 21 29 9 22 18 20 17 12 21 10 13 13 17 8 15 3 23 3 6 12 23 15 25 2 23 0 4 3 15 26 29 10 24 24 8
14 5 6 18 2 15 27 8 15 12 18 15 20 6 23 13 6 23 12 10 13 3 14 23 23 10 18 23 1 24 24 4 16 13 0 30 8 12 7 8 8 23 4 3 12 29 12 10 11 7 17 27 15 7 7 10 8 15 19
15 11 27 8 24 11 9 19 0 4 9 15 20 18 30 24 29 3 30 16 20 19 23 19 14 2 2 6 8 8 7 3 17 0 9 20 20 16 9 25 21 25 25 14 6 28 8 24 19 19 30 14 30 26 28 29 10 28 9
20 4 17 11 0 0 21 12 16 7 25 24 30 29 25 16 12 5 6 4 18 1 29 27 2 26 4 18 1 21 3 28 7 16 14 4 17 27 23 23 25 20 27 5 8 8 27 8 23 11 25 24 18 19 15 8 24 6 26
11 3 24 24 10 7 9 15 1 17 6 6 14 17 22 21 19 28 3 18 11 15 20 28 19 9 18 11 25 16 22 21 8 19 2 23 2 3 23 27 13 27 23 23 27 4 8 1 6 4 27 26 18 26 28 26 24 21 20
15 21 25 19 26 9 20 20 4 13 26 17 11 26 27 18 9 22 13 25 27 16 17 27 0 22 10 9 14 28 7 11 13 30 2 1 11 8 13 22 4 2 28 23 4 3 28 21 6 0 21 20 7 10 28 18 21 29 15
8 0 22 26 20 0 19 21 8 20 11 6 13 2 13 7 28 27 7 8 2 26 11 25 4 28 12 8 26 30 11 27 14 28 6 19 16 24 20 3 19 25 15 9 27 4 9 17 17 6 8 10 21 5 2 27 10 26 22
26 29 10 23 29 14 13 30 1 28 19 19 2 16 0 24 7 0 23 6 6 27 10 0 0 11 14 0 3 30 14 15 13 30 19 25 23 29 6 3 30 20 10 9 25 5 15 12 9 9 12 7 9 4 18 1 9 21 5
21 6 27 15 16 20 13 20 4 5 21 5 12 30 5 1 5 0 25 27 2 28 27 3 7 30 24 29 23 30 2 3 6 3 21 24 3 13 24 1 28 16 1 28 8 12 17 0 24 27 28 27 15 26 2 25 19 20 5
19 26 17 18 25 28 23 29 9 23 4 29 0 7 18 11 7 2 16 21 6 29 3 29 0 21 10 23 2 8 26 0 0 6 2 9 5 0 3 16 6 24 5 8 7 2 4 14 18 24 28 24 19 27 13 23 10 10 20
18 10 16 0 18 1 26 8 0 8 9 22 23 20 14 1 23 30 8 15 24 17 23 18 19 23 3 9 15 2 14 3 26 20 8 25 25 13 15 15 12 13 29 20 12 26 7 23 4 11 4 17 12 28 21 29 12 27 24
8 11 17 26 12 30 28 1 3 5 0 16 3 15 13 1 9 2 28 0 24 14 28 20 2 6 30 4 5 30 16 20 9 23 4 24 18 4 18 19 26 19 19 13 0 23 7 17 12 10 12 1 10 14 9 29 24 14 8
11 6 19 24 17 9 22 3 0 21 8 23 14 1 21 28 12 22 0 11 6 18 3 25 29 21 9 27 20 18 28 5 20 25 17 30 18 17 12 16 29 6 14 1 6 6 19 13 16 26 29 12 20 9 3 20 25 28 6
2 5 2 21 1 1 12 24 8 9 13 12 26 9 28 8 17 17 27 20 27 25 9 26 1 11 18 18 11 30 21 15 2 8 17 21 3 23 30 28 29 20 19 26 3 22 30 13 16 29 14 21 7 8 24 20 20 26 14
30 20 21 7 11 1 23 25 6 19 27 15 28 16 29 6 10 0 14 15 12 10 12 27 3 19 20 13 19 23 12 17 10 15 4 14 11 5 23 25 6 28 20 11 8 13 24 8 23 15 11 18 5 23 28 16 20 15 17
21 9 17 15 18 2 4 25 25 23 9 13 27 23 14 13 19 13 11 11 27 4 4 6 23 19 19 14 9 26 17 6 0 18 6 2 17 24 28 5 2 10 0 20 3 22 25 3 29 22 6 20 23 30 1 24 25 0 18
22 0 23 13 21 29 15 30 17 12 13 25 27 0 7 18 17 28 6 27 13 2 0 0 27 20 15 10 24 26 16 29 0 1 4 30 21 0 12 12 2 25 5 20 23 17 10 12 27 24 21 23 25 28 9 14 22 2 9
2 15 18 7 23 25 30 3 6 30 5 30 12 17 4 6 1 4 4 6 16 13 28 22 15 18 26 27 25 4 5 27 10 10 5 7 5 29 19 28 4 12 0 3 21 17 19 13 1 29 17 28 27 28 7 1 9 11 2
23 25 19 29 3 1 0 3 3 8 18 18 21 16 22 17 27 28 23 19 8 25 14 30 28 5 27 30 15 18 23 18 26 3 15 10 23 21 18 8 2 9 4 30 21 19 6 26 30 28 5 30 19 27 9 18 17 23 27
21 19 4 26 27 8 0 30 23 11 27 28 28 5 25 3 22 23 4 25 18 22 0 10 23 28 8 17 2 1 4 0 11 28 25 11 29 10 5 13 17 14 3 14 28 23 9 22 6 17 17 26 3 24 28 26 27 8 15
8 10 9 2 2 11 7 11 30 25 4 21 13 28 8 29 12 2 29 26 25 16 17 26 16 22 29 1 26 6 10 3 30 3 28 29 23 4 4 28 21 24 1 0 25 13 25 23 25 10 14 12 26 11 27 18 1 11 11
8 16 21 2 26 29 29 25 27 23 20 21 6 23 11 22 23 2 0 13 8 26 21 16 17 18 2 19 0 2 20 20 17 4 3 5 19 10 11 11 4 25 11 2 13 3 27 5 5 3 4 12 6 26 24 22 18 2 22
23 1 3 27 8 1 16 18 1 1 11 17 17 2 11 2 20 5 22 8 6 18 0 16 19 21 24 8 1 6 18 16 30 16 6 6 0 4 7 5 12 18 17 16 23 8 16 25 1 1 28 21 22 0 8 14 11 28 29
23 14 19 5 5 28 20 11 20 18 6 4 19 27 13 14 7 11 12 3 5 21 19 22 13 14 17 18 18 13 14 15 28 30 14 15 18 1 6 9 22 7 13 29 16 24 12 28 10 27 5 27 27 28 25 12 9 11 2
27 20 14 14 13 30 28 26 22 1 15 0 14 12 4 25 5 6 9 25 30 29 16 24 21 30 11 5 10 9 30 13 14 4 10 7 23 20 22 25 8 24 25 24 15 18 25 4 23 14 13 15 2 11 20 10 20 10 6
0 21 13 20 29 6 6 24 8 28 29 2 24 17 12 4 0 5 27 22 21 11 0 26 20 21 28 12 15 21 20 3 17 25 29 17 16 26 3 8 15 19 20 6 3 6 9 4 29 25 25 11 2 8 19 6 4 26 6
11 12 15 0 30 3 3 10 13 7 3 17 7 29 15 7 27 30 1 20 24 18 17 15 30 2 26 8 30 25 19 20 3 11 27 18 22 6 15 29 11 16 21 14 7 26 0 8 24 17 27 27 19 21 6 24 29 18 10
30 22 13 14 7 4 13 30 29 28 19 17 14 11 29 22 1 8 10 14 5 28 10 13 16 30 0 26 12 29 14 26 20 6 2 12 9 3 28 20 9 23 9 0 4 15 9 2 17 3 3 18 5 16 7 17 10 28 27
12 5 10 10 13 0 6 22 22 24 15 2 23 13 4 12 23 9 30 19 10 18 14 12 0 9 16 23 17 28 12 8 28 3 19 9 14 20 1 14 4 3 22 2 20 1 2 4 20 25 10 14 23 3 15 16 27 0 4
13 28 23 29 29 0 30 28 13 15 5 20 25 1 30 4 13 17 9 6 23 16 8 29 11 26 22 27 0 24 19 2 12 7 12 7 29 30 22 13 12 22 21 4 30 30 2 16 5 18 26 9 14 1 4 16 30 28 26
4 28 26 12 14 10 19 4 11 22 9 26 25 11 21 5 23 20 23 0 1 20 25 28 16 2 28 28 19 10 11 23 24 17 22 23 19 19 1 14 6 6 24 6 0 13 2 15 22 21 5 13 0 23 21 14 24 2 10
30 1 22 2 7 6 10 13 30 24 7 26 19 29 12 4 6 28 29 8 13 1 10 27 0 9 26 9 18 16 4 11 14 20 20 7 12 4 23 11 25 12 16 14 19 4 6 1 16 19 22 9 24 26 3 2 3 15 29
4 16 25 26 15 16 20 7 14 20 26 2 30 7 13 6 13 28 22 25 23 2 18 13 19 26 23 21 0 13 23 24 5 6 6 29 27 12 20 15 11 25 28 9 3 6 4 3 10 5 24 16 4 29 1 18 30 13 18
0 18 7 10 20 14 29 19 17 13 7 19 12 25 0 13 17 15 2 28 2 23 5 12 8 3 2 27 8 30 14 19 13 21 27 16 22 9 3 8 11 28 12 2 16 2 26 9 27 19 28 1 1 12 13 4 9 1 18
9 20 24 8 23 12 18 5 17 19 3 11 7 27 11 6 5 27 17 22 25 9 9 20 27 16 9 19 18 9 25 14 7 15 20 20 16 14 23 7 24 22 0 6 30 0 20 22 22 20 21 21 10 15 28 15 27 14 27
26 14 15 9 1 19 15 21 3 26 0 21 30 9 30 14 7 15 29 28 17 12 22 8 3 15 29 25 15 13 17 5 23 22 21 29 10 24 16 13 30 5 29 25 9 5 28 0 24 26 26 21 11 27 21 12 18 12 2
7 7 10 9 13 17 12 2 30 25 20 21 17 0 20 19 15 27 2 26 13 13 7 23 5 5 16 26 17 4 22 18 15 23 6 11 6 15 15 24 16 9 26 7 3 16 6 9 25 11 29 4 8 1 13 1 23 10 26
4 12 19 25 24 25 9 7 11 19 13 20 30 1 27 15 27 21 5 24 13 22 14 2 24 15 2 6 16 18 24 19 15 14 17 9 12 20 11 0 29 10 21 4 9 20 12 27 5 21 19 10 23 13 12 30 27 21 10
27 2 24 26 16 18 21 3 2 1 21 21 18 15 6 18 17 12 21 13 15 14 21 8 29 23 21 19 8 5 12 28 9 6 23 26 24 19 0 28 12 10 29 7 27 28 26 3 21 20 5 3 20 23 29 6 29 7 18
27 20 0 8 0 26 15 17 19 5 30 20 28 8 11 11 6 24 21 14 18 2 4 7 17 16 10 19 19 7 19 25 3 23 17 15 18 4 4 27 29 21 1 1 13 28 2 1 8 1 7 13 19 7 13 27 28 21 6
29 5 14 17 9 2 10 4 2 19 24 23 17 15 28 3 3 29 20 25 20 24 6 9 18 19 11 12 21 20 7 12 30 15 14 2 5 15 7 2 17 10 9 29 2 18 11 16 0 13 14 2 18 19 17 30 0 7 2
12 20 16 29 10 18 10 22 25 21 11 18 27 26 3 17 2 27 24 8 24 10 30 4 25 5 13 28 5 23 8 14 25 30 17 6 27 5 29 1 26 11 14 26 18 24 0 30 13 29 7 25 3 19 9 1 28 17 7
13 24 9 8 10 8 11 7 17 21 19 27 11 11 1 2 5 7 1 12 24 0 24 1 13 8 29 7 17 28 2 1 25 1 27 30 23 7 1 24 9 21 6 24 21 30 10 3 23 28 14 21 19 15 18 23 24 7 0
17 20 30 8 10 15 16 6 7 3 14 29 2 14 29 0 11 24 19 7 25 6 7 29 3 12 20 7 23 23 12 8 10 4 20 6 10 0 9 5 7 20 10 7 4 19 15 13 17 7 11 5 24 14 12 13 18 26 4
18 10 8 22 21 1 25 16 23 18 1 26 21 12 28 23 22 8 20 28 0 3 5 1 20 8 0 22 8 2 9 12 28 10 24 30 20 29 9 21 28 30 7 9 28 2 11 10 3 17 15 16 9 21 6 11 30 19 17
17 25 24 22 13 0 11 9 1 17 8 12 18 11 6 0 24 21 24 7 29 22 14 18 22 27 11 17 27 26 5 20 27 6 27 26 9 26 5 20 30 22 6 19 4 11 4 17 28 11 8 8 4 17 22 30 27 10 4
16 1 14 24 0 21 15 8 2 23 6 15 29 18 13 6 29 9 20 3 20 11 27 18 10 20 19 11 5 3 18 15 29 25 26 24 17 27 12 17 15 19 17 15 23 8 23 4 7 30 8 20 5 19 0 8 29 12 6
23 4 8 16 1 21 0 10 22 20 29 11 6 0 3 22 14 21 23 2 6 20 10 21 20 26 20 30 17 11 8 28 29 7 4 6 30 18 8 24 3 20 26 25 14 30 30 28 29 11 8 11 26 12 21 19 5 17 13
11 19 28 4 22 29 24 25 23 19 26 1 20 8 10 27 14 21 21 11 21 9 4 6 25 18 22 8 22 7 24 25 24 5 27 26 20 25 27 13 13 14 6 30 28 13 21 2 2 6 23 25 7 1 18 15 3 13 3
2 27 17 28 11 28 3 28 15 1 4 11 22 9 18 3 23 13 4 13 2 16 5 7 26 11 22 23 27 14 21 7 14 2 30 11 7 4 3 21 18 18 17 22 20 22 27 19 0 30 9 23 9 10 13 24 24 8 24
3 16 10 26 10 23 28 23 28 28 10 6 10 18 7 12 13 21 3 24 15 17 24 10 1 23 24 24 19 28 22 30 19 16 18 2 28 28 10 29 2 12 3 17 24 26 28 29 29 24 19 24 22 13 26 17 20 29 28
24 22 21 27 25 11 6 8 28 26 18 27 29 5 1 27 4 18 21 10 29 26 27 20 0 19 20 18 10 1 4 22 7 8 22 15 20 3 12 4 3 28 3 30 13 1 18 18 21 24 19 30 23 21 19 11 30 19 17
23 23 1 18 29 7 11 15 16 29 22 14 5 4 5 16 5 24 5 24 23 8 24 6 3 5 13 16 7 19 14 6 29 25 0 23 17 20 21 24 27 28 2 21 20 13 1 12 27 17 16 19 20 1 11 1 19 28 18
14 18 30 18 26 15 9 29 26 18 19 12 0 20 18 7 7 9 16 29 5 11 20 28 10 26 25 24 21 2 17 20 12 21 15 6 11 26 23 26 16 7 29 22 5 13 7 30 21 10 6 14 28 1 9 26 15 5 22
9 28 20 19 14 17 11 0 26 10 29 13 21 0 7 0 7 26 2 16 30 10 13 0 6 12 0 16 17 23 27 28 21 28 1 14 20 10 0 15 3 6 27 29 30 14 9 26 2 13 4 6 24 27 15 29 13 13 19
5 10 22 6 6 25 16 29 26 4 22 26 8 17 30 13 17 6 4 6 8 5 28 12 9 5 14 1 30 29 4 12 26 26 3 7 1 14 6 30 24 2 17 6 24 10 14 29 13 30 23 5 23 26 11 10 22 20 15
