60 60
25 13 10 23 0 16 25 19 7 17 24 8 13 27 30 16 10 13 24 23 23 25 12 11 21 18 28 24 28 29 4 10 2 16 20 21 0 4 6 9 29 22 26 22 25 28 23 6 3 25 6 10 18 20 26 27 0 6 14 27
24 6 11 24 1 15 11 19 29 29 22 7 2 27 29 4 8 5 23 5 9 9 12 4 29 29 28 11 1 17 15 7 18 5 28 26 0 12 0 5 14 23 14 23 10 16 29 9 28 18 16 21 13 10 23 24 2 18 18 4
24 12 14 1 28 19 3 1 28 14 23 12 5 21 21 21 4 23 28 28 16 24 8 22 1 28 1 25 19 8 22 28 21 3 12 5 19 14 4 11 11 23 20 18 11 27 20 21 9 22 27 25 0 12 24 24 26 26 1 28
13 26 8 6 8 27 3 0 8 30 12 2 20 21 30 14 17 2 0 4 1 23 10 9 1 3 20 8 26 5 7 21 26 12 0 29 28 27 21 30 17 16 14 10 23 5 16 27 28 10 13 24 27 1 25 23 5 26 24 14
0 19 18 9 24 2 30 10 13 3 22 1 24 15 10 23 2 12 24 11 23 2 21 21 0 8 27 9 11 1 4 23 11 15 23 3 27 30 2 7 4 29 21 24 26 2 23 2 2 18 20 9 25 2 23 12 5 2 20 28
9 30 4 2 19 20 20 26 5 1 15 10 28 16 29 29 13 27 30 9 23 3 15 16 4 7 10 7 8 18 11 14 8 1 5 16 25 27 1 24 1 8 7 17 16 23 2 9 27 2 13 22 28 28 24 25 6 3 0 29
27 26 17 3 28 1 2 25 24 26 7 10 19 2 22 26 9 13 9 2 20 3 14 11 28 3 3 28 15 21 14 8 16 28 0 0 6 28 10 12 6 21 6 29 6 28 30 4 23 23 29 27 0 1 17 29 10 4 27 26
11 22 18 11 8 9 15 21 25 8 28 23 28 6 15 11 12 0 18 13 12 1 27 30 14 20 0 27 26 18 18 2 17 24 26 5 6 18 18 8 19 13 18 23 13 12 14 23 7 0 3 17 27 18 25 20 19 14 5 17
10 25 23 15 19 7 24 22 25 19 4 1 14 14 30 14 14 21 22 16 6 2 14 26 1 28 11 11 2 10 23 2 30 19 21 22 6 6 4 4 9 10 17 21 12 8 6 22 14 26 23 24 24 10 13 28 24 29 29 26
21 30 26 14 23 17 30 1 27 24 3 23 4 6 15 27 14 23 2 12 0 7 9 13 16 19 26 13 8 5 13 15 9 25 21 14 6 18 18 30 28 8 24 19 14 26 23 9 27 17 15 17 23 22 10 9 19 22 11 30
18 25 30 14 22 7 25 27 29 6 7 15 5 19 5 21 18 28 22 15 11 9 19 3 13 17 23 23 2 6 13 8 0 24 23 1 0 17 29 26 25 28 2 28 2 25 15 13 0 24 16 6 3 18 16 9 30 28 28 23
17 7 29 10 29 6 24 13 18 10 20 20 12 24 23 13 20 25 12 1 7 4 1 6 18 29 8 10 16 11 28 6 12 14 29 9 28 1 11 14 15 16 18 23 16 21 6 4 2 7 25 0 0 10 26 19 14 3 1 10
0 0 19 4 28 9 24 21 18 14 3 8 19 5 19 6 1 0 3 29 19 14 16 21 16 15 22 16 21 1 16 16 27 2 28 10 10 30 3 22 22 28 17 8 25 11 24 7 12 21 7 19 14 14 26 17 2 25 26 12
6 14 4 15 26 29 25 22 28 18 24 20 30 12 8 6 26 6 8 2 29 21 13 7 6 27 16 23 30 2 28 17 18 25 12 26 19 2 3 12 9 15 8 27 11 1 0 8 24 16 27 19 13 6 23 17 7 22 11 10
18 12 18 5 18 28 9 15 20 2 29 6 22 0 7 19 7 3 0 9 18 19 17 8 15 26 4 15 2 17 0 14 9 29 7 20 4 15 14 13 27 18 27 13 10 10 2 6 28 27 1 13 30 15 27 10 27 17 12 16
6 29 17 19 0 12 30 24 15 30 9 17 12 27 26 23 14 27 20 14 9 28 13 13 7 12 0 10 29 13 30 29 7 27 30 30 9 4 23 30 14 4 4 23 11 21 28 6 21 16 6 24 28 15 16 24 7 25 19 19
18 3 0 2 21 0 5 26 15 3 26 24 6 8 28 26 8 19 25 4 17 2 2 14 12 4 26 18 19 12 1 21 3 26 22 26 26 5 17 10 15 15 7 9 5 5 10 3 7 24 2 30 6 8 3 13 5 6 26 0
1 1 4 26 10 4 29 21 30 23 16 21 3 15 18 6 25 2 26 21 27 17 29 21 6 0 6 7 16 13 20 22 18 6 29 18 7 26 2 27 9 9 24 8 1 17 25 20 7 22 15 2 9 18 9 27 3 11 1 9
11 11 22 30 28 7 14 16 13 21 24 3 0 1 28 11 5 0 5 10 19 22 16 27 17 23 26 24 20 30 7 1 23 27 27 27 9 26 29 6 5 21 29 21 14 5 26 2 30 27 20 17 25 2 29 29 13 22 16 9
18 17 19 30 24 18 15 17 14 8 26 28 14 19 15 26 14 29 17 12 13 16 0 28 29 21 30 14 25 28 21 1 18 4 25 25 20 2 1 2 12 14 29 30 8 12 28 10 0 21 25 6 8 28 5 17 27 16 18 20
8 29 15 30 30 21 21 22 17 29 24 9 10 10 25 29 17 9 24 26 0 16 1 10 4 14 20 21 22 10 3 29 22 2 14 13 21 0 0 28 21 7 26 19 3 24 8 28 4 19 9 24 18 8 15 0 13 8 26 25
30 29 7 22 2 3 22 29 1 2 26 29 14 27 28 25 5 20 10 24 19 20 3 16 30 9 13 14 8 7 15 2 9 25 6 24 15 13 4 14 22 26 15 8 19 20 23 19 4 30 15 4 24 11 24 19 27 6 0 30
9 27 21 25 30 24 14 6 25 18 18 9 2 4 26 28 16 19 8 1 16 9 30 3 29 1 12 4 20 4 12 19 4 10 6 6 2 26 26 22 1 1 21 29 3 21 4 9 20 14 8 21 19 6 19 26 25 15 15 20
19 13 20 2 8 19 3 5 23 3 5 24 5 0 26 20 5 11 26 10 6 23 18 4 0 13 12 16 28 17 4 3 10 28 11 18 8 24 30 18 2 15 11 24 29 5 7 28 13 24 15 18 16 10 13 6 18 24 10 17
29 23 8 6 15 18 18 9 15 7 3 17 25 26 16 4 19 1 6 29 3 29 25 13 27 12 12 9 24 2 24 30 2 14 13 24 8 9 3 8 12 25 29 3 16 20 19 15 14 24 9 9 15 11 16 9 14 26 0 5
14 25 2 9 30 27 7 20 24 20 5 30 13 23 18 9 5 24 24 26 16 29 30 20 9 18 14 20 21 11 14 6 28 8 18 29 9 7 13 20 29 25 10 5 13 23 1 24 0 15 10 19 26 21 20 13 30 8 24 19
18 30 21 28 8 11 5 7 28 22 11 15 14 26 28 29 15 25 16 23 15 28 27 0 19 15 24 5 23 12 1 20 28 9 20 16 1 3 14 25 5 22 3 28 24 2 25 5 25 15 11 28 20 3 12 23 22 0 23 15
20 19 11 24 7 15 29 15 16 26 10 15 15 21 11 23 8 10 7 5 10 18 9 2 16 25 21 18 20 25 24 11 25 6 18 9 1 16 10 9 13 2 7 15 27 16 18 14 13 0 11 26 10 19 7 18 23 7 28 29
1 25 26 27 1 10 13 16 1 10 19 11 15 9 23 1 0 6 19 1 10 5 29 7 15 22 0 16 16 9 18 18 16 13 23 14 3 24 12 29 6 16 10 10 16 30 14 5 20 16 23 9 23 0 15 24 22 17 11 23
8 27 11 4 3 23 24 14 15 27 2 19 5 15 13 11 23 4 1 25 14 8 26 13 30 20 4 13 23 22 24 24 1 13 0 0 1 28 0 28 6 19 6 24 25 8 29 27 10 26 23 27 4 6 4 23 17 16 27 26
18 18 27 2 21 14 0 28 20 19 9 15 1 10 11 0 29 11 18 14 2 13 13 0 26 28 11 17 11 16 2 13 8 27 28 1 7 20 13 2 26 24 6 9 9 7 10 23 16 28 14 11 6 18 21 29 21 28 0 16
30 5 21 6 1 25 22 22 30 5 4 0 12 8 17 28 0 6 3 14 14 20 28 29 4 24 11 10 17 22 3 26 7 29 5 13 20 14 4 11 28 20 12 26 4 7 29 21 5 1 3 18 22 19 24 17 3 26 15 7
9 17 3 30 26 2 15 25 0 0 8 18 27 9 16 13 14 17 22 8 30 11 7 24 12 19 27 8 26 24 30 29 15 29 17 29 16 2 23 2 19 16 11 30 10 10 11 18 22 13 30 4 0 24 20 28 30 10 4 13
25 25 15 18 25 0 21 23 11 17 29 23 29 27 24 12 7 11 25 14 20 11 9 19 11 9 27 28 2 29 0 12 11 0 14 12 2 0 29 10 15 11 18 18 4 4 26 0 27 28 15 12 8 29 25 22 28 0 15 30
25 28 30 0 13 30 5 4 13 18 0 18 8 1 6 24 2 2 13 23 0 21 5 22 4 5 21 1 9 21 21 17 15 6 1 8 28 29 4 3 1 25 3 20 17 16 14 0 25 30 16 14 10 23 19 29 12 21 14 16
13 25 24 1 4 2 21 8 22 26 22 20 27 3 19 12 28 21 12 27 23 24 15 24 17 5 15 28 24 29 17 18 21 10 6 13 9 0 1 25 22 4 8 23 26 30 6 20 2 24 18 10 26 13 7 10 2 12 15 18
2 0 4 20 29 9 3 19 7 26 16 26 9 10 14 5 10 26 16 16 20 8 27 0 30 29 2 7 1 28 9 9 5 13 26 10 2 29 22 9 26 19 20 0 25 22 5 5 10 17 12 25 23 3 30 14 20 18 5 21
17 23 10 9 27 20 2 23 16 27 30 7 1 28 25 2 3 24 23 26 3 26 4 18 0 30 14 18 14 23 22 11 4 15 5 28 14 4 2 27 4 24 25 20 11 10 15 27 16 21 4 19 12 16 5 25 26 7 26 18
10 27 4 1 7 15 0 6 7 21 6 8 9 4 28 16 19 13 19 3 18 3 26 27 15 26 13 15 18 7 17 12 12 19 0 15 4 12 20 22 18 27 1 4 8 15 29 5 22 17 0 9 0 24 15 3 20 12 1 29
24 12 2 9 7 4 9 5 4 7 0 25 16 9 10 16 21 19 14 24 4 26 8 29 0 17 29 4 1 14 26 22 15 4 24 7 8 13 27 17 12 21 6 18 26 24 8 14 27 18 15 2 9 24 14 8 19 19 20 10
26 22 25 20 5 27 15 11 5 10 16 11 21 26 3 8 28 18 18 10 8 21 11 4 12 2 19 17 22 28 14 29 20 21 9 20 4 16 20 22 1 22 0 2 4 15 30 19 21 30 16 27 4 7 15 5 3 16 2 0
17 19 0 15 6 23 3 2 20 13 3 27 20 10 23 9 18 12 10 30 20 13 9 17 12 17 11 3 30 29 17 23 26 25 14 22 0 20 10 10 14 30 26 24 9 19 8 25 2 25 5 10 0 25 30 27 12 28 2 10
23 22 0 16 10 0 12 21 29 23 30 20 19 3 30 14 19 27 24 13 28 12 24 26 1 9 12 2 17 24 24 7 28 21 8 17 16 5 26 24 8 25 16 13 3 6 30 14 17 22 20 4 23 23 27 4 7 29 5 1
13 10 9 7 10 18 15 30 16 11 4 28 19 26 13 3 6 1 25 20 17 0 22 25 21 21 2 0 0 9 15 17 6 26 1 12 2 20 10 19 7 15 13 7 26 4 23 6 11 7 10 21 26 5 28 26 6 22 4 5
17 0 14 20 16 5 27 21 7 14 30 4 29 21 26 23 8 1 13 1 13 6 2 15 5 10 27 3 9 20 8 14 13 4 5 26 2 28 5 17 6 2 8 5 11 10 7 1 19 14 20 28 15 17 12 1 18 2 26 16
9 4 3 29 8 18 29 14 27 15 20 24 24 22 18 0 12 13 7 15 10 21 30 27 27 15 21 28 8 9 7 7 28 30 1 13 24 16 28 15 14 9 5 21 7 21 14 5 0 9 9 12 29 25 24 16 27 0 10 5
6 1 5 1 4 10 17 10 10 25 1 5 0 9 16 1 20 20 18 13 17 14 16 30 4 27 4 23 8 1 27 22 21 24 1 21 27 29 12 5 5 20 21 10 15 14 2 24 11 12 9 0 1 21 21 17 18 19 2 7
5 23 23 18 13 23 6 5 18 21 12 14 23 5 14 25 29 5 23 28 4 19 4 12 15 27 13 8 25 11 8 5 29 26 30 6 26 6 18 25 7 16 1 9 7 11 18 22 8 27 22 1 28 20 2 5 21 0 10 5
23 20 22 29 13 6 30 12 14 26 30 30 29 2 20 3 22 27 11 17 27 19 4 12 21 9 5 6 17 20 24 25 24 18 16 20 19 21 16 6 28 12 29 8 17 6 13 11 20 13 27 30 0 19 22 10 0 18 13 20
10 12 25 21 5 18 11 5 1 4 28 20 20 25 13 11 26 19 28 14 12 20 20 4 22 10 12 17 7 4 7 27 14 26 20 12 10 9 13 28 26 10 12 9 7 14 30 19 30 30 29 23 14 8 10 2 15 17 23 25
20 20 9 15 14 0 15 14 13 12 15 21 21 27 19 4 20 29 8 3 20 28 22 8 27 26 23 27 21 7 13 7 9 7 5 18 18 15 2 17 19 25 4 10 5 8 29 2 15 3 11 12 24 15 3 26 16 13 25 27
10 29 4 13 9 11 28 3 4 19 7 18 28 22 27 27 11 0 10 1 18 14 24 19 3 17 10 23 5 10 20 19 8 18 14 15 21 10 6 27 1 15 0 4 20 3 5 6 9 27 11 30 23 16 12 27 24 18 24 13
24 11 0 1 30 19 14 28 16 1 6 6 5 25 18 23 4 15 17 3 13 19 14 15 15 27 3 1 14 28 3 11 13 12 7 26 17 25 9 24 18 0 14 12 13 1 1 22 16 18 27 29 27 22 11 29 25 28 8 30
19 0 27 25 6 17 4 11 26 11 27 11 3 11 28 28 6 4 20 24 19 12 28 4 18 17 23 17 4 17 7 7 1 6 22 25 5 26 27 23 22 20 30 13 28 8 12 24 2 26 22 26 8 23 6 7 11 30 14 16
13 8 17 13 8 17 13 13 29 1 30 17 14 17 13 28 2 29 20 5 11 10 13 25 1 19 10 21 7 1 26 1 28 15 16 12 3 3 14 26 30 23 3 30 22 15 2 4 6 14 4 9 3 17 25 8 12 21 30 7
27 1 10 14 9 29 11 29 19 23 8 16 27 4 30 9 14 17 9 0 5 7 1 11 25 17 9 20 27 7 12 8 15 13 10 20 0 27 26 4 15 30 6 10 28 1 23 16 11 22 4 25 5 13 4 15 30 7 0 19
29 24 20 12 16 5 16 12 16 0 16 17 7 12 18 4 9 23 17 6 18 0 29 25 11 30 12 30 25 26 19 30 9 0 12 5 23 6 25 15 17 1 28 29 17 10 16 11 11 7 27 29 7 13 30 15 2 13 29 28
11 21 27 17 28 8 4 18 23 1 19 7 22 21 24 10 27 28 9 3 30 20 1 5 23 4 15 27 13 9 13 15 6 27 16 15 27 3 16 10 0 4 4 6 7 27 4 15 19 15 22 5 21 26 4 21 11 25 26 5
5 4 13 27 15 4 5 27 13 6 18 21 1 17 28 20 26 15 23 10 19 24 17 23 17 0 16 8 11 24 2 10 1 19 0 10 7 21 18 27 8 9 10 10 6 20 14 19 8 30 29 0 1 6 22 18 6 17 17 24
2 30 14 24 16 9 16 1 21 11 1 26 17 14 19 21 2 10 5 28 1 14 1 22 26 11 0 1 28 19 30 20 5 11 15 24 19 23 26 28 22 21 29 13 26 0 0 0 25 12 6 6 7 1 29 6 18 15 14 14
