65 65
14 21 4 25 18 17 24 21 8 20 18 5 17 23 17 21 2 17 23 16 8 8 20 7 23 24 10 2 29 0 12 29 0 3 11 20 17 16 16 13 27 11 4 1 16 28 5 20 21 21 2 16 2 18 3 10 9 25 12 9 10 10 4 1 6
14 16 14 4 24 19 9 5 6 6 15 7 30 13 3 11 1 25 22 20 27 28 28 0 5 18 12 24 25 27 2 2 27 24 28 28 20 24 3 15 22 6 17 16 4 24 9 12 25 24 1 19 8 3 17 1 23 20 30 24 15 9 20 23 6
19 8 4 8 1 24 2 19 26 28 0 11 15 2 17 15 18 17 29 0 18 4 16 28 13 23 1 2 2 20 1 0 11 6 12 0 19 12 7 3 25 16 27 27 17 13 29 19 0 29 22 22 18 14 22 1 17 12 29 11 4 24 22 2 28
13 3 18 3 13 30 9 4 16 20 2 6 25 21 3 15 18 2 0 5 29 26 24 6 7 12 17 2 14 13 26 0 21 11 25 6 15 5 13 20 17 17 5 27 1 21 0 28 11 24 15 14 1 19 3 11 4 6 21 13 18 23 14 17 27
10 24 6 16 3 9 10 28 29 10 15 22 8 9 4 25 8 10 28 9 24 26 25 18 9 4 8 27 29 13 12 6 28 17 18 12 7 19 10 28 9 19 19 24 27 12 24 6 25 27 7 12 30 13 25 20 10 21 28 5 2 3 23 8 27
11 20 14 10 19 12 2 28 20 20 15 21 8 5 1 15 12 15 19 27 4 27 12 18 6 7 16 19 24 12 8 30 26 29 30 27 16 15 3 7 1 1 6 29 5 11 8 30 2 18 6 25 3 24 19 9 22 7 22 28 8 3 28 19 24
25 1 3 30 1 11 21 13 16 6 10 21 30 20 3 29 4 1 23 3 24 0 30 9 29 11 23 5 2 11 20 2 15 18 9 6 16 27 6 25 1 23 4 19 14 16 13 21 23 8 26 10 14 12 3 28 5 12 11 0 23 15 15 21 13
16 21 8 24 16 22 5 8 28 2 4 14 28 8 30 0 11 19 8 17 11 9 18 25 28 5 25 4 7 26 15 15 27 1 19 19 1 17 23 12 21 22 6 9 23 0 29 5 12 16 15 7 29 4 15 3 23 8 19 24 16 23 26 2 0
21 27 21 29 17 29 15 28 12 11 8 17 6 13 6 21 3 14 10 4 12 24 19 27 6 9 16 13 17 20 14 0 18 22 9 8 18 16 21 21 21 27 2 18 10 14 20 0 11 12 1 14 10 8 20 27 5 1 16 12 5 14 29 18 21
22 6 13 22 13 22 20 23 10 26 8 14 20 25 16 2 18 13 20 19 10 17 11 19 2 24 2 17 10 22 8 9 14 10 4 28 20 8 22 19 11 30 18 13 28 13 22 3 2 17 25 15 29 27 8 4 12 14 5 10 14 24 18 10 4
2 26 11 30 5 24 15 18 7 30 5 27 0 0 9 19 6 0 18 2 6 9 7 7 23 1 4 21 21 24 6 6 0 20 26 30 14 8 13 0 26 23 21 13 1 30 27 3 22 15 5 3 8 20 8 30 6 24 12 12 18 27 20 3 8
27 10 14 9 12 14 18 11 20 6 28 26 19 7 12 8 29 22 3 16 11 18 7 21 24 23 22 12 14 19 4 12 10 7 1 3 25 3 20 30 30 3 4 20 1 6 20 0 19 2 12 30 23 1 0 21 15 3 6 10 12 6 8 24 2
30 28 28 20 30 7 25 28 12 20 27 19 9 1 6 28 14 13 14 16 21 3 19 1 10 16 11 3 17 10 26 26 27 10 25 18 0 17 24 7 24 28 24 29 4 1 7 6 13 8 21 28 2 3 29 20 29 8 17 26 13 4 24 5 8
1 9 15 15 3 20 0 10 10 24 2 21 5 6 9 23 28 29 15 18 6 5 25 27 16 0 29 26 11 23 26 19 21 19 6 16 10 1 8 14 10 11 8 19 24 29 27 8 1 25 13 0 20 4 21 17 15 27 7 22 13 10 8 9 30
4 16 17 15 9 28 4 22 6 8 17 23 18 25 2 18 19 30 19 21 12 17 18 4 8 8 0 24 29 5 6 9 21 28 16 10 20 6 28 17 12 23 10 1 1 6 11 12 13 11 2 24 27 18 16 20 23 4 5 4 11 24 5 10 10
25 24 8 22 30 4 16 24 15 11 10 15 30 7 2 19 25 27 9 28 1 27 11 6 1 13 30 10 15 28 12 0 14 11 6 23 30 1 16 22 3 3 28 20 18 13 28 10 21 7 1 25 16 10 13 18 27 5 18 5 11 14 8 9 12
30 22 24 24 28 18 7 24 11 20 17 17 17 5 4 19 15 0 12 23 5 5 6 1 14 0 23 6 1 20 2 15 10 12 3 2 11 15 28 5 23 26 1 13 21 3 25 3 30 29 16 26 24 1 8 2 19 29 30 6 13 22 16 27 16
9 8 15 15 6 8 21 8 10 6 24 15 30 0 30 14 8 17 12 26 28 13 3 3 19 8 26 12 29 28 3 17 22 23 1 17 29 9 3 11 0 7 16 20 2 18 6 20 24 8 9 20 19 17 16 1 2 9 25 1 11 30 2 8 5
17 25 30 1 10 7 0 15 29 12 11 6 19 1 8 10 16 17 27 20 16 10 15 17 30 6 0 7 18 13 28 6 8 17 6 0 3 21 25 13 30 30 2 1 20 8 21 11 30 6 9 12 26 1 16 13 12 5 27 3 19 5 30 26 19
29 5 17 9 28 25 9 5 22 23 8 27 23 12 14 27 9 5 13 3 25 11 2 15 2 22 4 25 19 25 9 3 12 7 20 6 5 28 1 4 15 24 26 11 28 30 4 19 29 7 28 29 30 8 18 22 13 26 8 20 22 29 1 14 5
25 11 8 13 0 0 30 10 7 4 11 19 20 19 14 30 4 24 17 19 21 12 11 5 18 18 19 9 11 20 8 21 4 13 24 27 10 14 29 13 14 2 14 16 22 17 18 21 19 21 4 12 13 14 18 30 11 28 6 11 10 11 2 7 19
14 21 11 26 22 15 28 19 14 9 20 21 24 26 7 29 28 27 22 18 19 11 12 4 24 16 22 28 26 26 17 27 3 25 16 10 12 1 27 12 0 25 18 29 4 26 6 23 12 22 7 3 20 11 10 14 16 22 29 5 29 29 30 21 2
20 23 27 6 17 15 19 20 5 3 2 19 15 25 15 23 26 5 25 17 17 24 6 26 21 17 4 16 20 13 17 6 7 16 11 15 6 10 18 21 7 5 28 12 30 2 14 21 6 24 13 5 8 1 23 15 11 2 23 11 3 0 30 4 20
19 27 17 22 22 2 27 2 21 12 20 28 19 22 26 1 25 11 12 8 15 25 13 17 3 12 25 13 18 30 6 14 21 4 25 8 19 26 26 15 5 27 24 20 1 21 2 4 15 6 13 8 30 19 21 25 26 29 8 16 6 22 12 20 13
15 19 7 7 2 19 7 17 10 30 30 8 7 19 16 28 20 1 30 21 3 19 6 23 28 20 13 22 5 29 29 21 7 9 30 4 20 5 14 28 15 26 14 0 10 16 26 7 16 30 12 18 9 8 13 6 28 21 25 16 1 11 7 12 5
3 12 25 28 20 29 15 22 2 24 20 20 17 7 27 30 20 22 23 9 20 27 24 9 28 2 18 0 21 0 12 19 22 12 9 22 27 22 11 9 30 23 14 18 6 8 8 11 1 13 1 28 4 4 7 6 12 5 5 9 26 26 0 1 21
18 30 13 22 20 7 23 4 23 20 25 21 27 28 13 13 20 12 4 22 13 25 18 15 8 25 23 22 19 1 12 11 19 13 27 4 21 12 25 10 18 14 28 17 22 15 12 19 16 29 12 23 10 18 14 4 25 12 27 10 15 17 24 13 9
25 11 24 18 16 18 7 10 16 26 4 5 26 25 2 20 5 11 1 12 18 22 13 26 21 25 5 17 19 3 10 10 27 11 15 4 4 5 20 16 20 3 2 26 6 26 11 10 22 3 21 17 24 24 18 12 21 15 12 6 21 11 7 4 21
7 16 1 29 24 14 7 17 10 20 10 27 21 3 23 10 7 5 13 25 11 24 5 3 28 16 9 2 23 20 24 20 26 8 10 28 5 10 19 22 25 30 12 0 10 22 20 1 22 24 7 24 27 10 13 21 4 22 15 23 3 14 3 24 18
16 9 9 9 18 9 26 20 30 26 2 14 26 13 30 17 21 15 7 27 9 14 27 16 12 5 17 12 22 30 6 1 29 14 24 15 17 29 5 2 9 16 23 19 2 4 9 20 24 14 28 0 11 3 7 1 11 5 18 19 30 4 0 6 2
21 23 9 18 19 19 14 12 22 11 7 2 18 11 7 16 14 29 16 27 5 26 15 5 14 22 25 3 2 14 5 28 5 23 21 3 15 9 1 15 26 28 22 9 15 10 26 9 22 20 13 13 9 5 10 4 15 18 23 26 9 28 0 9 9
1 7 5 8 13 3 9 20 21 7 11 2 26 9 8 1 17 1 14 17 26 30 13 1 16 24 7 23 15 2 23 17 7 2 30 3 0 13 2 0 28 23 7 11 4 27 4 12 16 26 27 5 19 23 24 23 3 19 7 0 13 4 17 13 16
8 11 28 10 30 9 20 28 11 24 13 29 26 4 4 9 19 1 29 6 14 10 15 26 25 13 4 2 12 17 16 16 26 22 22 19 2 5 25 5 7 30 21 3 2 9 6 30 10 23 4 28 13 26 30 24 20 6 13 6 21 27 20 30 13
12 7 16 17 4 27 21 6 16 18 18 10 26 0 24 14 3 29 28 28 8 10 24 17 8 20 6 5 16 24 19 15 6 6 14 28 10 2 22 10 13 15 30 25 20 4 2 20 3 1 30 28 9 21 20 23 30 29 4 7 17 19 8 20 22
19 0 15 15 24 19 1 7 23 9 17 19 2 7 15 10 27 18 19 20 6 21 19 15 30 28 28 22 13 15 18 19 20 14 29 26 29 17 7 9 29 29 4 2 9 26 1 14 14 5 2 1 1 7 6 23 14 3 27 10 19 30 8 28 6
14 6 8 16 5 7 29 2 17 9 15 12 11 10 28 6 16 1 29 29 17 10 11 22 18 8 25 18 13 22 18 7 11 27 5 6 14 12 21 12 29 23 25 10 15 0 25 22 30 16 13 17 18 29 24 0 13 3 20 1 8 27 9 2 30
7 18 12 22 12 25 6 14 2 5 6 10 9 20 30 1 29 15 5 16 26 0 10 1 13 10 25 8 23 26 3 25 30 10 25 8 4 14 17 7 23 15 7 14 18 28 4 10 1 8 18 15 14 4 1 21 22 13 16 2 18 16 12 26 12
20 20 21 9 12 18 25 22 29 5 10 19 25 6 29 30 15 18 23 12 26 5 30 26 0 6 29 16 1 30 16 4 3 11 0 7 10 10 16 28 19 15 5 11 4 15 14 24 11 20 10 4 24 0 12 20 1 3 28 22 28 20 22 22 26
13 19 13 10 2 13 28 20 16 23 2 26 20 21 25 20 26 24 5 1 1 15 7 22 29 25 12 2 17 4 22 25 3 4 21 26 15 6 19 14 0 2 21 13 24 15 16 9 10 1 28 6 1 1 27 13 6 17 28 12 28 3 15 15 25
19 22 21 8 16 9 13 5 22 13 7 14 0 14 12 1 17 15 21 16 12 0 13 8 17 21 0 17 28 6 13 29 15 29 3 22 29 1 2 18 4 5 23 0 21 27 4 28 2 10 15 16 9 21 3 14 18 7 14 21 2 23 12 24 26
28 25 12 6 1 6 18 1 29 2 28 1 2 10 18 4 24 25 27 30 16 26 8 22 10 23 19 7 18 11 8 26 8 29 9 14 15 5 10 18 24 23 2 22 12 13 6 14 30 19 27 14 8 3 29 25 9 15 9 17 18 25 0 28 1
10 9 14 18 22 4 6 11 5 1 30 13 12 23 6 23 4 21 24 30 15 3 19 11 7 24 30 21 3 11 12 16 27 20 17 7 3 22 16 21 18 17 7 11 2 18 1 20 20 20 25 25 2 0 9 0 11 29 25 14 23 27 2 6 8
5 24 25 8 2 29 23 3 21 29 18 2 2 1 17 13 18 22 17 4 6 20 6 30 8 27 0 18 21 10 18 10 26 20 23 28 8 15 20 30 4 4 28 20 16 23 25 24 18 27 25 18 25 16 3 30 30 10 20 0 18 27 8 8 18
30 23 19 25 30 4 30 18 18 23 5 23 15 20 30 4 7 25 16 3 12 0 25 4 8 2 26 26 22 8 7 25 16 13 30 6 0 2 3 2 16 13 27 4 1 19 29 21 30 14 25 22 4 14 20 11 8 16 13 13 12 24 29 7 18
4 5 13 18 0 17 1 22 17 26 8 18 23 1 4 27 2 20 20 1 20 24 21 26 7 16 9 4 24 28 29 24 28 16 9 15 1 27 8 30 12 8 12 10 7 22 27 2 30 4 21 15 15 10 22 28 19 14 22 15 29 14 26 8 26
21 28 23 19 29 10 21 10 2 11 15 30 18 13 23 13 27 30 18 0 21 15 7 17 24 15 1 14 1 25 28 2 10 26 24 25 15 11 28 30 23 20 13 18 30 23 10 8 20 28 1 25 1 12 14 27 17 2 21 5 24 17 1 12 19
8 29 10 6 3 20 19 28 16 15 6 15 23 4 22 26 29 5 22 26 17 12 12 12 21 9 1 17 24 9 7 28 16 30 13 10 10 18 24 30 5 27 3 18 3 19 2 5 27 13 10 14 7 9 26 21 1 5 26 6 24 14 8 28 6
18 9 6 19 28 16 0 3 21 23 8 0 30 5 18 12 25 11 17 25 30 7 20 27 27 16 4 14 26 2 7 29 9 15 14 24 27 3 18 14 11 18 25 29 19 16 5 25 16 12 18 12 30 9 28 7 28 24 3 2 19 20 4 7 27
6 28 22 4 16 18 7 26 16 15 2 22 6 24 21 3 18 29 24 4 20 4 27 7 19 20 2 9 14 24 22 14 22 14 10 15 22 23 18 10 24 2 13 21 26 4 23 4 26 5 11 11 13 23 19 0 21 2 2 16 6 9 1 25 30
21 2 19 5 11 11 15 14 24 8 13 2 15 23 11 15 10 4 0 27 18 3 9 6 27 24 29 1 24 1 7 19 29 19 24 16 13 13 2 9 14 23 19 2 8 26 19 17 5 3 13 5 22 17 20 2 4 30 13 11 20 4 4 4 16
17 27 5 23 29 10 5 24 18 17 1 18 7 1 22 5 11 27 7 16 8 22 9 14 25 23 14 11 30 5 23 12 8 18 0 14 4 20 19 17 4 10 2 20 20 16 14 14 11 11 13 8 11 21 27 21 9 24 7 16 28 7 4 13 11
21 21 4 11 25 27 4 28 19 0 25 27 8 5 30 27 7 23 1 5 30 15 9 4 1 7 5 12 13 14 15 28 14 9 28 15 15 15 27 4 27 1 25 11 7 27 1 22 0 4 30 6 30 12 25 21 16 15 8 27 10 18 26 2 28
0 14 15 27 12 15 5 14 8 4 29 5 8 13 6 2 17 9 21 29 24 10 26 4 13 19 16 4 21 22 19 17 20 10 12 19 30 5 9 5 19 11 7 26 15 18 17 2 12 9 12 21 2 27 26 18 26 19 2 27 16 11 1 11 13
23 21 9 26 28 14 21 16 16 10 29 8 7 19 16 22 19 2 20 4 15 24 16 28 21 22 27 13 20 27 29 17 9 10 23 8 2 2 1 16 2 8 5 29 3 2 20 27 23 18 2 27 3 19 13 11 25 30 24 3 6 30 27 4 5
6 3 23 23 29 2 16 3 3 27 10 24 12 4 23 24 15 16 18 9 22 30 1 12 23 14 14 17 7 7 2 20 10 23 5 22 7 18 18 17 24 2 20 6 14 11 29 24 24 25 0 2 0 30 24 8 19 18 16 16 26 5 4 10 22
28 20 17 0 21 23 11 4 7 24 22 29 25 27 12 19 10 13 10 15 17 30 14 16 4 25 0 30 1 22 2 23 30 23 27 16 16 24 25 14 7 18 8 11 23 20 23 2 20 12 9 7 0 2 14 18 18 7 11 14 5 5 8 28 1
15 4 25 30 15 29 4 12 25 27 0 8 21 30 7 18 10 11 22 17 29 7 16 13 1 24 23 8 21 2 20 13 16 16 19 17 22 18 27 28 9 16 23 2 14 23 27 16 30 3 14 24 21 9 4 15 22 5 24 9 16 13 18 8 25
8 28 16 23 8 1 28 11 2 15 8 20 18 12 29 9 29 0 18 17 30 0 10 4 10 1 19 14 7 17 5 18 24 13 19 24 21 12 23 0 6 7 24 17 26 18 16 20 13 25 14 7 11 21 23 8 6 18 21 21 3 23 14 0 6
3 25 15 21 21 9 28 21 18 18 15 29 14 10 4 7 29 24 21 14 19 7 27 29 8 27 11 21 24 23 26 22 18 23 25 25 4 12 20 2 22 17 28 6 28 13 10 3 0 12 27 17 9 9 10 7 12 11 9 6 29 6 21 0 21
14 8 18 27 6 1 21 7 2 1 2 28 30 9 11 16 13 27 4 4 14 1 10 5 25 22 5 7 17 12 3 9 26 10 28 8 15 3 27 13 2 2 6 7 19 1 22 21 11 28 27 12 17 6 13 20 29 21 29 19 24 30 6 22 30
24 25 20 11 10 8 9 15 30 4 5 17 24 21 26 14 15 4 29 26 8 9 0 21 1 21 23 25 27 28 1 0 21 1 14 15 14 12 11 28 27 30 1 20 3 2 23 25 13 13 26 8 10 21 20 30 8 25 0 15 23 23 17 27 2
14 9 27 28 5 21 21 25 4 13 27 11 15 10 9 17 18 26 8 24 17 15 18 2 29 16 26 20 21 21 29 28 11 10 22 29 21 23 13 17 20 8 1 15 24 20 5 10 1 24 1 27 9 5 30 10 0 0 8 22 7 10 2 24 3
0 13 12 11 22 22 20 8 20 23 16 7 16 18 1 16 16 21 13 11 10 6 19 18 28 17 11 8 4 0 20 29 10 9 17 24 16 7 20 3 23 27 23 26 6 8 29 14 1 9 16 11 24 25 4 12 20 5 16 3 20 25 3 6 27
23 6 26 0 26 17 14 10 17 6 11 24 10 24 1 20 2 16 23 22 24 0 10 12 27 29 25 12 24 30 6 13 23 6 9 2 28 26 0 22 22 26 28 10 10 3 3 18 29 18 14 8 18 24 3 7 12 24 17 2 12 21 29 13 24
6 3 26 8 13 9 20 7 30 17 10 7 0 25 12 16 22 30 1 18 9 23 23 19 21 2 30 3 6 8 30 6 0 11 7 20 15 1 27 6 10 20 15 7 19 9 20 0 11 5 11 12 2 1 19 15 28 14 7 22 11 24 17 7 16
