71 71
28 20 24 1 27 9 5 23 26 9 24 24 17 20 28 27 10 23 28 12 30 1 4 29 0 12 20 14 18 0 30 23 16 21 13 25 19 20 14 16 21 16 7 10 19 29 16 4 20 4 28 2 24 19 5 4 5 16 23 24 24 30 11 8 19 21 23 12 3 18 12
30 14 2 5 15 4 17 9 17 6 23 4 20 15 20 18 9 2 4 18 16 1 23 19 9 30 26 12 8 8 22 20 7 8 30 24 6 27 30 8 15 17 19 11 10 6 16 26 26 5 20 25 2 10 5 9 2 22 10 19 21 13 1 17 10 16 2 17 13 14 8
25 30 20 11 7 16 17 11 3 13 19 2 19 4 1 14 2 7 14 3 6 5 3 19 7 27 3 6 3 4 3 23 13 8 25 27 28 3 20 7 13 19 16 14 4 18 0 23 29 2 12 6 21 0 18 5 29 21 1 26 27 11 10 8 4 4 10 26 10 6 6
17 17 16 27 13 1 0 8 11 10 24 9 22 1 19 23 21 20 12 20 2 26 29 25 23 14 29 24 14 29 22 28 0 28 7 2 16 18 29 28 12 29 4 9 11 29 15 12 26 20 8 19 22 5 4 1 30 15 2 0 22 29 12 5 12 2 13 23 17 2 29
10 8 25 7 4 0 1 7 21 11 14 19 6 16 19 2 4 9 21 12 27 5 22 28 1 6 5 19 8 3 20 19 5 13 11 15 8 29 4 18 0 28 28 1 17 25 17 20 5 0 14 30 30 10 25 21 11 20 20 19 23 15 10 9 5 13 0 8 21 1 9
14 21 8 18 6 12 17 23 13 30 4 16 25 19 11 29 15 24 6 30 16 6 24 24 23 1 2 22 19 28 8 12 13 4 25 9 6 25 18 2 28 14 23 17 17 25 4 19 21 0 29 11 20 9 28 11 11 9 14 25 23 3 2 19 11 16 25 25 5 17 9
10 2 17 1 27 22 21 16 20 3 20 3 23 15 23 29 5 11 0 22 29 1 23 20 10 29 4 29 7 17 11 10 28 14 30 2 14 16 20 25 13 0 20 12 9 26 30 23 29 25 6 6 23 3 16 17 22 26 5 2 16 4 25 18 23 30 28 12 26 25 7
19 11 7 7 13 27 1 20 29 21 8 22 26 17 5 0 9 20 19 28 6 0 22 26 20 2 17 28 5 28 17 21 13 22 26 13 29 30 2 20 21 24 20 12 7 1 1 21 9 17 9 19 1 6 27 13 13 11 18 13 1 5 6 15 11 0 12 28 28 15 14
2 20 18 1 15 3 23 7 19 6 12 16 16 0 14 11 11 8 30 3 18 29 4 12 29 13 19 19 29 3 16 22 13 27 27 11 5 5 16 23 1 19 21 21 12 11 27 14 11 12 16 11 23 22 8 13 24 4 30 8 3 14 4 1 26 27 2 12 27 2 24
2 1 24 23 25 10 25 3 18 4 21 3 24 8 1 2 20 22 23 30 9 12 10 9 21 23 11 15 27 10 21 20 14 19 26 1 20 4 18 12 4 18 13 10 11 15 29 10 7 26 9 16 10 29 6 6 29 11 25 27 5 19 6 13 12 24 17 7 15 23 16
9 11 12 25 14 4 29 17 26 6 23 14 13 19 28 19 17 30 7 13 8 3 26 7 30 22 11 9 10 16 13 9 19 7 11 26 22 10 18 13 19 26 8 7 21 2 6 14 27 16 15 22 16 3 30 1 28 26 10 10 8 10 15 18 7 5 6 19 6 8 8
24 26 22 12 29 23 19 16 12 9 0 20 28 29 26 0 24 7 30 26 4 7 24 12 14 19 21 22 28 24 0 7 24 23 1 14 5 15 11 25 13 3 8 0 16 3 4 4 28 19 20 20 15 28 3 8 0 29 28 1 28 29 25 3 12 23 14 16 28 4 2
12 6 26 24 27 8 8 0 17 6 24 1 2 9 10 15 18 30 7 20 29 2 20 26 16 27 28 3 24 4 12 4 5 21 29 16 18 9 20 28 24 7 4 13 27 8 15 19 3 22 26 14 7 14 19 23 28 17 25 12 2 20 30 7 4 27 4 7 19 30 15
16 19 0 1 0 5 5 17 25 2 16 4 9 25 9 20 8 29 4 22 15 30 3 20 9 3 15 5 22 5 6 29 15 25 6 11 11 23 7 21 13 17 16 9 6 1 17 12 2 28 25 24 18 30 20 2 27 7 11 5 27 6 9 10 9 26 29 13 4 17 0
29 11 0 9 17 9 2 14 11 19 28 13 16 26 5 14 7 20 19 7 15 11 1 1 30 27 2 24 26 11 15 15 27 27 21 24 5 19 29 12 12 25 7 29 10 22 3 28 2 29 16 2 11 20 27 11 8 20 17 25 16 24 29 24 14 24 7 8 24 11 7
23 7 5 6 14 10 15 30 25 1 30 5 16 12 24 15 25 18 24 4 11 3 3 25 29 18 13 15 29 8 1 6 0 12 22 0 30 0 23 10 13 22 30 29 11 28 18 5 27 5 8 21 16 8 23 11 4 30 2 26 18 28 3 0 22 25 30 6 28 5 22
28 27 1 15 6 22 24 3 25 23 13 1 10 29 13 15 13 8 10 27 20 27 11 7 7 8 5 7 17 4 0 22 13 17 7 14 30 22 24 19 23 24 4 1 21 0 1 8 10 15 7 19 20 1 13 11 13 4 21 29 25 11 29 2 7 13 7 23 10 15 22
12 5 20 30 1 14 23 0 23 26 3 26 17 2 11 30 7 28 24 6 28 28 2 17 20 8 24 19 25 8 8 26 17 1 19 24 22 11 7 9 12 0 23 6 2 27 23 21 6 27 5 22 13 9 1 6 8 23 1 16 13 29 2 20 28 13 17 26 21 24 24
11 2 4 12 2 22 2 19 29 22 26 5 23 30 24 11 6 13 1 5 23 3 30 10 13 28 13 21 0 11 21 3 5 1 13 2 2 23 7 21 16 27 3 1 2 14 2 12 16 3 14 24 22 15 1 27 10 26 27 23 16 3 23 24 4 25 21 20 11 13 21
15 13 13 0 10 1 29 24 10 20 8 12 3 26 15 16 26 9 20 15 6 7 21 2 12 2 18 27 5 4 22 28 18 20 1 3 0 13 8 10 4 14 28 30 25 25 30 20 27 29 18 0 27 21 30 26 8 10 9 10 8 24 21 23 5 14 14 4 0 14 27
29 23 19 24 12 10 14 9 30 27 0 12 22 23 12 16 8 24 11 26 18 0 6 9 0 15 30 10 9 11 8 15 9 4 23 26 8 2 6 16 25 3 26 3 11 27 20 22 1 13 5 22 2 6 22 26 29 12 5 10 28 3 14 18 8 13 5 17 7 10 22
0 13 1 28 9 12 24 20 2 7 0 8 20 0 30 8 7 8 5 10 1 14 7 9 11 19 23 13 27 10 7 28 28 9 4 29 10 28 7 26 12 4 18 13 12 30 7 5 2 16 29 6 2 0 20 3 25 20 12 17 2 14 18 13 6 16 21 5 18 14 22
24 13 27 21 0 26 15 24 17 2 22 12 21 12 21 28 11 16 12 29 25 20 24 4 20 24 8 27 13 27 4 1 11 13 18 5 16 16 14 28 20 19 12 8 1 9 29 29 15 6 22 28 25 6 17 23 17 5 4 8 13 30 4 1 3 2 13 12 24 29 14
30 8 9 30 2 27 20 23 12 8 11 18 9 20 19 25 9 21 6 10 27 17 29 7 22 15 18 3 28 2 5 1 16 5 28 26 8 25 27 29 18 3 28 30 22 9 15 12 25 19 5 20 25 10 7 29 21 30 9 5 15 19 28 20 29 9 12 28 29 17 18
9 21 21 20 2 16 10 20 23 23 10 19 15 23 29 16 24 2 25 29 3 3 6 8 30 12 0 14 26 19 11 19 6 30 3 14 24 17 2 17 8 21 23 18 8 3 18 7 18 13 7 20 13 9 24 30 22 29 1 15 0 5 6 13 9 0 25 16 5 5 13
12 18 22 1 11 1 17 5 24 15 1 20 10 20 24 17 1 8 1 5 13 2 22 14 29 28 3 7 17 14 20 6 15 3 24 15 7 16 21 12 24 18 3 9 16 29 19 1 16 15 5 27 21 22 18 27 5 0 7 8 7 6 12 6 25 8 22 25 23 21 12
8 23 0 21 13 20 9 29 2 17 10 6 14 11 15 24 17 19 19 14 22 18 12 11 16 17 7 2 24 3 5 23 12 15 26 12 20 22 8 17 22 6 0 7 12 26 5 23 27 30 26 17 25 29 18 22 21 0 10 16 9 25 23 12 14 0 20 15 13 0 21
24 5 14 16 25 6 17 27 2 29 10 11 6 22 28 13 4 4 26 19 27 14 14 20 13 21 4 24 16 2 28 20 15 15 13 3 7 7 13 24 5 16 21 26 3 27 4 26 16 8 4 26 21 26 13 7 13 21 9 28 18 3 18 24 11 18 22 7 7 8 23
19 10 11 12 9 30 7 2 19 20 24 9 17 18 11 2 0 11 12 23 22 1 11 6 14 20 2 29 23 22 9 7 19 27 12 1 23 8 3 22 1 2 25 4 28 8 22 26 10 20 22 12 21 29 24 21 14 21 12 20 5 8 21 1 27 3 9 0 20 1 22
28 21 16 22 12 18 8 7 16 16 21 21 1 24 9 20 18 28 19 20 8 30 23 3 25 6 6 9 25 27 14 30 27 30 12 17 7 16 29 17 5 4 28 27 25 3 12 16 22 27 18 1 10 25 2 29 7 18 11 26 30 16 12 24 11 27 30 28 21 12 14
20 26 5 8 7 9 18 23 26 1 28 24 21 3 14 15 4 3 12 0 8 20 16 8 25 6 24 10 6 2 6 16 9 14 28 3 20 13 21 23 10 25 23 26 24 17 9 21 15 5 2 7 0 17 1 25 1 22 19 16 10 19 28 28 18 9 3 9 12 21 18
19 1 29 7 5 4 25 3 7 21 7 22 20 25 18 27 6 10 25 25 22 11 7 7 25 29 6 26 5 8 28 20 0 28 6 28 9 24 13 5 10 17 10 23 6 5 2 3 24 18 2 23 22 12 10 19 30 0 8 8 15 0 22 6 22 8 23 15 14 11 23
6 21 28 9 4 27 20 19 27 15 1 17 7 23 10 22 29 15 5 8 18 24 13 3 10 30 29 8 3 30 22 25 27 14 6 20 22 23 30 18 13 19 11 27 20 16 22 24 17 15 19 17 22 8 11 24 16 6 8 11 22 4 7 12 15 0 1 28 20 28 16
0 3 0 2 19 18 6 23 23 15 16 15 29 27 18 13 14 14 16 13 1 10 25 23 10 10 15 17 3 3 27 9 9 6 8 30 6 7 14 18 4 15 1 19 9 16 21 19 29 6 19 26 30 27 26 16 17 8 21 0 26 22 12 0 22 20 23 11 13 7 0
8 17 3 26 4 22 26 7 11 12 27 3 11 29 0 12 27 0 1 6 20 0 29 12 6 26 18 0 20 19 3 19 3 23 26 18 26 15 9 6 26 26 12 22 27 23 3 3 14 6 21 24 2 18 8 19 3 13 8 13 9 0 28 0 30 6 17 24 11 14 17
26 3 2 11 26 0 7 4 14 22 29 0 21 26 4 10 0 21 2 15 26 3 14 24 5 20 6 10 5 27 2 7 13 11 19 7 16 25 4 18 29 22 6 13 0 24 28 6 7 28 19 7 5 10 3 6 7 19 18 11 29 29 8 18 21 22 29 20 12 21 6
5 8 20 5 19 12 29 9 7 3 10 27 4 4 4 6 16 28 15 22 10 18 0 0 29 3 17 11 11 24 0 30 5 21 16 22 6 13 10 14 4 15 21 29 7 8 20 10 7 19 22 16 28 4 12 0 3 1 19 28 21 9 28 13 9 13 13 19 7 20 23
11 5 0 14 23 19 4 18 2 8 25 24 7 10 13 7 8 1 16 29 17 24 20 6 21 8 28 15 13 29 14 25 16 11 18 19 26 16 1 21 18 17 7 6 13 23 1 27 25 3 27 0 16 9 23 5 0 18 26 21 4 16 19 19 0 25 20 11 22 2 9
24 0 4 22 3 6 21 30 7 30 29 30 24 0 12 10 5 12 30 23 21 8 12 20 16 12 5 14 17 22 25 14 5 24 28 25 20 16 26 24 2 24 28 6 0 29 11 12 17 20 6 26 18 7 25 1 22 0 15 4 12 18 16 16 5 30 29 22 18 20 26
21 1 29 10 4 17 5 24 0 19 11 17 3 10 10 5 24 19 20 12 9 4 10 22 27 2 3 24 3 1 20 3 30 5 2 10 24 29 5 1 29 22 25 14 9 18 19 29 12 7 30 8 25 12 1 28 21 11 26 0 2 18 13 14 22 18 14 18 7 9 1
19 16 29 4 2 4 14 28 22 4 28 17 1 30 23 2 11 17 10 9 12 4 27 25 28 17 15 2 27 6 4 10 28 8 24 3 8 19 20 18 26 19 16 15 10 17 2 5 27 5 29 4 8 29 29 6 20 6 0 9 27 0 30 9 19 22 16 16 0 18 23
22 26 13 14 16 22 19 9 22 25 26 23 4 2 14 5 6 3 29 21 30 14 19 26 15 18 26 28 5 0 2 21 10 27 30 9 20 25 11 16 27 3 30 20 28 26 25 6 7 28 0 27 4 10 1 14 11 23 21 17 30 23 17 13 22 25 17 9 8 2 2
21 4 13 6 18 29 21 19 20 8 8 20 12 6 13 19 11 12 1 13 17 21 5 3 9 16 16 24 2 6 1 8 27 13 5 21 15 16 29 11 25 15 12 20 23 6 5 15 18 2 15 22 14 25 23 6 14 8 16 13 6 19 28 15 16 7 25 28 24 23 20
24 26 0 10 16 7 5 12 20 13 21 22 27 1 7 3 26 24 19 18 13 30 26 28 12 1 10 5 1 22 9 17 16 9 15 8 28 27 24 25 27 28 19 0 13 14 30 30 14 5 3 29 26 14 12 25 22 5 24 23 25 17 27 10 13 24 27 10 28 19 17
12 28 6 27 23 28 11 9 7 8 28 1 30 23 22 25 17 25 17 3 19 19 16 20 0 22 9 15 7 8 12 14 7 20 18 0 29 2 9 2 11 23 4 27 18 1 13 0 28 0 26 7 11 7 19 25 30 0 17 15 9 15 1 18 30 13 17 5 23 8 8
27 19 30 27 26 3 11 6 14 11 11 23 23 27 3 30 2 12 14 2 0 24 18 4 13 1 13 18 1 12 21 22 3 3 2 6 25 4 10 25 28 11 21 13 0 29 28 12 13 28 25 24 17 11 14 24 21 6 12 27 20 2 0 4 13 23 3 23 21 21 14
4 25 2 3 5 15 20 21 20 15 17 3 0 15 18 1 18 22 2 10 27 9 20 30 16 25 10 10 14 21 7 21 15 15 29 4 14 20 19 7 13 5 26 10 8 20 25 30 23 5 11 20 19 0 26 27 1 12 14 2 27 8 6 11 17 9 9 25 16 30 2
20 0 11 6 28 6 27 10 7 26 2 0 24 6 30 12 17 29 27 18 4 11 4 17 15 15 17 23 22 30 19 18 12 27 15 20 7 20 2 11 21 7 4 13 0 12 19 13 25 27 4 28 11 24 23 28 19 2 30 26 10 21 28 29 1 17 19 19 1 3 8
24 30 5 21 7 11 3 23 4 13 5 6 7 15 20 26 28 10 22 16 14 1 29 9 28 12 16 28 13 12 16 22 7 17 9 22 20 24 21 26 20 1 15 24 30 7 8 23 13 13 16 13 7 23 10 2 18 18 17 24 16 24 22 25 9 17 5 15 21 23 18
18 15 27 24 9 26 30 22 5 4 24 25 9 24 27 15 5 26 25 22 14 27 13 17 11 9 10 10 8 6 1 4 5 21 21 19 13 14 28 5 17 27 7 9 25 11 13 0 18 7 5 23 28 28 15 22 22 10 26 25 29 16 19 12 20 14 23 21 18 23 15
20 30 26 13 2 28 27 21 25 18 24 21 9 3 6 17 25 28 1 10 0 16 11 18 22 23 16 12 27 12 10 20 21 7 24 22 12 26 28 5 25 5 6 23 3 18 3 29 6 18 29 21 28 8 13 0 18 17 29 16 5 18 15 11 21 23 22 19 16 26 19
15 3 18 15 16 19 23 8 4 12 19 8 22 27 25 3 19 22 20 21 22 10 16 25 24 27 17 29 12 20 12 8 29 15 18 10 18 20 19 3 26 8 18 0 30 4 16 12 3 0 5 30 4 20 9 2 21 10 27 30 2 30 15 22 24 16 10 7 8 9 17
22 27 21 14 18 7 15 2 30 11 7 3 8 19 22 26 14 13 28 22 24 23 17 26 26 3 0 18 6 24 1 7 17 5 6 10 0 29 11 30 30 0 25 11 3 24 24 7 26 30 22 29 16 14 11 27 0 21 6 2 26 30 15 9 0 26 16 6 24 6 17
1 12 24 30 21 11 12 16 30 29 17 0 8 12 8 18 18 15 10 3 14 21 12 30 1 15 28 0 24 19 26 24 26 28 19 0 20 3 2 25 16 15 11 19 4 2 9 16 25 14 16 5 22 14 1 15 8 21 4 7 13 9 12 25 16 7 15 11 11 3 30
8 0 2 10 12 0 14 20 11 26 24 16 3 1 5 6 18 22 21 26 27 26 8 10 0 24 13 1 3 27 21 9 20 24 8 19 22 8 12 14 25 5 28 17 16 30 30 5 17 0 16 8 10 2 23 12 23 1 4 17 20 14 2 16 25 1 20 2 27 5 2
21 27 7 4 2 21 2 23 23 7 23 5 23 5 11 2 0 23 7 17 25 18 24 14 28 0 15 6 4 12 0 26 20 30 25 25 14 28 13 27 2 30 5 3 10 27 25 22 4 16 5 4 2 8 5 30 21 1 20 1 15 11 22 18 0 5 14 16 27 30 13
21 28 14 21 13 19 5 14 24 16 17 8 22 27 7 16 19 2 4 10 15 7 13 27 3 19 5 20 1 12 3 4 7 6 25 3 10 4 11 12 13 15 7 30 5 5 16 13 15 18 20 20 21 10 14 26 6 6 29 7 0 5 17 3 25 29 2 21 8 16 30
10 24 19 22 18 5 19 1 16 9 26 3 27 20 7 0 6 6 17 11 26 11 15 14 4 2 12 29 16 1 16 30 14 9 17 20 8 16 25 24 27 18 29 28 26 22 3 3 20 7 11 6 6 11 19 9 8 26 19 23 4 11 20 24 13 27 24 18 20 3 21
24 16 30 30 23 10 24 21 22 22 12 22 26 10 12 5 26 9 16 3 4 29 8 4 22 5 27 12 24 3 7 0 22 15 3 0 24 10 14 5 16 1 1 17 14 26 0 22 23 8 25 26 12 6 8 5 0 16 20 30 9 9 24 24 3 30 19 9 7 14 18
19 10 27 2 7 11 5 17 4 29 15 13 6 21 30 11 15 13 30 2 11 13 0 1 15 27 6 8 10 13 25 0 9 20 2 4 6 0 11 26 15 18 19 22 19 29 26 9 9 4 15 1 13 13 20 17 26 30 11 29 8 12 20 11 21 17 0 27 13 28 25
1 4 8 3 20 15 21 26 25 16 4 21 24 10 7 9 22 17 25 2 0 7 27 9 4 8 21 26 11 17 21 29 12 16 25 10 4 14 17 10 24 14 1 15 15 15 8 20 29 0 25 9 8 11 1 8 22 23 19 14 14 16 22 0 27 9 1 28 28 8 10
16 24 22 6 26 25 21 21 12 26 11 8 22 28 3 19 19 19 3 24 6 24 23 19 26 26 10 20 10 7 18 22 5 24 18 30 27 28 18 27 1 26 29 30 28 6 19 13 3 16 30 18 10 22 9 20 6 1 11 17 6 6 13 8 20 7 19 16 25 27 23
4 25 9 2 6 4 17 24 7 28 9 11 18 15 29 2 11 2 18 11 13 24 29 8 9 19 17 13 20 18 0 9 7 17 27 27 7 25 23 29 7 19 19 29 3 5 6 6 22 17 19 8 3 27 4 8 23 29 19 6 8 14 6 13 7 0 19 25 6 17 12
30 8 23 19 27 16 8 18 1 28 24 11 4 30 19 17 27 10 28 20 19 8 15 20 28 9 3 14 13 13 21 19 7 15 7 19 23 23 13 10 30 9 8 24 15 28 0 29 21 18 13 4 30 1 1 4 15 28 5 29 2 15 18 29 6 0 18 1 16 9 5
2 9 11 9 27 23 29 23 8 19 6 12 1 21 12 8 24 10 28 20 1 0 23 11 23 19 5 28 21 26 27 28 1 23 7 1 26 11 24 24 24 2 24 0 23 0 3 2 21 25 17 21 15 17 12 11 19 13 8 22 16 27 16 22 17 22 14 22 16 16 21
8 27 13 7 4 20 7 28 17 19 9 20 7 3 19 6 4 15 24 30 19 0 19 23 25 24 20 24 8 8 23 11 25 22 4 18 21 13 16 12 10 7 6 3 11 11 17 25 24 3 30 24 24 2 21 16 16 20 19 28 13 8 5 30 1 20 28 15 8 23 1
24 12 8 15 10 19 9 18 28 23 0 30 16 14 21 23 16 12 25 19 5 23 28 15 7 0 14 8 22 6 7 14 0 24 4 1 22 23 20 29 7 4 10 24 25 0 30 25 11 2 15 19 4 6 13 22 26 10 18 10 10 14 5 16 23 1 4 9 4 8 9
3 10 0 29 3 0 30 28 25 24 22 20 28 7 10 0 15 6 6 7 17 25 3 14 5 14 13 14 18 14 0 26 16 3 30 26 9 20 28 9 0 27 22 4 9 14 0 30 11 9 14 28 14 30 9 1 1 13 2 4 18 17 4 7 28 4 4 7 21 14 25
13 4 3 29 21 10 28 5 5 9 13 8 23 24 12 20 29 0 22 30 26 23 1 15 15 2 11 25 18 23 11 26 23 16 5 23 28 3 17 12 11 18 1 4 15 16 12 12 13 21 30 16 3 15 26 14 17 25 2 28 2 0 19 5 13 17 23 24 2 2 26
7 29 14 15 0 0 13 6 22 13 16 23 8 0 28 28 30 17 23 21 9 13 22 18 4 14 3 27 0 30 0 8 20 3 26 12 18 5 0 22 2 11 27 0 22 25 1 27 28 25 27 29 5 21 4 28 8 11 21 16 8 11 24 11 24 7 26 23 1 0 7
17 26 3 4 15 9 24 1 11 1 28 30 24 6 9 27 28 7 0 29 15 29 14 15 5 14 30 3 30 9 22 1 11 17 15 28 2 29 29 12 7 7 13 7 27 26 17 23 5 4 2 1 23 8 16 7 23 18 22 20 2 29 20 17 17 1 25 19 23 19 18
