75 75
2 15 22 19 29 16 10 16 26 5 12 14 4 22 13 18 26 20 0 30 0 6 11 24 12 0 3 12 2 29 20 21 17 28 4 25 3 30 29 7 7 7 25 14 17 17 20 12 3 9 30 25 8 9 12 14 15 22 8 29 28 8 30 0 30 8 7 10 21 10 3 25 12 23 4
12 21 26 21 18 1 10 23 28 1 3 23 7 18 24 21 11 19 30 21 16 13 23 23 21 11 9 0 1 28 5 18 1 30 14 9 27 7 27 29 8 17 29 24 17 4 2 15 18 20 16 9 25 11 12 30 5 16 5 17 1 14 23 28 27 19 12 24 2 3 22 8 21 9 8
4 4 18 20 19 13 29 6 19 5 15 8 14 25 7 13 19 10 30 9 4 5 2 13 23 28 18 0 18 11 12 17 17 10 28 13 8 17 19 11 3 1 29 4 2 5 21 17 3 8 20 4 10 7 1 18 8 18 21 4 14 11 18 1 11 5 26 30 20 17 19 17 20 29 26
27 12 30 2 0 1 5 15 24 14 15 5 6 18 15 17 28 9 20 28 27 21 16 13 8 13 18 22 7 27 16 4 26 18 2 2 16 6 16 21 19 7 28 1 23 2 12 13 15 28 28 20 14 30 7 18 4 30 12 15 27 19 1 9 26 9 9 7 13 24 0 13 6 5 23
7 1 1 6 26 30 0 18 25 2 12 25 9 22 29 8 0 23 5 27 13 9 15 11 28 7 6 9 18 25 3 15 3 30 9 0 7 27 16 16 24 1 28 26 5 15 8 17 29 13 11 3 17 25 16 23 2 5 0 6 29 9 15 14 19 3 7 25 17 16 5 8 6 17 19
19 17 28 5 7 11 25 30 9 17 30 0 8 16 13 9 18 26 2 11 20 23 16 11 12 5 8 24 9 25 12 1 8 14 30 23 5 28 12 25 0 28 28 3 20 17 0 9 4 14 14 10 28 29 8 14 3 16 18 27 19 0 2 11 15 22 19 13 11 14 27 5 5 2 13
23 27 8 11 12 10 3 3 13 4 12 20 23 11 10 30 27 9 21 12 20 25 13 23 3 19 11 24 8 30 21 1 30 8 20 25 0 1 12 20 21 25 17 8 15 21 7 15 20 0 19 20 29 8 13 27 21 28 5 8 13 19 25 10 11 27 11 15 17 19 6 12 28 16 13
0 25 4 12 21 15 18 11 29 12 30 3 3 13 19 14 1 27 23 8 10 3 7 15 20 23 20 17 0 23 25 16 22 18 16 4 28 16 15 7 20 24 6 0 16 4 12 10 25 18 23 14 25 26 23 22 10 12 1 2 14 6 2 5 12 7 19 28 25 3 26 29 25 5 9
2 25 24 5 3 25 13 14 28 23 21 26 13 18 6 30 27 15 12 2 14 21 29 1 17 12 5 13 15 9 15 23 20 16 17 13 6 7 15 29 10 5 18 1 3 19 8 23 11 8 9 12 16 17 8 1 8 20 23 10 9 24 9 21 29 12 10 23 21 16 10 26 17 13 19
12 27 4 20 17 4 12 18 0 27 20 27 11 4 13 2 17 17 12 13 9 13 22 26 15 9 9 2 6 17 19 29 30 21 1 19 15 30 25 17 13 14 13 30 11 9 23 24 25 20 12 13 4 10 28 29 20 13 5 30 7 30 23 15 14 21 30 6 1 4 29 23 2 6 8
30 18 27 26 15 1 28 14 3 19 15 4 10 5 22 15 7 5 18 14 2 7 0 14 11 1 2 11 25 2 3 14 15 22 27 18 21 17 23 12 5 12 19 6 4 10 30 18 6 8 20 3 10 14 27 12 20 21 7 10 23 4 26 3 20 27 21 18 23 11 30 17 5 13 11
0 22 9 22 17 9 18 14 25 2 23 20 7 0 10 12 4 13 20 17 27 9 12 17 23 12 20 28 18 6 11 13 29 10 23 1 7 8 29 0 4 12 10 25 10 17 9 3 25 13 16 6 19 21 8 30 2 27 8 19 27 21 11 12 0 26 29 8 0 5 5 11 17 26 5
24 12 29 27 6 17 8 8 14 20 18 0 28 19 11 21 6 5 1 15 12 0 19 0 14 22 21 11 13 14 8 4 16 8 28 15 24 29 7 5 23 19 13 22 10 19 5 24 21 7 6 30 5 25 22 17 26 16 24 27 29 25 25 20 14 17 27 0 27 24 5 28 29 28 21
20 2 2 23 5 2 18 18 14 24 25 10 10 28 11 0 5 12 15 23 30 29 7 20 14 6 18 1 2 19 11 30 18 3 27 25 14 1 11 25 23 12 15 3 26 26 24 1 19 17 22 2 2 2 10 9 10 25 23 18 4 17 0 4 12 7 15 29 28 29 0 6 22 13 10
24 0 16 15 29 9 2 20 29 17 3 17 9 4 26 21 17 27 29 16 8 18 1 27 1 2 5 20 5 15 19 23 19 0 17 24 10 13 28 24 12 5 27 16 16 19 26 5 3 28 28 18 27 0 5 15 9 28 6 6 6 21 11 10 7 0 6 4 24 12 26 28 11 18 7
9 24 25 15 5 29 0 25 0 22 18 14 9 11 18 2 9 22 14 21 16 0 7 23 2 2 29 27 11 3 1 6 21 9 14 20 6 9 26 28 10 24 14 4 8 27 8 7 25 28 4 20 4 10 8 30 5 1 27 6 24 2 21 20 18 5 21 9 5 14 1 11 11 20 1
9 17 8 17 30 30 2 4 23 26 12 21 13 15 13 8 14 19 2 16 28 25 5 6 6 10 27 7 6 15 27 16 6 6 3 29 30 16 0 25 20 16 13 7 27 8 23 2 3 28 9 27 24 8 20 26 21 28 26 24 26 14 22 26 5 7 17 0 22 30 17 3 12 15 13
2 7 13 1 13 12 8 12 14 16 1 20 1 2 2 13 18 29 12 23 21 3 16 18 24 17 1 20 21 23 16 30 28 18 24 8 3 15 12 5 14 4 4 22 19 6 8 21 0 14 13 0 29 5 21 11 22 16 28 29 4 26 14 14 11 0 15 24 5 19 4 18 30 15 7
4 21 11 0 20 15 17 27 10 2 19 25 16 15 27 18 0 17 18 11 9 20 11 2 20 17 11 22 15 21 26 2 7 13 8 20 0 4 27 24 24 21 21 10 10 19 29 1 17 0 15 29 11 24 5 12 26 9 24 2 19 24 4 3 0 19 27 5 12 29 21 28 20 27 2
20 7 28 5 2 21 15 23 28 18 24 1 8 19 27 18 12 4 12 4 19 20 14 17 30 23 19 23 4 27 0 17 15 9 4 0 22 2 10 11 0 17 2 6 0 2 11 4 25 11 22 15 7 22 5 29 23 2 7 1 17 29 10 28 0 19 23 17 24 13 0 8 20 23 11
20 17 26 21 24 25 3 15 1 18 0 8 24 23 29 6 24 30 28 30 18 29 8 26 14 6 21 4 27 3 17 18 19 19 14 6 2 2 28 3 16 10 25 2 25 6 15 9 14 25 21 11 27 10 29 26 2 17 5 0 30 25 21 1 12 0 8 13 8 22 11 13 22 7 12
13 27 12 23 30 11 14 8 1 24 9 10 2 27 1 25 17 30 15 7 1 19 17 5 18 0 2 26 25 4 10 24 21 0 12 6 23 24 18 13 21 25 11 0 3 1 18 26 2 28 30 8 26 8 9 13 11 3 5 20 11 6 7 6 20 4 23 8 22 22 21 3 12 16 5
16 6 26 15 21 6 10 29 27 17 26 27 26 13 19 26 20 3 2 10 14 7 0 7 20 0 15 5 22 0 4 9 25 29 24 28 8 16 23 15 21 10 22 19 30 14 29 1 23 7 19 25 18 13 14 13 16 18 6 21 7 11 12 13 3 26 2 18 14 20 2 29 22 27 22
6 30 5 15 17 7 18 10 24 21 26 13 10 3 19 21 2 29 22 26 9 10 26 6 17 1 29 5 10 16 19 27 2 8 12 22 6 15 1 0 13 15 21 18 11 17 25 28 3 18 17 7 18 26 26 3 15 7 23 24 5 1 17 15 20 15 8 0 18 12 2 29 2 18 6
4 23 6 13 12 1 5 10 9 7 27 4 8 14 22 29 16 18 15 5 17 0 25 29 29 6 1 12 29 11 18 23 12 0 2 19 19 1 20 22 6 23 7 1 1 11 2 19 6 25 24 0 13 26 27 22 30 11 12 8 29 12 7 13 22 5 6 4 19 8 11 22 16 28 30
3 24 2 28 4 11 24 4 16 22 19 24 17 6 30 18 28 21 18 28 20 17 5 28 8 7 20 4 17 10 2 8 3 7 12 30 0 16 25 12 19 29 22 26 20 27 21 29 16 23 8 7 28 9 19 19 5 14 1 11 22 10 3 30 26 30 0 15 9 29 29 6 1 1 18
13 3 17 9 26 21 17 14 9 11 8 3 29 22 4 18 26 26 3 14 6 0 7 6 18 1 2 15 20 29 22 26 7 9 15 21 13 28 5 26 6 3 26 6 17 5 21 17 18 15 16 20 10 30 10 4 25 18 10 8 8 19 26 11 6 6 27 0 24 22 4 8 13 21 12
17 22 18 15 11 24 21 24 15 6 20 14 17 28 28 12 27 18 11 24 8 28 7 4 3 17 2 2 27 22 18 23 10 19 6 23 12 3 0 18 23 11 14 0 12 28 10 16 14 23 21 5 1 29 2 18 22 8 15 24 6 5 12 12 18 10 0 5 12 7 21 0 15 20 6
10 23 20 15 26 2 11 11 26 28 28 7 20 17 30 26 13 3 15 12 29 11 28 26 19 10 21 13 17 0 9 24 6 2 9 22 27 30 3 10 23 18 27 21 22 25 1 28 15 18 19 26 28 30 16 14 19 27 18 18 7 0 5 6 29 18 3 21 17 8 27 27 23 2 19
18 28 29 11 27 17 18 11 5 24 5 13 28 2 24 8 4 29 20 6 18 17 23 23 18 20 8 30 22 1 2 28 28 29 11 13 17 15 12 7 29 27 0 17 6 28 15 13 24 16 14 16 22 12 15 5 15 9 9 17 1 12 20 22 17 18 10 2 11 3 16 18 20 1 9
27 27 12 29 26 10 21 21 1 28 30 14 12 11 24 20 26 6 21 11 19 9 6 20 21 21 17 28 2 22 8 14 6 27 13 9 13 5 24 23 28 7 18 6 6 15 18 21 8 19 3 23 13 24 30 1 20 10 3 16 11 2 29 19 8 21 12 24 3 16 17 20 28 13 22
14 17 21 7 5 10 26 18 29 18 5 9 23 20 9 3 10 16 22 5 28 24 2 4 10 22 7 19 5 13 23 7 20 5 16 17 14 1 21 5 26 5 30 15 29 24 25 18 7 6 18 30 8 8 5 13 5 30 9 15 2 1 28 12 19 25 23 20 5 30 18 21 11 0 28
27 24 25 6 30 3 21 27 25 26 19 6 29 16 27 16 21 20 1 2 10 1 26 23 27 0 0 11 15 16 29 22 24 12 3 17 24 19 26 15 8 28 4 7 12 7 30 21 2 12 8 7 14 11 18 25 28 18 27 24 2 16 25 5 6 29 8 19 27 27 16 15 2 14 9
30 12 25 13 11 22 19 28 22 28 21 10 5 24 10 17 15 26 4 8 0 28 10 19 25 28 28 23 30 4 2 17 14 17 19 20 26 19 21 3 7 14 24 11 24 3 24 25 12 8 13 22 12 10 16 10 24 24 13 29 10 5 15 13 3 20 14 8 24 6 9 13 12 23 17
26 26 28 22 1 9 26 10 6 12 1 9 2 27 5 21 30 21 13 29 7 1 7 27 0 7 23 25 27 5 19 28 17 5 8 10 27 10 19 8 11 8 2 23 13 19 12 9 0 1 26 17 17 25 26 28 22 11 20 10 0 8 24 27 2 28 23 13 23 15 22 5 26 21 23
12 17 27 12 29 24 24 24 8 24 29 18 27 16 19 30 7 29 22 18 12 5 10 17 14 15 5 2 0 5 10 18 29 15 29 24 27 14 18 17 20 3 30 10 12 15 20 7 2 19 22 10 19 25 6 26 11 26 6 19 7 2 27 15 13 8 23 29 4 15 25 5 10 0 13
9 4 23 29 17 14 23 7 23 1 18 2 5 12 29 7 0 6 26 2 13 15 2 1 25 6 4 10 3 4 24 17 18 29 23 6 17 19 13 19 21 2 6 23 3 21 26 0 23 22 11 16 12 20 29 3 16 30 15 24 11 17 1 23 26 16 12 22 22 19 9 3 12 8 10
5 4 3 20 5 18 28 14 27 20 7 15 18 1 2 10 6 24 1 17 26 15 8 7 19 27 18 0 12 23 4 28 11 27 9 25 6 26 11 8 5 0 11 17 21 23 10 23 1 7 4 28 19 5 23 18 25 9 6 28 16 17 0 16 24 24 10 8 29 20 11 4 11 23 1
16 29 9 13 19 12 24 20 27 13 17 22 29 25 19 14 9 9 28 28 9 10 16 4 28 1 27 2 4 10 21 23 5 7 4 16 4 21 23 20 6 11 29 8 1 27 4 1 30 25 9 25 15 23 30 12 16 14 1 28 6 15 8 20 16 5 30 12 20 9 25 12 9 12 8
9 18 26 7 29 22 30 10 17 11 15 3 3 25 17 20 2 11 7 25 15 10 9 8 5 3 29 0 25 30 6 9 20 21 20 4 16 7 2 27 6 12 6 23 29 30 18 25 26 7 15 14 3 19 23 21 25 20 24 22 25 18 10 8 4 19 5 19 27 16 16 8 19 15 4
18 22 11 0 18 7 5 11 5 26 21 21 10 29 6 13 17 7 30 3 19 2 9 5 25 20 18 20 2 4 24 17 2 14 3 2 11 30 4 29 9 6 29 18 13 8 4 12 0 0 29 19 6 24 18 17 9 19 20 3 27 23 19 18 5 6 7 24 5 24 24 20 21 6 7
21 16 26 28 12 15 3 5 13 21 12 13 11 12 10 6 18 6 23 16 21 15 12 1 17 29 1 21 26 8 28 1 30 23 20 27 3 9 24 14 29 24 0 18 7 18 17 3 15 18 26 8 4 1 0 27 2 7 28 4 18 19 12 5 22 1 4 9 29 25 3 0 0 26 27
23 9 26 16 15 0 5 0 15 27 4 8 25 19 25 5 7 12 2 2 2 17 21 14 24 3 6 24 5 24 12 2 16 0 24 0 21 24 25 1 24 19 2 5 21 2 18 0 17 18 27 4 22 17 21 27 24 18 21 1 17 30 9 12 12 0 14 21 9 19 10 27 0 11 17
5 2 17 2 27 26 19 29 2 17 19 19 13 6 1 23 13 27 7 9 30 25 23 7 27 2 19 27 3 13 12 29 7 3 16 27 26 10 17 0 10 10 26 26 20 5 12 19 6 0 28 2 12 8 24 22 5 29 7 16 26 6 2 7 30 3 30 7 2 7 12 13 25 21 8
6 11 17 2 23 11 2 24 9 6 11 30 16 17 13 8 24 29 0 2 6 8 14 12 17 20 14 5 1 3 21 4 4 3 3 7 11 3 29 21 25 5 20 13 6 7 23 7 14 19 15 24 29 5 19 3 1 9 29 14 14 16 20 2 8 17 1 21 23 25 9 28 10 21 13
6 30 22 16 26 2 28 7 0 14 6 19 30 23 11 6 10 27 25 6 0 11 29 7 14 20 27 9 9 15 24 16 23 25 17 7 27 23 4 29 5 23 14 21 1 6 15 11 1 6 17 24 6 6 13 10 13 9 2 8 27 8 24 21 29 0 17 4 29 30 21 2 6 19 1
10 4 24 28 13 18 4 8 8 7 19 4 23 20 28 24 15 12 6 23 22 8 5 2 25 17 15 27 6 21 18 18 27 18 3 17 0 9 10 28 11 21 9 4 0 30 26 9 7 1 1 25 1 14 16 28 13 4 30 27 29 7 4 21 26 7 7 21 15 21 7 23 26 21 3
2 9 21 9 18 19 14 18 11 1 28 10 8 1 29 9 20 26 18 27 3 15 30 15 9 11 10 29 25 22 7 30 6 1 1 13 29 15 3 13 6 0 19 30 0 14 20 18 13 3 5 4 23 21 29 19 17 19 0 6 30 30 14 20 3 16 27 10 29 9 12 13 0 26 1
2 29 1 23 20 25 19 22 9 15 15 25 16 22 27 29 5 27 3 11 27 16 17 7 15 25 8 12 14 12 14 7 9 22 23 0 10 8 17 29 18 10 7 24 23 18 29 24 8 27 2 21 2 10 10 20 6 3 13 15 24 24 27 5 5 9 17 22 7 19 24 27 12 5 18
28 24 11 20 10 23 27 16 13 17 9 25 9 30 16 7 6 0 12 29 12 23 13 4 16 20 8 25 24 2 11 25 10 2 4 16 30 10 0 26 3 7 9 9 29 28 17 27 7 13 13 4 19 5 14 9 24 27 3 17 3 18 18 10 23 5 5 3 12 18 13 20 11 27 27
8 0 9 0 26 8 4 8 18 4 0 11 14 26 4 16 27 17 26 5 11 12 23 16 1 19 7 2 4 6 18 1 20 25 18 19 29 26 2 7 16 22 2 11 12 11 27 23 9 19 2 26 21 28 18 24 8 26 18 16 8 5 9 20 15 9 8 15 22 27 11 18 14 30 16
8 20 15 25 21 26 1 22 23 18 4 11 7 5 3 16 30 14 18 8 16 11 9 25 14 13 15 7 2 22 11 8 4 2 17 29 2 7 10 13 23 28 13 3 12 9 13 27 7 29 16 4 24 15 24 9 26 13 4 3 11 27 14 5 5 9 16 14 24 26 6 11 28 3 0
19 30 22 0 0 14 22 1 23 1 26 17 25 0 20 17 13 5 25 15 23 19 24 1 18 12 1 24 8 28 14 3 27 5 3 2 28 28 19 6 21 5 30 27 17 12 27 5 15 23 9 23 23 18 24 7 29 11 19 20 15 30 6 10 21 15 5 7 15 20 15 22 5 25 29
4 24 29 16 16 22 4 15 29 28 14 13 14 25 15 12 1 0 18 26 18 20 18 0 27 0 10 23 19 21 21 30 17 29 6 8 6 22 27 16 25 7 13 8 21 17 20 16 11 25 15 24 28 26 11 30 3 5 13 14 3 16 13 15 4 23 15 14 28 20 23 3 0 13 6
27 7 7 14 25 26 30 24 14 20 24 19 27 10 12 18 1 22 3 25 27 7 16 0 3 20 30 11 3 1 3 14 24 17 15 26 28 15 19 0 27 25 12 14 20 12 15 11 18 10 12 18 19 28 10 7 3 19 15 27 14 9 5 30 21 17 13 24 11 28 8 30 15 7 19
2 13 27 8 6 16 16 9 23 25 29 3 8 30 21 17 27 1 3 16 30 2 19 3 28 24 3 15 13 23 28 19 26 18 1 17 0 21 9 24 24 11 14 21 10 16 4 24 18 24 12 1 15 24 28 5 5 8 21 19 15 26 6 18 8 27 27 1 3 23 6 8 4 13 12
27 24 10 22 28 29 13 25 4 28 9 7 7 9 20 10 3 4 0 28 22 5 4 26 23 22 10 16 10 28 23 22 13 10 19 8 30 14 18 28 8 19 26 5 16 14 8 0 26 24 11 12 4 24 28 29 9 5 23 11 7 14 27 27 30 7 0 7 3 24 17 4 1 9 0
8 29 19 18 27 20 26 8 22 8 8 26 16 18 28 15 8 18 25 21 8 18 16 20 28 13 27 5 3 28 18 4 21 14 29 28 0 0 8 23 24 7 20 26 6 9 24 6 10 2 2 26 9 0 19 8 14 20 1 0 0 26 14 21 4 7 17 21 30 19 26 28 29 19 9
20 7 4 30 15 19 20 7 27 14 26 29 15 10 4 21 25 9 21 13 26 16 4 5 18 28 7 23 13 7 4 9 12 1 29 20 0 9 4 16 19 13 3 24 19 22 14 18 21 18 3 0 26 8 26 12 23 16 23 13 23 18 23 27 0 25 29 17 9 3 8 24 25 14 7
7 13 23 9 30 18 17 25 15 18 11 2 1 4 22 25 25 2 26 22 23 11 7 29 24 21 26 12 8 28 7 9 3 22 26 2 20 24 18 16 1 28 16 2 9 29 14 15 10 15 29 0 18 3 2 4 7 29 1 10 17 3 28 29 30 7 3 17 1 4 4 20 3 29 23
26 14 24 12 9 1 26 11 21 27 21 28 15 8 10 13 19 21 27 9 17 20 16 27 7 23 12 10 15 11 30 14 11 28 22 7 27 3 21 7 7 20 26 11 30 8 18 22 15 8 4 20 21 26 23 18 16 12 0 15 9 5 0 1 12 28 11 20 10 6 4 16 24 25 9
12 10 2 19 0 7 11 5 25 25 21 23 13 5 8 19 24 4 27 6 13 2 0 10 12 11 8 28 13 21 26 29 7 5 30 16 1 12 0 20 17 26 20 17 15 11 11 15 15 6 6 0 4 7 29 2 17 1 7 14 21 17 28 21 3 1 18 12 14 30 25 22 23 17 26
10 11 2 17 5 11 5 6 27 27 28 23 23 21 27 30 29 17 17 10 30 21 9 20 25 29 4 17 26 26 22 22 27 8 18 11 2 29 7 24 4 19 19 11 3 11 24 21 4 15 1 2 14 20 13 4 8 11 20 15 6 18 11 8 14 4 11 18 11 20 14 26 12 10 27
20 27 26 16 17 27 5 16 23 29 13 0 18 29 24 3 5 17 10 21 22 22 18 18 14 12 29 10 13 20 16 29 22 12 4 15 11 29 25 19 15 16 15 8 6 3 11 1 0 19 0 3 28 10 16 22 9 27 24 6 15 14 2 12 16 19 30 24 2 0 17 14 8 10 19
29 20 7 22 2 30 20 17 12 8 21 12 1 14 7 12 17 28 9 28 10 5 28 30 6 8 4 22 10 17 13 6 19 1 16 7 20 11 26 20 28 30 1 26 10 9 17 10 4 13 5 15 11 28 9 21 11 21 13 29 25 20 18 29 7 19 14 21 30 2 5 14 21 2 30
15 28 15 22 5 13 17 13 26 10 7 1 2 12 0 8 28 27 16 2 23 23 0 13 7 10 10 16 5 4 2 24 2 30 1 20 19 19 17 19 27 4 15 4 10 12 10 6 4 12 7 19 18 28 24 3 24 10 23 30 19 11 7 23 25 25 15 12 6 22 23 2 26 17 0
27 7 13 23 26 11 30 19 27 24 25 15 1 10 11 22 1 24 24 7 20 22 1 29 11 1 20 19 11 12 5 4 19 5 1 9 24 3 27 25 26 2 9 16 22 0 10 20 19 26 13 7 19 22 25 20 5 9 8 22 24 7 16 18 28 14 4 24 22 17 14 12 24 19 18
9 21 18 19 23 15 0 26 12 29 9 22 2 13 22 3 17 23 24 28 5 3 2 18 7 1 12 0 9 15 19 27 19 12 24 26 24 22 27 17 8 4 18 12 2 19 28 9 18 24 22 22 5 6 21 23 13 26 24 3 28 4 22 10 21 20 5 29 13 10 7 27 10 6 15
17 21 12 24 10 16 1 13 5 6 21 21 0 26 17 23 20 23 16 19 16 0 11 21 1 24 25 15 1 13 9 15 4 26 10 24 2 15 18 1 6 11 23 25 14 24 15 14 29 21 6 23 27 12 12 25 12 20 30 17 3 1 9 7 18 24 23 12 17 26 8 23 29 27 8
21 3 11 30 0 15 19 5 10 26 2 2 19 6 15 18 12 2 16 27 22 18 24 15 10 4 6 16 9 27 10 6 10 5 30 20 11 9 14 22 30 20 0 0 21 1 13 7 22 8 16 22 19 15 6 12 13 11 5 11 22 16 30 30 28 5 1 21 5 16 5 4 8 24 23
13 16 16 3 2 30 7 11 3 27 4 9 22 11 1 5 24 28 22 4 19 6 12 14 9 30 28 4 10 10 23 18 0 27 4 16 27 3 9 2 18 17 24 1 15 11 9 28 21 15 5 2 3 18 14 17 28 2 21 8 10 5 17 28 28 27 12 9 19 20 8 12 13 4 2
8 5 23 14 3 10 16 11 2 3 7 17 16 8 15 2 19 6 12 15 4 22 11 7 23 26 13 6 25 16 24 13 16 10 0 21 7 6 2 22 21 6 25 28 29 1 3 26 23 17 14 24 23 22 0 21 20 13 30 25 12 9 5 1 23 1 11 4 10 30 17 5 9 26 29
13 15 5 28 19 1 21 12 10 29 4 5 15 6 19 16 17 29 6 20 22 12 4 16 18 24 15 14 2 6 25 2 2 26 12 10 12 20 17 11 28 16 17 23 3 18 12 20 8 14 15 13 17 2 6 17 17 7 11 15 24 10 2 27 12 15 21 21 13 24 28 19 20 29 16
14 14 10 7 7 18 9 22 7 10 9 0 14 12 10 12 8 13 19 20 23 29 19 12 19 13 2 3 26 12 17 22 30 13 24 25 0 21 25 5 28 19 15 16 1 27 1 19 26 19 15 21 19 21 13 23 21 10 26 1 11 0 27 5 18 7 19 8 3 4 17 21 25 12 9
11 3 18 27 18 23 12 25 1 8 28 9 21 21 17 15 16 3 16 0 28 20 16 24 13 30 15 2 2 13 5 21 30 6 0 28 19 7 20 3 9 12 29 23 8 12 26 21 3 20 16 29 17 11 30 9 7 12 5 14 3 6 25 27 1 0 21 21 4 9 5 26 18 24 23
