76 76
18 27 8 1 2 17 28 24 8 24 30 29 4 8 21 29 10 21 29 8 23 26 26 26 14 4 9 7 30 17 13 2 10 17 29 5 11 2 22 20 12 30 13 26 0 20 16 19 19 17 6 18 15 29 2 12 11 8 6 26 29 20 10 11 9 18 14 18 19 30 3 13 0 6 13 14
14 8 30 21 26 11 10 19 18 13 4 2 30 15 1 11 4 10 11 9 18 2 8 4 4 28 0 14 27 9 15 30 22 12 4 11 23 19 13 10 10 30 15 15 0 25 18 22 3 14 17 29 19 9 4 2 16 13 3 16 26 15 0 24 16 5 11 23 18 15 25 9 13 29 24 6
2 19 28 28 10 8 6 19 10 9 7 25 7 23 13 1 14 9 18 7 18 0 20 10 21 7 20 18 20 20 14 6 2 24 6 30 20 15 0 19 13 26 29 12 20 16 30 9 25 8 10 11 21 2 6 0 30 4 19 23 0 14 0 21 5 24 1 14 0 18 9 19 18 22 27 5
24 4 4 1 30 13 26 25 3 29 21 20 29 29 13 15 9 12 14 6 25 9 8 29 20 30 2 21 15 25 5 9 13 6 25 20 7 13 27 11 9 12 18 23 10 23 7 20 30 11 22 19 3 28 25 18 22 2 14 16 24 21 2 10 20 24 25 8 28 13 19 2 23 19 15 13
11 11 29 14 6 26 17 24 16 29 22 4 28 16 17 14 18 23 5 28 16 17 20 1 25 16 5 21 9 30 23 22 12 26 30 18 12 0 28 22 23 26 11 30 17 0 13 0 9 17 28 18 8 10 12 26 21 0 16 19 11 28 2 20 16 9 24 2 25 22 15 5 11 9 26 27
7 28 10 22 1 16 21 20 4 18 6 22 8 14 30 17 12 25 28 7 21 15 18 2 14 21 9 5 9 4 25 5 25 14 7 5 27 6 23 7 9 8 9 11 0 3 29 23 9 7 28 7 22 30 29 22 30 18 11 10 18 13 7 8 18 10 23 17 27 27 4 20 28 9 12 12
4 10 27 21 15 23 8 0 24 5 27 19 17 12 27 10 5 30 25 13 28 8 21 2 10 0 9 12 25 29 11 16 27 11 26 7 7 22 29 30 0 22 0 13 13 11 23 2 23 19 13 16 1 22 21 20 7 14 16 6 14 6 10 6 19 19 18 1 20 19 23 0 6 13 29 15
6 28 16 3 28 2 6 6 20 8 20 3 21 17 28 19 6 14 7 6 8 24 15 22 2 1 2 5 20 17 21 11 4 23 22 30 8 26 17 16 17 16 27 0 5 6 10 11 20 21 2 13 23 12 8 18 23 24 8 3 7 23 16 25 28 1 29 19 17 13 1 11 9 24 24 11
17 8 2 26 23 26 26 26 27 8 7 10 12 20 7 20 22 15 23 18 12 22 9 27 9 13 3 10 13 13 0 1 2 24 18 11 29 10 27 10 25 5 24 25 25 24 10 4 8 6 29 7 14 18 29 22 4 8 17 5 6 23 26 5 19 18 26 7 13 24 28 4 25 25 16 19
2 1 5 18 13 25 24 27 26 16 26 28 30 28 14 18 29 28 26 29 4 16 11 4 1 3 7 23 24 28 3 30 22 3 26 3 0 0 17 14 4 10 25 25 11 15 15 28 21 26 14 24 13 27 6 21 29 6 14 9 16 18 18 15 19 6 9 22 18 2 0 5 22 6 16 23
7 7 13 24 16 0 8 7 3 4 26 8 8 8 9 28 28 16 6 10 14 15 9 13 23 21 17 16 9 0 28 9 9 12 24 28 17 8 11 27 30 12 2 3 23 3 17 18 25 20 2 0 10 1 23 4 25 18 17 9 21 20 21 30 10 13 28 30 3 3 25 29 13 10 3 12
18 2 12 19 10 11 19 3 10 12 24 30 6 23 17 3 29 8 17 23 9 19 8 21 25 22 7 30 0 13 26 4 25 13 23 13 14 14 12 28 26 4 5 30 16 7 19 3 21 8 24 16 16 6 3 4 20 3 10 15 9 21 26 23 7 5 16 19 10 2 15 6 24 12 13 24
10 12 3 10 7 0 19 20 29 27 8 12 0 20 7 2 24 30 0 19 27 8 4 1 20 14 22 28 20 17 8 11 2 28 17 5 11 29 5 17 4 3 30 9 2 21 19 16 26 10 2 21 21 10 27 13 27 6 11 17 16 14 26 2 4 2 30 30 29 10 25 30 11 28 0 7
2 28 9 2 9 1 0 6 2 19 9 19 16 20 18 24 23 22 23 25 27 17 14 27 8 29 11 20 30 11 18 26 16 11 19 23 11 0 5 20 0 24 22 8 1 15 28 9 4 6 27 16 23 4 17 3 25 0 24 12 27 8 14 2 0 23 30 15 12 6 9 3 0 12 5 30
2 29 0 12 22 1 27 25 15 25 16 10 19 20 0 11 17 2 10 8 18 10 11 21 17 18 13 15 29 2 4 22 3 12 7 9 23 20 4 12 20 12 25 24 7 15 19 11 25 10 17 17 2 4 12 15 11 28 7 7 4 8 29 28 27 28 0 14 14 11 13 1 10 8 15 4
23 21 0 17 25 4 15 8 30 28 12 11 23 21 8 9 4 21 20 26 13 3 16 10 6 0 2 24 7 12 13 10 9 23 12 19 20 15 27 21 29 9 29 22 8 6 18 9 30 29 26 16 29 21 6 25 1 9 0 29 0 6 19 28 26 28 0 20 0 15 11 23 5 14 28 15
30 26 22 3 15 24 20 3 14 30 6 22 2 27 27 18 28 24 1 3 28 4 18 24 23 10 26 0 6 20 15 13 13 24 3 10 6 11 16 30 8 23 12 2 22 21 11 18 25 9 29 0 15 10 15 3 7 13 2 2 19 21 19 6 23 15 3 12 27 23 19 17 12 12 1 18
9 4 20 7 12 29 24 13 18 2 16 24 18 9 8 22 27 24 19 29 26 1 13 15 0 13 28 22 28 9 18 18 29 3 11 2 23 19 3 18 11 11 22 20 22 18 26 27 4 14 14 23 10 11 26 30 5 7 29 11 18 14 30 23 6 30 18 19 25 1 26 23 4 7 11 4
25 9 4 30 12 17 7 27 10 27 23 20 3 15 13 29 15 13 20 1 13 28 7 11 9 14 12 1 23 10 29 0 15 0 27 18 20 11 18 5 30 2 2 20 6 0 30 22 19 11 27 19 11 18 12 18 21 7 26 29 23 7 9 19 30 3 0 2 17 0 25 19 23 11 13 11
19 18 10 30 11 0 22 26 19 3 0 1 19 6 4 14 8 8 15 2 29 23 19 23 10 29 21 27 26 3 19 25 4 11 23 8 8 13 23 27 8 4 14 5 30 2 27 20 16 8 23 19 13 16 27 8 26 3 15 19 26 11 15 10 7 21 5 27 8 30 30 10 13 14 0 2
23 7 0 25 8 0 15 7 30 26 18 12 23 0 10 16 9 22 3 4 25 19 8 4 16 8 5 2 29 20 24 11 8 3 12 1 21 27 10 1 10 7 4 29 10 2 8 18 25 23 15 24 15 6 28 0 23 0 16 14 24 26 2 10 6 4 7 19 11 26 30 15 6 12 26 4
6 5 14 4 14 17 2 5 22 10 29 28 20 29 14 0 21 25 15 7 25 4 17 0 30 17 0 20 18 26 11 0 28 21 28 5 16 27 6 29 9 17 13 15 28 25 9 7 1 18 27 6 16 9 22 20 6 19 2 23 3 10 20 1 29 11 4 26 3 29 10 11 13 21 28 2
4 30 20 28 26 0 19 21 9 23 18 14 22 7 4 10 19 15 2 1 10 10 3 28 16 1 2 25 21 17 2 14 14 25 20 19 16 23 16 7 23 22 22 18 27 14 4 15 15 25 19 23 6 22 24 4 0 29 23 21 19 0 28 19 11 21 19 17 7 30 13 18 18 14 16 30
15 5 18 19 12 17 18 10 25 19 12 9 6 21 11 5 11 22 21 29 15 21 15 28 27 2 0 24 11 7 23 11 8 21 3 18 25 29 7 30 25 27 18 9 27 14 21 26 22 17 26 24 26 4 8 23 6 19 22 6 24 28 13 1 18 16 17 18 21 10 18 27 24 18 2 20
24 6 29 17 0 7 13 25 5 10 24 29 19 20 27 9 14 27 23 9 17 5 2 1 9 1 5 9 27 0 4 30 4 14 12 16 1 26 3 24 14 28 4 28 29 27 1 9 2 13 15 3 10 3 24 11 21 18 27 19 25 17 10 2 24 5 13 24 17 0 30 24 20 13 21 19
1 5 2 29 17 24 27 21 11 21 9 3 21 29 21 30 18 25 19 24 13 19 0 0 10 8 5 5 17 22 20 6 11 29 6 3 9 29 30 3 6 20 0 18 29 16 19 7 20 5 24 15 8 23 30 5 27 13 25 4 27 1 25 19 15 26 11 15 26 23 1 25 4 23 8 11
12 16 27 15 5 0 25 10 6 26 3 20 6 9 9 28 12 13 22 30 1 15 3 25 5 21 10 4 21 25 5 22 2 18 6 0 8 12 9 20 2 30 14 29 1 22 8 17 19 18 18 20 5 4 17 2 15 17 7 12 28 15 17 18 1 15 29 2 8 27 21 0 3 19 13 22
1 22 21 14 0 25 25 24 10 3 13 29 26 18 17 4 16 4 26 15 24 29 4 2 12 7 16 0 18 13 0 23 17 12 3 11 29 30 28 11 21 15 14 20 0 12 22 25 29 9 28 1 11 12 23 5 17 4 5 5 18 4 2 12 20 29 13 11 27 14 22 13 9 28 24 20
2 3 3 13 11 9 17 25 26 0 3 23 18 24 16 1 23 25 3 7 14 5 21 12 10 22 6 27 22 0 22 26 13 23 10 0 21 24 25 13 3 16 0 2 21 18 9 3 1 11 17 20 8 23 10 29 11 21 3 20 11 8 11 10 19 3 18 13 30 9 0 23 13 2 12 24
30 27 27 19 25 26 8 8 2 13 0 12 15 23 30 21 29 21 27 28 26 11 15 29 16 30 27 11 14 21 19 14 18 20 8 27 3 6 5 12 2 3 19 10 29 28 5 22 0 12 9 3 11 17 25 18 28 28 18 13 9 28 21 16 14 11 3 28 0 7 1 11 22 9 16 5
21 18 30 27 11 4 29 9 20 7 26 20 23 11 16 21 13 7 30 6 5 16 20 7 16 5 17 5 6 10 1 18 27 8 15 19 27 28 9 27 3 17 5 24 7 17 29 22 20 18 27 24 25 7 5 13 21 6 8 13 30 7 5 22 20 28 12 2 29 6 11 26 3 30 15 22
2 9 30 7 29 11 21 13 13 19 17 10 24 5 30 0 9 5 27 22 19 24 25 17 27 7 4 28 1 5 30 16 1 10 1 1 24 15 6 4 17 26 4 15 28 19 18 6 26 3 16 13 21 28 12 12 14 6 4 2 16 2 11 11 6 3 18 13 23 23 20 11 21 21 15 23
7 10 1 11 29 20 21 2 28 9 5 25 5 1 16 20 14 7 10 8 14 1 27 19 20 6 9 29 9 17 20 7 24 12 21 15 2 27 11 12 23 7 8 26 17 28 4 15 22 8 28 3 17 21 10 14 28 25 8 20 21 15 13 20 11 23 2 3 30 22 13 17 8 17 4 12
12 29 26 10 7 23 28 17 19 2 23 26 19 21 24 20 9 0 16 3 4 10 23 28 23 1 24 8 30 29 22 9 19 30 30 24 18 1 5 17 26 14 3 13 24 11 2 12 15 23 14 30 10 24 30 10 25 1 18 28 6 22 6 7 14 12 16 20 2 29 22 9 7 26 13 19
9 13 20 22 25 12 13 29 17 15 1 1 30 11 1 2 1 6 25 14 25 21 10 8 18 2 26 16 18 24 13 16 23 18 29 25 11 3 18 27 8 28 25 14 19 0 18 14 3 11 10 29 7 29 6 30 15 11 9 27 10 1 19 6 6 2 26 18 7 1 5 7 3 4 8 28
20 0 20 2 22 11 14 30 20 2 4 6 8 6 11 25 7 13 25 1 17 5 21 8 12 25 3 5 5 23 18 14 17 23 23 18 10 27 8 29 26 30 30 19 11 25 10 13 19 10 27 29 26 25 21 3 14 3 14 12 19 24 29 27 2 15 23 27 29 26 29 1 29 27 5 4
9 14 23 12 2 3 14 2 13 0 4 15 21 1 3 0 29 7 7 8 18 28 8 8 2 2 4 23 25 30 20 21 5 0 0 13 27 18 22 20 28 11 4 19 0 29 18 27 25 21 29 2 14 16 15 16 27 28 24 11 30 25 0 21 9 28 10 30 8 10 0 30 4 12 10 17
6 20 13 26 17 12 23 2 17 7 3 24 29 27 14 13 10 9 28 29 11 0 8 30 4 18 7 24 14 2 22 24 23 18 25 17 29 17 13 22 22 18 23 12 26 26 25 27 7 22 9 3 3 7 26 17 25 10 5 11 5 8 18 20 11 30 27 20 28 22 29 0 24 24 17 25
13 5 11 16 7 16 23 27 4 24 12 18 22 23 26 10 9 22 0 26 10 10 2 15 17 28 19 7 23 18 29 7 28 11 27 8 24 4 22 4 3 2 8 29 10 7 16 19 13 15 22 7 18 7 3 7 6 0 0 0 30 10 3 11 3 0 25 15 22 5 5 21 0 14 9 1
1 13 1 25 2 0 29 9 26 25 6 18 5 23 24 10 24 30 7 2 9 7 10 17 0 14 8 14 5 30 18 19 14 12 9 23 9 24 16 29 2 23 0 13 25 29 23 1 8 14 27 28 8 26 16 22 10 13 24 5 12 21 16 25 13 21 10 3 23 18 13 12 17 23 8 0
23 2 25 19 21 17 7 0 18 14 25 19 14 13 22 14 25 19 3 6 8 24 19 5 9 5 25 11 29 15 22 13 18 5 6 21 16 11 17 20 1 20 4 28 27 2 17 2 16 28 3 29 23 13 8 8 4 24 10 16 8 18 8 29 12 8 15 15 6 25 15 30 24 17 17 27
9 27 28 15 30 2 6 16 6 13 14 1 14 14 14 26 13 8 29 15 29 21 4 20 0 5 26 20 8 15 24 26 13 21 26 20 12 28 13 24 6 10 26 1 18 15 25 18 7 18 4 29 15 12 9 12 1 23 13 25 23 11 17 17 1 30 13 5 16 26 8 27 29 12 8 22
4 11 1 7 12 0 5 7 29 23 7 28 14 12 26 8 10 20 5 19 3 29 19 4 21 13 27 28 29 17 8 24 24 29 20 22 9 21 6 20 2 29 10 14 1 3 26 21 20 7 6 15 28 0 15 4 26 20 3 28 20 16 7 6 9 14 8 12 3 28 17 21 17 19 19 30
10 10 3 12 0 3 20 13 17 25 13 0 1 23 26 23 7 1 5 20 13 29 9 8 22 7 0 26 11 21 5 15 4 29 12 8 20 19 0 30 5 11 5 15 1 14 9 1 29 18 24 0 9 18 26 4 3 2 22 13 5 3 26 1 15 26 25 25 0 15 14 5 29 6 21 20
12 2 7 27 29 25 5 8 13 13 27 25 28 3 9 20 24 20 22 27 18 26 4 17 9 13 21 21 13 16 6 22 7 15 12 29 28 11 26 21 17 19 27 16 22 0 18 19 11 11 15 22 10 18 12 11 18 24 18 26 16 11 14 4 14 26 24 16 15 20 18 17 20 0 24 21
18 28 13 21 17 6 26 14 24 7 6 8 17 13 11 20 12 19 17 24 14 19 14 13 1 22 30 12 11 28 12 28 19 25 5 14 0 17 25 29 1 20 26 24 11 7 22 29 7 21 17 5 29 7 13 24 8 21 0 19 9 17 16 16 23 0 2 12 28 10 23 13 30 23 20 9
1 15 5 26 17 26 24 25 1 24 25 28 5 10 11 17 14 2 18 4 5 21 19 9 30 13 12 6 20 9 21 16 17 13 13 1 18 1 18 26 14 7 1 10 10 20 18 19 3 20 4 7 14 28 4 3 17 17 19 25 23 11 28 29 0 13 17 9 21 21 25 0 7 18 18 11
17 28 4 22 27 17 26 7 4 21 15 5 8 21 3 16 27 8 22 29 1 20 29 20 11 15 11 16 26 4 17 6 25 6 6 24 2 26 12 24 5 11 22 7 17 26 24 6 5 21 10 11 9 25 6 13 14 18 13 20 25 4 2 29 24 20 13 3 30 23 28 5 3 16 15 28
10 17 18 18 30 21 30 15 15 20 2 7 12 25 7 5 29 23 22 19 6 5 14 7 2 18 21 19 27 8 7 8 15 28 14 21 28 23 27 5 17 16 26 11 0 10 21 27 6 5 18 25 29 0 25 17 16 13 12 4 4 22 28 18 18 11 20 18 16 20 22 7 27 25 1 2
13 27 3 24 29 29 7 7 4 23 7 30 23 1 17 16 18 26 2 19 26 21 14 24 11 11 22 15 2 16 23 15 12 28 30 14 16 8 17 11 13 27 28 2 25 6 17 13 26 20 6 22 17 10 8 6 22 1 10 12 23 8 0 29 11 28 28 14 21 18 17 18 18 20 27 17
28 7 29 0 29 10 16 12 21 8 20 30 18 25 25 2 6 11 7 27 19 5 7 15 26 6 7 7 30 22 29 28 25 14 23 3 12 22 4 11 23 19 30 0 2 9 0 5 17 29 9 6 28 11 23 2 29 11 23 1 25 12 20 21 17 24 5 11 8 4 20 26 28 15 25 12
23 7 17 10 5 12 30 8 0 4 0 17 22 7 1 1 10 11 21 4 5 23 25 13 28 8 28 13 22 22 26 19 3 2 3 15 8 21 13 17 12 0 19 5 16 7 26 18 0 17 9 16 16 16 10 21 7 9 10 26 21 24 13 0 14 13 0 0 25 16 22 20 29 25 1 21
12 28 10 16 8 2 15 29 6 23 0 4 12 15 14 19 5 3 3 0 19 30 9 8 2 1 27 2 17 17 24 4 1 29 2 14 1 2 26 11 17 29 16 6 10 15 15 21 6 25 18 10 12 27 13 25 20 17 5 10 29 4 21 28 21 18 9 4 16 16 28 19 3 17 2 1
30 8 21 21 16 1 6 8 24 30 12 3 28 10 3 9 4 29 5 8 4 25 17 25 4 9 6 15 18 7 1 1 19 22 15 0 22 6 0 27 16 1 26 28 7 27 2 3 9 27 2 10 23 23 22 16 19 17 15 8 19 7 11 19 21 4 26 4 5 3 7 9 16 15 6 21
10 26 13 21 3 18 19 4 9 11 24 4 28 8 0 7 22 8 21 23 0 13 19 24 8 25 11 1 9 9 0 1 27 29 14 6 10 30 24 2 19 8 21 17 24 12 17 11 2 11 22 9 1 22 8 13 4 23 5 29 3 19 26 0 15 10 20 27 0 6 6 0 20 13 19 0
6 0 10 10 30 25 23 22 22 23 17 14 1 2 29 28 27 15 24 30 13 27 26 30 12 5 22 28 23 8 0 5 11 4 7 25 25 10 14 29 5 29 4 2 5 2 5 2 11 10 0 17 10 17 19 25 21 19 28 16 15 26 12 30 12 15 13 18 8 9 9 26 22 26 7 3
6 14 28 0 8 29 12 28 11 12 8 6 24 0 19 6 22 2 1 21 9 21 19 18 23 8 11 18 3 7 7 15 9 9 13 21 19 14 19 17 16 23 30 23 28 24 15 28 9 25 4 14 15 5 11 7 26 11 20 8 4 18 11 26 5 0 18 7 28 29 22 26 25 29 9 11
1 24 23 20 20 30 22 19 28 17 4 14 20 12 13 30 11 6 5 6 25 11 11 2 23 15 30 6 10 23 20 22 11 3 28 7 30 5 9 27 4 21 2 2 11 29 15 20 24 16 2 22 30 3 19 4 8 19 25 25 30 2 8 15 28 7 15 19 10 12 0 14 14 23 5 1
17 27 30 20 12 0 19 8 17 14 18 17 17 17 12 18 16 21 4 8 1 3 22 2 2 12 25 10 25 5 1 25 6 23 27 0 26 29 4 3 28 12 10 14 28 16 27 26 28 24 7 4 24 13 6 28 17 26 25 17 26 12 20 14 18 4 14 3 29 0 30 0 25 9 12 19
13 12 25 20 0 17 21 5 30 8 26 19 27 20 11 30 17 28 28 9 6 14 27 3 13 21 28 4 2 16 2 12 30 30 6 17 7 10 6 10 1 27 16 19 21 15 21 13 21 16 19 8 3 19 30 7 25 14 2 1 4 14 20 14 29 14 3 29 7 23 29 4 18 11 15 19
18 15 21 17 6 26 24 12 0 23 29 9 17 3 14 14 11 6 9 20 9 11 18 19 20 16 27 19 22 14 26 15 23 5 13 27 9 6 26 7 7 7 0 22 14 27 12 6 2 15 6 17 0 25 23 6 19 12 15 0 25 14 1 8 23 30 30 5 9 25 16 6 13 5 8 27
11 22 21 0 8 8 4 26 28 2 9 28 7 18 5 25 28 19 13 6 17 21 25 28 20 11 5 26 30 27 14 18 24 26 23 22 10 23 0 1 20 8 18 24 2 3 4 8 19 23 30 1 17 23 7 13 22 18 3 12 15 3 13 29 9 12 2 23 8 8 5 25 16 18 28 21
21 21 23 20 22 22 7 28 27 22 19 22 3 30 5 0 30 23 8 18 8 29 20 15 22 28 3 7 30 20 29 20 15 30 29 20 16 20 11 25 13 3 4 1 16 0 15 5 18 29 28 7 3 19 29 19 21 23 2 12 3 1 15 5 2 21 17 22 28 1 30 0 18 2 14 11
9 11 6 3 8 15 2 16 25 30 2 10 25 8 24 7 23 6 29 24 29 0 14 14 13 19 28 24 3 2 3 18 13 19 19 11 13 4 0 14 7 7 25 20 2 23 22 14 11 16 23 28 10 23 5 1 24 2 14 9 26 29 9 10 3 17 15 11 2 23 11 9 22 1 7 16
30 8 3 23 13 29 25 6 13 27 6 0 15 16 4 11 26 26 8 28 9 17 4 5 24 16 7 14 2 7 18 24 19 12 4 25 28 23 18 13 10 14 9 18 1 20 8 27 3 3 27 6 22 22 12 13 3 10 11 0 22 2 0 6 28 12 25 28 0 14 7 3 27 18 19 26
19 4 9 19 18 18 27 12 1 1 17 2 25 24 30 3 15 18 3 22 14 13 6 11 26 22 22 28 0 1 24 26 29 28 12 11 17 18 11 4 17 4 3 24 20 19 3 25 11 15 0 21 29 25 21 5 12 14 23 13 4 3 9 5 18 23 12 18 5 24 12 20 27 19 25 5
10 1 24 24 17 22 6 4 20 16 26 25 3 1 17 1 28 27 20 2 18 19 5 20 22 7 20 9 15 0 12 10 1 15 12 29 25 4 10 28 8 27 0 0 29 29 29 11 6 6 11 29 25 0 13 20 13 14 16 11 23 15 26 1 3 28 3 28 17 1 5 25 12 23 26 9
4 13 23 16 13 11 19 11 0 27 24 10 19 20 4 26 25 8 16 21 26 30 26 8 16 28 15 13 24 28 13 21 22 27 19 30 0 27 8 27 19 15 18 30 16 29 7 14 5 1 8 30 0 14 30 22 17 19 13 21 17 29 9 20 2 6 11 3 23 26 9 15 5 2 26 0
4 18 17 10 12 6 26 25 7 8 0 20 18 14 25 23 27 8 29 20 24 11 20 29 30 13 28 10 23 30 10 21 6 27 14 16 19 3 22 20 28 0 10 24 22 5 0 26 29 13 19 11 11 13 8 0 30 13 19 25 8 7 8 15 9 30 3 27 15 17 22 19 27 10 3 29
30 18 16 10 27 7 27 19 9 18 15 23 19 20 5 30 17 11 17 20 2 16 30 9 10 9 21 4 24 27 25 14 3 6 29 26 9 14 5 16 10 10 28 12 14 7 27 13 21 11 28 4 27 24 28 14 4 26 14 15 12 22 12 15 20 15 14 1 22 5 18 24 23 7 13 5
13 30 13 3 19 2 8 17 12 22 28 27 3 20 5 14 20 19 14 18 17 30 11 12 26 23 1 23 18 23 13 2 30 11 10 20 6 28 23 17 21 6 4 8 10 22 24 14 30 8 6 13 14 17 15 30 12 24 11 1 24 19 22 27 21 22 3 24 30 7 26 0 22 26 9 22
29 18 30 8 0 10 14 14 17 18 30 25 8 22 11 19 12 23 1 12 2 17 9 26 9 1 4 21 24 7 14 18 15 15 15 23 25 24 19 16 10 25 0 30 4 15 25 23 4 24 7 0 2 27 6 30 0 23 23 29 7 27 0 29 17 8 3 6 23 13 2 19 8 13 1 17
1 15 10 23 23 18 17 4 0 13 3 28 25 20 26 28 9 3 3 3 14 4 5 27 11 7 0 27 26 26 13 2 27 5 5 3 11 2 15 21 20 13 12 2 6 13 5 12 29 27 29 26 8 13 26 7 27 15 0 27 16 28 22 2 5 15 6 12 14 9 11 5 29 30 26 6
6 23 20 18 1 30 25 27 19 4 13 25 16 21 14 15 5 23 19 30 21 25 0 4 18 1 0 21 9 8 28 30 11 1 12 2 13 23 29 10 19 14 25 24 28 16 14 26 6 10 7 4 23 16 19 19 1 2 22 21 12 23 9 16 29 15 12 3 2 25 0 19 13 7 5 5
15 10 0 21 30 30 0 11 16 25 23 12 24 27 24 23 14 15 26 11 4 25 13 21 11 21 4 4 30 24 2 27 26 28 24 6 28 25 20 5 5 21 13 17 7 16 6 23 16 6 29 24 13 11 20 15 10 30 12 11 11 10 16 21 15 13 26 18 3 23 7 16 7 13 14 19
1 2 24 26 1 24 24 13 19 19 18 2 4 7 27 2 13 0 13 9 21 20 29 3 8 23 15 0 19 13 20 24 0 16 17 19 11 0 16 0 27 28 3 16 7 17 4 8 9 14 20 18 9 11 11 9 12 7 21 0 10 0 21 2 29 22 11 29 17 23 25 30 10 9 12 11
