78 78
0 24 17 15 18 8 11 12 7 28 21 25 15 25 15 7 28 0 3 1 20 28 19 2 4 9 25 15 24 15 15 6 27 0 3 27 21 12 3 0 2 5 23 0 7 18 18 9 26 2 29 7 25 27 26 20 28 16 16 30 2 15 0 9 13 10 1 19 18 5 21 0 9 2 21 0 20 22
17 5 15 26 26 27 29 30 6 18 14 14 24 5 13 6 23 3 22 1 11 26 6 29 15 22 23 20 10 1 18 21 24 25 4 10 9 5 15 0 14 11 2 9 24 30 2 19 9 1 16 25 13 8 23 14 5 1 25 24 15 20 2 0 17 21 22 14 28 28 15 19 18 12 14 23 16 9
3 14 4 26 28 6 1 6 9 8 14 3 13 23 17 29 19 16 26 8 8 24 19 1 6 13 26 12 10 2 23 28 12 28 13 30 14 23 6 14 12 30 17 28 19 11 18 21 23 11 2 1 26 6 13 24 4 16 26 23 18 27 17 17 20 25 20 1 1 30 7 28 12 24 14 2 28 23
10 14 21 17 13 8 13 20 19 30 16 6 11 21 1 1 10 30 16 28 6 25 19 17 6 6 1 8 22 6 18 18 27 22 13 28 29 12 2 4 16 13 18 21 25 15 7 2 30 7 13 11 1 4 0 20 6 5 5 12 8 13 14 29 9 3 0 7 23 15 20 7 3 9 1 28 16 20
27 8 25 15 0 13 22 1 9 7 18 30 1 11 21 14 29 25 15 4 7 19 18 18 3 7 10 2 4 9 12 17 0 0 28 4 18 15 20 4 21 11 0 4 16 30 0 28 19 1 21 0 3 24 3 5 19 16 28 23 29 16 13 12 20 13 29 15 15 16 27 17 0 15 18 22 12 29
27 11 2 5 17 4 20 12 20 21 17 13 9 11 19 9 23 2 30 2 11 25 19 23 7 30 0 18 0 23 18 19 11 3 21 23 10 27 4 10 3 21 26 12 30 7 16 18 25 19 30 1 6 1 16 24 24 6 29 1 15 15 9 14 8 19 14 18 19 18 30 19 22 19 23 7 20 28
14 28 28 23 11 5 26 13 14 29 19 6 30 15 14 6 29 11 29 4 25 3 19 21 23 10 14 13 19 18 11 11 19 8 26 25 29 9 24 25 25 17 21 20 16 7 11 14 14 24 17 13 2 17 4 14 4 14 15 16 15 1 22 8 23 14 26 20 29 14 0 30 27 3 10 20 26 7
19 23 17 3 29 6 29 11 0 22 27 18 7 22 21 14 22 14 3 9 22 5 17 26 15 9 17 0 28 7 13 19 17 6 5 24 10 24 3 22 29 17 1 15 4 16 3 26 20 26 26 17 29 11 2 12 25 29 16 28 1 23 0 21 7 9 3 12 0 27 0 14 26 4 3 4 25 22
2 18 23 15 21 29 25 8 5 17 9 18 10 5 4 14 28 13 13 26 24 10 5 22 21 27 14 28 1 16 28 28 19 4 10 24 24 6 0 28 9 21 28 30 24 2 14 19 13 5 5 18 1 22 28 2 1 6 16 30 9 25 8 15 8 24 5 4 19 14 19 7 4 8 22 16 30 29
5 7 8 4 11 3 15 1 9 27 11 14 30 7 18 29 2 27 13 30 26 12 11 2 9 22 27 10 7 14 15 14 11 5 27 20 7 3 28 14 28 14 28 0 4 20 15 16 15 20 30 5 10 26 19 4 21 25 17 15 8 1 9 23 10 21 5 30 9 0 26 18 11 27 28 27 29 25
22 21 13 29 26 25 10 6 27 26 28 30 15 24 25 14 18 16 30 24 2 12 15 20 24 20 26 3 1 27 7 6 11 5 29 10 17 2 13 15 0 14 27 7 26 13 6 21 19 4 18 10 23 0 10 25 21 27 2 16 15 17 10 28 4 26 18 2 23 15 20 20 24 1 30 25 10 14
15 6 21 3 18 30 3 17 29 10 18 0 13 19 9 16 9 6 21 22 8 10 29 0 28 26 16 19 19 1 12 21 10 26 21 30 12 12 29 30 28 30 12 7 27 26 10 20 10 3 8 4 28 27 14 18 21 16 26 12 21 13 21 28 27 11 10 15 17 28 4 1 29 6 28 1 5 7
29 1 20 28 19 6 25 28 5 30 24 26 4 23 0 24 20 8 20 0 0 24 16 9 25 20 7 4 23 19 11 23 23 23 7 12 13 20 26 29 8 24 25 23 5 9 12 25 9 15 10 1 10 25 23 7 4 17 25 13 22 11 12 10 21 4 6 25 12 16 0 17 6 25 27 11 9 16
28 17 27 26 30 2 13 6 11 30 8 19 2 22 13 19 25 4 18 29 29 20 24 10 13 29 1 25 29 20 24 4 14 27 13 11 28 20 13 27 30 26 11 20 13 13 27 8 0 25 24 15 13 18 2 1 1 30 8 21 0 9 13 12 26 27 17 10 14 9 30 11 15 7 24 25 22 15
20 29 6 10 8 21 28 11 12 2 22 16 26 2 11 21 8 24 18 23 9 17 4 1 26 24 28 13 0 25 12 6 17 7 13 7 22 4 16 13 29 16 27 11 30 22 27 8 30 5 16 25 8 27 27 29 8 20 3 16 18 1 5 16 9 14 30 8 25 19 28 5 23 13 26 16 22 13
29 0 21 26 19 26 1 2 28 7 14 19 1 26 25 10 9 7 13 28 30 19 21 27 16 13 20 27 1 11 29 5 8 17 29 6 29 21 17 16 27 28 8 27 24 3 21 23 7 22 1 0 29 30 17 23 1 11 15 24 13 8 16 24 11 28 7 7 25 6 13 2 9 29 7 0 5 29
13 7 20 12 2 6 7 1 22 1 13 19 7 19 24 2 3 15 27 22 19 15 9 27 18 28 23 6 30 21 22 11 14 16 13 28 21 3 25 22 12 10 0 13 8 25 3 30 10 12 21 21 20 27 14 23 2 13 6 9 16 7 14 23 4 15 28 13 21 11 12 18 9 4 16 4 19 16
10 11 1 20 5 25 15 22 21 15 20 11 21 18 18 4 30 22 8 13 28 12 16 0 4 25 7 27 4 8 8 8 9 4 21 17 0 13 6 30 20 26 30 19 0 28 25 8 22 28 24 25 19 8 27 16 15 14 5 26 5 20 0 6 15 23 6 27 1 26 8 5 18 22 29 2 7 30
28 25 10 25 1 10 26 7 29 17 0 25 10 20 11 26 15 5 17 25 28 8 18 25 5 5 30 5 25 14 9 23 7 23 24 29 8 3 27 8 8 17 21 12 4 30 22 26 23 10 9 9 1 11 17 18 5 7 9 19 30 24 10 30 21 15 4 18 24 12 27 28 10 12 26 22 14 10
21 5 19 3 2 8 30 24 2 29 24 15 19 2 14 8 27 16 6 4 5 16 19 19 5 28 9 23 11 26 15 16 12 8 2 1 26 16 12 19 6 19 14 6 10 27 8 19 11 25 28 21 6 13 3 3 20 1 11 22 14 9 18 18 30 3 3 0 26 18 9 22 30 17 3 29 10 5
5 12 4 26 26 23 12 23 10 27 8 9 23 30 15 3 16 19 23 16 23 20 17 4 1 17 7 7 23 22 20 19 17 7 12 9 17 24 26 22 18 25 3 11 22 8 28 9 21 2 17 4 7 17 28 11 28 7 26 23 12 18 4 10 29 23 22 4 2 24 23 8 8 8 29 29 14 10
2 9 16 0 10 22 24 2 21 2 17 24 18 23 28 10 28 17 14 14 23 3 15 11 10 0 28 21 30 25 26 2 26 16 21 10 15 24 11 6 0 12 10 28 25 25 17 20 28 10 26 1 17 19 2 22 30 14 14 10 18 1 16 12 1 29 0 18 3 23 14 30 5 4 18 19 3 17
1 10 17 2 26 29 8 14 14 1 13 28 29 17 7 26 15 15 25 30 16 24 1 9 20 26 7 26 26 16 13 3 22 19 23 20 6 12 18 20 12 6 15 2 21 19 3 0 20 4 11 23 26 7 27 26 4 16 0 27 20 19 16 18 18 6 28 5 1 29 2 29 18 14 17 16 22 6
10 24 30 9 1 2 22 20 3 28 24 1 5 14 13 26 9 26 27 28 6 26 16 17 21 19 27 17 16 27 25 18 28 8 24 10 4 27 18 22 24 26 12 7 20 21 2 9 17 15 9 26 19 21 25 2 14 22 7 8 2 16 20 26 18 12 0 12 7 3 12 4 9 17 24 29 29 16
10 16 19 17 28 8 26 17 16 13 0 27 15 25 18 1 25 25 29 14 3 0 22 30 18 15 9 16 19 7 16 24 4 30 8 10 20 2 7 6 27 26 23 7 2 0 10 25 3 14 11 10 2 29 21 27 25 26 3 1 30 7 5 4 5 6 24 8 5 29 27 3 22 11 2 6 27 23
11 21 24 1 7 17 15 0 3 28 26 0 2 23 11 0 6 16 0 13 18 12 16 20 27 0 24 2 17 11 17 6 3 0 20 27 26 6 20 14 30 9 30 18 28 5 22 10 7 7 28 22 4 13 8 27 21 14 21 7 27 5 19 18 12 28 23 22 6 6 3 22 17 11 5 4 13 16
2 12 30 10 14 24 27 14 30 15 28 24 19 13 4 20 17 2 16 24 9 5 25 7 6 14 1 8 1 0 23 3 21 16 20 23 1 10 8 0 17 19 13 14 26 4 0 12 22 18 28 7 17 1 2 13 11 14 4 18 28 15 16 21 28 3 0 21 3 26 0 22 12 17 3 30 14 28
15 20 21 23 16 7 18 18 20 20 30 11 5 23 24 25 29 3 9 9 1 19 11 3 20 25 11 19 13 2 18 9 7 30 14 18 12 9 1 3 10 21 2 17 30 24 27 3 3 20 5 28 9 0 22 14 24 17 4 10 23 10 1 11 1 2 3 25 24 9 3 9 5 4 22 12 18 30
12 11 23 15 19 25 4 19 10 8 13 7 21 11 29 30 6 11 1 7 10 4 1 1 3 1 19 3 14 16 25 8 4 20 18 13 2 30 19 10 3 25 5 23 25 15 26 22 3 5 30 8 10 30 24 8 22 27 16 13 10 25 12 26 9 8 6 5 13 29 6 1 28 0 9 0 12 20
29 20 28 8 5 17 4 15 11 13 17 10 21 27 29 27 7 25 18 26 24 24 16 14 5 0 5 21 18 3 9 3 17 26 11 5 20 5 1 27 12 28 7 6 30 14 25 20 27 11 12 1 24 2 14 24 7 5 12 15 8 23 7 3 9 10 6 24 10 18 8 6 4 11 20 1 2 29
11 20 16 16 2 6 3 13 9 28 15 26 23 22 22 20 12 2 10 24 11 7 6 30 23 16 17 24 6 3 24 3 5 6 16 13 21 21 16 15 24 11 0 13 6 29 15 14 16 5 19 28 20 10 16 6 24 15 18 25 10 28 0 12 28 21 19 30 24 21 29 4 8 3 0 4 8 30
19 13 14 15 22 27 21 24 13 10 17 1 4 11 12 24 20 14 12 23 20 4 5 20 16 17 29 18 0 9 2 8 16 25 21 6 14 5 15 14 24 27 5 13 0 6 21 23 15 14 8 15 14 3 28 21 24 27 11 15 12 26 7 3 17 0 10 3 25 22 8 14 1 25 4 30 3 16
19 17 13 20 4 26 28 13 2 10 27 6 19 2 15 5 23 0 3 2 14 8 27 29 30 12 26 29 5 18 12 3 8 19 12 8 23 17 18 15 19 15 25 18 21 28 27 24 18 23 9 5 28 16 24 23 19 20 29 14 5 0 6 11 9 0 17 11 21 28 15 2 21 7 4 2 27 28
4 1 8 23 14 23 29 24 14 1 21 14 11 24 19 22 27 5 11 24 11 6 21 23 9 8 23 9 0 3 13 14 15 8 15 17 23 12 23 20 9 17 27 21 14 9 19 2 19 16 4 12 27 2 1 17 20 10 15 13 23 1 4 24 3 14 22 6 7 10 24 4 21 18 2 13 29 29
6 22 6 2 29 1 29 22 9 13 6 24 21 25 29 7 26 26 20 13 27 7 21 8 28 26 23 21 5 8 20 4 11 17 0 23 13 15 27 13 7 9 11 8 12 20 13 19 13 12 6 26 10 10 9 18 7 19 26 27 0 27 29 15 11 16 7 23 10 1 8 27 14 14 10 7 26 25
30 22 18 30 9 11 9 4 9 23 0 19 29 18 5 6 30 5 17 27 7 27 0 25 15 14 24 5 29 2 7 14 22 25 18 19 24 25 13 21 15 2 29 2 17 19 13 27 22 17 5 28 7 7 19 30 20 0 14 13 15 15 8 25 15 25 27 21 8 11 0 5 26 28 10 6 18 24
0 12 8 24 15 5 22 17 9 1 4 24 28 5 25 19 3 14 23 0 26 30 21 18 1 3 1 1 29 28 4 24 5 21 16 27 14 8 6 19 30 3 27 14 0 18 16 12 28 21 30 30 14 10 10 19 7 5 15 22 16 28 3 11 0 4 26 20 27 30 16 5 27 4 20 30 5 13
13 13 30 26 7 12 1 30 24 3 13 29 16 9 26 5 0 26 17 25 30 5 16 15 29 3 1 23 7 3 23 22 1 12 14 24 24 21 20 10 10 22 3 27 16 15 2 20 1 8 22 16 22 9 23 9 5 29 28 4 21 18 11 21 20 10 16 23 7 11 14 29 20 15 14 5 29 17
16 14 16 29 27 1 22 22 21 24 1 25 3 3 21 20 14 16 25 7 3 14 12 11 20 1 8 26 14 6 10 17 12 27 0 9 30 0 26 20 18 12 8 29 27 10 12 16 16 30 14 6 1 18 26 23 11 20 14 25 2 25 22 7 18 17 18 23 12 0 0 24 25 3 10 11 16 16
2 29 5 1 26 12 19 18 14 16 0 2 17 21 16 22 9 0 3 18 7 24 26 8 26 24 6 23 18 18 13 19 27 30 26 17 27 21 8 25 22 25 1 3 8 5 20 23 23 21 20 24 21 26 7 10 29 10 23 21 2 16 20 7 13 4 6 13 13 13 27 25 6 16 21 28 8 11
11 2 0 13 17 20 30 23 11 8 13 18 8 26 11 23 10 15 6 8 22 5 13 19 24 28 8 0 10 9 19 20 23 13 25 19 3 5 4 11 27 21 19 29 27 16 10 4 14 23 11 21 2 21 22 0 11 8 25 3 1 25 14 11 26 25 0 19 6 7 27 22 20 0 28 14 13 15
27 11 2 24 26 27 7 0 3 4 13 17 29 7 11 21 8 13 29 23 24 0 23 2 26 16 22 5 13 7 5 28 9 29 4 9 23 9 30 25 26 3 28 1 10 1 16 13 3 18 25 16 8 26 0 21 1 1 6 5 26 10 13 8 18 16 22 15 18 20 21 30 25 30 13 0 16 16
25 16 27 1 2 27 5 23 12 11 14 26 3 13 16 9 22 6 9 8 12 27 30 15 10 24 8 4 5 17 26 6 11 28 16 4 5 21 11 20 7 24 14 14 7 14 1 18 1 2 5 6 20 9 20 22 30 28 9 20 18 29 30 28 9 11 26 14 11 14 29 19 19 20 6 21 12 28
0 3 3 16 1 29 2 14 27 24 4 28 22 12 23 6 9 2 20 30 0 28 14 17 0 8 28 4 10 19 16 19 15 13 5 9 13 13 10 5 30 14 30 1 29 11 10 11 25 19 30 13 23 6 23 18 3 28 9 28 11 8 14 2 28 25 25 12 4 16 26 15 25 10 19 1 15 26
8 0 23 1 12 23 24 20 3 1 29 24 23 11 19 30 21 17 28 22 13 3 20 27 16 23 3 23 5 26 22 16 28 1 9 13 28 20 22 10 2 13 13 10 19 1 29 17 21 1 12 18 20 21 25 2 19 26 1 20 11 3 3 9 3 0 27 9 25 9 10 24 21 2 8 20 10 13
23 19 10 11 12 27 1 21 30 14 26 23 0 9 4 2 24 18 18 28 26 15 19 26 29 24 6 26 20 19 0 7 20 9 20 14 27 22 21 0 14 24 7 5 16 26 29 3 1 13 6 2 17 9 12 19 23 0 3 1 29 20 16 3 14 9 19 15 26 10 18 15 28 11 18 9 27 29
23 28 5 21 13 16 11 15 9 5 25 25 7 16 26 11 10 19 3 20 12 14 23 5 12 2 1 28 5 14 15 15 8 15 27 19 12 18 5 15 17 19 21 27 18 8 13 3 23 3 6 19 25 4 27 24 5 28 19 15 24 2 1 1 26 23 17 0 0 4 11 6 21 16 28 0 19 0
13 10 21 26 24 12 0 22 9 29 17 18 30 15 10 14 2 16 1 1 8 14 30 12 21 5 26 29 25 1 20 7 4 18 1 1 5 25 12 30 12 30 9 18 19 18 29 19 17 1 5 1 24 16 9 12 22 2 27 16 20 20 3 27 19 13 17 29 22 11 5 26 17 12 0 6 15 18
11 14 27 8 3 3 11 8 7 13 28 5 28 5 29 19 18 0 2 20 22 16 22 14 20 3 12 17 4 24 8 13 17 3 2 6 2 24 27 9 10 2 7 8 0 9 11 3 16 22 29 7 29 18 11 9 14 14 17 1 20 8 1 30 19 29 11 11 14 26 10 28 2 30 16 30 29 13
11 14 25 30 4 22 26 17 18 14 26 25 19 8 14 30 5 14 17 29 25 20 20 26 7 28 5 3 13 28 6 16 0 7 6 8 20 26 19 29 18 0 29 5 9 19 24 2 17 1 23 6 8 29 0 15 29 21 13 25 29 2 14 25 16 0 18 16 10 26 5 17 15 22 26 5 2 6
1 12 8 17 26 29 25 16 1 18 2 29 1 10 0 17 29 10 26 7 6 17 29 15 29 4 2 21 2 12 16 27 24 18 26 23 14 23 29 1 13 10 30 17 3 29 30 28 15 6 9 4 10 5 5 6 30 18 17 9 11 23 2 16 19 27 14 2 10 28 25 1 20 1 5 4 17 2
9 10 20 12 2 5 0 12 5 30 14 4 19 6 12 7 20 20 6 5 24 6 19 7 27 2 11 12 14 29 19 6 0 30 10 13 1 24 18 20 0 14 4 9 11 10 21 4 7 28 3 29 9 2 19 18 16 24 16 25 24 2 10 5 26 20 30 3 13 13 23 10 0 12 4 19 13 6
10 21 1 22 19 21 23 29 22 14 0 27 6 30 29 24 7 13 29 11 22 17 28 13 8 7 15 26 1 15 3 3 11 24 2 4 16 13 1 18 23 25 15 23 17 3 7 14 5 3 25 25 27 13 15 20 10 7 0 3 5 13 17 28 21 15 5 30 18 16 25 4 5 23 13 21 28 17
29 12 2 28 29 1 10 10 12 29 15 28 9 25 29 30 18 24 22 11 13 23 3 1 25 3 15 26 26 6 12 7 9 19 5 25 12 20 16 29 21 28 12 24 18 22 15 4 18 7 11 6 11 11 11 21 2 10 7 26 25 27 3 28 26 28 9 9 13 21 6 6 17 11 29 15 12 26
18 27 19 24 10 18 27 30 11 15 29 24 0 27 13 13 30 4 28 12 7 18 23 0 25 13 6 6 5 18 2 6 2 26 26 0 16 30 4 10 20 20 27 3 16 22 26 16 24 26 21 15 25 7 19 14 21 8 4 30 23 28 3 11 30 30 4 6 16 15 6 5 12 2 25 0 21 13
6 7 18 12 0 5 22 14 11 3 6 14 4 27 14 2 11 12 7 4 11 20 5 26 23 14 30 14 9 8 5 9 5 16 25 26 18 12 17 9 26 13 20 11 10 4 26 4 19 8 28 4 3 29 28 12 28 28 14 12 28 3 14 27 13 16 4 20 10 15 8 17 13 28 19 24 17 7
29 22 4 14 19 15 4 7 6 26 26 14 13 10 21 8 20 15 24 26 1 20 26 12 0 19 16 14 19 18 14 20 17 7 3 11 15 17 30 26 22 20 17 25 30 29 11 16 26 9 5 12 9 29 11 25 20 23 25 20 9 29 27 30 6 17 25 4 30 29 7 22 10 6 29 6 2 23
6 10 9 2 14 21 3 5 16 22 25 14 8 17 23 25 2 26 11 16 19 16 24 10 17 11 7 26 28 28 14 22 11 20 30 27 20 0 7 13 1 14 7 21 19 9 16 1 16 16 3 30 16 25 5 6 21 30 3 15 10 21 30 22 22 25 3 30 16 19 17 21 1 16 13 25 26 10
10 5 9 8 8 8 30 25 27 9 9 21 16 8 30 19 17 14 2 22 18 17 11 12 0 11 25 6 28 11 7 25 13 2 20 7 21 23 0 28 30 19 27 7 1 10 19 15 4 27 28 14 19 14 26 28 14 4 30 13 12 26 21 12 29 18 19 7 10 5 28 27 28 16 23 25 13 27
27 27 9 2 27 30 25 30 3 1 28 3 27 29 5 4 29 15 20 7 28 6 2 16 8 30 10 8 27 26 14 18 11 20 11 29 15 19 8 24 14 28 17 30 16 21 13 18 4 1 23 17 25 30 18 3 26 20 0 15 27 19 23 18 14 5 27 0 10 28 27 15 28 16 3 27 19 5
25 5 28 26 12 20 2 17 8 9 19 30 3 11 27 23 19 18 17 28 6 11 12 0 11 8 24 2 14 5 0 19 18 6 26 21 18 18 24 25 13 6 12 5 7 26 23 14 30 4 11 24 9 15 2 5 29 4 7 28 9 17 24 4 15 15 19 20 8 14 15 11 15 20 17 18 26 22
18 5 13 0 27 2 28 15 30 22 16 18 4 29 26 4 11 7 23 30 19 8 1 3 25 11 24 15 16 8 12 12 25 27 4 5 2 26 6 3 27 11 23 7 29 7 23 9 11 3 27 6 2 0 8 4 8 16 4 4 7 7 21 8 0 17 12 1 19 11 28 13 24 1 8 20 4 24
5 29 25 20 10 30 9 0 27 3 14 22 25 22 8 26 11 19 0 8 30 17 20 12 0 12 12 19 24 1 23 3 19 4 3 29 29 20 30 3 13 3 30 3 2 23 28 8 7 13 11 11 0 22 28 25 16 2 5 22 21 16 28 17 21 30 19 6 27 17 6 13 14 27 20 2 6 4
8 27 20 22 24 26 12 30 20 11 16 24 6 19 20 29 7 10 28 1 26 29 28 18 28 10 11 20 14 28 1 24 30 9 3 1 19 6 24 10 9 29 2 3 28 27 2 28 1 19 22 2 27 17 3 2 28 5 7 7 28 21 24 6 26 21 13 18 30 6 20 8 3 11 0 29 13 24
7 15 8 5 30 9 0 8 27 25 6 11 14 0 4 1 22 24 28 27 24 1 22 24 7 0 6 11 4 19 14 11 27 17 4 4 12 10 27 8 25 20 26 12 13 29 2 9 26 20 0 9 30 16 24 8 21 20 25 25 24 10 2 20 28 21 12 1 29 14 12 28 6 22 2 30 11 17
8 6 14 3 2 17 13 20 5 20 13 27 30 4 29 25 23 5 7 15 30 25 10 1 22 15 23 13 28 4 28 8 4 10 18 5 21 21 8 29 14 21 6 6 19 28 4 5 30 5 21 24 18 27 24 1 28 19 10 15 29 24 23 14 9 28 0 7 24 3 13 23 19 29 23 2 22 22
9 8 8 8 5 8 18 19 1 2 28 30 18 15 1 28 1 17 14 6 3 15 21 29 10 2 27 2 27 8 8 21 30 28 29 22 22 21 7 4 29 3 7 22 15 13 5 0 10 3 28 15 28 4 23 30 10 24 17 4 16 28 3 16 0 7 23 10 1 11 22 0 24 20 18 16 28 20
11 12 21 26 4 24 26 13 6 21 5 26 8 24 28 4 3 20 11 27 22 16 17 9 21 16 17 13 27 22 4 19 22 29 13 10 2 21 17 17 27 20 26 28 23 2 12 12 13 20 6 15 2 17 29 10 18 11 6 9 15 1 12 12 29 6 6 7 24 22 10 4 22 18 20 12 10 10
30 22 29 28 17 9 24 1 20 6 25 17 22 10 13 4 10 9 10 19 23 15 7 13 27 8 18 3 28 0 9 10 20 8 16 24 24 10 15 15 1 14 15 11 20 11 30 6 16 11 0 11 29 30 17 27 20 2 9 28 28 10 20 21 25 3 3 15 18 28 30 29 2 8 3 16 14 24
23 10 28 8 26 24 24 18 4 12 22 2 14 9 13 24 27 22 29 9 2 3 13 22 0 11 18 11 17 2 7 24 28 27 15 25 28 20 25 20 4 8 16 24 27 14 0 21 10 17 20 29 9 27 19 2 27 24 0 19 21 3 29 22 23 11 13 25 17 29 26 19 23 2 30 27 17 17
16 1 15 5 16 7 17 2 4 8 1 18 5 8 5 10 3 22 9 1 10 1 8 21 20 25 19 27 16 20 2 5 18 4 12 20 12 30 9 10 5 25 2 4 6 0 11 3 1 30 27 19 26 28 16 3 2 7 27 30 12 10 17 27 5 23 29 17 8 27 6 19 8 10 7 20 20 13
26 10 26 15 6 24 15 23 18 20 4 29 4 27 23 15 30 16 17 6 28 28 27 23 16 26 5 22 24 29 8 16 9 1 6 20 29 9 16 3 21 23 6 20 15 21 2 17 0 22 8 22 9 1 17 20 18 4 26 17 9 5 4 20 2 7 14 0 20 9 23 10 28 30 28 0 11 5
3 20 25 2 3 23 15 11 9 9 27 4 2 15 16 20 0 12 0 15 22 2 15 3 29 8 12 0 10 4 7 20 17 30 14 21 3 0 29 14 4 29 12 28 17 10 9 3 11 12 27 11 4 9 15 30 1 8 16 27 24 6 27 14 15 14 25 23 2 23 0 25 16 6 28 1 4 21
6 6 9 10 19 30 13 18 4 28 10 30 26 18 21 18 20 12 10 20 29 18 24 3 10 9 7 11 8 23 13 18 18 27 23 12 0 18 3 23 13 22 28 26 5 8 19 0 20 19 27 18 21 21 25 12 22 28 26 8 12 27 0 3 9 9 20 6 3 24 9 11 20 0 0 30 19 2
10 23 17 24 19 24 13 9 8 17 25 21 26 19 9 0 22 22 16 19 27 7 30 26 6 18 24 8 25 20 13 0 15 21 3 2 6 3 5 16 10 26 21 7 12 21 16 20 27 9 9 17 21 8 0 6 11 11 27 10 5 3 18 2 27 11 21 0 5 7 21 28 20 18 20 12 21 15
22 21 15 23 25 2 3 4 22 28 25 20 28 21 3 17 30 15 14 19 22 1 4 15 7 18 4 9 7 20 21 16 27 20 19 13 6 11 24 18 8 6 11 7 23 29 14 5 19 19 24 8 26 26 17 3 24 16 21 17 10 22 28 4 2 15 24 27 3 10 12 25 5 27 28 30 2 13
9 11 25 18 25 9 11 10 5 25 17 30 20 17 23 25 28 12 20 2 10 28 23 17 18 0 13 9 9 9 1 17 18 17 25 0 30 26 16 21 22 23 9 1 9 14 10 0 17 15 9 27 16 10 8 12 5 23 24 0 28 20 0 30 13 17 16 23 1 30 22 14 30 13 30 14 6 28
24 14 16 11 16 5 10 12 5 20 16 4 17 15 0 29 6 28 1 20 14 23 14 18 13 16 8 17 10 7 13 29 20 27 0 15 5 11 9 19 14 2 27 5 5 5 15 9 6 25 9 7 28 28 24 21 25 0 11 21 30 24 17 8 21 23 6 11 10 10 30 22 15 1 26 13 11 29
