89 89
4 28 21 26 3 1 21 23 15 7 20 28 20 5 23 5 19 29 29 2 15 14 30 10 1 14 3 19 7 6 15 12 4 0 4 26 20 2 14 5 2 25 7 5 10 2 28 16 3 10 21 16 4 30 3 8 6 20 1 2 20 17 19 21 9 7 21 16 5 23 17 6 27 7 9 22 5 1 28 28 7 9 7 9 22 1 3 30 30
20 23 30 0 21 19 7 17 7 9 29 19 13 21 27 26 5 1 2 22 2 20 11 16 14 0 24 23 17 0 12 16 4 21 16 4 5 27 14 1 6 17 13 25 27 29 15 25 3 26 18 7 19 17 16 5 9 2 27 4 4 22 7 14 6 10 8 2 28 4 13 5 25 17 14 29 18 19 25 19 22 4 14 20 26 17 1 21 9
7 13 13 24 6 21 28 23 9 11 8 15 7 23 26 28 19 26 19 15 1 8 6 24 29 18 9 13 25 13 8 29 7 11 23 24 23 15 22 0 28 23 1 1 17 4 28 11 6 1 20 15 22 18 22 23 11 21 1 23 7 6 14 6 14 4 15 22 2 10 14 4 11 9 26 16 22 23 16 11 28 26 15 11 24 5 22 22 0
5 30 11 13 1 30 12 0 18 27 19 25 28 13 29 22 21 3 23 21 29 17 6 1 12 10 19 27 5 3 16 13 28 21 27 8 30 3 28 24 24 10 9 11 12 18 11 14 18 26 26 4 28 9 11 15 17 1 28 20 23 6 18 15 13 23 15 17 13 8 6 27 17 15 10 5 20 28 1 15 4 5 7 24 1 9 17 29 30
0 16 6 12 13 23 2 22 20 11 8 11 26 19 10 26 6 3 26 19 23 22 28 30 2 30 2 9 26 12 4 0 1 12 30 17 11 2 11 22 20 23 20 28 1 21 2 5 28 8 10 7 19 7 18 26 22 12 26 16 6 25 9 25 3 10 4 29 2 8 23 7 9 20 30 5 29 28 2 8 6 14 25 1 10 19 7 26 28
4 22 13 19 30 27 15 30 7 12 24 6 9 3 16 27 27 3 20 23 30 28 11 2 27 29 8 13 18 10 29 8 4 9 24 6 7 20 12 17 30 18 12 28 27 25 16 8 26 23 15 30 3 12 11 20 25 14 16 9 11 24 19 28 2 16 18 21 1 28 11 8 3 13 30 23 23 27 17 28 5 20 27 11 26 21 9 3 9
29 9 14 15 14 11 5 6 6 29 3 12 19 12 0 9 26 15 3 0 24 11 1 8 30 18 20 7 11 10 30 10 23 1 28 24 21 11 4 15 21 0 6 1 5 2 27 18 6 13 15 19 19 2 20 20 12 0 12 17 16 9 12 13 11 8 10 16 8 28 1 30 6 22 29 21 1 7 9 16 12 25 16 18 4 17 4 10 2
4 29 29 24 1 28 25 29 8 24 5 18 25 5 10 14 30 27 12 21 20 13 25 30 29 4 16 24 18 21 9 27 6 5 16 13 21 1 5 10 13 27 24 20 15 22 20 20 20 18 4 24 13 13 15 17 7 17 25 9 28 12 22 11 3 14 20 11 28 14 5 23 28 29 8 17 24 13 11 9 26 22 2 14 22 9 21 4 11
8 26 28 23 4 0 27 14 0 9 7 4 23 21 7 2 11 9 9 17 6 6 26 19 23 21 1 25 8 28 23 23 0 29 11 0 0 5 11 23 21 21 30 3 4 26 12 5 20 24 6 3 13 26 2 9 0 7 29 3 18 1 25 17 27 2 18 24 2 17 7 0 27 26 26 8 1 26 13 16 2 9 3 19 18 1 7 16 30
24 18 28 18 0 1 9 14 13 5 7 30 23 29 3 8 0 29 25 20 19 27 23 22 2 14 11 12 25 10 10 12 30 7 1 4 25 5 9 22 25 14 12 28 5 14 11 3 17 24 2 25 0 23 29 3 29 24 7 17 5 28 29 0 29 5 24 26 27 24 10 24 5 29 14 8 10 23 30 24 14 26 23 6 0 12 15 20 14
26 14 16 6 10 24 8 18 7 19 29 24 8 7 29 12 19 27 13 10 25 21 30 8 13 11 28 10 27 2 4 6 28 7 25 13 26 27 20 0 1 20 23 20 22 4 1 26 15 7 15 26 15 10 21 21 0 7 20 29 18 28 1 29 4 7 25 11 5 20 14 23 11 24 29 24 20 12 16 10 21 10 13 7 0 24 20 3 30
10 18 28 20 2 27 1 10 21 19 6 8 0 1 13 21 17 26 17 11 15 2 30 25 26 17 9 7 11 24 29 4 9 22 27 9 14 3 27 29 20 1 29 7 19 30 8 26 11 3 23 15 12 25 19 20 16 22 28 25 26 16 16 2 21 7 10 18 8 15 30 29 15 6 21 18 23 13 16 5 24 18 2 29 6 22 16 23 9
19 10 23 12 15 5 19 18 7 26 15 0 5 27 30 18 8 19 19 22 19 1 4 0 29 8 12 3 24 20 11 24 30 25 24 27 6 10 8 26 4 16 20 9 21 14 14 27 0 7 10 20 24 8 12 16 11 24 30 10 24 23 19 11 20 10 27 19 23 16 23 9 6 11 4 25 4 16 2 16 21 16 0 1 7 10 0 11 8
6 10 13 7 11 24 8 12 14 0 26 11 28 28 3 22 14 3 3 4 22 10 21 3 4 6 24 8 20 6 8 28 21 22 2 5 3 18 26 29 4 21 29 20 18 1 15 26 29 28 0 1 0 29 27 18 21 7 0 18 29 16 29 22 9 0 11 16 13 23 7 25 14 17 20 11 24 23 21 24 0 26 16 23 4 10 21 26 15
3 0 28 13 17 15 28 13 21 11 30 10 11 17 9 1 25 27 0 17 14 16 12 14 14 29 20 23 20 9 28 13 1 6 23 20 19 25 6 28 9 22 29 2 7 21 3 19 20 30 11 21 4 14 1 28 29 11 14 16 24 18 29 24 28 23 11 2 11 13 22 22 27 15 20 23 6 16 9 26 25 6 15 10 10 6 28 22 1
9 23 18 6 5 2 22 19 25 29 4 28 19 13 22 10 13 25 4 11 9 9 23 15 23 1 13 12 8 25 29 21 15 1 28 10 24 28 22 18 30 1 10 11 26 21 21 11 16 4 2 21 21 26 25 19 17 15 2 11 17 5 0 19 23 24 17 28 14 24 9 10 9 1 20 28 23 8 17 25 25 11 29 26 12 19 13 20 0
2 21 26 19 23 30 9 24 10 26 8 10 7 30 25 13 21 27 26 3 14 11 26 0 19 5 27 10 10 22 18 7 16 17 1 10 11 4 24 2 9 8 18 29 8 28 30 25 11 21 2 10 30 16 13 28 11 11 21 9 4 8 7 23 27 25 24 30 10 11 20 25 8 9 5 5 30 24 26 1 23 10 21 21 3 19 13 10 11
13 28 15 0 21 18 19 20 14 23 11 21 29 8 11 21 24 6 17 13 25 5 3 15 11 29 26 30 22 6 6 9 23 11 15 14 7 18 0 3 26 2 20 23 0 0 19 28 17 10 17 2 15 11 3 4 10 15 15 10 7 16 4 1 7 29 0 17 8 29 4 21 8 6 27 28 7 3 16 13 25 4 22 20 12 19 23 13 24
10 15 30 16 20 21 11 14 13 7 16 17 2 13 30 23 0 22 25 16 10 4 11 29 13 1 3 3 12 18 22 27 26 12 9 14 20 12 16 24 1 10 22 14 0 9 0 28 22 7 21 4 17 5 27 13 26 23 21 11 26 15 18 18 0 14 19 14 5 21 9 16 8 19 19 1 0 20 12 19 16 29 9 3 23 19 1 17 22
18 12 16 16 29 23 3 8 26 3 0 26 5 27 0 29 12 15 7 29 2 22 7 18 7 13 25 0 4 13 13 29 3 29 15 15 9 24 24 26 9 27 22 3 23 30 26 30 12 7 15 18 1 6 24 2 24 3 29 1 7 6 12 6 7 26 5 10 17 26 6 12 8 24 7 26 1 24 13 17 10 7 11 30 27 24 4 20 2
14 24 30 2 15 11 17 20 7 7 21 15 1 1 30 28 11 7 28 29 7 17 21 30 29 1 8 29 13 8 4 7 10 21 28 17 20 26 22 18 23 25 8 17 7 20 27 24 20 19 28 30 18 0 26 1 20 26 22 6 27 1 29 12 12 16 25 5 21 26 20 3 27 15 28 4 8 16 0 6 15 30 25 13 22 4 14 12 1
11 2 18 14 7 8 22 0 10 24 24 1 27 25 24 6 20 24 18 21 28 29 30 8 18 11 11 18 17 21 27 27 7 21 6 27 3 1 0 14 14 10 7 27 23 11 28 12 27 17 21 6 21 12 6 16 22 16 10 1 29 10 28 6 26 19 4 12 7 4 7 22 22 28 15 14 10 29 27 4 19 12 29 21 3 16 20 4 12
29 2 6 18 3 2 3 16 4 0 6 13 13 15 15 6 25 29 23 8 18 15 14 4 26 8 29 2 14 9 7 26 6 19 9 10 24 21 20 10 6 6 6 8 24 20 7 18 0 12 0 20 18 30 12 18 17 28 4 26 29 20 29 12 28 10 30 17 5 24 15 29 22 29 18 18 16 14 1 26 21 5 0 24 26 22 5 20 29
16 19 22 11 11 24 4 19 12 8 21 23 17 17 15 7 18 28 12 1 30 7 6 5 19 3 28 30 5 29 5 28 18 8 9 21 26 2 7 14 1 13 16 0 0 26 26 28 18 16 6 30 6 13 12 26 15 21 26 22 27 26 30 3 0 4 14 13 21 30 27 16 22 11 8 24 21 2 5 30 1 17 10 1 5 17 0 4 29
9 20 30 9 26 13 28 26 1 7 23 12 18 30 13 1 23 12 4 15 7 4 26 29 4 6 28 5 20 24 21 27 4 26 19 2 29 15 30 17 1 9 18 5 3 26 19 16 30 22 12 28 24 11 8 11 6 27 6 12 10 10 9 9 9 6 12 21 24 25 5 18 19 17 11 15 19 1 30 4 11 4 6 16 13 6 15 10 28
12 9 17 12 3 2 28 6 1 21 5 25 27 27 27 23 1 29 12 21 14 4 1 4 18 29 3 8 0 22 20 8 17 9 21 23 5 16 4 6 23 0 11 22 2 11 15 27 28 19 22 30 24 12 9 5 1 16 3 7 17 15 26 4 29 21 7 2 17 26 23 17 8 28 23 20 0 10 3 2 13 20 1 15 9 23 22 18 23
10 25 12 2 13 17 21 1 29 12 14 6 0 9 25 28 2 12 15 10 19 16 22 12 15 17 8 14 29 19 29 12 3 26 16 19 7 23 29 0 25 14 23 29 29 21 23 10 2 2 28 17 17 7 22 0 13 20 8 20 30 27 12 4 7 4 10 3 18 3 29 6 6 9 9 11 10 25 10 1 1 28 14 26 15 30 26 13 6
15 16 23 23 29 26 13 17 14 24 21 12 30 19 3 1 13 6 19 24 15 1 24 3 2 7 23 16 30 15 1 30 29 5 1 11 13 5 10 5 15 1 1 29 29 0 29 4 8 7 10 10 24 11 11 1 23 6 6 15 1 20 8 23 5 11 14 2 29 14 28 29 1 9 14 14 12 11 5 19 3 22 11 12 6 28 27 25 5
29 15 0 20 1 3 13 30 10 0 18 8 17 11 21 25 20 26 23 24 22 11 29 16 26 21 7 16 15 14 8 4 2 13 24 15 8 28 10 30 23 18 2 3 22 20 1 0 6 12 22 20 0 20 8 20 9 22 28 16 10 1 29 13 28 29 6 29 1 23 21 20 20 30 3 13 7 17 24 4 14 24 19 13 17 19 16 2 23
29 26 28 6 25 28 0 0 9 0 24 16 20 7 15 10 0 29 27 7 21 0 9 22 18 18 19 14 18 26 7 24 14 9 7 3 13 10 7 12 15 21 13 20 0 1 18 29 22 16 11 24 18 16 16 20 0 10 3 8 21 16 29 10 5 14 17 4 21 8 27 10 9 0 17 4 18 28 8 23 4 1 28 7 5 2 24 28 19
14 20 30 12 11 11 19 12 17 8 9 4 30 18 15 24 16 27 23 8 29 7 24 12 16 10 28 17 21 3 16 17 18 20 11 8 28 5 28 15 6 3 22 23 6 25 13 10 7 2 10 3 24 9 29 0 28 5 25 15 13 29 23 13 16 0 8 20 18 26 29 10 23 2 17 5 25 27 6 8 4 2 7 28 14 21 12 1 3
11 20 17 13 27 21 9 18 11 22 28 4 10 25 6 13 15 1 8 24 18 26 13 11 12 17 1 3 20 7 4 17 12 0 19 12 1 22 20 3 19 5 16 8 20 6 10 11 10 13 20 22 1 23 5 20 15 9 20 23 23 14 24 2 8 25 18 11 27 13 23 14 27 29 0 24 30 4 11 24 13 30 26 17 7 26 27 20 4
20 6 14 16 5 18 8 16 29 10 24 9 18 20 1 10 23 26 17 24 13 27 25 21 8 13 6 27 18 5 7 25 0 24 0 28 0 19 7 30 26 11 20 10 23 18 15 0 20 26 20 12 4 6 5 30 5 21 0 7 3 9 1 2 11 27 5 27 1 1 0 8 9 18 11 12 4 10 0 5 30 25 11 25 16 21 10 7 19
7 30 9 18 3 19 3 8 7 17 15 20 30 19 27 26 23 27 27 22 23 4 18 14 24 5 21 28 12 14 25 22 22 2 10 11 30 30 6 2 24 23 20 1 22 22 13 16 7 4 5 20 6 13 3 11 18 13 4 5 28 18 5 18 9 1 5 5 8 25 26 18 10 24 2 7 8 22 1 24 20 23 21 27 27 8 18 28 16
27 13 17 1 4 1 22 25 13 3 5 15 26 20 20 27 18 11 30 22 30 3 19 3 7 22 21 24 19 22 6 3 3 25 25 21 9 3 9 12 12 24 22 22 24 2 5 4 17 20 28 8 23 13 12 1 9 14 29 10 3 6 30 3 13 2 25 15 29 9 11 3 16 7 0 9 7 20 24 29 24 17 28 0 23 7 3 19 12
15 13 11 12 21 18 30 11 14 13 12 9 13 4 15 0 17 9 18 7 6 6 24 16 23 12 5 28 25 4 15 30 12 28 24 3 29 20 23 16 0 8 7 20 9 17 8 8 27 20 2 8 26 17 8 22 10 17 26 1 24 10 16 3 24 13 3 17 17 19 25 20 1 23 5 27 15 11 22 9 16 30 17 30 6 30 18 30 3
11 28 24 4 20 4 10 18 1 18 10 24 25 27 7 1 12 0 27 9 18 4 26 14 7 16 8 29 12 24 15 1 6 6 6 1 20 0 14 19 5 7 15 16 7 9 3 19 4 27 30 21 9 25 24 3 29 22 26 12 21 23 12 12 28 11 29 11 13 25 22 1 3 7 28 1 19 23 3 18 5 17 24 1 30 9 11 12 24
10 2 25 2 26 0 8 21 25 25 22 27 25 12 4 28 13 2 9 30 15 18 7 12 15 24 10 28 27 22 24 23 3 6 16 26 15 25 0 1 26 20 10 17 18 8 7 29 3 4 27 1 14 1 21 21 21 15 7 15 12 26 27 2 2 6 0 1 0 26 7 20 1 30 10 16 30 2 30 29 16 23 1 20 19 18 5 14 27
13 29 10 24 8 11 0 24 19 30 25 14 7 18 21 13 26 15 13 8 10 3 29 23 17 15 26 3 10 14 11 1 2 20 11 2 25 4 19 30 13 11 23 23 13 30 25 1 9 18 10 18 7 26 3 0 6 13 9 25 7 30 30 10 19 26 29 13 22 6 10 22 30 8 10 9 19 9 19 13 20 3 21 6 16 9 0 14 28
2 26 3 6 29 22 27 27 18 21 25 14 20 5 5 4 30 22 13 6 5 6 26 7 26 11 9 14 23 30 30 16 13 8 5 30 15 4 6 0 25 10 22 30 4 9 5 8 8 9 3 17 10 15 14 8 20 26 16 28 2 10 15 11 6 11 15 24 0 0 13 24 15 15 1 9 6 11 0 1 16 13 27 13 0 13 15 22 12
24 15 18 9 18 25 29 23 2 29 11 5 12 23 13 3 20 11 15 23 21 25 13 7 19 3 12 14 4 11 25 16 11 29 17 18 27 17 2 19 20 16 29 5 7 12 0 2 14 18 13 26 13 7 5 1 26 8 12 17 13 16 16 19 8 24 23 13 15 23 12 20 16 19 16 17 10 19 15 11 2 25 10 26 6 11 15 17 8
28 8 30 6 16 6 29 8 25 17 10 11 9 30 25 19 20 11 17 18 3 19 17 27 20 21 5 7 24 10 12 7 28 12 6 20 6 13 22 22 18 24 20 7 1 3 1 29 4 9 14 25 10 29 30 11 29 21 3 0 0 14 9 17 5 0 15 13 11 1 20 14 11 0 22 22 0 21 8 12 19 3 12 24 3 11 21 15 17
29 15 29 28 8 18 4 28 28 16 11 9 19 0 13 7 17 20 26 29 4 20 2 18 20 27 10 6 24 23 30 10 4 18 3 30 25 0 10 12 23 13 7 26 4 27 28 13 27 8 10 5 1 20 10 1 22 27 12 19 17 4 16 2 1 9 25 9 9 27 4 18 26 13 21 30 13 7 11 15 15 20 25 28 30 23 28 22 28
13 11 3 5 3 26 17 0 30 30 7 10 30 6 2 19 10 4 13 22 11 15 21 8 28 25 10 19 20 22 20 29 17 30 26 19 20 21 19 20 0 6 22 28 25 13 19 23 12 28 18 19 9 24 17 16 26 7 15 3 16 17 19 1 14 1 16 5 1 15 10 24 23 9 25 7 8 3 12 14 6 11 17 16 21 17 25 5 21
20 3 19 0 24 7 17 22 4 7 16 22 2 3 15 9 0 29 20 19 2 26 29 2 8 30 17 16 20 4 9 27 16 1 3 16 22 16 11 28 19 15 6 12 14 6 3 15 22 3 12 3 0 17 20 26 26 29 14 26 13 11 15 27 30 24 3 8 9 15 12 17 14 3 16 24 18 15 11 9 6 11 11 26 11 30 22 16 8
3 30 7 29 15 21 22 13 24 16 17 5 2 22 8 18 4 5 17 19 12 0 12 8 4 5 5 26 3 30 16 29 27 20 22 24 30 24 13 10 2 4 9 1 19 28 25 17 28 1 20 10 22 4 4 22 6 1 22 19 18 25 18 8 15 2 13 28 30 27 16 27 19 28 24 8 5 25 12 27 19 14 30 22 1 15 8 13 6
10 2 12 28 20 1 25 8 16 6 3 5 10 29 21 27 28 29 16 29 6 4 19 2 5 12 10 22 12 25 24 17 21 14 8 5 8 11 7 11 26 0 3 15 3 19 25 17 8 7 8 11 16 21 14 10 14 12 0 15 6 4 30 22 22 11 28 3 25 13 28 11 30 17 1 1 4 15 3 4 13 10 13 15 11 26 10 4 12
11 6 30 15 26 19 16 21 17 3 29 15 27 15 18 3 2 20 12 14 2 10 15 13 19 22 22 10 4 18 0 8 19 11 2 27 2 1 23 23 13 0 9 14 30 8 13 1 25 26 26 24 7 8 14 11 8 7 16 0 23 28 3 2 9 29 30 1 25 5 17 9 30 9 1 20 13 17 1 22 29 14 20 16 21 8 2 22 18
26 3 18 7 18 1 12 16 27 29 25 22 30 21 25 29 15 19 24 8 21 0 26 2 12 24 18 22 21 26 28 15 21 6 20 28 10 7 21 20 25 8 6 27 15 26 19 10 17 20 30 10 18 23 18 24 6 8 10 29 15 27 24 6 10 29 24 24 0 28 17 2 28 3 20 5 9 29 21 19 27 6 6 8 0 11 19 4 14
3 0 25 20 23 10 1 24 22 7 27 27 3 6 18 9 30 20 12 7 28 12 13 20 26 25 27 12 8 29 8 24 29 4 25 17 4 6 17 1 6 16 25 19 18 1 14 22 16 13 12 5 17 12 25 20 23 17 11 5 2 9 9 29 27 28 9 4 25 14 21 13 14 3 26 20 6 9 28 29 20 18 17 13 17 5 16 16 20
9 19 29 1 2 6 7 2 29 18 8 11 23 28 23 9 21 29 2 8 4 3 5 23 15 9 2 20 10 9 10 22 10 13 11 28 9 9 29 26 3 17 29 7 10 4 3 7 14 24 11 23 10 29 13 20 20 15 9 6 4 28 17 26 17 20 11 4 8 4 30 16 12 8 8 7 1 6 25 9 30 28 21 25 16 30 20 11 12
7 9 28 12 12 27 18 30 28 14 14 26 11 1 17 4 6 5 12 5 29 9 29 16 4 19 9 30 25 8 27 17 20 18 26 18 15 13 2 18 13 24 25 3 10 16 3 0 26 12 29 12 23 2 29 29 7 21 5 8 8 22 15 14 15 1 27 15 17 20 0 30 16 19 25 29 22 30 21 6 17 10 3 22 22 24 11 10 7
23 10 1 5 1 20 1 13 6 27 30 22 17 21 28 25 15 23 8 10 17 13 16 14 7 26 23 29 12 19 15 9 26 5 11 20 0 7 3 0 6 4 18 17 25 12 17 15 23 9 12 28 16 10 26 27 2 20 20 17 27 6 20 12 29 3 25 29 8 12 21 24 13 17 25 14 24 12 27 12 11 0 0 13 15 5 0 8 10
7 1 12 9 11 23 5 4 22 18 2 21 6 20 29 18 26 23 26 23 12 24 6 6 26 25 20 0 17 13 18 22 3 2 29 6 15 25 10 19 2 18 23 18 26 7 14 25 12 19 19 1 12 12 20 0 11 22 14 2 8 25 12 18 29 20 26 4 24 14 5 8 26 1 11 28 18 29 13 28 27 1 24 25 12 22 5 0 4
24 2 25 15 18 5 23 23 0 0 11 13 7 25 9 10 26 20 4 28 8 30 25 4 5 16 7 10 20 30 6 19 16 15 28 6 2 27 26 28 22 18 28 19 17 1 25 0 28 7 24 9 20 17 11 30 18 23 14 22 21 20 1 27 20 23 5 15 2 13 2 0 21 14 30 29 30 8 3 21 30 0 29 11 15 2 0 25 22
17 9 23 25 10 8 0 25 21 3 13 7 22 27 20 28 0 0 14 6 14 10 0 19 27 0 22 12 16 2 21 7 20 30 23 25 28 19 18 14 28 6 9 14 29 9 28 28 4 5 7 24 18 7 22 21 20 24 16 30 27 2 2 30 21 19 29 13 11 22 4 3 0 5 10 21 30 3 8 0 0 23 9 24 20 30 23 25 12
8 27 19 6 9 22 13 29 6 17 2 13 4 27 18 25 3 27 3 7 30 26 4 8 5 29 1 28 29 3 13 11 29 27 11 21 20 6 18 12 14 20 13 15 13 9 19 7 13 11 12 19 16 19 12 7 12 3 5 22 13 21 10 10 0 24 3 18 29 25 6 15 27 16 19 2 22 23 30 29 13 30 2 19 4 28 13 11 9
26 14 8 13 5 3 24 16 16 30 8 9 16 2 4 4 19 6 29 5 11 24 22 16 11 12 30 10 24 28 14 12 19 20 29 17 11 3 18 0 19 29 2 6 29 22 30 24 7 10 3 17 29 17 14 26 15 4 8 20 3 28 16 28 8 7 24 24 18 26 22 1 16 29 12 9 3 5 2 1 27 15 24 18 8 29 12 11 17
9 1 5 22 19 2 6 0 7 30 8 11 22 0 11 13 14 11 17 11 4 26 10 25 14 6 17 0 22 19 5 18 19 22 7 7 11 20 19 23 24 3 13 23 5 7 23 4 18 7 4 8 22 8 19 28 16 29 25 16 30 16 23 14 27 22 15 6 29 3 20 11 3 30 23 5 5 3 4 23 29 14 8 3 17 19 29 0 15
22 30 10 14 0 18 28 12 26 17 2 25 29 5 6 10 8 23 7 25 9 4 30 15 27 3 2 20 24 24 14 24 27 29 12 30 7 8 2 28 24 15 9 8 7 15 30 5 5 12 16 24 18 17 4 3 8 15 26 30 5 17 1 21 10 0 0 6 14 15 1 23 25 24 1 29 22 29 6 26 18 2 2 5 25 5 13 9 11
9 23 27 3 1 28 4 18 1 16 21 17 5 25 24 30 24 13 12 28 20 17 12 3 3 10 2 25 23 22 13 21 27 5 18 18 20 10 5 6 20 14 23 22 28 13 25 17 25 17 22 28 23 8 0 19 19 4 4 26 16 22 29 16 14 19 1 10 8 24 28 20 23 13 25 9 26 13 26 25 16 30 16 24 4 2 30 26 24
27 21 18 14 22 15 6 18 18 8 17 1 17 15 27 27 7 25 4 13 19 21 21 7 13 9 4 16 3 17 27 23 17 16 29 16 11 25 4 5 23 28 23 26 4 26 21 28 23 27 20 4 19 6 18 12 27 17 16 17 20 7 30 28 18 1 26 14 19 3 28 13 20 16 9 21 2 22 4 24 10 6 24 9 4 26 26 8 12
3 8 1 16 24 25 10 12 24 20 26 28 17 24 3 6 19 0 12 14 8 16 12 26 19 2 0 20 0 27 9 22 13 20 17 26 20 23 2 8 0 28 0 29 20 13 25 13 13 0 0 10 5 21 30 12 27 14 13 17 10 22 4 6 29 23 11 5 13 29 14 26 27 2 12 7 16 18 21 23 29 21 7 11 1 15 24 4 4
11 2 28 7 3 0 23 0 17 0 9 29 9 0 24 25 8 27 11 8 23 3 6 16 18 3 3 10 13 28 30 8 26 16 2 29 8 18 26 23 17 22 12 25 8 21 17 26 20 13 11 9 17 12 29 26 18 29 19 4 14 21 9 16 6 4 0 7 6 19 19 18 8 6 21 30 29 25 15 23 6 24 26 20 20 7 11 11 15
30 20 4 16 8 2 0 28 12 9 28 5 13 14 11 19 28 21 18 6 24 26 13 13 29 26 0 18 10 25 10 29 3 20 30 20 20 14 8 6 28 16 3 23 24 3 28 18 9 0 18 20 5 11 17 3 25 20 30 3 24 18 19 1 6 21 14 11 18 7 19 26 17 21 20 15 18 28 2 5 3 12 14 28 5 2 22 30 0
28 19 18 1 23 11 28 19 5 11 23 1 13 20 14 10 13 12 5 8 6 28 19 14 19 22 22 8 18 14 4 5 25 7 27 22 16 14 14 17 28 26 15 8 27 24 15 0 7 2 5 27 27 13 16 29 25 13 19 9 14 25 0 23 16 27 15 20 20 23 13 6 8 26 6 7 30 4 20 21 24 20 29 16 29 2 20 29 11
17 5 6 23 3 9 14 16 28 12 20 10 22 5 11 5 18 12 0 0 26 29 21 9 7 10 9 13 8 4 15 6 17 19 20 11 9 8 5 17 11 3 1 18 6 22 29 25 15 15 27 6 8 19 8 29 28 16 29 10 22 27 26 24 24 11 19 14 11 13 19 13 20 2 2 0 15 17 25 17 27 11 24 0 22 18 15 2 2
14 14 15 2 7 19 21 8 11 3 1 28 29 18 20 26 20 10 6 30 26 30 9 22 4 9 0 13 24 5 7 15 18 8 13 1 7 0 7 16 30 4 5 14 15 4 15 23 5 0 17 27 4 8 21 25 13 16 23 9 5 6 2 4 4 19 24 8 7 18 1 6 7 10 8 9 25 3 20 30 4 30 20 20 25 13 11 12 5
14 12 20 9 8 16 11 20 2 9 26 15 3 2 27 7 27 24 20 4 25 29 27 18 13 27 17 4 6 20 29 2 8 2 11 7 24 3 19 16 22 11 26 26 11 0 29 12 28 10 6 25 15 7 26 16 10 12 0 6 1 27 5 15 4 0 29 26 6 8 3 5 12 25 22 1 13 16 28 27 12 0 0 29 27 4 6 19 15
12 14 11 0 1 10 29 10 2 5 9 25 27 29 11 3 10 1 17 5 25 17 18 29 6 18 23 30 2 14 19 23 16 9 29 30 28 15 26 10 16 13 24 14 18 8 16 20 16 6 18 23 21 12 7 2 18 16 17 17 10 2 23 25 27 29 8 16 18 11 27 16 11 1 18 22 15 19 14 15 16 19 3 11 20 27 12 28 9
10 5 15 15 7 3 15 14 3 30 4 5 11 14 11 4 25 8 26 26 15 21 7 18 4 19 30 27 0 7 18 24 2 25 27 25 16 19 0 27 26 8 27 4 2 17 16 17 28 19 4 2 10 8 23 15 4 23 16 17 22 6 15 0 13 23 4 7 23 14 22 14 10 26 7 18 10 24 2 18 24 22 13 16 23 27 22 23 22
6 10 25 30 26 21 7 16 1 4 19 7 9 5 16 6 18 0 10 3 29 27 24 2 12 23 8 6 19 20 27 27 10 15 5 7 17 1 20 23 22 1 28 18 18 20 4 17 10 30 26 14 0 12 6 4 25 24 18 25 28 8 15 12 4 19 17 23 2 3 1 28 28 26 27 20 14 16 11 22 24 11 11 12 16 23 28 14 2
14 19 8 5 29 29 1 7 2 24 11 30 30 21 22 4 11 16 1 29 15 29 25 18 19 28 6 16 18 19 30 4 11 24 16 9 5 2 28 16 16 18 25 24 8 28 30 5 17 15 26 3 12 12 21 4 10 4 29 0 23 9 12 4 1 21 27 23 10 9 6 7 28 27 8 8 7 2 17 2 14 1 23 18 3 11 12 21 15
9 21 11 29 25 11 26 17 26 19 23 10 4 14 10 15 15 29 5 14 20 30 12 7 10 9 27 17 24 11 20 26 13 26 25 2 13 16 17 18 6 14 5 10 6 9 25 15 14 15 15 15 22 6 15 26 12 14 0 18 1 24 3 8 15 12 11 13 20 5 23 25 30 22 0 18 2 8 13 21 5 14 23 29 12 1 15 30 17
12 11 23 13 15 5 25 27 29 21 29 8 25 6 28 11 21 22 25 3 16 19 6 12 2 4 27 24 29 0 27 23 29 6 25 23 9 5 26 17 9 22 12 29 13 30 6 17 0 8 15 15 30 1 27 16 5 6 25 29 1 11 14 3 2 11 21 9 21 22 30 19 15 3 11 4 23 2 3 21 2 12 26 12 7 20 14 26 14
12 28 12 5 5 27 22 4 22 5 19 10 5 5 11 5 26 1 24 12 23 0 7 7 18 15 13 26 22 28 24 20 26 0 18 2 10 27 24 13 3 0 1 13 19 29 8 2 15 25 5 22 19 7 5 18 29 2 8 19 11 18 27 28 13 19 29 3 10 9 19 14 4 0 27 15 10 18 30 11 3 16 19 5 20 18 25 5 14
14 3 28 16 25 15 25 11 9 11 5 23 2 30 6 19 14 18 10 14 21 13 26 6 2 5 4 10 7 12 0 18 10 30 21 24 18 3 4 0 25 20 3 15 22 30 29 19 8 14 29 17 18 7 21 16 2 15 5 29 19 22 28 29 10 18 6 7 16 5 23 10 11 28 20 29 14 4 20 26 9 27 14 16 18 21 23 22 27
16 0 8 3 29 0 5 10 27 8 25 8 25 22 4 27 25 22 22 22 3 17 18 11 4 29 5 15 21 9 4 28 5 21 26 6 2 12 2 0 20 18 6 11 19 1 0 2 11 10 13 25 15 17 8 27 5 8 26 23 27 27 27 26 30 18 18 11 16 20 2 22 8 0 19 26 13 19 25 24 12 19 22 11 8 4 14 8 17
6 16 7 30 23 13 18 15 26 25 5 15 5 7 19 15 25 21 5 3 16 1 23 8 24 6 21 12 8 4 16 13 4 28 13 27 10 16 11 26 11 12 15 17 7 0 13 22 18 10 30 8 9 15 16 29 16 26 24 15 26 16 22 5 20 28 0 25 24 1 1 6 12 8 24 17 17 21 25 10 7 18 12 5 22 19 8 15 20
5 16 12 21 30 7 10 22 23 24 3 18 9 24 9 1 26 10 0 7 27 17 22 14 18 16 29 19 1 24 6 15 11 18 10 1 6 19 26 27 20 19 9 12 18 17 24 5 10 27 25 2 0 27 3 0 16 2 23 28 20 1 17 18 21 28 9 5 0 6 3 16 25 21 5 23 3 29 1 8 7 13 5 30 3 8 20 10 22
14 10 29 8 5 27 24 5 20 13 22 25 18 11 1 21 5 25 30 6 23 6 6 12 7 0 25 23 19 28 6 0 20 16 29 16 27 22 3 12 6 7 7 25 0 4 5 10 9 8 6 25 15 0 7 4 15 28 20 5 21 30 25 7 13 23 16 17 11 16 2 4 16 19 26 29 5 2 7 30 3 22 20 28 29 28 13 12 11
8 2 23 13 1 5 30 4 30 2 24 3 1 18 11 27 2 0 7 28 19 21 1 24 25 18 5 16 29 28 25 16 15 12 22 23 21 18 17 29 21 26 1 5 28 14 19 19 16 8 3 8 11 1 3 11 17 0 22 8 1 14 27 30 17 24 23 1 15 20 27 20 10 7 28 11 7 24 24 27 23 17 8 15 29 23 0 18 18
28 20 18 20 25 20 5 16 1 0 25 9 5 16 28 5 23 0 18 13 26 27 17 29 28 26 9 11 16 14 5 16 0 23 26 23 22 20 5 24 17 26 11 29 7 4 25 7 9 8 22 17 12 20 4 18 2 14 21 21 8 22 25 3 15 19 29 15 27 28 21 17 18 9 12 18 27 6 24 1 10 8 22 9 23 30 29 20 1
12 16 28 26 17 17 4 16 4 20 25 16 27 27 29 14 24 12 3 29 0 20 17 19 21 13 11 28 5 9 13 2 7 19 15 25 6 18 12 6 9 0 6 30 8 14 6 6 24 25 28 30 5 28 18 7 27 26 11 4 9 13 12 28 18 3 27 26 8 22 9 22 13 29 6 13 11 3 13 21 19 22 17 18 26 21 17 17 7
10 25 2 19 23 11 29 1 21 9 3 16 14 9 14 23 11 17 7 3 10 16 0 7 13 7 5 20 3 25 28 7 29 2 30 12 2 13 23 3 23 9 28 20 4 1 16 1 14 8 24 8 21 7 8 6 2 24 8 13 5 19 30 21 23 7 30 2 11 23 4 30 12 4 24 11 8 27 25 15 24 27 29 2 30 5 9 7 25
14 15 23 1 28 2 21 30 11 13 16 30 19 27 17 26 4 24 7 19 23 15 24 11 14 17 15 8 3 8 0 28 16 28 12 14 15 3 24 23 13 9 1 29 27 24 18 25 18 1 9 25 9 29 10 29 29 28 19 2 17 2 12 8 10 21 21 25 24 26 13 26 24 28 26 9 30 24 1 7 4 18 14 15 22 3 11 23 8
28 15 9 10 4 20 6 17 30 7 6 20 11 4 1 9 20 14 17 9 23 9 3 6 20 17 3 5 3 20 25 16 25 11 14 24 7 25 6 26 9 13 22 21 19 11 16 16 18 25 28 17 9 6 20 15 4 27 26 19 12 24 25 2 21 22 0 5 24 16 0 1 5 24 21 2 5 20 21 14 26 2 11 22 12 9 10 7 20
9 27 16 11 7 23 3 25 20 29 10 18 3 24 13 7 10 19 10 28 23 23 10 14 22 0 18 25 3 19 15 20 21 16 20 20 6 0 28 24 4 10 27 9 9 6 5 9 6 1 26 1 3 20 27 26 18 17 7 4 10 9 30 9 17 21 11 27 16 14 11 9 11 22 12 23 12 6 30 24 5 24 17 9 28 16 8 15 13
10 11 15 3 28 21 21 15 17 17 24 7 20 6 14 21 21 26 23 13 11 28 24 27 4 29 25 24 24 29 1 27 11 28 4 11 22 21 5 28 22 16 4 17 0 29 8 8 7 5 1 28 16 8 19 15 4 20 22 20 1 9 24 26 15 16 27 19 19 22 24 18 25 9 29 18 25 12 1 0 19 26 1 10 29 30 24 9 18
