91 91
18 2 18 24 16 16 22 26 13 16 16 16 23 20 15 4 21 30 28 3 1 11 5 21 30 0 6 30 26 8 8 18 4 5 23 5 8 17 14 23 25 20 6 18 11 19 4 29 12 23 12 10 27 6 4 26 4 5 2 13 1 9 24 27 9 16 22 29 6 10 17 4 7 29 26 19 1 7 17 14 11 3 22 26 10 29 26 13 29 18 13
10 9 9 21 4 3 6 20 19 8 20 4 1 30 14 23 6 9 27 5 1 13 20 17 27 12 7 15 1 17 10 0 16 22 0 3 8 9 0 4 15 17 5 14 14 13 0 19 6 20 20 7 14 1 18 22 18 16 26 19 28 29 16 19 12 5 22 0 9 27 22 28 30 27 9 5 14 14 10 5 14 9 15 25 6 27 29 10 6 20 12
21 23 25 28 29 24 17 13 12 7 29 26 29 0 1 26 25 29 28 7 12 16 17 9 7 24 0 20 30 7 13 28 29 29 30 2 3 8 7 16 12 4 7 10 4 1 18 6 0 2 18 26 9 16 11 24 7 21 2 19 9 23 1 29 5 8 1 4 30 5 6 3 26 4 30 27 14 27 2 7 15 4 16 10 18 9 10 24 17 15 0
28 15 24 14 12 13 11 11 26 29 12 3 14 1 18 24 9 19 7 16 4 7 27 22 14 9 12 11 12 10 19 17 22 4 29 1 3 6 7 7 8 26 2 25 30 21 7 5 14 27 1 17 13 4 5 7 16 5 29 13 22 27 8 4 28 11 7 21 4 15 5 9 7 13 12 8 6 10 19 3 27 7 15 25 8 24 8 17 4 21 22
8 15 22 14 6 18 12 6 10 17 5 12 27 0 21 1 20 2 17 12 5 24 14 29 27 2 26 12 29 19 1 10 6 12 9 29 28 23 9 18 21 12 24 12 4 11 12 8 11 30 17 12 15 10 25 15 19 12 15 17 11 23 1 18 7 27 12 9 8 28 22 23 7 26 26 20 1 18 4 6 8 26 7 23 27 30 5 14 25 9 22
28 24 21 21 2 7 12 16 25 3 28 27 6 25 13 9 2 0 19 1 23 6 27 23 18 5 22 18 24 23 7 1 10 20 27 20 23 24 19 3 27 30 20 28 2 29 7 4 18 15 25 6 16 30 11 10 21 27 22 13 23 28 9 6 11 19 11 5 5 5 10 18 28 10 0 9 14 30 25 20 2 10 29 10 7 27 3 17 23 19 11
4 15 1 29 6 25 4 25 13 9 19 2 15 24 21 3 25 9 14 12 3 3 15 22 19 26 0 11 0 19 6 24 14 20 19 10 1 25 14 7 13 28 12 19 9 9 8 5 14 9 6 4 25 9 23 27 21 25 7 27 15 18 25 17 0 16 9 23 2 15 29 0 1 29 18 22 11 25 30 8 6 18 23 5 29 15 23 25 25 5 10
21 4 14 29 25 14 9 23 24 5 0 0 7 12 3 17 7 27 6 25 1 27 2 11 30 18 13 19 7 14 10 22 13 4 12 10 20 26 2 0 30 20 5 29 20 15 27 17 7 17 26 0 8 5 27 14 7 4 22 23 29 3 19 18 24 8 26 15 21 3 3 18 14 15 29 28 8 0 17 17 30 0 27 11 9 0 14 15 2 19 24
29 21 26 12 14 25 10 4 17 25 18 10 18 20 27 19 22 21 19 7 16 6 4 9 5 21 2 27 4 25 10 12 21 10 4 22 26 0 15 27 29 5 25 9 30 29 21 11 13 3 10 7 24 25 23 30 19 9 7 27 6 26 17 1 8 11 6 0 3 6 0 10 5 22 21 1 28 22 23 29 10 4 10 5 3 1 18 26 6 30 29
29 19 4 11 19 5 25 15 2 13 30 17 6 1 17 20 27 4 18 29 1 25 13 27 3 29 20 2 17 12 18 1 20 4 8 24 10 13 27 19 27 9 20 14 8 24 12 0 2 7 25 6 14 30 22 26 19 29 1 19 11 17 2 5 15 3 6 29 2 26 12 13 27 2 20 17 26 4 1 3 20 18 4 25 21 21 15 1 2 30 22
21 13 30 19 4 4 20 6 15 12 4 17 16 10 16 8 7 7 30 16 7 27 12 9 22 7 0 15 7 25 12 18 27 23 5 25 24 29 1 7 22 24 17 11 25 12 17 27 3 10 28 0 9 15 1 27 8 28 4 26 30 21 10 12 22 25 14 3 30 12 13 17 14 23 9 13 4 22 11 22 28 21 18 14 22 9 21 13 12 28 11
30 11 4 1 8 28 3 14 4 16 20 2 4 18 1 8 19 29 28 6 11 13 20 9 12 9 20 13 27 17 5 28 16 26 2 11 11 20 0 23 2 11 26 5 2 9 2 13 4 8 21 26 30 29 19 9 2 17 14 29 24 15 26 27 24 26 24 30 29 12 11 1 12 15 21 28 3 8 29 10 0 28 29 0 18 5 9 4 8 7 20
30 1 23 15 1 26 1 5 10 14 2 19 20 17 25 25 22 0 9 27 24 16 6 29 19 22 16 25 8 9 21 17 25 4 12 12 1 30 16 28 3 28 23 10 4 15 4 7 28 28 0 11 19 18 23 0 3 4 6 0 20 9 7 30 12 17 9 26 12 21 20 17 12 30 15 8 21 15 8 26 3 2 26 10 28 25 6 23 12 26 18
2 23 22 28 9 8 14 23 5 4 24 28 25 4 10 2 14 21 16 17 8 0 16 15 4 25 5 25 12 2 18 18 18 7 3 17 16 17 8 3 23 26 23 25 9 10 0 22 3 23 17 0 6 23 24 30 10 15 14 29 26 0 2 3 17 25 9 13 2 23 29 27 29 3 22 28 23 28 0 15 6 19 6 10 28 5 20 27 12 8 6
13 13 16 7 4 21 6 2 13 20 25 11 9 26 17 3 18 0 8 22 16 8 13 12 24 22 3 19 30 25 27 11 5 14 24 20 29 3 24 6 2 15 6 4 7 11 4 13 22 12 10 30 12 21 7 10 14 9 16 19 26 10 14 30 29 8 23 5 16 9 26 9 21 15 0 29 5 0 25 10 11 2 19 25 5 15 16 18 10 19 10
24 5 14 2 25 11 17 19 21 10 8 14 5 1 8 14 15 9 25 19 16 16 22 22 15 22 25 8 24 23 11 11 17 21 22 10 26 3 25 28 3 18 25 25 16 11 8 24 25 17 10 2 5 10 26 6 4 16 6 14 30 15 25 2 6 27 20 12 29 25 23 22 15 0 7 28 1 5 13 7 0 9 22 17 17 0 11 14 0 6 29
30 3 1 7 27 12 28 30 7 11 29 23 18 12 2 24 15 4 29 15 17 1 30 7 6 21 30 20 24 3 4 17 0 21 19 2 20 27 30 17 21 2 2 22 8 30 2 16 27 5 14 20 23 25 18 14 5 1 6 22 2 29 14 23 12 28 1 28 3 25 8 17 18 21 22 23 13 0 4 14 9 8 26 20 8 17 17 7 22 26 21
25 11 2 6 18 12 11 21 9 14 3 8 3 1 21 0 9 8 25 28 12 19 22 23 19 1 12 24 30 18 23 28 0 12 9 21 0 6 27 21 29 0 20 25 9 4 2 20 0 5 20 10 27 7 12 6 19 19 5 2 19 0 18 29 4 24 20 28 21 28 19 4 15 7 22 1 0 11 10 3 12 10 15 5 16 11 8 5 4 30 24
11 19 5 15 27 12 20 9 17 6 9 2 12 3 30 16 17 26 25 0 0 12 4 26 17 5 30 12 8 12 21 13 29 9 25 8 20 4 23 3 8 23 4 14 15 29 6 12 15 12 27 19 0 2 14 24 16 1 25 14 24 1 15 12 2 10 5 6 13 14 9 13 15 28 25 14 2 12 13 1 6 14 13 7 29 9 16 10 18 6 10
16 12 21 20 26 3 12 2 20 22 3 6 11 8 18 25 19 29 12 13 13 11 21 22 5 23 4 21 6 18 22 2 7 4 23 27 22 24 26 17 4 5 2 24 15 6 30 12 14 4 10 6 8 14 19 8 20 28 6 9 25 0 26 3 11 9 16 30 23 14 24 30 27 20 5 5 15 12 10 25 26 29 3 24 27 18 10 12 12 25 12
29 27 28 27 28 20 7 21 18 13 2 0 20 24 6 11 7 4 1 21 7 3 11 3 12 28 29 22 11 18 9 10 19 11 2 21 3 21 12 5 30 17 11 10 2 27 25 8 11 9 10 25 30 9 8 25 25 23 6 14 26 0 17 8 18 5 6 10 21 19 4 23 10 14 4 25 6 8 8 27 8 29 29 6 23 20 1 9 19 24 17
12 22 22 6 24 15 25 29 21 8 22 5 19 17 16 19 18 15 23 26 15 14 0 29 6 30 27 11 14 12 6 6 15 1 15 27 11 13 4 12 17 29 16 1 17 27 0 25 3 18 27 2 9 26 4 8 10 15 18 22 0 20 9 23 12 1 6 28 7 9 23 9 21 8 16 8 9 13 8 29 26 6 17 15 8 3 13 27 9 18 9
25 16 15 27 8 19 26 26 26 23 23 12 22 1 7 22 4 9 5 20 10 17 2 4 28 16 17 23 21 15 15 29 7 0 4 2 30 19 23 15 19 21 7 30 1 29 21 23 3 12 10 23 11 21 2 2 11 28 6 1 3 4 14 10 9 11 29 8 4 30 10 20 15 25 23 8 24 26 20 8 10 4 14 11 22 15 28 13 9 8 7
26 26 4 29 11 20 22 28 24 6 11 3 8 13 8 19 15 26 22 15 17 19 11 5 20 13 14 13 6 0 14 17 21 6 30 2 13 6 18 12 0 22 7 5 13 8 29 18 11 2 24 16 10 16 16 22 4 20 0 20 4 6 15 18 28 8 27 28 4 5 21 9 15 7 15 9 8 10 15 28 8 16 7 30 1 23 14 17 17 5 8
19 29 14 26 0 4 25 19 12 21 11 7 21 13 3 11 13 19 22 0 7 13 5 26 13 25 6 16 24 9 8 4 17 18 11 0 0 4 24 1 3 29 30 20 4 7 9 0 19 10 27 5 8 20 12 18 29 25 26 18 0 18 15 11 8 2 15 30 21 14 27 7 12 24 9 14 1 12 22 10 21 15 1 8 29 22 17 12 20 4 5
22 29 29 15 29 27 9 26 14 25 4 3 22 17 19 30 25 28 12 6 5 4 12 9 23 5 25 25 17 11 19 7 25 13 29 20 22 29 20 14 6 1 14 22 21 4 8 16 19 19 11 18 4 27 15 19 11 3 16 19 11 10 7 6 11 14 10 9 8 2 15 5 13 24 14 18 14 11 27 12 10 7 3 22 6 4 22 10 7 8 16
22 20 29 6 19 27 1 6 24 0 3 17 11 30 23 9 8 9 25 18 5 19 16 20 27 7 1 4 12 29 6 0 26 4 27 24 7 3 12 11 5 29 9 23 30 17 20 29 24 22 25 2 12 26 26 8 26 17 13 12 13 30 12 27 14 14 4 0 23 18 29 2 20 20 2 7 8 2 0 10 30 5 4 30 7 4 7 10 21 6 14
24 2 6 1 16 2 12 9 1 23 28 20 7 18 29 25 2 10 24 2 6 26 1 15 23 1 13 30 3 8 17 29 20 10 9 7 4 9 22 2 18 14 26 29 7 5 2 17 12 22 20 28 29 23 3 28 20 17 25 6 23 13 3 20 16 5 16 27 30 22 21 30 22 5 16 7 18 9 0 28 13 9 11 22 17 0 21 21 10 14 3
17 18 6 0 24 14 26 6 28 8 14 7 0 0 0 14 10 27 5 9 4 27 9 24 22 7 28 6 27 9 26 5 2 18 2 5 4 21 5 2 16 5 14 7 16 17 23 2 22 26 14 1 22 2 11 7 10 18 8 5 19 24 11 28 22 8 28 6 29 11 16 6 22 17 21 14 28 16 17 16 20 9 3 29 11 13 4 6 7 11 3
1 7 9 10 2 3 14 7 13 21 13 18 18 26 14 11 19 11 17 3 0 6 13 8 20 25 13 4 29 6 4 25 18 13 0 16 21 26 20 19 21 4 5 28 0 6 12 4 17 28 9 5 5 6 14 22 23 1 6 24 13 7 17 7 6 15 18 30 16 19 14 28 10 25 12 18 6 12 11 2 8 6 29 21 13 22 21 26 9 0 26
10 25 16 13 20 2 24 6 14 2 21 8 29 5 4 30 6 16 5 8 12 0 4 29 16 23 23 3 21 23 15 30 25 1 12 18 3 1 20 1 20 15 22 16 24 7 30 6 3 11 8 16 2 10 6 4 11 2 26 16 9 26 5 9 23 30 0 12 21 20 20 24 4 16 0 20 0 3 7 4 22 15 22 27 2 20 15 28 28 29 1
25 27 25 0 22 11 26 16 1 16 24 24 18 2 8 11 4 13 15 4 15 8 7 6 28 27 20 21 27 4 11 9 30 17 1 1 6 27 7 11 15 19 19 24 23 12 6 17 17 20 16 16 15 13 15 28 15 29 23 8 22 26 2 30 30 3 10 29 17 29 16 20 3 9 24 11 5 5 26 5 13 6 10 5 0 18 29 21 17 23 20
5 15 13 8 25 28 6 24 10 4 11 29 4 9 8 6 18 8 3 23 15 3 9 27 14 11 27 22 16 27 25 18 11 5 30 6 13 26 0 28 19 12 21 12 0 7 22 30 9 16 18 9 15 22 0 0 21 0 11 28 4 28 3 15 17 16 20 24 26 2 18 10 12 20 15 24 23 27 20 3 15 19 22 7 25 0 30 29 18 28 1
17 20 0 15 21 7 10 1 21 8 20 9 18 11 26 4 19 15 30 5 17 14 10 11 12 8 20 21 10 11 24 2 19 21 7 13 0 6 5 30 10 8 26 30 30 3 24 8 29 25 13 27 19 6 1 20 28 1 25 30 16 25 29 4 1 27 20 14 26 13 21 3 2 6 12 18 5 22 13 24 20 29 28 0 1 10 11 4 14 9 2
2 18 1 2 21 5 3 6 11 24 30 16 23 15 6 8 17 27 15 10 27 3 21 15 10 13 20 1 27 28 24 22 4 20 9 17 5 6 26 24 29 21 3 22 18 30 28 21 1 24 24 28 26 23 20 2 5 5 11 19 1 18 17 24 8 3 20 10 13 28 6 15 13 18 10 30 2 21 4 14 21 11 25 19 24 30 15 23 5 29 9
25 1 27 5 12 4 24 19 8 3 28 8 25 30 16 21 8 25 11 7 25 5 7 9 0 9 30 5 24 2 6 29 9 14 22 13 22 21 5 22 19 0 19 24 4 6 8 24 0 8 8 15 21 16 0 15 24 2 22 17 16 14 24 26 11 0 28 27 5 4 18 7 13 28 1 7 11 21 1 9 2 22 4 4 14 21 24 2 27 8 25
19 20 25 14 16 0 18 13 30 27 22 26 11 13 19 4 2 13 14 6 6 28 20 12 3 18 30 24 7 7 28 30 23 25 16 16 5 17 10 30 6 4 22 12 29 1 26 17 24 12 29 21 20 0 11 24 16 26 17 25 10 21 11 21 23 20 29 30 25 14 25 7 9 3 27 10 10 12 6 19 10 9 4 22 0 20 2 12 16 16 12
20 2 14 29 20 27 14 26 3 13 27 22 24 9 3 18 13 25 28 6 18 12 16 7 23 24 17 20 28 19 26 27 13 1 29 6 1 18 9 25 13 12 0 20 25 2 12 1 23 0 27 14 20 24 28 8 8 22 8 21 0 24 17 4 8 18 26 3 28 26 14 23 12 12 30 11 24 1 7 6 13 29 2 22 19 13 27 20 14 19 3
12 2 24 16 18 21 3 10 6 12 26 21 4 28 5 22 6 5 12 25 22 26 9 23 24 26 12 4 21 0 2 22 25 15 18 20 2 4 22 29 29 21 0 5 17 3 12 14 22 25 17 20 6 8 14 17 7 0 23 12 0 4 19 16 29 3 29 16 13 2 1 9 0 25 23 1 30 26 19 2 4 30 19 15 3 22 29 20 23 9 2
15 7 5 5 15 17 27 1 18 11 6 8 18 8 0 1 19 20 18 24 17 24 27 27 27 12 29 10 6 2 29 19 13 19 22 0 21 19 25 2 28 27 14 20 23 20 26 7 28 30 2 14 24 8 25 1 30 17 21 30 14 9 17 21 10 2 20 1 30 3 30 30 5 1 10 11 23 22 6 4 30 20 25 26 22 15 10 16 11 27 15
14 3 24 28 3 16 20 9 17 19 13 22 25 14 16 13 19 0 29 4 22 28 15 14 2 5 29 6 9 12 4 3 12 0 13 9 8 11 23 23 25 27 13 4 0 9 9 17 9 17 5 24 11 30 4 8 9 13 7 17 17 21 24 29 17 20 23 5 19 0 7 26 0 14 10 14 29 28 14 30 14 13 18 6 25 30 28 8 29 20 1
2 23 24 21 17 26 5 12 7 23 13 10 13 18 20 7 26 28 26 12 16 24 24 23 2 16 29 0 22 13 28 2 25 10 2 22 14 24 7 20 0 8 15 14 25 4 12 16 26 4 12 11 9 9 22 28 4 7 24 6 27 17 8 13 4 24 18 10 6 3 13 28 25 9 25 19 11 15 13 7 24 13 24 9 4 23 9 4 24 3 5
3 4 0 5 19 25 11 29 15 1 8 1 14 17 6 27 7 10 12 11 20 3 8 13 29 26 21 26 17 6 29 0 17 0 26 19 6 4 23 2 15 2 11 9 4 15 27 9 9 28 30 20 24 2 19 25 25 7 1 21 8 3 26 18 7 7 23 3 14 7 15 5 29 14 28 12 28 24 27 2 14 10 15 16 11 2 1 19 25 16 28
17 6 13 10 3 24 29 2 2 0 12 16 24 19 20 13 20 30 12 28 16 21 6 10 3 13 3 3 27 28 29 7 14 19 17 0 1 8 8 29 2 1 28 8 24 24 5 0 6 28 25 8 22 26 19 24 16 6 8 13 18 0 22 19 15 27 6 10 0 15 25 16 1 21 25 9 29 22 4 2 13 27 0 12 8 11 23 1 20 13 16
14 19 8 30 30 19 5 1 28 19 15 10 17 30 29 2 20 11 29 3 4 5 3 14 22 21 6 2 10 4 11 29 28 28 18 1 14 25 6 15 10 17 28 2 10 27 6 13 14 10 13 0 11 17 20 19 29 16 7 22 28 26 1 20 10 19 1 19 11 28 12 23 9 13 19 12 23 6 18 12 3 1 25 13 26 28 13 13 16 17 23
10 15 3 0 28 24 20 24 15 1 18 28 26 6 26 2 18 16 11 27 3 21 25 3 30 6 10 8 1 1 21 19 20 1 30 0 11 20 19 27 6 21 11 9 0 15 30 13 28 28 13 28 29 5 19 4 15 17 26 8 20 0 20 28 6 19 3 9 12 3 14 23 21 1 14 8 28 3 17 24 5 25 27 8 8 29 0 11 28 13 16
3 28 14 1 25 11 29 0 0 18 14 2 21 29 29 15 13 16 9 11 14 28 6 6 4 23 0 21 16 12 9 5 0 15 16 30 4 18 14 22 26 26 4 28 2 18 23 26 22 16 19 29 18 1 14 26 1 14 4 0 2 6 15 9 7 1 22 2 20 19 4 26 8 12 9 19 14 6 5 8 29 14 1 18 23 28 14 26 6 21 16
20 6 3 3 0 3 15 2 12 30 26 23 11 8 25 26 29 2 13 10 19 22 1 9 17 18 30 20 23 20 11 7 20 24 8 14 28 18 20 21 15 8 11 25 19 20 9 15 18 30 7 21 26 21 24 7 28 4 26 10 29 17 7 6 27 5 2 22 11 10 10 16 10 20 13 20 12 3 10 28 8 13 23 16 9 6 23 26 15 16 0
29 26 25 21 12 11 24 30 13 20 23 18 1 18 21 4 22 5 3 4 0 18 17 9 20 13 4 14 19 14 24 20 25 15 16 28 24 23 1 24 27 13 4 24 4 5 21 0 27 30 0 21 27 17 26 26 20 24 5 5 23 19 20 22 28 25 21 10 27 4 14 12 11 19 24 21 14 25 8 1 10 0 21 23 7 1 27 17 30 28 7
16 26 11 11 2 12 16 15 27 7 6 25 14 21 7 10 13 7 9 3 13 7 0 7 11 27 19 5 23 7 4 10 7 7 4 20 14 30 17 3 5 20 27 14 16 24 30 13 22 12 23 0 29 2 13 26 20 11 11 3 9 1 22 20 28 8 13 11 22 26 7 12 18 28 20 24 12 1 8 7 14 9 15 17 26 27 24 28 27 9 29
4 23 22 3 3 12 22 6 29 0 16 27 18 2 13 22 17 6 8 9 29 26 12 28 30 18 1 1 17 19 24 14 3 16 18 27 19 14 9 13 16 15 13 7 17 2 11 27 24 28 2 24 11 28 19 12 10 14 27 28 30 12 3 6 7 3 16 19 13 3 30 4 25 6 30 1 30 16 10 20 24 7 20 20 16 16 20 16 14 7 19
3 30 5 26 15 16 3 23 19 20 17 24 25 12 17 26 1 19 29 7 6 1 8 6 21 16 23 13 4 19 19 10 15 23 4 18 12 3 18 20 27 25 8 13 21 4 5 1 6 7 22 27 8 20 22 18 6 28 0 6 21 1 25 27 11 2 25 16 0 13 23 5 30 21 3 27 8 15 0 28 16 13 19 17 14 8 22 18 30 25 11
7 30 22 10 28 16 0 11 27 25 12 10 8 17 26 6 25 22 30 28 5 18 15 15 11 22 7 28 26 11 19 15 21 23 13 11 9 14 25 6 20 5 10 21 0 4 26 5 3 20 11 1 30 28 11 22 25 20 25 12 19 27 22 18 26 3 18 22 26 28 24 12 27 9 18 2 2 21 24 18 16 17 10 7 16 30 3 5 18 19 12
24 2 29 7 8 19 7 19 12 19 26 28 6 4 21 30 30 2 29 27 8 9 22 14 10 30 6 1 5 0 18 17 5 11 11 2 30 29 2 9 26 16 6 26 4 7 2 13 8 14 8 23 17 22 9 19 11 20 14 29 21 3 9 1 27 25 25 20 8 21 7 13 14 28 4 23 26 29 18 13 2 8 10 18 20 16 3 22 25 18 27
19 14 10 0 15 3 24 0 6 4 30 4 5 10 29 16 13 16 29 29 1 2 23 28 26 12 25 7 6 11 2 6 28 19 14 29 15 6 3 27 12 30 21 10 9 6 1 26 7 29 24 3 10 30 22 3 4 7 1 23 4 25 14 5 22 12 14 28 15 9 0 21 11 2 7 4 16 9 8 5 14 25 7 27 20 15 26 22 10 25 22
4 19 7 7 11 26 29 16 14 20 25 24 18 13 19 15 18 27 24 24 19 14 24 21 5 18 21 2 28 28 11 26 25 21 5 21 2 27 23 5 13 26 4 17 0 6 9 0 26 14 21 15 8 13 23 17 21 7 1 13 3 8 17 24 28 8 28 8 14 1 12 12 18 12 29 15 5 2 21 12 12 26 23 12 24 26 22 23 22 0 8
7 10 28 29 24 21 11 20 9 3 3 3 30 20 29 9 23 0 16 14 27 21 26 7 6 22 17 1 6 17 0 6 20 29 13 1 27 26 24 3 9 28 16 22 22 9 5 28 28 21 30 22 2 13 15 16 7 19 16 8 12 23 8 20 21 5 14 14 2 25 10 2 12 7 16 13 6 26 22 24 16 21 16 7 28 3 17 23 0 3 4
15 0 12 7 11 3 29 28 0 9 28 27 5 0 22 1 2 12 7 6 2 22 16 3 12 28 7 28 29 12 3 24 0 20 3 26 10 3 13 22 26 8 18 28 16 21 4 21 27 9 5 9 1 15 1 3 29 12 10 2 26 16 15 20 29 15 15 15 6 20 10 19 10 7 11 11 23 0 11 30 21 7 9 2 25 18 11 23 19 30 27
23 25 24 21 8 26 5 8 22 26 10 28 9 23 25 13 21 29 9 9 18 4 3 23 22 28 23 3 10 20 16 25 26 5 2 0 26 30 22 23 30 4 27 28 4 2 5 16 19 27 30 17 1 30 15 21 19 18 4 0 11 2 6 0 8 15 24 10 3 27 9 11 6 8 14 7 15 25 3 20 12 22 22 28 12 0 20 9 10 24 2
2 29 0 7 27 7 8 12 29 5 13 4 15 29 30 18 27 4 8 4 7 27 10 20 17 17 29 21 6 1 11 19 21 9 25 9 27 19 23 29 1 21 11 27 3 12 20 7 1 8 25 23 18 4 28 17 6 19 10 5 25 27 9 21 23 1 24 4 28 13 10 3 20 21 13 12 7 11 27 21 29 14 8 24 19 2 27 15 21 24 26
6 24 24 15 26 19 21 6 23 18 28 20 27 14 24 20 12 0 25 25 22 30 20 19 29 8 8 14 14 17 27 20 17 23 12 21 8 29 19 6 10 28 1 21 8 25 17 8 0 19 28 11 6 6 27 29 3 22 16 19 28 10 25 16 18 3 26 30 11 28 12 25 9 9 1 0 29 27 12 17 25 27 2 14 22 18 1 1 27 13 24
28 12 15 2 5 2 28 0 21 20 7 1 10 0 1 22 7 10 24 7 24 0 4 12 19 30 5 9 3 16 4 7 14 23 21 18 29 7 26 26 29 0 13 12 24 3 18 29 15 5 14 20 1 27 12 15 19 10 30 7 10 8 13 2 27 14 5 25 29 12 16 22 7 30 4 21 20 30 8 1 4 6 3 25 4 15 6 25 7 16 1
5 24 28 28 6 17 16 12 23 8 3 19 19 22 20 17 22 14 12 25 18 4 13 11 8 4 11 26 0 23 23 2 8 2 8 9 0 7 3 15 28 28 18 5 27 18 5 2 17 29 0 27 7 30 12 0 29 18 10 23 10 18 25 23 25 13 20 13 2 28 23 19 3 1 30 7 15 3 0 28 0 14 8 22 14 21 9 16 18 1 21
16 0 11 27 9 2 21 25 2 18 7 28 14 5 4 3 17 13 24 27 25 19 5 4 5 25 15 21 23 26 28 9 1 28 8 9 26 16 18 8 6 8 10 21 1 24 15 23 20 27 15 19 29 10 1 16 2 10 26 30 3 19 6 6 14 19 3 3 7 9 24 21 4 29 0 11 17 25 14 24 22 4 14 9 26 6 6 7 1 5 13
26 1 11 24 6 8 18 27 5 8 4 29 3 29 3 17 24 28 13 11 19 13 28 21 29 9 12 11 30 24 9 13 5 9 11 29 3 7 7 20 9 24 4 6 25 10 10 21 12 27 7 20 13 3 9 22 24 15 25 29 8 3 24 24 13 29 17 28 29 26 17 0 25 10 1 28 28 8 30 18 15 21 7 17 23 4 18 26 3 19 17
17 12 24 4 25 19 25 2 26 12 27 30 19 15 12 10 6 2 14 3 26 4 8 23 12 9 1 27 22 4 26 7 30 16 13 30 12 9 0 13 24 19 9 30 12 3 22 27 18 7 21 28 14 8 18 14 5 6 23 28 10 13 28 28 18 12 13 16 28 3 19 27 29 12 25 19 18 26 8 23 19 12 8 16 0 12 11 27 25 24 4
22 10 0 6 14 9 0 1 8 20 24 7 29 16 7 6 8 25 7 10 29 11 0 16 19 15 21 1 6 23 14 22 28 6 6 8 19 3 12 20 1 23 27 10 15 21 15 27 24 3 22 12 10 27 14 23 19 25 23 24 22 14 13 18 9 26 4 25 17 25 20 7 9 14 7 26 11 6 16 21 5 29 2 1 18 30 30 13 30 24 27
12 12 19 21 0 12 28 28 13 25 23 1 26 18 1 18 1 4 2 5 21 1 22 3 4 3 10 13 14 8 20 12 0 3 4 19 4 17 21 0 17 1 20 26 28 7 4 14 26 12 2 16 17 27 14 21 23 2 21 2 30 10 12 23 30 18 8 15 18 12 9 22 27 1 22 7 28 23 9 6 19 10 17 13 7 1 30 15 21 15 5
10 19 29 13 3 6 10 1 7 17 6 5 3 15 23 27 0 4 10 28 23 12 19 23 10 13 11 9 30 13 9 21 23 5 27 3 13 15 12 0 26 28 4 14 11 20 27 12 10 20 7 6 8 20 20 1 13 0 20 2 15 22 21 12 7 15 3 11 20 23 10 10 4 23 15 6 6 30 29 6 6 11 4 6 7 5 12 21 5 29 7
9 0 29 5 19 19 13 5 26 8 9 2 21 17 24 20 8 8 23 20 24 8 20 4 26 27 30 4 15 10 9 6 1 27 17 21 7 24 25 16 13 21 22 1 23 20 15 24 28 28 2 8 2 17 14 8 29 30 16 30 21 9 13 29 22 30 25 24 20 15 11 18 2 11 30 2 1 18 10 23 22 22 16 6 3 13 23 26 3 12 14
4 8 8 26 9 6 18 23 21 3 28 19 23 16 10 27 20 28 20 10 7 29 3 3 29 3 10 4 14 28 7 9 1 23 13 27 27 19 6 24 3 18 21 30 28 23 28 30 16 19 24 5 22 30 13 30 2 23 24 5 2 14 27 1 5 26 4 3 19 20 4 5 0 26 12 19 12 9 22 19 17 28 26 16 0 17 15 22 13 8 11
4 6 0 22 8 28 15 5 16 11 12 9 21 27 25 28 23 16 28 22 5 10 21 8 23 4 16 15 10 28 9 11 2 6 29 6 6 28 30 1 10 28 8 5 0 18 3 0 30 20 18 29 26 29 20 27 8 27 11 29 20 25 30 20 18 0 24 15 30 17 19 25 7 23 22 30 18 7 0 28 1 6 13 9 1 17 0 21 7 18 15
12 5 3 1 30 12 17 20 23 6 8 11 6 25 7 6 10 6 15 1 13 27 8 23 10 4 28 20 26 9 23 27 14 5 25 5 9 24 0 30 18 22 29 0 1 0 16 27 2 21 19 19 29 29 22 3 22 5 6 14 17 14 17 23 1 0 3 25 4 23 15 14 24 5 3 13 13 2 29 22 27 25 8 29 14 19 14 26 16 16 22
20 20 22 15 17 11 6 18 19 3 7 29 18 2 9 4 22 29 19 24 23 21 15 22 2 10 28 19 17 16 18 30 20 14 3 25 5 6 17 15 26 6 4 30 7 26 18 17 28 10 10 14 4 8 17 17 0 24 22 26 25 27 6 9 25 7 8 12 4 17 21 30 3 26 0 25 19 10 1 3 25 27 30 6 3 2 9 13 14 18 28
6 4 10 23 18 6 0 22 27 19 21 5 13 26 25 26 10 3 0 19 28 17 26 2 4 30 13 15 27 17 3 15 5 5 22 10 15 8 24 11 11 4 28 29 0 1 19 30 17 3 5 26 0 14 29 8 28 7 4 5 23 26 14 29 23 7 19 2 14 21 7 2 2 14 8 15 24 21 2 11 18 30 19 20 28 16 6 11 18 9 24
14 30 25 4 9 2 6 13 15 29 20 3 9 1 0 5 19 14 19 12 24 10 22 4 15 7 12 6 7 10 11 25 3 20 18 20 10 4 16 2 3 3 7 16 16 22 13 27 30 2 6 22 19 23 27 8 19 16 30 19 6 10 1 19 17 24 24 30 14 15 2 12 24 27 0 1 23 1 19 0 7 11 20 10 8 21 8 30 21 0 5
20 11 23 22 25 28 25 10 4 4 4 22 7 20 8 26 14 11 17 13 28 26 13 27 30 22 26 0 26 22 7 8 2 7 26 12 16 22 4 29 26 5 9 11 10 8 30 4 11 17 24 7 2 15 21 26 7 28 17 17 23 16 12 1 7 2 8 20 21 12 14 9 14 18 0 19 26 6 1 17 1 10 19 24 4 10 24 6 28 13 23
22 22 12 0 27 19 16 15 11 14 25 0 10 22 17 21 4 5 16 19 17 21 1 0 4 25 2 29 22 11 9 5 11 6 17 16 16 27 27 25 24 23 29 12 6 15 18 27 20 21 11 24 29 3 24 25 1 22 15 22 1 12 7 4 26 5 21 16 0 27 16 3 1 13 7 10 30 17 19 10 23 2 28 18 7 18 0 14 1 27 9
22 17 30 25 4 30 21 4 8 23 5 15 12 4 20 15 24 2 9 20 26 29 2 0 24 23 30 12 1 8 29 30 12 13 21 2 11 13 4 20 22 23 12 1 25 4 0 28 24 30 22 5 30 9 11 22 0 18 4 15 11 13 19 20 13 28 28 24 26 29 19 24 9 5 13 11 8 11 14 9 1 11 21 24 17 11 10 14 10 12 28
5 9 17 12 18 21 24 10 10 17 1 18 28 9 27 1 7 4 17 12 9 12 1 8 29 1 27 10 22 17 22 12 4 21 18 26 26 4 13 6 11 13 28 29 4 20 4 20 0 20 30 27 19 15 21 14 11 0 30 24 23 20 5 1 30 22 7 18 1 8 6 24 17 14 18 12 14 24 30 30 14 30 9 20 21 6 10 26 8 16 23
30 2 13 9 26 6 19 26 10 11 8 13 20 22 0 10 18 21 17 14 21 21 10 8 2 17 5 19 28 25 24 5 16 13 28 14 12 18 8 25 8 23 17 13 9 18 6 23 16 22 6 11 5 27 21 3 22 21 26 8 16 6 0 14 7 18 4 10 15 15 8 17 1 11 9 25 8 16 24 3 16 15 17 14 23 14 7 12 30 1 8
22 24 29 11 24 19 16 18 30 19 29 12 11 10 15 13 17 2 29 18 25 10 23 20 13 22 2 24 28 0 11 19 13 23 8 0 16 9 21 16 21 20 27 10 23 29 23 0 15 2 9 16 4 19 20 22 16 21 23 20 28 5 30 27 28 11 0 19 18 7 24 0 1 13 1 18 21 9 2 29 15 16 21 16 26 24 14 25 16 29 18
21 4 0 25 11 15 26 13 19 7 18 24 11 28 11 7 11 15 30 15 13 22 29 11 0 18 9 1 7 10 20 26 29 20 22 11 30 27 3 27 14 17 9 21 8 28 22 24 9 29 1 23 27 1 2 6 27 16 5 18 13 5 3 26 12 3 21 7 26 13 21 11 10 5 23 0 16 26 20 22 13 0 21 9 8 6 13 10 12 1 11
25 0 4 11 26 30 5 2 13 17 23 13 7 5 20 25 7 16 15 14 12 27 12 7 7 3 3 22 1 12 27 30 26 2 2 19 0 6 22 4 8 21 28 24 14 30 29 24 13 28 17 14 8 6 12 5 17 30 6 23 28 14 21 1 8 13 13 0 25 6 26 3 21 6 2 23 30 16 15 8 5 10 11 0 24 28 16 13 9 20 3
1 30 2 25 18 0 1 24 6 5 4 27 18 8 15 15 9 11 5 0 25 14 13 26 18 7 24 26 5 8 18 3 18 2 2 18 21 7 16 17 19 19 17 18 30 30 20 3 9 7 20 14 11 30 5 30 28 25 2 15 19 20 13 15 7 20 17 0 15 24 20 13 25 10 11 24 25 8 27 15 0 1 23 30 21 12 15 23 14 14 14
22 2 4 18 14 24 15 28 25 14 19 24 22 20 5 25 11 8 18 6 2 21 26 8 14 30 22 7 21 4 13 1 30 6 8 24 25 18 20 13 27 8 19 15 1 11 22 10 13 28 1 18 1 0 26 12 7 23 9 18 18 1 23 12 7 2 18 10 17 4 17 18 20 11 12 21 30 2 17 16 22 21 9 28 5 18 10 23 30 0 10
19 11 20 10 7 19 1 24 13 10 0 12 30 7 20 18 0 18 20 3 10 12 7 14 16 29 14 21 25 7 25 29 15 28 1 2 9 9 3 22 1 17 9 28 4 17 10 9 2 27 23 19 21 0 27 14 14 3 23 26 22 3 29 18 12 28 4 8 10 5 9 9 24 19 23 22 8 8 17 6 11 22 16 15 12 2 0 25 5 30 19
0 3 20 22 17 23 9 24 4 9 23 17 20 0 18 13 4 4 25 6 3 14 9 4 6 12 7 2 1 17 30 24 10 8 26 29 19 24 16 18 9 15 16 20 4 18 19 8 22 17 27 3 26 6 26 15 21 0 12 8 21 19 1 22 7 7 27 14 4 29 26 23 8 3 15 2 2 1 21 27 21 19 8 11 8 7 29 22 2 18 15
25 22 27 16 8 15 23 3 2 16 29 22 15 1 24 19 12 27 27 20 20 22 3 21 21 23 23 0 1 20 5 18 11 19 26 16 3 6 3 23 18 24 0 10 27 26 9 7 23 9 14 20 8 30 6 14 15 12 21 10 5 15 9 7 20 3 3 24 24 15 8 18 7 9 30 10 10 24 18 10 14 30 0 17 12 4 28 4 21 7 9
16 14 21 30 25 4 30 3 15 3 6 11 16 14 10 22 15 18 1 16 3 28 17 10 17 12 2 27 22 30 28 2 0 22 18 7 8 13 2 28 12 6 2 24 29 6 24 12 2 21 26 10 29 27 6 29 29 6 3 27 16 16 1 19 21 25 24 30 16 12 27 22 20 20 17 26 30 25 8 25 12 9 24 28 0 14 13 14 27 9 23
0 27 12 18 26 8 29 5 7 19 17 19 2 17 29 28 25 1 12 26 29 21 16 4 20 5 8 11 13 6 14 28 1 23 15 6 9 1 10 27 25 13 0 4 25 27 21 15 23 6 13 14 26 1 29 19 26 8 19 5 21 28 20 4 7 6 4 6 24 4 27 30 7 4 4 18 13 16 9 21 27 2 15 3 21 4 0 14 2 29 7
