94 94
6 20 14 16 21 21 22 7 27 12 2 18 28 0 13 2 4 28 13 16 21 9 18 5 7 3 13 8 12 2 6 4 6 13 24 3 14 11 6 17 16 20 7 3 19 3 0 15 22 26 29 4 9 30 15 13 16 29 16 18 2 2 16 9 2 16 10 18 19 24 13 22 22 18 19 25 3 24 23 5 29 15 12 17 12 18 28 6 1 1 0 18 4 8
8 11 5 13 10 15 25 24 18 22 12 5 14 24 13 6 30 18 28 6 24 29 15 22 1 7 3 10 0 15 23 9 23 20 9 8 1 18 28 18 29 18 11 27 0 21 23 1 18 0 13 14 12 0 6 1 20 19 4 14 13 11 15 29 15 8 27 3 5 21 3 0 5 27 5 11 9 8 15 28 24 28 28 5 28 15 10 17 8 7 0 6 9 14
20 13 26 23 28 20 9 23 3 16 21 30 28 6 25 9 22 28 10 4 13 0 6 23 3 20 1 4 29 4 19 14 4 25 24 18 0 1 2 11 29 15 1 16 13 1 11 24 24 30 22 9 11 19 12 20 25 2 0 21 29 15 30 1 3 26 22 13 30 10 14 17 20 12 5 9 23 24 14 5 16 27 19 15 16 12 24 9 4 11 11 14 6 16
25 26 30 17 6 26 24 8 0 14 16 22 0 4 27 3 27 4 9 10 24 13 7 4 10 20 3 26 8 17 1 5 17 27 12 20 27 21 6 11 22 14 0 23 19 25 17 4 3 13 27 8 28 1 4 24 3 11 22 3 22 14 25 15 3 21 1 9 23 4 29 24 8 29 23 27 1 23 27 30 20 28 30 12 2 23 10 21 8 7 28 12 27 13
13 2 15 28 1 10 10 27 13 2 27 24 17 22 30 20 22 27 10 27 19 25 29 9 29 10 25 25 23 3 14 16 24 18 8 19 15 29 27 4 9 9 12 6 20 23 26 8 27 16 30 1 10 2 14 30 17 3 27 4 14 6 30 27 15 9 25 21 17 22 25 23 23 6 18 7 3 1 28 24 0 17 29 26 8 24 12 30 6 5 17 5 14 23
12 25 15 2 0 15 17 22 19 5 19 22 13 11 7 2 6 19 30 17 1 11 5 12 11 17 13 21 29 6 28 10 20 13 14 26 6 27 16 16 12 30 2 2 28 6 3 12 14 10 1 21 26 13 2 20 2 2 0 20 22 18 2 14 30 10 5 15 24 12 25 17 19 6 10 2 22 13 22 3 12 3 22 28 27 6 20 27 7 2 28 16 4 22
0 26 27 16 29 26 12 2 7 15 22 26 5 9 29 7 29 11 10 17 28 27 29 7 17 14 2 12 3 13 11 21 15 19 27 22 12 16 24 1 11 22 17 16 6 10 8 2 22 11 6 2 4 1 27 22 10 4 25 9 20 7 11 24 4 28 11 22 10 8 18 25 12 9 10 23 16 11 8 4 18 28 2 24 12 20 3 0 5 29 7 0 24 28
28 19 8 18 6 10 2 1 10 5 17 10 29 23 23 21 30 18 20 25 1 29 14 19 20 0 1 26 6 23 8 14 1 7 8 3 5 17 0 11 23 4 4 18 3 10 22 29 10 15 8 8 0 27 27 13 22 28 10 30 17 7 16 30 8 2 24 1 28 12 8 20 14 28 0 5 26 25 2 9 18 12 9 2 27 21 22 5 20 9 16 3 15 8
22 7 19 14 16 2 25 24 10 20 13 19 26 25 13 20 14 3 1 26 23 19 3 1 16 19 10 25 2 17 25 17 16 6 9 17 26 22 19 28 26 19 17 18 18 27 5 20 11 10 3 4 24 16 16 17 16 2 13 3 27 0 2 25 22 27 24 0 9 3 9 0 21 3 7 10 26 22 16 13 3 23 29 9 0 2 22 20 23 1 4 5 13 5
2 10 21 6 29 7 7 3 15 29 7 18 7 13 20 9 10 7 12 9 16 2 3 0 6 30 7 14 3 28 14 18 2 20 12 26 21 13 29 7 0 30 4 3 12 28 7 26 28 25 8 21 15 8 0 21 26 7 7 0 14 2 11 13 22 23 21 18 3 25 12 7 7 29 8 29 23 28 14 11 26 29 4 13 24 17 28 16 9 10 21 2 0 29
21 5 0 19 2 20 27 1 2 22 23 7 26 22 9 0 6 13 24 2 15 13 21 6 27 25 30 8 8 9 4 6 19 12 3 10 20 13 3 10 22 24 5 9 6 2 22 18 0 22 29 13 27 23 18 17 19 5 2 21 24 1 23 14 6 0 30 8 24 27 19 18 9 21 5 28 29 16 16 21 30 5 26 17 18 22 29 8 27 11 0 26 0 1
11 23 28 5 9 12 28 20 27 12 3 1 8 26 28 24 7 0 15 18 23 7 18 27 20 14 18 1 19 1 24 6 24 24 13 0 7 11 8 19 21 0 5 7 10 9 9 21 0 29 4 7 4 26 7 10 26 21 5 13 20 23 17 20 14 23 20 17 14 17 17 14 18 26 19 18 27 22 16 0 4 25 2 22 4 21 25 26 23 11 21 1 30 15
5 18 12 17 0 2 9 3 6 10 7 20 22 8 5 24 23 22 9 9 7 17 24 16 30 4 8 16 3 20 2 5 11 17 9 23 12 8 29 12 18 14 23 15 10 6 12 6 23 14 23 21 16 22 16 6 4 27 9 21 28 29 21 28 18 15 25 0 2 22 16 20 4 30 0 17 0 3 25 10 4 13 29 3 7 12 2 24 9 17 26 9 15 1
2 16 16 22 7 2 0 14 14 19 13 13 27 26 22 24 29 8 0 17 11 25 8 1 15 23 27 4 17 28 29 1 11 12 30 8 3 20 27 25 24 4 11 24 20 7 1 20 9 0 15 19 27 11 5 6 18 3 15 0 29 5 4 16 23 20 13 19 12 27 30 21 8 14 21 27 21 3 9 6 21 2 23 29 0 21 2 30 25 28 18 17 17 8
3 11 14 29 5 0 20 8 27 18 2 8 13 30 18 5 19 0 6 21 2 24 14 25 3 28 16 28 3 12 12 3 19 29 17 16 30 8 14 11 2 14 3 18 30 7 28 17 17 26 12 25 12 7 29 7 20 24 5 12 30 18 21 26 2 12 1 14 7 26 7 17 30 21 22 17 25 12 14 12 21 19 3 6 13 21 8 18 21 7 28 30 16 24
1 10 24 22 15 21 5 26 10 14 23 27 10 12 1 0 25 12 8 26 10 14 22 27 21 4 1 22 4 17 14 14 22 6 25 18 3 7 6 22 30 16 25 20 4 15 9 1 23 20 28 13 15 7 12 14 29 16 9 28 10 8 4 15 3 14 14 6 4 19 0 14 0 24 15 13 23 14 7 7 1 19 12 21 11 29 6 17 17 26 12 11 10 14
1 28 19 10 7 24 19 25 10 6 14 5 14 18 5 21 3 5 14 21 10 6 5 25 0 30 16 21 2 0 25 19 30 0 30 14 2 11 3 7 28 3 8 27 9 22 29 13 23 1 4 14 22 11 8 15 25 30 30 26 21 26 1 7 0 28 2 22 20 15 26 20 10 30 27 10 27 8 3 2 28 19 17 13 7 29 5 10 13 26 7 15 15 7
18 1 7 25 18 22 10 7 7 9 3 7 30 13 17 14 6 15 19 26 21 3 16 20 1 17 16 24 26 7 20 23 13 25 27 16 3 16 29 25 4 17 9 9 6 5 2 7 18 6 2 21 23 2 8 25 16 13 18 6 25 28 11 10 13 0 20 19 19 22 5 23 16 15 1 15 16 2 17 18 24 24 19 0 29 1 13 1 5 19 18 18 20 22
5 14 13 22 3 27 6 25 23 12 3 5 19 14 18 23 18 5 2 12 20 2 25 22 12 29 22 17 18 22 28 28 15 17 0 16 19 7 7 8 0 4 13 16 5 22 25 25 12 2 25 7 1 23 29 26 8 24 20 28 22 23 18 12 13 12 16 12 24 24 21 12 6 7 29 22 6 0 26 17 24 14 11 9 6 8 18 5 1 12 18 19 17 9
0 15 27 4 3 5 6 22 6 2 6 16 2 16 1 0 14 0 1 14 25 1 30 25 1 16 12 8 3 25 26 1 1 3 17 10 13 20 12 1 26 16 17 22 3 25 6 8 11 25 30 22 25 15 16 9 30 27 21 9 14 2 26 2 19 20 10 22 12 27 15 30 6 6 16 8 25 3 19 15 3 5 20 25 0 3 15 6 11 8 30 15 5 20
6 17 17 5 25 11 16 2 14 8 17 25 20 18 4 21 18 0 23 12 29 3 24 26 10 7 29 10 26 16 15 11 15 14 9 4 9 18 13 2 12 15 28 21 11 15 25 23 15 6 10 18 13 11 25 12 17 5 11 21 6 16 16 11 19 12 20 30 22 22 16 3 16 25 7 6 21 10 12 22 23 17 12 7 26 11 28 4 6 0 26 7 23 19
11 29 27 15 13 11 18 25 30 25 21 11 24 5 19 19 4 24 26 20 2 26 15 3 28 24 11 3 21 15 27 28 23 26 24 12 18 5 21 24 2 4 0 21 25 2 28 7 13 7 17 5 16 9 2 5 20 8 11 30 5 25 0 26 1 3 4 25 30 11 4 14 5 1 14 4 30 2 13 1 30 17 15 7 2 15 20 21 5 11 19 23 9 1
18 13 19 24 15 19 25 27 19 11 10 29 14 11 4 14 20 25 21 30 6 13 12 5 13 24 9 25 3 13 23 26 11 0 27 4 28 23 20 0 26 7 23 9 22 24 3 11 22 22 9 5 20 11 15 25 20 10 11 17 14 2 18 15 17 5 11 0 26 13 27 0 15 23 28 24 26 23 7 20 8 1 22 30 29 15 8 22 23 18 12 14 12 20
27 22 24 9 21 25 12 22 12 18 5 28 13 20 10 5 27 10 27 4 9 22 21 24 5 23 5 25 0 25 25 27 21 9 18 3 28 12 25 15 13 11 11 30 1 8 3 26 11 24 23 5 0 6 18 8 17 24 14 22 8 5 4 25 22 12 29 19 27 28 5 1 24 0 22 19 21 19 7 28 7 15 30 23 4 22 4 25 14 3 24 12 22 19
3 25 14 7 4 27 26 10 27 1 17 26 22 12 10 18 8 2 24 17 21 6 20 19 2 23 0 1 2 17 19 11 10 15 22 5 26 24 2 6 14 30 27 3 26 11 15 8 18 13 25 19 25 1 17 29 2 11 8 13 5 24 15 26 0 25 15 5 17 2 12 9 18 24 18 6 29 10 18 30 17 29 29 21 28 20 3 16 8 16 19 6 7 10
8 30 10 27 20 2 11 13 3 15 14 28 5 25 10 24 25 29 30 19 20 19 15 15 0 17 24 8 2 30 11 11 14 9 23 22 28 11 5 3 22 28 9 27 15 30 26 28 18 16 27 16 11 6 14 17 0 20 7 1 29 17 12 27 26 24 14 25 27 10 15 21 11 22 20 11 30 20 27 20 22 25 25 18 13 22 26 29 13 18 11 26 27 24
22 17 16 15 27 19 20 23 28 12 22 14 28 3 11 11 3 9 20 13 3 21 15 20 11 11 25 20 30 30 23 14 12 6 20 19 28 1 16 1 10 19 23 10 3 20 2 19 19 3 28 8 15 16 26 19 10 28 12 26 12 28 29 7 15 24 16 29 13 29 16 25 11 9 0 4 10 4 11 21 3 19 24 4 20 0 24 13 3 9 30 5 6 16
8 10 30 0 1 1 29 30 20 15 24 0 19 5 20 3 19 11 23 4 27 23 7 25 10 6 6 18 21 16 27 24 6 16 29 19 17 13 25 12 19 3 7 12 21 8 15 0 23 28 19 19 29 17 19 8 18 11 18 27 17 13 30 14 11 1 19 21 24 15 13 19 28 9 30 25 30 11 23 5 23 0 17 20 21 18 19 25 26 23 2 9 2 12
9 3 4 17 19 21 6 14 18 4 13 12 5 12 18 4 2 29 2 0 18 9 13 26 10 22 13 9 12 10 3 27 9 27 22 22 12 10 29 12 25 25 15 6 20 8 7 10 10 13 22 19 6 3 5 1 22 4 14 15 23 25 18 24 16 5 0 9 22 19 17 17 2 24 13 8 5 26 7 28 26 5 29 25 24 16 5 13 28 30 13 9 11 22
26 20 27 15 26 23 20 11 1 7 0 7 12 8 6 2 2 17 22 12 20 22 26 1 25 17 22 14 24 28 7 30 28 30 1 10 5 12 18 27 3 25 28 24 17 28 12 20 17 1 19 19 12 17 16 17 16 12 8 10 8 29 15 23 15 5 22 15 24 3 15 26 15 30 9 30 24 9 4 5 2 23 3 12 17 14 9 21 17 23 8 3 28 28
10 10 18 23 29 12 11 9 3 15 2 4 2 11 30 18 11 9 30 23 11 29 20 28 10 7 25 25 24 29 12 9 10 20 22 16 7 1 4 23 12 30 29 7 29 1 23 8 16 19 10 27 28 4 15 1 6 16 0 13 29 21 4 13 24 24 24 5 17 3 0 6 5 8 24 23 25 10 23 0 7 14 17 6 22 13 19 23 21 3 19 3 12 16
6 12 8 24 25 27 20 6 9 9 29 12 3 7 24 20 8 27 1 20 29 13 16 24 14 27 0 27 17 14 2 26 22 19 18 25 13 21 19 3 1 30 1 18 15 27 20 5 5 8 7 22 9 18 17 26 29 8 3 6 21 2 29 30 11 10 3 24 24 13 10 29 17 2 14 17 24 30 21 18 26 2 5 11 14 7 19 21 19 16 6 20 9 14
24 15 23 30 0 16 27 14 7 20 10 0 0 25 3 5 15 29 30 10 13 1 4 18 25 20 26 3 29 9 15 28 10 7 20 2 19 9 21 9 26 15 24 8 5 14 15 2 23 3 0 13 3 24 15 26 22 22 12 26 13 14 7 4 1 27 6 22 23 15 18 5 7 12 22 3 21 18 14 7 30 29 2 24 26 1 27 27 18 14 13 18 4 20
14 24 26 12 8 27 25 20 1 11 24 21 19 28 25 16 28 6 8 1 5 23 23 2 24 8 15 9 5 1 7 16 8 28 16 7 5 22 30 28 21 18 5 22 14 29 14 13 14 7 23 7 15 19 24 10 22 24 0 0 24 30 24 8 30 2 25 10 22 4 8 7 24 25 7 0 3 3 3 0 1 21 21 19 5 17 11 25 2 29 19 13 1 8
7 15 20 3 18 26 19 30 26 24 4 15 27 2 0 27 10 3 9 27 12 4 13 16 0 9 5 0 6 30 20 16 25 7 29 7 29 30 26 22 3 6 24 15 15 21 23 26 6 24 3 4 20 12 10 10 4 21 16 23 21 30 4 15 1 3 4 4 8 0 24 21 4 24 17 26 0 17 9 30 27 19 3 26 20 14 1 8 13 6 24 1 30 25
17 0 26 29 21 6 7 19 16 16 0 5 26 25 24 14 10 27 3 12 15 22 14 11 10 17 1 15 17 5 14 13 11 12 23 14 30 26 6 16 8 0 30 23 7 29 15 29 28 7 0 19 1 0 11 20 25 9 13 28 17 5 30 30 4 16 22 24 16 27 4 4 13 24 6 29 27 23 18 27 7 27 4 10 15 22 20 9 9 14 7 25 13 13
15 16 12 6 10 5 3 9 11 10 10 11 28 6 1 1 6 29 8 29 27 29 2 8 12 23 12 14 16 1 21 17 0 21 10 15 0 12 22 17 13 23 26 15 19 16 26 30 7 0 17 17 25 9 14 14 25 12 24 23 9 3 5 11 11 1 2 17 21 4 2 11 28 19 10 1 28 12 11 6 18 2 24 20 11 12 7 13 24 3 19 16 3 4
16 10 28 30 24 23 18 9 25 13 15 7 15 18 30 8 16 27 12 8 23 19 25 13 13 15 1 2 1 16 27 20 16 14 5 22 16 27 3 24 19 5 13 0 12 22 1 4 6 26 23 14 22 9 9 24 27 10 24 4 4 26 5 7 11 27 28 27 6 9 13 21 19 16 4 2 11 8 25 13 9 9 18 0 30 5 12 3 30 13 10 0 2 8
7 27 1 17 2 27 6 11 10 26 2 27 18 4 9 7 8 13 16 27 26 17 11 2 2 13 12 26 21 13 4 11 22 5 3 16 17 5 1 7 19 2 6 10 3 27 23 22 25 10 18 19 26 18 11 27 18 2 25 3 7 24 17 13 9 15 19 11 2 16 8 1 6 3 2 15 11 10 29 30 5 20 5 29 10 22 22 22 16 2 21 4 0 2
25 17 12 20 1 3 6 2 17 23 3 22 7 8 17 4 5 4 1 29 28 3 9 9 22 9 8 24 24 5 4 21 5 24 12 8 10 23 10 3 8 1 9 30 1 3 15 18 30 14 10 4 4 19 13 13 25 20 20 21 26 13 6 12 29 0 4 19 13 0 6 22 26 24 15 21 1 1 11 9 7 26 24 28 12 1 3 7 18 29 20 11 0 26
10 24 10 24 11 20 8 17 14 16 14 18 15 9 19 8 27 5 3 20 17 6 21 18 0 5 11 0 5 5 26 7 28 19 1 17 28 28 27 20 24 19 21 7 18 14 29 0 26 16 30 15 26 5 16 0 1 6 8 25 12 8 17 16 7 4 1 5 11 15 1 29 22 8 26 7 30 29 30 15 28 25 7 11 10 25 26 2 28 25 6 17 13 2
28 20 25 27 19 12 20 16 23 0 19 1 6 11 26 10 10 18 21 25 22 21 11 0 5 10 11 25 12 14 21 9 22 25 10 0 26 11 19 0 19 19 6 1 9 8 22 6 1 2 3 3 7 28 3 19 12 0 16 29 20 10 15 4 6 21 2 8 17 7 20 20 3 28 20 23 18 21 27 29 21 16 10 29 3 6 24 10 8 7 3 21 30 13
19 23 11 7 5 30 7 11 1 9 16 10 24 4 29 23 12 4 10 19 11 19 7 4 23 21 21 25 27 10 24 1 1 20 2 21 22 19 5 29 22 20 11 18 26 25 8 20 12 4 12 23 23 16 9 16 18 1 10 4 4 20 0 27 29 25 14 8 17 13 5 28 0 19 3 21 15 4 5 20 25 7 1 9 22 13 27 21 4 19 13 25 24 21
23 13 19 5 10 0 19 13 11 10 27 29 1 22 10 28 23 13 26 0 2 30 13 5 14 11 24 14 14 2 21 13 7 18 3 24 1 8 21 17 2 5 12 18 18 22 10 9 0 26 6 1 23 3 28 8 11 23 3 19 3 29 3 10 12 24 6 27 26 6 7 27 26 19 1 8 14 25 10 19 23 13 6 22 28 26 10 24 30 23 30 8 22 12
2 29 15 26 3 4 4 13 24 5 2 21 2 30 6 12 20 17 14 5 1 22 7 24 3 22 23 20 19 18 16 6 26 2 20 13 0 19 11 17 18 30 12 29 27 17 10 25 9 24 15 13 5 11 28 1 19 4 20 0 1 28 14 21 18 17 23 29 13 9 0 0 27 23 27 11 3 18 4 1 21 0 0 5 6 18 28 15 8 27 1 17 9 11
4 18 14 24 23 9 24 0 13 4 9 22 2 9 28 2 11 0 19 15 7 27 6 7 27 27 15 26 26 2 13 25 20 9 9 7 16 0 15 22 21 17 12 11 8 24 22 12 24 12 12 19 20 22 24 29 15 11 23 1 23 26 1 18 22 28 19 9 24 7 28 3 0 10 9 18 16 24 18 25 6 24 28 9 30 7 18 0 2 19 0 8 11 26
0 1 13 24 25 0 6 5 1 20 4 26 0 26 0 18 18 11 13 10 6 19 30 7 21 26 3 9 24 8 28 5 9 16 22 1 25 10 11 10 27 21 17 18 7 8 0 7 6 2 9 30 12 22 0 3 10 0 16 7 10 2 12 20 25 10 22 5 22 15 20 2 15 6 0 12 3 28 2 13 6 22 30 27 4 5 11 9 22 1 11 11 17 22
9 17 23 17 4 1 13 11 23 4 30 21 29 22 28 10 7 30 26 20 10 14 7 25 21 28 20 6 9 4 6 29 14 27 24 17 27 7 9 2 14 5 17 1 25 16 13 10 7 24 28 19 10 9 22 5 23 21 3 21 9 6 1 25 9 9 8 21 2 7 25 13 13 7 1 13 4 1 0 15 16 28 27 22 20 17 15 17 8 0 27 9 29 14
27 29 2 27 24 23 8 12 28 8 18 18 29 5 28 16 26 11 15 30 8 26 20 9 14 26 21 16 2 22 8 12 15 12 11 7 1 16 9 3 11 26 24 10 28 0 29 9 22 28 16 28 12 2 29 28 5 14 5 16 28 18 29 17 27 19 3 9 29 9 14 29 4 21 0 5 21 30 5 1 25 4 29 16 17 22 13 28 7 19 11 30 14 6
19 13 21 19 15 9 9 25 21 9 0 18 8 9 11 24 29 10 4 22 4 14 14 28 19 30 13 3 18 26 16 26 16 26 18 3 28 20 19 18 13 10 12 23 0 4 0 18 10 10 2 9 20 22 9 27 2 8 2 2 22 14 25 5 7 29 3 28 1 27 0 1 30 14 26 5 11 16 15 22 1 23 3 1 29 0 23 14 22 15 8 21 10 15
6 15 15 13 2 24 4 22 16 20 5 22 10 10 16 10 27 17 3 21 8 14 16 10 3 22 0 21 1 14 19 15 12 8 7 24 22 10 28 1 23 13 1 7 28 9 11 15 25 2 3 28 4 18 29 1 20 4 23 22 8 25 5 4 12 4 7 2 2 24 20 24 6 29 11 8 23 28 21 6 30 29 19 3 13 29 1 7 26 7 24 28 8 13
13 3 25 0 29 7 28 24 6 26 28 1 25 9 15 21 28 29 23 13 21 6 24 30 5 10 27 9 24 28 18 20 23 18 28 4 14 0 7 4 19 16 3 15 10 30 2 19 28 6 17 25 10 1 17 8 26 28 1 1 18 14 13 16 10 16 24 25 7 9 16 9 23 28 13 29 11 22 25 28 7 17 4 18 3 10 0 23 22 7 23 6 17 13
29 19 18 8 30 22 6 22 11 0 24 14 8 2 12 12 4 17 23 2 2 6 14 20 17 13 7 26 8 6 19 10 12 10 30 26 12 16 24 10 20 10 11 15 30 23 22 1 4 1 30 12 22 24 10 18 14 2 28 0 14 0 2 1 13 5 6 24 2 4 15 30 30 5 18 0 6 21 7 7 27 5 2 18 26 9 15 29 12 8 18 23 23 7
7 16 5 18 26 27 23 28 9 30 17 13 8 29 28 13 4 0 10 8 25 24 10 25 29 22 16 27 4 7 8 3 12 23 20 19 1 2 3 0 8 18 2 23 22 12 19 6 7 9 10 15 24 7 2 8 29 2 2 2 11 11 16 29 21 25 2 12 27 8 6 11 17 17 25 25 6 9 12 9 29 1 24 4 3 16 6 5 24 26 10 22 30 11
1 18 4 18 16 13 4 26 8 14 9 7 1 7 19 29 22 16 9 3 16 25 18 13 19 30 10 10 5 22 10 28 29 20 10 21 2 23 26 23 18 30 27 21 12 27 23 30 22 16 3 18 21 26 11 6 4 23 25 23 7 20 11 22 28 23 6 21 13 6 16 0 9 7 30 21 20 3 20 28 2 18 6 27 8 19 9 27 11 23 0 8 21 16
13 1 15 9 2 6 23 4 15 20 1 5 26 30 29 5 10 14 8 1 6 12 3 17 15 18 11 24 13 9 10 6 24 8 19 14 15 0 3 2 24 5 2 21 4 26 24 4 11 3 10 14 28 9 8 8 18 21 12 14 17 12 24 17 1 1 16 19 16 9 9 26 27 23 28 9 0 2 13 13 12 14 4 13 26 19 5 29 22 6 30 20 22 7
16 30 18 10 9 15 2 28 5 25 29 15 12 13 13 18 5 5 5 28 20 25 24 17 25 3 16 27 5 30 4 14 10 12 3 13 13 6 14 27 27 13 8 27 20 29 4 2 0 24 14 29 23 0 3 11 7 10 27 18 17 17 12 30 10 8 28 13 20 15 5 11 27 29 4 18 1 23 1 24 7 10 0 2 18 23 6 21 10 1 7 17 9 14
5 7 11 2 18 5 28 13 13 14 4 15 25 21 23 8 22 1 6 0 8 27 15 4 15 18 30 1 16 12 22 3 3 1 22 0 17 3 13 22 27 27 6 27 22 20 19 20 30 8 14 15 30 18 13 16 21 3 22 19 21 2 27 14 16 30 25 6 3 15 9 22 19 15 11 12 26 4 3 20 13 0 24 14 6 22 15 27 18 15 11 23 8 8
0 19 24 0 27 21 16 29 26 29 12 21 30 6 17 5 18 23 9 14 9 17 14 4 2 25 15 7 7 14 9 28 25 29 3 27 1 26 13 14 0 29 20 8 19 30 27 11 23 21 30 12 12 2 9 26 28 5 6 19 16 17 24 5 19 16 6 29 13 7 20 28 21 4 29 7 3 13 8 9 2 25 18 4 26 9 15 30 3 20 16 27 15 17
14 12 29 2 22 25 28 17 3 20 5 8 4 16 1 3 21 9 12 27 27 9 16 24 2 30 17 2 3 16 4 24 6 1 29 13 28 24 16 5 26 0 6 27 3 18 17 16 17 6 21 21 14 15 7 2 19 16 13 15 28 19 19 0 11 3 24 29 4 20 14 8 22 21 27 28 13 6 0 11 2 18 11 12 23 1 6 6 23 7 2 21 4 2
27 19 18 4 18 30 29 10 22 27 21 30 2 26 24 3 18 3 22 6 27 24 17 1 17 27 28 19 22 16 12 2 16 25 24 10 8 21 23 23 23 21 1 16 17 16 27 25 12 24 21 23 26 20 7 29 16 23 29 6 6 27 23 25 27 9 2 3 16 15 24 8 19 19 19 17 17 9 14 27 24 9 15 0 9 16 11 18 13 11 25 8 19 4
4 11 30 11 2 2 22 8 9 16 25 0 13 29 18 0 4 20 16 18 22 1 22 6 10 27 9 25 15 27 10 28 5 29 23 0 17 22 6 24 22 18 5 9 19 18 15 21 20 14 2 20 15 26 29 1 20 10 5 18 14 16 8 30 14 25 9 16 27 22 20 21 19 0 14 21 22 13 20 8 11 8 10 21 18 19 28 3 28 29 30 7 15 26
15 20 30 6 27 22 18 26 6 19 16 5 3 28 29 12 14 27 0 25 1 23 24 30 22 3 28 19 22 23 21 9 29 3 15 27 8 17 25 18 29 27 16 22 26 27 2 5 11 0 26 29 20 29 30 27 8 12 13 10 25 6 27 17 16 25 25 26 25 24 18 26 25 23 16 16 18 8 1 30 11 3 2 19 17 20 30 12 9 16 24 23 1 9
25 0 16 13 25 29 4 25 30 12 3 12 19 1 8 5 11 3 14 22 5 6 10 17 22 15 27 25 12 17 28 9 26 11 12 29 21 9 17 2 4 1 15 23 15 0 28 17 21 25 21 23 16 2 15 11 2 10 16 19 6 18 23 18 8 27 20 0 10 26 29 16 8 30 21 4 10 5 28 23 18 6 24 24 16 4 2 12 6 11 0 5 28 2
7 24 18 9 19 30 1 28 8 13 14 13 18 3 29 13 30 24 3 14 19 25 28 20 30 28 4 26 25 18 26 25 23 10 1 8 3 15 10 13 17 22 17 18 15 22 23 1 25 4 18 9 7 16 17 1 11 3 14 27 29 20 18 16 15 8 5 8 10 24 9 28 9 2 17 29 24 28 15 15 13 9 3 25 15 4 29 10 26 18 3 5 16 11
20 14 8 19 27 0 24 10 30 13 14 11 17 19 6 29 18 16 23 15 20 19 18 22 24 2 9 27 30 21 4 28 0 18 23 22 11 17 3 19 30 19 25 23 24 24 29 27 21 16 28 20 11 28 27 8 8 13 10 6 26 18 8 3 16 0 17 18 7 8 17 28 14 7 0 27 30 18 16 30 10 17 22 1 25 18 29 4 14 11 4 6 10 0
23 24 15 18 16 17 25 11 27 22 27 25 29 24 11 29 25 1 20 0 2 0 2 5 12 7 13 24 6 14 19 27 1 10 12 27 13 19 14 26 5 21 2 26 23 18 12 20 30 8 6 0 7 28 2 4 1 13 10 29 2 4 4 27 14 17 30 30 19 14 13 1 28 16 2 17 18 12 21 30 5 9 14 24 27 19 27 7 28 18 17 8 2 9
15 29 20 22 2 8 4 9 14 16 30 30 18 6 15 4 11 23 20 27 29 14 16 8 3 28 14 1 26 1 11 25 6 22 12 20 27 4 0 5 7 9 13 10 5 29 7 14 2 28 0 16 17 17 12 13 5 24 30 0 20 6 4 27 18 27 21 10 5 17 6 18 20 15 20 14 5 19 13 11 5 10 16 15 4 4 18 19 6 13 14 29 29 24
24 7 3 30 11 7 19 13 29 18 8 28 28 3 2 6 30 11 22 12 15 23 1 19 11 22 21 15 15 20 27 26 12 5 12 13 16 21 30 2 26 9 17 4 15 8 9 25 30 15 28 6 26 17 7 11 19 24 8 5 0 19 20 10 6 21 24 28 30 16 23 21 10 8 13 16 21 22 4 18 7 17 2 2 4 25 21 5 12 12 3 24 17 5
2 8 30 6 3 4 29 5 24 4 2 22 21 18 20 22 28 24 26 30 22 0 15 2 22 4 15 2 14 23 19 0 29 23 25 0 13 29 27 22 2 30 0 0 14 8 27 8 20 6 8 9 28 9 8 22 8 30 6 16 9 10 9 6 27 1 18 26 25 9 27 1 13 4 11 0 29 21 19 11 26 6 4 8 27 3 4 29 28 13 12 16 27 7
21 11 21 29 13 12 27 28 15 16 29 23 8 6 3 5 12 23 7 14 21 0 15 25 27 11 0 18 17 30 1 8 25 9 11 8 1 11 26 19 17 7 29 4 6 24 30 6 12 28 10 7 20 11 13 16 30 29 25 0 8 13 4 28 24 22 14 8 6 27 4 1 24 3 5 16 26 6 2 28 27 19 4 24 2 22 4 28 18 7 6 26 24 19
20 25 21 27 25 19 10 22 28 26 6 2 15 23 26 11 3 17 7 19 11 11 16 12 21 29 6 22 3 8 19 23 19 24 9 17 0 28 21 25 8 0 1 11 1 13 3 8 8 10 12 2 24 5 6 20 19 8 1 24 18 7 0 17 6 12 15 30 27 10 26 14 29 26 23 9 23 20 26 22 10 22 23 6 10 15 6 16 18 26 10 15 22 13
25 16 2 2 18 29 20 19 24 25 9 0 19 11 6 16 30 21 6 27 25 17 19 27 29 0 21 30 1 29 29 18 27 6 3 19 16 10 11 9 23 29 5 7 1 9 1 21 5 2 12 14 22 14 24 10 5 15 5 4 0 20 2 27 7 21 15 11 16 23 29 10 30 28 14 19 16 9 14 13 1 1 22 25 3 21 6 4 12 4 4 26 15 12
4 8 25 3 23 13 26 25 28 24 10 9 5 30 18 0 28 18 10 4 26 19 2 13 27 20 1 18 15 25 25 5 17 4 13 1 10 24 3 18 29 4 4 6 27 24 17 29 11 29 2 10 18 30 8 2 19 10 18 0 1 26 27 13 17 8 18 12 27 27 7 17 12 9 9 24 19 5 27 22 30 21 11 28 4 9 29 1 2 27 23 16 5 23
30 1 8 12 23 23 25 16 3 11 17 6 23 26 8 5 12 13 20 12 19 6 18 6 4 13 23 30 7 8 18 20 13 13 24 0 28 7 17 9 13 1 22 23 15 9 3 17 6 9 15 20 12 1 2 23 18 7 24 8 8 20 17 30 2 19 12 5 21 1 5 14 8 17 5 1 6 13 0 18 15 10 30 20 16 30 7 3 25 3 8 3 18 9
10 28 23 27 8 10 8 22 14 14 7 3 24 9 30 1 22 12 27 4 19 30 2 25 21 21 29 8 5 22 29 29 24 23 17 7 8 14 3 15 15 8 30 25 19 5 13 8 5 30 14 3 22 5 12 9 17 0 14 16 0 14 25 2 20 18 4 9 14 9 0 8 25 14 16 0 22 6 24 19 27 5 16 11 16 7 17 9 26 12 30 9 26 19
22 8 2 24 25 11 18 5 4 20 9 24 14 12 10 26 2 7 0 25 19 11 18 20 15 4 24 13 11 7 24 16 12 20 13 19 22 17 24 21 9 26 22 28 26 14 17 13 12 13 29 29 2 0 21 5 21 0 3 20 10 26 19 14 6 24 29 21 24 4 3 11 18 17 1 22 15 14 24 13 2 11 12 24 27 27 15 25 22 7 15 3 25 15
23 9 28 11 24 15 11 29 8 4 13 19 10 24 10 22 18 22 16 10 22 18 0 20 4 8 7 22 30 18 13 28 9 8 7 24 30 9 11 0 4 20 21 26 26 10 4 3 26 10 1 3 11 2 18 22 28 30 27 27 4 21 9 8 19 19 22 14 10 24 24 7 24 11 17 12 17 6 30 11 10 3 3 19 14 19 8 12 4 6 1 20 25 26
15 21 4 15 20 24 2 23 15 30 6 13 27 3 14 6 18 1 0 29 0 18 26 22 25 20 24 6 25 29 0 20 4 11 17 22 22 5 30 9 24 10 11 14 13 5 27 8 0 18 10 28 3 30 29 5 14 16 13 4 20 16 24 13 26 20 8 21 6 16 10 2 18 5 8 29 5 10 22 4 7 6 20 3 2 10 5 4 29 25 27 1 30 13
16 15 17 29 17 14 6 15 12 3 14 6 12 19 25 4 25 11 4 9 1 5 26 11 17 25 6 29 29 10 12 15 0 17 3 3 23 27 22 8 14 30 15 23 9 12 22 6 0 13 18 19 2 23 3 17 29 17 3 16 14 16 26 19 5 6 30 12 2 18 21 23 11 29 14 20 13 10 2 27 14 11 17 28 6 11 16 0 28 4 8 22 11 12
29 9 11 15 30 6 24 7 14 11 28 13 1 8 22 12 20 14 24 27 25 13 19 27 11 29 19 17 14 1 6 13 12 22 0 3 14 25 20 20 16 14 15 17 22 0 21 10 22 23 22 24 16 8 8 6 13 5 5 8 25 21 27 30 11 24 11 15 9 30 12 26 20 6 20 2 0 10 8 28 24 20 19 17 20 10 14 27 10 3 13 21 8 13
20 1 20 28 17 13 3 1 23 21 24 3 11 11 9 27 25 2 20 11 5 5 4 5 25 25 11 28 8 18 3 11 19 23 7 17 9 17 25 28 26 18 24 3 6 11 6 11 11 28 20 13 10 17 26 26 26 1 16 27 11 19 2 4 18 11 10 26 1 26 19 21 19 27 9 23 24 29 4 23 16 21 25 2 29 8 18 5 14 12 24 15 21 6
21 19 23 11 5 12 13 14 22 6 5 7 22 14 8 5 29 16 7 8 0 5 10 13 16 18 24 22 27 14 28 6 13 12 9 4 18 9 16 2 29 21 30 0 3 1 25 20 6 29 13 22 5 22 22 18 1 30 18 11 16 29 0 18 11 26 3 20 15 17 15 2 8 21 13 16 14 1 20 19 9 19 21 13 4 24 20 7 1 27 18 10 19 25
20 20 27 1 7 2 8 27 23 5 13 1 8 26 26 6 29 10 15 13 9 11 24 4 19 21 16 25 5 16 22 0 3 2 20 6 13 15 19 20 17 6 23 0 18 30 10 2 0 12 25 17 24 20 14 3 22 9 22 25 27 9 4 4 3 17 26 11 15 10 0 20 23 7 6 11 21 27 21 16 7 11 23 3 15 6 1 10 0 23 17 27 24 15
26 7 24 10 19 18 10 5 27 1 13 17 20 21 22 0 4 12 22 21 21 24 1 13 5 22 24 9 0 21 8 9 29 17 16 14 4 4 26 16 20 20 21 12 20 9 13 12 29 8 5 25 29 2 11 10 11 17 25 29 2 28 18 15 14 29 20 25 20 5 19 25 2 9 14 7 25 26 30 24 2 17 0 14 16 30 11 20 12 3 21 8 23 29
24 18 9 6 15 2 11 6 26 15 30 0 21 21 29 18 18 27 18 1 22 14 0 28 30 9 25 28 4 29 7 25 22 2 10 19 6 10 28 23 20 25 24 23 7 4 25 22 16 27 27 30 21 5 24 1 14 1 12 10 29 4 27 19 4 26 30 10 21 26 14 15 16 29 30 30 6 23 21 15 29 29 18 18 12 14 1 2 11 27 17 4 10 20
19 17 11 29 17 18 23 6 1 9 20 22 23 20 0 19 13 26 16 1 30 28 16 13 11 8 14 9 5 13 13 6 26 23 4 6 25 30 7 12 6 19 27 16 12 1 4 9 12 19 9 3 22 3 0 9 21 26 11 29 19 5 13 27 6 11 4 20 23 23 2 28 20 3 4 14 18 14 6 8 27 17 5 14 23 29 11 12 27 1 28 11 2 30
25 23 9 19 15 3 25 8 21 7 25 20 27 21 16 27 10 7 14 8 14 21 24 26 15 14 11 22 1 24 26 21 20 24 8 10 13 8 16 16 29 23 30 11 22 9 30 25 15 5 2 10 12 19 10 14 13 6 28 22 27 28 7 7 4 16 29 25 25 19 25 26 13 26 2 15 19 26 27 28 20 16 8 14 22 18 15 16 8 13 11 20 7 23
11 22 10 25 18 9 18 8 7 13 3 3 27 30 1 2 1 7 6 13 25 19 27 23 26 10 1 22 24 21 15 1 22 13 12 30 11 15 28 0 11 13 13 19 8 23 8 24 3 20 29 0 9 26 29 26 2 11 15 11 6 20 17 22 22 8 27 12 3 1 1 4 28 10 28 23 9 15 10 12 20 12 11 20 20 15 0 5 0 30 15 5 0 15
13 24 28 26 7 22 17 20 11 8 3 11 29 19 26 27 29 19 2 28 29 17 29 18 22 13 4 19 17 3 12 13 8 20 3 9 18 2 28 5 1 4 14 7 11 5 9 12 24 28 12 12 17 3 13 5 1 16 24 30 16 19 15 2 2 7 18 15 25 18 17 22 29 16 11 30 5 26 21 13 20 18 4 15 28 4 24 3 0 15 16 1 21 8
12 17 30 14 15 17 14 30 15 7 11 1 10 19 26 21 0 4 6 0 3 3 2 17 12 25 28 3 2 2 15 15 30 26 5 8 27 30 2 6 26 11 5 21 2 23 12 25 21 13 13 27 22 5 10 7 26 30 27 30 7 0 14 22 25 12 14 7 3 12 17 24 27 15 24 10 28 19 21 19 6 8 21 3 18 30 24 18 21 5 4 1 17 21
7 10 14 12 20 19 20 16 16 4 7 1 10 17 27 5 9 21 15 23 8 7 11 7 16 28 30 19 14 16 11 28 21 19 2 7 23 23 13 11 3 12 0 0 6 1 28 13 26 3 29 18 6 2 28 2 11 7 30 2 3 6 18 12 15 19 1 30 19 20 27 3 30 30 30 5 8 15 9 9 3 13 14 25 1 0 7 12 25 30 24 6 13 0
0 14 29 15 7 26 3 0 7 9 6 6 19 6 1 5 21 27 2 1 20 17 27 10 6 15 26 19 1 17 2 12 20 15 2 17 8 22 4 11 12 24 12 17 12 11 1 0 21 8 4 25 10 7 7 3 25 19 28 27 23 28 21 4 25 4 12 7 3 28 11 25 4 21 29 4 13 28 1 30 22 18 22 3 29 28 11 8 3 0 6 7 9 28
10 11 27 17 27 22 25 17 24 23 0 18 1 11 26 6 16 7 3 17 23 3 9 22 9 1 13 6 15 24 23 24 15 26 27 30 2 0 20 30 13 16 24 26 14 23 23 8 21 11 21 2 18 19 20 7 9 13 10 14 15 2 20 5 21 13 15 14 29 14 5 25 29 3 13 12 6 14 25 20 16 20 30 30 9 29 8 18 18 10 19 11 20 13
