98 98
30 6 0 29 29 23 17 28 5 29 1 12 21 12 30 22 2 13 21 1 4 14 22 2 0 18 6 21 10 18 24 16 25 15 19 9 22 29 17 10 16 25 27 0 17 11 28 24 28 0 3 27 21 12 26 19 14 16 19 15 13 25 23 30 30 28 24 22 14 29 4 23 21 21 18 13 20 2 25 5 30 27 24 26 0 12 6 14 12 5 10 22 2 19 7 19 15 24
2 1 12 26 24 9 9 11 11 25 29 10 12 20 12 21 12 30 21 27 16 19 3 30 14 22 29 3 25 25 12 1 14 8 13 0 18 5 6 15 3 16 12 3 21 27 27 30 21 9 11 13 1 9 11 9 16 25 7 18 26 3 8 23 22 17 22 12 22 24 28 18 8 14 15 3 23 12 13 1 11 26 3 1 18 7 22 29 12 23 18 1 5 24 27 10 14 25
19 6 13 16 11 20 25 13 26 19 17 25 23 6 5 25 13 26 14 20 9 24 3 26 29 2 11 19 12 0 5 7 28 18 23 11 13 17 12 12 4 22 25 25 12 30 20 23 25 1 16 20 10 2 23 16 25 27 27 3 18 21 2 7 30 22 22 25 5 13 27 5 29 4 27 6 0 27 15 8 22 12 12 18 13 6 19 29 24 3 22 28 1 23 0 0 17 11
23 28 8 27 11 30 24 27 0 23 18 16 0 4 11 23 13 6 1 21 20 27 24 15 11 5 22 21 19 5 4 27 15 30 17 25 12 21 27 10 5 22 17 13 24 12 0 13 10 27 7 23 19 12 17 15 22 15 10 14 16 15 11 17 17 6 30 3 24 28 1 22 5 23 11 11 8 26 13 26 22 14 3 18 17 14 9 3 14 9 5 22 23 11 5 3 9 5
11 7 3 5 12 6 30 1 26 21 10 18 19 4 29 20 6 22 29 19 21 11 30 5 20 21 12 12 11 15 28 17 7 4 4 21 13 4 0 14 7 13 1 3 29 7 2 20 27 9 18 24 8 2 18 16 18 29 12 11 0 0 10 28 19 22 16 0 22 17 20 13 3 11 16 20 17 5 3 9 10 30 5 3 4 29 12 26 6 2 27 17 9 2 27 11 8 2
14 0 21 19 28 2 18 16 23 15 3 28 10 26 5 12 28 0 26 18 28 17 25 28 6 8 17 5 22 27 5 28 9 7 28 4 0 3 27 8 11 25 9 30 2 6 10 8 24 0 18 3 23 9 30 5 24 23 21 28 23 21 8 25 8 21 8 16 11 8 20 4 4 12 21 6 29 26 4 8 13 11 5 15 29 6 2 28 20 3 18 11 10 3 16 4 24 9
25 24 17 6 8 23 2 23 5 0 28 19 22 18 26 29 0 13 21 27 30 25 26 7 22 22 28 12 8 1 11 16 13 4 8 29 26 1 27 24 7 27 22 5 6 7 28 22 8 26 23 20 2 6 6 3 22 29 10 19 0 22 4 19 25 0 29 26 2 9 3 7 27 21 30 9 24 14 29 17 19 23 28 7 27 11 11 3 19 1 2 8 12 19 20 28 24 25
29 21 5 30 10 29 26 21 13 2 25 9 1 15 0 13 11 20 5 9 9 23 11 30 25 25 20 19 4 5 8 8 28 8 25 18 2 25 5 13 27 0 7 13 1 18 11 21 22 27 10 8 0 18 10 27 30 30 23 3 3 18 6 13 3 19 13 2 26 3 1 12 26 15 20 21 6 27 28 9 3 3 22 26 7 5 10 9 16 1 9 29 5 30 21 0 22 14
17 4 5 18 24 25 20 9 24 15 7 7 9 1 3 26 23 16 15 1 20 23 5 13 6 26 7 26 11 10 21 30 15 12 16 1 14 5 13 29 6 15 9 13 2 17 0 16 30 24 21 10 18 13 20 30 26 20 9 8 14 17 10 23 13 26 15 7 5 4 22 28 9 5 8 21 18 8 9 29 24 30 11 15 11 26 4 12 6 12 23 26 28 22 20 2 29 29
23 2 1 11 21 7 14 19 12 27 22 4 2 24 15 26 28 11 4 29 0 13 7 0 22 28 0 23 1 29 17 2 10 16 7 9 8 26 13 25 10 10 17 8 15 17 23 5 18 23 15 21 13 24 7 19 9 27 29 14 0 5 27 7 4 0 3 15 24 24 4 28 25 7 11 3 20 8 17 18 16 19 3 11 16 22 11 7 16 13 1 7 30 14 27 16 2 11
30 18 27 6 14 12 17 5 29 14 4 30 20 16 4 28 4 11 25 14 22 4 0 10 25 0 16 8 20 12 25 2 22 10 23 4 26 23 18 12 13 4 3 16 18 15 10 5 30 0 16 30 24 30 23 7 20 20 11 12 5 2 16 3 20 15 4 12 7 25 25 15 5 1 23 28 22 7 16 8 5 26 17 5 10 13 13 25 30 20 7 7 18 24 9 1 28 1
15 21 7 10 12 9 16 29 7 30 27 3 16 29 25 21 0 30 0 13 28 12 6 16 27 5 27 9 15 18 11 12 15 10 18 11 11 25 2 5 7 22 18 9 18 5 26 15 24 27 4 14 8 21 7 26 2 12 6 27 11 4 5 4 6 27 10 30 14 23 23 10 12 7 15 10 10 6 4 18 7 27 13 30 2 22 9 8 25 20 16 11 7 2 9 16 23 11
15 6 17 20 11 3 22 25 6 1 6 16 18 20 22 24 25 23 0 8 6 6 14 11 9 17 6 10 9 26 7 26 21 3 22 8 25 4 1 13 23 26 30 21 28 23 7 18 4 16 14 7 24 15 12 8 15 7 15 7 24 3 16 10 11 4 10 14 21 1 24 14 6 24 27 11 8 1 0 18 21 28 14 1 3 21 23 14 3 29 30 11 26 19 29 19 15 15
5 22 18 27 15 14 5 21 3 3 5 19 12 30 8 15 23 6 4 25 27 14 3 7 29 16 16 30 1 10 16 24 1 0 24 0 3 5 20 3 14 4 17 24 16 11 30 28 15 2 24 11 1 12 7 12 13 4 17 22 30 30 10 5 24 15 8 18 11 11 30 11 1 2 11 16 17 0 0 4 16 27 9 2 12 28 29 9 30 16 9 10 16 18 5 7 25 28
17 26 16 11 27 12 28 10 0 4 6 25 7 14 20 2 2 26 3 2 29 0 0 0 11 28 30 4 22 3 23 0 27 19 7 30 8 8 11 0 15 23 0 22 15 17 3 28 11 28 24 10 21 19 6 6 7 20 12 13 9 6 7 17 21 3 19 21 27 26 7 0 30 0 16 20 6 5 20 30 28 15 17 7 26 0 16 10 1 15 17 23 7 22 16 2 29 12
29 29 2 12 4 23 2 28 12 24 10 22 12 29 0 20 14 17 26 4 14 18 2 29 26 8 12 13 23 2 3 29 20 26 30 29 4 3 28 23 24 4 23 4 18 29 21 29 6 18 13 30 21 25 7 24 19 15 10 6 0 1 26 22 17 8 23 12 8 7 30 16 22 23 29 9 23 2 22 6 15 17 28 13 5 23 13 15 27 8 7 27 9 11 23 22 17 6
26 11 0 29 22 4 6 29 16 14 6 25 3 6 18 14 30 26 3 19 9 29 11 27 2 15 3 1 16 12 6 6 4 21 4 15 24 25 27 29 18 24 10 19 0 27 9 24 19 8 4 22 10 30 7 18 22 24 21 11 1 27 14 22 24 5 28 30 21 18 21 11 21 29 21 13 18 7 26 1 17 6 9 25 11 5 6 11 29 15 4 15 23 27 14 18 4 19
16 15 13 22 18 14 8 6 3 28 15 24 0 16 26 19 7 17 13 12 0 14 2 30 15 13 27 6 17 30 22 19 2 14 17 0 25 11 30 26 7 20 3 17 7 23 14 22 9 1 11 29 7 19 29 16 8 20 17 11 29 20 22 6 25 15 20 13 29 6 25 27 26 10 29 24 14 7 30 14 13 29 25 25 15 15 25 1 13 29 14 28 13 19 7 5 21 22
10 19 13 17 18 14 12 11 18 2 29 2 25 19 14 10 13 20 26 11 29 12 28 30 30 24 10 11 6 20 26 11 7 26 5 1 2 17 28 0 9 27 2 20 2 30 24 13 25 29 30 14 25 2 15 23 19 28 16 15 13 15 18 27 12 13 18 4 27 10 30 26 15 11 27 1 29 2 17 12 1 29 3 25 11 13 17 2 6 11 28 10 5 21 6 17 30 18
25 16 9 9 21 30 6 12 22 9 4 11 1 7 7 3 0 29 26 8 10 22 14 14 17 30 19 11 25 30 22 5 29 28 1 28 6 8 3 25 14 28 27 5 3 12 1 13 6 16 28 27 15 1 19 25 4 5 10 25 27 9 14 14 21 15 0 19 5 2 22 3 1 3 24 0 17 21 20 4 29 13 28 10 3 29 10 7 5 27 30 23 11 7 12 21 16 12
5 21 9 24 3 12 26 2 6 11 14 18 23 11 4 25 15 2 21 25 19 1 1 16 13 0 2 20 11 1 4 26 14 25 12 23 2 8 27 10 4 29 3 23 2 1 19 16 24 4 13 25 5 13 0 23 15 19 10 26 30 20 24 13 9 10 28 10 6 21 30 4 20 3 5 21 20 10 19 1 30 10 20 19 3 4 25 10 30 11 0 26 7 26 23 24 20 26
2 11 30 9 8 9 20 28 6 0 0 29 20 5 23 8 21 12 20 19 4 12 6 0 18 2 15 9 6 10 11 15 17 18 25 16 6 10 11 3 15 7 14 4 28 1 30 23 11 29 30 26 9 16 29 19 12 22 13 25 10 19 17 30 14 27 3 26 15 17 1 27 13 24 0 22 9 6 3 22 20 4 17 19 17 24 30 23 15 30 9 1 13 17 23 16 1 24
9 21 18 13 7 16 19 2 15 3 19 5 5 29 1 18 25 12 30 5 4 5 26 13 18 19 12 3 8 22 8 25 21 24 25 16 9 21 9 21 15 3 17 7 18 13 7 21 22 20 6 11 7 25 22 23 9 3 30 9 20 30 2 6 10 17 16 29 20 4 20 16 3 0 13 3 4 21 5 26 23 25 26 8 6 10 16 30 24 21 6 22 6 16 8 26 21 2
14 18 13 30 16 7 15 20 24 16 3 5 15 16 10 1 10 5 25 9 0 1 13 6 29 2 0 5 29 28 30 24 28 16 17 24 0 16 2 8 20 8 26 11 1 8 1 19 25 28 25 3 24 16 20 3 5 24 30 4 7 25 19 25 13 2 4 13 9 9 14 19 6 17 13 13 20 21 16 24 27 24 27 30 12 29 15 24 5 28 18 14 9 20 12 19 12 7
30 28 18 29 12 29 28 23 18 21 3 25 13 24 20 13 24 23 10 27 18 28 30 20 29 17 12 23 28 0 25 9 20 14 23 4 8 11 5 5 13 30 25 8 22 21 16 18 5 24 27 6 1 4 22 14 15 30 14 7 20 22 5 28 12 24 6 27 26 18 3 6 25 18 9 24 20 1 5 17 23 17 1 0 6 11 29 8 21 1 22 18 11 5 18 6 28 26
19 5 23 4 6 25 9 8 27 13 1 30 0 4 9 2 16 3 0 1 5 23 5 12 25 18 24 23 4 11 27 18 19 15 22 17 27 16 20 13 13 12 14 10 6 29 10 11 23 12 0 10 12 18 16 22 0 4 23 21 4 27 26 18 7 2 18 22 23 17 28 2 26 25 6 9 21 22 7 26 13 4 20 16 24 0 17 8 14 21 27 4 23 23 23 28 3 13
1 10 0 0 14 19 0 9 8 19 19 19 28 12 16 18 26 12 14 11 23 23 21 0 12 21 26 20 4 8 8 28 21 20 15 12 20 23 5 13 1 11 17 23 21 3 19 22 6 6 1 18 15 25 30 10 14 17 12 7 11 12 16 19 30 15 28 1 23 10 8 14 27 29 28 18 4 16 30 1 6 0 2 4 1 14 6 23 13 6 23 11 17 19 0 1 9 27
28 13 3 2 16 12 1 2 12 15 11 8 1 20 3 29 15 6 14 2 6 18 15 6 29 12 13 4 9 3 3 28 12 19 2 13 11 26 30 20 17 20 20 11 11 1 5 24 10 30 10 12 0 12 14 19 25 25 26 11 13 11 11 6 9 21 29 4 22 7 3 10 18 3 27 22 29 9 7 21 20 4 3 18 23 2 20 15 23 0 22 12 30 30 21 22 19 13
4 14 1 15 29 5 30 10 0 13 11 20 30 14 14 0 13 10 6 2 14 23 9 29 3 23 4 30 8 8 21 9 5 13 4 29 1 28 21 26 25 24 17 11 25 27 21 4 1 6 9 22 9 19 8 6 15 20 29 16 29 26 23 21 21 7 3 13 26 27 22 1 24 7 4 11 1 8 6 29 27 23 6 9 0 3 12 25 24 24 10 8 5 8 12 6 1 2
11 22 8 11 3 28 11 0 8 7 16 24 11 23 26 17 29 2 4 9 11 4 5 27 3 26 19 13 5 15 0 22 20 30 25 8 15 29 11 10 22 21 28 30 5 20 11 17 27 7 17 14 26 29 19 27 3 5 12 0 23 25 23 3 10 0 16 27 24 11 27 11 7 27 28 28 27 0 24 25 10 19 26 20 8 19 5 25 14 1 28 16 23 18 27 3 15 4
25 2 14 11 22 14 26 12 22 12 27 30 2 14 27 15 15 12 5 10 2 10 12 20 19 2 1 14 23 27 7 3 22 23 24 11 4 10 22 10 23 18 25 29 7 15 23 26 3 4 11 4 17 21 30 21 30 2 25 3 22 26 14 0 0 26 19 15 23 11 21 19 9 12 17 19 29 16 13 23 10 2 4 6 28 26 15 25 28 19 1 15 21 14 7 23 4 21
10 18 13 0 1 17 15 1 21 8 17 27 18 9 7 10 16 18 6 1 18 25 17 6 2 11 1 24 5 4 5 30 23 24 15 0 11 7 1 4 21 20 25 21 9 23 7 13 8 4 29 29 3 0 12 23 15 22 19 0 28 20 27 11 5 4 29 21 27 29 11 30 17 17 23 0 22 24 4 26 18 13 14 5 29 26 30 10 22 22 3 24 24 18 27 14 22 0
27 0 6 23 6 2 12 13 18 16 24 14 3 11 0 22 24 19 16 28 9 20 15 2 29 1 11 8 29 23 8 27 11 20 27 6 19 20 6 8 13 14 14 0 16 23 7 30 27 4 20 14 6 10 13 20 30 24 7 0 29 12 28 17 8 13 11 23 16 9 16 5 22 1 26 5 12 2 16 10 13 5 17 2 18 9 24 15 30 3 1 26 0 18 15 8 5 20
0 3 3 15 5 11 13 16 14 2 25 29 5 7 9 18 14 24 19 27 27 0 0 18 9 24 4 2 5 7 27 21 2 14 8 8 25 6 17 16 11 13 11 24 5 13 2 28 30 14 20 19 2 22 25 27 22 10 4 27 29 24 9 10 5 27 10 5 4 10 6 6 17 14 27 30 14 3 13 6 6 5 27 2 20 0 0 27 8 7 17 27 12 1 19 6 22 1
14 28 4 8 23 15 3 22 17 22 6 22 13 20 1 13 19 6 21 22 1 29 17 23 28 18 11 7 2 29 29 9 7 16 9 20 29 26 0 27 29 14 3 20 15 18 24 29 9 19 20 22 25 19 9 28 22 6 1 7 4 3 21 30 30 22 2 3 24 22 5 1 2 10 6 10 1 29 28 12 4 21 14 13 5 5 17 22 30 10 10 2 19 15 18 10 28 9
2 5 24 12 12 13 5 15 17 9 11 22 25 3 19 2 4 9 6 26 27 30 23 5 9 15 23 9 16 13 19 8 11 15 30 3 25 28 25 28 16 17 2 18 3 7 20 1 10 14 5 23 20 20 8 21 0 1 15 3 5 27 4 0 30 18 22 10 1 11 2 21 20 11 26 27 24 18 6 21 29 19 18 7 29 15 2 10 17 21 6 0 2 3 14 18 9 12
29 29 8 6 3 13 10 6 29 27 18 28 27 11 17 27 2 12 14 26 20 16 16 30 23 8 2 8 29 0 14 24 4 4 2 18 8 19 13 12 19 17 15 27 4 21 10 27 26 28 13 5 20 5 5 8 27 30 23 0 15 24 22 10 30 10 7 28 4 29 25 4 6 21 0 11 24 15 1 17 2 26 26 19 16 29 3 16 23 10 12 28 8 30 18 6 29 0
1 12 15 11 21 14 4 5 15 27 11 14 24 1 2 6 3 10 28 0 10 16 16 25 3 9 28 7 22 5 20 7 27 3 25 0 25 22 30 15 25 28 20 7 23 25 16 18 16 8 20 25 7 25 12 25 30 3 16 5 23 16 30 30 0 4 14 19 27 22 10 23 18 5 29 2 29 8 27 30 25 5 29 26 23 20 12 11 6 8 19 12 27 7 12 26 10 25
15 18 5 15 28 27 1 11 11 26 17 29 15 11 25 26 23 29 25 17 19 14 26 7 6 7 4 29 1 22 7 10 0 23 10 16 24 13 11 8 30 29 1 1 2 15 20 28 27 10 27 5 4 3 19 15 1 3 19 16 14 20 4 27 11 4 14 9 12 0 11 26 27 16 1 26 17 13 23 25 0 13 19 16 17 6 17 9 19 17 3 21 8 16 18 22 5 3
11 13 17 0 11 19 16 22 21 27 13 1 21 18 5 22 10 17 14 23 26 30 25 12 16 6 24 21 14 1 12 6 17 10 16 10 30 17 5 11 3 15 25 14 4 20 12 5 7 10 18 6 6 11 7 19 29 29 7 28 13 3 15 4 20 20 18 30 18 14 26 21 5 0 16 29 14 21 22 0 4 19 16 19 20 6 4 8 20 23 18 16 11 17 24 9 1 8
19 5 18 13 11 21 30 22 8 4 26 5 15 18 29 4 4 25 21 7 21 5 3 25 16 16 25 5 0 22 30 3 8 9 10 13 7 9 5 13 23 20 5 18 4 10 23 9 5 28 19 1 16 15 10 7 15 29 25 16 28 8 18 26 27 28 18 7 27 25 27 16 1 22 7 3 0 28 7 11 2 16 30 7 10 9 6 5 14 2 14 30 2 5 16 12 18 19
29 28 9 8 2 3 2 10 24 1 13 11 3 7 7 7 11 14 25 16 21 28 5 20 3 21 29 10 22 16 26 4 13 16 23 22 12 22 20 14 25 4 13 20 1 23 9 7 14 7 18 3 29 16 2 19 15 17 29 9 25 20 12 18 19 0 27 7 20 25 7 10 20 30 10 1 10 5 25 24 11 1 12 8 14 0 14 16 23 22 21 23 3 21 14 3 27 1
1 14 7 25 19 4 19 9 11 24 23 8 16 7 23 3 8 16 17 13 13 15 22 8 14 15 15 18 30 6 8 20 23 20 21 29 11 25 9 3 6 16 6 12 12 20 20 19 27 20 24 16 16 24 17 6 27 21 4 13 29 26 7 27 10 1 10 24 22 1 27 22 5 15 0 2 8 17 18 8 1 5 21 25 8 3 18 2 4 8 5 6 16 22 4 15 19 25
15 29 3 4 2 8 12 29 4 4 30 30 8 16 1 12 24 4 2 5 25 16 9 5 1 30 29 1 0 15 4 3 21 12 10 24 11 17 12 27 18 20 5 10 19 16 3 11 26 1 1 6 14 8 14 25 5 28 28 1 23 30 30 25 16 24 21 12 17 8 2 17 19 14 9 28 25 19 16 0 27 24 17 27 2 3 17 15 20 9 12 1 18 24 2 9 4 13
10 14 28 2 7 8 8 15 19 27 27 10 3 27 28 20 22 25 12 20 26 3 7 19 13 6 9 15 11 20 14 4 23 30 25 28 11 9 19 14 23 6 29 21 16 16 14 12 28 9 1 18 14 3 6 17 5 25 24 13 25 11 25 23 19 28 14 9 7 22 28 29 4 17 29 5 22 14 12 19 3 4 25 4 6 13 5 23 25 3 24 5 26 7 15 11 4 13
15 6 4 29 28 6 22 11 11 19 8 15 27 9 19 30 18 0 22 3 9 20 9 0 16 27 30 15 6 8 14 23 7 7 6 4 16 14 5 10 27 7 5 14 28 22 13 12 12 5 21 9 16 10 2 17 1 27 30 3 14 21 11 3 26 26 5 15 29 14 13 2 22 10 15 7 14 24 27 30 1 12 20 21 1 4 29 24 0 6 21 6 16 28 12 17 23 8
7 8 15 6 6 13 15 26 2 23 0 8 26 19 28 4 1 18 6 5 6 20 2 11 21 23 6 1 2 17 1 8 3 4 5 9 17 26 17 3 18 15 15 14 28 28 24 24 16 16 26 14 8 17 18 16 14 6 12 3 2 6 22 13 21 4 14 0 16 5 17 20 16 23 23 28 29 20 3 2 4 2 6 12 1 5 10 15 11 4 11 8 28 11 24 3 14 2
23 11 2 23 20 18 3 28 25 9 21 15 9 7 23 30 23 23 14 2 27 27 16 29 22 7 27 15 13 3 29 30 1 22 23 18 18 13 24 6 3 1 6 1 0 10 16 29 4 28 9 2 24 4 17 28 23 3 2 28 27 22 30 10 14 25 9 7 0 27 23 16 16 25 18 16 16 1 11 21 7 25 2 12 30 4 7 4 7 13 25 11 9 20 23 19 26 13
21 23 27 11 26 7 24 11 6 18 5 28 5 27 27 27 29 8 5 19 29 5 6 8 27 6 7 8 17 12 2 14 28 29 20 27 14 23 21 12 28 28 24 11 10 13 15 20 5 4 19 23 19 17 12 25 27 4 12 0 3 2 6 23 21 4 8 18 22 28 17 28 29 3 1 24 17 30 30 12 18 7 22 30 11 13 3 28 11 6 21 7 25 4 26 22 17 22
8 5 9 21 18 16 15 29 26 5 25 15 24 2 0 30 10 22 24 17 19 27 6 13 30 19 18 16 3 30 23 23 15 3 29 3 3 28 2 29 14 21 11 25 6 6 25 16 13 26 7 4 30 5 1 22 8 26 5 27 11 11 16 27 27 9 13 3 4 30 5 25 12 3 0 13 8 10 6 17 22 5 21 5 11 11 24 6 11 12 2 20 19 29 10 5 14 24
28 16 3 9 14 3 11 24 30 16 29 3 20 21 6 0 4 17 6 21 24 2 18 3 30 15 8 29 4 0 22 13 26 16 24 13 6 7 28 5 0 0 8 17 23 24 2 25 26 3 17 26 12 14 9 14 23 3 24 2 3 12 26 5 28 7 3 17 22 27 28 0 20 14 16 12 25 16 18 24 1 6 11 2 8 6 3 29 27 24 17 13 6 14 12 25 18 13
9 25 19 17 4 16 3 25 9 15 25 22 19 9 0 22 5 18 20 13 24 28 8 20 1 3 16 16 3 5 17 3 22 8 24 14 2 12 22 18 20 12 15 21 19 4 26 8 17 14 22 25 7 13 6 8 22 8 19 23 9 24 25 23 3 27 25 20 28 20 3 30 14 30 13 4 17 23 5 15 7 11 20 14 5 5 19 2 17 17 21 23 24 30 11 19 27 25
10 18 9 3 21 26 5 4 19 4 19 22 27 14 28 7 27 16 19 15 28 18 12 19 10 13 5 1 7 11 28 17 21 17 13 10 29 8 0 18 12 9 4 12 4 0 0 21 2 21 17 26 15 26 14 30 29 9 22 0 16 12 10 3 4 5 5 23 16 4 22 29 18 3 25 8 1 1 5 20 12 24 30 30 17 8 24 15 26 16 26 3 12 15 1 3 7 0
1 3 30 29 23 2 10 2 24 27 5 25 7 16 1 12 28 27 8 6 3 26 1 13 18 1 25 19 26 25 1 30 24 21 30 4 13 30 29 13 5 17 16 20 21 10 7 4 16 2 26 21 29 18 2 2 4 26 25 1 27 28 2 0 3 30 18 23 17 18 20 5 9 13 24 30 10 18 12 24 23 12 19 16 22 22 24 13 16 22 28 27 17 0 20 12 20 19
13 26 11 13 11 14 18 0 7 7 14 1 28 9 2 23 8 17 30 12 14 14 23 2 26 18 19 21 10 13 10 27 25 23 22 2 23 17 29 26 9 4 22 17 18 10 22 7 7 3 6 12 8 20 3 6 12 19 17 13 1 20 3 6 11 0 18 1 20 21 22 8 8 18 18 22 28 13 30 13 13 12 13 21 10 13 18 7 29 22 27 10 27 25 3 2 11 5
26 4 29 12 14 17 12 15 1 20 30 21 5 1 0 12 8 18 27 30 21 16 21 14 10 24 12 29 29 2 7 6 8 9 19 13 29 11 6 29 15 7 30 29 3 10 0 11 17 11 23 3 20 17 2 21 8 24 29 19 8 17 22 12 2 11 17 1 30 13 27 13 29 5 16 24 9 12 27 17 9 3 5 23 16 27 28 18 19 2 15 5 30 29 2 5 14 5
27 28 7 25 21 5 11 0 30 0 8 5 27 4 3 20 20 26 15 13 19 20 6 24 21 27 28 24 18 24 18 2 9 30 18 9 23 11 23 1 21 24 25 10 14 7 27 6 25 7 27 4 13 1 16 6 7 18 1 9 26 25 28 9 24 0 24 20 26 26 24 4 2 18 14 2 11 1 11 7 0 3 0 29 30 8 19 2 20 5 16 24 8 29 9 20 10 28
14 10 26 25 25 19 30 10 21 26 25 18 11 26 17 27 10 19 21 26 28 15 29 20 2 13 26 0 29 11 19 15 22 16 30 15 18 16 2 12 27 25 9 3 25 7 12 8 9 9 12 16 25 15 4 19 29 13 0 22 15 26 21 13 13 16 19 11 14 5 30 13 1 8 13 20 27 23 6 10 12 2 30 8 28 14 11 0 24 21 10 10 1 15 13 6 14 24
14 23 4 12 6 7 6 2 10 19 23 30 7 6 28 22 19 28 19 28 28 7 5 24 30 29 0 28 7 25 17 2 17 22 2 3 3 30 15 2 11 18 19 0 4 28 22 4 11 26 10 12 1 23 3 14 22 12 11 9 28 21 1 12 10 17 22 4 0 4 14 24 1 2 27 18 8 2 22 11 29 18 4 26 21 2 5 22 22 27 8 27 3 8 28 28 27 9
16 27 11 19 23 13 24 10 6 7 15 18 16 9 22 30 25 29 28 13 7 10 4 17 30 7 24 13 26 1 10 25 12 1 22 18 24 30 28 12 18 11 14 12 3 3 22 11 12 17 25 0 7 6 8 27 8 26 17 15 15 26 29 0 21 14 26 6 0 16 26 29 17 21 5 2 7 26 5 6 21 12 12 2 4 28 5 23 29 18 8 23 29 8 30 4 2 5
28 23 6 27 5 1 24 9 16 11 0 12 5 8 12 22 1 15 27 11 24 21 6 23 22 7 4 7 17 19 12 4 24 6 10 1 22 25 17 3 10 3 23 27 8 4 5 20 7 4 27 12 25 25 21 24 2 15 1 26 13 21 13 8 22 3 26 26 22 30 8 22 21 3 29 26 11 8 30 11 12 11 12 7 9 1 16 22 20 9 14 24 3 4 0 12 28 10
0 18 4 29 28 6 19 19 25 21 21 8 12 29 22 21 15 4 0 13 5 12 7 24 23 28 4 16 21 19 11 23 7 27 9 14 0 3 2 1 26 13 14 21 17 25 10 5 7 14 16 23 0 10 16 22 7 12 23 20 15 25 15 28 5 6 9 16 15 28 16 26 2 20 10 13 20 3 23 8 23 18 4 10 29 21 15 4 26 22 0 23 29 27 2 13 19 2
10 24 8 0 6 8 8 16 3 19 14 20 16 28 26 4 2 11 3 0 29 13 21 28 9 7 26 5 0 8 20 7 24 18 2 20 30 26 24 27 19 8 27 26 23 6 8 6 25 22 20 25 22 25 6 17 10 23 27 20 2 27 17 26 10 23 17 17 21 2 21 5 0 25 6 6 24 28 22 5 2 4 17 21 13 18 18 28 7 22 6 4 25 4 27 8 19 12
8 18 15 28 17 9 22 19 26 2 24 21 23 19 17 1 28 8 18 26 6 25 30 1 28 8 7 30 12 4 15 3 21 1 14 11 16 29 10 0 6 16 0 11 13 13 26 26 14 23 19 27 25 11 17 19 12 1 0 17 11 2 20 12 8 3 3 7 8 19 23 10 6 16 7 5 10 19 14 11 28 28 28 30 4 24 23 10 24 16 16 19 27 21 30 26 22 16
3 9 7 3 16 13 12 4 20 2 6 7 5 26 18 18 7 22 11 7 21 25 14 13 26 22 18 19 10 13 15 29 23 12 7 16 21 29 21 30 17 21 22 22 5 21 12 30 21 2 10 7 7 17 1 10 29 29 30 30 0 5 3 9 23 11 29 6 19 11 29 12 8 21 19 13 8 26 10 15 25 10 2 6 15 16 23 10 17 26 24 22 28 23 30 23 28 25
12 19 6 8 25 4 11 16 0 10 28 24 1 26 23 7 24 19 14 9 29 27 11 0 18 4 10 22 23 8 13 25 25 2 9 18 16 21 13 17 2 26 15 21 3 23 2 26 14 30 11 22 21 20 30 11 29 16 2 27 5 2 15 30 0 13 21 20 7 12 3 13 5 22 13 25 25 27 2 7 9 11 30 25 8 30 30 24 29 7 3 23 14 25 23 11 30 16
13 12 4 8 3 7 3 25 30 9 28 18 16 15 1 12 7 24 8 24 19 17 1 21 6 19 13 30 17 20 1 0 8 16 16 16 6 11 30 25 11 28 2 11 8 17 10 20 24 9 27 10 21 30 24 29 3 1 13 9 30 26 4 6 1 28 20 10 17 22 14 22 23 7 5 4 7 10 15 14 24 4 5 18 10 12 1 9 17 3 16 8 25 9 7 1 12 6
8 18 20 12 2 22 10 15 11 27 5 29 10 9 17 0 17 13 0 18 12 3 21 6 18 2 26 21 1 18 5 22 13 16 20 4 18 5 10 0 28 6 25 8 16 5 9 26 0 28 13 17 2 25 4 11 12 25 30 10 28 2 29 27 16 17 1 16 4 2 18 1 6 25 9 15 28 2 10 12 0 19 22 9 25 28 27 11 9 18 22 17 25 4 4 6 30 25
14 18 7 23 14 18 9 10 20 4 28 8 17 17 30 22 25 16 10 0 4 20 29 19 7 24 1 13 3 29 11 11 6 27 3 20 1 29 29 26 13 19 23 4 2 15 12 24 20 2 11 8 22 3 19 10 22 8 1 5 8 22 18 16 22 8 20 28 0 21 20 17 14 20 23 2 25 7 22 28 14 16 11 9 3 28 2 7 0 23 18 21 15 26 20 27 26 17
6 6 1 13 17 1 30 21 10 9 28 7 7 10 7 0 20 23 21 14 13 6 26 14 0 11 21 23 14 3 20 12 26 27 0 6 27 14 8 17 3 15 19 23 11 23 16 30 5 11 29 26 1 19 13 15 18 6 12 29 3 4 6 12 21 30 24 6 23 2 8 26 4 18 13 14 13 18 18 13 6 9 28 1 1 17 0 0 27 7 8 14 27 28 5 11 14 1
7 28 6 10 3 10 23 9 0 20 10 29 15 3 23 28 7 3 1 18 12 23 3 18 27 9 21 2 21 25 4 4 15 2 26 7 9 0 8 12 9 3 17 0 10 19 14 10 3 19 20 12 13 8 28 27 29 18 2 13 28 1 26 13 2 2 21 26 20 15 5 19 4 20 20 25 0 30 25 24 14 9 7 21 25 16 24 19 12 30 12 2 15 1 3 26 19 2
26 8 8 4 26 1 11 0 8 15 10 26 17 2 20 9 15 13 29 12 2 24 18 19 7 6 6 28 1 10 15 7 15 12 21 11 24 25 24 20 15 28 29 27 6 14 2 13 23 3 21 9 29 29 22 21 6 27 14 20 0 14 7 21 1 4 23 3 7 21 15 8 3 13 17 6 13 23 28 3 4 11 29 0 25 14 8 7 3 28 5 3 8 3 23 8 25 1
28 16 5 20 13 26 16 29 30 7 1 29 25 10 24 22 25 24 21 24 8 8 10 4 19 8 28 29 22 10 8 27 17 0 9 0 18 18 12 6 26 2 29 5 19 20 3 29 11 13 25 14 4 25 14 18 29 22 5 10 6 9 15 19 7 2 10 5 12 5 2 4 16 20 13 26 9 23 29 0 14 7 25 12 6 21 19 19 20 13 1 23 11 2 6 18 11 13
5 16 15 30 5 30 20 15 17 30 2 15 19 8 28 11 6 17 10 26 18 4 21 21 2 3 25 1 23 28 22 20 2 2 30 24 5 12 30 14 28 1 11 19 17 17 21 25 29 28 23 25 22 6 16 0 28 12 29 27 19 18 21 14 29 19 28 11 22 23 12 16 10 29 16 16 13 24 22 18 9 19 21 10 26 11 6 14 14 14 12 16 7 20 0 15 3 23
11 16 26 2 4 27 22 9 26 30 19 17 25 17 2 3 15 15 2 17 7 7 0 30 25 24 25 30 3 4 28 1 21 18 23 4 21 28 11 2 27 18 4 30 22 1 19 3 27 18 7 28 18 15 8 21 18 8 0 10 16 8 21 16 28 23 17 18 0 15 20 24 24 4 1 24 17 27 3 24 11 17 13 5 26 18 11 30 30 19 4 28 20 12 16 2 15 29
4 18 12 11 25 23 12 14 3 3 20 18 9 27 14 2 16 18 0 18 28 0 15 30 1 7 0 20 19 20 16 4 29 28 12 4 9 17 20 4 23 19 7 25 13 22 30 12 11 6 2 10 22 16 22 25 13 28 17 3 8 29 20 21 7 6 22 22 24 27 14 27 2 12 27 6 5 0 24 13 25 12 25 21 17 2 27 27 16 21 17 16 26 0 6 26 29 7
19 6 9 8 12 17 24 28 17 20 6 21 11 19 1 18 2 23 4 20 13 2 9 3 18 27 25 4 8 13 8 3 23 0 13 13 12 29 25 16 6 3 29 9 18 9 20 11 12 10 24 29 10 2 29 16 18 24 19 24 4 11 4 14 28 27 18 11 22 26 28 30 4 13 5 6 9 17 11 6 28 7 16 25 8 28 1 15 22 17 30 3 1 10 21 24 1 13
6 28 15 26 19 22 27 29 27 1 20 11 8 14 21 13 27 27 27 13 26 16 16 8 7 9 22 9 0 15 13 11 2 20 3 24 0 19 26 22 19 28 26 16 26 18 5 1 22 23 7 1 27 14 6 1 20 18 20 22 6 15 13 9 30 4 23 3 2 21 15 20 21 5 25 26 5 16 5 5 10 15 19 29 23 6 2 15 8 4 3 27 20 9 13 24 19 6
4 17 13 15 30 24 30 30 25 12 8 20 6 24 8 8 6 12 27 5 1 19 22 16 5 24 4 22 19 15 15 17 4 12 0 10 21 11 20 19 24 4 13 21 13 4 24 18 24 14 8 4 12 23 20 28 25 30 2 22 30 21 18 29 4 13 25 1 28 2 17 6 28 20 12 29 17 2 9 23 30 0 16 11 17 28 17 16 19 4 27 19 21 6 15 13 19 2
24 23 1 11 23 18 6 22 27 18 17 6 27 8 30 1 0 22 29 30 18 8 22 27 0 12 23 25 19 2 1 11 24 5 23 5 29 11 27 27 11 15 2 7 17 5 8 8 5 19 17 3 13 2 12 30 19 12 19 11 16 15 9 20 30 29 7 27 21 30 2 6 9 9 5 12 17 28 18 23 9 1 15 28 23 2 28 5 5 26 22 21 14 24 10 23 7 5
0 27 28 27 19 21 6 23 1 19 22 26 0 29 16 11 2 10 19 15 24 16 15 3 7 6 6 30 5 7 3 8 6 16 19 0 29 6 1 10 21 30 28 24 28 10 20 2 6 17 25 17 4 6 19 24 22 6 29 1 16 26 5 18 14 15 23 18 4 7 11 4 8 1 9 27 25 17 19 25 17 19 7 17 23 16 8 12 18 5 15 8 10 11 16 2 23 16
28 1 16 6 11 26 3 24 22 24 24 27 26 22 27 29 3 2 30 5 20 25 2 25 6 30 24 0 5 5 15 17 17 21 7 5 10 5 4 17 20 26 25 25 8 5 20 4 12 26 23 1 23 3 5 3 5 7 12 13 3 12 22 0 27 17 3 22 1 2 27 29 28 3 24 27 15 17 4 4 28 16 11 30 3 17 20 12 7 1 21 9 3 1 7 14 25 2
8 10 15 21 25 28 7 21 1 10 6 11 5 20 13 19 4 1 2 18 6 0 29 29 3 26 12 3 27 23 26 6 19 6 4 7 22 11 27 25 6 21 28 27 13 30 4 25 26 9 28 15 12 16 1 17 1 21 23 2 16 2 18 19 21 22 9 20 3 22 0 6 29 2 27 1 16 19 4 27 5 2 7 14 3 30 30 2 11 19 12 26 8 24 13 15 7 23
14 28 16 7 15 26 17 17 13 24 0 3 25 19 19 10 18 9 5 9 8 5 27 19 4 14 12 1 29 0 22 18 20 26 10 13 12 22 22 4 8 3 30 16 9 1 3 0 28 26 27 20 15 10 12 16 26 11 28 30 21 28 0 15 27 1 3 9 7 4 16 25 15 18 29 24 27 26 17 27 2 6 29 2 26 23 14 7 19 8 20 16 18 7 17 14 24 30
19 18 12 6 29 1 24 15 8 11 21 11 25 7 19 8 10 21 9 25 19 11 7 6 4 26 7 13 16 0 9 20 19 27 17 0 27 22 20 1 7 25 10 6 1 6 6 29 8 16 14 14 2 13 9 11 18 28 4 21 5 27 8 22 20 7 8 23 23 13 4 26 5 2 5 4 18 19 28 26 5 23 8 21 21 14 8 7 4 6 3 10 4 24 18 3 27 3
27 17 13 3 17 8 17 4 3 19 4 29 5 8 14 1 15 24 2 17 6 28 8 20 6 10 16 19 18 19 21 19 17 14 10 18 28 15 17 20 7 9 10 14 3 9 13 12 4 10 24 8 1 19 17 7 1 25 7 13 4 2 18 5 29 7 8 8 11 13 18 24 25 11 30 9 16 15 12 8 3 9 29 22 5 28 2 22 27 12 1 13 21 21 24 23 0 23
15 22 22 20 28 3 28 16 9 2 23 30 7 27 14 3 0 19 23 5 25 9 6 17 30 2 7 10 20 26 26 3 11 3 20 7 6 3 28 30 17 16 16 0 1 25 4 25 13 24 28 29 15 29 18 29 11 15 21 22 14 21 14 21 25 17 12 15 11 21 8 8 13 30 29 26 29 21 12 28 24 1 21 28 10 10 12 27 2 25 13 19 6 25 28 4 27 23
23 23 27 5 30 2 16 29 19 17 26 22 0 26 3 19 28 27 14 8 11 16 11 21 23 10 1 6 24 6 29 8 11 20 9 2 13 16 3 27 5 15 5 22 4 27 4 15 2 12 26 15 3 27 16 1 7 17 24 16 16 21 22 23 27 30 20 30 1 14 12 22 22 16 25 9 16 16 14 0 11 30 24 15 5 2 30 2 13 29 16 1 18 13 4 0 12 16
28 5 2 16 12 28 4 4 29 20 13 3 18 25 19 12 26 23 10 20 20 3 21 25 24 19 7 21 14 30 26 30 19 15 0 18 19 27 28 10 24 10 27 8 23 6 2 29 25 30 20 27 4 15 6 25 26 0 15 13 21 21 26 19 7 0 20 8 4 5 27 11 1 14 6 0 16 13 23 18 15 3 25 26 30 12 7 28 28 2 3 2 24 21 22 11 16 0
7 0 11 2 18 12 3 2 6 6 8 0 22 27 5 18 18 23 20 16 5 26 28 16 9 11 6 9 20 5 23 17 15 3 20 3 25 4 8 16 28 19 21 20 22 13 12 30 16 6 18 24 13 19 14 23 10 0 20 25 23 30 21 16 7 3 5 6 10 19 27 3 21 5 24 28 9 26 12 21 20 21 17 26 12 17 18 7 18 1 24 3 11 23 12 22 25 30
5 10 8 11 25 19 4 1 17 17 15 13 27 8 2 29 4 28 25 30 11 27 7 3 10 9 27 25 9 29 17 24 1 5 17 16 29 19 19 28 16 28 10 8 15 4 0 3 20 5 0 16 27 9 7 22 19 30 13 20 2 16 28 28 18 6 19 28 24 12 5 18 30 17 23 3 5 15 25 4 25 21 22 20 17 5 7 5 8 13 27 28 27 22 19 23 3 1
24 18 21 28 7 13 4 17 1 28 28 10 14 1 18 18 14 25 8 21 20 22 16 27 10 1 2 9 22 8 20 26 25 14 17 20 17 15 24 27 2 24 8 23 26 20 13 27 23 0 17 5 22 28 1 19 27 23 29 26 14 25 8 28 21 3 22 15 11 9 2 8 25 17 17 28 15 15 11 9 25 27 30 22 12 19 5 5 1 29 16 7 14 3 22 1 22 1
6 14 11 14 23 19 2 26 15 18 27 21 3 10 15 18 22 21 5 9 19 11 6 24 10 20 15 22 16 3 0 9 11 27 26 23 14 2 26 13 21 1 28 5 3 8 27 16 6 30 30 26 12 29 4 16 16 2 2 8 0 12 30 17 22 29 17 27 7 17 9 5 20 19 6 30 11 10 8 6 18 30 26 8 30 30 30 12 12 7 29 10 3 18 4 11 11 25
17 6 18 23 1 12 6 13 3 26 7 14 8 27 21 7 22 14 14 22 7 26 27 3 2 25 13 20 26 22 28 17 14 30 5 3 2 19 3 25 24 3 28 29 4 28 11 4 7 23 19 7 9 26 15 30 7 9 25 10 23 7 26 22 4 19 5 16 24 25 21 29 25 21 26 30 16 16 18 7 9 30 18 11 16 8 11 11 14 16 0 4 21 7 9 8 29 17
21 20 13 17 20 24 14 25 5 11 10 15 24 2 7 18 19 1 1 18 17 10 4 15 28 30 28 6 6 7 28 29 5 4 14 0 21 19 21 11 18 6 29 12 3 20 4 1 3 14 7 3 0 26 30 19 28 11 19 2 29 15 12 5 10 11 20 20 3 7 2 8 28 18 10 15 27 4 6 1 13 24 10 9 26 22 0 11 28 25 6 1 1 3 16 17 23 28
19 15 4 2 2 17 5 5 18 2 4 22 20 29 8 14 25 22 7 22 17 4 20 0 1 30 19 30 20 22 23 14 12 4 29 2 12 18 28 28 27 23 19 10 2 18 20 6 15 7 22 28 12 7 12 2 28 29 9 3 15 27 5 30 1 12 29 24 29 16 7 5 8 4 9 11 13 13 18 19 13 30 17 21 19 23 5 7 6 5 20 27 17 1 25 8 15 21
7 28 23 16 7 29 9 4 17 3 14 18 19 27 7 15 21 18 12 13 2 5 11 9 6 2 0 30 0 16 20 18 28 9 7 26 23 11 2 28 2 10 7 1 22 3 4 1 29 20 5 7 12 16 8 9 27 21 24 29 23 2 18 22 18 1 27 14 12 1 15 23 8 26 15 14 26 15 1 8 24 13 1 20 8 30 18 1 9 14 22 25 26 2 1 19 19 29
25 21 21 8 28 22 10 14 14 15 15 12 27 24 11 4 27 22 30 30 17 15 3 15 6 6 17 18 19 14 8 22 10 0 17 14 11 10 18 22 21 18 19 7 22 9 30 30 30 23 18 14 4 16 18 12 26 0 13 30 1 30 25 23 27 1 0 8 23 13 14 27 14 23 5 6 9 17 0 24 15 2 9 30 13 2 1 7 15 2 19 18 22 20 28 19 22 21
