100 100
9 23 24 5 4 5 18 29 3 29 14 26 5 16 0 1 1 17 6 10 18 17 21 12 7 1 1 23 27 5 2 15 22 25 19 28 25 15 20 29 2 10 16 3 17 17 4 15 8 19 28 10 9 24 18 13 3 26 0 11 24 27 4 29 17 13 29 1 15 21 28 21 2 2 19 22 3 20 6 2 7 12 1 19 6 28 7 5 2 18 15 19 12 16 22 23 5 21 26 19
3 2 16 21 1 2 29 28 29 5 7 16 29 26 23 15 7 14 30 0 26 16 25 1 0 30 14 3 28 29 28 8 26 6 21 27 30 10 23 26 1 16 3 20 16 6 19 14 17 1 2 14 9 6 9 18 22 18 0 28 25 24 20 16 26 22 15 14 22 5 15 18 19 22 28 3 11 30 28 27 14 10 17 29 13 5 4 16 27 10 27 15 21 5 14 25 5 22 5 8
28 17 2 21 26 1 6 11 26 18 8 23 0 10 4 24 25 13 4 11 24 12 1 6 23 15 15 1 27 15 7 26 15 17 16 12 19 13 10 26 6 3 12 27 8 21 17 0 22 27 21 5 12 15 24 26 20 25 1 3 23 22 0 5 10 24 24 3 17 18 3 0 21 15 1 13 4 13 16 5 4 8 20 6 30 21 17 14 28 27 3 11 6 23 1 6 30 21 15 7
26 28 6 18 22 6 5 3 12 19 12 21 23 8 10 30 0 13 5 7 10 28 4 28 25 12 8 17 27 6 5 20 24 22 12 23 20 25 2 2 17 3 13 10 1 4 8 2 11 0 7 11 8 7 24 0 6 6 18 27 11 27 14 29 13 21 5 18 11 18 25 6 24 24 25 16 3 13 5 16 24 19 9 5 25 19 0 1 20 4 17 11 28 21 1 1 18 29 23 1
21 13 11 6 30 25 23 24 7 18 12 17 21 7 2 3 21 9 19 27 15 7 17 10 18 11 26 10 2 11 3 5 26 18 30 17 22 6 2 16 4 25 20 30 0 3 28 17 30 21 27 3 26 0 17 18 6 26 13 11 16 11 5 11 1 25 13 9 15 13 9 17 6 26 26 23 23 13 30 3 20 3 0 0 8 24 26 26 9 10 15 7 16 28 10 23 29 25 11 25
29 25 14 17 18 13 8 28 10 2 27 13 1 20 24 29 13 25 7 25 10 18 19 3 2 8 3 2 6 2 8 16 6 14 22 3 4 26 9 4 24 15 1 16 22 11 10 27 19 25 26 3 25 6 16 3 4 25 30 30 13 29 5 8 0 11 17 11 2 1 6 2 4 20 18 10 30 9 23 2 2 29 5 26 8 11 1 1 5 5 21 23 8 14 0 21 18 14 23 9
14 26 6 8 16 30 2 5 19 28 28 18 16 6 4 21 26 14 13 19 22 1 13 4 30 18 29 30 17 4 1 29 10 7 6 30 19 6 7 2 20 28 0 30 11 23 16 12 7 26 18 7 7 4 0 4 4 25 16 9 25 10 12 0 22 12 16 24 2 8 25 3 3 15 14 18 16 11 4 21 22 21 15 14 13 12 26 4 21 24 28 10 1 18 26 15 27 2 25 9
11 23 20 9 19 10 20 23 29 27 24 13 21 17 24 18 27 26 19 9 26 26 26 7 15 13 11 23 1 17 23 18 6 28 16 28 9 11 21 4 22 4 19 6 29 27 28 27 22 10 25 23 23 17 20 1 7 30 24 27 0 26 4 1 21 14 21 14 24 12 9 27 9 5 12 19 3 28 24 22 27 20 18 10 20 27 24 10 27 9 16 22 30 27 28 5 15 19 13 3
5 23 26 19 7 10 24 5 23 4 20 21 5 0 0 16 14 12 30 19 25 14 22 0 23 24 3 28 8 28 15 22 20 17 3 18 0 25 17 30 26 6 22 23 24 10 25 22 4 14 1 29 26 10 14 24 16 9 4 19 27 13 7 8 9 14 4 9 21 26 6 10 3 20 18 8 9 4 14 23 8 1 21 23 23 1 8 16 4 30 23 21 19 5 18 5 21 19 16 29
28 19 8 14 21 8 30 29 30 11 24 5 26 4 6 30 0 19 10 28 21 8 16 23 20 5 12 26 9 14 2 16 13 15 19 28 15 2 7 16 7 7 19 9 16 11 6 0 23 2 30 0 21 5 15 30 30 1 9 4 1 2 15 15 25 17 21 28 22 5 9 15 30 17 1 28 22 10 11 0 19 4 2 13 15 12 27 4 22 15 9 9 8 5 25 19 18 19 14 26
9 2 23 14 3 26 6 11 15 23 26 8 23 4 15 1 26 3 10 17 1 24 9 13 23 24 16 25 26 9 30 2 23 6 22 30 10 16 13 19 6 1 19 27 1 1 21 8 8 13 1 16 26 23 19 22 23 8 28 3 27 19 0 12 24 22 3 0 10 11 26 6 15 22 12 3 19 27 6 19 23 21 10 17 26 16 23 16 19 25 6 3 15 0 9 14 29 19 9 15
16 22 12 13 21 23 4 3 16 6 15 15 22 5 0 19 7 30 28 23 3 1 15 9 18 22 19 24 15 3 6 11 13 29 2 23 17 17 7 3 9 24 24 23 4 24 18 5 4 17 30 17 9 16 8 30 30 8 3 22 10 13 25 30 11 14 14 29 27 13 5 28 30 9 0 3 28 6 19 22 21 10 3 13 28 29 14 13 29 13 4 2 5 25 3 1 21 4 19 15
11 27 13 7 25 7 16 14 13 13 23 10 11 28 22 8 22 7 3 30 14 6 11 7 16 29 4 21 9 3 17 24 10 17 12 25 19 8 3 26 23 5 26 10 12 10 24 20 22 12 4 17 19 13 29 16 5 12 22 17 11 15 11 7 29 25 27 17 3 18 11 15 28 8 7 6 6 22 19 12 22 11 7 0 27 16 1 6 17 20 26 3 0 6 16 30 13 29 28 8
20 8 8 11 19 30 13 7 15 15 2 4 6 16 5 27 2 0 0 2 5 12 20 23 15 19 22 1 21 14 3 21 5 4 6 25 17 26 19 23 4 28 30 30 21 0 15 24 20 5 27 21 10 8 3 24 17 28 24 0 28 20 11 19 2 13 3 10 15 12 21 4 8 1 21 6 17 23 28 23 15 19 29 13 19 24 12 7 10 29 30 25 17 8 3 21 18 3 9 2
29 8 29 19 28 7 22 0 25 10 7 15 17 17 29 0 5 29 28 9 5 11 3 19 7 28 22 21 1 13 18 30 28 20 10 19 6 27 13 22 0 22 6 30 9 1 4 29 2 12 27 20 26 14 9 4 25 20 11 2 30 21 28 17 4 8 17 20 2 19 14 2 22 29 7 0 12 16 27 25 20 4 15 2 15 0 2 29 2 19 1 22 10 19 20 3 4 10 1 13
5 3 1 5 4 30 22 27 5 11 26 13 9 1 27 25 22 20 5 4 29 22 29 9 3 4 25 28 13 16 26 10 4 23 28 25 30 20 20 8 6 9 22 29 1 19 9 29 28 23 22 4 27 10 3 1 25 0 13 13 15 2 26 8 0 0 9 17 26 23 19 23 29 6 1 0 8 28 25 16 12 30 2 4 16 4 27 27 6 25 18 28 29 11 21 22 21 2 14 0
19 24 27 19 6 20 28 9 17 18 13 23 26 7 10 28 23 14 6 11 8 30 26 21 18 28 8 11 12 7 20 23 0 9 9 22 10 16 17 26 22 27 12 19 20 10 7 5 5 15 4 29 18 0 22 7 19 4 9 7 26 23 22 25 2 27 16 13 27 20 3 7 25 15 3 22 25 24 29 21 17 30 21 16 24 18 21 2 2 2 18 22 5 2 19 22 14 6 2 12
9 18 1 9 0 8 14 12 17 28 26 15 29 28 2 25 2 29 12 0 29 17 3 7 30 26 6 20 1 26 20 25 21 6 18 20 1 12 17 27 17 23 14 9 11 4 30 22 12 20 28 8 9 14 17 2 24 3 17 2 15 14 4 0 3 7 20 8 26 0 9 8 8 8 21 19 3 10 15 8 10 28 19 26 19 10 8 25 24 16 8 23 27 29 3 17 28 26 25 9
9 27 24 25 14 10 28 13 8 17 27 8 30 13 22 25 10 24 15 4 6 21 3 1 30 17 22 3 26 7 24 21 2 27 13 20 17 0 20 18 7 16 4 16 13 2 15 27 13 24 9 16 2 27 9 15 24 16 8 26 1 12 20 1 29 25 0 5 21 5 25 30 23 27 10 23 20 28 15 8 7 14 20 12 0 26 24 0 23 2 13 21 23 19 9 30 29 20 13 13
22 1 13 27 11 18 15 22 19 22 21 0 2 13 13 7 5 30 26 2 27 0 2 28 4 11 4 9 5 14 16 16 12 29 4 17 27 3 21 3 16 12 16 26 29 15 5 6 8 7 28 17 11 10 2 9 21 11 1 17 27 15 8 0 12 27 29 4 27 17 29 6 30 13 15 21 12 8 8 0 11 27 13 18 15 15 3 15 10 4 15 4 15 23 26 2 13 12 23 21
17 10 21 10 17 22 11 20 2 29 1 13 22 24 17 22 12 26 16 14 24 17 0 1 7 18 10 6 19 3 18 9 1 28 27 24 21 7 4 26 5 26 26 29 5 5 29 17 29 4 28 2 14 16 5 21 21 2 8 7 7 11 10 26 2 20 15 7 28 3 18 23 9 16 27 26 30 1 2 2 23 25 1 8 22 24 25 20 4 7 7 27 13 7 21 6 3 0 24 24
3 27 16 0 12 8 15 23 22 0 16 0 2 12 27 26 20 18 18 8 25 13 9 3 2 18 22 25 13 0 25 3 17 28 29 0 18 19 12 29 8 27 28 21 21 0 28 15 9 18 13 6 30 16 5 5 1 24 7 6 2 1 20 21 23 20 4 11 3 27 16 26 29 7 5 19 29 5 19 6 18 29 19 22 12 24 25 18 19 11 12 6 16 4 30 23 10 22 18 28
2 17 27 19 12 4 5 29 10 21 8 9 21 25 29 22 24 13 8 5 23 5 1 17 17 29 22 28 19 15 2 26 18 29 22 29 9 15 4 30 28 0 30 2 12 5 28 1 29 7 0 4 4 5 3 24 12 10 28 30 2 5 3 3 16 1 22 17 15 4 27 11 21 4 1 22 1 28 8 19 6 13 7 19 12 0 12 29 19 8 17 13 3 1 4 18 6 16 26 9
21 26 12 25 20 25 6 17 26 16 6 19 0 14 19 14 20 29 26 27 21 30 16 13 24 16 4 24 2 19 22 30 29 29 26 9 2 23 7 4 9 10 17 12 29 6 12 18 3 29 21 11 27 26 15 23 27 28 15 26 2 14 28 27 1 16 3 26 6 19 13 14 29 15 10 13 8 17 10 26 17 4 23 13 19 12 26 12 22 18 26 5 23 25 3 27 3 1 3 2
22 26 24 14 29 16 19 12 26 13 20 9 25 23 3 13 6 6 23 30 1 21 1 2 6 29 3 27 22 20 16 8 0 9 27 28 24 18 27 22 1 3 16 2 0 24 4 24 2 17 24 20 4 1 15 28 5 25 4 17 30 27 11 13 5 1 10 20 17 24 28 23 16 2 28 18 4 18 13 10 11 28 16 0 15 8 22 14 23 6 26 12 14 27 7 12 17 18 22 24
5 30 9 28 10 2 6 9 4 25 10 11 11 6 25 17 26 22 29 5 1 20 22 17 18 23 11 5 21 30 19 11 18 2 19 27 28 13 13 3 25 8 1 28 17 27 25 11 29 1 7 30 18 3 3 28 26 24 14 13 4 6 7 4 22 22 10 26 7 21 14 30 9 24 24 25 7 4 29 6 14 2 21 16 16 14 21 6 4 18 16 8 0 6 6 28 12 4 19 10
23 8 2 15 16 0 23 22 6 5 14 16 23 19 6 12 12 5 6 7 22 13 27 13 17 23 24 2 25 6 22 26 20 3 1 14 11 25 3 22 14 24 4 16 5 6 7 13 17 27 25 20 8 12 2 10 6 24 11 13 3 10 3 15 21 22 15 28 5 25 20 16 18 14 10 14 10 26 30 7 20 18 0 8 14 12 12 17 9 16 5 27 5 21 23 9 22 17 13 15
18 28 20 2 15 15 0 4 9 1 19 14 25 30 26 6 0 17 25 14 21 18 8 11 25 0 0 17 28 14 28 5 1 7 11 2 23 23 26 20 4 0 22 12 7 16 16 26 30 28 4 16 22 12 22 19 25 7 9 19 10 30 1 26 29 13 12 30 22 23 10 11 11 14 1 18 18 11 27 28 6 19 23 16 13 23 3 2 28 30 11 8 30 10 17 2 16 15 27 21
15 20 5 26 6 14 2 14 13 16 2 0 3 21 1 14 20 0 18 25 24 6 6 18 24 16 11 9 15 21 2 1 1 28 2 7 23 16 16 6 15 18 30 22 24 5 25 29 7 25 25 29 3 18 3 9 24 5 21 12 13 0 25 10 18 26 29 30 6 0 3 27 28 20 4 21 17 14 1 0 2 17 7 28 29 12 19 9 0 2 2 6 24 24 16 7 22 5 12 28
14 5 30 12 11 14 7 20 7 26 23 10 18 1 23 19 0 18 25 3 19 23 11 23 27 2 15 16 0 21 29 1 7 24 21 13 22 27 2 22 20 19 14 16 17 22 7 29 27 24 15 24 18 25 15 8 0 2 29 8 18 19 17 13 21 0 10 21 20 8 25 23 10 8 2 12 9 30 0 7 25 23 21 28 1 1 14 18 5 4 14 7 29 4 14 26 2 19 4 2
15 27 18 20 11 27 17 3 3 2 5 27 21 7 20 11 14 28 21 28 13 9 6 3 16 14 24 5 21 23 16 17 2 16 11 4 2 18 24 11 30 28 17 21 3 5 15 4 19 7 1 25 16 23 9 22 24 30 19 22 27 0 25 10 21 19 1 28 8 27 24 13 26 0 5 23 29 6 8 21 1 7 22 8 10 3 5 13 20 7 5 23 30 11 24 29 14 14 6 15
25 11 3 20 1 29 19 19 17 26 29 29 10 2 9 18 9 10 7 19 25 19 13 21 4 28 9 6 0 9 25 9 6 13 11 29 25 17 2 1 27 25 7 15 15 5 12 29 29 27 18 1 18 5 0 6 6 1 9 8 9 27 28 1 12 8 1 28 29 15 3 10 30 19 20 10 6 3 8 30 23 5 4 26 24 29 25 23 10 28 23 24 20 23 25 7 13 11 18 4
30 6 2 12 20 14 19 10 8 22 4 28 24 22 2 16 10 6 28 11 10 5 1 11 13 4 9 16 23 8 17 7 28 10 12 3 0 8 2 29 14 5 14 5 27 16 16 1 19 25 6 14 0 12 9 9 0 29 19 11 20 22 12 11 15 21 15 26 5 0 19 6 12 30 30 23 0 15 7 29 19 14 2 28 28 3 11 9 29 16 8 8 0 4 20 6 4 19 5 20
17 15 16 2 14 29 15 5 12 25 20 20 8 20 25 26 20 13 6 17 2 21 15 4 24 8 13 24 9 24 21 2 1 4 13 12 30 3 17 20 16 23 2 26 26 22 23 8 26 12 13 27 25 0 23 23 6 14 6 30 21 25 8 22 16 25 26 27 20 4 28 16 24 26 15 18 0 0 7 17 29 21 26 11 3 28 12 13 26 8 14 28 24 5 25 11 15 21 19 3
16 8 2 9 25 2 7 10 18 3 4 1 4 5 11 9 23 28 3 17 24 11 6 6 17 18 29 28 11 21 20 9 18 17 6 6 3 11 22 25 9 15 0 6 14 12 18 25 22 2 15 8 8 24 30 4 5 12 12 10 2 19 20 5 6 13 17 23 9 23 10 24 14 11 24 1 19 20 0 3 2 25 21 24 14 12 20 13 11 13 16 2 6 20 4 24 6 10 22 11
4 24 12 30 16 26 4 7 4 27 20 1 30 29 14 30 29 5 3 11 20 11 30 9 22 13 2 16 20 9 16 19 21 9 30 26 28 11 8 3 9 24 15 13 8 30 5 4 17 22 4 0 0 14 27 1 29 2 16 3 25 10 7 22 0 27 24 23 24 0 25 4 26 30 8 3 3 27 7 11 17 0 24 10 8 10 5 25 17 15 3 12 7 9 25 15 14 3 3 0
23 12 17 22 4 3 0 3 14 12 24 17 21 1 19 27 7 8 27 20 17 20 6 6 14 6 29 12 22 16 27 15 8 1 29 29 29 23 7 3 9 12 30 9 7 27 2 29 27 27 24 12 0 5 3 19 1 20 9 26 11 25 22 29 13 12 25 4 22 5 4 23 3 22 18 11 20 16 12 27 2 16 23 26 13 24 27 24 26 25 18 16 28 26 22 10 10 7 12 26
12 17 14 5 9 27 9 0 27 21 9 17 15 2 26 28 22 21 27 29 16 12 18 22 19 24 19 5 20 30 26 26 14 2 14 19 14 16 28 20 22 12 25 15 2 19 5 12 26 27 2 17 7 26 16 0 16 2 18 19 8 2 1 30 23 28 7 10 3 1 22 1 0 30 7 1 7 26 11 22 28 4 0 23 2 20 14 10 18 14 30 9 2 19 21 16 21 27 12 16
24 21 9 6 21 21 30 22 16 23 4 14 28 20 10 14 21 16 21 26 29 2 7 7 30 28 4 25 2 6 27 16 22 11 1 10 5 10 5 29 2 2 3 18 18 13 19 6 24 4 7 21 18 23 30 16 19 11 7 22 2 18 4 11 29 3 7 3 26 1 25 6 20 1 27 17 10 26 2 17 23 6 29 8 27 26 22 5 7 12 27 16 1 20 14 1 14 18 10 0
13 10 5 12 25 20 2 6 23 30 13 4 24 10 5 18 9 11 27 3 16 22 22 11 15 5 11 29 7 6 14 30 22 25 24 3 1 23 8 29 9 19 10 3 13 1 13 15 17 10 12 17 30 7 22 25 29 29 24 15 2 6 3 15 7 6 29 20 6 24 29 11 11 21 7 28 2 25 18 14 11 27 12 4 3 8 20 6 19 21 10 1 3 26 10 25 23 1 22 0
16 4 11 19 24 16 9 20 12 7 22 23 3 18 11 10 27 7 30 15 1 9 7 7 26 27 17 13 25 12 23 6 11 3 30 8 13 28 4 6 4 5 26 13 20 30 23 24 22 20 22 19 15 18 22 25 17 13 14 25 21 29 8 1 22 2 8 18 17 22 8 28 1 8 22 11 23 4 27 26 12 10 6 4 30 24 22 25 2 8 9 0 7 3 7 18 2 1 18 27
11 15 5 16 26 30 7 27 4 22 0 24 1 21 28 12 3 19 23 2 11 30 24 24 29 14 13 23 19 18 30 21 3 5 11 21 1 10 29 17 20 10 14 29 5 12 29 24 19 23 1 0 26 17 24 16 4 14 27 30 16 14 9 9 5 5 21 4 13 20 20 15 16 27 27 26 1 23 10 9 1 28 16 22 20 17 30 29 25 17 16 30 11 21 22 3 25 21 19 12
16 13 28 2 5 11 12 1 9 20 8 16 3 6 5 21 26 14 0 12 11 4 25 22 30 14 19 0 2 2 12 24 24 12 1 22 4 11 18 30 21 29 20 19 4 0 27 20 6 14 28 5 2 3 24 19 11 0 30 7 17 16 20 26 17 15 28 5 9 20 23 26 15 19 20 22 1 21 3 16 2 28 28 18 8 12 18 26 22 2 19 15 16 27 5 3 6 23 26 14
16 15 13 15 26 17 12 6 18 19 5 24 2 14 4 25 0 29 1 26 6 2 8 22 3 9 27 7 11 28 25 4 12 7 0 21 9 28 7 24 4 20 25 15 22 13 2 30 0 0 24 9 19 21 26 12 23 26 29 6 13 25 2 5 10 6 7 28 30 4 22 21 18 20 18 27 2 14 10 18 22 1 21 11 15 10 21 5 23 17 10 28 25 0 22 1 11 16 26 21
23 10 20 0 9 0 30 3 7 1 11 6 20 17 19 8 18 13 22 30 1 23 10 20 0 2 1 7 28 29 13 27 14 20 27 16 20 22 7 25 13 9 28 16 2 11 9 20 20 9 28 1 1 4 13 18 20 3 3 27 16 11 22 11 11 4 30 7 21 24 29 26 23 17 22 13 28 21 28 26 28 27 19 27 26 4 0 18 23 17 29 8 1 8 29 4 16 3 12 21
24 20 0 4 22 24 14 18 6 11 27 6 26 12 5 27 28 5 7 27 26 11 19 10 28 27 27 8 1 11 6 25 17 17 13 14 16 15 26 26 4 25 11 1 20 19 10 24 13 10 8 22 16 10 4 21 16 14 12 16 27 20 16 29 6 19 12 1 10 7 9 9 0 2 5 29 0 27 28 9 13 0 17 5 24 24 0 28 0 15 23 25 3 20 23 14 18 29 21 28
10 7 12 7 11 23 14 10 17 10 6 21 10 19 29 21 9 2 9 13 14 15 12 28 14 27 26 8 1 30 1 12 20 21 21 12 8 19 21 19 19 9 20 17 19 25 19 27 8 7 10 29 24 4 0 18 6 10 13 25 4 11 11 12 18 21 2 2 11 8 1 26 11 20 12 15 28 26 11 11 18 21 5 15 1 29 8 18 2 2 8 20 7 28 7 5 6 6 4 28
26 22 28 10 0 6 6 20 10 28 3 28 14 4 18 24 17 16 5 26 6 16 19 9 15 3 24 13 30 3 24 2 24 19 27 28 26 25 5 20 26 19 29 21 4 21 29 25 4 7 12 11 27 13 8 30 17 18 23 19 2 25 16 23 22 19 0 18 2 13 17 18 3 17 7 23 1 10 18 16 8 27 9 27 23 25 17 16 26 11 30 11 28 0 23 15 27 2 7 18
17 2 27 22 23 24 23 8 8 8 25 11 1 20 28 25 24 3 14 28 8 16 3 19 10 21 0 5 7 18 6 16 7 7 28 15 10 16 24 16 30 6 29 22 14 25 17 29 27 12 20 3 27 12 0 29 15 9 21 27 22 21 28 9 6 16 14 7 14 15 13 19 29 24 0 19 13 3 29 14 10 4 4 9 4 30 25 4 19 1 3 15 20 11 4 12 2 1 21 14
17 9 7 27 8 3 23 22 3 16 22 29 1 8 14 27 19 19 22 12 23 19 1 0 15 18 25 1 25 28 3 9 12 21 25 15 17 18 3 27 14 7 5 4 12 4 9 27 10 10 27 10 24 3 28 30 11 28 4 10 6 14 10 29 22 29 18 22 14 3 22 29 12 17 28 3 6 13 13 30 4 22 19 14 14 20 9 26 19 23 9 8 14 12 1 12 5 5 7 14
1 18 20 25 17 12 13 8 26 27 21 24 11 11 19 28 17 2 6 12 4 4 12 14 15 24 4 26 9 15 25 22 13 17 20 15 17 17 26 23 25 3 5 20 2 21 19 15 20 22 19 16 19 5 0 23 16 5 6 14 14 12 3 24 23 18 6 14 30 29 5 0 2 24 22 22 9 17 24 29 16 14 26 30 2 27 19 10 15 15 24 13 22 18 11 25 23 18 29 8
30 23 28 29 1 25 4 6 29 1 7 20 9 5 22 7 19 25 25 2 16 2 9 29 27 19 19 27 23 14 10 11 22 23 27 5 9 8 9 30 24 8 15 21 3 11 29 20 25 21 2 5 24 29 25 12 11 4 0 7 19 24 20 4 0 9 10 18 17 27 8 4 19 4 14 27 13 12 1 6 23 3 25 21 10 6 19 8 1 14 7 5 29 26 23 6 28 18 20 1
17 4 11 21 17 22 20 3 12 20 13 25 17 26 24 2 4 23 15 10 17 30 26 5 3 9 26 16 21 18 3 15 25 19 18 2 6 3 9 13 7 3 4 16 18 25 26 9 16 7 21 3 15 9 29 1 14 18 21 18 28 27 29 30 28 9 19 29 27 21 17 18 30 8 1 19 14 0 11 1 22 17 18 26 29 19 19 28 14 2 25 7 0 5 26 24 9 16 11 29
0 2 29 12 3 8 28 16 3 19 0 28 29 13 7 23 30 15 0 21 6 10 16 24 29 22 10 8 7 5 24 28 18 5 16 18 1 10 25 24 16 18 10 12 6 11 0 2 26 0 29 24 14 11 19 8 29 28 18 13 1 0 29 10 13 27 10 2 27 22 18 26 28 30 0 16 14 18 27 20 21 22 13 3 19 11 15 16 28 19 7 27 30 15 20 22 10 0 20 26
21 9 22 22 10 22 21 11 23 19 5 16 8 22 18 15 23 7 29 27 27 5 9 0 24 2 25 13 14 17 8 14 22 19 15 29 7 29 10 12 9 22 21 6 6 16 5 24 27 19 27 21 10 30 20 27 29 3 27 7 30 12 7 2 18 25 17 8 21 22 27 14 13 25 29 7 29 21 23 6 21 0 4 13 4 17 1 22 17 5 7 10 26 4 12 13 27 1 4 13
1 6 9 15 19 8 1 4 23 24 15 7 1 15 1 26 4 20 3 13 1 26 27 14 28 22 22 9 26 3 23 25 9 27 14 19 13 28 0 14 21 16 18 6 2 5 8 28 13 8 0 16 3 16 9 25 4 23 21 28 13 20 2 22 25 10 15 7 4 4 15 1 0 28 19 5 28 3 17 3 2 28 18 0 7 2 4 6 6 7 9 18 13 26 6 22 3 10 30 1
26 13 15 26 29 19 15 6 10 2 29 8 25 3 23 5 5 29 24 6 24 8 1 9 19 28 16 1 26 18 25 27 16 6 13 14 4 28 5 11 20 15 24 26 14 17 26 19 19 24 16 5 15 7 20 2 13 28 3 21 22 7 1 29 30 19 30 1 2 30 14 6 5 14 5 20 21 9 11 15 20 24 6 3 10 12 18 25 3 7 6 22 7 16 4 28 14 2 29 21
19 21 30 23 5 24 14 24 25 20 28 22 5 25 18 15 2 1 27 10 13 6 13 6 23 5 17 9 27 4 30 4 4 17 1 0 23 22 19 0 17 6 7 18 1 1 23 23 13 22 4 20 30 17 17 17 21 7 2 19 2 12 21 13 21 4 17 20 1 10 26 18 10 26 18 10 2 15 17 18 18 6 1 17 29 28 1 26 9 0 15 19 9 29 0 8 3 4 23 24
23 30 20 17 21 15 25 3 12 15 10 27 21 8 1 3 26 11 30 8 3 2 11 3 30 14 7 24 1 4 12 23 8 26 14 8 10 13 9 5 30 1 22 1 12 7 0 11 4 10 13 30 0 1 0 12 17 22 9 25 10 29 12 24 18 12 11 14 21 30 9 26 24 15 28 21 25 10 13 24 29 11 3 21 9 26 21 12 8 6 22 5 17 13 17 13 30 22 16 30
30 29 14 13 11 12 9 11 24 15 19 26 8 15 14 30 26 24 30 15 15 6 24 11 12 2 19 8 7 11 11 30 7 9 11 10 1 13 6 13 17 30 21 5 13 23 27 27 14 29 29 12 24 21 0 23 21 26 7 8 30 24 24 3 17 28 23 24 22 25 3 5 27 5 11 0 22 14 24 15 4 12 16 14 29 17 7 15 17 18 25 0 24 14 20 14 14 4 13 14
16 21 22 12 15 22 16 16 20 25 28 2 10 24 13 22 19 20 19 5 6 15 21 24 11 13 4 8 1 1 0 14 19 17 20 2 26 28 20 10 29 29 28 17 26 1 1 29 23 0 6 14 16 27 7 22 20 1 29 4 14 13 20 4 2 19 11 18 14 15 24 30 15 7 18 15 27 23 25 11 20 25 13 16 10 12 15 4 16 4 1 10 23 22 17 0 20 24 0 12
1 16 30 29 4 17 2 30 22 23 6 29 27 3 10 3 0 26 24 20 4 29 23 24 4 6 29 21 25 17 27 20 26 30 25 7 10 8 8 10 7 16 11 29 8 8 3 21 12 21 30 17 14 21 1 19 28 11 0 24 19 6 17 24 22 17 7 24 12 6 14 1 20 13 7 17 30 27 26 6 9 9 25 2 24 20 21 6 13 14 5 20 24 16 16 11 9 5 21 3
15 19 2 14 22 2 9 27 15 20 13 1 23 18 8 9 30 28 8 7 0 20 4 10 12 22 17 18 30 19 30 23 12 12 29 12 6 6 12 18 1 16 0 5 22 29 23 6 13 0 19 11 1 18 29 30 15 1 10 27 28 29 7 6 12 2 25 12 27 4 23 21 27 4 9 13 29 11 1 14 8 14 11 4 29 24 19 2 14 14 20 30 16 26 26 29 8 20 13 22
12 25 30 11 10 27 6 23 16 2 19 20 27 21 6 16 8 10 1 25 18 25 16 1 22 8 30 20 16 20 19 0 17 26 16 0 11 8 10 16 0 22 29 9 13 25 28 26 2 29 10 24 10 13 6 29 8 23 20 28 23 21 10 13 8 16 6 10 17 18 2 5 5 15 9 7 11 16 20 18 28 11 18 5 3 28 5 10 11 21 5 24 25 29 22 5 28 20 29 3
4 18 26 1 0 20 12 16 23 26 11 26 24 17 28 17 18 22 17 27 17 3 19 4 5 29 4 28 18 8 26 18 5 13 20 12 23 7 21 12 1 24 20 23 8 11 0 10 16 19 10 6 10 9 4 11 3 25 25 16 12 14 3 27 14 15 16 3 25 7 10 20 20 30 18 30 18 9 8 5 28 18 6 10 28 22 10 13 10 3 22 25 10 10 3 18 4 14 22 4
8 5 13 29 4 1 18 6 15 10 24 29 10 0 23 8 26 20 27 14 21 30 15 14 30 5 24 18 0 27 11 19 0 6 16 3 27 29 1 1 12 7 16 0 25 18 21 8 18 19 27 16 4 15 4 14 26 1 29 0 17 12 13 21 16 8 26 27 2 14 27 6 15 16 29 28 9 22 19 3 26 9 23 8 10 25 25 28 29 12 27 8 4 26 24 24 0 26 19 19
21 25 26 27 20 14 12 30 27 7 9 26 16 28 0 23 16 14 28 30 5 9 21 16 10 21 11 2 0 12 10 14 29 8 27 12 22 8 8 26 13 5 22 22 5 14 30 18 16 14 1 0 7 5 27 22 12 1 10 4 30 29 12 12 13 11 11 0 5 1 6 29 0 1 9 12 14 8 26 29 21 13 18 7 22 26 26 17 7 28 2 7 4 6 6 19 1 12 18 27
25 14 27 25 13 13 8 3 2 16 6 1 26 17 3 21 26 5 27 4 25 27 15 10 9 1 17 16 16 15 9 17 27 22 17 18 0 30 23 3 10 0 14 0 29 11 28 6 5 14 2 6 29 6 6 15 21 12 8 13 22 10 8 2 12 6 4 7 17 18 12 8 28 16 22 11 27 23 29 16 30 3 21 26 26 9 5 7 24 28 20 5 10 11 19 12 28 3 30 27
29 27 6 27 10 20 10 20 15 25 10 17 11 29 30 19 0 20 26 26 17 18 1 4 20 18 0 27 19 18 3 17 22 14 9 11 25 16 22 3 22 22 14 17 1 27 21 0 10 3 19 22 15 14 11 2 11 25 21 30 0 19 21 12 11 1 30 2 3 12 26 17 29 1 7 12 25 11 19 7 11 5 12 22 10 15 14 22 19 2 4 14 20 20 11 25 1 29 3 3
5 9 9 19 15 19 16 25 14 0 8 17 9 6 25 20 30 26 23 16 29 13 7 28 17 3 14 26 5 10 19 4 20 1 1 17 15 25 24 7 7 24 3 20 0 23 17 1 3 11 2 2 11 28 14 0 12 8 12 21 22 29 22 28 16 28 23 26 8 8 5 4 24 26 8 27 13 22 7 19 5 13 30 2 9 24 10 13 11 26 23 16 5 6 12 17 21 29 8 20
10 24 26 3 18 28 29 4 15 16 20 30 14 14 25 25 9 23 11 11 24 26 9 7 3 2 3 10 22 18 24 18 17 11 6 25 29 6 8 6 26 0 20 24 15 22 2 9 10 17 5 22 23 6 2 18 1 18 7 5 0 19 19 6 21 25 0 2 16 11 22 24 0 18 9 21 21 26 1 29 0 28 18 9 3 30 20 18 25 1 9 14 20 25 23 14 11 10 2 23
10 22 14 17 24 0 12 11 12 8 12 1 17 29 30 4 20 7 12 9 19 17 8 8 25 24 22 21 30 27 14 10 20 4 15 20 17 23 29 3 19 7 3 24 9 11 21 16 22 28 24 2 25 19 6 9 7 23 21 6 9 10 7 7 10 24 15 30 9 9 22 25 27 24 10 3 2 1 9 23 13 25 5 18 13 18 4 12 27 17 23 16 8 3 6 6 29 19 29 21
8 25 26 6 1 15 23 2 18 22 18 20 24 26 14 16 11 30 9 19 14 18 17 14 28 25 21 21 10 11 7 2 17 12 5 16 13 17 16 16 20 13 12 3 8 6 15 24 14 2 4 20 18 18 13 6 23 28 19 25 10 8 7 19 1 3 3 1 10 14 2 4 23 14 11 7 24 13 20 27 27 26 5 12 26 5 15 8 3 0 23 20 5 7 13 12 11 9 0 23
30 19 2 8 23 14 20 7 25 1 13 2 22 20 23 21 25 18 22 8 18 26 19 11 16 27 15 10 22 15 12 9 26 27 10 7 19 27 8 5 10 8 8 9 22 6 19 6 29 15 29 20 21 0 12 9 19 26 29 21 24 25 29 14 20 28 25 29 18 9 30 28 1 16 10 10 23 27 11 12 15 15 8 9 25 19 5 26 3 19 10 28 11 18 16 19 9 14 17 13
10 20 7 8 23 26 13 15 20 8 25 21 5 23 12 0 27 17 4 2 24 8 3 22 0 17 14 26 16 17 10 28 20 19 27 22 30 5 25 23 18 18 17 24 16 22 14 11 30 21 0 3 24 16 9 12 25 17 13 30 8 28 14 21 19 21 15 15 20 30 6 30 28 10 3 19 3 1 15 4 8 27 20 0 24 22 5 18 30 0 10 5 12 8 25 23 4 19 27 7
15 22 11 14 23 8 21 2 28 9 22 28 13 29 1 28 9 17 11 1 8 21 4 25 7 2 28 26 3 12 13 6 22 3 2 21 7 9 20 17 23 7 26 7 3 4 18 10 28 24 5 0 28 22 7 16 14 16 9 3 11 6 1 20 22 9 4 26 22 0 0 10 13 4 23 20 29 9 11 26 30 19 9 19 17 19 16 25 27 2 27 1 27 30 3 5 3 17 25 27
26 13 22 12 11 8 12 17 12 25 10 25 20 4 14 8 4 24 19 19 12 16 26 28 13 22 0 23 2 10 18 20 11 22 6 7 14 6 10 3 29 10 29 20 6 22 30 30 18 8 26 19 12 22 3 3 25 2 11 5 23 20 28 27 8 20 29 8 28 8 10 24 14 22 11 9 1 19 4 25 13 17 2 24 6 16 28 11 11 17 13 8 3 2 26 0 4 12 3 11
14 24 22 14 23 15 27 17 18 11 22 0 18 13 1 5 20 23 1 7 18 21 29 26 29 5 8 29 23 1 18 10 15 21 30 14 21 3 14 6 26 0 22 21 6 8 12 11 23 27 15 20 8 4 8 2 27 29 28 4 10 2 22 4 26 30 30 6 16 7 28 14 17 25 5 0 1 29 7 6 11 16 3 12 24 10 27 6 17 29 13 21 12 17 30 12 12 29 21 22
5 2 7 0 22 27 8 18 28 7 4 8 20 25 4 7 1 26 20 7 9 4 24 8 22 9 8 21 10 12 0 20 10 14 30 15 18 28 4 2 3 12 16 16 29 18 21 14 25 13 4 30 19 13 16 26 30 18 24 10 6 30 29 9 0 22 27 20 4 25 3 15 7 7 22 28 12 20 12 21 5 3 1 15 11 12 27 6 5 10 30 19 16 22 4 13 11 13 6 28
4 12 29 26 23 9 27 10 23 10 20 23 21 25 19 0 21 6 13 23 20 29 25 9 10 25 20 19 25 23 1 16 8 16 4 17 5 17 15 30 21 30 17 19 4 27 20 28 20 13 27 1 3 18 2 29 23 22 7 17 27 18 14 30 20 17 4 24 15 26 2 19 4 30 3 15 27 7 23 23 9 1 29 3 8 0 16 17 21 26 16 24 2 24 29 5 8 25 6 21
15 1 24 12 23 30 24 5 24 1 17 14 17 1 8 3 3 25 28 14 9 18 6 21 2 4 21 25 20 1 7 23 5 19 3 11 25 15 13 10 5 16 15 13 18 13 21 22 19 23 26 4 6 22 25 28 4 12 1 1 22 17 15 7 26 2 3 0 25 3 28 15 9 7 15 8 23 23 0 18 23 30 0 7 8 27 3 22 29 7 18 9 27 15 13 15 19 18 6 28
11 21 12 25 26 27 25 18 19 8 9 6 19 14 6 24 30 20 3 2 22 17 13 20 6 27 15 25 28 27 11 14 30 10 20 12 19 8 9 18 8 20 5 16 2 28 7 26 12 0 25 4 21 25 23 0 13 24 29 8 20 9 22 6 22 3 5 10 20 3 19 30 18 27 29 13 0 0 5 7 14 19 22 20 13 27 20 26 19 15 4 12 8 18 16 30 24 17 22 10
28 9 3 21 26 1 14 7 23 3 1 0 20 22 28 5 4 9 15 30 27 27 27 9 21 27 18 0 16 4 13 7 16 20 28 1 8 2 11 23 9 9 6 27 9 12 23 7 14 9 9 3 11 28 26 8 13 17 10 0 22 18 10 13 9 12 28 11 5 12 21 19 11 29 24 20 9 23 14 0 0 1 7 11 2 27 19 29 29 5 22 5 1 7 4 9 2 21 30 30
26 22 22 22 4 11 28 24 7 30 10 23 27 17 21 3 2 1 19 2 11 27 25 19 30 2 7 2 27 12 18 24 2 6 23 30 26 19 5 1 3 1 29 18 6 11 3 21 27 15 29 19 15 26 28 18 28 14 4 6 23 6 21 19 17 23 0 10 9 22 3 25 23 25 15 1 23 26 15 8 23 24 8 7 7 14 30 18 0 2 6 15 28 29 6 30 0 23 17 7
22 30 14 12 7 19 16 4 28 6 10 28 4 21 3 10 18 23 23 17 8 9 21 6 19 29 29 11 10 4 27 30 7 10 27 2 8 26 21 19 11 19 12 25 6 7 29 18 28 27 15 18 23 7 20 13 0 9 27 27 28 3 23 27 0 8 17 4 30 10 13 11 23 17 25 1 0 19 12 11 4 18 10 17 15 18 28 11 25 9 2 21 30 0 8 9 23 26 30 8
11 19 12 3 5 1 3 16 12 3 22 12 29 24 22 22 14 2 26 2 3 29 4 0 4 4 16 26 14 8 22 6 28 19 11 15 19 4 11 5 21 17 14 14 14 17 5 29 20 12 12 23 17 20 18 8 21 0 26 30 0 17 11 5 10 28 9 8 24 13 7 26 11 20 17 7 27 0 27 27 2 6 18 0 10 14 22 6 13 0 17 1 22 5 15 15 14 26 19 27
22 11 16 5 16 29 12 22 19 26 12 20 14 9 7 29 19 24 23 0 30 5 3 22 16 8 5 23 15 21 14 26 0 11 2 5 17 12 16 13 21 7 18 2 28 17 5 4 14 23 13 4 1 23 18 8 12 26 29 0 1 11 9 0 21 13 21 21 25 22 1 2 4 26 0 9 10 5 26 15 17 23 2 28 4 16 10 30 8 19 10 24 4 24 7 17 30 12 11 29
14 12 17 11 9 18 19 10 9 2 29 2 10 12 15 9 29 8 17 30 12 25 23 29 9 5 13 29 12 18 16 10 15 19 17 27 2 29 23 21 1 19 0 22 7 30 12 27 0 24 18 1 3 14 7 0 7 11 21 8 16 6 29 9 13 20 28 28 30 30 18 0 10 28 2 10 27 24 30 19 2 2 3 13 28 3 13 10 17 19 26 13 29 13 5 10 29 21 18 21
29 14 0 25 22 3 26 12 13 5 28 5 14 17 29 14 8 15 0 10 19 27 24 10 19 7 21 26 30 20 13 21 2 8 9 1 15 22 27 27 21 30 26 28 23 0 7 2 20 11 0 10 12 17 2 24 10 6 28 2 3 30 25 5 5 4 30 10 2 28 1 1 29 23 12 29 3 26 3 20 16 20 18 0 28 22 19 10 6 16 24 9 3 27 5 7 10 8 5 0
14 28 9 29 26 9 15 30 15 6 26 10 25 15 2 29 29 29 16 25 12 13 27 0 26 28 9 8 5 2 12 29 14 4 0 14 1 7 16 16 26 25 4 22 22 21 3 17 7 24 6 7 11 6 26 4 25 2 6 16 20 28 27 4 12 20 21 16 21 19 5 17 4 23 5 28 22 8 18 3 22 25 10 12 5 21 20 23 17 10 3 19 25 15 7 22 19 16 13 8
23 29 20 7 29 17 24 1 2 11 0 14 1 24 28 10 22 7 28 6 12 11 4 14 29 24 13 11 3 21 19 1 20 21 7 16 2 30 4 26 26 27 13 28 19 3 8 6 24 26 11 17 22 25 16 1 21 1 27 19 10 1 5 23 20 20 2 2 15 17 22 19 22 6 8 8 6 16 28 21 9 30 15 9 29 26 1 30 24 4 19 24 13 22 27 2 13 22 5 18
23 10 13 21 14 28 28 15 10 28 24 15 18 26 18 25 8 16 27 15 21 3 16 24 11 3 10 17 26 7 24 5 12 5 3 9 15 11 3 22 13 5 0 3 3 7 18 17 16 23 13 27 22 23 3 23 24 0 4 18 16 29 27 8 14 26 25 24 8 28 13 0 21 7 19 17 15 30 14 18 21 6 19 20 16 26 2 23 25 9 13 16 9 26 19 18 24 11 3 6
15 6 13 19 22 16 3 27 9 3 17 13 8 24 8 28 19 0 2 14 0 15 8 22 16 2 24 15 16 17 16 28 30 13 4 14 18 27 27 5 28 21 16 27 2 12 17 11 27 14 8 11 16 23 11 11 11 15 10 17 24 11 3 26 23 0 12 23 30 15 25 5 28 9 13 9 11 4 15 15 11 25 4 16 8 24 29 25 13 16 22 8 26 1 10 12 0 4 10 6
16 16 7 3 18 8 22 4 21 20 24 1 14 5 14 21 4 9 20 18 14 26 18 3 26 27 5 4 6 1 5 6 4 15 23 27 1 28 10 9 1 12 18 11 4 24 6 6 4 1 5 14 19 26 10 26 18 3 9 7 20 8 28 7 19 15 4 17 26 22 17 3 27 29 14 21 21 17 28 25 20 16 28 1 17 17 25 30 2 22 23 29 5 12 29 23 10 5 16 17
17 23 28 20 8 4 12 10 27 20 23 26 30 23 23 6 14 24 24 6 26 24 14 27 21 0 14 30 10 0 5 21 0 17 9 28 23 1 19 15 17 16 20 18 11 20 20 3 10 4 3 14 10 20 20 16 24 21 20 13 16 30 14 9 16 2 22 19 30 25 20 5 22 1 11 25 27 18 4 23 9 18 30 8 25 6 19 4 24 25 16 12 11 8 30 15 12 9 18 0
20 25 21 24 12 29 6 1 13 21 28 20 29 16 19 6 20 14 11 14 0 25 23 10 14 14 29 4 0 5 8 12 20 30 4 15 6 20 21 24 9 3 28 18 13 6 17 27 14 28 8 11 13 28 14 5 29 29 29 29 19 21 12 6 17 12 20 16 1 21 11 28 17 25 28 7 23 14 12 28 26 0 7 0 8 15 8 28 3 26 0 6 7 10 3 17 15 12 14 28
16 26 13 1 6 18 10 21 15 27 14 6 0 24 11 14 7 23 4 1 17 23 8 20 15 10 18 20 8 22 8 22 12 2 15 14 0 24 3 29 25 12 21 23 0 30 1 1 9 8 13 10 30 18 26 20 12 9 3 0 24 19 21 14 19 17 16 23 2 8 14 4 0 20 11 21 25 15 0 0 11 22 12 0 7 25 26 9 28 11 6 3 20 5 24 17 26 22 17 10
27 7 26 19 12 11 0 7 18 9 1 29 11 7 22 14 27 11 19 15 25 30 13 3 11 30 27 6 8 28 27 23 17 4 17 12 9 27 7 23 5 3 5 0 21 19 24 1 28 6 7 12 4 22 18 20 12 7 10 19 9 25 29 27 13 30 16 1 10 4 15 1 21 16 27 9 8 21 8 11 0 15 4 26 27 27 10 14 7 18 15 8 17 3 14 7 16 2 8 7
23 2 6 4 25 20 27 11 8 17 4 26 24 13 9 2 26 24 18 22 12 20 18 4 14 12 14 22 29 10 1 24 24 21 19 18 29 5 19 6 30 26 16 2 21 6 11 2 3 26 12 7 26 16 1 21 11 27 16 22 9 24 0 4 7 19 15 29 28 20 4 12 7 7 29 0 25 7 0 6 17 2 0 7 23 17 24 24 30 22 8 1 27 2 22 25 29 24 18 16
18 13 28 21 12 27 11 29 19 17 15 2 3 27 8 6 26 16 2 14 24 1 13 30 8 28 1 4 6 29 22 24 18 13 18 11 28 19 4 26 0 9 4 23 23 15 12 7 23 12 23 16 21 0 30 26 6 18 5 6 1 29 23 29 22 5 0 28 2 11 22 13 19 13 18 24 14 7 29 19 5 21 26 13 13 8 2 6 8 14 14 15 13 18 20 19 24 23 10 18
