16 16
6 22 30 9 25 21 14 29 27 30 15 28 19 25 16 20
16 5 0 17 28 30 3 24 3 10 17 7 10 26 9 27
6 23 26 23 30 6 17 9 6 15 20 29 13 21 17 9
3 7 7 20 17 16 13 20 28 25 1 26 7 11 28 22
15 2 16 26 4 18 18 15 16 29 15 7 4 28 21 10
30 27 28 19 19 16 19 9 29 12 15 1 27 2 26 26
17 22 13 0 19 29 10 13 14 30 13 8 24 22 20 0
7 11 25 0 27 28 17 10 9 2 10 28 19 21 22 0
8 4 11 16 6 19 13 17 24 11 17 23 8 14 10 16
28 9 16 16 0 4 22 11 27 9 5 9 9 21 14 7
3 19 29 3 20 28 8 15 12 22 3 3 30 29 11 28
10 7 20 13 27 18 9 23 30 1 8 9 6 24 10 18
17 3 8 12 19 3 3 30 16 13 24 11 4 4 0 5
10 0 19 22 29 9 20 25 29 15 27 29 29 1 7 27
6 6 29 20 22 22 18 17 1 9 28 15 22 21 21 14
6 13 20 13 12 29 12 6 29 19 21 13 14 16 11 13
