19 19
7 1 13 27 0 17 10 2 7 4 17 22 21 3 27 12 22 12 8
10 20 14 22 14 29 24 13 15 3 27 10 5 29 10 2 26 13 4
29 29 14 1 5 22 4 24 0 10 9 27 4 18 1 2 27 23 30
17 11 7 5 5 18 25 4 21 19 11 5 28 14 14 6 7 5 14
26 28 25 27 16 29 5 6 2 13 26 8 23 10 6 3 13 18 1
27 16 16 25 21 12 16 22 21 0 13 11 15 9 15 10 19 11 3
12 10 21 19 27 2 28 7 2 7 23 24 19 4 22 20 9 1 3
10 15 2 25 3 4 9 6 13 19 17 3 14 23 0 15 29 13 12
18 0 19 17 13 30 20 25 9 13 14 13 18 1 13 8 21 24 23
17 26 7 6 24 24 20 14 8 20 26 28 14 9 4 9 1 30 9
4 17 27 30 22 16 29 11 19 26 11 7 1 22 24 24 30 5 2
7 29 6 28 28 26 26 11 17 23 6 6 6 30 30 10 7 1 2
15 19 29 14 0 14 9 1 10 4 15 25 8 10 27 28 21 25 30
9 13 0 21 10 18 0 9 12 5 7 4 28 26 21 4 8 29 16
19 30 15 27 21 10 7 4 19 30 17 6 12 20 4 2 22 1 3
7 13 9 3 15 26 29 18 27 2 1 21 15 30 19 14 6 20 10
22 28 18 7 29 30 27 16 14 13 14 29 27 7 22 27 9 24 1
4 15 30 5 25 14 15 27 15 5 4 30 21 2 19 8 1 28 27
7 16 8 13 18 20 26 3 28 0 3 6 0 18 30 30 28 17 17
