23 23
5 7 8 0 6 5 12 0 0 7 14 8 16 22 23 23 26 16 5 21 1 10 28
30 15 20 27 27 20 13 20 29 11 21 29 10 12 7 0 13 16 21 30 12 19 17
13 5 17 22 8 13 20 12 18 28 17 20 29 18 22 8 12 17 24 13 26 22 21
30 5 26 10 21 1 22 13 29 28 8 16 2 17 30 12 9 15 2 25 14 7 9
7 15 15 28 29 20 13 10 25 0 16 17 9 19 18 3 22 28 26 30 5 30 20
14 25 30 18 24 3 28 1 4 22 17 27 30 30 22 16 6 21 3 4 30 16 19
28 5 24 27 22 18 5 16 9 13 27 28 4 6 9 14 14 30 12 24 4 24 4
16 2 24 12 13 6 6 15 20 15 7 27 28 26 4 7 1 12 1 23 30 28 5
22 17 13 0 30 21 16 7 11 7 13 19 9 0 9 22 20 28 15 10 22 3 26
2 26 11 29 27 11 18 5 5 12 22 27 24 12 1 14 15 28 0 22 0 20 4
5 9 24 21 23 21 28 11 24 6 22 30 26 18 10 2 10 18 9 29 8 2 15
5 13 6 23 3 30 16 10 10 10 26 21 18 2 29 4 25 3 15 6 26 6 5
13 24 13 22 0 2 26 30 19 22 24 5 29 2 10 24 27 25 12 23 12 11 28
29 3 18 10 27 2 28 8 23 11 21 26 12 8 24 17 24 17 14 7 4 1 9
11 25 0 28 13 12 24 25 11 19 27 0 28 15 29 30 0 0 15 19 0 10 4
6 17 21 20 21 4 9 18 5 19 25 28 24 19 16 4 7 10 3 28 12 13 18
25 24 6 5 11 29 22 4 27 18 0 27 7 20 28 0 10 0 8 5 11 9 20
16 25 23 17 4 23 9 8 19 0 25 12 1 12 21 17 25 25 12 23 30 13 18
10 8 9 27 10 10 27 18 17 7 30 18 17 26 14 26 27 7 18 14 23 24 14
13 14 9 7 28 4 28 14 3 29 27 20 27 14 15 28 14 5 25 29 15 15 15
2 18 2 0 5 23 26 27 15 18 30 5 1 6 30 0 30 9 1 20 19 5 7
13 6 30 23 0 0 8 19 26 6 5 7 23 14 19 25 23 2 5 18 9 28 8
20 23 29 26 0 5 1 16 19 5 27 11 9 18 21 24 17 5 28 23 25 17 16
