25 25
15 0 1 5 28 28 7 13 16 21 20 12 9 3 21 15 4 11 24 28 17 30 18 14 28
23 9 18 2 28 13 17 21 3 9 4 7 20 28 22 15 12 23 13 29 11 29 6 24 11
27 4 13 30 27 26 17 12 15 1 7 14 30 2 0 15 19 2 29 5 13 5 12 3 3
5 20 26 19 24 18 10 15 5 7 3 21 0 16 5 23 18 26 23 3 20 13 18 12 2
22 28 17 20 15 3 13 6 14 0 27 15 13 21 22 0 26 9 6 12 5 7 22 7 28
27 11 23 22 12 6 20 18 9 9 9 10 1 8 16 24 24 2 10 11 13 29 0 14 11
23 25 21 16 10 29 8 15 23 11 18 5 23 23 30 30 27 21 1 16 4 11 0 22 5
8 30 28 19 29 4 5 21 22 3 22 15 12 8 30 20 4 24 27 20 20 12 11 26 24
30 6 18 8 28 2 1 16 18 26 22 28 5 9 1 24 2 7 14 8 29 6 17 26 7
21 29 25 21 11 17 9 8 19 6 23 13 22 4 1 11 5 29 20 1 11 25 1 29 20
22 3 9 20 9 13 24 2 10 0 23 22 3 6 16 1 16 16 16 13 30 0 0 28 20
15 12 29 9 9 21 2 21 27 15 1 19 11 22 17 26 20 21 2 20 2 21 14 28 4
2 2 11 14 1 22 5 11 11 0 24 18 25 29 18 24 0 28 9 3 25 30 15 0 13
4 0 14 5 15 15 5 2 18 10 25 21 24 28 16 1 1 27 7 2 3 17 30 10 14
12 10 30 7 4 11 25 7 16 24 8 0 3 19 7 9 7 18 18 30 21 17 3 30 5
29 26 29 2 27 2 19 19 28 11 11 8 30 6 26 26 25 9 2 23 16 2 10 28 25
21 8 16 17 8 1 25 2 9 30 23 3 18 11 28 5 9 21 12 10 14 28 13 23 16
4 0 6 12 0 3 24 12 17 17 12 24 17 15 19 19 4 12 24 26 2 1 12 18 25
21 2 9 24 29 24 25 28 0 11 8 8 5 15 15 13 21 14 28 28 4 1 24 16 1
0 22 6 0 7 2 12 10 26 10 25 2 0 7 19 3 23 8 11 7 29 27 22 22 11
9 2 22 11 3 29 27 29 22 7 19 6 23 13 14 29 2 13 17 26 11 19 25 24 21
16 5 2 25 14 11 30 3 14 16 15 16 28 28 16 3 11 14 18 20 23 11 3 10 17
19 4 22 0 13 21 23 29 1 19 8 18 30 2 21 8 2 23 12 18 27 24 19 14 22
14 23 23 27 8 25 5 21 4 20 14 30 7 0 23 4 26 10 11 8 30 14 18 5 24
1 9 15 2 21 30 7 23 8 11 12 21 0 27 5 26 16 1 17 25 21 7 10 12 0
