27 27
8 14 30 3 22 9 5 20 25 18 29 5 14 3 24 28 10 11 22 8 13 5 10 24 10 20 4
13 18 5 10 30 17 25 28 0 1 6 23 3 8 18 15 9 27 0 12 17 23 6 4 10 4 30
3 22 11 12 7 7 20 0 4 27 18 29 3 6 14 9 5 7 22 5 28 15 6 10 9 11 6
26 29 6 0 3 5 10 30 8 6 24 15 24 1 4 8 6 25 26 27 9 13 9 25 22 3 11
17 27 28 26 3 30 16 14 19 13 19 9 12 30 22 15 9 12 11 19 25 6 13 4 7 5 7
12 8 17 22 5 8 19 30 29 19 3 19 7 9 23 20 27 27 19 21 10 23 27 29 3 8 9
25 5 24 6 30 29 4 23 18 0 10 10 30 11 14 10 4 19 5 3 9 25 22 18 0 10 21
4 23 12 25 26 8 22 16 9 5 2 4 28 27 3 25 12 12 11 16 16 8 23 16 2 22 0
11 26 29 25 23 4 10 8 25 0 14 11 15 11 10 2 15 17 11 3 24 22 0 8 9 2 0
0 23 2 14 7 8 25 30 13 18 19 28 4 0 28 20 20 10 0 26 24 25 27 18 28 21 2
26 4 18 14 23 1 21 14 14 21 7 18 7 1 8 6 17 8 26 4 0 21 6 15 4 24 0
26 28 11 13 28 9 17 26 26 0 21 21 10 18 17 12 0 16 22 7 8 22 19 7 16 3 20
14 25 27 3 8 6 0 15 14 23 13 6 11 26 24 17 13 19 5 1 0 22 9 29 14 23 17
30 30 12 20 8 5 28 22 21 17 21 29 5 15 10 25 30 0 18 11 6 19 4 18 9 15 28
11 27 30 2 1 18 14 23 14 14 7 17 15 0 2 3 1 6 6 0 20 9 0 23 16 11 13
28 14 19 3 1 14 4 2 30 15 17 22 4 24 26 28 18 5 15 25 6 27 18 23 15 2 27
20 14 18 6 21 7 15 20 11 1 2 28 5 16 20 28 30 4 4 28 24 14 9 3 14 8 19
15 15 0 16 1 1 21 4 30 22 29 7 0 2 29 11 14 25 29 17 17 26 16 25 25 14 22
25 2 25 4 26 20 7 23 12 14 10 1 28 12 8 16 6 30 23 27 27 18 25 14 6 25 24
8 9 12 17 6 4 12 30 5 28 1 25 19 19 10 6 9 0 25 27 19 4 3 3 6 29 14
5 11 2 22 14 12 8 27 25 10 3 28 4 27 24 12 14 16 13 8 22 1 20 30 0 21 29
27 1 27 22 15 17 24 10 27 17 30 13 7 16 25 16 30 4 0 6 3 17 23 30 19 28 18
26 9 18 4 19 25 23 18 6 24 26 30 0 28 10 17 28 6 4 9 29 25 0 19 7 22 8
21 16 17 18 29 19 0 23 8 1 9 10 6 2 6 5 18 2 19 16 10 30 3 18 16 2 16
3 2 8 3 1 14 11 9 21 21 5 10 15 18 18 0 26 24 19 1 17 24 3 29 12 7 27
30 16 29 9 20 19 5 30 18 1 28 8 7 24 15 25 2 25 1 24 11 21 10 2 27 25 1
27 30 18 18 29 13 2 27 21 5 22 3 22 29 30 21 22 3 14 1 4 30 28 25 26 13 26
