28 28
10 16 22 6 5 11 25 23 29 27 13 0 2 16 11 25 18 2 14 10 21 0 1 23 26 24 22 21
17 22 26 26 7 11 0 18 19 7 21 8 8 26 28 10 20 28 14 24 18 12 30 14 13 29 4 1
17 24 27 6 28 28 12 20 22 0 14 30 21 30 24 8 15 0 13 30 19 30 4 13 29 28 23 7
3 15 27 3 15 6 13 20 21 30 9 26 28 10 11 5 6 29 9 26 22 8 24 27 2 17 4 27
16 4 14 22 13 6 12 14 23 14 29 0 27 7 15 30 8 0 20 23 18 25 27 22 17 18 14 26
9 22 13 6 12 25 0 23 29 22 14 9 2 8 6 25 4 26 1 24 5 7 2 18 12 8 7 13
12 26 26 21 21 11 14 18 17 8 12 18 28 15 13 4 4 27 7 26 1 5 22 29 3 3 15 30
16 20 12 29 13 7 22 4 22 9 4 5 22 0 28 4 1 13 7 7 23 30 18 14 20 3 4 21
14 3 4 19 3 23 17 27 6 17 2 21 22 26 24 19 1 16 28 21 11 10 20 19 22 18 23 21
29 28 9 30 12 26 28 15 30 30 15 17 27 11 15 23 8 1 22 18 30 18 29 1 26 13 11 1
8 1 20 29 0 4 29 2 30 4 25 9 27 9 8 29 26 12 8 5 17 11 16 10 2 12 21 25
14 17 10 17 16 9 28 18 16 19 30 11 18 8 13 3 17 19 11 9 3 18 24 26 18 28 4 28
27 27 22 9 28 26 19 12 27 25 30 25 15 20 24 15 1 14 7 1 5 29 2 20 4 10 11 1
0 30 24 8 28 9 12 15 0 16 11 25 15 21 25 1 18 3 13 19 10 25 23 30 11 26 24 27
24 9 11 2 4 29 22 1 2 21 28 9 2 10 5 8 2 28 14 28 11 13 26 15 8 3 15 11
19 11 13 1 0 3 17 9 20 25 26 15 9 25 29 14 23 26 27 26 21 23 19 26 5 10 30 15
24 14 0 6 12 28 25 13 10 2 9 30 19 16 11 23 0 1 29 9 27 22 30 14 26 22 22 9
27 19 0 24 7 26 29 30 3 10 27 20 17 24 24 30 7 21 6 9 15 16 8 21 1 22 24 25
3 7 13 2 27 13 26 14 21 11 29 5 15 16 19 9 14 12 18 11 0 26 24 19 25 13 22 28
21 10 6 26 13 26 0 16 22 13 20 16 30 20 0 14 14 21 24 7 14 25 16 29 16 25 18 1
9 17 24 18 14 21 15 0 13 17 29 2 13 23 29 25 6 26 28 29 14 16 5 25 26 28 2 17
10 1 30 16 21 10 2 16 6 8 26 15 29 23 26 5 2 9 3 26 6 16 12 6 1 6 2 20
14 2 6 25 9 24 25 10 0 5 14 3 5 28 1 19 29 25 7 21 17 9 14 10 18 2 14 12
6 22 3 10 8 13 25 3 3 16 22 7 14 3 27 15 20 14 10 29 12 30 16 24 1 9 9 23
5 8 18 3 24 28 12 19 22 12 0 28 21 23 16 21 27 3 24 24 25 25 10 30 25 24 15 4
20 2 11 19 9 4 5 17 4 15 15 21 12 0 15 22 8 0 4 28 6 18 25 2 9 20 13 24
28 29 23 9 15 1 23 14 27 12 6 20 28 13 28 22 11 4 16 15 29 24 19 19 28 21 13 29
30 25 21 6 0 25 29 29 3 25 27 25 20 25 22 12 22 1 4 13 22 4 4 4 24 7 24 27
