33 33
6 14 5 3 26 1 14 11 22 16 16 29 18 6 13 11 28 2 8 28 30 23 15 29 30 13 12 28 9 17 29 13 23
12 5 10 15 18 16 6 14 28 26 10 14 12 18 8 17 13 1 30 20 18 11 17 19 29 10 27 18 11 17 18 9 11
12 28 4 12 2 24 20 24 3 8 19 20 16 7 25 22 27 4 3 1 20 16 7 19 1 29 21 2 12 25 14 28 20
6 12 15 0 25 7 22 25 20 27 18 26 20 30 12 19 14 0 4 0 21 21 11 20 23 2 2 23 27 0 27 5 19
23 9 24 19 2 1 26 19 28 17 26 17 18 10 28 6 21 26 18 28 3 8 25 15 0 8 6 24 0 1 0 28 21
18 18 17 4 23 13 8 28 14 22 17 4 4 16 0 18 28 30 15 30 4 24 5 19 10 15 9 27 7 27 23 22 12
29 2 25 29 24 0 4 3 10 15 27 23 24 12 27 9 22 13 11 16 30 23 10 18 25 29 30 16 1 15 1 1 13
22 20 19 9 14 10 25 0 18 28 24 6 20 28 10 1 26 18 25 17 22 4 29 26 11 29 30 2 11 11 18 8 16
29 0 21 25 24 1 16 30 5 1 11 11 6 0 23 13 22 10 15 22 19 19 7 30 25 21 7 16 24 3 13 2 20
23 10 21 0 22 6 2 4 22 1 4 5 16 28 23 11 23 28 21 12 20 6 3 2 19 12 10 26 12 26 21 11 23
12 25 23 28 16 24 16 28 4 2 16 12 2 2 24 22 0 21 19 26 16 0 0 23 1 19 18 1 7 3 24 19 25
20 7 7 20 26 7 26 27 23 21 17 1 4 15 8 25 3 3 9 1 1 5 23 27 4 10 21 1 26 20 7 12 0
1 29 29 1 14 23 29 26 16 4 0 16 16 19 16 10 17 17 4 2 9 11 26 13 27 12 1 27 21 24 9 11 10
9 15 13 23 17 27 1 26 19 30 28 16 6 26 25 26 6 3 19 1 15 20 16 0 29 6 25 9 13 19 17 25 28
12 9 19 22 11 7 14 10 2 22 24 1 21 29 7 6 24 23 12 23 11 3 26 9 12 12 18 8 13 16 23 4 15
29 6 2 1 21 5 20 18 27 10 9 8 27 1 7 22 15 27 8 13 5 25 26 10 25 1 14 17 27 3 24 26 29
29 10 22 13 30 11 23 30 16 18 20 23 27 28 23 19 20 16 15 14 26 26 15 26 8 26 0 10 9 24 1 16 2
4 22 8 19 7 29 2 18 24 13 15 23 13 17 20 3 9 6 0 3 6 18 15 9 12 10 20 3 11 7 9 30 15
27 5 14 4 25 13 22 28 30 29 5 7 5 28 5 10 6 7 23 26 16 22 14 24 5 21 1 3 20 19 24 8 23
22 26 19 1 0 6 30 8 29 28 26 23 11 23 21 24 20 9 3 12 17 25 18 15 19 14 0 5 6 26 21 16 1
19 3 20 4 5 11 13 19 7 1 11 21 30 9 14 16 14 8 29 18 29 10 18 0 20 18 2 16 14 18 7 2 11
26 9 25 2 29 27 21 24 29 14 13 22 1 16 22 23 24 28 15 7 22 5 2 17 24 2 10 8 9 8 9 22 11
4 26 6 8 5 5 23 5 15 10 12 12 2 12 5 20 22 11 25 18 25 14 4 19 0 12 1 13 3 3 0 2 3
29 24 19 2 9 20 3 10 13 21 22 6 3 6 19 12 15 0 6 1 13 18 18 14 6 6 23 17 11 27 29 4 7
27 23 0 24 3 27 10 11 15 0 19 24 6 30 19 10 20 3 9 6 2 20 30 26 2 1 10 3 11 19 2 15 11
5 28 6 1 15 15 7 15 5 24 24 1 21 23 23 5 16 5 19 1 25 15 21 22 28 11 4 23 21 30 13 5 9
20 17 12 5 14 3 28 10 5 6 15 19 19 24 3 2 18 17 12 3 24 2 18 10 3 30 10 13 7 18 15 22 3
0 4 10 0 2 11 11 15 18 30 25 30 29 14 12 12 8 8 26 17 4 4 1 22 11 21 10 5 28 20 5 5 18
2 28 24 22 11 11 4 2 7 21 5 0 16 12 3 26 4 15 24 27 30 26 20 8 0 17 6 30 21 30 10 13 28
13 13 0 6 7 12 15 15 17 27 17 20 15 14 17 7 30 19 0 14 21 25 18 11 18 23 20 23 23 11 28 18 23
25 5 18 22 2 22 20 17 12 10 7 29 4 9 1 12 19 8 15 30 27 30 13 9 18 19 8 11 17 2 15 9 9
10 6 7 14 16 15 0 11 24 4 9 28 10 16 30 7 12 5 9 13 30 0 18 15 16 10 4 11 22 28 17 8 23
7 12 22 21 22 5 1 1 8 27 15 1 18 12 6 7 10 20 4 20 14 24 13 16 7 26 17 27 27 5 29 13 27
