35 35
24 3 13 28 21 5 3 23 29 19 26 14 16 29 0 14 16 25 11 14 4 25 24 7 18 9 10 24 3 25 6 16 16 21 1
18 21 24 0 8 4 15 28 19 21 7 2 21 10 20 8 11 20 24 15 8 0 7 20 6 21 24 1 15 5 13 1 14 20 26
17 2 17 28 22 23 15 26 18 12 25 17 9 21 22 22 6 29 8 6 15 5 22 0 17 1 7 2 23 8 17 19 21 11 29
22 6 15 12 3 25 5 24 4 9 10 10 17 25 9 9 10 2 11 28 22 11 20 29 28 5 15 8 22 3 12 9 10 19 7
18 13 12 7 14 9 1 8 29 12 14 25 10 22 26 19 4 1 28 6 1 10 14 10 5 20 15 7 1 21 30 9 5 13 27
30 21 8 28 27 12 24 1 9 3 10 24 6 3 28 26 18 17 15 29 1 3 16 17 19 27 21 3 2 11 11 14 16 26 5
27 6 3 6 15 4 14 6 17 19 20 29 30 20 27 25 21 15 16 29 11 28 13 19 25 30 27 25 14 3 18 18 24 9 5
6 19 6 16 25 23 19 19 22 10 6 26 30 25 23 2 22 27 25 29 11 23 4 10 30 8 16 30 0 12 27 5 9 28 8
16 15 9 17 27 9 9 21 19 28 9 8 24 6 13 25 1 23 4 8 7 24 24 9 7 14 15 23 3 23 19 6 14 1 6
17 2 2 19 28 2 28 13 24 20 9 24 5 7 12 20 15 16 12 25 23 25 19 6 11 18 1 2 11 21 16 27 25 1 4
10 27 21 10 27 1 26 24 10 15 2 9 22 26 21 4 28 18 22 8 13 29 17 24 14 22 14 13 24 2 14 9 25 24 22
14 23 21 3 16 26 9 5 26 16 11 19 4 19 4 9 30 27 13 18 8 25 2 9 13 23 13 23 9 0 9 2 29 16 28
3 26 29 26 10 28 29 21 15 10 3 18 11 27 10 17 16 15 1 11 10 6 18 29 20 27 30 15 13 22 21 1 15 22 20
2 21 24 15 13 6 27 4 0 27 11 24 29 5 3 26 18 16 13 6 25 10 25 4 15 30 22 16 15 9 11 14 22 26 5
20 8 14 12 7 0 19 21 9 1 24 30 15 16 22 22 10 24 28 20 1 25 25 12 6 9 16 22 28 20 1 0 15 23 1
18 14 8 1 6 15 20 17 14 26 10 11 24 11 25 13 2 29 3 8 12 19 28 21 0 24 2 22 13 4 10 8 23 3 19
22 3 22 27 1 6 8 29 28 28 11 18 6 22 16 21 3 15 25 25 14 11 20 30 15 3 15 21 0 8 0 26 28 8 30
30 22 8 16 29 10 22 10 6 7 26 14 3 0 5 15 27 15 11 10 9 19 4 0 20 19 28 11 11 20 2 10 4 0 20
23 12 10 6 10 23 22 2 5 10 26 16 9 25 6 2 12 23 26 22 5 28 30 30 24 4 6 18 30 30 13 13 11 6 6
9 1 9 21 7 5 30 3 8 21 28 21 4 23 14 23 27 8 22 25 29 10 6 17 3 0 16 11 20 19 0 21 19 25 9
25 17 2 3 30 26 15 17 10 20 25 13 18 3 3 12 29 28 15 21 26 15 26 11 3 28 16 6 7 25 16 20 5 21 12
26 24 13 17 22 29 8 14 21 21 19 8 27 21 2 15 27 13 3 10 7 17 20 1 8 30 22 24 21 29 0 18 29 14 29
6 16 6 14 3 6 10 23 21 4 24 22 12 17 18 12 28 23 15 26 27 2 8 4 6 22 20 25 0 17 16 11 9 11 3
5 29 8 13 27 12 1 5 27 4 7 29 24 11 24 13 5 26 8 24 1 28 14 13 11 19 25 11 22 24 1 12 13 5 7
13 8 18 24 7 27 20 4 9 18 26 21 25 22 14 5 28 7 22 29 14 12 28 12 13 20 16 12 13 6 25 0 26 2 6
25 5 7 20 3 25 20 3 19 4 13 2 21 26 1 10 5 8 25 26 22 9 6 25 26 5 21 6 24 4 9 11 11 27 24
21 17 25 7 9 2 28 8 24 25 5 1 16 28 17 21 4 19 1 12 8 1 22 17 15 28 28 9 30 1 25 0 6 19 3
19 5 23 1 12 9 2 2 23 29 16 20 1 9 0 20 24 7 10 9 19 22 25 25 0 19 25 21 28 7 20 21 18 27 2
20 23 10 13 14 19 11 18 5 8 17 16 20 15 23 15 0 2 18 14 26 6 18 27 11 27 23 14 17 8 3 22 4 20 8
12 24 7 11 21 13 17 24 14 3 26 10 6 18 13 22 19 23 12 14 8 15 1 22 16 15 15 0 6 11 15 27 8 2 12
21 6 29 0 29 10 22 7 4 17 9 2 13 17 5 23 16 12 4 12 1 19 4 0 6 25 8 29 6 25 16 6 11 12 9
0 7 14 22 10 22 0 10 0 17 21 26 3 13 19 28 12 22 18 28 13 22 29 22 28 28 8 17 0 3 27 10 6 28 18
20 7 20 18 5 29 9 4 15 17 24 28 2 17 13 0 18 29 0 22 20 0 27 3 17 28 24 12 9 30 4 0 9 20 23
28 3 28 3 25 23 15 27 30 0 1 1 22 24 7 19 14 13 11 13 0 27 29 7 1 19 18 6 27 26 3 23 5 5 27
24 12 1 10 20 29 28 2 1 25 26 4 1 15 9 1 8 9 4 2 21 26 2 28 26 5 11 4 0 3 9 17 24 25 28
