37 37
27 23 29 17 16 27 16 28 17 17 29 10 24 15 2 29 10 3 1 7 9 19 30 11 8 5 13 23 13 13 8 15 27 21 1 30 16
5 25 10 26 12 3 24 14 19 23 28 12 12 4 18 9 1 10 2 14 5 6 28 22 29 28 27 18 9 2 7 0 1 30 25 1 9
9 22 10 12 4 12 30 14 5 30 6 13 14 10 29 8 30 3 23 14 4 9 4 10 28 6 23 23 29 17 4 15 18 30 28 21 30
28 2 4 10 20 9 24 28 21 11 14 18 21 29 3 3 23 24 2 14 24 22 12 21 2 17 4 9 29 29 30 30 22 28 3 3 24
8 9 17 21 23 28 13 26 16 21 13 10 26 2 0 29 5 8 27 1 7 28 10 16 4 12 5 24 20 4 24 2 9 19 5 6 4
18 27 4 20 2 7 9 6 17 27 11 20 23 19 24 11 23 8 8 18 0 21 8 5 18 30 4 5 27 28 0 27 17 16 17 30 10
5 13 18 6 19 1 6 10 16 29 2 8 1 14 16 27 26 2 21 19 17 2 10 29 27 19 16 17 10 23 30 19 19 8 9 26 10
4 8 7 14 12 0 13 11 4 12 22 10 28 16 26 21 13 0 15 18 19 21 17 5 5 29 5 26 25 10 2 1 2 4 26 10 15
1 15 17 0 3 24 5 22 4 2 9 5 24 8 2 12 3 11 11 14 9 13 0 8 13 21 18 2 19 8 24 9 7 13 26 9 6
6 24 24 16 14 0 26 25 21 19 1 23 18 8 13 12 22 20 21 16 24 16 17 6 14 2 24 6 19 30 28 16 12 26 30 4 1
26 20 16 2 6 28 13 28 24 20 16 25 28 17 11 11 15 14 17 26 20 23 11 30 16 8 28 16 21 25 23 29 4 23 13 22 20
29 4 4 27 30 24 0 11 8 0 8 23 23 8 13 27 3 12 8 7 28 9 18 1 20 4 4 4 23 4 9 24 22 12 12 1 13
23 28 10 8 5 18 2 10 27 4 24 16 28 23 29 20 12 26 12 18 20 14 14 29 4 17 8 28 12 30 19 29 23 8 20 3 17
2 0 27 28 15 29 2 13 0 25 11 29 29 27 4 15 11 0 15 17 17 3 4 7 27 30 28 24 21 3 23 14 17 22 15 22 27
30 30 2 12 15 12 5 1 5 2 18 17 18 26 7 23 21 19 0 26 2 4 7 22 27 27 18 27 28 30 1 11 6 30 5 7 13
29 2 9 9 9 29 25 15 3 6 13 2 28 17 23 2 2 16 14 5 6 21 20 8 28 0 19 26 24 1 8 4 10 16 23 26 14
17 15 8 30 12 12 25 16 17 0 16 12 25 15 24 12 8 4 1 28 19 14 24 11 9 1 2 10 1 18 18 1 8 19 9 27 14
14 20 26 15 26 25 18 2 2 25 22 12 7 28 19 11 7 30 11 2 21 26 7 3 28 2 19 11 16 23 3 12 7 11 25 14 26
22 4 2 0 13 10 7 9 28 8 4 20 26 21 21 25 19 17 21 7 19 9 3 21 21 27 6 3 8 18 5 22 9 26 26 23 5
3 1 7 14 9 29 25 1 28 14 26 2 18 16 16 10 28 23 2 23 17 18 28 23 19 26 19 4 9 30 27 22 28 29 25 12 27
16 12 13 22 8 8 0 0 0 27 2 0 17 24 11 30 5 25 29 16 1 21 4 8 28 14 27 30 30 2 20 21 4 21 1 1 5
30 22 14 7 1 28 8 0 27 28 12 16 26 12 4 12 22 28 18 30 2 8 30 29 20 12 14 28 7 3 6 16 12 9 27 30 28
24 0 20 15 28 17 24 22 12 12 2 2 26 25 23 7 3 23 2 12 20 9 1 8 2 17 25 3 17 19 7 6 13 10 18 14 14
15 15 0 16 3 9 19 17 0 0 20 21 5 23 23 5 19 17 27 5 3 18 6 21 20 6 21 23 2 5 1 10 3 7 24 6 20
7 24 4 9 24 11 12 30 16 29 0 28 1 17 2 4 29 23 26 20 28 27 10 2 6 22 13 9 4 23 20 24 5 21 23 2 4
22 12 23 20 29 8 20 14 7 0 6 18 8 24 19 2 25 27 16 25 17 14 24 3 29 18 2 15 10 27 7 26 6 13 25 26 25
12 28 30 8 26 26 10 4 6 20 17 21 15 6 15 4 24 20 21 7 19 10 1 22 5 17 6 25 23 1 7 2 2 0 14 1 2
29 29 19 0 27 23 15 8 17 16 11 29 3 25 2 6 1 28 2 9 11 17 16 26 29 6 27 17 4 3 0 20 4 29 14 6 9
29 14 3 4 25 17 20 21 26 19 29 5 8 12 24 19 4 21 12 18 18 10 3 2 14 17 16 2 7 16 24 10 10 29 8 7 13
24 25 20 9 6 23 19 22 18 22 4 18 16 18 11 22 29 25 25 23 27 15 5 1 12 7 24 30 14 3 17 26 3 9 20 27 28
2 3 13 5 20 0 14 18 14 19 18 13 28 11 4 10 4 2 25 30 23 22 5 14 25 11 11 21 2 23 24 20 27 27 23 19 8
30 18 3 21 8 21 7 7 16 1 26 16 1 1 27 18 21 8 25 11 23 19 9 22 14 9 17 12 3 28 12 9 5 30 4 23 22
21 29 24 20 7 28 2 17 15 30 3 9 20 3 28 30 11 11 22 14 20 21 21 4 28 30 2 22 5 6 25 11 12 13 30 30 15
27 6 25 20 23 14 17 15 2 15 14 7 3 28 28 3 24 7 9 0 7 30 18 5 24 17 14 24 0 24 20 26 30 11 3 30 6
25 29 30 28 25 12 22 20 5 4 29 1 3 4 21 4 3 23 7 13 16 0 9 10 9 0 21 0 13 17 29 27 22 3 30 29 3
26 16 25 24 0 19 17 30 2 28 0 4 9 10 23 30 29 10 19 16 2 6 20 7 0 8 13 11 5 25 21 5 17 26 22 7 6
22 11 10 6 2 24 0 26 1 14 28 7 0 1 15 10 8 0 23 21 19 4 4 4 22 25 4 30 2 22 28 10 17 26 3 12 21
