39 39
18 30 30 21 27 3 25 17 18 1 22 29 7 16 27 20 16 26 18 9 21 15 30 7 15 6 1 2 3 26 18 8 0 30 10 6 10 4 8
14 14 15 0 6 0 18 2 25 14 3 26 14 21 5 1 13 25 20 19 17 30 0 3 27 29 10 3 16 13 17 20 19 15 14 30 16 19 16
18 3 26 29 28 28 26 23 11 21 20 24 0 20 25 23 28 30 3 16 12 10 3 26 14 11 24 0 7 7 23 11 2 20 30 9 11 21 21
9 20 27 7 1 27 1 16 3 7 3 30 30 11 25 13 17 17 3 12 15 2 9 25 29 2 23 8 16 16 2 11 24 11 5 25 18 5 15
22 7 26 7 21 8 23 29 13 10 13 28 12 7 13 20 19 18 11 11 6 15 0 20 12 12 24 11 21 18 0 29 25 29 5 22 18 30 18
30 18 14 3 17 23 15 23 18 4 16 14 29 7 7 14 2 23 11 8 22 25 20 17 28 21 25 23 14 23 20 2 13 15 24 1 23 18 9
15 19 9 21 11 18 0 24 13 16 9 6 11 29 29 16 25 27 19 26 18 11 25 4 10 18 3 20 21 27 11 17 26 13 20 12 12 30 21
2 29 7 30 8 7 9 1 14 23 30 10 18 12 8 7 13 15 16 30 29 8 5 5 29 2 25 24 5 6 7 5 15 8 27 16 9 2 7
26 18 11 23 23 11 11 8 16 4 29 18 7 14 4 13 28 22 23 6 24 19 13 26 23 20 27 2 11 5 25 25 22 4 14 25 4 14 11
28 20 12 10 15 24 12 0 4 23 0 7 20 24 16 2 18 5 20 0 29 16 6 12 23 4 22 27 14 6 24 6 23 1 11 16 23 5 18
29 21 22 12 19 9 13 25 12 17 23 30 9 1 12 24 1 14 18 29 17 24 24 9 18 15 0 5 9 9 0 10 17 2 15 19 19 23 21
18 8 16 10 12 7 5 21 22 12 23 24 2 12 1 30 23 28 27 21 11 13 21 0 17 21 7 5 29 20 18 29 7 15 2 21 9 17 15
12 6 13 10 30 17 26 10 21 7 24 26 23 7 2 5 0 14 15 10 26 1 25 0 26 11 9 13 5 5 0 7 6 8 4 30 11 18 16
21 28 6 16 13 14 19 15 0 2 17 21 1 9 26 8 17 0 5 12 14 7 1 7 23 13 10 6 29 5 9 30 8 9 3 13 12 6 9
13 16 30 21 12 1 23 27 3 25 0 5 30 5 1 19 15 29 11 9 2 5 1 23 19 28 17 6 12 12 12 7 17 8 1 1 1 4 4
22 19 5 20 9 1 22 21 4 10 13 12 28 11 18 14 6 25 5 29 17 22 11 13 0 8 8 0 13 20 7 28 23 25 11 16 22 29 21
5 27 22 16 25 15 30 7 10 13 16 25 0 21 30 7 2 16 23 3 23 1 14 28 10 20 20 17 6 3 24 18 16 24 3 2 7 27 14
3 16 27 0 10 24 7 19 27 21 8 17 18 20 26 23 5 5 22 0 8 16 24 2 16 11 13 0 29 2 30 15 17 16 6 13 13 3 16
28 26 16 4 30 25 2 4 3 4 7 20 11 10 25 23 6 1 5 22 1 11 30 20 22 22 9 19 19 22 12 4 20 26 15 20 27 18 17
26 1 24 19 29 4 16 0 0 30 12 2 22 7 28 5 6 18 2 25 17 30 27 20 4 21 23 30 19 27 20 2 12 30 8 8 26 24 23
26 15 21 17 25 25 18 9 1 14 15 7 28 5 2 5 2 23 22 24 28 7 0 2 20 30 12 13 20 5 27 23 8 22 16 0 6 23 7
16 17 17 1 15 12 3 20 14 4 12 16 10 15 15 10 14 8 7 13 15 6 1 13 15 22 18 3 2 19 19 14 10 28 24 3 1 17 26
5 24 27 11 20 10 9 5 14 28 16 24 13 11 12 17 0 24 14 27 2 30 21 4 19 18 8 26 27 9 28 8 24 25 7 5 23 2 30
0 14 2 6 11 27 1 12 18 11 22 19 26 24 14 29 22 10 1 17 13 9 24 9 24 8 18 18 19 16 1 28 28 24 1 21 8 15 20
23 22 19 18 19 27 29 7 11 21 12 26 29 12 18 3 28 28 0 28 18 21 5 13 17 19 8 17 21 16 28 7 6 11 7 16 11 10 10
0 6 16 13 17 27 6 3 14 5 22 8 1 1 15 15 4 23 27 4 23 27 5 4 4 21 13 21 15 30 3 30 7 19 16 10 6 28 0
12 22 15 22 25 23 7 1 9 26 4 21 0 21 14 29 22 20 7 14 5 11 13 17 24 29 19 11 19 30 13 1 21 17 16 28 27 25 19
18 0 29 10 13 25 1 7 1 11 21 27 25 11 15 0 17 25 26 15 22 13 30 16 1 30 14 30 1 21 15 13 21 22 24 3 9 28 21
27 16 23 27 16 21 19 23 2 6 30 22 19 15 15 0 14 26 22 0 25 14 5 11 28 13 11 21 6 21 18 10 3 11 25 4 11 29 4
16 21 13 25 28 23 22 14 20 12 14 14 15 21 16 28 30 29 1 9 1 8 11 6 4 22 24 3 8 21 25 5 7 26 20 12 14 26 21
10 21 0 25 2 0 27 19 5 4 22 15 15 19 28 23 12 28 9 23 30 1 14 25 7 20 6 3 28 6 12 23 17 8 7 5 24 14 21
25 20 18 1 8 17 22 1 11 19 22 14 2 21 25 19 2 8 0 27 9 17 14 1 13 25 17 24 14 3 18 14 22 18 14 3 4 29 30
9 10 5 16 21 13 12 5 24 24 12 11 14 27 11 9 30 15 19 15 8 18 12 18 28 2 11 26 4 29 19 19 28 29 21 2 9 6 30
11 4 25 8 17 30 0 6 28 20 21 7 12 6 6 11 15 20 4 18 3 24 9 11 4 30 4 15 14 9 21 18 25 3 28 7 22 23 3
7 18 16 24 11 24 29 16 8 13 16 23 18 2 20 7 15 4 30 10 6 18 16 22 10 20 3 25 21 3 3 9 2 22 27 11 19 9 21
0 22 16 30 30 1 17 27 7 20 4 30 9 9 9 26 17 28 25 7 30 26 25 28 14 5 7 12 30 5 8 6 30 9 3 13 22 18 14
22 16 5 27 12 28 6 15 18 6 6 24 26 26 1 3 26 3 15 7 16 18 11 4 25 13 25 20 27 18 0 30 2 8 2 29 10 3 11
7 0 14 16 22 29 0 19 1 27 27 25 17 22 4 28 10 26 18 29 14 23 0 25 27 8 26 8 15 21 16 4 4 19 14 18 25 7 3
28 3 1 23 4 20 21 21 4 25 24 25 8 27 12 4 19 9 21 17 10 22 16 15 25 10 14 1 16 29 22 12 3 14 22 14 11 26 2
