41 41
16 21 5 6 4 11 10 30 15 4 27 27 19 16 24 1 7 5 11 5 9 9 5 3 24 21 22 28 3 25 2 13 18 29 22 3 27 19 11 3 28
21 29 1 10 6 28 9 12 11 9 27 20 25 25 25 24 27 29 15 18 10 30 23 24 25 28 15 0 28 16 20 16 3 24 25 30 29 3 21 2 29
26 6 20 15 28 26 11 21 25 26 11 14 2 12 19 25 16 10 26 23 29 26 25 24 14 4 24 3 24 20 17 30 4 1 22 16 27 13 28 19 28
24 5 13 0 10 4 5 18 29 3 2 21 8 14 24 4 9 16 24 27 15 15 0 12 15 19 6 7 22 12 8 2 10 19 23 5 26 25 13 2 14
2 11 26 9 23 11 2 18 15 14 11 14 21 0 9 4 16 29 22 25 7 2 11 23 28 0 19 7 8 15 22 11 2 27 18 21 22 19 23 21 9
17 26 0 17 24 4 16 2 7 17 16 4 19 27 29 8 30 18 25 20 30 4 19 13 4 9 17 8 16 18 2 13 15 27 5 20 12 29 4 16 29
8 4 28 13 28 11 23 28 15 2 12 24 29 11 28 19 14 29 7 15 7 29 6 28 8 1 23 4 19 1 6 10 9 19 24 2 28 23 10 9 0
18 4 7 23 16 16 23 25 6 18 15 25 14 5 1 27 2 14 17 29 22 23 1 10 19 20 3 16 9 11 16 11 29 30 24 24 6 10 23 27 3
21 23 7 24 0 22 15 2 19 8 11 28 15 22 28 17 14 0 21 10 30 2 21 26 2 12 24 22 22 6 23 5 1 19 25 19 22 3 0 3 27
27 1 29 16 20 18 25 19 25 12 11 24 2 27 22 15 1 29 4 27 8 25 28 28 6 24 30 19 5 22 1 14 3 21 27 19 30 23 11 20 1
8 23 7 21 13 23 22 4 14 15 23 15 7 30 11 15 2 19 7 24 12 17 30 16 22 23 28 3 10 8 23 16 13 17 0 17 30 16 9 0 12
21 9 17 22 6 22 16 22 19 28 22 8 18 15 18 23 6 0 22 17 7 24 3 27 13 21 30 14 8 26 30 25 26 14 11 20 22 6 4 9 15
18 7 1 14 1 10 26 0 25 9 17 21 19 15 24 4 22 25 20 9 7 0 25 21 17 26 3 15 9 17 27 2 28 7 14 22 20 29 19 24 14
5 25 3 11 8 2 22 6 5 7 10 6 7 8 24 1 21 8 25 22 28 27 27 1 16 20 12 6 7 6 19 21 17 10 22 21 4 21 11 24 21
4 24 23 13 13 18 12 16 21 26 13 15 19 0 27 3 30 23 4 28 9 8 5 14 16 1 17 21 17 19 11 5 27 10 24 21 15 6 2 5 25
8 19 25 14 4 19 19 2 26 30 22 27 24 8 13 6 16 5 9 27 3 24 20 25 23 17 12 15 15 26 17 16 1 15 22 14 24 8 15 30 23
0 5 3 1 29 3 19 4 12 5 14 29 17 18 28 19 29 2 24 11 11 2 23 17 5 13 11 26 1 3 0 26 10 12 13 17 17 4 28 9 26
18 10 23 29 10 27 17 18 30 22 11 23 28 17 16 25 25 7 27 19 8 29 2 24 27 25 15 22 27 4 6 19 10 7 8 23 15 14 26 21 23
2 6 29 5 12 21 18 2 14 9 5 29 16 25 23 11 17 18 3 26 13 27 24 0 22 12 20 15 24 25 5 7 20 8 16 15 17 21 30 13 0
30 6 23 13 0 28 27 16 13 8 27 18 16 22 1 17 23 21 5 12 25 4 19 11 11 30 10 4 10 22 19 28 26 10 5 5 12 19 25 20 14
12 8 23 22 7 9 25 18 11 22 15 22 28 18 8 7 5 3 6 28 12 12 11 2 13 7 8 9 6 24 26 3 22 4 28 25 5 26 19 1 2
19 9 16 26 1 11 14 12 10 20 24 24 23 24 2 19 25 3 1 8 7 2 23 19 29 2 11 0 26 8 30 13 28 10 0 28 28 18 30 17 10
0 5 21 17 20 12 10 4 10 14 6 27 15 3 3 15 19 28 12 23 8 8 14 6 0 14 19 28 25 23 5 13 28 29 1 5 10 8 11 27 0
26 11 22 6 15 1 27 4 24 3 12 9 7 30 9 30 18 1 26 30 18 17 13 27 13 2 2 5 23 30 28 17 12 14 18 11 5 4 5 18 3
26 1 8 16 12 9 24 29 10 1 12 10 15 22 19 21 13 30 30 23 4 12 26 11 20 27 10 2 8 7 28 0 25 25 0 21 9 22 23 25 30
21 9 29 7 23 23 22 11 18 11 6 23 20 17 4 11 21 12 19 28 6 15 24 14 7 0 11 6 15 1 18 1 10 0 30 24 10 11 9 3 17
16 13 19 6 26 2 10 30 16 13 20 13 11 2 26 9 16 21 9 30 13 17 22 23 24 3 11 2 11 21 21 28 25 23 12 4 30 25 8 10 19
14 13 17 6 29 19 29 20 9 29 17 17 15 21 26 4 29 2 10 9 10 13 12 29 9 24 12 3 9 20 17 23 24 7 9 24 14 8 13 8 24
18 5 20 13 0 17 18 14 9 15 14 19 6 23 23 14 9 6 26 25 2 22 23 3 17 0 9 22 16 7 4 27 15 7 29 19 18 2 6 27 18
26 12 21 28 3 20 8 23 1 17 5 7 25 15 23 5 0 24 24 15 13 19 23 26 10 12 20 24 18 7 15 11 21 6 7 14 11 27 12 23 14
30 9 0 20 17 23 1 23 10 29 6 21 27 25 7 26 11 20 26 17 30 17 14 22 9 12 10 5 20 19 3 18 3 7 11 22 5 16 17 11 11
27 12 3 7 14 14 10 25 11 18 7 25 9 26 7 2 1 21 26 11 24 11 7 0 9 17 21 27 9 20 11 30 10 12 2 22 15 20 9 28 19
9 0 3 2 17 25 13 2 6 1 15 30 25 24 14 7 9 2 18 10 28 24 28 14 9 26 22 20 21 1 23 0 28 18 12 6 28 17 10 12 17
28 15 17 11 4 13 5 20 9 21 26 10 23 28 10 20 25 11 17 2 24 20 28 1 16 8 19 20 9 4 20 14 27 26 17 16 15 11 13 30 9
19 26 3 19 2 4 20 11 22 29 13 23 9 28 11 7 0 21 8 22 12 14 24 20 6 2 2 26 7 8 4 8 10 8 12 14 19 7 29 16 13
0 29 24 28 9 25 21 17 9 28 20 15 8 0 22 14 4 1 29 15 19 25 16 30 5 20 12 7 6 8 27 18 12 2 27 11 1 9 23 14 16
6 23 14 17 5 13 8 21 13 30 7 11 9 7 29 8 4 28 17 26 3 16 21 29 7 8 29 25 12 20 22 23 24 6 23 22 7 22 1 26 12
29 6 11 14 27 23 15 8 12 22 7 18 0 21 5 25 19 18 2 29 0 19 25 12 20 13 19 20 25 12 18 10 24 26 8 1 4 27 19 21 20
14 26 22 23 13 8 3 14 29 1 12 12 28 15 27 18 11 26 24 17 22 10 19 19 13 2 18 5 3 14 17 0 1 10 9 26 15 7 30 23 25
7 30 0 13 24 19 18 25 20 9 25 24 18 17 4 5 28 11 25 30 0 22 18 20 10 21 27 8 22 21 21 21 17 15 19 24 24 13 25 7 15
6 12 23 30 30 22 20 11 27 29 6 19 18 0 5 10 5 21 18 4 7 19 29 24 15 20 4 24 14 2 10 26 9 25 29 17 2 10 24 22 30
