42 42
11 7 30 10 7 19 7 9 26 0 26 6 26 20 10 26 24 6 19 1 9 4 15 0 0 1 21 13 26 16 29 1 21 30 0 29 24 2 17 11 9 18
18 11 3 25 30 7 12 27 5 2 24 4 8 1 15 3 28 6 13 17 5 2 3 21 12 10 7 18 19 10 13 30 24 20 0 13 6 7 15 1 2 20
19 1 11 20 0 23 23 28 10 20 30 1 17 24 27 10 16 14 11 15 22 20 14 29 20 9 9 5 5 21 6 6 14 9 5 19 21 25 3 1 3 25
4 18 28 5 14 25 28 8 15 0 11 3 28 8 23 3 26 25 3 0 16 1 7 9 21 26 15 21 2 19 26 7 22 18 2 28 3 4 13 0 24 29
3 9 7 1 20 11 3 14 11 13 29 3 0 6 26 15 4 8 16 12 30 24 23 19 7 15 15 20 6 10 7 28 15 24 25 21 8 22 11 3 25 12
27 27 22 9 1 16 22 19 14 22 7 21 0 25 2 23 25 4 30 3 3 30 27 15 0 3 11 15 6 10 25 25 25 4 13 6 28 30 17 13 15 29
16 28 23 29 22 12 30 28 21 3 0 16 1 28 5 3 15 30 19 5 10 1 28 30 0 20 25 6 9 4 9 7 16 13 14 7 14 25 11 25 24 12
7 18 15 25 16 26 1 8 28 30 14 5 12 24 12 4 8 5 3 7 18 8 27 6 25 26 27 19 13 17 27 21 29 28 18 11 11 29 16 18 0 12
2 15 14 14 5 26 20 18 26 24 25 23 0 5 26 7 17 14 10 21 13 25 7 15 13 20 10 30 18 1 13 9 2 16 24 23 0 24 26 24 25 15
25 10 22 6 23 17 10 7 29 16 17 18 4 1 8 20 20 26 24 30 0 4 14 21 22 7 18 20 13 13 4 0 6 26 25 29 15 18 23 29 6 7
30 13 19 18 5 19 2 11 5 6 19 10 24 0 23 4 7 30 10 18 20 12 23 1 5 29 4 30 22 9 5 4 15 9 9 10 16 15 13 14 24 26
23 1 15 15 22 14 26 22 19 3 20 15 7 14 23 23 12 26 30 25 10 24 2 22 21 3 2 6 11 4 30 12 0 12 12 4 22 13 0 24 18 1
10 29 15 9 20 17 4 11 8 19 5 15 13 16 4 4 12 22 11 9 17 6 3 6 28 26 25 18 17 5 7 28 30 19 22 26 7 6 4 5 18 11
27 13 3 25 20 1 8 29 13 5 26 21 20 28 18 26 17 19 16 13 30 1 2 23 17 27 18 10 12 0 13 17 5 28 10 8 14 20 27 4 28 12
18 2 12 7 6 22 9 29 16 11 19 7 14 20 13 26 24 0 27 24 12 19 28 19 9 22 22 10 27 7 11 20 9 6 7 29 25 14 25 15 12 17
1 0 14 9 24 16 6 21 0 5 14 22 18 18 3 6 22 25 2 0 26 16 16 15 29 9 18 30 11 15 21 26 16 10 14 29 10 12 0 21 5 12
30 5 21 9 21 8 16 2 24 24 29 13 6 28 19 22 4 10 23 12 24 17 2 10 8 23 17 19 10 20 14 4 23 9 12 27 30 16 26 20 14 0
13 19 7 1 30 19 17 23 29 3 22 20 7 24 0 23 10 13 28 14 8 7 11 29 5 24 29 26 21 13 4 3 17 11 24 30 7 9 22 25 20 22
22 28 29 23 20 30 6 13 29 20 2 22 11 6 3 8 0 29 6 4 6 3 27 17 24 22 18 10 16 19 22 21 1 5 24 4 8 13 15 23 17 12
7 19 9 5 9 6 3 24 17 25 15 29 18 13 30 12 19 17 28 0 28 13 14 5 11 21 26 0 25 4 24 27 3 23 9 22 21 12 3 12 1 20
25 9 8 26 29 27 13 19 14 0 14 5 9 1 15 21 16 0 4 0 15 30 21 6 11 27 18 14 23 16 19 11 22 20 9 21 21 10 4 9 0 21
18 9 10 15 13 19 20 23 12 19 0 23 23 4 26 11 23 6 11 3 23 18 26 26 11 15 20 18 27 6 2 13 30 1 9 18 15 10 25 24 6 13
20 1 27 17 12 1 20 23 3 26 21 29 11 11 28 9 14 12 1 12 9 2 22 15 0 30 26 16 19 26 10 21 14 25 13 28 9 21 6 22 29 28
7 30 21 27 30 18 8 2 18 14 17 0 21 6 6 8 15 5 25 2 1 16 16 7 20 26 2 28 5 8 4 17 18 24 5 24 17 28 5 5 17 24
7 9 1 22 15 2 9 30 18 5 11 12 6 17 5 26 21 15 15 20 10 25 27 10 11 9 4 15 1 5 22 12 29 19 6 24 10 24 26 20 1 14
22 23 19 17 15 6 9 12 30 13 10 30 26 9 14 15 17 4 26 29 21 16 24 26 24 2 10 3 22 12 5 6 29 27 14 5 16 22 19 26 30 21
21 5 16 21 7 9 16 29 6 23 2 0 29 17 2 30 6 17 10 27 7 5 10 1 26 18 25 8 11 24 26 18 11 4 25 22 25 26 13 22 11 4
20 19 19 16 23 0 4 9 27 27 27 6 16 0 6 27 26 4 12 17 30 30 17 13 25 4 9 5 6 2 25 3 14 12 13 29 13 21 16 8 14 12
12 0 27 12 14 23 21 7 23 8 5 30 28 8 29 22 11 16 25 15 25 18 30 24 16 30 16 23 7 22 16 5 4 12 2 16 9 29 13 25 23 19
5 27 18 19 9 20 20 22 2 25 12 0 14 9 17 11 5 9 19 6 5 12 17 3 24 22 10 19 28 13 12 23 18 6 29 20 18 27 1 0 2 3
2 11 13 20 12 14 15 28 1 28 3 19 11 2 18 14 2 29 27 24 8 24 9 3 12 21 10 25 9 12 11 6 5 15 20 26 1 20 21 19 4 23
19 28 3 10 0 30 6 24 2 22 11 12 19 28 3 1 28 13 15 12 9 15 28 21 6 19 6 15 5 6 21 16 25 18 29 16 18 12 20 18 9 3
7 2 12 17 25 23 20 20 7 4 17 21 24 17 23 0 27 22 27 6 15 29 29 20 28 16 18 28 22 21 25 17 1 7 11 6 26 25 22 8 20 16
16 25 7 19 29 30 23 11 25 23 21 12 8 19 29 4 7 10 15 11 8 14 5 10 0 3 12 18 12 20 22 5 6 9 22 4 19 21 28 1 1 17
23 23 23 21 18 27 3 19 24 29 9 1 28 0 15 5 24 13 3 30 2 3 2 2 4 6 9 1 21 3 10 10 5 9 30 1 18 26 21 22 28 4
11 4 10 14 19 4 21 26 4 2 3 8 14 22 0 7 14 14 28 27 4 15 22 12 17 27 2 29 12 14 26 22 10 0 12 3 6 20 3 28 17 30
9 20 10 16 0 4 29 28 3 20 1 23 26 6 18 15 19 30 8 10 20 6 20 15 1 13 19 24 22 29 24 13 23 25 24 9 22 19 4 12 23 19
16 2 3 21 27 2 2 17 26 0 5 21 20 0 21 7 26 20 18 14 14 15 20 10 26 22 7 8 11 29 24 18 19 18 29 4 29 27 2 13 13 9
7 1 25 29 27 0 7 2 12 15 30 22 21 0 16 21 11 17 20 20 1 29 24 26 1 18 19 17 2 17 2 11 18 30 7 20 15 12 8 20 4 18
27 22 27 19 3 5 2 11 10 23 25 26 2 18 14 26 21 21 2 27 17 28 1 23 11 0 24 22 14 19 0 11 5 7 15 14 10 8 0 5 16 10
13 11 4 24 25 8 4 30 28 4 11 7 18 21 0 18 0 18 3 5 7 14 10 7 1 19 20 5 13 14 13 7 17 6 3 11 8 15 1 16 15 13
3 4 30 27 22 23 22 19 12 9 11 20 26 4 19 0 11 12 27 14 14 3 22 3 11 21 0 13 24 3 15 9 12 12 2 29 25 10 20 25 20 25
