45 45
0 4 19 0 10 3 2 23 0 12 7 24 24 19 12 29 18 14 18 13 11 21 23 25 28 23 17 4 20 17 25 17 17 28 28 3 17 28 28 29 19 29 10 20 10
1 24 6 17 9 0 3 20 3 29 20 24 15 12 29 20 9 20 8 1 7 11 20 26 16 21 5 17 15 14 17 12 1 26 15 26 30 23 29 13 5 13 6 5 30
1 16 21 16 17 28 17 0 13 11 6 10 25 28 6 29 27 22 10 15 24 0 27 0 26 6 2 2 0 2 25 1 25 11 23 1 5 28 5 28 19 8 20 4 27
28 12 19 4 17 26 19 11 28 7 25 10 16 5 9 28 17 3 26 13 6 11 17 0 15 11 19 13 3 11 16 0 8 27 6 6 17 7 8 25 5 27 19 3 24
28 30 14 25 24 18 14 5 1 7 12 29 17 29 23 22 13 26 13 8 15 25 29 17 15 24 27 4 25 29 22 7 7 2 3 1 20 25 6 15 14 0 28 28 0
14 20 1 16 4 30 30 12 28 14 17 27 17 21 7 29 2 24 0 19 24 1 13 17 21 29 15 10 6 11 12 11 5 30 19 7 0 7 0 13 21 7 5 14 16
1 11 21 2 25 4 16 2 14 26 24 23 17 28 22 13 2 9 16 28 14 21 15 22 4 25 24 5 14 2 13 13 17 4 4 22 23 15 11 4 7 3 17 23 9
27 27 4 19 8 28 20 28 19 21 16 2 24 19 23 0 10 20 1 18 23 0 9 1 9 13 14 1 3 22 16 14 28 25 22 30 7 2 5 12 27 29 28 30 1
14 3 11 7 9 25 27 4 2 0 13 22 6 11 25 25 26 4 24 13 26 20 28 21 30 14 25 10 9 1 7 13 16 15 2 16 27 0 9 3 5 15 1 20 4
22 4 22 3 9 14 21 11 17 15 22 15 23 12 24 9 20 10 13 16 9 15 19 18 24 30 19 9 7 25 13 9 25 26 22 18 19 5 24 2 25 17 16 13 7
10 2 14 21 10 20 25 16 10 9 4 26 21 6 5 9 10 22 16 26 4 3 28 14 30 26 1 3 6 6 5 28 29 27 7 8 6 14 11 8 11 8 19 3 20
9 15 23 3 6 20 28 15 18 19 26 18 16 26 10 28 12 21 13 15 16 12 2 21 7 11 0 30 13 30 6 22 8 10 23 17 28 9 22 23 20 0 27 22 2
20 5 17 8 26 18 14 14 2 8 24 4 25 26 6 11 1 20 18 12 16 7 9 27 9 7 28 19 29 0 18 3 19 6 25 9 12 23 4 8 5 23 11 28 25
5 19 12 30 27 7 23 6 20 19 18 16 23 20 9 27 29 29 15 21 9 30 25 1 6 1 24 1 16 19 14 26 17 19 16 7 26 2 18 14 19 30 10 15 12
17 19 25 15 10 15 5 15 5 22 2 5 9 24 16 18 5 16 15 16 26 29 14 0 11 12 8 23 16 6 5 16 18 13 7 25 7 14 5 25 15 26 4 10 7
30 4 4 27 1 5 10 3 29 13 19 26 14 29 18 30 15 27 14 11 14 13 30 16 2 20 17 25 18 18 28 6 17 3 5 27 26 24 24 22 13 19 24 11 19
28 25 22 29 20 8 25 15 6 27 30 9 28 9 1 27 2 12 26 7 16 28 13 3 25 17 28 16 13 24 14 1 1 4 16 17 23 10 19 18 24 19 23 26 16
25 8 19 20 3 30 9 4 30 4 20 10 12 1 2 25 23 17 15 1 8 6 23 28 12 18 19 0 26 18 13 20 9 3 14 29 10 30 17 17 21 29 3 10 9
17 5 21 3 9 15 19 0 22 28 7 11 7 25 19 27 16 23 29 12 16 5 9 26 19 28 17 6 19 2 27 2 8 16 27 22 1 17 29 17 24 3 19 25 1
8 21 30 29 16 28 18 29 0 28 13 26 21 30 11 7 3 0 6 14 21 9 27 9 6 20 21 17 17 14 20 24 9 20 9 3 13 3 7 16 2 0 6 29 5
8 27 25 30 3 0 16 30 2 25 21 14 29 7 26 25 5 14 19 23 8 2 11 6 14 12 26 18 13 28 27 13 7 14 19 8 15 5 6 15 5 17 8 6 13
12 24 21 13 20 7 16 12 18 11 8 21 0 2 10 17 12 5 9 13 1 12 24 24 17 20 21 4 17 0 13 9 19 12 3 6 0 21 12 17 3 21 9 29 21
4 28 25 22 21 11 19 22 14 27 14 29 7 10 4 17 20 16 24 1 27 12 14 12 26 15 20 16 27 11 14 26 4 14 9 21 16 16 9 7 20 23 4 27 3
26 20 15 13 26 28 25 1 1 18 10 6 19 24 19 19 11 19 29 21 11 25 10 26 18 16 14 9 3 29 2 17 3 23 1 7 30 10 10 15 30 26 0 17 27
8 29 24 15 21 23 0 15 4 4 18 19 19 12 16 20 21 14 10 21 7 29 14 2 10 15 14 1 23 24 6 2 17 16 17 1 6 6 25 14 4 5 18 30 9
7 24 1 20 6 17 15 1 1 27 14 12 9 10 6 12 5 24 9 5 3 18 9 25 10 11 21 5 3 6 14 25 7 26 13 19 28 26 27 9 20 22 29 17 15
27 29 12 27 27 29 14 14 7 9 21 4 11 17 16 19 4 9 23 20 25 15 0 13 24 3 4 9 17 25 27 11 12 9 16 28 2 13 23 27 29 27 18 11 27
12 10 27 18 6 22 0 10 0 25 2 26 9 11 1 16 29 18 14 7 6 29 10 17 9 27 8 20 19 5 30 4 13 9 5 13 1 14 23 11 7 26 4 4 24
19 2 7 30 23 11 19 29 14 26 8 6 20 26 5 3 13 4 18 15 10 3 17 10 14 28 27 8 22 12 18 16 8 30 14 22 7 14 16 10 21 30 23 24 21
2 15 8 0 19 8 22 13 12 28 13 9 23 21 25 29 1 14 28 6 14 0 25 7 22 6 26 8 27 4 20 4 29 10 3 26 1 8 16 7 3 10 16 22 5
5 2 29 3 12 8 0 16 13 4 23 14 15 11 3 17 25 28 30 20 22 24 24 0 25 5 16 20 1 9 25 26 24 10 2 12 23 4 7 2 0 5 16 30 30
10 7 1 17 10 20 5 8 11 14 29 1 30 8 9 14 24 27 22 26 1 13 27 17 27 22 27 12 14 10 15 26 8 0 29 16 22 23 4 10 30 12 17 11 18
2 22 2 11 28 15 1 24 9 10 11 6 18 21 9 3 7 24 0 20 22 26 12 3 15 13 13 2 6 13 23 21 3 13 15 26 4 22 12 20 25 7 1 21 1
9 24 19 30 12 18 17 17 27 21 17 6 30 30 10 17 24 17 19 16 17 12 3 5 6 3 16 8 24 7 18 20 15 27 15 25 5 1 10 5 25 28 2 1 16
11 22 27 24 5 8 17 16 11 22 16 9 1 7 4 23 10 24 18 17 12 6 23 23 9 26 4 6 5 26 0 7 25 21 9 10 22 19 21 13 19 11 11 23 8
19 19 27 10 24 18 25 26 9 26 24 4 5 3 15 30 21 23 14 1 15 30 28 9 10 5 12 28 23 6 19 24 19 1 0 6 16 9 25 8 24 26 3 5 22
28 8 3 24 23 17 22 2 6 30 18 9 27 4 27 24 15 17 19 18 15 15 21 25 21 1 13 16 18 23 1 8 10 12 21 17 1 29 18 18 21 22 5 19 20
28 25 6 7 15 24 29 30 20 8 15 12 7 28 17 15 0 4 30 12 26 4 3 2 27 16 19 13 29 17 26 29 14 14 3 14 28 19 29 18 30 15 13 21 18
23 18 1 13 6 17 0 27 17 15 19 9 29 1 11 17 19 12 25 22 18 27 30 27 0 24 11 6 23 22 12 7 23 0 24 9 23 30 12 13 8 19 30 27 27
20 14 8 2 15 27 3 25 9 27 3 18 19 14 11 5 10 6 23 10 25 14 17 29 15 25 10 4 2 6 30 24 25 18 20 17 16 29 26 13 5 20 24 10 20
10 5 16 4 8 21 12 28 10 20 23 25 16 1 30 19 11 17 18 23 13 1 9 30 16 20 24 11 14 30 10 5 20 6 28 15 4 29 21 22 21 30 18 5 6
23 27 5 26 30 19 22 18 23 2 19 4 10 3 3 19 10 27 29 10 30 30 29 15 30 26 1 18 18 19 29 2 25 21 1 8 15 26 11 13 9 17 28 12 7
29 0 2 5 18 27 15 13 1 8 12 16 25 20 3 20 23 30 16 20 1 15 29 24 0 27 4 7 0 15 4 16 27 30 10 26 1 10 17 3 30 21 20 19 6
1 28 9 28 14 19 28 8 30 0 4 27 21 14 22 20 25 17 8 3 7 8 27 18 19 2 12 19 2 13 22 12 24 14 6 7 3 3 1 15 8 14 26 8 29
3 28 22 30 22 18 16 14 8 7 10 19 2 10 16 29 29 14 18 26 3 2 4 28 23 17 1 13 8 2 17 9 4 16 1 5 26 4 26 12 1 24 21 21 0
