48 48
21 14 18 10 29 24 19 21 14 14 19 5 14 12 14 10 21 13 30 11 3 10 25 6 22 24 28 13 27 25 0 21 13 19 27 5 4 8 1 6 12 7 12 3 11 6 24 6
1 11 23 7 7 29 6 29 0 26 22 12 25 24 18 14 27 21 27 16 28 25 13 13 23 15 7 14 3 7 18 8 29 21 30 30 4 21 21 5 6 8 4 5 8 22 27 17
0 28 4 5 30 4 27 7 23 27 4 9 1 0 0 12 29 10 2 26 15 19 10 0 0 7 15 19 18 12 16 24 17 17 25 1 22 29 3 7 0 23 0 20 21 7 30 2
13 2 27 3 11 4 27 1 1 25 20 4 12 29 12 16 14 20 8 2 10 23 28 25 8 22 0 13 10 22 24 28 25 21 0 12 23 0 25 9 19 10 1 15 0 12 23 7
24 9 8 2 9 30 20 17 9 0 30 4 6 16 2 1 13 15 5 6 0 26 15 5 11 30 6 25 17 17 28 9 24 9 10 16 11 14 25 24 29 2 18 25 9 8 9 14
19 0 20 22 13 1 24 19 16 15 7 23 30 19 14 6 7 12 10 22 4 11 18 18 21 4 30 8 2 22 4 5 12 8 21 7 24 13 1 19 14 29 8 28 30 9 8 1
24 17 28 17 30 14 3 2 16 17 22 1 0 20 1 12 18 22 20 2 8 23 17 26 19 24 24 22 5 8 12 17 25 18 24 2 2 28 24 5 29 6 27 26 2 22 21 18
3 12 6 2 21 9 4 9 10 11 25 26 21 9 29 16 20 2 5 6 18 17 12 9 20 25 15 25 17 24 10 10 8 17 6 22 11 8 18 10 12 23 18 23 9 22 7 22
18 17 0 11 7 28 14 4 28 22 29 30 20 29 11 14 17 5 5 24 10 22 25 29 2 1 19 11 9 29 11 30 8 28 17 16 1 1 9 23 0 17 6 30 8 4 9 11
29 12 18 10 25 13 4 26 21 25 18 25 9 16 25 16 23 25 28 20 20 29 30 7 22 8 16 29 15 15 30 28 8 4 11 20 23 12 7 18 17 0 11 10 30 6 22 17
18 4 19 5 3 30 4 27 15 6 24 2 24 28 16 26 27 21 25 15 2 11 14 25 0 11 0 21 23 7 7 22 14 6 27 20 15 1 22 6 0 2 21 22 25 10 10 10
19 23 27 6 19 19 5 30 6 12 5 12 20 26 16 18 5 22 14 7 12 5 16 12 27 24 29 14 6 7 29 6 2 26 2 28 25 23 5 9 16 29 2 21 6 4 13 7
2 16 29 26 21 7 6 1 19 0 2 24 7 2 10 12 7 18 29 12 0 4 3 13 14 2 15 6 22 5 12 14 27 20 18 24 7 28 15 0 0 29 13 27 30 8 16 7
9 17 15 3 16 0 13 22 3 4 5 10 28 16 18 1 2 24 6 20 1 0 12 1 20 18 0 30 20 6 27 26 0 2 20 19 7 19 23 16 21 0 27 1 8 1 9 27
22 11 26 26 14 16 5 21 17 0 21 8 24 14 7 5 11 29 22 6 5 2 30 6 18 3 28 15 11 8 19 2 1 29 5 1 20 30 10 1 19 10 30 8 24 7 7 3
0 19 15 25 21 17 21 6 24 16 29 27 24 25 29 19 25 9 28 18 22 14 18 10 20 8 7 17 6 3 10 0 2 16 7 17 30 28 11 6 19 23 16 21 26 27 25 13
7 12 19 22 25 20 30 9 19 3 16 7 16 28 8 27 21 4 17 12 13 23 13 6 23 18 27 24 28 26 0 21 30 11 3 3 29 25 3 2 23 24 26 21 7 4 18 18
2 15 9 25 10 6 22 22 18 19 5 27 22 8 2 12 25 1 22 12 3 23 1 20 15 9 13 20 10 4 1 9 27 5 13 17 8 20 24 5 26 4 30 0 16 0 7 23
26 25 4 23 22 18 22 1 29 12 14 22 12 11 2 16 25 25 2 6 5 0 3 4 3 7 13 9 8 5 3 28 5 28 16 21 25 23 27 9 1 11 25 8 21 13 19 11
23 4 21 28 6 12 24 14 28 5 5 23 15 10 19 3 23 11 30 7 26 8 24 1 25 27 15 8 9 13 5 9 4 18 24 10 13 26 4 14 5 6 15 4 3 25 9 6
27 26 8 22 10 14 5 19 16 2 5 5 23 8 26 28 7 28 27 11 21 29 2 1 10 13 0 3 21 2 0 2 16 12 17 6 26 24 3 24 15 16 28 10 28 5 10 25
19 14 9 14 22 12 26 28 17 12 11 10 29 7 15 27 1 3 3 11 17 5 1 6 16 0 30 22 24 23 25 3 5 16 28 4 8 7 25 5 30 20 13 11 13 4 12 24
9 2 10 13 8 28 13 22 8 27 8 18 17 27 13 11 14 11 9 27 8 8 17 30 26 28 18 16 7 26 11 20 10 16 27 28 25 30 19 6 30 9 9 2 22 8 21 15
28 4 22 15 3 20 24 29 30 17 3 2 11 16 19 4 25 1 3 1 17 10 30 14 12 14 2 10 3 16 17 24 0 28 25 1 29 0 13 16 1 4 8 6 26 18 12 9
27 18 9 3 10 18 14 7 23 25 19 12 22 27 14 11 12 17 20 29 17 2 29 4 3 25 26 4 13 16 11 7 20 20 23 30 18 21 30 13 26 21 26 19 25 23 23 2
25 3 23 8 4 0 0 9 29 10 7 6 5 6 15 22 29 13 17 11 24 21 21 26 4 22 20 24 20 24 19 12 30 19 25 19 9 12 8 17 15 13 29 9 5 29 4 13
0 14 26 23 13 13 23 27 9 22 0 30 17 2 26 14 1 22 30 20 14 29 29 25 14 12 2 22 13 25 9 7 7 25 27 28 28 16 16 19 3 19 14 12 25 28 4 23
20 7 20 18 30 24 21 30 4 23 18 2 19 6 18 22 11 30 22 26 8 5 1 21 11 2 15 14 0 15 1 12 4 22 26 11 5 10 22 24 15 9 19 16 7 19 27 21
5 15 22 9 18 18 4 16 24 0 24 1 19 24 10 0 7 4 2 11 15 27 29 23 2 11 9 27 26 17 24 17 22 21 9 1 22 8 18 17 27 18 5 16 3 6 2 14
10 22 18 26 9 2 0 18 8 2 12 3 16 17 18 14 26 2 20 26 14 4 15 16 26 17 25 21 5 26 26 5 3 15 26 24 10 2 2 24 29 2 16 28 29 6 12 21
27 20 13 8 16 20 16 28 17 6 16 25 17 22 4 19 28 8 11 9 15 27 13 26 23 28 5 19 7 10 4 14 0 13 28 27 23 9 8 13 19 27 19 4 30 29 13 10
13 7 19 0 29 3 27 25 23 12 6 5 22 25 8 23 9 7 16 9 24 19 1 17 24 8 17 21 29 21 5 11 25 24 21 10 8 26 7 26 22 13 9 25 19 6 5 25
0 16 8 16 2 16 2 24 27 30 0 21 14 16 7 23 22 24 21 3 24 13 30 27 24 4 7 10 2 17 25 10 8 16 1 28 1 13 18 18 24 7 4 30 0 9 22 24
3 13 7 20 18 9 5 24 28 21 13 25 10 2 26 6 15 22 7 13 16 27 1 30 5 21 11 9 12 5 27 17 11 26 22 25 12 20 8 15 5 21 2 19 22 24 22 1
15 22 11 6 11 13 0 6 22 21 8 14 29 9 25 20 24 30 23 9 19 22 19 0 8 28 8 6 5 4 13 20 6 23 17 23 17 10 13 4 27 8 13 0 18 15 21 13
19 28 7 30 26 3 26 19 13 29 20 13 13 28 8 27 13 8 19 16 14 0 16 28 10 10 15 14 7 29 7 14 5 3 7 27 8 6 0 18 1 21 17 27 27 29 26 25
0 23 23 8 5 30 23 11 5 21 12 27 24 20 5 20 29 4 29 2 8 12 19 15 16 5 24 17 14 10 25 16 26 2 20 27 2 22 5 26 13 17 11 11 17 22 16 6
8 25 25 1 19 17 25 23 25 27 6 8 5 20 2 9 9 30 9 21 23 24 17 21 22 27 5 23 28 16 17 19 3 20 3 5 10 15 1 16 7 14 11 1 7 29 15 20
16 17 20 8 7 6 20 23 2 12 10 8 15 1 19 25 30 21 19 6 18 21 10 10 19 24 6 10 0 17 1 23 11 1 30 25 11 17 28 25 27 10 14 22 7 6 10 25
18 28 2 0 20 0 28 0 8 14 9 12 29 30 22 10 18 9 20 8 8 22 18 30 18 1 0 27 5 23 23 23 12 13 8 7 27 16 17 18 20 1 30 17 29 16 19 21
22 4 13 16 7 9 27 13 16 9 8 6 3 11 6 15 25 6 1 14 29 3 19 14 9 21 8 19 24 25 3 24 19 5 29 7 27 12 6 11 17 6 14 29 26 23 27 17
26 4 8 27 20 26 4 9 10 1 1 1 29 12 25 27 14 5 9 10 17 25 5 20 28 10 3 26 3 28 12 27 30 4 9 4 17 24 23 6 29 16 12 26 13 8 15 4
26 14 5 16 7 25 21 26 30 11 13 23 4 15 13 12 1 11 2 16 16 19 13 6 11 27 20 12 29 19 19 9 27 20 22 24 23 6 15 26 14 7 27 12 7 30 17 26
11 6 11 11 27 18 28 19 20 25 24 23 19 8 5 11 29 24 7 20 18 28 1 25 5 7 9 14 7 13 30 18 2 29 14 13 25 11 29 12 13 12 3 6 27 22 15 21
28 8 11 15 12 10 2 18 1 26 25 4 27 20 20 16 0 30 27 15 27 28 11 4 2 20 16 13 3 5 25 2 25 16 30 2 18 6 17 27 15 16 5 12 15 23 22 8
29 13 15 13 29 0 10 21 17 29 11 4 21 28 28 0 29 1 14 19 9 23 5 26 16 19 28 4 25 19 19 1 17 10 15 13 15 6 6 17 28 13 16 30 22 3 15 5
16 11 13 29 10 14 28 5 26 29 4 9 1 9 0 24 3 8 22 19 3 3 0 9 22 12 8 22 8 14 29 6 24 6 8 23 21 23 15 14 7 16 18 4 18 27 16 5
2 24 20 19 21 16 24 13 29 3 23 21 15 3 12 3 16 22 16 4 6 30 30 5 6 3 1 21 27 14 28 8 6 10 21 3 17 3 16 30 24 9 21 11 29 2 24 9
