49 49
2 6 15 28 13 14 18 4 22 2 9 7 0 1 25 2 10 13 0 2 9 23 29 9 26 23 2 23 4 28 14 24 5 6 1 16 25 14 3 19 28 8 17 22 0 2 28 26 18
13 30 20 7 4 22 12 13 22 6 3 28 28 7 29 17 0 17 23 4 17 13 4 23 2 28 2 0 10 16 13 8 17 21 20 20 30 14 4 26 1 24 9 8 30 2 11 12 2
18 0 4 7 28 19 5 3 22 10 22 5 12 9 6 25 25 19 5 24 1 6 0 16 30 4 22 7 16 6 27 15 1 5 11 21 26 29 16 26 28 12 4 4 13 10 30 15 20
2 14 3 0 26 16 3 29 24 29 23 2 15 15 12 14 6 3 7 25 5 7 8 20 1 11 17 24 25 18 13 24 29 29 29 18 22 20 27 8 7 29 15 3 20 30 30 12 22
6 12 24 12 10 12 27 3 22 9 19 17 30 22 23 22 8 3 21 2 20 19 10 18 22 8 29 6 7 25 28 11 4 12 17 18 30 27 1 23 28 7 1 26 21 26 17 20 2
26 22 3 12 6 5 28 5 25 27 3 16 1 7 19 2 23 30 19 24 8 27 29 10 16 12 9 7 24 6 4 11 21 16 24 20 2 5 5 10 28 8 7 19 29 28 25 19 28
2 14 1 1 18 23 2 17 23 11 15 20 28 23 30 1 3 8 5 15 5 21 21 11 0 4 4 5 5 12 30 18 25 24 2 19 0 5 9 0 30 6 13 13 27 19 28 26 17
4 1 15 28 23 23 10 23 22 27 20 15 1 4 26 29 5 0 12 8 8 25 27 30 9 23 14 9 22 0 17 30 13 28 18 8 1 8 16 17 13 10 18 6 14 2 21 8 16
10 2 4 7 11 27 19 28 10 16 3 21 8 8 11 1 15 2 21 20 2 4 16 18 0 26 10 13 3 2 6 27 14 26 12 29 1 7 9 30 10 25 25 2 8 16 22 19 12
18 10 28 15 14 2 11 21 20 12 7 19 28 0 17 28 4 10 22 12 24 10 26 6 21 20 30 11 11 9 18 24 0 27 25 15 6 16 8 23 4 15 21 26 6 23 1 9 9
9 1 9 30 4 20 5 12 27 22 3 23 12 29 9 19 1 19 0 25 5 30 22 27 7 17 22 25 4 11 10 18 1 18 0 28 19 14 13 19 1 0 22 29 23 28 24 26 20
4 13 10 9 27 15 7 5 24 4 2 6 23 27 2 12 2 1 11 19 25 20 27 5 7 0 23 19 0 21 26 8 18 4 4 2 26 26 10 0 19 21 25 19 24 7 2 9 17
29 21 13 23 2 25 12 14 7 26 22 17 23 12 5 13 0 30 24 23 1 6 6 1 3 0 9 19 20 1 23 17 24 21 16 1 0 26 5 9 16 1 17 5 0 7 9 20 18
10 1 14 22 3 25 20 25 27 19 29 23 29 0 15 30 9 24 21 9 2 7 29 4 29 17 27 18 4 1 24 16 29 5 27 19 13 24 26 27 4 26 11 30 2 27 9 22 3
26 14 4 29 29 18 3 22 4 19 27 30 10 6 19 11 24 23 23 28 30 10 16 13 14 27 14 12 6 21 19 1 17 4 2 5 1 2 24 10 24 9 11 21 7 26 24 9 20
20 14 29 20 17 9 21 8 27 9 8 17 20 25 29 10 12 3 1 17 21 8 13 13 8 11 0 9 29 3 11 10 10 10 19 13 6 8 2 11 4 16 14 13 11 5 25 0 5
15 5 26 13 5 27 25 7 4 18 21 20 25 19 7 21 30 30 4 1 17 14 28 27 28 4 23 9 17 12 18 3 0 3 8 23 30 27 30 30 19 1 27 3 26 26 16 27 10
16 19 20 19 23 23 6 24 20 22 0 30 12 22 11 21 29 26 10 6 4 25 2 29 17 5 30 4 4 19 16 3 15 22 7 25 24 21 27 25 21 2 23 1 25 20 1 12 2
12 27 16 12 19 24 28 20 25 25 11 27 18 16 19 24 22 20 17 5 8 9 6 1 6 20 25 20 28 11 27 15 29 20 11 29 21 6 8 27 24 22 5 11 27 6 8 30 7
21 14 18 12 8 5 24 25 30 11 28 30 8 10 20 1 14 9 1 1 0 11 2 28 2 30 28 7 9 21 2 4 28 22 10 27 19 13 18 29 1 8 23 2 10 2 22 26 12
6 7 25 7 8 3 29 11 21 15 14 6 28 17 30 6 29 9 28 23 16 15 5 28 14 3 6 0 21 12 8 24 27 17 23 0 28 27 3 21 13 28 27 9 30 8 12 20 7
11 18 13 10 20 17 28 21 28 6 30 3 23 26 19 21 24 28 15 26 11 2 16 15 1 18 4 14 19 3 29 19 2 5 20 8 30 8 29 18 30 7 3 23 6 11 23 3 12
3 5 2 3 30 10 18 22 9 7 15 8 8 7 3 17 16 5 15 18 7 7 24 4 1 2 28 15 4 24 24 2 16 22 3 26 5 13 12 12 13 26 6 23 12 3 12 8 25
8 2 18 13 8 2 4 11 17 27 16 13 3 2 16 29 4 9 27 0 14 9 30 16 9 9 26 6 4 24 30 28 8 10 4 13 6 17 14 14 29 13 1 1 6 26 21 7 21
1 3 25 18 28 24 18 5 23 14 24 28 16 22 29 11 14 30 29 26 10 2 13 22 15 15 12 11 7 26 11 6 15 26 28 7 26 29 11 3 4 18 13 17 21 2 0 8 19
23 22 15 17 13 11 24 14 11 10 9 3 19 0 22 14 10 12 3 10 4 29 21 26 18 16 28 14 14 16 23 26 24 17 1 14 2 22 18 3 27 29 5 6 5 23 29 30 19
11 24 16 16 16 22 7 14 5 30 16 18 27 21 11 9 16 7 10 27 6 8 1 8 23 10 13 2 22 5 17 18 2 2 6 2 17 18 7 10 0 17 9 0 24 15 25 17 18
16 4 2 3 22 16 11 26 17 0 4 27 9 9 24 14 9 19 6 2 8 7 25 16 3 9 27 5 7 6 2 30 2 7 2 20 28 16 27 24 9 10 25 14 25 14 18 26 21
20 23 4 13 21 6 26 17 26 13 19 30 5 12 26 5 5 23 23 12 7 23 1 10 6 2 5 2 7 3 9 5 28 20 13 21 7 16 11 18 23 16 29 0 25 1 7 22 25
9 8 28 13 1 19 24 20 5 27 14 24 12 27 30 28 8 3 26 23 6 17 9 10 2 0 26 12 21 2 8 1 7 15 29 15 5 29 0 22 10 12 5 6 6 1 5 13 13
12 7 20 1 4 0 13 14 23 10 23 15 22 14 29 7 14 28 21 11 4 27 21 30 14 19 17 16 22 20 18 23 9 8 24 18 30 5 4 4 11 25 19 3 23 18 28 10 15
28 5 12 15 30 13 22 11 26 22 15 29 18 19 21 17 12 10 17 8 9 28 28 13 18 11 17 7 28 17 21 27 10 23 3 6 3 2 21 9 1 17 7 3 8 4 15 4 5
16 26 7 11 14 22 9 18 23 26 16 10 11 5 23 0 26 1 29 12 9 13 6 13 0 3 0 26 21 19 28 8 23 10 0 10 7 20 16 13 13 18 5 5 14 15 9 0 25
29 29 27 20 26 20 14 0 1 13 24 12 18 14 25 23 15 11 6 29 29 3 19 15 27 11 15 19 19 19 12 9 11 13 3 18 1 16 3 25 16 6 5 9 21 16 1 25 16
13 8 26 4 18 27 25 20 29 19 12 30 14 10 26 17 23 17 13 2 0 8 30 6 16 15 18 15 14 28 5 25 0 7 9 23 5 10 18 24 29 27 26 30 4 30 7 4 7
26 7 12 30 11 0 6 26 18 8 27 14 17 18 23 1 8 5 1 9 11 11 25 23 5 6 17 29 3 17 15 28 26 5 4 16 19 10 5 3 27 13 14 18 16 26 20 15 5
1 14 17 18 30 22 30 12 11 22 21 19 18 7 4 3 25 4 7 13 20 19 17 10 17 15 15 1 15 27 11 1 0 25 18 18 12 5 23 29 19 22 8 4 24 27 1 5 12
5 5 2 23 4 15 25 19 22 15 11 29 12 9 20 27 11 7 22 6 2 11 16 6 22 26 9 16 21 23 15 20 16 11 24 28 2 28 30 24 13 29 8 14 2 22 17 16 25
0 11 0 24 13 13 21 11 12 23 14 7 21 19 17 26 28 2 10 12 17 17 19 21 27 26 27 3 23 29 11 2 10 17 3 5 28 0 14 23 16 19 30 21 22 27 22 0 20
10 25 20 28 28 18 2 23 11 21 22 24 6 0 27 18 9 26 13 14 7 3 2 17 16 25 19 30 11 8 15 19 8 23 9 22 9 17 15 23 12 24 26 17 27 4 23 24 23
22 26 30 27 27 22 21 12 28 24 15 0 12 6 26 0 22 3 5 10 27 30 4 27 26 21 12 13 11 6 6 18 19 15 20 18 17 14 4 18 4 20 13 14 1 20 9 8 24
3 29 6 18 2 25 6 24 13 25 10 19 0 16 0 27 7 27 4 4 7 22 16 16 25 22 16 2 28 7 5 16 20 8 8 28 14 14 23 16 10 7 8 9 23 20 17 17 20
11 26 21 24 14 13 7 14 5 19 17 27 28 7 24 7 20 2 9 30 3 11 6 2 13 30 21 18 22 1 1 16 18 27 7 11 29 29 23 24 16 30 25 18 7 5 30 16 15
10 4 11 4 16 11 3 16 3 11 23 25 18 4 25 28 7 23 9 8 7 6 15 3 27 25 21 13 6 13 11 25 25 27 14 19 23 14 15 8 3 23 26 28 24 2 21 4 9
11 21 10 2 0 1 19 9 11 2 13 19 26 8 9 17 4 23 13 29 27 15 7 17 22 12 9 7 15 28 20 10 28 18 16 4 21 12 6 11 6 8 29 6 16 16 23 30 1
21 4 30 28 6 21 1 7 28 11 20 2 22 7 11 1 8 1 24 15 14 2 5 20 3 26 2 10 10 14 24 29 26 21 9 9 21 6 26 8 18 22 6 8 24 4 17 13 4
19 9 9 10 7 13 1 25 13 9 12 23 20 2 27 17 13 28 12 29 2 28 4 28 23 6 0 11 28 22 17 5 6 22 2 6 22 8 26 3 30 5 5 29 20 6 16 15 28
22 10 14 13 26 0 10 27 17 18 6 28 5 25 1 10 19 21 24 22 13 25 25 30 19 27 25 20 8 30 30 21 19 30 0 4 29 19 9 17 7 1 7 5 14 4 19 29 5
21 24 28 4 4 9 20 19 6 27 16 19 5 5 11 5 22 9 30 9 27 1 30 12 13 20 26 21 19 8 11 1 29 5 20 27 17 2 26 23 26 5 8 6 3 3 16 20 6
