54 54
16 12 17 30 24 18 4 2 25 24 0 29 7 11 27 7 10 28 19 13 20 5 5 8 9 19 3 5 6 19 19 7 6 11 9 16 3 21 28 27 30 12 3 28 7 9 17 1 9 15 10 4 24 1
12 15 19 16 11 14 28 1 21 2 8 0 21 25 0 1 24 13 2 23 8 29 25 30 5 7 15 15 26 28 20 21 21 3 8 18 24 18 16 16 21 26 8 10 22 18 29 17 19 5 8 4 10 9
22 24 15 2 10 5 30 22 7 16 11 14 19 7 30 22 14 14 9 15 9 4 1 21 9 3 21 20 4 19 5 13 1 16 19 26 5 19 20 15 20 18 9 3 17 22 17 11 10 26 12 4 20 10
8 16 11 20 30 27 2 0 2 11 8 6 17 6 10 19 8 11 30 17 21 5 16 15 25 0 29 13 30 11 5 13 13 17 27 27 17 14 14 17 25 22 24 10 2 4 16 4 6 18 19 22 5 0
2 13 16 23 24 7 16 14 22 19 21 3 10 6 27 10 9 18 19 21 4 6 9 5 8 13 6 11 16 5 12 16 21 13 7 14 21 2 1 23 20 26 10 5 8 2 5 2 24 21 11 27 0 14
1 13 17 3 10 17 3 26 6 0 2 22 14 8 21 10 28 24 3 30 11 9 10 8 22 23 18 0 9 23 0 23 3 4 6 10 28 2 27 25 6 18 4 25 13 3 17 13 24 12 13 19 28 24
1 4 27 13 9 19 1 21 13 6 8 16 14 4 8 20 13 16 11 0 10 29 19 16 30 4 9 7 8 17 1 27 9 17 3 29 18 15 4 9 19 1 8 22 23 30 30 26 0 21 7 14 9 15
3 26 25 18 8 17 19 27 1 5 4 15 27 4 2 17 2 27 18 27 21 29 6 0 16 30 11 8 15 11 20 27 0 27 24 20 18 27 25 15 9 30 1 24 12 25 16 2 17 6 18 19 23 18
22 3 20 4 18 21 25 15 12 3 14 19 28 17 22 0 26 29 21 5 17 22 28 22 22 26 0 27 29 24 1 19 14 28 24 24 16 0 29 14 20 9 12 0 30 25 14 0 30 19 1 22 24 7
3 18 4 30 10 24 20 26 3 4 17 3 7 30 16 26 15 30 28 17 7 13 26 0 4 9 28 23 12 27 28 29 21 22 12 1 12 24 9 0 6 6 16 18 23 2 28 24 24 18 5 14 23 13
5 7 0 11 26 23 19 25 24 6 9 4 19 1 2 26 12 30 13 10 15 14 14 19 19 29 11 4 3 17 21 21 13 27 13 19 19 9 29 12 30 14 27 8 14 22 22 13 12 29 30 10 9 2
23 4 30 29 0 10 4 16 7 22 24 10 6 5 17 18 5 3 5 27 12 23 13 19 6 29 14 27 14 26 11 17 21 24 16 11 25 19 30 28 30 5 9 7 23 17 7 3 6 4 13 3 6 13
2 22 8 7 6 26 0 24 29 12 20 2 12 19 13 11 24 27 7 21 24 6 2 19 0 5 26 12 4 17 4 12 24 19 14 27 12 28 19 12 13 14 0 2 13 9 14 15 8 17 20 20 9 8
6 0 5 2 28 5 15 7 26 15 16 20 17 5 13 21 10 4 0 17 20 11 22 3 17 4 18 3 18 6 22 2 14 0 9 4 4 14 10 15 26 6 16 6 24 28 21 7 4 21 20 1 4 20
2 3 24 16 29 16 10 13 20 16 16 2 20 22 25 7 5 6 22 24 1 14 6 21 21 14 30 2 20 8 20 23 2 19 4 16 4 26 7 5 15 18 10 25 29 6 30 28 5 22 21 13 8 23
20 16 3 27 18 4 1 17 30 14 11 1 7 17 8 12 21 2 16 26 4 1 12 17 20 14 25 16 13 14 24 7 12 20 20 4 23 6 30 16 7 19 6 9 11 28 21 18 16 29 26 17 29 9
10 11 23 8 12 9 12 12 4 5 30 11 17 0 21 10 20 25 11 25 23 3 7 25 0 12 4 3 1 11 4 30 5 10 29 26 20 7 24 12 1 25 8 27 26 29 4 7 10 21 30 4 30 28
11 7 22 17 11 19 14 19 3 23 11 22 11 21 19 20 27 4 30 7 28 20 12 9 18 4 9 0 21 10 18 11 26 19 23 3 15 6 20 9 30 9 28 23 26 15 26 11 28 12 8 9 25 2
29 30 3 20 30 29 16 28 25 15 25 6 25 22 19 22 15 8 0 16 2 0 13 24 28 1 28 30 27 27 23 13 2 23 14 0 3 27 30 18 9 25 14 20 7 10 9 4 7 16 21 2 10 20
16 26 18 4 9 1 1 21 12 4 22 24 17 23 29 8 14 7 3 29 17 26 13 6 1 13 26 16 24 25 7 3 17 17 19 6 25 11 18 14 1 25 29 18 9 18 19 24 0 6 17 0 25 20
15 27 7 3 28 21 8 27 8 12 13 16 0 3 13 24 25 0 21 2 19 6 9 11 4 23 23 10 18 11 8 20 14 5 23 13 16 23 3 12 11 24 27 6 29 28 20 4 6 6 20 2 13 25
1 19 24 13 4 28 23 19 9 0 3 12 17 11 22 17 15 28 8 16 7 5 14 11 9 10 7 12 7 1 14 17 2 30 11 22 23 14 17 5 14 24 15 24 0 0 25 30 30 29 9 30 9 16
10 0 21 22 14 4 30 26 8 25 8 2 27 19 22 20 27 19 21 3 9 1 27 18 2 16 23 16 14 8 12 28 14 18 12 10 2 1 24 18 25 24 8 20 28 27 22 23 20 11 22 2 16 18
12 19 9 18 26 29 19 19 30 15 18 0 8 16 28 9 1 12 9 5 9 26 25 10 11 1 13 20 11 4 13 1 22 5 5 24 2 15 26 15 17 27 26 0 29 16 24 20 28 10 0 22 18 0
10 3 23 21 8 25 1 24 25 15 16 19 0 8 13 12 22 18 2 3 8 25 14 30 29 0 3 2 28 24 19 11 17 11 28 16 1 7 4 0 22 30 10 26 6 16 17 24 9 2 21 16 19 9
2 17 18 22 9 21 3 22 27 19 22 26 26 11 26 14 12 7 21 26 30 12 24 26 18 25 15 15 11 23 10 29 15 21 14 11 10 21 6 18 29 5 5 22 16 4 13 23 24 24 17 1 4 10
16 7 25 17 21 26 8 0 8 20 0 1 14 16 1 4 16 10 3 13 8 24 10 22 29 24 12 6 10 28 24 14 0 13 12 3 25 21 25 8 9 22 16 3 14 15 15 11 14 27 27 1 30 11
18 19 0 22 18 26 24 28 5 26 10 2 27 12 29 12 9 27 20 0 2 22 5 19 30 19 9 5 1 3 15 27 22 18 23 2 21 16 5 12 28 21 17 11 12 7 28 24 12 13 21 4 29 6
30 18 1 3 22 15 14 14 14 26 13 28 16 11 30 16 8 23 18 15 27 11 23 30 26 13 28 0 8 5 26 12 14 15 12 16 22 0 6 5 6 3 17 1 27 12 0 18 27 9 6 30 12 6
18 18 15 12 13 19 3 19 11 30 23 14 15 25 11 5 16 22 29 27 8 20 5 2 25 2 2 19 0 4 15 27 3 29 17 10 30 25 22 4 6 28 11 26 21 20 27 21 25 30 24 6 24 29
5 2 9 3 28 22 16 27 16 12 18 13 26 6 26 18 12 27 3 30 28 30 11 20 20 28 1 9 14 7 3 27 5 4 6 9 24 9 4 16 15 16 6 15 18 14 19 17 24 6 6 3 0 20
27 15 2 25 6 21 23 10 21 28 27 12 13 7 3 12 25 14 4 2 5 1 10 11 28 30 17 8 7 18 1 20 29 0 10 24 16 18 2 24 24 2 26 18 20 10 19 4 8 19 2 9 13 15
9 20 25 25 1 26 12 0 5 6 16 17 19 5 27 1 11 19 3 29 12 25 28 4 3 22 9 0 20 9 20 9 8 9 23 21 28 27 26 30 4 1 10 22 30 10 5 21 27 29 9 1 15 3
20 9 21 17 16 28 8 5 7 2 28 26 13 1 4 15 16 2 15 2 2 18 21 26 19 30 13 10 2 7 1 8 0 23 17 15 24 1 6 22 5 15 19 20 16 23 0 14 5 4 14 16 10 22
2 19 4 27 11 26 17 25 20 3 12 20 7 30 4 14 20 22 25 4 27 0 10 3 15 10 22 24 22 20 12 18 30 18 1 4 17 24 15 24 27 19 13 24 27 9 4 17 26 22 24 19 18 29
10 0 18 6 18 20 16 8 23 13 3 3 5 2 9 4 12 0 28 20 4 23 22 2 4 17 2 25 28 13 3 9 28 2 24 5 7 8 23 4 0 28 18 5 13 9 28 23 8 5 30 27 24 22
9 24 11 5 18 17 12 21 5 11 1 30 21 17 6 25 9 2 14 29 17 15 19 22 28 0 8 24 22 27 4 20 9 1 10 12 9 27 13 17 11 0 30 7 0 29 17 19 19 29 21 15 3 14
20 20 2 7 10 5 9 3 0 16 6 30 7 3 18 5 27 2 6 10 0 21 25 30 23 10 4 13 0 27 21 11 7 15 3 6 21 1 9 17 10 23 3 9 21 4 24 8 26 19 16 12 20 2
21 7 26 28 25 28 2 2 6 9 16 18 6 9 14 2 20 26 28 15 30 9 27 9 22 29 15 29 16 17 13 16 27 13 26 15 8 23 12 12 30 9 17 24 5 0 10 18 4 26 30 5 13 29
5 16 28 19 7 6 2 21 15 1 24 5 8 20 5 26 26 6 2 14 14 6 27 19 22 5 10 15 19 6 8 6 18 14 10 2 3 4 15 12 19 23 3 3 21 27 16 19 16 4 29 13 6 13
20 26 0 27 19 1 14 27 23 12 4 22 0 18 28 11 5 18 3 12 12 19 27 23 28 17 8 26 15 28 30 21 1 20 4 14 2 21 27 3 4 14 26 21 2 14 19 1 30 2 21 2 12 6
7 15 28 26 25 10 1 16 18 8 10 4 5 20 29 17 22 7 15 5 5 10 6 20 2 24 4 27 4 25 25 12 15 27 22 21 22 16 3 24 20 20 28 25 23 13 16 21 20 28 13 14 25 10
0 18 4 15 27 24 8 4 29 19 2 1 14 16 9 27 12 26 2 9 2 30 15 9 27 15 20 13 6 14 19 11 7 9 20 29 27 21 1 20 6 28 4 17 26 15 28 10 4 11 20 15 18 26
2 8 18 19 23 26 29 30 29 0 13 27 23 5 2 18 12 0 9 10 22 25 26 27 3 21 24 8 18 16 9 20 19 29 4 29 27 3 29 7 4 1 19 5 17 11 23 27 10 19 27 6 10 16
15 27 22 19 22 13 23 7 23 18 20 13 8 23 0 3 26 9 12 3 22 18 7 29 1 10 26 23 27 10 27 2 10 21 18 17 2 18 27 30 22 24 19 4 7 3 27 17 6 27 7 20 18 24
10 22 14 12 21 7 10 3 27 24 0 1 19 24 3 15 27 0 7 13 15 18 0 12 26 13 8 25 19 11 13 8 0 16 2 16 19 4 26 7 10 6 27 15 2 29 4 7 28 25 7 25 22 24
17 13 5 2 10 14 1 30 19 13 20 15 1 26 30 23 5 4 1 26 15 7 11 5 9 20 19 26 12 4 29 28 18 16 1 8 27 30 4 19 27 0 21 15 8 21 25 12 21 27 23 26 19 15
24 30 15 7 30 1 22 6 30 18 13 30 1 8 24 15 26 30 24 3 25 8 9 12 26 17 14 13 1 22 22 25 23 9 18 22 21 8 14 19 9 9 24 2 6 22 22 0 19 17 27 27 17 29
25 13 16 23 24 5 16 30 2 20 25 20 21 9 9 2 4 27 22 28 28 26 11 3 17 2 17 23 23 24 27 15 4 3 8 23 15 24 28 19 16 24 22 6 14 26 16 3 24 12 14 21 24 12
23 23 12 20 2 29 10 3 28 27 2 13 30 26 3 17 10 28 24 15 12 4 23 28 30 21 26 3 25 6 10 16 2 9 3 5 0 30 18 11 3 11 11 1 5 8 11 26 8 1 21 3 5 22
29 30 2 28 27 5 18 0 15 15 7 9 20 14 19 9 29 28 4 9 2 21 17 25 15 17 3 1 20 5 2 26 17 24 9 21 12 29 6 7 27 20 17 7 26 27 26 2 12 13 7 25 29 20
2 17 10 24 8 15 9 21 9 8 20 10 5 9 18 10 13 10 23 28 23 1 0 17 18 1 27 29 17 14 5 4 13 27 7 28 1 17 22 8 6 25 28 22 12 4 13 2 20 2 25 22 17 3
21 20 1 14 24 18 8 16 1 13 30 7 17 15 14 5 13 2 14 21 22 10 28 24 20 16 21 23 25 9 8 3 21 28 11 12 28 21 13 20 6 9 24 26 7 16 7 20 4 11 15 19 9 29
16 5 6 6 20 21 21 24 11 22 25 16 13 13 20 19 27 23 8 25 8 24 24 29 19 3 2 23 10 13 24 4 8 25 8 14 25 6 17 5 22 26 19 15 22 23 27 21 21 11 11 28 29 29
