56 56
4 23 25 24 17 6 3 10 0 30 25 2 13 2 18 18 23 3 18 12 19 1 29 30 17 29 6 24 11 18 7 30 28 4 14 2 19 6 26 19 26 28 7 3 19 14 25 30 3 1 30 4 30 14 14 27
12 22 14 20 19 19 2 25 20 0 0 17 8 26 17 18 29 7 13 13 9 13 26 9 12 2 11 13 0 5 4 17 3 11 3 15 12 5 30 12 14 29 24 17 24 4 24 10 18 18 12 6 6 1 29 2
30 5 13 22 25 26 19 25 23 23 14 8 18 8 29 1 14 24 5 27 12 26 12 30 20 26 10 7 2 29 29 12 2 25 2 30 2 21 4 3 4 28 8 19 25 28 1 23 5 5 15 15 30 21 4 15
24 21 15 7 12 29 30 29 2 0 2 2 30 21 23 14 12 14 20 15 17 19 26 21 27 28 19 13 17 9 12 25 4 17 11 26 23 1 13 2 3 5 3 19 8 2 16 8 30 10 20 22 24 3 22 1
8 7 29 19 4 20 7 1 25 15 3 26 18 5 28 26 21 9 17 25 25 2 27 27 9 4 24 18 18 4 24 6 15 30 26 8 27 11 28 27 1 16 20 19 6 1 9 22 4 17 15 25 10 5 11 19
27 27 16 8 11 11 8 15 5 1 27 3 3 6 23 3 9 22 14 16 21 0 15 29 22 19 6 23 27 0 10 24 30 2 3 12 6 12 13 24 30 18 13 17 8 20 12 17 30 23 11 13 23 5 26 5
3 19 26 6 5 21 22 24 5 8 21 16 26 18 10 17 2 10 15 17 30 19 10 23 25 18 10 9 23 16 2 23 8 22 3 10 21 9 5 0 29 2 18 3 11 24 7 9 2 9 18 16 5 22 19 8
14 6 25 13 17 15 30 5 23 13 1 4 20 30 1 12 10 21 9 27 11 10 23 5 4 18 1 3 16 3 17 27 2 16 15 14 17 22 4 24 6 4 14 2 1 3 15 10 27 2 15 15 27 4 17 14
19 16 4 5 24 8 21 2 22 21 22 17 13 14 12 13 27 19 23 1 15 25 3 25 3 16 0 12 0 3 15 24 2 13 25 25 20 6 14 8 5 15 0 21 30 16 19 18 0 19 26 1 27 26 11 0
4 24 18 27 16 17 19 11 10 8 23 26 18 25 29 2 14 13 12 14 2 24 5 9 22 15 8 25 26 12 29 3 8 9 3 12 15 16 15 17 10 30 14 23 8 26 5 9 27 24 4 4 18 8 5 7
21 12 21 1 11 9 13 15 20 26 29 9 20 4 14 17 28 1 2 13 5 27 22 30 1 0 25 23 26 2 26 10 18 5 1 13 20 27 8 18 14 15 25 5 14 5 8 14 14 5 10 0 15 14 12 21
17 9 24 6 12 25 17 15 7 12 10 22 21 30 1 11 4 1 24 8 30 17 5 15 19 30 0 2 24 12 28 16 14 16 16 8 18 25 9 29 17 7 30 20 6 1 18 29 24 13 6 12 10 15 10 0
5 6 1 15 22 26 7 21 4 13 26 21 16 24 6 2 15 16 9 20 29 15 29 2 11 27 15 1 19 2 14 21 10 16 2 9 15 1 20 5 28 17 29 25 29 3 8 0 23 16 11 16 29 23 7 30
13 10 28 20 22 15 10 17 23 3 26 13 27 3 19 2 14 4 5 26 6 4 9 14 10 8 8 0 9 23 1 13 2 22 26 29 25 17 18 18 7 14 12 27 22 26 2 12 18 1 29 14 29 30 12 21
12 21 0 12 7 25 12 4 16 11 25 7 27 17 4 13 15 15 21 29 16 29 30 20 11 28 10 4 10 24 0 10 10 24 26 3 16 9 15 20 10 30 22 22 12 29 25 6 4 3 22 21 26 7 13 21
25 22 5 5 5 7 16 22 20 24 26 12 12 19 15 24 3 13 26 23 28 23 3 25 23 2 15 27 22 16 5 16 17 20 12 22 7 12 12 17 2 26 7 14 17 29 4 1 12 1 17 26 5 15 1 0
30 29 6 6 18 24 13 27 23 29 30 27 16 20 21 20 14 14 9 7 2 11 13 15 2 29 2 5 2 17 23 27 13 14 4 20 4 18 13 18 17 25 17 20 6 10 28 26 26 7 23 24 1 1 4 19
0 26 21 0 27 2 13 10 6 6 24 21 9 2 3 20 17 13 18 18 15 23 2 10 10 22 0 26 29 23 25 0 12 24 9 20 2 2 0 5 3 24 22 26 17 5 7 20 25 18 29 9 30 27 2 7
17 19 19 30 30 25 13 13 16 16 14 15 22 13 6 0 6 28 30 10 1 28 8 8 7 8 4 21 2 10 22 20 11 30 5 28 11 10 7 2 26 12 4 25 21 25 14 12 6 1 5 27 30 8 14 1
29 28 27 22 7 15 18 20 2 2 18 22 21 29 11 18 19 8 24 6 23 23 6 28 29 0 14 16 28 28 19 2 6 2 20 30 29 29 1 19 1 16 8 2 27 21 3 3 30 20 25 12 17 21 10 16
6 14 24 25 5 21 10 2 15 9 26 13 12 22 8 11 28 11 22 27 4 29 24 11 28 19 26 15 4 2 18 23 16 28 29 25 23 23 1 26 17 16 6 2 11 19 13 18 15 5 4 12 18 12 26 8
11 29 18 30 18 10 20 9 18 30 3 6 26 23 20 10 17 22 15 12 23 10 15 4 13 28 15 2 0 16 13 8 20 3 18 15 0 1 13 12 5 23 15 30 15 12 27 25 26 8 0 0 0 6 9 3
26 9 19 21 24 16 7 5 18 24 30 30 5 23 11 2 11 25 30 10 26 19 7 23 6 24 25 7 23 21 18 30 8 7 17 24 1 22 10 9 24 7 16 4 0 24 3 12 24 10 7 10 17 25 24 4
10 7 28 5 26 3 23 29 1 23 27 15 0 5 21 19 3 1 4 4 27 14 10 8 21 14 17 27 30 10 22 1 26 10 13 7 11 30 17 29 23 15 19 16 15 5 25 29 1 3 25 27 29 6 11 14
28 3 4 1 19 0 28 7 16 24 11 4 19 5 21 4 29 6 14 15 22 9 10 6 3 28 12 30 9 16 5 14 3 9 6 5 20 13 28 15 18 21 29 29 14 21 0 20 8 27 5 13 6 22 24 5
14 30 2 1 11 23 18 12 27 22 22 15 0 7 16 23 14 20 22 11 2 15 27 30 3 29 16 23 3 15 3 14 30 16 16 23 2 23 5 28 14 10 21 9 20 7 1 28 18 12 18 18 30 7 25 25
24 19 27 25 3 21 14 4 28 20 19 20 6 10 24 3 0 11 11 7 30 4 6 2 8 21 0 11 26 18 22 14 11 6 11 1 20 10 14 8 23 2 23 0 25 26 12 5 1 10 15 29 2 10 20 18
17 19 20 13 24 24 9 6 14 1 4 8 22 27 25 0 1 26 16 19 12 25 24 5 0 23 15 20 21 4 16 7 4 1 6 22 19 2 21 29 24 30 30 21 5 1 12 26 24 21 0 13 3 7 19 12
19 20 18 26 24 15 24 12 0 1 16 24 5 21 7 6 29 29 11 17 30 27 13 10 29 18 12 11 25 5 3 0 3 27 22 2 29 24 10 30 10 6 9 28 12 1 20 22 18 0 19 4 17 21 16 22
12 26 25 30 15 29 12 26 26 24 19 18 17 27 3 29 8 29 15 18 10 5 28 5 19 11 28 30 28 17 12 2 0 29 11 21 1 21 0 21 2 18 27 13 25 12 18 22 30 21 15 24 3 27 9 30
29 29 0 19 19 5 25 5 27 20 27 17 25 20 18 22 9 3 0 22 2 11 21 23 7 9 0 3 23 0 12 0 16 22 4 7 11 8 9 11 7 0 10 17 15 26 8 16 10 20 5 26 21 22 0 27
2 30 11 20 30 16 20 9 22 19 13 6 22 30 25 2 9 8 13 22 21 10 21 2 11 14 12 13 1 25 1 0 27 13 3 1 13 4 21 4 17 15 13 2 9 6 22 25 11 22 10 2 13 20 24 17
4 7 12 26 19 0 9 10 20 25 10 17 5 19 9 9 15 20 30 12 27 9 13 19 20 0 19 5 29 14 20 13 22 10 9 23 5 20 4 23 4 21 10 8 12 2 29 5 5 6 14 14 23 19 20 13
17 19 21 2 22 20 0 25 7 15 17 17 24 1 8 27 4 0 22 29 11 15 13 22 18 8 5 21 22 13 3 2 24 19 26 20 10 30 15 10 18 15 1 0 13 17 21 24 26 19 9 18 25 25 19 30
12 4 1 7 26 26 20 0 13 21 2 15 2 24 17 14 29 24 17 7 22 16 18 27 15 18 9 4 21 2 11 15 16 10 18 7 26 14 16 22 6 15 23 10 29 17 25 15 14 25 27 26 22 5 14 23
30 10 18 19 19 2 11 15 23 17 13 11 23 15 24 16 6 19 1 20 12 23 11 13 13 0 25 23 20 13 25 0 25 22 0 16 5 4 27 7 18 2 1 14 28 22 10 0 8 6 16 5 10 2 21 24
27 10 28 15 3 26 21 12 22 10 30 14 7 7 17 8 19 11 7 27 23 26 28 19 27 11 25 25 29 2 22 29 30 27 22 25 19 9 10 7 7 7 8 13 30 27 5 11 9 14 21 1 24 30 24 7
20 24 10 8 7 2 0 15 8 17 6 25 2 8 15 25 13 18 7 8 16 15 13 23 17 8 26 11 29 2 28 26 6 30 17 23 29 10 25 11 8 24 19 26 4 22 21 4 20 24 7 10 0 21 24 8
19 9 18 2 6 28 27 5 10 5 18 12 28 18 29 11 11 22 26 15 7 6 22 9 15 16 25 15 13 30 9 5 0 5 20 5 2 27 12 22 26 30 25 5 18 3 7 8 1 30 5 25 29 5 5 29
26 24 0 9 12 5 5 19 14 1 18 9 22 10 25 29 28 1 15 0 20 17 11 4 30 27 27 2 4 20 9 9 19 3 1 24 27 4 1 28 4 0 23 1 9 26 19 26 18 3 12 23 1 0 19 16
10 14 23 2 18 21 12 6 27 1 1 25 14 25 23 30 10 30 1 10 8 27 18 5 25 17 20 17 4 13 24 16 1 23 19 24 26 1 28 13 20 29 24 11 2 5 12 25 9 12 16 6 15 17 7 24
14 23 9 5 24 0 27 30 7 18 29 25 14 24 26 7 26 29 21 17 3 5 21 21 20 28 22 15 3 0 3 3 21 15 14 5 3 3 17 24 23 18 14 10 28 5 24 12 1 5 26 22 26 19 11 20
11 11 11 5 25 27 29 8 20 8 6 7 22 6 26 13 29 16 23 19 11 15 22 27 9 13 27 11 21 15 25 13 12 18 18 21 16 18 28 2 21 18 23 25 3 3 10 22 14 8 9 13 2 11 15 21
21 9 17 14 14 2 15 2 5 6 4 2 8 10 27 26 2 9 21 10 10 3 27 8 7 25 25 20 8 21 8 21 25 16 8 14 2 3 4 25 9 10 9 2 17 13 27 22 28 29 30 2 18 2 30 3
6 9 14 23 17 12 23 11 17 28 20 24 12 8 15 18 10 29 28 22 21 27 7 10 3 28 7 18 4 1 7 8 0 11 20 2 23 19 4 13 16 26 27 5 1 29 27 30 26 8 22 29 28 26 27 26
9 11 22 1 30 21 25 2 28 4 20 24 7 14 22 0 8 25 27 22 9 30 12 7 12 15 6 9 3 2 20 29 13 8 5 0 20 19 15 0 17 2 28 13 3 26 19 13 14 30 25 28 1 18 1 10
13 19 29 24 4 22 16 11 2 8 19 6 24 6 20 9 8 27 24 7 30 22 10 23 6 29 21 10 20 5 15 10 1 15 27 2 5 30 23 27 2 23 18 18 9 26 20 25 22 7 5 11 21 8 22 23
17 15 0 1 7 12 19 10 12 20 27 28 14 3 2 3 8 28 7 19 12 15 17 2 19 1 17 25 6 19 13 17 27 17 3 19 10 13 8 21 26 29 29 10 8 10 20 20 6 6 17 28 6 0 7 13
16 19 28 17 22 16 5 1 14 15 29 16 27 30 23 17 19 22 12 30 10 13 22 29 4 8 8 8 12 26 2 8 23 15 0 30 22 7 21 1 5 19 27 18 10 20 1 30 22 18 17 28 28 25 30 28
13 13 24 21 3 25 20 24 12 14 27 15 29 1 24 21 28 30 16 0 11 18 2 12 8 25 15 5 9 3 15 3 18 25 10 24 2 20 23 4 20 24 21 23 26 21 23 19 30 11 8 29 30 15 14 27
16 4 7 28 10 7 29 25 22 3 20 0 7 7 13 28 3 19 0 7 18 5 20 7 3 29 0 2 22 14 21 12 28 30 29 21 3 26 3 3 18 30 6 26 15 6 16 23 18 30 11 13 27 15 7 14
16 19 7 21 5 25 26 7 25 3 1 24 1 15 1 18 2 17 13 10 4 15 16 10 8 21 1 11 14 7 1 10 8 26 4 18 14 17 12 13 26 3 1 15 5 15 29 26 16 0 29 16 4 10 6 2
0 13 29 21 25 25 7 8 22 26 16 18 8 29 9 3 24 16 5 26 30 15 16 4 1 25 19 20 10 14 28 10 25 3 17 0 29 10 4 25 14 2 30 20 6 10 29 10 29 2 30 2 26 3 0 2
18 25 20 6 10 23 25 7 0 10 8 15 26 12 20 25 3 20 7 30 3 7 15 15 18 1 16 14 0 19 17 2 18 12 12 1 0 1 15 15 4 6 18 26 14 22 10 14 12 15 13 10 14 25 22 13
8 17 19 7 30 13 23 19 22 22 27 21 1 6 11 28 25 9 6 10 26 16 14 0 7 19 22 0 1 23 22 19 9 29 21 11 4 2 8 18 5 0 19 9 7 7 22 3 14 19 16 25 23 27 17 1
26 13 6 19 20 24 27 7 26 17 16 21 5 20 16 27 14 18 9 28 6 1 20 7 30 17 0 7 3 20 5 3 28 21 10 2 13 10 26 29 27 24 26 24 13 17 15 10 5 19 1 22 28 11 14 21
