57 57
8 30 14 11 13 11 13 29 24 21 30 0 26 25 10 16 12 20 8 14 20 10 23 27 25 23 30 0 20 22 30 12 5 21 17 17 28 8 15 29 6 3 29 17 7 28 1 30 25 17 30 0 4 20 27 11 7
9 19 11 6 29 9 5 21 22 7 13 5 26 9 3 23 2 29 22 8 9 25 16 17 30 16 15 29 14 5 15 18 11 0 16 20 12 21 2 6 15 27 11 3 18 6 27 19 19 21 30 28 15 16 20 19 0
15 14 13 18 3 0 9 24 9 20 18 21 29 30 4 5 1 7 3 15 13 13 14 18 30 0 20 23 20 14 5 3 24 25 10 22 25 25 17 10 9 9 25 6 2 0 1 12 17 0 21 22 4 29 27 3 4
1 18 25 11 0 3 21 3 4 21 26 8 1 19 10 3 18 7 9 7 23 27 30 15 29 6 18 30 17 27 20 28 20 0 19 13 10 19 24 20 17 17 20 6 27 17 27 0 7 19 15 3 15 6 28 1 2
20 6 25 11 10 14 21 19 10 14 19 14 3 2 26 25 2 12 20 27 8 1 30 24 2 2 22 0 28 25 9 30 14 24 4 7 0 4 6 13 25 25 25 26 12 19 15 29 23 12 10 14 14 18 30 27 23
11 21 10 5 10 8 21 12 18 16 10 10 29 10 22 24 18 1 2 24 7 13 3 4 27 27 22 28 25 12 5 4 13 24 8 23 28 29 22 3 29 18 2 26 9 9 30 15 8 0 20 10 6 13 18 24 28
14 11 2 21 12 10 24 13 18 5 25 21 7 2 17 12 8 7 19 5 17 28 14 17 22 0 26 23 24 3 26 12 0 24 2 14 24 0 14 23 27 30 18 9 10 6 17 20 5 15 18 13 30 19 23 29 10
11 5 0 2 16 12 1 12 3 28 18 20 4 18 5 3 21 4 22 4 16 29 5 6 4 18 6 26 21 10 13 22 27 24 27 7 22 4 13 26 28 23 18 11 8 22 13 4 20 30 17 10 2 23 20 9 24
7 28 17 19 12 28 5 2 24 5 12 28 10 4 18 16 25 20 20 10 21 24 20 20 19 14 5 26 12 18 0 22 14 4 1 10 0 13 24 14 5 9 22 10 20 24 5 22 25 8 1 29 27 13 20 10 4
10 27 16 17 2 16 7 23 12 14 11 16 14 30 22 15 21 16 6 28 8 13 7 29 9 11 23 15 16 1 10 10 7 11 20 14 28 1 12 29 12 23 25 29 13 12 5 14 29 0 5 21 26 24 13 19 14
23 8 22 8 5 23 1 10 10 6 16 11 23 28 20 2 14 23 5 0 2 30 14 23 20 19 13 26 20 0 0 24 10 15 1 30 5 12 0 4 19 12 24 15 12 17 23 12 18 7 23 12 26 18 8 11 6
18 0 4 21 26 3 15 21 8 7 28 19 26 22 17 11 18 4 0 21 20 11 19 0 6 13 18 21 4 10 16 16 23 12 20 24 2 2 17 18 7 20 26 9 23 13 28 15 21 1 25 10 26 10 27 22 7
6 27 9 12 4 22 28 11 21 4 2 23 15 22 28 29 9 11 15 7 5 0 4 20 12 18 1 28 16 7 3 7 29 24 1 29 3 30 20 0 20 9 30 9 4 4 30 0 25 5 27 9 4 0 25 12 29
30 25 24 14 26 4 13 1 15 21 23 12 9 6 30 30 23 29 16 3 28 3 7 5 3 13 8 30 2 9 2 9 24 17 10 11 30 18 28 4 6 4 25 7 13 19 6 22 1 29 6 3 21 15 6 3 28
18 18 20 27 20 25 30 28 17 20 0 14 14 15 12 20 7 5 2 6 22 6 25 21 14 13 3 16 13 0 3 26 4 18 25 29 16 22 28 22 27 11 27 4 4 12 26 19 17 25 28 0 13 9 10 22 24
27 9 27 28 24 11 3 19 0 30 3 16 21 28 14 30 0 10 6 12 25 30 22 9 7 2 21 11 14 11 28 14 9 26 2 16 19 29 23 18 24 7 3 27 14 8 8 9 12 12 7 21 11 26 12 14 30
13 3 17 11 26 10 3 4 25 15 27 16 21 14 0 22 23 11 24 8 24 10 14 28 5 10 13 3 6 20 10 18 25 8 27 6 23 28 12 14 8 17 8 12 9 7 8 9 5 1 18 21 30 10 3 24 15
0 17 6 15 13 7 2 2 13 11 1 25 23 17 7 6 2 25 20 4 22 11 7 14 4 21 22 29 28 7 29 4 15 28 20 26 10 8 12 21 30 16 9 22 9 1 2 22 26 29 6 20 17 9 4 18 27
11 26 4 21 14 10 3 30 18 0 26 0 16 14 15 24 17 25 20 20 21 23 29 11 22 24 15 28 15 5 4 19 16 0 24 14 17 21 4 6 6 10 15 27 15 11 17 11 24 9 3 9 30 7 4 17 19
25 23 15 1 10 28 10 6 6 7 10 0 26 26 5 27 26 3 10 17 29 9 11 19 28 7 2 2 21 26 10 17 29 9 20 22 22 2 29 21 24 2 1 6 10 29 7 28 0 4 20 15 10 14 23 25 12
26 11 30 26 3 26 24 12 19 27 3 3 19 23 9 18 0 7 25 15 26 30 30 1 25 20 1 11 7 8 13 7 19 11 1 25 10 25 21 9 17 27 3 23 13 14 20 26 20 14 23 19 22 5 14 1 13
3 27 3 13 6 22 27 8 30 17 9 11 22 17 10 19 5 19 7 1 21 19 1 19 16 6 16 26 26 12 29 28 1 1 23 0 25 30 17 8 11 29 29 6 2 12 23 3 22 12 21 19 15 24 19 5 30
0 1 0 23 14 6 14 1 29 12 2 10 4 21 22 13 24 1 7 10 27 9 13 30 10 27 0 14 29 29 17 1 17 21 25 2 13 27 1 16 1 17 15 26 7 16 7 30 0 6 3 27 4 18 8 23 9
2 28 2 22 25 8 9 29 5 2 13 19 22 21 20 3 28 18 17 21 25 21 15 26 15 18 2 11 29 4 11 7 14 7 25 12 25 18 1 7 27 28 14 11 22 16 25 19 23 21 24 22 23 3 10 10 16
11 23 19 24 10 27 24 29 22 9 20 28 26 11 9 12 6 17 17 11 19 25 30 29 30 11 28 26 0 28 28 7 15 2 21 20 17 7 28 26 6 26 29 3 26 24 15 8 0 2 8 8 4 23 10 8 6
8 25 19 0 2 0 22 21 28 5 1 27 21 29 25 9 7 16 12 18 14 9 1 19 28 20 10 25 26 1 12 7 15 2 16 28 22 1 21 30 28 12 20 10 13 0 17 4 23 15 22 26 3 26 6 25 12
5 23 5 23 7 28 24 5 23 16 23 20 30 6 14 20 10 22 15 6 7 29 5 23 5 4 17 9 27 25 26 24 21 30 12 22 7 7 28 6 14 4 17 27 12 17 11 23 13 16 21 0 6 8 10 22 3
12 29 23 7 26 30 0 11 13 6 12 19 16 26 14 15 12 15 15 18 26 29 22 23 2 27 26 17 15 1 2 7 10 20 15 13 1 30 6 25 17 17 30 16 0 2 20 19 21 7 5 17 8 27 16 26 22
19 6 12 22 10 18 11 15 30 21 6 27 12 20 19 19 27 13 20 23 22 11 24 27 9 27 23 22 19 6 16 8 26 30 19 7 16 9 4 13 2 11 5 0 3 25 22 29 19 19 10 8 5 22 2 23 26
1 21 20 1 6 12 12 15 11 27 7 2 12 6 24 16 15 2 4 27 9 22 0 2 8 1 5 24 18 22 29 5 17 1 0 5 16 11 17 29 29 1 17 3 30 0 10 5 26 0 26 15 26 12 24 1 25
27 5 15 22 1 29 7 8 23 1 14 9 10 8 28 14 8 8 0 2 18 14 16 21 15 4 16 18 15 1 24 1 0 19 30 23 5 28 3 29 16 17 17 5 7 13 13 19 5 26 24 10 0 30 21 29 30
29 10 17 18 0 17 2 26 7 15 6 26 7 20 19 10 5 10 29 19 20 4 18 20 10 15 26 2 16 25 22 0 8 3 9 23 15 15 0 4 10 0 11 19 0 27 23 6 1 10 2 17 18 24 25 16 7
26 22 3 28 23 5 22 7 5 30 11 1 20 30 26 27 24 24 8 2 24 24 8 30 21 28 19 25 4 19 28 14 13 23 21 6 7 28 16 1 11 13 26 15 27 20 23 16 18 9 26 27 1 3 18 4 15
28 21 14 7 15 11 19 10 8 18 26 20 9 5 2 29 11 8 22 9 8 20 12 12 21 7 10 5 7 3 27 14 11 5 21 10 10 6 20 23 11 10 28 1 11 8 19 3 19 27 22 25 28 19 15 30 2
14 27 17 23 9 15 16 28 3 19 4 30 3 11 21 19 14 2 30 22 23 30 4 1 13 18 12 20 19 24 11 30 9 23 26 28 23 1 16 23 23 8 30 1 12 15 30 29 25 9 16 16 22 0 30 13 15
9 14 9 30 29 4 21 6 21 29 2 6 27 9 4 25 9 30 15 21 16 12 11 20 28 1 24 16 22 0 0 3 5 12 10 27 30 1 20 5 6 10 13 4 16 4 23 29 12 1 7 18 2 7 21 2 28
1 4 16 10 19 18 29 29 12 14 15 26 12 21 10 13 30 2 7 30 17 30 21 2 20 13 23 14 26 15 24 2 13 3 12 9 21 21 1 4 14 26 3 8 25 12 10 10 14 23 19 8 21 15 21 27 25
15 18 21 19 20 14 14 1 2 13 10 3 18 28 26 7 19 15 27 20 14 26 10 26 28 24 11 29 26 22 13 12 21 16 3 13 30 1 16 15 24 29 4 23 2 24 30 10 18 9 23 0 29 19 9 16 17
30 23 6 12 23 3 23 1 11 21 0 21 19 8 12 20 18 0 20 5 5 17 6 30 4 15 2 28 28 20 5 24 11 19 13 8 25 29 15 14 22 7 1 24 30 3 25 27 20 30 5 20 16 11 9 15 13
26 6 11 25 13 28 0 15 15 25 23 16 17 12 6 14 4 16 0 10 11 4 26 17 21 15 29 23 21 25 3 19 2 10 23 18 17 2 18 1 27 5 7 26 7 15 29 21 27 18 0 15 7 27 14 2 10
0 30 13 1 30 13 9 28 29 14 4 19 15 17 28 18 26 8 10 21 27 0 15 2 24 28 7 20 3 4 4 6 18 11 21 27 28 13 9 4 18 24 4 14 4 18 17 5 28 6 28 19 6 27 1 29 22
29 25 30 24 18 15 21 24 13 14 16 28 7 4 8 16 29 29 8 29 13 16 5 9 8 2 16 0 23 15 6 20 13 16 20 25 11 19 1 10 9 20 21 13 27 19 19 22 24 28 18 21 27 30 22 30 4
20 10 8 26 10 20 12 29 10 20 12 3 30 17 23 14 4 18 3 0 3 5 3 14 21 9 15 13 14 6 28 26 28 29 28 24 6 26 29 23 18 3 14 22 28 0 16 2 3 22 30 14 20 13 7 16 15
8 24 5 9 9 8 10 13 3 11 25 10 25 8 9 16 0 3 23 20 5 23 18 20 7 8 25 20 9 6 18 21 22 16 18 17 16 10 0 22 4 17 10 17 27 14 26 15 14 27 20 13 28 22 22 28 1
3 13 20 7 26 27 12 9 8 27 1 7 6 1 21 5 1 28 2 7 28 18 30 4 22 14 14 14 2 10 11 29 29 24 18 4 2 23 23 0 22 7 28 26 10 11 16 23 6 24 13 4 27 4 15 9 23
21 24 11 22 20 25 13 11 22 25 15 24 20 12 8 4 4 30 8 27 0 4 14 21 28 0 27 18 20 1 24 12 25 11 27 10 22 29 6 10 30 20 22 9 8 2 8 28 14 5 3 6 20 15 3 29 14
10 14 19 24 3 28 4 14 13 21 27 19 26 20 14 24 6 13 1 16 21 11 13 11 12 18 0 7 28 24 28 15 14 17 21 25 13 23 11 12 9 8 1 24 25 3 30 30 11 20 11 28 23 30 21 8 5
19 2 9 22 29 16 14 9 12 25 1 19 27 27 10 0 15 3 12 8 17 4 28 14 27 17 24 29 19 24 22 28 9 26 18 4 3 3 26 12 17 11 26 6 16 20 24 19 30 18 10 4 20 26 18 18 29
17 28 11 23 7 20 8 18 5 12 6 28 8 2 8 13 16 20 2 12 27 14 26 5 13 10 26 21 22 6 5 5 13 7 27 12 0 1 0 5 26 12 2 1 3 7 18 19 5 26 12 16 15 9 11 19 7
25 25 25 24 14 1 21 18 24 14 7 12 28 15 15 10 18 2 7 5 6 29 15 27 29 20 11 15 20 12 15 28 19 20 30 15 17 6 23 15 6 7 27 0 29 16 12 14 6 8 2 24 0 18 6 3 2
29 16 3 18 17 14 12 30 1 20 10 27 22 16 21 6 19 26 14 28 11 22 4 18 7 16 22 12 5 10 10 22 7 27 5 11 9 30 30 0 4 25 27 27 0 27 8 21 12 24 12 13 27 22 29 4 7
18 10 22 0 24 21 6 18 1 30 19 14 8 5 4 21 19 10 7 19 12 27 12 3 9 27 4 23 8 5 21 30 11 7 24 2 15 20 5 21 16 14 1 3 13 5 23 14 23 8 24 7 10 3 30 1 15
5 14 29 14 14 13 16 3 22 12 4 9 30 14 23 29 24 26 10 23 29 30 11 26 14 5 21 7 1 27 10 6 25 2 12 24 14 9 5 17 5 27 5 11 7 22 4 26 2 21 22 10 26 13 13 24 18
20 2 30 19 26 25 26 25 5 11 18 22 8 4 5 14 8 0 19 15 21 27 9 8 6 18 15 15 15 2 9 25 3 19 0 26 29 18 0 19 29 19 29 30 11 7 14 27 3 12 28 25 1 12 2 2 17
29 17 8 30 20 10 18 14 9 21 1 1 17 22 27 8 7 16 25 23 12 23 9 30 11 24 20 25 20 16 20 0 10 23 18 20 23 24 10 8 16 8 5 1 24 10 4 28 3 27 3 7 15 4 6 20 9
1 29 21 10 27 29 0 26 16 27 30 22 11 28 21 17 9 29 5 15 9 26 2 12 26 16 12 5 6 25 25 20 20 5 18 30 26 7 16 4 29 22 25 30 12 23 8 10 20 19 3 19 16 5 29 28 2
17 6 17 7 25 18 29 6 20 20 5 28 2 7 25 14 17 28 9 25 7 30 11 29 7 1 19 3 27 10 20 27 6 22 20 19 29 1 8 5 30 0 29 6 13 3 21 3 27 17 30 29 28 12 3 6 15
