64 64
14 3 21 12 13 24 15 9 8 16 13 22 20 18 5 17 16 2 29 21 30 27 4 7 22 10 1 12 20 9 17 9 19 14 28 17 29 25 10 17 18 14 9 19 10 13 10 24 20 9 18 13 20 4 19 5 3 7 12 7 9 27 23 5
8 7 13 5 1 13 22 22 14 18 9 10 11 10 3 26 8 19 10 27 20 8 15 28 3 16 1 11 4 9 26 12 13 1 28 30 0 17 12 9 5 29 3 17 18 19 6 15 21 18 24 15 18 29 24 30 11 25 26 21 26 0 15 30
6 15 14 18 11 9 18 18 17 9 5 28 2 6 15 5 5 0 0 7 6 18 29 24 26 23 3 30 20 2 22 27 23 14 29 9 26 2 30 16 7 0 21 14 28 14 16 15 21 18 3 16 10 26 5 3 1 4 27 21 21 30 23 25
0 4 5 13 29 2 23 0 22 14 21 14 26 19 5 0 16 29 21 26 1 4 30 18 11 22 5 11 3 14 16 0 16 13 5 28 2 26 3 16 13 15 1 26 13 15 6 28 13 16 28 9 18 8 21 18 5 25 1 30 15 29 29 1
20 26 8 18 20 3 22 3 30 17 26 4 2 26 10 5 9 11 5 21 5 20 14 14 13 12 13 25 17 25 19 27 20 13 0 6 16 22 2 22 24 29 23 22 8 4 7 15 1 0 6 30 0 22 19 8 15 12 8 6 8 29 21 20
11 8 0 19 26 16 2 1 22 11 6 22 15 2 2 26 11 27 20 0 25 17 23 8 4 7 25 24 0 30 5 16 15 1 5 8 19 2 1 14 29 4 19 10 8 23 3 21 3 12 7 2 22 17 16 27 4 11 12 19 15 5 18 1
21 25 2 17 27 18 1 30 14 4 10 23 6 3 16 26 6 14 19 8 22 0 21 20 21 17 4 29 10 0 18 23 12 17 30 20 26 26 19 26 21 17 23 11 24 29 12 8 19 3 23 15 29 10 13 0 18 4 23 2 22 8 19 21
23 25 9 5 15 6 9 25 30 7 16 20 24 6 15 21 21 5 0 28 4 24 12 22 28 21 16 28 26 19 13 15 25 26 0 22 23 5 25 28 1 19 20 1 3 1 29 9 10 21 29 22 14 11 17 19 22 25 12 10 9 19 5 26
29 0 6 8 23 5 22 18 14 12 19 22 23 28 3 28 25 20 1 3 15 27 23 6 15 25 20 21 25 10 24 6 15 15 11 1 1 8 7 18 23 4 20 4 15 22 7 25 14 8 27 28 0 29 5 3 27 27 16 28 12 2 23 26
10 11 8 29 11 27 13 29 23 25 11 21 4 26 11 7 6 2 3 15 14 17 12 4 7 5 3 16 23 8 5 10 21 9 0 8 18 24 11 30 6 21 10 2 2 24 23 13 8 17 20 11 11 2 14 25 2 0 9 12 11 7 21 24
20 27 17 11 30 26 27 21 10 1 27 10 26 11 15 22 24 22 29 8 2 4 28 28 10 29 13 4 23 4 22 4 6 15 23 26 16 4 16 29 18 5 12 14 27 19 13 0 12 11 4 5 17 2 22 14 25 24 21 6 14 22 10 9
22 16 4 16 14 6 12 23 5 24 15 0 6 4 1 24 24 10 22 24 14 9 27 20 22 16 5 9 13 0 4 8 14 23 26 29 6 13 23 2 1 18 19 20 5 2 12 15 6 18 12 23 20 26 25 30 1 5 7 14 3 22 24 24
6 2 23 22 5 19 26 24 7 5 19 18 22 11 18 6 13 24 15 17 10 6 11 28 10 0 27 0 12 21 17 27 4 20 11 5 9 4 29 16 23 3 12 25 30 8 7 0 11 20 20 16 18 22 22 29 15 0 23 5 25 8 27 10
30 0 26 15 20 11 27 25 21 21 29 28 25 16 10 27 29 21 6 4 17 4 27 19 29 25 28 1 6 3 28 17 6 30 6 21 15 8 4 26 28 2 10 22 3 10 25 14 23 12 13 29 26 2 5 23 20 26 9 30 10 19 15 23
10 16 13 16 23 16 21 5 22 19 22 28 26 15 2 4 19 4 1 16 6 0 12 8 23 12 13 21 4 15 18 10 27 20 25 13 19 12 8 7 23 29 26 8 14 11 26 15 23 26 26 0 13 16 26 4 12 6 25 21 20 19 19 24
15 10 13 23 12 25 11 17 18 6 14 0 9 10 4 15 22 30 3 17 24 0 6 4 12 26 13 6 6 26 5 7 3 10 19 17 21 14 28 4 1 20 9 29 29 15 10 0 19 26 20 12 15 16 11 7 11 21 16 12 16 21 24 18
16 26 18 7 16 16 3 6 17 11 9 22 4 10 30 21 25 15 26 2 10 11 12 5 22 22 17 30 23 14 1 26 5 13 20 26 26 22 30 16 10 27 20 14 8 3 8 30 18 4 23 29 14 17 27 9 24 26 22 26 5 27 6 22
14 22 4 27 12 22 20 16 13 19 10 11 22 29 25 21 7 7 12 12 22 9 7 11 5 12 10 16 16 25 16 29 13 7 29 24 27 19 5 30 3 10 7 0 19 17 6 15 0 19 1 11 22 1 6 16 29 0 2 11 13 12 15 2
16 25 6 11 15 11 15 22 21 10 6 22 12 3 22 7 16 30 4 19 12 25 23 4 22 17 18 14 3 21 17 0 3 10 19 5 5 26 29 7 6 15 10 3 2 16 14 14 30 22 13 8 14 2 28 14 15 22 25 20 4 14 27 17
30 20 27 30 19 26 12 10 12 17 22 10 13 0 8 18 19 4 25 23 13 12 21 7 29 6 11 1 19 10 24 1 24 1 8 20 15 9 22 16 22 20 27 14 13 23 14 21 4 21 25 25 8 22 16 12 2 23 7 29 22 4 13 1
11 18 18 16 3 3 16 12 25 20 13 22 3 12 26 22 9 16 27 28 4 24 9 27 4 20 15 8 24 13 10 8 13 28 3 25 25 6 7 26 17 25 10 3 5 1 12 10 24 12 22 5 9 22 1 18 4 24 7 9 1 4 18 24
29 20 10 27 14 3 1 15 28 10 6 30 4 27 20 10 26 21 10 19 11 7 14 28 29 2 8 25 9 21 15 13 28 4 25 18 5 29 17 16 16 12 12 9 2 26 16 13 20 5 25 1 24 5 8 14 25 18 30 1 11 9 17 17
8 26 29 11 13 16 0 26 20 11 9 5 4 6 1 2 10 22 13 11 17 30 2 19 4 15 28 30 15 8 7 27 5 9 28 28 19 1 0 26 14 11 26 29 9 3 20 24 23 9 8 21 3 11 17 15 29 21 23 14 9 8 15 1
27 14 23 27 0 26 30 18 4 2 24 28 1 10 18 21 21 25 14 21 10 1 0 30 18 29 12 20 0 16 9 4 18 5 28 3 7 8 17 21 28 22 18 20 17 26 13 20 19 29 7 13 15 2 27 6 22 11 13 14 8 15 21 5
0 20 13 1 29 29 16 27 0 19 7 7 5 17 2 7 21 27 21 12 3 25 3 1 23 0 15 18 1 24 15 25 11 29 1 8 3 26 2 9 24 28 16 10 0 19 7 19 12 28 17 20 17 26 24 11 3 6 18 24 1 11 27 19
14 0 2 17 29 0 20 8 15 8 30 6 11 25 23 9 1 23 13 24 26 19 5 11 20 0 12 5 15 27 20 23 27 26 23 22 0 16 25 12 7 0 14 14 9 17 12 25 5 11 23 26 13 27 3 8 9 27 18 29 13 25 16 9
12 25 9 2 15 12 20 1 26 5 23 12 12 5 26 4 17 18 6 16 3 25 18 11 15 0 17 7 13 8 25 12 21 6 16 15 0 0 1 26 2 16 27 18 4 28 15 6 8 21 3 20 11 3 7 23 20 29 11 7 21 24 11 25
29 6 20 12 23 9 9 26 12 5 19 27 30 2 19 29 15 3 22 16 27 1 30 8 8 21 2 28 6 18 1 30 15 28 17 18 26 9 10 17 12 22 4 20 9 14 17 11 13 18 19 30 11 29 26 7 27 0 28 14 29 19 17 26
0 15 15 9 7 4 1 30 13 11 29 13 10 8 11 2 10 7 1 6 8 26 17 16 8 4 15 3 28 3 2 22 24 6 21 20 17 27 28 18 15 23 22 2 28 19 19 15 10 6 29 24 21 2 2 3 7 24 5 14 24 2 27 26
16 11 1 20 21 20 6 0 28 8 6 29 23 0 14 21 7 5 15 17 18 26 5 8 14 6 17 20 14 25 6 16 0 24 10 30 20 20 7 11 21 26 10 1 25 14 25 28 30 20 26 12 3 30 23 30 5 30 19 9 11 17 10 14
1 17 30 21 25 26 3 29 24 30 3 12 2 0 1 13 10 2 2 13 16 30 1 8 11 2 24 30 27 6 17 20 26 28 29 19 20 19 15 13 4 18 9 24 20 4 6 5 2 6 30 30 3 8 26 21 5 16 0 15 22 23 1 0
8 6 20 25 21 18 6 20 3 2 30 14 4 21 22 29 9 20 27 28 0 29 24 21 21 18 1 8 28 18 7 8 18 0 23 27 17 19 18 28 25 7 18 17 19 1 4 22 5 5 19 2 3 11 30 7 3 11 19 10 11 29 9 18
30 15 2 20 6 18 1 10 22 4 20 20 1 4 7 19 19 0 19 20 1 8 4 20 27 5 29 15 25 14 10 6 30 26 24 26 2 20 12 27 24 18 19 20 18 3 6 25 1 9 11 18 20 10 16 2 24 26 2 20 23 25 11 25
11 20 2 9 29 11 11 15 14 2 4 15 15 19 8 13 26 20 26 18 27 4 21 9 7 0 15 4 21 13 2 24 8 15 17 25 11 25 9 20 19 5 18 24 7 4 26 7 26 5 22 15 16 0 8 25 18 21 21 24 7 10 22 22
9 22 10 6 6 6 25 16 15 23 10 27 8 17 3 7 2 29 8 15 25 30 14 9 13 6 26 13 14 18 25 27 2 22 10 25 25 2 11 0 10 28 8 5 6 16 28 26 9 2 22 5 23 24 26 25 26 30 28 9 7 10 20 3
22 20 30 22 16 26 8 29 22 24 19 5 16 9 25 9 28 2 15 15 8 29 4 21 25 23 0 2 29 15 10 9 28 14 23 5 13 18 6 0 7 20 11 12 30 14 30 12 26 26 5 15 30 8 23 26 11 17 12 19 8 4 13 5
10 20 26 12 11 20 5 0 3 17 23 16 14 2 5 1 15 8 12 17 28 20 25 7 26 28 24 29 26 25 0 1 9 2 5 16 18 1 17 23 2 17 24 18 3 29 1 22 15 9 24 4 23 25 21 30 20 16 2 30 1 0 13 7
17 3 25 7 7 14 9 28 19 14 29 4 24 26 26 14 13 15 20 23 1 19 7 27 9 1 3 20 25 27 20 12 1 26 30 27 7 22 10 25 22 24 6 25 20 29 29 17 18 28 3 0 3 29 14 19 5 14 10 21 15 8 25 18
8 23 27 3 25 15 28 4 1 16 22 13 4 29 13 26 15 17 4 3 8 27 9 20 14 15 15 29 18 27 28 29 21 7 0 10 14 17 3 18 6 18 27 27 22 13 17 19 5 8 24 22 18 20 25 21 28 2 13 14 20 15 3 5
29 7 9 17 14 1 14 12 29 3 9 24 29 27 11 14 26 15 0 2 15 12 17 23 9 25 19 19 27 10 3 26 8 5 18 22 30 14 7 21 14 13 5 1 25 17 29 29 28 18 6 28 5 12 17 0 2 9 25 24 9 12 17 28
15 5 5 28 20 9 14 20 6 24 8 0 28 14 14 9 27 27 5 16 4 29 8 12 20 12 2 17 0 21 4 27 15 19 13 24 4 28 8 29 21 8 7 15 12 18 9 16 10 0 10 6 9 25 8 0 19 13 15 24 28 18 24 29
14 5 29 10 25 23 23 3 27 7 17 23 20 22 8 19 23 26 10 6 9 11 0 7 21 12 5 16 12 23 25 30 1 26 17 26 11 24 2 23 5 9 25 20 0 4 10 24 4 11 30 14 26 30 5 15 10 16 3 15 19 13 8 26
9 16 10 8 16 13 6 9 22 20 22 7 6 7 7 24 28 8 15 2 25 9 22 2 26 0 2 6 12 10 2 26 3 3 10 7 1 18 4 0 18 28 27 0 23 4 1 8 1 19 13 7 16 15 0 18 2 28 11 21 29 5 9 19
21 7 2 9 12 15 29 27 6 9 30 9 21 24 16 14 25 1 17 8 8 19 10 5 14 8 30 1 29 27 1 8 18 23 1 20 4 2 22 26 1 11 29 16 11 21 16 2 19 9 3 3 6 19 10 10 15 18 0 6 30 25 4 11
21 17 21 12 5 7 16 15 8 15 21 12 27 16 2 24 29 28 21 23 19 24 17 0 28 7 15 26 10 23 20 0 12 9 1 15 28 25 22 17 1 28 6 21 2 24 1 17 19 6 6 29 26 19 16 8 16 13 0 3 27 6 3 12
16 3 15 4 7 2 6 13 26 4 2 2 1 26 1 14 17 25 29 10 23 9 8 8 3 22 2 26 21 21 24 27 10 15 19 0 0 19 12 6 2 5 12 7 13 8 6 11 10 25 21 22 5 28 5 29 30 14 25 12 17 17 15 20
30 10 30 0 16 23 22 4 30 21 28 0 30 25 23 29 9 15 0 4 5 16 1 4 20 14 26 7 19 29 26 19 30 15 2 14 26 8 12 2 20 7 6 20 21 29 21 13 4 16 20 9 1 13 6 21 6 11 20 21 5 10 12 14
14 30 20 17 3 17 2 20 3 5 29 1 13 2 24 22 10 0 5 24 15 5 30 28 18 25 28 16 1 27 3 22 30 4 4 15 17 22 15 22 14 24 15 11 28 16 4 12 6 0 28 24 18 0 13 4 21 2 25 11 24 6 24 27
27 5 14 0 11 14 24 14 5 26 3 13 19 12 4 29 25 0 17 26 17 23 22 13 4 28 21 9 8 15 1 16 0 2 3 3 17 24 13 17 27 13 28 21 22 8 29 1 22 21 11 14 7 3 15 21 16 26 16 14 14 13 28 24
20 5 2 29 21 8 12 8 13 11 21 29 25 20 17 5 10 2 21 2 8 28 22 18 21 11 20 24 7 25 23 17 4 16 28 13 11 23 4 16 7 28 23 10 3 0 6 18 24 23 27 12 19 20 19 20 0 0 2 25 1 25 8 8
1 7 25 9 12 23 13 11 11 28 24 17 22 10 0 23 30 25 0 1 15 2 23 20 26 10 16 18 23 26 11 5 19 30 27 28 19 26 17 30 28 9 7 15 25 8 9 3 4 22 13 24 21 18 30 4 30 2 11 30 5 26 25 22
6 17 21 5 2 30 25 23 24 30 14 23 10 1 30 28 8 7 11 6 11 29 25 20 3 26 23 5 2 14 5 13 1 17 4 24 15 24 17 28 26 20 26 8 23 29 26 8 16 8 20 28 16 10 24 17 7 6 21 13 12 2 30 8
17 30 11 21 0 24 14 25 2 18 13 22 6 13 13 8 23 6 25 20 15 24 3 5 21 19 29 0 0 4 0 29 13 10 9 10 17 0 1 23 0 12 16 24 30 4 7 3 0 22 19 30 29 20 14 17 17 22 9 28 3 24 20 0
23 29 7 14 24 24 1 21 6 23 17 23 21 8 29 0 16 7 29 1 13 5 26 5 23 7 19 7 21 30 30 17 30 2 28 17 3 24 11 11 5 19 21 14 18 4 10 13 8 23 18 16 10 26 2 15 20 20 23 13 25 0 15 5
25 8 15 19 7 16 19 13 9 18 29 10 11 30 29 17 15 22 21 6 26 25 4 8 5 18 23 10 23 21 30 24 5 19 26 14 19 27 30 16 22 1 10 2 26 14 27 20 24 13 13 15 6 12 7 9 6 10 8 2 24 18 2 2
1 17 28 23 17 29 1 20 24 16 30 18 19 9 25 8 16 10 7 2 19 11 1 30 6 8 21 19 28 9 20 29 28 9 5 30 19 8 23 30 28 0 27 13 20 29 23 28 4 25 20 1 1 13 16 19 27 18 28 28 24 22 8 5
17 23 1 15 2 24 14 29 11 22 1 10 30 19 16 27 22 7 17 27 24 15 4 19 29 24 25 11 29 25 27 9 12 2 24 17 22 3 25 11 5 20 0 30 9 2 4 17 2 2 1 29 18 2 27 5 18 16 17 12 21 1 11 10
12 17 20 20 9 10 30 23 19 17 9 0 24 14 13 20 7 11 24 5 19 10 21 14 24 18 11 15 19 11 4 2 2 0 11 2 26 10 0 1 4 1 11 4 29 25 12 0 5 16 2 18 6 2 15 15 11 24 23 19 18 24 10 8
12 22 29 20 20 13 30 8 12 4 8 26 29 12 4 27 7 21 14 20 18 3 0 16 11 5 8 0 16 2 13 16 27 12 26 26 8 23 30 12 1 20 30 14 30 0 19 0 30 10 29 4 17 0 25 13 3 28 17 15 26 10 21 3
10 13 21 20 4 25 7 15 2 28 15 15 11 23 17 30 26 23 26 14 13 9 9 20 1 0 22 9 22 1 30 27 4 20 25 2 27 4 20 12 15 20 13 21 4 27 24 6 5 11 30 15 9 2 5 15 11 7 9 6 5 1 14 9
1 26 16 13 1 20 27 21 23 8 2 4 3 27 16 14 4 7 14 12 0 1 14 11 0 17 20 6 19 16 27 15 20 13 12 14 1 7 7 20 25 17 30 28 10 13 30 19 0 0 14 5 0 27 16 17 6 24 14 1 8 30 23 28
11 18 27 1 25 14 14 23 23 1 19 13 15 8 7 22 4 19 13 15 4 3 5 18 22 27 27 6 5 11 18 20 9 26 15 15 5 7 27 20 23 6 24 30 25 19 0 24 13 15 4 14 2 15 16 30 18 13 24 10 23 0 12 28
21 19 10 0 25 12 22 28 13 7 14 10 24 7 18 9 29 18 7 14 3 30 1 0 16 1 22 7 30 8 11 26 12 18 9 9 9 24 4 29 15 14 23 24 9 11 0 8 28 0 1 15 26 22 19 20 26 26 11 9 19 22 16 4
9 12 27 2 4 6 22 8 24 20 4 24 30 26 26 18 27 5 26 9 26 12 0 26 16 21 15 4 8 24 15 21 14 11 11 13 23 9 30 16 24 27 10 22 23 19 30 0 30 21 11 13 0 22 13 26 20 11 8 1 10 4 1 17
