69 69
9 30 14 4 7 14 22 19 16 28 23 11 13 5 25 8 21 4 11 26 12 23 4 9 6 4 11 9 20 5 2 27 15 29 29 12 8 6 4 8 15 22 21 23 10 3 7 27 3 27 16 8 11 19 23 23 8 27 24 28 11 25 20 2 8 17 8 6 17
5 22 6 8 2 18 24 0 13 23 29 27 12 30 25 3 22 20 7 0 27 25 2 29 22 27 26 3 9 7 6 0 1 7 27 15 7 7 16 10 10 10 24 6 3 24 1 23 13 17 10 23 11 29 26 4 24 3 26 24 30 7 19 16 3 0 19 0 8
15 11 8 1 10 11 21 28 29 1 12 22 28 9 29 6 13 5 28 25 26 7 3 26 19 4 19 4 2 19 18 19 17 0 28 24 8 21 20 7 14 10 6 28 27 24 19 30 21 16 17 25 17 17 22 8 27 5 10 24 29 15 23 2 21 7 24 2 7
30 24 6 5 6 7 0 14 30 15 16 5 1 13 19 25 26 16 15 25 18 0 17 8 17 4 27 29 28 1 27 10 6 28 0 2 28 12 12 16 21 27 6 7 0 16 8 17 1 8 8 18 18 25 30 30 26 15 30 28 15 28 9 30 24 18 15 18 30
27 24 16 10 10 12 3 2 26 16 4 14 25 17 27 30 26 19 28 19 28 4 30 24 18 30 16 16 20 21 0 13 21 2 25 22 12 6 2 15 3 4 25 11 14 9 13 5 18 2 4 5 23 3 13 14 18 26 6 20 26 14 18 0 19 1 25 3 16
19 29 14 30 29 20 4 11 18 15 10 28 5 30 2 10 5 24 3 30 5 16 13 20 2 11 1 9 6 14 20 3 25 7 24 10 26 8 27 20 22 0 29 23 15 21 12 20 3 26 13 26 26 7 19 12 27 14 10 19 15 25 10 24 30 2 1 16 24
17 10 26 15 18 26 5 13 15 29 30 6 28 27 30 20 6 11 13 4 0 7 24 23 10 20 9 28 4 6 16 9 23 11 24 2 8 10 10 27 12 10 0 13 23 21 26 3 30 14 1 19 8 27 0 17 27 22 27 13 29 30 19 7 19 16 30 7 5
5 12 7 5 19 14 28 30 4 8 9 24 7 3 23 17 1 21 15 8 29 0 27 14 3 12 20 17 28 4 28 3 9 0 13 8 5 30 13 23 26 19 24 13 2 28 26 10 12 25 11 28 17 27 8 11 2 17 12 4 21 10 19 10 24 15 1 3 28
24 2 24 6 22 6 12 25 10 26 30 9 20 4 3 2 20 26 9 27 2 20 9 26 19 8 12 28 21 24 2 13 18 8 3 6 12 27 9 8 3 27 12 25 8 7 17 26 28 16 16 1 29 24 11 3 27 28 2 18 27 2 28 4 29 12 17 15 8
9 8 13 2 10 21 27 22 27 30 3 28 8 12 17 13 4 10 6 20 26 2 15 22 8 16 13 17 14 28 14 1 2 12 26 21 27 2 28 27 2 22 29 1 0 7 7 21 4 20 15 12 7 3 14 18 8 6 17 29 19 23 30 24 13 27 21 2 8
11 17 12 22 21 9 1 18 11 28 23 15 29 21 9 12 19 23 6 23 27 12 19 26 24 21 13 30 1 8 10 11 17 1 10 27 0 23 24 6 26 21 23 23 24 8 5 5 27 19 3 1 11 22 4 10 8 1 16 4 8 26 22 12 10 25 28 23 7
17 18 0 29 30 15 10 30 12 1 25 15 10 18 0 15 19 27 10 10 1 25 25 1 28 18 2 10 14 15 19 7 27 8 26 9 7 18 11 3 2 22 8 20 5 9 30 14 24 29 2 14 9 24 0 14 29 17 27 15 25 15 6 4 23 20 27 3 15
9 2 3 0 8 22 3 25 10 29 3 12 24 4 5 29 10 6 18 28 25 6 19 20 3 15 7 19 5 27 11 2 1 30 20 23 19 23 30 23 11 24 14 4 5 14 11 2 17 23 27 14 8 7 18 0 29 2 22 3 24 13 9 26 4 6 2 14 19
26 24 1 15 22 13 25 0 5 10 10 5 25 24 26 7 19 29 28 30 6 6 4 29 11 24 3 13 17 18 29 30 24 14 25 0 27 25 13 30 8 17 14 20 27 27 9 30 16 22 29 28 8 11 19 1 15 22 12 7 26 16 6 5 6 29 19 11 30
6 17 27 8 9 23 23 9 23 20 10 25 16 14 20 17 2 17 13 18 9 23 16 30 5 0 28 12 6 17 11 15 28 22 19 21 7 23 25 10 21 5 28 14 8 20 9 20 12 19 17 17 3 24 10 25 24 13 6 23 24 8 15 4 28 24 25 3 29
2 30 2 16 30 13 18 1 0 18 23 18 16 30 29 12 23 26 25 13 0 10 10 4 19 2 21 7 24 5 2 26 21 13 23 30 18 14 30 22 28 5 10 23 21 18 8 23 0 13 7 18 29 4 18 23 7 7 3 9 27 27 3 16 1 4 8 0 24
11 3 11 22 5 16 16 27 28 23 13 21 12 12 21 20 6 12 6 11 11 14 22 24 5 22 8 4 26 17 10 29 8 1 29 19 11 4 27 14 14 16 13 29 5 10 0 24 1 27 18 13 25 30 7 24 15 10 30 4 0 30 10 9 26 11 22 6 15
29 3 1 1 10 7 3 15 11 4 28 29 10 30 5 1 27 2 18 14 20 10 29 13 25 9 16 7 19 25 16 4 2 27 13 5 29 5 7 25 25 4 7 1 6 23 28 15 19 19 23 1 5 4 9 23 5 1 10 20 25 7 27 17 7 22 11 22 10
10 9 16 14 10 5 20 18 29 6 15 16 22 6 28 4 4 22 22 29 21 15 12 4 19 11 13 15 24 1 9 11 18 4 14 22 6 6 29 15 26 27 6 29 12 28 29 11 8 1 18 5 12 0 21 17 26 27 0 20 1 13 18 30 8 10 1 5 25
26 4 2 16 9 30 9 22 30 9 30 5 2 18 14 24 27 16 1 14 17 7 12 8 9 1 18 6 7 19 7 16 1 17 21 19 18 5 10 21 27 15 27 7 11 14 26 6 25 15 8 13 12 16 30 23 30 25 30 27 25 26 10 19 29 18 17 14 13
19 20 28 17 19 4 26 5 17 7 19 16 17 29 9 9 29 15 18 9 17 6 16 19 22 25 15 2 5 6 15 19 7 20 10 26 15 3 1 7 13 19 29 6 9 2 20 20 6 9 12 7 28 21 1 3 3 5 30 1 7 7 11 28 1 25 15 22 0
27 7 28 3 22 24 14 27 10 26 1 23 19 8 15 18 28 19 2 0 23 7 14 30 21 12 30 9 28 9 14 5 23 20 8 28 24 11 30 2 19 19 20 10 28 13 11 6 10 0 13 18 1 19 29 20 25 14 9 26 4 0 22 6 21 23 16 9 5
14 11 30 20 28 22 18 29 6 16 4 20 17 25 2 28 21 7 18 20 29 28 7 5 15 6 27 24 5 3 20 16 26 13 15 2 2 26 20 23 8 21 15 5 23 30 8 1 20 0 8 19 27 24 13 3 15 4 22 28 9 3 9 12 28 17 0 29 3
1 0 20 6 4 12 17 25 13 21 18 30 25 4 2 17 16 14 25 4 16 17 27 1 15 24 13 12 5 4 10 18 5 27 15 2 2 8 14 17 25 13 27 18 7 11 5 5 25 19 16 3 7 7 12 6 22 27 10 6 13 0 3 26 11 28 25 15 26
27 30 8 28 30 8 5 11 3 20 12 19 16 0 30 8 1 22 23 23 29 4 25 22 21 7 8 25 12 15 6 9 2 18 21 7 14 25 19 30 25 12 24 21 28 16 19 23 22 26 9 0 29 10 12 25 0 2 11 1 12 2 24 3 8 18 4 7 22
13 15 14 22 10 25 3 22 3 13 7 1 21 13 12 27 0 5 12 14 22 21 5 18 18 23 8 24 29 1 29 15 29 29 25 22 0 28 10 3 2 0 21 3 21 22 0 3 27 17 2 26 22 28 30 12 3 17 27 7 8 13 2 4 24 24 8 24 5
14 27 20 30 27 18 6 7 2 11 3 9 15 11 19 3 18 18 27 9 10 24 18 29 17 19 26 15 19 3 14 20 6 20 8 11 19 20 4 13 8 6 25 9 18 23 4 9 10 11 10 16 7 6 2 21 17 17 3 2 12 27 12 5 19 1 21 4 2
8 8 21 7 5 14 10 4 22 23 1 26 17 1 17 30 28 11 16 28 16 25 24 17 15 24 0 11 9 30 28 1 13 26 3 21 18 19 10 8 14 10 23 14 23 4 1 27 20 23 16 21 18 30 25 5 10 9 17 16 19 3 15 11 2 4 16 16 5
16 5 13 5 23 16 28 10 18 10 22 9 25 16 5 27 4 29 11 9 5 6 12 27 9 6 12 14 13 30 7 4 1 0 6 14 26 7 25 4 10 13 29 17 22 23 23 29 13 28 3 7 2 1 14 28 1 29 20 23 20 27 23 3 25 11 15 19 23
9 26 4 6 23 3 22 16 3 17 15 4 23 24 1 23 24 19 10 30 20 15 5 16 12 8 1 0 23 21 2 17 26 21 11 19 18 4 5 5 0 7 7 13 25 23 3 4 8 5 16 4 15 3 1 6 3 22 9 11 16 17 21 22 22 3 2 13 5
0 4 14 30 15 11 4 2 29 15 4 18 24 12 23 6 6 19 10 5 8 20 6 15 22 14 5 3 12 27 30 11 10 1 30 29 7 0 28 1 3 9 16 3 16 10 30 22 16 24 10 2 14 13 2 16 5 11 21 14 20 22 10 1 14 28 23 13 29
25 26 3 21 16 22 7 6 25 23 8 10 20 13 29 17 16 22 6 26 19 7 7 17 18 27 24 2 14 27 3 21 14 11 11 2 11 20 20 26 29 29 19 29 17 16 9 10 6 29 19 10 23 22 6 6 21 21 16 16 28 30 8 24 27 24 6 8 24
25 15 15 9 20 0 3 14 1 8 26 17 10 16 13 12 16 14 12 7 18 4 5 6 27 9 27 18 29 8 30 18 2 12 13 16 7 5 29 11 15 26 14 6 18 1 4 10 1 24 10 24 9 29 19 18 11 5 19 29 17 20 27 16 5 12 12 8 29
17 16 18 19 15 0 16 6 3 6 3 16 6 0 4 25 15 8 17 18 21 2 0 27 21 30 20 0 19 25 21 10 5 5 6 30 30 21 24 4 11 8 1 28 27 5 30 18 27 22 26 14 20 13 25 9 21 8 4 29 18 25 9 3 14 29 10 10 19
6 9 21 28 21 0 5 5 27 17 7 9 17 17 8 13 24 15 17 20 12 18 20 11 30 26 19 23 25 16 5 10 18 26 15 4 14 4 2 1 5 30 11 18 11 18 7 25 1 11 26 16 1 23 10 13 19 29 23 17 24 3 26 28 5 9 16 2 7
2 16 25 18 4 18 3 23 4 30 22 7 20 30 11 13 13 20 17 24 25 27 28 4 29 10 17 18 8 22 16 7 7 7 23 25 20 29 16 28 19 24 14 21 4 28 20 6 12 21 4 22 3 10 16 14 27 5 22 14 11 5 6 28 22 27 13 27 21
24 24 4 21 22 2 24 1 9 4 3 22 18 2 14 29 16 10 9 6 7 22 2 20 4 9 24 12 15 9 6 24 16 26 26 18 12 11 22 13 28 13 13 28 7 14 19 20 13 10 14 0 23 21 12 28 1 30 2 2 8 2 11 6 3 21 11 10 6
5 8 13 10 16 3 20 12 1 16 11 27 2 7 25 25 14 6 7 8 22 23 3 0 1 11 27 23 30 11 3 22 9 15 14 8 2 22 30 27 26 28 27 12 25 22 9 23 4 24 12 4 26 3 11 5 3 27 3 13 5 0 26 8 12 12 26 19 16
13 15 14 9 8 23 21 24 11 11 18 28 4 7 21 14 5 4 17 27 8 14 5 25 29 7 7 6 6 30 24 10 6 3 26 10 19 10 16 19 27 1 5 18 3 7 23 26 21 13 5 15 2 16 7 25 23 4 25 15 7 8 6 23 20 21 20 22 24
23 22 18 20 24 17 29 28 2 8 21 8 6 0 25 13 11 5 18 11 5 8 21 4 21 9 12 20 6 9 13 22 17 13 8 10 30 1 3 1 1 17 12 18 4 1 24 22 8 3 25 10 14 5 29 24 5 16 18 10 29 2 18 3 30 23 0 3 14
13 26 0 7 12 18 27 8 23 4 8 6 5 26 12 18 5 14 8 20 6 28 25 25 26 21 11 7 22 9 13 6 12 18 17 18 11 15 24 10 9 29 12 21 1 11 4 10 28 12 16 10 1 21 5 11 10 15 25 7 0 16 16 3 2 28 26 18 30
15 11 14 19 0 16 22 30 13 29 26 25 14 21 8 18 3 15 21 10 23 14 29 21 26 23 12 12 15 30 16 10 28 12 12 23 10 27 5 16 14 18 3 1 26 5 16 23 15 1 14 2 5 29 17 14 25 29 17 10 21 10 6 20 27 1 4 0 17
27 16 9 16 16 26 0 23 4 21 10 21 1 24 0 12 27 19 3 29 29 18 29 23 18 13 19 19 23 17 28 23 6 16 12 21 13 9 3 29 5 13 2 14 6 20 9 7 25 0 9 5 27 3 10 8 7 30 6 11 19 8 29 20 26 25 11 10 7
18 0 8 0 7 5 29 1 22 8 3 5 10 22 3 3 22 3 21 10 21 3 25 1 19 16 29 26 15 10 19 5 20 15 8 20 20 25 13 5 26 15 3 18 9 13 6 7 10 22 12 8 18 23 14 27 9 15 13 9 5 28 29 21 27 27 28 21 4
2 7 9 21 4 21 22 17 1 3 11 4 7 3 0 13 26 25 2 11 27 2 12 24 28 15 9 21 2 8 15 4 6 10 14 0 14 10 16 0 3 29 25 30 26 15 8 11 20 11 7 22 13 20 20 14 25 18 5 22 29 15 24 29 19 17 3 9 26
14 1 7 1 11 16 24 7 15 27 7 12 25 18 26 20 19 0 25 1 9 15 6 8 6 8 17 14 18 8 6 28 0 6 5 11 28 6 5 12 11 3 22 18 6 17 1 9 27 7 15 29 12 12 11 1 13 30 0 13 7 23 7 27 1 21 3 13 6
3 11 22 25 15 12 1 24 10 27 23 21 10 5 28 8 1 1 6 4 27 30 27 13 13 13 20 22 16 3 19 24 6 17 7 27 19 9 10 6 27 3 9 7 6 21 5 26 30 11 21 19 25 4 17 26 22 8 30 17 23 28 4 24 7 22 27 15 18
14 17 25 28 5 23 10 6 7 6 4 8 18 3 28 18 5 18 27 25 8 24 6 24 12 1 3 8 6 11 26 13 3 30 13 3 12 10 30 23 15 26 8 24 25 19 17 28 25 18 18 23 19 21 3 19 6 2 13 25 1 21 12 29 19 1 26 21 23
12 25 19 20 12 29 27 24 20 10 5 16 4 0 16 28 15 17 13 3 24 25 15 29 14 6 27 3 25 28 20 0 9 14 20 14 10 24 21 19 2 11 3 22 30 26 13 1 24 10 20 1 27 11 15 4 14 22 1 26 26 3 4 14 12 18 22 20 14
24 1 19 9 1 14 29 8 26 19 15 4 28 8 15 10 4 9 29 5 26 13 23 14 3 12 27 7 0 11 6 19 30 28 8 5 1 2 14 28 3 6 13 4 11 13 25 12 28 29 12 17 25 28 24 1 11 12 6 25 11 10 16 5 27 16 13 1 9
19 21 7 3 12 26 23 28 1 8 15 15 25 23 30 0 15 1 5 21 6 26 4 21 21 30 10 19 21 7 16 29 24 24 18 25 3 8 4 13 15 2 5 9 16 21 23 20 15 4 24 7 29 30 20 1 5 29 28 0 2 4 13 13 11 9 28 6 21
10 25 21 10 19 11 26 10 23 26 0 0 30 30 17 3 10 6 23 9 3 16 19 0 1 17 7 15 24 3 12 5 9 28 18 3 26 21 22 7 16 3 16 6 22 24 20 21 22 11 9 14 23 17 19 8 25 9 6 7 9 14 15 25 4 21 23 27 12
24 18 5 22 20 10 13 1 10 30 19 18 19 5 27 0 16 14 9 2 2 2 5 9 4 0 8 30 29 21 6 20 4 0 24 0 17 24 0 29 2 3 18 11 8 2 18 7 22 28 30 5 7 28 27 8 17 3 6 25 2 16 15 24 26 8 2 8 8
0 0 1 7 23 24 2 16 30 8 29 30 30 3 5 29 8 2 5 20 6 10 12 17 16 28 23 28 16 25 15 11 24 3 10 26 21 14 6 14 30 3 19 12 11 1 15 12 15 24 15 10 27 14 6 2 26 10 28 19 29 27 30 4 30 23 21 24 27
21 27 4 24 8 29 19 28 29 15 12 3 23 27 15 27 9 25 0 3 17 23 4 10 8 3 1 3 23 25 6 9 18 7 21 19 15 5 25 29 25 7 2 2 28 24 11 24 23 4 7 8 12 22 2 30 22 29 29 28 11 19 28 6 6 15 13 4 4
16 16 1 28 21 22 17 19 10 11 11 13 22 2 13 5 27 6 2 12 2 3 18 23 30 24 29 28 1 19 23 26 30 29 10 1 8 27 17 5 8 4 26 29 6 12 3 8 11 22 24 13 14 12 22 5 24 8 8 9 22 5 7 14 0 19 28 15 4
16 5 23 24 7 26 27 19 16 29 30 3 23 5 28 27 15 25 9 21 24 27 23 30 4 9 1 1 21 6 10 10 5 21 17 25 8 8 26 24 4 29 9 21 11 20 24 19 1 5 29 27 26 14 16 10 3 1 10 6 25 12 12 10 29 6 29 8 16
15 8 29 1 24 8 9 27 1 24 15 13 22 13 14 9 5 5 4 29 4 29 12 10 23 22 17 20 0 9 27 28 12 9 3 16 5 27 23 24 30 1 15 4 28 3 14 28 0 28 3 13 1 6 26 6 9 27 27 3 6 19 14 13 29 18 21 5 20
13 21 1 16 4 22 9 16 0 2 20 0 2 27 10 30 30 27 30 14 16 17 5 14 2 3 1 17 27 26 1 18 26 10 9 7 4 19 26 10 13 9 30 14 5 18 6 4 6 25 19 7 3 1 10 28 4 26 24 9 19 13 26 9 26 18 6 24 12
12 17 25 12 3 7 26 0 22 14 30 16 16 1 12 17 29 6 10 13 2 16 6 1 4 20 6 23 22 14 8 25 1 4 6 26 22 17 17 29 1 11 16 5 6 6 22 23 30 27 16 17 10 16 14 21 1 3 3 2 18 24 24 2 20 4 0 10 3
5 7 8 16 3 4 29 29 5 9 30 23 22 8 29 11 22 15 30 10 25 10 27 13 26 12 14 22 19 1 28 7 20 24 3 16 3 5 12 19 20 19 10 21 9 9 25 11 4 18 18 10 16 6 1 4 18 24 16 13 1 19 26 26 17 29 14 16 9
26 19 19 4 19 24 8 22 8 14 15 14 9 26 28 22 19 29 30 21 29 13 25 10 21 15 11 17 17 6 16 2 1 12 29 2 1 13 6 21 21 12 1 22 30 7 14 29 1 22 26 19 11 20 3 5 15 6 27 26 22 5 23 29 23 9 15 21 11
3 7 7 10 2 19 5 14 19 5 28 22 5 26 21 2 2 22 8 12 27 11 23 29 22 10 0 12 23 19 26 2 23 2 30 20 8 27 1 12 18 13 27 16 20 10 6 22 4 5 16 4 22 28 26 26 22 29 6 10 28 20 1 30 14 4 20 25 26
28 28 1 2 7 23 16 15 16 12 5 13 11 28 0 2 28 15 17 20 30 6 22 28 14 30 16 9 12 18 25 18 10 30 10 1 25 13 0 27 19 6 3 15 11 24 17 15 23 27 10 4 30 13 25 1 27 30 20 17 5 4 5 25 24 27 17 20 8
24 2 12 28 3 29 26 2 9 21 25 24 0 6 23 26 3 13 13 20 2 29 24 2 9 1 3 3 13 10 5 9 1 7 22 11 18 11 21 29 27 19 8 12 1 1 3 1 15 26 2 21 5 1 30 2 23 15 2 22 4 10 30 27 8 16 26 7 3
4 16 24 22 19 12 30 9 13 14 26 9 4 17 25 14 21 26 26 0 14 13 1 13 16 2 21 22 20 30 20 2 9 27 23 21 9 5 4 24 28 30 15 18 9 30 24 3 15 8 14 25 10 3 7 27 26 24 21 11 30 28 26 19 17 16 2 1 5
9 18 16 20 5 27 22 10 20 15 27 5 30 18 12 24 3 17 30 6 14 17 26 0 18 29 21 14 29 23 24 25 5 5 13 25 12 18 18 14 14 9 8 5 27 27 7 15 25 28 10 17 11 16 4 2 17 18 18 7 23 28 1 13 26 17 25 28 10
5 20 17 25 30 15 9 20 7 24 0 3 1 13 0 29 25 4 22 14 23 9 22 21 0 25 26 26 22 21 3 21 17 28 9 25 4 26 15 17 22 1 15 21 20 19 14 28 29 20 17 6 14 17 12 22 11 30 29 28 17 16 16 26 26 10 20 19 15
21 13 10 27 26 19 21 14 17 28 10 9 17 3 21 7 8 1 24 13 17 12 24 9 26 5 1 10 12 21 30 8 1 16 6 11 5 13 15 13 19 8 14 0 15 4 25 17 8 24 28 3 27 25 28 4 30 10 13 26 22 25 0 15 19 21 13 29 9
