71 71
7 15 13 29 30 16 16 2 28 17 0 16 30 5 19 9 15 21 19 30 24 7 11 1 21 14 14 24 8 25 7 14 13 2 26 19 27 10 7 30 14 10 20 3 27 8 22 26 26 24 17 28 24 9 25 15 27 25 3 19 28 25 8 3 15 3 9 29 4 29 16
9 19 22 21 21 18 4 3 0 17 19 5 25 8 25 28 4 23 17 9 2 30 9 18 28 22 14 28 24 25 4 13 4 15 30 4 24 15 28 23 18 5 19 6 30 9 10 21 3 9 16 20 1 14 6 7 29 27 29 26 19 14 5 21 7 12 4 27 26 14 12
24 18 12 9 27 23 8 11 9 2 7 13 26 0 12 10 2 19 24 13 2 11 24 13 20 15 27 28 24 6 28 19 27 25 8 10 0 4 10 5 1 15 7 21 10 10 14 6 13 11 30 7 8 20 26 1 30 3 27 4 10 23 20 22 13 10 1 8 29 8 29
20 26 17 23 12 25 16 22 25 20 25 20 15 2 4 12 30 17 10 5 23 21 19 26 3 2 15 5 11 18 24 29 28 25 30 1 17 22 1 14 20 8 15 13 14 4 24 1 23 1 13 3 26 12 15 1 30 5 1 20 25 6 9 26 21 30 18 11 26 18 5
10 1 13 19 14 0 12 27 8 28 19 23 13 8 17 15 14 26 29 27 10 3 22 27 21 17 0 9 2 6 7 12 4 17 10 18 29 10 28 19 13 3 17 27 8 14 18 5 17 0 0 13 6 15 8 30 4 2 18 20 0 10 7 17 18 12 26 18 23 27 17
15 28 10 27 22 29 17 8 20 13 8 6 7 15 2 13 30 8 28 0 8 17 19 5 5 4 27 27 3 13 1 8 19 20 25 8 25 18 2 26 14 3 13 21 30 4 3 23 21 14 20 18 30 17 27 21 16 2 28 19 0 29 18 11 13 27 3 10 6 29 16
24 8 17 10 26 21 7 29 24 9 18 10 4 10 19 8 12 3 25 6 9 24 16 17 7 10 23 28 23 5 26 26 9 19 28 29 5 5 29 21 24 21 6 25 22 28 25 1 1 19 25 21 15 13 29 18 14 6 10 12 9 5 23 30 18 6 15 3 14 21 18
27 1 9 14 14 5 28 18 30 25 25 30 12 21 19 13 8 19 28 26 12 3 22 11 12 8 26 29 15 4 27 9 15 18 11 12 9 13 14 16 19 10 3 19 4 10 30 5 13 9 19 3 22 11 15 11 16 7 23 20 13 28 22 27 18 17 2 16 12 17 26
3 8 29 24 16 11 20 25 21 23 25 5 24 29 10 27 25 21 26 24 11 20 5 28 8 13 17 15 9 30 12 27 28 17 21 27 15 23 13 29 17 10 25 14 23 12 22 28 8 26 2 25 10 14 17 18 25 18 18 6 6 20 22 22 30 10 24 11 3 29 16
16 10 24 10 16 18 19 18 1 21 1 24 2 7 20 25 9 19 6 19 18 1 30 3 16 25 21 9 2 14 10 13 21 21 15 29 21 6 27 2 16 18 1 0 24 30 14 24 13 22 4 24 25 23 12 12 24 1 26 30 4 30 8 26 10 12 30 15 14 21 26
16 26 5 3 3 6 1 1 14 11 26 30 20 4 18 10 12 6 28 7 14 15 15 2 3 20 13 15 10 0 20 0 1 30 30 28 27 0 29 24 1 13 3 14 10 1 11 18 3 3 4 29 16 1 28 0 30 3 8 15 21 21 5 27 2 12 15 3 9 7 29
8 1 1 7 16 12 27 15 3 9 4 2 19 18 25 28 16 13 12 15 4 10 13 7 0 24 15 6 28 6 9 11 13 11 13 11 26 17 25 30 14 13 20 23 2 9 3 17 2 25 29 14 22 0 6 2 1 8 5 12 10 14 4 17 13 28 30 27 3 1 15
13 11 29 12 21 22 9 20 30 12 19 12 8 28 23 24 5 2 3 8 18 21 16 28 25 4 22 29 19 15 2 3 19 0 28 5 19 19 4 10 1 9 1 2 28 23 7 0 1 30 11 15 15 25 8 20 13 5 0 0 14 7 14 27 6 27 30 14 12 9 27
3 18 4 0 9 14 1 6 2 9 13 20 2 23 9 14 11 1 28 24 2 3 7 11 30 17 28 29 3 8 5 18 7 8 3 7 8 20 16 20 15 19 0 19 15 17 16 16 20 5 30 16 4 27 2 0 25 25 2 23 12 18 28 25 28 7 24 10 0 2 3
5 10 13 15 25 19 12 27 21 29 26 27 2 6 9 17 21 17 8 27 24 15 5 23 30 29 15 12 24 30 3 20 17 27 18 29 29 14 24 0 10 27 7 23 9 3 16 14 9 25 15 4 16 25 13 6 8 18 18 9 17 9 26 29 28 24 25 28 13 8 23
7 21 12 11 4 18 28 12 18 18 7 24 15 30 19 16 12 28 0 16 22 13 30 16 24 30 22 12 27 18 6 25 2 5 30 4 20 13 17 14 3 1 16 6 8 15 0 10 28 24 15 16 1 11 28 14 30 16 6 21 19 6 15 24 3 3 11 26 15 4 27
8 28 15 10 17 4 12 4 12 8 2 3 5 21 15 28 18 4 8 15 26 7 0 3 6 1 20 23 11 18 4 16 22 18 20 16 17 22 19 2 27 21 11 9 18 22 27 27 12 21 19 1 25 3 20 1 19 27 23 2 17 29 14 13 14 25 26 2 0 13 7
28 9 26 19 11 13 3 28 30 18 8 12 12 19 20 5 27 16 6 26 12 24 24 15 13 24 26 11 6 14 24 24 13 7 14 0 13 23 2 12 5 5 0 14 5 20 4 23 29 10 7 21 27 13 29 3 12 30 26 29 8 16 1 10 19 5 26 4 13 0 0
28 25 18 30 20 19 19 14 8 2 21 27 8 25 8 11 17 19 26 17 7 7 2 10 23 26 30 30 29 12 22 22 24 17 17 21 16 25 22 19 30 21 17 27 26 21 7 2 11 20 14 0 6 26 8 23 18 20 0 18 12 14 0 23 26 4 1 3 2 4 26
20 30 17 20 27 15 10 16 11 26 20 27 12 1 21 7 8 20 29 17 30 20 17 19 27 11 21 29 18 10 17 24 0 28 10 6 30 22 23 17 5 14 8 27 1 27 25 13 3 4 16 21 0 25 3 19 29 17 6 20 25 12 22 18 0 1 22 0 5 4 22
24 5 20 3 27 12 3 3 10 14 24 6 0 25 5 18 11 0 27 4 7 24 8 3 12 28 19 4 22 22 30 19 15 5 24 14 12 26 14 19 23 17 15 2 26 19 27 20 1 12 16 17 27 29 15 0 3 26 7 30 26 24 9 6 9 14 29 30 10 17 10
18 18 20 13 13 20 14 14 2 15 30 27 9 22 7 18 6 13 11 14 27 6 2 0 26 7 11 0 9 1 25 27 12 10 8 27 19 9 23 16 6 10 24 1 27 10 28 10 1 30 23 9 21 30 30 6 30 15 9 10 27 26 10 28 20 16 29 17 2 22 22
17 27 2 30 9 16 19 7 1 29 11 18 27 16 12 28 24 14 8 29 7 9 4 10 29 10 17 21 6 18 12 23 26 12 19 21 2 5 24 27 21 5 28 28 17 28 9 27 28 14 17 7 19 2 7 3 14 4 12 15 17 1 14 1 6 6 8 2 18 2 3
25 6 4 9 18 8 11 25 24 3 5 29 5 6 27 20 22 22 25 7 28 23 16 18 4 23 24 2 26 5 23 28 24 3 17 23 29 9 21 4 25 0 15 26 14 29 26 25 23 17 21 23 21 13 21 18 11 19 20 4 12 16 15 26 22 8 19 7 20 23 0
28 21 14 25 15 21 21 19 29 9 3 10 10 25 15 15 22 20 15 13 18 10 1 30 27 26 14 24 1 28 3 27 11 13 17 0 8 2 26 5 22 22 13 22 7 1 10 13 30 16 4 3 27 18 6 24 22 26 9 9 30 17 19 5 2 26 16 26 8 17 2
3 30 17 28 2 12 3 9 3 1 7 5 13 11 8 29 16 14 7 15 14 12 26 29 18 0 11 29 14 13 24 27 29 3 24 10 13 3 20 27 3 8 7 11 10 26 3 24 2 28 26 22 11 23 24 17 3 16 19 7 19 24 15 28 30 29 14 17 5 1 22
9 27 24 20 0 3 5 25 4 29 8 21 4 13 10 19 19 18 23 19 7 14 22 27 19 11 23 23 8 21 26 11 15 24 1 27 30 17 29 19 26 13 21 26 19 16 29 3 15 12 19 22 16 27 21 5 2 16 10 3 13 20 22 17 16 10 10 4 1 10 15
4 17 13 0 28 24 1 10 13 5 4 2 27 30 20 16 25 9 22 18 9 23 16 17 8 0 5 7 16 7 27 9 3 29 10 4 11 12 20 16 11 15 0 7 27 12 0 3 3 28 4 9 4 14 26 24 1 3 21 19 13 9 10 11 2 13 22 21 11 9 11
21 29 20 30 27 28 23 30 6 11 25 25 9 1 28 22 12 30 25 27 3 13 22 30 5 25 14 14 21 20 1 5 0 1 12 8 3 8 8 7 21 25 10 1 21 14 0 5 17 19 28 29 11 11 9 30 12 19 2 18 20 7 30 26 13 19 23 16 28 27 24
28 26 15 16 18 6 28 7 11 3 2 7 27 28 21 1 9 16 5 7 4 17 27 17 18 10 19 18 13 17 14 30 19 29 13 0 28 12 3 3 8 3 12 12 1 0 5 12 5 10 1 22 12 29 18 28 24 30 21 29 18 14 24 9 11 2 14 21 2 10 28
27 28 9 6 3 18 10 20 17 0 14 26 4 20 9 1 29 11 16 29 15 20 6 9 18 5 6 12 18 26 28 27 12 13 10 17 6 18 30 25 30 28 4 23 4 11 9 7 6 18 15 9 18 21 24 17 19 14 21 20 10 17 24 0 10 14 15 23 13 3 11
19 28 6 8 17 16 18 13 17 1 3 1 26 29 17 28 10 3 19 28 3 6 16 14 3 13 4 21 0 29 19 8 8 4 28 12 19 4 21 29 10 18 6 2 26 22 30 25 9 12 24 0 2 14 19 29 30 19 14 7 27 16 2 19 21 6 8 28 18 23 2
10 27 24 3 11 28 3 26 15 3 22 3 27 26 20 4 7 16 7 21 3 0 23 25 0 7 30 30 7 26 3 0 9 1 25 29 29 4 5 12 20 8 13 17 23 25 19 9 28 4 29 30 26 10 23 4 6 25 16 8 25 22 1 19 8 2 10 21 17 27 24
1 11 18 10 13 16 10 7 27 29 3 13 22 11 21 19 22 27 4 7 30 18 30 20 14 12 15 1 25 16 27 3 11 8 8 19 28 21 23 2 1 11 25 23 1 23 12 18 28 19 26 6 0 6 15 14 7 25 20 24 9 22 22 12 25 8 14 0 15 2 27
2 21 12 16 15 17 19 27 3 28 3 17 18 11 7 5 11 9 21 28 14 13 5 0 28 13 27 26 26 13 29 9 18 11 18 29 10 30 20 9 25 15 1 29 1 4 27 24 22 29 8 7 6 12 15 23 12 11 18 15 17 26 24 23 26 28 27 8 12 9 4
22 5 22 9 14 7 15 24 13 13 13 26 20 19 30 21 30 19 11 12 3 3 15 4 29 2 9 0 19 8 14 13 9 2 8 8 0 11 21 29 17 16 14 25 17 25 0 12 0 21 11 30 6 23 10 24 1 3 0 19 6 12 9 19 8 10 13 8 27 8 27
20 25 10 21 27 11 9 5 24 20 22 6 2 1 13 30 21 23 20 20 5 14 24 26 13 12 15 12 14 22 4 4 8 9 18 14 18 13 0 0 2 11 1 8 29 16 8 25 0 7 29 0 29 3 24 5 11 7 27 6 20 5 2 13 26 27 0 23 12 1 25
24 11 11 29 27 23 24 3 30 6 21 2 24 21 6 13 22 14 25 24 9 15 8 15 1 21 26 25 0 19 23 3 14 10 19 5 29 11 13 23 8 0 22 7 2 27 24 26 13 24 12 7 26 0 23 22 29 4 27 15 9 27 24 18 4 23 28 21 25 29 15
22 11 20 7 8 18 20 11 18 28 15 11 23 13 4 16 10 15 29 5 21 6 28 10 11 15 11 25 29 19 14 3 11 29 5 8 19 25 3 10 0 11 4 29 28 28 10 6 14 23 23 24 14 20 6 7 20 17 16 19 6 24 27 19 0 30 11 7 10 15 27
15 5 9 19 18 13 2 11 22 6 8 25 29 2 26 22 19 14 26 21 16 25 12 23 11 8 8 23 19 20 5 17 20 3 7 22 6 21 14 3 29 23 9 0 5 26 16 10 19 1 26 19 24 12 4 23 24 16 19 10 13 1 7 4 18 2 1 18 29 7 25
27 28 25 16 5 18 20 26 28 6 4 14 20 26 15 25 8 19 29 17 30 15 26 1 0 16 21 22 12 22 13 25 2 22 30 24 6 3 1 28 25 9 1 28 19 21 15 4 23 8 25 4 19 0 13 24 17 9 21 26 24 24 26 19 30 4 14 7 23 11 10
21 6 24 14 24 18 16 30 24 18 24 6 23 19 10 27 25 28 13 16 12 12 19 25 5 3 11 21 30 16 1 27 0 6 16 8 2 16 0 8 10 30 8 26 12 13 21 4 25 23 22 1 26 23 23 12 10 15 20 22 27 20 30 6 12 13 26 13 14 16 8
30 10 19 26 12 30 15 14 9 27 30 26 28 7 23 18 5 5 11 3 23 4 16 25 19 10 28 28 7 7 23 24 28 28 15 17 0 21 25 5 14 0 15 23 8 14 30 9 2 8 12 8 22 14 22 21 7 22 11 26 15 29 2 21 25 12 19 8 3 28 10
24 12 7 30 28 22 11 11 14 29 11 1 8 10 28 6 21 2 30 14 7 11 17 24 2 7 5 30 4 2 28 30 16 27 14 6 5 6 5 0 10 9 18 0 3 23 15 14 9 0 0 14 8 14 8 0 13 19 13 0 25 10 15 10 9 3 15 23 9 21 8
24 28 29 23 17 9 16 30 23 14 8 19 1 19 26 0 30 7 15 26 13 23 14 12 18 17 24 10 10 7 9 28 4 29 2 9 19 21 18 21 22 2 18 4 8 3 11 21 1 30 19 11 22 19 7 11 3 16 21 25 18 2 30 19 28 11 27 14 3 13 27
8 1 16 26 29 3 21 11 23 1 16 6 2 29 30 17 28 12 11 1 22 9 7 25 29 6 22 27 12 17 26 15 7 6 2 11 23 16 13 27 21 2 26 18 11 19 10 23 19 22 14 4 19 20 15 24 3 18 9 2 12 12 24 10 4 18 17 2 26 6 15
14 27 15 7 12 22 27 28 4 23 20 22 22 29 13 7 3 24 26 19 29 5 19 20 26 10 12 26 30 9 4 10 5 11 27 0 19 19 9 19 12 26 15 18 19 5 3 20 3 16 30 4 28 16 1 8 28 27 3 14 6 24 6 20 14 19 20 13 28 27 19
20 16 30 10 26 19 19 21 14 28 14 9 30 6 24 22 27 22 20 9 27 17 6 24 0 24 18 29 26 26 30 13 16 3 20 19 5 1 22 22 0 11 24 26 3 2 27 14 24 28 25 20 18 4 11 8 3 25 17 6 29 6 5 14 25 26 15 0 13 11 26
23 14 29 24 1 12 3 26 27 29 1 0 12 5 3 30 7 11 29 0 27 29 10 10 14 29 27 8 30 1 24 15 26 21 1 5 22 23 3 1 14 1 6 17 24 10 20 30 5 15 22 15 30 8 7 7 3 5 8 28 19 27 16 4 24 22 12 16 0 28 2
14 12 5 0 20 23 24 8 29 4 4 25 5 3 30 26 15 30 14 29 2 10 25 21 18 22 1 12 15 28 6 25 24 4 1 5 16 21 23 29 20 19 11 28 19 16 13 17 13 11 8 26 16 23 10 1 4 4 10 11 13 22 27 8 21 12 20 9 29 11 30
8 13 29 11 15 28 11 3 10 12 8 6 20 26 2 29 6 23 25 5 1 21 16 25 13 6 18 20 20 20 9 1 28 29 5 19 20 5 7 2 8 22 15 7 2 24 23 0 23 29 13 18 19 26 24 9 12 30 21 18 10 16 3 20 16 9 26 1 26 7 1
29 28 30 2 2 23 6 16 10 7 21 18 13 18 3 4 5 4 4 28 17 6 12 14 20 19 19 17 28 1 28 1 11 14 18 7 29 30 12 8 26 10 15 27 24 16 20 3 20 1 10 17 14 4 23 24 23 16 11 11 15 12 17 5 18 30 23 25 8 22 10
21 13 11 1 27 22 29 4 19 5 30 28 30 4 23 24 28 0 28 5 0 0 18 9 11 30 16 0 14 28 13 22 1 2 8 14 28 17 24 9 24 23 18 0 11 15 9 8 29 17 15 6 5 3 23 1 14 5 3 26 25 5 3 6 21 6 8 2 14 18 2
2 3 4 0 20 0 4 5 3 25 6 18 2 24 18 22 5 8 28 14 6 4 0 11 14 21 16 0 0 19 30 18 2 25 4 27 23 10 25 20 0 4 10 24 11 11 8 30 17 14 18 26 0 26 8 4 1 10 14 29 5 24 20 6 0 6 29 5 15 0 17
0 18 7 18 10 5 12 3 2 2 26 27 22 17 15 29 23 8 12 28 20 30 12 17 13 25 18 25 12 15 19 17 0 19 10 29 12 5 16 5 9 10 17 29 30 3 26 18 20 15 26 8 21 15 6 21 20 3 11 6 2 5 14 16 6 30 24 21 5 30 0
26 9 6 0 23 25 21 26 17 7 9 23 7 3 23 4 22 8 4 15 28 15 28 12 1 21 17 23 27 28 1 4 20 27 16 11 3 6 26 12 3 15 19 10 14 10 23 10 22 13 19 16 11 14 23 15 6 29 28 15 3 12 21 30 12 5 30 28 29 4 18
3 24 4 20 26 3 28 1 29 10 20 3 21 15 0 28 3 22 1 16 8 17 26 20 9 11 8 21 2 13 20 18 25 17 12 1 13 10 29 5 6 24 17 29 15 8 19 16 1 17 13 21 11 13 16 29 25 24 11 30 2 5 14 16 26 7 30 30 7 19 20
11 23 20 13 30 5 23 0 0 11 5 28 2 1 12 9 3 23 6 30 21 0 15 23 24 0 26 24 22 5 9 18 29 14 4 21 22 25 15 2 28 14 27 16 15 10 15 23 15 8 21 14 13 0 28 15 24 19 27 27 13 21 27 23 19 4 7 15 4 29 0
5 20 24 8 24 25 30 0 22 4 17 0 23 16 30 11 21 20 26 7 9 30 9 8 20 5 24 1 30 24 20 9 16 1 16 4 12 21 5 0 4 21 27 14 29 5 6 7 15 14 24 13 7 28 18 10 26 29 26 14 21 21 11 14 24 30 0 0 24 18 26
12 3 5 23 12 27 21 3 19 15 28 0 17 20 26 4 14 12 19 29 24 28 13 19 0 16 17 13 21 13 23 9 9 18 5 18 30 16 12 24 11 17 22 14 7 1 17 7 11 27 19 6 20 28 4 25 11 17 15 5 3 11 24 24 23 0 7 11 27 22 22
12 8 13 9 28 21 5 23 7 6 2 1 10 13 12 16 6 13 9 5 23 15 3 21 1 15 1 15 6 22 28 4 13 12 3 15 4 30 16 24 21 23 8 15 18 1 15 7 23 5 27 25 10 8 15 27 19 2 1 22 28 2 24 5 17 19 17 18 20 30 26
24 0 26 25 27 14 4 1 15 23 18 11 6 16 17 6 7 19 10 4 15 18 26 28 2 16 29 1 25 4 11 26 15 6 21 15 26 9 26 30 3 5 3 30 23 8 9 7 24 26 10 28 11 7 16 11 6 9 4 1 22 10 15 8 19 2 21 1 22 25 2
0 11 12 20 22 3 16 28 19 12 9 18 26 4 28 6 24 22 7 8 7 23 13 28 17 29 9 10 13 29 0 28 24 3 23 30 2 1 30 9 4 26 10 3 15 0 4 4 9 0 1 19 21 16 3 18 6 3 17 7 23 23 15 24 7 14 25 11 24 27 14
21 11 9 21 22 3 25 23 1 6 27 15 23 25 19 18 1 12 12 12 28 22 13 8 29 10 8 6 12 9 25 3 16 9 29 6 4 0 0 28 4 13 22 16 23 6 14 18 14 25 14 8 2 7 11 28 12 10 23 28 7 13 30 12 1 2 11 25 4 3 13
17 16 22 30 23 26 13 16 30 4 25 19 0 22 11 19 11 22 23 29 22 0 2 15 9 22 19 21 18 0 24 17 25 12 25 12 16 4 7 4 8 0 8 7 11 18 23 28 26 28 6 8 18 3 16 0 22 2 13 6 1 27 3 29 3 6 23 2 18 19 4
16 6 28 4 13 17 5 28 21 4 17 20 28 8 9 27 9 7 13 21 21 7 5 29 17 26 21 20 29 16 6 4 4 21 3 3 22 22 9 14 4 20 29 25 7 21 2 15 18 19 8 20 22 15 30 7 22 9 22 0 19 15 1 28 3 24 25 26 16 16 10
25 12 20 26 16 4 22 27 17 9 12 5 14 15 8 8 27 10 25 16 8 7 25 3 10 15 17 14 4 6 27 12 26 13 0 24 7 27 7 0 7 29 23 17 15 1 5 1 10 22 18 3 11 17 26 26 26 2 2 7 29 12 21 30 17 11 29 21 25 0 4
11 22 14 9 9 4 10 16 20 6 9 10 16 1 2 8 22 5 5 9 18 28 20 0 24 1 2 9 3 21 20 8 5 21 22 21 25 13 19 22 11 7 15 4 25 19 3 25 18 1 26 9 12 12 17 14 1 20 10 22 21 6 26 20 14 7 9 5 2 24 27
22 23 30 3 11 11 20 8 30 18 21 7 15 8 25 18 29 4 23 3 6 28 30 24 5 11 22 29 15 16 22 27 17 11 7 11 30 30 3 29 11 20 20 14 0 5 6 5 24 8 23 0 20 26 9 29 13 28 13 13 11 2 25 26 10 16 11 25 21 21 14
1 17 3 11 10 23 14 1 3 20 15 29 23 2 14 0 30 1 9 5 17 26 26 5 21 8 6 21 30 19 15 7 11 21 19 28 30 6 14 1 6 4 23 6 19 3 17 22 27 27 7 13 13 15 4 14 6 7 4 24 27 15 25 22 8 0 24 21 16 18 22
28 15 20 30 23 18 30 14 9 20 7 2 3 30 19 17 8 25 16 6 18 2 27 2 18 11 23 29 22 24 0 10 11 10 13 15 23 11 21 30 5 4 25 13 11 11 23 6 18 25 30 10 16 7 27 4 29 17 18 9 4 22 25 12 5 3 20 23 6 22 29
