78 78
3 17 30 27 18 29 12 27 6 20 20 22 14 12 14 0 30 26 10 0 15 1 10 28 29 17 1 15 25 11 17 9 30 0 10 4 6 24 17 5 16 18 29 27 21 1 22 5 0 2 27 10 22 28 12 26 7 19 0 0 13 15 12 0 20 2 22 4 20 15 13 16 24 30 12 16 17 4
19 23 4 28 28 21 20 17 21 13 1 9 30 8 16 18 9 2 3 25 26 10 17 14 10 16 21 6 8 6 19 11 13 12 30 18 14 14 18 11 11 12 16 13 11 13 23 18 5 3 4 4 19 20 10 0 17 24 2 28 28 11 22 30 27 18 27 21 18 4 6 27 13 7 14 22 4 7
8 28 26 13 8 29 21 8 3 8 28 14 28 5 13 18 22 12 13 20 1 28 6 29 2 24 2 13 18 27 18 3 11 18 26 13 21 8 26 14 24 27 4 9 3 26 15 12 17 22 20 28 4 12 6 18 30 24 1 2 12 9 4 5 11 3 0 13 27 16 0 30 30 24 13 17 25 19
27 24 21 30 6 7 7 10 23 9 26 16 28 16 23 30 13 0 21 4 24 27 18 28 14 26 5 27 14 30 23 30 1 13 3 18 1 11 15 22 1 4 28 23 26 14 19 22 16 8 9 18 12 30 17 14 29 24 30 9 0 18 5 29 18 12 13 6 1 30 16 11 30 5 17 5 28 30
27 28 13 30 27 6 18 15 23 11 1 19 9 24 2 28 12 28 29 27 13 11 28 19 21 12 28 22 19 4 15 21 18 17 27 29 26 8 27 4 15 3 20 11 22 23 16 4 14 19 8 4 28 2 1 16 28 19 12 17 24 15 2 20 24 18 21 9 9 18 27 1 30 14 16 15 14 0
25 18 17 28 22 8 8 4 28 3 23 28 8 11 10 16 4 15 21 10 5 5 15 10 10 1 29 26 20 0 2 22 11 21 9 21 26 19 9 3 0 9 3 30 16 26 27 30 9 10 17 3 25 7 19 18 17 11 12 19 14 14 19 21 14 6 17 9 14 9 19 10 12 22 11 7 0 30
9 29 28 11 23 24 23 25 14 0 24 3 12 8 14 5 24 3 10 20 3 28 17 6 20 14 22 8 27 22 5 12 15 1 12 10 7 23 14 1 10 27 7 7 11 30 12 9 0 24 2 22 4 15 3 26 26 5 23 6 13 7 18 25 14 26 29 26 15 4 5 6 10 8 16 29 19 7
5 25 28 20 18 11 22 11 12 27 6 17 12 15 0 18 7 18 27 23 2 20 25 20 28 1 13 25 7 16 15 1 22 11 26 30 17 5 15 21 13 14 26 5 26 1 20 0 25 10 11 20 30 10 19 23 29 2 29 26 18 19 22 10 4 20 17 12 8 15 26 19 13 10 2 25 6 26
5 27 28 19 12 2 16 2 19 16 25 21 30 8 8 3 5 19 22 19 1 15 10 15 7 16 16 20 9 29 0 9 13 7 12 16 14 25 9 30 6 22 16 23 15 13 30 2 10 10 11 1 27 17 2 14 0 8 30 11 0 5 27 19 2 1 14 8 30 27 2 11 24 25 14 24 14 23
0 21 16 27 6 23 0 28 22 30 27 26 30 12 27 17 8 2 4 4 1 1 27 0 8 20 0 24 25 11 20 3 8 10 17 19 3 7 28 0 3 4 26 8 24 30 4 16 19 22 30 0 11 26 21 28 18 15 26 26 7 27 13 15 9 5 13 17 6 27 1 12 15 30 6 7 4 9
21 23 5 4 10 8 9 8 1 5 9 14 25 24 3 11 2 12 9 20 10 27 14 3 10 5 28 6 0 15 7 11 21 5 25 22 24 8 8 23 4 29 2 13 29 9 30 16 27 21 11 14 0 6 24 20 15 20 0 18 21 19 15 9 3 17 4 22 11 10 27 8 2 11 10 18 11 14
9 8 2 4 6 28 1 3 10 14 2 21 8 21 3 25 25 5 21 3 28 30 12 27 18 20 3 14 21 24 14 3 1 2 24 11 0 20 15 8 12 26 5 2 11 5 29 20 30 9 21 12 2 14 7 16 3 4 21 19 20 24 11 7 26 24 12 15 1 29 24 7 25 14 20 5 6 12
16 22 8 16 13 10 9 23 5 15 22 30 5 2 14 20 6 9 17 9 23 9 6 28 19 2 9 20 13 13 21 24 10 10 1 21 14 30 15 23 7 4 19 16 12 27 23 7 8 30 23 22 4 26 16 7 5 14 6 25 21 10 8 28 6 4 15 25 26 12 13 29 24 13 0 11 9 6
1 0 6 17 30 22 8 30 7 30 26 8 17 27 29 28 6 15 3 24 27 17 13 21 26 30 13 1 24 1 16 11 19 18 26 23 20 18 11 1 16 19 11 28 29 29 1 25 0 3 20 29 13 26 19 27 5 25 27 13 1 8 12 25 28 20 6 20 25 0 18 4 13 15 10 30 4 20
22 24 24 11 4 13 23 1 2 30 30 22 15 26 18 24 2 12 1 25 6 26 4 29 9 2 29 28 1 1 14 22 6 0 8 22 29 18 1 9 14 18 24 18 7 15 12 18 26 14 6 5 10 22 22 13 16 9 14 6 26 26 25 20 20 22 28 2 17 23 23 27 21 11 11 13 23 18
24 10 10 18 9 16 16 18 3 26 18 21 1 3 12 11 12 9 17 6 20 9 7 4 12 29 20 17 27 15 12 9 18 9 19 16 10 23 13 22 6 11 17 17 10 20 18 17 21 1 17 17 11 12 26 27 21 30 8 17 29 19 18 3 16 8 29 25 27 8 22 6 8 3 26 12 21 6
30 2 30 12 3 23 1 3 7 17 18 6 17 2 1 11 4 9 9 10 14 17 15 24 13 15 21 20 26 18 25 25 12 9 10 16 29 21 16 18 23 10 10 11 4 11 25 22 4 10 13 4 23 11 22 30 5 20 9 26 20 19 19 10 24 15 23 3 26 24 0 30 9 25 2 17 18 18
1 8 26 22 14 19 23 13 22 14 5 2 14 19 23 24 30 19 10 17 19 11 9 8 11 24 18 0 28 0 5 9 10 5 1 24 18 20 26 21 18 14 19 14 7 21 0 27 10 10 16 22 7 2 27 15 12 5 7 29 30 7 10 27 20 1 3 14 20 26 7 29 29 17 8 2 0 17
30 10 6 15 1 16 14 4 8 12 14 30 18 15 12 10 6 28 3 9 0 12 24 19 25 29 26 12 2 16 2 18 5 17 7 6 13 25 25 28 8 20 23 29 24 3 2 5 30 1 30 12 8 5 29 7 20 22 0 30 29 15 6 28 6 15 24 22 13 20 6 7 15 10 26 7 22 8
14 8 23 2 24 1 15 12 14 17 0 9 23 7 17 25 8 17 3 11 3 13 7 30 23 6 0 22 26 26 17 26 4 21 26 20 28 30 20 23 19 8 4 12 26 30 17 13 26 9 2 2 16 30 18 17 28 9 26 18 28 14 13 20 25 6 27 21 22 28 22 29 30 4 4 16 27 2
11 17 10 23 2 9 16 23 30 21 6 23 9 28 23 28 8 13 16 3 16 30 8 27 23 29 12 0 24 10 8 7 28 12 22 27 22 17 11 5 3 21 21 18 13 29 5 4 2 11 6 20 29 23 20 19 10 5 1 2 28 10 13 14 9 9 1 5 27 13 2 18 15 23 8 7 29 18
9 13 19 17 3 11 19 9 28 17 2 16 22 7 27 11 4 16 29 20 18 7 8 12 15 18 27 12 4 17 27 8 28 9 0 30 11 4 2 23 13 12 21 25 27 29 13 20 28 5 15 13 29 3 8 26 10 30 26 29 18 11 20 28 10 7 21 8 9 15 25 6 18 2 22 14 23 10
3 18 13 0 1 9 23 26 14 9 8 19 4 17 10 1 15 3 21 6 27 27 14 28 28 14 4 3 10 10 23 2 26 11 28 12 6 6 12 18 13 18 25 1 13 5 2 28 11 3 17 20 10 11 23 29 26 3 9 0 12 14 19 9 2 12 25 1 8 6 26 1 16 9 4 15 12 18
11 10 24 6 6 21 8 27 0 23 25 22 18 10 6 8 21 0 15 21 25 5 19 20 20 17 11 25 15 11 26 13 18 26 21 29 27 13 15 8 8 0 25 20 25 18 28 23 16 7 15 11 16 28 28 11 12 23 4 22 6 17 13 0 3 23 26 11 17 16 2 19 30 0 16 13 8 0
6 15 8 24 23 4 7 11 0 8 12 2 14 20 21 13 8 14 5 21 6 8 3 18 10 17 12 1 10 6 2 16 4 26 28 17 27 19 13 30 21 25 6 6 24 25 2 27 29 3 22 24 1 9 28 11 8 17 0 6 13 20 14 2 7 18 8 10 20 2 30 6 27 7 23 2 3 24
16 23 2 0 24 4 30 30 12 10 20 27 14 5 5 0 5 14 11 4 7 1 1 17 28 20 11 18 15 5 7 3 10 20 22 19 10 17 17 4 21 7 16 13 17 0 13 2 24 4 12 15 22 4 11 9 2 17 6 1 10 22 16 29 26 0 19 21 30 28 24 1 13 2 24 24 26 19
20 3 12 10 16 5 7 2 9 26 27 26 25 3 17 13 6 12 28 5 21 0 15 3 22 29 16 8 20 21 6 5 16 15 9 7 17 20 27 4 17 0 23 15 29 6 7 15 18 14 28 24 7 2 5 26 9 17 1 23 11 27 12 10 8 19 6 16 13 3 21 28 13 3 8 20 2 3
10 14 29 15 22 10 8 2 2 2 27 11 0 14 16 23 17 30 2 21 23 22 22 3 26 9 18 25 5 19 11 11 16 9 17 5 21 18 29 20 14 14 16 23 27 17 12 18 15 8 13 14 19 8 4 7 13 8 18 30 16 0 10 13 8 8 14 5 25 30 25 11 15 1 29 1 17 6
0 19 21 0 3 9 20 23 6 4 24 26 4 12 16 1 15 25 9 27 6 13 18 23 15 2 5 23 20 2 17 1 24 5 30 28 1 28 15 27 29 29 0 19 20 25 23 10 1 0 8 2 2 15 9 1 12 4 7 2 19 20 24 24 13 1 6 30 28 25 19 26 15 7 27 19 3 14
21 26 30 22 25 5 20 29 27 25 23 1 17 24 18 24 3 16 20 25 17 21 19 30 0 18 18 17 6 19 2 18 22 13 14 8 17 6 3 29 17 15 19 25 28 17 29 10 5 22 6 20 5 0 11 14 7 28 19 19 14 29 12 28 9 7 10 16 22 11 0 18 14 18 26 13 30 27
21 24 8 11 14 15 2 16 12 5 25 3 5 24 21 14 13 2 4 1 1 30 6 30 21 1 18 16 26 25 27 24 12 10 6 29 2 11 9 7 11 2 21 22 16 14 1 12 8 23 8 19 19 11 4 11 24 26 30 8 16 0 13 12 2 17 13 3 10 13 7 4 30 8 9 20 2 8
14 18 1 21 16 15 5 2 21 6 4 28 5 1 17 30 14 21 3 14 28 1 8 23 21 17 14 14 24 25 17 19 0 3 3 4 10 9 9 19 15 24 9 21 7 21 13 12 9 3 13 3 20 12 9 2 18 14 23 9 20 2 11 13 8 20 5 12 27 12 3 19 12 11 5 10 26 16
13 0 7 3 28 12 7 8 16 22 23 7 7 10 29 0 24 16 18 5 30 27 15 1 3 21 30 17 20 29 0 29 13 29 0 3 25 17 19 14 30 11 25 14 13 22 29 20 28 5 13 18 25 7 29 26 6 30 9 25 2 0 13 5 7 25 22 14 3 5 1 9 23 14 30 30 20 13
4 8 15 26 14 13 19 22 26 9 0 23 5 15 11 0 29 22 1 15 10 1 15 30 8 28 28 13 25 17 9 2 27 2 30 25 26 5 22 22 24 4 11 24 16 18 1 11 5 22 13 5 30 14 7 14 18 8 21 9 9 7 28 15 26 16 7 4 11 24 27 17 4 16 4 15 1 25
5 0 12 2 15 30 1 26 2 22 26 22 21 29 25 3 21 30 9 4 18 18 10 30 13 22 1 6 24 19 22 23 29 22 4 14 30 29 13 9 30 5 3 29 6 27 28 2 29 5 7 3 14 15 17 15 0 29 10 22 14 10 14 16 13 0 2 14 23 29 18 7 16 18 19 6 21 18
8 11 11 23 25 2 7 29 30 24 18 28 29 12 25 9 9 5 4 13 1 3 18 20 11 18 25 20 15 25 11 8 28 16 18 18 18 8 20 21 5 13 29 16 26 10 26 29 24 9 15 30 24 9 16 1 26 19 6 10 2 24 19 8 3 17 7 27 12 13 30 21 6 2 30 20 1 17
5 14 10 30 2 7 10 19 8 1 14 26 21 9 18 23 17 15 17 20 5 22 25 17 3 30 23 3 8 5 25 9 5 8 9 30 5 22 3 27 8 8 5 29 14 1 17 9 30 6 30 23 18 26 19 12 0 19 16 21 9 15 8 7 28 12 25 11 24 22 26 26 20 7 26 6 4 26
2 2 26 10 14 8 20 0 8 16 5 10 12 0 16 15 12 26 6 10 1 2 10 11 13 14 27 16 26 3 16 25 11 24 27 27 1 15 9 14 12 6 6 1 6 0 7 6 20 30 6 0 5 24 30 4 17 5 1 26 21 24 20 3 3 8 15 26 9 6 4 24 25 21 17 27 16 4
18 16 3 2 14 4 1 0 6 15 6 11 1 24 21 3 27 28 15 17 1 16 2 30 22 20 8 24 24 19 18 16 18 17 19 2 9 15 3 3 27 11 22 12 11 24 16 25 27 17 9 22 22 3 28 23 2 1 30 23 19 9 28 8 5 6 6 24 10 11 12 14 9 0 30 8 24 8
20 13 15 13 21 6 28 22 7 6 13 7 9 9 2 13 22 9 3 27 20 25 16 16 22 16 28 18 30 7 28 23 18 7 26 27 5 28 18 5 17 30 1 20 8 26 18 22 17 2 9 19 26 30 18 28 15 21 12 9 29 28 7 10 23 29 4 16 24 3 27 3 17 0 1 14 18 3
28 17 27 10 9 23 1 23 22 15 4 2 11 21 27 23 10 0 20 21 30 18 4 1 14 6 0 16 5 0 6 5 4 22 18 6 27 14 9 21 4 6 1 15 9 4 30 15 24 27 8 25 2 26 0 23 15 4 30 13 11 23 13 16 8 2 6 14 12 14 25 29 11 8 7 8 18 21
1 27 25 1 11 27 7 2 8 30 14 23 19 5 24 4 21 14 17 16 27 27 5 22 4 10 1 28 3 19 2 0 3 25 25 17 21 6 15 20 11 16 4 15 1 5 17 30 4 30 3 10 6 20 24 2 15 1 2 12 20 30 17 29 1 4 1 10 24 16 2 21 25 28 18 8 18 5
3 1 17 21 26 0 5 30 21 0 24 4 22 14 22 15 0 25 10 18 29 24 14 10 21 20 5 2 4 15 28 2 7 6 28 10 30 25 25 10 7 25 2 10 24 19 12 27 24 1 21 2 20 2 21 22 25 21 26 25 24 2 9 10 12 9 26 13 5 3 9 16 24 16 14 28 15 19
30 9 20 3 15 28 10 4 3 16 0 10 17 8 6 15 16 11 24 14 6 18 2 12 8 3 15 29 6 26 3 25 21 16 27 11 26 8 30 19 18 3 0 20 26 10 14 17 19 23 2 20 27 7 27 11 0 14 5 14 20 19 16 15 10 30 10 11 19 12 0 2 3 23 16 29 28 10
4 18 26 21 25 21 10 28 7 14 24 5 23 18 14 1 20 24 25 25 26 30 18 6 17 2 11 8 4 1 18 18 21 3 27 11 11 11 24 13 4 15 4 23 8 9 0 4 7 14 9 4 27 4 20 12 13 9 10 22 6 28 1 28 6 11 9 5 2 17 12 21 23 3 17 4 14 17
7 15 11 9 29 23 27 6 27 2 18 24 24 14 1 6 28 21 18 5 30 3 6 20 0 25 3 9 26 15 21 18 5 26 30 9 7 8 26 1 4 22 22 2 28 28 3 23 8 30 26 14 0 9 10 10 24 18 20 23 6 6 17 1 10 24 2 22 19 11 12 18 11 19 27 17 22 6
16 6 30 16 0 11 17 16 27 0 29 9 1 10 25 26 30 9 1 12 22 11 30 28 12 19 8 17 13 25 11 19 5 5 9 1 16 2 25 10 11 23 22 20 29 4 9 19 29 8 5 23 0 19 25 19 21 16 14 23 10 0 1 11 15 14 8 5 21 24 18 29 14 22 1 2 24 4
14 2 20 24 28 6 14 28 29 10 2 2 13 3 26 24 30 0 15 26 30 9 9 18 16 16 22 28 26 13 24 9 20 25 1 8 24 20 23 15 27 14 29 22 29 24 13 7 25 1 6 11 3 26 6 24 9 7 5 9 13 17 15 2 11 3 1 26 17 12 9 21 8 22 10 9 13 27
25 3 4 20 25 21 0 19 28 20 0 20 1 28 18 21 21 16 15 26 8 2 23 21 9 29 26 6 23 17 14 7 12 25 26 23 30 4 0 7 13 14 17 21 5 22 4 21 19 24 6 14 6 29 7 30 28 15 13 14 25 29 18 13 6 7 8 21 18 22 20 19 19 25 19 26 18 29
23 23 17 9 1 15 23 19 30 12 8 24 28 7 6 12 8 1 18 6 17 20 17 26 2 25 2 15 27 1 17 5 26 25 28 0 22 15 27 10 2 16 0 20 9 15 28 4 2 23 15 23 6 10 12 22 13 16 27 5 20 23 25 16 15 27 28 17 23 28 15 12 15 23 14 6 24 28
16 7 18 26 0 24 4 2 11 30 30 1 2 26 24 20 10 16 25 16 20 1 9 30 1 20 23 3 13 11 11 27 1 23 5 25 8 21 8 0 13 3 25 17 28 14 14 0 17 30 24 22 18 9 12 12 8 25 10 24 25 9 25 7 1 26 18 8 29 30 28 12 13 30 17 13 3 6
29 22 19 7 13 21 18 22 22 26 30 15 8 17 12 20 10 2 24 30 27 15 0 17 15 27 12 11 17 4 3 21 0 17 24 23 3 4 26 21 10 16 11 6 18 13 12 5 29 14 27 26 16 29 11 29 5 2 2 15 28 8 19 25 26 7 28 18 13 5 24 25 12 10 25 20 4 29
13 6 30 3 1 9 0 10 20 23 29 6 20 13 3 22 5 11 27 14 18 14 12 11 9 29 11 2 8 18 27 27 15 26 3 5 28 15 24 30 18 18 18 30 1 21 19 9 29 25 25 5 10 20 18 29 29 9 16 14 3 18 7 6 3 10 1 7 2 10 11 22 2 11 8 15 14 3
26 17 17 3 9 23 25 29 2 9 14 1 16 8 6 13 13 30 20 23 24 7 17 9 1 24 30 7 24 21 12 27 20 6 2 6 17 4 13 14 4 27 23 8 8 18 17 2 23 27 3 16 30 24 27 21 29 12 7 2 5 8 22 24 23 27 11 7 28 12 29 19 24 1 19 22 4 28
27 0 5 1 10 12 16 2 19 26 22 24 28 23 16 13 17 29 5 20 14 8 30 21 0 12 13 21 9 5 5 5 13 7 27 21 10 25 17 10 14 3 5 19 10 4 5 2 28 27 27 21 27 24 27 5 12 23 29 16 3 19 19 9 18 26 24 5 8 0 15 26 7 14 24 21 8 25
29 9 16 4 18 8 19 7 25 3 30 24 10 8 18 17 1 5 24 30 22 13 3 9 25 5 3 10 22 1 16 4 7 22 2 27 22 2 13 23 7 29 8 26 11 23 2 14 26 13 29 27 25 12 19 4 16 14 20 14 22 20 23 5 18 18 17 24 17 16 9 24 15 3 25 13 18 7
29 14 1 5 26 6 3 26 28 19 14 2 10 11 5 19 28 28 5 13 18 26 12 14 1 6 24 20 15 3 28 15 29 11 9 12 12 25 29 19 27 12 25 28 2 15 14 14 3 16 1 30 1 27 20 29 9 24 23 24 12 15 16 9 16 23 12 25 0 5 6 29 18 8 24 4 12 24
25 28 7 15 4 26 25 12 18 26 19 12 25 6 28 25 3 22 6 11 30 10 19 25 20 3 19 25 7 21 12 20 0 13 4 30 12 10 21 17 29 21 19 9 11 10 21 6 28 17 6 20 20 10 26 0 24 18 7 17 7 24 17 18 13 9 16 26 5 3 16 4 3 17 26 14 9 11
0 3 12 24 16 17 27 28 17 7 14 7 6 27 2 30 15 2 10 27 7 30 16 3 5 14 11 4 17 28 12 11 5 29 16 11 16 16 17 24 13 15 20 25 4 5 19 0 12 13 12 13 7 0 3 26 30 27 4 30 8 11 5 10 28 12 7 21 30 15 25 11 2 3 21 0 17 2
23 16 16 27 29 2 3 20 18 24 1 16 8 12 30 10 30 27 23 12 27 19 9 14 13 13 6 12 14 12 18 15 26 18 3 15 3 20 20 7 21 4 29 27 4 17 25 22 15 29 10 7 29 6 18 17 1 23 30 29 23 23 7 4 7 5 22 21 2 2 24 19 28 21 15 11 29 0
29 29 2 5 29 30 10 12 7 25 0 12 27 9 10 6 2 1 23 17 14 7 14 12 11 14 16 9 6 4 30 27 7 12 21 15 9 29 26 23 6 26 15 19 23 19 12 24 11 0 29 0 21 14 9 25 18 30 27 22 30 2 10 7 1 19 14 23 26 10 22 29 30 24 26 8 5 12
7 26 0 25 1 12 10 5 1 2 28 11 12 21 12 24 28 24 0 20 15 18 10 24 20 3 28 6 27 1 23 6 18 21 0 7 22 4 3 12 2 13 8 12 18 25 12 25 8 17 24 22 13 0 2 28 19 6 9 11 16 9 4 13 19 25 21 23 9 8 22 20 1 22 15 30 13 28
3 9 9 26 3 7 7 12 17 13 26 9 0 22 0 25 30 19 25 6 10 3 4 0 14 14 2 22 14 29 14 8 10 30 17 6 16 10 7 1 11 14 9 2 28 27 6 3 17 14 1 13 24 8 2 21 18 1 26 4 23 23 11 6 25 1 13 8 16 15 20 17 13 15 4 16 12 15
26 7 14 26 8 24 8 30 17 7 29 10 20 4 23 13 29 26 5 13 6 11 23 7 23 16 9 17 15 27 28 21 5 24 19 0 13 13 20 7 18 27 11 8 0 14 3 5 24 26 24 29 0 27 19 15 3 26 24 3 30 6 6 27 3 22 9 11 13 17 11 12 17 16 15 21 14 18
17 26 10 30 17 20 28 15 27 0 24 9 3 8 18 13 14 6 26 14 26 28 11 19 0 4 30 14 22 8 15 11 6 24 8 17 2 20 12 7 2 16 9 24 15 14 12 3 30 17 9 2 13 16 8 29 26 14 8 2 30 5 22 28 4 24 22 4 2 19 17 1 30 1 28 19 23 5
19 28 16 27 12 6 28 4 10 21 5 5 13 11 9 13 15 6 23 15 19 22 1 23 10 22 28 3 21 19 23 19 30 21 0 15 12 24 7 22 26 3 22 8 5 22 3 11 2 22 21 21 9 8 25 23 28 4 0 29 0 20 24 21 14 4 26 10 14 22 18 0 3 20 4 10 2 0
14 20 0 4 9 18 6 17 24 18 6 9 29 10 0 2 25 23 17 5 20 14 12 2 29 3 0 13 20 10 5 6 22 28 16 24 9 21 27 28 14 8 2 9 12 10 5 21 30 8 13 8 7 15 26 8 18 26 3 23 9 25 23 7 23 18 16 17 14 12 14 30 1 30 4 2 10 6
18 17 28 26 30 4 7 14 6 23 25 20 5 26 3 25 22 11 17 9 29 8 12 8 9 2 8 22 5 25 17 4 1 1 20 21 14 16 3 19 4 1 28 4 17 20 8 18 3 17 18 4 24 27 25 4 12 0 19 27 21 20 4 2 26 14 3 16 5 6 17 11 21 29 27 28 0 4
15 17 0 24 29 0 23 22 3 14 30 3 15 30 17 26 25 22 10 16 15 14 22 22 18 25 15 5 13 11 26 1 3 23 3 25 6 22 3 23 15 11 15 25 22 11 27 25 0 16 25 16 2 22 4 27 18 28 7 19 8 16 10 0 12 9 20 6 26 17 19 26 27 29 12 19 0 27
16 7 18 10 1 5 23 22 0 12 0 23 9 8 6 12 0 22 29 27 11 28 5 3 5 26 17 13 29 1 11 27 29 13 25 23 16 0 18 0 9 7 13 21 25 21 29 27 12 11 16 6 23 17 28 12 20 23 21 12 16 3 19 8 29 23 27 30 20 27 21 13 17 11 24 25 3 23
26 25 23 24 9 4 13 11 11 27 16 5 15 11 27 1 20 24 9 8 19 18 12 3 18 15 24 9 23 27 21 30 12 17 27 8 30 29 5 29 7 11 6 13 0 9 23 2 6 0 19 29 8 27 1 9 0 10 23 1 13 5 26 10 16 27 8 22 29 15 6 22 4 6 14 24 2 24
13 29 12 17 1 5 29 23 24 9 8 12 23 9 30 6 23 14 8 1 5 19 20 24 10 9 14 25 12 14 27 8 8 8 4 7 15 18 17 8 15 26 26 17 5 15 29 17 5 22 10 4 22 26 28 2 10 7 12 17 13 23 16 26 9 2 22 8 13 27 2 27 25 23 23 16 0 10
26 23 20 15 1 17 27 8 0 18 21 7 7 7 5 25 11 6 20 30 26 22 12 4 3 4 4 23 18 0 19 9 5 10 17 17 22 9 25 25 8 4 28 0 18 0 24 2 11 18 11 29 10 2 9 2 10 10 15 10 18 25 10 23 11 13 30 7 17 25 5 8 0 8 29 14 15 25
25 6 18 8 19 7 22 19 18 6 30 9 9 23 28 20 5 2 6 4 3 14 26 26 18 26 7 17 17 10 16 29 12 20 3 14 3 23 10 26 15 26 24 14 22 29 22 10 25 4 17 16 14 21 8 30 22 21 18 16 24 22 15 22 4 22 24 20 25 9 7 6 5 15 8 25 24 26
28 10 30 30 18 26 22 19 16 0 24 2 15 24 21 20 7 3 18 21 15 11 23 15 18 20 20 20 7 14 8 17 6 8 3 16 2 12 12 25 27 23 22 1 3 8 20 8 24 7 21 15 30 18 7 22 22 9 16 24 2 25 2 16 13 27 17 0 0 5 11 11 28 5 1 16 9 27
18 7 3 23 23 13 11 29 15 5 16 6 12 7 20 5 18 30 25 18 1 12 29 20 0 26 6 17 12 0 11 23 23 19 13 20 6 26 18 30 29 4 23 17 10 15 28 19 4 24 29 26 12 26 24 0 26 15 11 7 29 10 14 30 11 0 5 4 20 5 5 7 15 8 6 10 10 11
1 10 11 4 23 20 5 12 23 20 30 26 30 3 5 17 25 30 12 20 9 26 8 3 23 14 0 15 15 23 10 19 4 18 23 28 9 0 17 7 22 19 4 11 16 11 26 28 2 4 15 30 18 6 1 20 29 24 6 21 30 22 27 5 1 25 4 2 4 15 7 0 30 10 26 11 10 21
24 5 12 8 2 27 2 15 29 28 8 16 28 0 2 19 4 16 14 2 10 14 19 1 16 14 8 25 2 17 3 20 6 12 10 15 17 21 28 25 28 10 16 21 21 11 4 24 30 13 18 2 11 3 26 8 26 22 17 8 5 11 3 0 9 2 19 9 20 8 2 30 10 2 29 30 16 7
