80 80
3 10 11 14 24 4 30 30 16 24 16 2 27 1 12 13 2 10 0 1 9 1 9 0 11 24 21 17 9 25 19 14 7 12 21 28 4 2 18 5 3 10 21 18 17 18 11 29 11 6 8 5 30 29 20 6 19 16 17 6 27 1 21 7 15 10 28 20 29 28 16 11 2 2 26 12 22 23 28 8
22 17 13 26 8 3 7 27 10 2 17 3 9 7 3 17 20 12 23 15 16 4 19 9 14 14 29 6 18 14 28 16 19 29 25 13 29 21 10 22 19 7 10 28 22 11 2 16 12 27 25 29 25 14 21 26 17 5 12 19 6 28 13 14 8 5 6 28 7 13 11 1 23 6 0 5 22 20 20 30
7 22 12 11 14 19 18 20 12 6 0 9 21 20 15 0 26 28 28 18 13 14 7 27 26 19 6 15 13 26 3 9 7 5 29 25 8 25 9 16 25 6 28 6 13 9 19 9 12 30 9 20 7 3 0 13 24 15 0 28 21 9 1 3 21 7 2 1 5 15 12 1 6 17 10 27 30 4 15 27
13 20 10 0 24 27 9 14 2 20 23 17 26 27 3 8 29 29 2 3 13 17 25 0 14 16 23 20 26 17 15 27 8 27 12 16 9 14 17 0 19 7 15 26 23 10 15 8 2 11 24 30 10 2 0 1 22 16 13 12 7 1 2 2 29 7 26 15 6 30 5 27 2 7 26 27 3 17 16 1
27 4 10 0 13 6 17 1 19 10 9 21 12 28 15 13 24 14 15 4 25 11 15 23 1 5 9 27 11 30 21 8 12 11 14 23 7 30 26 10 29 7 9 11 29 22 8 4 1 29 20 8 4 13 1 2 20 4 17 9 18 11 10 21 11 11 2 19 19 12 27 21 24 12 30 18 10 11 10 14
11 29 29 29 12 11 5 17 17 15 18 20 0 0 22 8 18 9 24 29 1 20 13 20 9 16 17 16 3 8 23 24 13 5 13 28 8 13 6 12 7 28 23 22 20 3 24 0 28 15 27 29 6 1 1 5 22 1 11 7 10 17 23 22 2 24 24 16 0 26 13 4 22 18 13 17 25 3 27 21
4 0 9 19 4 12 6 0 10 2 18 24 19 26 3 5 30 24 28 28 29 6 2 12 8 29 20 11 30 8 12 19 5 7 27 27 9 26 1 13 6 27 21 10 10 6 5 13 16 19 28 21 16 9 6 14 21 12 6 23 21 18 20 10 29 15 22 22 11 11 19 23 12 23 0 28 9 21 30 30
23 17 23 3 21 10 2 27 13 26 29 6 27 29 11 14 22 4 24 24 9 4 5 17 30 20 24 5 2 1 27 21 9 5 18 12 22 12 16 17 29 12 25 19 27 1 9 23 30 12 25 21 25 30 6 13 12 10 29 30 17 21 10 10 6 19 5 7 9 10 24 15 14 8 10 17 3 29 10 24
13 7 0 0 20 10 9 22 17 10 5 18 6 15 1 19 15 0 30 8 30 5 29 29 3 28 6 1 5 10 19 24 18 5 0 20 16 18 24 4 27 30 12 24 27 8 7 21 28 22 5 23 10 26 12 0 23 8 10 8 8 10 22 19 30 8 19 19 8 11 26 1 5 19 18 11 18 15 22 12
16 22 15 1 18 16 30 17 0 17 20 5 11 27 10 28 6 15 11 13 5 17 6 1 16 11 29 27 21 26 17 1 20 15 14 19 17 21 4 20 12 4 17 20 9 17 25 28 13 25 20 0 27 22 19 11 23 18 25 25 25 24 23 20 4 13 18 9 28 8 16 0 19 30 23 16 29 4 25 2
0 5 5 8 19 5 23 26 4 9 11 11 11 20 8 25 25 30 7 14 7 15 24 28 27 5 8 14 12 1 14 27 5 8 28 10 1 26 25 20 3 19 27 27 27 2 19 29 15 24 28 7 29 7 3 18 6 20 28 5 8 15 10 8 29 13 18 14 9 16 4 18 3 18 12 16 12 16 30 15
24 22 15 13 9 17 5 10 25 5 9 22 27 15 28 23 15 28 2 7 4 24 13 8 28 6 11 14 29 17 4 18 6 30 14 4 10 16 16 10 26 22 18 29 29 10 5 9 23 22 14 1 28 2 7 2 15 2 18 11 27 25 24 5 18 5 4 21 0 19 15 25 8 22 11 23 17 5 8 6
21 19 30 17 18 21 20 11 29 5 27 6 15 18 1 0 15 14 6 6 3 28 18 6 21 9 5 27 20 18 6 21 21 8 16 26 20 5 23 24 27 11 24 16 22 25 10 28 19 21 15 2 30 14 8 30 14 28 15 27 16 14 3 10 30 23 2 28 18 26 30 3 27 7 28 16 25 9 27 14
28 23 14 22 17 1 30 14 9 14 24 22 24 12 24 10 16 22 29 19 8 9 12 4 29 5 6 25 23 1 27 19 12 6 5 19 29 4 28 8 24 14 8 27 29 0 0 22 22 28 18 29 5 12 29 2 12 7 11 15 4 21 18 12 13 3 22 20 3 15 6 6 22 13 10 20 21 14 20 26
25 19 28 12 24 21 10 0 30 30 0 13 8 8 22 17 20 27 18 15 17 22 18 5 20 26 3 4 26 22 23 17 5 5 12 15 26 21 16 15 25 4 19 15 16 9 17 28 4 9 10 12 13 19 19 20 4 2 10 20 2 24 29 9 8 29 16 10 12 18 20 20 7 8 3 8 24 1 16 17
19 7 14 28 11 18 19 19 29 11 27 7 19 5 15 10 13 24 8 1 3 4 30 27 15 16 26 14 11 21 20 6 2 29 3 3 26 13 25 0 14 13 29 11 29 28 7 4 25 0 22 13 17 23 7 13 4 14 10 17 18 5 26 29 7 13 9 27 5 4 16 8 15 12 3 26 3 3 26 19
7 28 19 8 20 22 26 9 0 16 19 29 18 3 16 9 24 4 0 28 7 4 15 20 21 10 12 17 6 3 7 18 26 4 25 13 17 28 16 10 20 1 0 24 18 0 25 22 25 6 23 6 3 16 6 22 20 25 8 10 0 18 28 26 26 22 5 0 25 25 26 12 29 29 11 23 18 10 15 20
8 3 8 3 1 0 6 28 0 21 30 13 0 4 19 5 14 21 17 27 15 8 22 18 21 20 22 19 14 13 19 27 18 19 14 2 3 2 26 25 7 21 17 17 11 19 6 9 14 10 11 4 29 16 3 8 20 28 22 3 20 28 25 9 16 23 16 17 22 27 14 6 30 7 16 9 13 2 19 2
16 27 5 8 1 0 23 6 17 28 18 25 29 8 9 27 4 2 3 20 17 14 5 13 9 9 17 24 28 25 8 17 0 8 14 6 22 8 19 0 10 29 20 1 28 10 7 5 12 15 8 5 30 28 13 8 6 22 30 2 4 9 22 28 7 27 3 9 14 12 25 9 21 18 0 14 24 16 1 26
14 3 7 21 10 1 0 20 2 3 10 22 29 14 22 30 24 28 12 25 25 11 18 18 24 30 28 4 29 24 9 16 15 29 25 8 24 12 25 7 21 27 23 8 26 19 5 25 16 15 19 19 17 7 24 3 20 16 11 9 30 18 4 1 16 21 24 17 8 1 0 27 10 6 10 21 7 3 11 27
23 6 7 24 26 16 4 11 27 16 6 3 14 12 21 5 18 27 28 27 8 30 3 2 21 21 24 3 3 5 20 3 27 18 28 12 17 6 24 7 1 9 12 23 5 27 15 8 10 26 20 12 0 9 26 20 7 27 4 26 7 17 3 14 29 5 12 2 15 4 28 20 18 8 15 8 14 26 9 9
21 30 5 12 22 22 30 29 20 29 8 0 1 14 21 24 10 26 4 13 28 25 30 25 29 26 26 9 13 25 2 20 6 29 19 16 10 3 1 22 23 5 11 26 30 6 21 1 7 3 1 30 23 27 22 16 12 13 26 24 8 12 4 17 21 9 26 11 13 26 13 14 25 6 7 12 3 27 15 2
16 11 24 18 14 18 15 22 15 16 10 14 2 17 15 17 9 15 18 8 30 1 8 1 7 12 13 3 12 21 30 24 10 7 10 23 24 17 14 30 15 24 0 16 23 20 0 19 6 13 22 20 28 21 3 3 24 21 7 18 13 23 21 3 1 6 11 25 23 0 12 10 5 27 30 19 11 16 15 19
21 7 26 14 12 26 9 7 17 12 6 15 9 15 30 17 11 25 4 27 19 9 13 27 0 12 16 0 5 21 14 13 12 2 29 2 28 16 11 1 19 15 17 15 30 27 3 0 16 19 21 16 27 20 21 28 21 22 0 1 13 19 5 19 26 8 22 25 14 1 7 0 29 1 14 19 10 13 10 14
14 26 29 8 26 18 3 5 14 28 1 18 20 13 28 27 9 9 5 13 20 22 30 8 22 4 0 12 9 3 15 27 12 21 26 9 1 12 28 10 10 15 18 28 10 19 3 5 26 2 1 10 23 16 9 19 22 1 27 20 6 5 24 30 1 13 7 21 28 18 25 4 22 5 26 26 22 8 19 9
5 27 23 23 18 20 17 6 28 12 0 20 4 6 8 4 8 2 13 7 4 12 15 9 4 15 1 28 7 10 23 25 14 7 0 6 27 13 3 15 18 4 27 20 25 30 15 30 10 5 30 1 6 28 18 6 10 5 2 2 1 22 12 7 18 14 9 12 10 11 16 1 6 12 23 15 0 17 25 9
16 13 27 29 10 14 23 6 8 12 19 9 23 1 6 11 3 9 12 22 27 11 22 28 0 0 17 11 0 28 15 9 10 9 10 12 18 26 26 26 13 21 14 11 5 6 3 18 26 2 13 27 3 14 18 23 14 27 6 14 10 18 7 29 24 27 23 20 6 25 22 16 10 11 24 24 3 1 11 20
15 3 7 25 11 6 7 28 23 10 30 9 29 4 5 16 12 14 10 1 16 7 3 3 28 22 18 11 3 12 30 4 8 21 30 2 23 7 14 6 29 29 25 8 8 22 13 7 23 24 6 6 5 7 25 20 27 27 8 20 28 2 0 30 10 22 3 0 5 25 17 24 9 5 19 9 0 14 27 18
8 15 30 13 4 23 4 18 27 22 21 15 10 23 12 28 18 2 26 18 13 0 29 27 2 22 15 7 0 17 29 20 18 19 20 11 20 19 2 2 25 3 19 0 15 13 11 0 22 11 4 21 26 28 9 29 28 13 26 21 28 11 24 18 7 9 19 26 0 28 12 7 2 5 17 5 12 1 15 18
23 7 26 9 9 5 13 3 10 15 14 26 4 7 30 10 13 3 23 24 4 15 20 19 17 29 24 6 8 9 13 14 8 5 22 16 20 2 3 5 5 30 20 3 29 22 18 27 17 18 7 1 18 17 11 16 19 6 0 3 22 9 23 4 25 12 5 26 8 26 18 21 23 7 15 21 1 18 10 3
11 29 12 28 21 16 17 29 18 22 8 22 0 19 25 30 19 19 3 8 0 1 21 13 23 11 26 7 9 14 4 20 4 26 4 19 16 22 14 25 25 10 19 10 24 8 9 26 9 23 12 5 16 20 27 14 15 29 21 25 5 23 30 24 4 3 7 14 25 3 4 7 4 15 9 3 10 8 1 15
13 29 10 17 1 22 14 4 7 13 30 4 20 4 0 23 20 9 27 14 7 15 21 6 0 18 9 30 9 17 5 29 19 30 23 14 16 25 1 3 25 14 26 24 10 26 1 8 2 28 15 12 4 11 15 26 20 18 19 27 30 20 19 17 3 6 8 11 14 25 0 0 15 17 22 14 26 27 3 4
22 16 23 0 14 22 19 7 19 23 18 8 23 16 4 6 15 28 20 20 15 15 4 27 20 30 24 17 14 9 19 28 30 25 6 20 7 16 25 15 6 6 1 9 1 14 9 4 15 24 16 16 7 10 23 10 2 25 9 3 10 7 16 14 23 12 28 6 1 24 2 0 0 30 9 23 12 1 26 16
7 11 16 11 17 17 6 30 24 28 30 8 27 27 19 13 0 13 24 2 22 0 17 12 18 18 10 6 17 1 8 18 8 23 18 25 12 29 26 1 9 20 21 26 3 0 2 26 29 14 16 1 27 13 5 1 20 0 21 15 11 29 16 24 30 6 17 6 5 16 3 7 5 6 13 13 16 17 30 7
27 22 6 1 4 9 3 25 23 11 5 22 0 17 30 16 16 30 15 27 11 15 5 10 3 24 9 29 21 26 2 26 17 8 29 10 22 15 10 1 6 20 28 10 24 7 16 0 24 1 9 13 5 5 9 22 30 8 9 2 1 15 1 7 29 26 22 2 3 29 6 17 16 23 2 16 18 1 13 0
19 10 11 17 1 2 18 14 14 9 16 13 1 29 5 18 28 0 13 14 12 12 16 27 13 27 20 13 24 20 10 11 16 11 11 6 12 21 13 14 15 9 8 19 13 6 18 26 9 18 25 16 11 3 9 25 28 12 10 26 27 25 12 18 17 20 29 21 23 18 6 14 16 11 15 4 7 30 2 11
29 11 2 27 23 12 22 6 20 3 21 24 19 11 9 27 2 14 22 0 30 17 26 2 6 28 6 15 23 18 21 17 13 11 8 6 27 14 14 12 18 21 5 20 22 13 23 22 30 14 19 7 23 0 10 10 30 24 13 30 23 4 9 22 26 26 5 19 28 6 10 5 6 28 25 9 19 10 17 26
25 27 5 9 23 12 6 22 28 18 4 16 11 1 19 5 26 5 21 18 6 8 24 19 12 28 3 2 22 24 8 18 2 5 17 7 10 2 7 13 7 30 14 5 0 1 5 19 27 13 6 19 9 6 27 10 21 24 25 16 9 14 7 1 12 28 8 24 7 24 29 16 22 14 8 29 19 10 6 25
22 18 1 13 21 12 29 29 20 28 9 30 23 20 4 29 4 26 15 13 3 27 17 22 30 14 6 24 23 18 9 28 11 30 10 29 14 6 25 7 19 25 23 28 2 22 2 25 23 28 25 3 23 22 12 9 27 26 18 1 30 0 20 28 10 19 6 26 0 16 7 11 4 8 5 25 7 17 10 4
29 5 6 6 20 23 12 22 8 2 20 25 23 21 25 28 25 10 25 18 20 16 9 19 3 25 1 17 28 2 3 21 18 30 25 13 23 2 24 10 29 13 2 23 15 11 13 13 16 22 14 30 9 9 7 0 8 28 22 13 19 17 20 2 25 27 7 1 14 0 30 29 26 25 19 25 8 19 21 21
30 9 15 25 24 27 21 26 19 12 18 23 12 15 15 17 23 4 12 21 25 21 27 2 18 15 26 21 6 22 12 16 19 28 0 8 26 23 4 8 12 22 0 16 18 8 22 14 16 24 27 28 18 14 24 27 1 7 28 20 18 14 25 28 5 1 5 28 2 25 16 9 20 30 25 10 6 7 5 29
18 24 27 17 24 5 29 23 6 17 16 18 22 2 15 6 29 9 9 8 23 4 11 12 9 27 18 8 10 3 22 26 7 22 18 16 18 30 9 13 4 28 10 16 30 27 18 28 6 12 25 24 28 7 25 29 14 8 24 4 28 24 8 28 18 1 2 7 10 6 21 26 14 13 22 28 4 14 16 18
8 25 10 12 17 16 4 19 11 2 1 11 3 1 8 23 14 13 22 4 2 4 2 6 4 28 22 15 16 19 24 29 10 29 25 6 28 15 7 10 25 7 30 1 17 3 17 0 3 9 1 14 18 13 0 30 24 19 9 21 19 17 24 19 14 30 2 2 12 8 19 24 8 25 24 20 24 0 19 20
12 26 21 25 17 8 15 19 30 28 24 25 2 18 14 20 7 16 24 28 21 28 26 23 12 19 3 23 17 27 22 1 23 24 16 28 10 7 5 15 27 13 23 8 13 19 4 11 8 1 9 23 11 23 23 23 1 29 28 4 10 22 4 22 0 13 11 1 9 27 26 5 25 30 24 18 6 30 8 10
11 18 29 12 29 24 19 25 12 9 7 10 30 19 5 20 6 23 11 23 12 13 25 4 20 11 16 27 3 10 15 30 15 6 14 16 15 12 25 25 2 22 25 29 13 4 16 4 19 2 27 16 23 5 27 7 11 14 19 24 14 26 30 10 25 18 12 5 29 22 8 13 19 1 24 1 19 7 10 26
30 18 7 22 14 14 12 23 7 29 27 7 2 4 25 0 30 14 7 21 21 11 16 9 22 27 11 30 0 14 18 17 7 29 25 19 10 18 23 19 9 10 4 11 25 22 23 11 11 22 11 16 30 22 15 10 29 28 16 16 25 2 4 27 29 5 21 19 3 8 22 0 9 20 12 15 4 9 3 2
0 17 1 14 2 8 3 11 13 14 8 30 0 16 27 29 9 3 13 19 16 11 12 2 30 2 1 7 9 23 19 29 4 11 15 14 25 11 23 5 24 10 30 18 27 14 16 8 9 10 22 12 14 24 9 2 4 29 19 15 0 26 19 12 4 26 30 20 3 23 2 6 17 25 11 26 0 14 9 20
12 16 23 9 21 17 30 7 11 9 22 2 13 1 4 25 23 20 26 26 16 30 2 25 7 11 15 12 11 11 17 7 5 27 30 14 16 5 19 8 22 24 2 21 15 2 26 24 10 8 24 25 28 28 22 15 20 9 16 8 25 21 10 6 7 9 0 0 26 18 4 27 16 17 26 10 0 6 17 6
6 19 19 15 22 20 28 23 10 1 19 1 18 30 22 5 28 15 15 1 15 13 2 2 27 22 20 12 29 4 14 9 20 24 21 19 17 14 3 23 12 12 12 19 30 6 10 2 7 29 6 9 29 24 12 23 2 12 27 5 26 10 2 15 15 11 22 23 15 29 16 21 2 30 21 17 29 23 9 13
2 29 16 29 15 27 24 14 1 24 14 8 12 16 21 26 16 5 17 16 27 1 3 16 4 29 5 26 3 28 17 26 6 18 14 26 2 17 3 10 22 9 20 22 18 20 25 27 5 1 11 24 27 30 19 23 7 27 24 28 12 20 15 20 15 13 10 5 11 22 6 2 12 20 17 19 16 29 22 19
19 7 17 16 6 18 16 15 8 29 13 13 27 2 11 24 18 26 12 19 0 17 14 3 26 11 2 7 8 8 4 16 26 17 29 17 13 23 3 1 3 3 9 23 27 2 13 15 25 21 27 15 0 1 30 12 26 5 19 11 24 18 15 28 7 26 19 7 2 2 14 29 19 6 12 18 16 9 6 27
28 16 1 28 25 19 1 6 12 30 10 3 9 28 22 5 12 10 7 27 10 2 13 0 1 28 0 10 16 30 28 8 3 16 24 4 4 0 10 29 12 8 1 15 15 14 18 27 6 23 26 24 6 8 29 3 13 8 5 15 9 10 28 30 27 8 14 15 29 15 4 1 26 7 2 13 9 20 5 9
29 24 6 27 30 4 20 26 11 13 12 8 15 20 9 3 0 2 10 14 26 8 1 6 0 6 16 5 1 13 17 10 19 8 5 0 4 30 19 24 5 17 24 0 30 18 13 28 11 18 15 0 23 10 18 17 19 13 18 27 3 5 21 3 13 5 15 10 5 25 17 16 10 7 20 5 9 28 1 15
5 2 3 21 23 1 10 25 20 8 22 4 17 24 5 16 14 29 15 29 22 25 19 24 24 16 10 2 6 22 29 14 5 19 17 22 28 26 17 26 18 0 22 13 13 3 9 23 16 0 1 22 10 16 6 23 13 29 4 7 20 4 27 10 14 21 24 29 7 14 0 26 18 21 13 28 20 17 16 23
15 21 25 0 11 17 24 27 25 4 10 0 27 0 8 26 11 15 12 17 25 16 14 6 7 9 5 9 1 12 13 8 11 20 8 29 1 30 25 16 28 27 5 24 7 23 1 9 15 30 1 24 16 16 23 16 0 2 21 0 20 13 26 21 8 11 10 13 3 2 12 6 22 21 28 25 23 7 25 6
7 13 5 24 16 30 27 1 1 8 3 19 21 28 10 8 5 8 4 3 11 0 5 13 23 7 12 8 17 20 10 22 10 24 29 2 23 27 26 9 14 23 6 11 1 11 18 6 21 15 0 5 7 13 17 19 29 27 14 3 14 20 26 29 30 30 3 1 21 30 24 29 12 22 19 26 6 15 12 9
29 19 22 0 7 13 2 18 6 5 26 26 6 29 3 6 3 22 22 11 7 4 6 13 19 20 20 9 9 25 12 11 1 26 15 3 25 29 6 11 16 2 12 16 9 1 15 2 26 2 28 24 14 26 19 0 15 29 28 9 10 12 29 14 28 24 2 19 0 14 24 16 25 3 17 12 25 10 19 15
23 17 4 21 19 16 16 24 14 25 19 29 0 9 5 0 28 21 24 12 23 24 18 2 12 8 12 24 3 28 1 19 0 22 20 9 25 22 13 26 10 11 26 23 6 27 12 6 5 5 6 28 8 6 22 28 28 23 13 22 25 30 18 0 7 24 28 15 5 1 22 24 27 7 30 16 24 22 9 7
27 23 21 1 11 7 6 12 25 26 2 14 22 30 12 3 27 4 30 1 23 6 18 17 15 14 30 12 19 6 21 17 29 12 2 29 29 11 9 26 1 13 1 28 25 22 6 30 2 26 15 7 7 17 20 7 10 12 25 16 7 19 0 9 4 17 20 2 11 28 19 10 5 21 6 3 29 2 14 21
0 4 11 18 25 19 18 25 1 15 28 9 28 8 8 14 12 11 8 11 0 8 8 11 23 10 3 19 16 21 5 3 27 2 7 9 23 12 23 26 23 17 24 19 28 6 0 27 4 1 3 5 18 30 5 10 28 26 15 18 10 0 12 29 21 4 28 3 25 20 24 26 7 27 16 4 3 12 18 29
13 22 10 12 25 16 2 27 10 0 29 15 24 3 9 19 12 1 8 17 16 4 24 19 21 26 28 15 16 7 11 24 23 15 10 3 26 12 13 16 19 29 15 18 12 18 26 7 11 19 28 2 18 25 24 7 13 4 9 5 28 1 13 10 26 3 5 10 11 24 24 14 15 7 7 3 30 27 12 8
17 28 6 30 18 20 24 12 20 27 11 15 23 28 22 15 24 8 18 1 13 26 10 23 13 29 18 20 23 24 4 24 8 0 12 5 12 27 24 3 23 16 3 14 10 24 20 2 20 20 21 22 28 17 22 16 13 19 2 27 11 8 10 27 26 22 4 27 20 17 22 27 8 6 14 13 30 28 27 22
12 2 22 17 14 30 28 21 2 3 18 5 13 14 0 18 19 18 21 9 5 29 12 19 26 5 21 25 22 24 5 28 4 17 7 10 9 21 16 3 21 9 25 18 25 5 3 8 23 16 20 27 22 20 25 0 9 8 3 27 2 10 25 29 28 4 4 16 5 21 18 3 7 0 5 11 29 10 20 23
21 7 23 19 2 25 1 18 22 30 9 13 1 12 13 13 9 13 26 9 13 25 11 24 10 21 0 19 10 14 29 10 19 8 12 15 20 15 21 16 30 27 27 8 26 26 4 19 1 8 10 23 11 21 28 0 13 16 17 22 20 23 5 14 0 13 10 4 6 25 20 27 22 8 21 10 25 18 14 11
1 22 25 3 20 26 12 8 26 6 21 25 16 10 20 25 8 4 5 6 14 22 17 27 26 1 30 14 19 6 0 14 22 21 15 9 5 13 22 9 19 6 22 26 2 11 21 19 13 15 28 5 18 2 7 25 25 29 7 30 16 30 3 23 11 27 14 16 13 7 22 28 13 4 7 28 2 22 30 28
22 1 2 25 0 9 2 12 12 28 23 19 22 30 21 28 30 25 4 22 0 13 13 13 15 1 18 15 15 14 26 6 17 3 30 24 0 20 1 11 10 12 4 21 15 1 11 4 5 20 22 23 8 21 12 2 30 4 30 2 9 22 0 6 24 16 2 0 9 29 12 24 1 21 1 27 1 22 18 21
8 8 27 1 25 0 21 6 0 2 25 26 8 17 1 18 1 29 14 0 6 0 12 3 19 15 4 5 16 27 0 13 20 12 4 17 27 5 27 19 15 2 9 29 9 4 7 18 7 20 24 16 21 8 28 16 2 20 22 30 5 22 3 16 1 13 16 9 8 18 9 27 22 22 14 0 13 5 26 6
4 17 12 25 4 3 18 5 15 4 19 25 5 19 4 18 12 27 27 1 19 19 20 12 22 24 22 27 23 3 1 3 24 28 10 24 19 20 4 5 9 19 10 28 7 24 12 0 16 21 2 15 3 7 2 8 9 26 7 13 5 25 20 22 18 22 1 17 22 24 21 2 18 6 13 8 3 18 30 18
21 16 14 22 18 18 8 1 19 9 16 7 22 30 4 14 8 20 24 29 2 4 23 27 30 1 23 15 1 14 0 28 10 29 1 17 23 28 20 20 3 1 25 19 8 0 9 28 20 24 24 26 14 25 1 25 18 1 13 14 21 29 22 2 22 18 3 0 19 9 16 11 23 7 27 19 28 17 9 18
24 28 20 21 17 20 10 7 0 24 2 21 15 0 1 17 0 11 8 21 24 22 12 29 27 4 30 15 12 22 11 4 23 20 30 26 28 13 17 0 16 10 27 27 10 14 6 15 14 13 1 5 6 19 27 23 12 29 19 4 5 5 25 24 9 14 13 9 14 20 30 0 11 28 23 6 14 10 16 16
19 6 18 9 29 24 0 5 30 23 12 24 5 21 23 4 28 8 8 23 21 8 30 29 6 12 2 0 10 4 19 17 7 27 2 10 27 28 30 5 10 13 29 11 13 17 5 20 29 11 11 20 17 28 9 3 10 0 8 6 24 18 13 14 11 4 11 20 22 28 20 14 17 11 28 15 15 27 19 9
10 7 19 22 0 21 10 27 15 9 4 5 24 5 2 18 25 14 7 10 9 18 5 29 19 30 3 19 27 7 25 10 6 20 17 18 5 23 2 26 23 29 0 15 24 9 18 5 11 3 11 12 26 10 8 25 9 9 6 5 6 30 19 9 7 20 12 19 19 7 20 24 6 18 9 29 25 5 13 30
20 25 20 4 0 26 16 0 29 1 25 17 24 20 23 14 10 1 5 18 8 29 1 24 3 8 26 15 26 22 16 6 8 1 9 0 25 24 27 11 6 21 30 26 0 25 30 3 15 7 7 4 20 10 22 7 12 29 19 0 14 4 5 16 23 6 16 7 28 7 8 3 24 14 3 17 29 11 27 29
30 21 17 21 9 4 27 28 25 7 20 11 21 28 26 20 12 10 26 11 16 1 3 5 18 5 18 13 12 7 2 1 13 13 2 24 6 25 11 5 8 11 10 15 30 11 3 10 8 18 8 5 30 28 16 12 1 28 6 26 3 7 23 21 24 23 15 26 27 9 2 25 6 30 11 1 22 9 28 9
10 11 17 14 8 13 5 17 0 29 30 7 10 9 15 26 29 30 7 23 18 1 12 13 4 30 7 29 23 12 20 1 21 7 2 8 13 7 5 20 26 1 27 10 23 9 22 21 4 1 27 2 3 29 27 5 15 7 24 5 14 13 24 26 26 2 25 15 10 2 14 28 10 28 2 23 7 24 25 28
18 10 21 5 22 21 4 25 20 9 23 26 17 10 25 7 23 11 15 10 15 18 22 12 2 24 8 24 17 23 21 11 7 1 28 1 14 27 17 13 23 20 0 11 3 7 2 11 3 5 6 15 30 4 7 6 14 10 25 27 4 3 7 3 10 8 17 15 3 30 7 11 14 20 24 15 16 5 1 11
22 17 20 23 25 10 2 15 3 10 6 9 19 8 3 7 10 13 14 27 4 13 28 8 21 0 5 16 29 10 4 26 27 0 16 10 3 9 19 16 1 14 17 28 24 10 22 21 10 19 27 17 13 23 14 2 19 4 1 20 15 2 20 17 29 12 19 5 14 6 3 17 16 0 2 8 24 25 29 29
11 25 27 29 8 11 8 8 21 11 16 7 9 28 13 10 22 6 27 3 9 8 15 26 26 3 29 28 25 1 21 14 10 26 4 25 4 5 7 28 19 17 14 8 17 3 30 1 0 19 1 13 27 29 12 4 20 2 29 30 16 20 23 0 7 16 15 5 17 11 17 27 17 27 22 8 26 30 21 20
12 26 5 21 18 22 18 29 22 20 10 22 10 8 0 23 24 25 29 18 30 14 16 18 14 23 21 14 16 16 13 24 6 9 8 14 15 27 15 8 13 17 4 24 25 0 4 14 15 23 4 4 2 14 3 15 28 21 7 13 23 20 24 4 12 12 5 15 13 2 0 21 10 15 25 13 24 0 17 7
3 22 17 13 9 14 23 9 9 24 3 21 20 26 16 24 26 29 22 26 13 19 25 20 28 15 30 27 5 30 20 26 8 25 9 13 22 16 6 22 17 17 4 17 8 19 8 4 15 25 30 11 14 21 2 8 15 10 8 29 6 4 11 20 5 20 27 28 0 19 13 4 24 9 17 28 12 23 16 5
