81 81
4 21 26 13 24 24 22 15 2 18 1 30 5 11 21 12 0 27 22 17 18 21 8 20 13 4 4 8 10 12 0 5 7 19 6 23 7 22 12 28 19 3 7 26 18 2 21 19 18 25 9 9 13 13 18 3 17 23 24 12 0 17 28 20 25 22 27 21 9 4 30 26 1 9 24 5 14 7 13 17 17
26 13 16 20 9 29 18 28 20 1 14 5 25 23 30 30 6 3 27 18 6 30 24 11 14 0 0 1 10 3 4 12 6 27 12 19 20 21 19 7 17 17 23 25 17 15 1 23 25 28 13 24 20 13 21 14 2 14 25 28 16 2 11 29 6 18 8 13 26 5 5 11 13 7 17 26 7 12 6 28 11
12 28 16 28 27 11 10 17 7 18 14 29 11 25 18 7 12 13 20 14 14 30 3 13 23 26 21 8 23 23 21 22 15 11 30 19 21 10 4 19 26 1 16 9 21 0 6 13 26 14 19 6 29 4 27 28 8 7 4 22 6 3 14 29 11 22 5 20 11 4 6 0 4 5 7 14 14 7 20 27 24
26 4 23 12 11 20 7 21 25 28 26 4 30 3 29 17 2 1 5 21 30 28 0 22 11 11 12 20 16 16 21 3 5 30 2 3 12 15 26 17 26 14 12 28 14 15 10 9 25 5 2 19 22 26 3 4 10 4 28 22 29 6 13 20 11 11 12 10 15 28 17 6 0 27 4 25 30 6 12 13 6
29 28 9 29 22 26 23 11 27 21 10 23 21 21 24 7 26 0 6 5 15 17 9 21 26 15 26 8 24 29 28 29 7 3 2 11 20 6 29 25 20 17 4 15 21 23 21 24 20 6 25 20 8 5 14 24 1 10 16 10 13 5 14 11 24 30 21 19 25 30 26 5 26 5 0 1 3 0 24 20 13
22 2 13 14 26 27 17 17 13 7 29 1 18 20 18 10 30 24 15 3 15 4 28 30 21 16 21 30 7 24 10 22 27 25 19 7 29 29 1 16 3 18 3 28 6 18 11 0 4 20 24 5 12 1 13 20 14 23 20 11 10 29 25 7 4 2 16 2 5 18 17 2 26 10 17 13 27 17 13 25 5
9 10 9 10 1 26 15 1 12 29 14 24 27 26 4 25 5 3 20 11 28 22 12 2 14 29 17 2 18 4 20 17 28 19 0 21 0 13 29 6 19 27 20 1 13 25 22 1 17 4 18 1 18 5 11 26 30 19 22 30 10 13 12 0 16 4 3 5 18 22 5 18 5 30 3 28 17 4 18 16 15
8 20 21 20 14 20 14 5 12 4 7 2 25 9 29 18 5 18 29 18 5 30 1 19 20 4 24 17 1 18 22 6 28 30 17 26 1 19 10 10 7 29 30 18 25 25 7 2 11 7 7 4 7 28 9 26 27 23 11 30 24 9 12 19 20 17 21 3 18 27 26 5 16 7 0 18 29 1 1 11 25
12 23 28 21 0 16 17 6 11 17 18 4 8 23 5 1 27 13 5 5 9 21 18 11 27 6 22 15 8 4 16 8 21 22 22 6 13 25 3 6 30 3 10 1 28 1 23 27 19 0 20 27 0 0 24 22 20 11 12 2 20 2 21 10 17 27 13 4 29 7 21 19 18 6 11 17 10 29 12 0 11
30 6 0 30 27 8 21 4 3 28 21 1 0 18 29 29 20 5 13 21 9 12 0 2 30 2 7 4 2 16 27 5 26 12 28 16 26 11 3 30 1 25 6 10 8 30 6 29 27 6 12 1 21 1 12 19 11 22 8 1 2 22 8 12 11 25 0 16 13 28 10 23 8 21 25 13 17 24 28 22 26
17 9 2 16 1 25 2 16 19 9 9 4 5 20 23 16 7 22 25 15 27 19 8 7 29 10 9 9 13 8 16 2 24 25 5 3 7 13 22 12 5 13 30 3 2 21 8 3 18 23 25 10 6 12 17 23 2 3 2 5 18 27 9 12 22 11 21 17 15 17 18 30 4 18 19 22 5 18 27 0 9
15 13 10 9 6 4 20 25 19 23 29 7 26 4 15 10 1 6 21 4 12 19 25 19 21 9 23 24 30 5 1 11 11 24 9 24 7 24 9 8 16 16 24 26 28 1 28 8 10 21 7 22 14 11 16 26 5 25 27 14 9 11 0 27 25 22 26 23 23 21 22 26 27 2 17 25 30 13 23 25 15
22 24 10 28 17 6 21 15 30 27 15 10 23 0 6 15 23 20 19 29 26 23 18 9 12 19 17 27 27 11 21 6 17 12 16 24 19 16 28 30 27 3 5 6 21 17 15 16 28 9 30 18 14 25 7 19 3 2 4 19 20 22 7 27 8 0 12 13 3 16 4 5 28 5 5 22 20 5 22 8 26
6 6 22 0 30 8 6 1 27 25 1 25 28 29 23 4 8 1 4 13 2 26 8 9 20 15 6 9 9 12 4 8 6 6 17 13 16 0 11 0 26 18 19 18 27 5 23 25 23 13 24 22 10 29 9 25 9 0 16 6 18 17 5 23 4 25 18 8 26 29 24 16 2 19 11 22 8 20 19 13 15
5 16 25 9 9 3 20 16 13 21 4 13 24 5 18 17 30 15 0 18 5 27 25 9 3 16 23 11 17 22 6 8 3 10 11 12 16 28 11 4 0 20 6 13 17 13 0 15 6 29 30 25 25 18 11 28 29 16 10 9 7 19 6 30 22 3 7 21 6 24 13 16 8 16 16 12 29 17 27 12 24
25 15 27 0 23 6 13 5 25 17 0 22 22 16 26 3 10 0 13 12 20 17 5 23 3 27 27 21 21 24 2 20 19 28 17 23 13 22 18 25 12 13 19 10 20 22 3 5 9 17 2 23 14 22 3 4 8 14 19 5 26 2 23 9 29 8 15 10 18 3 27 0 15 16 12 21 8 1 22 0 11
27 24 4 30 5 21 16 13 27 23 0 13 20 24 19 18 29 5 29 23 12 23 24 29 8 27 26 21 16 25 28 16 20 2 19 11 8 4 11 9 20 30 15 30 21 8 22 30 21 8 6 11 23 13 17 9 30 27 1 4 17 7 25 28 1 12 0 5 1 23 21 6 27 20 25 24 19 6 26 15 1
7 20 3 12 11 14 29 16 20 9 23 22 14 17 12 27 13 26 22 17 8 3 19 3 9 27 15 22 19 18 7 14 14 6 4 21 26 16 17 13 12 9 3 16 25 3 1 2 2 22 5 6 5 3 12 15 10 13 12 6 24 14 5 9 19 27 6 25 18 13 11 11 14 14 26 7 9 11 19 8 6
10 15 19 27 6 28 25 26 22 16 25 26 14 18 10 17 30 1 25 8 13 22 7 17 8 12 9 16 25 7 6 26 1 20 24 7 14 12 28 7 15 25 9 25 13 12 30 19 22 1 9 23 30 21 25 1 30 15 24 18 13 3 9 14 4 30 20 17 25 25 15 16 13 2 16 16 13 5 3 4 19
22 29 14 19 17 16 1 24 21 20 7 9 24 13 18 4 3 24 30 30 25 16 11 25 8 1 5 2 7 10 2 28 26 9 27 13 0 28 8 15 0 1 3 17 29 27 26 6 6 0 25 21 24 20 11 18 9 17 3 13 29 9 17 13 13 5 2 5 20 23 25 23 0 24 18 1 0 6 28 22 1
1 20 4 27 8 22 2 14 25 0 13 8 9 23 9 0 7 0 9 18 12 13 22 26 13 20 3 17 12 29 22 1 7 17 5 2 26 8 30 18 14 23 7 13 20 14 16 25 4 27 21 13 2 12 10 29 18 27 0 6 5 26 6 17 9 12 21 23 10 19 22 15 20 22 24 13 8 7 3 14 24
22 5 15 13 12 23 28 9 30 2 15 3 8 1 23 19 30 30 10 11 21 14 12 1 30 5 18 2 28 7 19 19 16 3 16 10 16 7 25 30 14 6 21 4 29 15 21 11 20 26 2 23 9 14 25 14 27 18 26 21 5 29 12 21 20 17 27 15 8 9 26 17 27 25 28 24 0 30 9 28 21
24 2 22 18 26 18 22 1 4 1 7 10 6 10 19 30 27 25 25 17 25 5 19 18 28 28 6 10 30 24 23 16 20 18 28 24 5 18 21 14 24 24 3 9 6 22 1 19 25 24 30 14 15 15 11 22 20 17 3 6 7 22 3 20 27 21 3 16 1 21 8 5 5 30 9 2 30 9 30 17 16
14 24 23 28 29 14 23 10 7 19 5 0 27 19 3 25 21 3 0 28 2 30 14 2 21 4 21 8 29 10 3 18 28 29 27 6 17 21 13 10 3 1 23 1 5 14 24 13 21 5 3 10 11 9 3 26 3 2 14 4 15 21 22 17 6 2 12 20 3 26 21 1 2 15 5 21 17 2 21 9 19
4 8 11 3 20 6 17 23 7 28 5 20 13 23 17 23 22 17 14 4 3 8 3 8 15 8 16 15 25 0 8 16 5 3 30 2 8 6 3 25 3 26 21 16 27 3 23 24 24 4 16 12 7 24 27 29 18 3 22 4 9 16 30 1 7 8 27 26 17 29 17 28 25 13 28 19 24 21 6 2 12
25 17 6 28 6 2 7 1 19 5 19 27 11 24 0 22 26 5 14 16 8 3 24 8 13 11 14 15 1 4 28 5 0 19 25 4 26 27 4 30 5 18 9 16 20 7 6 28 3 7 22 4 12 4 15 11 0 7 14 23 4 7 26 3 9 17 23 4 23 16 26 5 21 7 17 7 19 4 7 4 10
18 24 20 13 4 11 30 20 16 12 12 29 14 10 16 15 20 8 25 0 26 18 16 26 7 29 17 5 17 2 0 3 14 9 28 23 21 16 17 18 1 12 18 9 16 6 24 9 15 4 30 25 26 8 12 16 4 3 11 26 28 18 22 4 8 13 26 11 8 27 24 25 4 10 6 16 24 10 12 23 3
7 25 16 7 6 12 27 26 8 13 17 22 7 15 25 18 10 10 16 27 1 20 10 17 24 7 14 1 20 3 19 4 23 5 30 3 25 16 19 28 4 18 25 19 4 8 19 8 4 25 20 25 3 6 21 9 3 22 3 18 14 3 8 3 14 16 27 3 16 0 4 24 28 14 2 3 10 2 2 25 13
5 27 23 2 15 19 24 10 24 9 14 6 2 4 24 14 24 17 2 28 17 17 3 30 1 21 6 9 24 30 16 29 12 7 21 6 1 22 20 3 22 21 22 30 11 2 15 5 13 17 18 16 17 12 22 10 21 2 22 18 15 22 7 22 30 27 4 16 25 21 3 4 19 22 6 12 6 15 3 22 16
26 6 2 7 5 14 3 27 21 22 29 1 19 10 18 24 15 16 18 6 29 13 28 5 0 6 23 6 15 11 7 25 14 24 15 21 1 8 22 22 9 27 15 11 28 26 15 9 18 14 18 14 22 4 2 11 11 3 6 13 26 8 18 7 24 28 23 28 29 2 24 21 10 10 14 28 8 5 14 23 25
0 13 16 26 12 13 13 12 4 17 3 0 5 25 12 3 7 0 4 3 15 26 22 10 3 27 13 26 11 6 26 10 10 16 7 1 30 26 29 15 29 22 5 11 18 10 5 23 1 18 18 28 26 15 25 8 15 13 21 8 10 16 27 2 15 30 14 0 4 17 28 0 30 8 22 9 10 19 8 1 1
16 7 21 16 30 29 12 23 3 24 10 4 6 16 3 3 4 18 30 23 25 4 3 27 30 27 4 13 22 25 23 16 4 16 12 17 28 25 9 17 2 15 0 28 2 28 20 6 7 15 20 1 7 8 18 24 26 5 26 4 24 0 28 10 26 18 7 29 0 9 7 21 27 14 11 1 21 3 18 22 27
16 29 5 4 29 22 8 25 23 7 19 29 23 8 7 2 13 14 14 16 8 27 3 10 30 27 1 4 26 29 24 13 29 28 17 8 0 4 26 17 23 13 6 15 20 4 23 23 3 19 21 8 9 17 23 20 30 12 24 0 24 7 11 18 19 20 24 21 18 21 20 10 1 14 3 20 19 7 17 29 18
20 24 16 30 27 27 14 29 23 26 10 24 22 20 30 28 18 2 17 20 19 25 5 13 9 7 15 20 11 0 21 18 10 1 8 14 0 15 30 26 1 20 0 4 15 17 7 7 26 0 16 18 22 6 13 18 17 23 5 22 19 20 19 3 8 0 3 4 0 21 21 18 3 23 30 1 28 13 18 23 0
29 23 29 20 2 18 15 24 7 5 30 27 18 25 29 2 16 2 0 5 7 16 25 16 18 9 7 13 28 6 14 5 14 7 25 6 7 3 19 5 24 5 12 28 3 29 30 29 29 19 26 25 28 15 15 29 4 7 30 25 27 10 19 27 17 11 26 9 19 28 8 0 11 21 7 24 27 30 6 19 25
30 25 18 5 30 6 2 11 0 10 16 18 23 16 7 28 6 21 14 9 27 5 19 30 17 30 16 12 26 8 18 0 23 8 12 11 7 1 6 0 13 14 10 14 18 24 6 20 29 6 15 11 17 23 4 29 25 12 0 4 12 28 14 28 5 9 29 20 26 2 6 11 4 14 27 24 7 11 12 11 30
26 5 11 26 27 25 1 13 17 23 5 29 9 7 16 9 15 20 2 6 7 17 2 13 17 10 4 16 26 15 15 13 8 18 18 27 21 6 2 29 18 12 22 28 12 14 21 26 30 14 14 23 1 15 2 9 9 4 19 20 7 17 23 22 30 28 14 20 20 5 13 24 29 29 15 4 12 24 3 5 29
25 16 5 5 8 17 5 18 4 27 14 19 4 29 27 25 26 14 12 27 29 19 5 25 22 8 20 3 16 4 17 14 9 20 8 12 6 6 7 6 9 27 4 30 9 19 13 1 28 19 3 30 20 2 30 22 2 30 19 20 21 0 19 19 4 15 0 21 30 1 2 12 30 12 23 25 29 15 17 7 5
5 9 18 30 0 26 22 4 23 6 2 6 12 15 9 18 7 25 0 3 11 24 27 10 26 13 25 28 11 22 23 27 16 27 28 9 7 17 20 19 4 1 26 24 18 21 5 30 8 6 5 0 30 1 27 25 29 17 23 5 6 16 5 24 9 16 23 8 29 3 15 10 28 15 1 28 1 30 23 22 1
10 14 21 28 12 17 15 6 27 15 22 24 4 17 2 11 15 12 6 7 9 4 10 13 16 22 20 30 8 30 13 13 26 30 8 28 25 20 18 3 11 10 30 7 15 12 9 27 8 19 9 25 27 9 20 28 26 28 30 15 22 11 22 21 15 27 20 12 28 26 27 7 5 26 24 6 2 13 24 26 17
0 12 12 27 10 17 1 24 29 5 25 16 13 25 22 24 21 19 28 22 4 23 26 3 29 7 9 8 6 12 5 14 10 20 22 26 20 8 8 15 9 2 8 4 18 3 19 28 14 7 2 13 8 29 3 29 1 3 21 1 28 6 10 1 15 8 8 14 4 6 28 9 2 2 16 0 8 14 22 26 27
21 29 5 8 2 15 27 12 23 26 16 11 18 10 18 18 3 6 6 14 11 12 10 16 17 14 27 16 11 22 14 26 22 12 8 28 17 5 20 0 2 23 24 29 10 0 27 11 29 0 7 13 4 13 26 22 28 9 21 22 22 24 18 2 11 23 27 7 29 22 19 17 1 11 29 27 26 16 29 23 15
17 15 4 12 11 22 26 27 6 14 3 1 13 16 1 28 13 3 17 30 3 0 30 6 29 0 20 12 10 15 23 23 9 16 7 3 12 19 3 9 14 22 21 14 23 23 3 23 17 22 29 25 9 1 15 29 22 3 0 16 20 20 11 22 10 20 0 2 8 27 30 17 16 29 7 19 9 9 0 9 21
17 7 27 30 4 9 28 0 12 7 27 24 24 9 11 1 26 27 16 14 16 24 13 21 11 16 15 14 14 23 7 15 28 3 28 9 23 22 28 17 5 26 30 28 29 15 13 18 28 4 22 15 11 8 30 20 15 28 30 5 26 19 23 24 10 5 12 0 4 9 23 4 15 29 8 20 5 13 24 29 11
10 28 5 4 6 12 15 25 13 5 3 5 9 30 13 15 13 11 13 26 15 20 5 0 19 20 20 4 14 25 0 20 5 28 15 19 13 26 11 13 24 20 10 18 23 27 21 1 1 7 15 0 13 14 2 1 26 0 13 25 19 20 4 28 11 17 24 16 1 27 30 29 8 2 28 13 27 13 29 12 19
12 1 17 10 15 26 13 8 13 28 7 0 26 11 6 21 13 26 29 30 24 10 11 0 18 30 27 28 9 6 24 15 28 0 27 25 15 28 23 4 26 23 2 14 27 5 6 26 1 8 25 0 12 25 4 3 1 4 1 4 12 0 28 4 2 1 18 4 29 25 23 5 9 19 22 5 26 8 13 23 7
28 7 24 4 20 20 30 10 17 23 29 25 22 1 26 10 28 28 3 30 29 29 8 17 13 29 7 24 7 4 17 17 26 24 7 11 24 9 30 14 20 12 17 26 23 8 24 28 18 0 28 11 11 23 5 12 13 28 12 1 26 13 7 1 20 24 0 23 2 22 15 16 10 12 4 30 10 24 8 23 1
20 18 10 0 27 4 30 16 12 15 17 24 4 10 25 19 11 5 1 8 7 8 17 3 16 5 23 11 10 6 28 29 20 10 7 7 23 7 15 10 29 6 1 30 27 0 27 30 1 7 4 3 0 0 8 1 0 21 20 0 17 21 13 18 4 10 15 17 27 27 9 19 13 9 5 10 30 8 3 5 6
19 21 6 5 23 26 9 26 9 27 6 22 8 4 11 7 0 26 1 23 3 15 17 22 15 7 25 30 22 28 30 10 22 7 6 21 11 22 2 0 15 23 24 6 11 16 14 15 27 3 15 23 2 16 15 3 12 5 22 4 15 28 19 14 13 12 3 10 5 9 5 15 17 12 17 7 22 20 13 28 6
4 25 6 3 2 29 9 16 6 23 1 2 18 26 19 3 8 20 22 3 11 3 11 20 6 16 9 20 2 26 13 29 5 9 21 22 19 4 29 4 19 1 2 17 12 28 1 23 16 29 4 20 0 12 14 16 30 13 28 24 23 20 21 13 9 26 12 29 8 3 15 18 15 19 20 30 27 12 25 10 5
21 3 9 22 11 13 10 4 26 7 26 13 0 3 24 10 19 21 30 18 9 26 13 9 3 19 21 4 20 13 27 20 21 9 17 24 27 18 23 30 9 29 25 23 28 29 4 22 21 9 23 0 11 17 1 11 0 13 1 22 0 19 20 27 26 19 16 18 15 4 29 29 15 5 22 22 7 8 24 11 18
7 14 4 8 12 26 8 16 21 4 11 9 8 5 11 26 15 17 22 27 6 2 1 29 12 13 22 19 18 7 17 29 8 20 28 8 12 18 16 4 14 25 10 19 26 28 10 22 5 23 13 12 30 4 3 18 2 22 25 12 24 25 24 10 10 23 15 11 17 17 6 10 12 9 1 18 17 3 21 7 30
9 1 25 24 8 26 19 6 13 1 13 5 16 21 2 12 6 11 21 7 12 30 3 9 22 9 7 18 26 29 29 19 10 3 19 5 17 29 14 29 17 18 12 13 2 27 4 1 13 1 8 5 16 8 21 2 13 12 29 4 10 1 4 22 30 23 10 18 12 7 9 26 27 0 8 6 1 28 11 5 6
22 23 26 13 9 5 15 20 18 3 27 25 20 16 23 1 15 18 5 11 5 10 30 24 16 14 22 23 19 4 10 11 26 2 0 5 30 6 23 1 24 21 2 21 11 26 11 23 21 19 26 14 16 14 8 1 2 2 24 23 17 5 3 27 11 17 15 26 4 2 2 1 4 13 15 30 30 1 2 19 13
29 14 18 0 27 16 2 25 7 7 1 19 25 15 27 26 24 22 24 30 25 12 1 27 28 9 6 11 26 11 25 3 29 5 4 5 0 1 7 11 17 6 6 25 24 15 2 14 18 13 15 2 26 23 28 30 6 8 22 9 7 29 2 2 30 22 22 10 6 12 0 22 21 28 25 5 17 12 2 8 28
12 27 8 13 21 11 24 16 17 19 24 23 12 8 25 2 6 17 22 28 3 1 2 15 20 11 8 5 4 27 7 4 24 2 10 6 21 6 30 17 2 8 0 28 21 14 7 17 7 26 21 15 18 0 10 26 27 4 11 29 14 18 6 22 1 18 3 16 15 24 16 12 1 3 8 5 20 19 0 9 25
12 16 28 22 9 25 6 9 20 29 24 28 3 18 19 21 30 0 1 7 16 14 15 26 2 25 11 5 16 1 25 9 29 27 25 16 12 29 25 24 13 27 20 1 18 10 12 4 15 17 30 8 6 1 29 1 16 1 23 19 0 20 16 3 20 24 4 21 19 3 15 8 2 26 11 13 26 20 7 19 2
28 25 20 20 2 11 9 25 0 7 2 19 3 5 5 14 12 18 8 5 12 4 12 15 5 21 12 21 2 26 6 24 3 4 8 18 9 27 7 20 2 15 30 2 14 1 30 18 25 13 29 21 20 8 14 27 2 0 17 27 25 14 25 2 30 21 8 0 29 24 9 20 3 30 19 0 29 4 11 17 15
11 19 22 15 18 1 12 15 11 19 12 12 17 12 16 25 28 17 7 11 19 5 29 29 25 22 0 28 1 1 23 4 4 21 18 10 14 18 8 9 26 13 5 6 29 8 20 29 14 17 3 6 8 29 27 21 0 24 28 0 9 18 27 1 28 9 14 19 14 28 27 29 15 15 27 9 29 19 19 12 21
1 17 6 13 20 23 7 28 18 17 1 23 30 12 17 28 27 30 4 10 12 15 19 6 6 13 9 24 1 12 5 17 22 27 30 14 19 27 14 18 2 10 26 20 21 19 10 9 15 9 11 13 30 0 21 6 29 3 13 13 25 22 15 30 4 13 14 24 18 26 25 1 26 19 26 29 10 6 16 6 6
4 22 13 24 26 12 9 12 6 8 18 23 26 3 15 26 23 26 4 23 25 23 0 7 19 13 18 11 20 19 17 21 19 4 8 28 23 23 18 21 6 7 9 17 28 27 14 27 4 14 16 20 7 15 4 12 20 28 7 5 26 14 29 18 6 6 11 10 10 13 17 9 17 18 25 11 24 12 19 22 4
5 6 9 16 10 19 21 2 24 19 15 30 29 18 29 29 15 4 14 29 24 3 22 28 2 11 22 5 24 11 18 23 29 30 6 28 25 7 12 12 21 13 9 25 12 28 26 15 12 10 2 21 13 30 25 28 7 30 12 0 21 4 25 26 29 8 17 9 30 19 14 19 27 17 12 16 29 10 20 18 7
14 5 6 5 29 25 8 11 25 2 5 13 20 0 8 16 12 22 24 24 25 5 20 9 14 28 14 8 16 25 18 27 25 3 28 8 27 17 5 6 0 22 27 28 22 25 17 11 17 4 4 18 26 20 24 24 6 30 2 14 17 20 16 24 3 19 7 10 0 29 16 7 2 16 6 14 9 29 2 30 9
21 21 11 17 6 22 12 17 21 23 18 2 9 3 8 19 18 22 10 27 4 30 9 28 7 11 19 11 23 19 2 19 5 30 23 1 10 12 25 24 5 28 10 28 13 12 18 8 12 8 5 17 28 4 2 12 24 11 12 18 15 20 5 11 19 28 2 19 19 9 18 2 0 21 6 20 13 20 25 20 28
3 3 23 15 2 20 17 2 8 15 19 2 27 24 5 9 5 28 11 17 12 11 0 3 20 10 16 16 4 19 30 0 24 23 1 19 12 13 25 12 12 18 25 0 0 30 25 6 0 11 11 19 22 28 0 2 7 1 27 6 15 22 23 29 8 2 5 26 2 6 0 11 19 24 25 10 4 17 14 20 3
20 11 2 20 24 2 0 17 6 23 8 29 20 13 15 4 5 27 24 1 0 29 22 8 26 24 12 3 25 18 30 17 5 11 25 20 17 8 26 12 25 8 23 0 12 0 9 12 30 27 30 20 18 22 3 10 1 17 11 10 23 9 5 0 14 29 2 18 24 8 21 9 24 27 22 8 11 5 12 15 20
30 12 28 28 2 12 0 0 28 0 23 1 26 8 23 22 12 18 28 24 18 25 16 4 27 18 14 8 29 13 20 22 20 8 5 12 30 22 5 10 27 18 2 14 24 26 5 24 27 29 16 0 30 17 2 27 29 6 23 20 27 13 21 28 17 11 7 21 14 11 29 25 19 4 13 11 9 8 3 9 29
11 21 24 7 14 13 29 18 5 3 2 0 4 11 26 1 10 16 18 20 9 13 23 27 8 20 5 24 10 23 21 14 4 13 11 22 12 3 15 17 9 16 28 4 29 28 11 18 5 1 8 14 14 1 14 28 12 14 19 16 29 3 8 5 5 26 21 29 2 15 11 26 1 10 17 20 9 19 14 28 23
27 9 25 21 15 6 18 10 25 24 5 0 7 22 22 9 27 6 8 27 10 4 5 2 26 29 25 0 20 9 18 22 11 7 14 5 27 30 18 19 4 0 12 6 18 28 28 17 13 22 16 3 5 1 12 22 9 6 16 16 14 26 4 16 10 1 23 9 9 29 2 24 1 7 18 10 0 25 10 3 8
0 30 16 20 30 6 15 25 1 29 23 9 30 5 29 2 10 27 21 8 12 9 22 30 24 0 20 1 27 19 23 5 25 2 17 1 22 0 12 0 11 7 11 25 23 15 16 22 22 19 2 1 19 20 9 13 6 16 12 6 28 15 5 16 0 28 17 15 23 11 10 0 0 24 12 24 6 2 24 19 4
0 0 27 16 10 18 19 13 29 28 30 8 15 8 16 13 27 24 14 21 26 6 27 18 22 8 19 6 14 22 26 18 5 20 4 26 9 22 21 26 6 22 14 12 26 7 16 3 10 22 28 30 20 17 18 11 29 30 25 13 26 24 26 6 9 13 10 28 24 29 17 6 2 24 4 17 14 10 27 21 23
14 2 19 12 3 4 18 29 7 9 22 6 2 12 17 22 14 28 2 6 10 13 8 11 21 0 29 24 23 4 8 24 18 14 11 14 16 2 15 23 14 7 29 16 23 13 29 16 23 18 22 22 19 25 5 30 6 7 2 8 16 21 22 24 8 5 3 1 24 14 8 7 12 29 20 18 3 8 17 5 2
15 18 6 0 29 15 9 5 17 26 28 14 20 21 4 23 20 24 22 28 14 3 16 28 25 17 17 3 13 14 29 23 13 25 3 25 27 1 16 5 10 0 10 8 6 5 5 9 12 5 7 9 14 18 8 20 28 30 6 12 3 19 2 14 18 25 10 8 23 27 20 22 26 15 4 2 5 6 4 23 9
2 9 21 25 22 1 30 12 18 3 17 15 2 2 17 11 13 27 5 8 27 12 22 25 2 5 24 4 22 22 25 1 19 30 22 5 22 22 11 1 0 26 26 23 0 5 25 12 24 28 14 23 13 0 6 29 26 4 27 28 30 11 10 23 19 4 0 30 1 6 30 15 23 12 2 16 20 24 19 17 22
5 19 15 30 17 29 20 18 24 1 9 28 21 12 8 28 23 1 4 4 4 17 29 21 9 16 23 25 15 18 1 11 22 30 16 4 5 11 28 7 19 8 22 17 17 8 3 30 24 20 5 13 28 2 16 25 10 10 30 9 21 24 25 25 30 17 7 8 14 28 8 23 0 14 28 16 26 22 30 24 6
28 4 6 27 15 7 22 7 29 26 12 3 17 15 30 7 10 14 8 1 29 10 10 15 10 22 2 21 23 15 12 22 23 14 6 10 12 2 18 17 17 12 9 5 18 6 12 1 29 12 1 8 29 20 2 19 21 6 5 9 15 0 25 11 20 29 8 12 16 6 15 27 27 4 18 27 3 11 20 17 0
11 25 27 24 13 10 21 24 7 7 26 8 24 13 10 11 27 16 23 22 2 21 16 3 2 4 26 16 30 20 20 13 23 6 29 27 29 29 4 13 17 8 18 18 17 18 22 23 11 15 6 24 15 27 15 22 2 23 29 13 28 30 2 16 28 21 11 20 27 30 7 0 21 15 18 27 17 26 3 6 14
27 26 16 1 15 30 25 21 19 7 20 25 30 20 3 25 14 17 25 29 22 23 15 26 15 10 28 25 10 8 6 14 1 28 2 1 13 4 25 6 21 27 2 17 3 9 12 12 25 0 3 27 24 19 15 29 28 30 27 13 5 24 8 22 17 22 5 16 23 16 8 5 19 12 8 5 7 25 18 14 24
5 6 4 5 11 8 2 0 23 9 3 0 19 7 3 15 8 23 15 23 20 17 24 3 11 6 17 26 14 25 23 20 14 6 4 18 8 25 14 29 15 6 21 8 23 10 20 26 8 5 13 18 20 28 30 8 20 0 29 2 7 29 26 19 26 0 3 23 15 18 20 0 15 19 29 8 29 20 24 4 25
3 9 15 5 27 10 0 16 7 6 25 0 26 9 26 26 14 2 20 7 7 24 22 25 0 13 18 20 9 10 17 10 8 16 6 8 10 29 17 12 28 15 11 28 18 8 26 0 23 12 1 3 16 12 22 13 18 16 8 20 3 12 10 0 24 0 20 29 24 21 29 20 30 19 28 18 1 27 24 28 24
20 6 11 2 26 20 21 11 17 12 4 4 17 0 1 30 20 4 21 6 26 5 9 10 28 10 27 27 4 0 15 15 6 20 16 6 26 18 5 30 20 5 16 2 16 5 11 26 24 2 12 4 18 10 15 3 6 23 16 14 17 1 28 28 8 18 11 16 19 29 14 18 23 7 2 22 16 19 1 13 29
