84 84
15 19 1 23 17 3 14 10 14 1 3 11 29 2 1 15 2 29 19 16 8 12 5 25 2 2 25 3 22 7 29 29 12 13 10 18 7 30 15 18 15 23 0 14 8 23 18 18 9 7 17 10 18 29 1 2 30 22 16 8 15 8 8 28 12 11 12 11 25 27 1 7 7 16 12 7 15 18 13 1 13 21 15 16
16 2 29 6 5 6 16 4 0 27 14 19 2 4 11 27 30 9 23 11 2 24 10 12 2 5 16 3 13 22 16 3 19 1 14 4 25 13 11 4 21 9 26 18 15 20 22 15 16 28 11 2 1 20 22 15 24 6 14 30 21 2 22 4 20 0 9 13 19 22 16 11 20 4 16 25 24 24 28 6 8 5 4 10
26 15 10 25 28 0 2 12 19 0 19 15 26 16 9 21 6 22 29 6 5 4 17 12 7 4 15 0 26 1 4 12 10 13 24 7 17 21 8 10 11 13 2 13 0 11 25 30 24 20 25 2 27 17 12 3 3 10 27 4 15 1 2 18 20 12 5 8 23 1 11 13 29 0 9 24 1 0 0 18 14 28 18 25
30 23 17 15 14 11 11 1 21 30 17 13 3 14 17 16 1 30 27 21 15 9 29 5 19 12 24 21 23 5 2 1 0 2 0 4 2 11 10 17 4 7 1 11 30 25 5 22 26 18 15 29 27 7 5 9 30 25 29 20 24 5 13 26 14 1 24 5 17 21 27 18 4 21 12 8 12 27 27 14 5 19 1 0
27 30 28 15 25 25 12 23 24 16 10 20 22 29 1 7 16 2 7 25 13 16 6 28 21 18 28 11 24 17 10 16 6 12 13 30 27 12 7 10 24 8 3 17 10 30 1 6 25 8 2 1 21 28 5 23 29 24 22 22 27 12 15 27 6 4 23 13 20 7 30 5 6 19 22 29 18 26 1 8 14 23 11 30
8 16 15 6 15 6 17 13 2 15 25 16 17 22 29 3 17 22 26 25 14 25 19 15 30 29 2 16 24 8 2 20 17 8 6 15 4 10 26 6 12 16 13 7 8 13 18 11 25 11 25 14 22 16 11 30 6 29 19 30 8 7 23 8 3 1 25 11 19 11 13 25 29 15 18 1 13 11 6 13 26 26 5 9
25 18 10 30 29 5 6 23 12 0 8 17 3 0 12 3 4 22 10 30 11 8 29 20 30 26 16 23 2 24 13 8 1 0 20 0 17 1 7 11 25 25 0 22 30 9 20 14 3 6 16 2 30 0 24 22 11 1 29 5 14 21 0 8 25 25 20 2 19 26 1 2 15 24 24 21 13 6 19 2 9 3 28 7
24 18 23 3 29 11 0 29 17 8 29 8 14 1 15 23 27 0 17 23 19 3 9 30 30 15 19 7 29 18 19 2 5 26 11 19 3 16 29 0 25 30 14 7 24 25 15 0 5 29 11 15 25 6 0 0 26 5 20 22 28 8 8 9 24 18 20 1 30 1 28 13 5 4 5 16 5 11 30 0 24 28 16 22
16 17 17 8 29 11 28 11 4 21 12 7 6 17 13 8 3 28 24 2 6 1 0 27 25 29 27 10 8 4 16 20 1 13 8 5 21 24 16 2 25 9 0 7 5 30 7 7 18 9 6 22 7 1 30 3 12 23 21 18 30 24 5 1 15 15 29 13 22 22 8 5 10 25 13 11 5 11 14 17 2 2 30 0
28 10 8 29 5 4 11 23 23 16 9 9 15 30 10 26 11 7 17 0 24 4 0 8 20 15 13 14 10 20 28 28 5 4 25 18 28 2 12 1 17 28 0 27 29 22 15 30 7 16 19 7 0 18 20 2 21 16 15 22 7 15 9 20 18 25 9 9 8 19 13 5 16 10 9 22 3 4 20 12 19 10 16 11
10 17 3 29 15 0 7 25 7 4 6 7 4 19 0 26 29 24 16 20 14 26 3 9 8 17 1 25 25 30 28 20 17 12 28 6 17 18 21 24 27 16 19 15 25 8 29 25 26 2 28 9 12 22 11 14 26 19 12 16 12 21 10 16 18 25 8 16 17 9 21 23 16 9 28 19 23 24 25 27 27 1 15 22
23 22 5 7 5 18 10 11 9 20 11 8 13 3 29 0 13 21 17 5 10 4 0 27 14 5 25 6 6 0 13 8 21 29 9 26 20 5 6 11 29 0 18 22 21 1 12 6 2 27 30 1 5 7 0 7 26 3 20 30 18 24 12 25 8 8 13 16 3 17 11 22 6 3 18 12 8 9 4 28 26 19 11 27
17 17 30 23 1 29 11 26 20 18 11 5 15 13 13 21 12 4 30 8 26 27 28 29 18 18 21 28 25 8 18 19 19 24 13 4 16 0 12 2 6 5 17 3 0 4 3 1 28 15 13 16 15 11 19 15 18 11 2 3 1 22 9 8 10 24 28 11 14 9 16 11 3 15 2 29 23 14 4 9 27 4 24 0
13 5 6 7 23 20 18 21 7 11 24 3 21 4 17 17 24 24 10 12 21 1 3 14 16 30 4 23 1 29 17 18 30 23 11 4 5 6 13 8 4 21 5 8 2 3 27 8 11 0 15 23 6 11 7 28 29 15 0 24 21 12 8 17 19 7 2 14 18 9 10 18 19 9 10 27 3 9 8 22 21 5 21 8
14 8 0 22 21 8 14 26 5 8 1 15 9 3 25 15 17 30 9 30 15 23 8 13 1 28 28 27 28 24 25 30 29 27 27 13 7 10 3 23 27 30 22 25 7 8 13 18 4 8 19 14 0 27 16 7 29 10 1 8 24 24 18 0 4 17 27 28 29 11 12 16 1 22 2 6 28 3 17 2 8 18 7 16
24 2 21 4 14 26 20 15 8 6 17 29 15 8 29 8 29 9 25 9 7 22 18 6 10 10 14 24 17 4 5 26 1 24 2 10 23 30 14 22 23 27 13 19 8 30 28 28 26 28 21 24 5 8 5 25 21 8 26 24 18 17 2 22 10 10 15 18 3 10 8 22 7 6 19 26 8 11 5 12 10 29 11 26
24 21 23 21 16 30 13 20 3 4 20 18 2 7 28 4 13 14 13 6 2 17 11 15 1 30 26 11 22 24 10 10 22 2 12 10 21 19 24 13 22 17 5 25 19 2 9 15 8 18 27 24 18 22 26 0 1 9 17 5 7 7 10 0 3 8 15 8 9 29 5 20 16 25 25 2 3 1 14 6 17 4 22 15
23 14 27 22 14 22 7 9 21 1 27 2 19 2 30 15 19 15 3 18 12 18 28 1 10 23 22 10 27 19 23 14 0 15 0 9 9 11 15 20 29 16 13 19 30 26 7 3 17 20 5 5 11 8 17 5 28 5 25 9 6 25 6 15 22 30 12 25 9 17 13 13 11 25 23 29 18 19 12 27 0 12 21 0
3 30 8 3 12 16 2 1 24 27 27 23 17 27 4 14 28 27 14 26 12 10 11 7 14 25 19 20 24 17 0 17 9 9 11 2 11 17 24 7 12 22 22 10 8 28 0 6 7 3 14 5 5 1 5 25 4 28 1 20 30 9 16 5 26 10 17 0 10 24 6 28 22 15 0 24 11 19 17 10 12 27 4 27
12 22 18 20 3 25 5 8 12 3 18 23 30 11 16 9 7 18 1 26 10 25 3 3 20 6 0 15 17 15 17 7 10 30 17 3 11 0 5 20 25 7 20 0 9 8 24 7 28 3 29 6 15 27 23 9 25 14 24 20 22 8 2 27 8 4 20 12 18 0 24 28 10 29 6 4 11 9 30 28 9 24 23 20
16 14 26 6 7 18 17 1 14 2 7 14 9 7 4 6 12 6 2 25 13 3 11 14 26 17 0 13 2 10 1 16 3 11 2 4 28 24 4 2 28 16 26 23 13 13 29 22 17 27 3 1 19 7 16 11 21 26 15 7 19 30 2 15 13 23 2 0 8 1 22 10 26 20 16 15 29 21 18 6 11 22 14 2
7 6 12 29 25 28 5 18 20 12 22 24 7 10 5 24 14 5 16 20 16 20 13 13 30 30 1 18 19 2 10 28 14 3 15 3 8 15 23 22 18 8 2 20 24 12 14 30 11 25 20 11 5 27 4 19 0 8 2 8 11 24 21 19 23 22 26 26 8 28 1 29 2 0 18 20 21 28 10 27 10 22 0 3
0 22 20 16 14 1 20 12 18 29 7 7 5 24 18 7 20 12 27 19 25 21 20 6 4 5 12 20 18 1 13 6 13 11 30 30 18 28 11 18 10 6 14 23 15 12 13 10 16 9 14 7 7 6 11 27 27 14 24 15 3 18 14 13 7 6 22 9 28 2 5 16 24 12 14 4 10 16 1 27 27 3 16 30
16 8 17 20 0 17 16 6 10 30 14 11 5 2 10 26 26 23 27 19 16 24 28 16 15 29 18 18 24 12 30 20 22 17 10 0 5 8 0 8 15 22 4 6 24 23 8 22 0 29 22 24 0 17 12 18 20 13 3 9 9 9 12 17 27 27 19 6 21 29 25 24 29 22 19 13 11 6 10 11 16 29 22 28
1 20 11 1 8 2 20 6 5 15 29 12 29 23 8 1 18 24 15 23 11 27 7 16 9 30 20 28 19 8 2 0 30 18 25 2 15 29 24 3 6 1 17 26 24 11 27 19 21 29 24 4 20 19 0 8 21 12 0 29 8 7 2 1 4 3 13 14 23 28 26 28 9 16 7 22 3 12 12 30 27 6 25 9
23 2 21 7 4 0 14 25 24 13 25 6 15 16 27 20 5 27 13 6 1 27 16 30 6 24 22 2 23 20 29 3 19 26 17 17 0 3 11 20 20 22 7 0 13 12 10 21 18 30 7 30 12 22 23 7 1 23 3 2 14 8 12 10 30 16 14 21 8 15 23 28 8 4 23 4 12 7 30 21 29 22 23 12
10 14 23 16 27 28 14 25 11 12 28 24 30 29 8 6 4 0 27 12 19 29 12 10 16 26 19 11 22 23 10 5 1 1 16 10 15 12 28 21 3 3 8 19 3 16 0 23 17 24 29 14 7 20 28 8 6 29 19 17 2 2 2 4 22 24 21 19 8 9 21 6 26 17 9 28 11 8 29 14 23 14 18 28
12 15 8 11 13 11 0 15 28 24 21 24 1 12 7 16 4 8 30 9 0 22 10 15 26 10 23 16 7 17 20 24 5 5 3 0 14 19 25 8 15 16 1 27 22 29 14 17 16 15 8 1 16 28 0 0 19 30 8 27 24 5 3 30 11 16 20 7 30 14 0 7 12 2 22 13 13 6 18 3 6 1 16 24
23 13 7 25 12 6 16 21 11 9 3 10 23 3 8 3 16 14 30 27 1 25 22 7 6 8 13 21 21 8 21 16 18 7 18 15 27 23 1 9 7 20 26 5 4 15 19 8 19 11 24 1 4 14 29 25 2 1 15 22 3 16 12 4 7 29 25 18 3 21 24 3 12 30 22 27 17 29 23 12 24 2 10 8
20 21 3 26 7 20 29 30 14 24 1 6 15 29 21 25 27 30 14 14 2 29 1 9 28 15 0 24 27 23 28 29 24 22 7 6 4 0 2 29 11 28 24 17 9 3 9 12 7 9 26 30 0 17 15 18 10 0 4 21 27 5 11 19 20 27 27 22 27 0 12 14 6 16 11 6 23 30 8 0 24 15 17 18
17 6 17 16 26 27 19 28 15 13 27 1 4 12 11 7 21 23 11 22 26 22 1 3 27 19 11 12 12 0 18 16 17 0 21 0 2 10 13 25 4 28 17 18 23 15 21 5 15 18 20 13 28 7 2 22 27 1 29 19 24 15 3 6 2 0 24 0 21 24 18 0 23 11 10 3 30 8 1 15 17 6 27 15
2 7 17 5 18 18 30 6 22 29 9 15 17 0 27 9 20 16 8 2 21 18 18 10 0 22 21 5 27 10 23 15 4 15 20 8 3 29 9 29 29 26 5 9 12 29 24 13 30 29 0 0 22 26 29 13 3 18 7 9 28 10 1 27 10 4 9 11 1 30 28 3 24 28 3 22 4 11 6 10 16 18 4 2
11 5 14 12 4 29 1 30 23 21 12 29 25 27 4 3 6 3 16 0 5 29 9 27 17 18 3 30 10 25 24 10 12 27 8 25 10 13 6 5 20 1 29 11 21 20 27 20 24 17 10 20 26 21 10 9 18 29 23 6 14 29 2 27 23 3 29 20 6 28 8 5 14 15 3 5 12 2 22 2 21 11 23 21
21 16 19 29 11 16 14 1 5 4 2 6 7 29 4 23 13 12 3 15 7 20 26 1 19 4 20 21 27 0 14 12 17 11 14 5 0 14 23 17 18 22 4 8 29 7 4 27 18 15 14 4 28 19 15 20 11 30 1 29 25 20 25 13 23 27 16 17 10 17 18 30 5 29 27 10 24 11 12 6 27 18 3 24
4 4 23 1 21 20 0 9 15 18 9 2 23 0 9 20 15 24 15 4 20 7 3 7 26 12 17 30 20 17 30 14 8 11 6 7 18 20 17 29 2 1 22 27 18 24 12 11 20 11 27 17 20 11 8 13 16 26 12 6 7 23 29 2 11 19 7 18 2 8 12 6 2 25 5 23 14 13 11 8 25 14 27 7
23 30 13 30 6 17 1 11 14 25 19 2 6 14 6 11 16 20 1 1 29 10 14 30 15 19 21 22 25 5 28 26 20 3 23 2 6 13 2 30 26 11 2 30 21 7 9 13 21 0 29 18 17 24 19 3 30 9 27 22 2 29 26 2 25 2 18 18 7 13 29 1 12 10 26 20 8 7 5 22 30 9 10 9
18 11 0 0 13 26 6 20 6 13 18 27 29 11 16 11 3 2 23 7 24 4 2 0 22 3 3 4 15 5 11 6 2 8 22 24 22 21 3 16 16 17 11 23 23 16 3 19 27 29 19 22 16 1 30 4 5 0 29 17 26 11 25 11 0 7 17 3 11 25 10 3 30 30 4 1 14 24 30 6 29 27 7 20
23 16 23 3 4 3 6 10 17 11 11 21 13 4 8 26 12 25 25 12 28 7 7 0 1 19 23 27 15 23 18 21 7 15 20 2 19 14 6 25 29 8 3 11 3 29 8 14 1 14 7 9 5 25 15 14 25 0 15 12 30 3 29 18 17 27 17 25 30 26 14 4 15 20 0 12 15 28 24 19 14 3 26 14
16 26 6 7 17 14 8 14 17 12 2 2 0 8 30 0 14 18 13 9 10 2 23 4 10 13 20 28 3 16 21 30 21 19 18 22 28 8 22 4 24 6 25 3 2 10 14 30 21 29 13 27 24 15 24 2 1 24 12 22 19 9 3 5 16 11 19 14 12 1 7 15 7 13 1 29 25 11 26 17 8 12 14 6
2 1 9 5 16 13 26 25 20 22 13 12 20 15 3 27 5 22 12 13 6 1 11 28 8 19 11 20 29 25 11 1 15 15 10 15 25 11 4 25 9 10 26 21 29 29 20 23 21 26 12 1 1 7 17 17 6 17 20 30 24 22 4 19 23 13 11 21 27 9 8 29 3 18 9 11 16 22 3 13 4 27 6 21
4 19 20 15 11 21 8 1 11 16 3 13 1 0 22 10 9 18 6 19 23 6 30 14 2 2 12 11 17 11 19 15 15 1 20 16 3 2 13 30 24 7 17 30 21 8 10 18 12 24 6 3 8 1 26 5 9 15 11 2 5 27 3 28 12 20 30 30 21 4 3 20 11 4 28 20 20 17 2 17 9 15 9 30
19 20 13 22 5 6 10 24 18 1 7 20 25 25 1 24 4 3 22 23 13 28 3 4 17 25 5 24 6 9 9 20 29 16 1 3 0 17 4 29 25 11 5 29 4 17 15 17 5 13 19 10 9 25 23 11 8 22 3 11 5 16 6 21 29 17 1 5 11 26 14 1 9 29 11 4 15 16 24 11 17 14 23 30
21 19 13 15 12 26 14 3 1 7 26 8 26 30 14 22 8 2 22 29 29 18 11 3 1 28 7 24 17 27 23 11 14 24 8 15 14 7 23 12 10 2 6 9 7 3 26 23 25 26 19 15 27 13 10 7 26 22 27 9 17 0 2 4 21 3 19 15 16 24 18 0 19 11 17 23 14 27 11 27 2 17 1 12
2 26 7 3 9 9 21 6 0 17 10 4 19 21 12 26 25 0 7 8 0 17 19 3 12 0 18 25 9 9 28 6 30 14 9 9 25 10 4 30 20 18 11 7 15 1 15 3 25 4 14 2 26 16 9 23 13 18 3 26 17 18 17 30 15 17 20 6 19 26 7 13 11 27 30 11 0 23 10 16 15 24 25 11
9 24 25 8 11 5 19 16 4 22 10 14 21 14 12 10 10 6 22 2 23 7 12 19 27 12 4 27 19 24 23 16 8 6 19 9 21 0 3 8 16 11 20 9 28 3 4 15 5 8 28 12 4 6 1 10 4 8 28 19 28 13 15 20 14 26 0 7 26 18 25 15 11 23 2 7 2 29 21 29 13 22 29 23
0 8 17 26 4 7 29 18 0 14 26 26 10 22 21 28 16 3 10 21 23 25 18 11 29 10 21 2 30 16 4 21 26 6 8 19 10 9 2 11 28 13 22 27 23 3 10 19 6 21 0 30 3 2 28 10 18 1 0 9 1 18 1 7 19 23 13 18 22 20 8 26 14 17 15 21 9 10 20 3 28 25 11 12
1 9 17 6 3 20 21 25 6 5 5 28 26 14 5 23 26 13 20 8 6 27 16 18 21 10 7 9 8 3 26 25 6 24 6 17 13 3 12 19 18 14 6 23 29 21 30 24 9 22 20 9 14 12 20 20 7 3 28 27 12 25 13 12 16 26 0 1 15 15 21 27 28 27 23 16 23 18 23 22 23 3 24 15
30 30 20 20 19 1 1 16 8 10 12 16 16 10 29 18 30 6 3 20 20 22 24 18 21 5 1 10 26 1 6 5 11 2 24 29 27 12 28 1 25 10 2 19 26 27 1 24 12 0 0 9 13 14 2 21 19 22 6 21 2 8 16 29 22 22 13 4 16 9 14 0 13 5 14 12 23 10 27 29 22 21 27 19
9 11 29 4 8 9 7 25 13 1 17 19 6 13 27 10 25 30 3 22 14 9 10 17 18 3 8 26 21 14 16 4 11 13 5 19 17 24 6 24 30 18 22 21 10 17 29 10 30 0 5 16 10 22 7 30 10 23 1 30 2 9 24 21 26 27 10 13 1 13 0 8 4 12 28 4 24 10 12 7 11 12 29 23
1 10 16 26 30 22 10 20 0 26 30 28 3 12 29 10 30 4 18 19 25 0 22 20 6 28 11 21 16 23 24 29 5 3 26 18 17 22 18 9 9 26 22 20 29 8 1 6 27 24 21 23 12 6 20 26 18 1 8 9 4 8 9 11 28 24 15 9 30 20 16 22 25 16 23 9 6 9 27 6 23 5 11 9
25 14 1 1 25 5 4 30 17 16 22 16 7 7 13 2 21 0 21 6 14 3 6 6 14 29 5 25 9 3 14 22 30 8 0 19 10 17 13 10 26 24 19 0 3 29 24 8 6 17 20 24 22 7 0 1 23 20 18 27 2 14 14 24 5 2 27 15 1 18 2 0 20 21 15 20 10 2 25 13 13 19 27 16
5 2 0 28 1 29 16 9 1 12 19 26 30 3 6 26 1 24 19 8 1 22 5 6 11 9 24 22 7 2 25 27 2 14 3 24 15 1 5 15 13 7 3 25 30 2 7 7 2 23 13 28 19 27 30 18 16 16 15 30 28 16 15 7 29 9 10 29 18 1 17 23 21 10 26 7 16 26 17 8 12 17 15 27
15 21 3 3 30 12 23 10 4 10 24 27 14 23 0 27 11 14 3 29 0 26 10 21 14 7 26 25 28 23 15 17 10 26 8 3 6 11 5 25 23 3 17 4 20 0 2 13 24 23 2 29 24 27 1 25 26 20 0 13 2 17 26 28 2 10 1 10 7 17 15 2 23 15 18 6 17 3 29 4 0 25 6 9
24 2 5 6 17 18 30 27 1 14 26 28 29 11 2 0 7 7 13 7 23 22 24 12 28 25 21 1 28 20 4 1 5 18 1 4 13 25 27 4 17 7 10 28 15 0 30 7 2 7 19 22 19 11 7 7 16 13 4 18 28 12 27 13 21 24 12 21 9 30 13 4 2 11 24 23 17 26 5 22 24 27 27 26
7 22 6 22 10 29 5 13 2 3 7 18 27 23 2 3 24 21 1 24 13 25 1 29 10 5 24 1 0 28 26 16 14 29 9 4 20 27 10 9 14 11 14 23 28 20 6 17 17 21 18 27 1 16 7 3 6 22 0 19 18 27 17 18 5 12 14 7 26 10 23 5 1 3 29 6 23 9 12 18 3 7 11 0
0 7 13 27 1 12 27 5 0 21 19 14 29 6 1 2 29 10 26 2 13 27 11 10 1 11 15 26 4 13 12 21 19 21 1 23 29 17 5 21 21 6 5 8 5 28 1 6 13 12 29 9 19 17 19 5 28 28 22 28 20 18 3 12 7 25 4 11 20 27 2 16 1 11 7 12 8 13 28 19 6 12 10 10
26 6 11 17 30 28 22 1 28 1 15 28 18 18 18 19 19 4 1 28 16 0 9 28 15 23 0 20 17 20 15 14 12 20 9 29 18 7 6 6 17 22 3 25 8 30 4 13 21 3 25 11 8 28 13 12 9 18 19 10 15 17 15 16 4 5 3 15 26 24 17 18 20 15 13 5 23 0 20 27 13 18 21 16
20 13 10 8 12 27 21 6 13 5 17 16 30 25 10 18 21 0 23 3 26 9 27 23 8 11 16 18 4 13 9 15 8 14 18 23 15 24 2 28 17 29 29 21 25 18 2 21 28 23 2 2 23 27 0 14 6 3 4 21 26 8 21 1 11 1 26 15 15 15 22 3 0 17 21 6 24 4 14 20 25 24 10 16
15 10 0 29 30 28 23 22 21 29 8 13 17 28 5 8 12 1 2 28 21 13 24 9 23 22 25 8 13 10 24 22 10 6 1 23 21 29 8 8 9 1 0 16 19 14 21 0 11 19 15 18 25 17 25 26 29 23 25 7 29 27 10 7 26 17 16 22 25 24 11 20 16 17 16 26 24 17 25 16 5 6 23 23
1 3 13 20 16 7 22 26 24 26 13 18 26 1 10 17 27 2 0 8 12 18 29 26 20 14 24 17 12 3 14 28 25 21 29 3 8 29 21 20 9 26 14 20 7 22 29 30 8 9 7 6 9 14 19 23 7 16 29 26 2 7 22 14 25 1 27 10 9 22 23 17 24 8 29 6 4 14 6 19 4 25 22 18
6 17 11 23 5 14 12 2 18 3 24 23 5 8 10 13 14 30 1 0 20 19 12 19 8 17 9 18 11 30 17 23 13 10 26 29 10 28 27 10 12 2 30 13 11 29 16 10 3 11 20 28 25 8 14 28 30 25 11 19 8 20 15 25 8 30 6 26 7 16 18 22 17 13 19 17 23 13 19 4 8 3 2 29
27 1 19 16 4 2 23 11 11 27 30 17 11 11 5 12 0 29 17 6 7 21 23 12 10 21 15 3 23 5 13 28 0 17 14 1 25 0 21 8 17 20 26 22 2 15 24 3 29 3 6 12 14 24 19 4 9 4 30 7 21 13 22 0 11 7 19 9 26 28 4 6 20 20 2 6 1 14 21 26 9 23 16 18
0 22 30 22 6 14 15 19 8 14 20 23 14 24 4 9 8 0 8 19 29 13 9 18 3 13 21 14 5 22 1 28 14 25 27 15 1 2 12 9 14 9 0 13 5 3 4 4 9 3 7 24 16 16 5 15 14 23 6 21 24 5 10 28 0 13 7 25 23 7 5 1 11 24 4 27 28 0 25 21 19 13 26 4
29 3 17 7 12 7 2 9 19 23 25 0 4 26 21 25 15 8 18 20 30 0 27 19 6 15 9 22 20 30 6 1 25 2 16 1 22 14 24 25 28 6 6 25 6 2 4 5 10 23 27 28 14 21 19 5 15 23 8 16 18 0 2 22 12 6 3 2 22 29 14 30 0 9 14 23 19 22 5 10 20 18 11 27
22 21 16 16 27 13 21 11 19 20 10 20 27 17 29 22 17 21 19 4 25 6 6 25 23 10 18 9 12 22 18 18 13 13 7 28 0 29 13 27 6 6 30 21 9 18 29 12 26 0 7 9 2 5 25 11 27 1 20 29 29 14 15 15 29 30 22 11 9 8 11 10 25 18 12 11 21 9 9 2 2 17 3 15
29 22 27 18 8 22 15 4 3 15 11 26 20 26 6 16 21 24 0 26 29 6 4 25 29 7 20 24 15 29 21 10 4 29 8 19 17 24 27 21 18 13 30 29 23 4 1 15 17 19 5 22 21 12 10 27 9 26 23 13 19 6 28 23 11 12 14 10 20 16 23 15 17 8 1 3 5 9 9 14 22 22 14 24
6 10 16 21 23 9 5 24 22 25 28 15 13 17 18 23 15 16 22 21 26 28 9 12 24 29 20 22 13 1 0 24 8 21 3 15 21 15 3 3 25 1 20 13 28 9 1 9 4 17 16 10 22 0 22 3 5 21 0 7 5 1 24 28 28 21 6 22 12 28 23 24 10 26 13 16 23 30 26 20 14 6 5 26
21 29 14 9 4 22 25 16 23 26 3 9 4 5 2 11 19 17 9 8 21 19 13 9 19 3 8 27 4 7 22 27 12 7 7 18 2 2 16 17 21 0 0 3 8 25 4 20 12 2 16 15 20 7 29 5 11 9 11 30 3 18 14 7 12 16 7 4 7 14 29 16 4 10 10 28 30 16 24 24 17 20 15 0
9 14 10 9 1 15 10 5 26 27 12 18 23 3 18 2 22 4 17 1 19 5 5 7 6 0 13 23 8 11 5 7 26 19 3 24 2 11 30 20 27 8 16 13 28 22 13 0 22 7 8 1 21 20 10 18 30 7 11 26 17 12 14 14 18 9 6 14 28 7 11 2 30 23 23 17 6 23 28 15 6 20 21 22
12 8 25 24 20 6 14 1 8 2 14 0 25 22 24 25 23 13 22 4 3 17 22 21 13 17 13 16 29 25 8 23 23 25 25 8 0 18 18 22 27 20 26 8 13 5 28 25 20 15 19 7 28 25 19 16 0 14 30 17 13 4 11 29 30 3 5 30 19 16 23 21 4 2 9 11 16 19 28 21 15 18 9 2
10 20 18 19 16 26 8 25 9 18 11 5 15 5 3 14 24 18 19 8 17 13 25 28 15 2 9 26 13 15 28 11 8 18 21 3 19 13 14 26 19 7 3 13 28 18 30 13 23 9 11 0 28 11 30 12 17 25 30 12 27 6 14 8 24 21 2 6 26 14 19 25 7 14 24 12 10 17 12 25 27 17 19 2
29 7 27 28 18 11 10 24 10 19 17 2 14 14 19 5 25 18 24 12 16 28 21 29 5 13 10 13 10 26 28 7 9 25 17 11 26 23 18 27 14 0 16 16 10 13 25 1 22 15 15 30 29 15 3 28 22 7 14 4 19 7 12 26 16 1 28 1 29 21 28 29 13 14 28 9 1 20 9 17 29 5 5 2
11 29 7 23 24 24 30 26 10 30 18 7 13 21 24 2 2 29 19 27 24 6 0 7 7 3 21 7 12 8 16 1 21 16 6 15 9 19 23 23 12 22 5 27 6 30 17 11 24 4 7 26 5 2 25 12 14 28 19 9 4 1 23 10 23 14 27 29 28 27 27 20 11 22 20 14 28 25 24 29 21 15 9 12
4 30 10 9 22 19 12 1 1 2 15 28 9 5 21 5 27 2 7 22 19 20 8 23 7 23 4 1 6 10 0 14 0 18 24 23 7 8 22 22 21 5 11 4 24 27 3 13 14 21 10 13 29 13 9 2 1 8 9 12 11 22 23 22 29 20 19 26 28 20 19 13 14 14 1 5 17 8 24 3 4 29 23 11
21 7 17 19 12 19 17 25 26 19 12 28 30 0 27 2 18 10 23 9 22 15 18 12 3 15 17 10 1 0 1 19 4 10 4 26 7 13 27 27 10 2 18 21 16 16 4 21 5 6 22 17 15 9 3 11 20 14 14 28 14 6 30 3 10 18 15 13 27 20 7 26 0 21 2 23 7 26 9 1 15 25 3 25
11 1 27 22 30 22 6 21 0 23 13 5 16 11 17 1 23 0 8 4 3 14 18 3 8 30 20 29 21 17 25 14 7 27 20 5 13 28 9 19 7 9 0 0 1 5 13 16 16 9 28 11 30 15 12 29 20 22 7 0 24 20 22 19 14 2 18 0 25 4 2 29 23 12 29 9 17 16 30 4 28 11 15 15
20 15 25 26 7 22 28 21 3 23 0 2 26 26 13 9 25 18 2 20 26 9 5 24 21 29 1 29 16 2 5 10 27 9 8 0 6 3 18 24 5 3 0 27 29 26 12 30 29 5 17 16 23 17 12 19 21 19 17 24 16 8 30 1 24 22 18 5 4 1 10 29 10 25 19 4 3 1 8 15 30 11 30 19
10 7 8 21 14 15 18 0 14 27 28 12 23 11 28 19 18 22 12 9 14 7 11 0 3 21 10 19 18 8 4 4 14 12 12 6 23 23 14 29 17 0 21 21 16 0 6 17 11 26 6 0 3 21 18 1 3 1 19 10 3 5 13 22 22 13 30 19 8 17 19 2 24 4 26 17 12 23 28 8 16 11 1 30
25 29 23 27 21 13 9 6 4 27 15 3 10 25 22 0 9 28 11 8 25 2 27 25 27 4 10 27 23 24 16 5 11 15 6 30 0 7 25 2 14 16 5 27 12 10 6 17 14 30 9 24 17 26 21 25 13 11 11 5 27 2 8 10 10 7 11 24 22 19 7 29 24 7 17 21 11 23 24 3 24 20 3 1
24 24 30 12 11 8 23 8 22 9 8 18 29 3 15 30 11 14 2 27 24 14 29 10 30 24 23 26 29 9 20 10 28 27 1 23 1 12 27 1 16 5 6 25 21 14 1 1 23 21 3 0 7 18 27 29 19 28 27 28 26 11 9 24 12 14 12 14 23 19 29 10 23 13 28 16 10 0 8 1 16 23 16 13
30 7 30 24 0 23 14 6 25 19 3 28 0 21 18 29 25 19 19 5 10 19 14 26 7 13 8 5 0 18 25 4 17 22 6 13 11 4 1 4 22 24 17 10 30 26 16 19 3 4 11 6 15 29 19 1 10 17 29 16 23 29 1 23 28 1 23 30 7 14 17 11 27 28 23 2 6 19 26 26 19 11 25 15
27 2 13 4 2 16 3 14 27 2 4 29 20 21 17 30 26 10 30 30 14 13 10 19 24 28 2 13 13 14 20 14 7 11 5 5 8 4 23 5 28 4 0 24 22 1 10 10 30 30 26 2 15 5 4 20 10 12 25 29 6 5 24 14 2 3 1 24 7 1 18 23 19 23 8 19 20 12 21 8 13 2 22 8
2 15 11 27 30 23 30 2 12 17 20 12 25 26 2 12 8 18 21 10 9 25 25 12 16 11 13 3 21 18 1 20 12 23 15 11 0 28 13 8 23 19 11 7 12 13 5 11 17 10 5 3 30 13 17 3 3 16 10 25 18 19 15 30 27 4 18 21 22 29 11 5 4 11 20 6 5 9 25 25 30 18 23 17
16 24 4 25 27 25 12 16 14 1 15 18 21 20 9 13 11 3 29 22 28 1 0 4 29 3 0 29 7 16 26 11 25 10 27 16 28 17 3 4 5 13 30 15 0 30 24 18 30 14 22 20 18 26 28 20 0 20 14 20 14 24 5 6 24 3 8 20 22 30 10 24 12 26 7 13 9 2 12 19 9 27 26 14
