85 85
12 19 1 9 20 22 19 25 2 24 15 0 10 3 23 11 28 17 29 24 15 1 20 5 6 16 0 2 6 10 3 17 7 27 15 25 22 14 3 0 10 18 27 23 13 29 0 28 23 16 0 11 21 30 24 14 28 27 21 5 25 26 7 13 8 19 25 1 30 13 0 27 24 22 16 1 19 20 24 0 2 24 14 2 12
1 11 29 1 19 22 9 10 7 23 25 17 12 3 15 26 6 25 30 14 21 1 6 23 4 20 11 19 4 8 24 6 12 16 2 9 16 20 30 18 11 17 14 18 18 11 22 14 6 11 11 25 7 14 1 9 28 2 27 3 23 6 17 7 7 30 30 5 22 9 13 13 13 27 20 13 5 7 14 26 21 27 11 24 12
17 22 20 23 21 6 20 30 8 12 4 15 4 29 30 28 20 16 28 6 28 13 17 14 15 6 12 14 12 18 20 12 10 12 6 28 17 7 21 2 29 24 26 9 26 21 6 27 13 15 8 18 27 12 14 21 24 16 3 14 8 30 18 30 26 12 20 5 0 4 6 0 1 19 2 25 0 2 23 19 22 9 23 9 29
11 26 11 2 19 1 3 21 6 27 15 17 26 9 22 0 23 12 4 1 7 16 10 3 15 10 25 19 30 2 30 12 18 12 14 8 6 24 24 9 4 0 22 14 20 1 26 7 2 28 4 9 10 26 12 21 17 15 3 3 20 13 19 0 14 19 23 28 23 21 29 21 6 8 22 5 11 9 20 17 7 29 10 17 8
18 25 11 1 27 21 21 28 25 9 26 25 27 26 16 14 27 20 8 19 11 17 25 6 18 10 22 24 15 6 6 22 17 10 2 28 24 23 1 28 15 12 19 7 27 9 5 25 1 1 29 2 5 1 14 20 14 3 11 8 18 28 11 6 7 1 28 6 7 10 21 14 11 12 6 15 22 20 16 29 15 10 26 15 12
15 12 28 17 30 19 4 1 3 20 1 15 2 21 15 25 17 7 7 30 6 2 7 27 12 27 26 26 22 14 28 3 0 0 2 9 7 23 25 21 3 7 28 29 20 13 3 14 5 21 15 27 29 16 19 5 21 29 7 10 19 22 15 21 5 5 0 0 19 13 18 16 14 1 12 5 6 30 11 14 14 1 11 11 6
9 21 27 15 4 11 18 18 5 11 27 17 12 22 14 14 7 13 13 13 9 6 10 6 9 23 28 1 27 30 0 0 8 18 25 28 0 6 13 1 11 9 1 12 7 29 25 20 10 3 29 7 17 21 19 14 29 27 2 19 24 0 5 24 5 3 21 7 22 16 19 5 18 26 6 14 2 8 29 1 23 9 14 0 23
28 15 29 7 4 25 29 19 7 23 1 21 29 7 10 12 18 6 3 6 10 18 13 11 28 16 9 20 26 23 22 12 27 1 7 0 18 25 26 6 18 11 23 0 20 15 10 14 27 29 27 25 9 20 22 14 6 25 11 2 29 27 0 21 28 21 14 27 0 22 13 6 1 7 7 19 11 0 24 22 8 27 24 9 4
10 29 5 6 16 24 19 19 12 28 7 7 30 21 30 8 13 17 7 10 26 13 7 25 1 25 24 9 1 4 24 5 25 4 26 28 28 13 4 27 13 9 21 13 8 24 22 14 13 9 10 5 6 17 10 24 23 14 15 18 9 15 30 19 3 26 2 12 15 22 14 11 19 26 6 10 26 9 14 16 10 30 27 14 7
21 26 1 15 5 5 24 24 15 10 1 16 22 1 23 8 17 30 23 6 13 19 13 6 18 21 0 10 4 24 25 27 22 17 28 24 10 29 8 1 14 26 11 12 7 10 10 12 4 17 13 5 26 6 19 0 13 27 14 5 10 27 29 24 13 18 30 4 29 21 0 0 19 23 27 23 30 6 12 18 0 9 12 25 25
6 0 21 26 6 10 23 2 20 13 15 6 1 29 0 26 14 29 27 6 16 24 3 0 15 13 24 21 14 14 16 1 9 27 30 25 28 5 29 1 24 27 5 12 24 26 29 20 0 8 20 12 9 3 23 4 5 17 3 26 19 3 3 13 21 14 7 18 15 25 14 12 16 7 25 21 17 23 24 28 16 23 13 21 25
26 28 3 4 6 15 1 21 5 2 25 9 11 13 14 21 27 12 11 11 20 18 20 14 26 13 11 15 9 16 19 15 0 2 30 17 22 11 1 15 4 25 8 16 3 22 29 23 18 9 17 29 0 19 19 9 27 13 13 20 17 27 29 9 26 12 30 6 14 10 23 30 14 19 18 7 14 5 19 4 30 14 4 0 11
20 28 25 5 5 4 29 26 22 7 9 18 7 29 0 3 0 9 30 29 26 7 23 11 17 12 28 14 3 18 0 19 15 2 16 25 21 6 22 26 20 12 9 2 17 7 9 10 16 10 11 22 9 5 23 3 8 18 12 25 23 6 22 27 2 0 29 11 17 9 13 14 30 16 3 15 13 11 1 24 24 2 29 24 10
13 16 2 7 1 7 8 0 15 14 23 24 21 20 14 5 0 5 3 8 27 25 21 6 17 1 26 3 29 30 3 27 7 24 27 25 30 16 7 30 19 21 18 4 5 4 8 30 22 28 1 25 6 4 29 24 6 22 7 26 22 7 7 12 28 5 9 27 12 19 8 11 5 20 5 27 30 27 4 17 10 24 12 9 19
6 8 10 20 13 21 9 14 18 27 20 29 14 0 16 12 24 24 21 17 15 18 6 18 14 25 15 29 6 3 24 22 25 0 24 7 11 28 27 2 21 24 16 26 9 24 9 7 18 30 20 25 28 9 2 20 5 3 3 21 7 13 17 26 3 19 15 10 23 15 21 23 2 21 3 10 27 3 24 25 0 27 18 9 25
12 15 19 8 23 15 18 22 2 26 2 29 7 4 8 17 14 1 19 2 7 27 30 22 20 0 18 17 1 3 28 24 17 27 18 6 15 21 21 18 7 9 9 21 19 13 15 14 10 23 25 28 6 26 17 20 21 0 17 23 18 7 0 2 9 0 20 20 1 28 5 22 18 23 16 13 26 7 24 25 2 11 28 2 11
29 16 14 23 26 30 2 14 4 26 21 3 2 19 2 4 21 5 22 27 16 6 8 4 24 25 25 29 12 11 21 6 21 16 14 14 6 1 1 30 21 6 6 26 30 13 10 23 11 14 0 0 18 29 4 20 7 19 20 7 1 7 4 9 10 16 12 4 21 30 11 28 25 19 28 16 10 22 9 20 1 25 19 7 20
16 1 11 18 21 11 1 11 16 26 29 11 30 2 6 15 27 23 21 20 18 28 26 18 5 28 7 9 9 7 0 19 4 28 28 10 18 29 20 29 3 27 0 21 14 24 22 24 27 25 7 13 10 3 29 4 22 6 0 26 24 27 21 1 12 5 30 7 19 22 2 30 11 7 24 26 22 1 3 12 18 24 14 13 22
12 30 18 12 12 1 30 20 17 22 29 16 18 23 23 16 30 22 3 28 18 30 4 15 4 25 4 24 15 6 20 14 6 9 4 28 18 15 9 0 0 30 12 28 4 12 26 14 27 13 8 8 27 28 19 19 20 15 8 0 14 3 17 1 28 24 27 13 15 21 13 4 8 18 15 18 2 16 10 12 0 21 27 18 26
16 20 11 26 23 23 13 18 1 10 0 26 0 12 25 22 0 7 25 5 6 20 4 1 21 3 8 23 29 26 21 24 23 2 20 12 25 9 21 19 4 5 2 4 7 0 20 6 20 1 19 15 3 26 15 14 10 26 6 12 1 24 24 5 5 13 27 30 11 9 29 7 18 15 14 24 9 8 3 11 20 24 1 6 24
19 26 6 25 26 11 28 10 30 23 25 14 14 25 10 15 1 15 22 27 25 15 15 2 21 18 2 21 8 26 2 30 20 3 16 10 18 25 20 21 26 4 8 17 28 7 10 22 30 5 16 12 4 11 26 12 7 26 29 20 25 14 30 16 23 26 7 19 15 9 12 28 7 23 18 6 25 17 0 0 24 17 12 21 14
9 30 20 22 12 5 25 22 27 9 13 6 23 20 22 8 6 18 15 0 2 3 24 0 28 3 6 6 15 22 1 25 1 22 21 30 12 12 6 11 20 0 7 7 4 5 19 20 0 5 12 15 29 12 5 9 25 28 4 9 1 9 2 11 9 1 1 7 24 22 5 25 27 17 9 29 18 5 7 14 4 3 6 17 10
30 1 20 10 29 12 6 14 11 24 6 18 28 10 26 27 20 20 29 21 0 15 0 27 13 3 30 17 29 21 7 24 25 19 0 0 6 29 6 15 13 9 24 0 1 21 17 7 24 24 8 5 16 25 7 10 20 30 3 3 22 25 25 4 22 21 6 1 30 26 19 4 29 19 5 25 8 28 21 20 1 13 24 26 29
9 14 7 5 27 14 2 8 30 29 19 20 23 15 3 27 1 6 1 28 7 11 30 10 20 17 23 11 13 23 0 2 14 10 24 25 22 22 6 29 6 24 5 29 5 20 0 3 9 25 1 29 21 26 23 18 11 2 6 7 28 21 3 7 25 0 11 7 24 5 0 30 3 22 20 27 3 20 29 6 10 5 9 25 7
22 19 2 17 25 12 22 30 12 23 22 18 27 27 13 26 12 9 6 26 17 15 3 26 16 9 22 12 10 10 18 10 15 13 8 26 29 14 19 12 4 23 2 14 15 10 13 1 29 11 24 11 15 18 18 0 20 9 6 2 14 16 26 25 3 26 20 14 9 23 17 25 26 1 16 15 22 17 0 30 19 5 27 26 27
25 2 28 2 11 25 30 22 11 7 13 29 1 0 15 4 10 6 5 8 21 26 19 20 20 29 26 17 15 20 6 17 25 7 10 4 2 30 9 22 22 7 9 20 11 8 23 16 18 6 21 26 16 30 6 29 14 30 2 23 8 16 26 16 15 11 11 12 1 22 22 23 3 4 14 28 14 30 11 11 5 11 7 17 7
6 7 24 8 22 27 14 16 19 30 4 1 9 4 20 17 23 11 9 29 5 27 7 29 29 4 26 9 8 24 11 5 11 25 14 23 17 27 29 14 0 3 12 1 12 28 28 19 5 4 27 1 0 20 1 25 24 12 1 27 24 25 19 24 18 16 18 0 6 16 24 5 29 1 24 13 21 1 22 24 9 5 26 8 5
1 29 2 14 1 14 21 3 4 20 20 6 6 28 24 22 25 29 5 22 26 4 20 15 13 15 27 11 8 24 8 8 3 28 7 18 12 25 25 25 30 20 0 4 2 21 17 30 7 5 0 29 24 2 12 4 5 0 6 25 10 26 11 17 16 18 15 27 25 3 23 5 22 3 17 21 27 21 7 0 12 7 27 23 23
12 30 1 6 16 19 15 6 10 15 30 30 24 28 8 24 21 4 0 6 17 25 29 7 3 10 1 24 8 2 6 24 21 12 28 6 16 5 22 7 6 9 10 19 3 18 14 5 14 3 4 8 9 3 10 21 17 2 23 20 5 1 27 21 22 1 9 5 10 27 16 22 3 20 24 22 9 11 8 11 8 26 30 2 19
28 0 9 30 14 25 11 11 18 21 22 8 26 9 30 20 10 7 30 9 4 20 2 24 23 9 27 2 28 20 24 12 25 27 26 16 3 21 1 28 11 13 19 5 9 28 27 12 30 22 1 27 11 21 20 5 21 11 21 28 25 0 22 11 3 18 30 5 8 21 3 12 9 20 13 0 17 30 15 29 12 4 5 19 11
20 5 2 28 27 9 20 6 17 17 13 14 9 5 29 2 18 3 28 20 3 0 22 15 28 5 6 28 4 17 19 29 12 20 8 7 26 25 26 24 12 1 3 1 16 24 4 16 27 2 14 20 26 14 8 9 16 2 2 16 26 15 22 26 27 2 27 6 6 18 25 12 26 25 19 13 29 8 29 7 20 24 23 14 9
10 9 20 21 3 0 14 2 16 18 25 7 6 10 14 24 21 0 6 23 21 7 19 5 22 8 6 4 5 30 30 7 15 23 26 28 11 10 8 11 26 30 28 25 24 2 30 4 12 17 22 5 21 17 11 19 9 1 3 28 0 13 27 2 18 10 28 16 4 30 2 24 3 0 11 18 2 27 18 14 8 12 0 25 26
27 26 0 10 27 13 16 9 13 10 14 13 19 11 3 7 30 19 5 10 2 28 10 24 8 25 6 2 7 29 10 7 1 8 22 15 28 8 0 9 7 6 10 20 1 13 2 23 20 16 3 29 28 21 9 5 3 18 22 29 19 25 12 6 26 1 0 22 10 13 29 0 25 12 2 16 18 27 6 23 29 7 24 11 5
23 15 29 27 30 9 14 4 21 0 12 13 2 25 3 13 24 20 5 5 24 5 25 18 1 1 26 9 2 9 22 3 14 26 5 24 11 21 3 16 1 26 6 28 16 16 22 4 14 6 6 16 2 13 5 23 13 13 22 30 1 11 18 18 2 14 6 22 12 5 4 8 29 3 21 30 2 10 11 13 23 11 12 6 2
24 7 24 5 24 12 16 27 3 4 17 19 29 11 1 20 0 1 19 27 25 22 27 13 21 12 12 21 11 0 22 10 4 4 27 22 23 17 26 30 29 22 2 15 16 12 15 13 2 10 20 17 17 7 7 12 19 20 17 13 22 22 11 22 16 21 17 27 21 10 13 11 9 22 11 15 25 27 7 26 0 30 5 22 14
13 1 19 21 15 26 24 8 20 6 21 8 16 13 30 16 23 27 1 18 14 18 24 0 16 27 17 10 8 9 16 26 22 26 5 26 29 12 17 1 3 22 6 5 22 8 17 8 27 11 22 14 17 17 10 18 27 20 24 22 1 29 14 17 25 20 24 19 23 18 10 30 30 0 23 19 23 12 29 3 26 13 23 9 29
4 25 27 4 1 13 30 4 7 12 24 10 8 10 6 11 10 30 1 5 16 28 26 14 12 16 20 2 24 27 26 21 12 25 20 14 4 1 30 29 19 5 2 3 5 22 16 19 15 10 29 25 0 29 0 18 8 17 25 3 25 8 6 17 25 23 24 28 25 16 2 28 12 5 1 6 16 11 9 13 22 18 30 5 21
24 5 12 29 19 2 23 20 14 17 15 4 7 25 5 12 4 26 30 10 7 3 18 4 30 17 3 28 18 10 30 25 16 15 15 15 18 23 7 12 17 3 16 22 11 24 26 11 1 16 0 14 11 5 0 14 13 26 19 1 3 5 2 2 17 26 18 8 0 4 12 29 23 27 28 16 2 0 0 28 27 1 0 13 18
8 13 4 17 20 28 7 23 28 5 27 17 19 29 19 24 12 16 29 11 21 3 26 18 4 0 17 24 16 30 2 19 21 3 11 25 5 6 25 18 0 9 18 20 14 1 15 19 0 1 21 1 3 2 7 27 28 24 6 15 28 16 11 0 30 23 1 16 20 5 23 19 12 1 9 8 10 9 25 8 21 17 23 11 22
11 26 13 20 20 1 2 24 21 18 5 30 27 18 8 4 10 12 27 10 19 18 8 20 10 22 18 29 11 8 28 13 2 6 30 11 29 27 14 22 14 19 20 22 16 7 20 13 24 16 12 27 6 26 3 19 4 26 25 24 10 1 14 0 23 19 14 10 8 20 11 1 9 5 18 12 19 0 27 26 29 6 9 27 9
11 22 20 15 22 19 2 28 17 22 0 13 15 12 6 30 2 12 8 22 6 14 18 13 30 12 5 24 25 29 24 27 23 23 21 3 23 0 5 29 17 17 17 1 20 7 2 27 17 27 17 10 16 15 5 1 1 27 11 23 22 8 30 23 30 9 12 19 4 7 17 22 5 5 4 19 1 13 16 12 23 19 10 5 11
8 11 6 18 7 14 20 21 10 30 13 27 20 24 21 27 20 15 7 17 3 14 30 10 12 4 28 10 0 30 30 14 30 14 26 11 29 15 24 9 25 25 11 29 15 18 25 4 20 9 2 12 24 10 1 8 18 29 8 12 28 27 13 21 17 10 13 27 0 16 23 12 29 8 10 2 10 17 30 1 28 10 9 14 14
21 4 3 16 10 0 14 22 10 7 0 24 11 29 7 14 21 6 29 30 12 29 30 14 26 13 7 23 3 29 7 12 21 2 14 12 13 25 22 23 27 2 1 14 20 24 20 21 7 0 24 17 20 6 14 29 0 27 14 21 30 25 22 23 29 20 20 30 30 6 19 18 26 25 26 9 30 25 28 1 0 22 25 16 5
20 28 26 0 2 20 30 17 26 12 14 15 16 28 28 17 17 8 24 23 12 9 6 14 29 0 18 2 1 12 5 14 27 19 13 28 18 30 6 14 15 25 7 27 2 4 16 21 6 14 19 24 7 18 20 14 23 19 21 13 24 16 18 22 27 25 19 17 4 0 0 9 10 7 12 22 27 14 13 23 8 1 5 16 4
18 5 12 26 2 8 20 19 16 17 26 3 2 10 23 1 20 18 6 21 19 27 30 23 6 19 29 27 2 15 7 28 19 30 18 25 2 25 18 8 13 19 4 2 13 26 10 3 3 25 8 3 2 12 22 1 28 2 20 28 1 13 6 21 10 24 24 27 28 0 30 21 14 8 21 6 21 9 17 30 24 2 15 22 11
25 15 27 14 14 20 5 10 22 20 3 5 2 30 7 22 26 5 23 7 11 23 13 11 14 25 7 24 0 17 6 12 1 10 1 12 24 25 8 14 1 28 11 16 12 18 16 19 18 27 11 19 15 7 15 22 15 13 3 27 9 13 30 22 0 13 2 12 7 3 7 1 0 30 16 25 11 14 15 23 2 28 20 16 6
25 0 30 22 25 26 3 10 26 24 8 27 20 26 8 28 8 5 14 26 20 12 13 6 12 29 10 25 17 30 18 17 21 26 3 3 2 5 16 17 10 9 11 12 18 24 16 18 6 7 22 10 18 18 17 14 19 0 25 24 21 30 2 12 17 7 27 25 10 16 15 18 24 28 3 24 28 12 12 21 12 6 7 2 8
16 24 8 20 26 30 9 14 28 21 24 2 5 7 13 30 6 23 12 11 26 10 23 26 28 12 22 25 6 9 30 28 13 14 24 3 2 24 7 20 22 25 14 11 11 10 17 15 22 18 4 30 26 29 23 26 11 25 4 2 24 7 4 20 17 14 22 23 26 13 25 9 7 25 23 0 5 19 8 20 11 22 20 1 8
14 23 15 25 12 18 0 12 25 27 8 2 18 3 14 25 27 5 20 10 28 1 8 8 20 24 0 25 21 17 3 18 4 15 17 27 6 20 28 21 9 29 8 16 15 4 20 20 0 4 17 5 22 11 23 2 28 16 9 11 21 20 23 7 30 3 3 6 17 4 24 0 11 3 5 14 0 21 3 25 3 18 26 2 4
22 4 21 6 2 22 21 1 10 21 24 29 9 8 2 15 0 5 12 22 2 1 5 21 19 2 3 10 15 13 25 17 17 4 14 14 3 14 17 20 4 7 23 11 17 16 1 21 27 24 23 26 0 5 26 29 30 9 3 5 27 28 28 19 21 10 13 15 3 3 10 28 5 21 30 27 8 19 0 20 25 25 29 8 28
25 2 28 18 15 26 11 29 26 12 4 27 22 26 25 7 25 12 29 1 2 28 29 5 29 17 10 0 0 30 10 27 17 24 17 20 14 23 16 1 19 20 2 14 0 11 15 11 0 8 21 30 12 26 14 29 29 16 19 24 29 15 28 22 18 1 1 12 11 28 8 19 24 2 15 10 10 13 28 9 28 21 13 6 27
6 3 17 24 22 19 8 23 1 18 26 3 26 23 25 27 17 22 24 24 17 12 25 16 15 16 15 27 20 5 13 17 1 0 11 30 5 23 29 9 3 13 15 19 0 14 30 26 21 25 5 9 16 30 0 27 17 3 24 7 16 22 4 18 2 17 8 28 22 30 6 4 7 18 0 6 3 22 13 19 22 15 30 18 17
16 19 15 2 19 12 12 25 4 17 21 10 11 8 11 4 4 8 21 12 23 23 24 27 17 3 12 24 17 7 8 12 7 13 11 8 1 25 22 7 19 5 24 20 5 8 23 28 6 4 24 28 7 12 0 3 9 27 21 10 1 9 4 12 26 15 4 14 28 26 6 7 25 27 7 2 8 14 20 23 2 6 9 16 12
18 20 8 9 19 28 23 15 6 2 8 6 25 1 23 1 11 15 7 2 25 16 21 30 19 4 6 15 5 9 25 1 21 28 15 7 30 15 23 23 5 6 25 12 8 23 27 4 23 10 24 8 21 28 20 5 8 26 16 4 21 29 18 14 20 11 5 16 8 25 3 12 10 10 27 2 18 2 5 15 23 11 20 18 8
20 17 18 16 29 12 25 18 20 9 26 20 4 23 19 17 2 11 9 19 28 12 6 3 4 18 29 15 11 7 21 9 15 12 27 20 18 14 21 23 10 15 14 3 6 17 15 21 18 22 13 8 24 19 15 25 8 14 0 22 0 12 14 30 2 20 30 24 26 24 4 0 12 22 6 23 12 0 7 25 21 14 24 23 20
30 28 17 26 14 10 21 12 28 0 6 17 11 24 14 20 22 23 0 6 5 6 28 28 30 21 1 2 4 26 2 10 28 18 16 28 10 8 28 28 13 9 26 1 3 11 12 26 1 20 25 18 8 15 27 18 3 13 5 5 3 15 11 25 29 27 25 28 20 21 1 23 0 17 0 14 9 9 24 16 5 1 17 13 28
1 3 6 14 15 12 15 5 1 17 8 12 26 25 28 25 10 17 6 19 0 27 12 29 8 26 10 26 20 29 23 6 19 5 30 20 21 19 4 10 5 29 4 16 21 30 10 4 4 28 20 2 28 28 4 12 26 24 7 28 10 26 30 24 6 21 27 20 15 11 2 3 25 9 6 5 10 6 11 26 4 19 13 21 5
16 25 2 12 14 19 20 27 5 24 23 2 14 25 13 8 0 7 16 9 17 16 16 16 23 13 14 5 7 22 12 28 18 13 19 9 19 15 28 4 30 27 24 9 2 20 9 2 22 30 24 1 7 7 30 6 1 2 16 21 28 29 23 23 2 16 2 20 21 10 0 24 8 12 12 10 10 22 8 12 5 2 26 9 9
1 13 18 2 18 1 24 5 15 21 5 6 1 25 6 28 29 15 15 26 5 24 26 28 6 18 27 14 5 1 3 22 22 0 9 27 23 4 19 11 21 10 23 30 11 12 17 6 18 22 26 4 11 17 21 1 3 24 3 28 15 3 19 5 24 28 1 23 30 3 30 17 24 22 22 17 21 23 14 21 28 30 16 6 9
16 4 18 13 2 28 23 15 16 1 8 0 11 13 3 27 1 17 13 28 27 12 4 29 20 7 18 25 25 25 11 28 30 3 19 15 6 18 20 4 20 5 19 30 17 14 7 26 8 22 15 19 22 30 13 29 6 20 30 3 1 28 14 0 29 27 3 6 29 11 14 4 26 20 25 23 19 14 15 3 21 25 24 10 7
0 14 0 13 13 17 23 17 26 6 5 25 10 19 0 22 16 7 20 3 1 10 5 2 29 8 28 1 17 9 7 5 18 1 19 2 17 6 12 18 5 15 6 4 4 6 0 5 8 27 8 15 17 21 10 13 7 15 10 0 21 5 23 27 0 23 11 5 12 29 13 20 22 21 13 23 11 23 29 21 21 27 12 4 9
2 19 30 14 24 9 8 2 2 16 5 29 9 12 17 3 4 0 20 25 30 25 1 13 29 21 21 22 26 30 24 28 24 8 22 24 6 18 2 21 2 15 25 29 15 26 24 5 0 7 29 11 6 5 20 14 13 11 24 2 14 2 7 11 13 25 21 4 6 10 1 24 27 18 30 21 1 14 30 26 9 24 20 14 20
2 12 2 25 30 13 15 19 4 29 29 27 27 8 13 22 16 16 16 26 24 13 2 0 19 3 3 16 27 19 3 21 10 6 27 19 15 11 16 15 16 5 29 29 12 30 22 26 26 7 23 26 16 7 17 1 8 29 24 12 16 24 9 13 5 25 18 9 13 24 12 10 29 26 29 10 25 17 11 22 24 14 12 5 28
27 5 4 19 26 9 2 19 11 27 6 1 23 18 6 14 18 5 29 24 15 8 20 9 28 22 25 16 1 12 6 18 1 4 10 20 10 12 6 22 13 25 26 30 0 8 30 8 25 19 19 1 11 18 12 2 23 21 3 6 14 3 25 17 27 21 13 24 25 15 9 5 30 9 25 9 16 5 5 11 27 14 16 23 18
25 5 15 19 30 19 14 21 12 12 7 0 14 28 18 15 15 29 5 25 2 3 28 4 9 3 2 30 29 10 19 6 0 1 19 22 1 20 20 12 11 8 30 4 18 30 15 9 17 0 20 26 20 21 15 29 6 5 7 12 6 5 0 27 4 6 2 4 20 2 8 22 19 13 18 17 28 12 29 20 24 3 19 28 27
5 5 30 0 8 30 0 9 18 5 28 10 19 16 14 9 7 9 4 20 26 18 23 15 4 17 8 24 3 14 5 25 26 28 2 10 27 11 9 8 10 25 13 1 3 19 27 24 16 5 8 5 6 17 11 23 9 19 24 0 9 21 18 4 12 25 18 7 13 7 20 7 18 22 16 2 0 18 1 5 9 18 18 27 23
29 23 30 12 13 5 15 24 10 20 27 24 29 22 30 6 12 6 9 25 30 30 6 25 25 9 6 24 22 1 30 22 5 30 1 11 4 2 26 18 28 14 15 4 24 9 13 20 18 15 10 18 5 25 23 25 23 20 15 27 27 3 17 7 28 10 20 21 18 29 27 6 18 15 26 3 16 17 23 18 22 26 20 24 24
6 30 4 9 8 10 13 16 9 22 23 7 12 5 9 8 29 6 9 22 19 4 0 2 23 9 19 3 24 2 9 30 17 23 22 22 16 30 2 18 24 11 16 0 9 24 12 24 9 23 25 17 6 3 23 7 27 25 28 2 8 10 11 15 23 24 1 11 2 27 30 10 5 14 10 6 8 26 10 1 23 9 1 22 10
5 1 1 8 21 14 2 12 20 14 5 6 27 0 20 13 13 27 7 8 28 15 27 13 6 25 3 30 14 3 12 8 28 20 10 2 8 20 2 15 23 19 10 22 9 0 20 27 27 7 22 8 17 0 16 29 4 10 26 0 11 8 2 5 28 29 3 19 27 4 20 20 4 18 7 10 0 24 1 23 18 16 30 25 6
20 12 13 0 3 23 11 5 14 17 25 9 25 28 26 30 7 23 26 15 5 9 6 26 26 3 0 13 22 7 29 5 3 25 30 24 2 10 28 7 17 28 20 28 13 26 25 25 20 12 7 11 3 3 21 15 15 1 6 3 30 16 7 3 18 20 24 17 16 29 25 10 19 24 3 21 23 10 9 26 29 8 7 13 15
10 23 1 13 21 26 11 26 24 30 25 13 24 0 14 16 17 20 1 1 23 26 27 4 13 6 23 18 15 10 22 26 8 12 24 24 5 28 20 30 6 13 18 17 6 0 20 28 12 12 22 7 19 3 14 26 1 0 15 13 25 13 25 0 2 9 15 25 29 16 17 30 29 29 22 18 4 30 22 18 5 8 26 27 3
1 5 8 30 4 12 18 22 10 13 10 11 12 8 3 18 3 3 29 23 18 1 3 25 23 16 9 22 28 23 30 27 24 29 19 27 17 24 12 25 2 18 17 28 3 19 12 25 12 22 19 11 16 4 28 14 11 29 16 22 23 17 25 23 12 12 7 17 8 0 25 30 25 24 3 19 13 16 6 6 6 3 9 3 26
21 16 24 0 3 13 5 25 11 11 6 21 18 23 17 2 29 9 1 26 12 13 3 16 21 18 20 7 19 3 28 11 2 19 22 26 22 2 12 28 3 29 13 22 10 7 23 28 5 26 29 4 19 7 0 7 18 25 20 11 8 29 16 2 5 4 27 30 5 28 20 3 23 16 1 11 15 13 9 12 5 19 13 24 7
26 5 7 10 3 10 4 30 1 29 19 12 7 2 2 5 4 5 2 14 19 24 5 17 26 21 12 3 14 22 26 2 3 8 12 17 4 4 21 0 12 22 8 16 17 22 6 10 0 1 1 15 8 21 4 29 18 30 26 1 30 23 3 1 9 10 5 11 28 10 4 6 18 15 11 30 14 9 9 3 15 5 23 17 17
3 27 22 5 13 14 29 7 23 25 18 16 30 8 22 2 28 4 29 6 18 15 8 26 26 1 12 23 10 7 26 23 9 0 2 16 15 5 9 9 22 9 15 20 16 0 21 23 4 3 1 6 1 29 20 14 8 0 15 21 15 28 24 30 12 27 27 18 26 29 12 7 22 7 13 29 30 30 7 27 20 11 5 11 19
15 30 18 6 2 4 19 27 23 10 12 12 3 15 20 12 10 15 24 12 7 5 20 27 27 26 10 7 15 17 10 21 0 15 3 4 30 22 16 4 8 25 27 3 25 12 12 25 5 29 16 15 11 17 30 5 22 27 8 10 16 3 19 2 7 11 23 29 1 2 8 18 28 26 17 1 1 8 30 4 25 10 3 7 12
13 28 23 11 28 7 24 12 3 15 25 18 30 4 0 1 28 30 28 8 1 6 6 12 20 7 17 8 21 6 18 8 4 28 17 21 1 18 26 0 22 2 28 16 11 28 3 11 6 16 2 22 24 2 24 29 29 7 23 13 13 27 28 18 8 28 0 26 7 7 22 8 23 20 13 6 8 2 21 18 21 2 6 4 17
14 28 30 30 18 7 10 5 12 15 0 30 6 2 7 1 18 27 12 30 28 4 1 8 8 9 4 11 0 24 18 27 7 20 25 17 2 19 23 18 28 17 18 22 19 27 21 30 21 2 12 15 5 30 28 14 22 17 21 29 25 15 29 20 27 24 4 13 14 1 4 20 18 11 12 13 23 2 20 12 27 11 29 24 24
24 14 21 12 26 25 23 5 22 7 26 6 30 8 25 16 15 24 13 20 30 11 16 22 15 13 15 19 16 10 5 9 14 16 6 24 9 28 10 23 20 14 11 19 1 26 14 29 0 10 4 11 14 22 30 22 0 28 0 6 7 5 15 21 13 8 19 24 4 9 5 8 13 29 23 30 24 27 14 30 10 29 8 30 7
4 3 8 3 20 9 28 16 10 28 7 6 2 6 24 2 14 30 3 28 14 30 26 22 13 2 26 28 8 6 2 25 18 3 22 1 27 21 12 3 17 28 24 9 8 9 17 1 15 21 11 23 13 3 28 29 15 29 24 0 24 29 17 30 18 7 1 29 14 29 2 9 16 9 21 4 27 21 8 0 22 4 17 17 3
27 23 11 7 17 8 1 11 22 13 6 17 14 1 22 21 20 13 26 28 4 14 22 7 23 8 16 15 10 23 29 7 5 22 12 10 29 16 10 29 3 14 4 9 24 1 17 17 28 23 1 3 15 30 28 29 25 28 26 0 17 11 30 27 7 4 11 28 15 16 9 16 10 10 10 26 4 0 20 2 4 15 4 22 24
2 14 16 17 25 3 10 4 24 12 20 29 22 5 16 18 23 10 2 21 15 8 30 21 8 1 24 9 29 13 0 4 15 22 16 0 0 3 11 26 5 17 15 22 12 5 27 27 18 20 13 8 6 17 2 17 28 23 24 15 28 17 29 4 29 9 28 16 28 5 30 7 18 11 16 25 30 17 3 6 7 18 25 24 14
25 20 6 9 1 29 17 7 2 11 21 12 22 4 16 30 8 16 11 4 21 12 14 23 12 18 11 18 15 8 14 2 19 16 22 23 10 9 4 1 30 19 10 23 29 1 19 25 29 18 20 16 24 8 14 28 6 28 21 16 21 11 26 17 16 14 25 24 4 10 15 19 10 7 29 24 29 17 6 14 16 14 11 20 12
23 18 2 18 11 13 16 13 16 5 29 14 12 8 21 8 23 7 26 25 17 13 17 25 26 17 21 12 25 11 11 27 23 25 24 17 5 2 15 28 11 1 16 10 9 9 21 25 6 23 16 21 9 3 8 5 26 11 11 17 15 20 7 21 16 1 16 22 30 24 26 5 2 25 24 22 27 16 8 20 29 23 25 13 13
11 28 27 15 24 15 8 10 22 23 22 30 18 13 11 11 5 20 13 11 27 27 25 24 2 19 30 8 24 3 29 5 4 25 4 15 9 0 14 5 5 12 28 15 27 19 19 8 11 17 21 20 6 14 21 27 17 25 7 3 12 29 24 8 3 13 12 18 29 11 12 29 30 2 9 8 9 19 8 6 10 10 16 30 8
