86 86
23 14 5 22 2 18 24 9 24 23 1 1 11 17 21 0 4 24 2 21 29 1 1 22 20 2 20 9 4 29 0 3 19 20 24 4 7 28 1 9 7 12 13 30 20 3 28 15 30 11 19 0 20 8 5 22 3 22 27 16 11 13 0 19 21 4 4 17 2 26 4 16 27 4 21 25 23 22 14 3 23 20 8 21 7 13
13 30 22 7 19 23 3 22 15 13 20 10 15 9 21 29 10 18 9 16 12 12 12 3 20 25 11 2 23 20 0 16 5 24 16 11 0 14 3 27 29 7 4 30 27 3 16 9 23 23 21 4 15 19 21 17 26 7 1 2 1 17 23 17 25 16 6 15 29 0 30 13 30 8 15 20 18 4 27 30 30 0 11 19 10 21
7 4 2 20 6 13 30 16 9 2 7 21 18 17 8 29 18 25 16 17 16 15 1 18 4 25 20 4 16 22 28 28 22 8 14 19 0 7 27 27 19 17 19 16 22 19 1 6 13 14 25 2 20 4 22 2 28 4 18 10 22 13 5 10 13 15 19 8 23 2 21 28 13 5 28 3 24 0 22 2 16 11 25 3 2 29
12 8 30 13 5 24 10 27 27 23 11 17 16 30 10 26 0 16 18 9 14 22 6 18 8 24 10 15 10 20 0 10 3 29 20 10 18 7 30 25 5 23 6 30 9 2 25 12 18 30 16 13 0 9 12 15 21 26 17 19 29 3 19 28 12 26 9 1 17 25 12 26 29 27 9 2 28 1 16 14 5 3 11 20 5 15
22 25 30 19 12 8 7 20 24 24 7 14 5 16 8 1 25 1 17 10 9 0 15 23 0 15 10 18 28 8 26 0 15 20 20 18 18 13 5 27 29 18 22 27 8 19 16 7 23 0 22 2 17 3 15 11 25 1 10 28 7 10 22 10 28 18 10 13 7 27 2 25 4 6 9 10 19 7 11 29 14 10 7 26 28 4
6 29 3 19 8 18 15 30 2 29 22 13 9 30 26 18 23 1 11 23 17 6 20 9 0 10 2 21 9 11 17 19 29 8 1 22 26 3 22 3 9 6 1 16 1 25 15 4 10 13 14 24 1 7 6 1 17 17 13 20 24 24 5 7 26 16 8 14 21 0 19 11 22 1 29 15 29 18 24 3 11 6 24 10 23 19
3 24 26 6 20 23 12 2 24 28 29 13 2 8 22 30 17 26 22 16 22 27 8 17 1 26 18 7 1 26 19 8 25 2 14 17 22 12 27 29 25 28 25 4 29 3 28 27 6 6 0 17 12 25 8 24 18 27 14 25 11 22 12 9 6 9 6 8 13 22 18 15 8 15 28 2 6 7 13 28 12 0 15 0 9 25
13 27 28 16 14 23 21 0 12 18 18 30 4 17 20 16 3 29 21 10 13 6 4 1 20 30 13 15 1 3 5 7 24 7 28 14 19 6 13 9 7 21 17 21 3 16 20 0 0 28 21 23 14 18 3 20 18 11 18 10 21 15 20 8 3 9 15 21 17 8 19 10 20 10 26 16 17 1 28 26 9 3 15 15 29 24
25 7 17 12 26 3 24 25 4 13 15 27 24 14 19 0 3 21 6 29 20 20 10 9 15 14 6 4 29 13 1 5 27 23 3 28 11 24 0 13 17 26 20 10 14 28 3 13 16 13 19 29 13 22 5 19 28 14 16 21 6 21 17 30 4 9 1 11 10 10 28 7 13 11 23 19 25 7 15 29 15 19 11 21 0 30
19 24 3 1 18 26 22 5 8 25 13 19 26 25 3 22 27 18 21 14 15 15 21 16 26 13 14 21 2 22 25 13 14 19 30 9 15 17 15 14 2 14 10 11 26 1 4 19 23 1 16 5 4 6 15 28 0 11 7 22 24 30 5 0 21 11 8 11 13 30 14 2 1 4 28 23 7 0 2 5 25 14 0 11 3 30
19 11 21 25 13 20 0 21 6 18 12 4 9 16 10 28 27 22 1 15 18 26 9 28 14 9 9 1 20 15 10 1 20 14 23 27 4 12 10 1 9 29 14 22 16 16 28 15 30 13 29 7 12 17 19 11 11 6 20 6 26 20 1 20 0 26 8 10 11 26 18 4 17 8 5 17 7 1 0 0 4 30 1 27 28 14
14 13 25 0 20 24 27 12 0 21 9 16 18 1 21 6 4 24 0 5 20 30 15 26 18 9 18 12 14 3 4 4 1 0 12 23 20 14 28 29 24 5 4 10 15 8 2 2 26 22 26 2 30 30 12 17 17 30 7 3 9 0 28 15 3 16 10 24 19 12 9 21 14 24 2 23 7 21 0 24 8 14 8 27 19 25
25 6 17 19 2 17 9 3 26 19 8 26 19 13 15 8 4 0 23 23 21 12 25 23 29 21 26 26 13 2 11 20 24 29 13 19 26 8 23 0 28 8 23 3 20 8 20 26 27 23 24 30 0 11 22 26 11 12 1 28 25 14 17 28 18 16 11 19 3 26 8 22 10 27 16 30 25 15 20 16 16 23 23 2 14 24
19 30 21 10 29 3 30 27 20 6 29 23 0 28 29 21 17 25 23 22 2 30 10 27 5 6 13 6 14 29 6 24 10 26 28 27 22 23 17 23 7 30 5 18 24 7 7 27 20 23 3 0 11 2 2 3 25 1 3 16 2 29 2 10 23 22 27 8 3 13 24 16 9 9 26 4 20 20 21 1 7 28 0 11 0 28
3 3 25 13 3 6 10 20 26 29 8 4 13 13 26 26 16 1 17 3 12 11 20 3 1 20 7 23 25 5 17 12 29 8 29 7 19 24 1 21 28 25 15 19 19 22 1 30 18 29 13 26 3 25 24 28 19 6 5 19 18 26 24 17 13 8 6 12 26 10 8 27 1 26 23 30 23 25 21 2 15 8 14 18 30 12
5 23 6 8 27 11 7 15 29 6 17 5 16 24 26 19 28 15 20 11 28 5 5 12 11 17 25 23 18 20 7 28 29 11 21 9 7 3 11 17 26 28 14 5 6 16 11 23 10 28 4 18 18 2 5 5 0 20 8 4 27 1 12 14 10 6 19 27 4 3 16 21 1 17 27 25 12 27 16 19 22 2 16 27 6 15
23 28 13 7 3 5 16 16 13 0 11 27 8 6 17 4 20 5 26 20 30 14 4 12 30 20 19 29 24 0 13 29 20 9 19 22 12 17 3 0 25 8 9 26 4 29 16 19 27 29 9 10 23 18 17 21 1 8 9 9 29 28 26 25 19 13 22 22 4 8 18 10 6 14 22 8 22 23 8 22 29 30 21 27 26 30
30 23 0 1 11 5 14 18 5 24 4 10 1 30 10 0 24 30 6 17 12 16 15 14 6 0 22 28 16 28 12 25 4 23 18 14 22 23 3 17 3 2 12 22 18 23 26 22 0 3 16 7 6 26 19 12 6 9 13 8 30 0 0 11 13 3 17 29 30 18 2 23 19 0 8 17 1 11 3 10 8 12 2 28 14 27
18 5 18 10 15 22 26 5 26 2 9 7 30 16 7 6 29 17 24 0 1 17 21 6 4 27 11 24 18 9 25 5 23 23 24 26 12 11 11 30 6 3 1 2 2 5 19 14 29 28 4 23 9 20 11 13 10 29 12 28 6 4 21 20 20 27 14 0 4 21 25 17 23 5 11 29 20 16 6 20 28 5 3 21 5 6
24 1 10 29 7 17 10 30 22 20 27 15 4 7 25 22 22 27 28 27 5 25 21 19 25 15 16 10 26 20 30 21 29 21 6 22 12 24 15 16 30 24 23 3 17 12 25 22 5 6 27 9 17 20 25 6 2 23 20 30 13 25 0 5 24 22 30 16 23 26 2 28 25 12 25 9 2 12 28 16 23 15 26 3 18 7
1 9 12 3 25 24 3 6 15 20 28 28 0 22 30 12 12 22 1 26 10 0 6 16 7 14 19 10 12 1 18 3 15 26 11 19 6 20 24 8 0 0 10 16 24 14 29 30 30 1 10 28 21 17 23 0 28 19 17 1 11 30 6 23 30 14 10 0 4 8 12 1 26 30 2 30 27 27 22 25 22 30 12 17 7 24
10 0 24 18 19 7 2 3 8 26 26 3 26 6 12 23 10 13 5 6 12 9 26 8 10 30 15 12 30 24 21 17 6 0 4 27 16 10 12 27 10 11 2 6 3 21 9 16 17 7 27 12 6 22 30 12 27 26 4 9 30 7 11 30 21 3 27 19 30 21 26 17 24 3 26 24 26 11 0 13 10 1 1 24 3 21
27 13 29 10 25 5 11 16 20 9 14 6 19 5 13 23 0 27 3 25 6 13 10 11 9 18 26 9 6 25 2 16 3 29 12 17 26 18 4 20 8 11 6 25 16 20 8 21 28 14 23 28 21 10 8 10 30 15 25 11 22 8 28 9 17 3 28 29 6 13 19 12 19 16 9 12 18 7 21 11 29 2 14 1 7 22
0 11 5 17 10 16 24 13 24 3 8 22 4 25 29 9 3 19 5 28 20 28 17 11 19 19 18 14 1 20 19 19 17 15 21 21 6 10 5 25 28 21 24 2 7 24 10 1 0 15 2 7 28 13 4 18 10 9 5 15 10 10 29 30 8 11 30 24 1 1 13 8 25 2 6 14 13 3 6 9 21 7 16 20 23 27
14 1 21 12 8 14 25 3 13 28 2 20 24 1 21 19 29 3 25 4 14 21 7 2 8 17 18 13 1 30 17 9 22 26 29 29 8 5 23 19 9 2 27 4 30 21 27 16 5 20 2 25 10 7 14 14 6 11 21 26 17 26 24 8 12 20 19 27 30 23 28 14 23 15 9 20 4 24 25 3 5 7 8 5 17 11
25 29 12 5 19 15 17 13 26 16 20 10 19 11 13 5 28 21 21 11 26 4 19 12 12 27 10 27 24 15 18 29 29 11 30 28 12 27 20 29 16 4 18 8 19 10 6 10 29 15 29 2 3 6 5 20 6 30 24 24 14 30 24 6 4 16 20 27 17 27 18 14 7 26 27 21 23 8 19 9 21 21 0 16 28 6
8 23 5 13 14 14 10 30 28 21 9 7 22 22 2 19 28 11 18 26 30 2 9 30 30 29 26 2 0 3 21 16 17 27 9 2 5 13 11 7 14 17 26 1 1 17 14 9 16 16 20 8 29 13 23 4 19 3 0 16 14 30 21 28 22 19 10 9 2 16 6 10 29 5 23 26 19 16 22 24 13 26 10 27 28 24
28 4 23 24 18 2 6 3 1 11 14 0 1 26 19 27 14 5 10 25 11 10 22 17 16 4 8 25 18 18 1 12 19 19 20 6 12 20 1 16 26 16 8 28 6 24 13 25 14 18 23 16 18 4 2 14 28 5 16 14 26 28 11 16 18 4 0 8 21 19 10 27 27 30 15 20 8 6 27 24 18 7 9 28 9 1
12 25 25 21 14 8 10 12 22 18 16 17 22 11 15 19 25 1 15 15 12 5 6 25 18 1 19 20 19 4 27 3 11 17 21 6 8 0 20 25 15 10 3 10 23 30 18 1 3 3 23 28 2 9 5 28 17 20 8 0 28 8 27 18 22 21 23 2 10 27 17 10 1 17 27 3 14 2 7 25 10 26 14 3 5 1
3 24 8 3 14 11 28 7 26 4 30 11 16 6 28 1 21 25 19 8 15 1 17 21 7 18 27 28 17 23 10 25 14 2 15 10 27 4 13 20 30 4 28 0 9 25 5 27 24 19 26 25 15 6 24 28 30 4 27 2 8 27 29 26 19 23 22 19 0 5 11 19 5 6 16 7 30 0 25 24 3 15 12 28 14 20
27 14 25 16 14 23 20 5 9 2 11 25 24 23 25 28 18 1 24 10 5 6 19 24 4 28 28 19 4 1 11 9 13 28 22 21 13 0 11 19 0 25 13 10 26 24 11 21 18 19 12 27 14 27 10 20 10 9 15 3 2 29 24 19 0 19 1 16 15 13 0 19 22 12 28 4 13 20 29 24 30 30 28 7 27 16
14 23 5 26 18 25 2 10 12 7 2 16 8 2 21 11 4 25 19 12 12 5 3 15 11 3 16 28 29 9 29 4 16 26 7 30 30 17 28 23 17 11 27 21 13 29 11 15 3 12 25 8 6 6 1 25 18 28 6 5 30 10 22 23 8 18 13 1 22 8 8 29 14 25 23 16 4 13 0 10 3 29 9 13 0 25
13 9 22 20 16 9 26 7 9 0 15 23 10 0 13 23 19 10 8 8 27 16 16 9 29 11 30 25 5 30 20 27 22 4 7 1 0 20 7 15 29 4 15 18 13 10 15 6 8 17 28 3 5 10 26 20 10 5 6 30 29 5 10 17 17 25 19 2 22 15 13 22 8 20 11 20 5 22 20 22 19 17 2 18 10 5
19 22 12 9 0 16 7 8 11 28 28 8 5 11 23 23 15 16 27 14 2 24 25 16 18 29 8 27 7 12 23 27 26 11 8 1 11 25 0 24 23 24 20 24 18 25 14 22 26 11 25 10 23 27 8 6 0 3 0 5 5 5 4 8 12 7 28 1 10 25 23 26 8 3 7 10 11 3 0 28 24 23 19 12 15 6
1 30 12 26 10 20 1 19 16 4 6 14 3 18 20 17 10 18 23 29 21 29 25 4 16 24 11 27 23 14 2 30 26 27 20 28 24 0 21 29 4 17 9 0 24 17 20 18 26 12 21 22 6 20 5 21 12 24 26 21 17 24 20 1 30 17 5 17 9 25 21 26 6 22 7 26 14 26 30 24 15 10 19 7 16 28
20 9 18 18 25 16 24 17 27 14 18 5 30 17 8 12 12 17 17 8 23 4 1 5 10 30 18 21 11 10 8 2 29 26 30 23 2 21 27 5 29 17 20 10 3 11 3 12 7 13 7 4 21 6 13 14 30 23 16 18 25 29 20 20 2 11 16 3 24 10 4 0 9 2 14 7 11 14 22 27 18 12 18 30 17 28
19 19 24 19 5 26 14 15 21 9 5 20 21 16 18 16 14 17 19 29 24 18 14 21 19 15 15 2 30 10 24 18 25 11 27 26 6 6 2 13 21 25 19 11 7 19 7 21 30 13 21 27 28 19 9 17 22 8 12 12 13 14 11 1 19 0 26 18 15 20 22 15 16 20 11 9 13 13 28 18 3 19 15 4 18 21
8 15 26 5 4 26 29 15 20 30 26 8 18 8 20 12 2 19 30 1 12 16 19 11 8 8 0 17 7 19 3 14 12 21 26 16 26 17 22 19 3 11 22 9 20 2 2 6 12 11 11 21 5 4 17 2 21 30 14 21 19 1 24 26 26 15 12 2 5 23 26 23 21 26 5 27 18 9 13 1 5 29 5 18 14 8
0 4 18 28 18 26 26 25 29 12 7 1 1 16 18 22 28 2 20 19 2 20 1 28 16 14 0 29 27 23 10 10 2 21 7 29 18 8 15 30 27 4 15 5 3 19 25 22 20 16 11 19 10 3 12 21 1 27 17 1 9 28 14 19 24 7 19 15 29 4 24 20 6 15 3 21 9 5 11 20 21 10 0 4 3 17
6 29 1 29 13 4 30 25 23 2 24 8 19 5 13 9 21 29 0 0 19 24 13 11 15 15 24 4 27 19 3 13 29 19 15 16 20 14 12 16 12 2 24 19 16 30 1 3 16 15 27 1 26 19 13 2 22 5 27 30 22 20 22 3 25 4 25 9 18 28 14 5 6 7 10 9 16 22 22 8 20 7 27 10 30 9
18 30 11 2 22 25 21 4 29 0 30 16 30 15 7 12 23 21 22 3 5 11 5 23 8 7 7 1 27 5 10 21 19 21 10 11 22 30 0 27 13 20 1 21 5 24 20 11 22 25 12 2 0 3 24 21 9 0 13 25 8 28 7 24 14 10 14 22 15 4 12 12 22 7 24 10 28 5 26 23 27 28 6 3 18 16
14 7 29 14 25 23 2 3 8 15 23 17 8 16 18 21 19 2 27 13 14 30 27 9 1 24 1 25 20 18 14 16 23 0 29 22 22 25 22 25 13 29 3 24 5 2 27 7 2 3 11 8 20 14 16 6 29 24 3 19 8 6 25 11 29 10 28 1 15 0 24 26 19 6 6 22 26 7 12 14 26 28 30 30 22 5
13 7 10 22 1 17 6 3 0 25 29 23 26 12 29 17 27 9 14 18 6 28 17 3 17 11 0 14 20 19 19 20 22 3 5 9 19 10 29 23 20 15 14 6 17 5 17 15 27 26 23 4 11 14 27 22 10 8 1 28 30 14 16 30 26 9 15 24 25 14 15 20 11 28 4 6 26 0 4 12 29 21 13 26 20 24
18 4 10 20 11 6 24 30 2 3 25 18 16 6 8 1 9 12 14 20 18 20 7 11 2 20 23 23 25 10 30 0 7 4 26 25 30 28 16 28 22 7 8 24 7 17 11 1 21 14 22 2 26 5 23 24 9 4 14 30 16 12 26 27 9 21 9 21 15 11 11 0 29 21 13 12 16 25 1 10 19 27 15 5 14 19
20 28 21 17 0 23 12 9 18 8 5 26 7 27 26 30 10 22 1 20 29 12 4 0 28 24 29 20 22 2 12 13 23 25 21 22 10 5 1 23 22 9 0 23 19 3 10 10 4 12 12 26 27 21 1 15 20 23 0 11 11 6 14 21 29 27 10 6 28 9 15 4 25 8 9 30 10 12 7 0 26 21 0 0 27 18
28 0 26 18 19 27 0 9 1 15 26 4 17 26 5 6 7 22 19 3 4 9 8 20 19 11 9 5 19 17 28 9 4 10 12 2 17 2 17 15 5 3 30 21 13 14 9 28 0 22 12 23 23 28 15 15 28 14 9 28 7 24 26 3 25 1 8 30 17 1 19 20 11 8 11 13 9 12 10 8 14 30 28 15 3 19
21 20 9 7 12 21 25 24 11 15 15 11 14 6 15 25 23 10 30 16 30 9 28 13 22 29 13 29 27 5 22 26 19 15 8 7 18 9 4 12 15 7 1 16 12 28 30 7 10 8 12 20 25 10 4 4 16 29 9 27 25 16 26 15 30 1 6 19 7 26 29 17 3 23 27 25 9 11 25 5 12 13 22 28 15 19
12 15 17 5 15 0 11 17 5 2 18 19 9 7 8 11 13 7 25 10 12 24 7 19 7 21 2 23 23 9 6 6 27 6 7 27 14 24 1 16 24 0 10 14 8 12 15 3 30 3 29 13 29 20 25 13 17 4 0 28 0 4 30 26 7 8 10 26 13 18 20 24 27 15 26 18 7 16 21 13 28 8 29 1 3 23
13 4 7 2 3 16 23 7 27 30 4 19 16 23 26 22 4 19 4 13 28 26 2 7 20 27 27 1 15 2 27 10 15 26 25 22 9 8 1 0 12 5 9 29 24 27 25 6 27 12 26 23 26 25 12 29 1 7 1 29 14 3 1 18 2 4 16 14 28 30 14 24 3 22 0 17 4 25 26 3 24 30 0 24 10 23
15 12 3 12 6 20 26 14 5 5 0 22 28 16 30 26 13 18 23 0 5 19 24 17 12 1 14 9 4 14 30 12 10 12 26 21 9 2 9 27 13 2 9 7 10 3 6 18 14 14 21 6 27 22 29 21 3 0 8 16 10 12 11 10 3 14 23 29 24 20 24 12 1 4 15 27 19 10 14 11 28 29 23 18 11 20
10 28 17 19 12 1 30 27 1 23 22 27 20 30 26 22 3 0 12 21 25 13 4 29 2 22 1 0 23 25 15 29 18 30 6 2 12 25 24 20 11 28 8 12 23 8 23 21 15 22 5 21 21 28 15 14 23 28 12 28 10 28 14 29 7 21 5 12 30 17 13 14 5 24 7 10 15 14 22 27 8 16 12 11 27 18
0 30 2 11 16 22 27 4 25 6 18 1 30 11 16 28 15 7 5 8 5 26 21 0 28 25 8 24 9 21 14 22 22 15 8 28 13 23 9 26 19 9 20 4 0 11 1 25 3 26 6 14 26 5 21 4 28 22 26 23 2 24 17 10 18 9 12 8 15 12 16 11 22 20 26 10 25 26 0 28 27 17 22 13 8 29
10 23 28 10 13 1 11 9 1 30 19 16 1 3 29 30 20 23 30 0 3 21 28 29 21 4 9 7 3 12 0 26 13 1 20 24 26 30 15 1 3 6 10 14 28 9 26 6 0 8 12 29 13 14 15 8 11 27 12 12 2 29 30 20 4 7 23 2 17 28 2 7 28 14 24 23 20 4 16 27 22 18 8 26 24 7
3 7 17 26 16 25 7 27 23 22 24 13 7 28 7 27 11 12 9 28 22 3 10 30 8 3 25 14 27 2 1 28 18 17 4 5 19 3 30 7 3 16 13 5 25 17 4 9 8 24 16 23 7 24 26 3 29 6 24 13 15 23 16 1 21 17 3 26 5 9 11 11 19 5 30 27 11 27 16 10 10 26 27 9 28 25
15 28 3 27 5 21 24 27 27 0 20 9 30 24 5 28 1 26 7 28 13 13 6 21 17 0 7 19 27 27 30 7 28 26 21 7 18 2 15 3 14 0 0 28 12 2 13 21 1 13 26 4 19 13 26 17 13 27 11 6 17 12 17 6 27 30 17 7 4 5 27 23 15 1 29 30 29 29 5 13 12 2 20 19 18 17
11 13 7 30 18 7 7 11 7 18 19 0 20 0 27 4 5 4 13 5 25 9 22 27 20 4 10 23 5 29 6 27 5 15 13 25 10 10 1 25 25 12 15 2 0 6 0 19 23 0 2 12 7 1 16 15 13 0 4 5 9 21 16 21 16 0 1 19 2 11 20 4 17 29 10 28 1 3 22 23 30 5 16 5 5 1
28 25 20 14 13 0 20 9 6 17 9 13 6 23 8 25 18 26 7 4 29 22 3 13 11 27 11 22 12 11 28 10 21 27 10 9 11 22 15 27 4 18 25 25 22 0 11 1 29 4 0 2 15 1 20 2 11 17 19 26 15 19 6 14 3 9 29 1 28 0 21 25 4 13 28 28 29 28 19 12 9 21 24 27 29 4
5 28 12 16 24 2 17 0 22 3 20 27 23 20 10 14 3 6 19 18 21 22 16 8 29 0 13 7 19 24 30 27 13 5 17 22 26 8 30 7 7 14 14 19 14 1 27 2 14 13 5 27 12 7 3 22 6 8 1 28 15 28 21 7 28 17 5 2 28 14 16 17 15 0 8 21 3 25 15 29 23 2 3 25 16 15
11 12 3 30 10 28 17 10 15 14 21 3 25 1 1 19 20 3 19 8 17 0 9 23 5 3 10 29 14 6 0 20 8 10 24 28 11 9 21 12 9 22 1 21 3 8 22 13 27 3 28 28 21 18 15 20 23 2 15 27 10 7 21 22 2 9 18 2 24 6 16 10 12 28 24 28 19 14 27 11 24 4 6 16 24 22
27 21 18 1 7 18 14 0 26 6 15 30 10 25 10 27 16 0 12 15 17 30 8 27 19 8 13 3 7 19 19 11 19 17 26 25 22 26 19 22 2 20 29 28 7 4 23 13 26 3 5 23 21 28 21 25 15 1 1 23 25 11 5 17 1 16 13 26 1 11 2 14 2 12 22 11 22 23 11 8 27 4 2 3 24 5
12 6 25 30 0 9 25 12 20 23 15 14 16 4 1 20 26 11 24 27 22 28 22 5 30 0 2 6 13 11 16 20 22 8 17 23 20 23 27 23 18 24 21 4 25 3 21 4 28 30 28 2 27 10 7 8 28 0 1 2 20 20 24 2 7 4 28 5 22 24 29 21 19 21 9 30 5 0 26 6 12 10 22 8 11 6
15 1 29 27 27 11 0 8 1 5 12 14 23 17 15 14 3 4 13 12 4 5 5 22 0 1 6 28 29 24 8 14 14 22 27 21 8 4 4 13 17 25 10 5 20 21 18 19 2 15 2 3 27 16 23 18 11 9 14 14 5 6 19 2 19 23 2 25 3 22 14 26 16 6 23 12 21 15 27 1 15 1 4 21 3 16
17 1 14 20 13 25 9 28 1 21 3 19 20 30 2 22 21 28 17 23 30 10 23 20 22 3 6 3 22 26 28 3 22 22 25 28 28 8 20 4 1 17 19 23 9 14 8 20 7 10 11 15 7 1 19 25 28 19 28 22 2 28 30 12 1 3 20 2 16 11 26 29 0 3 24 17 26 17 14 20 16 9 29 7 10 17
13 8 30 27 26 1 18 1 19 21 2 12 1 17 30 12 14 19 25 4 2 1 15 1 18 28 10 11 16 25 27 25 1 11 4 20 18 1 22 14 11 9 26 2 4 11 16 30 28 25 11 29 0 29 13 25 23 14 2 12 12 12 12 27 14 9 7 14 13 8 2 25 21 21 8 27 8 19 12 30 2 9 19 17 23 24
1 19 20 2 19 18 30 2 11 26 18 15 3 27 7 2 25 23 13 10 5 14 0 12 22 30 18 4 23 27 28 1 27 21 26 5 3 27 6 28 6 25 5 1 22 27 13 23 24 23 16 6 26 10 8 25 28 27 6 0 10 18 6 8 27 19 15 28 22 16 24 0 3 13 20 20 16 14 24 19 7 2 6 14 3 22
3 18 12 27 12 13 2 19 15 15 24 8 13 25 10 27 18 12 10 26 25 5 24 22 23 15 8 1 16 14 10 27 4 5 16 22 21 9 14 25 2 0 13 11 16 0 8 1 2 17 25 6 1 6 28 1 24 29 0 6 21 28 22 22 3 17 5 9 3 11 26 11 9 20 6 23 7 6 24 12 15 18 24 26 4 12
4 17 25 29 13 22 19 9 10 27 8 22 24 20 1 3 27 29 4 29 22 20 11 23 13 24 1 5 23 23 5 10 28 4 11 17 2 24 29 17 23 26 28 20 19 22 20 28 4 30 22 16 10 12 22 23 20 1 30 7 22 14 6 30 21 3 23 12 9 18 15 2 20 9 22 27 30 1 29 14 5 16 30 15 30 15
7 22 28 8 1 23 9 17 11 15 17 26 24 26 10 4 5 22 4 22 29 29 14 19 8 26 10 21 19 20 21 17 24 13 20 12 13 7 13 9 23 24 5 10 18 0 26 5 21 13 15 21 14 24 18 21 24 7 17 8 19 0 2 3 21 17 5 5 15 8 10 1 20 8 19 15 24 5 23 3 22 0 2 24 28 14
11 7 27 23 25 12 8 24 17 25 30 20 29 29 26 10 20 11 16 20 13 12 22 10 15 1 27 3 11 19 29 13 20 17 28 4 24 22 21 12 30 13 11 16 1 29 22 9 13 23 12 10 7 2 28 18 6 6 14 22 25 9 25 20 28 16 16 0 5 17 16 27 3 17 0 6 8 28 5 13 16 20 19 9 5 23
26 8 15 9 21 14 21 13 15 17 16 25 20 11 7 3 0 30 7 11 30 15 15 6 18 5 0 12 0 20 27 4 2 1 23 24 16 9 1 6 13 9 1 5 12 11 26 13 8 18 22 27 0 24 3 26 3 17 24 10 1 20 22 9 16 10 18 13 24 1 17 12 30 21 20 9 24 8 9 22 6 25 12 16 11 24
9 8 11 28 28 12 13 6 13 7 21 8 30 2 15 18 15 1 1 7 13 10 8 9 15 13 4 28 27 7 2 2 21 26 5 25 16 25 24 3 9 27 18 4 9 0 15 13 7 25 19 15 9 26 9 6 23 8 7 6 1 17 6 24 15 15 9 14 24 8 16 0 11 22 13 7 27 15 10 0 10 11 11 5 29 10
1 21 8 8 12 7 5 14 9 30 14 4 27 18 29 28 27 12 4 12 18 2 2 9 7 2 27 11 3 7 19 26 22 18 22 24 23 7 1 22 2 18 22 29 6 8 12 16 11 9 21 23 28 29 25 18 9 6 1 11 30 18 23 12 22 29 1 2 19 12 13 20 13 13 18 14 24 8 20 29 4 25 29 12 9 14
6 21 21 22 9 3 8 18 13 29 0 27 8 10 8 24 19 26 7 18 30 30 19 4 1 14 23 3 28 4 28 29 23 24 27 17 28 30 24 5 7 13 22 26 18 20 15 9 10 22 30 13 25 14 19 9 7 24 8 12 19 20 11 13 28 19 30 9 22 10 25 8 5 3 6 4 18 4 27 15 27 0 16 16 28 12
10 19 24 4 27 28 29 2 10 3 19 24 2 7 13 16 20 25 17 26 29 30 10 10 3 29 6 5 12 10 4 18 27 18 14 30 30 29 24 30 6 27 16 9 18 20 26 15 7 2 29 16 11 29 4 29 26 5 1 19 5 6 17 21 23 8 16 26 27 24 16 16 13 0 2 7 19 18 10 7 28 14 21 26 30 8
5 18 16 15 3 7 26 23 22 9 18 19 29 29 0 11 13 29 23 9 11 5 29 28 2 2 16 24 1 12 11 12 23 18 28 28 11 3 12 12 24 24 3 8 1 1 5 25 30 0 15 24 7 11 25 19 14 18 23 18 20 6 21 19 26 6 18 1 0 17 11 14 30 15 15 22 1 30 21 6 6 28 9 1 29 3
17 26 15 28 30 27 26 7 27 22 21 19 19 15 28 26 8 21 14 23 12 22 12 24 17 2 9 28 16 20 17 21 21 30 26 12 9 28 14 28 7 0 5 15 26 6 14 24 17 24 13 7 18 12 3 25 29 1 30 30 28 30 16 11 1 13 27 25 1 0 23 24 24 14 9 9 19 27 8 15 8 15 14 8 21 24
20 22 19 7 3 30 16 15 26 7 14 16 7 14 8 20 28 3 2 11 11 1 23 13 27 0 16 12 14 9 13 18 15 8 23 20 10 14 4 9 15 10 4 13 13 3 2 20 29 5 2 23 3 3 19 5 10 23 23 29 1 21 27 11 30 19 0 20 21 9 6 0 11 20 13 30 6 16 21 19 25 0 26 3 2 23
10 18 4 20 15 7 25 5 8 29 17 8 9 13 9 0 10 8 6 13 4 13 27 7 19 6 29 22 12 5 21 5 18 19 30 30 1 2 27 19 26 19 26 14 5 3 29 9 24 10 19 4 27 8 21 20 8 12 19 19 1 6 15 10 14 4 20 16 6 22 4 1 28 1 1 27 13 28 17 12 22 24 7 16 15 16
0 5 5 1 18 7 11 16 4 24 7 5 13 7 23 7 3 4 21 3 6 16 14 3 4 29 1 12 8 4 12 18 10 19 3 17 13 30 4 28 10 29 13 17 4 9 3 21 23 8 18 21 18 9 15 6 28 19 28 8 0 21 1 26 16 21 9 24 0 12 6 7 1 8 12 7 23 22 19 2 16 12 8 18 22 16
12 18 1 3 24 26 8 3 30 15 30 23 23 10 10 28 18 14 20 24 13 21 15 19 10 11 23 9 29 27 30 5 5 15 27 2 6 8 29 3 9 11 18 26 7 12 17 0 2 7 23 4 17 21 10 25 9 17 27 10 5 14 8 12 16 6 20 2 20 2 22 4 2 7 15 2 26 29 15 27 3 3 3 1 16 11
15 13 23 22 24 1 13 8 14 16 26 9 14 26 8 15 13 18 22 5 7 28 28 30 14 20 4 20 16 3 1 25 4 28 3 13 21 18 3 20 12 22 18 11 24 20 13 29 22 9 30 26 19 13 20 15 7 2 25 7 18 19 7 22 27 24 19 28 10 16 4 17 16 0 12 18 6 13 10 8 29 3 12 7 8 28
13 1 3 26 7 16 17 0 28 30 16 15 11 22 8 30 10 19 0 18 27 1 22 28 21 9 11 4 10 2 26 8 9 23 28 20 19 12 22 12 25 11 21 27 19 21 26 29 24 6 28 14 19 29 18 26 10 3 6 13 25 20 3 18 22 16 29 12 20 1 19 29 27 6 14 28 18 1 24 11 25 20 27 12 14 25
12 22 23 17 28 13 8 21 11 6 14 23 25 19 0 2 22 2 21 1 16 15 28 19 20 17 3 10 24 10 9 0 6 1 4 3 29 18 16 21 1 28 5 11 17 14 21 10 19 15 9 23 21 23 25 14 11 29 30 30 18 8 30 0 6 26 0 23 28 10 8 12 27 4 6 12 10 19 6 2 18 21 24 2 21 29
2 27 15 16 14 4 13 3 5 19 3 11 22 11 0 1 9 22 11 12 24 0 22 30 16 1 6 10 17 20 15 6 22 12 8 7 6 11 7 1 5 5 8 2 8 5 30 10 24 10 18 0 24 25 18 26 3 0 25 26 7 13 17 2 10 14 9 28 8 22 15 30 8 8 20 0 23 14 14 26 26 0 13 11 19 23
6 11 17 6 26 11 23 17 10 14 16 24 21 26 12 13 16 11 25 16 14 10 3 14 9 27 11 7 17 19 22 13 6 26 17 14 15 15 28 27 15 29 2 22 22 17 28 10 23 18 22 10 12 3 30 21 21 21 22 20 25 24 17 24 16 4 22 12 2 18 22 4 30 0 17 24 10 1 18 5 20 27 28 13 5 30
6 0 27 11 5 12 0 27 24 11 9 30 5 4 13 23 26 5 2 17 1 16 9 10 22 30 20 1 1 20 4 10 27 28 14 9 1 30 13 8 24 1 9 7 26 22 28 25 0 27 25 13 26 10 14 13 7 29 14 26 16 19 29 19 27 2 15 0 12 10 3 8 5 20 28 24 1 3 3 1 26 23 19 26 15 22
