87 87
28 2 19 6 18 4 15 13 6 17 25 8 14 3 8 0 9 9 27 28 16 5 0 12 21 28 15 29 21 16 17 11 30 6 8 26 25 15 2 10 18 7 13 30 3 4 30 14 20 2 9 11 26 0 30 23 17 17 9 27 17 24 19 29 20 23 11 5 11 20 16 7 5 1 2 7 7 12 4 8 23 29 29 21 23 28 23
16 28 24 6 28 1 8 10 26 16 4 3 8 13 30 28 29 20 0 19 8 11 2 25 26 29 13 13 0 13 6 13 10 3 7 9 29 24 29 3 24 29 7 19 18 18 24 4 30 2 20 29 22 13 20 6 9 10 21 15 28 0 18 12 13 17 0 12 15 1 7 23 0 18 22 24 8 21 5 2 8 8 3 6 22 14 5
20 9 23 3 19 21 11 2 27 4 4 28 2 21 27 19 24 28 22 20 2 6 13 0 30 30 30 13 6 12 17 14 4 15 18 25 2 18 17 28 16 9 29 26 23 10 25 8 12 3 11 24 25 27 8 21 12 24 26 25 24 27 5 30 1 23 11 4 4 25 7 23 17 12 14 5 16 6 12 30 23 29 6 1 10 11 13
21 15 25 23 20 2 22 12 5 22 2 17 29 10 12 4 6 8 10 24 8 8 4 12 14 19 27 24 9 0 19 16 17 8 0 10 23 22 25 14 5 10 23 28 1 12 26 23 10 1 11 1 2 20 19 25 26 4 29 19 17 11 26 9 12 15 7 27 7 21 24 23 15 25 28 19 5 25 28 18 5 22 5 0 22 1 7
1 9 13 13 9 14 3 7 23 29 9 21 20 8 9 7 26 20 19 9 18 21 23 1 19 5 14 25 5 25 21 3 2 28 28 9 11 14 23 25 24 12 21 11 10 6 20 14 4 21 24 7 20 6 28 10 3 12 29 1 19 11 28 1 7 14 6 28 28 7 5 13 25 13 15 28 28 12 8 17 19 1 7 11 5 20 15
20 25 7 22 25 30 10 13 25 4 5 9 14 0 30 25 20 4 4 23 19 26 16 14 2 12 24 3 9 21 8 29 22 19 8 14 10 15 27 10 4 20 22 11 6 15 3 23 3 4 25 1 7 7 5 17 12 6 6 23 10 20 13 10 4 3 0 22 20 19 4 26 7 12 27 0 8 28 10 19 7 24 11 11 0 22 14
13 28 27 17 28 16 30 13 16 1 26 28 7 3 15 27 20 19 21 0 7 21 3 20 2 14 25 22 18 19 21 25 14 7 0 21 20 9 12 28 17 12 0 11 11 26 22 14 27 6 6 23 18 21 11 4 5 19 1 21 20 10 18 11 9 17 3 6 7 5 19 26 23 18 22 6 4 3 11 2 26 15 25 22 4 21 8
11 19 3 27 6 30 4 0 10 12 29 13 17 6 6 16 14 5 1 29 27 29 18 23 30 4 20 4 11 20 30 13 3 0 13 8 6 16 9 24 28 12 9 16 22 0 10 4 7 19 11 24 24 3 17 27 29 3 21 28 21 23 22 4 7 2 16 24 21 26 5 21 23 18 27 9 27 11 3 12 19 27 27 26 13 2 5
27 20 20 28 26 23 1 5 1 27 12 8 27 23 18 25 28 4 5 6 26 29 10 3 6 26 23 8 1 23 10 4 11 7 15 9 2 9 4 29 12 29 22 7 7 25 17 23 26 24 26 11 19 7 26 27 2 16 11 0 24 18 18 26 28 12 18 27 30 13 21 27 14 26 5 12 4 23 23 8 25 7 21 20 2 25 14
12 0 4 21 15 20 28 29 5 29 29 24 15 22 7 17 5 20 26 5 20 24 15 22 1 0 0 17 17 13 9 23 17 27 5 15 16 21 20 1 16 17 17 1 18 4 10 2 27 30 18 19 20 19 7 1 9 24 14 7 3 0 1 3 16 10 1 11 18 29 28 3 22 27 7 10 17 30 18 17 20 24 23 12 11 21 23
17 2 20 18 4 20 22 15 9 27 5 0 17 7 5 14 8 5 3 20 10 19 5 11 11 27 10 8 17 0 8 9 1 7 2 10 30 11 0 6 19 28 8 29 4 18 12 4 14 7 15 9 3 22 6 5 5 17 28 10 3 8 7 26 28 17 3 21 5 16 1 24 7 1 25 18 10 24 28 20 21 22 26 28 27 9 13
24 30 29 18 23 21 18 0 15 1 2 27 21 25 15 11 4 16 23 26 20 26 3 13 15 22 0 5 17 11 13 10 0 4 24 25 8 13 12 22 21 24 14 17 14 19 12 24 26 28 26 27 16 20 14 20 28 13 5 24 26 19 22 26 1 15 2 8 28 5 9 0 24 15 19 28 20 10 12 6 17 9 13 0 14 26 27
9 1 9 22 27 6 16 30 6 11 6 0 5 17 3 25 28 2 13 29 9 15 1 14 10 16 28 28 2 12 21 22 20 22 6 6 28 28 10 13 8 25 8 9 30 4 28 14 24 25 16 11 15 22 29 21 4 15 29 2 4 13 19 26 19 3 5 5 15 9 4 17 12 1 24 23 28 29 17 19 18 29 15 11 15 27 26
13 2 21 29 25 30 1 12 9 3 13 16 2 18 0 7 15 27 15 17 16 1 17 17 20 15 16 16 14 3 18 17 22 27 22 20 0 10 7 5 17 4 9 1 0 1 14 26 3 3 10 19 25 17 2 6 26 1 25 23 12 4 17 28 17 13 20 22 16 8 21 14 5 21 20 0 13 26 10 6 21 7 22 29 8 10 24
18 24 27 11 30 11 26 0 7 19 3 17 1 27 5 19 22 16 15 4 9 8 14 19 5 17 7 28 7 25 8 30 14 21 26 27 15 16 0 23 5 29 17 12 19 2 23 8 11 25 30 4 15 13 2 3 16 27 24 5 25 11 13 18 13 29 25 2 16 7 8 7 2 16 7 22 28 30 19 4 24 21 11 28 15 22 14
6 18 14 22 20 18 20 2 19 17 22 4 11 10 16 1 20 10 27 18 6 6 30 1 24 23 7 14 3 9 7 2 27 2 28 18 3 5 14 29 29 2 13 9 12 5 25 22 0 26 2 19 2 27 11 9 11 1 26 24 6 25 9 18 27 16 18 13 21 5 17 1 5 12 11 25 7 18 15 13 2 29 29 29 10 24 15
2 25 15 3 4 1 23 28 6 4 14 18 0 22 3 29 20 10 9 24 10 2 27 11 20 2 19 24 13 16 11 7 5 5 18 25 24 3 1 7 25 8 9 2 29 20 22 22 14 20 7 11 24 25 22 1 28 12 28 26 30 28 25 1 17 21 2 25 10 21 0 17 16 28 15 9 23 6 8 4 0 4 12 6 6 25 11
18 10 10 22 16 30 18 13 10 26 29 15 16 5 19 24 11 27 16 13 1 15 4 20 19 23 6 19 27 0 11 25 1 5 28 15 7 16 3 27 15 0 27 25 27 2 7 6 29 21 4 23 17 29 12 20 21 12 13 6 27 17 26 1 30 4 12 12 24 3 18 27 24 20 19 19 30 6 0 16 6 1 13 10 30 30 30
12 2 28 16 18 15 14 15 27 19 14 16 9 11 1 21 13 7 0 19 7 7 2 27 25 24 27 20 25 7 2 0 25 12 3 13 0 14 26 2 14 3 18 13 2 1 28 3 10 7 4 17 2 8 12 1 18 19 24 30 23 30 6 30 29 24 5 13 28 2 17 5 24 14 18 21 18 30 9 24 14 25 12 26 15 9 11
2 4 25 7 26 11 8 4 3 9 13 1 19 17 6 19 23 22 13 14 25 22 26 17 6 15 0 18 18 30 15 21 13 22 24 26 14 11 8 10 23 21 28 29 22 19 7 17 9 8 23 2 1 8 3 20 18 22 9 18 14 18 19 30 14 12 30 7 28 1 9 29 24 21 25 26 17 29 16 8 23 25 24 3 8 30 19
20 5 18 25 17 15 13 11 29 19 3 12 1 7 4 13 19 0 5 16 28 7 2 22 23 3 27 26 25 8 10 22 5 2 17 26 20 21 29 30 14 10 19 17 14 5 7 27 12 27 12 20 29 25 6 30 5 15 9 0 10 11 13 9 5 4 17 12 11 3 20 16 17 13 2 28 23 4 11 12 26 29 0 6 1 15 24
12 22 17 19 6 23 5 28 18 26 27 21 9 29 6 29 23 0 0 21 9 3 11 1 21 16 2 10 18 17 28 0 17 14 15 24 23 24 12 0 8 12 27 28 27 29 10 12 15 16 1 13 1 4 30 14 29 14 25 16 2 29 4 17 6 5 14 24 7 21 7 4 5 7 2 7 5 11 19 30 4 16 0 5 20 20 6
24 2 13 21 10 24 14 24 18 20 21 15 3 15 20 30 23 23 25 22 20 15 8 10 27 8 17 12 25 22 6 17 27 19 27 5 10 13 0 29 23 7 30 0 4 26 3 22 29 26 30 19 2 16 1 21 6 25 3 26 20 29 29 29 8 18 30 4 1 4 5 18 18 20 9 29 28 6 12 1 28 18 5 30 10 27 1
28 13 16 17 2 14 9 2 11 27 5 9 17 26 27 24 7 28 6 13 1 27 17 9 12 15 8 11 19 3 26 22 23 15 23 20 23 24 30 29 10 24 29 23 25 18 6 9 14 19 21 26 19 23 17 20 14 30 21 30 4 14 2 27 22 22 6 30 20 17 20 29 17 12 22 13 17 5 8 28 13 29 27 11 6 1 4
19 8 14 7 12 26 22 14 1 25 26 4 8 21 4 20 4 7 8 25 8 3 1 7 12 27 27 14 4 29 15 11 23 23 23 5 20 29 23 6 8 15 25 4 22 9 30 5 9 14 29 24 11 1 29 1 6 28 15 25 20 10 7 19 1 5 10 21 24 3 27 24 25 20 17 25 26 18 17 5 20 14 26 20 7 17 2
23 20 4 24 3 25 18 28 8 16 20 27 11 3 18 15 4 22 0 0 28 23 0 30 25 30 25 14 21 8 29 8 17 6 16 20 0 3 17 14 3 21 26 2 27 0 5 9 30 16 5 21 16 19 4 1 27 19 10 6 17 17 19 29 28 25 17 7 25 5 17 3 27 22 20 21 23 14 8 23 8 3 26 29 0 1 7
19 22 9 1 8 25 29 0 3 30 21 30 21 8 15 30 1 2 12 23 19 26 21 7 28 29 12 14 14 25 20 2 24 30 7 13 16 27 27 0 12 15 10 2 25 3 14 23 30 25 19 8 14 17 19 30 0 11 20 1 16 27 9 19 17 29 14 23 0 21 2 8 14 8 28 9 26 13 22 25 5 19 11 21 23 12 10
19 23 5 28 14 28 15 28 12 13 9 27 6 0 3 6 20 10 6 16 5 8 23 21 0 4 18 21 15 19 8 12 14 0 21 24 23 30 23 12 24 5 2 25 6 22 21 6 19 9 4 9 22 13 8 19 5 16 9 18 4 6 2 13 17 25 22 17 28 30 18 30 29 21 13 6 18 21 10 0 19 26 3 16 15 9 0
6 14 25 1 15 9 20 29 7 27 27 13 18 28 30 3 23 11 6 4 26 8 1 20 20 18 8 10 10 26 23 19 11 3 6 5 30 23 27 0 6 0 14 14 6 30 4 6 26 8 0 20 5 13 7 30 6 17 17 29 22 30 29 14 23 24 21 1 3 4 20 14 24 12 4 14 23 17 6 16 30 16 4 26 1 17 5
1 11 6 8 15 10 8 20 30 14 29 4 27 0 4 9 0 23 29 8 0 25 25 17 5 18 5 15 13 29 2 14 25 5 7 27 24 18 6 19 3 23 2 25 1 16 21 3 2 5 5 1 9 2 18 10 25 9 0 20 9 6 28 27 5 7 26 5 11 5 8 12 9 12 15 9 10 26 9 2 16 1 21 8 18 15 26
10 6 0 16 2 22 5 3 8 0 22 23 29 8 2 14 27 17 19 25 17 26 0 21 1 22 0 5 29 0 28 28 29 15 24 17 13 18 5 12 2 27 5 12 6 13 26 21 26 16 24 6 7 23 16 16 23 26 0 7 15 12 10 26 5 28 18 6 8 8 20 14 22 9 22 23 27 18 15 11 16 25 3 29 28 15 8
2 7 22 4 2 12 0 1 21 30 28 6 2 30 27 9 8 11 12 5 28 21 2 18 17 12 25 14 20 19 26 25 26 25 16 9 2 15 25 25 29 28 9 10 1 11 28 26 3 19 28 15 1 1 21 25 18 11 28 9 8 16 10 13 10 7 30 26 28 29 9 30 21 2 13 16 14 24 23 30 2 6 4 19 11 29 2
8 15 27 26 4 6 28 17 25 6 15 2 28 13 9 22 3 3 13 0 23 4 20 4 8 28 20 19 19 16 18 23 23 15 28 4 21 22 10 11 15 17 19 1 12 25 25 21 23 30 12 27 22 2 24 0 14 5 4 4 1 3 12 30 27 30 7 10 10 16 3 22 27 11 26 23 10 10 7 18 27 12 2 11 0 28 25
8 2 4 19 2 19 4 26 17 18 27 29 23 26 15 16 17 14 13 11 9 9 6 29 6 24 25 2 24 0 1 22 13 5 19 0 16 29 28 0 13 30 25 11 16 11 27 9 29 17 23 5 2 12 9 30 20 8 0 0 3 22 19 21 19 1 26 9 15 17 2 5 0 8 2 5 22 12 6 3 29 10 1 29 23 0 9
4 2 19 5 23 7 6 18 11 14 23 20 21 0 21 3 6 26 29 9 26 6 5 5 30 3 0 7 11 13 23 8 6 4 22 13 20 14 22 13 12 27 20 30 22 12 16 29 0 19 17 0 2 25 22 10 18 7 22 27 9 8 30 23 19 23 20 24 24 27 4 6 5 7 14 24 1 16 6 0 16 21 16 8 20 14 6
22 7 29 10 28 27 27 13 11 2 3 8 8 3 7 24 8 28 7 16 6 9 28 6 16 0 29 14 16 28 5 12 18 26 28 1 16 8 12 15 14 10 13 14 28 28 20 3 1 22 8 7 18 10 13 24 16 17 26 25 10 10 7 14 14 12 12 30 10 1 12 14 26 25 22 13 19 23 18 28 28 10 28 21 27 14 27
8 27 9 24 10 16 8 13 23 25 12 20 14 19 25 21 19 26 27 20 15 6 14 4 8 6 28 18 6 6 30 14 2 3 5 23 7 9 6 1 22 12 20 22 12 1 6 13 2 2 29 13 27 2 28 20 2 27 18 2 24 1 17 9 2 10 8 7 12 21 4 26 7 8 6 22 6 2 20 12 19 7 7 27 14 19 8
25 14 9 28 0 4 15 24 0 18 28 12 6 3 29 13 2 10 24 24 13 16 8 16 13 15 22 2 28 7 19 24 14 23 22 2 3 19 24 9 27 5 16 17 8 16 6 27 9 22 1 6 11 27 27 18 18 7 16 29 13 28 20 18 12 3 10 17 28 27 26 21 12 21 3 1 16 10 2 23 24 23 13 14 10 29 24
27 1 28 12 28 5 22 16 25 20 21 1 1 2 28 24 12 23 16 21 28 17 26 21 23 29 8 4 13 1 12 6 3 28 9 5 12 1 7 17 30 21 4 6 28 23 24 29 6 21 6 30 28 22 5 11 26 5 13 21 5 20 19 21 5 15 30 25 16 15 29 25 26 16 26 15 3 27 22 29 15 10 19 2 0 1 30
20 0 9 2 3 17 22 30 8 7 22 11 24 20 5 28 25 24 3 9 28 11 5 21 9 8 3 2 17 17 25 10 26 28 22 28 0 4 4 11 13 19 9 4 25 25 21 11 2 26 6 13 10 16 3 10 16 12 26 5 19 24 4 0 27 3 17 8 20 12 15 0 1 3 1 30 13 23 22 14 28 17 21 22 4 9 17
6 26 28 24 3 12 30 13 21 30 5 20 23 19 28 15 30 12 17 12 1 11 17 24 16 15 2 14 27 11 29 4 17 1 18 14 28 6 27 14 15 21 26 0 1 25 27 5 1 7 1 11 18 23 18 5 24 20 30 15 0 22 2 8 13 15 22 16 2 14 15 5 21 5 9 10 7 11 16 22 9 0 3 7 15 5 26
24 26 5 1 23 26 10 28 25 9 5 14 12 6 16 18 7 9 10 8 30 22 22 16 30 29 19 2 11 20 13 4 14 20 11 12 27 18 7 6 0 9 21 10 13 3 1 5 27 18 25 22 29 23 29 24 19 16 15 19 26 17 20 19 5 27 1 14 18 22 16 24 18 3 29 27 27 3 13 19 21 16 29 20 18 30 25
12 21 18 13 27 14 26 1 5 24 12 9 24 2 1 15 16 28 18 20 11 11 6 26 11 24 7 11 5 6 28 14 10 20 19 6 20 3 11 5 5 13 20 2 14 30 22 22 9 14 15 20 20 15 16 17 2 18 3 17 25 1 4 24 24 10 25 22 24 10 22 10 19 29 21 24 25 15 0 1 23 20 18 1 28 5 26
2 30 10 29 2 10 14 4 4 20 22 4 23 13 1 20 7 23 5 10 18 7 4 5 27 10 7 18 9 12 30 10 21 19 7 16 18 23 23 21 6 15 22 24 16 11 11 27 19 9 20 8 11 26 20 5 5 22 30 3 20 8 28 5 17 24 7 8 20 0 19 12 3 17 11 14 7 6 23 3 14 4 12 5 8 0 5
9 6 20 12 13 19 9 17 7 7 20 0 24 1 6 0 29 4 30 23 1 2 22 17 13 13 6 10 24 26 10 11 2 9 9 1 29 19 17 19 0 22 17 6 4 28 17 2 10 30 29 2 4 14 20 14 19 1 19 4 18 13 28 26 25 0 2 21 19 15 21 22 13 7 30 3 2 11 15 30 12 1 9 29 21 24 19
3 25 27 10 17 25 8 14 12 9 21 21 28 24 19 5 10 28 21 2 25 29 27 16 3 14 27 19 2 18 3 0 17 16 2 10 21 20 20 4 29 24 15 20 28 10 17 17 25 29 25 3 15 1 7 9 30 13 18 15 16 10 10 20 21 8 16 28 1 10 22 10 21 9 24 21 8 9 2 13 10 8 23 24 23 13 13
3 19 5 18 25 12 21 11 10 5 15 21 22 18 24 19 15 29 28 13 19 20 4 11 29 18 7 22 7 19 10 5 4 2 14 23 29 17 2 11 18 30 28 30 18 1 24 16 21 19 25 13 11 11 28 5 26 11 4 26 23 14 5 29 20 5 18 3 14 0 25 25 9 14 11 19 17 13 29 9 2 24 26 28 5 10 19
24 5 0 12 29 26 6 10 15 12 6 28 22 2 30 17 23 3 28 17 9 8 26 22 9 12 22 4 26 3 10 26 28 2 19 2 11 24 11 1 28 8 9 7 26 14 27 23 2 9 15 2 26 4 29 15 17 5 2 23 8 17 10 3 3 5 11 2 14 21 30 17 12 27 30 9 25 28 29 12 10 13 7 19 4 25 5
30 1 5 20 2 25 25 17 28 9 1 25 2 24 11 1 4 8 17 3 7 5 30 19 25 29 3 4 6 4 7 18 9 24 10 13 18 9 8 20 19 28 20 21 23 20 0 28 8 23 0 22 4 11 20 7 12 7 10 4 21 17 28 18 5 2 12 20 2 16 12 18 24 15 11 29 3 2 23 23 11 2 15 5 30 12 26
27 0 15 13 29 22 30 14 16 23 2 14 1 21 28 3 23 24 2 6 20 10 12 14 13 22 29 6 16 4 7 24 0 25 10 22 16 24 13 5 1 10 1 16 18 16 25 4 28 29 19 19 30 26 25 0 12 18 25 5 4 12 9 14 27 27 16 8 24 29 21 19 23 23 7 3 11 28 20 6 18 14 10 9 21 2 1
3 18 14 6 24 18 28 21 20 20 14 24 28 8 7 11 1 15 6 22 24 6 21 24 12 10 28 22 5 19 28 15 24 24 5 7 13 1 5 30 18 20 30 16 7 20 18 15 15 10 24 2 0 27 21 26 8 10 20 16 26 2 6 23 9 10 24 28 29 6 22 12 9 5 5 7 19 18 26 13 3 11 22 19 22 21 8
22 1 24 15 24 13 21 12 15 15 10 3 21 12 12 25 22 12 24 13 18 3 25 30 8 23 6 13 9 21 30 28 17 23 14 7 26 9 23 16 19 21 29 5 15 17 25 4 7 1 15 8 24 22 7 21 9 16 12 20 0 25 9 11 25 21 11 7 30 8 16 19 19 21 28 15 3 8 13 2 11 24 6 19 23 2 11
13 16 30 29 27 8 21 14 14 16 5 22 18 7 20 24 5 18 25 29 19 9 3 28 29 16 11 26 13 23 21 21 16 29 28 11 7 21 14 5 11 26 0 18 4 19 28 16 12 5 23 20 30 12 21 28 12 19 2 26 30 20 2 28 24 24 21 16 20 16 30 10 11 28 25 3 24 25 18 9 1 12 11 23 19 13 4
27 27 7 26 24 22 5 25 0 12 3 18 12 4 5 15 26 28 6 7 8 1 0 25 27 4 16 13 27 16 23 22 15 9 30 7 30 3 14 21 14 18 3 6 5 20 2 4 8 23 24 13 10 16 6 0 26 2 3 15 25 26 17 20 22 27 30 8 23 0 20 21 10 10 19 13 18 8 12 23 28 28 13 0 13 2 3
14 25 27 8 16 22 28 3 6 15 9 12 4 3 22 4 3 28 23 0 15 21 12 27 13 27 3 26 0 2 19 30 14 30 24 25 20 22 8 8 20 24 10 1 30 29 24 8 15 16 18 11 30 28 5 8 6 4 23 11 24 27 2 24 20 14 29 14 15 28 16 16 28 12 12 24 13 20 1 3 5 26 1 20 20 24 28
6 21 4 15 29 20 28 25 27 10 19 9 17 6 5 29 19 24 3 29 17 6 30 15 5 16 5 7 24 20 29 18 8 29 16 1 9 29 15 3 6 20 0 19 20 18 5 27 20 28 3 1 18 3 14 5 11 20 3 15 27 13 16 25 1 24 1 29 17 19 18 20 18 18 23 8 14 14 20 18 4 27 12 23 26 4 5
21 16 29 1 4 6 10 29 28 26 25 12 25 2 29 12 20 26 7 8 3 15 14 21 13 2 19 17 10 27 26 23 10 17 15 24 21 6 2 1 22 10 14 23 27 26 22 1 5 27 1 1 3 22 2 28 25 0 9 20 5 9 12 0 1 14 4 29 15 9 26 20 1 23 28 14 25 28 9 28 30 30 18 17 28 0 22
1 9 15 28 27 20 4 13 7 17 21 22 7 4 19 3 12 5 26 20 5 16 21 14 19 25 26 24 22 18 19 0 27 25 24 26 22 9 10 14 3 13 17 14 27 10 20 9 3 13 9 12 20 28 22 6 9 16 8 29 6 23 30 7 5 13 26 1 13 23 15 24 11 25 7 30 18 14 29 5 11 28 2 12 12 26 16
5 4 29 30 22 28 30 18 20 16 20 20 3 12 27 15 8 2 0 8 9 14 8 20 21 8 27 29 25 12 9 25 22 24 11 20 30 7 16 26 28 17 8 5 15 28 13 2 26 6 0 27 15 26 4 10 2 26 22 16 4 10 14 30 18 7 16 11 15 8 1 26 19 14 25 16 0 4 7 13 7 0 8 24 9 9 15
13 11 17 26 19 3 16 17 25 20 23 0 29 14 17 2 17 25 0 12 14 26 15 23 30 26 5 29 17 24 1 2 12 10 22 24 5 17 12 23 2 29 5 6 23 3 6 29 10 11 9 9 9 13 16 15 20 25 0 2 21 6 27 16 27 28 0 16 21 11 3 12 15 10 28 0 0 15 28 2 28 5 26 20 21 4 30
27 21 11 9 29 28 17 17 20 5 26 30 18 8 4 26 10 9 16 3 6 4 1 11 21 9 13 27 5 16 24 5 11 8 30 30 16 28 26 0 16 0 11 9 2 1 30 18 27 13 3 19 12 27 11 16 9 20 23 26 2 14 13 0 16 3 21 15 0 25 15 28 18 25 30 27 16 16 0 11 18 30 3 29 22 2 29
6 18 27 8 13 13 5 17 2 1 17 1 16 26 24 27 13 29 19 4 23 4 5 17 26 0 15 30 20 17 1 7 12 9 26 4 1 13 22 19 6 28 29 3 30 30 0 28 13 11 5 26 18 14 2 6 2 28 8 16 22 29 6 28 16 17 25 21 8 1 7 25 6 23 8 22 21 21 29 6 3 20 11 3 29 3 13
16 17 1 5 18 16 30 12 0 4 21 26 26 2 9 14 19 14 29 9 17 13 18 19 23 7 17 2 22 15 10 14 17 29 1 29 30 13 12 19 21 8 14 16 24 14 11 1 7 7 4 26 5 22 23 29 16 26 14 10 15 1 22 14 24 27 19 15 28 24 15 10 8 20 9 11 27 13 15 4 16 0 13 22 15 20 18
17 12 14 20 22 29 15 0 1 10 27 16 12 27 29 22 14 2 20 8 14 8 7 30 3 10 4 16 21 10 13 2 8 2 7 23 0 14 7 6 27 30 13 23 24 17 2 21 23 12 22 15 3 4 13 8 29 30 24 1 12 17 30 14 18 13 12 27 21 9 7 6 9 1 28 12 13 20 18 1 19 26 29 7 18 18 14
27 0 19 4 23 3 17 30 24 13 25 17 7 21 13 1 3 22 24 14 0 14 15 13 28 2 3 21 27 5 18 19 5 20 20 26 5 20 19 15 30 26 19 6 8 26 20 28 6 13 6 20 7 10 13 22 15 8 4 0 11 28 14 4 25 30 9 18 1 11 23 22 22 4 20 15 8 9 9 11 23 9 11 2 11 28 9
8 9 25 29 30 4 2 11 4 22 7 29 12 7 27 6 15 23 20 22 14 20 1 11 11 20 13 30 27 5 28 7 4 1 18 21 9 4 0 0 1 4 26 29 25 19 28 19 26 21 7 25 30 12 22 0 25 10 28 30 1 27 19 8 18 27 16 8 15 14 8 23 17 30 5 6 26 18 17 5 8 8 23 21 22 2 29
16 9 26 5 17 20 24 12 12 4 28 16 18 4 16 21 25 27 14 27 5 5 27 29 5 22 10 14 14 7 9 9 7 27 20 4 22 2 28 17 11 13 5 10 23 4 17 17 22 26 21 12 11 4 19 17 12 10 16 14 10 30 14 16 24 0 4 22 21 10 22 14 8 26 9 8 30 0 19 9 3 20 8 6 2 1 20
17 20 27 25 14 19 30 15 4 22 28 0 4 22 0 25 30 15 7 21 17 0 2 28 9 6 8 30 4 9 6 25 15 26 3 5 17 2 1 27 2 13 2 4 16 10 26 18 13 19 0 30 27 16 5 1 13 7 4 22 13 7 11 24 1 0 20 7 30 0 1 4 11 13 10 1 22 30 21 8 13 18 13 0 20 7 3
9 19 18 12 25 3 21 9 7 21 18 17 4 6 17 9 11 22 23 12 7 13 26 4 12 22 22 6 8 29 21 10 28 29 20 2 27 9 27 29 4 1 2 3 1 18 9 19 10 27 10 0 8 26 21 27 13 15 1 26 20 27 8 17 24 18 0 17 23 27 18 16 25 11 28 27 10 4 23 23 3 21 0 30 20 0 16
14 1 18 18 3 3 11 30 17 16 0 21 25 25 1 12 2 10 28 7 16 19 2 18 30 9 20 28 4 25 5 0 18 1 22 24 9 8 20 12 6 17 0 24 1 29 27 14 13 1 29 5 28 20 1 30 9 21 30 23 14 4 22 21 7 1 18 18 26 4 10 17 11 3 13 23 19 30 0 2 11 21 17 3 21 4 20
28 9 5 19 11 21 17 6 23 13 18 1 7 14 0 4 23 21 23 15 30 5 13 11 23 17 4 19 26 6 10 3 0 12 17 24 1 0 13 4 13 13 1 29 1 3 2 10 30 21 18 24 8 13 15 11 8 27 8 3 19 3 6 29 18 10 26 3 2 21 3 2 18 3 1 27 4 17 11 0 28 13 20 7 8 8 22
26 18 9 4 5 9 17 28 24 3 17 11 13 3 25 1 12 14 29 3 4 6 11 8 19 9 14 6 8 27 23 10 2 12 20 6 0 4 19 19 2 4 12 15 22 25 17 26 9 22 14 0 8 27 10 12 20 7 13 11 27 23 20 1 29 19 25 2 17 19 30 7 1 18 23 11 8 18 20 24 0 6 16 4 3 1 1
6 28 4 20 15 22 4 17 11 27 3 15 26 1 11 6 0 1 29 18 20 17 9 8 8 19 4 20 17 7 5 21 10 18 18 17 15 30 29 24 16 20 23 21 6 20 20 10 8 18 19 16 7 24 14 24 1 5 20 24 25 30 26 12 11 21 27 29 29 16 26 13 19 15 22 29 5 29 26 26 24 25 23 9 11 26 30
7 22 28 24 4 28 8 0 22 3 26 21 19 12 17 27 7 20 27 26 14 18 12 10 30 8 30 22 9 5 11 12 6 24 2 10 29 6 27 0 29 29 6 28 9 3 15 29 27 1 16 6 17 19 21 29 6 1 24 11 27 18 30 14 16 1 14 27 0 10 5 4 21 19 9 27 3 4 3 2 19 1 26 10 5 4 12
20 4 6 16 16 6 6 8 30 26 0 26 16 19 4 22 2 16 19 23 12 2 13 3 11 5 3 22 14 23 27 20 26 2 5 15 24 3 9 22 1 4 18 26 3 19 29 5 1 6 2 16 1 13 1 19 25 21 7 5 6 27 10 22 21 24 13 4 21 27 18 19 14 22 4 6 19 11 27 17 30 18 18 13 29 4 25
20 25 6 21 0 18 27 19 14 20 26 9 21 15 7 27 25 5 1 27 8 16 25 22 24 16 6 29 20 29 26 29 2 9 13 15 4 17 3 11 6 2 27 13 7 15 8 23 0 19 13 18 19 0 19 30 24 6 3 0 26 7 25 24 17 7 17 10 26 8 15 17 30 15 9 6 13 24 24 29 1 1 3 8 7 13 14
12 2 24 23 18 30 18 11 12 16 4 25 9 25 2 28 18 24 21 8 4 10 0 19 20 27 18 0 12 15 25 0 5 15 8 21 15 4 7 28 14 2 15 10 21 8 11 12 29 28 0 22 20 9 15 17 13 10 8 2 10 15 17 0 0 5 5 9 18 8 9 4 18 8 16 19 11 6 24 9 2 27 19 21 26 19 23
5 26 18 0 2 0 29 8 19 13 4 4 15 11 13 8 23 28 5 18 23 12 1 7 10 10 1 20 7 16 30 7 29 30 17 0 18 6 2 6 27 4 14 14 27 21 0 8 22 8 1 2 14 20 6 17 17 2 17 24 16 29 9 12 2 0 5 17 6 7 25 5 10 20 15 24 19 4 25 3 3 12 10 11 12 5 24
12 19 9 15 6 27 5 19 7 2 12 12 20 14 27 11 27 3 3 11 8 29 21 0 14 9 6 11 21 16 18 25 9 25 25 26 22 1 19 2 30 23 1 26 1 12 28 6 22 20 2 2 17 27 5 0 27 30 9 20 11 15 18 10 27 20 5 7 16 1 11 24 26 7 5 17 6 3 17 20 28 28 0 29 15 29 24
27 15 11 13 10 8 27 28 1 30 20 21 1 29 25 24 9 21 17 6 23 9 8 1 4 5 20 12 27 24 9 12 21 23 9 23 21 19 10 11 24 18 15 29 2 7 1 9 30 6 4 17 5 18 15 30 3 10 26 7 1 23 11 13 21 3 4 30 10 17 28 2 8 18 28 20 21 12 15 24 4 17 25 9 25 2 25
30 7 26 7 18 29 7 14 4 6 12 14 12 25 28 17 27 8 16 30 30 7 17 10 18 3 0 7 8 0 6 3 5 11 27 23 15 30 0 18 6 3 24 2 25 5 12 28 3 14 2 9 21 9 26 17 9 4 18 7 1 15 22 27 6 3 9 11 5 3 22 6 8 13 1 8 13 9 25 18 7 29 14 23 10 25 8
8 12 29 30 9 27 8 3 30 28 8 6 5 12 26 24 14 12 25 30 9 5 25 0 9 20 13 29 13 3 13 24 0 27 26 21 9 17 27 17 8 1 16 9 25 29 12 2 5 14 1 4 1 7 4 11 4 25 1 5 17 23 4 1 0 27 0 3 29 21 6 29 20 23 15 19 29 0 22 5 9 0 30 25 23 16 18
10 15 0 26 9 19 26 3 14 14 21 4 14 12 3 8 0 27 13 2 7 9 2 9 3 10 2 1 3 16 29 7 23 4 25 19 24 27 12 2 27 13 13 25 13 3 8 20 18 9 9 12 4 29 30 14 11 16 17 16 8 0 24 14 10 8 11 7 13 25 1 11 4 28 16 26 13 13 27 26 16 6 19 10 23 1 8
3 21 25 22 24 9 0 29 28 12 16 2 28 0 3 23 5 21 26 13 26 1 18 5 26 19 17 16 11 8 0 11 7 14 4 1 9 27 26 19 10 2 8 6 5 24 13 0 1 1 11 25 26 29 24 20 18 29 7 12 4 16 2 17 22 26 6 27 28 13 26 5 9 8 26 16 6 0 10 21 12 22 10 25 14 20 13
26 14 26 15 1 20 26 2 12 3 30 30 5 30 14 7 0 12 9 4 10 8 28 17 27 12 25 1 5 2 14 11 11 7 6 5 10 28 5 18 4 24 21 19 2 11 9 19 9 30 9 6 12 25 26 6 16 30 0 25 0 8 13 28 5 2 30 11 11 28 5 24 0 25 14 23 15 3 19 11 1 19 25 18 6 17 15
25 2 11 30 13 0 9 3 24 11 10 25 6 18 9 12 9 26 23 0 7 30 27 14 8 17 3 2 13 1 26 28 28 17 5 8 0 9 13 12 20 15 11 4 5 16 16 17 1 5 22 12 26 21 9 20 4 2 27 22 15 14 26 17 16 15 17 25 23 14 28 13 6 6 9 30 1 26 21 21 23 22 10 15 9 2 6
16 11 19 20 3 29 1 25 29 17 22 25 25 22 9 25 0 26 6 30 10 18 0 14 5 5 4 17 15 2 1 27 23 11 15 7 19 9 26 21 16 0 30 21 20 11 1 9 9 15 1 28 27 5 1 19 0 21 27 22 10 14 19 7 5 21 19 2 19 6 13 7 17 26 11 11 28 0 3 11 19 8 12 21 6 15 6
