88 88
3 27 15 1 26 11 18 3 4 20 8 4 19 27 16 13 14 18 10 13 17 19 21 5 5 12 9 1 22 14 22 17 18 9 14 11 7 30 11 25 0 9 9 19 26 23 29 14 6 29 28 1 24 1 8 30 16 7 21 28 10 28 17 21 5 19 12 8 20 7 9 3 11 28 5 25 2 27 3 11 6 22 4 1 30 4 20 8
5 3 22 10 29 3 20 11 5 10 17 25 3 11 14 8 0 2 30 14 19 13 7 29 5 23 16 27 16 24 12 24 7 11 24 6 21 14 13 3 19 19 27 0 28 22 2 3 7 3 9 28 22 13 12 3 23 12 23 21 12 14 23 2 6 8 8 26 19 29 8 25 18 16 15 20 8 19 8 19 2 12 19 2 15 16 19 28
20 13 0 29 15 22 19 22 7 10 29 9 19 14 25 11 0 11 22 19 22 27 5 12 5 12 29 13 17 5 2 14 3 29 28 22 26 10 30 28 25 7 8 1 30 7 0 10 21 18 14 21 27 28 4 27 22 23 15 9 9 26 5 0 10 26 2 23 20 9 2 10 5 20 22 3 8 2 12 6 24 6 0 3 14 19 17 13
16 25 13 5 0 15 13 7 8 19 30 9 20 18 4 24 6 30 4 23 19 21 2 22 20 30 27 29 1 8 11 2 22 19 19 20 29 25 1 17 6 8 4 27 19 18 3 9 25 11 24 8 14 21 25 3 24 15 15 10 28 11 12 10 1 3 19 23 0 7 3 15 26 11 12 19 20 6 28 2 6 28 9 30 6 13 4 3
0 24 14 4 30 19 6 9 17 8 19 15 2 16 12 13 9 0 8 10 30 9 20 8 6 18 9 2 3 5 11 11 24 24 27 1 0 6 14 23 16 0 17 7 24 24 12 7 23 11 15 25 28 6 27 4 12 7 26 13 26 30 11 8 1 26 28 2 17 18 16 18 17 16 30 9 25 14 5 30 2 19 11 1 11 1 15 20
14 23 14 6 22 4 15 24 9 10 29 0 30 27 5 2 0 0 13 26 9 5 23 19 27 4 13 18 9 29 0 30 9 4 6 8 21 6 11 28 15 11 4 3 15 17 1 26 14 7 26 24 15 3 19 30 13 12 26 28 24 0 8 16 1 19 2 25 23 19 18 16 5 22 15 26 0 16 21 6 1 3 14 20 14 14 20 29
14 14 24 29 7 14 8 25 6 0 24 5 30 27 17 20 17 11 30 23 17 18 22 1 18 12 16 21 19 22 9 27 24 20 17 3 29 15 9 2 29 1 24 9 9 11 17 7 24 6 20 11 7 11 13 22 16 3 5 17 14 23 2 23 19 16 29 27 6 3 3 6 13 27 17 25 23 24 16 11 2 3 4 2 0 0 14 22
24 18 26 7 0 29 0 21 21 17 27 29 12 22 30 6 11 7 22 4 20 23 20 1 5 26 7 18 8 24 1 28 20 12 24 17 26 21 9 30 13 23 10 5 21 15 16 5 17 23 21 30 12 29 6 28 24 8 0 25 27 24 4 6 16 14 17 16 24 29 20 2 30 13 9 11 24 2 10 22 14 29 19 4 8 16 29 30
20 0 6 24 14 19 9 22 28 30 21 24 9 23 17 24 4 1 26 28 20 28 1 17 11 23 30 2 6 20 10 3 11 7 20 9 19 13 23 11 18 20 10 28 21 13 1 0 0 20 14 25 19 16 7 24 14 23 6 14 11 4 4 18 29 11 16 1 3 27 2 18 20 3 24 17 3 28 30 11 28 4 12 5 19 21 16 22
12 6 4 16 9 11 30 24 29 20 8 26 25 4 29 12 24 21 25 20 5 19 21 27 3 23 28 21 11 8 21 13 12 18 28 29 15 27 16 20 22 1 30 15 21 30 4 3 24 11 8 7 14 27 7 4 19 28 23 24 28 18 17 20 21 12 30 3 11 13 17 15 27 17 0 21 11 16 19 12 11 4 24 21 0 23 4 21
23 20 8 13 1 24 10 21 22 8 20 0 12 10 21 3 24 17 20 23 27 8 19 10 28 26 18 4 30 29 2 0 19 25 27 9 29 0 22 26 14 27 25 24 27 2 2 2 1 7 26 4 13 25 4 5 8 11 24 3 14 22 28 27 4 24 6 6 6 9 10 0 15 11 11 6 9 29 10 23 30 1 14 7 5 2 29 12
28 28 2 21 16 12 25 13 12 29 0 29 19 8 5 22 20 6 13 0 14 19 20 14 21 13 14 16 2 14 23 28 15 4 4 29 0 10 24 12 4 14 25 12 26 9 1 24 29 6 1 24 29 11 6 13 9 3 1 7 10 29 21 8 10 3 24 19 23 12 30 22 15 16 14 7 4 7 18 18 28 12 9 10 22 22 24 25
24 0 16 0 26 22 3 12 0 20 11 12 13 7 26 14 6 25 23 10 24 13 10 12 17 21 10 22 19 0 8 0 8 7 12 5 6 6 30 10 23 27 16 12 4 15 17 9 21 22 11 27 0 14 21 2 25 7 13 3 21 9 2 20 24 13 21 20 6 16 10 2 3 5 13 7 25 15 17 6 23 30 26 30 4 10 0 9
20 17 10 30 2 19 17 3 29 15 24 2 21 18 11 29 17 19 11 23 1 19 25 28 10 28 1 14 30 17 4 1 27 15 1 8 27 23 0 28 1 26 30 9 2 9 5 14 0 10 15 25 16 5 11 4 22 8 19 14 29 12 8 25 20 30 16 23 22 18 14 23 3 24 18 8 15 19 12 8 1 1 15 19 1 22 25 14
3 0 9 23 11 9 12 7 8 24 9 10 11 19 26 10 3 10 6 12 16 0 22 30 16 21 2 7 3 14 4 11 27 24 18 12 18 6 10 4 28 5 13 26 3 2 28 28 7 1 19 16 14 10 0 2 0 5 23 21 19 26 9 3 24 28 18 12 1 9 10 6 0 30 20 26 12 4 13 0 2 26 10 25 23 0 13 9
28 10 2 29 1 7 19 12 11 24 3 20 27 3 18 12 28 20 8 25 10 3 0 13 5 18 4 9 12 22 26 4 12 22 3 16 19 4 8 0 18 29 23 26 7 3 0 27 15 1 12 14 15 30 21 13 15 0 30 23 13 16 20 14 15 7 15 0 1 2 17 25 28 11 26 19 0 17 29 7 13 1 2 22 27 11 29 12
7 11 13 5 1 25 10 12 22 21 2 29 3 14 18 27 2 29 10 11 19 18 21 10 23 8 27 16 5 14 8 23 17 23 17 14 13 19 15 14 7 25 13 3 18 14 9 27 29 27 14 7 26 13 21 5 13 18 2 21 12 17 23 10 29 21 0 10 23 13 24 22 15 20 17 15 14 21 13 25 22 20 12 1 1 14 4 13
28 17 11 25 18 0 15 26 20 1 5 24 21 30 26 2 15 18 16 17 29 17 27 14 22 30 15 5 4 16 16 4 21 1 7 14 17 16 16 3 1 17 16 3 7 24 16 30 23 11 19 13 26 6 10 13 1 14 15 11 2 7 13 27 24 21 17 16 16 21 30 7 23 16 18 25 27 20 14 10 29 2 23 16 13 20 29 5
19 9 8 26 11 29 9 8 28 11 14 17 19 21 19 1 17 12 30 1 25 8 3 17 12 24 10 8 29 2 9 17 29 10 7 30 27 14 8 11 27 28 30 26 9 30 15 29 0 18 15 13 3 7 5 3 7 1 12 20 18 3 27 12 24 2 4 14 13 18 22 17 11 17 17 8 18 29 5 4 20 21 18 27 2 3 9 29
26 26 26 7 13 3 8 21 18 6 16 13 18 18 28 16 25 25 24 21 12 20 9 0 7 14 1 5 19 29 2 24 18 16 8 6 2 26 11 24 13 13 5 14 2 23 0 21 24 25 3 1 7 28 22 19 14 20 29 17 8 20 27 19 5 22 8 17 16 6 17 7 25 6 16 4 24 11 15 8 1 3 7 14 30 19 20 8
30 8 21 3 19 6 29 30 13 27 7 16 0 8 4 2 30 18 24 8 4 8 26 6 10 12 28 20 1 23 25 6 6 8 6 19 21 5 10 7 20 0 9 0 13 14 29 28 30 11 29 12 10 7 10 20 9 23 4 21 24 10 29 26 15 1 30 18 28 10 10 25 11 0 1 9 28 20 28 4 13 2 19 9 14 17 12 28
13 1 30 21 20 17 13 5 7 2 18 13 23 6 1 27 29 27 25 4 5 15 2 11 15 15 5 5 12 22 15 23 5 12 18 28 14 1 27 20 10 12 9 29 2 9 4 5 25 14 18 25 17 0 16 9 9 18 4 11 15 7 15 27 17 10 4 6 22 10 14 12 8 29 12 29 13 13 11 17 4 8 10 18 14 9 6 9
1 30 24 6 18 18 24 12 14 21 23 6 10 17 11 10 23 20 2 26 17 6 1 0 14 17 8 13 7 7 19 17 0 8 30 1 28 3 15 1 1 23 3 10 27 11 18 26 5 14 19 9 26 13 25 20 22 16 16 7 23 2 9 1 2 17 7 9 6 26 10 26 4 14 15 29 22 23 17 28 18 12 25 16 30 2 19 22
4 19 27 25 18 1 5 11 5 3 9 9 27 29 28 6 15 21 12 29 26 27 19 1 4 26 17 9 1 5 17 4 14 19 10 3 13 13 10 18 11 7 16 25 20 29 10 11 29 16 1 16 15 7 23 8 21 0 29 0 16 26 2 28 3 6 17 22 12 16 28 7 26 3 16 13 25 15 14 11 23 12 19 3 5 10 0 26
20 10 11 24 6 30 20 3 14 13 0 5 0 13 1 24 0 21 14 1 4 1 19 19 22 16 4 23 27 13 19 28 22 5 3 18 25 0 3 2 15 15 4 19 18 6 25 20 8 8 10 25 16 25 28 16 12 1 17 23 15 21 20 0 0 17 12 17 22 3 4 24 1 4 24 3 4 15 16 26 23 15 12 5 14 24 6 17
17 17 0 24 30 29 24 21 15 0 13 2 0 3 24 9 27 10 28 11 16 23 2 20 30 16 30 28 30 10 10 4 18 25 13 14 11 26 20 7 3 13 2 14 8 4 6 1 2 22 3 19 19 10 21 16 25 23 23 16 19 15 10 12 14 28 7 15 6 17 1 12 27 22 3 4 15 30 19 19 1 6 24 10 13 3 25 13
14 2 19 13 12 19 17 14 2 23 12 2 15 6 7 10 3 20 18 16 28 5 19 9 27 15 17 5 23 26 29 17 6 27 23 1 5 21 25 16 0 10 11 2 26 3 27 25 0 20 11 16 7 23 13 27 29 19 23 11 30 15 11 16 20 15 0 26 13 1 11 9 25 23 30 13 4 26 15 18 22 5 23 9 22 24 4 8
18 18 4 29 8 17 13 26 14 6 13 28 9 9 3 11 20 8 11 3 29 5 8 1 11 9 23 8 2 16 24 23 2 20 19 22 10 5 9 11 0 11 25 9 15 17 11 8 27 19 21 8 6 9 28 3 2 12 3 5 15 23 1 19 22 25 20 0 15 7 6 29 20 8 24 30 30 10 6 3 28 12 2 19 2 25 24 7
18 24 23 5 24 22 17 10 14 29 30 23 28 9 3 25 17 23 24 9 29 16 22 2 15 3 5 29 20 28 5 6 6 18 28 2 5 5 2 11 15 18 23 25 10 29 15 8 3 8 11 22 19 17 30 15 11 7 2 1 2 29 28 11 10 20 11 15 20 27 7 15 21 9 25 3 7 14 18 12 1 18 15 29 21 19 22 2
19 10 12 7 22 2 26 0 24 16 17 4 4 14 19 8 9 2 27 25 23 2 29 14 12 16 11 6 14 24 24 4 23 8 19 19 20 21 26 4 17 26 27 8 27 24 16 22 4 17 11 20 12 1 17 1 3 0 28 16 14 12 6 23 16 27 22 15 14 14 21 5 3 20 20 14 7 7 15 13 25 1 26 29 24 25 6 1
14 28 23 24 26 16 11 16 3 4 17 23 15 21 30 5 6 10 18 13 24 22 5 14 6 16 7 19 25 11 11 10 21 27 5 4 2 1 26 10 5 2 22 8 7 13 24 29 30 21 15 24 17 27 15 9 16 1 11 28 2 15 14 13 2 28 0 25 5 22 26 23 25 18 8 16 16 0 1 23 0 10 29 2 13 14 6 23
0 6 22 4 27 11 20 20 12 4 4 2 28 26 0 5 25 18 18 27 15 15 13 27 6 29 14 30 0 25 13 2 7 7 29 29 20 30 7 30 30 17 29 30 5 12 10 16 25 13 23 25 8 11 10 19 7 26 27 25 16 7 3 21 14 11 25 5 2 2 1 28 11 16 8 1 21 3 9 7 24 27 1 3 2 30 26 26
4 1 8 12 14 27 25 16 19 8 21 30 4 24 24 1 15 27 15 30 10 26 15 22 20 29 17 29 29 3 8 25 22 21 20 12 1 8 10 15 26 14 13 3 9 27 28 9 5 22 28 7 20 15 14 12 28 14 1 12 23 4 25 4 8 22 29 20 20 12 2 1 4 5 25 11 0 26 12 20 19 10 20 30 2 1 4 2
1 9 0 5 25 4 16 28 27 28 0 28 21 26 3 18 23 17 10 7 27 18 7 1 23 16 2 26 29 24 16 19 14 22 17 26 24 16 16 7 23 12 16 9 26 25 11 28 6 26 3 14 30 28 17 18 1 18 11 22 8 11 19 29 11 9 25 10 8 23 29 21 2 6 6 12 1 17 5 29 7 12 1 7 1 5 26 29
22 1 17 25 27 29 16 14 21 16 23 16 9 12 26 20 10 12 23 17 23 16 22 1 27 14 22 0 14 15 30 15 14 3 28 18 9 15 7 8 30 14 3 20 8 23 10 20 19 2 23 20 28 16 28 5 16 10 28 24 16 18 21 13 3 2 9 3 24 26 4 10 11 20 14 25 30 12 16 19 20 21 6 4 27 14 28 2
25 21 5 18 20 29 22 28 23 16 4 5 11 4 25 25 24 28 22 6 5 5 20 7 8 9 11 3 9 19 27 15 29 11 27 2 27 18 27 22 10 23 9 5 8 24 16 16 18 4 25 9 8 20 0 0 27 18 4 20 27 3 2 15 14 3 28 2 11 15 6 12 5 9 4 10 21 27 0 14 30 19 11 10 18 13 0 24
14 26 16 1 17 23 11 0 8 16 16 17 27 4 18 19 1 21 30 4 14 30 23 2 4 3 28 14 22 29 4 4 12 7 18 1 24 2 12 0 22 0 30 0 1 15 5 29 28 8 11 29 17 21 15 16 6 9 28 9 16 6 25 2 0 24 4 20 13 9 16 0 14 4 19 11 10 19 21 27 3 21 15 20 23 18 28 1
6 5 12 4 26 19 19 6 19 21 6 15 18 3 25 11 3 7 14 29 8 10 4 22 28 14 26 17 22 20 11 26 22 27 1 22 7 29 17 15 0 24 30 14 18 9 7 24 22 24 10 7 23 16 8 11 22 30 18 18 13 18 23 8 25 8 23 23 2 5 2 20 16 15 28 16 28 3 29 24 26 25 0 14 12 20 14 16
23 19 11 11 5 27 16 28 9 20 0 12 2 25 23 27 11 14 24 20 2 26 23 22 4 18 18 2 24 4 26 9 30 5 15 5 30 22 4 21 8 25 25 2 20 9 17 26 15 9 12 6 25 5 12 9 16 5 30 20 13 27 9 24 23 11 22 17 29 12 9 17 13 20 17 9 13 1 23 24 3 24 16 13 0 15 6 11
19 28 5 24 25 12 10 5 0 8 18 0 14 3 20 1 18 2 26 20 7 10 5 5 18 20 25 3 3 24 5 30 10 29 1 23 0 28 23 29 2 6 25 18 0 7 7 10 7 18 9 29 7 12 18 16 1 18 22 23 15 17 27 23 7 22 28 9 25 24 23 19 26 8 9 7 22 2 14 10 30 25 30 9 26 29 1 14
20 3 16 4 7 11 8 19 0 24 2 5 30 24 11 24 2 1 7 23 20 30 30 8 21 4 22 15 5 30 3 14 2 29 16 20 21 2 2 9 11 18 25 5 19 26 7 28 10 26 14 9 16 5 2 11 2 17 0 19 20 23 2 2 4 13 19 29 27 11 8 24 7 13 25 12 8 0 18 28 1 4 28 7 4 23 28 3
24 23 19 30 21 3 4 16 13 20 25 6 30 7 23 14 12 28 8 7 11 26 14 23 11 9 27 2 11 22 11 18 18 25 29 9 24 2 26 17 27 10 29 29 8 20 20 2 24 21 28 6 7 9 23 10 13 29 8 1 6 18 28 17 2 5 5 22 10 3 0 18 10 23 29 6 8 6 20 0 26 26 24 14 18 7 13 21
9 23 26 27 22 9 25 5 20 22 19 2 6 30 3 4 13 1 6 27 30 26 22 12 19 3 16 17 3 3 10 10 7 18 2 15 29 24 0 19 17 12 17 3 22 6 16 25 9 16 16 7 30 18 7 27 12 28 28 6 2 9 9 12 21 13 7 0 22 16 24 20 24 6 0 11 20 26 23 25 10 26 0 5 10 27 20 5
30 13 8 29 16 22 8 17 23 30 4 13 26 11 0 12 28 11 6 19 6 30 25 23 11 4 21 5 30 28 12 30 26 27 2 25 25 28 9 19 10 28 22 15 21 28 5 6 18 6 26 26 8 20 16 8 24 19 21 28 26 15 24 9 13 30 8 15 18 12 23 27 13 5 19 8 0 9 23 10 5 29 30 23 5 7 23 15
22 29 14 23 29 28 27 21 0 27 19 14 8 4 7 11 13 13 20 27 5 18 1 9 2 8 9 5 18 20 5 2 28 0 30 10 1 19 8 18 11 28 15 7 20 10 24 1 1 14 2 12 17 23 22 29 1 20 16 9 17 1 14 25 16 10 17 2 12 6 15 23 14 18 26 2 10 30 13 1 2 14 9 28 20 29 3 8
11 21 5 21 8 18 4 3 10 5 14 11 11 11 24 5 17 20 6 6 0 3 17 1 21 16 14 29 13 9 14 8 10 24 26 5 0 0 21 12 16 10 8 14 20 17 0 15 4 6 14 5 6 29 24 10 9 0 1 27 11 20 0 25 10 22 26 0 7 16 12 26 6 18 13 3 14 24 11 20 11 18 5 0 13 15 6 22
3 18 30 25 8 9 29 30 23 5 9 3 10 28 10 19 21 18 4 17 5 4 15 12 9 12 7 8 17 21 23 18 15 17 8 17 18 14 19 11 14 23 18 6 17 11 0 18 25 12 0 18 12 6 14 24 9 24 5 7 10 29 5 8 12 24 19 20 22 9 12 21 4 28 27 10 27 29 5 29 11 16 28 15 26 6 23 10
10 28 18 11 9 30 15 22 24 0 21 15 14 17 30 9 9 17 1 16 29 8 23 8 22 22 7 7 19 6 24 8 5 23 10 6 21 19 2 26 18 12 20 25 23 23 17 23 3 17 2 22 2 13 12 14 4 23 15 13 25 29 20 28 13 2 0 22 20 22 25 10 21 18 6 21 24 17 20 20 17 25 14 13 10 12 22 5
9 16 20 14 25 7 29 24 0 29 6 24 13 2 3 12 7 14 21 21 23 13 24 19 28 23 1 7 29 16 14 26 0 28 22 8 25 29 23 11 29 0 22 6 4 21 8 5 14 26 1 19 0 23 4 30 24 23 11 14 17 12 6 22 21 24 0 15 20 10 10 17 1 19 23 25 7 7 6 24 23 27 18 25 3 23 18 8
4 25 18 23 0 9 29 20 6 18 12 19 5 15 2 1 16 3 6 19 10 26 11 22 22 27 7 5 7 25 10 1 7 22 13 0 0 29 25 16 27 25 8 8 29 26 12 1 6 2 14 0 5 15 16 28 18 16 3 11 24 7 12 26 21 26 18 3 25 3 29 28 28 16 10 10 24 9 7 6 10 3 20 9 8 9 17 27
13 30 3 20 7 2 0 19 21 30 24 14 28 2 7 0 6 10 20 14 8 1 21 0 14 18 24 3 21 7 7 13 5 18 18 2 4 12 5 3 17 2 0 12 26 8 30 1 3 1 11 6 23 2 5 12 19 18 26 9 5 28 21 16 12 24 14 25 27 26 7 18 2 16 24 29 21 1 16 2 24 20 1 9 0 0 2 6
9 3 1 27 9 28 11 21 4 26 22 11 14 14 10 15 2 12 18 6 24 30 30 5 2 25 7 27 27 13 0 25 14 18 8 6 15 7 11 26 22 23 4 26 18 8 26 20 9 12 0 0 17 29 29 7 11 21 22 11 25 21 13 22 3 14 3 24 2 19 18 5 16 11 4 3 7 11 5 17 21 20 6 10 28 1 24 8
27 0 14 24 27 7 0 23 21 5 4 25 0 30 5 30 19 15 25 28 19 28 10 25 19 12 26 17 0 20 12 19 0 14 23 21 26 15 20 10 15 25 14 13 2 6 15 29 11 19 22 15 15 27 19 15 10 8 20 4 11 2 18 25 12 23 8 7 11 6 15 11 26 18 21 26 24 10 30 14 0 13 25 13 11 3 30 5
14 1 5 23 29 27 25 17 14 22 17 0 16 28 4 25 16 12 21 7 5 4 17 20 11 14 8 15 25 20 4 0 29 5 16 30 28 18 7 2 5 29 27 18 24 30 23 25 3 15 21 6 29 26 30 1 2 10 24 1 29 13 24 17 26 23 1 23 25 16 22 3 14 5 28 25 14 4 24 0 20 1 7 27 23 5 20 21
22 8 9 1 12 19 15 30 12 6 1 18 13 5 2 29 18 14 11 15 2 14 11 14 27 6 0 27 30 22 27 24 13 12 12 25 24 7 30 13 5 5 25 21 12 16 9 8 1 8 25 28 27 12 16 2 6 3 19 27 25 15 5 2 10 25 15 11 24 15 23 28 14 28 15 7 10 22 27 2 20 28 11 17 25 0 18 4
22 11 18 22 8 28 3 28 24 0 7 24 20 22 20 4 15 5 17 13 11 26 7 20 28 21 28 15 13 23 0 28 18 12 19 15 7 21 1 7 15 9 18 6 18 18 8 4 7 30 29 5 2 27 1 13 15 16 16 23 22 16 18 17 27 22 3 29 2 30 18 27 28 28 29 5 18 12 20 11 14 2 25 1 26 2 10 15
17 4 11 0 7 8 2 23 28 18 26 2 11 30 3 25 13 10 15 29 10 30 29 21 23 17 30 22 30 20 1 4 9 28 30 5 24 8 13 21 9 3 10 16 4 5 28 25 5 12 2 7 16 10 21 12 26 2 30 11 1 1 5 10 24 16 20 3 29 18 15 15 21 20 10 14 6 16 24 11 9 9 2 29 28 12 21 24
22 22 21 7 0 17 24 14 28 13 17 1 17 10 23 13 22 29 3 6 9 25 9 28 22 29 23 28 16 5 27 10 0 5 2 16 1 24 13 15 25 7 28 13 25 20 26 6 7 21 25 20 11 18 29 8 28 9 5 16 29 9 3 26 19 10 23 19 17 17 12 20 25 7 1 28 24 6 22 6 25 1 17 12 19 24 30 22
0 20 22 29 18 18 21 8 14 28 16 8 30 27 24 25 11 23 25 10 26 25 25 14 10 21 25 19 17 11 12 2 30 0 19 5 6 17 4 28 26 1 13 30 2 5 0 11 5 24 24 8 2 3 27 4 22 22 1 26 5 3 8 6 16 7 22 12 7 17 22 11 1 7 23 2 17 29 13 19 16 8 21 18 2 17 2 13
21 26 22 3 12 14 18 25 23 2 28 29 3 29 8 21 4 11 16 11 1 4 22 0 19 23 7 13 23 26 17 10 9 10 11 4 3 0 22 4 25 18 0 25 10 28 19 30 26 30 22 6 23 19 22 5 29 8 14 29 8 8 11 14 27 8 12 17 9 20 0 7 16 9 22 22 18 13 21 10 5 23 7 22 28 19 8 13
8 24 12 23 3 2 22 30 18 0 23 23 16 28 28 26 15 27 1 24 12 12 9 29 25 8 4 16 11 21 0 8 5 27 16 30 5 25 6 12 23 15 19 28 1 14 15 3 5 27 21 16 3 22 30 0 7 11 17 15 23 16 21 18 30 9 14 30 21 13 21 11 10 19 17 9 9 6 20 25 0 22 5 5 12 13 14 24
6 20 30 23 9 27 20 13 19 17 25 28 30 16 21 2 14 6 26 23 19 2 8 9 26 29 21 6 6 4 28 18 21 26 15 14 0 7 4 26 15 19 30 0 26 6 13 10 15 15 7 30 1 24 22 15 17 5 16 28 24 0 29 21 5 3 2 30 22 1 13 27 17 15 19 22 7 16 23 16 8 15 29 14 0 15 25 22
12 17 8 18 7 19 0 0 6 2 16 18 24 12 28 27 6 6 20 2 20 23 30 19 29 23 30 2 7 11 21 30 8 19 29 24 4 4 7 29 20 9 14 9 4 21 13 0 15 30 0 22 17 11 1 15 3 1 7 24 24 9 2 17 18 25 23 15 29 28 3 7 30 20 4 29 19 28 19 21 24 20 30 9 3 0 3 7
27 14 29 0 20 11 16 10 21 26 2 19 29 18 17 4 9 16 26 15 18 14 8 29 1 24 0 19 7 26 12 29 11 21 18 10 8 0 27 14 29 28 16 28 25 23 26 27 1 1 4 13 22 14 16 12 15 30 28 19 18 12 7 13 15 21 6 19 23 16 11 0 0 25 3 21 30 13 5 22 17 3 8 12 13 11 4 5
6 7 1 7 0 18 22 8 20 26 29 2 12 25 20 24 8 26 26 16 5 21 25 25 2 27 22 18 0 18 4 16 18 25 30 24 23 21 1 21 16 27 24 21 17 6 25 2 23 27 4 29 4 14 10 18 20 15 8 16 24 14 23 22 24 2 28 21 19 23 25 26 22 0 17 16 16 1 5 16 22 6 7 30 30 23 23 28
12 28 3 16 8 17 10 15 8 30 4 30 25 10 11 15 9 5 29 6 4 19 16 20 4 20 6 9 15 4 10 29 11 29 8 23 23 12 22 3 15 20 9 9 9 20 11 6 29 12 30 5 15 10 18 26 11 23 10 25 16 22 26 6 22 22 9 13 12 24 6 15 21 13 5 26 14 10 6 20 4 27 10 20 21 14 6 3
25 0 24 2 19 26 23 12 30 15 14 11 0 13 19 23 10 24 25 10 20 4 0 5 17 30 27 17 3 23 20 29 25 10 10 2 4 10 0 0 25 1 12 21 13 14 25 26 1 6 20 8 28 16 6 16 23 18 2 30 2 18 18 16 21 15 14 20 21 11 9 20 22 8 7 0 4 4 7 23 13 17 9 29 9 17 29 17
5 11 23 27 19 0 9 28 4 13 16 24 25 28 22 29 12 14 7 7 1 1 5 7 13 18 9 0 26 12 0 2 18 10 7 21 25 9 6 14 9 0 7 3 25 10 18 11 0 25 20 30 4 30 10 7 27 9 4 10 4 6 25 19 5 23 28 15 13 23 30 6 4 16 0 20 7 12 28 13 24 19 21 6 28 9 19 0
2 27 4 7 20 9 1 4 1 13 16 0 21 10 14 25 18 12 26 13 28 23 12 9 17 11 18 16 23 28 13 10 7 23 12 5 5 25 17 17 24 23 10 6 2 20 26 29 23 5 29 5 4 2 30 18 27 25 15 2 11 0 26 16 28 26 11 7 20 23 2 21 13 2 3 20 6 11 24 12 5 2 14 7 15 22 21 12
3 9 11 11 21 23 21 18 1 9 21 23 17 17 29 20 26 27 3 27 30 9 2 29 15 11 4 9 14 20 12 6 2 17 24 11 23 30 3 4 2 26 25 7 30 28 5 24 26 28 12 21 30 1 12 11 22 22 18 7 15 30 4 27 15 22 3 30 13 1 9 17 21 5 22 19 4 11 27 1 18 11 29 27 15 7 27 13
15 4 22 9 24 6 19 4 4 20 18 15 28 12 27 22 29 13 15 23 19 23 15 26 14 1 6 17 3 23 0 18 27 1 0 16 30 13 13 25 15 21 0 18 15 15 7 9 17 26 27 27 3 20 13 27 12 9 24 26 1 9 8 3 24 19 18 20 22 8 22 17 19 7 18 27 20 25 15 23 10 6 25 27 6 27 30 20
30 20 17 10 4 6 8 0 29 29 6 18 29 5 1 8 19 10 7 2 5 24 7 18 18 28 11 6 28 25 1 6 28 2 14 6 27 18 21 27 13 22 21 4 27 3 15 12 29 17 18 17 17 21 14 23 10 14 28 13 22 7 5 20 26 1 6 6 9 8 2 5 10 23 27 2 15 6 28 17 24 13 15 6 5 5 27 27
28 4 1 24 3 4 4 30 5 25 24 7 18 21 24 19 4 20 13 12 29 6 0 12 4 2 19 6 19 24 30 19 6 24 13 14 21 25 29 26 28 21 11 24 19 14 20 10 12 22 6 15 26 4 5 0 3 2 27 14 7 1 5 26 25 12 30 28 5 29 12 21 24 3 23 18 5 11 30 16 8 29 25 23 20 23 9 0
4 9 13 14 4 7 17 24 16 20 18 2 21 9 4 19 30 24 0 10 5 0 17 22 29 4 14 19 28 0 28 17 3 30 25 10 9 28 29 9 18 30 22 20 8 25 0 12 1 2 22 11 2 26 8 8 16 26 1 0 20 24 25 14 17 0 24 1 10 4 4 0 15 8 22 13 7 5 28 14 6 6 12 19 27 0 8 30
20 1 28 20 27 16 1 22 11 21 0 8 7 24 20 19 26 20 30 11 24 15 28 0 2 5 22 3 11 9 3 17 27 28 10 9 10 23 2 30 28 5 25 19 25 29 14 25 20 16 30 16 17 9 22 6 19 14 25 3 25 19 25 19 19 28 23 23 11 13 18 3 14 15 18 30 11 19 29 22 22 29 22 13 12 11 9 27
13 27 13 13 0 27 13 7 4 4 26 8 20 11 28 29 4 22 16 9 20 8 9 16 25 8 14 5 3 30 5 20 16 1 26 17 25 17 16 18 19 10 12 3 27 4 24 22 26 22 29 15 28 22 28 29 14 0 29 16 20 27 24 27 8 23 14 11 10 17 19 21 26 21 30 29 11 6 19 13 20 15 2 12 11 5 16 18
26 6 9 20 1 1 3 11 24 22 6 25 18 14 24 9 30 11 29 4 22 7 4 8 7 20 24 3 18 29 27 22 29 4 18 8 7 30 6 15 5 12 17 26 17 23 3 1 30 9 12 21 19 5 9 18 14 21 1 11 23 19 25 4 1 14 0 9 28 25 4 5 17 19 1 18 3 3 27 0 6 3 11 13 14 2 13 26
6 19 26 1 13 7 16 13 9 4 7 10 24 12 6 24 18 2 1 25 5 27 5 5 11 27 7 16 6 10 11 29 0 16 27 14 22 2 27 17 26 30 21 30 4 21 23 5 18 15 24 14 26 13 10 25 21 4 0 10 25 21 5 1 13 0 26 5 9 5 30 15 20 25 13 3 13 4 21 21 14 11 4 9 7 29 23 10
6 9 29 5 8 13 26 28 15 13 20 2 0 23 30 15 12 22 29 11 11 18 10 3 23 18 5 13 27 2 22 20 24 27 5 26 10 10 8 26 17 11 12 1 11 9 3 13 17 16 6 26 12 27 22 10 25 11 22 8 0 10 23 9 20 19 13 27 28 10 24 3 17 4 27 10 19 7 11 4 11 28 19 29 0 19 20 24
28 3 11 21 11 18 28 0 4 19 22 19 2 19 25 28 9 15 23 23 17 0 16 4 26 5 15 25 15 18 10 30 13 21 12 20 3 9 7 7 2 23 20 30 0 27 24 17 7 8 14 24 3 9 7 5 17 22 4 10 23 26 14 4 21 2 30 18 2 17 4 24 10 16 8 11 16 19 25 27 19 21 9 8 29 7 14 5
10 2 29 15 28 9 24 18 18 28 1 3 25 1 1 15 24 7 10 10 14 14 28 17 18 11 28 22 5 7 22 17 9 1 19 29 8 2 22 16 21 7 4 18 13 0 29 7 25 21 28 24 22 26 23 3 0 16 30 15 21 26 14 27 20 22 10 9 30 5 6 25 20 21 13 1 12 9 2 18 5 27 11 15 17 2 9 12
2 26 26 16 17 24 6 20 16 3 26 2 17 24 25 13 26 0 1 21 17 21 29 1 1 29 24 7 19 28 13 21 12 4 8 11 9 23 11 28 24 3 10 27 12 20 7 22 12 0 23 8 30 8 3 26 19 27 6 29 0 29 8 1 16 20 2 3 13 9 18 24 11 6 2 4 11 18 16 19 4 3 18 25 22 26 6 21
0 10 20 28 14 4 20 12 13 5 15 11 10 2 29 5 22 30 10 11 3 1 25 11 3 30 14 27 17 0 14 3 7 30 8 0 0 20 7 24 18 5 17 1 5 19 5 0 4 2 17 21 1 20 17 7 27 22 18 30 22 15 27 16 1 19 20 12 0 24 2 26 13 11 20 20 13 25 28 8 21 12 26 19 22 19 28 4
12 1 27 17 26 27 14 29 27 15 0 28 5 27 27 27 30 14 3 9 23 18 27 4 4 28 1 0 20 2 21 21 18 20 20 20 13 2 21 5 12 25 12 7 14 16 3 20 29 9 7 6 9 24 4 21 29 11 20 20 22 28 2 16 5 9 25 27 19 7 24 8 15 10 11 24 23 23 22 21 27 11 29 15 8 24 0 4
3 25 6 22 4 1 3 5 25 19 30 7 7 29 26 12 24 26 1 17 2 6 11 30 24 4 16 29 22 4 6 23 30 17 14 30 11 9 11 16 29 3 2 6 7 3 5 5 20 26 28 16 2 28 28 15 2 3 7 21 23 27 16 16 27 4 21 9 12 30 8 1 23 4 18 25 23 19 8 13 29 17 21 25 2 15 5 13
24 17 16 2 22 16 28 13 23 2 17 6 27 16 16 30 29 29 10 4 8 28 30 18 1 24 20 28 18 24 23 23 10 18 25 14 22 11 14 5 25 5 3 23 5 20 19 28 23 12 19 23 10 3 28 12 27 3 7 28 19 15 16 12 9 3 8 28 18 23 6 0 6 4 12 22 16 2 10 10 10 4 17 24 15 14 30 10
29 20 19 22 0 14 26 13 25 9 23 1 23 14 15 5 4 6 19 9 2 15 7 3 14 16 1 12 17 6 14 16 18 5 5 25 14 5 6 12 3 19 29 16 6 7 17 11 13 20 17 4 25 9 22 1 12 25 25 10 3 26 22 1 24 4 22 1 26 6 9 24 16 6 21 0 9 8 26 23 11 2 11 24 18 14 25 17
5 29 11 18 10 7 24 6 6 29 17 13 30 0 27 17 6 9 23 8 9 22 8 14 28 13 10 8 30 6 13 23 20 7 7 17 15 0 12 20 15 8 19 0 27 22 15 21 20 14 29 24 9 29 7 18 21 9 21 18 25 5 23 28 30 7 28 17 30 17 6 30 30 24 29 19 25 27 0 2 29 18 2 10 17 7 12 23
