93 93
1 6 6 15 24 20 1 18 11 17 23 22 30 3 27 30 24 4 9 2 19 25 9 1 25 14 23 19 2 7 15 26 0 1 21 4 17 14 28 23 5 6 9 4 21 23 7 30 6 28 16 29 23 28 4 0 24 11 14 29 12 18 21 23 15 4 28 3 10 1 20 5 14 14 17 18 1 13 19 30 15 25 11 16 8 28 16 27 14 2 24 21 17
16 24 13 19 22 17 30 14 6 4 27 29 9 28 17 30 18 26 22 19 11 9 12 3 1 14 17 21 14 21 0 10 23 29 11 7 7 27 27 25 25 10 9 7 5 7 9 29 4 25 19 18 16 0 13 18 22 6 10 25 13 29 0 10 16 0 8 27 15 27 9 24 7 18 8 18 9 4 13 30 5 15 14 23 17 18 17 9 4 21 15 14 29
12 5 11 19 1 5 15 4 17 12 26 3 8 14 22 6 10 2 6 5 6 0 5 5 7 0 10 16 12 0 22 12 5 0 22 8 17 10 2 16 25 2 2 18 2 28 23 14 30 14 20 24 21 8 4 2 17 17 9 11 0 20 15 6 2 20 3 8 15 2 20 6 2 21 26 13 6 5 30 0 14 1 8 1 27 23 22 4 18 26 12 7 11
19 21 6 5 12 21 9 6 10 6 18 13 28 2 16 7 6 15 2 16 2 0 23 13 28 14 5 0 6 7 7 23 19 29 28 29 20 4 3 9 3 9 18 14 25 17 9 14 15 18 10 27 18 26 15 12 7 1 23 7 3 27 26 24 27 15 18 17 15 25 29 0 15 10 25 26 3 14 16 27 17 29 26 13 10 22 3 10 7 30 29 18 25
24 23 19 12 29 4 13 0 7 14 26 23 21 2 18 25 4 4 12 30 26 5 22 9 21 27 29 22 4 13 0 5 20 18 2 10 2 17 23 23 11 10 8 0 1 25 17 9 4 26 30 9 4 11 30 10 12 19 16 10 12 12 19 21 20 8 1 29 23 12 28 10 23 18 7 6 0 4 8 19 3 11 22 4 17 30 3 8 24 1 13 9 6
2 29 24 29 10 19 18 15 8 10 6 0 4 30 26 19 22 12 30 6 14 25 27 12 18 1 28 22 0 17 17 25 24 7 22 23 14 2 13 13 9 21 28 13 23 18 17 27 29 5 11 16 25 8 22 20 14 19 12 4 11 15 4 23 18 4 22 10 17 17 25 17 3 25 21 21 22 18 7 4 25 9 25 6 17 22 24 1 30 26 1 9 11
24 1 10 15 12 9 12 22 14 24 4 1 24 9 24 5 24 28 3 27 30 21 11 22 8 11 28 2 16 2 28 26 17 8 24 12 11 18 14 15 28 27 10 3 12 9 9 0 30 8 17 11 17 0 26 14 1 16 17 5 29 25 11 17 17 24 14 20 21 3 24 27 8 23 27 21 14 9 30 15 28 23 28 8 9 10 4 12 24 11 27 26 5
0 1 30 20 8 5 17 7 23 3 12 3 6 6 27 8 5 13 16 26 24 11 21 20 9 17 8 12 12 21 23 5 5 10 0 15 30 16 16 26 14 16 11 28 0 3 26 4 11 4 10 15 16 2 16 21 18 1 13 3 13 16 3 7 29 14 6 19 3 19 23 0 16 14 18 10 6 7 14 26 2 7 5 15 21 3 18 4 10 8 21 21 7
27 10 19 21 21 18 2 17 2 8 3 9 16 5 5 3 24 3 17 2 13 10 2 28 23 17 21 7 12 25 28 14 8 14 9 11 16 13 24 27 17 14 1 17 8 4 5 25 25 23 24 27 9 29 9 8 3 3 8 6 10 15 28 12 20 5 10 13 27 2 30 7 13 20 24 19 8 13 25 30 0 29 22 24 14 21 13 12 20 20 18 25 12
1 28 14 30 27 19 18 26 2 1 25 17 13 30 3 2 14 28 29 18 21 19 1 23 21 16 29 20 18 26 7 25 19 12 18 8 16 23 29 20 13 6 17 5 30 18 6 5 28 29 18 24 20 29 12 16 17 30 1 7 15 3 26 27 20 25 19 22 28 11 17 9 6 25 1 2 16 26 21 15 12 26 5 26 20 25 30 26 9 4 11 28 6
5 2 25 5 1 0 21 17 23 13 1 5 2 28 6 3 12 29 20 17 16 25 12 24 14 1 18 19 26 0 11 18 24 27 18 6 9 26 11 0 22 8 23 18 0 16 30 24 6 29 8 27 27 11 9 20 30 12 8 3 1 2 13 16 9 1 3 23 0 29 5 24 23 16 26 21 16 8 10 16 13 13 4 9 9 27 19 30 3 1 22 10 24
14 20 21 5 3 14 15 13 29 5 23 7 5 17 9 13 15 12 1 23 23 17 6 16 14 25 0 27 2 10 27 22 11 5 27 11 25 17 8 0 20 7 12 6 24 5 11 23 16 19 20 0 30 8 17 1 20 19 3 9 7 16 12 20 20 24 26 10 5 2 30 28 0 15 16 19 18 4 7 11 19 3 28 15 10 28 30 14 12 1 9 10 27
20 16 21 5 19 8 19 15 28 25 10 8 10 15 30 26 21 19 9 19 4 21 15 13 12 30 28 21 12 27 23 1 30 9 27 17 12 3 6 19 25 13 16 23 0 6 29 24 7 0 3 24 19 10 30 4 25 30 15 14 30 17 3 5 15 16 9 29 21 20 25 12 0 3 5 2 20 4 26 0 7 18 27 24 13 7 6 23 12 9 8 22 28
1 1 19 22 2 19 24 22 29 30 2 30 18 4 5 6 14 0 29 16 11 24 17 1 10 23 29 10 11 14 26 19 9 1 21 21 8 18 17 24 9 26 2 12 14 12 7 27 12 15 26 7 28 29 22 10 23 14 20 19 20 9 3 11 7 10 14 2 12 0 23 1 19 25 9 30 25 11 13 19 13 2 6 16 6 27 14 30 10 28 20 30 10
10 2 4 10 30 12 11 6 25 2 9 24 1 23 0 6 25 0 0 21 29 16 27 19 16 2 13 7 17 9 19 18 8 18 13 29 12 12 8 21 30 17 12 15 19 4 2 29 26 26 7 25 8 29 27 28 14 12 30 19 5 17 16 8 27 13 22 26 22 14 25 11 26 20 22 2 25 30 12 28 20 10 19 27 30 13 15 29 7 7 12 4 16
24 29 0 11 22 30 4 21 29 21 1 21 13 23 9 5 24 17 3 10 18 21 0 23 2 23 23 14 16 3 22 29 7 8 5 28 11 6 20 26 12 19 3 4 15 3 22 20 14 7 11 21 19 25 17 12 3 13 23 10 28 10 0 6 9 28 7 26 23 19 9 17 8 23 2 12 1 25 11 23 15 25 19 26 25 14 7 25 2 10 5 29 24
23 28 2 21 30 21 30 1 23 10 13 20 29 26 20 20 4 9 27 25 10 3 3 25 30 2 28 4 18 10 14 12 1 4 7 7 18 20 28 6 7 26 12 21 30 11 9 29 25 5 0 19 3 24 12 22 10 9 28 22 10 22 12 23 30 24 18 9 14 10 28 11 27 28 7 26 17 26 14 14 19 27 29 14 6 12 16 3 18 11 14 15 11
19 23 12 19 9 13 1 17 11 9 21 2 2 29 3 19 5 21 20 11 10 17 21 10 2 20 22 9 19 24 2 7 20 30 12 19 18 13 2 26 18 1 7 5 12 1 8 5 10 3 18 22 26 11 7 5 24 30 16 9 5 23 15 20 23 17 9 7 8 8 1 28 3 11 14 22 18 25 24 5 11 30 13 10 22 26 9 18 24 14 20 24 1
20 24 29 22 5 6 6 26 17 28 25 2 13 19 18 24 28 2 25 23 2 28 24 8 0 15 3 25 28 22 19 15 11 18 4 30 9 1 23 4 3 25 6 6 11 1 7 10 7 28 18 22 21 10 5 17 19 20 5 17 7 21 10 22 25 8 24 0 5 3 13 18 26 25 25 28 5 17 25 24 30 14 17 23 19 26 23 19 27 0 5 18 7
29 9 10 5 13 22 24 12 12 15 7 7 22 4 19 7 19 6 3 11 3 18 16 12 29 28 25 12 0 15 17 7 8 11 8 22 2 16 12 9 12 20 4 23 13 14 9 28 17 27 12 9 3 29 10 13 6 14 8 30 24 29 10 20 0 0 15 23 20 8 13 7 21 11 27 29 13 21 20 23 24 12 20 4 13 10 0 17 22 29 17 2 6
6 26 6 7 28 25 11 11 13 25 23 24 10 26 17 11 24 4 4 13 20 0 10 30 21 14 3 6 0 10 26 19 14 21 12 15 3 7 0 20 14 14 13 20 16 28 4 29 18 5 12 18 28 9 15 14 14 9 13 15 23 18 14 26 18 4 7 10 6 22 6 6 5 26 0 2 5 3 1 5 18 14 7 2 3 10 15 1 2 22 30 7 15
18 18 1 25 4 27 10 28 24 17 25 24 5 15 27 19 3 11 10 8 3 26 11 17 25 15 30 9 18 3 3 27 8 3 18 6 0 24 16 2 30 3 13 5 4 24 5 22 25 11 0 21 5 16 30 16 6 10 24 12 26 23 28 19 8 2 22 28 5 5 19 9 4 24 21 12 5 26 11 9 23 10 4 7 28 10 4 19 22 8 28 12 6
12 9 28 24 2 21 22 23 30 18 25 6 1 29 29 21 24 15 7 14 23 6 23 1 10 1 13 0 6 6 24 24 20 8 18 25 0 24 22 18 14 3 12 11 29 25 22 2 23 30 22 0 12 2 12 20 18 22 17 23 22 29 15 25 29 17 18 27 16 24 30 24 25 1 15 4 4 12 15 30 27 10 16 26 10 22 0 15 7 17 21 25 3
6 15 18 21 9 20 3 30 3 2 20 11 7 4 5 22 20 0 0 29 23 9 30 21 22 6 10 1 24 25 9 16 24 21 25 16 9 14 12 25 30 27 0 11 12 19 11 27 6 22 3 23 21 4 20 10 14 6 23 20 17 18 17 2 12 30 14 27 16 12 29 10 29 13 27 4 0 7 10 1 23 5 18 15 4 15 18 14 30 21 8 10 26
12 6 10 17 5 14 25 30 29 0 12 9 24 25 28 7 18 28 22 20 12 7 13 23 19 11 17 2 4 22 25 11 4 10 4 15 15 19 1 7 14 19 14 13 27 2 19 0 4 21 3 12 17 20 14 0 5 30 1 13 0 6 6 9 15 24 29 2 17 13 18 12 10 10 0 1 2 20 26 22 23 5 4 20 15 15 13 10 11 19 10 30 23
23 16 6 18 10 6 13 22 9 30 30 12 27 20 12 0 2 2 13 17 15 17 25 2 4 23 23 27 19 10 22 1 0 18 0 19 5 12 0 3 18 7 17 22 29 24 9 12 9 0 2 9 24 24 1 24 10 17 20 10 8 28 22 18 22 16 16 28 15 3 25 28 29 3 26 13 5 19 18 7 25 8 6 12 2 11 22 29 16 19 14 9 6
19 23 29 11 28 27 1 11 25 30 15 29 29 29 1 23 7 24 18 7 7 17 11 30 12 10 1 24 22 29 13 1 8 14 11 7 11 8 26 17 7 29 20 10 16 23 17 8 4 30 5 27 6 9 8 2 29 28 9 24 19 19 28 7 1 10 22 17 21 30 4 20 28 23 11 5 14 16 8 12 12 20 28 19 23 11 16 2 30 8 1 8 1
18 9 18 12 9 1 28 3 11 8 10 27 6 26 11 21 17 19 26 0 3 12 0 12 14 14 19 30 28 28 28 24 18 3 28 9 12 18 3 15 16 9 23 15 11 28 26 27 17 19 15 1 26 2 25 2 26 11 6 7 20 6 3 13 10 6 24 19 30 4 12 17 14 29 17 11 17 17 29 12 1 16 4 0 10 14 19 18 26 15 10 17 15
10 19 15 0 23 22 14 7 9 6 8 16 27 14 17 26 30 26 26 11 22 10 12 29 21 7 22 7 6 2 19 4 11 17 22 30 1 9 9 7 25 17 5 24 5 6 3 5 13 9 19 16 21 25 21 30 4 17 18 2 27 15 17 11 12 6 12 30 27 16 4 9 12 1 9 13 23 13 17 27 0 30 28 19 7 2 10 15 22 25 8 9 30
19 13 0 14 12 23 23 9 16 24 26 15 29 24 15 7 4 7 30 14 18 6 24 14 14 27 24 23 23 28 22 25 29 27 26 18 1 22 20 22 27 8 8 15 10 18 20 10 23 30 14 22 20 10 6 26 23 19 28 0 27 6 16 11 26 16 10 18 8 0 15 3 11 10 2 28 28 28 23 20 9 13 16 21 1 0 16 21 27 27 5 6 3
27 28 19 16 30 1 17 15 26 17 28 27 4 2 18 17 21 16 1 22 23 9 12 16 29 20 25 5 11 3 10 23 4 6 26 19 18 25 19 5 22 8 4 8 6 8 3 14 21 21 22 24 16 26 27 11 11 28 25 27 28 0 15 22 25 0 29 13 8 8 16 17 21 17 23 28 1 7 2 6 27 0 29 26 3 13 30 23 8 1 21 17 5
6 19 5 16 21 0 20 14 27 17 12 13 24 16 10 2 20 30 10 13 3 29 29 1 19 10 15 24 10 0 5 25 11 29 23 5 8 19 28 4 7 22 13 23 3 28 11 15 18 11 15 4 25 5 6 13 30 0 9 28 0 21 15 25 9 24 0 18 1 29 7 16 12 1 14 14 18 18 23 25 6 10 14 25 13 20 15 17 6 22 29 9 3
5 6 21 5 2 22 20 1 21 3 19 20 5 26 3 0 12 15 4 24 5 5 17 23 12 9 12 20 18 24 7 6 19 2 19 14 1 16 8 2 1 3 2 4 8 25 14 18 19 14 29 23 13 3 1 14 19 21 7 20 15 4 30 8 30 18 30 14 10 10 6 18 4 29 11 19 2 6 9 3 30 28 21 25 18 26 29 29 20 15 9 0 0
24 13 27 20 11 29 12 7 18 27 21 23 12 14 11 7 27 5 27 0 15 15 18 6 8 4 5 29 9 29 11 8 15 13 2 29 28 24 1 16 18 2 25 26 7 24 16 27 12 8 10 23 27 30 20 1 24 2 23 19 6 24 14 0 26 21 3 25 27 27 2 25 9 23 21 15 0 5 19 24 30 24 5 21 15 20 14 27 7 13 23 4 10
22 18 26 17 18 30 6 22 5 28 13 27 13 26 4 1 17 23 29 10 17 3 9 0 24 25 30 9 23 1 15 13 21 20 22 18 22 27 8 6 25 14 12 15 12 6 24 29 28 28 30 5 9 8 26 27 27 27 24 12 0 3 24 25 9 15 27 10 10 21 14 28 21 28 7 9 20 30 18 11 10 18 18 7 8 11 6 3 2 6 11 28 16
17 28 14 17 3 10 15 12 28 19 4 13 29 5 7 8 3 24 28 16 21 8 26 21 20 5 20 11 10 14 16 15 14 22 8 23 11 27 13 10 5 6 8 9 25 22 18 2 28 3 16 2 12 10 17 18 0 23 26 30 27 13 23 16 25 9 0 28 30 14 30 10 7 23 2 26 25 17 29 21 16 24 10 4 13 10 20 0 10 5 3 13 4
27 17 30 6 15 5 14 3 9 15 29 14 2 6 15 9 12 1 9 25 7 29 16 22 1 27 26 19 11 23 14 30 6 13 7 4 25 3 11 10 15 24 2 30 20 4 3 19 18 16 22 19 15 28 26 21 13 23 6 17 19 8 19 27 19 22 6 15 14 2 0 17 28 29 7 12 22 10 6 8 10 8 7 5 23 13 3 22 16 13 0 28 16
23 13 19 19 18 29 18 5 24 8 2 19 25 5 27 29 13 24 13 10 1 3 9 15 28 11 27 21 7 21 14 15 16 16 4 13 9 3 8 7 4 24 7 21 8 7 1 26 1 24 28 7 23 19 23 12 21 0 15 7 26 16 14 4 10 14 2 15 9 27 0 23 29 24 21 25 16 4 16 1 13 2 24 23 28 13 16 12 13 16 29 26 4
8 6 25 21 10 29 20 30 20 19 19 0 14 13 27 20 26 21 25 27 4 4 24 7 9 23 3 8 23 17 12 7 10 10 25 22 6 3 10 24 9 12 18 21 27 1 18 28 26 0 1 19 10 30 12 6 27 20 7 15 16 14 7 14 24 19 4 7 23 15 7 3 0 21 17 18 20 1 3 21 15 16 28 2 16 30 6 21 6 5 23 28 17
14 23 23 12 3 5 4 23 26 30 9 6 14 14 30 3 23 25 24 4 25 1 13 27 21 26 18 6 6 26 22 5 13 19 27 16 8 19 14 19 28 19 9 13 6 6 6 20 12 5 23 18 27 12 14 15 20 24 18 11 5 24 10 10 22 14 24 11 27 0 26 18 13 26 23 29 6 0 6 28 20 4 25 27 11 12 14 27 6 20 5 21 21
3 21 5 30 5 19 16 16 20 13 5 0 30 30 11 0 12 24 23 10 8 9 9 0 28 6 16 14 26 30 4 13 24 9 28 20 10 15 24 0 16 20 3 28 24 12 13 27 26 11 6 8 16 9 17 28 19 0 15 3 11 27 26 1 14 30 21 22 30 0 2 21 26 27 0 27 3 23 23 9 27 13 1 4 14 3 5 1 15 21 27 3 1
5 14 26 8 0 30 30 17 23 11 4 15 9 24 5 7 3 12 29 26 15 21 12 18 20 11 27 21 10 13 6 28 8 8 9 25 2 14 22 14 28 8 22 27 18 7 30 2 17 15 13 7 28 27 27 20 18 4 18 22 21 21 17 7 20 18 12 4 11 12 19 25 18 3 19 8 11 9 14 15 17 26 13 24 28 22 12 18 23 18 27 9 8
16 29 28 15 29 30 21 14 26 30 7 17 23 25 28 9 8 11 12 19 14 1 11 25 22 1 11 18 28 17 30 27 2 29 30 7 10 6 26 30 25 27 15 0 9 16 2 3 30 5 18 12 27 7 3 12 6 27 28 5 7 16 0 22 14 13 19 20 1 27 30 24 3 15 25 11 29 10 19 21 8 16 4 23 17 14 19 9 18 5 11 1 14
0 22 13 23 21 25 8 20 10 4 22 0 13 7 14 24 8 16 18 26 16 11 14 4 25 8 13 27 1 27 26 13 12 23 19 22 10 17 7 20 10 28 21 5 5 19 29 20 1 23 16 21 17 21 28 22 21 27 14 9 23 14 21 5 4 14 21 18 4 14 21 19 20 9 10 9 19 6 5 5 27 25 20 11 24 19 27 19 15 19 14 6 16
7 13 6 29 19 14 12 16 25 8 19 19 30 28 3 23 7 11 17 17 5 8 10 28 17 9 7 15 13 6 10 2 0 13 24 1 29 7 29 22 25 8 2 21 16 14 10 25 23 10 5 17 18 3 1 2 21 26 9 5 17 4 18 3 12 15 0 12 17 18 8 15 1 6 10 6 23 0 30 29 12 13 6 10 14 27 14 2 20 0 28 18 13
11 13 25 28 27 21 3 17 24 18 10 22 4 16 15 19 8 8 14 28 18 15 17 9 4 9 19 2 14 5 16 4 9 4 20 0 27 24 20 9 3 0 1 5 29 3 26 9 25 13 29 15 11 19 25 19 9 8 12 29 20 26 21 12 10 7 5 24 16 29 4 26 27 15 20 20 1 11 5 5 26 21 7 13 3 11 27 6 17 27 15 16 0
5 28 22 28 3 9 4 4 15 11 7 12 10 11 7 19 18 26 0 13 6 15 21 19 19 29 30 4 22 28 2 16 16 23 7 22 6 6 25 7 3 19 7 26 5 28 2 20 18 12 0 3 30 29 24 4 10 21 16 24 10 29 2 2 15 22 4 2 23 18 9 6 11 6 16 28 11 16 27 24 26 30 15 18 5 19 26 9 13 0 9 27 8
21 1 13 2 23 6 3 27 22 3 9 26 7 11 13 29 17 12 16 24 11 0 5 26 3 28 8 19 15 28 17 15 11 11 7 25 0 9 14 11 7 0 16 25 21 10 3 16 0 3 8 25 10 15 0 30 7 24 21 26 6 2 1 2 1 11 22 2 27 2 12 29 6 20 22 8 21 30 30 27 23 18 20 1 26 9 19 3 22 1 27 3 14
21 23 22 13 17 3 7 11 27 24 28 28 1 17 28 11 2 18 17 29 2 5 17 23 19 2 4 11 23 28 21 5 8 6 29 10 28 2 14 13 29 4 15 8 29 15 1 29 2 19 21 20 4 26 10 4 8 8 3 20 25 14 27 15 29 22 7 15 0 22 29 15 30 15 5 12 26 20 17 19 22 7 4 21 15 12 4 2 12 19 18 10 10
0 11 5 17 6 9 2 24 10 25 8 10 22 11 30 16 10 29 26 1 25 16 20 2 4 8 19 2 17 25 26 8 2 22 17 27 4 20 1 25 11 26 29 3 2 14 18 20 18 8 11 0 5 25 30 4 18 9 12 15 12 6 1 24 17 15 27 21 14 11 20 11 9 20 29 29 12 27 1 30 20 11 22 18 14 14 18 21 25 18 12 30 30
1 9 15 27 18 22 30 9 30 17 29 22 29 29 10 20 10 10 7 16 23 6 4 0 12 14 10 16 12 9 16 5 1 23 26 26 28 11 5 25 2 27 6 14 12 24 20 13 14 15 11 22 6 17 20 0 8 21 10 25 28 30 29 23 14 13 6 8 13 1 7 15 25 18 24 9 4 17 10 10 19 15 2 13 6 30 12 22 19 24 30 23 28
15 7 13 10 12 20 1 5 15 3 3 7 10 18 25 17 11 15 8 17 25 23 24 13 30 30 4 20 1 18 17 15 26 19 25 8 12 6 15 6 2 15 20 28 27 4 6 2 12 16 26 28 17 13 27 30 6 30 8 28 19 20 1 13 28 23 4 28 9 30 20 1 10 15 9 8 25 10 26 9 28 15 27 9 24 14 9 19 4 4 8 22 19
25 29 6 30 25 13 21 26 12 8 21 12 29 5 21 30 27 29 8 4 27 20 5 18 10 12 4 28 1 20 21 24 0 13 9 17 28 27 28 24 1 5 1 16 27 2 0 19 20 26 20 16 12 14 3 22 1 1 27 7 17 4 27 13 11 25 20 8 1 7 27 18 14 6 24 10 18 3 12 9 7 9 2 24 7 5 20 1 6 11 10 16 18
24 20 17 29 23 5 27 5 28 1 20 26 23 19 22 7 12 27 16 12 16 26 0 19 23 19 12 6 29 17 23 25 16 17 10 21 13 6 21 12 7 14 1 10 11 21 14 5 15 5 16 6 15 29 25 23 7 24 12 25 7 7 10 2 17 28 10 9 4 9 24 1 7 25 14 17 29 21 17 21 11 30 18 0 5 18 23 14 24 1 26 0 10
23 17 15 29 30 26 23 22 1 27 9 29 25 13 29 3 19 8 28 5 18 17 16 4 4 30 6 3 4 28 0 1 24 26 15 19 4 10 26 9 16 0 27 14 28 1 3 23 27 18 28 0 5 21 29 12 21 3 2 17 27 2 13 2 2 24 30 12 24 26 23 20 16 4 10 17 7 28 30 7 24 8 10 7 17 8 23 1 23 14 26 30 17
11 3 16 25 13 20 20 0 2 8 1 4 14 2 4 9 21 5 12 19 27 1 6 1 16 30 22 26 24 21 6 29 5 30 26 13 0 8 29 2 27 20 20 12 25 3 29 9 18 15 19 20 21 7 25 7 1 26 2 29 17 2 21 30 22 12 14 26 9 16 23 29 25 5 0 10 5 3 23 18 20 22 27 12 24 6 29 19 7 17 1 22 17
20 9 8 12 10 8 13 8 18 25 8 22 1 23 20 27 13 22 24 20 18 17 9 25 12 3 10 0 13 11 10 1 12 29 5 22 13 7 12 3 22 3 29 15 21 3 11 2 24 26 5 5 30 30 11 11 18 16 8 19 10 23 28 15 30 27 4 30 27 2 19 3 3 19 10 20 12 19 23 26 23 30 28 15 2 8 26 22 4 27 25 28 7
18 12 23 29 6 8 27 23 22 28 15 2 7 7 13 26 0 2 5 22 17 8 23 4 10 30 23 17 22 9 10 5 13 16 15 3 2 15 26 9 29 0 23 6 14 3 14 29 19 29 28 16 24 7 11 4 13 13 24 10 30 23 26 11 15 28 25 11 16 6 12 19 22 13 19 23 8 21 16 29 21 9 13 27 24 10 29 14 0 8 14 10 5
0 26 28 18 17 17 0 24 23 15 3 29 0 18 27 28 6 6 13 6 20 3 19 27 17 23 11 25 2 26 8 23 29 1 18 17 20 1 23 19 20 11 29 15 18 20 24 12 17 15 2 7 25 5 13 7 9 11 14 11 23 21 3 10 5 24 29 29 8 20 8 11 4 1 28 9 6 17 8 15 5 30 4 25 7 24 19 14 16 14 13 3 4
10 17 29 24 1 6 28 30 28 14 11 24 5 11 2 25 10 23 15 11 7 19 3 6 30 8 11 5 29 6 22 1 30 30 7 20 14 27 12 16 5 10 17 12 17 27 10 30 3 22 1 11 19 3 18 17 23 25 27 17 23 4 9 1 24 19 23 14 14 29 23 28 12 23 30 14 14 8 7 26 12 11 6 25 8 17 21 26 18 9 1 29 0
15 29 23 5 21 2 27 27 22 11 3 13 2 25 20 1 1 19 9 4 25 25 9 7 11 20 23 30 15 14 8 20 13 21 5 4 28 18 3 5 11 4 7 15 13 29 18 21 9 8 27 6 10 13 12 30 13 16 12 23 27 4 18 25 17 27 8 21 21 15 14 28 8 8 22 3 19 7 13 13 24 19 30 17 7 25 22 16 29 29 8 24 6
12 14 1 19 12 6 29 10 5 20 13 27 5 7 17 24 12 28 9 25 1 7 1 19 0 1 22 23 14 27 15 9 19 0 1 18 24 2 7 18 14 11 13 26 30 13 1 27 19 10 4 8 22 4 0 3 21 15 26 20 10 23 21 0 1 30 28 3 30 16 20 6 15 0 11 25 24 7 21 4 28 16 5 29 25 20 15 15 26 25 30 6 20
11 3 26 5 2 22 9 17 25 9 2 18 1 6 13 9 17 12 16 26 22 5 25 6 24 27 8 25 20 27 8 11 29 0 5 27 28 10 10 7 23 21 30 30 17 21 23 24 7 5 26 24 14 10 19 15 7 4 20 27 25 9 29 16 1 28 2 25 26 28 11 21 26 22 29 26 30 0 9 8 1 5 19 26 18 10 25 21 6 20 13 13 20
21 12 26 21 14 6 21 24 25 23 7 23 3 14 23 4 12 28 29 2 29 28 23 24 12 28 4 9 4 21 29 0 13 0 29 15 14 9 18 10 28 15 18 23 14 12 25 15 9 11 18 18 16 24 17 28 9 18 15 1 25 4 18 14 10 6 25 12 10 11 7 15 5 11 22 30 5 23 0 26 14 1 14 25 2 13 9 26 9 30 16 15 15
20 16 15 4 2 21 18 9 25 0 21 10 3 8 4 3 24 30 3 3 1 9 30 28 12 20 14 26 13 6 8 20 27 17 10 13 27 12 20 11 8 1 28 21 8 29 0 14 11 9 4 21 28 24 4 24 13 7 2 13 14 7 29 13 10 15 16 15 15 22 21 2 9 18 13 26 15 21 7 6 30 4 15 20 22 16 20 17 12 2 17 6 17
20 8 15 29 5 26 8 17 18 18 27 22 14 3 1 26 14 6 5 4 27 24 1 21 21 26 19 8 20 27 10 23 15 15 11 14 3 28 6 6 8 9 28 4 11 28 9 26 24 26 3 0 7 7 16 10 11 22 17 22 10 24 13 16 21 20 18 23 9 30 9 6 19 10 28 11 11 17 17 9 30 0 30 1 26 1 29 2 13 29 28 10 22
24 7 20 25 27 1 17 7 6 30 11 30 4 8 8 1 3 16 9 16 30 12 4 28 20 0 26 6 29 18 23 15 3 14 13 3 4 5 12 18 28 6 14 18 26 8 29 17 23 28 1 21 1 7 14 22 23 9 7 1 29 12 22 11 16 13 16 22 22 14 13 22 11 5 24 14 18 1 19 4 19 2 28 0 16 13 17 14 1 30 9 12 14
25 17 7 5 21 26 26 26 26 24 4 10 10 7 22 9 29 30 2 30 20 16 17 16 20 20 13 3 28 27 4 27 9 21 6 26 11 1 25 21 30 14 8 9 22 11 20 4 8 14 12 3 20 9 5 5 18 6 20 9 19 21 16 17 14 27 26 7 23 30 19 23 1 28 5 10 29 16 24 3 15 5 5 3 7 3 3 25 9 3 14 28 21
22 11 17 25 7 0 26 9 27 19 17 27 27 14 23 14 10 23 4 5 21 8 3 23 23 12 11 2 11 13 16 29 21 3 15 27 21 21 13 16 9 10 6 14 21 27 25 1 20 17 12 15 16 9 27 27 0 15 7 16 22 23 27 28 25 12 9 14 6 5 2 28 20 3 17 28 7 24 22 4 4 16 13 30 28 30 18 6 29 3 16 25 15
26 16 6 2 11 12 30 16 29 30 23 1 5 25 2 18 19 16 29 12 14 21 17 13 20 27 26 13 18 25 28 26 5 25 30 28 18 17 10 1 9 17 4 25 28 29 15 21 1 9 1 8 26 17 6 4 24 20 24 2 12 23 21 9 12 16 15 11 13 10 4 30 6 17 30 10 24 22 9 24 5 6 22 0 28 0 20 0 30 15 9 30 12
0 5 23 6 28 27 17 11 2 29 14 25 21 26 10 27 21 13 1 0 19 23 22 15 1 20 1 0 27 2 28 12 8 16 8 20 17 5 19 12 11 7 11 29 4 28 3 10 23 10 11 19 26 30 10 25 12 1 16 12 15 24 28 12 15 29 5 25 4 5 21 4 30 10 11 8 5 4 8 29 5 3 16 1 29 4 18 28 20 30 15 19 3
15 23 27 9 19 0 19 7 19 18 14 9 23 9 3 26 14 1 20 0 9 10 19 8 16 20 20 16 25 17 1 12 27 6 8 10 0 14 3 24 19 22 10 23 25 15 10 8 27 9 0 13 26 12 0 11 0 23 2 2 1 23 16 21 18 0 29 17 9 23 27 6 7 12 22 8 2 15 27 8 9 12 13 20 3 19 28 2 2 20 19 14 20
5 30 3 0 8 3 21 27 7 6 0 12 17 25 4 13 15 21 13 14 18 9 21 18 26 9 6 29 12 7 2 29 12 17 7 8 3 5 20 25 2 12 11 14 12 4 8 23 24 3 1 4 13 7 25 28 19 29 21 12 18 0 0 21 4 24 18 18 7 13 10 22 0 15 28 20 7 7 7 29 19 4 7 1 19 12 30 21 23 11 17 29 26
30 12 15 4 15 26 5 30 7 10 25 16 8 25 13 30 30 2 13 20 18 1 0 0 11 13 10 21 12 7 26 12 25 15 20 20 16 6 4 19 13 2 30 1 2 25 3 10 30 2 0 1 17 15 28 21 11 15 8 4 23 29 18 29 15 22 23 30 2 9 19 0 4 13 21 8 13 15 21 15 19 6 20 27 2 22 9 7 4 24 6 5 5
6 5 19 3 13 11 11 12 26 19 10 0 19 0 29 25 28 7 15 17 1 14 11 7 13 5 13 17 10 26 27 9 12 7 18 3 4 20 3 13 21 8 17 21 4 17 22 15 11 13 24 5 2 18 0 6 23 26 18 12 7 15 30 13 11 2 23 18 14 3 24 29 11 19 7 7 27 20 15 12 9 17 29 5 17 22 6 25 20 13 5 24 29
30 22 13 12 12 10 0 9 29 17 17 30 24 11 27 3 14 10 5 18 16 14 7 4 18 3 24 25 5 1 30 21 21 12 6 14 0 3 20 20 29 14 11 12 3 8 12 14 17 10 19 6 0 6 18 5 22 2 16 0 18 13 25 17 13 8 20 22 12 28 11 25 9 27 7 17 29 23 3 4 7 23 19 7 4 22 18 21 20 16 1 18 16
28 20 14 2 26 14 2 6 9 30 13 21 15 7 19 11 13 20 13 26 4 29 15 1 13 6 23 12 14 26 10 24 18 17 9 23 10 0 20 3 17 12 25 12 0 24 7 13 27 8 10 16 11 5 2 26 9 20 28 4 14 9 22 0 19 22 3 22 9 29 2 12 26 2 29 28 9 0 14 10 29 23 1 26 12 17 11 14 28 26 10 28 13
9 28 8 0 18 18 6 23 19 11 22 25 14 4 14 11 29 10 5 9 26 20 22 11 22 15 7 10 7 19 29 16 11 19 6 21 20 19 5 13 26 29 1 14 9 6 14 14 7 25 20 14 18 13 17 19 6 23 27 4 18 6 18 7 21 3 1 3 3 14 24 5 2 27 30 29 23 2 21 30 11 12 6 17 21 15 19 4 22 24 15 5 19
13 6 10 1 29 10 0 11 13 24 0 27 4 17 19 25 30 27 11 20 24 9 5 16 8 1 30 27 19 3 11 27 1 14 20 0 5 29 4 14 18 29 23 22 11 27 29 19 6 24 0 2 7 21 22 13 1 27 19 17 21 15 24 18 15 23 9 11 25 11 28 27 4 27 0 26 21 4 18 17 22 11 16 28 13 22 17 17 1 23 18 17 19
19 8 2 15 28 25 11 3 23 26 3 4 6 29 0 21 22 14 1 11 17 13 25 16 22 4 30 22 8 20 7 21 8 27 14 22 29 21 30 3 4 1 28 15 3 24 12 11 21 9 8 19 7 15 29 9 18 21 12 17 7 1 1 23 13 14 8 25 15 26 29 5 25 12 3 10 1 12 7 24 27 13 11 21 17 1 27 0 15 14 9 24 25
4 6 19 14 2 4 10 2 29 17 21 1 22 18 22 7 7 11 4 24 0 21 22 6 30 20 25 28 7 7 9 14 1 21 19 9 8 8 24 25 4 5 11 24 15 12 4 8 20 11 18 21 23 8 22 2 28 22 11 30 6 3 18 29 25 12 17 4 4 19 10 19 27 29 16 0 4 27 28 27 18 22 30 10 8 20 23 11 2 6 25 25 27
25 15 22 24 8 29 7 21 16 30 11 29 30 7 7 11 24 2 15 6 18 1 0 21 2 0 22 6 15 26 17 27 30 21 2 6 18 3 18 23 4 20 28 13 2 22 8 28 22 26 24 24 9 10 23 18 22 14 27 12 27 19 13 17 7 29 26 18 2 18 16 2 17 29 11 18 25 15 18 9 28 16 10 6 25 28 24 0 27 29 19 24 29
7 26 17 13 2 10 16 21 17 14 19 0 21 19 21 15 29 27 0 7 7 1 28 7 4 24 27 15 2 20 21 16 13 14 14 24 13 27 27 10 17 8 2 29 30 0 16 19 15 22 2 23 21 21 28 18 30 15 15 5 21 3 4 18 4 23 5 0 21 8 18 22 21 18 8 3 7 26 23 14 12 9 21 23 29 25 14 6 20 24 18 24 28
0 24 10 16 26 2 3 17 9 22 14 14 27 11 20 25 3 25 3 27 23 17 7 19 11 18 3 28 2 24 9 7 30 10 19 3 14 28 18 7 2 17 10 5 17 8 21 6 16 27 22 22 30 21 23 19 7 19 19 21 25 1 14 4 26 0 2 11 2 25 17 16 22 17 17 25 1 10 18 0 28 3 12 26 25 1 21 24 7 30 14 16 22
15 13 18 21 17 28 11 7 16 21 0 5 22 28 21 2 16 23 18 28 12 7 2 25 10 21 16 23 1 2 6 2 9 29 24 27 19 16 25 12 19 12 25 20 12 18 19 5 24 9 21 7 22 7 27 20 5 17 29 17 1 9 30 27 5 0 8 18 15 25 21 20 8 2 8 5 9 30 25 5 1 3 10 30 21 14 16 2 14 7 5 2 13
26 3 17 16 14 8 15 30 0 3 7 28 20 14 27 27 25 28 8 8 6 9 10 6 26 26 0 4 17 3 1 28 1 9 8 6 27 25 1 10 8 28 28 13 15 29 6 13 3 10 1 25 18 23 19 30 4 9 14 3 11 22 6 24 13 25 4 16 29 11 23 19 24 22 26 11 1 20 12 28 6 22 6 30 11 27 3 3 14 20 23 9 24
19 7 17 5 0 26 6 5 6 29 27 27 14 19 25 20 9 26 1 21 6 13 21 16 22 25 19 13 18 2 25 2 4 28 26 4 12 10 29 5 29 13 2 24 19 11 26 21 4 5 5 18 0 28 20 25 4 16 10 10 8 30 14 6 7 14 27 25 2 18 3 5 4 22 22 10 11 1 22 15 18 22 20 15 24 21 30 9 23 10 24 23 16
4 26 11 27 28 25 20 25 27 29 25 20 20 18 14 19 12 18 6 6 22 26 24 19 5 29 21 26 16 13 23 14 27 8 8 14 7 9 11 22 20 0 0 24 22 20 1 15 11 8 14 6 15 2 18 30 29 8 0 29 19 13 17 28 6 11 23 25 21 24 10 10 17 6 25 15 8 11 24 29 27 13 26 16 28 11 27 10 11 19 29 15 13
11 6 4 10 30 20 30 2 18 14 29 17 17 2 6 29 4 1 29 28 29 9 18 27 7 13 29 21 3 10 12 26 12 22 6 30 29 7 27 26 20 9 30 9 7 1 9 16 4 25 23 9 24 28 17 21 11 0 11 28 9 12 29 7 3 4 30 11 10 0 30 10 7 23 17 0 28 27 12 13 19 30 24 26 15 11 13 23 27 25 5 22 25
14 19 3 14 23 16 14 9 5 25 28 8 6 21 7 2 7 22 9 27 11 26 15 10 0 20 6 11 0 17 11 28 12 20 25 18 27 5 20 8 24 29 2 29 25 9 11 28 3 18 24 9 2 2 5 30 13 14 11 30 23 7 24 15 8 14 6 27 29 3 0 23 13 21 26 24 20 15 8 28 8 26 19 20 10 11 18 3 26 8 4 12 18
15 30 11 28 0 11 9 25 20 10 16 4 17 27 24 10 6 16 1 22 27 18 20 6 0 16 13 8 17 19 22 13 10 26 4 7 7 21 0 0 18 20 28 12 6 30 23 15 23 2 28 16 12 24 28 26 2 21 16 30 11 17 23 1 0 17 9 23 8 13 0 6 20 10 5 24 9 15 0 6 15 17 5 24 20 3 22 8 17 28 1 7 30
20 1 15 7 2 15 26 19 8 13 29 10 17 19 10 4 13 6 0 15 18 2 24 30 7 23 25 2 0 23 25 28 3 25 26 13 29 24 20 21 19 0 20 18 17 24 16 23 22 1 13 29 26 29 19 16 5 10 25 11 11 20 25 19 0 12 2 3 5 14 15 0 23 11 2 18 5 26 2 5 13 10 29 20 13 18 22 19 26 3 22 6 23
4 8 9 4 24 22 27 9 5 13 19 1 1 24 2 4 23 13 22 18 15 2 7 6 28 12 19 2 6 10 0 10 26 6 9 18 19 3 25 0 12 16 4 22 22 6 27 10 26 11 22 18 30 21 10 11 12 23 29 13 23 21 0 3 18 24 5 27 25 8 11 25 1 14 22 13 24 6 16 16 2 21 4 2 28 20 30 30 13 19 18 18 25
