100 100
21 25 4 18 7 19 19 14 8 12 29 19 20 26 10 25 12 4 23 30 5 30 8 3 6 8 2 9 4 23 15 21 21 18 25 15 17 17 30 15 3 0 18 24 23 23 30 25 2 17 24 26 10 4 7 18 3 3 10 15 28 7 22 2 9 9 24 6 20 15 7 7 26 27 9 3 20 29 15 23 21 28 17 7 26 19 25 0 13 20 30 23 9 9 19 20 21 6 2 22
7 10 13 1 19 20 16 0 5 1 25 18 2 12 0 24 29 2 16 13 25 8 10 1 18 7 21 3 10 16 2 4 30 2 28 7 15 3 30 13 17 10 20 4 3 3 1 22 22 3 29 1 23 5 0 29 24 29 7 26 3 1 28 16 15 20 27 26 28 23 30 6 27 18 28 9 4 24 6 15 20 16 14 17 5 30 24 28 9 10 14 0 17 26 21 26 29 5 28 12
30 16 12 16 9 29 27 9 9 7 2 19 21 24 16 21 0 21 10 24 8 13 7 17 9 18 29 22 26 23 9 17 16 19 25 21 20 12 11 13 2 24 7 2 4 10 7 5 23 14 22 26 19 4 4 11 20 13 14 0 3 3 9 17 24 30 4 5 20 22 18 27 15 28 5 4 1 19 21 23 15 18 18 20 24 21 19 3 25 18 9 9 27 26 5 23 3 7 18 11
10 10 21 10 2 11 9 22 2 19 3 7 12 17 1 21 3 14 21 20 16 18 5 11 26 1 9 5 20 0 17 25 13 2 8 29 27 26 14 11 22 2 8 6 7 26 29 27 17 26 24 4 24 24 30 23 25 17 8 12 24 12 29 4 6 20 17 28 0 17 18 29 21 5 7 19 21 14 13 26 6 14 4 23 17 28 24 9 6 19 30 7 29 3 21 3 11 11 25 0
27 15 18 4 5 27 18 13 26 0 13 28 27 22 20 5 3 0 10 30 29 12 16 19 2 5 21 2 26 5 24 16 15 1 3 11 28 24 21 11 6 5 22 0 25 18 28 6 29 16 1 28 11 24 27 3 30 11 23 0 25 4 20 2 8 16 17 2 10 19 26 12 3 13 4 0 29 13 10 11 25 1 17 20 18 15 0 12 24 18 1 0 29 26 20 15 9 5 28 7
0 11 9 11 22 20 17 27 18 4 25 26 5 19 23 26 13 7 0 12 25 4 22 6 21 16 13 0 30 22 16 27 19 17 30 0 20 25 9 21 1 28 6 0 2 28 0 29 22 20 18 5 20 17 23 27 11 8 13 5 9 12 1 4 20 23 16 7 24 8 17 28 27 11 0 17 30 20 2 3 21 6 28 3 4 23 14 17 18 16 4 14 12 27 11 18 21 7 3 19
13 21 30 26 11 25 13 30 22 25 28 28 21 12 28 4 15 17 26 6 25 5 24 30 23 20 16 0 26 25 16 16 1 0 27 13 12 11 3 29 20 20 10 22 8 6 30 15 21 21 0 0 12 24 13 22 22 19 4 4 28 16 4 14 28 10 25 26 12 13 26 3 14 18 15 28 30 23 5 1 30 3 4 16 20 14 24 28 1 2 28 21 13 25 8 14 12 5 1 10
2 16 16 2 20 10 24 10 20 15 0 19 13 30 7 15 9 16 4 20 5 0 17 11 3 5 27 2 10 16 10 12 23 15 20 23 18 13 28 26 24 27 13 5 15 24 22 27 21 1 11 16 10 30 0 30 24 18 16 10 11 29 18 24 18 14 29 13 30 21 28 18 25 1 3 2 19 8 7 18 5 7 25 9 28 26 5 6 16 25 13 14 16 3 3 12 2 23 5 6
24 16 16 2 11 4 4 30 11 22 23 11 22 12 3 5 9 10 13 5 23 11 25 25 8 1 24 8 2 19 20 26 23 10 7 19 21 14 9 12 7 27 8 4 1 21 21 9 13 28 17 24 3 15 30 9 9 30 5 10 9 0 24 14 13 10 2 15 14 30 2 25 3 5 22 26 0 14 26 22 27 9 6 25 5 17 30 15 6 20 11 19 22 23 21 22 6 25 16 4
25 14 30 18 15 24 14 7 17 15 12 21 29 19 18 4 0 1 17 16 18 26 16 15 3 12 6 1 4 11 6 16 16 24 14 9 13 6 6 10 7 13 4 16 12 14 26 0 0 10 19 16 6 27 24 3 17 8 18 13 29 6 26 30 24 5 6 13 27 28 2 3 0 4 28 12 6 4 26 9 29 30 14 6 15 16 5 29 21 20 26 14 30 1 13 4 18 11 1 2
14 22 23 3 4 10 2 0 9 16 18 26 15 29 25 27 10 22 0 14 14 13 12 13 8 21 9 28 6 24 28 26 13 4 23 29 4 20 6 2 10 3 28 5 6 8 13 29 17 6 28 0 29 21 22 10 25 13 29 9 17 15 27 6 28 14 30 8 0 30 24 19 16 10 15 8 10 29 27 15 28 1 19 0 22 28 4 22 11 9 4 5 22 13 2 5 28 25 6 9
0 6 2 15 26 14 7 23 30 11 4 2 28 21 17 28 9 5 21 12 14 23 2 12 24 10 1 10 15 27 21 3 18 0 28 10 15 15 13 10 15 17 6 2 8 16 16 14 27 16 19 22 11 25 16 8 26 5 23 9 8 6 4 7 30 21 30 22 5 7 16 5 13 6 20 0 28 17 16 8 13 26 11 14 26 24 27 30 11 3 26 24 21 15 29 1 7 17 13 6
17 30 1 16 24 23 19 25 17 7 27 22 23 24 7 13 12 11 15 12 2 19 19 28 12 28 25 4 25 9 19 6 27 27 26 0 20 25 1 5 23 25 15 25 21 4 16 23 6 20 21 23 8 22 18 10 15 3 30 27 27 30 19 14 5 22 8 26 10 17 1 9 23 1 30 30 8 15 21 30 18 8 0 25 8 29 30 5 2 10 13 20 13 27 13 18 17 16 13 21
24 17 4 26 11 1 26 14 3 1 25 30 17 8 23 24 16 11 15 0 10 6 23 10 7 4 0 9 29 16 28 10 12 9 22 25 21 21 9 13 12 27 2 5 16 3 24 19 2 22 21 20 4 15 19 3 19 25 7 29 10 6 22 8 15 22 24 25 8 30 2 18 5 0 3 18 10 8 28 3 28 6 22 19 20 28 18 11 29 25 15 20 28 4 11 8 8 3 27 26
9 27 24 7 14 11 18 17 24 22 22 15 23 18 14 1 26 16 13 5 0 19 27 29 0 16 5 25 14 20 18 20 6 18 1 3 13 17 10 30 6 5 29 15 3 14 18 8 9 30 7 10 6 13 21 26 20 12 14 18 5 1 12 24 7 21 16 30 19 23 1 11 0 7 0 18 16 28 21 9 18 12 30 3 26 20 28 14 21 16 4 18 27 28 7 2 7 24 2 18
10 24 15 9 19 21 8 14 1 25 6 0 28 28 24 25 16 16 24 2 12 10 28 26 28 9 3 17 20 29 26 21 29 30 12 11 21 10 9 7 16 10 10 24 10 7 8 27 11 7 6 22 13 29 1 16 2 10 7 14 28 27 20 29 4 15 28 4 27 24 23 29 30 1 30 16 23 16 6 13 4 1 7 0 10 10 27 21 19 3 5 6 22 27 29 8 3 17 29 14
11 11 24 22 23 12 5 4 9 24 9 6 26 9 16 2 20 8 23 26 30 24 17 29 14 22 26 15 3 13 23 8 5 22 15 22 20 10 22 23 25 3 26 7 11 10 25 17 15 18 30 16 4 18 3 26 12 3 11 14 3 25 23 24 23 15 0 11 8 28 24 14 6 23 10 30 0 4 19 15 13 24 3 24 14 15 12 8 16 24 6 26 14 12 6 16 2 3 27 26
29 2 20 15 28 1 10 20 23 19 9 2 4 3 6 0 9 6 17 12 0 28 19 29 12 17 0 8 16 8 19 29 28 23 20 28 15 2 26 3 17 2 9 7 25 0 19 27 8 30 6 3 15 5 21 28 3 13 10 17 5 3 18 12 6 20 2 29 26 10 4 16 22 11 9 9 21 7 9 2 0 28 26 13 30 14 0 17 29 12 5 15 2 5 4 23 12 12 21 0
27 29 18 4 28 18 11 10 16 6 5 4 5 27 21 17 25 17 8 7 0 21 11 21 3 26 20 10 12 23 27 2 4 12 6 26 27 8 12 5 20 25 3 20 2 28 8 1 27 22 12 28 10 18 10 26 3 6 3 17 15 23 22 24 14 25 10 23 22 17 19 18 26 12 11 27 30 30 23 14 26 22 14 20 6 15 16 28 14 25 20 25 3 8 11 20 0 0 8 8
20 27 2 22 23 19 21 2 26 29 27 18 7 11 2 7 10 18 28 3 7 23 18 25 25 29 22 8 23 11 22 11 17 23 11 26 13 10 7 25 20 23 0 12 18 16 13 27 27 9 0 0 20 18 10 28 22 18 20 4 4 13 2 17 9 0 4 19 25 4 21 1 3 4 17 0 2 17 9 12 20 23 6 5 25 28 2 26 17 0 28 20 1 8 22 23 29 30 14 10
11 1 25 25 8 12 6 6 15 18 11 1 12 19 29 13 10 7 17 8 8 21 15 13 5 5 28 24 3 4 6 29 3 14 16 24 26 2 6 13 20 30 16 30 23 4 14 1 7 4 24 11 26 26 23 16 30 30 27 19 6 5 11 24 24 17 4 30 7 28 11 30 0 13 21 30 13 18 12 21 17 9 15 17 0 27 9 30 11 14 14 22 11 11 9 1 9 9 23 23
9 1 26 18 6 30 22 6 7 0 0 10 19 10 9 26 15 17 5 8 24 29 12 10 2 2 24 29 21 23 9 30 15 11 7 29 17 11 26 19 10 5 15 14 10 29 11 5 26 28 5 19 6 15 18 6 21 6 12 20 7 25 27 19 27 23 3 25 23 19 22 10 17 17 30 10 9 22 14 26 9 7 5 2 3 21 23 4 24 27 7 19 29 29 12 5 1 23 22 22
3 13 16 24 24 25 13 13 6 12 16 29 1 3 11 12 15 25 28 0 20 3 30 0 7 0 3 29 23 28 1 15 30 19 1 4 5 2 23 27 9 17 5 22 8 24 3 9 18 4 14 23 2 29 19 8 6 6 12 20 5 5 26 3 23 15 13 5 1 4 0 20 0 24 23 21 2 25 1 20 12 4 29 26 15 0 10 8 0 4 27 2 22 13 13 19 15 11 3 7
1 6 21 5 11 18 3 25 1 19 25 14 30 28 3 29 21 22 23 5 28 22 19 21 7 28 14 10 27 21 25 6 20 3 20 26 7 7 5 4 22 2 17 29 25 28 16 28 0 0 3 27 12 24 2 13 6 8 21 13 3 14 1 12 24 23 14 25 11 4 8 29 5 11 3 28 9 18 8 11 26 4 5 25 25 14 22 29 6 2 8 11 4 28 0 18 25 13 26 24
3 9 4 22 1 12 11 17 15 15 12 21 20 13 23 3 11 18 20 29 19 18 29 30 8 8 24 4 4 27 9 28 21 23 13 9 25 13 21 14 22 28 26 25 30 15 24 27 13 19 18 28 0 7 24 19 24 6 16 15 5 9 19 9 4 29 25 14 9 7 22 27 30 28 14 5 5 25 17 21 14 19 3 1 22 17 3 27 2 16 30 17 9 14 12 23 17 10 21 0
9 16 13 9 21 8 30 20 19 17 24 1 16 29 13 19 15 30 2 3 21 6 4 0 28 10 6 8 15 14 21 28 1 2 14 4 27 6 17 22 3 23 4 8 28 16 3 17 17 27 0 15 19 12 21 28 23 21 23 15 23 10 13 6 18 16 12 13 13 25 17 1 29 15 23 27 3 0 25 12 10 10 21 4 21 2 1 24 21 16 13 3 15 10 15 19 13 6 5 16
24 10 8 25 18 26 19 25 4 0 6 23 24 14 1 8 1 10 1 3 21 8 14 17 28 9 25 22 15 15 29 20 3 1 26 5 15 23 5 15 19 4 7 8 9 19 24 29 1 28 5 22 6 19 28 5 27 29 22 10 17 12 18 1 20 12 28 11 1 16 4 7 6 10 21 17 10 0 17 7 10 11 21 13 20 8 11 15 27 26 24 2 23 12 11 10 9 0 10 26
15 29 25 4 6 5 29 17 12 23 27 28 9 16 9 8 2 2 23 8 14 17 30 24 21 29 1 2 11 1 1 25 21 5 12 21 15 20 16 0 19 29 0 22 28 28 19 10 24 25 0 3 17 28 8 4 2 9 26 19 23 23 20 27 29 17 25 26 28 13 11 15 22 6 4 2 4 19 9 28 16 6 15 3 15 21 17 29 12 18 5 4 4 26 9 4 22 26 25 30
12 28 25 23 2 30 19 2 8 16 17 19 30 21 21 12 15 30 6 23 8 13 6 15 2 23 18 2 22 13 14 28 30 26 28 25 21 3 26 3 24 5 24 14 24 0 10 3 9 21 7 0 20 12 2 0 9 18 16 17 9 8 2 10 18 26 12 5 13 26 18 4 5 12 24 25 14 24 22 21 13 6 13 18 5 12 30 15 0 23 3 13 16 29 23 0 23 30 25 18
23 29 9 17 10 23 15 28 0 19 19 4 24 6 14 10 1 2 18 24 20 3 0 6 20 26 23 14 23 4 26 12 30 22 7 23 25 30 21 26 9 15 11 5 21 19 30 8 22 18 27 2 15 30 22 28 13 28 20 26 15 25 15 16 12 10 13 20 18 14 12 9 12 6 28 27 5 5 20 22 16 9 26 27 29 19 21 26 11 6 1 10 25 30 9 1 10 19 21 30
17 5 14 2 10 16 23 24 28 22 1 19 14 0 26 5 28 2 27 15 24 7 19 23 27 1 25 3 2 20 7 25 30 20 24 22 24 15 1 26 6 23 19 27 29 6 5 3 7 1 18 8 8 26 1 3 18 2 7 9 12 23 6 18 13 20 30 15 29 18 12 24 18 20 3 14 16 13 9 29 10 21 25 3 27 5 5 23 3 10 25 4 7 26 10 3 24 22 29 3
10 29 12 22 18 20 2 27 23 14 27 10 5 17 15 16 27 9 1 21 26 0 14 12 24 12 16 9 19 1 10 7 30 13 10 8 26 16 24 21 7 8 30 4 24 1 20 6 17 3 23 17 15 25 30 14 29 12 25 23 27 30 10 29 20 12 18 30 22 4 27 13 29 4 19 27 19 28 8 8 6 19 7 14 21 28 1 23 16 29 17 10 5 25 12 13 11 11 10 28
22 4 9 15 9 25 6 10 12 1 15 7 12 25 5 19 5 8 22 9 7 25 5 29 1 11 7 24 1 14 14 30 0 30 15 5 16 8 11 12 23 23 30 27 27 29 29 29 0 15 13 4 7 12 5 2 22 2 24 5 20 30 19 18 1 5 2 12 14 23 30 3 27 6 24 1 24 8 5 30 12 28 8 11 3 8 16 5 2 23 29 24 24 12 3 11 12 17 10 9
20 24 13 15 19 18 21 6 18 11 25 27 1 1 0 3 10 19 3 10 16 29 23 12 14 25 30 7 26 18 7 17 22 4 19 27 4 28 16 30 8 26 24 8 4 19 28 13 9 16 12 20 6 18 8 20 1 15 24 22 27 4 14 26 18 2 19 19 23 17 19 14 1 24 6 12 9 26 23 30 1 21 2 7 29 28 9 27 26 0 12 17 15 23 22 23 6 2 13 9
29 6 28 16 12 2 2 30 28 9 23 18 5 24 4 1 27 13 25 16 4 30 7 27 16 12 15 20 15 30 15 12 20 4 24 12 4 1 17 15 9 13 28 25 17 15 13 8 0 1 1 27 18 0 30 19 13 25 5 15 9 14 28 29 24 0 30 22 21 20 2 9 30 26 10 15 29 15 20 8 3 26 12 1 6 9 11 28 16 30 16 16 15 13 5 9 6 6 5 21
20 11 29 23 10 8 24 16 7 27 8 19 11 21 14 6 21 18 15 16 13 30 30 23 30 0 14 23 7 20 3 0 23 19 16 9 25 13 11 14 13 13 9 8 0 30 25 20 7 9 28 10 9 30 5 16 11 28 30 18 4 18 27 10 5 28 25 8 19 1 0 2 11 8 5 30 1 7 16 7 13 13 3 14 7 7 20 13 9 3 14 2 2 18 22 13 19 11 18 1
0 3 16 6 17 12 17 7 12 30 15 22 21 27 28 14 16 13 21 30 5 15 23 23 22 9 13 1 19 0 15 21 27 13 2 18 6 10 9 23 15 14 3 9 16 27 0 9 0 27 22 9 3 16 1 19 5 1 2 0 11 18 17 1 1 14 2 18 11 24 19 20 18 12 21 0 0 15 18 11 19 26 27 8 19 26 11 4 16 23 26 16 27 17 11 3 23 22 9 9
17 13 27 7 21 12 0 11 21 29 10 30 29 22 4 28 27 1 7 20 17 21 18 23 5 27 22 16 25 1 20 23 28 1 2 23 3 20 30 7 18 13 5 0 7 20 0 19 16 29 9 25 9 14 9 12 3 14 30 22 11 23 10 22 29 28 9 17 30 21 7 17 11 8 6 13 11 27 28 17 28 19 13 2 5 27 21 27 15 4 18 6 17 6 20 1 5 20 27 22
12 30 2 6 1 26 15 24 30 8 10 3 3 20 27 13 13 25 25 12 6 12 25 13 27 3 22 7 3 19 2 4 21 26 29 6 7 6 9 14 18 29 25 20 9 22 30 10 23 7 27 23 26 18 20 28 29 29 17 14 7 18 4 19 6 4 12 24 30 25 28 1 8 3 21 16 6 19 16 23 24 30 9 16 0 11 13 11 20 10 23 30 15 29 11 18 16 7 30 1
29 8 24 11 16 8 16 26 11 25 5 29 6 8 9 24 30 16 19 28 11 30 23 11 3 10 28 30 22 22 21 18 26 0 11 27 11 26 9 8 17 2 20 25 24 0 1 28 25 0 9 29 20 30 4 0 4 11 12 16 14 29 7 13 2 11 7 16 6 11 11 9 26 12 27 16 28 26 27 15 18 7 21 26 20 0 20 5 14 0 29 5 26 9 11 4 2 1 6 22
2 20 13 15 13 18 10 10 19 23 19 18 7 19 18 24 8 10 14 25 4 13 0 25 21 23 21 7 3 3 13 13 18 26 26 3 24 23 17 17 0 10 25 4 12 17 12 10 19 15 9 17 27 13 4 11 19 21 25 27 7 11 25 0 22 7 23 16 10 17 9 3 20 14 3 5 10 7 0 2 6 21 23 22 30 11 2 7 4 1 18 23 7 5 28 1 3 19 29 27
24 9 10 7 5 26 13 10 4 21 29 9 18 1 18 0 23 20 13 2 13 27 3 14 20 16 25 23 29 28 19 20 1 2 8 7 1 21 0 11 20 9 19 2 8 10 3 2 21 0 9 3 24 7 15 17 10 15 1 10 7 21 12 10 23 17 26 6 12 21 29 10 23 19 19 23 7 9 2 26 8 9 12 8 10 30 24 16 11 1 1 9 22 23 21 20 9 28 14 24
13 26 12 25 22 25 25 18 23 19 0 6 13 9 14 20 10 29 25 6 6 16 22 13 16 12 25 24 5 22 0 24 30 2 6 23 17 5 4 0 18 11 0 11 0 14 1 13 27 27 15 2 3 11 1 20 30 30 14 22 16 19 8 14 18 7 8 6 18 11 30 18 17 17 21 25 17 10 24 16 0 5 4 30 16 4 16 5 24 11 2 29 15 12 10 10 6 11 4 9
14 8 10 15 18 23 0 10 1 2 22 5 23 12 4 9 8 23 11 4 23 2 24 29 14 0 9 28 18 23 23 29 14 1 18 20 10 28 20 16 8 25 20 5 6 12 9 15 13 18 14 28 0 1 12 10 22 1 26 22 2 9 8 17 11 30 11 16 9 0 15 24 12 3 28 22 7 12 14 9 21 6 25 3 13 24 27 8 21 4 29 23 30 4 20 18 2 3 2 14
26 5 14 2 13 22 29 25 30 27 0 22 17 19 17 8 23 8 8 2 21 29 13 12 28 7 6 13 14 26 11 16 30 27 12 14 30 14 28 24 7 2 17 22 28 2 20 2 1 29 23 2 15 14 1 18 0 24 20 2 21 3 23 27 27 21 10 25 15 7 3 17 19 9 28 29 30 23 9 26 21 11 23 24 13 30 19 18 17 24 12 19 9 7 26 10 17 24 7 20
1 23 26 23 9 17 6 18 26 16 25 7 29 28 0 23 16 20 5 24 6 0 3 10 27 3 30 25 0 30 25 11 27 18 21 14 8 10 11 18 19 18 16 20 5 21 26 25 19 17 23 13 13 11 4 13 14 27 3 2 11 28 20 1 28 27 2 30 1 23 2 0 7 7 2 24 10 10 20 0 10 28 0 15 25 10 18 8 15 8 12 23 14 25 11 2 17 20 14 28
29 10 15 5 1 29 28 18 12 16 9 11 7 23 11 0 8 20 1 5 18 9 0 8 1 0 15 0 13 21 29 27 4 4 23 26 7 20 6 4 18 0 5 29 20 19 17 13 0 20 24 18 27 30 8 13 14 20 28 25 26 10 8 1 1 21 20 10 20 14 29 15 11 11 17 11 9 8 7 24 19 20 14 12 1 4 20 5 12 12 2 19 17 19 15 24 6 11 28 4
15 30 26 16 17 3 0 24 25 3 13 9 5 27 30 23 4 25 10 3 9 28 30 7 1 9 24 4 17 17 10 2 16 22 5 12 29 30 9 27 11 16 10 23 30 26 27 23 15 13 27 28 19 8 2 3 18 7 12 7 28 16 7 4 8 3 8 5 7 14 10 20 14 25 6 1 30 28 16 18 22 25 0 11 21 25 8 28 29 10 8 18 3 8 9 2 6 9 27 22
18 26 0 9 20 21 2 13 4 14 2 4 27 6 8 26 5 28 0 22 10 9 2 21 24 2 17 8 10 24 17 28 12 20 6 24 9 9 3 10 27 9 4 9 25 19 25 23 1 11 22 13 15 2 10 18 3 28 24 26 22 24 8 13 0 5 10 21 22 14 28 1 19 12 2 9 25 1 20 12 27 14 14 20 19 16 6 27 17 2 29 29 5 6 0 17 26 14 11 0
29 7 4 4 20 0 7 26 15 1 20 10 10 17 19 23 11 3 29 22 8 23 26 27 10 20 27 6 22 30 25 14 5 1 30 23 26 4 4 18 3 26 27 25 29 27 16 14 23 15 9 24 4 19 25 23 16 6 13 1 1 0 18 24 6 16 23 4 9 20 15 30 6 17 13 9 14 9 4 10 17 14 8 15 9 3 7 22 3 22 16 7 26 16 22 25 27 25 10 11
11 8 16 27 2 11 3 18 23 30 10 29 20 19 0 16 17 4 1 0 5 24 14 17 19 8 5 17 1 24 2 9 13 8 17 24 10 10 4 1 22 3 13 14 17 17 13 8 30 29 13 23 28 29 29 17 13 7 13 19 2 7 27 6 28 9 26 29 27 3 24 5 28 3 17 1 14 5 6 3 25 11 14 20 26 18 21 21 7 2 0 9 6 12 10 3 8 2 20 29
7 21 4 21 22 22 28 7 4 2 22 21 27 23 28 0 15 2 8 1 16 23 1 20 9 22 4 27 29 3 11 27 26 22 23 17 30 24 6 14 16 25 2 16 12 12 13 24 1 22 2 28 0 4 9 11 17 12 4 10 8 24 30 14 21 3 22 9 4 14 7 24 3 11 20 21 2 23 15 7 24 1 25 16 29 21 21 3 13 10 2 11 8 23 1 22 6 21 26 7
27 24 18 29 14 17 7 10 0 21 21 7 11 16 24 19 4 18 3 2 14 8 16 3 20 22 10 17 10 22 10 1 30 14 21 20 6 5 15 8 8 25 7 5 17 6 27 3 2 25 17 14 7 7 19 7 17 14 6 13 8 10 3 4 14 18 7 26 2 18 21 22 17 24 22 25 5 9 21 8 7 6 17 10 3 20 29 13 30 16 15 19 25 22 20 9 18 29 15 13
15 5 16 9 18 7 15 10 9 8 18 30 2 23 9 25 4 10 7 28 3 5 20 24 28 20 19 26 23 11 15 27 19 22 9 14 0 17 8 22 7 0 8 12 11 3 15 22 1 3 16 12 21 9 10 21 12 13 7 6 20 28 22 7 2 27 14 16 0 9 27 27 10 15 5 28 30 6 18 30 29 27 14 9 8 13 22 4 4 23 10 3 9 20 21 30 7 12 13 1
13 29 20 27 19 1 7 11 6 30 12 2 18 5 0 24 24 17 13 25 30 10 0 29 15 13 7 14 11 6 12 11 18 29 15 20 16 2 20 0 1 27 3 3 11 27 22 8 0 15 8 23 10 3 9 13 9 4 0 4 7 16 26 11 2 4 18 16 18 3 8 21 16 20 10 1 17 14 24 21 11 24 4 8 0 7 7 6 24 1 19 30 23 15 23 4 2 7 13 23
0 6 22 27 2 3 28 21 14 23 21 29 24 1 27 25 30 0 19 11 20 18 21 28 14 21 1 16 29 21 10 24 17 8 10 23 24 10 7 28 7 15 3 4 15 7 6 23 17 16 4 25 30 3 12 22 18 19 6 6 25 1 5 15 21 24 6 25 11 0 23 0 26 1 12 1 8 7 18 14 22 9 21 30 9 19 14 23 28 4 24 26 17 23 22 0 22 30 25 20
4 30 11 0 25 27 19 5 25 17 22 21 1 16 30 2 11 30 15 9 20 24 28 13 9 25 6 1 18 29 5 4 8 1 17 14 25 3 24 21 23 7 11 22 20 1 2 2 24 22 24 28 13 3 15 28 29 7 3 15 28 16 4 18 8 21 4 5 27 6 1 2 4 28 21 22 7 3 24 5 17 2 9 6 19 14 22 28 17 18 2 17 11 24 16 3 21 14 17 19
13 5 7 11 21 5 24 6 3 1 0 6 27 3 5 25 22 28 9 26 0 15 29 3 6 2 16 13 14 29 30 13 1 17 20 27 10 4 8 12 24 28 26 22 3 19 27 10 12 11 8 28 0 21 9 30 25 3 27 6 7 0 17 24 24 5 4 21 13 7 3 6 14 15 28 19 28 25 30 2 9 22 16 22 26 26 22 1 10 17 23 0 28 18 5 29 13 11 20 27
19 29 27 8 0 24 23 0 8 8 6 28 15 12 9 10 28 1 12 6 21 9 5 9 26 1 7 24 16 6 19 27 7 27 0 17 14 23 19 15 7 17 13 10 7 16 4 26 16 15 24 8 17 11 29 2 0 16 9 29 10 28 12 0 8 28 28 13 11 12 18 2 17 11 8 28 6 17 13 22 3 15 29 7 4 2 16 13 0 17 15 5 21 29 9 25 2 19 21 13
8 9 20 4 30 12 25 24 27 3 20 3 5 24 9 4 14 22 7 20 10 8 5 20 17 13 20 23 6 9 30 23 16 8 28 13 29 23 24 27 25 5 5 4 10 19 11 19 4 19 25 11 9 28 20 9 20 8 18 7 9 4 2 4 12 26 5 18 26 22 17 24 24 30 13 21 26 19 15 1 8 5 19 9 13 6 5 16 14 10 7 13 14 1 21 7 14 20 25 14
9 29 22 15 25 17 10 11 29 10 11 9 29 25 8 2 1 3 1 1 29 1 24 11 17 11 21 8 16 2 18 20 24 4 28 26 22 6 14 0 10 29 20 11 6 18 5 1 21 23 14 0 7 20 25 30 20 11 29 16 9 6 27 3 3 9 22 7 8 25 17 20 27 0 28 13 3 21 15 24 16 15 21 7 24 25 9 27 30 18 5 24 18 20 10 20 23 30 11 14
24 17 3 7 15 27 5 30 6 12 10 20 25 20 8 22 9 8 21 12 19 8 26 6 30 4 5 23 11 29 4 13 13 1 21 30 18 19 1 25 29 29 22 1 19 12 17 14 28 12 20 14 11 17 0 6 3 21 6 26 28 18 20 30 9 19 5 7 7 30 1 3 13 25 1 3 10 17 8 1 21 21 20 24 17 9 12 1 17 17 18 22 18 2 2 1 5 8 15 30
6 11 26 17 21 18 22 29 4 18 8 7 26 2 24 13 6 21 29 3 21 9 17 19 7 28 25 17 11 6 23 14 30 2 30 16 24 9 24 0 4 26 30 2 19 1 26 24 24 17 21 15 21 3 0 9 30 11 6 0 29 20 6 15 1 11 16 28 11 12 6 16 4 21 1 18 16 18 29 6 11 25 29 12 19 14 20 30 18 19 27 11 3 21 8 11 23 0 29 3
28 6 17 27 16 7 13 7 24 26 24 14 18 4 5 23 20 6 13 26 27 1 27 23 11 1 24 0 19 23 8 19 18 13 22 1 12 8 28 8 17 7 19 26 10 2 13 16 23 8 20 23 14 13 14 20 30 21 14 14 18 7 20 26 19 29 9 11 16 3 28 27 8 7 1 11 2 20 27 9 8 22 27 19 23 14 7 30 8 21 7 20 24 13 26 14 4 18 14 23
1 10 3 29 10 18 19 3 22 20 17 20 30 6 18 26 16 21 24 2 30 24 9 29 9 18 8 1 14 11 13 24 15 19 9 9 29 16 9 9 22 7 30 4 20 11 20 3 7 13 20 15 17 17 24 19 15 4 12 4 20 12 25 8 15 8 4 0 2 15 11 15 9 28 18 26 4 30 5 17 23 16 10 18 12 7 19 17 0 21 21 28 28 27 29 20 12 15 29 9
0 8 4 21 21 23 21 11 8 28 11 11 14 28 4 10 13 2 30 30 6 26 12 21 14 14 9 8 7 20 29 20 10 14 22 12 1 17 20 10 4 25 6 16 13 26 30 29 26 6 19 30 23 25 22 9 6 19 2 26 29 4 15 9 22 3 24 8 28 23 26 10 6 4 30 18 8 29 5 1 11 11 3 12 1 14 13 28 19 23 2 26 0 12 15 21 11 18 29 20
6 9 16 10 2 30 17 11 29 8 16 19 21 13 2 11 14 10 11 29 29 6 19 14 24 19 25 18 9 3 4 3 0 15 6 3 26 20 20 2 18 8 1 24 30 5 19 12 17 6 11 7 26 24 27 24 12 7 4 4 22 28 12 25 24 24 10 1 20 23 5 19 12 27 3 23 1 9 29 13 13 7 2 30 29 5 4 20 5 22 14 13 9 17 23 2 9 8 26 12
2 4 25 29 20 18 20 10 0 1 27 10 30 25 5 17 24 25 3 5 18 10 2 10 29 9 19 22 0 11 24 27 16 6 10 19 24 1 11 30 16 20 29 21 1 29 28 9 27 1 5 4 10 8 0 12 12 28 15 29 7 29 13 26 11 8 16 22 20 13 4 28 24 26 24 16 26 26 20 4 29 0 24 19 4 18 22 5 24 11 19 9 16 8 1 24 2 19 29 30
19 30 18 8 1 9 3 13 19 30 8 25 18 25 7 0 6 6 15 21 26 9 25 9 1 26 2 22 21 0 21 23 15 5 21 0 28 23 13 8 0 16 17 27 3 8 13 5 12 10 4 11 16 2 6 14 4 22 22 3 4 23 13 17 4 28 18 19 30 6 15 2 14 19 29 11 5 11 14 4 25 3 0 23 8 7 4 27 17 5 12 21 1 15 16 23 13 17 26 20
10 9 20 19 3 25 29 12 18 29 19 30 29 23 1 23 28 30 0 6 21 3 26 3 6 2 10 27 15 21 18 8 17 11 9 3 21 10 27 5 8 12 23 7 11 5 16 4 23 30 17 3 16 8 26 13 4 21 13 7 16 30 8 29 14 19 10 22 0 25 2 27 17 20 5 26 18 2 9 5 2 7 14 8 13 12 29 23 12 17 15 29 28 29 13 19 10 4 7 5
29 17 27 23 23 4 29 2 22 21 22 6 1 8 25 17 8 25 8 26 12 26 17 30 19 20 19 21 15 27 19 11 4 10 17 25 9 3 20 3 15 21 17 9 20 4 27 25 13 25 8 19 29 25 0 19 16 4 27 5 8 10 21 16 13 7 18 29 5 14 7 5 24 7 10 17 12 3 22 0 9 11 19 6 15 7 14 27 6 23 7 30 3 17 17 4 28 23 28 1
23 9 0 23 9 29 13 26 6 5 10 28 29 11 5 17 1 3 11 17 13 8 28 5 19 21 5 22 0 8 24 29 5 18 11 16 24 18 12 30 11 26 27 12 0 14 23 26 27 17 21 5 27 17 30 11 3 25 18 10 23 13 1 7 16 11 14 16 13 1 23 21 29 3 14 3 21 24 7 29 0 16 24 24 6 3 7 23 24 24 2 26 20 3 4 18 3 2 30 0
23 18 0 28 13 8 23 28 20 24 1 11 28 4 1 0 30 13 18 20 2 7 14 15 13 3 15 6 25 1 20 19 13 26 10 24 14 13 4 17 7 11 19 29 17 27 24 17 13 29 13 3 28 8 20 28 11 26 3 14 29 19 13 25 11 5 25 30 27 2 8 15 1 8 1 24 22 2 18 21 17 16 27 29 5 12 16 30 13 29 13 7 17 15 15 1 1 17 7 25
20 6 17 20 4 15 28 2 13 5 13 11 12 22 26 4 1 22 3 26 14 17 21 18 10 10 30 21 10 22 22 6 4 23 29 16 25 1 4 11 23 4 24 20 18 26 7 9 2 11 30 26 27 11 15 18 27 18 16 7 8 23 2 18 0 24 28 15 5 0 21 1 17 21 19 15 19 16 5 30 19 15 22 30 24 2 1 14 13 23 20 6 10 20 10 6 28 14 3 3
10 21 11 26 14 4 15 13 29 1 10 8 30 25 23 7 21 1 24 8 8 16 1 28 14 11 4 0 11 27 24 0 25 0 19 6 2 4 8 13 9 9 7 3 2 2 18 1 28 1 12 18 26 17 23 8 20 19 3 5 24 7 20 9 28 0 20 7 3 3 9 13 20 10 18 21 17 16 2 6 0 23 3 21 10 19 12 11 16 7 22 20 9 2 5 14 29 6 30 15
15 0 19 2 22 30 17 0 24 29 2 11 16 26 6 4 11 16 12 26 25 14 7 7 1 3 17 7 6 19 12 25 6 27 7 8 15 23 6 24 11 19 5 4 29 26 21 0 14 19 7 7 6 13 20 29 0 26 12 0 12 17 30 14 4 24 15 17 12 19 0 11 5 7 5 16 17 27 2 16 9 30 0 23 0 10 10 19 10 29 25 17 19 14 17 3 17 5 14 24
8 8 23 14 4 7 21 22 16 6 15 2 25 12 15 0 6 26 30 22 11 27 8 1 9 2 5 23 14 8 9 29 2 14 0 10 20 13 9 21 28 14 3 27 24 11 7 11 15 16 4 25 17 3 24 7 15 5 28 27 24 12 21 29 18 4 9 13 29 15 3 6 23 19 12 3 30 6 23 23 20 2 19 25 0 30 30 25 8 2 23 1 21 6 16 22 10 14 0 22
30 1 30 22 4 4 14 9 4 18 9 15 19 26 19 30 21 16 0 0 19 5 30 27 14 15 25 9 8 0 28 25 8 12 17 9 13 17 23 22 3 2 11 29 1 15 21 21 7 25 16 13 8 23 20 0 27 28 24 1 13 0 25 19 4 0 2 6 23 21 18 15 15 4 7 27 29 15 15 3 22 15 14 24 23 13 1 6 2 18 20 10 19 9 30 10 27 7 28 19
2 7 24 7 21 9 25 29 10 20 12 24 22 22 8 30 29 1 24 19 12 12 12 6 19 19 29 5 23 10 20 7 6 5 1 3 2 14 25 23 12 26 25 19 16 18 11 8 27 0 6 24 1 29 13 24 11 9 19 9 3 11 23 23 25 24 19 20 21 16 21 14 0 2 19 2 18 16 2 20 17 3 27 9 6 21 9 0 27 14 26 9 28 19 13 8 26 10 11 25
1 14 29 1 13 27 10 7 10 1 17 25 27 16 0 20 14 24 7 1 13 22 19 5 21 4 28 18 12 7 5 17 22 14 6 21 9 22 10 3 15 15 8 4 8 2 23 26 0 24 30 7 26 27 16 30 25 17 30 15 20 21 15 11 30 23 30 10 5 1 21 23 18 4 2 16 11 29 19 18 12 27 22 4 15 12 17 25 22 17 4 2 25 9 13 6 0 5 13 24
29 9 17 22 17 29 13 26 18 21 17 28 18 13 19 6 26 26 16 14 4 28 26 4 23 10 7 2 7 27 4 14 2 10 19 21 28 25 21 22 21 19 4 2 4 15 30 3 3 13 5 23 11 1 4 13 10 7 3 9 19 6 13 19 7 13 10 9 21 30 6 4 29 19 27 22 14 12 29 21 24 23 29 2 4 21 2 15 14 5 26 4 22 3 3 5 1 22 3 9
30 26 11 5 4 23 21 3 17 28 28 0 29 21 22 5 10 23 6 5 3 14 5 3 17 16 29 26 22 4 30 13 29 26 28 26 17 6 22 19 27 18 9 23 26 12 8 17 9 21 9 6 2 26 23 26 19 18 15 19 15 8 19 10 3 16 19 1 14 19 10 10 26 13 7 9 23 0 29 2 22 10 24 26 14 30 4 30 17 6 16 17 28 18 16 11 3 24 26 14
0 25 30 16 10 29 1 25 14 29 1 23 5 30 24 13 22 30 18 12 25 25 2 22 8 25 2 5 2 28 22 8 27 23 10 21 29 12 19 23 26 0 17 28 15 27 26 7 9 11 7 8 4 5 17 2 5 8 17 16 19 27 13 3 28 20 7 25 11 5 29 26 26 11 0 15 16 27 8 1 14 21 23 12 24 5 23 13 12 24 1 29 17 8 27 20 26 28 19 0
20 23 3 14 12 27 5 0 11 30 21 20 18 15 2 20 3 19 5 23 0 0 6 3 22 8 28 19 11 18 28 21 12 8 5 28 9 30 27 23 16 8 2 1 4 28 18 4 20 16 24 26 1 25 9 1 10 20 6 4 27 24 19 25 8 9 16 30 27 29 6 27 25 14 18 29 17 15 24 27 25 21 4 3 4 23 13 19 20 25 3 24 6 23 7 4 10 29 14 11
13 18 16 0 24 9 30 22 18 9 6 15 1 3 4 11 10 2 26 25 30 23 3 11 19 25 5 24 2 9 1 16 7 29 20 22 11 5 12 25 10 20 20 21 14 6 13 8 7 12 25 23 20 6 8 6 21 24 23 29 3 12 7 8 21 29 12 0 25 11 20 2 28 19 3 8 6 24 7 7 27 4 5 1 13 24 25 29 14 2 18 5 2 5 23 24 6 21 1 18
19 6 26 26 14 12 25 30 30 11 14 20 23 7 25 5 17 18 7 29 21 30 17 27 16 5 26 2 20 21 29 8 8 11 5 29 3 21 8 18 12 19 28 23 30 17 19 9 3 20 23 23 0 4 18 25 18 2 7 18 29 19 22 29 30 13 10 9 1 10 26 30 3 12 23 24 0 17 21 18 24 0 25 24 1 8 19 23 26 6 17 6 28 19 19 7 6 26 18 18
14 30 14 28 14 28 7 30 21 2 17 17 2 14 25 21 19 21 20 20 11 22 19 9 25 1 1 9 22 24 28 6 20 7 19 2 4 19 15 8 20 2 13 12 10 2 5 11 23 30 0 28 28 16 10 21 6 2 5 30 16 7 25 23 6 0 10 20 26 22 4 8 22 2 7 16 19 6 12 8 4 20 12 7 24 30 9 29 28 26 20 11 13 1 22 16 6 26 4 5
29 6 25 15 25 1 19 4 19 19 10 28 23 5 13 6 4 14 14 5 3 19 27 14 19 8 2 24 20 13 6 6 11 24 6 27 16 18 7 11 19 2 28 8 16 1 24 4 18 2 25 19 30 18 29 23 28 17 18 19 8 12 16 17 17 16 9 11 16 21 12 16 13 7 18 24 22 22 19 29 0 22 13 23 7 28 14 11 20 15 17 10 11 14 27 3 3 17 4 13
0 8 5 18 7 2 19 15 4 3 7 0 5 19 4 14 21 20 26 30 1 11 24 9 19 29 14 8 11 28 25 28 20 12 24 29 25 16 2 13 12 30 6 17 0 20 25 20 1 14 2 21 0 29 16 2 19 10 15 30 22 14 1 7 16 7 15 12 7 20 4 7 22 6 20 2 30 20 7 18 2 3 9 17 29 18 3 17 23 1 1 27 8 17 11 6 2 20 26 11
26 14 8 1 10 29 5 23 1 27 14 9 11 26 4 18 14 15 28 1 26 11 1 30 12 11 13 10 21 16 20 10 29 0 10 5 27 22 21 12 4 20 15 6 2 18 20 11 22 19 13 21 3 20 15 21 27 24 13 13 17 0 24 11 2 0 1 2 28 10 14 29 1 25 7 21 17 0 26 19 0 9 18 26 18 14 7 2 8 14 16 28 26 6 7 30 30 29 26 29
28 5 22 28 10 22 30 18 26 22 24 30 7 22 16 3 2 16 17 6 10 21 25 15 13 7 1 25 28 13 3 1 18 5 25 11 15 1 25 16 12 3 9 17 8 4 20 7 3 10 3 22 1 8 25 20 18 18 10 17 25 6 20 5 14 9 11 30 20 2 24 14 27 29 30 27 19 4 2 6 2 30 7 6 18 9 29 19 26 5 15 22 16 19 4 0 6 16 8 20
2 2 17 7 8 21 5 26 23 30 19 10 20 29 10 29 16 28 2 4 23 24 9 10 21 23 27 22 22 20 25 16 21 15 12 19 16 25 8 19 6 26 21 23 7 16 19 19 6 3 24 27 30 20 21 29 26 19 0 23 7 25 11 17 4 4 26 10 6 29 21 4 11 26 5 25 8 1 10 23 10 22 9 22 8 17 13 22 26 8 21 7 9 7 20 18 25 13 14 16
11 28 2 13 30 23 6 21 22 6 4 28 2 6 28 28 6 19 30 10 19 10 13 6 3 2 24 28 27 13 2 6 7 18 9 3 12 2 0 3 19 23 21 0 8 19 11 17 3 20 29 6 15 21 24 2 19 11 22 9 4 17 18 0 12 28 22 8 7 22 4 27 15 0 28 17 21 8 30 24 14 7 26 27 29 4 7 20 18 25 27 19 8 7 30 30 14 6 18 8
6 13 7 26 21 4 27 22 1 18 17 4 19 19 30 23 3 29 5 0 17 16 18 2 16 27 14 28 28 1 15 23 12 3 2 14 28 5 6 24 18 11 13 6 1 17 5 21 0 14 28 24 19 4 16 5 22 1 20 24 25 0 1 20 0 2 28 24 4 20 6 15 13 26 29 22 9 22 7 13 17 15 0 29 0 8 12 0 6 9 27 28 24 25 3 22 29 9 18 21
7 28 11 27 16 6 6 8 12 0 29 12 13 4 19 14 23 27 30 22 20 18 27 25 30 15 0 15 29 6 25 17 28 1 13 6 9 3 19 11 8 9 28 30 1 13 16 18 26 25 10 21 21 27 1 0 22 0 7 5 18 27 8 25 18 28 6 20 11 13 10 1 17 13 8 21 22 29 2 6 24 17 26 0 24 8 27 17 20 9 27 20 1 25 23 28 13 2 30 13
8 21 18 5 6 19 4 25 11 22 11 10 17 16 25 10 30 27 18 10 17 11 25 15 9 5 2 16 21 28 16 9 2 11 15 0 28 0 26 12 2 22 7 22 22 26 2 17 3 24 9 9 20 12 29 24 10 29 10 19 25 28 18 1 22 2 23 26 10 15 26 17 9 13 27 16 1 12 15 30 3 5 28 22 0 26 22 2 22 7 5 19 30 14 10 17 22 12 13 18
24 12 20 7 16 26 10 24 16 14 4 22 11 1 13 1 15 12 1 11 19 18 16 19 21 17 26 30 0 15 17 21 13 24 29 3 12 30 17 6 15 25 29 19 14 30 19 21 12 26 9 17 10 27 4 7 0 18 16 8 5 11 24 28 23 10 18 3 21 5 4 4 6 0 25 22 1 10 25 11 23 3 9 12 0 9 23 11 5 14 26 23 12 5 26 6 15 7 7 15
7 12 18 12 23 26 0 28 12 6 9 23 28 1 7 8 28 8 6 7 22 22 8 17 7 24 0 25 20 20 2 12 1 24 0 0 18 30 12 28 17 7 1 29 2 4 27 24 24 13 25 8 24 15 15 28 5 6 27 1 17 13 20 29 29 4 18 27 25 19 28 16 29 28 12 18 14 9 19 29 13 26 14 24 20 22 2 12 21 2 1 12 7 2 30 15 4 4 14 8
18 5 19 24 26 20 22 1 24 4 22 11 10 0 2 3 23 26 11 15 23 12 23 19 6 15 4 11 29 13 30 16 17 4 19 25 10 8 23 14 7 8 21 7 29 11 4 21 19 5 7 30 5 27 14 4 1 3 23 16 22 10 27 19 5 18 17 1 1 30 5 20 22 20 12 16 26 24 25 10 16 19 24 24 5 0 23 19 22 30 20 27 1 28 6 29 29 18 5 30
29 9 7 26 10 11 10 16 23 25 6 18 16 26 15 29 24 10 22 4 16 19 2 7 16 30 26 30 11 13 5 21 6 2 25 15 0 8 9 25 12 24 23 3 18 12 21 29 21 0 1 1 25 22 22 28 24 20 17 13 24 13 7 25 0 15 14 8 15 23 17 5 21 26 1 15 5 24 2 24 0 14 12 16 10 9 24 24 6 15 22 6 12 11 5 22 6 28 2 30
