24 24
7 27 24 1 19 16 4 17 4 19 8 13 12 4 26 17 30 20 23 11 8 23 2 7
30 22 17 5 9 12 25 11 18 8 5 8 21 21 27 27 25 22 20 26 3 10 7 6
22 24 29 25 26 6 6 19 30 2 19 28 14 5 18 4 29 18 16 5 13 18 8 8
8 0 5 23 18 9 7 24 9 25 14 18 20 30 2 22 2 4 30 26 3 24 22 24
17 16 27 26 1 14 24 9 18 4 16 3 7 1 4 22 13 30 23 22 30 27 8 30
13 28 9 23 1 13 3 20 16 4 30 7 11 19 0 25 28 22 9 16 26 4 14 27
17 2 13 2 1 6 14 5 27 28 0 18 27 26 29 12 9 17 14 11 22 29 25 19
2 11 25 14 18 21 5 30 0 22 30 3 4 1 30 15 26 26 21 17 26 10 0 4
6 14 17 11 12 4 26 23 6 25 10 8 8 4 28 7 14 25 8 8 28 3 18 23
25 26 0 2 16 28 28 28 10 2 6 27 21 9 19 25 29 18 27 9 29 23 26 11
7 3 13 9 29 6 13 8 6 8 28 0 6 1 16 7 19 20 23 24 17 23 19 0
17 29 25 11 11 24 13 12 30 18 26 0 12 27 7 11 22 1 12 30 6 9 7 18
30 27 11 23 16 24 27 4 19 4 24 7 5 18 22 28 22 12 28 29 17 27 24 6
9 1 27 2 22 14 4 29 20 24 21 0 16 17 11 25 14 1 12 14 13 2 11 12
23 9 13 10 9 24 19 12 22 18 27 23 2 30 15 3 1 4 24 20 14 10 10 3
18 17 20 24 25 27 25 22 3 21 16 19 1 26 24 24 4 24 17 7 19 20 12 8
26 6 11 21 23 0 13 18 2 30 16 6 2 6 18 23 3 11 23 22 19 18 21 15
29 8 29 23 28 0 21 29 20 25 27 2 17 23 8 27 9 27 27 17 18 17 24 30
6 10 16 10 7 4 25 9 2 25 10 18 19 18 19 2 1 3 7 4 4 6 23 2
2 28 7 13 5 2 0 17 2 27 13 18 29 12 17 1 7 23 7 28 25 7 13 19
28 0 29 25 1 10 15 15 6 9 20 6 0 15 16 6 28 1 8 30 18 9 28 6
24 13 21 15 2 27 17 23 17 3 3 28 16 17 20 10 17 18 25 13 6 13 24 27
18 9 19 3 2 23 16 15 2 6 13 6 24 20 10 22 27 1 25 2 1 2 14 25
17 23 1 10 21 16 21 29 24 13 21 7 24 5 11 12 7 24 3 24 6 14 18 25
