25 25
14 28 4 3 30 10 1 20 4 9 19 5 22 1 8 26 7 22 29 1 23 20 5 21 1
21 17 17 7 24 7 3 28 10 22 30 15 9 21 19 22 23 22 12 8 4 8 2 4 20
25 20 15 6 0 2 28 19 20 28 26 25 29 19 18 9 22 20 15 11 8 4 10 13 18
9 30 20 7 8 22 14 8 27 4 23 23 27 22 16 10 16 20 25 2 14 11 18 12 24
17 19 22 2 15 1 1 15 0 7 28 6 29 14 16 22 25 17 4 27 20 12 30 8 29
16 24 6 16 19 29 10 24 6 9 13 8 0 10 10 28 3 4 15 4 7 27 13 2 28
1 16 2 7 29 3 28 26 23 8 26 5 5 4 4 2 12 21 9 11 9 13 10 23 24
20 8 1 16 20 11 12 21 20 8 4 14 8 24 5 25 8 4 25 12 8 27 10 25 23
4 13 21 2 3 9 5 6 4 8 25 22 1 8 26 25 28 28 28 2 5 4 28 12 20
30 5 0 23 19 3 21 28 25 30 1 7 14 25 8 18 26 17 23 21 18 27 6 20 0
7 5 27 3 25 28 2 1 22 20 23 26 2 27 6 29 20 27 25 15 23 21 8 1 0
17 22 20 1 7 23 22 8 30 28 25 20 18 26 7 12 11 25 26 3 1 6 22 23 27
12 3 14 9 21 15 10 23 17 29 2 22 13 15 9 27 6 12 21 13 4 20 18 4 13
25 30 1 22 6 2 26 9 4 29 11 27 7 0 29 28 10 27 19 9 1 11 6 15 10
20 29 18 22 0 28 7 10 18 8 8 25 27 28 6 11 24 4 8 0 21 26 26 15 22
0 24 11 23 1 23 30 23 0 11 17 15 16 19 10 13 30 2 22 8 27 7 30 27 20
9 29 17 22 20 19 5 1 4 5 2 9 15 10 16 3 5 3 29 26 10 24 2 10 15
6 20 17 27 18 7 9 17 5 13 6 28 11 2 1 0 24 19 30 2 19 2 17 26 5
20 0 22 6 5 18 10 22 9 20 5 19 2 7 17 10 14 26 2 26 15 20 11 24 5
10 23 23 30 2 17 23 23 3 0 19 8 3 1 22 17 12 4 23 2 15 1 4 2 24
5 29 8 23 24 9 8 2 14 30 17 8 17 24 19 26 7 5 27 10 19 4 14 13 8
19 23 22 5 9 5 14 18 15 15 19 21 16 12 20 10 3 22 1 13 2 26 18 22 15
7 15 26 19 25 15 18 11 20 1 4 27 29 25 23 15 24 16 8 16 13 3 20 29 13
2 16 14 0 1 26 9 9 15 3 21 19 19 9 7 13 4 16 29 27 14 29 16 6 14
13 25 20 24 3 25 8 4 25 8 3 2 22 2 10 8 28 4 16 0 21 1 19 16 13
