32 32
2 15 22 10 10 16 10 28 10 26 27 0 24 16 12 10 25 18 21 30 30 9 11 29 27 19 29 17 22 4 2 13
11 18 30 6 13 0 28 9 30 0 30 1 13 4 22 1 24 20 29 1 20 20 10 10 14 3 0 15 1 1 8 16
23 9 6 13 7 17 14 12 22 7 11 24 10 7 16 15 25 3 0 12 16 7 19 26 10 3 0 8 4 5 7 3
14 13 19 19 21 13 29 14 19 12 28 14 15 7 9 11 6 19 26 10 19 18 16 3 0 27 9 18 19 4 6 7
29 28 27 25 6 23 19 25 29 21 1 15 25 4 4 2 1 15 3 27 0 12 2 8 20 10 1 16 17 23 8 10
5 18 18 12 28 17 4 16 3 28 25 8 27 28 25 25 6 21 9 25 24 18 6 20 17 3 22 25 13 11 12 0
21 8 1 6 15 22 13 22 22 19 4 20 30 0 1 12 13 15 12 1 18 18 9 17 23 20 18 14 8 11 0 21
9 12 15 15 14 7 22 7 16 5 10 1 5 10 4 4 17 16 28 29 0 27 20 7 9 4 9 1 8 26 30 27
20 25 8 22 28 27 30 19 18 16 4 17 28 30 20 17 16 21 19 26 19 10 13 4 0 18 29 9 17 2 4 9
23 1 24 6 30 11 11 14 20 6 23 26 9 3 24 0 21 5 16 5 29 5 7 1 6 21 6 8 2 26 5 8
8 2 30 16 17 15 21 3 2 7 30 24 21 5 17 20 22 29 18 11 13 12 12 21 18 8 3 12 19 29 6 13
1 19 29 0 6 26 22 24 20 4 30 28 19 9 10 12 2 29 7 29 11 8 11 30 13 12 21 5 5 28 12 28
14 7 13 2 18 13 21 30 22 19 13 6 25 18 6 22 8 22 18 0 19 12 26 7 22 17 1 14 23 6 14 25
23 1 30 8 24 20 14 3 6 17 16 7 30 8 13 20 10 14 15 14 6 14 0 29 2 19 8 0 20 0 8 0
16 20 11 12 19 25 29 22 20 20 6 12 9 8 7 11 15 6 21 1 19 27 13 4 25 28 9 28 21 26 25 27
1 10 10 26 19 2 10 18 7 29 30 22 27 21 4 4 23 10 0 14 6 10 4 20 15 24 14 7 3 20 6 25
30 30 8 27 12 25 19 20 8 3 10 28 26 12 0 17 7 30 25 12 27 26 7 15 21 17 25 10 16 5 26 7
10 26 4 28 22 28 25 23 22 29 18 7 25 4 14 26 10 3 19 12 22 18 22 21 11 27 2 16 9 8 27 19
22 5 28 22 18 18 16 5 18 16 21 21 20 24 14 17 7 30 1 19 11 7 15 13 23 28 25 4 7 30 12 13
15 28 22 2 15 8 24 11 6 20 8 17 19 27 2 6 1 7 21 7 15 9 25 15 7 21 16 4 25 11 15 17
12 27 21 14 19 8 12 29 26 12 7 4 25 24 10 14 7 23 4 23 4 18 23 25 10 11 5 16 12 16 2 15
17 20 9 17 29 29 25 12 5 26 12 13 13 15 6 7 21 24 7 20 17 29 4 16 18 18 27 19 2 23 3 28
15 6 27 29 24 5 26 6 27 19 21 1 16 20 7 18 4 20 10 8 27 23 7 25 5 11 15 5 26 5 18 14
4 23 10 8 18 29 19 4 13 25 2 8 8 2 8 30 26 7 16 19 8 13 2 12 8 22 7 25 20 17 24 26
5 8 2 4 5 20 22 24 24 2 21 28 15 21 26 25 6 18 19 20 12 18 15 27 5 28 13 15 15 23 28 13
18 14 27 14 30 15 30 25 15 7 5 7 25 12 12 21 2 17 6 15 22 3 27 26 12 24 3 7 0 20 15 26
22 29 10 10 5 17 1 21 30 29 24 16 3 20 21 22 6 6 2 14 0 8 25 5 8 17 15 9 23 18 1 28
13 30 9 4 17 28 30 18 29 20 6 24 8 6 2 11 19 8 12 2 26 28 20 11 9 24 26 16 18 3 10 23
28 19 20 9 19 29 12 19 8 25 7 26 0 14 25 14 11 8 12 2 16 17 5 13 2 5 0 3 21 10 14 13
8 19 22 30 21 1 27 8 17 26 3 2 6 19 7 12 24 24 5 5 7 10 6 30 12 2 8 21 9 28 7 14
3 0 29 3 8 14 27 4 7 13 27 10 15 20 1 2 18 24 29 5 12 6 27 22 24 12 5 16 15 23 3 12
0 26 13 28 20 28 24 2 25 5 24 13 25 24 1 3 16 2 5 18 5 16 27 14 14 25 13 0 18 26 4 2
