35 35
22 10 26 25 16 21 23 27 21 12 27 19 10 21 19 7 9 17 30 11 27 7 6 3 25 15 9 23 13 2 7 28 13 27 14
26 8 30 29 14 21 24 0 21 11 21 28 12 8 15 25 19 15 28 24 13 25 24 15 26 16 19 9 20 25 5 19 23 28 26
26 21 16 3 19 3 4 21 18 8 29 11 22 7 3 20 15 7 0 25 1 16 29 18 4 5 9 19 11 21 10 25 18 29 26
20 22 25 24 16 2 5 25 12 22 11 1 26 6 18 28 19 27 18 13 15 18 18 17 16 0 9 28 19 17 13 6 7 26 2
2 6 7 13 0 2 20 13 12 16 4 27 12 0 27 10 8 3 5 26 30 12 0 7 0 29 6 26 1 11 0 1 18 24 30
9 1 30 8 3 10 13 9 30 30 16 21 5 27 11 17 15 29 2 30 23 24 23 2 23 25 4 22 9 10 16 22 0 24 2
24 13 5 3 10 5 18 30 27 19 25 4 10 29 8 6 17 26 22 28 14 12 17 15 5 15 2 7 2 7 13 13 19 3 7
17 12 15 23 7 27 26 18 29 0 9 11 9 8 7 23 27 27 14 26 14 19 14 4 15 9 25 22 5 22 15 13 18 2 19
16 4 10 21 19 9 13 2 11 29 22 16 8 29 5 22 6 30 5 14 3 0 1 21 27 13 17 5 19 9 0 2 16 8 2
1 10 23 16 2 27 27 2 8 16 30 21 26 22 22 11 20 21 10 13 11 12 1 6 4 26 6 4 30 21 15 25 10 25 1
10 27 16 1 10 9 6 5 14 25 29 14 8 26 20 0 19 24 0 1 20 6 14 21 29 7 10 21 27 15 28 11 12 1 26
25 12 11 11 14 16 2 3 9 25 7 25 29 2 3 0 16 27 0 29 23 0 27 11 16 23 28 20 2 27 17 14 29 13 15
14 11 23 18 14 4 12 18 15 16 27 24 18 20 22 17 28 3 28 15 19 25 9 26 18 8 20 1 2 3 20 20 22 24 17
26 11 24 28 18 11 4 10 1 13 25 14 13 20 6 23 9 1 16 30 2 17 19 30 13 24 17 18 16 6 29 29 27 3 29
21 28 28 27 5 25 16 19 6 7 2 30 8 11 24 13 14 18 15 26 22 0 13 12 26 29 2 3 0 16 19 17 13 17 24
14 2 18 17 18 10 10 30 9 19 11 3 14 22 24 23 11 24 8 1 20 9 4 5 30 21 26 17 14 19 6 7 25 7 11
24 14 27 5 14 2 15 18 29 29 24 20 7 19 17 16 4 24 22 4 11 28 13 8 18 8 26 15 0 2 9 4 16 3 14
22 23 17 29 16 10 10 16 28 27 24 20 26 19 12 16 22 9 24 5 21 29 5 12 17 4 0 27 4 26 2 21 20 9 6
0 13 11 16 25 18 12 7 29 23 8 26 6 23 7 8 1 6 1 20 26 23 12 0 1 4 14 2 7 7 23 22 21 6 21
6 26 9 9 16 14 17 17 10 23 16 18 27 12 7 14 14 20 5 15 9 7 21 10 22 6 10 21 9 3 6 30 22 24 7
4 24 9 5 24 17 29 8 17 28 11 7 11 23 7 22 2 14 19 23 29 14 2 5 3 6 5 24 25 26 30 25 20 7 25
6 14 10 14 6 26 23 29 16 17 24 23 3 18 6 14 9 22 23 3 26 20 25 13 13 14 25 10 15 9 11 25 0 21 14
2 1 6 4 10 27 22 25 29 29 16 13 28 12 28 30 14 9 5 13 14 2 17 29 26 0 25 13 2 29 30 0 17 12 26
3 12 6 10 11 15 13 21 28 20 10 25 13 12 19 1 1 22 25 5 9 27 15 6 11 5 3 14 10 2 12 25 7 12 0
8 11 13 18 3 16 9 12 9 20 7 30 11 30 9 23 22 15 20 21 9 19 11 1 28 26 15 14 3 12 14 10 15 13 18
14 10 29 1 16 4 11 2 9 11 7 11 9 27 26 15 13 20 7 13 6 13 23 5 23 17 20 14 21 4 11 0 12 20 6
10 14 29 14 18 26 30 10 4 11 8 26 24 9 19 3 4 13 20 15 24 7 13 8 19 10 8 1 4 21 6 7 14 16 10
4 24 0 19 17 22 0 3 22 18 16 9 7 5 21 30 25 17 10 15 26 5 25 1 7 21 16 1 0 4 0 23 3 9 6
18 21 10 29 12 29 14 18 29 13 14 19 14 5 3 17 21 17 27 11 22 6 15 2 13 25 19 21 2 8 26 17 24 18 7
26 22 11 12 2 3 30 3 1 5 17 14 21 1 3 2 11 12 18 0 18 20 10 29 19 13 10 4 26 3 4 7 3 5 5
4 2 12 17 8 21 21 19 4 21 2 14 20 16 3 15 5 26 7 9 3 10 29 16 9 4 3 30 2 27 13 1 14 25 18
21 4 13 1 14 6 3 28 0 7 20 19 11 20 20 23 24 28 14 15 15 21 21 23 26 5 16 22 2 9 15 8 25 27 30
0 5 10 17 23 8 29 20 9 4 24 10 0 17 15 27 5 10 12 22 9 17 15 25 26 12 22 26 18 14 19 26 17 10 16
24 20 28 28 15 17 14 2 18 27 18 14 19 22 15 11 20 11 10 2 6 8 18 9 4 13 12 15 1 29 26 5 22 12 10
16 8 1 8 15 25 7 16 27 16 12 26 30 23 1 16 29 1 9 19 15 26 27 25 27 17 27 28 23 25 4 23 6 14 19
