39 39
5 24 30 5 10 22 6 14 24 15 16 3 8 7 25 23 25 29 26 1 26 5 3 21 5 2 0 18 15 11 9 22 5 20 16 7 15 8 16
2 10 18 19 9 15 18 27 23 11 12 7 30 11 13 22 17 30 10 17 9 7 13 23 0 9 8 22 2 1 26 18 8 22 20 23 26 18 22
4 10 17 17 16 28 22 4 30 3 4 5 17 3 25 5 26 15 8 13 12 0 30 10 18 9 11 24 9 27 18 8 22 0 7 4 0 14 3
23 17 30 12 28 19 18 26 28 25 13 20 29 6 0 30 9 24 6 14 23 17 26 28 21 1 5 4 22 15 25 26 9 26 4 12 27 20 11
24 23 2 21 30 28 13 15 8 8 19 1 30 23 17 29 20 22 11 22 12 1 15 18 12 17 22 21 23 16 6 18 21 6 4 18 18 2 27
8 15 26 19 16 20 18 27 20 7 19 27 21 4 23 1 8 3 14 9 21 22 10 14 15 25 12 6 18 16 12 5 2 6 23 18 16 29 20
1 12 8 17 4 18 23 18 25 22 1 14 6 7 3 8 7 6 25 8 14 23 9 14 25 13 20 29 10 14 3 14 17 22 15 21 10 5 21
5 24 8 25 0 15 16 4 18 22 30 10 25 25 12 28 4 28 24 3 10 19 29 19 27 11 16 7 25 11 5 3 7 12 23 27 18 24 1
11 12 23 27 2 17 17 25 30 15 2 0 25 22 8 18 29 2 21 29 21 21 20 19 20 30 5 15 24 8 14 16 27 16 22 4 28 10 18
0 6 9 6 17 16 13 26 17 6 23 23 6 12 19 29 26 24 22 16 30 19 5 29 29 27 24 12 29 14 29 2 4 0 25 17 19 4 3
13 16 3 7 20 12 28 4 22 20 2 7 6 3 3 10 20 7 21 9 29 16 7 23 11 15 25 19 6 0 6 21 12 8 21 4 5 30 6
11 22 20 26 11 21 7 15 26 9 22 17 28 3 9 12 16 20 8 14 18 0 13 13 6 8 17 14 3 19 24 21 30 1 3 13 13 17 27
2 26 17 10 23 13 15 2 30 17 5 10 17 11 24 14 10 23 10 13 11 9 5 3 25 30 13 2 22 6 1 6 10 9 28 29 7 30 5
3 2 27 17 18 1 28 19 21 23 10 25 23 13 10 10 5 9 24 30 2 23 18 9 5 24 16 29 22 28 12 11 2 7 16 27 21 2 20
29 17 24 26 1 22 2 26 28 1 23 8 4 26 24 22 8 12 30 7 12 28 11 28 7 0 9 27 22 23 28 2 30 22 22 2 2 13 1
5 10 25 20 5 30 21 6 30 20 1 27 4 30 29 15 3 7 6 27 7 27 0 28 9 22 22 4 24 14 18 18 17 17 23 25 24 20 8
2 18 28 14 29 9 3 23 21 19 7 8 23 29 17 12 26 25 17 8 27 22 18 8 10 8 3 26 26 12 18 0 8 0 8 17 3 14 19
13 9 0 10 28 1 29 11 7 30 10 0 11 7 4 11 16 27 14 18 13 22 23 30 21 23 30 10 8 12 22 21 12 15 22 19 29 28 1
19 0 1 0 10 13 15 22 3 7 23 4 21 21 2 4 9 18 23 4 5 2 3 13 23 24 9 22 20 27 11 10 15 1 9 1 22 5 22
4 6 11 20 23 26 20 21 24 21 30 27 21 5 29 28 19 16 17 20 22 24 6 4 30 12 18 9 28 30 23 2 29 24 23 9 20 8 28
12 30 17 8 3 30 15 25 16 12 19 26 3 14 13 3 1 18 10 25 28 15 20 0 10 17 1 22 9 5 9 23 15 13 14 25 11 18 16
17 3 14 1 30 12 3 4 25 7 16 8 1 25 26 27 7 3 5 6 5 9 29 18 20 1 0 6 13 13 2 25 10 10 9 20 6 14 14
8 21 26 27 6 21 27 18 15 25 12 17 14 23 25 7 28 3 12 5 27 16 4 18 8 14 6 21 25 6 24 26 16 19 19 28 8 3 9
18 28 13 25 19 27 6 12 19 11 22 6 0 13 5 19 15 30 18 20 0 24 7 16 29 19 24 30 24 2 28 1 27 0 0 24 13 12 18
11 18 22 2 1 7 4 25 25 7 13 14 12 24 26 10 30 8 19 0 21 25 28 23 3 25 15 3 0 25 12 17 6 22 3 26 8 27 11
27 27 17 15 29 5 10 5 8 6 24 18 23 5 20 24 15 12 5 2 12 8 19 13 12 7 16 10 9 15 10 9 22 2 9 3 22 8 24
25 4 10 3 7 30 18 19 21 26 25 26 22 23 19 1 8 0 25 1 14 26 24 23 4 9 22 3 21 22 1 24 18 9 13 20 27 30 29
9 5 5 21 11 18 25 0 25 1 8 10 1 28 13 29 16 10 9 16 7 2 7 29 4 19 15 29 10 15 25 9 5 18 3 20 20 8 13
25 10 21 13 30 26 3 20 17 30 23 6 14 6 29 10 24 6 30 27 0 15 3 2 5 17 12 12 2 24 22 6 27 15 30 30 26 20 30
19 21 26 25 13 0 21 2 13 10 2 4 18 23 28 14 0 7 0 11 23 27 30 24 27 25 23 4 10 27 25 14 3 30 25 29 20 28 13
8 18 18 19 17 21 22 10 22 16 19 11 24 13 3 18 15 1 24 23 26 2 14 13 18 8 9 3 29 22 28 13 1 6 24 10 7 1 9
2 22 23 18 24 5 17 28 10 15 26 12 21 16 6 12 11 29 11 11 10 9 4 18 18 18 22 3 6 25 16 12 0 27 22 20 24 27 24
2 5 27 12 6 22 17 24 10 10 9 9 12 30 12 16 23 23 26 20 16 4 21 28 15 3 24 29 11 12 10 7 14 6 30 1 5 14 18
18 16 19 8 20 14 14 16 20 18 3 24 8 0 17 27 9 10 27 26 30 0 7 27 5 8 10 2 21 26 11 25 28 14 13 17 9 20 16
12 13 19 29 5 20 15 18 4 15 29 27 8 12 13 9 12 25 5 8 5 1 23 30 11 25 15 7 19 22 4 17 18 3 4 9 3 27 27
12 15 9 4 10 18 27 20 26 1 1 11 26 30 0 8 28 15 17 1 25 22 17 30 27 24 0 8 10 0 28 7 13 23 9 7 23 7 6
26 29 20 16 2 3 12 6 21 4 26 10 12 6 4 17 26 19 10 0 26 14 23 14 18 13 6 19 17 17 28 19 1 7 14 5 9 18 27
23 24 18 22 24 5 20 27 30 27 1 5 8 21 26 5 17 11 11 18 29 10 9 14 29 19 26 13 15 10 14 2 5 20 17 14 30 28 21
7 29 2 8 7 0 19 28 8 6 28 25 12 9 26 4 22 11 9 12 8 15 10 17 7 18 9 12 12 20 27 14 20 22 9 26 14 8 5
