41 41
12 2 14 27 24 2 8 11 7 19 25 28 23 3 17 17 28 12 10 18 17 13 17 18 22 12 16 14 29 21 29 17 18 22 7 27 23 2 17 16 26
23 11 2 17 8 4 6 10 17 15 7 9 3 17 16 19 10 12 8 16 12 18 27 10 29 8 10 20 7 26 20 27 4 25 28 7 4 8 27 12 17
28 23 21 17 5 17 27 12 3 8 20 25 30 3 27 16 22 14 15 0 6 25 24 0 22 5 26 29 13 10 9 2 24 20 13 25 12 6 13 14 6
2 20 20 1 13 30 11 0 20 5 24 11 29 27 27 18 28 10 7 11 27 22 26 24 6 24 22 2 28 0 12 23 19 22 4 1 23 3 22 6 27
9 7 13 9 22 18 12 4 26 6 9 20 0 16 5 28 11 16 16 11 17 11 5 11 16 21 9 5 11 21 19 16 2 21 6 9 7 16 23 13 0
29 18 20 3 5 10 18 13 11 18 18 8 3 10 23 27 11 28 30 24 30 26 18 25 15 28 0 3 18 10 16 18 28 16 17 18 5 16 19 18 29
11 1 5 10 13 3 9 20 5 1 22 29 13 18 27 10 29 9 13 24 18 28 14 11 8 27 3 29 3 28 19 18 9 15 1 22 2 23 7 23 5
14 5 16 0 7 19 3 27 29 1 20 9 2 28 23 13 17 0 18 5 27 27 5 21 10 14 15 20 12 6 14 29 20 25 8 15 21 15 10 15 24
18 26 6 23 29 15 20 12 13 13 9 7 12 9 26 1 9 30 9 2 14 14 16 9 11 26 1 8 9 17 24 15 28 19 14 17 9 24 25 2 9
11 3 16 18 25 29 16 1 0 11 30 3 15 25 1 20 12 11 19 24 15 9 20 30 2 3 8 5 16 22 24 22 26 17 10 28 22 7 18 0 13
26 12 30 2 4 20 18 24 18 18 8 4 7 30 10 17 11 7 28 27 20 25 15 9 29 7 8 14 8 16 30 19 20 25 29 30 8 17 24 0 12
12 20 1 7 4 28 4 0 25 17 0 1 17 26 18 22 3 19 28 21 21 30 18 21 22 6 3 4 28 16 2 11 10 2 0 16 19 25 21 12 25
10 16 20 17 16 14 1 23 2 29 3 16 11 25 14 16 15 10 6 19 24 11 26 5 15 3 5 0 1 14 10 12 6 24 2 10 27 8 17 26 7
12 2 18 14 2 15 26 12 21 5 15 26 28 30 19 8 23 11 23 23 6 0 18 29 21 2 29 0 0 15 3 5 8 10 5 9 17 27 20 16 17
27 27 10 3 28 7 1 25 1 9 11 14 18 6 22 5 1 3 14 12 3 28 6 5 28 20 16 29 13 28 28 23 23 19 3 19 24 1 2 7 13
9 20 15 12 20 29 17 16 28 13 25 24 17 17 9 15 21 11 21 13 12 29 2 6 18 22 11 23 27 7 5 13 1 24 22 11 21 5 3 9 26
25 3 18 3 1 30 9 28 5 22 17 26 6 2 2 1 16 30 12 14 9 21 12 26 11 9 19 4 24 15 15 5 3 15 26 21 3 21 0 22 30
10 17 27 5 22 23 19 29 11 18 4 5 0 25 2 30 27 18 27 19 2 11 8 25 19 1 1 7 2 19 22 18 30 18 22 10 18 13 20 12 14
9 2 12 8 10 19 21 5 16 9 30 15 26 3 17 23 13 15 27 26 9 3 7 4 16 18 1 4 15 27 11 0 1 9 23 24 16 6 24 27 18
7 20 10 5 20 26 0 27 13 5 24 0 14 17 10 10 27 26 22 5 4 16 0 2 19 2 23 5 6 21 7 7 19 19 19 22 30 2 6 0 25
7 25 3 4 20 9 13 0 19 3 25 9 22 24 24 7 18 9 21 1 8 11 11 28 4 19 3 14 6 17 9 24 8 26 27 21 23 24 6 5 4
8 2 3 22 16 2 10 21 12 17 19 15 24 13 12 26 2 18 9 14 14 29 0 7 21 12 5 10 16 29 26 15 11 30 11 7 9 1 28 25 3
15 21 14 24 8 29 2 5 21 15 26 20 1 10 8 9 19 13 4 27 26 30 2 19 2 29 24 3 19 9 11 23 11 7 14 4 2 22 20 25 25
6 0 0 7 30 6 23 9 28 21 19 23 0 25 11 10 17 0 30 10 5 14 23 18 24 30 3 14 5 26 26 0 20 16 10 20 29 16 4 17 7
14 26 2 5 24 30 20 3 25 2 30 23 28 1 28 26 18 30 0 25 11 14 13 23 22 11 8 25 14 28 23 5 28 15 26 6 22 9 27 12 16
15 21 7 6 9 1 26 4 23 3 14 30 4 4 16 28 29 8 27 12 21 29 20 11 1 15 24 1 20 17 22 11 11 20 4 15 29 28 19 16 14
18 15 3 5 8 24 3 2 10 22 10 30 1 25 16 21 10 2 4 1 8 21 19 11 10 19 23 18 24 29 28 2 21 15 12 26 14 30 30 24 22
0 26 14 13 13 23 27 18 24 29 23 2 1 27 21 12 21 13 5 25 2 9 9 23 26 22 22 26 7 9 7 3 17 28 11 23 17 24 26 23 30
6 3 25 18 27 0 8 2 29 8 4 23 25 7 28 6 21 11 7 20 21 10 15 24 6 23 19 5 8 30 14 27 3 1 8 24 24 13 19 16 23
10 2 27 0 26 16 10 2 17 10 12 14 11 0 26 9 21 19 23 24 11 16 16 30 22 24 10 16 11 28 17 16 5 0 7 6 18 20 25 27 5
25 28 18 27 1 24 22 21 23 27 2 15 3 15 6 12 5 27 15 4 27 29 27 15 0 26 18 20 29 5 18 1 19 22 5 5 24 11 27 24 22
12 28 9 16 4 25 30 19 18 12 28 21 29 22 14 9 8 21 8 20 27 30 16 5 12 0 20 21 26 9 1 5 5 19 0 7 3 1 8 3 8
1 7 28 14 1 9 6 14 28 2 25 19 19 12 9 6 25 30 18 14 15 4 13 19 14 4 10 22 21 8 16 22 15 23 6 24 22 4 30 17 4
6 28 30 26 3 25 3 0 3 29 27 18 28 0 16 20 19 12 6 22 18 4 15 25 4 5 2 1 24 10 23 12 28 16 29 27 17 5 9 16 9
19 11 15 22 3 5 29 17 7 29 14 12 6 23 24 10 22 22 2 10 5 17 20 28 25 14 8 3 0 28 20 12 6 15 25 13 28 8 24 17 30
9 29 23 27 17 13 27 8 23 18 21 29 19 9 7 15 2 7 5 7 20 23 9 25 29 9 2 8 28 18 12 10 18 20 19 12 6 29 27 18 12
12 18 8 30 0 0 1 14 21 6 17 6 23 12 8 17 8 4 15 19 23 9 26 18 29 5 7 9 10 21 2 6 11 22 10 4 7 12 22 30 24
15 19 18 17 20 30 18 20 9 2 11 16 10 29 20 21 4 18 2 3 20 15 22 10 20 12 28 5 26 24 22 18 24 1 16 5 16 16 30 0 2
3 16 5 0 26 29 9 7 26 24 16 3 23 19 19 2 17 1 14 22 28 1 4 7 2 8 26 19 9 15 8 19 15 23 24 20 24 14 20 26 27
28 30 3 9 12 12 4 15 8 12 18 29 0 12 12 2 13 18 6 14 12 16 28 19 1 11 20 5 5 12 6 22 2 11 1 13 24 3 12 6 9
10 8 2 0 28 16 2 16 4 21 19 7 5 7 20 20 22 8 25 0 8 3 14 11 15 25 17 16 29 23 22 1 7 27 22 7 30 9 17 24 12
