42 42
19 9 13 11 2 7 19 3 8 25 4 17 12 15 12 20 21 5 1 30 25 27 16 2 1 3 21 4 27 5 26 9 11 19 25 22 24 21 13 7 28 10
30 13 5 14 8 24 7 24 1 14 10 10 23 9 24 8 13 3 17 1 15 13 10 17 6 7 19 6 3 17 29 27 1 7 25 12 9 23 22 18 20 27
30 8 29 26 26 18 1 18 21 7 29 19 17 13 4 18 11 0 18 26 20 15 29 7 16 14 11 25 16 20 6 7 8 9 30 3 0 17 18 14 14 6
1 9 18 4 18 22 9 28 11 16 1 22 15 29 12 21 13 11 23 10 27 29 9 13 23 30 6 29 14 4 6 30 22 11 24 17 1 1 5 5 14 20
16 7 7 22 14 5 9 21 26 28 29 3 13 8 23 22 19 1 20 9 4 11 11 0 27 12 11 8 13 19 8 17 13 18 4 17 8 2 26 6 17 14
4 11 18 28 28 20 3 25 5 18 7 26 12 18 8 3 9 19 26 24 8 5 23 10 25 30 18 23 16 4 24 0 14 12 30 28 2 1 19 19 21 8
12 6 28 4 12 7 28 0 6 7 12 2 20 28 12 7 7 5 4 26 4 3 3 28 29 13 8 30 16 22 3 1 6 1 12 18 10 9 19 25 10 24
14 15 16 8 24 26 16 8 28 25 6 3 22 2 20 12 24 24 5 4 6 17 18 28 3 11 2 30 22 29 14 8 20 25 30 5 25 14 26 26 19 19
0 22 16 0 5 20 19 19 22 9 12 14 4 19 26 8 2 1 28 23 16 19 22 18 1 27 16 13 23 30 27 30 29 8 27 4 9 26 17 28 23 9
9 28 23 21 1 20 28 30 8 13 6 9 11 30 27 10 30 23 2 20 12 20 10 9 8 0 20 24 30 27 27 5 19 19 9 19 6 22 6 2 18 10
14 27 10 29 10 3 26 17 9 28 5 28 5 2 10 24 11 4 29 22 13 12 7 19 21 17 1 2 26 8 5 4 9 26 13 1 14 19 4 25 12 4
19 12 6 12 21 22 24 15 3 9 3 23 8 20 14 11 1 27 18 19 27 15 26 6 12 14 4 18 20 19 22 4 16 14 17 27 21 10 19 4 10 22
22 6 5 20 21 21 23 17 23 4 26 15 18 18 27 0 14 6 30 25 3 13 25 26 20 6 24 16 8 11 5 25 12 29 8 3 24 21 9 18 7 9
9 13 19 23 27 12 8 20 7 20 17 15 24 4 21 8 26 13 23 30 15 13 0 2 2 29 9 22 27 7 30 25 9 23 15 0 7 6 7 28 9 20
3 23 23 27 19 25 25 14 22 26 28 29 30 27 25 10 2 11 1 23 16 3 6 13 13 1 12 9 13 11 15 3 0 17 8 29 30 17 11 12 3 21
30 21 7 7 16 3 0 11 29 3 28 3 3 28 30 12 23 13 29 12 5 15 20 20 11 22 4 30 22 25 28 12 25 2 2 10 21 0 3 9 17 4
27 22 13 20 1 20 16 19 19 22 1 26 29 23 16 18 6 30 4 0 23 5 29 0 25 15 21 28 5 3 13 3 29 13 29 26 30 28 23 26 17 27
8 0 26 28 30 10 26 23 9 4 30 3 17 20 29 2 2 30 26 28 24 6 24 22 9 15 1 28 19 16 10 0 30 26 7 20 27 18 1 13 8 26
15 2 25 27 15 10 23 5 22 20 0 16 5 9 9 16 5 12 0 2 27 28 16 12 13 8 2 14 8 27 12 5 9 9 21 12 2 7 25 4 29 18
5 9 23 29 1 20 0 10 2 15 7 7 6 1 18 24 9 10 2 30 26 22 8 20 8 30 17 5 8 3 11 6 21 26 5 9 17 23 6 9 18 0
19 30 17 16 19 27 23 23 9 0 27 14 25 21 17 7 19 8 25 1 14 5 9 13 26 28 14 23 27 20 2 27 30 1 10 8 13 29 0 29 22 22
18 27 24 1 2 1 10 23 29 15 7 12 29 7 16 8 15 8 6 24 4 21 9 1 30 13 1 6 19 25 7 29 15 22 9 7 4 1 2 23 4 17
29 26 22 20 24 25 2 27 28 28 12 27 16 18 7 22 26 21 11 2 27 4 27 2 22 29 16 16 14 2 24 26 6 12 20 15 14 15 18 25 22 15
0 11 4 2 23 1 3 3 23 4 29 5 12 17 17 16 1 16 8 15 16 15 8 8 9 23 8 23 1 25 30 20 28 20 0 18 16 13 8 13 8 4
15 21 27 10 18 14 10 16 14 18 4 6 27 12 9 9 21 1 23 3 5 23 17 18 17 16 30 28 8 23 4 13 15 6 13 2 3 17 23 20 11 8
9 13 21 29 13 9 0 21 0 17 29 0 23 28 29 28 10 14 2 23 12 19 18 5 14 2 8 1 24 19 2 23 24 0 21 29 23 18 6 9 27 14
26 12 3 9 6 14 6 20 2 22 8 7 7 27 23 1 23 25 9 18 27 25 29 25 27 19 13 21 4 15 13 16 7 4 4 15 11 18 13 2 19 3
4 27 7 12 12 7 12 4 26 14 6 7 0 12 11 3 6 1 30 16 17 27 13 26 15 12 11 10 4 13 9 15 16 1 25 18 9 28 20 19 30 15
2 8 12 3 20 15 3 23 4 8 9 12 2 23 12 18 6 27 3 6 5 22 11 20 27 3 11 0 12 23 9 8 21 20 20 24 13 2 30 4 16 15
3 1 9 16 3 20 7 20 25 7 29 11 25 25 0 3 3 4 16 3 7 10 14 15 15 10 22 6 29 7 17 3 18 2 23 21 0 24 24 5 5 30
15 0 12 3 25 8 29 2 24 17 25 21 2 14 22 5 18 22 28 25 23 1 14 0 14 12 13 21 14 16 9 11 21 21 14 7 8 14 10 19 3 24
16 28 14 4 7 1 10 14 19 1 13 18 7 1 12 27 8 3 23 28 20 0 29 29 11 29 29 22 11 24 28 26 29 20 13 21 28 25 30 16 3 11
15 16 25 24 11 15 21 15 15 17 0 7 23 6 25 10 14 3 11 20 28 20 23 8 21 23 30 26 24 12 2 4 23 7 1 19 30 22 14 16 19 11
20 20 0 10 10 18 30 0 5 12 5 2 12 12 6 6 0 4 24 22 29 18 12 21 29 21 26 12 9 0 16 29 17 20 19 4 7 28 26 8 6 9
9 5 14 0 0 13 6 23 27 11 4 10 3 13 23 26 7 29 12 27 28 8 14 1 25 20 15 18 30 3 30 24 15 27 20 26 7 12 27 23 28 5
3 18 14 4 1 23 9 18 7 22 1 14 9 12 24 29 0 6 3 26 23 27 22 14 4 17 4 9 14 10 27 29 20 2 25 16 17 14 13 24 2 9
10 6 24 22 23 12 12 11 17 16 14 12 0 22 14 19 5 18 6 17 19 15 22 30 12 20 19 19 19 26 18 30 21 9 1 29 11 9 28 3 6 30
2 12 28 30 16 17 28 20 20 6 10 0 14 13 18 7 18 9 20 12 29 27 4 8 0 25 28 15 11 27 8 19 27 23 20 27 23 15 28 2 15 18
8 19 6 16 10 20 2 17 6 24 19 23 12 24 12 13 2 4 28 1 15 26 4 16 20 10 14 21 4 19 7 13 9 1 16 0 29 11 17 22 20 19
16 7 13 15 21 24 0 29 10 7 28 25 24 24 17 15 3 8 28 6 3 17 16 10 6 8 0 4 24 1 20 2 21 21 4 22 1 15 20 26 30 29
11 12 25 6 6 14 7 19 29 17 8 18 29 15 3 12 4 14 15 14 15 17 28 16 29 10 18 6 10 5 5 10 0 11 13 16 22 6 20 9 28 7
9 21 24 0 11 0 24 12 13 29 5 6 16 10 29 23 15 13 19 4 8 14 9 15 12 11 15 22 15 0 21 13 15 23 30 8 15 25 12 6 7 24
