54 54
10 17 29 14 12 0 10 11 13 2 20 13 28 24 11 24 3 22 4 21 23 1 20 30 20 19 8 2 12 4 27 21 24 3 1 21 28 11 7 9 12 16 27 8 11 28 15 18 12 8 13 1 19 8
28 19 3 5 11 1 27 28 27 21 26 1 20 18 9 1 7 8 15 3 17 30 3 22 11 22 10 16 20 19 4 20 6 5 12 23 0 1 27 18 3 5 2 6 10 9 18 0 27 12 20 7 30 6
18 6 27 13 27 5 16 23 28 29 12 17 27 19 0 18 23 20 12 10 7 22 16 13 6 29 21 21 25 5 6 27 3 5 29 23 17 10 16 3 13 1 15 23 0 27 1 10 5 23 24 5 28 2
29 15 7 26 6 29 24 16 15 11 25 16 10 1 21 2 17 30 6 26 5 4 20 4 0 2 20 9 16 0 11 7 7 25 22 29 14 14 15 23 0 11 22 18 15 7 4 28 15 11 30 6 16 4
7 16 17 21 9 2 2 1 18 1 25 9 27 7 1 18 21 15 15 4 2 24 28 19 30 24 1 1 26 15 14 24 21 13 26 11 21 13 26 19 3 8 6 23 11 7 15 28 26 22 4 20 1 14
13 7 27 2 0 17 17 10 17 7 21 3 30 22 27 15 30 29 25 28 22 16 7 23 14 13 18 10 19 25 25 2 7 13 18 0 23 29 12 7 2 4 30 12 16 27 0 22 25 2 15 22 0 19
14 29 11 15 12 1 20 21 17 16 12 13 14 8 0 13 8 26 20 18 9 1 24 5 22 17 22 13 20 22 4 23 14 3 20 27 22 11 3 26 17 21 15 17 0 28 26 1 26 20 20 15 16 15
2 22 10 11 30 30 9 8 27 30 25 23 20 8 11 12 4 18 30 7 19 3 6 24 20 23 8 4 23 18 16 7 10 15 20 29 10 20 14 30 0 8 19 9 25 19 2 3 24 3 29 5 19 13
16 18 26 8 14 30 9 8 16 3 29 10 17 23 11 25 6 29 20 8 18 2 22 15 18 0 10 28 6 6 18 1 3 23 15 16 6 6 11 2 6 23 21 14 9 19 3 10 29 24 22 16 27 7
29 6 21 26 13 30 1 0 20 25 14 24 1 21 5 28 26 10 22 1 18 6 23 1 11 25 20 24 8 27 8 22 1 6 10 7 17 24 2 3 16 5 25 22 14 12 8 12 22 20 8 21 24 4
27 12 21 3 30 2 3 26 29 20 0 3 2 21 9 1 25 27 6 23 20 6 15 0 16 7 17 12 25 30 25 1 16 13 17 30 30 10 30 0 26 6 2 18 19 20 22 28 6 10 25 21 12 14
13 19 26 6 25 17 3 13 25 30 21 27 10 6 6 21 23 9 25 20 20 23 0 4 19 18 15 1 14 0 19 18 15 18 28 17 13 0 22 9 21 7 20 12 28 13 10 13 3 21 12 13 5 18
2 13 15 28 18 9 10 3 30 10 25 18 8 2 24 0 24 30 19 19 26 8 27 14 16 20 13 26 20 6 9 27 29 23 15 20 17 13 3 8 19 16 9 10 18 9 18 16 25 24 7 21 4 17
11 3 4 3 14 25 28 5 19 14 12 7 2 12 19 25 27 12 22 3 27 6 29 7 27 23 7 0 8 21 0 18 14 22 5 9 8 10 5 7 17 27 25 19 7 25 18 4 26 8 5 16 1 15
4 6 24 7 26 13 16 28 0 17 15 27 24 23 21 8 7 2 11 25 12 25 17 15 20 15 13 19 18 4 27 15 20 22 27 11 21 7 11 18 6 8 15 3 16 4 26 17 28 8 17 1 23 20
9 11 8 20 25 14 23 17 9 22 22 17 0 18 18 26 12 20 23 20 13 24 11 16 19 22 4 25 27 7 29 17 2 19 10 30 18 16 20 20 19 19 26 25 16 12 17 23 10 1 20 8 24 7
2 15 16 6 14 9 2 27 11 25 26 2 15 8 2 23 28 24 24 3 11 16 11 26 3 23 27 8 9 5 16 4 17 17 23 21 21 20 3 26 4 0 14 23 22 11 7 20 25 21 17 24 30 3
10 11 23 4 18 19 3 27 22 4 4 4 29 16 12 7 9 10 2 23 10 7 25 23 8 1 18 4 12 1 21 3 23 10 21 4 6 1 22 16 19 8 8 11 11 3 18 11 28 22 21 18 1 8
10 0 22 22 20 10 23 29 23 16 15 26 13 16 9 7 17 19 16 19 10 30 27 3 26 5 22 3 18 5 26 24 0 23 7 9 23 5 25 26 2 10 12 29 25 21 23 1 27 2 1 0 18 1
8 12 22 2 20 0 19 11 7 2 0 12 25 12 25 26 25 29 24 14 5 29 5 22 0 11 8 19 13 23 8 7 18 4 7 6 14 19 26 25 30 10 9 6 29 11 1 17 26 21 8 4 6 12
26 26 20 2 10 9 22 16 6 29 27 27 25 30 26 1 28 28 12 14 18 28 26 5 16 17 21 8 2 20 23 28 29 25 3 20 1 21 25 0 9 3 9 24 23 2 10 29 17 17 20 15 28 30
28 10 1 22 20 22 15 22 13 17 25 8 19 6 23 7 24 29 26 8 8 12 18 1 11 27 11 18 3 7 22 22 13 24 14 2 30 27 9 9 1 4 12 8 19 18 19 14 30 20 24 26 8 24
29 21 10 1 8 27 29 20 30 4 11 6 28 30 13 3 3 10 11 17 26 17 1 9 20 1 6 30 14 6 26 26 26 21 11 18 17 8 5 25 12 23 10 27 14 17 25 28 10 28 16 17 11 21
22 20 7 24 12 21 1 26 5 21 20 25 11 19 8 16 26 4 2 29 29 24 22 1 26 26 1 8 1 17 25 16 18 21 22 12 19 4 28 10 23 4 25 19 12 9 11 12 1 5 11 4 25 3
10 25 1 11 1 29 14 3 28 21 4 2 17 13 16 5 1 18 19 11 10 5 9 23 9 19 9 8 4 7 25 30 18 27 10 12 1 0 1 8 21 11 3 2 24 29 7 3 2 9 19 10 17 28
3 21 30 12 23 22 29 6 6 6 30 17 20 12 18 16 26 11 29 24 15 25 15 11 3 12 6 19 17 23 19 8 12 27 3 2 23 24 27 30 20 24 12 25 25 29 0 8 21 10 11 5 18 30
21 1 1 28 20 27 19 1 25 20 24 14 12 14 11 6 21 11 29 18 2 8 27 5 21 23 6 6 2 11 24 4 4 12 18 2 24 21 21 10 10 0 12 23 9 19 19 8 3 15 3 2 2 23
9 27 19 14 4 29 26 16 19 14 9 10 22 10 1 20 19 6 14 24 26 1 24 9 22 27 17 19 0 23 8 1 24 6 2 14 6 22 6 1 27 22 0 20 30 6 11 30 24 11 4 15 22 4
14 11 25 9 11 29 5 18 9 14 8 14 30 0 21 14 4 24 4 25 25 4 8 25 15 4 18 26 3 5 25 8 5 15 4 23 26 29 0 17 21 5 12 6 28 28 8 19 29 16 14 30 26 7
0 18 26 29 14 9 4 22 3 4 24 21 28 15 9 20 24 24 26 3 20 6 6 16 21 28 2 6 11 15 11 22 26 0 15 28 0 25 13 17 11 11 1 16 19 12 29 30 26 21 2 13 2 29
2 21 8 4 7 10 14 12 11 18 24 16 29 30 5 11 21 28 28 25 23 7 30 1 27 29 26 0 15 20 20 15 21 26 24 15 22 4 11 2 6 21 26 14 4 18 19 4 13 30 28 15 19 18
2 17 22 21 22 12 12 29 30 18 6 17 6 18 0 20 20 11 10 23 19 17 3 2 1 14 22 30 26 9 7 13 10 9 24 25 4 0 9 14 6 8 5 11 30 4 11 20 24 16 29 17 24 23
6 15 14 10 12 28 17 21 9 7 6 24 1 10 28 24 4 30 22 4 6 25 5 7 12 8 27 24 15 29 9 20 0 25 29 12 24 1 1 8 27 5 26 3 14 8 10 25 13 9 10 30 24 21
20 10 21 22 20 2 5 15 5 26 22 9 5 18 3 5 26 1 27 1 19 21 8 6 25 23 21 30 27 20 2 23 0 12 17 11 30 10 1 18 26 14 10 17 8 7 19 25 14 17 30 7 23 15
17 18 6 13 12 18 25 25 2 18 26 1 0 29 1 2 9 19 10 28 15 23 6 16 17 20 20 13 9 25 2 19 7 8 1 8 28 8 19 22 5 27 3 7 3 8 22 13 9 5 16 15 1 10
21 5 10 7 0 3 10 2 17 3 14 17 19 19 27 4 20 5 3 24 0 21 17 4 27 7 3 10 18 14 12 17 18 21 19 0 7 27 10 25 20 22 28 3 28 6 30 13 4 24 27 6 12 20
5 4 2 2 30 14 19 23 8 29 24 6 6 1 23 21 16 12 27 0 17 14 28 5 5 22 3 27 4 8 18 6 11 12 14 28 30 29 12 24 30 17 13 0 15 27 30 27 11 22 28 10 25 21
12 10 0 30 25 12 17 27 6 25 12 14 13 3 19 5 29 13 10 8 25 24 20 5 9 4 17 17 25 6 8 30 6 20 0 13 12 11 25 17 3 13 24 20 16 12 18 24 26 14 17 26 24 30
19 20 29 27 18 17 30 20 5 24 1 13 13 11 13 30 17 6 11 19 3 0 10 23 10 4 11 10 22 8 24 13 19 21 30 26 29 12 23 18 13 27 7 5 30 17 19 16 23 25 5 27 20 6
27 1 29 14 4 28 16 28 9 2 23 11 15 25 20 15 10 27 24 19 22 16 6 25 9 2 22 14 1 13 5 8 5 23 26 0 20 18 11 10 28 2 29 21 21 5 27 12 24 16 17 14 20 18
6 30 8 7 1 9 0 11 14 24 26 24 0 2 16 10 6 7 13 4 26 14 13 1 7 27 24 26 13 8 23 14 8 18 17 21 26 28 24 30 27 11 5 20 1 1 25 15 9 28 0 25 6 12
12 29 26 0 1 0 1 4 23 4 16 15 10 3 30 20 11 22 26 11 14 12 13 23 21 11 22 6 25 21 0 23 16 24 28 18 9 30 27 4 30 15 13 30 25 22 30 25 30 29 3 11 29 26
23 3 28 28 9 14 10 28 19 27 8 6 3 18 12 24 4 12 17 26 3 0 23 15 26 13 24 15 18 28 21 15 18 30 24 5 28 0 0 13 5 11 26 21 15 12 2 13 28 19 3 12 27 28
22 3 0 18 30 30 15 20 1 10 22 26 5 30 23 29 14 19 27 27 18 13 1 10 12 28 19 14 5 8 19 23 5 18 26 17 18 0 23 6 13 17 22 25 14 12 18 10 30 2 24 8 5 26
2 30 17 24 20 6 19 28 23 29 12 3 29 22 19 29 20 18 18 6 25 12 5 28 9 4 11 7 26 21 13 20 8 17 4 25 9 20 28 2 2 22 8 5 17 13 7 6 19 17 3 3 20 12
28 27 3 25 22 18 8 27 16 8 30 18 7 16 2 7 18 18 19 17 25 6 23 23 19 15 18 6 13 6 24 3 11 2 13 27 15 13 5 8 10 0 3 30 28 1 27 29 29 2 10 3 30 2
2 26 0 17 17 10 8 15 22 2 12 9 4 14 9 14 22 7 18 11 25 19 16 25 8 3 24 16 23 2 4 10 3 3 26 5 20 2 0 23 17 25 14 5 12 29 16 5 14 25 19 0 18 27
8 8 8 18 25 10 21 11 18 7 4 28 0 12 21 25 0 18 8 20 3 6 5 13 0 2 13 3 6 18 18 26 3 27 0 21 27 3 3 10 14 13 26 14 18 4 9 19 2 4 27 23 26 5
7 15 22 16 0 13 3 28 24 24 28 28 6 13 3 18 6 18 28 3 4 14 20 6 2 3 12 11 3 13 6 3 26 4 15 11 16 21 1 1 4 1 8 10 25 16 30 13 8 7 0 14 6 7
16 14 2 16 10 20 4 21 16 26 0 8 13 6 8 14 25 24 20 15 25 25 23 27 1 10 0 25 19 6 2 22 13 16 9 9 17 2 5 24 5 12 24 30 12 15 14 1 29 13 16 28 6 28
15 20 29 11 25 15 0 29 15 4 4 14 20 27 3 8 14 24 13 4 7 25 4 23 6 18 5 26 12 22 0 21 29 20 29 19 21 21 10 30 9 21 1 8 21 11 1 24 7 4 1 5 29 21
12 0 10 0 20 6 11 12 0 8 12 13 12 26 26 24 3 3 7 1 17 1 28 25 12 9 25 12 0 1 0 6 7 26 3 19 23 27 18 5 10 1 0 26 5 16 16 18 14 21 28 5 28 30
19 3 14 27 6 8 30 28 23 26 24 16 0 20 15 28 5 2 15 26 30 11 5 2 7 13 17 30 4 30 14 1 21 27 13 26 14 14 0 17 28 17 5 4 8 24 21 17 19 18 0 26 1 8
19 25 12 29 24 11 3 2 6 2 5 12 7 0 12 9 27 3 15 19 30 20 7 11 27 14 6 4 18 10 8 3 23 3 23 6 15 10 27 27 14 17 13 24 27 19 25 20 14 18 29 13 13 9
