56 56
15 17 20 29 11 21 22 4 6 4 13 0 21 30 12 18 29 1 12 7 9 18 8 3 28 5 28 20 22 8 18 1 11 11 20 5 15 7 15 27 15 6 12 20 24 1 20 0 3 27 15 21 25 6 22 17
14 27 19 13 16 13 15 22 11 22 1 25 21 9 6 16 1 30 14 1 6 19 27 0 17 21 26 1 0 0 25 21 27 3 5 18 20 21 13 29 8 20 0 4 27 3 19 18 14 24 8 23 14 20 7 3
26 29 25 11 7 9 18 21 5 24 11 17 0 16 16 4 9 22 3 24 22 7 7 0 8 20 9 27 5 15 20 26 19 10 27 21 24 6 11 6 5 18 21 18 30 29 22 19 25 15 15 11 1 6 29 0
17 10 28 4 19 29 29 15 21 9 23 14 19 15 7 14 8 1 9 5 19 11 2 0 24 20 13 2 7 18 29 10 21 17 4 20 27 5 26 6 2 15 12 24 6 23 28 27 30 13 19 21 7 12 9 1
20 30 29 30 8 20 1 19 18 30 5 10 4 2 5 14 13 13 18 25 24 20 8 29 21 3 8 15 13 28 21 29 29 28 1 23 6 27 12 9 16 11 2 15 11 14 1 29 4 26 3 7 10 3 26 26
2 20 3 3 15 21 13 19 2 27 13 21 12 7 12 12 13 15 23 8 26 10 9 14 5 13 28 1 13 20 3 17 21 4 4 18 19 19 20 19 30 5 27 20 26 2 13 21 18 1 0 2 1 29 2 15
20 8 8 7 3 27 4 17 23 26 23 14 11 1 4 7 25 14 13 27 15 0 5 2 28 25 9 18 26 24 11 7 30 16 28 19 23 1 17 27 24 26 3 9 16 29 6 13 27 17 30 3 27 14 10 19
9 18 14 21 18 29 9 29 22 15 1 3 3 10 26 6 3 7 18 30 13 1 0 2 18 12 11 6 29 25 2 11 9 11 26 4 2 2 23 16 20 9 4 6 3 6 12 17 24 19 12 11 23 8 29 3
25 3 14 1 15 13 28 10 0 2 13 3 14 2 2 0 16 8 7 21 14 15 21 4 1 1 8 27 17 28 21 12 3 14 4 28 12 21 4 6 16 17 27 18 10 28 7 13 17 1 10 9 17 24 10 10
5 0 27 27 13 20 30 6 27 9 18 12 2 8 7 26 13 6 22 12 16 13 3 22 16 9 26 7 15 6 12 5 4 20 5 24 7 12 11 26 3 14 9 15 0 16 12 9 4 21 28 19 6 29 18 16
10 21 30 15 23 14 30 24 0 13 16 0 7 28 13 26 26 30 15 25 17 21 21 26 25 19 25 9 12 13 21 7 0 10 17 2 8 16 0 8 6 20 8 10 18 25 7 21 8 12 2 24 30 13 19 6
30 18 29 11 11 21 13 7 1 4 17 2 30 9 0 8 1 30 16 13 21 21 30 28 1 9 17 28 18 3 24 25 10 25 15 10 15 2 23 27 3 29 19 17 9 4 25 4 18 1 27 8 15 13 2 9
3 2 13 6 11 27 2 18 15 29 0 26 16 21 1 19 3 26 11 9 8 19 2 7 0 21 27 5 25 16 6 23 1 22 8 26 0 26 23 20 1 12 21 0 21 11 10 29 21 5 6 27 16 1 13 27
24 8 10 16 14 14 10 27 8 7 13 27 15 6 29 28 13 5 2 1 2 29 27 5 6 29 0 27 25 27 17 4 15 28 11 14 27 27 1 11 30 28 18 12 1 0 4 3 5 23 12 18 5 3 14 22
3 1 29 6 20 8 15 24 8 26 16 14 5 15 29 26 25 2 22 11 10 20 21 25 25 21 19 28 21 2 16 1 16 21 19 14 29 11 26 22 25 6 24 17 22 8 8 5 3 5 5 11 16 19 16 18
29 23 29 16 14 22 9 2 28 13 5 28 13 3 2 13 9 26 12 5 14 9 12 27 6 3 16 25 30 19 23 5 30 2 12 27 30 29 13 26 21 5 26 3 1 5 9 2 17 9 2 11 29 27 13 13
0 23 13 29 7 0 23 7 16 25 30 2 2 19 11 30 22 21 6 13 0 6 24 27 16 23 6 23 29 9 6 30 10 26 4 13 24 5 24 16 15 26 24 30 5 9 10 1 5 21 27 23 22 15 12 9
9 0 1 9 22 0 22 23 26 10 20 21 4 10 8 27 2 16 30 30 10 2 13 14 16 10 23 13 12 12 19 25 11 14 10 20 25 28 4 17 21 1 26 5 11 3 11 22 6 28 5 24 28 9 21 7
2 15 30 5 19 22 6 16 24 30 5 20 15 30 0 11 24 3 15 3 22 6 8 5 1 2 20 9 9 20 22 16 7 8 10 4 0 10 16 15 29 4 28 20 27 3 3 0 14 19 26 1 23 20 13 24
10 17 2 21 12 14 7 18 21 21 4 4 15 3 30 6 8 6 24 23 25 25 17 28 18 2 3 4 26 4 2 20 9 5 15 5 27 21 5 28 24 15 9 21 23 5 12 10 11 0 1 3 5 26 3 5
6 6 1 4 11 10 3 19 28 7 10 4 4 18 5 16 22 15 11 2 8 11 23 4 6 3 11 30 22 12 28 18 19 11 1 29 16 16 12 12 3 0 27 28 4 6 10 21 9 13 29 6 26 10 5 8
17 25 12 17 8 13 1 23 9 17 12 22 9 13 16 11 12 19 13 12 28 8 2 29 5 8 25 15 11 28 17 20 6 3 4 24 25 12 1 24 14 11 10 28 2 30 29 0 10 29 22 22 23 14 17 3
8 16 24 11 26 23 7 22 27 10 29 0 22 0 0 21 26 4 17 10 20 21 1 26 7 16 10 24 14 6 26 0 29 17 19 12 14 0 27 25 29 19 13 9 6 21 3 21 28 10 22 20 5 13 27 11
0 30 18 11 2 28 16 8 13 21 1 15 25 12 14 24 6 8 28 7 26 18 12 13 14 22 18 15 8 24 7 6 18 9 2 1 21 15 19 4 22 9 0 17 14 19 26 8 1 4 9 23 22 2 18 9
17 13 28 27 18 9 3 4 16 1 18 1 23 17 11 14 8 5 25 27 6 5 7 20 0 11 12 5 23 27 26 21 0 16 27 30 15 20 26 28 11 26 18 30 26 8 20 19 8 1 19 9 0 14 10 2
3 4 12 8 27 13 29 0 1 14 17 25 23 25 2 24 30 7 1 11 3 17 19 1 18 3 1 1 24 3 24 11 20 29 24 13 22 14 15 3 10 8 16 23 24 25 16 3 14 15 7 26 13 7 15 12
24 27 0 11 5 18 13 24 26 14 4 21 19 17 1 29 4 6 17 4 4 30 18 26 14 30 0 6 17 23 16 17 23 12 17 26 1 26 13 22 23 7 20 4 10 1 21 22 21 16 24 25 18 28 5 14
15 2 22 8 4 19 10 4 21 11 21 24 8 17 1 12 0 11 22 30 24 23 15 14 20 27 22 4 29 9 8 8 4 8 18 28 21 1 2 24 24 30 1 7 11 12 23 1 19 16 29 2 29 14 11 13
4 15 29 23 21 20 28 24 21 29 8 6 10 25 4 23 29 29 15 28 30 29 20 7 19 0 28 12 6 24 17 2 20 29 27 27 10 30 20 1 28 28 29 2 4 2 27 4 12 11 20 9 16 3 6 10
15 1 28 21 30 23 7 30 10 16 4 21 1 29 24 25 9 6 29 20 5 16 17 11 25 5 27 22 10 12 9 9 29 12 30 4 11 9 28 12 2 13 23 21 23 1 12 0 5 13 5 17 6 28 23 21
25 11 4 6 27 20 12 21 11 23 30 25 11 26 6 23 29 8 1 29 26 0 7 6 18 13 18 4 9 18 24 10 30 3 5 7 3 27 10 16 7 11 30 12 7 16 25 13 15 6 8 20 26 9 15 30
20 4 15 11 7 8 15 4 2 13 10 6 6 20 13 17 5 7 14 4 13 30 8 17 21 8 18 27 13 23 15 23 28 22 5 15 12 16 6 9 9 10 6 6 27 2 3 10 25 18 20 9 28 8 28 28
23 9 21 15 14 6 28 22 3 25 30 20 15 5 29 8 17 5 6 0 24 0 2 3 29 29 20 2 19 17 9 3 27 30 8 2 23 3 27 9 2 0 18 8 4 20 6 12 17 14 12 17 15 8 23 10
23 10 0 15 14 19 15 21 2 15 27 11 12 22 8 13 13 1 23 13 13 16 2 26 3 23 8 26 22 4 5 24 20 5 21 7 16 2 3 28 25 16 29 23 26 20 28 1 26 6 28 7 5 11 15 29
4 3 22 17 13 28 19 24 15 11 0 13 2 20 20 10 4 13 12 3 22 21 13 0 19 17 15 4 5 30 24 22 16 6 26 4 18 2 27 9 18 19 3 16 22 30 5 3 9 6 18 20 0 21 23 11
28 0 19 16 15 3 15 1 15 10 20 22 14 0 30 12 26 5 10 16 0 1 19 22 20 2 19 30 21 20 23 11 16 0 24 8 20 30 24 0 16 16 11 10 27 3 9 3 6 27 15 26 2 9 9 30
0 30 13 22 9 2 7 5 2 17 10 4 20 5 24 27 7 11 16 18 26 21 26 21 18 14 12 15 6 17 27 23 12 4 7 10 22 27 23 5 10 25 3 5 29 22 29 9 4 17 1 1 13 21 9 0
12 11 30 22 19 2 11 14 26 18 11 4 3 12 4 29 11 27 12 25 23 19 0 6 15 14 8 12 15 23 10 11 23 6 29 21 16 16 26 18 2 26 20 20 10 10 20 19 25 1 14 8 27 1 4 4
0 9 21 19 10 23 10 15 25 27 12 3 6 19 26 1 8 2 15 14 20 0 16 2 29 16 9 15 8 13 19 3 7 8 2 21 9 3 27 30 24 21 17 3 15 5 19 11 11 16 8 15 17 11 27 25
5 19 28 4 10 25 1 4 17 15 1 15 10 1 8 18 28 10 29 22 29 9 2 1 28 2 8 20 12 16 22 13 17 20 13 4 8 7 13 15 6 16 22 18 17 17 20 17 3 22 10 9 13 22 8 23
22 13 11 24 12 11 26 3 2 26 24 28 5 17 27 12 2 3 9 12 30 29 0 9 6 4 11 20 27 18 8 26 4 18 6 29 3 6 6 2 15 27 27 3 27 25 5 11 28 16 12 19 9 26 25 11
4 28 8 8 19 19 5 0 14 1 4 18 21 1 1 12 7 7 15 28 0 22 5 5 15 29 15 18 17 29 12 1 17 27 3 24 8 10 2 11 4 22 21 29 15 18 23 5 28 22 17 7 28 8 13 0
3 25 8 22 5 14 26 4 26 21 9 7 30 13 20 21 25 29 27 4 12 27 23 0 3 22 24 6 19 27 21 23 27 8 15 9 23 25 9 17 26 28 30 14 3 10 15 14 15 30 1 26 20 27 3 12
10 10 23 11 13 4 9 8 5 8 2 15 1 29 8 1 8 20 11 21 30 16 14 0 19 21 22 14 3 0 17 6 23 8 23 10 0 27 16 9 1 6 17 7 19 0 6 1 22 28 9 23 25 12 9 15
10 26 6 6 23 11 6 7 4 1 29 13 10 25 24 6 25 16 22 22 18 18 13 14 29 1 4 26 22 14 16 1 20 22 23 12 27 30 30 15 8 26 10 30 27 30 10 10 5 28 10 28 29 26 15 6
5 2 24 1 30 0 4 28 6 15 4 19 5 17 30 16 1 26 5 28 28 20 26 17 10 2 24 6 10 3 22 5 7 28 4 28 18 19 8 19 10 6 6 18 2 26 23 8 29 8 12 5 8 3 9 8
10 2 22 7 15 0 13 30 24 16 1 2 24 23 11 16 16 3 21 2 22 10 21 24 9 15 24 12 6 5 4 7 14 6 8 4 30 13 19 10 19 26 19 4 30 8 12 0 9 12 21 27 2 7 5 28
19 12 24 17 9 30 24 18 0 10 23 8 26 25 23 24 30 21 15 20 1 23 26 0 30 15 3 10 14 30 27 26 20 27 1 17 1 7 7 23 0 0 7 23 8 24 7 19 23 27 2 15 12 22 4 11
13 10 6 2 23 0 23 12 30 18 28 13 3 24 1 12 21 1 24 17 29 17 15 7 26 6 28 12 30 8 4 28 25 22 10 30 10 7 6 28 16 3 21 28 13 11 22 5 26 22 5 10 7 17 21 21
0 3 16 4 3 26 18 29 11 16 3 27 1 9 14 30 6 2 28 10 29 26 28 19 13 6 2 22 26 22 14 13 5 22 25 16 21 0 4 19 7 24 8 11 4 13 1 14 15 22 30 12 15 30 25 16
13 27 27 30 28 0 0 12 13 25 5 29 6 18 12 26 1 28 0 8 27 5 2 24 20 20 2 21 7 25 28 4 6 15 16 29 8 13 13 16 1 15 12 5 15 17 30 7 21 6 20 27 11 13 27 11
27 12 22 10 25 0 10 0 3 12 28 5 11 3 14 13 8 29 8 4 12 11 17 4 14 13 26 23 10 7 20 8 4 3 7 11 1 24 7 10 9 13 0 21 30 19 26 0 23 22 20 1 3 29 29 6
1 2 18 10 3 8 0 4 16 5 22 26 2 12 4 28 4 11 0 27 11 17 4 28 8 0 2 12 7 25 30 9 13 23 6 24 22 8 7 3 15 23 20 29 12 30 19 4 12 16 16 18 11 11 27 2
20 8 10 10 1 24 10 13 3 21 19 24 8 16 20 12 8 28 10 29 5 24 12 27 9 8 20 5 7 24 9 8 26 8 20 9 11 18 16 14 14 11 25 7 2 22 9 9 29 27 24 2 2 23 13 4
0 29 18 30 4 22 27 4 8 30 16 28 8 9 23 11 17 3 2 24 26 10 29 11 22 19 15 5 2 13 4 11 21 22 3 13 8 11 11 12 22 4 4 23 3 0 13 18 24 3 19 18 23 0 15 6
7 27 23 18 7 11 11 26 10 13 3 14 8 26 6 15 10 17 23 14 1 29 27 13 0 19 23 1 6 29 3 2 4 18 21 16 20 1 26 29 18 13 15 0 4 19 11 16 3 4 12 14 5 27 20 5
