57 57
16 2 22 29 18 30 6 21 16 27 5 13 21 28 23 5 24 26 14 26 12 2 6 11 23 2 12 28 13 29 5 29 10 18 4 27 19 26 3 23 30 29 26 8 10 28 13 13 29 0 14 7 17 12 19 0 11
21 17 3 12 9 17 30 22 18 16 25 0 18 2 30 11 2 5 22 1 5 21 22 3 8 27 4 4 22 17 13 16 9 25 20 16 13 9 2 24 22 16 10 25 29 27 25 21 3 7 17 0 23 20 8 15 5
12 7 23 22 13 13 8 4 1 16 17 7 0 21 4 1 19 24 13 9 19 19 26 16 16 13 15 30 5 20 20 6 4 3 19 4 8 10 11 26 11 8 22 22 16 6 2 18 24 2 21 13 15 5 10 18 14
29 2 16 20 2 28 4 14 19 25 11 7 9 26 27 11 13 11 14 12 2 28 17 6 17 26 20 4 24 17 14 24 18 4 4 4 10 10 2 21 29 18 8 8 0 12 15 4 7 21 30 29 22 3 7 6 24
4 1 15 4 3 27 9 19 25 30 3 5 28 1 14 29 8 17 11 15 20 8 11 12 0 13 22 6 7 10 27 26 0 23 16 29 15 0 21 4 29 0 5 6 20 12 27 10 11 22 3 8 11 8 29 16 4
30 28 12 28 18 23 21 29 2 16 30 20 6 2 6 25 8 14 25 3 10 25 24 26 26 29 18 20 16 7 1 25 18 5 25 24 24 15 15 17 0 23 7 13 10 15 30 15 5 3 23 1 12 27 9 5 6
21 21 8 18 7 0 16 27 8 0 19 25 1 1 6 0 10 21 2 23 20 23 24 20 26 1 4 20 26 23 2 8 13 4 20 14 21 18 15 27 10 28 25 24 18 1 28 1 5 3 30 5 16 4 15 11 29
9 15 11 2 10 5 12 10 12 3 11 19 27 30 8 28 3 26 5 15 16 18 5 7 22 22 10 14 19 1 24 26 29 19 12 23 1 29 14 23 10 11 19 22 12 9 29 7 18 25 28 24 20 3 24 26 17
14 2 1 1 15 15 3 2 28 6 2 3 8 21 23 27 8 16 17 24 27 3 9 19 30 17 30 26 4 23 19 10 14 27 13 24 6 6 8 23 21 16 25 23 11 6 26 2 0 0 22 2 15 22 0 25 3
25 12 22 18 16 11 18 4 7 0 15 18 15 2 1 9 10 0 23 9 14 0 21 7 12 18 17 19 20 22 6 20 24 23 5 2 25 15 1 14 5 21 8 30 13 3 28 9 18 6 10 17 16 3 15 3 28
0 4 22 28 15 28 15 9 13 28 17 17 27 10 4 21 10 28 5 8 1 2 8 12 8 14 4 25 7 20 14 17 13 16 30 2 14 30 15 2 27 9 3 7 5 20 7 29 29 8 18 4 8 15 28 22 25
28 30 26 16 20 22 18 15 11 29 16 0 18 12 17 14 8 21 21 8 6 3 28 2 7 16 20 20 23 9 1 2 26 9 18 6 5 27 10 16 22 8 18 28 27 21 23 15 6 10 20 3 9 14 4 6 11
24 24 16 8 3 12 29 5 28 7 7 22 8 15 27 14 24 17 28 23 19 1 23 12 3 12 13 29 1 15 20 19 6 14 3 10 4 5 7 26 23 4 25 20 22 12 0 21 24 10 10 0 25 8 5 12 7
5 14 19 13 27 30 17 4 10 12 21 30 5 17 7 11 29 14 9 29 25 8 12 1 27 21 0 30 12 0 10 4 12 20 26 15 28 12 30 6 13 3 8 0 19 3 9 30 5 8 26 29 3 4 0 25 8
28 28 4 9 7 6 5 30 11 6 1 10 2 21 30 7 13 30 16 29 15 22 13 7 20 1 22 10 7 29 13 17 7 27 23 26 23 2 6 24 20 20 23 25 27 2 12 17 30 26 4 0 1 11 1 27 14
9 18 0 23 12 14 24 9 27 17 18 14 28 29 16 1 21 29 19 10 30 11 19 20 2 10 0 8 20 22 2 5 19 3 24 14 14 4 5 1 29 10 0 17 10 5 20 24 2 8 11 29 25 27 11 5 15
4 23 1 8 4 6 8 21 30 28 24 15 30 12 19 2 26 2 17 16 18 30 20 29 16 21 17 26 12 2 19 28 28 30 13 8 26 5 3 7 4 21 23 25 10 10 15 13 14 12 5 22 0 22 7 26 27
27 2 23 27 8 17 15 24 6 23 30 10 12 9 15 21 21 4 0 7 6 26 16 23 2 5 10 29 8 15 19 17 2 7 6 15 3 21 15 13 13 25 22 23 29 20 24 29 25 4 18 5 19 7 28 19 22
23 16 7 19 23 19 12 11 6 4 21 16 11 7 24 28 29 28 29 15 23 12 13 1 15 17 12 28 9 6 18 15 29 11 4 16 27 5 9 16 14 10 14 4 8 30 20 13 8 26 13 19 18 3 24 3 16
27 24 2 4 19 12 16 10 12 9 21 21 21 27 13 0 15 13 18 25 24 7 4 14 30 25 5 0 4 30 29 10 5 3 3 24 11 10 21 29 22 12 19 16 14 15 29 16 0 20 30 14 25 18 7 8 22
16 4 1 0 28 4 30 16 14 17 24 12 27 27 4 8 14 21 6 28 17 16 18 23 23 25 21 5 30 2 20 25 8 7 9 20 6 3 22 19 7 13 3 0 0 27 23 14 16 18 12 29 2 19 22 16 21
12 12 3 21 7 30 27 5 25 5 11 27 3 18 14 2 3 27 1 27 17 25 30 8 1 0 12 19 3 4 9 13 15 17 14 29 3 19 3 10 8 12 22 28 11 30 13 18 0 27 28 3 22 12 29 0 19
15 11 27 28 7 26 28 20 13 23 18 18 11 9 2 2 27 1 16 20 0 16 30 30 18 2 11 9 13 0 1 23 9 28 15 20 11 1 8 16 8 15 17 10 11 9 0 15 27 19 19 28 7 20 1 29 23
21 12 21 16 3 4 16 2 23 22 4 4 23 17 20 17 8 26 3 23 14 10 18 18 16 20 10 17 6 7 25 6 9 4 13 0 23 30 4 28 3 25 25 22 15 21 30 15 25 14 13 2 3 18 19 28 8
9 18 2 29 24 4 4 23 21 8 29 3 9 30 25 20 10 24 11 10 1 29 22 23 3 29 19 25 19 18 14 23 30 22 1 28 2 6 4 17 4 18 21 23 18 5 15 2 9 10 11 8 1 9 3 22 12
23 25 13 10 17 3 9 7 24 20 13 27 15 14 23 19 21 12 16 5 16 4 18 14 27 18 23 25 24 0 1 12 26 20 18 16 8 8 1 14 5 22 2 24 8 10 4 11 23 25 15 3 5 9 6 13 11
2 11 9 4 15 21 5 25 25 25 14 20 11 9 23 7 11 9 9 0 26 23 21 8 29 22 20 29 10 28 28 21 27 30 21 0 15 3 13 18 3 4 22 24 19 30 26 1 15 15 20 9 10 27 12 18 18
17 28 13 9 6 30 12 8 15 15 29 3 24 25 25 29 9 13 4 29 15 18 11 27 4 26 3 1 28 19 11 19 10 16 0 17 3 3 22 13 20 17 16 6 11 14 8 11 24 22 9 5 18 3 25 17 17
2 8 22 14 7 13 2 9 15 12 7 1 25 14 24 19 6 0 20 27 15 9 25 25 11 22 3 10 22 0 2 19 22 13 21 4 30 21 28 12 9 7 9 24 4 21 3 17 27 14 5 10 0 12 7 4 10
8 7 19 20 16 14 25 20 26 8 14 30 17 1 8 7 14 23 15 5 1 13 16 2 17 28 0 16 24 0 12 18 12 23 13 13 21 11 18 23 15 22 22 0 16 21 6 23 1 9 17 1 29 30 4 2 23
30 28 6 24 19 9 5 11 7 30 29 20 5 12 30 30 29 30 9 3 14 7 15 14 10 27 5 7 2 17 19 10 10 30 6 29 2 14 8 14 7 1 19 0 21 23 6 30 2 19 7 18 27 1 7 25 6
10 27 30 10 27 26 0 3 8 12 18 23 12 0 2 18 11 2 27 11 2 7 18 12 26 1 10 1 24 3 21 30 16 11 6 3 17 18 7 26 26 25 20 3 25 23 19 10 0 11 4 30 18 21 2 13 2
21 26 28 1 29 30 24 18 10 25 18 18 1 13 26 10 14 6 18 28 0 29 27 18 26 16 0 27 4 1 10 18 10 0 22 20 9 14 23 24 5 1 1 10 5 9 26 2 22 0 27 0 5 22 26 12 14
12 17 21 30 10 28 18 10 27 17 25 8 23 15 16 6 23 19 6 4 23 10 20 30 13 4 24 8 3 12 24 24 19 28 11 8 10 2 17 21 8 27 8 2 25 21 9 26 5 12 9 29 17 30 3 2 24
13 4 11 4 18 2 22 7 14 26 4 12 24 12 17 23 5 13 29 13 7 25 11 1 13 3 14 16 27 19 3 28 8 22 15 14 30 1 2 24 30 16 17 3 23 14 28 3 1 17 23 2 16 4 24 27 0
24 20 0 24 4 16 30 24 16 4 22 19 25 5 25 13 9 29 23 24 25 7 15 6 21 14 17 9 6 3 27 13 23 9 28 0 2 15 14 5 13 11 12 1 24 0 19 29 9 9 23 11 6 0 19 18 25
30 20 21 4 12 24 15 1 2 1 14 11 20 17 17 3 1 15 8 30 26 30 21 0 11 14 22 11 30 24 8 2 24 15 18 29 4 16 24 13 7 23 17 4 23 19 0 10 4 21 6 29 20 6 21 7 18
10 10 18 6 9 10 1 5 8 18 24 22 16 14 26 0 24 27 30 27 30 22 27 1 27 24 29 23 5 13 14 2 18 11 16 29 21 26 13 23 9 9 0 18 8 25 29 19 28 21 5 15 24 2 5 10 5
24 6 21 7 3 7 19 1 0 30 8 7 12 19 22 12 3 19 1 1 22 30 20 13 23 25 12 12 14 7 15 6 5 24 19 25 28 6 0 9 1 7 0 25 24 30 22 22 14 23 12 8 26 22 15 9 17
19 9 18 15 16 15 19 9 28 21 25 14 25 20 10 4 17 2 24 30 10 0 26 17 23 19 21 3 21 19 22 8 25 13 18 22 18 5 4 8 20 6 30 13 10 3 15 18 28 15 8 11 9 14 30 11 13
25 20 27 1 28 13 13 7 11 16 8 1 13 13 12 0 15 1 0 20 17 10 10 10 3 20 8 30 18 22 30 17 14 24 25 20 21 7 16 9 10 12 14 27 13 9 12 18 2 8 11 19 13 28 16 20 4
27 13 2 9 16 13 5 12 22 6 0 4 8 18 29 14 7 26 24 13 0 24 9 6 21 10 18 19 2 16 15 0 21 15 22 10 17 7 13 0 19 4 10 10 22 24 30 13 13 20 9 17 8 2 12 9 5
30 26 0 5 27 19 15 17 3 11 30 19 15 15 28 24 9 1 30 22 12 20 23 28 0 17 10 25 18 25 11 0 3 3 13 18 23 13 29 27 26 24 12 16 9 26 18 1 24 0 0 6 30 3 9 18 4
10 19 2 19 23 19 16 16 11 24 11 13 0 26 17 30 27 13 16 22 13 3 17 9 28 2 30 30 4 30 19 4 13 15 8 28 28 8 23 5 28 1 19 19 26 18 27 2 26 25 2 6 11 27 26 6 10
18 4 24 0 22 12 7 16 13 6 11 26 10 6 17 30 18 0 30 21 26 21 10 12 10 24 23 28 24 10 3 3 9 19 18 13 21 27 27 11 26 6 13 7 5 30 26 28 25 30 4 28 6 23 0 10 24
24 9 29 18 15 12 17 24 0 24 3 12 28 17 29 3 1 2 2 6 17 14 0 11 20 27 15 22 1 5 8 11 20 30 9 23 27 22 26 4 13 8 14 6 18 12 8 18 7 1 28 23 24 8 10 2 7
17 24 6 24 6 12 30 13 4 8 29 3 30 8 7 16 4 12 24 27 12 3 19 29 3 20 13 0 6 29 8 19 1 28 11 12 11 12 16 2 14 2 17 13 16 5 28 11 27 14 25 4 20 0 0 6 9
4 22 18 16 11 11 5 27 9 26 25 0 20 14 26 8 14 16 10 17 6 9 19 29 20 21 30 24 1 21 21 6 24 20 5 30 4 26 18 25 18 0 6 23 1 19 4 6 15 28 10 9 30 12 21 23 0
18 11 4 23 14 8 17 0 17 4 16 2 14 22 8 21 20 13 11 12 15 23 6 13 28 28 12 21 10 11 9 0 14 23 28 30 5 19 28 23 11 24 20 21 26 2 13 9 16 5 0 24 17 12 25 7 30
1 25 23 9 29 17 9 23 21 5 30 26 19 6 7 29 19 11 7 0 20 8 27 20 19 16 11 3 16 9 6 18 18 13 16 11 1 13 19 0 11 10 8 15 30 11 3 19 27 18 9 29 8 14 8 23 7
23 5 11 27 2 13 15 22 1 17 11 29 26 1 29 12 5 26 12 3 24 1 8 19 1 12 28 13 17 28 26 21 17 7 29 20 26 14 29 24 1 8 22 0 13 25 22 8 10 15 24 14 17 7 18 24 12
3 25 22 11 30 0 22 13 0 12 28 16 16 1 1 25 21 2 9 1 19 0 6 7 3 2 30 24 6 25 26 29 12 0 15 4 5 27 5 22 17 9 20 10 29 25 3 8 4 28 13 19 16 28 13 2 20
19 1 25 1 12 15 7 12 29 11 13 6 25 29 5 19 30 11 17 25 9 14 16 6 12 14 9 17 25 5 22 10 8 18 13 14 3 6 7 1 29 16 7 10 10 11 25 17 23 11 15 15 0 28 27 16 7
20 16 27 7 13 8 15 13 23 19 12 30 25 7 20 12 1 1 17 0 1 30 14 2 13 26 16 17 30 15 7 11 0 0 15 7 2 9 15 2 15 14 3 15 17 10 0 3 14 5 25 17 27 29 16 28 3
4 25 13 9 28 12 28 15 4 7 11 14 4 18 6 28 21 15 20 15 11 16 29 24 22 12 15 20 30 1 18 29 2 20 26 14 5 24 30 24 6 4 12 18 12 27 24 30 14 23 30 8 22 30 16 26 14
7 17 22 11 3 20 25 20 1 18 19 30 3 3 7 29 2 20 7 26 30 19 20 26 1 13 0 30 5 28 0 15 2 22 1 4 4 3 25 2 24 2 10 1 24 17 20 3 1 8 19 10 29 6 3 23 19
9 22 11 19 5 8 28 4 14 15 19 11 5 22 0 29 3 16 9 2 18 21 11 10 18 26 8 28 11 0 15 7 4 25 23 21 24 4 12 0 16 17 13 14 30 2 5 13 29 12 7 20 4 30 0 18 27
