58 58
2 15 30 12 30 21 25 2 28 18 16 11 24 19 18 13 12 8 2 7 18 17 7 10 13 4 9 2 3 5 3 28 3 17 9 20 22 9 0 23 14 18 20 19 25 8 19 30 20 25 30 28 16 9 0 1 13 6
27 27 22 1 14 5 1 10 15 9 5 0 5 4 15 17 13 23 12 18 27 9 22 0 11 22 10 6 15 30 21 17 20 3 4 15 21 4 18 13 14 28 12 21 5 28 20 0 18 12 11 12 27 23 20 24 5 12
12 10 18 26 9 20 27 25 22 1 10 24 7 17 29 30 0 21 22 11 10 16 28 4 12 21 30 9 2 15 15 7 22 9 29 19 3 24 2 3 27 13 14 17 6 4 28 21 1 22 8 22 5 19 4 24 7 1
25 12 4 15 6 11 21 22 18 18 25 3 28 27 19 1 22 20 8 3 27 8 23 9 27 3 12 13 7 11 7 10 30 15 2 16 6 2 10 15 0 13 13 3 9 1 10 11 15 11 14 29 24 17 20 22 28 10
26 6 26 23 24 7 11 16 2 29 20 23 3 23 25 2 24 22 12 26 23 5 21 12 23 13 5 7 2 26 17 17 3 12 15 2 9 13 10 0 20 10 2 1 22 20 26 25 5 12 1 14 9 19 9 20 8 24
14 30 14 20 4 26 6 12 12 21 20 10 13 12 13 30 18 29 26 18 4 18 20 1 6 22 4 8 16 23 1 29 12 15 27 5 4 15 26 15 8 21 6 1 29 21 22 4 16 21 28 30 6 28 15 20 2 6
1 26 27 19 29 29 8 3 21 16 28 26 12 13 8 28 16 4 25 7 24 23 14 3 30 26 9 12 24 7 24 19 1 15 16 3 25 1 4 29 30 7 7 14 14 23 2 29 12 14 23 15 14 19 0 25 7 0
1 8 15 2 20 23 19 6 15 16 10 28 18 8 9 4 3 1 8 24 6 25 16 12 25 14 19 8 21 30 8 16 28 6 28 7 17 7 9 3 30 25 24 5 25 4 30 30 30 10 2 14 16 15 2 12 5 26
3 3 10 26 22 29 29 6 7 13 2 7 8 28 9 21 29 15 5 15 16 15 13 12 19 30 10 30 1 25 12 18 18 23 27 15 12 23 0 17 10 30 25 4 18 18 26 16 19 30 4 9 1 11 10 7 14 11
20 17 19 19 4 24 30 13 3 10 16 19 22 13 11 20 3 15 28 30 16 6 26 25 7 12 11 27 7 0 23 21 11 2 17 22 1 14 16 5 5 9 11 15 7 20 7 18 10 10 7 3 7 22 24 27 26 28
13 11 20 17 7 6 16 11 16 30 22 3 19 12 24 15 27 14 20 1 0 14 13 28 17 26 10 14 11 28 15 0 20 22 15 1 11 24 3 3 14 30 18 3 6 22 19 14 7 8 21 6 27 7 2 13 14 29
6 25 7 19 3 14 8 11 13 24 29 30 5 15 26 30 22 5 11 30 29 7 1 17 17 25 27 19 10 17 16 4 10 26 8 0 10 5 6 15 13 17 20 21 22 15 16 14 13 18 5 12 21 15 2 2 0 8
24 6 13 25 6 23 29 19 20 0 7 15 12 27 26 16 21 10 11 6 28 29 1 3 17 15 15 16 14 19 28 7 20 24 23 3 22 25 20 8 25 29 7 20 29 26 3 9 24 0 7 4 26 0 22 29 8 10
28 25 10 20 20 5 30 13 27 25 0 15 4 19 26 12 16 15 18 4 2 6 18 29 12 21 0 2 12 1 8 3 30 21 13 5 0 4 11 10 8 9 12 20 16 5 7 18 2 12 14 9 30 7 19 30 24 12
15 20 24 19 6 18 4 24 26 5 10 11 3 7 15 0 1 0 26 13 5 3 30 27 25 2 23 22 22 2 29 8 5 28 7 5 10 5 23 4 18 16 22 8 26 0 23 5 29 3 27 0 3 22 14 4 29 25
0 7 30 0 3 29 5 26 29 13 8 24 24 24 22 22 20 17 15 22 24 12 28 26 13 16 3 19 17 26 3 24 8 17 22 21 11 10 17 20 18 25 16 21 30 26 24 25 16 15 7 12 15 11 12 14 15 22
20 18 11 9 18 20 1 24 21 24 19 9 6 23 7 1 20 18 6 1 7 19 20 19 25 13 11 0 2 0 7 17 4 1 20 30 17 5 19 27 1 4 6 4 11 7 11 0 22 19 8 9 6 27 7 3 9 16
16 6 18 7 23 15 3 12 1 11 30 0 28 2 4 29 27 25 17 19 6 15 18 15 23 1 5 24 7 30 3 19 25 28 29 23 24 27 15 30 11 25 8 0 5 13 22 4 30 9 20 23 3 10 9 16 26 4
19 5 19 22 6 12 23 17 28 5 17 20 4 4 4 3 16 17 8 17 30 21 24 14 10 13 28 11 5 25 23 13 29 10 29 28 1 18 4 3 27 6 12 10 2 26 22 27 10 29 24 26 13 22 15 5 20 21
24 2 23 25 14 14 11 28 10 30 14 6 23 24 11 23 4 10 7 10 26 26 19 20 9 27 24 3 13 10 0 25 13 28 27 11 26 20 9 22 22 18 5 9 27 0 24 4 9 25 26 18 15 19 12 26 14 21
21 19 21 1 5 27 30 18 19 20 6 3 11 10 25 30 5 18 21 0 17 4 15 14 8 7 30 4 11 22 26 12 6 7 1 27 28 22 8 7 25 2 12 5 22 22 17 0 3 25 14 1 0 15 29 28 10 22
27 20 22 9 3 19 22 30 20 10 12 10 8 30 27 20 17 12 24 10 8 0 25 4 1 21 12 20 27 10 23 15 7 29 19 17 21 25 17 29 26 11 9 28 15 23 15 1 9 11 16 9 11 9 15 20 10 28
4 27 3 14 23 21 23 10 30 5 12 7 26 22 12 6 19 27 8 29 10 24 24 23 11 0 20 22 16 7 29 8 30 19 17 21 13 3 27 13 22 29 12 5 26 22 11 22 25 0 23 22 21 7 30 9 10 5
28 16 24 14 9 4 9 14 17 12 18 22 9 18 4 4 18 22 21 28 27 7 2 23 24 16 1 20 16 10 23 17 10 11 21 15 20 10 6 3 21 17 2 14 10 10 3 1 26 7 30 0 5 5 8 21 19 25
15 28 15 30 8 2 19 22 30 16 22 14 13 11 25 13 22 30 20 1 11 10 8 28 6 11 2 25 5 12 20 8 0 22 17 26 13 23 10 28 6 1 13 17 0 8 23 4 0 9 19 9 29 27 3 16 0 7
15 15 12 14 1 10 22 19 15 2 1 10 25 23 27 30 18 10 28 25 15 16 9 9 16 15 29 27 25 5 18 12 10 18 14 5 20 23 16 15 0 20 27 19 1 8 20 20 20 17 8 15 28 15 25 30 20 16
22 25 26 6 26 17 8 9 24 13 20 24 29 24 25 26 19 14 5 26 25 29 11 20 19 27 18 21 27 2 26 30 15 7 0 8 22 1 27 27 4 19 15 9 11 17 24 16 5 25 14 8 11 3 15 27 5 30
24 23 4 22 24 6 17 24 26 6 17 5 16 14 22 12 15 26 13 30 15 30 16 9 26 10 7 20 14 15 12 18 21 6 27 9 3 2 13 30 14 29 2 15 4 12 10 22 7 11 13 30 26 11 17 17 10 28
13 2 0 28 25 8 2 28 12 7 6 11 30 17 6 18 22 9 7 13 15 18 3 24 27 27 4 6 28 20 17 18 1 4 24 7 30 23 16 5 0 10 29 25 13 1 23 15 25 22 0 22 8 10 22 18 21 9
10 8 21 3 30 2 15 13 12 30 24 14 12 6 15 7 24 18 4 7 20 6 22 4 11 23 17 18 15 14 25 22 13 8 7 17 12 23 28 30 7 25 29 24 26 27 18 27 29 14 6 17 22 6 16 1 7 2
28 9 20 25 10 8 20 15 1 3 23 3 6 0 18 8 27 20 4 19 29 20 26 28 2 0 7 20 23 12 14 25 15 22 6 21 27 9 23 0 26 22 17 9 24 20 0 10 30 4 1 6 25 26 20 6 11 17
11 23 17 16 23 27 18 8 26 25 22 29 3 15 29 30 1 0 13 10 20 20 14 15 22 25 28 20 29 28 0 15 27 21 27 12 26 28 1 10 19 23 16 12 24 28 26 22 10 27 8 23 29 14 10 23 27 25
10 4 11 22 20 12 23 9 17 12 29 5 6 8 17 25 3 24 22 28 26 2 0 21 18 15 28 28 8 16 27 12 21 21 4 9 16 8 9 21 7 11 20 13 19 16 17 4 27 12 17 16 26 11 0 11 1 18
11 16 26 0 20 30 11 27 18 14 16 11 24 3 0 5 28 12 1 18 7 16 13 22 8 1 21 21 29 6 9 20 9 3 10 5 1 1 27 12 7 25 0 17 12 8 3 29 27 30 16 8 1 5 8 7 8 2
9 13 23 30 11 6 12 13 28 1 16 4 23 12 10 11 23 10 26 26 19 24 9 10 16 15 20 6 23 10 22 13 29 12 23 27 14 28 19 8 14 22 20 8 3 9 29 3 10 20 3 3 29 13 3 10 26 25
16 1 7 19 24 30 25 14 1 23 29 3 21 8 3 13 4 18 10 5 11 17 8 28 9 21 10 7 15 10 22 19 7 13 0 8 16 29 0 0 4 29 11 22 26 6 10 1 7 10 19 14 7 27 21 13 18 23
7 16 26 11 22 28 30 17 19 5 25 4 10 4 11 5 5 22 9 7 12 3 23 19 3 26 22 6 16 26 8 15 14 21 28 8 22 8 8 25 27 28 8 27 13 25 10 1 14 9 16 7 25 10 24 13 16 25
23 24 6 9 27 25 10 30 16 3 22 29 4 3 13 19 8 4 5 9 6 27 12 26 22 12 27 12 9 13 13 29 26 18 30 18 12 22 19 23 14 25 20 2 24 1 22 14 0 11 22 2 18 28 13 4 2 22
6 8 16 2 22 1 12 30 6 0 23 17 15 25 9 28 15 19 3 0 9 12 11 1 10 27 21 6 24 11 29 30 22 3 5 17 1 5 8 28 29 29 13 14 6 13 0 12 18 7 19 10 23 29 5 28 16 5
10 4 10 25 28 19 20 30 12 6 27 19 15 28 14 10 24 5 28 27 22 13 8 10 14 24 26 2 8 11 5 27 3 30 0 25 11 18 10 19 3 12 19 29 2 14 7 25 9 2 5 18 3 12 1 29 9 10
10 4 3 21 21 26 28 13 30 30 27 26 3 19 26 16 30 30 16 18 19 4 16 11 10 19 18 15 4 19 18 10 19 17 4 16 12 22 16 7 12 12 14 10 25 15 22 13 22 21 14 23 4 19 26 19 21 8
6 14 29 6 24 19 0 18 1 23 11 20 12 9 0 4 14 30 9 15 13 12 27 30 3 28 15 18 21 3 1 26 20 17 9 14 9 12 24 17 25 4 10 30 26 29 23 0 15 13 5 2 20 3 11 8 30 15
6 3 30 8 16 7 0 12 13 28 21 7 30 6 19 3 18 15 3 29 13 15 11 25 22 0 11 18 7 22 15 10 27 16 25 30 29 20 3 17 24 12 20 27 17 21 24 21 14 6 18 26 28 15 16 3 19 5
24 28 21 22 23 27 15 7 12 6 16 30 29 20 1 26 27 15 24 0 25 4 12 4 15 2 19 6 25 15 10 8 5 12 21 18 3 8 1 1 3 12 23 6 22 25 25 11 6 11 24 9 8 9 17 28 19 24
6 17 27 10 13 24 29 29 20 4 19 1 6 23 18 23 15 27 1 12 7 0 19 10 18 5 15 15 11 21 28 29 16 4 6 23 23 27 16 7 0 13 15 13 27 28 28 10 12 24 14 8 5 2 28 13 25 24
22 9 7 4 20 13 17 8 13 27 23 26 3 17 21 29 22 7 1 8 28 0 15 9 1 30 29 7 23 12 5 22 24 21 9 25 8 2 1 3 4 6 30 30 19 14 19 2 8 17 10 6 3 25 3 5 3 29
21 29 25 28 29 24 22 3 20 5 0 27 27 26 13 0 4 15 4 7 28 22 30 21 28 7 4 2 14 29 15 27 11 15 13 4 5 4 28 28 22 5 22 0 23 13 22 27 26 12 25 22 24 4 16 30 12 23
13 12 3 9 0 6 8 15 17 5 1 5 6 19 18 9 27 0 5 5 3 13 17 22 7 19 7 3 10 0 30 4 25 3 18 0 17 2 2 20 3 8 5 2 24 9 29 15 14 6 3 28 5 8 22 29 6 17
7 10 4 29 5 10 12 27 18 19 23 2 11 15 2 13 1 27 28 18 11 23 20 1 1 26 5 24 9 6 23 4 18 28 22 0 6 20 4 24 14 30 17 28 7 16 18 29 6 14 19 12 30 2 14 0 23 30
13 16 25 28 30 4 7 8 0 2 5 18 24 1 26 10 27 1 20 9 20 14 14 2 24 25 4 18 25 13 28 23 0 21 2 25 23 12 7 22 5 6 30 26 5 18 14 11 16 22 7 23 8 20 7 1 12 24
0 0 2 19 30 9 13 15 1 29 5 5 10 24 18 11 23 0 16 6 2 19 15 10 9 13 27 30 9 3 2 27 11 27 11 13 16 16 6 12 10 0 13 20 14 13 7 3 12 28 18 30 3 19 5 10 23 17
12 2 0 4 24 20 30 22 24 16 5 16 9 8 8 19 13 27 6 28 25 20 26 9 29 16 27 4 20 0 20 20 8 0 13 5 11 5 4 5 18 7 16 26 11 1 30 5 19 17 19 5 1 0 30 10 12 2
18 16 20 15 26 6 14 21 9 4 28 24 13 30 27 17 3 11 17 18 16 1 24 11 4 7 3 7 30 6 3 3 12 20 23 8 29 26 11 1 4 22 19 9 18 24 17 13 3 21 0 3 30 28 17 4 1 11
6 13 16 5 7 28 13 5 10 29 30 17 10 1 0 18 26 17 19 16 13 5 25 28 7 2 17 19 7 30 4 26 19 13 4 24 11 20 21 6 7 15 5 15 15 7 2 14 29 17 6 17 30 3 24 8 4 17
9 24 29 26 16 19 13 29 10 24 11 20 22 19 13 8 30 8 13 6 19 13 28 18 10 4 9 7 24 10 3 17 5 28 29 4 26 4 23 10 18 18 26 10 1 6 1 26 10 15 7 28 14 26 18 18 1 18
24 12 20 20 27 20 15 10 21 4 16 3 1 7 30 13 25 8 2 19 21 14 17 3 19 7 16 16 4 16 28 30 7 22 8 15 3 17 19 13 2 11 13 2 23 12 5 17 9 17 25 13 27 12 15 0 28 24
30 1 27 29 3 26 15 11 9 21 14 2 3 27 22 30 5 9 13 30 22 26 15 10 9 17 16 23 1 14 19 24 30 11 10 24 10 9 13 21 3 27 3 22 9 30 23 17 22 14 2 16 27 16 17 25 15 8
1 29 18 24 15 26 19 13 30 14 29 1 16 15 5 3 24 11 30 1 21 19 28 12 14 24 25 12 14 29 19 0 3 11 17 14 17 24 0 5 22 4 8 10 1 14 1 25 17 7 16 14 5 27 19 15 29 17
