59 59
24 26 1 1 8 23 22 28 3 0 19 0 12 6 7 9 3 28 18 4 3 26 1 19 28 13 18 0 5 29 11 5 4 10 19 18 18 21 4 2 29 4 13 24 19 26 24 5 30 30 1 4 13 30 12 27 18 29 21
18 8 10 12 28 13 28 21 5 16 9 21 6 28 4 23 29 29 12 19 29 13 25 4 6 30 22 8 27 12 22 3 9 16 30 10 17 23 2 7 4 1 28 27 23 29 26 27 9 25 4 22 15 1 12 11 30 5 23
16 16 21 29 23 1 6 28 8 12 19 15 23 6 1 11 22 15 5 14 27 13 2 22 19 30 30 30 13 0 5 10 28 14 11 7 9 7 21 22 8 26 11 14 0 15 19 18 7 8 8 22 20 18 15 8 19 15 6
13 10 8 9 12 18 8 25 24 5 13 25 6 10 14 17 16 29 29 20 21 15 16 17 4 9 19 26 12 18 4 19 13 0 15 21 19 10 30 26 13 22 15 27 11 26 22 24 16 8 14 29 0 22 27 12 9 28 13
22 19 8 0 0 14 23 22 8 20 8 8 27 26 16 1 22 9 7 27 22 23 5 22 23 26 1 29 18 1 10 13 9 29 25 18 1 19 18 12 17 24 24 2 1 8 7 17 3 4 13 28 0 20 1 23 29 25 29
4 0 26 6 12 24 6 22 2 8 23 26 25 0 8 16 3 21 7 3 16 25 21 25 24 19 29 17 12 4 0 11 14 17 6 5 29 7 27 16 28 23 17 16 8 6 4 21 28 4 22 14 4 7 17 15 12 13 8
3 28 24 22 24 21 7 28 12 17 1 19 8 17 27 19 20 28 11 23 9 10 26 23 16 21 21 0 29 29 1 2 29 2 18 26 27 9 13 18 22 2 29 22 3 23 1 10 8 15 19 9 30 19 7 21 27 24 26
3 20 11 30 0 22 13 29 18 26 25 30 15 5 22 5 8 13 30 28 11 18 15 22 11 22 28 20 9 10 23 12 18 24 2 6 16 28 0 23 17 0 18 29 6 9 23 13 12 26 22 0 8 8 4 16 24 30 8
28 5 14 20 17 9 25 7 26 16 9 28 2 29 6 7 7 15 21 1 0 19 0 12 20 17 12 30 10 17 12 18 6 29 30 12 21 23 22 30 8 7 14 2 29 27 24 12 10 9 12 16 14 30 29 3 22 13 7
6 0 7 15 2 17 8 29 20 24 23 11 27 24 17 30 8 8 15 1 29 21 13 19 20 20 20 5 19 10 30 16 21 24 20 4 28 24 25 29 22 25 4 8 1 5 0 7 9 11 7 17 14 12 11 24 0 30 11
5 28 30 17 28 15 28 28 9 9 25 9 18 3 9 13 28 17 12 19 1 12 23 16 10 7 28 27 15 19 2 22 10 22 15 13 29 3 14 11 2 2 11 25 7 17 16 11 22 10 2 30 15 25 14 8 20 21 6
9 8 11 30 0 23 27 23 2 8 0 10 30 0 24 9 26 19 16 21 28 6 0 21 30 5 14 24 19 29 19 14 22 7 14 14 14 12 9 14 1 8 7 14 30 1 10 0 17 1 19 3 4 21 27 25 11 5 14
4 15 7 30 29 13 24 16 26 22 0 30 0 1 17 28 18 19 25 23 17 15 17 4 27 25 0 26 26 2 2 30 3 13 18 16 15 4 26 25 25 5 12 14 17 15 3 27 6 20 14 3 12 12 5 10 6 3 13
26 25 8 1 23 14 4 25 1 11 22 29 12 9 15 25 1 6 19 29 28 22 10 20 11 14 27 8 13 9 19 18 24 6 9 25 12 12 2 14 14 25 21 29 7 30 12 8 17 1 9 15 21 6 4 3 30 2 17
2 10 2 19 21 14 25 16 9 12 14 16 6 16 29 26 2 9 0 30 29 7 14 7 0 2 9 28 25 11 7 9 28 22 1 6 20 1 15 4 10 9 29 10 17 25 27 27 1 21 9 1 19 6 30 26 4 20 11
0 7 18 4 6 19 20 6 0 20 7 10 28 11 24 15 8 29 12 20 3 13 7 3 14 10 12 23 8 29 6 24 25 14 20 20 20 9 16 13 30 0 16 26 19 24 17 5 27 0 25 1 13 12 18 5 8 21 7
3 16 8 6 26 12 6 26 0 0 12 27 15 16 12 1 0 5 3 7 26 9 26 7 19 21 28 28 4 5 9 13 3 6 20 3 30 11 20 28 12 24 15 18 16 2 13 25 23 20 27 2 11 4 0 26 9 22 26
7 21 14 12 29 13 14 21 20 22 9 21 12 17 15 23 27 24 26 4 0 12 19 28 22 12 7 13 8 6 8 14 23 5 3 22 16 6 22 10 23 6 29 18 28 25 22 9 13 29 21 5 0 28 5 13 22 30 30
11 12 3 3 25 5 10 19 26 0 6 15 7 18 6 11 0 4 21 3 18 10 6 7 28 13 7 28 30 13 19 18 17 14 5 27 24 26 20 24 4 0 7 12 2 5 0 5 12 30 9 3 3 18 5 28 22 20 15
3 6 13 9 1 17 2 13 14 7 16 27 19 8 18 22 12 12 11 14 26 10 1 28 30 2 30 21 27 26 30 5 17 28 3 11 7 29 20 26 2 19 3 5 19 4 14 20 27 30 21 25 27 18 3 24 29 19 11
30 17 22 14 30 21 27 14 27 9 15 26 9 10 15 16 24 29 12 24 26 6 6 8 7 11 22 10 6 27 30 4 26 1 22 15 21 18 6 16 21 21 7 20 3 6 20 0 26 11 22 22 19 30 2 13 25 12 0
21 5 11 15 19 3 3 29 23 20 30 24 23 16 25 10 7 24 4 3 29 1 24 18 20 25 28 29 22 20 19 29 20 2 19 9 9 28 0 27 28 28 30 14 2 22 4 13 13 3 16 17 16 28 14 23 12 7 15
11 20 24 13 2 7 7 18 6 23 12 24 18 19 11 11 22 18 16 3 24 29 23 16 19 17 13 20 1 25 24 25 19 26 3 22 10 17 14 17 1 12 16 25 23 25 25 6 22 20 22 7 11 27 27 7 19 29 22
3 26 16 25 4 27 27 15 4 26 20 26 18 16 22 8 18 2 10 5 24 8 5 3 11 17 29 3 30 1 5 3 5 16 20 23 9 6 19 23 12 22 12 10 3 14 10 19 8 24 2 5 17 21 9 8 18 3 7
20 9 18 18 15 26 8 13 24 13 10 0 18 12 12 4 15 2 5 28 25 20 29 8 14 22 27 28 20 4 26 22 4 17 8 17 25 15 17 6 14 13 9 6 8 4 6 29 19 3 19 9 1 16 17 13 23 22 10
13 22 8 10 0 26 16 20 13 5 22 22 12 20 0 5 15 16 18 6 6 13 10 14 7 8 20 10 7 13 25 30 9 13 7 21 21 18 28 20 7 12 12 0 2 29 29 20 19 0 13 19 0 30 8 5 5 29 26
29 6 26 22 17 1 12 5 0 24 2 29 28 6 12 9 6 11 11 14 11 20 20 11 13 22 22 22 8 16 3 30 20 21 13 3 9 28 3 13 12 27 2 27 13 26 21 11 6 23 0 3 12 30 22 4 8 18 17
27 11 23 5 25 20 28 25 27 16 21 10 18 19 30 9 4 23 2 11 27 11 12 14 21 21 0 20 25 30 11 30 17 0 11 11 1 5 18 30 20 20 27 10 23 5 10 13 2 9 30 1 15 13 28 0 2 5 19
23 16 16 7 7 29 17 11 9 26 17 30 5 21 18 19 3 3 12 9 6 3 15 13 6 24 20 21 7 11 6 12 20 5 13 25 24 26 7 3 9 14 8 7 16 25 2 3 3 12 20 2 28 18 11 17 13 10 13
3 19 26 1 5 18 0 13 11 10 2 15 19 11 16 7 24 19 24 24 2 17 4 23 20 5 26 16 1 9 1 3 20 7 29 24 15 28 20 27 3 4 28 14 10 30 26 22 16 13 11 1 0 5 12 3 19 1 22
8 12 1 23 20 3 21 18 4 3 28 22 5 1 5 5 28 3 29 30 25 14 0 11 5 28 14 15 21 24 25 27 10 30 0 23 19 20 24 0 2 7 11 21 29 21 17 15 18 13 23 14 18 26 15 6 15 14 25
22 23 30 27 2 0 3 18 2 22 10 7 30 6 1 2 15 26 18 10 20 0 24 30 20 22 14 28 5 19 29 18 23 29 6 1 23 25 27 12 17 13 14 25 27 1 18 21 21 30 23 22 8 13 5 30 26 17 19
19 14 6 23 23 0 23 12 20 9 16 14 5 2 17 4 11 15 4 6 16 11 11 23 16 13 16 16 9 20 16 10 14 22 23 18 9 11 2 16 12 29 11 26 30 27 8 22 24 26 13 16 29 15 15 18 14 3 16
21 0 5 17 24 1 28 10 16 2 12 22 18 22 9 5 10 0 1 12 16 26 17 10 27 19 26 29 12 29 29 7 0 2 29 12 23 10 29 8 4 28 24 8 16 10 8 29 1 8 17 24 30 11 19 28 27 23 3
5 9 16 29 22 21 18 20 15 2 26 16 13 4 7 13 6 6 22 22 5 2 18 13 3 19 25 29 13 11 17 24 3 21 5 7 10 10 25 22 23 29 12 20 22 15 14 6 8 15 6 12 23 16 0 11 25 21 14
11 29 20 20 26 2 16 2 13 12 20 24 27 0 24 1 30 17 10 14 3 5 12 13 1 20 18 11 20 29 8 22 20 17 7 6 8 0 30 29 23 24 8 18 24 16 26 12 19 22 23 18 3 21 14 26 27 7 15
10 17 27 2 15 8 18 17 3 27 18 29 16 28 17 27 18 11 12 10 11 26 9 20 3 7 20 1 16 5 0 29 11 27 24 8 20 13 27 18 12 19 3 23 14 9 8 27 1 19 16 25 2 15 27 2 16 23 19
11 25 29 28 27 22 28 30 25 18 25 13 28 1 16 4 21 12 29 5 24 25 5 26 10 6 1 7 2 13 13 9 28 27 26 28 8 13 21 7 12 20 20 18 12 16 28 29 5 7 18 25 5 12 10 10 25 14 22
0 10 6 18 19 9 30 19 20 13 14 4 18 14 29 23 15 18 20 12 11 15 21 29 12 30 22 18 5 24 4 8 19 13 17 4 8 3 17 15 20 6 11 23 13 6 15 11 2 25 25 6 28 11 1 0 15 4 24
18 4 10 14 26 6 5 4 15 11 23 7 23 28 21 19 11 14 1 25 7 3 11 16 1 2 11 1 27 21 10 8 24 28 12 17 24 1 2 3 27 20 14 8 24 30 16 6 25 5 25 0 29 9 17 30 14 7 15
21 11 30 22 29 8 13 21 24 20 7 8 28 16 20 18 22 19 12 16 14 15 23 23 24 29 18 26 22 10 22 6 25 12 16 11 11 7 1 28 0 4 9 1 29 21 18 27 16 13 2 19 4 4 16 20 25 21 13
20 24 17 7 22 23 11 28 17 17 19 3 30 20 9 19 27 28 23 14 13 22 13 26 27 5 15 30 13 24 24 24 17 8 24 14 16 18 21 24 2 20 16 16 26 23 20 11 14 11 9 19 9 5 14 18 14 9 29
3 29 11 3 6 20 30 13 9 6 23 2 29 7 14 3 8 29 22 4 5 28 18 23 8 8 19 4 13 4 8 22 10 26 27 17 10 11 23 26 20 23 29 24 1 22 29 4 6 3 12 18 29 11 23 10 12 13 9
23 19 0 6 27 3 0 7 12 7 2 22 21 11 16 5 30 23 6 30 28 0 5 19 27 1 27 0 7 7 5 9 16 8 24 26 13 12 29 22 15 13 17 8 6 24 27 22 19 10 16 20 14 15 23 29 8 15 7
25 29 25 19 27 18 27 15 24 0 12 30 6 18 2 20 25 24 6 28 20 17 9 18 19 2 26 24 5 3 12 3 22 27 2 18 29 10 0 14 27 24 9 21 28 16 5 15 23 15 10 14 8 9 3 23 9 19 29
15 13 13 13 20 21 6 30 8 27 16 1 10 27 5 16 25 21 17 9 29 4 16 3 23 14 9 30 3 20 26 1 21 16 10 11 1 30 23 6 1 14 14 2 21 4 19 25 2 0 3 7 18 29 26 26 21 6 4
30 2 26 14 26 4 15 8 23 10 30 9 18 18 14 2 21 3 18 29 8 3 15 8 24 6 26 19 4 18 18 26 11 8 3 15 14 12 13 8 9 11 24 28 13 13 15 21 6 27 24 21 17 6 1 8 17 12 11
29 8 16 4 2 8 27 12 23 18 27 22 18 16 30 19 23 16 12 18 24 12 21 9 27 23 6 3 27 9 5 22 5 26 19 27 12 17 8 19 25 29 19 26 22 11 30 7 6 13 9 29 29 19 10 29 29 0 24
30 3 16 27 26 21 1 27 9 28 24 6 21 0 16 22 12 3 17 12 19 7 23 28 14 6 11 15 19 13 13 10 6 5 20 2 3 6 7 5 5 5 27 29 13 17 10 25 17 11 29 24 19 9 28 15 21 21 14
21 6 17 28 17 5 30 2 28 23 16 6 18 30 27 30 20 18 24 8 30 25 26 23 23 28 11 3 0 17 8 28 6 13 26 11 17 3 0 11 10 21 14 9 11 18 8 17 12 9 14 6 0 19 3 19 21 4 4
1 7 30 20 10 4 29 10 1 10 30 14 13 17 5 23 3 13 3 4 13 1 23 11 16 29 15 5 28 18 1 3 28 28 17 1 30 8 28 8 11 5 16 25 27 27 29 30 10 5 18 9 17 2 14 15 4 9 6
30 29 15 12 8 6 11 28 5 13 21 11 9 26 30 27 1 9 18 20 26 23 27 18 22 23 0 7 29 19 19 21 26 15 18 11 10 21 13 13 14 18 6 30 25 27 3 26 16 7 26 14 5 11 12 27 14 7 27
30 12 15 15 4 0 19 2 28 5 14 21 29 20 30 4 17 10 19 19 30 8 27 21 23 24 20 8 19 22 13 23 24 17 6 16 25 21 20 23 7 5 19 15 28 24 23 27 19 11 2 26 22 19 26 29 19 7 20
8 5 29 28 2 30 28 20 9 20 11 8 29 24 15 19 13 21 18 13 16 23 30 18 8 28 15 25 12 18 24 11 28 26 8 2 2 17 25 1 21 27 20 17 20 17 6 11 30 18 3 22 7 6 21 27 4 22 7
28 4 10 3 11 29 0 28 26 10 17 19 9 29 25 24 24 27 24 26 13 23 16 16 8 1 20 5 28 25 10 22 29 8 10 24 1 1 14 3 9 21 28 15 5 30 9 8 24 5 3 27 22 24 10 23 24 14 30
30 1 8 14 21 10 26 27 20 7 26 12 13 20 29 22 24 5 2 21 1 20 3 27 11 20 18 1 13 25 4 19 4 5 13 18 29 1 8 17 27 17 9 30 5 25 0 10 7 6 23 6 12 28 2 18 12 1 8
15 17 19 12 20 23 1 21 16 0 1 16 21 3 15 7 20 16 20 10 9 13 29 7 24 20 1 20 13 30 17 1 26 7 20 23 21 0 7 2 30 10 12 17 7 25 25 5 15 5 16 28 27 0 18 25 10 15 28
0 21 17 20 20 27 13 7 16 25 29 21 5 19 3 13 15 10 12 29 29 19 27 22 13 20 15 16 23 12 11 9 23 4 8 23 14 26 4 12 18 28 14 10 13 27 15 24 13 21 20 25 21 29 18 29 17 8 19
19 28 8 14 12 27 27 17 24 21 25 11 12 10 19 22 2 4 23 5 28 4 14 19 26 29 24 30 13 1 18 12 4 24 13 0 29 27 10 16 20 17 11 27 24 25 4 2 25 23 21 30 24 2 28 4 16 26 27
