60 60
0 25 0 23 16 16 6 27 8 26 5 1 26 19 23 21 2 24 7 29 8 30 30 2 28 19 24 27 26 12 10 14 9 11 28 16 12 9 13 17 29 11 1 7 8 27 10 15 9 10 13 22 5 16 1 6 24 23 2 18
7 7 27 19 19 24 8 25 29 9 28 20 20 2 20 13 22 0 0 22 15 18 27 3 30 28 21 10 20 1 2 20 11 28 7 29 28 8 28 2 26 10 17 17 19 19 21 7 12 9 5 25 11 8 4 21 19 29 16 4
26 7 16 21 19 8 0 3 4 10 7 21 19 1 20 16 6 14 10 9 5 14 0 7 3 23 1 2 22 29 23 3 11 25 18 0 11 26 15 3 17 10 3 26 10 3 30 5 3 8 5 27 22 4 26 11 30 5 29 12
7 24 25 7 22 23 14 0 3 29 5 17 28 2 25 11 15 2 17 11 0 17 10 25 11 9 11 16 23 13 15 26 18 23 29 0 13 21 28 11 8 14 5 2 15 27 29 27 18 11 0 11 23 21 18 28 12 22 18 20
27 17 6 26 16 16 19 14 30 0 11 1 27 0 23 9 9 4 2 25 26 12 26 12 4 27 6 2 0 19 29 23 21 23 28 16 8 14 6 2 24 21 13 14 9 20 19 7 19 3 12 4 22 16 8 21 29 17 9 24
25 17 21 9 8 17 23 11 4 26 7 6 28 25 18 27 0 3 15 29 2 22 3 11 23 11 17 15 16 18 20 22 11 16 9 20 14 5 24 20 4 15 26 23 7 13 8 14 28 28 16 7 9 29 28 21 11 0 13 8
4 8 4 24 20 19 3 2 9 17 19 19 17 18 23 24 8 18 16 30 8 19 11 6 4 16 15 9 22 5 16 0 27 4 15 6 5 4 20 8 24 30 9 10 1 5 28 24 17 18 22 26 7 13 28 9 25 9 14 9
28 7 17 18 25 18 22 30 22 24 23 3 14 27 15 16 25 21 8 17 27 23 18 18 0 10 6 26 20 17 13 4 29 1 1 30 6 30 30 8 15 23 9 9 20 6 17 2 20 15 3 6 2 15 10 3 8 5 5 16
20 9 26 10 2 6 28 14 6 27 29 13 10 20 11 21 1 29 24 19 26 23 8 7 2 20 4 6 18 5 6 25 20 18 13 8 24 24 6 27 15 7 2 2 27 11 9 11 26 22 14 5 9 15 29 6 19 2 1 28
3 23 1 18 19 25 4 19 23 8 3 24 25 16 2 26 18 10 8 1 26 12 6 1 21 11 28 17 12 24 1 0 7 27 9 29 2 8 19 25 13 21 10 7 22 21 0 23 23 14 26 12 29 17 8 10 15 16 27 7
24 22 4 9 30 19 0 16 28 16 21 4 29 1 2 28 3 28 25 15 28 28 8 11 21 24 29 10 18 28 7 28 10 18 19 8 21 30 4 9 24 11 11 10 17 29 22 24 15 15 3 16 11 20 12 20 11 4 2 24
19 15 17 3 2 21 24 2 30 16 3 29 7 3 1 28 14 25 22 5 17 19 0 6 23 26 19 25 12 30 19 5 12 10 19 22 10 5 14 30 6 4 14 12 24 29 30 17 11 22 25 19 15 5 18 29 5 23 5 7
30 29 1 13 25 20 7 5 27 11 5 30 2 16 3 17 22 22 13 21 28 21 9 3 22 23 23 0 20 17 24 17 28 8 7 30 21 8 3 5 25 11 7 21 11 2 6 28 25 29 8 1 3 24 21 20 17 29 25 11
30 13 8 22 19 3 14 29 21 18 27 6 3 0 13 20 1 22 27 28 4 5 19 18 30 20 18 10 25 30 16 29 27 18 29 18 14 29 21 10 13 26 27 27 6 20 13 8 26 15 28 5 23 30 18 16 14 3 11 20
1 24 28 26 27 4 24 17 12 29 12 26 30 4 17 11 7 2 1 10 16 0 12 0 8 7 27 16 16 29 20 25 0 3 19 19 24 10 22 28 13 30 30 6 19 20 27 30 21 17 19 2 25 1 18 28 21 2 10 2
19 24 7 16 14 19 12 22 21 1 21 26 15 9 10 1 19 22 27 10 3 6 8 4 5 4 13 5 14 21 6 29 6 13 0 27 8 28 12 6 3 27 10 11 14 5 8 9 25 28 7 19 20 17 0 14 10 4 17 18
24 18 23 6 9 30 21 30 23 27 16 5 11 18 23 12 11 23 25 16 17 5 26 17 13 24 10 0 26 3 3 12 23 20 5 7 21 10 11 26 25 8 12 26 25 20 24 3 8 17 22 14 24 18 17 21 14 24 10 20
27 22 4 16 26 5 4 3 3 6 14 8 19 5 16 12 1 24 0 18 29 11 9 26 28 14 20 8 18 26 1 23 1 17 19 19 20 19 18 24 11 21 5 26 29 28 25 16 27 9 24 0 5 24 8 25 7 5 26 1
23 11 6 25 24 27 6 18 1 12 10 3 24 3 5 25 30 8 20 7 2 10 10 23 20 25 23 25 16 25 10 4 15 0 9 30 6 21 6 20 7 26 17 8 21 27 16 27 20 28 12 14 24 20 19 11 24 13 0 21
26 28 8 25 23 17 21 30 23 25 13 0 17 24 23 30 9 11 0 0 0 19 6 22 14 29 3 14 20 14 19 4 22 2 15 8 13 6 6 15 5 18 12 12 3 12 22 5 3 1 30 13 4 24 16 17 20 3 30 29
2 8 22 4 4 21 15 22 14 27 30 23 12 18 2 17 23 10 24 2 3 17 22 1 8 0 23 3 20 18 15 24 12 24 22 0 5 2 18 7 6 16 14 18 23 1 22 30 22 20 21 15 20 10 10 19 12 22 5 22
2 19 3 2 5 11 28 29 5 16 16 21 20 25 24 14 22 16 18 7 6 0 2 10 11 30 15 21 28 6 19 6 24 12 10 7 20 16 12 5 15 16 26 23 29 8 0 21 16 27 26 15 29 23 0 30 7 8 22 30
22 2 12 30 9 11 19 12 13 6 29 26 11 6 17 5 28 19 28 27 19 11 7 4 12 13 21 8 11 24 10 27 20 11 15 28 21 25 13 28 30 0 20 16 5 7 20 19 19 16 17 17 24 20 3 23 27 25 25 18
6 26 18 8 8 12 28 22 11 18 1 8 25 1 14 15 17 28 18 27 7 24 7 19 8 6 2 25 0 3 19 5 11 22 10 17 10 19 14 15 13 24 5 19 2 29 12 2 15 17 24 17 18 28 6 16 23 21 13 23
9 29 30 8 21 14 5 27 0 18 4 23 17 0 19 17 8 21 12 8 10 9 8 14 14 25 9 1 14 5 11 1 19 22 18 0 21 24 23 18 20 20 18 12 18 30 17 11 20 14 13 8 23 26 26 17 27 9 22 19
27 27 30 27 12 12 26 21 11 24 12 4 20 9 28 2 19 21 22 25 10 22 12 3 0 26 7 14 26 0 8 20 18 16 28 11 7 13 5 3 13 25 5 14 2 13 23 30 13 3 10 15 0 29 20 29 18 28 5 28
20 21 25 5 27 16 22 20 20 14 10 30 5 6 27 0 17 12 4 13 23 5 24 0 7 0 4 19 1 29 11 15 20 11 21 26 22 5 8 1 6 11 15 7 11 10 26 15 3 29 4 27 26 17 9 29 19 16 19 18
0 30 27 9 12 25 4 21 17 19 6 28 8 1 29 2 23 11 4 21 23 27 21 1 29 24 19 30 20 10 20 22 11 12 24 5 7 24 4 29 28 10 6 3 23 25 9 1 5 9 26 1 7 20 10 13 19 10 8 26
13 22 19 10 17 27 30 28 17 8 12 9 17 24 2 10 4 28 6 2 7 9 9 25 19 30 18 23 11 14 19 22 29 1 20 26 20 1 2 8 1 10 19 27 21 30 1 0 0 18 4 5 6 25 6 11 10 29 29 0
17 0 19 24 29 27 5 20 4 22 8 21 18 9 27 2 24 14 2 10 26 20 26 5 9 24 19 23 17 29 11 26 5 29 9 30 27 20 13 15 1 6 9 8 15 8 27 9 25 4 27 24 30 30 25 11 24 10 28 20
10 24 0 18 16 11 12 4 13 10 17 21 30 30 8 21 10 29 18 19 28 15 23 11 2 3 0 21 0 29 17 21 14 16 3 28 5 14 5 22 14 2 20 1 7 27 17 2 15 27 1 12 13 30 20 17 8 18 24 22
17 29 17 10 9 0 11 10 17 19 19 30 3 25 5 6 8 16 24 0 12 18 29 11 13 30 3 12 13 17 5 11 2 4 23 22 17 16 18 21 8 15 29 16 18 29 4 17 3 11 30 11 30 22 2 5 21 26 2 27
1 3 22 5 4 17 26 20 24 9 17 17 22 4 12 17 22 19 6 21 17 11 21 6 25 28 25 2 3 11 24 20 4 12 15 24 24 22 23 24 17 17 5 28 25 17 25 13 3 4 27 28 8 23 12 1 3 15 9 27
4 9 6 6 23 2 7 4 23 22 9 5 9 18 18 0 9 23 2 1 6 10 29 14 5 5 12 6 20 11 7 14 8 4 17 14 4 30 4 10 28 1 1 3 24 5 4 21 21 22 5 19 11 7 27 9 4 15 9 25
4 16 12 3 25 20 25 23 14 9 2 15 0 25 29 21 11 3 27 23 9 17 21 29 13 5 9 13 2 1 23 22 13 18 25 2 23 26 25 27 15 3 22 14 22 26 7 25 10 13 3 30 5 15 30 11 28 13 21 8
5 10 30 22 22 9 28 20 22 11 4 17 13 21 15 27 5 15 4 29 10 29 7 25 12 12 1 23 9 5 9 0 9 26 5 15 26 6 11 17 9 28 26 24 3 10 23 23 6 2 16 7 16 24 13 4 0 16 10 20
6 14 26 27 13 3 12 10 16 6 15 24 4 15 13 24 11 29 24 23 19 1 30 15 13 11 22 27 21 5 15 27 2 16 7 13 9 8 6 12 5 20 28 7 1 22 15 26 3 4 29 25 27 30 9 11 28 9 14 0
11 9 4 8 16 24 18 26 1 21 24 18 26 15 19 26 13 25 29 17 27 25 15 23 17 23 9 9 28 3 25 30 9 20 10 10 21 10 5 25 5 10 26 18 17 19 4 4 3 29 22 1 16 10 1 13 17 27 13 20
8 25 8 19 2 27 7 24 18 15 0 27 15 22 21 27 29 20 11 12 2 7 0 23 24 4 11 9 27 23 5 22 30 24 18 24 12 30 3 30 13 25 0 23 2 21 11 1 6 25 7 27 17 5 14 13 26 25 4 8
17 4 10 23 7 12 4 7 23 29 22 23 19 5 18 11 19 23 29 20 5 12 7 15 16 5 24 20 18 9 18 28 7 12 12 11 5 9 3 8 18 21 19 28 26 18 6 25 24 11 17 26 18 9 4 4 17 21 3 24
12 8 3 12 5 2 27 28 14 28 21 19 0 16 19 27 3 12 10 29 26 1 8 17 15 8 13 24 29 1 22 11 3 3 29 15 27 1 1 4 13 18 6 1 16 11 17 13 21 28 3 24 1 27 26 3 0 16 17 20
24 30 11 24 3 15 23 14 4 9 22 19 13 14 5 22 19 12 0 28 25 7 2 15 29 0 3 9 4 1 15 3 27 20 3 24 26 3 8 18 1 23 23 16 29 0 25 24 28 1 15 2 4 0 24 23 26 8 30 5
24 28 11 21 25 12 25 20 16 29 28 21 14 16 8 4 16 29 30 29 27 19 6 13 7 28 23 17 15 3 10 26 30 3 14 9 13 5 9 7 8 25 4 2 24 19 16 15 29 12 29 7 22 8 10 4 23 9 26 24
2 8 10 9 15 9 11 28 20 25 1 10 0 7 27 24 17 23 16 24 24 13 2 6 13 29 8 2 1 16 14 11 8 9 30 10 4 8 27 25 18 2 29 1 8 30 25 25 13 0 9 11 20 20 30 18 20 9 23 20
0 9 5 6 24 24 3 11 10 1 26 2 21 1 16 10 26 28 10 20 13 1 24 27 14 28 9 27 5 7 25 0 2 30 0 18 21 15 4 27 7 4 22 22 8 28 19 14 12 19 23 14 1 22 2 27 23 4 13 18
0 12 6 17 12 30 2 12 26 21 10 20 6 29 9 8 26 22 6 27 11 19 25 24 22 1 9 15 18 30 21 22 19 3 2 21 20 16 18 19 16 6 28 24 26 27 0 28 10 17 21 18 30 1 9 21 27 1 22 21
3 3 13 7 1 1 12 19 12 2 27 27 11 0 25 22 24 25 15 20 6 23 21 3 12 0 1 7 14 9 26 8 27 25 14 20 18 5 13 25 3 27 7 15 3 12 28 27 20 7 23 18 6 21 17 6 29 11 18 15
7 30 17 28 21 26 11 4 3 22 11 5 4 28 6 24 12 5 28 16 10 7 12 27 16 15 17 25 18 29 6 18 15 0 24 11 30 7 27 7 22 3 26 3 6 28 7 2 19 15 6 6 2 17 1 3 6 24 4 18
27 3 13 6 15 4 13 14 3 8 6 5 1 29 22 19 6 20 24 13 11 23 27 17 30 6 17 24 3 29 3 12 26 23 5 25 6 9 1 20 20 5 18 4 21 10 30 28 14 7 8 10 10 25 18 28 22 25 4 2
19 18 5 11 22 20 1 28 11 8 18 11 1 12 17 4 29 18 2 14 1 11 23 23 2 15 24 27 3 24 5 7 9 12 22 7 4 15 29 22 10 21 16 26 7 18 4 12 21 20 3 9 16 6 3 25 25 19 11 16
29 4 25 21 22 0 25 15 1 28 2 13 3 30 17 18 28 10 27 28 28 23 6 30 15 18 20 13 13 17 10 4 24 4 20 22 24 24 17 14 8 1 3 10 7 27 12 27 13 3 1 25 28 9 24 20 5 30 15 25
9 10 20 14 24 13 30 11 15 17 1 16 22 16 5 1 13 22 6 8 20 22 11 19 3 4 24 11 3 13 15 26 25 29 22 12 30 24 8 28 24 22 7 1 25 5 13 12 10 9 16 29 22 19 2 12 5 22 15 6
19 24 10 19 1 20 19 3 11 1 13 12 23 12 30 13 15 19 28 6 22 28 30 19 20 12 21 13 27 2 22 3 20 25 30 13 15 26 17 3 25 24 22 5 19 2 21 23 4 19 18 3 30 17 23 1 24 19 1 5
5 4 0 22 5 23 15 29 14 28 14 17 20 9 5 23 5 23 15 27 28 13 25 12 30 29 12 8 3 0 8 26 11 6 22 14 26 10 17 0 17 6 25 22 15 1 15 17 18 28 21 19 27 13 28 11 13 17 1 19
8 7 0 22 11 26 23 11 4 14 21 29 14 10 23 24 9 22 20 3 18 8 2 24 16 4 5 4 15 19 28 15 12 10 12 9 27 0 11 22 12 0 27 20 8 23 30 16 13 11 30 7 30 4 4 14 24 25 16 25
3 20 3 19 7 18 9 29 21 9 26 7 30 25 21 10 11 22 27 4 8 20 7 4 9 9 30 11 26 27 11 11 9 0 15 25 9 25 16 4 16 30 30 12 8 4 2 7 21 20 14 0 24 16 13 2 7 13 17 29
6 25 23 9 10 29 8 30 8 29 13 4 3 1 1 0 8 5 28 14 11 25 21 6 13 22 6 14 4 28 10 24 14 11 26 6 18 7 11 13 6 14 25 11 29 3 14 0 24 16 7 4 23 0 10 2 29 26 13 5
17 15 29 12 23 7 22 19 21 19 11 27 7 24 20 10 9 12 11 11 10 5 11 20 19 10 14 6 30 25 19 29 10 19 24 28 21 17 18 16 28 16 11 13 11 24 14 18 23 7 2 13 13 15 3 14 9 30 2 21
27 10 23 3 11 4 25 5 0 27 0 17 28 26 26 4 15 13 2 13 28 10 10 8 0 4 28 12 7 28 27 26 20 15 10 25 17 4 4 17 3 16 23 5 0 11 30 25 15 9 28 3 11 22 4 17 15 23 3 11
23 2 14 26 17 14 14 11 30 4 11 24 27 13 14 7 0 22 4 1 23 23 8 27 29 7 27 29 28 28 5 11 2 2 2 4 26 21 21 19 11 3 2 2 16 19 22 3 29 17 27 9 7 22 10 10 13 23 30 13
