64 64
27 20 15 26 24 26 5 28 22 10 21 11 7 2 29 11 26 0 8 5 27 24 15 6 12 7 6 5 1 2 28 9 5 23 6 29 6 29 19 21 6 2 1 11 11 26 16 10 8 10 14 10 11 16 20 8 12 22 13 7 26 11 5 22
11 4 2 21 21 7 2 7 27 12 23 4 3 22 2 24 0 2 28 5 18 0 30 13 17 29 1 22 15 27 4 29 22 26 3 29 17 0 8 17 10 25 11 10 29 6 14 18 22 28 14 23 29 10 21 29 15 30 27 14 10 1 18 23
4 13 28 29 20 24 19 7 11 15 8 13 27 10 9 13 12 6 19 5 29 19 15 25 20 18 22 9 29 4 1 7 10 10 16 30 15 19 17 0 6 12 1 19 18 14 2 10 10 24 4 13 29 5 13 17 11 25 2 12 23 15 22 26
10 6 30 30 25 9 24 28 6 22 28 19 4 22 8 2 29 15 25 30 29 2 24 6 23 0 28 10 25 29 9 25 21 13 29 27 21 12 24 16 7 11 18 18 2 18 10 6 11 27 21 26 14 13 10 10 28 20 14 3 4 15 9 2
20 22 24 27 24 3 5 25 17 13 18 26 5 0 19 20 1 22 19 12 28 16 10 4 26 22 27 18 3 27 12 26 24 15 17 11 4 26 21 8 4 8 2 27 7 7 22 23 13 19 18 10 18 6 16 8 12 17 22 4 16 23 30 13
19 2 3 26 1 7 1 9 23 21 16 12 19 18 0 1 3 20 19 21 5 13 18 7 11 14 21 13 17 21 30 30 12 20 9 4 12 27 7 22 23 13 1 4 14 20 29 13 13 14 7 4 27 26 26 23 3 4 5 13 1 13 0 21
9 19 18 3 30 23 10 20 30 6 29 28 5 24 21 29 11 14 28 3 22 20 7 13 22 26 2 12 1 14 18 13 27 30 18 6 8 22 25 18 8 7 10 23 27 25 11 3 26 26 0 5 18 22 1 20 4 10 18 5 8 10 17 7
29 3 5 23 0 27 6 18 17 19 13 27 23 17 17 3 24 13 28 4 17 19 3 25 0 13 6 7 25 6 14 3 24 27 20 30 13 11 8 17 16 4 6 15 9 30 24 4 22 5 15 2 26 24 6 16 15 16 24 30 14 2 14 10
24 18 26 6 13 13 5 4 18 30 15 22 5 11 20 25 15 15 29 5 21 16 1 1 30 21 5 25 30 13 3 16 10 0 14 4 15 21 6 26 29 19 28 24 24 4 1 19 17 28 0 15 14 2 20 1 10 15 21 0 7 9 16 13
2 28 13 28 14 13 23 7 3 10 2 16 6 16 14 1 4 15 22 5 3 27 11 8 19 3 13 7 24 21 16 30 2 8 17 26 28 13 0 0 10 26 16 26 13 24 6 2 14 13 10 0 23 30 25 26 30 26 21 19 6 11 30 10
9 16 10 12 9 9 6 16 2 7 22 4 18 28 10 30 23 14 14 6 11 8 3 8 3 10 8 18 23 16 17 2 13 26 12 8 20 10 8 4 6 21 26 10 8 16 30 26 16 18 13 11 11 27 22 30 9 22 13 27 7 30 6 7
13 7 15 13 5 29 25 14 6 7 4 14 2 30 30 20 11 4 1 28 19 19 7 23 11 21 2 2 9 19 6 22 10 20 29 29 29 8 2 27 19 25 9 25 15 7 23 0 9 15 20 19 1 15 24 11 2 4 22 24 23 21 11 7
13 18 26 2 27 11 25 13 5 4 8 18 9 7 11 28 18 28 13 9 19 25 13 23 26 23 4 18 25 14 12 25 5 24 23 10 7 11 11 28 23 18 14 6 15 4 26 23 21 17 3 24 28 27 11 28 19 27 9 22 13 16 2 27
29 17 5 0 14 8 18 23 20 17 9 18 12 6 8 5 20 24 14 9 27 27 28 17 19 27 23 22 15 10 2 11 30 25 27 24 16 14 12 26 1 20 30 28 27 26 20 5 10 6 8 23 22 10 3 18 8 10 19 9 21 9 20 20
24 21 0 23 29 15 7 28 25 4 29 0 20 17 5 21 4 26 20 28 23 17 25 17 12 21 0 17 3 13 6 6 9 11 10 27 4 30 11 12 13 16 22 19 30 11 11 26 6 0 13 23 26 11 18 14 30 15 10 11 30 25 12 29
3 9 15 4 23 29 20 2 21 28 2 8 2 1 10 27 23 24 10 23 0 10 7 20 1 13 24 0 13 9 2 14 12 6 29 3 16 14 22 17 26 29 0 0 9 1 11 0 10 15 21 21 25 23 30 11 27 0 5 24 11 14 16 15
10 9 3 26 15 9 21 10 28 5 24 10 3 9 22 15 15 2 15 20 19 13 3 20 9 23 16 27 8 1 24 18 16 2 9 29 29 28 25 24 10 0 3 11 14 30 14 12 26 7 3 15 23 5 1 22 22 12 28 8 25 4 10 11
13 8 17 21 11 10 26 25 2 30 8 16 16 27 7 0 24 25 25 13 24 29 17 12 27 19 6 7 28 23 16 17 29 24 21 19 16 4 6 0 18 14 8 24 27 2 17 23 22 17 19 24 24 23 19 2 23 30 22 25 9 19 16 13
8 6 1 3 14 1 10 29 28 20 10 27 9 5 3 24 13 5 10 10 26 12 15 9 3 28 4 28 22 27 7 5 12 9 24 12 28 0 14 28 30 2 4 7 28 0 16 5 4 26 24 6 23 12 27 21 8 13 22 0 2 9 1 14
3 1 0 20 14 10 3 25 4 12 28 6 19 26 17 3 5 4 0 12 22 4 2 5 9 14 7 4 7 3 11 17 10 29 18 3 22 30 22 15 6 17 16 15 0 13 29 9 4 26 30 3 29 9 20 15 1 11 26 0 14 25 3 11
21 25 15 24 16 29 30 26 19 6 6 17 0 27 1 29 8 8 17 19 27 19 30 5 17 12 24 7 12 30 16 20 23 16 14 29 27 29 20 21 28 4 8 12 26 10 10 15 30 16 0 25 4 8 29 21 1 26 10 15 13 2 7 12
28 15 20 23 24 19 17 8 24 22 14 30 5 1 19 9 25 26 23 17 5 27 14 22 6 20 1 25 1 4 2 17 25 25 4 23 8 8 27 15 3 27 23 9 2 5 10 3 20 7 0 2 19 12 16 19 11 23 20 26 10 29 29 6
16 7 29 14 18 21 22 28 1 19 9 18 1 7 30 5 10 7 29 6 2 4 9 1 14 1 28 19 2 27 24 19 14 9 2 7 26 5 9 24 21 28 16 29 29 26 13 29 4 10 14 10 25 22 2 15 17 27 29 1 16 29 13 26
4 15 22 19 4 9 20 2 14 18 15 27 7 30 11 25 23 13 23 4 2 24 17 29 20 0 6 12 5 17 11 10 2 5 19 18 23 11 27 5 1 7 3 13 22 2 5 29 22 28 28 13 13 10 14 0 25 7 22 17 26 10 14 23
29 27 16 23 24 1 15 16 12 14 6 20 3 13 19 24 12 23 11 2 8 7 11 15 24 21 15 20 15 18 30 11 22 12 17 12 16 9 25 6 6 18 24 16 10 7 2 11 1 6 3 4 22 26 4 6 28 25 1 0 19 19 11 15
29 14 5 9 0 5 12 3 30 16 13 29 11 8 8 3 18 30 22 20 27 13 12 25 5 14 8 26 14 22 6 7 5 21 24 29 2 2 9 25 24 19 5 6 27 21 4 25 8 0 7 27 9 21 29 26 16 21 20 11 4 1 28 19
11 25 0 16 1 14 14 17 14 8 7 19 22 13 26 30 18 27 8 28 15 7 7 16 18 27 12 24 8 29 18 13 26 16 0 26 10 1 13 18 16 11 12 29 2 18 0 30 2 26 23 10 27 15 13 2 22 19 23 2 28 5 5 13
21 20 18 16 28 8 10 26 30 9 8 23 24 0 6 18 4 14 11 29 12 13 22 7 18 11 22 8 1 29 18 18 24 10 8 24 19 21 8 10 28 2 1 11 22 23 9 24 6 21 10 13 4 26 19 23 4 18 18 5 27 15 30 9
18 1 13 1 23 26 29 24 13 26 9 2 25 0 26 18 17 22 28 19 11 25 2 9 6 20 1 1 23 20 29 3 10 30 2 5 23 8 19 29 20 25 21 27 15 26 16 3 12 28 26 3 6 7 9 4 19 19 10 19 14 13 22 16
5 24 19 11 30 11 16 4 18 19 22 5 26 6 30 18 22 18 24 17 27 5 10 30 9 16 3 9 24 30 9 1 20 29 17 9 13 8 25 0 17 29 14 11 15 19 12 7 17 19 23 15 25 7 16 5 4 15 22 2 16 16 15 10
13 4 12 16 15 23 11 13 16 3 10 16 26 11 8 8 0 21 1 9 20 28 7 15 2 22 14 29 26 8 8 3 13 25 7 21 20 29 26 1 8 19 10 2 7 2 28 19 0 4 13 13 2 1 6 3 25 12 30 25 17 9 19 28
28 17 21 2 9 13 15 15 30 19 24 25 2 26 6 18 3 23 4 20 18 15 27 30 26 17 20 9 20 0 18 17 17 1 3 4 0 8 15 24 28 5 3 5 20 14 14 9 25 17 28 10 15 25 26 3 28 19 2 22 28 9 19 6
0 6 26 25 9 16 11 10 24 23 23 11 5 18 0 25 27 26 12 14 9 23 2 19 10 18 27 1 2 11 10 9 3 19 12 26 28 13 26 17 6 27 12 17 0 25 12 16 0 17 15 20 7 26 12 9 4 18 28 14 19 7 27 9
30 24 15 29 6 19 30 12 3 26 8 9 4 24 17 27 30 21 29 17 7 3 13 25 5 12 7 5 12 0 25 20 3 1 10 23 26 29 10 5 23 23 14 15 12 12 25 18 25 0 18 3 23 1 29 24 24 22 7 20 11 10 19 23
6 13 24 8 29 12 23 15 30 14 20 16 29 24 24 24 19 11 5 0 0 12 20 10 27 21 0 10 16 15 26 19 20 5 26 14 30 20 13 17 2 2 28 3 12 28 15 3 22 6 20 7 18 22 18 1 23 24 11 5 5 3 1 9
11 17 15 3 17 20 19 28 21 22 5 25 11 0 2 14 25 23 12 27 23 0 19 20 5 16 23 25 3 13 9 2 11 9 26 6 24 16 11 3 21 18 24 2 7 27 7 16 7 0 15 16 24 3 17 6 27 23 24 23 22 4 12 21
12 26 3 15 2 27 21 15 1 11 4 8 18 20 17 10 22 16 21 15 22 5 14 11 4 6 10 4 30 5 8 0 22 11 13 14 10 3 23 7 7 26 1 23 24 16 28 25 20 28 17 10 13 4 9 27 27 26 14 3 10 9 13 3
24 4 20 15 17 12 3 2 10 28 16 18 13 3 23 16 2 18 6 17 5 8 19 13 14 25 3 14 25 23 24 23 21 29 29 0 3 7 22 18 30 4 6 11 26 7 7 14 6 3 3 11 17 12 14 14 28 9 18 14 17 21 30 18
27 2 1 29 15 25 5 21 2 26 0 7 4 25 25 1 20 21 28 5 6 23 17 11 6 7 30 25 11 9 23 4 18 2 15 25 18 4 25 23 28 14 20 15 26 12 11 1 22 27 2 23 4 28 0 9 24 22 7 27 5 4 21 25
26 17 11 14 10 2 7 3 27 28 6 5 3 14 30 23 11 28 8 11 23 20 9 19 26 1 27 11 5 9 26 26 12 12 10 8 23 13 10 10 3 27 10 23 29 10 3 6 16 5 4 1 18 9 2 13 28 18 11 1 5 12 5 15
24 10 16 23 11 10 21 21 25 30 29 29 25 15 28 21 20 4 7 24 9 30 23 20 21 12 20 2 25 9 2 9 20 15 3 4 24 17 27 29 11 7 2 22 4 27 11 30 7 19 26 1 20 18 11 30 26 4 30 11 21 22 18 12
5 23 15 1 14 5 0 22 0 19 21 7 22 24 15 7 22 0 23 19 13 21 8 13 24 22 1 25 3 27 15 1 12 22 22 25 13 11 20 11 1 10 0 9 30 22 16 0 30 2 7 6 26 12 12 29 9 22 2 27 10 16 1 20
28 11 28 1 29 0 15 18 6 23 15 14 19 5 9 6 7 5 27 27 25 9 5 3 11 15 24 11 6 16 11 17 2 19 23 2 16 28 4 21 21 11 25 14 17 30 3 21 22 19 27 15 23 15 30 25 27 18 18 6 9 17 15 30
7 11 1 26 1 8 8 27 30 11 21 12 24 20 28 7 27 4 21 21 0 29 28 23 19 8 4 19 27 20 10 27 5 18 17 12 1 16 23 2 9 30 17 0 13 3 18 12 9 18 17 28 17 28 23 7 30 9 22 30 17 29 6 22
20 23 21 0 11 22 8 0 4 2 9 6 29 30 11 29 16 20 12 28 12 10 24 20 24 21 23 20 24 5 16 5 26 28 11 2 1 8 15 4 10 1 11 5 28 1 21 17 10 10 22 0 28 6 3 12 13 24 28 20 24 13 15 13
11 2 21 12 16 7 29 23 25 2 24 3 15 1 19 25 28 18 8 20 5 11 16 6 19 29 2 17 29 23 30 5 9 16 10 17 12 17 19 20 6 29 5 3 29 12 3 1 20 13 7 11 5 28 16 13 29 8 5 27 17 26 19 15
17 14 14 23 18 12 1 9 27 0 8 8 18 21 12 6 3 14 18 16 14 21 9 19 14 28 26 11 28 8 7 13 10 16 0 0 25 19 14 22 21 22 23 5 30 14 21 13 8 14 12 7 10 19 15 30 11 20 4 8 11 16 26 21
8 8 1 9 27 4 26 30 10 22 22 22 20 22 7 10 23 30 2 25 28 18 9 26 7 0 24 23 23 28 1 21 3 30 21 5 2 27 7 11 8 28 5 16 20 16 30 28 4 11 8 29 26 10 1 27 17 8 10 16 6 22 2 2
7 6 15 4 9 11 9 2 3 5 17 18 7 3 24 21 1 25 6 19 5 1 30 19 18 5 0 21 5 7 11 17 17 13 3 19 20 6 22 22 16 29 27 17 21 23 18 15 27 20 0 20 9 12 13 30 9 30 17 4 16 20 7 4
13 8 21 7 14 6 11 1 23 0 5 13 30 19 12 20 19 11 4 9 14 0 21 9 26 10 28 23 30 1 4 14 7 23 10 25 7 26 17 10 18 7 28 21 21 9 3 15 11 24 26 17 19 25 17 13 5 10 23 9 3 14 6 28
23 22 9 7 29 24 13 27 13 6 24 4 1 8 29 10 29 10 16 3 30 2 17 2 15 16 17 14 10 29 28 7 9 23 27 30 11 27 1 1 4 9 9 14 12 29 22 0 28 18 17 14 25 25 2 9 1 5 7 13 6 5 11 18
20 5 16 2 7 22 2 21 7 17 24 23 9 15 20 18 4 23 4 25 21 23 17 10 7 25 0 1 2 1 27 15 14 19 29 27 8 25 24 8 7 11 3 10 22 5 28 12 24 7 24 25 8 14 7 2 21 12 23 16 20 1 14 5
24 3 4 22 11 27 8 30 25 14 13 14 18 6 8 18 25 15 8 26 0 4 28 1 9 5 5 7 3 18 7 21 1 18 20 27 23 10 25 12 8 4 16 24 2 4 28 17 11 21 22 8 15 16 23 22 25 26 15 9 25 8 28 12
18 23 15 28 18 5 28 17 7 29 16 29 7 22 29 10 8 23 20 22 28 6 11 11 5 4 12 30 24 24 19 2 30 30 23 1 0 16 22 19 16 20 13 29 5 25 10 3 12 22 7 20 8 19 16 2 27 29 14 2 21 22 10 29
5 3 12 6 14 25 27 15 19 4 30 8 19 13 15 9 29 5 29 2 27 30 7 20 25 4 9 1 4 28 14 14 12 27 26 26 2 10 9 30 28 1 6 24 29 14 25 22 27 30 17 21 24 1 13 30 5 7 20 9 3 29 26 14
7 30 22 23 9 18 25 24 13 5 10 13 20 12 28 2 30 1 7 3 19 26 23 20 26 10 22 18 18 25 16 30 21 27 18 8 19 25 2 14 11 5 28 18 2 17 11 30 26 14 9 2 5 3 23 10 4 5 23 6 17 30 27 17
0 28 21 3 24 12 6 18 24 19 1 5 20 11 15 16 12 9 10 19 6 16 12 2 8 21 18 7 12 4 15 19 25 21 9 28 22 0 0 12 28 8 17 13 28 26 15 30 3 13 4 23 0 0 25 23 12 6 0 18 27 4 24 15
29 30 23 20 19 29 5 3 5 30 13 22 29 28 6 25 23 2 14 24 15 21 21 4 5 14 2 23 30 10 4 25 21 30 20 4 23 30 17 12 29 13 7 9 0 9 23 30 26 1 0 16 17 12 0 10 15 14 12 17 28 2 9 1
22 17 30 20 11 1 22 10 11 15 1 2 11 22 25 25 9 21 29 14 27 16 14 1 0 26 3 10 21 4 4 15 24 4 6 7 1 2 21 24 7 18 20 3 30 19 7 24 20 10 6 7 23 17 17 5 18 11 2 21 12 23 11 16
6 15 16 20 9 12 30 14 25 19 28 5 25 24 14 1 1 1 1 29 18 0 9 30 20 15 14 25 17 20 2 5 6 24 5 5 17 3 22 16 24 23 5 13 15 15 4 30 16 29 5 14 19 17 22 26 12 27 23 15 21 25 30 30
4 10 6 16 8 27 2 29 23 12 10 29 9 16 5 23 16 11 27 17 22 12 11 13 1 26 30 6 21 10 7 27 8 26 2 23 12 0 1 3 10 4 1 7 30 14 18 23 10 11 16 23 18 26 0 24 9 8 3 19 22 2 15 6
24 13 19 4 30 0 28 13 27 15 12 6 21 22 3 13 30 14 3 28 5 27 22 17 29 0 21 6 4 19 0 26 1 14 5 6 21 8 5 4 30 3 2 9 9 6 2 16 13 19 16 26 19 27 21 11 24 11 3 26 15 2 17 5
8 3 6 9 4 22 4 9 1 8 16 21 11 24 25 13 29 6 2 15 29 5 12 27 22 30 1 9 17 11 25 6 12 13 19 15 13 23 9 25 18 18 19 1 24 0 23 20 19 19 19 29 0 4 1 25 14 24 10 0 11 30 2 4
13 2 28 7 14 4 25 7 10 0 9 28 14 23 21 29 6 11 17 2 14 30 9 11 7 8 2 28 5 12 21 12 3 29 3 2 26 27 5 20 27 0 18 6 9 10 24 5 3 10 9 20 9 0 2 23 10 20 30 6 2 18 9 24
