69 69
14 2 7 20 27 10 11 27 20 3 10 16 14 11 29 21 14 12 16 16 29 29 16 13 6 23 2 28 22 1 22 23 23 14 15 30 18 22 15 20 7 9 5 18 23 3 27 14 0 3 5 12 13 20 21 21 9 27 9 27 23 4 28 5 3 17 15 18 26
2 22 29 19 6 26 27 28 1 16 1 13 15 11 24 7 9 11 20 30 4 13 15 2 9 28 22 14 26 5 2 17 16 7 8 22 20 19 10 12 1 7 18 24 4 25 24 7 24 27 28 3 25 14 12 14 11 25 27 0 1 19 17 15 28 27 8 6 18
20 28 17 25 29 15 9 17 3 26 14 20 29 27 20 18 2 22 19 8 26 5 19 10 7 15 27 8 12 11 2 4 3 28 16 6 13 27 24 26 12 15 19 18 23 11 22 6 5 27 21 25 15 19 29 29 23 10 6 12 6 23 7 8 15 0 14 1 24
6 2 18 8 18 0 15 25 26 16 13 2 12 15 21 2 16 2 4 22 16 16 1 1 29 26 9 28 19 24 13 8 27 23 24 14 3 26 8 3 26 1 20 1 18 10 29 20 5 10 3 18 4 14 19 21 25 14 30 15 28 24 5 11 22 14 18 10 11
7 7 22 2 23 5 22 9 20 19 5 29 7 10 12 8 18 21 11 22 20 25 28 20 4 10 5 27 11 26 20 5 0 1 4 13 28 19 15 4 10 19 12 27 0 27 24 7 30 25 8 4 21 29 13 5 8 6 14 0 4 3 0 20 1 20 12 20 18
3 16 24 20 6 28 2 5 17 28 1 30 25 28 29 14 13 4 26 8 1 26 19 30 16 22 0 20 30 3 18 19 13 20 21 17 11 18 26 2 15 6 1 27 27 16 17 9 21 4 18 15 2 5 28 15 10 12 21 4 19 7 11 14 5 22 25 23 8
2 4 17 29 18 4 24 8 25 29 3 28 18 30 19 21 21 2 3 0 16 19 15 11 4 28 23 3 22 3 5 1 4 13 24 21 3 12 11 19 10 15 21 20 24 20 11 18 14 2 17 4 0 20 19 23 7 11 3 17 30 27 27 29 29 21 19 4 23
0 4 18 22 25 7 8 26 0 8 2 22 6 27 20 11 13 30 28 15 4 28 8 13 10 0 29 23 3 7 28 17 24 20 4 22 6 26 11 0 18 17 15 23 21 1 3 23 15 8 8 21 26 13 14 4 21 17 0 28 9 27 1 29 15 3 10 22 18
16 4 6 6 15 5 6 8 13 15 13 28 16 15 30 9 15 18 12 12 7 14 3 22 6 10 17 24 27 7 4 17 12 1 17 4 5 29 1 21 1 15 20 8 21 1 22 25 7 25 1 11 12 15 13 22 6 4 1 6 12 26 11 1 30 5 14 29 25
3 3 23 18 28 2 4 7 2 20 3 5 8 19 4 22 14 10 5 5 25 7 22 24 18 0 25 28 5 21 24 28 9 22 12 10 26 15 27 27 6 22 6 27 2 18 25 30 19 24 3 10 6 29 27 16 28 27 16 9 11 1 7 12 13 24 7 27 0
22 12 5 4 21 7 13 12 28 11 1 20 5 20 20 16 22 21 4 8 29 26 15 21 14 20 9 13 30 8 7 19 0 9 14 8 23 27 29 12 21 9 7 27 5 22 30 17 17 4 1 6 18 10 25 6 18 0 8 18 20 16 25 20 4 15 21 30 26
10 26 19 7 30 22 27 0 30 26 30 22 27 11 23 7 13 29 17 3 23 17 30 10 13 6 23 22 27 26 0 20 7 21 10 13 25 15 18 22 24 30 17 29 1 3 23 14 17 30 29 11 2 3 1 17 14 8 18 11 4 28 8 28 16 21 8 19 5
15 16 13 6 15 27 12 9 13 3 8 4 28 1 17 5 30 29 23 29 8 17 22 6 18 0 19 25 15 26 26 2 22 30 0 11 29 18 16 3 8 14 2 26 10 3 23 15 25 11 28 22 20 4 10 1 21 9 29 3 20 28 25 23 24 4 0 1 27
14 9 23 1 12 22 7 25 19 16 16 6 10 27 1 20 4 23 24 30 27 14 4 24 15 3 25 1 13 13 18 5 19 28 24 3 23 20 22 4 14 5 12 18 10 7 17 8 24 22 26 19 20 3 6 16 7 21 1 6 0 16 27 25 11 15 19 30 29
28 19 11 18 14 0 12 28 12 25 13 18 0 26 26 17 17 24 3 10 8 12 25 7 27 23 16 29 29 29 25 0 5 15 10 1 9 23 10 20 22 29 1 16 10 27 29 26 2 29 13 22 21 15 18 18 18 14 1 26 20 29 1 30 29 6 3 25 5
7 24 1 22 13 7 14 26 11 8 9 7 23 3 12 9 27 2 12 14 21 7 10 16 28 8 1 19 6 17 29 14 11 6 25 20 16 2 1 0 23 16 29 5 17 11 19 5 4 1 21 10 2 19 28 2 28 1 14 6 2 14 17 13 28 27 19 0 5
19 25 26 8 4 9 20 25 19 27 11 10 30 3 12 14 4 7 2 12 1 23 0 21 3 18 14 13 5 6 2 13 29 20 25 0 30 26 21 28 0 26 14 19 7 5 1 20 20 4 30 0 7 2 25 13 23 14 21 22 14 29 3 30 9 21 3 19 28
22 27 16 28 6 27 6 13 0 2 28 6 1 16 17 18 6 19 27 25 22 10 18 9 24 28 3 15 29 13 29 27 26 13 29 9 28 17 27 11 25 9 29 14 16 7 9 8 10 30 7 23 17 27 21 6 20 22 11 16 4 22 14 23 11 29 10 18 16
9 29 29 4 21 14 21 3 14 21 12 18 5 12 18 22 17 27 19 1 20 0 24 29 23 18 2 15 22 29 8 27 22 21 17 21 5 16 13 20 10 30 22 19 8 19 15 23 18 13 4 11 7 15 1 9 28 15 4 4 10 28 26 4 16 11 26 29 26
15 28 27 19 1 9 4 12 19 0 24 13 8 7 14 6 30 1 5 24 18 23 0 1 30 2 19 4 27 22 4 13 13 13 2 10 14 29 25 0 25 7 19 26 13 2 14 3 4 28 26 3 8 27 14 6 13 17 13 15 28 15 16 29 23 25 22 10 29
11 16 13 26 19 21 19 9 2 10 9 18 9 7 7 16 22 9 5 29 27 0 15 6 10 17 23 9 6 5 12 28 8 4 11 15 16 7 26 0 7 27 10 12 25 5 24 16 28 30 20 17 17 30 19 29 7 12 8 29 10 3 28 20 17 12 24 27 25
18 5 7 5 18 24 4 20 16 23 0 17 8 8 25 4 8 29 5 8 27 25 15 18 18 23 10 2 4 12 4 23 25 3 22 19 1 0 6 2 13 4 28 2 6 5 10 2 29 18 12 17 29 8 21 18 28 3 1 13 16 17 23 14 26 3 26 25 15
19 21 29 17 12 13 19 2 18 4 4 22 26 30 13 13 30 0 10 17 13 29 21 0 21 0 19 8 18 12 19 0 6 17 4 4 18 11 30 14 18 12 2 11 7 26 6 6 16 13 18 3 0 12 24 9 4 26 7 25 0 11 27 10 0 9 15 17 20
8 7 10 26 17 10 1 18 5 19 8 2 24 7 3 30 16 2 18 9 2 1 25 1 23 30 3 19 9 21 27 24 25 24 12 25 7 18 8 1 22 18 13 14 21 23 7 23 23 26 9 10 21 5 6 2 7 0 7 19 12 27 22 3 3 16 14 27 12
2 13 7 25 21 6 19 17 1 9 17 18 30 6 2 12 21 8 5 6 2 29 14 21 16 8 1 25 28 4 20 17 9 9 4 13 20 10 15 30 13 14 10 20 29 23 3 4 24 14 22 2 21 12 5 6 9 14 19 14 21 20 28 25 24 11 5 18 21
16 5 3 18 25 24 26 28 10 12 8 12 5 2 29 27 10 22 12 9 18 13 5 24 2 1 10 11 19 30 2 25 9 27 18 3 1 22 2 2 15 12 21 12 3 8 14 26 11 27 25 18 25 27 22 10 27 7 12 24 4 18 14 12 10 26 17 26 24
30 1 0 13 12 29 27 11 4 26 4 20 10 14 24 5 27 18 11 27 10 30 29 19 5 3 8 12 17 17 8 10 27 23 21 25 21 30 16 0 17 23 19 19 12 20 19 4 15 4 9 5 24 5 3 6 21 4 8 27 19 10 19 13 3 24 16 4 18
8 13 17 26 27 13 15 8 4 12 25 5 13 20 11 6 22 3 2 29 27 1 25 26 4 7 0 25 5 30 7 8 1 11 1 20 4 26 13 19 11 5 18 26 2 1 2 28 14 26 9 1 4 7 21 0 16 9 26 17 7 18 1 3 27 13 22 10 1
10 24 0 25 16 0 15 27 19 2 13 26 10 24 6 13 4 24 3 10 14 22 7 13 19 16 25 4 12 0 28 4 7 15 18 10 22 8 11 23 7 4 27 7 16 8 7 25 13 5 29 14 20 15 22 16 27 0 1 11 27 30 23 23 7 23 2 18 25
17 10 27 11 5 18 23 19 28 15 27 0 6 6 2 14 11 7 26 0 8 12 29 24 18 10 4 10 11 27 0 25 25 14 22 4 12 6 3 13 21 20 27 3 13 4 20 20 25 7 2 5 22 18 21 5 22 22 11 3 18 11 18 5 16 7 28 25 25
17 7 6 29 22 15 7 24 6 25 17 3 17 12 0 22 12 23 3 3 1 3 25 7 27 20 10 26 3 15 28 10 28 18 23 15 8 11 26 21 12 20 22 7 9 6 15 19 23 4 26 9 18 11 13 24 20 14 5 4 29 0 17 23 11 19 22 13 30
23 3 7 22 2 17 23 17 3 9 0 16 6 6 22 15 25 10 21 19 13 30 25 21 9 11 21 4 30 18 12 21 5 11 19 5 20 3 28 7 13 30 21 18 2 18 21 16 21 23 28 7 7 8 10 13 29 28 24 21 0 21 29 12 21 8 1 14 4
24 22 9 28 19 8 20 28 15 25 22 1 4 19 17 27 19 27 13 20 2 26 3 27 17 8 23 14 7 17 11 19 6 24 12 21 9 9 2 21 29 21 1 2 9 23 13 15 10 25 16 22 1 2 17 30 3 23 19 26 12 8 2 14 15 30 11 21 9
27 20 18 1 1 3 4 22 24 28 7 15 13 26 10 18 15 10 15 8 19 0 10 7 22 2 24 16 5 23 5 23 5 13 0 11 23 22 1 21 26 17 8 24 30 23 18 28 17 24 1 28 13 24 12 12 12 6 29 14 2 28 7 27 0 26 30 26 4
1 29 7 24 1 18 5 21 7 12 6 5 28 0 25 5 0 28 5 14 7 11 4 7 0 12 21 20 6 10 18 28 4 23 17 10 8 1 5 17 20 29 26 10 19 26 19 8 0 13 11 7 21 28 22 4 21 23 27 4 19 22 8 5 18 30 3 24 17
3 14 16 10 11 14 3 26 2 3 4 4 12 8 20 12 6 11 23 19 30 16 21 3 0 3 18 14 10 21 14 11 16 8 23 3 22 12 28 30 19 14 4 5 27 13 23 17 28 8 15 14 29 17 2 29 27 21 27 23 16 19 21 2 20 2 3 3 4
30 27 16 29 16 11 6 4 4 27 12 29 18 5 28 22 6 26 1 18 6 0 26 18 25 25 24 12 23 21 4 9 18 17 29 28 11 25 27 7 6 10 16 17 1 10 6 14 16 23 25 28 3 30 27 5 14 0 18 11 11 22 21 20 25 20 0 4 16
21 21 25 19 16 28 3 25 30 11 0 26 9 10 21 27 22 13 4 20 11 3 14 11 9 11 22 24 25 13 7 0 30 23 28 30 2 23 25 6 30 13 30 9 20 27 1 27 7 25 15 10 27 4 13 23 11 17 17 6 15 27 28 29 9 6 28 27 23
29 16 6 21 3 0 23 25 6 9 27 26 16 12 18 1 17 26 17 23 15 2 19 15 20 0 7 15 15 13 11 15 26 27 18 25 6 25 9 11 13 18 7 2 10 23 16 6 30 27 13 16 17 8 20 8 24 28 20 8 6 30 18 14 20 30 29 14 9
16 24 3 15 12 17 17 29 1 3 22 13 12 13 28 23 14 4 10 7 20 0 15 1 19 0 5 19 6 11 9 28 3 2 3 13 4 1 21 4 13 5 11 29 21 7 30 17 3 4 14 8 30 16 16 8 4 7 7 30 24 23 29 11 30 0 29 2 28
12 1 3 5 0 24 29 7 24 6 22 17 17 0 19 24 6 25 27 2 3 19 6 28 10 22 30 30 3 16 9 1 24 4 22 15 13 17 5 2 28 27 12 9 21 3 12 0 25 8 6 18 22 4 0 21 18 5 26 1 29 4 22 30 7 1 27 23 20
0 14 22 27 29 16 8 28 14 23 14 28 26 19 10 10 0 9 22 2 12 30 10 19 14 6 24 3 7 26 26 5 8 1 20 7 16 14 10 14 4 18 24 17 0 8 19 13 24 26 6 24 9 3 2 8 17 28 6 2 25 24 23 19 16 20 18 14 16
14 7 29 30 6 3 27 16 15 13 15 25 22 3 6 23 18 8 13 13 26 24 22 5 28 9 29 10 2 18 19 0 29 21 15 2 25 27 4 13 20 29 9 19 3 16 9 18 0 9 29 10 1 8 11 21 27 16 7 29 26 10 28 15 8 19 5 16 5
8 17 8 23 0 13 23 15 15 15 20 5 2 15 11 5 17 5 21 8 9 18 3 0 21 20 19 14 21 0 25 7 14 29 5 0 6 6 17 1 8 8 20 23 15 22 0 8 21 3 23 13 5 18 19 25 0 9 25 14 20 5 7 6 21 12 7 30 28
18 17 13 7 0 16 2 28 27 24 7 5 19 11 2 23 1 17 15 30 25 17 29 16 12 1 2 22 5 26 6 3 3 18 5 27 15 18 24 29 21 10 7 29 6 29 19 5 27 5 6 14 14 17 13 17 28 20 2 5 10 6 9 27 3 3 29 5 15
29 27 26 30 10 0 7 13 4 25 9 9 9 10 25 24 10 27 17 23 2 11 29 17 27 15 10 4 4 15 4 17 14 18 12 19 11 28 23 16 3 13 16 14 19 0 24 30 26 0 19 29 23 24 10 16 1 15 7 0 17 0 25 30 27 21 21 11 24
8 11 6 12 14 11 6 0 24 24 10 30 24 17 17 2 4 0 3 13 17 4 12 25 26 28 12 15 26 17 23 12 12 8 10 26 19 13 26 4 1 4 29 10 15 9 19 23 30 17 7 20 16 27 15 10 13 2 8 30 5 16 20 12 23 27 22 12 14
14 6 8 24 18 22 1 22 4 3 3 23 15 24 14 6 3 23 19 8 2 2 14 4 15 28 30 14 0 25 28 20 12 16 21 2 2 20 20 21 29 24 2 14 13 3 6 20 7 21 17 19 22 9 20 4 10 13 21 5 19 9 24 11 14 24 6 0 17
23 18 30 18 19 25 16 17 15 7 15 7 5 27 18 4 6 7 17 13 30 18 30 0 30 4 22 21 27 9 21 4 15 28 27 7 0 0 13 17 8 2 25 19 9 24 3 4 8 14 30 30 24 9 7 15 2 10 26 8 6 20 0 22 15 27 1 23 2
14 28 28 2 5 26 0 13 4 27 8 3 7 25 20 24 22 4 23 11 0 20 3 24 23 2 20 2 27 20 30 26 11 29 9 2 8 1 4 18 20 22 4 15 28 3 18 19 24 10 16 27 20 17 18 11 24 9 11 15 26 10 24 13 19 0 5 6 24
22 1 29 13 12 16 28 30 20 6 6 19 19 10 17 23 24 30 18 14 2 22 13 11 6 7 28 1 17 30 29 17 22 10 3 26 22 12 26 12 9 23 14 14 13 19 14 27 9 29 18 2 2 8 23 8 30 23 13 10 12 4 30 15 7 30 16 29 28
0 5 14 30 27 2 18 21 27 23 4 4 1 11 26 15 6 12 7 9 7 17 1 20 20 26 1 26 9 14 20 1 21 5 24 9 18 15 14 29 0 15 1 27 4 7 9 20 23 7 17 20 20 30 1 0 0 14 25 20 24 8 19 23 7 29 29 14 25
21 24 25 28 13 0 20 21 12 19 8 22 0 30 29 7 1 28 17 7 27 17 17 28 16 3 7 1 27 11 6 18 11 2 6 24 11 12 16 16 9 10 0 18 12 15 0 28 20 16 16 18 13 6 21 11 22 7 28 15 24 23 17 7 19 23 18 12 0
15 15 5 13 19 5 13 16 3 10 26 21 15 25 23 2 6 27 20 12 9 3 9 26 9 28 7 23 1 24 25 30 15 15 0 28 25 12 18 14 7 11 21 16 28 16 30 6 23 8 14 15 13 10 20 11 19 1 3 1 19 1 16 3 18 4 24 24 7
7 17 1 22 15 30 10 23 1 11 7 5 19 24 13 3 19 5 6 7 27 14 19 13 25 9 8 2 30 13 25 15 17 5 2 15 20 11 16 15 26 30 0 11 13 28 22 9 7 15 27 18 5 13 13 5 26 28 20 20 26 2 24 15 5 20 3 0 2
7 26 23 26 2 3 21 23 3 30 11 29 28 9 11 8 1 6 17 14 4 12 30 13 14 7 0 8 24 24 10 6 1 5 25 12 0 19 26 11 1 20 25 7 30 14 10 6 11 0 8 17 3 27 7 10 10 14 0 6 27 9 27 18 12 6 20 6 11
5 5 13 15 7 7 12 6 14 11 28 25 6 5 13 16 8 9 1 15 19 15 6 4 7 19 4 17 25 16 18 19 3 5 27 14 1 22 23 23 17 21 30 15 8 1 19 13 27 7 28 27 11 1 27 18 14 3 20 10 16 27 27 28 19 29 25 13 30
21 28 12 18 14 4 7 16 2 4 7 23 17 3 29 7 0 5 22 14 13 12 24 4 11 2 17 6 17 26 16 11 24 26 28 28 12 18 14 30 10 14 13 10 6 2 6 4 14 4 7 6 6 8 15 16 3 19 0 18 9 7 6 8 16 24 18 12 22
2 7 4 3 24 16 10 20 24 26 20 29 28 8 1 17 19 5 10 12 5 21 18 28 0 16 19 2 9 25 20 12 3 13 24 2 13 29 24 18 20 11 8 21 28 27 19 14 25 14 19 22 27 26 18 24 3 20 17 1 18 12 8 4 18 23 22 2 16
1 12 18 25 25 9 14 5 17 8 27 20 20 30 17 23 1 9 14 3 10 16 30 17 9 19 30 8 27 17 4 21 1 20 0 5 1 15 7 15 25 20 2 4 25 7 0 10 2 24 8 22 0 0 13 20 26 25 12 8 8 30 5 14 23 8 17 3 7
23 3 4 23 27 7 20 0 26 3 25 24 27 29 5 4 22 11 1 24 26 30 29 22 26 2 9 24 1 1 18 5 4 12 13 12 19 15 19 3 28 19 5 10 1 13 27 19 22 14 0 6 22 6 25 19 28 1 9 18 28 11 10 8 24 22 26 13 14
29 10 16 2 6 5 24 17 23 20 25 17 25 23 29 15 15 12 28 29 22 12 27 3 27 0 19 30 24 16 8 30 27 19 5 5 3 0 18 8 26 18 6 25 11 15 0 18 12 19 19 22 22 22 6 18 15 30 5 12 23 19 26 23 26 1 28 30 0
25 3 1 24 20 16 26 4 0 11 19 27 19 13 11 18 7 4 2 9 1 2 27 9 2 10 9 19 30 21 10 1 28 7 5 14 6 20 4 12 2 26 3 22 3 5 5 0 0 23 4 8 11 2 17 27 20 1 15 8 25 3 25 22 21 27 14 15 28
22 9 10 6 18 12 11 2 27 4 10 3 6 19 8 24 9 25 6 29 2 7 18 29 30 15 2 17 8 12 1 9 0 17 21 22 23 20 13 30 26 30 8 15 3 22 8 8 20 20 18 15 29 5 1 9 29 19 16 9 23 5 27 22 0 16 29 28 13
30 22 23 1 0 29 23 6 0 0 19 15 16 17 29 26 12 27 13 26 5 9 15 2 23 3 5 7 0 20 4 26 5 3 29 7 14 8 19 29 12 13 17 10 4 8 13 23 26 15 21 13 16 14 3 20 3 17 26 22 3 0 8 11 19 23 28 3 15
15 18 22 12 13 24 21 2 3 13 27 27 29 7 23 10 22 4 28 16 22 23 22 14 7 8 3 7 25 27 10 5 3 15 12 4 26 7 9 18 10 27 28 24 2 23 27 18 30 12 22 22 11 8 0 3 15 27 26 30 11 1 9 17 26 22 2 28 27
27 0 5 29 29 4 7 20 1 22 5 8 20 18 12 21 29 29 20 25 21 29 2 27 6 1 21 20 11 19 6 24 3 5 21 26 9 19 16 1 4 23 11 18 17 16 0 17 6 30 7 28 22 25 12 14 23 2 14 5 19 0 12 10 16 1 6 28 1
8 18 8 23 2 24 9 10 28 16 16 9 26 24 27 30 15 28 26 29 20 19 5 14 15 15 0 22 30 25 0 16 6 15 20 5 30 9 3 1 6 16 26 0 17 7 10 5 21 1 6 18 12 11 21 2 9 0 6 28 3 23 7 2 30 14 26 27 6
17 16 19 20 0 2 30 11 10 12 11 25 12 17 11 13 9 13 16 18 8 7 23 16 13 13 11 15 28 26 27 22 24 0 1 30 15 10 28 4 28 5 14 13 8 30 15 20 23 17 24 20 17 12 18 11 28 4 1 2 24 27 3 5 6 28 22 27 23
