71 71
11 10 22 7 22 4 23 0 0 29 10 0 0 16 14 18 4 22 30 20 28 24 2 8 21 1 22 11 17 29 30 16 20 10 8 14 15 17 29 22 1 25 2 22 22 0 9 28 0 22 25 10 25 18 18 8 26 17 4 30 7 30 17 23 4 5 19 8 6 10 29
5 3 24 25 8 11 0 11 16 1 27 17 16 21 7 19 1 27 6 25 4 6 10 30 9 25 15 25 7 26 4 17 4 11 7 11 2 27 30 5 4 23 2 9 17 29 19 2 4 29 3 19 6 13 2 27 3 8 13 7 8 23 29 0 22 1 23 1 28 18 6
19 1 1 24 23 21 23 24 22 9 3 14 0 29 0 10 21 24 19 15 28 7 18 4 24 28 17 17 13 7 21 13 8 7 6 16 20 6 0 11 9 1 27 12 6 12 23 17 7 20 20 23 13 19 2 22 20 16 12 4 24 3 24 27 23 5 5 7 21 18 20
26 8 3 12 17 30 9 29 17 30 30 17 28 25 29 17 2 24 10 25 4 15 13 22 24 3 18 29 11 23 11 7 29 0 6 6 18 18 21 25 22 29 12 27 18 3 14 16 25 21 13 14 0 25 14 29 1 12 26 19 12 27 16 1 17 12 28 15 18 2 15
9 25 28 15 2 22 8 9 21 2 14 2 15 5 21 1 3 24 11 25 23 5 13 28 22 10 26 10 12 29 19 16 25 4 0 13 21 17 30 5 15 2 29 11 3 2 25 2 3 10 14 26 30 11 11 30 8 3 30 8 5 5 30 7 24 29 10 0 22 29 0
8 26 15 4 16 29 28 24 16 20 27 29 23 7 15 0 28 25 7 5 20 2 11 21 6 8 6 30 10 14 16 6 17 8 27 24 9 29 10 19 11 0 11 6 3 12 16 13 10 24 3 14 6 10 19 10 1 10 16 1 20 23 9 2 10 2 28 9 30 29 8
9 21 17 14 30 14 24 26 16 30 28 28 11 22 5 6 4 29 30 6 14 17 17 17 11 4 30 2 7 10 10 26 15 6 2 20 27 22 22 0 12 4 1 7 7 29 21 5 24 5 14 30 30 29 9 14 1 11 10 18 22 20 3 14 5 29 28 17 24 21 18
26 1 26 26 25 23 17 4 6 14 11 21 29 26 5 18 25 1 7 27 2 1 8 23 29 13 24 3 17 10 21 18 29 3 12 19 1 2 2 6 6 11 30 13 9 17 16 27 8 5 9 11 16 22 21 8 7 14 5 5 13 24 2 13 20 4 8 20 27 6 11
11 23 7 21 2 15 27 14 12 24 19 7 24 20 16 25 26 9 18 4 29 11 5 6 9 7 8 25 24 28 18 19 15 8 20 16 26 18 6 29 7 15 4 20 20 9 0 13 25 2 22 23 29 1 1 6 0 30 22 7 29 23 25 9 1 20 15 17 1 6 7
18 17 9 25 28 25 15 9 22 7 2 13 11 12 14 25 30 18 27 18 9 2 11 29 20 25 24 19 18 7 12 11 4 9 6 11 25 13 1 11 5 4 22 22 11 18 5 11 2 22 30 3 0 18 23 4 7 12 9 0 4 9 23 6 0 21 8 13 7 29 18
27 20 24 26 25 12 30 19 8 11 2 6 23 17 29 6 30 27 10 30 16 9 10 18 0 26 0 23 5 0 14 14 7 24 0 2 18 0 6 13 9 1 21 1 3 1 28 23 9 15 23 16 21 20 22 15 9 12 22 15 2 29 23 14 19 15 19 22 24 18 25
29 9 15 27 15 14 14 26 16 6 10 27 5 24 14 9 2 16 13 28 28 15 18 0 0 10 6 18 25 8 4 21 16 5 4 29 5 23 29 2 16 1 21 22 4 13 0 9 25 26 8 27 24 11 5 9 3 10 11 1 21 2 13 2 14 10 22 15 7 24 16
25 29 21 3 21 0 18 12 6 2 6 10 27 23 9 13 24 24 12 1 28 13 7 14 0 23 24 28 7 28 15 6 24 20 18 3 11 30 20 0 29 17 28 21 5 14 5 18 21 18 15 2 15 25 27 26 5 9 17 28 0 30 11 9 19 3 1 22 9 30 1
23 9 22 12 16 19 4 28 11 28 19 9 24 28 14 0 9 22 3 28 3 6 28 19 24 30 2 26 6 1 13 25 29 15 5 8 28 0 29 29 12 22 28 24 22 2 25 29 2 20 12 22 5 27 6 13 3 14 5 29 8 0 23 22 21 29 27 16 5 16 12
23 4 15 12 17 3 20 20 7 11 16 29 12 6 5 24 21 19 1 17 27 30 8 2 25 13 7 13 25 16 2 1 0 15 26 28 4 3 5 0 15 1 16 8 10 11 7 9 5 20 18 17 2 17 1 28 20 6 27 6 10 7 30 13 30 19 10 18 11 1 16
5 20 5 21 19 13 16 16 8 23 29 18 28 2 11 6 4 10 10 7 23 30 16 17 6 29 15 21 11 22 29 30 21 14 17 16 16 17 25 13 6 13 10 9 22 20 25 18 27 14 3 23 11 4 4 1 8 30 29 18 6 6 17 8 15 17 17 17 11 6 14
16 3 5 11 24 15 28 23 21 9 19 17 19 0 20 11 7 6 3 29 9 19 27 15 29 14 30 3 29 20 6 1 19 23 17 30 16 6 26 28 9 20 24 13 23 23 12 19 26 15 24 30 22 20 27 16 16 23 7 29 26 18 18 15 22 20 9 30 23 15 13
26 28 9 22 14 15 10 15 16 22 23 6 11 2 26 24 30 16 14 29 11 7 19 25 16 8 21 20 20 30 4 24 6 17 7 15 17 10 16 24 2 17 27 30 22 29 26 24 26 20 0 4 30 29 12 4 15 19 22 24 27 2 16 10 13 7 4 25 15 10 23
4 27 8 30 1 19 11 5 22 12 15 16 29 21 14 28 4 7 28 16 0 7 13 28 10 6 9 7 23 0 26 19 8 6 14 19 10 10 0 21 23 22 7 10 4 27 10 20 21 26 25 2 15 29 25 29 4 20 0 17 11 12 10 11 7 29 24 21 22 15 15
25 18 22 6 26 17 10 12 21 30 4 24 7 16 16 28 12 7 12 0 18 28 12 16 5 25 12 21 10 20 10 30 15 9 4 10 13 26 21 26 12 16 0 25 1 3 27 2 13 9 9 15 11 10 11 14 2 25 17 23 26 9 10 19 1 2 3 25 7 8 8
17 30 13 24 4 13 14 26 12 16 17 13 11 11 2 25 15 8 28 15 25 30 12 23 19 23 26 0 6 13 7 22 26 0 0 15 12 11 10 15 17 2 9 29 22 12 11 3 16 7 13 23 29 9 13 17 15 30 13 23 3 24 11 25 21 2 17 27 8 1 19
8 0 11 30 20 20 21 2 8 9 6 18 25 27 5 9 9 5 27 27 19 4 21 30 1 29 6 17 6 25 21 11 15 30 18 0 7 13 22 22 14 2 30 8 14 23 4 4 20 27 4 2 8 6 30 28 19 14 4 3 6 1 6 7 17 5 0 9 18 0 3
24 12 3 19 2 28 2 13 30 0 11 10 27 23 5 16 28 0 25 0 17 24 17 30 28 26 11 15 0 20 26 14 27 16 25 19 30 29 20 28 29 0 21 5 26 23 19 16 13 25 19 11 2 21 0 29 3 20 15 21 24 1 29 7 29 22 27 28 1 28 12
25 9 27 21 18 2 26 18 26 30 30 30 24 19 29 25 3 24 22 20 12 25 4 19 1 12 26 2 16 2 3 6 24 9 21 6 21 23 4 11 10 16 9 24 27 16 23 2 14 14 19 28 18 28 8 14 21 29 25 23 2 5 13 0 10 30 18 14 7 6 15
18 10 23 24 27 19 15 10 13 5 10 13 28 2 24 24 3 11 19 4 30 4 1 27 7 26 29 26 3 25 3 19 16 14 9 19 13 13 1 22 21 18 22 20 17 26 16 13 15 0 4 9 9 20 9 4 19 21 25 3 6 16 29 7 29 19 27 13 17 8 1
10 17 2 29 27 12 16 15 13 14 22 2 28 1 9 24 19 2 3 10 0 1 21 5 24 11 21 3 6 15 2 20 24 10 10 30 20 1 1 11 2 4 2 23 19 2 2 28 24 2 20 23 20 16 8 5 24 12 10 19 30 30 9 12 19 4 9 5 12 17 12
24 20 29 10 23 25 18 3 28 23 11 27 21 23 10 25 21 2 30 26 14 1 20 21 13 6 26 1 21 22 8 11 2 14 13 27 30 12 19 28 14 19 2 20 3 9 6 20 21 2 11 16 26 4 21 7 14 21 19 18 30 2 8 26 30 30 10 21 22 29 22
30 8 19 16 13 14 7 25 2 13 30 26 5 19 7 5 23 15 10 19 30 29 25 10 30 12 30 16 3 4 9 16 24 29 2 16 11 15 11 13 9 24 1 6 10 7 13 29 5 23 5 20 22 11 13 19 12 2 14 18 18 16 28 0 24 9 23 8 4 23 2
23 25 21 1 29 30 2 14 17 21 14 4 19 5 10 26 28 4 28 14 18 30 2 10 16 16 1 19 30 18 28 5 29 13 2 2 25 8 20 26 29 25 21 23 14 0 0 1 24 14 28 28 16 23 7 21 13 10 12 19 21 21 30 11 4 1 9 12 19 24 11
10 26 3 11 21 25 25 14 29 13 3 23 9 21 15 3 18 15 3 24 29 12 27 19 16 11 11 3 8 16 25 28 7 11 13 27 19 30 3 19 27 16 3 15 20 5 15 0 30 1 5 24 22 2 18 16 1 1 1 28 16 20 9 5 26 19 8 14 26 10 28
21 25 19 25 13 10 10 4 5 1 4 3 3 21 14 18 9 2 21 0 5 23 5 7 6 9 13 11 29 23 27 30 4 15 18 2 4 15 13 7 8 6 12 28 22 8 12 3 24 14 22 5 29 21 4 28 13 24 1 29 5 18 15 30 10 22 12 5 27 25 8
17 22 17 5 2 14 16 17 28 14 13 24 2 20 8 21 5 2 3 6 25 28 14 1 17 4 3 3 23 17 22 27 4 27 19 18 21 4 10 12 10 2 18 1 19 24 1 14 16 0 18 4 17 26 7 19 11 25 23 24 23 27 11 22 3 16 6 29 23 20 29
9 19 7 30 2 12 14 17 11 14 27 30 4 11 5 18 26 19 3 5 18 19 15 1 10 25 10 21 13 25 5 1 2 25 24 20 18 8 24 10 3 2 11 9 11 16 4 18 11 29 30 23 26 28 3 24 15 29 7 12 27 19 15 13 22 12 18 22 13 26 25
10 30 0 7 2 4 0 14 7 20 18 1 24 17 5 18 26 15 21 27 12 17 15 4 0 13 30 16 14 27 11 30 3 14 7 29 19 28 27 15 22 26 13 24 16 15 20 13 28 23 10 18 24 15 29 29 20 28 14 3 25 30 3 14 9 24 22 21 1 19 25
27 17 26 20 5 3 28 10 1 13 22 21 7 15 30 26 2 28 15 15 24 30 11 9 26 8 11 4 15 18 23 17 30 18 16 11 0 12 15 18 6 29 11 0 13 0 25 10 9 4 7 30 29 17 21 25 1 4 3 26 0 13 10 2 28 3 12 17 18 0 14
21 19 16 18 25 9 0 14 4 13 24 17 25 11 15 26 18 26 18 17 9 13 26 15 26 11 4 12 17 20 18 24 20 26 30 4 3 25 2 0 21 30 9 28 12 19 29 2 30 23 21 9 24 4 4 5 22 29 20 18 9 14 21 21 27 1 25 3 8 26 21
11 19 2 8 20 30 8 20 14 11 15 20 27 24 21 3 13 20 18 30 6 3 13 27 24 6 26 1 14 30 3 0 0 9 27 6 13 27 17 9 1 17 10 7 17 18 25 29 5 3 17 11 20 11 24 13 10 16 4 13 30 2 10 3 26 9 11 8 29 7 0
10 28 22 23 22 25 4 18 3 9 16 22 12 18 8 11 9 28 12 23 3 16 2 22 7 14 4 21 10 29 22 18 22 16 17 1 17 18 28 14 21 13 1 12 25 15 3 0 5 15 22 9 20 14 22 5 3 26 16 12 29 6 22 14 3 18 1 4 9 5 21
1 1 2 9 9 13 10 10 0 18 1 2 20 8 14 7 6 4 5 13 22 29 13 4 13 8 24 30 18 7 20 16 29 28 0 0 4 13 6 0 3 8 5 7 0 17 17 14 8 27 29 9 23 14 19 25 2 3 8 1 23 17 13 28 30 7 18 13 11 18 30
21 8 0 24 16 24 3 17 9 2 17 7 5 13 19 14 11 0 19 2 11 18 9 16 20 26 20 2 6 24 5 22 0 29 9 16 10 5 16 14 4 10 16 3 1 7 12 24 23 17 17 3 4 11 29 2 14 20 9 10 26 29 8 8 22 7 8 30 8 1 9
11 20 4 17 13 25 2 10 12 3 21 12 6 14 19 14 7 10 1 12 14 15 23 6 24 7 21 11 25 19 12 28 2 9 0 28 30 16 18 7 13 14 5 6 20 1 1 23 14 28 30 17 0 6 16 21 7 13 6 14 19 25 28 28 3 10 15 16 24 23 12
13 28 28 24 14 7 7 4 29 22 24 9 13 17 13 14 17 25 21 22 27 15 2 20 19 18 26 0 6 12 27 25 9 12 15 14 23 1 14 2 7 15 11 9 13 13 24 18 20 21 27 29 17 1 24 30 17 25 26 19 20 8 13 4 0 26 2 0 15 18 10
20 19 19 11 25 1 16 25 2 5 23 26 20 3 30 15 10 1 15 25 30 1 17 11 14 15 25 7 8 2 0 23 3 24 0 26 0 24 15 30 8 23 22 7 12 13 11 19 22 24 26 19 11 25 14 13 15 0 28 14 27 11 18 28 7 20 3 7 25 1 8
4 23 0 0 27 24 2 3 26 12 12 29 26 4 0 0 28 11 15 6 23 12 26 20 7 29 9 18 18 15 6 7 23 28 12 12 13 16 22 17 17 17 23 17 24 3 24 2 1 3 23 3 17 11 3 12 29 0 6 9 14 30 26 7 12 30 17 3 30 12 14
5 23 12 1 17 30 14 17 11 28 13 13 28 11 1 13 21 17 9 30 7 9 27 8 17 3 15 26 28 24 30 26 19 15 28 7 20 3 14 21 19 30 13 13 3 27 5 25 21 20 20 15 16 15 3 11 12 7 6 5 6 6 4 9 1 9 20 25 7 21 30
17 5 25 23 28 30 10 3 6 6 15 14 1 2 11 5 30 27 5 12 24 0 11 25 25 1 24 19 1 0 30 0 3 2 4 11 9 18 25 3 5 18 24 12 9 4 28 26 23 0 6 19 0 26 1 13 30 22 2 7 17 22 26 30 24 2 27 17 25 9 22
15 5 2 19 26 13 22 16 28 16 11 30 8 27 17 11 16 26 30 20 3 5 22 1 15 30 24 20 10 10 25 21 18 5 3 30 9 14 8 17 24 24 24 29 30 13 12 30 23 4 0 22 29 17 21 11 15 28 17 18 23 2 20 12 13 24 15 19 26 20 26
0 30 29 4 5 12 24 12 9 25 11 2 12 19 11 24 27 26 8 27 19 7 2 24 11 26 22 1 28 30 28 10 4 11 7 24 26 11 16 0 6 9 17 30 30 23 18 23 5 4 22 6 11 27 5 7 24 1 27 4 21 16 2 22 22 28 15 6 19 13 13
6 17 27 30 13 24 17 3 8 18 3 28 18 19 19 20 28 19 16 10 15 27 4 29 17 13 23 2 26 5 26 17 10 30 17 22 18 12 21 12 24 19 2 7 25 29 27 20 26 15 27 15 4 25 22 7 29 16 15 21 7 12 1 17 4 8 1 4 2 2 9
18 13 22 10 4 13 29 0 21 15 21 14 29 2 7 11 29 21 1 3 12 9 10 20 5 12 13 21 5 12 10 0 22 18 25 23 30 29 11 30 23 9 12 5 12 0 29 6 27 26 28 16 29 9 22 18 16 14 7 22 21 30 19 14 21 24 5 4 12 29 8
12 25 6 0 23 28 15 16 7 25 15 14 17 28 10 28 5 20 25 2 30 1 23 25 30 13 23 4 10 26 30 23 11 12 12 27 27 18 30 15 19 1 17 19 24 25 10 12 25 23 20 6 28 26 27 9 27 21 21 7 18 20 16 0 4 12 21 16 20 7 13
22 28 20 15 21 3 23 0 29 9 10 9 29 10 16 7 17 0 15 6 28 3 4 2 22 12 19 29 12 8 14 16 20 20 21 15 24 15 27 11 16 23 7 21 20 2 28 13 9 3 9 3 0 12 28 30 27 7 14 6 2 3 19 15 18 29 8 3 10 2 23
26 17 0 3 9 10 14 28 2 12 5 8 26 29 3 26 14 5 3 21 19 14 8 1 8 22 9 0 12 11 25 18 7 4 10 26 7 7 14 1 5 26 0 14 18 4 27 15 9 4 7 29 13 18 18 23 7 9 17 23 8 11 1 22 2 13 14 14 29 28 24
4 5 19 4 28 21 12 6 25 12 14 5 24 18 17 16 26 2 26 0 18 0 14 27 1 5 9 11 5 2 21 0 18 5 11 14 20 29 22 6 13 23 20 25 28 3 21 29 9 26 10 18 23 15 26 29 11 23 14 10 5 5 17 27 9 7 28 24 20 15 12
5 29 0 26 2 24 10 0 8 14 24 19 20 14 21 23 23 8 14 12 22 5 30 9 16 17 5 25 13 14 12 12 13 29 11 8 0 4 19 24 28 9 27 17 10 21 1 24 16 16 30 30 27 12 29 25 27 4 16 19 13 30 20 15 16 10 5 14 28 26 14
21 5 28 30 28 30 3 30 1 28 9 6 15 26 1 29 17 11 19 17 8 16 4 23 19 21 22 6 6 15 4 1 26 4 0 15 14 7 29 11 28 30 3 17 15 28 11 12 7 27 12 8 3 29 9 17 11 22 29 23 16 18 2 4 7 1 24 27 18 25 15
7 16 28 1 15 1 15 9 20 27 0 22 26 29 2 18 30 16 9 6 16 1 13 13 28 6 30 15 26 5 14 29 15 3 7 10 23 18 4 10 9 17 24 19 1 22 30 28 5 22 5 17 2 3 1 24 6 22 24 11 30 25 24 12 26 10 29 27 5 16 9
17 15 26 3 21 0 14 29 22 27 12 0 14 3 5 14 22 13 12 8 22 14 28 23 29 14 24 13 8 18 24 21 22 20 15 24 3 9 28 6 12 12 2 16 13 13 15 10 9 10 28 28 6 0 19 8 21 25 9 9 14 10 24 7 3 30 7 27 5 7 16
17 23 20 15 14 19 1 21 30 18 28 13 14 0 6 10 23 0 28 4 25 0 28 16 28 1 3 20 21 17 12 24 21 13 11 16 28 17 10 13 17 19 22 7 10 15 7 13 3 25 28 18 20 5 15 19 20 7 26 6 6 9 12 8 1 19 1 16 7 0 4
16 12 22 29 3 29 16 4 30 21 12 9 20 14 1 23 30 6 3 29 9 8 27 16 5 17 4 26 1 0 24 21 28 29 26 1 14 9 13 30 5 9 18 16 8 15 2 2 26 16 3 3 21 3 26 30 10 1 2 0 16 7 23 17 5 18 29 16 26 27 11
3 18 12 2 22 23 3 12 15 19 7 5 1 24 28 20 6 8 8 29 0 16 12 5 10 6 3 4 14 22 20 13 5 28 0 13 1 23 1 19 26 11 1 0 26 16 28 0 15 17 1 14 10 7 19 28 2 25 24 25 29 13 4 27 17 18 20 17 25 7 15
17 15 11 23 11 20 27 2 30 19 5 0 29 18 4 29 5 27 18 15 17 7 14 7 11 25 23 18 24 20 29 16 2 25 23 10 17 21 0 5 18 20 25 25 4 0 6 18 22 14 9 25 17 21 24 27 8 18 30 7 21 29 23 13 2 19 3 7 8 14 28
3 17 1 17 1 12 6 20 22 1 24 0 13 17 1 6 23 4 21 14 20 23 7 19 8 13 20 18 16 3 7 19 30 2 1 5 29 4 23 22 5 19 13 21 29 10 21 6 19 17 2 8 21 21 15 3 26 16 25 10 6 13 5 8 18 22 13 0 5 6 26
16 5 13 17 29 2 24 18 27 17 1 15 4 5 29 28 13 3 28 26 24 6 15 3 6 20 4 1 3 16 18 29 5 9 2 11 22 30 16 26 13 19 9 14 26 30 29 20 26 14 27 11 18 16 0 0 4 18 2 14 9 23 19 29 30 30 20 28 25 4 18
10 24 0 21 30 16 14 7 14 10 15 28 14 15 27 7 14 11 23 6 23 28 16 24 6 14 28 9 1 5 13 28 0 26 19 8 1 5 27 7 26 14 7 29 27 1 20 17 19 11 25 13 13 2 25 10 5 30 12 26 8 0 6 16 22 3 1 3 16 24 30
19 1 16 13 19 12 6 26 14 22 19 12 2 9 17 9 21 7 19 3 13 2 3 23 5 17 29 30 3 28 14 5 29 16 26 22 1 16 9 17 1 30 20 0 8 30 1 30 7 29 23 6 24 12 7 0 13 22 13 30 10 23 19 29 26 23 3 21 2 18 4
17 30 12 28 28 11 5 27 10 17 4 9 20 4 27 29 7 10 15 16 21 11 10 27 9 18 18 6 6 5 29 10 0 6 19 6 28 25 18 28 9 13 8 10 8 23 6 13 13 25 0 25 9 22 1 2 24 18 3 4 29 10 20 4 11 20 1 29 12 3 25
26 25 25 5 12 8 10 0 30 13 5 17 4 4 14 28 19 9 17 19 10 28 26 15 23 21 27 5 16 3 9 1 19 30 10 20 3 8 17 15 29 20 28 19 5 20 14 28 9 25 9 7 9 19 2 17 26 2 7 19 26 0 30 26 12 12 15 21 30 17 16
26 1 28 15 10 18 11 11 10 28 11 0 12 15 13 10 30 28 11 18 6 28 18 4 5 23 1 4 6 9 7 16 27 22 29 6 15 11 9 17 4 4 16 4 7 18 18 4 13 22 25 29 29 12 20 28 0 6 20 7 29 22 26 5 29 13 15 29 10 27 24
23 12 18 29 11 23 3 13 2 21 23 15 8 26 0 8 0 21 13 2 15 1 28 27 0 18 1 8 18 30 21 8 11 24 6 19 18 25 19 3 14 9 21 1 14 21 17 29 28 0 18 19 25 3 6 11 2 12 26 14 10 18 25 1 2 5 16 13 29 21 2
0 19 7 6 29 20 28 14 10 23 20 21 1 11 0 26 6 11 16 13 30 0 12 14 17 28 6 15 13 26 17 7 27 22 7 5 16 20 10 21 17 21 26 8 8 13 18 19 13 12 28 5 19 27 30 13 21 23 4 15 1 20 10 14 15 6 24 12 5 8 9
