74 74
11 14 23 3 20 0 3 29 28 10 29 29 10 21 6 6 19 13 13 5 19 19 6 0 19 26 20 29 15 2 11 8 22 10 4 29 30 9 24 6 1 2 3 15 21 15 11 4 21 30 13 15 24 6 18 5 2 19 19 29 10 8 14 2 7 28 2 25 12 7 25 27 17 9
4 7 2 1 13 3 10 19 28 16 19 15 27 11 2 5 23 29 8 1 20 12 15 28 15 18 13 5 22 15 28 11 7 28 17 26 21 15 8 2 24 29 11 19 15 13 13 8 15 22 11 7 28 17 30 15 12 28 10 8 27 19 25 28 18 16 9 25 5 22 22 12 10 12
10 29 13 2 17 3 25 0 24 12 5 13 21 15 10 9 12 4 1 9 14 25 19 27 24 10 15 30 15 24 27 24 18 29 25 8 14 3 27 1 24 5 6 23 5 18 10 21 14 15 10 22 11 30 12 11 19 0 16 4 9 13 9 8 11 23 12 8 6 0 8 5 28 25
24 2 7 12 27 6 5 3 21 20 24 10 24 29 4 1 17 21 10 19 23 3 20 3 11 19 23 20 23 14 26 23 10 0 19 30 28 16 12 29 18 28 29 27 4 1 10 30 22 30 19 6 21 9 16 0 14 26 17 1 5 26 4 10 22 18 23 8 2 16 25 1 14 2
19 27 7 21 10 14 29 25 1 13 10 24 0 2 25 16 26 6 28 17 18 1 20 3 21 14 5 0 17 3 25 22 13 4 13 20 16 22 16 2 13 21 29 24 11 30 27 1 0 5 8 21 30 22 8 14 17 23 17 11 22 18 26 0 26 27 10 7 17 5 20 4 2 0
5 18 18 15 30 25 9 29 1 10 6 12 22 26 1 23 20 27 27 23 27 25 24 28 11 8 27 14 30 12 0 28 12 15 21 10 0 5 13 3 23 17 14 15 21 25 10 6 11 17 25 4 10 4 29 28 26 19 3 29 0 6 12 16 1 24 26 6 12 29 25 10 12 2
11 0 19 16 26 21 6 14 26 2 8 5 13 3 1 25 11 8 15 2 11 26 24 7 22 7 3 20 3 18 19 26 20 27 0 25 27 13 0 1 7 30 30 5 15 2 11 26 20 12 0 28 28 1 15 26 30 26 11 24 23 3 10 28 29 9 17 29 3 6 0 9 28 20
11 16 6 18 16 21 19 4 8 7 0 27 27 20 8 25 9 29 5 30 14 10 21 15 5 0 30 9 19 9 2 26 26 26 22 25 23 15 5 23 23 15 22 1 28 0 9 5 27 7 23 27 28 6 19 23 20 21 8 30 13 27 10 19 29 2 21 6 2 26 5 2 13 11
5 3 3 24 17 16 1 0 7 23 1 10 10 21 23 22 5 21 12 19 5 16 25 3 16 8 2 13 23 27 25 21 6 1 6 13 29 29 6 12 20 4 24 26 0 2 21 8 13 0 11 19 1 25 17 16 16 7 21 2 15 22 20 26 25 22 15 23 23 27 6 13 25 3
15 12 26 27 15 30 6 23 3 23 18 2 26 22 4 14 23 25 10 25 17 24 7 18 17 0 15 16 26 22 20 26 1 7 18 1 29 29 1 28 26 5 29 4 20 23 30 27 19 23 3 15 13 11 23 2 26 8 9 23 5 8 2 18 22 0 28 25 21 21 20 23 20 23
14 4 27 10 12 30 12 4 30 6 14 25 9 6 27 6 2 21 30 27 28 6 2 0 6 6 13 23 8 26 28 11 30 19 21 29 23 1 4 6 7 9 8 24 24 23 16 1 10 0 30 9 19 20 24 24 30 22 10 13 15 19 2 10 26 14 5 5 6 0 8 12 19 12
10 29 27 23 3 27 25 12 11 16 17 27 20 16 7 29 0 8 3 25 1 10 2 0 19 17 21 24 27 17 17 15 17 23 15 14 4 25 23 8 2 9 17 21 5 4 1 18 19 22 11 16 11 21 23 9 1 14 4 29 6 12 27 8 12 16 30 6 16 19 2 5 29 1
29 4 30 10 17 7 17 11 5 8 29 22 18 30 11 18 25 22 23 4 18 23 20 28 10 15 8 2 13 28 29 0 7 2 3 19 29 14 2 9 4 3 9 29 21 13 5 1 24 24 24 9 16 30 21 9 7 15 4 29 16 19 21 16 14 7 20 13 0 20 4 26 10 15
17 16 18 19 29 26 15 6 2 15 25 6 20 15 16 22 28 3 10 7 10 27 29 15 1 13 19 10 16 26 3 5 28 23 29 11 24 27 18 29 16 10 25 2 20 9 8 13 23 8 12 29 30 13 6 10 9 18 23 15 27 16 3 11 17 9 27 0 7 15 21 8 23 25
26 29 19 1 16 18 26 20 26 2 21 25 22 26 26 25 4 22 12 9 22 27 19 4 16 8 14 1 8 3 26 21 5 5 6 3 9 11 11 22 0 6 9 14 29 6 12 30 29 9 4 20 22 17 29 8 16 10 2 18 20 8 14 16 16 17 0 3 10 14 26 9 1 11
7 6 10 19 23 4 2 20 18 3 20 23 27 6 21 15 27 27 24 28 24 20 23 8 27 13 20 13 15 27 24 26 27 21 12 8 8 30 25 28 2 8 8 21 26 22 19 8 3 3 20 27 11 19 0 7 4 6 3 15 30 1 23 16 7 12 11 27 13 30 1 15 15 18
8 14 24 11 15 10 20 3 8 19 6 27 3 3 19 17 14 12 20 19 8 22 7 15 16 0 4 15 16 27 8 1 19 22 6 25 3 2 4 25 8 6 14 13 7 3 3 16 18 13 3 2 5 12 9 4 25 20 26 30 16 12 7 14 17 23 16 14 20 28 18 5 8 2
1 12 4 27 20 27 6 11 12 15 8 16 30 13 22 6 20 13 18 0 29 27 24 12 0 12 0 14 2 8 13 26 22 4 21 23 20 8 15 24 24 12 30 7 30 7 24 13 21 22 8 8 3 29 0 25 18 11 25 0 18 0 7 18 15 30 9 8 15 6 20 6 29 8
24 17 19 20 25 2 13 16 3 7 26 2 2 6 15 28 21 26 6 12 12 2 12 27 4 16 13 0 27 6 12 2 18 25 13 1 23 9 8 10 28 16 8 5 24 26 2 9 29 2 19 6 1 10 4 16 4 14 19 4 17 15 29 11 28 1 21 15 8 17 0 1 11 6
18 26 27 20 28 1 26 2 20 16 11 17 0 17 8 13 27 20 0 8 22 6 14 0 13 27 13 11 13 24 23 23 8 26 30 29 8 13 28 7 23 5 19 9 16 23 4 8 8 11 17 28 10 30 30 19 18 17 21 30 10 8 29 9 0 14 12 7 11 0 4 28 10 20
25 15 25 29 4 12 3 16 29 8 2 10 0 14 14 8 25 18 8 9 18 5 13 10 10 19 2 6 7 12 29 0 3 5 10 26 24 20 25 2 6 9 0 28 23 14 26 26 21 27 12 9 16 7 3 0 13 15 29 17 25 15 1 28 6 23 1 22 6 10 29 7 28 10
24 15 0 7 12 5 13 30 29 1 5 1 2 12 23 27 15 23 25 22 26 18 28 27 24 19 14 7 13 24 9 19 30 18 22 9 26 15 4 15 17 4 16 7 23 8 29 0 4 28 18 24 9 13 11 28 27 21 16 21 20 28 14 6 29 25 0 13 17 22 24 24 11 17
22 30 7 4 22 26 18 14 17 24 3 14 5 13 16 4 2 27 21 10 14 7 2 10 20 25 13 28 13 17 28 5 21 7 20 20 20 29 20 21 3 25 7 16 24 6 9 3 25 17 23 18 15 7 23 5 13 26 23 15 26 22 6 29 19 24 5 23 12 10 24 23 12 14
3 20 5 25 30 10 11 23 13 0 15 5 27 21 28 10 9 12 27 22 26 5 16 13 21 2 17 6 27 6 30 21 9 8 11 23 10 3 26 16 29 29 3 19 17 9 30 10 16 6 17 4 30 30 12 21 0 13 23 26 23 9 17 4 25 20 13 14 2 11 30 19 20 24
8 29 8 6 11 14 8 4 13 19 17 10 2 30 14 19 20 4 5 4 17 15 6 6 4 23 16 19 24 1 6 29 12 30 8 6 13 26 3 11 14 28 9 25 21 0 26 20 29 0 24 15 29 14 13 27 15 26 13 15 15 14 30 20 6 14 4 23 4 24 5 29 17 16
17 28 11 13 21 0 30 9 28 14 20 0 8 30 30 0 13 2 17 18 20 1 17 3 24 18 14 2 30 22 1 23 13 28 2 21 15 1 16 29 2 14 8 23 20 5 17 13 1 11 7 5 15 18 2 22 17 7 1 4 11 25 7 17 8 21 11 22 13 13 13 9 14 4
3 6 25 29 19 16 8 30 18 10 28 4 21 6 21 1 28 18 14 2 26 18 29 15 1 18 21 9 21 23 19 6 16 2 27 16 1 28 0 20 20 5 30 0 30 18 28 17 23 5 11 17 13 0 11 29 9 4 11 20 27 24 2 30 19 11 13 9 11 19 18 3 5 20
20 23 27 22 0 8 9 22 18 9 14 24 23 14 1 12 3 29 17 2 11 7 19 20 23 11 18 13 17 23 13 26 7 19 13 16 22 29 0 6 27 10 27 12 5 25 16 10 23 11 3 2 4 7 2 23 19 18 7 3 18 24 15 9 20 18 18 30 7 3 4 19 12 1
10 14 25 2 9 16 22 28 1 25 14 23 25 12 13 21 27 26 0 27 7 15 21 10 3 20 0 7 11 21 2 24 29 7 9 7 1 13 0 10 5 10 19 3 6 5 6 22 13 20 2 14 17 26 24 1 23 20 21 15 3 29 9 0 4 26 8 7 0 13 5 6 11 3
5 21 1 30 29 17 2 28 19 21 0 26 30 29 18 6 7 6 20 22 3 8 21 27 11 17 20 6 14 28 15 22 28 30 29 24 1 21 26 22 18 10 19 4 15 6 0 20 13 5 17 13 3 23 7 17 8 22 5 3 8 29 13 14 14 0 5 4 30 15 3 8 17 23
6 27 5 29 11 24 28 7 8 12 22 28 0 28 2 22 22 29 30 16 28 24 6 29 29 12 18 27 26 17 21 28 11 6 5 14 2 20 20 11 27 10 8 18 21 14 17 30 14 5 24 22 22 11 23 3 14 24 13 10 19 8 19 28 15 26 6 1 5 22 18 22 30 3
1 5 18 19 20 1 4 29 13 14 28 30 3 0 6 17 23 24 4 11 30 7 16 25 18 10 27 21 25 15 21 24 21 28 3 25 1 23 28 0 8 23 14 26 20 4 2 13 17 9 20 3 22 7 13 12 29 20 20 2 20 26 29 26 21 0 19 20 9 24 0 6 5 8
8 13 0 3 8 12 6 26 11 18 2 26 11 18 24 25 18 26 14 27 14 20 0 30 22 23 18 29 22 22 30 20 16 9 17 23 29 19 12 8 2 8 3 1 14 11 14 12 12 28 16 9 26 24 20 14 18 21 16 24 26 28 9 23 7 6 9 20 24 7 29 28 11 27
26 10 24 27 27 26 16 0 23 21 26 19 18 8 11 11 9 19 26 30 21 6 1 12 12 7 21 23 27 15 5 0 7 3 14 28 2 1 4 16 11 20 24 2 7 11 12 9 14 22 20 21 24 18 5 20 4 2 3 14 8 20 7 26 4 6 0 24 4 26 16 26 27 15
26 24 30 6 11 24 8 8 4 8 18 24 21 4 27 5 12 28 20 8 2 2 4 15 9 29 11 2 17 10 16 4 17 21 10 6 14 29 27 8 30 14 7 19 9 26 0 18 11 10 14 17 8 1 22 22 22 5 16 12 28 28 27 14 6 24 25 27 16 27 23 0 29 20
23 7 27 14 21 21 24 3 13 19 19 4 3 12 7 17 1 18 2 13 19 17 3 11 11 25 1 1 24 22 10 16 25 26 10 13 28 19 13 5 19 5 17 15 26 22 4 7 3 0 2 25 3 22 10 14 19 29 5 25 21 23 1 2 23 22 30 1 15 19 30 3 30 21
22 6 1 4 14 29 3 13 30 4 23 13 13 17 21 21 29 2 24 3 29 16 4 2 23 18 29 1 4 17 11 17 4 18 26 27 2 20 3 12 28 22 23 30 12 14 20 4 0 8 6 2 29 12 24 20 13 5 26 17 27 1 23 3 17 20 22 17 11 5 23 2 19 21
6 7 0 30 13 4 13 19 9 29 6 16 4 23 25 22 10 1 4 25 1 27 5 2 22 19 10 10 10 3 10 18 30 8 16 0 20 2 5 18 30 30 17 25 13 4 21 21 22 9 5 27 13 21 20 5 24 2 18 21 15 5 23 21 2 3 8 2 18 28 8 21 17 29
20 8 27 13 12 10 21 3 12 13 13 27 19 26 25 2 19 8 27 10 26 4 22 2 29 10 22 0 10 0 1 3 13 0 14 12 22 5 10 2 3 28 22 22 16 21 13 15 2 1 11 0 11 10 4 5 21 27 17 3 28 25 17 4 5 10 25 15 27 19 27 23 10 4
23 22 22 15 21 12 16 24 17 1 24 22 6 12 27 4 25 30 5 4 21 1 15 11 6 6 5 6 21 7 30 9 12 25 17 7 0 8 13 29 9 10 15 19 9 17 21 6 2 5 12 23 22 25 11 23 24 5 21 20 15 12 14 12 18 8 28 27 13 4 6 25 0 24
0 15 15 29 9 23 25 19 13 4 28 24 27 24 7 17 20 27 20 13 11 29 6 25 29 2 0 14 20 19 9 13 14 13 4 15 10 10 18 24 25 7 13 19 14 10 0 0 24 5 7 23 30 12 9 17 25 26 27 3 24 5 2 25 11 23 24 1 8 30 27 1 13 10
9 16 28 13 26 16 28 11 23 23 24 4 9 19 22 4 23 8 0 21 2 27 19 14 8 29 26 25 17 30 0 7 13 21 2 14 19 18 1 27 18 24 10 12 5 0 12 6 25 19 7 25 5 12 25 19 25 3 27 2 14 14 24 6 8 8 5 22 18 3 13 27 23 22
1 28 7 0 9 0 17 30 7 11 24 25 30 10 7 26 19 0 7 9 23 7 17 19 22 0 27 24 28 6 28 26 2 24 5 29 12 14 3 15 1 9 2 24 7 26 17 14 19 14 9 0 30 27 10 10 22 18 30 26 30 6 4 15 13 3 12 27 19 22 19 24 29 20
25 27 8 23 11 16 30 15 10 16 11 16 8 23 2 6 16 28 29 11 15 15 0 8 5 12 13 4 4 3 11 2 17 2 17 27 17 26 18 1 5 11 6 8 21 19 11 22 5 18 11 30 15 2 25 28 10 26 11 17 14 17 23 5 27 28 16 23 11 8 17 29 20 18
2 5 22 11 20 17 7 10 6 12 20 22 22 28 0 0 2 6 2 19 22 22 2 3 0 27 14 26 11 8 1 3 29 19 12 7 29 1 25 22 21 28 29 29 14 2 9 19 21 6 9 9 3 8 22 5 19 1 7 19 28 3 7 22 25 5 23 2 9 1 14 5 8 30
21 19 27 16 7 8 7 14 30 10 30 5 12 3 10 14 8 20 20 17 0 12 27 8 4 19 7 19 7 13 24 2 11 29 22 3 11 14 19 24 0 22 21 30 5 3 13 2 29 8 3 27 13 6 20 7 3 19 2 27 7 3 24 10 22 14 8 16 24 23 20 28 15 25
25 29 20 19 10 6 30 2 3 8 6 28 13 17 13 14 2 20 20 17 13 21 5 22 6 6 21 5 12 13 29 18 9 15 1 11 15 3 22 13 24 4 19 23 7 8 5 6 23 23 10 18 17 3 4 9 8 17 8 19 11 13 13 6 5 14 30 28 18 3 26 13 7 17
25 21 30 8 23 0 28 30 9 25 12 5 14 30 7 3 30 21 1 30 27 6 27 30 3 26 14 23 25 11 22 8 11 25 18 9 27 25 22 19 25 10 29 17 18 11 7 29 30 7 14 29 26 18 6 19 10 18 7 28 21 28 28 7 20 27 14 7 13 22 13 7 4 4
7 7 28 26 28 26 12 9 18 17 14 5 29 26 12 26 11 2 12 8 5 13 24 9 28 9 5 5 18 1 24 8 8 7 21 23 19 2 3 7 15 7 26 30 11 11 26 13 6 25 4 27 9 13 28 10 10 7 11 22 15 0 24 26 22 15 25 24 26 5 0 29 21 14
4 14 25 29 26 29 21 18 29 7 16 6 11 12 16 0 4 28 21 29 20 28 20 4 17 12 25 16 6 15 2 12 13 10 24 23 20 7 4 17 18 16 11 29 25 13 5 14 24 6 25 10 17 21 6 25 2 10 15 18 14 4 5 15 2 27 19 15 13 0 2 24 9 17
10 12 16 16 2 20 0 7 28 4 28 1 15 3 23 5 25 24 22 13 11 10 0 7 5 21 0 24 25 22 6 8 27 5 7 7 24 13 11 3 14 27 14 19 21 7 4 10 24 9 11 25 28 23 29 7 15 18 5 9 27 10 20 3 1 4 25 21 30 24 5 6 15 24
13 8 21 24 7 8 14 24 18 16 10 26 22 4 8 1 14 9 2 7 20 23 22 25 27 3 23 6 22 12 12 3 7 27 13 9 7 4 12 10 2 10 25 20 7 4 18 23 8 9 18 6 29 5 23 15 1 10 30 10 13 17 30 19 23 1 16 17 30 19 27 8 13 12
9 7 15 22 19 6 22 16 4 29 5 16 6 26 17 27 5 9 2 6 20 19 17 24 23 16 2 8 5 18 29 21 16 12 12 13 9 10 11 9 30 17 1 25 27 8 13 15 6 21 6 19 8 10 3 5 26 12 4 3 6 14 21 16 14 4 23 18 19 26 28 13 29 12
17 26 0 7 20 15 3 24 15 16 6 13 21 20 27 16 27 13 18 20 29 28 15 28 21 20 16 12 24 24 6 0 13 3 30 30 27 28 25 4 20 13 2 6 9 19 30 24 4 13 14 18 9 9 10 30 5 28 9 15 25 14 12 5 7 26 14 11 12 9 18 0 5 24
23 24 10 27 21 8 20 20 6 12 8 12 2 12 4 30 17 6 1 11 20 30 22 28 7 3 13 26 15 23 15 30 28 5 6 27 9 26 20 11 20 27 19 12 24 21 18 27 23 21 17 0 13 21 13 23 14 27 17 23 18 25 15 27 19 23 21 13 4 14 11 30 27 10
22 22 20 13 4 24 1 6 28 17 13 21 18 30 30 20 16 16 7 24 13 5 12 29 4 7 19 22 19 20 2 2 18 29 7 24 8 6 17 2 8 22 24 27 19 8 6 27 26 7 11 30 13 12 17 5 16 26 29 8 22 11 22 1 2 4 24 30 17 13 7 30 8 9
18 20 8 24 0 18 8 21 2 11 27 17 28 15 15 27 26 19 28 10 5 26 13 13 1 25 16 27 2 8 11 5 0 14 11 16 17 23 9 6 6 13 13 21 3 22 30 13 26 2 14 28 1 23 18 14 27 22 25 3 11 18 17 0 17 17 0 8 19 3 5 14 16 29
12 27 1 18 1 22 21 30 13 29 20 1 7 6 13 19 18 22 16 21 30 29 8 3 18 7 7 15 3 5 26 28 7 16 0 28 20 8 9 19 17 21 16 10 2 16 26 19 13 14 15 15 1 3 20 19 15 6 2 1 8 15 3 13 20 11 11 17 15 28 28 2 17 2
13 28 9 4 23 10 12 11 22 9 28 16 27 22 23 8 19 9 8 2 29 8 27 24 28 22 23 14 18 12 25 25 20 7 24 3 26 0 30 9 29 2 21 28 6 12 21 24 21 23 17 26 3 19 20 0 21 19 21 25 19 25 7 13 29 29 23 5 22 26 20 15 19 8
15 14 16 2 5 15 25 28 0 2 21 23 3 19 24 4 30 2 17 10 0 9 25 29 12 15 22 2 15 24 28 20 11 25 29 22 2 30 30 0 30 21 28 30 7 11 21 19 17 10 26 6 27 6 23 24 30 2 24 16 12 15 21 21 9 27 25 17 3 14 11 11 4 1
25 28 2 20 16 29 23 16 26 30 28 9 20 15 1 29 12 0 24 26 30 14 20 6 21 19 19 8 20 2 20 15 11 20 12 17 26 29 25 28 18 27 26 19 11 13 5 18 14 3 27 0 5 25 23 29 28 12 16 23 16 26 25 17 11 9 13 19 3 17 26 12 13 3
17 25 8 4 13 14 4 23 2 11 0 25 16 4 1 30 18 10 30 5 3 27 18 2 11 15 8 21 15 3 12 5 16 22 1 5 24 17 24 3 22 20 16 11 1 24 8 16 18 17 0 17 15 27 13 15 19 17 9 18 25 2 23 2 29 27 29 26 28 8 20 21 22 21
5 29 18 17 15 6 23 5 14 29 4 11 18 7 8 23 5 7 25 9 18 6 17 19 26 21 15 15 16 4 9 25 8 28 10 3 6 12 23 3 25 26 21 3 1 12 21 22 15 13 27 4 2 2 16 0 16 9 0 1 5 22 0 13 15 18 7 2 14 26 13 5 17 13
8 6 20 23 9 30 15 9 16 29 6 4 3 27 6 20 5 9 16 30 6 21 6 6 7 2 27 15 21 11 27 30 26 22 5 19 7 15 21 0 3 2 17 27 18 11 2 27 4 10 19 18 28 16 13 29 6 18 16 27 8 4 27 28 14 19 17 26 2 0 13 14 22 15
1 2 16 11 8 12 3 16 11 22 6 15 26 4 10 28 24 19 22 2 25 5 12 17 5 25 9 6 8 27 1 16 1 17 17 16 2 8 16 25 11 16 1 14 7 18 17 2 17 14 8 16 20 8 11 3 17 16 23 16 10 21 1 13 27 0 10 25 27 3 25 9 19 17
18 30 25 25 24 28 14 9 30 16 11 1 14 13 25 6 15 8 12 24 16 6 1 19 5 9 6 25 9 10 20 5 1 27 17 1 9 4 19 8 21 23 20 22 26 8 15 21 14 22 5 22 25 30 18 2 26 0 14 1 1 8 16 8 30 19 14 0 21 14 0 30 8 2
22 28 26 11 16 29 11 9 22 26 28 8 7 4 21 7 6 29 28 30 3 30 7 20 11 16 24 11 10 7 4 6 1 1 28 24 6 29 11 6 21 19 28 18 21 28 22 6 21 0 28 17 3 30 18 21 9 30 8 13 15 10 22 0 9 5 10 3 30 6 18 13 13 9
15 20 2 12 25 14 8 23 25 18 8 24 28 6 17 19 2 17 21 1 29 29 7 21 23 15 1 10 30 18 24 30 13 16 13 24 4 6 25 22 0 25 10 22 5 8 28 20 11 22 30 8 8 10 2 19 23 10 25 9 12 10 19 15 24 6 27 22 24 29 20 26 17 11
26 15 4 6 23 22 30 7 22 16 9 28 30 10 9 19 3 6 9 21 12 12 13 23 1 13 3 0 30 26 3 13 19 1 23 0 0 5 9 4 15 16 7 27 7 21 10 1 3 14 28 10 27 24 25 9 28 23 13 8 18 0 13 19 3 12 13 20 26 12 5 4 14 0
14 14 16 12 15 25 5 2 6 16 1 15 30 12 0 8 14 7 11 25 9 29 25 30 6 1 14 26 1 21 3 4 13 23 0 13 15 23 30 19 10 11 24 28 13 23 25 5 0 21 23 7 1 8 2 1 8 10 13 3 2 24 25 22 4 26 13 19 1 23 20 13 8 14
12 16 16 14 0 24 20 23 18 21 28 22 5 5 5 0 8 0 20 30 25 3 24 10 28 18 13 11 15 17 6 24 18 0 3 1 17 6 28 26 9 25 12 11 3 26 6 1 14 4 8 3 7 15 22 27 28 1 6 25 4 2 6 8 27 0 11 9 22 18 18 23 14 16
10 1 13 6 4 24 6 5 29 27 7 1 17 27 21 0 15 13 18 18 15 13 19 7 18 6 22 21 4 10 26 15 15 0 18 3 19 20 7 20 14 9 14 18 16 30 16 22 0 25 24 26 23 7 16 7 26 14 2 23 6 10 27 30 11 25 18 30 24 19 30 25 12 20
30 13 5 22 27 4 13 26 5 15 19 30 11 7 1 14 10 29 5 1 2 1 14 27 11 25 9 7 0 24 3 6 1 28 28 29 10 22 23 23 10 13 9 14 0 8 26 18 2 14 9 11 3 27 24 14 25 18 8 27 23 8 29 20 19 3 13 20 5 11 29 2 27 13
19 17 23 14 7 5 14 18 20 18 30 21 20 16 14 1 22 12 26 20 4 26 26 27 1 29 21 0 6 4 8 6 6 10 23 29 7 23 2 5 10 1 0 9 21 25 10 16 1 7 21 19 5 13 5 4 23 0 5 0 4 13 21 8 14 13 19 5 18 23 24 3 29 4
