77 77
11 28 28 27 9 4 16 11 3 23 1 21 20 0 21 10 8 6 19 10 10 0 30 12 30 21 27 0 1 17 12 1 19 10 9 24 10 18 11 8 30 29 18 5 29 11 30 21 19 28 10 12 0 5 7 25 18 23 25 15 12 8 19 5 11 6 23 13 23 28 9 18 29 28 15 9 11
0 9 18 26 18 2 16 4 14 14 2 7 27 19 2 4 6 26 19 24 7 25 30 23 8 8 6 22 10 17 14 28 3 7 8 5 27 26 10 22 20 27 26 4 0 3 12 20 20 3 24 24 3 19 17 11 2 14 3 7 24 9 17 19 19 2 24 13 29 30 21 25 6 24 4 24 28
20 19 2 8 20 27 7 29 19 15 14 14 7 9 0 8 4 5 22 0 24 6 29 20 16 0 9 3 23 21 6 14 17 30 1 6 10 13 1 17 17 11 5 21 22 19 29 15 14 30 10 18 8 24 25 10 12 18 18 29 13 9 30 16 0 29 6 5 16 21 25 12 2 29 14 2 13
21 0 12 22 24 11 17 4 24 5 11 20 11 27 26 12 14 19 9 20 15 6 9 11 27 29 7 4 6 15 7 29 24 14 29 18 21 22 24 18 25 15 2 13 22 28 19 30 8 22 22 9 7 26 27 23 10 26 6 22 8 15 29 24 0 29 25 10 0 28 15 19 26 19 3 21 4
30 3 15 12 13 7 23 22 25 14 0 15 13 17 5 25 15 14 16 13 10 23 16 29 9 12 13 24 13 13 1 3 25 2 24 9 1 22 26 26 25 12 9 6 15 9 12 6 17 0 7 28 20 5 27 8 6 12 10 14 0 8 21 3 13 24 6 11 11 19 7 12 19 17 2 30 10
30 28 29 28 1 8 22 25 10 30 28 19 8 26 10 11 19 30 12 9 22 21 14 8 21 18 9 30 5 21 4 6 6 15 9 13 12 1 6 15 15 15 8 25 0 7 10 13 27 0 16 14 11 10 17 16 14 22 2 9 30 18 20 0 10 25 11 19 27 12 3 15 11 24 8 8 12
15 0 27 2 20 25 2 4 4 2 28 23 19 10 14 7 24 4 20 13 20 1 14 29 21 15 14 6 17 15 7 24 1 26 22 16 7 16 10 12 22 28 23 10 25 15 11 9 23 25 3 5 24 0 4 2 10 27 22 18 25 15 28 15 16 21 16 11 3 22 12 19 14 30 18 23 2
17 15 15 4 22 24 12 14 3 3 5 7 0 26 4 6 3 11 25 5 17 3 28 11 20 25 18 14 24 16 24 28 18 9 11 14 18 30 18 11 28 13 5 10 0 12 3 4 4 30 7 28 28 8 23 8 29 7 19 8 29 8 29 28 7 14 3 5 11 2 25 27 9 1 11 23 17
17 9 13 28 26 29 17 5 20 1 9 25 2 14 13 8 30 11 12 6 24 2 3 19 3 14 27 14 24 20 0 26 19 30 0 24 19 13 27 1 15 8 10 29 19 15 17 22 22 18 27 13 26 24 15 20 30 1 19 26 20 1 29 22 14 9 19 5 11 8 0 23 14 1 25 26 15
26 9 30 15 29 27 7 7 1 9 18 9 0 12 1 14 11 18 19 6 8 19 29 27 17 25 16 11 10 28 3 24 8 16 5 15 3 22 1 24 30 15 17 4 1 10 10 30 11 21 11 8 4 22 9 2 13 21 6 8 23 28 26 11 8 0 3 19 0 17 19 3 15 28 25 2 3
5 30 25 30 25 8 29 29 24 6 26 2 17 19 28 3 3 2 8 21 30 22 9 0 25 25 16 14 6 2 27 8 16 16 7 1 22 18 7 13 13 14 0 16 3 28 13 4 30 12 1 2 8 29 23 23 21 15 25 2 10 30 21 1 20 1 15 4 8 10 28 28 6 29 25 16 9
0 16 27 22 16 18 28 15 1 21 9 27 17 5 23 28 2 4 29 11 2 4 19 4 13 4 23 28 12 0 24 27 19 12 3 19 5 20 10 2 24 9 13 28 28 13 29 8 16 27 10 15 13 17 20 3 2 19 13 7 20 21 28 6 15 11 0 20 10 14 26 1 2 11 27 23 13
22 29 23 23 15 5 19 23 25 15 21 10 27 5 8 7 22 21 14 24 22 22 5 16 20 10 22 17 8 22 25 5 19 18 16 24 5 16 29 27 26 30 20 18 10 19 18 27 28 2 27 14 4 15 4 13 6 19 2 12 2 0 5 30 8 23 4 9 6 16 8 6 23 11 8 9 19
12 26 28 1 21 12 26 28 0 20 4 8 19 11 2 1 7 26 18 18 29 23 23 20 5 13 2 1 4 4 17 3 16 21 16 14 1 17 13 1 24 20 15 29 7 17 2 14 17 11 21 8 24 27 2 24 11 3 19 28 0 17 15 21 6 8 30 6 17 20 24 26 17 8 26 20 14
24 28 14 0 20 15 29 13 16 11 28 18 19 30 10 4 10 27 7 27 15 24 11 29 25 28 17 30 30 10 23 18 8 21 20 26 21 19 12 15 6 6 4 8 1 16 23 29 11 23 2 11 8 13 28 3 0 17 19 13 10 6 14 27 23 8 25 2 7 21 1 14 2 1 2 12 22
22 0 1 5 4 13 16 8 12 18 6 29 18 13 13 26 20 27 4 4 11 3 5 4 9 19 13 21 27 10 8 13 17 27 30 14 12 11 2 29 27 1 18 8 19 3 16 25 5 9 13 8 23 3 3 6 12 3 26 9 9 12 13 27 16 18 30 14 8 2 4 30 30 20 18 3 17
24 23 7 4 30 27 0 30 3 0 14 25 1 21 24 11 27 6 13 14 8 29 23 4 25 24 0 28 28 6 20 30 23 6 21 28 5 24 6 28 5 23 9 19 25 14 27 1 25 14 26 25 13 16 28 24 15 12 20 8 2 23 28 1 26 17 4 17 12 22 17 27 18 27 3 19 12
12 28 19 0 23 18 25 18 29 19 18 13 13 16 2 16 20 15 18 10 16 6 16 28 27 11 2 5 18 24 27 28 6 28 0 3 1 27 2 15 4 17 2 9 28 16 30 0 20 18 4 19 14 0 30 11 4 14 5 7 28 24 16 11 0 21 24 15 10 27 30 28 26 13 15 25 22
23 20 6 5 25 14 28 12 1 29 15 29 5 26 13 8 1 25 13 26 16 2 3 0 17 16 28 24 11 8 19 1 1 1 6 13 7 19 25 18 14 10 5 4 10 5 22 2 0 29 8 1 9 11 9 20 8 4 15 16 22 25 6 1 19 4 15 16 10 3 16 28 18 22 20 21 7
9 2 13 28 6 22 25 10 29 25 17 24 11 26 20 22 27 22 30 26 11 12 11 13 16 0 11 18 2 1 0 13 17 24 14 14 4 1 14 30 20 27 25 2 22 26 4 20 20 4 4 5 22 17 4 6 21 18 20 21 25 1 17 3 4 16 23 6 20 27 7 3 28 24 9 9 18
4 6 5 20 2 19 11 7 16 24 30 10 16 11 11 5 15 5 29 1 22 9 1 18 2 6 25 25 2 20 23 16 13 19 29 30 12 12 25 25 10 0 16 14 26 5 17 24 20 3 30 8 28 25 6 20 1 11 13 6 20 24 16 20 15 12 3 13 27 23 2 24 2 9 21 12 26
5 30 17 5 20 2 5 1 11 30 6 16 25 22 4 26 19 25 4 10 10 3 28 22 28 4 18 2 18 6 16 28 16 25 23 7 8 13 26 5 25 24 4 25 27 14 25 11 8 15 21 20 11 22 4 14 6 22 3 16 29 21 28 26 13 25 13 1 26 4 4 16 13 21 11 13 29
1 20 12 16 22 15 3 7 6 6 20 11 8 29 7 12 18 9 11 24 26 28 16 30 27 28 24 16 4 21 22 29 26 23 9 16 4 29 30 5 4 26 5 16 17 6 18 24 13 7 8 9 29 29 2 23 19 14 13 15 23 21 20 11 11 28 28 2 25 25 4 14 27 13 9 8 14
7 23 29 3 4 4 1 18 6 28 28 12 1 2 20 15 4 3 6 9 4 25 28 9 9 0 19 24 24 11 2 21 25 28 4 12 4 16 5 6 25 14 25 25 17 16 17 7 21 3 10 2 22 12 23 25 1 23 8 28 16 10 2 4 13 2 18 18 18 0 18 19 0 20 14 30 16
21 10 20 23 1 29 19 17 26 3 30 19 16 21 27 5 23 12 20 22 5 6 30 16 19 7 20 18 23 5 15 23 14 26 16 23 16 20 11 26 3 11 9 5 23 18 4 6 27 14 3 22 28 20 13 4 28 7 2 3 19 6 30 22 24 5 21 7 7 30 5 4 20 7 26 23 4
18 19 18 5 25 17 8 1 23 30 9 23 8 1 20 30 19 12 29 19 14 19 25 17 8 28 1 0 30 15 19 8 9 9 27 28 27 16 22 30 4 30 21 28 10 18 1 8 22 17 20 22 23 1 11 12 28 4 19 21 11 2 17 12 26 29 7 21 24 8 15 2 10 30 0 11 19
5 4 26 29 24 2 16 10 19 14 16 5 7 12 29 19 26 9 25 23 8 11 25 19 1 5 29 18 13 1 26 29 17 25 14 17 23 14 30 22 3 17 11 1 25 12 16 9 11 5 6 22 10 10 7 25 8 13 30 29 23 6 27 13 9 18 11 25 0 12 23 6 17 20 26 12 11
29 12 27 19 10 2 20 19 25 20 17 16 5 7 20 9 5 2 23 1 30 5 0 3 9 24 22 18 22 4 15 15 27 6 3 29 4 19 11 12 0 7 24 2 10 20 18 20 24 24 25 0 4 16 15 8 11 24 7 19 25 19 2 13 18 15 7 27 0 14 7 6 9 9 8 10 0
19 26 23 7 4 17 29 25 17 18 0 24 7 9 9 9 0 11 24 10 3 17 26 1 11 27 15 21 22 8 0 18 12 26 8 6 21 23 19 21 30 30 27 10 21 20 10 19 12 30 30 10 24 9 6 8 20 24 12 27 28 19 13 9 20 5 26 23 1 11 22 17 20 17 2 10 29
13 13 14 20 21 10 8 14 29 7 23 14 7 16 21 29 9 10 21 30 12 22 18 8 10 23 21 17 4 28 2 24 11 19 30 27 30 21 18 21 16 17 11 8 6 21 0 21 3 0 22 20 9 3 3 22 29 21 17 4 24 20 15 15 16 6 11 15 17 15 12 21 10 29 20 28 25
20 18 29 11 2 18 26 9 7 13 11 6 1 6 22 1 30 20 1 30 10 25 15 14 22 17 22 10 10 3 20 18 5 29 9 0 12 22 12 4 3 4 30 30 27 3 19 16 19 0 14 18 1 12 18 18 5 19 21 2 0 28 5 19 3 16 22 30 14 14 17 17 17 4 20 25 21
21 13 22 11 9 12 6 0 8 21 24 13 14 21 16 5 19 25 5 11 8 11 20 28 0 9 21 14 27 4 12 24 26 25 27 24 19 15 29 21 28 28 12 21 19 5 6 11 28 28 20 14 27 9 10 9 26 5 0 11 22 8 19 9 4 14 29 23 24 1 0 9 25 17 14 8 27
9 14 11 10 4 22 23 24 11 30 24 8 19 30 17 2 10 4 20 6 1 4 30 5 7 1 0 5 17 9 15 24 2 12 28 4 18 14 15 3 16 10 8 3 5 11 16 24 27 27 12 6 16 12 18 16 20 26 3 18 3 13 2 26 15 12 12 21 29 5 22 26 8 30 18 1 26
15 9 20 21 0 14 27 26 17 24 18 12 16 26 7 1 10 18 19 16 17 18 13 26 24 16 21 5 28 0 1 24 15 17 11 4 27 10 27 17 8 1 5 13 16 3 20 9 7 2 1 10 3 5 15 13 4 8 16 29 27 10 0 5 19 16 16 21 4 19 13 17 13 11 12 20 12
12 13 17 14 9 0 9 5 0 23 14 18 4 22 1 19 14 18 28 22 20 16 22 9 10 19 19 24 4 22 7 16 10 13 27 25 0 14 21 2 19 15 29 21 7 17 30 14 8 13 10 27 11 23 1 29 12 12 30 22 11 23 20 9 20 10 1 14 21 10 11 16 25 24 16 16 21
2 24 15 19 7 30 29 23 18 19 7 6 3 23 4 18 14 14 22 25 14 19 6 20 28 25 20 24 5 18 18 17 1 30 1 7 13 18 14 27 15 24 22 24 17 4 18 14 25 30 23 20 30 19 28 2 18 7 10 7 26 28 25 18 27 12 0 4 27 19 1 0 15 15 21 2 7
5 22 15 6 22 24 11 29 5 12 16 30 4 8 27 15 21 24 19 5 8 0 25 7 29 27 4 4 9 5 24 27 18 15 21 14 24 8 29 15 30 26 8 17 20 3 24 7 10 22 11 19 29 30 8 6 9 4 25 21 30 29 1 17 21 19 23 15 25 25 10 25 7 25 0 1 10
19 1 4 2 28 1 4 0 29 1 15 14 28 28 15 18 3 28 22 10 9 11 30 8 12 22 27 2 20 5 21 27 13 29 26 2 9 22 10 26 4 28 27 8 9 28 11 6 30 13 6 23 16 5 5 10 1 18 1 24 18 16 2 3 9 14 26 13 11 4 25 15 16 27 3 29 7
3 6 11 6 25 30 4 20 21 10 21 15 27 30 2 6 18 16 1 23 20 5 5 15 13 3 13 4 14 20 17 12 3 0 24 17 27 5 23 21 6 20 24 24 20 3 13 2 6 12 3 27 22 28 8 22 2 25 12 17 29 27 18 11 30 3 12 20 9 1 18 17 22 28 24 6 20
26 0 13 27 23 30 11 14 21 23 27 20 25 11 7 17 27 25 8 26 26 15 11 0 3 18 2 25 26 15 19 20 11 21 2 26 1 26 25 11 18 19 23 24 5 18 18 28 15 14 4 15 12 8 9 30 18 22 10 4 0 9 14 18 24 4 4 3 8 22 25 28 29 28 9 14 11
19 5 30 10 4 1 5 10 0 8 9 15 14 0 26 25 11 16 28 6 2 6 24 22 18 21 2 30 4 28 23 22 5 22 25 17 24 19 21 20 19 7 13 11 1 9 27 29 25 19 12 26 6 24 22 25 0 29 1 16 12 23 11 3 27 16 12 24 27 26 10 18 6 1 26 12 14
27 20 18 16 7 7 7 0 29 23 2 21 24 9 14 27 4 17 30 21 19 26 6 19 8 20 29 12 2 24 6 6 2 27 22 22 15 19 25 10 25 14 20 30 24 4 1 23 15 13 23 18 15 7 19 19 30 11 25 8 12 26 16 17 28 15 23 21 27 13 11 15 16 23 27 15 17
7 10 18 15 17 25 20 14 26 29 30 1 3 10 17 29 13 3 23 8 26 0 0 22 16 11 17 19 1 12 22 18 15 24 17 15 7 19 27 12 0 10 24 0 10 3 11 2 30 24 4 21 6 15 27 21 16 10 10 25 27 4 9 21 13 26 3 2 18 30 19 6 9 11 7 3 5
24 13 8 13 16 4 18 14 17 9 17 7 0 8 17 25 20 13 29 18 13 28 21 26 8 0 25 8 3 18 23 22 10 6 23 3 13 21 5 23 3 23 20 28 11 28 22 7 7 3 11 2 1 2 16 18 24 1 1 29 30 12 17 7 25 13 24 15 27 22 28 14 8 0 11 4 12
0 22 13 19 8 28 20 5 6 14 10 16 5 7 0 5 24 8 11 13 17 8 2 2 17 26 0 23 1 14 30 15 3 18 25 4 27 13 23 15 5 29 15 15 1 29 0 20 12 27 12 17 20 8 2 3 28 16 9 16 1 8 11 15 2 12 13 9 25 21 20 16 29 6 14 14 9
19 0 21 19 7 14 20 4 20 3 6 11 26 7 2 0 17 0 3 15 6 17 9 12 27 7 15 2 17 6 8 23 20 18 28 13 26 4 7 30 5 6 1 29 10 5 20 11 9 14 23 11 24 6 28 29 26 28 17 10 30 7 26 19 7 19 19 5 3 27 22 26 27 30 17 11 30
16 15 17 14 21 19 24 7 9 24 4 30 17 22 8 4 5 5 14 3 5 23 3 27 23 17 27 24 3 13 28 24 14 16 24 7 28 29 12 7 30 3 4 5 17 28 12 6 15 0 4 28 27 2 17 8 19 1 22 24 22 23 2 24 10 10 23 25 6 27 5 2 28 18 27 7 1
11 29 6 28 9 23 30 13 8 9 25 11 27 20 20 12 4 15 15 0 12 21 5 11 14 27 24 10 12 23 5 8 7 5 28 24 3 22 6 16 11 0 11 6 1 1 14 0 0 3 8 15 3 28 2 15 23 27 30 10 8 13 28 30 19 11 22 19 24 19 16 1 12 24 12 29 28
24 2 9 0 21 3 17 14 1 12 24 10 25 24 24 18 19 30 23 20 13 18 13 26 6 24 13 15 12 23 2 12 16 27 10 26 4 24 15 4 16 1 1 3 25 23 16 2 7 5 1 13 20 10 15 2 11 9 28 23 7 18 12 7 15 7 0 14 17 19 30 26 23 12 7 15 12
6 12 8 18 29 20 1 1 5 26 21 6 11 26 14 7 21 26 9 18 30 8 1 18 30 2 17 15 12 28 24 20 22 0 2 4 7 21 15 3 14 5 9 16 22 2 26 5 8 5 4 9 24 9 18 4 12 4 11 25 16 9 11 18 18 10 12 4 19 16 6 12 24 3 2 26 12
16 16 15 4 17 25 25 4 5 20 20 24 18 23 22 23 15 0 14 26 4 20 11 27 11 26 11 29 15 16 25 25 28 23 27 28 16 1 3 10 11 20 29 26 22 9 29 3 26 28 14 8 5 28 22 2 8 17 29 18 26 14 29 14 10 26 6 21 21 8 17 5 21 5 11 29 29
26 3 10 11 3 10 14 4 0 11 26 30 15 21 0 0 20 22 5 8 13 19 10 29 9 19 6 3 6 22 24 22 27 10 30 27 19 25 30 29 11 23 5 13 20 14 10 13 8 24 7 8 16 6 4 24 16 21 15 14 7 0 20 20 12 5 26 7 24 23 6 6 0 12 3 6 24
26 2 7 16 3 1 30 25 1 9 12 12 23 4 21 29 16 8 29 28 4 24 4 10 18 0 28 10 28 2 24 2 6 21 23 10 5 14 3 8 5 18 12 12 14 21 10 1 25 7 20 5 27 20 24 10 27 22 14 0 8 7 16 20 16 19 20 22 10 21 4 19 18 14 2 4 12
30 13 12 14 23 24 0 27 24 30 22 2 4 17 13 2 7 18 30 9 19 28 0 27 15 25 20 25 17 30 1 7 1 24 16 2 30 0 15 21 30 13 2 18 29 23 24 15 20 30 2 11 7 15 23 22 24 22 26 11 14 26 18 15 15 9 8 3 3 8 19 27 15 25 13 22 7
10 3 6 20 28 4 11 27 6 22 14 11 14 20 23 20 24 10 26 12 1 14 13 23 10 2 23 16 8 28 27 15 8 20 24 26 17 20 23 30 10 1 15 2 21 17 20 27 1 26 19 8 9 25 12 0 11 17 18 24 8 13 29 2 25 7 8 14 6 16 6 30 15 14 16 2 20
0 3 1 3 0 4 8 10 8 0 8 28 0 22 22 12 29 17 20 7 29 0 1 13 13 5 22 9 17 26 14 1 9 5 9 28 16 0 2 16 1 12 11 14 30 8 11 13 29 15 26 22 21 19 18 20 27 1 0 2 28 11 24 12 8 4 11 5 5 17 4 9 19 30 18 13 20
22 0 5 2 17 26 23 29 15 17 18 1 21 10 20 13 28 30 23 17 21 13 28 11 27 14 21 23 14 0 26 1 4 24 3 4 19 21 28 5 20 28 0 5 30 30 30 8 0 1 28 12 23 22 6 13 7 7 1 14 23 18 7 19 8 21 0 0 9 11 20 19 14 23 6 10 21
25 28 8 7 5 30 5 15 21 28 13 0 30 10 24 5 10 14 10 3 6 0 16 19 27 3 7 22 26 7 17 1 16 5 25 0 2 15 15 9 16 23 12 22 18 9 8 20 17 13 19 14 27 29 0 10 8 2 24 17 14 30 26 1 30 5 4 8 9 7 3 6 27 15 18 27 6
28 15 12 18 15 3 6 8 4 1 12 0 29 28 25 22 16 8 21 24 24 6 27 25 12 15 11 13 12 24 0 15 10 22 9 9 23 20 11 3 1 25 17 10 4 10 29 13 30 11 13 9 1 7 16 15 28 10 8 25 19 7 24 30 30 21 27 13 2 7 27 30 16 10 26 10 20
1 29 19 18 7 29 7 18 26 20 5 30 28 18 25 10 6 4 29 1 10 16 11 30 26 20 28 0 7 5 24 18 30 28 28 10 26 14 21 11 23 3 11 22 0 24 29 3 27 22 6 27 23 9 1 26 11 11 0 15 3 0 25 12 10 22 28 17 27 13 26 22 6 6 30 14 23
8 1 30 11 14 10 15 16 26 21 2 6 10 1 11 27 15 1 6 2 29 5 12 19 13 18 5 1 15 10 19 8 14 7 18 27 17 8 19 19 16 8 3 30 12 29 5 30 20 15 22 27 14 28 30 29 27 20 28 27 6 17 1 15 10 16 14 9 7 25 29 9 25 16 18 30 11
9 0 25 7 29 9 3 12 23 27 25 4 0 6 0 11 16 11 18 2 21 25 28 25 11 1 8 6 9 5 16 24 25 30 26 9 14 21 1 14 12 1 15 18 9 19 17 4 24 27 16 15 10 6 0 17 20 26 11 3 10 12 27 10 19 26 2 22 22 23 19 18 15 27 10 29 3
23 3 6 25 10 8 18 17 24 12 21 28 22 2 29 26 0 17 27 24 3 14 28 28 15 26 13 3 1 13 15 30 23 9 25 17 7 16 19 24 8 20 22 12 16 20 20 22 28 3 12 24 14 18 0 11 22 28 26 6 22 30 12 26 26 9 19 9 21 30 29 18 9 27 3 2 27
28 23 2 25 7 11 13 12 28 5 20 12 27 11 26 24 30 21 1 0 11 13 26 18 18 27 22 4 13 5 25 12 6 17 27 18 1 28 7 27 5 29 30 11 23 16 30 1 20 25 19 4 0 13 28 12 14 15 10 3 7 28 10 14 18 15 8 26 18 5 17 24 17 6 19 25 14
23 23 11 0 29 20 6 22 14 8 4 12 16 16 13 26 5 25 11 30 29 1 5 12 10 28 19 22 9 23 10 15 0 28 12 14 8 6 23 21 19 13 0 0 15 16 8 6 21 19 5 23 23 8 13 27 15 28 21 21 10 15 2 16 15 14 6 12 28 12 12 18 12 4 0 29 11
29 1 4 14 0 6 17 17 22 29 30 2 5 22 10 6 3 6 0 22 26 13 23 16 28 25 15 8 1 1 9 25 10 10 30 25 0 30 17 30 18 27 8 24 2 19 18 27 13 14 29 0 6 13 20 14 4 16 16 2 15 0 23 13 16 16 9 13 15 1 3 24 6 14 16 26 14
1 18 10 28 7 16 16 13 12 21 13 11 7 5 1 17 28 8 17 1 23 29 9 10 11 29 9 9 10 8 1 16 4 27 2 30 5 2 8 13 0 7 3 15 16 10 11 11 3 28 26 7 24 5 9 23 16 2 10 3 29 17 1 13 3 18 22 28 9 26 14 16 15 16 15 27 8
7 16 13 20 13 11 29 20 23 17 25 23 15 0 15 6 24 5 15 20 4 26 4 7 3 14 14 17 24 25 25 9 5 6 25 10 18 11 8 20 7 10 29 29 11 20 16 4 7 20 18 9 15 12 17 15 27 25 9 12 14 1 15 0 16 22 7 15 6 29 9 12 10 8 16 17 13
8 27 28 24 20 13 16 27 23 28 28 21 10 16 1 28 28 24 15 27 5 0 27 4 22 3 9 20 8 0 13 25 8 2 10 7 1 20 15 6 25 18 0 14 2 29 23 0 22 8 3 13 19 19 20 25 3 13 5 2 22 26 6 12 12 10 10 20 21 20 22 21 14 8 18 10 30
25 10 22 17 11 29 21 8 30 28 2 8 15 18 6 12 26 3 21 0 12 17 26 2 3 21 4 27 1 1 7 29 5 27 29 23 27 29 23 6 5 18 10 26 27 16 26 9 12 6 5 27 9 14 13 22 30 26 13 5 21 15 24 3 6 3 9 24 20 24 2 6 23 8 9 4 0
28 0 9 29 9 5 5 8 17 12 0 7 26 10 13 0 28 28 28 19 29 14 14 21 6 11 19 4 19 5 26 6 26 5 4 9 28 2 13 12 6 2 27 28 25 19 15 12 23 24 22 19 7 6 0 9 6 25 4 12 13 9 5 15 29 22 21 19 6 27 29 12 16 2 24 2 9
30 10 4 13 6 29 6 13 8 2 1 7 4 13 20 4 12 2 19 20 25 21 17 14 6 27 12 21 9 6 14 13 8 26 30 0 9 0 22 9 1 9 20 5 3 16 14 16 20 26 30 8 14 28 4 9 11 23 10 22 27 20 25 10 22 25 9 27 15 6 16 9 28 23 24 9 15
10 1 5 13 23 19 30 5 25 28 19 22 21 19 26 18 1 17 23 29 6 10 22 7 29 7 21 1 24 26 6 20 22 4 22 27 18 14 4 26 20 19 22 4 15 16 15 20 8 18 2 22 21 1 9 14 22 29 20 29 0 8 28 28 18 10 16 3 7 21 21 15 11 30 25 3 18
16 18 21 30 24 9 20 18 7 6 20 28 14 20 13 10 9 5 11 27 13 28 28 25 17 17 8 1 3 4 4 6 27 3 9 26 23 25 13 27 20 7 16 17 27 4 3 29 4 17 18 24 18 3 30 22 23 25 28 30 15 25 6 8 25 15 11 9 16 24 8 12 27 6 4 25 4
27 17 14 30 30 30 0 4 23 21 20 10 8 18 2 7 19 4 23 19 21 1 13 29 13 28 9 29 17 3 7 20 2 27 22 14 14 4 14 7 0 18 30 6 28 19 13 28 25 23 23 5 29 8 6 17 29 8 20 6 30 29 19 23 20 10 0 11 18 28 4 21 12 18 30 27 30
8 6 26 8 10 27 24 13 0 28 1 24 27 0 14 16 7 27 5 7 19 6 5 6 9 6 26 15 18 3 2 27 7 8 4 5 30 11 12 14 9 28 23 12 11 6 0 17 13 25 13 28 0 13 21 12 12 25 7 14 24 11 8 21 7 6 27 9 16 17 29 15 22 0 27 5 15
10 17 23 16 8 8 11 10 29 20 11 25 27 10 6 9 25 14 11 16 1 23 24 5 20 7 13 6 21 20 9 21 29 28 3 27 23 25 28 9 28 16 18 27 8 22 16 16 16 3 13 7 17 21 24 3 28 22 19 6 14 19 14 26 29 9 7 2 10 3 24 17 22 7 4 8 23
