82 82
5 16 10 3 24 30 19 14 11 30 9 1 11 0 11 14 30 0 21 0 23 0 2 13 22 11 12 17 9 20 30 26 3 17 23 10 28 18 0 8 20 14 12 15 7 4 9 18 25 12 23 19 16 4 27 18 14 15 16 10 5 23 28 0 10 17 18 3 26 9 15 15 3 7 17 21 1 13 28 17 7 25
3 20 17 24 24 4 5 0 26 23 8 21 10 26 4 27 19 18 0 26 23 8 26 14 21 10 21 21 19 26 5 17 8 18 21 11 7 8 16 5 24 11 23 3 9 29 8 11 25 2 7 3 11 10 7 30 0 26 14 2 14 4 16 22 0 14 1 0 0 11 23 0 2 10 12 22 16 25 25 20 11 19
29 9 0 17 24 1 15 25 6 14 20 0 0 7 25 3 17 3 26 28 20 16 4 9 14 21 25 1 0 18 11 0 1 17 20 6 30 10 17 20 22 15 1 1 19 30 28 2 26 25 24 11 14 11 22 27 12 8 9 25 16 3 17 23 19 5 18 23 0 26 19 0 6 0 5 14 20 28 10 10 2 20
21 15 21 8 4 17 1 30 8 6 5 23 19 17 14 13 27 20 13 29 25 18 18 24 3 27 15 26 20 27 24 1 16 23 4 21 3 8 26 10 22 29 1 23 11 25 5 0 29 4 18 27 28 5 3 24 13 26 6 10 25 25 23 11 2 25 26 6 6 2 16 7 21 1 9 1 18 18 7 1 0 24
12 16 3 6 3 18 12 0 27 25 17 9 30 14 29 11 25 14 22 30 28 18 1 23 3 9 26 1 0 29 8 17 16 4 23 27 12 17 9 28 11 16 10 10 29 27 23 27 29 29 7 0 20 26 7 17 13 24 20 10 9 6 18 8 29 11 12 17 24 9 27 5 3 22 15 17 19 27 12 21 24 7
5 10 0 22 21 7 13 8 5 24 29 8 3 29 13 11 14 20 21 21 1 8 9 1 4 8 17 6 28 15 1 27 26 1 20 1 24 14 5 12 26 7 15 4 19 13 16 25 0 2 18 7 29 17 15 14 30 10 17 4 12 25 26 23 25 17 24 15 17 8 4 18 0 15 17 24 10 1 11 9 10 0
2 10 22 28 6 0 4 21 20 26 23 26 19 19 23 26 10 2 0 25 9 14 19 6 29 9 21 2 10 24 19 28 19 21 16 12 12 25 7 5 0 6 13 7 20 11 28 2 3 25 16 13 15 9 30 17 30 23 15 20 0 9 15 11 17 1 20 28 12 23 26 30 4 10 14 10 13 27 30 26 15 21
10 1 21 14 5 0 18 14 21 21 4 22 28 24 26 17 25 17 26 28 6 18 4 15 26 29 21 24 12 10 6 16 20 29 22 20 25 12 15 6 6 18 11 23 24 13 9 12 30 20 7 3 8 22 20 2 4 21 6 0 22 20 30 24 20 22 19 6 7 8 4 15 2 28 13 28 24 28 16 7 21 1
16 1 16 28 8 16 23 13 5 23 5 24 23 15 23 6 19 2 21 21 9 20 29 4 0 20 9 21 7 21 3 21 13 15 17 13 23 26 8 16 7 19 7 17 16 15 2 2 19 26 16 20 27 17 21 27 27 26 1 18 1 12 22 0 13 25 28 26 19 29 20 27 18 12 25 21 0 12 25 27 22 12
28 3 22 21 14 11 14 16 26 4 7 22 11 28 7 27 13 28 23 10 25 16 18 16 2 1 11 16 21 15 13 20 7 27 23 4 29 7 29 4 6 9 12 17 10 17 5 28 20 27 9 18 16 7 14 12 3 21 18 16 15 30 27 29 22 12 7 20 4 29 18 1 25 29 15 23 11 17 27 30 15 15
4 5 11 15 5 11 30 23 6 6 25 8 19 28 15 23 10 25 10 9 2 28 20 15 1 30 15 17 8 26 16 11 8 3 4 19 16 16 24 3 18 10 9 19 19 26 22 19 10 23 11 4 1 18 30 29 2 2 14 16 25 10 22 0 12 15 28 15 30 10 29 11 16 30 20 0 24 1 2 13 20 20
28 15 15 23 21 13 20 2 10 3 22 26 7 25 23 28 12 8 17 28 14 20 14 8 2 30 3 2 5 16 30 9 5 8 4 10 21 27 10 12 22 9 21 16 11 19 5 2 24 18 14 8 1 2 21 2 27 7 12 24 11 20 27 10 11 25 9 20 8 25 7 26 27 24 15 10 11 6 4 12 16 27
15 23 14 25 3 10 11 9 17 13 21 16 25 20 2 29 25 30 14 22 23 18 13 6 10 8 29 16 0 19 29 12 29 30 24 9 0 28 28 11 20 17 5 4 15 22 16 30 24 4 17 7 7 3 18 14 26 8 1 12 20 17 24 18 26 14 25 25 14 13 13 30 15 7 7 6 1 24 22 17 17 1
6 28 8 29 0 7 17 1 17 5 21 2 14 19 14 4 0 28 9 26 15 25 25 19 12 1 9 23 27 18 13 7 28 24 28 28 19 19 5 25 22 15 7 28 11 8 14 14 29 3 7 3 27 23 4 4 18 3 12 30 6 9 9 24 15 26 19 23 20 22 27 10 18 20 14 23 7 7 22 28 13 29
22 1 17 11 7 22 15 11 16 7 20 9 7 6 2 13 5 19 8 17 5 23 9 10 8 9 10 10 20 30 22 24 27 9 16 24 5 4 23 24 8 18 9 29 23 8 3 24 19 21 22 24 10 27 8 9 18 29 5 29 14 13 30 26 17 15 22 1 28 19 4 30 0 20 21 24 2 2 16 5 6 4
24 9 16 27 11 5 23 3 18 20 8 30 13 17 26 17 1 21 4 20 13 19 3 30 4 22 17 27 28 5 21 16 19 17 27 13 16 10 17 26 30 20 21 30 10 14 15 7 5 19 21 16 16 25 16 0 9 1 7 6 23 11 7 17 17 19 1 0 3 5 28 18 16 29 9 6 21 19 11 18 23 3
18 11 17 27 7 29 12 18 8 4 15 11 25 23 0 17 27 30 14 5 0 25 26 6 17 29 21 10 25 17 9 20 11 19 5 0 21 5 5 3 0 7 15 23 24 12 27 3 30 13 12 14 7 17 2 8 30 0 3 20 26 13 1 22 3 2 8 1 1 1 1 20 30 24 4 27 26 27 25 4 1 25
21 27 9 15 9 14 19 2 5 16 4 6 27 26 29 29 4 3 20 17 5 15 5 18 25 27 15 26 21 17 17 28 17 6 26 22 20 8 14 19 6 23 24 11 6 9 30 28 5 18 13 30 24 26 28 10 14 20 3 17 25 21 8 27 11 18 6 20 27 6 10 12 8 30 13 17 19 4 22 9 11 8
7 24 7 13 9 0 22 25 13 13 4 11 28 14 30 14 24 22 10 29 18 1 24 5 28 22 28 23 7 26 12 21 27 23 22 10 1 25 3 11 7 5 8 12 15 2 2 17 19 13 2 5 9 5 14 3 5 29 3 12 18 28 18 2 16 21 13 2 7 8 9 0 15 6 4 28 29 5 27 12 5 8
3 17 15 21 30 8 0 2 27 0 25 8 0 16 28 9 5 24 9 3 6 17 7 21 23 2 13 24 21 1 4 27 16 1 22 17 2 3 10 10 20 26 5 28 23 5 30 17 0 7 10 21 15 17 23 14 26 16 18 11 17 9 30 18 10 19 6 16 29 29 12 29 30 22 9 27 0 6 28 0 25 13
23 10 24 6 17 9 7 1 13 20 21 13 19 18 17 14 28 5 25 16 11 30 8 4 2 8 15 2 4 28 21 5 26 16 22 18 26 23 12 29 15 20 27 12 0 14 6 0 19 0 4 3 26 8 10 21 30 16 21 12 28 25 21 25 9 13 14 8 6 1 2 21 4 0 1 13 4 1 29 28 23 9
22 25 18 27 19 26 13 21 26 30 3 15 26 1 10 2 4 5 7 29 26 13 22 28 7 9 25 14 30 21 30 16 26 6 7 11 10 26 28 5 10 25 17 28 9 30 3 24 28 10 7 11 24 9 19 5 11 11 13 22 9 5 18 1 16 3 8 28 25 11 18 0 24 9 9 16 29 28 28 3 7 24
14 2 4 12 20 11 17 6 7 26 17 16 14 11 6 30 10 2 1 24 6 24 19 3 1 27 23 8 13 3 12 16 0 30 17 19 19 21 13 23 25 20 29 24 18 5 28 29 29 7 28 16 18 21 13 9 20 16 29 28 15 1 16 2 4 4 3 17 23 13 13 18 24 28 19 10 26 0 29 16 9 9
17 12 15 29 17 25 22 12 26 24 19 22 22 6 3 22 25 11 2 7 14 29 16 27 7 24 14 27 13 14 24 1 0 20 17 21 11 3 2 5 0 3 8 26 9 2 26 10 23 24 16 28 14 18 2 27 11 30 28 13 23 2 1 11 27 1 10 16 21 9 19 12 5 2 3 10 29 29 28 30 19 23
25 13 19 3 12 13 29 11 3 18 7 13 14 1 6 24 0 18 11 25 16 25 18 4 26 17 11 16 0 28 19 13 27 11 7 22 14 9 24 17 3 2 7 15 14 20 7 9 2 19 7 22 21 2 13 22 18 25 8 16 29 8 12 23 7 4 20 26 29 14 2 17 2 13 4 24 24 20 28 25 4 7
13 4 22 25 1 15 0 22 3 11 9 23 5 25 19 0 29 24 30 0 1 7 29 28 8 9 8 28 30 4 5 18 14 14 3 8 15 10 28 6 10 27 9 10 14 15 27 22 20 19 8 6 8 27 5 3 0 18 12 20 10 24 13 26 26 9 7 10 23 15 4 24 25 11 7 15 25 3 2 7 25 14
3 19 19 11 22 0 25 7 27 27 19 10 14 29 19 14 28 1 28 17 19 11 9 1 8 19 1 4 10 3 18 19 29 8 21 21 4 6 7 10 11 5 30 27 14 25 2 17 24 25 19 18 4 9 4 3 15 25 14 18 28 25 25 19 20 4 13 28 13 2 3 6 7 7 26 28 25 21 17 17 8 11
26 17 8 18 15 30 20 24 27 9 21 3 23 19 13 2 13 0 24 17 10 26 9 18 0 2 13 10 18 29 19 5 25 27 26 8 9 16 16 17 22 6 8 6 17 29 22 11 6 11 28 15 16 3 9 8 12 14 28 2 17 23 6 3 30 12 22 0 0 2 19 19 13 12 18 23 28 19 13 29 13 24
29 8 24 17 27 13 25 23 3 29 24 17 20 25 24 19 23 24 14 30 19 17 11 11 26 8 17 22 9 24 8 9 30 16 21 29 11 10 28 9 30 24 28 16 16 13 18 7 15 26 3 0 20 13 26 7 0 1 18 2 18 28 2 8 2 10 19 14 10 23 1 26 1 1 7 22 20 4 21 22 0 7
6 23 21 19 2 4 1 7 18 10 20 1 25 9 22 5 1 28 13 2 2 2 15 22 14 9 4 7 29 25 30 24 28 20 30 29 12 15 24 22 22 1 4 7 23 6 11 10 8 1 19 30 24 11 29 27 14 14 14 26 1 1 30 18 5 16 12 6 19 0 1 24 11 14 7 6 17 5 28 12 29 10
1 18 30 8 0 11 27 13 1 19 12 8 0 6 10 28 17 0 12 24 23 4 8 12 29 14 15 5 13 14 0 23 2 19 27 15 22 11 2 0 26 14 4 20 4 26 18 3 16 30 19 12 7 9 3 28 25 25 5 29 4 6 17 17 25 14 30 26 14 28 2 23 26 12 9 23 14 10 4 1 19 29
23 17 11 0 26 2 12 29 29 10 19 3 10 26 25 14 15 30 2 20 7 30 26 15 10 16 26 14 8 3 23 15 25 13 7 26 27 0 3 12 6 14 20 2 2 14 9 22 20 11 25 1 1 6 18 23 17 2 19 15 29 26 9 30 19 16 29 6 9 17 12 17 18 21 16 14 3 7 26 5 4 10
18 18 30 25 10 27 18 21 5 21 17 13 26 20 18 24 1 28 21 23 27 11 19 11 21 10 24 27 23 3 10 6 1 4 9 15 26 0 29 12 13 7 5 16 12 20 22 15 5 6 27 21 8 13 2 14 30 15 8 11 8 28 21 15 1 29 15 1 12 2 15 5 2 0 8 1 8 29 24 18 2 12
11 25 0 29 14 11 11 4 14 28 12 0 25 4 25 15 26 25 21 25 0 13 22 3 12 16 20 5 27 30 16 18 18 13 20 11 28 9 8 13 15 1 29 24 28 27 3 12 25 10 9 7 16 9 20 18 12 0 9 25 28 17 25 26 9 30 18 20 24 18 3 28 11 18 28 25 29 27 6 12 18 29
24 29 2 24 16 14 14 26 24 3 5 17 12 9 2 6 2 29 3 0 18 11 7 15 25 17 7 19 7 27 15 27 16 17 7 25 13 5 28 27 16 22 30 25 21 16 9 19 5 15 30 14 13 29 8 27 27 2 28 30 0 21 23 18 29 18 12 14 12 17 2 10 26 20 16 30 14 22 17 18 13 5
24 16 12 14 19 19 5 3 29 30 10 30 23 15 3 27 2 15 20 5 10 25 20 18 22 0 18 14 24 18 1 17 7 17 30 11 9 9 22 20 9 17 2 2 14 30 27 21 12 27 10 21 22 4 26 22 24 30 15 26 7 10 12 28 9 18 20 25 10 24 18 8 15 26 7 23 24 28 30 10 18 26
14 3 1 9 9 1 9 5 0 24 13 25 4 2 23 22 6 5 3 16 12 30 2 20 18 10 25 20 0 1 3 14 16 9 19 8 20 15 24 14 16 13 17 12 23 26 16 23 30 0 1 17 15 19 3 12 18 23 16 27 0 26 14 7 4 25 20 9 13 9 1 13 6 15 8 2 22 7 13 8 22 25
2 10 16 13 8 9 20 27 16 22 28 4 1 20 2 23 15 29 1 24 15 1 16 0 8 10 10 20 15 10 17 27 6 12 26 30 11 8 29 1 5 17 11 7 6 15 17 3 26 22 2 20 12 28 14 1 22 12 19 25 3 7 9 8 12 0 8 2 2 16 30 8 10 1 3 17 4 28 22 11 20 8
10 28 30 22 15 4 4 30 24 28 9 20 5 9 16 7 19 25 1 26 21 16 25 27 8 16 11 19 9 23 11 18 11 11 3 18 6 26 13 1 21 0 16 13 25 10 20 26 16 22 29 6 9 30 10 25 12 2 13 26 23 23 18 6 1 26 26 11 10 7 11 19 13 12 30 27 29 17 13 6 18 21
28 15 6 12 5 8 19 8 2 12 29 27 28 1 6 27 28 3 14 2 20 30 7 0 27 26 6 13 12 6 20 25 17 5 2 30 14 21 0 18 20 18 21 11 12 23 30 30 20 17 15 26 20 2 18 6 23 24 27 5 17 27 4 26 4 23 20 10 4 0 8 26 17 30 24 26 30 17 4 28 5 10
15 23 1 0 14 3 23 17 7 30 7 26 30 22 2 9 5 6 4 21 27 13 5 4 19 10 27 23 10 1 24 3 15 5 14 22 24 28 2 10 11 30 2 21 10 8 28 15 10 0 30 20 12 24 11 13 0 6 12 10 2 25 14 25 23 21 3 16 27 7 12 21 30 3 13 9 18 21 11 30 27 4
24 3 21 17 21 30 12 23 27 17 7 8 28 2 2 2 3 26 26 11 13 19 18 2 3 26 28 9 17 25 29 13 1 2 3 23 23 24 29 7 22 8 16 18 4 6 8 0 18 3 23 23 1 26 18 29 20 16 9 15 11 17 26 7 21 6 10 13 26 1 8 16 15 16 0 5 16 6 8 20 30 10
25 25 27 22 29 0 25 24 6 30 27 14 10 13 26 28 20 0 6 18 8 3 12 6 26 14 15 7 16 18 13 11 10 23 0 7 13 11 29 2 13 5 5 20 24 28 1 14 2 24 18 4 14 9 11 8 8 14 20 17 16 16 24 30 2 18 28 1 22 17 24 27 23 26 8 2 9 4 24 24 15 17
5 1 25 26 1 22 5 29 9 29 20 12 15 13 20 21 0 3 18 5 15 6 27 17 28 19 13 2 20 23 3 25 12 15 0 12 4 0 13 21 2 12 10 15 15 6 30 3 1 14 28 3 10 2 1 16 5 4 22 12 0 22 23 18 11 29 17 25 1 27 19 23 24 21 4 1 25 9 6 20 21 16
15 19 10 1 4 18 14 18 2 21 9 24 15 13 20 2 21 5 8 4 23 17 24 1 24 21 25 10 3 1 29 20 19 27 10 8 8 13 22 6 12 2 14 16 7 17 1 19 0 1 16 9 5 17 19 29 29 19 1 9 27 20 21 1 14 20 18 19 7 0 11 30 1 18 27 26 7 9 27 25 1 12
10 18 11 13 21 21 15 10 0 21 18 6 2 26 11 25 22 0 24 28 28 22 21 18 21 27 15 20 29 16 14 12 19 24 11 19 4 30 23 28 30 10 16 8 21 27 19 25 16 8 1 1 3 4 25 4 13 21 3 29 4 27 30 2 10 18 22 19 15 28 23 9 3 4 10 8 4 28 10 8 26 13
28 3 16 27 12 17 10 10 22 2 10 23 6 30 14 20 30 8 22 4 10 18 15 27 12 1 0 28 20 29 5 3 7 3 22 27 17 19 22 9 1 24 17 5 4 7 11 29 8 2 29 24 16 11 11 2 11 10 9 11 16 10 28 19 4 9 14 30 2 19 17 14 23 28 28 16 25 7 14 26 4 26
18 14 9 1 20 1 11 2 1 23 16 10 16 15 1 26 20 9 16 10 4 15 15 26 24 19 26 29 15 5 2 1 20 15 10 12 8 15 3 24 6 2 12 19 2 25 7 26 28 17 1 8 19 4 19 18 22 3 5 8 1 30 19 13 25 21 18 3 30 9 19 10 9 17 11 29 13 26 9 12 13 6
15 28 13 2 14 18 2 16 19 9 22 13 1 7 24 22 17 15 0 1 17 28 30 14 21 2 28 26 0 0 12 15 10 29 20 23 0 21 5 22 30 13 7 24 12 26 12 20 19 10 27 15 21 0 19 30 11 20 27 26 2 15 12 22 28 9 21 18 24 1 6 21 9 16 0 3 5 13 20 24 3 27
1 18 21 12 27 30 10 24 1 12 7 20 17 25 23 20 20 12 0 24 16 21 27 4 15 22 7 1 8 17 22 21 28 3 29 6 16 24 20 25 5 21 23 27 7 25 13 20 8 13 15 6 19 19 23 28 2 19 9 13 24 28 20 30 27 22 25 19 5 1 23 11 20 17 15 22 10 25 30 23 5 28
26 28 16 25 17 19 4 28 18 12 13 12 23 7 0 15 12 28 1 7 26 14 6 5 26 13 24 27 18 22 9 17 11 3 13 30 5 13 19 3 22 18 25 16 25 7 22 12 15 10 10 12 4 5 2 1 5 30 5 2 14 23 2 24 29 28 10 7 3 3 7 21 23 0 0 18 17 25 11 20 15 15
12 21 20 5 22 23 13 12 22 21 30 23 6 14 6 23 6 1 15 20 14 7 7 2 26 23 12 25 26 26 29 5 6 1 30 28 9 9 15 16 11 8 18 11 27 10 0 9 22 6 10 5 1 22 2 23 7 14 10 15 1 1 14 26 8 19 17 4 20 5 21 13 25 8 21 14 24 28 7 7 25 11
16 25 12 12 5 20 0 19 14 19 8 1 12 17 15 22 21 7 16 23 14 7 9 13 15 29 21 18 12 17 6 27 23 25 20 24 26 7 4 3 14 21 15 11 25 7 10 11 10 25 6 21 12 23 17 6 21 23 30 22 30 18 1 27 20 0 28 25 0 6 10 16 29 11 17 12 3 25 2 5 19 1
7 18 12 22 15 8 20 12 7 13 7 6 13 9 25 29 0 18 29 2 10 1 0 30 9 18 1 13 20 19 7 30 0 19 0 12 10 23 26 29 19 26 2 27 19 26 18 13 10 27 23 25 30 25 29 20 2 27 23 29 21 19 6 16 28 30 17 24 6 26 17 12 6 24 24 27 22 22 11 30 15 26
15 1 21 30 27 13 9 30 29 5 3 6 9 4 14 16 0 22 10 21 27 28 18 30 19 12 0 0 18 21 17 1 4 30 25 12 25 4 20 19 23 9 11 6 28 20 15 16 30 24 9 26 7 19 17 14 9 29 5 15 18 9 12 21 12 12 20 0 4 16 18 22 27 0 24 7 29 20 20 6 17 14
7 14 7 9 14 24 14 17 10 22 30 20 1 14 21 26 25 19 26 29 3 11 8 20 29 8 27 10 16 12 26 26 16 29 30 3 17 30 9 9 8 19 9 15 7 20 1 5 0 20 17 8 15 17 21 0 15 29 17 3 26 18 27 7 24 8 18 27 20 0 17 3 4 5 5 2 19 21 7 24 9 12
5 8 3 19 11 5 9 9 24 15 29 13 23 20 25 30 16 10 25 27 14 1 17 23 25 10 8 30 4 9 0 8 13 21 3 6 12 6 23 28 19 14 20 10 23 8 12 18 20 1 12 13 3 24 30 28 27 0 21 22 28 26 10 14 2 17 20 20 2 25 6 30 21 2 4 18 13 11 29 12 6 26
3 0 8 25 30 23 19 4 11 14 7 30 23 12 6 11 3 1 27 24 24 14 3 1 20 21 17 1 6 6 26 29 2 7 16 9 24 23 28 14 24 10 3 17 11 20 30 30 30 22 17 14 4 9 12 0 7 5 12 6 26 28 7 11 27 25 8 25 26 15 21 23 28 1 20 0 22 19 10 3 14 1
7 2 16 9 2 29 3 14 1 15 15 8 26 13 25 27 2 0 11 6 2 1 7 13 6 2 1 15 21 24 1 0 12 25 23 7 0 5 2 28 24 2 29 19 29 20 26 25 3 17 3 20 25 14 1 1 20 9 6 22 6 11 19 3 2 26 6 21 16 25 8 7 7 9 15 7 24 28 22 10 22 7
5 28 18 5 4 28 1 24 28 24 30 25 14 21 7 3 16 16 16 6 24 19 3 17 1 5 6 13 4 9 17 5 19 27 12 21 25 23 3 7 2 10 11 12 3 28 5 15 13 30 22 7 27 5 10 21 26 28 26 28 27 1 7 7 28 8 29 20 11 28 14 24 25 15 8 6 25 0 1 12 10 10
27 19 0 12 18 27 29 5 16 7 16 20 1 23 22 7 0 22 1 3 0 25 4 27 24 16 9 17 21 28 15 16 28 28 22 5 20 29 25 3 22 23 23 15 4 30 17 29 2 20 22 1 10 20 0 1 27 1 15 6 8 20 22 15 28 4 23 20 27 12 5 13 26 2 17 15 6 26 2 9 2 5
22 12 13 29 8 0 4 25 8 17 29 2 10 19 8 27 4 5 23 20 27 0 25 12 12 30 20 15 6 12 8 5 4 20 15 28 5 19 6 2 5 29 24 3 8 28 26 30 28 15 17 5 22 5 14 4 29 28 16 4 20 7 1 1 24 18 23 16 28 28 12 6 28 26 21 6 25 5 21 19 5 18
15 6 29 27 4 4 21 25 15 6 18 28 29 29 16 9 20 5 7 12 8 12 0 12 12 20 14 10 5 7 12 2 2 17 23 25 2 29 25 17 13 24 5 12 1 16 30 8 12 19 4 4 27 13 20 15 10 23 29 11 19 6 16 4 23 17 8 17 15 7 26 23 25 0 24 23 8 23 3 29 21 16
16 29 5 11 30 16 1 24 20 20 27 17 16 13 18 22 12 15 22 24 16 4 12 16 9 25 7 14 19 26 19 7 2 14 12 5 8 24 27 30 28 8 9 14 29 16 10 26 13 18 25 24 29 18 6 29 4 22 5 0 13 25 13 23 9 26 26 23 21 22 18 3 2 15 27 2 10 8 1 25 3 7
5 12 15 27 2 23 30 22 17 19 16 1 9 19 21 3 1 11 10 11 25 30 21 21 6 0 12 29 17 13 4 15 23 21 26 29 9 22 25 13 12 0 3 2 8 24 17 22 4 20 30 15 27 26 30 24 25 17 29 28 18 15 13 19 27 16 4 21 13 1 0 2 11 18 13 29 0 26 30 6 16 3
15 18 4 20 25 26 26 1 16 26 7 17 22 0 8 18 8 3 19 22 12 5 5 3 16 4 24 9 11 11 7 10 4 25 7 26 1 27 11 4 1 17 25 16 18 28 5 10 0 28 15 20 16 8 21 28 1 26 2 29 0 8 14 11 7 27 3 15 5 7 17 29 11 15 21 26 0 11 5 17 24 2
5 8 3 16 23 27 19 3 20 0 23 2 29 26 1 15 9 16 29 15 15 20 19 12 17 6 17 7 8 20 8 1 15 15 9 13 8 26 2 14 10 11 12 12 12 23 12 29 25 23 11 12 17 20 24 19 12 5 3 6 3 9 21 25 2 7 19 5 19 30 2 20 27 4 11 4 12 20 21 29 29 11
29 9 2 10 8 9 2 28 14 29 26 17 22 14 25 9 4 26 26 29 25 11 22 6 11 16 30 15 21 18 9 25 0 24 14 22 6 8 29 18 6 11 19 18 28 17 20 15 7 25 18 22 21 11 24 18 4 10 29 7 26 16 10 2 30 12 15 28 28 11 0 14 0 7 30 11 22 26 27 10 8 29
6 8 14 12 23 29 16 11 22 11 24 13 27 18 23 1 25 30 28 17 26 22 25 0 8 8 25 20 1 30 15 21 17 2 21 10 3 5 5 21 29 7 24 28 10 26 22 25 4 12 24 5 2 19 21 15 13 11 0 18 5 30 1 21 25 0 2 20 1 4 17 20 4 25 27 30 20 6 1 16 18 25
3 29 13 7 9 8 5 14 17 26 4 1 0 5 7 8 3 3 10 26 16 16 18 13 0 14 21 12 20 1 28 18 16 2 29 25 16 5 5 14 27 0 18 0 21 30 15 13 5 29 2 27 10 14 13 6 15 1 29 11 6 16 9 13 3 11 0 21 22 0 12 16 9 27 9 29 9 14 7 12 26 24
3 12 3 4 1 9 6 25 24 14 17 14 8 8 19 20 23 26 0 5 26 3 1 18 23 6 6 15 1 16 10 27 15 4 3 13 10 1 11 19 4 19 22 13 22 11 19 6 5 21 28 4 27 23 15 12 6 30 24 18 21 0 6 28 3 24 11 5 3 8 27 13 24 30 30 0 3 16 1 2 20 1
30 29 20 2 19 6 20 20 5 5 13 11 2 22 30 4 17 18 19 19 7 10 20 12 25 28 19 28 21 11 14 6 21 21 17 16 23 2 16 12 28 30 16 13 25 1 14 27 30 0 19 7 11 14 13 2 7 3 23 4 6 30 26 13 24 29 5 11 12 23 8 0 16 11 20 30 13 28 8 11 11 18
24 8 24 29 5 20 0 10 18 6 11 7 1 29 20 16 29 18 20 3 5 5 17 18 0 15 26 28 6 1 27 28 2 8 22 18 6 22 27 10 6 9 18 8 2 1 1 4 27 17 4 15 23 5 9 28 15 3 11 16 13 24 17 17 4 0 22 10 26 13 30 29 20 15 23 4 15 1 9 17 18 30
0 3 5 27 19 24 30 9 0 12 11 10 16 10 23 15 30 9 1 9 28 13 22 12 29 0 25 15 0 22 21 28 19 8 30 5 16 17 18 15 17 6 0 29 28 24 4 18 5 12 18 24 16 21 29 1 23 11 17 22 30 28 10 25 11 6 3 26 21 24 0 22 7 3 23 26 26 30 17 9 0 15
28 1 13 11 16 27 10 28 3 30 26 10 3 7 15 2 19 8 27 24 27 26 28 3 25 0 5 6 24 9 23 19 1 29 25 12 8 13 12 3 16 13 14 7 22 0 26 15 0 1 23 28 16 13 20 5 26 1 5 3 12 0 22 17 5 19 4 1 22 11 15 1 26 9 5 21 1 9 28 15 13 21
15 27 3 19 5 20 23 30 2 6 19 6 22 8 27 23 25 12 9 20 9 1 14 0 10 19 11 7 17 10 14 14 0 17 17 13 16 25 9 25 21 14 5 16 21 5 10 10 29 14 17 7 5 10 1 7 28 9 9 2 1 27 13 20 24 8 6 23 20 27 1 7 15 15 17 5 8 24 28 8 28 23
25 13 4 14 5 25 12 17 18 2 9 24 29 9 17 11 16 6 16 18 12 26 12 13 10 28 18 29 24 10 24 7 23 30 2 26 17 24 29 16 30 6 17 24 25 28 1 21 1 21 16 25 13 4 5 23 24 16 6 17 24 24 22 4 16 12 25 6 15 28 21 25 19 11 5 27 11 1 14 6 15 8
16 15 21 26 25 5 13 25 27 28 19 17 30 16 4 25 30 26 5 23 14 15 20 28 13 7 6 27 5 4 16 15 12 7 7 30 15 8 20 11 4 29 13 21 7 10 22 20 11 2 28 13 30 15 23 13 25 16 8 14 15 21 26 19 16 22 20 0 25 14 9 29 19 13 16 23 21 25 5 13 23 22
13 30 13 15 12 30 13 29 13 8 11 3 6 10 4 17 18 12 12 21 30 13 28 18 26 3 23 3 12 4 4 1 9 29 5 8 6 18 25 20 25 9 25 24 16 15 15 3 29 13 15 16 17 5 19 12 22 30 23 13 11 21 12 6 2 10 28 14 4 19 2 13 1 7 4 25 19 24 0 1 7 15
3 27 25 3 15 5 27 8 9 24 19 27 5 29 27 5 1 14 28 13 27 30 5 30 25 20 26 4 11 0 2 29 19 19 4 15 0 19 21 6 23 7 17 2 30 17 14 21 23 19 28 18 23 14 22 10 16 27 29 30 3 23 27 28 24 29 11 6 30 14 20 17 14 14 5 25 25 23 21 5 29 12
0 15 2 2 11 3 24 0 4 4 1 6 15 15 17 2 6 0 28 27 11 0 14 20 14 15 10 9 12 27 6 8 0 1 15 23 14 0 19 19 24 14 10 26 14 5 16 0 26 24 29 27 28 7 21 14 27 15 19 3 26 19 27 11 27 15 7 27 5 15 16 12 7 24 11 30 2 21 24 20 13 3
20 28 0 14 15 7 26 13 9 19 18 19 25 29 3 13 12 4 29 22 5 26 6 8 2 21 0 8 3 24 6 18 9 13 19 29 7 3 21 21 24 20 17 8 18 8 9 24 27 16 0 18 25 0 1 24 10 9 19 18 8 30 29 13 11 16 23 3 30 4 25 26 30 21 8 11 22 5 17 30 11 15
