88 88
11 14 27 6 6 8 20 24 19 7 4 30 4 7 19 30 3 14 21 17 11 16 6 27 30 29 17 20 8 30 20 14 8 6 29 15 22 15 22 5 23 22 12 17 8 24 9 30 26 22 11 12 30 5 10 12 10 21 10 16 21 26 14 16 18 25 12 23 20 18 22 19 8 6 10 8 18 21 10 15 7 13 11 18 4 0 21 23
4 19 8 3 27 16 23 27 3 3 3 8 29 29 21 7 28 16 26 19 9 4 15 11 19 28 12 25 17 2 13 0 10 16 11 1 0 14 4 0 5 11 21 5 28 7 1 8 0 2 8 0 20 1 2 3 6 4 10 23 27 20 25 6 14 16 0 0 18 30 3 9 26 27 18 0 8 14 2 7 29 30 23 15 2 13 6 24
9 23 20 17 12 4 5 26 24 9 11 9 21 3 1 6 26 3 24 27 5 4 5 22 6 25 25 16 18 13 12 30 30 30 5 0 26 23 15 3 25 13 14 1 17 17 26 0 24 23 15 10 6 4 13 7 17 1 5 17 12 26 7 14 17 10 20 15 6 21 14 3 1 16 12 2 23 24 8 19 17 1 18 16 4 18 26 18
27 3 27 11 14 3 26 19 1 9 5 19 24 18 6 11 16 19 2 21 7 29 7 25 3 5 1 6 15 19 23 26 9 0 16 26 4 18 23 12 23 17 16 1 30 1 6 14 18 10 1 9 30 8 20 15 17 19 4 12 7 17 5 20 10 25 19 21 17 27 22 13 21 13 29 23 29 28 13 1 27 30 5 27 17 18 16 9
6 21 16 4 23 30 19 0 28 8 8 3 2 23 16 26 21 12 11 30 4 1 6 4 2 23 25 3 30 8 27 22 22 21 28 25 18 3 24 17 11 24 9 20 12 27 19 22 24 15 24 9 0 14 6 24 22 24 2 11 25 10 21 3 29 14 10 28 26 16 11 30 2 14 4 5 19 4 30 19 29 11 29 9 3 24 19 24
8 18 17 30 20 14 14 24 11 22 9 20 10 8 14 16 19 21 17 10 12 29 23 27 23 14 2 1 8 22 15 29 26 29 29 24 24 19 11 2 13 6 15 27 17 25 2 15 15 22 2 19 11 22 21 14 13 12 6 27 14 23 10 17 12 29 26 8 29 6 11 30 25 17 29 26 6 19 28 12 13 25 4 20 9 9 23 11
23 24 6 20 27 13 7 3 10 15 5 27 23 1 13 27 16 4 26 10 9 16 7 23 12 29 23 29 20 24 17 20 7 14 26 29 30 22 9 20 4 10 7 3 29 24 22 29 25 16 14 12 11 6 14 26 20 23 19 5 16 14 27 30 15 18 14 14 2 25 18 6 19 26 22 17 25 11 9 11 22 23 23 2 3 29 18 28
4 1 20 30 4 16 12 30 16 12 6 1 14 0 20 11 23 5 3 20 20 16 24 15 3 20 27 13 18 16 0 27 8 30 1 16 1 28 2 2 22 0 20 5 29 29 13 13 9 29 12 15 16 12 14 30 15 5 4 23 24 30 3 20 28 11 0 29 13 17 6 28 18 7 30 1 4 2 10 13 27 11 25 9 12 26 20 7
16 4 17 26 0 6 26 21 22 15 15 4 27 15 19 9 20 21 13 16 23 28 23 12 13 30 11 30 5 23 30 5 24 11 24 0 30 14 24 14 3 21 7 6 17 8 27 0 19 16 14 12 9 16 3 13 22 7 30 6 28 12 13 26 8 10 22 18 11 21 23 26 11 21 15 29 13 14 16 8 23 6 9 5 12 1 6 29
16 15 5 23 29 15 3 29 14 27 23 14 11 14 14 28 18 20 2 14 11 2 10 8 3 24 27 1 9 0 29 15 25 27 25 28 9 23 4 18 4 29 29 21 7 21 25 6 9 15 30 22 22 10 21 29 9 12 15 0 26 12 10 24 20 0 7 13 15 1 9 25 7 26 1 13 6 29 15 14 24 18 28 26 11 30 7 17
9 13 2 9 3 0 8 6 3 17 26 23 10 17 28 0 14 11 3 3 12 5 4 20 25 4 1 26 20 11 1 27 16 9 7 14 9 23 20 21 24 15 17 6 22 14 0 25 14 27 17 12 20 23 4 16 27 30 0 23 28 19 28 18 3 7 10 18 8 28 21 15 10 0 13 4 19 21 26 30 15 25 18 23 27 27 30 13
24 20 7 7 13 28 14 6 7 11 7 30 15 0 3 20 8 1 7 19 19 29 14 26 0 23 28 21 21 25 26 6 30 16 6 18 16 21 7 2 20 25 7 16 4 26 11 4 5 4 17 24 8 28 29 9 16 17 4 19 14 27 22 16 5 4 17 12 15 22 14 30 16 5 14 11 8 24 5 30 12 25 18 0 24 29 11 14
21 23 14 23 2 29 4 20 5 0 12 1 21 8 7 30 1 21 2 27 28 29 26 30 25 16 24 13 1 6 22 26 18 29 30 19 28 17 24 1 25 18 28 12 3 21 6 0 9 19 7 6 24 17 28 20 0 28 4 21 13 18 13 22 23 8 13 1 16 11 7 15 13 13 26 30 27 17 21 30 29 19 16 13 4 21 3 7
6 0 20 27 6 23 26 8 24 11 18 1 13 17 14 13 12 13 8 20 29 21 29 30 28 7 3 8 2 11 10 10 30 29 20 18 8 10 23 23 14 6 29 21 0 21 13 8 11 11 24 2 0 28 23 5 1 12 11 25 6 23 8 17 2 18 4 21 26 28 5 4 7 0 17 24 30 15 18 1 29 6 11 2 20 2 15 16
26 29 27 12 0 2 14 0 5 14 0 29 13 5 28 17 11 16 30 8 5 10 1 8 19 15 18 1 12 17 28 16 15 4 26 12 27 12 14 17 19 2 8 14 4 17 1 29 27 19 23 21 9 12 18 3 4 4 20 21 24 14 7 28 22 1 28 11 3 21 11 16 17 14 23 12 27 12 15 18 30 19 21 27 29 0 0 2
28 25 22 24 27 29 13 27 28 25 5 0 2 17 14 0 3 9 1 7 27 8 7 27 21 4 19 1 19 22 25 29 0 9 14 28 7 20 12 26 17 14 2 25 18 22 12 20 9 8 3 27 18 9 18 16 6 9 20 27 27 18 25 14 27 9 30 14 30 29 15 29 2 26 22 12 12 11 1 8 5 3 29 4 1 3 25 24
21 22 10 11 5 29 30 9 26 17 16 19 25 10 23 8 7 15 24 12 6 24 0 6 22 12 25 23 7 29 1 9 13 16 0 22 28 2 22 5 5 30 0 15 0 29 0 20 24 5 6 9 3 2 9 6 26 11 11 10 10 25 28 29 13 17 23 27 2 28 27 20 19 20 0 1 30 14 26 30 24 30 27 21 13 1 0 28
15 17 0 3 17 12 0 3 12 9 9 1 27 20 14 8 22 22 4 1 10 11 19 28 23 5 3 9 9 26 27 25 15 15 21 11 20 21 3 10 14 1 26 26 19 8 6 0 11 6 16 10 15 28 0 24 14 4 25 3 9 15 1 21 17 10 12 21 24 29 20 21 3 2 29 25 15 29 0 3 12 10 8 11 9 2 16 21
16 12 22 15 24 13 14 6 11 23 8 16 11 21 29 3 8 4 22 15 19 0 23 7 16 6 28 13 20 25 24 3 1 14 30 20 23 3 8 6 17 27 29 9 15 3 22 28 17 11 13 16 17 25 6 15 11 27 9 11 0 2 19 15 27 5 3 22 13 22 29 17 5 20 4 28 21 3 8 18 0 17 14 6 27 9 14 25
25 12 25 6 17 19 27 20 28 24 19 2 10 21 10 6 3 13 3 15 28 29 29 27 11 9 11 20 16 28 11 1 2 22 24 29 4 27 10 8 5 5 18 11 2 30 4 18 18 11 20 9 22 14 11 17 24 12 22 26 27 29 23 1 24 0 15 14 30 25 12 3 30 2 8 24 15 0 10 8 21 27 23 2 29 12 2 10
24 10 23 0 9 20 29 17 2 19 27 11 15 17 8 2 28 15 28 26 22 6 11 15 24 0 8 11 22 11 6 8 26 11 4 24 24 2 6 6 8 1 17 19 22 28 4 30 12 7 11 4 25 20 0 30 13 22 22 16 8 21 23 4 21 23 25 20 24 21 8 19 19 26 19 13 6 17 9 24 17 25 27 16 0 24 22 5
1 23 27 30 11 1 23 29 29 1 16 0 11 16 18 6 15 23 25 9 22 28 1 25 25 15 0 26 11 1 26 14 27 5 7 22 23 15 30 10 24 13 14 16 5 1 24 15 2 26 7 18 12 30 23 16 12 21 28 18 27 5 15 6 10 3 14 9 28 22 22 4 28 2 5 29 16 14 1 7 28 3 1 2 17 9 10 0
9 13 12 15 10 24 6 18 18 6 24 24 5 26 0 6 4 0 14 0 20 29 14 24 4 21 14 22 9 7 24 16 29 25 24 19 1 15 0 4 25 11 2 11 18 25 24 25 28 16 11 2 16 16 2 29 27 26 26 23 5 16 29 0 7 29 13 16 6 5 19 28 27 24 14 2 10 28 1 27 2 18 1 23 18 6 3 11
3 8 7 18 24 3 21 6 21 9 15 16 21 26 26 2 4 15 10 19 5 16 19 20 8 16 24 9 12 15 26 23 7 11 1 22 3 29 20 0 20 2 16 1 9 10 16 11 1 7 28 17 1 17 6 8 11 11 21 24 11 1 25 13 10 1 21 3 13 10 29 25 8 11 18 4 18 15 17 11 7 27 25 8 21 1 7 7
25 1 12 25 19 2 6 6 27 25 28 18 6 26 19 14 20 8 26 1 30 3 24 13 14 27 14 5 26 20 14 16 30 30 21 0 26 11 19 6 6 20 6 25 30 26 4 15 11 7 24 21 5 12 17 0 8 18 18 14 1 24 20 26 8 28 23 20 7 23 22 15 7 18 1 28 21 2 14 26 26 6 1 27 12 30 26 24
18 21 1 13 26 20 7 14 21 2 26 28 13 13 18 19 2 5 19 2 24 13 29 23 10 18 20 1 15 27 1 5 22 30 13 22 17 8 7 4 30 24 2 21 9 3 10 16 25 15 4 24 5 30 2 17 22 21 4 23 30 8 7 15 3 4 4 5 7 20 0 3 10 16 16 23 0 8 0 3 0 4 29 0 28 10 20 4
3 30 21 12 16 10 21 0 29 20 21 0 6 11 29 2 12 18 3 11 21 21 8 4 19 8 9 14 8 11 19 22 15 25 7 19 17 24 11 25 2 20 25 9 16 24 16 19 18 16 21 16 2 19 3 17 21 21 25 19 5 24 6 27 15 6 23 27 6 7 17 2 30 0 8 25 13 25 18 26 24 2 13 2 18 13 28 25
22 2 3 9 9 21 10 9 7 24 30 5 2 14 25 6 24 0 25 17 11 14 5 4 30 3 18 13 1 11 0 23 26 14 20 25 9 28 10 2 29 28 15 6 12 26 10 24 24 13 22 8 5 23 29 22 4 0 18 1 20 28 13 24 3 4 6 17 3 26 10 2 17 13 0 1 30 7 2 15 27 18 6 1 26 5 12 28
4 15 26 6 19 15 7 0 26 19 5 0 20 10 7 8 24 24 24 13 28 3 7 12 7 20 17 24 9 7 2 3 17 3 14 20 5 11 5 20 21 11 18 18 26 11 30 5 22 27 1 2 23 4 3 12 26 18 6 11 8 7 2 18 24 8 16 5 9 17 12 7 7 1 2 11 25 19 15 13 28 19 9 0 30 3 0 10
18 2 8 3 3 28 17 22 12 18 10 3 7 15 25 2 28 2 16 11 9 30 25 0 24 19 17 25 22 19 27 28 26 9 11 3 18 1 11 6 21 30 23 16 20 24 3 30 13 17 19 23 13 17 15 28 15 26 7 7 12 17 20 4 25 30 2 9 12 22 5 16 30 7 11 18 24 27 18 15 10 23 24 16 30 25 22 2
15 4 24 24 1 18 29 1 10 20 9 26 25 12 7 12 6 7 17 3 10 24 6 11 0 28 0 18 4 8 21 19 29 7 0 30 28 23 10 23 1 30 18 17 9 1 18 14 8 16 17 30 13 5 8 19 28 27 13 6 22 22 21 30 5 29 26 20 10 0 25 12 20 12 14 2 5 26 8 4 21 17 26 18 18 16 10 21
30 27 16 27 14 13 11 23 20 8 25 7 18 8 29 22 29 29 3 13 25 17 17 23 0 3 21 27 13 21 6 28 3 16 12 27 22 12 1 20 2 26 17 21 12 25 18 22 9 12 4 11 10 18 6 20 19 14 0 8 16 5 16 24 11 26 16 10 17 16 5 9 27 17 20 6 23 26 5 6 19 19 18 2 0 22 11 18
27 19 24 27 0 4 21 12 5 13 21 22 3 5 18 11 24 8 8 13 18 24 13 1 24 29 1 25 8 18 17 10 12 15 18 5 10 16 2 26 26 9 7 3 1 27 28 17 5 29 29 22 11 25 28 26 0 5 19 3 28 8 15 2 5 7 2 22 24 28 27 10 2 16 26 19 6 2 25 8 23 30 25 25 24 4 18 27
9 28 22 26 5 11 9 0 21 0 3 2 26 28 14 19 4 13 21 5 10 4 29 10 10 26 21 15 23 9 17 13 22 27 15 21 19 29 21 24 3 24 6 0 26 12 22 17 21 6 8 23 4 29 21 12 23 18 15 0 25 2 14 22 14 2 2 25 27 23 16 22 25 1 5 0 23 1 20 9 11 0 11 0 0 12 25 27
29 16 22 24 3 5 4 7 17 29 14 25 10 6 13 24 16 2 0 16 19 26 18 6 1 27 12 6 18 6 24 24 27 11 5 15 15 19 9 24 19 21 18 11 27 0 5 3 17 23 2 16 11 27 24 16 1 30 4 26 16 25 17 23 4 26 5 22 5 18 10 7 18 4 17 19 3 27 19 11 9 7 24 18 18 0 1 20
5 14 11 29 2 0 29 10 23 8 7 30 14 2 29 12 3 10 6 21 2 18 2 19 27 9 25 16 15 8 27 13 3 10 21 8 14 11 7 19 30 15 26 14 9 15 23 5 30 16 16 16 18 24 6 14 6 17 3 23 10 30 25 14 5 28 10 6 26 2 26 13 4 1 22 1 17 9 14 26 9 11 0 13 17 30 12 2
17 9 10 15 21 0 23 27 5 10 13 7 7 23 16 12 3 9 5 30 12 5 9 23 22 15 10 14 16 18 16 25 15 24 20 10 19 4 1 5 0 12 22 14 0 9 16 10 4 9 17 5 4 17 20 17 11 7 29 11 11 7 6 10 15 10 18 16 22 2 6 21 5 27 14 11 14 20 26 23 15 0 21 3 1 18 30 15
6 27 2 30 8 7 28 21 27 7 17 27 4 21 28 20 10 14 27 26 14 3 9 30 24 14 27 5 17 0 21 9 19 27 12 7 19 2 15 4 9 18 3 1 4 23 16 4 25 11 7 30 19 8 2 4 17 12 1 4 1 28 18 12 3 27 16 7 7 24 27 3 1 14 16 3 27 0 5 20 30 27 9 24 29 14 16 29
22 4 18 19 3 14 16 6 14 23 5 18 19 11 27 6 27 20 13 1 7 3 13 28 26 29 4 24 5 20 12 15 30 24 12 14 27 19 17 25 12 13 11 8 11 20 29 1 15 24 19 30 12 6 20 18 19 23 18 20 4 4 9 26 17 15 4 16 12 26 4 6 10 18 0 14 17 4 23 29 0 15 27 1 6 22 20 28
19 26 14 24 1 7 14 10 16 24 29 18 30 2 1 0 5 14 19 8 13 20 26 24 20 24 20 7 2 20 29 0 6 12 25 27 8 10 29 26 17 10 6 0 1 30 24 21 9 17 14 11 21 6 8 2 7 20 22 17 25 4 13 16 0 3 25 29 28 2 3 0 9 11 13 12 0 21 23 28 2 11 9 22 22 27 8 3
10 24 29 6 14 5 19 8 23 16 6 1 22 21 28 25 8 26 13 9 29 15 11 7 0 2 23 4 30 7 24 16 19 25 26 5 13 10 9 23 4 19 21 20 10 9 28 27 19 24 17 24 3 28 16 10 20 4 29 21 30 5 28 9 10 3 26 30 10 8 21 18 23 11 16 17 30 21 18 6 30 2 23 24 21 29 26 15
26 10 4 14 10 20 6 13 10 16 20 12 30 18 14 13 25 27 5 30 27 12 30 27 11 27 28 18 19 21 17 17 1 18 27 21 18 6 12 10 24 18 10 18 17 13 0 25 1 24 14 14 27 8 20 16 9 16 3 10 16 3 25 30 21 12 23 1 8 13 22 23 20 17 0 7 19 7 26 29 13 29 1 23 1 28 29 22
25 16 0 27 28 24 10 2 1 1 27 15 29 11 25 23 4 14 26 7 14 19 24 22 30 30 21 23 23 8 23 28 1 28 6 24 5 12 13 11 15 17 5 5 24 3 30 8 30 14 9 26 26 12 15 4 23 3 25 18 25 0 27 7 3 10 5 7 16 23 20 5 26 19 28 18 21 19 28 7 5 17 5 29 14 9 28 8
4 3 30 5 7 12 28 30 6 7 23 8 13 21 9 19 5 17 18 14 19 25 19 23 30 10 27 12 5 16 0 10 6 5 23 20 30 17 8 27 0 6 21 29 28 30 0 3 24 4 25 1 9 0 19 3 18 19 14 20 2 25 24 11 26 24 30 1 15 15 20 29 2 27 14 23 21 23 28 0 8 23 16 8 30 19 13 24
18 9 15 15 11 2 10 12 0 4 10 21 2 12 27 0 0 1 14 7 22 8 24 6 25 21 19 15 30 28 27 7 9 17 30 15 13 12 10 18 16 30 24 8 7 19 30 29 16 23 25 15 14 8 22 7 1 1 13 3 30 5 5 6 9 30 18 27 9 6 24 2 29 17 13 30 10 16 24 22 13 10 16 22 26 29 5 7
15 14 23 15 28 24 21 14 0 17 5 23 15 2 17 23 15 4 30 12 6 26 6 27 6 26 22 18 13 21 10 12 0 6 4 10 21 1 6 10 29 1 13 21 21 29 0 25 24 13 27 23 15 2 13 3 24 7 22 18 13 29 21 1 6 29 11 15 30 10 8 2 4 4 27 5 6 14 13 20 21 13 10 17 10 14 16 24
11 3 3 11 24 3 10 8 28 8 1 15 10 13 28 6 18 10 24 12 15 8 14 14 16 25 30 16 14 22 30 16 9 2 30 19 17 0 28 7 0 7 13 13 16 1 17 15 15 12 23 5 5 5 24 29 23 30 14 11 16 6 1 25 19 13 8 15 24 1 7 15 29 2 27 0 16 23 17 9 21 8 1 1 11 23 0 17
14 18 16 19 4 12 0 11 1 19 20 1 8 18 27 15 5 9 6 18 7 24 5 6 0 18 22 21 0 20 17 10 26 12 20 9 5 30 12 25 19 27 6 13 7 19 27 15 15 7 10 3 1 24 19 25 4 27 20 14 7 3 2 26 20 10 16 19 27 20 9 7 20 28 18 27 16 3 24 6 8 2 23 23 28 5 3 21
20 26 27 4 0 10 14 12 27 18 19 17 8 21 25 16 1 27 15 21 19 2 5 18 29 19 19 23 15 14 10 7 14 18 19 5 26 25 30 11 1 10 26 16 20 16 24 4 20 1 16 25 29 22 22 0 16 10 19 1 28 29 30 21 14 11 23 9 30 15 30 25 25 0 10 3 25 30 26 26 22 8 6 12 9 23 2 6
20 13 19 7 28 29 28 4 22 24 19 0 24 28 12 28 22 14 24 29 15 11 19 19 1 20 11 30 16 30 25 18 5 6 26 6 2 26 15 18 19 19 5 23 2 16 25 24 1 10 12 6 7 28 8 11 11 2 6 23 12 24 3 25 21 23 8 19 26 1 7 14 9 22 25 30 21 18 8 16 11 30 8 29 8 20 30 29
13 13 9 2 17 20 22 2 3 12 30 22 29 8 22 17 29 11 10 12 0 12 20 0 13 19 1 15 9 10 4 24 11 30 0 15 20 18 16 7 7 6 8 14 12 23 26 3 10 17 3 9 24 23 26 11 5 18 15 8 9 29 0 0 22 8 26 22 3 27 25 4 1 10 1 1 12 0 1 14 4 29 30 7 19 9 28 30
9 26 26 18 17 4 26 18 9 28 4 12 21 21 11 11 15 28 26 23 27 25 15 8 11 23 1 26 21 26 14 3 28 13 8 14 3 5 28 30 1 14 28 16 26 6 22 25 15 8 18 24 13 9 18 29 22 5 26 0 5 30 27 0 2 2 25 27 2 9 2 5 10 13 15 25 5 8 1 17 11 7 11 17 16 22 20 17
1 29 23 30 23 30 4 20 29 21 9 9 9 20 26 11 28 17 23 17 17 2 6 22 10 0 22 1 12 24 17 1 14 12 28 7 8 5 10 21 4 11 0 6 6 12 20 25 20 22 22 9 4 8 25 5 30 15 1 13 27 15 5 15 23 16 26 18 27 18 1 9 6 10 19 16 25 8 19 0 10 1 20 5 28 15 27 26
16 10 2 9 24 28 24 1 9 18 22 25 30 4 26 11 0 30 1 24 20 21 18 9 24 7 29 17 29 2 19 27 3 4 19 0 1 19 20 13 5 12 14 22 5 8 14 17 6 27 0 11 13 4 27 0 27 9 16 16 17 27 4 18 11 14 5 28 5 0 27 15 8 0 20 1 17 6 5 27 23 25 16 26 27 6 3 21
25 5 1 3 6 9 24 9 3 11 27 11 7 30 11 7 13 3 26 29 22 27 10 19 21 15 18 19 21 15 28 19 7 16 13 0 6 27 6 4 24 28 5 6 24 22 10 30 10 14 29 23 22 19 4 12 28 17 12 10 7 2 3 17 19 30 3 8 7 5 18 22 20 22 11 3 28 10 20 26 27 27 7 24 11 11 29 13
25 17 8 23 30 20 14 17 3 7 3 2 6 25 7 6 14 1 16 4 0 26 29 27 17 14 18 0 21 23 22 18 10 12 25 20 18 22 9 15 10 18 28 1 23 7 3 24 8 7 12 5 13 7 13 22 17 5 27 12 11 7 30 15 5 14 22 7 19 0 18 25 29 20 30 11 19 8 28 16 2 5 21 0 11 17 8 29
17 8 0 0 0 7 30 21 18 8 28 4 14 8 15 5 15 13 24 0 23 14 11 10 17 3 15 16 2 3 24 12 28 22 13 4 11 16 23 12 12 0 17 19 4 21 18 4 13 27 16 23 15 8 23 30 7 11 21 16 22 16 4 22 6 3 20 26 9 24 25 1 13 11 15 5 11 3 24 0 10 26 8 4 1 0 30 7
19 24 3 30 16 5 1 25 25 16 5 5 13 28 30 17 19 30 2 7 1 5 6 9 7 27 25 19 16 2 8 13 6 23 8 4 28 13 7 26 0 22 1 8 30 13 3 4 8 22 18 10 0 30 22 30 18 24 21 26 10 7 28 18 10 28 25 10 5 26 17 2 19 17 21 17 6 30 21 25 16 24 11 8 25 4 17 22
26 27 15 24 23 17 10 4 19 9 10 11 17 9 7 2 17 6 27 19 4 2 14 20 20 8 5 29 25 15 4 8 27 24 9 1 27 29 8 13 15 26 15 23 19 6 11 4 28 7 28 19 14 17 28 16 9 21 13 7 10 20 11 6 13 23 12 23 13 27 1 18 29 28 30 12 13 23 17 18 29 11 12 15 6 5 1 28
14 13 26 26 29 10 29 2 11 13 7 22 13 25 18 1 14 26 24 1 29 15 25 22 27 23 18 11 2 2 26 1 30 19 1 10 9 27 11 5 26 11 7 4 21 16 30 13 7 10 21 15 6 0 8 15 0 28 10 19 4 6 21 1 25 16 5 20 6 7 2 20 27 8 17 17 3 6 21 20 7 9 27 6 12 13 0 21
11 15 9 25 21 17 30 27 20 25 11 28 0 24 14 11 21 27 11 10 5 28 1 1 0 10 20 8 28 13 15 6 18 10 26 5 29 9 12 14 29 30 4 24 28 9 17 9 12 16 7 12 26 29 28 28 12 8 23 26 19 1 2 30 20 6 28 19 3 13 10 25 24 18 12 4 5 11 22 28 23 23 25 0 30 3 28 16
19 17 8 10 11 25 15 18 14 24 24 2 30 28 5 6 9 1 5 25 19 24 16 1 28 3 3 8 0 22 14 11 19 0 28 19 26 8 29 27 3 26 3 22 1 18 4 12 7 11 9 26 17 20 21 2 12 2 11 16 11 11 10 6 9 7 13 17 15 17 12 21 8 16 23 27 20 12 28 5 29 17 8 15 22 11 9 30
6 13 13 0 18 2 3 9 15 6 6 8 28 18 2 17 25 27 30 19 18 19 9 15 7 8 1 5 19 30 7 16 29 14 15 2 28 21 9 13 16 8 12 15 0 30 30 3 10 16 19 20 2 5 20 30 21 6 15 21 22 15 7 20 26 2 22 15 10 11 10 0 11 8 1 1 10 26 15 19 4 15 26 6 23 3 4 0
22 10 30 2 5 8 25 29 3 6 10 9 12 8 18 29 17 24 25 23 15 19 4 10 30 30 2 7 13 7 1 11 20 5 2 23 5 19 1 7 5 23 24 5 12 5 28 7 4 7 25 2 11 19 13 8 28 22 25 21 18 22 27 16 22 7 19 15 12 2 14 2 4 3 20 5 17 16 9 11 10 17 26 14 2 0 12 19
4 30 20 6 29 13 25 25 18 1 14 19 3 8 17 13 0 10 29 12 11 5 4 4 9 16 6 25 20 8 0 18 8 11 10 10 20 25 28 24 9 19 19 26 10 27 12 21 13 16 19 25 29 2 12 25 9 24 21 25 24 24 19 20 4 17 4 15 13 26 24 3 1 21 15 13 13 22 2 13 26 16 2 8 28 26 24 8
8 18 1 3 29 22 2 3 1 17 3 11 7 29 13 4 28 26 24 20 4 16 25 30 22 20 12 5 9 25 19 7 25 28 25 20 24 14 16 14 18 1 9 20 26 15 12 14 1 23 29 12 15 20 19 0 26 2 16 10 1 15 4 23 23 24 5 22 9 5 22 15 16 8 16 5 7 6 17 28 2 4 9 2 5 1 29 15
24 11 18 27 20 10 9 16 5 14 7 2 22 1 8 11 17 7 29 26 3 2 9 18 23 23 11 22 8 19 7 23 1 11 11 23 16 22 19 13 18 5 16 15 4 20 9 5 12 8 29 29 8 27 13 22 22 15 18 28 1 27 30 26 1 6 16 4 4 6 24 11 30 18 17 22 15 9 2 29 6 27 18 3 9 30 10 7
30 17 14 3 2 15 5 9 19 24 13 8 25 21 5 1 15 0 26 16 26 9 0 9 2 15 21 28 1 22 27 26 16 7 24 12 20 10 21 26 17 6 14 14 1 27 2 30 19 5 22 22 2 13 9 19 20 0 19 5 14 30 30 21 15 17 17 2 1 13 21 4 17 29 4 4 6 19 16 21 4 28 16 27 8 24 15 5
25 24 22 2 17 15 0 18 24 19 20 11 10 6 16 0 1 29 16 15 6 2 27 28 9 24 15 17 5 23 24 15 0 16 21 11 30 15 22 19 8 14 17 1 19 12 11 15 12 21 16 22 22 11 14 30 3 18 28 9 20 18 19 19 26 29 8 11 1 20 17 29 2 0 12 26 8 20 9 9 4 3 4 17 6 13 28 27
10 0 2 30 26 20 26 20 4 5 7 30 12 14 23 28 23 27 24 2 21 12 11 18 3 8 26 13 0 18 7 7 1 5 12 15 7 2 10 0 24 11 13 24 20 4 5 3 1 25 14 25 25 27 13 11 9 22 19 21 13 8 10 23 27 11 0 23 1 22 5 25 24 13 6 10 19 21 27 25 14 12 6 20 10 15 24 15
28 18 25 25 29 5 15 0 21 10 22 17 24 5 4 22 30 16 7 11 1 18 25 2 6 30 23 9 2 9 14 16 0 24 10 0 13 4 3 16 21 17 18 6 9 26 30 0 14 21 28 3 19 19 8 25 4 1 17 25 4 0 28 27 16 30 10 20 2 17 23 19 16 19 20 26 17 6 16 5 17 22 30 18 11 1 4 16
30 12 0 12 18 12 26 8 17 1 20 7 9 0 0 18 27 15 5 7 17 5 24 14 17 7 30 12 12 6 7 27 9 2 7 20 6 2 19 3 10 7 7 1 29 1 0 26 0 8 30 18 9 7 23 27 21 30 4 15 11 23 30 26 28 7 27 0 17 18 24 3 20 6 19 18 2 28 28 19 1 24 27 19 9 28 15 25
22 11 15 5 1 28 12 0 4 22 16 0 3 23 9 16 12 19 22 23 7 24 4 20 11 17 30 28 10 11 2 8 29 11 7 26 27 8 0 1 8 29 5 17 22 29 13 9 7 28 17 20 6 21 21 17 21 3 6 21 2 30 21 1 9 20 4 15 10 14 24 7 24 21 23 17 12 9 16 10 12 24 27 23 23 4 16 16
7 20 24 15 15 12 29 2 11 8 8 15 24 7 10 23 3 5 16 10 11 20 13 11 9 25 27 27 11 7 8 25 22 13 26 17 28 21 26 11 23 25 4 0 22 28 20 14 5 25 0 24 14 28 4 13 26 2 15 6 29 29 18 14 27 29 10 15 4 16 29 0 7 9 22 0 4 6 15 10 12 20 24 8 17 0 28 15
0 2 24 25 18 18 10 3 9 28 27 4 26 25 19 17 15 26 26 15 24 10 29 28 26 26 16 21 14 12 14 14 27 5 21 20 5 5 13 22 27 25 26 18 15 19 17 16 20 4 21 19 10 9 24 30 22 28 6 4 15 23 16 15 28 15 1 10 28 19 20 4 25 18 17 1 0 5 25 3 23 6 0 10 0 0 21 3
4 6 27 16 2 15 28 8 1 26 19 28 18 6 24 4 29 24 0 6 10 6 15 6 14 14 29 22 30 24 5 15 5 8 17 2 21 23 29 12 25 13 13 1 25 8 8 2 21 7 2 14 25 19 10 26 23 22 24 22 7 13 9 18 28 22 26 25 19 6 7 30 9 1 21 10 1 28 12 21 7 0 17 10 4 14 29 5
1 14 29 6 16 27 24 11 6 0 0 2 1 12 12 1 1 5 8 30 8 15 20 6 12 27 15 24 2 4 20 20 8 11 4 12 28 6 14 14 30 11 20 9 4 9 6 10 13 12 0 20 15 25 30 23 19 24 13 2 2 6 7 6 17 26 18 17 26 13 25 19 15 27 8 11 29 17 22 0 20 22 17 13 1 19 21 5
15 14 23 26 19 3 8 19 1 27 23 20 25 21 30 6 21 22 28 24 15 17 4 23 5 19 21 17 20 15 14 24 1 23 7 18 23 4 11 19 22 25 6 27 19 9 0 15 3 24 10 28 0 8 1 19 8 5 0 11 12 3 24 14 16 22 5 24 13 16 11 10 26 6 9 9 19 4 15 8 19 6 3 12 18 11 14 16
20 23 28 25 16 14 5 2 0 13 10 22 20 2 3 6 7 13 21 18 30 29 28 3 28 8 10 2 17 5 17 9 24 6 5 16 14 15 12 0 24 10 26 0 18 9 14 6 22 13 28 1 17 18 17 7 2 9 18 0 14 16 24 29 11 6 23 10 10 27 11 30 21 2 26 16 9 20 11 21 12 21 30 18 6 3 14 30
0 29 18 1 10 19 3 1 7 0 28 25 1 8 18 8 28 21 6 2 30 26 19 14 8 18 9 19 4 29 12 13 14 29 30 27 15 7 12 24 20 6 1 10 10 15 5 7 21 7 19 10 14 18 17 29 22 29 19 12 18 3 10 14 3 0 15 30 27 12 20 5 5 27 16 0 25 23 26 19 20 10 18 7 16 27 8 25
30 30 13 23 13 14 0 21 2 11 6 25 20 7 21 13 15 0 18 19 7 24 16 10 23 23 7 27 17 19 28 22 0 30 7 22 7 24 25 20 19 25 26 29 30 18 27 16 24 11 0 20 23 27 8 14 23 21 25 16 24 2 25 19 19 28 19 16 30 12 26 19 13 5 3 7 13 11 13 15 5 14 4 13 13 4 25 9
21 0 13 0 24 12 29 2 24 16 26 22 21 29 28 24 17 5 15 19 28 13 6 5 17 3 23 7 18 12 4 0 12 19 13 17 14 29 13 25 16 28 2 20 25 21 6 18 25 25 3 5 18 2 10 14 8 17 8 29 4 18 2 18 11 28 18 18 14 15 17 24 14 29 4 28 3 18 11 16 29 30 12 26 30 24 15 10
28 10 6 17 28 4 2 15 12 4 29 0 23 11 28 26 17 0 28 22 9 29 7 28 2 23 17 23 17 16 18 15 0 12 4 12 14 5 10 0 19 1 25 14 27 17 23 29 1 28 12 0 4 27 0 21 19 27 15 23 20 15 27 26 22 13 18 2 5 25 20 29 17 15 15 28 24 23 28 8 8 4 5 29 0 10 2 8
14 28 2 22 21 1 0 24 12 9 23 20 24 17 15 23 25 3 28 0 25 14 28 26 5 25 23 30 4 23 0 14 23 23 28 14 5 26 23 3 5 20 30 8 22 6 2 27 10 9 25 1 14 25 9 20 23 7 1 24 5 24 2 7 10 23 8 16 26 14 13 3 30 25 26 23 15 0 5 3 23 12 23 10 19 12 3 15
19 18 26 8 3 14 12 18 10 2 16 3 6 11 10 6 12 7 13 0 21 19 21 20 20 28 19 4 16 20 3 26 13 20 28 18 24 12 2 1 8 26 18 5 13 19 22 17 19 8 11 29 15 5 28 18 12 26 26 23 30 7 19 6 14 19 21 13 20 8 12 22 9 7 28 16 26 5 22 27 12 19 10 11 7 20 10 18
6 16 1 3 18 15 2 12 23 19 6 5 2 22 7 1 19 0 2 20 29 2 25 19 18 21 29 20 8 6 2 27 12 19 15 28 26 5 14 11 22 6 26 2 16 12 7 27 5 27 2 7 11 23 3 4 0 10 5 7 9 9 20 2 17 30 7 1 12 8 30 25 4 2 2 6 6 17 16 8 23 3 24 3 9 5 25 0
28 1 15 19 23 18 13 13 28 9 22 27 21 16 5 24 3 6 27 30 23 21 4 8 0 9 5 22 12 3 18 2 7 1 30 8 22 16 2 13 23 1 0 16 5 7 13 19 20 4 28 11 20 24 20 0 15 23 23 19 8 1 0 15 0 14 2 13 7 14 21 12 17 10 9 0 28 24 29 5 11 18 2 6 1 18 1 1
7 19 4 19 25 14 19 7 15 28 7 6 27 5 13 20 8 15 6 21 12 17 14 3 18 6 21 19 29 18 3 24 17 19 19 5 6 7 28 27 24 30 18 5 13 21 27 10 11 1 0 9 1 13 8 15 3 12 29 21 29 3 19 24 2 4 19 14 28 6 20 25 2 23 27 4 16 8 2 25 20 2 1 10 28 30 18 4
