89 89
19 8 4 20 24 19 24 30 16 5 24 7 30 25 13 16 28 18 2 11 2 24 13 12 6 6 7 7 1 9 9 3 2 9 23 18 26 6 16 30 22 29 18 13 4 9 11 4 28 10 7 29 9 26 24 12 17 17 26 6 16 2 14 10 23 29 26 4 10 7 24 14 12 1 3 0 2 10 12 19 13 14 11 24 20 11 26 24 26
13 30 28 5 16 16 16 29 21 28 30 13 21 1 9 29 16 12 12 18 28 22 5 19 5 19 21 4 18 16 19 5 29 8 29 29 3 7 26 25 13 0 14 7 0 4 26 6 3 1 0 10 10 8 4 19 19 9 11 19 2 7 13 8 25 5 23 5 15 16 0 5 12 16 11 12 14 6 3 8 18 29 6 6 11 10 4 3 13
12 28 16 1 18 29 29 0 10 27 19 6 8 8 25 17 11 25 25 16 1 11 15 23 11 3 17 11 19 18 6 29 18 27 5 15 27 26 26 19 7 5 8 1 11 22 29 15 21 5 27 17 1 11 4 17 29 0 22 4 7 11 20 30 2 6 14 3 7 1 24 26 3 12 24 25 30 7 22 18 1 12 25 28 13 2 21 7 6
5 14 25 3 28 11 0 13 27 17 21 16 24 8 13 22 16 16 17 3 26 19 29 2 14 24 14 14 24 7 10 6 18 26 23 19 4 0 11 14 6 4 0 27 17 7 7 24 25 21 15 3 24 22 21 11 27 30 5 5 8 21 30 1 22 14 26 24 3 18 15 29 5 5 5 9 7 27 18 0 12 13 14 1 7 20 2 30 29
4 29 21 6 13 1 2 26 26 25 13 1 27 8 8 10 26 18 8 30 29 12 29 26 4 23 24 2 20 9 15 4 26 15 24 4 16 6 6 20 26 1 6 17 1 26 22 16 26 7 7 11 22 28 9 28 25 25 9 28 26 12 8 4 30 19 3 19 21 6 16 10 17 9 16 21 20 29 29 28 21 6 15 22 18 5 12 22 30
17 10 14 26 9 5 12 22 24 9 3 2 24 7 13 11 23 23 2 8 11 19 21 14 9 20 1 13 7 23 25 14 14 14 24 18 30 28 24 5 24 8 6 22 22 12 25 24 4 0 13 24 15 4 0 28 10 26 8 16 26 8 27 3 17 11 22 30 22 16 0 12 15 15 3 13 9 23 2 28 15 28 29 3 1 21 3 22 26
30 12 7 16 3 27 16 22 20 27 23 26 25 1 25 14 1 13 8 16 19 3 22 5 10 12 2 19 9 2 17 25 5 0 1 12 11 14 24 24 13 8 26 6 18 8 19 1 3 16 27 11 28 25 14 16 1 25 28 13 20 19 20 13 28 27 14 2 6 3 0 28 11 15 1 19 7 26 20 13 14 29 2 23 20 30 26 23 17
22 3 9 9 20 14 8 22 7 5 30 23 11 10 21 30 7 0 22 16 3 2 22 23 22 3 0 11 1 18 0 9 6 1 23 14 17 15 14 24 0 27 7 17 20 14 15 3 12 0 17 27 18 11 25 16 30 10 6 1 23 13 30 17 2 16 4 19 1 1 21 25 23 3 16 26 12 18 29 14 10 12 27 26 6 4 18 1 11
13 6 14 7 30 7 28 22 6 28 15 28 25 26 28 1 4 1 15 21 3 5 6 2 5 20 9 8 28 1 11 1 0 12 25 5 20 27 3 30 30 21 30 0 30 9 7 7 28 8 12 24 6 1 7 6 5 4 26 9 24 14 23 3 23 30 4 27 18 8 30 30 20 8 26 27 8 14 23 23 4 0 9 27 27 8 29 8 18
18 28 10 20 8 8 7 8 28 28 11 13 28 19 9 22 10 11 25 10 25 4 20 13 3 27 21 13 27 10 2 15 22 10 0 1 12 7 14 13 1 22 24 28 27 3 1 30 16 25 29 7 17 27 3 14 3 21 7 20 12 13 1 4 19 4 17 2 16 21 5 29 13 6 4 17 4 0 24 1 20 28 19 16 20 2 3 0 2
16 19 12 4 24 29 27 19 26 15 21 4 8 30 22 18 15 9 9 14 11 25 2 12 4 26 14 20 21 4 18 14 25 27 21 18 30 3 8 14 17 19 25 30 5 21 19 29 8 10 30 21 13 9 30 21 4 3 28 12 28 9 14 24 1 29 4 3 24 6 29 20 12 10 8 7 6 28 20 6 29 10 17 0 26 13 16 19 7
25 25 6 1 3 4 6 8 8 17 12 7 17 28 8 3 6 8 30 30 12 18 25 23 25 12 0 7 29 1 8 30 14 26 18 30 11 23 14 19 16 1 6 2 14 5 23 9 2 15 27 25 1 18 5 7 16 24 28 28 8 2 10 22 20 20 28 2 20 7 14 6 26 29 25 29 0 28 14 19 15 16 13 28 17 24 19 7 29
21 5 10 0 15 17 29 25 22 10 4 11 8 15 16 8 11 5 27 26 0 11 3 27 0 22 0 15 18 7 19 4 11 2 19 19 12 7 8 7 21 29 23 8 28 12 9 24 25 25 1 28 7 28 9 27 22 12 11 14 17 26 2 6 21 9 25 17 19 29 15 11 3 19 1 23 0 29 12 20 27 28 3 10 5 13 3 22 26
23 21 30 26 16 9 28 6 18 18 23 1 5 25 4 14 16 8 16 4 14 15 21 9 4 30 11 20 16 23 2 27 0 2 18 4 25 20 30 10 4 21 9 16 3 23 21 19 5 16 1 11 17 21 1 13 26 2 27 1 13 11 27 23 4 18 25 24 19 26 7 5 22 17 6 28 24 28 13 22 21 5 5 8 17 22 15 13 15
5 22 1 26 11 18 10 29 13 5 19 6 30 25 2 21 6 10 0 21 2 22 25 28 27 1 4 26 8 4 9 30 12 14 26 8 17 0 10 22 4 27 5 4 2 8 18 5 27 11 30 27 8 1 22 28 1 2 4 11 6 4 29 1 12 13 22 27 3 6 23 25 26 14 30 8 30 10 13 23 20 12 16 9 20 19 12 11 11
25 10 28 17 4 2 26 7 13 27 19 26 2 27 13 30 14 29 11 11 10 11 21 25 27 7 23 8 12 24 25 10 0 1 0 22 26 19 16 9 7 25 19 25 8 5 19 16 2 21 3 21 20 6 5 14 9 23 2 15 0 9 27 0 9 30 8 19 3 28 15 1 27 17 4 5 5 9 22 1 30 12 11 9 17 23 19 4 25
30 30 3 12 12 12 25 1 8 18 11 15 14 26 28 15 17 26 28 12 29 17 26 8 8 18 21 25 23 30 8 28 16 28 15 21 17 11 15 29 27 13 29 19 7 18 22 4 0 17 18 23 20 9 8 21 19 30 30 21 4 22 12 24 9 8 25 3 16 16 9 17 26 29 20 15 6 11 15 6 22 20 2 11 5 26 11 24 0
16 4 19 16 9 3 16 5 16 25 29 11 14 9 8 17 10 1 30 18 8 21 16 14 30 11 9 10 24 6 5 26 20 7 16 22 22 7 6 15 14 18 3 26 15 17 30 24 22 17 9 15 10 20 10 3 21 22 25 14 8 5 10 26 8 26 13 6 19 25 7 10 2 27 17 9 7 0 13 5 17 5 27 29 1 0 22 21 27
19 12 26 1 2 21 3 25 10 30 6 14 13 3 24 14 6 20 15 12 17 3 12 6 7 28 21 2 3 2 17 18 6 4 26 15 29 7 15 7 23 5 16 12 28 22 9 28 10 3 11 23 27 4 17 18 11 29 0 0 19 4 2 13 29 30 19 13 30 10 13 2 27 26 27 12 28 17 14 15 3 28 16 8 26 0 16 8 12
17 12 0 24 20 5 3 12 21 13 27 22 17 10 13 30 8 10 5 11 1 30 1 18 24 7 14 20 14 27 11 8 11 10 13 14 17 0 16 16 9 0 26 6 2 6 30 19 7 23 23 3 27 3 23 19 7 18 7 5 21 15 19 0 7 25 0 20 27 6 18 14 11 17 13 2 1 9 16 30 27 27 23 11 1 17 30 26 28
22 5 5 23 5 10 24 20 0 1 24 4 21 24 22 17 23 0 25 17 7 9 4 29 1 21 20 6 12 8 26 3 1 10 2 22 23 28 28 28 19 11 4 14 2 22 1 26 11 16 19 28 8 11 25 7 29 24 12 12 14 2 18 27 21 10 0 3 6 6 26 17 1 17 12 11 0 29 17 27 8 12 17 28 15 29 3 13 7
28 18 24 17 12 4 21 16 1 8 23 22 1 5 16 3 25 22 19 29 29 14 15 3 18 27 26 16 21 26 26 11 13 25 0 16 15 4 29 24 21 19 20 21 30 19 4 20 17 29 21 17 4 7 20 2 26 26 26 14 12 16 14 27 10 30 8 16 14 3 6 13 17 8 27 14 24 0 23 16 8 12 22 3 12 15 6 27 19
4 28 24 25 17 29 24 15 23 1 24 4 19 28 10 28 9 10 1 26 24 0 7 26 5 0 14 22 24 26 23 18 19 3 2 23 15 20 6 24 6 25 7 27 24 29 18 5 26 3 9 14 0 26 23 20 21 12 9 23 18 12 8 26 4 0 7 20 21 21 18 24 7 8 14 26 9 20 14 11 20 26 6 9 24 0 27 13 21
15 20 28 22 18 16 11 14 7 0 12 30 14 21 4 22 1 26 20 9 4 5 23 23 24 12 8 18 1 5 29 7 7 10 8 21 11 9 17 15 7 2 12 9 28 8 26 7 22 2 20 0 21 21 29 29 24 30 27 7 29 3 22 10 0 17 21 19 12 17 9 16 17 14 26 3 21 10 26 18 19 11 10 21 29 7 13 1 1
17 10 20 0 5 3 26 4 6 8 28 19 22 4 30 0 15 19 1 7 3 16 13 11 21 12 21 18 9 17 7 0 1 21 25 17 24 3 7 16 1 5 6 2 19 25 20 30 18 28 29 2 0 16 29 28 5 25 30 27 14 5 26 28 2 4 25 4 25 6 21 14 3 30 19 12 30 3 8 30 23 30 8 20 13 30 14 30 12
6 22 16 27 23 1 10 3 10 11 11 25 29 0 27 29 16 17 4 30 30 16 4 8 21 23 5 7 11 15 19 6 30 24 21 19 26 22 25 0 13 17 20 21 26 11 29 2 14 19 5 11 2 8 3 4 13 18 22 22 16 9 18 26 5 21 12 24 18 14 7 27 1 11 28 20 1 21 29 20 12 19 11 14 12 4 13 22 27
28 27 5 21 8 3 16 9 5 20 26 17 4 2 0 4 19 4 11 19 27 8 20 22 16 22 1 16 27 7 9 9 17 5 24 13 29 22 13 11 14 1 1 7 29 12 18 9 6 11 12 3 21 1 22 14 28 17 30 24 27 23 30 17 8 20 27 1 9 10 7 4 0 11 8 13 9 11 5 11 9 21 22 26 23 20 5 4 19
0 17 10 30 1 6 20 11 10 19 22 30 11 5 19 8 0 5 23 23 10 20 18 3 9 1 11 5 15 16 16 8 5 5 25 23 3 26 24 21 26 5 23 25 21 11 1 24 1 0 5 2 28 2 9 18 11 6 25 16 7 9 16 20 2 28 2 9 19 29 21 20 18 29 18 23 0 15 7 30 15 18 15 17 26 14 1 22 17
5 10 27 4 24 20 3 15 21 13 25 27 10 21 14 0 6 25 4 18 15 7 15 2 0 22 28 24 14 17 23 18 5 6 21 24 10 15 0 21 2 10 24 11 4 26 27 27 20 6 30 17 21 9 19 24 13 28 10 30 16 13 25 26 9 1 26 1 7 6 30 0 15 19 15 1 2 1 13 27 0 27 16 4 29 17 4 25 4
27 25 15 28 3 23 6 6 24 3 12 8 27 15 18 28 26 0 17 1 23 28 10 29 8 25 14 7 16 0 29 20 11 5 4 27 17 30 13 13 3 15 9 8 28 17 30 13 17 13 5 19 23 12 7 21 1 4 21 19 29 29 19 12 20 28 12 27 13 30 16 2 1 3 17 26 29 28 1 14 24 1 12 26 12 20 5 21 0
11 27 19 6 25 29 2 24 2 20 29 6 9 23 17 6 19 8 14 5 26 9 27 11 26 30 13 8 13 6 13 27 14 9 0 10 5 9 14 30 5 13 4 25 13 6 16 3 3 0 17 22 15 26 8 16 1 30 19 13 28 26 29 0 20 6 24 15 21 0 23 17 16 1 1 9 30 24 11 26 11 11 2 29 8 17 5 26 29
25 7 9 7 10 13 24 9 7 7 4 24 20 19 8 3 16 15 27 11 25 12 25 26 17 19 20 30 30 9 3 3 11 8 8 2 26 26 11 1 1 26 0 30 27 18 24 25 0 23 17 8 6 30 25 4 30 3 22 9 26 27 26 18 11 12 14 24 19 24 14 26 30 8 2 26 22 19 20 22 12 25 8 24 27 3 4 5 8
13 20 26 13 23 4 1 25 0 26 24 25 8 11 24 19 6 3 20 14 8 23 21 8 3 27 18 10 28 23 23 17 2 30 17 0 29 0 23 29 1 24 22 2 6 23 11 24 16 22 16 7 12 27 8 1 28 3 0 21 20 18 19 15 2 2 0 10 7 7 13 18 15 24 14 16 3 0 13 23 30 17 18 25 12 29 28 12 10
15 9 17 17 13 25 9 4 20 26 29 29 25 0 9 20 22 18 3 4 10 24 0 16 14 3 3 27 27 6 0 16 22 14 2 23 5 3 19 23 29 28 17 17 14 11 22 3 14 22 12 1 20 26 2 21 18 26 24 20 8 20 1 20 5 10 22 12 20 12 22 24 25 26 11 0 21 24 12 26 28 17 27 11 7 11 27 1 13
24 16 7 6 28 3 21 1 23 23 25 17 30 10 19 0 27 22 8 14 25 8 2 12 19 30 10 14 1 24 17 25 10 28 12 11 29 30 8 2 23 20 10 4 12 28 11 24 12 14 23 2 8 1 19 2 17 13 26 9 26 29 2 29 28 4 29 13 11 30 28 14 12 14 1 6 18 12 28 15 4 3 5 23 29 4 0 20 12
17 23 5 22 21 6 10 25 29 19 11 28 10 23 30 20 0 29 9 0 22 11 0 10 29 3 10 3 30 14 30 5 11 8 14 0 9 23 20 1 13 11 4 18 18 21 4 12 3 7 27 20 19 5 29 28 20 13 9 9 13 13 23 27 23 13 11 10 21 29 20 15 24 6 3 26 10 29 0 12 2 6 10 10 5 29 10 18 7
1 21 14 1 17 10 8 25 6 21 19 4 2 28 30 14 11 27 14 8 7 23 0 16 25 24 17 5 18 29 17 21 12 26 4 21 13 25 11 20 1 4 16 21 17 24 9 26 13 9 24 16 28 10 7 16 24 15 17 14 29 25 14 20 22 1 26 15 29 9 4 9 1 27 21 25 14 27 16 7 17 26 12 11 11 20 16 1 5
22 23 9 16 15 12 19 14 6 8 28 3 27 25 15 16 18 19 2 14 24 9 5 19 23 4 26 21 2 7 13 7 27 16 2 7 11 27 24 5 20 29 29 23 20 17 3 4 30 15 27 14 19 5 27 3 19 30 13 4 25 26 10 28 25 23 19 16 14 20 11 28 25 9 29 20 11 24 8 24 8 9 30 9 21 3 15 12 20
5 16 26 17 2 11 18 9 0 23 14 9 7 27 29 13 3 4 24 23 7 6 23 30 6 17 22 16 22 12 16 7 1 26 30 4 19 16 16 21 3 22 5 5 14 13 11 4 10 29 6 15 0 12 14 10 24 17 20 5 29 4 7 6 24 19 16 2 4 5 17 14 2 22 4 11 6 28 27 29 19 2 6 5 20 8 15 9 10
6 2 26 21 28 4 17 23 23 28 27 2 22 18 27 25 24 1 24 24 29 7 12 24 20 5 7 26 13 1 19 17 22 2 13 26 11 1 18 26 3 24 15 14 16 3 26 4 27 8 16 1 16 23 26 5 21 4 18 2 17 29 0 26 1 29 1 12 3 28 11 18 5 10 18 15 6 0 20 19 24 6 25 10 10 30 27 29 11
22 13 30 10 5 20 7 23 13 0 2 24 27 5 11 29 7 9 16 23 24 1 17 23 11 12 26 30 27 12 0 3 28 2 0 1 11 5 0 18 20 0 1 30 12 0 30 2 1 26 12 26 1 30 2 21 17 8 22 26 23 14 13 9 14 28 29 18 8 17 5 10 11 1 8 21 17 17 3 0 0 19 15 14 11 11 12 21 9
13 7 20 10 25 0 22 18 25 9 3 15 26 7 30 21 14 8 29 16 5 12 26 1 9 28 17 14 27 3 26 10 26 28 19 18 18 5 23 26 10 27 30 3 27 23 27 16 4 26 30 1 10 29 3 8 30 25 10 19 23 26 17 17 8 26 25 17 15 12 11 3 18 25 0 24 11 22 5 12 14 12 20 7 22 3 14 16 21
28 21 17 3 7 9 21 20 19 2 6 24 18 24 10 12 8 20 12 28 18 10 30 3 17 27 22 23 27 19 27 20 21 21 6 17 10 3 4 0 9 27 14 23 19 26 5 1 26 7 19 29 0 19 18 0 1 10 12 7 27 8 6 14 20 2 5 6 3 16 28 5 23 16 2 29 6 29 19 3 20 3 4 22 9 0 8 17 30
7 8 25 15 0 29 25 7 8 30 12 4 28 19 27 25 26 21 13 5 6 13 28 29 4 3 26 3 27 25 15 9 3 9 23 9 30 12 5 30 22 18 30 16 9 18 1 23 12 23 22 10 8 10 27 20 15 14 19 10 6 24 11 24 4 4 18 8 3 25 15 22 21 0 7 18 26 28 29 1 7 28 9 26 29 15 17 10 14
6 21 20 11 23 17 0 29 3 15 1 8 29 18 11 17 3 16 3 14 15 13 0 9 18 2 18 2 0 17 23 2 7 16 3 13 12 2 17 14 30 28 14 24 30 7 28 11 17 8 9 9 18 21 17 25 22 9 10 3 27 14 0 21 15 29 27 3 13 28 6 5 13 9 17 28 13 27 7 18 23 17 24 19 1 30 14 26 14
27 7 24 25 1 22 12 2 13 24 7 20 28 3 11 29 9 12 15 15 27 7 15 15 1 3 0 19 1 25 14 30 8 7 21 29 7 17 27 18 3 26 6 0 30 30 27 4 30 27 17 3 5 11 0 22 11 4 5 23 7 10 24 24 19 18 12 10 1 3 21 8 23 21 28 8 6 0 24 28 1 16 20 1 10 16 5 14 24
21 1 22 26 23 8 0 19 19 25 4 25 9 23 9 2 27 1 7 18 3 1 14 22 3 27 23 13 19 7 2 7 21 20 30 13 22 25 17 21 9 4 4 21 0 25 15 14 27 23 6 27 11 14 26 13 16 25 8 2 25 11 6 18 3 4 1 3 28 16 8 10 23 22 10 24 17 22 18 30 12 17 0 3 2 30 15 9 19
13 12 7 21 25 15 19 19 23 4 15 26 24 12 13 4 18 28 13 26 12 11 21 21 27 5 21 27 11 5 30 10 0 29 0 23 29 26 7 19 16 22 15 11 24 13 17 21 19 19 19 9 13 0 18 14 17 24 4 25 0 26 21 25 2 11 28 14 6 4 30 7 27 28 28 24 30 0 20 19 23 17 18 19 2 10 27 11 11
7 9 30 4 7 4 11 30 20 8 30 9 15 22 5 30 12 30 10 10 7 22 9 11 10 15 11 25 24 4 16 7 0 1 0 2 27 13 11 8 27 9 11 16 23 4 18 16 1 12 27 21 13 4 2 21 12 20 28 12 24 19 12 2 16 29 3 2 23 10 13 7 23 13 19 24 15 3 22 28 5 9 8 17 13 6 15 16 11
20 9 21 15 2 23 17 29 28 15 20 21 30 3 13 16 20 30 12 23 17 10 5 2 20 20 24 4 18 17 2 28 17 27 10 23 12 2 14 8 5 23 15 26 28 21 12 3 21 2 28 27 11 12 7 29 23 28 28 23 30 25 25 11 9 19 29 25 29 24 26 30 7 1 23 27 9 0 30 29 15 28 18 18 21 18 21 6 29
26 2 23 12 26 1 21 0 9 0 15 28 28 27 8 29 1 6 15 24 26 11 26 9 26 18 17 29 14 18 19 20 2 11 7 25 2 27 19 1 7 0 5 17 19 23 29 22 1 22 12 2 9 0 5 21 11 9 22 14 30 6 18 17 27 0 12 26 30 27 18 17 9 30 3 6 9 30 5 1 27 10 7 12 25 5 18 29 4
3 17 14 22 5 23 8 4 6 8 3 7 29 9 23 26 28 7 0 8 28 18 22 3 22 18 30 3 22 0 8 23 16 2 28 15 12 16 18 19 11 30 10 25 29 30 15 17 28 1 23 25 1 17 15 2 19 21 9 1 24 22 18 30 9 29 11 6 24 25 5 30 10 25 2 5 21 1 0 0 0 2 30 16 30 16 26 1 11
12 10 28 27 0 12 10 28 20 28 13 0 0 13 2 17 27 26 6 7 17 12 11 30 21 14 4 9 25 12 9 23 5 11 11 5 26 4 5 4 22 29 6 26 8 22 18 6 23 14 7 9 5 26 10 2 25 11 24 26 28 12 1 10 18 4 5 4 6 24 10 13 13 27 16 3 25 28 12 1 2 26 22 27 14 29 12 25 29
8 4 30 21 13 2 29 25 3 26 10 7 3 8 8 21 1 2 28 12 9 27 7 6 16 24 28 4 0 12 24 21 15 7 11 14 2 1 26 10 16 7 8 8 11 3 25 19 2 27 2 20 5 6 0 17 19 0 29 29 8 3 2 17 26 14 20 5 30 17 17 27 7 28 1 12 3 17 30 23 19 7 27 18 6 24 13 9 21
14 5 26 11 28 10 3 18 21 4 2 16 6 9 3 8 3 18 19 14 9 26 17 0 3 15 19 22 7 20 9 3 18 13 27 19 19 28 21 3 14 23 10 30 29 18 4 14 6 14 22 2 16 8 5 23 10 17 23 15 19 1 28 17 13 18 21 13 22 17 5 15 5 19 2 21 19 13 24 28 11 12 15 2 2 25 5 21 9
13 7 15 21 11 5 19 9 25 10 9 12 19 9 14 1 24 20 4 21 29 3 30 17 16 9 1 27 10 21 8 0 8 24 17 23 29 9 4 10 14 28 3 19 18 24 14 2 10 2 30 26 2 20 23 4 6 2 24 18 18 19 3 1 12 8 18 24 23 21 22 30 1 0 25 4 29 11 6 12 8 0 21 9 28 0 19 10 7
17 9 27 12 30 11 26 3 6 11 13 20 30 0 16 25 22 1 26 20 3 14 30 21 13 7 30 25 19 24 25 20 29 18 7 30 18 29 29 17 16 14 21 23 21 30 5 19 19 10 20 9 30 9 28 20 21 16 23 27 0 6 3 23 23 12 22 11 30 16 15 12 26 21 6 6 23 24 6 29 27 3 29 2 7 8 5 13 1
14 19 0 1 15 10 20 2 18 2 20 22 21 2 22 9 2 6 14 21 11 17 23 21 6 13 29 19 9 4 24 5 9 27 1 20 10 13 17 2 3 12 22 23 22 9 11 12 29 2 9 3 5 14 28 20 17 1 17 27 16 20 28 30 13 28 4 0 15 8 8 8 9 23 6 10 27 22 29 24 12 3 18 11 6 6 7 18 18
27 15 30 22 15 0 14 25 28 9 0 16 20 17 13 16 25 0 9 29 14 7 17 15 16 1 21 15 18 20 28 2 0 9 30 20 15 9 25 25 27 28 16 26 1 6 17 13 28 7 14 21 16 26 16 30 5 12 17 30 27 8 18 17 10 24 23 2 19 13 1 0 21 3 26 24 12 23 12 12 10 12 14 19 25 27 12 25 19
25 7 22 18 19 22 2 1 27 11 6 5 15 18 19 23 22 16 24 13 8 21 1 11 22 23 30 3 21 22 22 0 7 7 4 5 9 20 9 24 10 3 7 7 2 19 28 17 21 11 10 9 2 0 0 8 26 14 17 15 16 15 17 17 19 18 18 28 10 8 29 3 20 25 5 1 19 0 21 4 25 17 30 5 7 13 17 3 6
5 6 2 11 18 5 19 2 20 27 6 4 29 28 17 3 30 12 10 29 19 24 14 18 14 24 12 4 12 17 8 0 25 25 23 27 20 18 17 6 22 1 30 19 21 16 14 3 1 24 28 3 13 18 29 11 1 25 29 7 8 27 9 3 6 1 9 0 24 23 9 10 3 2 13 7 1 25 8 27 7 12 26 17 2 25 25 13 11
12 14 14 10 22 24 2 11 6 8 5 18 29 17 17 15 18 13 30 21 27 5 2 5 15 29 27 7 20 21 8 15 27 22 18 9 7 20 18 26 15 15 8 26 1 27 18 17 2 27 1 12 8 3 29 3 17 14 21 1 5 11 15 15 22 19 9 30 15 16 4 3 27 24 0 20 26 21 0 15 27 12 16 14 2 27 6 7 30
1 21 22 23 2 24 14 19 14 30 19 28 10 19 8 8 10 20 10 3 0 20 7 25 7 15 22 12 7 13 13 18 4 16 23 4 9 11 23 1 15 12 19 3 19 11 19 16 30 5 15 21 2 20 30 21 1 28 29 10 6 5 16 1 20 15 23 26 19 18 15 5 0 27 14 24 17 29 9 28 11 0 8 1 2 16 21 20 8
2 12 4 26 12 23 6 12 13 10 5 12 18 29 8 16 28 7 15 21 28 8 19 19 5 9 20 2 23 26 9 8 27 1 16 24 4 15 6 25 13 28 14 15 16 30 12 10 28 1 25 18 5 12 21 26 8 25 0 20 28 9 18 25 13 2 15 12 12 30 19 9 22 17 5 7 14 18 10 28 6 21 18 18 12 6 9 13 4
22 7 0 10 29 21 0 15 8 27 2 21 4 27 4 28 8 26 11 4 28 4 6 12 17 18 21 29 19 4 16 29 11 9 15 16 9 1 26 8 20 11 25 20 24 25 25 27 22 22 25 3 17 21 7 3 11 5 15 3 5 1 28 15 16 8 30 16 5 11 0 30 17 20 4 1 0 11 18 11 25 3 12 23 26 16 18 2 19
26 29 22 5 11 17 4 8 10 18 22 7 22 14 9 1 3 5 5 14 27 29 4 29 5 18 20 29 22 21 15 1 3 19 13 15 6 1 2 9 20 19 9 12 7 21 10 18 20 7 21 28 14 28 29 15 3 15 6 12 24 6 4 12 6 19 14 1 19 2 25 12 4 2 14 15 16 29 9 28 8 24 5 26 8 8 13 19 13
1 7 16 0 1 5 15 0 5 21 13 20 9 4 15 19 21 13 9 24 10 25 9 4 24 12 7 12 25 27 0 22 23 13 1 24 26 3 11 7 5 4 30 17 25 11 0 10 3 12 23 0 27 19 9 5 1 17 7 12 10 29 17 3 27 25 6 12 5 29 21 27 27 5 30 16 28 30 18 9 17 17 25 4 23 6 20 11 24
23 24 28 8 8 14 17 24 11 5 14 6 18 29 11 17 15 10 8 12 4 19 14 21 22 6 29 14 13 2 18 22 17 26 12 11 3 30 30 14 4 18 27 0 30 12 4 23 2 5 3 20 27 14 15 1 18 1 15 19 22 15 22 1 6 9 22 24 20 16 15 14 3 1 22 3 8 2 23 10 12 12 3 25 28 5 18 17 5
28 19 24 8 14 10 28 21 4 23 20 1 13 30 24 10 14 5 0 16 9 12 16 18 11 9 0 1 17 22 10 21 19 5 22 26 24 2 20 14 30 22 22 15 23 17 22 28 11 19 26 13 27 4 12 6 28 9 17 23 22 0 15 6 25 10 4 26 27 11 12 1 2 15 26 5 26 19 4 4 22 28 21 14 26 23 16 8 24
28 13 6 11 3 21 5 7 25 28 12 5 18 19 28 7 24 13 6 20 14 7 29 23 26 10 29 5 28 12 28 23 28 17 5 13 17 22 8 3 11 1 16 15 21 3 27 19 19 16 6 0 20 24 0 23 0 16 23 3 15 5 7 28 24 30 10 19 6 11 16 10 15 28 20 10 12 2 8 11 14 7 20 12 18 27 28 14 3
29 22 23 19 15 8 14 26 15 12 23 1 4 18 5 25 9 19 8 5 30 8 28 1 23 28 21 8 10 19 10 11 28 8 18 1 27 11 19 22 5 25 30 2 25 28 7 16 25 21 5 12 5 24 1 27 4 2 21 12 13 25 16 23 24 18 0 18 12 20 1 11 9 11 2 4 12 28 4 4 26 13 30 9 23 24 4 4 16
16 11 7 4 14 17 9 18 4 17 4 27 15 5 2 13 30 19 30 13 28 27 16 2 11 12 12 2 2 1 2 19 4 17 18 25 4 12 26 27 4 13 12 7 5 16 13 28 6 24 1 16 5 3 26 11 26 17 21 18 1 4 18 6 26 26 24 18 10 18 17 27 8 20 28 7 17 7 2 12 2 16 0 7 28 20 11 30 0
13 20 1 27 4 23 13 2 29 19 25 15 16 7 17 8 3 26 2 6 20 15 20 18 21 29 6 16 6 18 5 27 7 0 20 25 24 5 25 0 29 25 6 20 20 3 28 0 6 28 26 5 12 20 3 22 24 25 9 2 24 6 25 12 27 2 0 16 29 17 19 22 22 0 0 18 4 17 15 23 13 10 30 0 28 3 24 16 11
30 20 4 3 20 28 17 22 4 25 24 3 9 3 17 3 21 25 5 15 14 4 9 22 24 20 22 6 18 29 5 1 29 14 26 17 17 8 19 12 26 30 8 28 18 19 12 16 26 1 8 9 17 29 6 19 23 16 3 8 2 24 25 6 6 8 3 1 25 14 28 8 30 29 6 4 4 23 27 26 20 24 15 6 6 14 30 16 24
26 12 14 28 27 8 25 26 2 2 23 16 5 10 22 4 6 17 8 7 0 25 30 0 23 25 22 17 3 30 28 27 1 8 9 26 0 6 20 19 28 15 20 24 2 21 17 10 9 22 8 5 27 7 29 14 24 28 24 28 23 5 11 19 24 5 21 20 27 16 8 19 6 12 9 7 2 20 18 10 12 26 16 23 22 7 17 15 2
12 12 13 10 1 22 4 7 18 28 19 11 27 10 15 30 1 27 28 6 4 7 20 0 20 11 1 12 5 6 12 9 10 0 21 23 20 18 0 26 7 23 11 0 13 5 30 17 18 13 29 30 23 14 17 28 14 24 13 10 6 4 3 23 17 17 8 29 29 3 5 17 14 10 22 14 8 5 12 20 21 17 29 27 28 11 5 30 15
0 22 7 11 22 6 23 23 23 19 5 9 9 2 18 0 1 15 10 29 26 5 5 17 2 13 10 24 8 12 25 21 7 23 7 21 12 13 25 11 8 7 4 18 21 24 16 2 19 11 16 20 20 12 18 21 4 10 24 9 29 26 5 0 3 9 18 4 7 4 29 5 24 5 10 5 15 23 18 22 18 6 19 21 30 26 24 10 12
7 0 29 23 13 6 2 17 14 16 15 2 20 21 15 22 23 7 29 16 22 3 16 24 1 7 4 28 16 11 21 22 30 26 28 11 15 9 5 19 22 11 22 12 13 19 18 23 12 30 7 11 21 0 6 14 15 29 17 18 13 7 28 0 25 0 9 27 18 20 21 22 24 17 7 22 0 15 11 28 3 1 3 8 21 22 15 2 21
0 28 18 1 25 5 25 2 5 30 6 23 11 10 9 16 26 11 10 11 27 25 8 8 20 4 3 0 5 3 3 28 8 17 21 29 0 20 22 7 28 11 5 23 16 24 26 10 15 29 22 30 13 20 23 23 19 18 13 8 14 23 4 25 2 24 13 7 26 9 17 6 30 3 29 3 15 18 7 26 5 24 0 29 20 16 26 11 28
1 5 0 7 15 10 22 20 4 21 4 12 5 29 14 14 19 2 6 13 17 24 26 16 0 23 18 29 19 3 19 28 9 7 27 10 3 20 17 4 12 30 22 14 23 23 11 15 11 30 0 8 29 6 11 7 12 14 24 3 10 0 5 18 27 1 8 7 30 20 25 27 29 21 26 21 16 14 14 17 20 15 7 25 27 8 13 23 4
21 19 30 12 8 29 11 29 6 4 16 10 30 5 11 22 24 17 19 6 5 27 0 28 5 25 29 13 17 6 6 14 6 26 10 8 3 21 10 0 4 25 28 28 0 28 17 13 5 28 9 17 18 21 18 2 22 3 18 0 25 8 17 20 8 13 25 12 25 23 0 30 3 6 24 14 11 26 24 27 20 7 28 15 25 16 0 13 25
18 27 14 5 28 24 4 5 0 12 11 10 16 20 24 15 28 24 7 10 4 6 28 27 13 26 10 21 24 18 23 28 15 8 19 17 16 0 5 6 1 26 19 20 6 2 29 28 28 10 2 18 19 21 10 5 6 28 15 27 10 15 11 22 4 13 7 15 19 6 7 9 11 25 29 22 20 0 14 28 11 26 22 8 11 29 23 15 0
30 16 20 9 0 16 14 30 12 24 28 11 8 5 15 28 15 14 12 23 20 5 2 12 19 21 14 3 21 7 0 21 26 29 1 28 27 19 11 9 7 21 2 30 25 10 25 24 19 1 14 7 1 28 17 27 30 24 20 21 14 15 20 21 29 0 7 23 0 24 21 9 1 24 3 2 28 6 11 11 17 3 21 15 0 21 1 1 19
9 29 27 18 18 19 30 8 15 23 20 0 24 13 21 1 23 2 0 16 18 0 6 18 3 7 0 16 18 15 18 14 15 18 19 12 24 15 13 22 26 24 9 4 19 5 5 4 6 29 11 6 4 2 7 15 23 6 23 18 20 14 12 12 28 24 6 9 5 12 2 14 16 1 9 4 23 5 5 15 16 21 17 24 27 19 2 30 28
26 24 3 12 30 30 6 17 28 27 0 12 19 23 7 7 24 27 15 7 6 8 4 30 3 4 28 11 19 0 1 6 15 26 24 13 13 5 27 20 3 7 20 25 12 25 8 5 19 26 24 5 14 8 8 20 9 15 0 14 8 15 18 25 0 11 17 21 26 26 18 8 11 4 28 26 8 11 10 24 14 17 13 12 8 23 13 1 7
15 8 15 1 5 12 17 6 11 26 10 19 27 22 17 2 0 12 0 22 21 8 12 15 10 24 20 2 19 16 2 24 0 18 28 26 3 24 18 6 2 3 0 13 0 29 0 17 1 30 17 0 16 17 9 5 0 22 17 6 1 9 19 7 6 12 1 15 6 25 29 23 6 20 22 30 4 12 26 6 16 2 29 12 20 13 23 19 29
12 28 1 25 13 22 30 5 26 13 9 25 1 27 5 23 24 7 26 25 3 5 22 6 23 6 10 29 4 18 8 0 12 30 22 25 30 28 5 18 13 4 26 13 10 1 0 1 19 17 2 19 15 27 15 22 17 3 13 22 12 13 9 12 28 30 18 7 27 7 30 1 27 18 13 16 8 6 4 21 3 29 10 8 2 9 5 1 4
13 22 30 20 11 5 18 10 15 5 12 26 3 18 17 18 0 18 17 29 1 17 0 21 16 1 29 3 19 5 6 20 11 14 6 17 17 16 6 27 27 5 28 28 14 30 6 24 1 18 27 12 12 1 5 27 13 27 17 13 18 25 27 1 14 6 28 29 25 24 25 15 13 25 12 27 9 4 25 7 26 14 28 5 23 17 14 10 11
17 8 10 2 27 9 16 12 4 8 27 1 21 30 18 21 7 17 29 10 6 19 12 13 1 27 2 25 27 9 6 30 29 25 29 17 10 26 23 12 29 23 25 5 9 9 3 0 13 3 6 18 25 23 17 13 29 29 27 20 0 6 25 25 6 18 19 26 13 8 22 16 4 11 27 17 3 13 25 16 6 12 21 3 29 8 5 13 12
