90 90
25 28 24 17 9 12 3 0 9 19 22 24 29 12 2 5 8 3 6 21 4 9 29 27 16 12 6 13 18 29 26 21 27 21 4 0 16 22 12 26 17 23 3 13 9 1 2 7 0 8 8 24 8 14 10 12 19 6 14 16 17 3 26 20 23 15 2 14 21 28 27 26 14 9 23 18 29 20 18 4 25 15 17 23 24 19 7 19 7 8
13 13 7 21 9 14 13 13 10 22 28 29 21 19 12 17 11 25 5 15 7 12 29 19 23 28 25 16 18 29 0 26 1 14 7 14 2 18 10 22 19 30 9 30 15 22 27 2 20 25 15 0 13 18 15 22 25 6 28 2 14 12 8 13 2 11 0 11 1 0 11 2 0 0 28 1 8 2 30 28 13 14 19 17 14 12 30 4 15 22
11 6 25 25 28 0 1 21 4 17 15 25 6 7 18 25 18 29 27 28 3 29 0 12 13 13 7 22 16 28 12 8 20 25 19 9 20 17 23 28 0 4 5 12 21 11 5 19 15 11 23 20 20 4 15 9 14 13 2 5 25 26 16 25 4 9 12 29 27 16 0 18 2 28 1 29 1 20 28 4 9 27 26 7 1 4 13 19 17 12
13 1 2 9 0 8 16 3 2 0 1 17 27 30 23 28 19 10 26 23 19 14 22 9 29 10 25 2 11 9 9 15 14 25 28 15 17 21 15 24 10 9 29 30 28 8 8 28 6 16 1 3 29 26 20 0 16 21 0 7 23 17 27 19 1 19 2 21 16 0 27 1 0 2 21 13 20 22 16 29 5 6 18 29 14 0 22 14 15 19
16 4 4 23 17 9 19 24 8 28 8 6 5 7 30 6 26 29 9 0 18 8 4 4 29 2 3 15 6 15 2 24 11 7 11 10 10 5 7 29 28 19 18 16 2 26 5 30 14 29 16 12 10 12 24 23 8 18 28 14 20 29 24 30 20 11 22 24 10 12 5 5 19 7 30 11 10 25 10 29 23 8 13 16 29 28 1 13 26 8
0 12 2 26 10 16 27 15 9 3 14 23 23 9 27 2 19 20 10 17 18 14 12 22 20 24 26 4 28 6 27 7 11 18 26 11 7 22 19 2 25 8 11 2 30 24 10 14 19 25 0 9 12 8 20 1 23 0 7 7 30 18 10 19 26 12 27 4 28 30 13 13 16 22 28 1 26 7 26 14 5 3 15 11 0 12 30 20 22 5
22 18 28 5 19 7 5 29 5 25 25 7 5 17 6 5 8 30 30 25 24 24 13 1 15 1 4 12 10 1 7 1 4 6 18 3 2 4 24 28 20 28 19 9 26 13 22 1 7 17 30 5 17 6 10 24 7 29 17 22 13 9 5 17 13 2 20 4 10 0 28 20 20 27 30 10 14 3 16 18 24 6 10 19 12 23 5 28 15 11
21 7 18 17 1 12 25 13 28 8 6 23 17 23 26 0 6 14 5 15 7 23 29 21 7 12 14 22 11 10 6 25 26 1 19 12 9 27 15 10 8 29 29 22 5 26 29 27 4 6 6 11 24 23 9 2 21 28 30 0 17 27 24 19 29 0 1 18 5 6 22 20 29 20 27 6 17 9 30 11 5 9 12 28 4 23 19 24 10 0
9 6 24 24 5 0 30 6 14 5 24 24 2 25 8 6 24 11 26 9 25 24 12 2 18 7 9 26 4 0 12 1 4 24 29 24 0 27 18 19 26 21 30 8 2 25 20 21 18 4 26 9 17 22 0 12 30 1 23 28 29 25 14 2 29 20 16 2 15 26 10 5 16 17 10 7 24 3 3 17 2 15 2 17 22 26 15 0 20 21
7 27 27 11 20 6 16 24 18 29 9 23 14 1 18 19 24 0 5 14 19 7 20 8 28 28 14 9 29 10 29 7 14 21 15 6 10 23 8 18 15 6 29 0 25 30 14 1 23 16 10 10 5 27 7 24 3 18 28 1 18 0 10 29 12 12 16 7 15 13 16 25 20 26 10 25 16 5 5 17 4 12 23 5 21 22 17 21 25 7
2 1 30 17 19 27 15 5 6 6 5 29 3 26 1 14 18 21 14 26 4 20 14 15 24 8 12 11 20 20 12 2 7 27 17 21 24 4 24 30 14 18 20 0 28 29 17 27 7 3 2 27 5 27 7 9 22 7 4 8 18 0 26 11 29 2 6 19 11 8 0 25 21 30 2 7 20 4 15 0 30 8 21 18 10 9 15 25 26 2
25 7 7 18 15 22 6 0 10 19 23 28 28 5 28 5 30 8 28 28 2 10 3 28 9 13 25 2 19 29 5 28 14 2 15 16 1 5 17 12 5 17 12 4 19 27 11 15 30 21 12 11 13 1 3 6 4 29 11 19 19 12 22 3 12 17 7 5 25 19 21 4 6 6 26 23 2 15 28 17 28 18 21 28 6 21 28 12 28 2
8 15 17 28 18 0 29 7 4 3 1 10 30 13 12 1 20 16 9 25 25 27 6 9 28 5 23 7 27 22 10 21 0 23 28 29 16 18 11 8 21 7 13 18 12 17 12 6 6 16 16 21 13 30 30 8 21 24 7 23 0 0 25 28 26 23 15 16 11 3 27 0 7 0 25 23 16 21 27 25 30 22 28 0 3 17 16 1 24 9
10 17 4 17 7 26 11 27 26 20 12 12 22 26 29 1 26 10 22 12 19 10 10 18 25 18 1 2 2 5 0 30 26 4 21 15 23 20 23 8 4 6 17 24 10 21 6 13 20 18 28 7 19 10 16 1 23 13 28 26 3 29 17 0 20 14 18 15 25 16 2 29 6 26 8 21 30 14 19 23 30 26 8 17 10 13 9 26 22 5
7 19 13 2 27 9 6 23 11 10 9 17 16 1 13 0 10 8 1 21 16 14 3 21 24 26 6 30 12 0 29 30 5 29 28 5 10 3 25 3 20 4 28 22 5 26 28 3 22 3 28 10 7 4 21 4 15 8 23 13 5 4 21 18 4 18 14 9 15 30 13 8 11 16 30 1 15 2 30 13 15 8 30 14 6 18 11 3 16 8
10 2 10 13 14 13 30 27 9 5 10 2 5 14 26 20 29 4 22 14 11 9 24 28 28 14 25 1 10 3 10 21 14 17 13 18 30 24 2 18 28 28 23 13 22 23 24 9 14 28 3 19 16 21 22 16 0 19 0 12 23 23 0 22 15 4 0 26 23 1 23 26 21 4 10 29 3 0 26 1 19 0 28 6 13 10 13 30 22 10
24 5 27 29 25 8 12 25 6 2 20 23 28 19 12 17 20 10 11 24 13 8 9 9 16 1 23 14 14 28 21 19 8 1 3 1 15 9 3 7 27 19 6 19 6 29 6 20 26 19 14 9 27 23 24 10 15 13 25 30 9 11 5 4 8 30 6 28 6 12 11 11 20 19 14 16 13 17 5 0 16 2 2 21 22 26 12 18 17 15
16 8 30 9 29 3 4 16 1 24 20 25 24 2 30 20 12 8 6 25 27 18 11 19 0 17 0 29 8 18 13 12 15 6 21 26 24 11 3 2 9 4 6 15 24 8 1 12 4 8 7 2 9 29 8 2 2 9 4 20 13 14 12 21 7 22 0 10 5 25 15 30 13 26 28 8 11 24 29 11 4 13 20 24 16 23 8 30 22 16
22 15 20 0 6 17 7 7 0 15 10 26 22 9 16 16 15 0 17 30 15 30 21 20 26 25 18 16 1 23 0 6 7 11 23 20 3 12 6 19 4 25 28 10 26 4 13 4 12 9 21 14 10 29 5 7 16 20 12 10 29 30 21 9 30 19 3 15 11 2 28 0 21 17 11 6 13 7 1 12 13 12 25 12 7 30 21 27 15 11
20 21 5 16 12 30 2 23 11 3 1 20 20 9 11 10 26 10 9 7 2 18 18 21 1 19 5 20 2 20 22 10 0 23 25 19 16 9 6 6 20 28 11 17 12 21 22 16 9 5 9 11 10 5 0 17 26 10 21 3 7 16 16 1 4 23 11 26 5 7 12 28 18 10 19 20 19 14 28 21 16 9 15 28 20 26 21 9 29 2
19 12 24 21 16 28 26 14 14 14 5 9 2 6 21 0 21 26 6 21 2 11 18 11 11 2 11 19 14 9 26 18 27 24 27 7 17 25 28 6 16 13 18 3 1 30 30 22 14 11 19 17 1 30 4 12 5 7 26 10 1 14 23 17 18 25 19 4 21 17 19 30 19 23 5 23 21 1 22 6 11 29 17 22 27 3 26 27 22 26
2 7 7 11 19 20 10 2 9 27 19 27 27 26 27 0 8 22 21 21 10 14 25 15 18 13 5 28 9 30 26 7 22 12 2 25 7 6 0 4 1 22 2 9 3 19 28 21 4 15 2 4 0 29 11 7 6 27 3 25 10 17 14 1 24 3 11 23 19 16 16 2 15 21 8 19 7 20 7 1 22 13 13 17 18 17 11 12 24 25
29 26 11 3 1 24 7 30 12 1 26 2 11 19 24 6 17 23 25 25 26 20 20 0 30 1 28 3 23 21 30 8 22 4 24 21 27 9 19 29 1 27 13 15 7 17 30 9 16 25 0 6 28 13 16 4 13 15 29 23 24 23 14 12 0 1 1 26 30 11 16 16 29 11 23 22 6 9 0 6 28 7 28 21 1 6 0 9 23 19
17 17 0 5 30 10 19 16 6 13 9 7 19 1 9 4 0 23 13 27 0 14 11 11 24 28 14 15 13 23 24 11 17 11 19 30 16 1 14 20 27 14 28 4 21 3 20 22 10 3 19 7 21 23 30 23 7 13 18 17 13 22 25 6 24 12 17 18 7 11 22 24 24 23 18 3 22 3 22 2 2 20 8 28 10 26 7 21 29 5
5 19 25 15 10 22 2 3 14 1 17 1 13 10 4 23 11 20 25 19 5 1 25 21 7 10 7 0 1 16 30 21 19 29 21 14 17 18 8 10 11 14 10 28 2 29 18 0 19 15 21 15 15 21 18 11 6 21 13 9 20 17 10 8 28 7 26 19 3 18 20 5 5 23 13 23 18 15 25 1 29 9 23 28 14 2 12 26 30 28
22 28 9 25 13 7 2 28 9 21 7 15 0 29 1 19 14 13 11 26 14 11 26 12 3 24 4 11 3 10 17 5 12 26 0 25 4 3 19 2 23 0 23 19 5 2 30 11 7 29 20 5 15 14 3 4 15 20 3 20 2 8 21 4 25 12 8 19 11 30 13 7 13 10 21 30 27 12 19 23 20 26 11 1 22 14 27 6 19 17
17 23 8 6 11 21 2 12 30 20 25 8 13 3 28 8 21 2 26 23 2 19 19 7 8 15 29 1 10 30 1 25 15 28 13 18 23 28 14 6 6 10 23 8 7 3 1 2 0 25 25 18 10 21 27 22 10 17 6 30 25 12 20 30 5 26 21 11 2 3 12 20 21 19 28 17 23 18 3 18 15 23 16 10 6 1 26 6 18 25
2 4 30 9 10 12 11 8 4 5 14 14 22 10 8 17 0 14 29 20 10 6 29 19 4 12 4 4 19 16 5 18 27 16 29 10 29 18 7 23 30 29 11 21 15 24 13 7 20 25 11 7 1 12 2 13 9 0 14 28 16 29 5 10 7 9 15 30 29 14 17 7 24 21 22 12 5 30 22 8 3 13 9 24 7 0 23 28 28 1
8 17 21 18 28 29 0 14 13 24 28 22 27 29 28 8 15 1 27 10 7 1 9 24 14 18 10 22 27 16 7 19 20 7 1 18 5 16 29 20 10 14 6 8 21 20 0 26 26 4 17 6 27 20 3 20 0 1 1 0 29 9 5 11 12 24 20 11 28 19 21 26 24 15 0 15 6 9 28 16 20 25 13 21 17 20 10 20 29 27
22 17 9 11 20 4 2 18 13 12 23 0 17 2 6 3 8 25 25 28 4 16 26 17 1 5 8 8 23 6 27 22 5 28 13 2 18 27 24 22 24 22 27 4 0 19 10 21 29 0 19 2 27 4 23 7 28 10 24 21 25 28 23 1 19 0 20 24 3 3 12 9 24 5 23 21 27 27 28 6 28 17 9 11 30 16 24 8 10 10
8 19 23 7 4 26 17 7 24 26 24 1 24 22 7 25 21 16 1 1 25 4 17 27 28 11 17 21 4 22 28 26 1 23 26 21 24 0 5 14 8 6 10 20 19 21 25 26 11 21 21 8 13 25 26 25 29 23 9 11 20 1 5 3 10 15 0 16 3 5 20 10 17 1 23 22 13 1 0 1 9 24 7 14 21 29 30 8 1 18
1 14 16 22 8 29 29 29 15 13 22 9 0 20 10 4 6 18 26 14 10 9 1 1 18 3 30 27 14 10 10 19 26 3 14 2 16 20 15 16 24 5 23 14 3 14 11 6 2 13 3 10 26 0 6 16 27 6 6 22 28 26 20 3 8 30 28 25 29 12 26 16 7 5 22 17 1 14 28 13 26 14 16 21 12 4 5 6 18 1
27 15 2 5 12 11 9 28 11 13 8 1 14 26 21 21 22 20 10 17 18 11 19 6 21 30 8 11 23 11 14 30 1 13 19 15 30 17 21 9 22 30 30 23 25 18 5 1 12 13 28 21 16 18 29 26 0 28 3 26 5 23 10 1 13 0 20 20 8 28 15 4 5 4 13 16 2 0 5 20 14 20 4 6 6 0 3 5 0 19
27 8 9 27 16 27 29 6 1 0 1 18 1 11 16 30 30 9 28 28 19 22 24 12 23 5 25 6 25 15 10 12 25 29 20 26 18 28 0 14 29 23 8 12 9 17 11 3 17 28 16 26 28 11 22 26 5 23 2 1 0 5 19 8 23 27 28 7 3 24 22 20 8 3 27 3 18 12 16 7 15 21 19 4 29 0 21 9 30 18
6 14 27 23 21 3 1 23 28 8 25 23 0 15 9 19 25 11 8 15 27 6 15 17 27 5 28 16 29 21 10 4 20 11 27 25 28 27 16 7 27 27 16 14 27 18 24 10 24 6 7 7 15 17 18 20 6 22 15 1 0 7 15 1 20 6 3 26 15 11 15 23 25 18 26 12 18 11 9 1 13 13 14 4 12 22 17 30 20 30
21 10 25 29 5 23 11 2 8 6 6 19 7 15 20 28 27 7 5 10 24 12 7 16 0 29 29 30 18 30 19 5 23 1 25 16 20 0 26 16 13 11 3 24 20 29 20 6 21 8 28 4 22 19 13 11 0 30 30 16 17 26 9 23 1 13 29 26 26 26 9 1 3 24 3 3 18 24 25 17 7 5 0 15 29 3 19 4 12 14
9 24 21 19 3 0 13 16 6 26 29 16 11 7 16 7 25 25 23 15 30 3 15 25 19 6 21 2 27 1 14 15 2 20 4 28 8 9 21 14 17 21 12 12 25 14 26 2 4 0 4 25 16 13 22 17 5 26 27 25 24 13 15 28 1 15 0 11 5 30 17 27 11 18 3 30 29 27 7 21 15 15 9 22 25 8 6 2 4 27
27 6 1 29 20 30 4 6 19 10 11 26 25 20 3 1 17 21 26 23 9 2 27 24 18 3 1 12 26 18 24 10 4 22 25 28 8 4 13 13 10 6 14 27 24 17 21 1 12 23 12 1 3 14 15 15 26 28 7 23 24 9 28 20 22 4 4 7 26 9 20 29 11 1 14 18 4 28 14 1 1 26 7 26 13 28 19 16 1 12
23 19 4 5 10 8 12 6 4 11 10 14 29 14 5 3 15 2 29 0 19 18 16 4 1 6 21 29 10 11 26 28 21 12 0 16 2 0 17 29 9 17 21 18 16 19 21 20 6 0 3 1 9 13 19 13 23 11 4 10 3 13 12 18 9 6 8 9 20 8 14 28 8 13 28 14 0 12 13 16 12 2 4 17 28 27 30 12 30 22
29 27 16 26 7 29 9 10 16 16 1 9 21 8 11 8 6 18 10 15 3 23 21 26 15 16 27 3 19 9 25 25 23 29 5 13 30 23 24 7 2 14 11 20 18 7 10 14 5 3 8 0 12 17 25 30 12 16 27 16 4 21 25 2 4 10 6 23 28 26 24 27 28 4 16 8 13 5 6 0 30 8 2 13 8 19 9 1 9 12
11 26 8 9 14 10 13 10 0 5 1 5 2 28 12 25 27 14 28 7 3 10 5 5 5 8 1 14 16 5 26 6 4 29 14 0 25 8 12 19 9 22 8 21 20 10 6 27 6 11 3 9 10 26 7 21 18 21 0 16 27 12 0 3 3 4 1 25 17 22 3 24 2 11 22 6 16 0 8 21 1 14 9 8 8 18 16 21 12 30
14 14 28 7 9 16 27 20 0 13 28 10 10 7 16 2 14 8 5 8 2 8 19 3 30 12 19 3 2 12 21 9 5 20 19 24 24 1 8 8 25 27 5 30 14 26 9 14 13 3 15 23 4 4 24 7 24 2 28 30 13 21 26 4 1 16 23 18 20 28 28 3 12 18 4 12 2 16 30 5 18 22 2 9 3 21 5 5 20 20
13 7 17 24 17 24 8 24 12 20 15 0 18 30 14 18 29 21 21 1 19 8 28 24 27 7 9 10 24 9 4 8 20 25 25 10 12 30 18 19 30 24 24 9 28 17 1 0 1 19 13 1 8 6 19 21 3 22 27 9 29 17 13 27 13 10 10 2 27 27 19 18 29 15 9 11 13 10 5 24 29 5 0 27 1 18 0 25 21 26
20 6 21 16 2 6 22 8 21 18 8 18 0 17 8 23 2 13 17 20 6 9 23 13 25 18 24 25 8 16 17 22 25 7 29 1 20 9 25 23 17 3 26 10 29 9 12 16 0 16 4 14 5 30 18 15 6 19 12 14 11 26 3 24 24 30 8 20 11 0 27 10 12 15 17 18 22 12 26 14 17 5 21 3 25 11 22 0 11 5
27 2 12 21 13 9 19 15 1 24 21 20 25 22 10 3 19 28 19 7 8 28 8 18 12 29 9 23 4 7 3 21 25 8 12 6 22 25 9 3 26 24 28 11 14 25 30 5 25 23 4 11 3 27 20 10 9 21 29 16 0 17 1 3 26 19 11 17 24 20 0 27 8 30 6 10 9 2 22 19 11 8 28 15 4 23 23 23 13 6
20 14 3 30 6 1 0 28 0 16 15 8 28 3 23 29 14 20 15 27 19 0 16 24 28 4 0 5 4 30 30 22 7 16 12 12 19 24 13 12 15 7 3 4 0 16 16 14 7 17 27 24 25 25 12 29 18 20 4 0 21 28 16 24 24 3 29 14 23 14 21 15 0 22 28 27 18 18 18 13 9 21 15 15 29 10 20 13 30 23
11 2 16 0 3 29 12 4 2 3 26 20 1 15 22 26 4 11 21 19 3 11 9 27 29 22 20 3 19 23 15 24 14 24 23 11 29 30 6 4 18 12 30 8 27 0 29 24 0 21 9 7 28 7 29 18 29 5 22 29 16 2 19 9 28 19 26 10 6 17 9 20 16 27 8 9 16 15 12 2 19 13 6 3 26 22 11 26 20 27
8 5 2 2 13 17 30 12 0 29 13 8 21 12 10 9 10 0 10 29 10 4 29 29 8 4 9 5 4 9 20 11 30 4 2 28 19 10 7 5 26 30 10 23 1 19 28 1 0 21 25 18 24 19 5 15 19 30 30 1 23 21 13 17 30 3 28 2 11 18 22 3 29 2 25 1 0 2 10 3 10 20 12 18 27 5 17 21 19 1
10 10 13 20 21 22 19 27 28 21 4 12 12 13 18 19 27 26 19 17 12 18 30 22 30 17 28 13 23 16 17 4 17 26 26 13 18 17 9 0 17 29 0 28 28 0 21 23 30 5 1 17 18 15 9 6 22 10 16 11 5 23 13 19 20 14 28 5 23 14 13 25 18 9 9 23 4 7 30 21 25 27 0 12 5 15 6 16 3 18
0 29 28 20 27 1 30 27 28 17 13 20 1 12 10 1 24 15 8 14 13 17 17 2 6 30 26 14 6 16 4 7 22 17 15 25 25 5 11 18 2 24 18 3 21 9 19 19 21 10 27 29 27 7 8 1 5 22 29 18 3 23 12 13 1 14 20 23 19 4 14 29 15 28 5 29 26 18 11 21 8 14 5 27 12 11 20 22 4 24
20 17 17 12 25 14 5 7 23 19 29 27 5 24 27 24 22 14 23 27 22 12 29 29 13 20 8 29 27 30 11 4 25 17 3 29 1 13 30 26 11 18 7 0 2 20 26 14 4 21 18 9 11 24 17 25 3 8 4 23 17 29 22 2 4 15 29 17 9 10 25 5 12 5 0 17 3 13 26 3 28 5 4 3 2 16 25 15 15 5
22 26 17 29 7 24 7 26 14 11 22 29 17 6 18 5 20 15 24 21 25 9 26 23 12 3 15 8 25 8 8 22 22 19 30 14 9 26 6 15 24 29 18 23 4 9 30 11 22 10 8 6 20 22 20 28 30 29 7 28 13 7 17 13 22 17 2 7 8 3 25 29 9 17 1 8 16 24 7 29 12 20 18 15 4 12 25 14 19 26
19 13 1 9 15 11 0 7 20 15 19 23 28 17 19 17 7 15 2 20 2 12 6 0 0 8 17 13 28 9 20 22 1 25 28 3 3 8 4 25 29 3 1 20 28 10 21 3 9 29 2 28 9 12 27 19 10 11 14 7 23 19 11 26 26 12 16 2 28 14 19 10 18 10 1 17 27 4 10 6 14 2 28 1 16 24 1 28 4 21
16 23 2 10 2 17 18 8 25 18 24 18 20 28 2 19 3 28 26 3 4 5 21 2 3 13 8 5 11 14 19 13 4 4 20 3 21 25 22 0 27 20 10 14 29 10 29 7 8 20 7 2 3 24 2 25 5 2 19 27 4 22 15 3 6 18 5 10 28 7 7 2 12 27 0 25 27 16 23 12 8 28 17 25 13 28 29 14 3 13
2 1 17 29 20 18 14 8 3 3 26 9 13 22 16 0 16 11 29 23 15 7 27 21 5 19 6 20 9 6 22 13 8 17 1 7 6 5 16 1 13 0 11 13 17 0 0 8 18 15 13 11 29 4 30 0 20 20 9 5 11 11 14 16 10 2 7 4 13 17 16 26 0 1 12 8 3 25 9 6 10 22 7 13 3 19 1 4 5 8
18 30 27 21 23 28 10 9 10 4 15 8 22 2 8 2 26 15 5 6 14 18 3 0 0 7 2 25 21 10 10 12 27 25 19 19 1 21 19 15 24 1 16 6 16 4 30 22 10 0 28 29 0 3 13 16 5 30 3 14 25 7 26 17 22 28 28 28 20 7 4 21 22 5 15 8 16 25 26 28 28 13 1 21 6 29 19 30 26 1
19 9 1 10 27 8 14 30 20 2 17 26 9 6 12 10 19 1 25 19 29 21 11 6 11 4 17 22 22 28 6 23 28 27 29 27 17 21 6 12 8 7 23 13 3 26 29 5 26 23 1 10 20 13 25 28 1 6 3 3 19 14 11 24 25 4 26 30 22 24 7 10 29 4 24 10 0 18 27 15 26 30 18 24 19 5 16 9 26 23
1 26 19 22 17 17 27 6 18 5 9 25 4 30 7 3 13 13 29 30 14 2 21 29 0 8 8 21 21 27 14 28 0 29 18 17 1 21 17 26 22 24 15 2 27 9 11 15 18 7 30 18 9 4 4 6 22 15 12 27 0 27 2 1 5 14 3 15 18 7 10 0 19 24 14 22 23 18 2 27 14 9 7 17 17 21 12 27 26 9
14 5 9 4 30 19 7 8 5 6 18 20 27 29 18 24 4 26 3 27 1 6 22 18 6 21 19 23 13 28 20 13 21 29 22 17 27 6 15 1 8 18 9 10 11 19 14 14 27 9 6 14 10 21 25 11 20 22 17 23 29 8 29 23 1 30 15 12 17 27 28 22 24 8 26 11 25 28 2 1 26 29 23 11 13 16 9 13 19 1
24 9 19 13 7 9 18 21 12 24 19 8 16 21 15 22 18 11 4 22 22 3 16 2 24 26 8 25 11 17 14 26 27 15 16 10 2 6 20 27 18 13 11 26 14 6 0 27 11 6 16 18 3 26 6 11 16 29 22 3 7 2 27 6 6 7 5 23 10 13 21 8 17 11 5 20 30 2 16 24 9 0 4 8 7 4 6 29 16 22
27 18 25 15 21 19 17 7 1 2 13 9 5 5 5 16 11 24 17 9 19 19 27 6 2 16 17 4 6 11 5 6 30 26 25 21 8 23 23 5 26 1 0 26 10 17 24 23 26 14 18 2 19 24 6 4 16 15 8 13 25 17 26 5 1 7 9 14 21 0 29 21 2 20 30 0 16 0 24 1 5 23 25 15 14 1 26 12 28 25
9 8 3 13 14 27 28 28 11 19 12 22 2 15 17 1 27 1 4 7 0 26 0 10 23 25 17 29 1 1 9 19 25 16 14 14 22 14 24 18 3 2 26 27 13 15 9 7 28 17 14 27 30 17 17 3 21 19 29 4 8 17 10 2 1 14 3 14 7 23 5 7 4 23 22 4 29 20 16 19 17 1 9 18 18 19 26 20 15 13
28 27 14 29 17 19 24 14 29 0 6 14 2 3 22 20 12 24 8 17 5 10 23 10 25 11 2 16 15 14 15 20 30 19 18 16 5 5 28 9 23 25 16 30 4 1 12 13 6 26 21 17 11 20 25 7 29 10 16 17 30 26 12 0 1 15 1 18 1 18 21 19 4 13 16 15 10 24 11 17 20 7 7 16 22 1 10 19 20 20
29 11 3 20 8 10 29 26 29 24 17 2 16 7 18 26 13 25 18 5 19 3 22 6 2 29 20 11 8 29 15 19 15 25 2 25 17 30 20 4 7 19 5 5 27 0 9 27 7 13 17 23 7 7 1 5 24 30 15 25 11 7 23 13 7 17 17 10 28 22 27 14 1 27 24 25 23 20 6 11 22 10 13 30 25 17 22 30 20 8
16 24 21 16 20 3 5 27 7 5 9 26 17 3 19 4 11 4 16 21 22 0 23 24 5 13 27 5 4 21 19 21 26 28 15 0 12 20 7 29 20 8 11 30 19 7 29 11 28 16 10 13 1 21 22 14 4 4 12 9 29 7 25 15 30 11 24 11 26 9 10 8 11 19 11 28 26 22 30 12 21 9 26 30 26 26 8 7 14 16
13 29 29 10 17 19 29 4 2 27 2 30 17 24 15 15 26 27 23 4 3 27 17 16 4 29 0 14 20 25 3 28 21 23 12 19 4 16 3 23 9 7 6 25 16 15 2 12 16 27 17 14 3 23 3 12 24 16 18 22 30 0 29 21 13 4 7 9 7 30 29 29 22 13 12 30 15 17 5 30 1 10 23 21 6 7 20 30 27 18
27 21 12 19 28 6 20 8 1 21 7 8 27 8 6 15 5 16 9 19 24 29 6 13 24 24 21 5 11 9 16 12 6 10 10 24 21 24 11 26 9 20 12 10 30 29 29 3 22 29 19 12 14 26 25 6 5 21 2 0 20 21 2 8 15 18 30 21 30 1 7 14 11 14 14 20 21 30 17 1 5 29 24 7 2 23 2 1 17 10
4 10 24 21 8 24 21 26 22 12 10 22 14 23 18 3 23 10 13 20 11 20 18 30 27 6 30 17 11 24 12 20 29 25 15 9 25 10 21 8 11 1 29 28 6 5 0 26 3 30 8 27 8 2 19 8 10 10 4 6 17 13 10 7 28 10 9 17 13 7 18 23 17 22 27 16 18 12 18 7 14 27 25 13 7 4 12 1 9 23
10 21 2 25 13 13 0 7 4 10 14 17 16 1 0 30 29 4 10 28 18 17 18 11 17 1 11 7 9 25 6 19 10 20 4 18 1 26 23 15 19 26 3 15 28 17 13 17 5 16 6 25 29 21 16 22 23 16 11 15 19 26 10 0 2 24 29 7 25 24 26 10 11 8 20 23 2 8 12 28 22 26 6 4 11 3 13 25 5 28
7 2 17 5 8 27 3 30 8 12 0 9 15 16 11 10 18 24 17 1 25 28 12 23 18 1 0 28 1 3 29 5 11 26 19 16 19 29 22 24 2 22 2 25 17 1 12 30 13 14 30 30 8 19 19 14 6 26 27 14 1 23 0 2 8 18 1 7 23 28 24 7 2 4 1 24 14 3 25 21 14 14 26 23 19 5 17 17 15 26
20 10 20 20 21 15 25 15 3 24 23 2 26 9 29 14 13 17 14 29 7 4 14 10 30 7 23 24 28 10 12 18 15 7 15 11 10 11 29 19 30 28 6 28 2 18 3 3 11 27 17 2 0 10 2 10 27 9 19 10 19 27 30 30 0 19 3 27 4 26 28 14 22 26 23 3 22 14 21 1 14 23 21 20 8 7 30 29 0 28
10 11 9 29 30 11 9 18 10 21 11 7 24 17 30 8 29 24 24 16 29 5 25 2 12 26 29 19 14 14 1 5 17 16 17 20 19 26 0 29 6 28 14 15 5 25 29 20 16 28 1 21 25 20 15 22 8 24 3 14 11 5 12 20 10 18 6 7 13 8 5 17 11 6 11 23 22 18 26 4 14 6 19 22 20 15 23 22 8 12
10 24 6 13 3 17 24 6 5 24 4 12 13 16 16 9 17 3 16 6 16 19 25 7 25 26 12 3 6 3 6 30 6 13 4 9 5 24 6 1 30 29 20 30 5 14 12 13 25 21 24 3 16 20 29 11 22 9 9 30 4 10 10 24 13 15 11 24 14 20 18 30 4 11 20 12 13 2 25 11 27 17 15 4 4 22 5 1 15 8
25 20 8 18 18 29 19 28 28 24 17 6 15 19 0 30 23 19 26 27 28 15 30 6 3 2 4 25 17 28 16 29 24 6 4 17 30 13 9 13 20 3 4 8 13 24 26 18 27 2 16 30 2 6 30 17 9 16 6 20 20 26 19 3 13 10 13 21 3 19 7 26 20 18 3 1 0 16 19 15 15 28 10 2 30 17 10 14 22 11
20 25 6 4 29 26 9 30 2 22 20 19 16 8 20 1 25 5 16 6 1 5 13 8 7 1 1 1 5 2 10 27 23 18 1 25 17 16 15 28 28 11 28 8 29 16 14 9 26 18 4 23 21 18 16 4 8 19 11 14 19 26 15 2 8 10 12 23 16 5 21 4 22 23 9 12 3 30 21 17 10 3 7 0 26 15 17 17 17 3
3 11 2 3 12 15 30 29 5 21 12 3 21 25 9 23 7 2 22 18 16 30 21 27 0 30 13 8 23 30 24 8 23 18 22 5 15 27 4 28 3 14 21 22 24 28 6 17 21 11 14 8 20 28 29 28 14 13 14 28 14 27 23 16 13 16 9 15 1 9 27 13 14 24 29 13 24 26 0 24 26 20 17 5 18 10 4 3 15 4
9 4 7 28 26 19 27 24 24 4 22 1 11 10 1 7 28 1 21 11 5 19 16 30 5 11 24 8 11 4 14 28 11 16 11 7 3 2 15 6 20 2 29 13 15 11 23 17 27 14 14 29 23 9 5 28 19 15 5 16 5 10 9 22 18 21 2 16 20 6 14 4 25 13 8 26 11 29 9 10 5 3 14 0 15 19 28 14 17 18
2 21 30 1 23 15 21 24 24 28 29 24 4 30 9 10 30 2 5 28 10 26 6 28 1 18 24 7 9 5 16 15 17 10 5 21 8 15 2 20 8 24 13 7 24 10 29 28 19 4 16 24 29 27 6 9 1 3 19 0 21 16 11 16 25 4 28 1 0 19 28 20 30 30 18 30 2 30 15 15 27 10 22 7 13 20 3 3 22 24
23 0 0 28 8 22 13 0 20 17 0 5 22 8 25 20 25 17 21 5 17 0 22 12 10 22 23 18 15 30 4 1 13 6 18 2 18 10 19 27 3 10 30 28 22 9 28 10 0 4 0 8 13 6 1 11 15 22 15 8 26 8 13 2 14 4 26 26 28 3 22 29 19 29 16 20 2 26 10 20 16 13 27 29 28 17 6 23 26 29
19 8 16 24 30 20 16 25 1 24 16 2 9 11 10 14 22 28 11 2 24 23 5 30 19 11 24 4 14 21 25 16 25 2 28 30 30 15 15 17 1 8 18 6 2 27 30 30 27 21 15 12 23 20 22 14 19 7 5 10 20 20 1 30 17 5 11 29 16 5 8 28 4 8 23 22 11 30 27 24 23 7 2 30 21 15 14 23 5 11
3 14 26 20 23 28 21 25 30 0 16 9 8 30 23 27 8 6 28 17 7 13 28 21 23 0 28 26 13 0 18 5 25 15 1 6 12 6 26 1 12 23 3 4 18 25 12 5 18 11 6 18 25 15 8 26 21 6 24 5 16 30 25 1 2 10 16 19 9 21 1 16 7 5 25 16 14 25 6 20 11 10 26 23 17 14 26 30 21 13
7 17 13 22 24 14 7 3 19 10 3 24 3 8 29 26 3 24 14 6 5 8 27 16 25 29 21 12 20 20 16 2 24 10 0 18 8 9 19 12 20 23 22 13 28 27 28 27 2 22 6 6 14 14 19 20 17 26 18 11 1 0 19 22 30 2 23 15 0 3 22 6 6 22 7 13 29 23 29 24 1 27 18 3 30 7 27 27 21 12
29 17 12 25 12 4 15 22 21 5 13 4 4 10 28 12 27 24 24 27 2 25 5 4 3 30 25 11 11 28 6 5 16 30 24 19 19 16 18 21 2 16 14 4 25 29 6 17 7 5 17 12 27 19 16 13 22 24 9 16 15 1 26 5 19 10 2 13 21 25 30 23 3 6 26 11 7 27 21 27 23 21 21 28 20 24 19 28 30 2
2 9 29 25 10 8 30 16 0 12 21 21 10 1 3 25 25 25 3 16 5 2 24 13 4 4 21 1 8 19 2 20 13 4 21 28 27 23 15 2 15 11 11 18 16 20 2 28 1 0 30 6 27 14 24 26 11 26 17 30 5 6 22 16 3 4 15 18 9 22 26 1 3 22 13 16 19 3 0 18 18 18 25 18 4 20 26 6 26 26
30 7 5 20 21 13 10 18 6 24 21 9 16 17 24 4 26 20 2 16 7 25 26 15 10 27 5 8 10 9 13 26 29 2 9 15 16 1 9 16 20 27 22 18 3 28 29 17 3 7 5 18 27 17 28 20 0 13 11 1 18 4 25 6 22 25 17 21 6 22 11 9 1 26 22 8 16 16 12 17 15 11 26 11 21 27 15 0 19 30
25 3 13 12 12 22 28 20 28 29 24 27 16 1 26 10 19 4 30 14 25 8 27 18 17 19 5 20 9 28 22 22 17 0 2 9 10 17 6 13 14 24 8 19 24 5 28 30 1 19 3 25 28 27 21 10 24 11 1 12 30 19 8 4 11 25 20 21 8 29 11 0 25 3 2 9 6 19 21 17 3 7 21 10 5 15 14 1 28 13
17 19 0 1 14 13 4 21 30 29 16 18 17 21 17 17 5 17 22 3 5 19 9 9 20 13 27 11 25 21 25 30 29 15 21 12 19 2 12 25 27 26 13 25 5 19 4 15 5 3 1 15 14 11 29 1 6 16 23 14 0 18 24 9 25 1 9 29 23 20 29 29 4 3 19 15 25 17 22 23 22 17 25 30 6 26 3 8 30 24
12 8 27 21 30 23 22 17 8 25 17 27 28 29 26 27 18 12 3 0 27 9 3 15 28 26 8 27 22 16 26 21 10 14 0 10 4 30 23 15 4 21 0 16 26 13 22 2 16 15 1 7 20 13 2 24 27 4 1 23 1 7 6 26 16 17 28 27 23 6 9 29 29 30 11 27 9 10 2 24 28 7 3 2 10 0 24 21 29 17
13 20 27 1 30 12 8 20 10 9 27 15 23 21 5 24 6 29 18 12 20 16 14 18 6 4 4 2 0 0 10 24 26 27 25 3 20 17 9 15 10 12 17 17 7 29 17 14 14 19 12 11 16 8 21 0 20 4 8 1 13 17 30 6 30 8 30 14 12 9 3 28 7 10 11 17 27 7 13 24 6 4 24 0 25 5 10 10 30 21
10 13 12 0 7 28 1 13 3 4 16 10 11 24 2 24 25 28 1 6 20 19 17 9 14 28 15 14 26 15 26 3 6 10 23 12 20 8 9 17 29 17 8 21 5 28 9 27 30 20 28 4 29 5 4 23 27 6 4 13 3 20 28 28 20 11 10 28 8 5 8 24 24 17 6 5 11 23 2 3 27 24 8 1 20 4 22 10 15 13
