91 91
3 21 26 11 15 0 18 15 2 26 26 23 12 16 26 23 11 16 20 28 11 9 5 6 14 5 25 0 13 5 29 11 22 29 24 22 4 16 10 8 25 23 30 10 29 22 18 27 14 24 21 14 17 21 11 13 24 20 13 17 29 12 0 23 9 6 29 29 2 25 0 11 15 12 25 24 30 13 12 23 11 22 28 5 23 13 28 10 5 1 21
11 6 5 19 9 8 3 3 26 16 8 21 11 9 21 13 13 3 5 11 24 27 28 3 1 20 12 9 23 14 11 5 5 18 21 19 14 17 26 30 16 25 15 20 12 15 15 17 10 15 3 17 7 15 21 29 24 1 6 15 0 28 15 18 4 17 20 26 3 15 30 7 29 12 18 6 25 3 21 0 19 30 20 1 22 16 7 29 20 13 17
4 16 11 30 24 3 16 18 5 17 29 30 25 17 2 15 11 29 9 15 2 22 19 23 10 18 25 1 2 5 21 12 24 16 17 1 17 27 20 7 27 29 4 4 16 4 30 20 19 15 15 1 5 28 19 26 25 20 15 13 19 0 21 4 2 19 13 25 21 22 27 5 20 0 6 3 14 26 28 25 15 15 13 14 22 11 0 10 5 13 5
19 27 2 1 5 21 27 19 26 5 30 7 7 18 11 3 4 20 18 23 19 29 1 14 7 14 23 7 2 26 9 11 8 28 0 4 4 24 19 8 15 26 17 11 4 26 7 6 6 28 2 27 12 13 6 22 6 23 4 9 0 25 15 9 20 12 7 11 19 6 16 9 30 21 13 8 4 29 10 26 4 10 27 27 17 19 18 19 1 24 1
0 19 26 10 9 23 5 30 13 15 25 24 26 19 3 16 15 5 5 1 28 22 30 15 11 14 26 11 25 7 11 13 6 27 12 1 29 24 15 4 10 18 21 6 9 19 23 3 21 1 5 23 0 5 26 18 27 15 2 4 29 20 30 10 21 18 16 4 16 18 26 3 9 17 28 28 25 26 14 12 25 25 25 10 14 17 26 19 13 6 7
2 28 7 21 25 15 16 24 13 22 9 26 0 12 25 27 19 26 2 28 2 13 25 7 17 18 21 30 25 21 5 17 6 9 25 17 8 17 11 18 17 8 16 16 26 16 8 8 8 23 29 14 1 1 28 6 8 19 0 30 23 22 7 20 12 6 11 11 25 8 2 9 24 16 18 17 2 19 28 15 20 14 28 1 1 2 3 19 24 4 30
4 4 6 0 17 2 22 12 11 18 24 6 16 15 25 9 9 0 9 9 6 19 27 5 23 3 30 15 3 14 10 6 5 14 22 10 15 16 22 22 1 27 30 5 5 10 23 19 14 19 28 18 17 18 28 8 6 19 11 3 10 12 29 13 0 3 23 7 12 2 21 12 25 3 17 23 18 26 24 6 11 25 26 14 20 17 29 3 19 27 21
8 4 11 24 13 20 3 14 5 0 14 20 15 22 20 13 12 7 23 14 24 13 6 1 10 25 1 8 15 22 16 19 4 15 6 26 1 4 23 24 5 17 22 6 12 18 10 6 18 0 28 14 13 1 7 28 21 18 17 18 22 22 22 12 21 17 7 8 6 10 14 21 9 10 12 27 15 6 12 12 9 11 24 5 10 30 13 19 13 29 24
6 6 14 26 12 20 21 9 21 11 16 12 14 16 23 4 30 20 13 15 11 12 27 9 1 6 28 4 2 7 3 28 28 4 27 2 29 2 11 29 6 25 13 17 17 29 4 17 5 20 8 27 28 15 16 9 12 4 12 20 24 11 2 25 13 2 30 0 24 17 18 23 27 25 24 27 20 9 17 13 9 5 23 30 27 23 26 4 18 20 18
6 20 19 24 22 6 30 3 21 0 27 18 20 13 11 0 30 28 6 11 1 24 30 15 9 4 8 19 29 27 11 27 15 7 12 12 7 9 6 9 29 11 13 21 22 30 16 19 24 14 8 6 3 18 3 26 23 15 30 23 13 28 0 12 18 14 12 8 7 5 14 26 5 9 24 27 17 28 23 15 29 22 23 1 30 13 23 5 4 11 12
4 24 23 13 16 30 10 11 12 16 19 29 16 9 0 18 25 29 12 17 9 20 20 18 0 16 16 10 23 30 10 28 4 15 15 19 16 13 5 25 10 3 2 8 15 9 11 3 17 26 3 16 2 21 20 23 3 12 16 11 11 1 16 2 18 12 8 23 11 22 6 21 9 13 16 20 9 29 0 4 19 6 21 3 0 4 6 20 4 21 15
16 19 1 7 13 24 22 22 19 22 14 25 0 7 17 5 21 10 26 10 22 9 5 24 11 25 2 20 16 4 25 22 1 12 13 13 29 18 24 10 10 4 6 20 16 24 6 14 29 8 20 0 13 25 10 3 23 2 7 6 11 4 26 29 17 13 8 11 23 5 10 17 2 30 6 25 4 4 19 25 12 5 16 12 14 16 4 6 7 16 8
19 19 1 6 27 0 13 14 11 18 15 23 23 29 27 14 6 16 12 20 0 9 3 13 25 0 12 25 0 15 0 3 7 29 15 1 23 0 21 5 7 10 24 9 5 19 10 23 11 13 1 7 6 10 4 6 15 4 3 28 21 27 9 21 24 5 6 15 17 20 24 25 21 24 4 24 2 20 12 5 21 16 27 3 0 3 21 17 10 0 25
18 3 26 6 2 20 8 10 7 4 11 5 16 6 18 23 16 7 17 7 18 29 8 10 28 13 22 13 4 15 11 26 10 2 26 5 5 3 8 3 17 18 24 1 5 27 17 4 20 26 26 14 5 21 27 24 17 2 28 3 29 11 23 30 8 1 18 9 1 11 24 14 18 4 8 9 24 16 30 13 20 9 27 13 7 21 13 16 10 12 30
5 27 19 12 1 10 6 4 30 15 7 24 30 16 27 13 14 26 5 28 19 2 7 15 2 6 15 1 15 6 11 28 9 22 8 16 30 29 14 22 17 16 29 3 18 20 16 9 21 19 11 4 10 30 26 14 0 4 26 15 4 21 10 13 0 12 4 18 1 16 17 28 23 14 11 27 18 5 3 19 17 14 9 24 4 2 5 4 3 3 27
0 20 18 0 29 8 0 6 6 24 16 20 17 7 12 7 11 3 20 30 2 24 11 24 24 27 27 0 13 5 1 1 10 14 25 5 11 6 10 28 18 23 5 20 10 2 21 28 14 5 29 26 21 3 29 23 10 3 14 4 25 7 1 18 10 29 4 23 22 15 23 21 20 12 16 21 1 16 21 21 18 6 20 0 12 10 18 15 28 16 6
25 29 25 18 13 29 27 14 27 5 28 6 7 25 29 8 28 2 19 27 6 8 23 28 0 2 19 11 1 8 13 20 4 15 6 23 21 1 16 18 12 27 30 14 24 29 30 29 2 11 21 28 24 24 7 2 9 13 6 16 9 22 13 13 0 20 29 22 28 9 12 24 28 25 10 9 21 30 7 16 27 26 11 30 28 3 18 16 9 16 24
26 17 3 21 16 2 22 7 9 1 18 16 15 8 10 21 19 16 21 14 4 0 9 24 13 18 27 21 11 7 2 14 11 4 2 24 3 4 1 9 14 16 13 28 25 30 12 6 26 10 3 10 5 27 12 19 0 4 13 26 10 4 20 30 3 5 22 13 2 26 17 27 16 15 8 9 27 10 13 19 1 23 28 4 20 12 23 8 2 10 21
10 3 4 19 15 20 14 19 17 28 27 7 16 10 21 7 13 1 23 6 16 19 5 9 18 4 16 1 20 5 5 11 18 15 1 10 18 19 19 22 23 17 8 8 11 1 30 1 5 10 9 18 11 21 21 29 9 13 5 26 27 18 25 7 27 14 0 4 10 28 8 14 16 11 21 6 30 16 4 15 19 24 26 23 24 7 21 12 4 22 13
2 17 18 4 28 17 7 18 22 21 20 30 11 24 17 3 9 4 10 26 19 4 13 11 20 1 23 18 28 17 15 4 14 22 8 5 21 12 1 19 14 11 7 8 28 2 2 15 16 12 7 19 18 28 26 25 29 6 14 22 29 25 2 26 19 20 10 12 15 14 23 22 27 19 2 22 16 14 19 2 2 17 3 6 21 14 25 27 29 30 27
4 26 17 13 29 23 23 22 24 27 29 5 10 30 5 9 3 19 27 2 9 7 9 21 14 19 5 23 12 1 0 15 21 16 20 11 11 1 15 12 10 28 17 27 13 20 7 6 2 0 26 21 15 7 8 13 12 2 16 22 11 9 27 18 10 13 12 11 19 21 1 7 13 29 10 13 6 26 10 1 12 12 12 21 5 9 23 27 7 8 1
1 8 15 17 28 9 3 25 17 22 17 17 27 21 27 2 24 24 16 0 21 10 26 9 11 29 16 23 18 25 26 30 7 3 5 3 13 20 12 11 16 8 3 30 9 27 17 26 11 6 15 30 20 14 7 14 28 20 23 2 26 19 21 19 1 0 7 17 23 25 27 8 12 26 5 18 7 9 10 5 4 7 27 21 0 29 7 23 26 17 25
27 21 25 21 16 27 21 10 15 21 20 9 21 27 17 28 20 17 11 5 30 22 20 30 23 8 25 29 24 10 4 20 13 10 25 18 21 4 11 6 30 21 19 30 6 25 13 21 9 27 28 4 23 14 0 9 18 18 28 5 2 18 15 28 3 28 22 29 19 1 25 9 16 20 28 2 12 28 9 11 7 10 0 21 18 23 4 18 5 8 28
26 5 14 28 7 8 5 16 7 19 8 15 9 14 3 25 16 15 5 18 1 18 2 3 1 27 21 25 3 0 2 3 21 20 15 9 1 26 20 13 10 7 30 0 22 28 22 26 14 13 21 29 30 7 6 27 30 22 8 23 18 23 29 21 21 29 7 25 15 4 27 7 19 16 6 0 0 7 20 4 21 10 9 6 26 26 29 16 1 14 30
13 21 20 17 28 11 19 4 17 14 12 27 30 12 28 12 24 20 28 27 29 2 23 18 3 16 21 5 6 24 5 30 30 17 14 5 0 27 30 28 18 10 18 2 8 21 17 24 5 23 9 19 20 1 30 18 21 6 11 20 29 2 8 26 30 21 29 23 19 13 0 14 30 12 20 14 2 5 1 9 4 17 18 22 29 5 20 1 1 21 17
28 9 14 17 19 6 16 16 4 25 6 27 2 29 15 3 27 18 19 22 29 30 26 22 6 29 21 23 19 23 7 24 9 23 6 29 5 17 25 19 8 8 1 9 10 6 28 15 15 1 24 11 19 11 3 11 3 20 5 27 30 24 12 12 25 19 24 9 4 2 5 15 13 21 26 20 15 13 12 22 26 15 18 7 2 23 3 20 26 22 13
5 28 14 16 21 18 6 27 28 27 24 23 20 30 0 8 17 18 8 18 12 11 29 1 25 13 16 25 26 8 18 28 11 14 21 30 12 30 5 16 21 22 21 24 21 28 30 2 28 21 7 14 5 4 14 24 27 4 20 27 17 4 7 28 11 20 19 25 3 18 12 22 19 13 28 12 19 2 8 26 3 26 14 29 26 21 4 11 11 21 8
14 15 10 30 3 16 8 5 6 28 28 28 8 1 30 8 15 1 17 5 14 19 26 9 22 23 15 16 13 15 23 24 12 6 19 21 22 22 1 16 4 6 8 19 10 26 8 27 30 28 26 2 12 21 9 12 15 4 6 1 2 25 1 8 0 15 21 3 23 21 14 9 28 22 28 30 20 5 21 30 15 11 30 21 14 8 13 8 10 14 10
19 27 14 10 18 7 17 18 6 4 10 15 26 0 11 29 19 23 4 23 14 3 25 18 14 10 10 15 19 19 15 22 25 20 14 10 22 28 16 26 26 14 27 22 7 30 9 23 14 22 10 22 18 26 17 6 29 9 22 11 16 15 25 2 25 11 9 30 19 4 20 6 18 6 20 21 21 23 3 7 18 11 24 22 2 21 10 17 9 24 10
25 2 4 7 21 12 25 11 13 29 24 8 15 29 19 12 5 3 21 29 19 7 11 28 3 25 2 19 27 5 8 2 12 10 16 15 27 11 12 25 13 14 29 15 12 15 3 1 6 6 12 21 8 0 1 5 21 21 13 8 18 13 21 10 1 15 24 19 18 21 0 10 9 0 7 2 16 14 21 5 25 4 29 19 19 29 5 14 7 13 4
28 20 27 19 23 26 22 26 10 24 29 12 18 29 6 9 29 5 26 11 5 25 10 25 2 13 1 2 28 25 22 24 3 15 14 28 5 27 3 11 17 17 20 17 3 21 8 19 11 6 20 26 23 11 26 18 21 3 22 28 9 6 0 26 29 27 1 18 11 18 20 15 14 9 8 13 1 14 28 21 18 27 14 15 24 29 12 19 26 27 10
8 9 12 12 8 29 4 18 29 15 29 30 19 22 28 2 20 29 23 10 0 8 0 5 0 28 25 29 24 18 22 7 13 12 21 4 12 4 28 8 2 6 16 12 12 5 22 10 22 15 4 1 1 1 22 8 9 29 22 30 15 28 7 24 27 12 16 28 8 2 15 27 3 30 14 17 0 6 8 9 15 8 10 18 8 6 24 0 22 11 28
28 28 11 19 16 2 21 2 5 24 30 2 20 30 18 16 12 9 13 6 2 4 11 27 23 18 14 3 15 21 19 3 12 26 23 2 2 6 10 8 3 29 19 21 0 19 21 14 19 2 23 17 9 4 13 27 9 14 0 0 28 21 29 3 23 1 26 9 1 17 15 3 20 4 2 26 3 23 5 22 24 10 29 30 14 13 9 25 19 9 20
24 4 12 5 10 24 9 28 27 28 25 26 28 30 5 8 16 21 15 8 6 25 9 23 30 30 23 6 20 3 6 18 30 5 8 16 7 30 6 14 29 20 6 0 16 15 26 5 30 2 24 15 27 9 12 29 16 25 8 2 2 22 9 9 0 19 22 20 24 28 9 7 23 6 4 26 26 23 9 27 26 5 18 27 8 23 5 17 1 15 2
4 14 1 21 1 23 6 24 16 14 22 12 27 1 28 22 21 8 16 14 20 20 5 23 6 4 7 19 18 12 18 12 16 11 30 16 28 10 11 18 12 18 14 13 13 3 12 25 3 10 22 8 16 26 3 6 5 0 19 23 7 11 1 23 30 21 0 15 5 25 3 27 16 5 18 28 30 21 1 10 15 10 12 30 23 17 4 24 0 16 4
4 21 30 6 27 13 4 18 18 26 20 30 26 0 8 2 2 6 2 10 5 2 23 25 24 2 24 26 11 10 17 15 26 2 29 21 22 21 23 26 1 10 4 14 11 11 7 25 30 23 5 4 11 11 27 19 8 13 19 5 1 27 13 11 0 21 6 17 2 14 21 5 7 12 10 15 17 28 7 9 0 5 11 17 24 9 9 1 7 21 1
2 14 7 21 20 15 8 30 23 30 4 0 12 25 1 0 10 24 21 19 11 0 21 0 14 3 25 2 11 11 23 10 10 30 23 1 19 23 20 9 25 20 6 15 20 20 29 28 19 28 19 15 8 14 25 6 25 9 13 27 11 14 25 28 14 5 27 22 18 11 29 24 27 19 0 6 15 29 21 12 14 18 12 11 22 3 11 15 6 12 30
20 26 1 25 26 4 2 23 10 3 7 19 26 0 16 21 1 1 22 1 14 29 17 28 10 24 0 27 30 24 8 24 3 24 20 28 1 20 10 21 3 20 8 21 25 0 23 10 25 0 7 18 14 7 13 4 15 3 10 23 7 14 8 13 24 15 24 17 29 29 9 10 7 29 23 18 11 12 23 14 28 7 22 29 21 16 29 23 5 14 5
5 15 28 10 24 13 12 20 17 28 21 6 28 13 1 26 22 5 19 0 30 2 10 7 23 3 13 15 17 30 25 7 4 20 30 8 20 3 10 8 17 26 19 2 4 27 10 15 30 28 30 24 23 24 15 15 12 15 25 15 5 19 20 0 16 27 25 26 29 18 27 8 8 11 19 3 17 23 20 11 10 6 11 20 20 8 13 21 18 28 1
20 30 22 29 15 24 4 29 29 6 21 18 6 29 10 22 19 9 15 27 18 3 5 2 14 12 30 9 7 12 25 16 27 5 19 22 13 26 3 14 30 29 16 3 4 13 16 16 12 19 3 14 16 11 27 8 6 29 9 20 10 1 7 4 3 9 11 19 0 30 15 17 15 29 6 10 8 12 5 1 23 0 1 25 29 19 27 6 29 15 13
16 9 5 8 13 18 20 15 11 5 24 27 21 8 5 21 21 20 4 26 9 7 10 18 10 7 24 3 14 14 14 19 28 23 0 28 10 11 18 16 10 3 6 0 10 11 14 16 30 11 10 14 19 17 10 12 6 5 11 14 22 5 4 9 7 21 8 29 7 29 3 5 2 0 17 14 12 18 18 17 30 18 2 14 7 17 20 4 17 15 7
9 5 20 16 9 2 20 1 28 5 10 14 5 17 17 2 2 19 7 16 3 7 20 17 2 14 8 10 17 22 20 20 22 12 8 15 24 17 25 6 7 5 7 27 19 25 17 5 17 12 17 19 4 14 23 2 16 17 10 13 20 17 8 1 6 16 19 2 18 8 17 28 13 7 7 24 14 18 28 29 0 9 0 1 21 10 16 30 11 16 30
5 27 23 11 20 4 24 27 30 18 12 25 18 29 18 14 15 17 15 14 7 18 9 21 18 24 8 11 19 17 19 3 29 14 21 7 6 0 13 0 30 3 6 4 9 17 8 18 22 2 26 21 4 3 6 9 22 21 2 30 23 18 18 17 11 10 28 29 13 27 19 3 14 8 3 10 26 16 6 5 15 7 25 5 19 1 26 2 12 4 8
0 17 20 9 14 21 1 5 3 3 26 19 21 14 11 24 18 7 3 8 13 1 19 2 23 29 16 18 17 10 29 9 25 30 26 26 18 19 20 6 30 2 19 3 30 26 30 29 11 24 11 19 21 9 22 21 4 23 5 17 18 14 24 12 23 3 23 5 5 0 3 9 12 7 2 23 29 27 13 4 18 28 18 27 0 3 12 29 16 21 22
13 13 5 26 10 28 7 10 9 9 26 26 13 14 12 28 16 26 11 7 17 29 14 8 16 1 11 7 30 8 17 15 29 24 27 0 20 7 4 27 15 16 6 27 25 17 27 19 6 30 2 16 20 10 4 12 20 19 30 3 18 17 3 8 29 5 17 15 4 28 10 2 12 1 3 21 14 14 16 3 30 7 12 15 17 23 20 9 1 29 2
24 8 14 26 26 20 18 26 26 7 27 20 23 5 3 24 25 28 3 28 25 8 12 21 21 29 0 6 11 17 10 19 30 21 3 16 6 8 3 28 19 9 8 1 29 4 22 16 17 11 14 10 6 24 7 28 16 19 20 12 22 4 20 21 12 27 16 8 22 15 15 15 17 29 10 24 18 19 26 21 18 30 19 6 27 2 23 14 7 9 12
20 19 21 10 21 17 3 16 28 27 10 9 30 29 20 15 19 3 19 4 23 27 25 16 20 10 7 14 0 8 4 24 5 19 28 18 11 10 28 15 5 15 2 17 18 24 21 23 23 3 29 6 28 11 29 22 27 26 3 28 27 17 6 30 22 16 21 22 24 6 12 3 19 18 24 11 24 5 22 22 14 26 22 14 7 23 2 21 27 30 7
22 14 25 20 26 10 3 24 29 11 26 16 11 28 24 30 30 25 22 12 14 15 10 14 12 15 17 17 27 23 29 24 10 3 11 8 6 24 0 24 21 25 22 28 16 7 7 29 11 29 14 0 16 25 2 28 16 2 24 17 23 9 9 12 27 30 8 4 25 29 17 5 20 26 4 15 2 28 6 14 21 17 24 18 6 30 0 30 19 22 17
14 0 11 5 13 19 13 7 15 27 28 5 23 6 8 1 18 26 15 26 0 27 16 28 26 8 6 19 29 15 25 16 30 18 8 19 24 28 26 28 28 12 7 2 14 6 0 15 24 0 1 15 24 29 18 22 23 13 28 25 2 24 5 16 4 15 30 6 12 23 21 22 7 21 29 15 18 19 20 25 30 19 3 20 19 7 22 26 13 2 27
20 27 0 26 29 16 13 4 8 17 14 6 24 25 23 1 17 5 28 20 15 14 20 26 29 5 25 8 7 4 6 29 12 17 23 20 28 5 13 26 0 15 24 25 15 7 15 22 10 29 29 13 0 5 10 29 0 14 10 1 29 18 6 18 0 15 15 20 18 14 23 1 13 3 19 13 26 17 18 2 1 27 1 16 28 19 3 21 0 9 7
5 3 13 21 2 28 8 9 0 21 23 11 23 8 5 3 30 18 29 27 5 22 16 16 14 9 19 19 16 9 20 17 22 19 5 26 1 30 0 30 3 1 15 11 6 5 28 29 25 11 12 14 20 25 12 10 2 30 19 9 12 8 9 0 30 1 7 14 4 8 5 21 7 0 20 11 13 19 18 20 30 6 18 8 22 17 9 30 16 14 20
10 27 16 23 22 17 12 15 22 12 22 20 24 0 2 17 2 1 20 4 0 21 22 4 29 22 27 3 4 28 26 8 10 21 13 23 25 21 4 5 8 29 12 7 8 10 16 17 18 25 26 0 28 16 26 6 21 20 1 27 4 9 3 21 29 25 20 14 11 17 19 15 10 6 4 2 8 19 25 11 10 16 18 14 9 28 20 14 20 14 19
13 3 19 28 2 25 26 6 11 21 0 23 9 13 6 6 2 10 6 28 21 11 15 10 21 0 4 10 27 18 28 20 3 25 10 27 14 18 23 7 18 19 20 2 21 30 10 2 10 30 16 9 21 26 18 21 24 15 23 5 16 1 1 30 30 26 26 29 9 2 18 0 13 6 10 0 28 6 26 2 21 30 2 17 30 6 25 9 3 5 30
0 5 9 18 4 1 16 12 3 29 14 8 29 26 15 28 21 26 21 27 16 16 4 28 27 17 28 24 9 11 26 24 1 8 20 17 8 30 26 2 3 24 1 24 6 22 15 0 14 17 18 24 11 10 7 26 20 26 4 28 14 7 14 3 2 15 19 21 4 16 21 10 18 27 9 30 15 22 0 9 15 8 13 29 8 1 9 10 22 14 12
5 10 24 0 6 24 25 27 2 2 11 1 16 8 4 21 29 14 1 4 0 30 10 2 30 8 25 13 0 13 17 3 24 6 23 26 16 21 0 25 21 6 10 14 1 0 2 14 17 12 2 14 9 30 28 3 18 12 8 20 3 9 16 25 1 0 6 1 20 3 19 17 13 30 6 17 10 9 0 3 8 24 14 28 2 23 25 22 27 4 17
8 14 28 9 13 15 22 20 1 27 19 1 7 2 9 10 8 13 21 4 9 13 6 1 23 12 12 3 30 26 5 25 4 29 8 11 2 18 18 17 23 20 13 26 28 24 24 28 16 19 1 5 16 23 17 0 17 0 9 18 22 3 23 25 0 19 22 18 1 30 9 4 11 16 20 23 27 22 17 29 11 29 2 28 12 27 9 9 23 22 30
10 13 8 9 15 7 20 13 11 23 10 13 9 0 18 8 24 23 5 7 16 25 26 16 14 21 29 29 22 1 7 1 22 2 4 7 15 20 30 28 6 13 4 7 11 20 16 27 21 28 8 7 4 18 25 25 30 17 15 18 11 24 14 12 0 13 21 12 24 26 7 27 28 13 10 0 25 1 15 7 8 13 25 6 28 23 5 26 3 30 2
0 10 24 8 1 27 0 5 30 20 0 9 10 24 19 19 22 14 22 5 17 22 1 14 8 10 13 27 9 6 25 14 22 29 3 2 13 29 24 20 21 25 24 18 14 29 5 26 16 11 26 27 5 2 4 14 1 30 17 24 12 7 14 16 23 10 21 1 4 4 23 19 22 27 4 26 8 22 8 20 0 2 17 16 10 2 15 17 25 7 23
26 25 26 25 19 18 28 9 17 18 10 14 27 18 22 25 29 3 27 9 7 8 25 26 18 12 24 15 18 3 23 11 12 19 8 26 12 16 28 5 25 26 17 1 5 8 27 3 6 27 30 2 4 12 14 0 11 18 26 11 9 5 27 7 10 29 20 30 3 21 24 12 11 16 16 22 4 23 29 12 25 10 6 30 27 3 20 24 20 25 22
19 28 13 4 14 20 23 19 13 25 5 21 0 19 30 6 7 20 25 7 27 30 23 4 10 21 26 21 26 18 25 27 19 24 25 22 19 28 28 17 6 16 16 3 0 0 28 26 23 21 27 16 18 2 17 5 30 7 20 24 2 15 24 16 6 7 29 29 8 11 17 15 23 26 13 1 20 10 2 23 0 21 9 27 13 27 11 3 26 3 24
11 4 13 22 4 28 14 0 6 0 17 11 26 29 8 16 27 10 19 20 8 25 28 7 19 7 28 15 5 12 7 2 18 27 18 23 29 12 10 16 27 3 0 13 12 10 12 11 11 13 0 10 13 16 28 14 4 1 3 22 12 1 5 13 6 8 29 24 7 22 21 21 12 14 15 6 5 12 14 6 10 19 5 17 15 22 18 2 12 26 8
12 6 29 20 19 13 4 27 25 2 25 19 6 3 25 7 11 0 28 8 21 30 1 10 24 15 22 28 4 5 21 12 14 21 16 7 0 11 17 30 7 5 12 0 30 26 20 15 7 4 20 5 15 9 22 0 15 26 14 1 7 6 17 2 7 29 25 25 19 8 13 19 1 21 10 0 19 5 1 4 6 16 11 9 25 23 27 5 11 17 28
3 1 13 18 30 30 24 17 2 16 26 30 11 15 9 10 10 11 0 7 22 28 19 24 5 5 26 15 30 13 16 20 4 25 19 23 18 21 24 23 0 6 30 22 4 11 12 24 10 3 0 7 12 10 15 14 18 22 16 17 26 24 11 20 13 13 6 16 9 5 5 18 28 18 13 13 27 27 6 29 18 24 25 11 20 23 26 26 10 1 11
20 24 22 24 1 10 0 15 15 15 15 6 19 8 7 21 26 21 5 16 24 20 19 1 15 14 25 8 26 29 25 23 18 17 5 24 8 8 30 6 20 26 15 14 13 29 14 19 14 28 18 6 28 10 12 2 12 30 0 8 3 2 3 28 15 8 13 17 6 17 17 19 7 12 15 13 26 23 26 17 10 5 28 11 27 22 24 8 16 12 4
3 28 13 4 13 5 19 30 26 4 9 23 27 11 15 25 28 30 21 16 5 2 4 8 24 20 11 2 20 14 23 18 21 12 11 16 18 6 18 27 29 11 30 13 21 12 28 24 13 14 1 11 23 1 8 26 1 29 15 10 26 23 29 6 23 6 2 2 15 0 9 7 11 16 23 13 10 30 28 29 24 14 12 21 9 6 17 7 14 5 11
13 7 11 12 28 12 16 22 4 11 25 12 23 11 1 15 6 19 3 26 20 1 18 19 21 27 23 30 20 30 1 26 15 1 21 27 3 10 23 4 9 27 20 0 26 25 12 5 11 3 12 3 3 4 27 20 16 18 20 25 30 20 26 12 7 10 2 9 6 7 7 29 7 27 12 22 20 8 30 5 22 6 22 7 12 16 6 1 8 30 29
11 8 9 26 29 26 23 9 16 4 2 11 4 2 10 4 4 2 3 16 25 15 10 20 17 7 19 26 24 1 21 14 25 23 9 21 29 16 21 17 26 6 28 9 0 28 18 3 29 30 25 28 14 28 15 8 20 12 30 13 19 29 15 21 3 13 22 10 30 17 5 26 12 20 26 1 10 20 8 21 12 5 10 1 22 15 16 4 9 16 22
16 14 29 23 17 22 17 5 4 19 26 26 0 0 24 10 25 11 15 20 7 23 13 30 11 10 21 9 0 27 7 19 8 5 25 2 25 20 2 30 29 21 19 24 26 24 28 24 10 29 0 22 26 18 17 6 19 12 28 24 0 0 23 6 30 7 14 11 5 15 25 27 29 15 15 14 8 17 3 15 13 23 7 30 2 19 27 23 18 27 16
15 24 8 13 12 6 16 13 4 29 1 25 25 11 27 0 28 4 12 9 8 23 6 6 8 6 20 11 3 24 18 25 0 19 29 28 15 28 10 0 23 23 1 19 15 30 13 15 3 20 21 6 13 15 0 4 17 9 25 12 11 25 22 16 11 5 17 29 30 2 27 29 20 27 30 24 19 19 1 17 24 6 3 0 2 8 1 17 12 6 1
18 16 3 6 28 18 10 7 18 24 29 0 13 1 16 23 30 17 21 5 21 2 9 2 10 21 18 6 12 8 11 24 30 21 26 10 22 3 15 7 8 29 28 8 15 5 27 12 30 18 0 29 30 0 20 16 24 1 2 30 23 3 11 10 27 13 21 12 12 30 24 3 9 11 14 20 3 15 26 3 17 24 14 25 27 14 16 17 1 6 17
28 9 8 12 12 15 29 25 8 6 17 24 6 5 27 16 11 8 18 6 0 13 20 27 30 9 10 5 28 1 20 20 2 12 16 0 8 17 27 19 28 2 22 23 30 29 20 8 8 6 27 14 17 14 2 29 8 26 21 22 16 0 1 26 3 4 8 10 24 0 30 1 16 25 7 15 24 19 13 27 1 8 29 24 6 11 20 19 17 7 25
13 12 2 20 22 6 6 22 5 1 14 19 19 11 19 26 6 24 26 13 18 14 5 23 16 8 20 12 14 28 15 26 7 8 14 25 30 14 27 14 14 18 20 27 22 23 18 14 16 27 27 9 23 7 21 23 16 7 2 4 22 14 8 11 17 3 15 22 10 10 30 25 21 29 1 11 5 20 21 7 10 23 12 27 29 9 28 22 20 7 4
15 12 4 3 0 3 16 23 30 28 17 28 24 24 5 7 6 22 26 1 17 6 16 8 8 17 2 28 14 26 8 13 29 15 27 6 22 7 10 26 27 26 28 14 3 21 28 6 17 0 9 3 29 3 2 22 8 0 1 0 11 11 12 12 14 9 13 3 18 3 14 13 14 17 9 0 19 3 27 20 5 12 11 17 5 22 15 11 12 4 14
2 27 19 24 9 26 13 2 19 19 3 30 16 29 5 0 12 14 1 6 22 2 29 1 5 14 15 1 27 15 14 12 3 24 19 10 0 13 12 5 28 27 4 7 5 15 20 9 18 9 26 9 29 2 3 20 3 30 4 26 23 10 15 23 28 29 7 24 24 8 27 2 19 14 23 5 4 4 8 19 27 21 6 27 14 28 9 16 19 21 30
26 4 16 15 7 16 10 8 19 3 3 4 22 29 6 27 30 20 27 29 6 16 7 21 4 8 26 11 9 26 23 13 19 18 2 7 1 13 30 20 23 26 30 2 26 11 20 21 28 13 8 13 3 28 15 10 10 2 16 13 10 24 24 15 17 6 23 4 25 26 2 24 5 1 26 19 17 5 15 21 10 0 18 28 23 24 0 21 16 27 4
0 16 9 12 26 20 6 5 15 14 8 14 17 22 0 4 22 26 2 30 30 22 24 10 6 9 9 14 1 19 27 2 14 21 2 21 9 3 19 26 24 24 28 14 9 2 19 11 1 1 24 19 22 27 17 0 18 7 17 16 25 18 22 10 28 29 16 12 22 10 27 7 25 24 6 23 30 6 24 23 24 30 24 23 5 27 9 3 2 0 16
4 27 4 4 4 13 6 8 23 5 9 10 23 0 24 6 19 2 17 5 15 9 29 26 9 30 15 3 13 11 30 16 25 14 19 16 30 18 24 16 9 6 29 13 21 24 13 20 3 13 2 1 1 20 16 25 1 4 14 27 29 3 1 7 0 13 15 18 7 27 11 0 21 28 20 24 12 11 6 20 4 2 30 4 2 15 15 30 19 27 4
21 20 4 8 28 22 29 4 14 25 29 5 21 16 6 15 13 18 14 17 5 28 23 14 18 23 9 10 23 4 19 7 23 27 20 25 10 0 10 12 25 3 2 4 3 23 8 19 6 25 4 16 7 18 26 17 2 19 8 20 8 22 17 25 4 18 23 26 15 30 30 21 27 18 0 21 22 6 28 6 13 1 19 0 26 6 0 6 23 17 4
28 12 11 0 24 3 22 23 7 26 24 27 3 23 13 28 11 15 18 25 9 10 13 19 28 9 29 30 14 10 4 21 15 18 28 28 10 26 15 20 24 4 17 29 8 30 22 8 5 6 2 20 6 3 30 4 7 9 14 20 19 30 9 20 2 27 8 2 24 13 23 13 23 17 2 2 14 9 1 24 22 22 2 0 5 18 3 14 11 5 17
12 28 12 30 25 13 9 4 5 30 25 8 22 21 27 19 22 22 0 10 3 18 16 19 23 5 30 13 17 16 6 7 21 26 10 18 13 19 1 2 23 6 21 22 16 15 18 3 9 8 2 17 24 20 28 15 0 24 23 21 13 14 17 1 6 10 2 3 3 27 8 23 15 29 30 12 20 14 25 8 2 8 0 23 3 6 11 22 10 2 12
25 30 4 21 3 10 18 2 6 24 28 24 13 22 1 9 3 13 26 17 12 4 14 25 14 13 30 25 16 15 10 28 23 16 3 25 8 11 10 9 2 19 24 9 27 0 3 10 2 17 19 2 14 5 5 20 29 8 29 18 21 1 13 2 20 13 14 19 11 14 1 23 5 6 3 15 12 19 19 21 27 13 25 15 16 0 23 15 14 20 23
12 24 10 1 1 6 3 20 1 3 27 21 24 14 16 6 5 19 6 26 16 23 29 21 15 2 7 4 4 25 30 2 4 2 27 26 7 25 6 28 11 29 24 2 23 13 19 24 12 14 15 6 4 6 11 1 25 2 22 5 9 13 3 14 20 16 13 2 10 17 13 17 30 25 24 8 6 11 22 29 14 28 23 15 19 10 27 20 1 2 5
15 19 18 0 17 15 4 8 0 3 7 18 0 13 25 9 21 19 20 11 29 28 16 4 15 8 24 0 3 30 0 13 24 9 25 18 8 5 19 19 29 0 17 15 25 16 0 25 10 1 15 18 12 10 19 8 14 6 15 6 13 7 2 16 3 0 22 18 4 18 12 28 27 3 9 12 9 1 12 7 8 17 26 17 4 12 20 11 3 10 5
6 24 29 23 27 19 22 22 4 13 17 9 1 22 6 22 1 7 19 16 19 7 26 24 0 24 22 18 11 27 26 17 9 26 18 14 16 12 20 30 23 20 23 30 0 0 20 1 2 29 19 9 29 3 16 26 27 1 14 1 27 30 17 5 10 19 29 15 8 1 20 24 3 20 10 11 16 7 9 7 22 27 25 20 11 0 25 4 10 5 27
10 29 21 10 0 2 17 2 26 24 21 24 18 12 29 16 4 6 18 7 0 7 29 23 15 5 28 22 19 24 23 4 0 20 26 13 22 15 14 18 11 13 18 16 10 2 20 8 6 2 25 7 22 21 23 11 8 28 10 14 15 9 8 4 13 18 12 3 21 8 17 22 14 29 26 28 15 8 26 13 26 5 2 16 4 22 10 1 3 30 6
3 6 11 17 10 4 16 5 22 12 20 17 6 23 2 2 4 21 3 26 1 29 25 18 13 15 13 9 27 5 23 18 23 27 2 13 28 1 14 13 4 26 15 2 11 20 19 28 15 14 29 1 14 16 2 5 4 12 23 28 30 16 16 10 0 24 21 15 20 25 14 27 28 7 17 21 2 5 24 18 29 10 23 2 3 0 28 3 27 17 14
26 5 24 29 21 10 7 22 24 11 9 16 30 7 30 30 12 16 21 18 28 3 11 3 23 3 24 2 17 5 27 14 12 7 29 26 27 16 19 28 20 6 30 27 29 2 1 30 4 28 14 17 14 0 4 30 13 7 20 18 8 17 7 25 7 2 4 3 11 26 6 22 25 7 9 22 10 19 17 7 29 19 2 7 25 11 24 15 2 30 20
3 24 29 19 8 20 30 19 6 6 22 14 13 17 17 24 1 9 16 25 27 30 0 2 30 15 6 0 17 13 14 5 7 3 20 30 9 3 22 5 27 24 29 8 14 17 23 19 18 27 30 14 10 18 2 26 18 16 25 11 30 13 23 1 30 28 19 18 30 23 4 20 20 5 30 9 18 11 4 30 24 2 5 5 15 23 18 3 1 17 19
25 7 22 27 7 20 30 16 15 24 13 3 12 19 2 25 8 30 12 26 9 7 8 5 6 12 9 29 28 7 17 18 17 0 30 0 0 15 22 3 9 9 14 18 15 30 14 8 30 1 24 16 0 13 19 14 9 19 22 17 4 13 27 15 24 22 27 14 21 7 10 7 17 27 8 12 13 24 28 17 20 27 17 11 22 19 7 1 29 30 14
15 16 9 29 4 28 7 12 30 15 18 23 15 1 16 23 4 11 2 30 16 23 15 28 6 1 28 1 22 29 17 15 7 25 1 28 16 11 17 26 9 21 27 1 0 18 15 26 16 7 4 12 28 9 3 28 12 14 0 14 24 8 5 8 27 6 18 21 20 28 18 11 15 2 10 24 6 28 24 24 1 23 14 16 4 20 26 13 4 10 23
12 15 12 3 20 5 13 2 17 15 24 19 1 26 2 26 29 8 29 29 11 0 4 28 10 23 28 25 26 6 29 12 27 18 7 7 11 9 7 28 30 5 22 27 19 1 5 29 9 14 14 19 2 24 23 7 16 13 6 23 17 14 5 3 24 3 23 11 26 9 19 28 16 28 11 11 30 19 11 22 14 21 8 15 17 24 29 12 25 30 2
