93 93
29 16 28 30 14 16 20 1 16 28 28 25 18 6 0 12 9 14 26 17 20 18 10 19 20 9 10 13 21 29 21 13 19 18 2 17 23 29 3 6 19 18 25 26 23 14 18 4 15 23 28 25 3 26 0 0 3 8 29 15 12 10 5 5 6 26 30 16 29 14 23 5 6 11 27 5 16 10 16 6 2 1 10 11 22 19 21 21 3 27 7 13 12
4 14 29 3 0 25 1 24 19 6 11 8 15 4 7 27 11 24 27 28 27 24 15 6 18 4 16 16 26 5 23 5 2 12 30 22 14 12 19 14 20 22 23 8 24 3 7 11 21 11 30 29 13 30 30 0 23 1 26 23 21 17 14 23 4 2 7 4 12 20 4 19 16 6 2 12 11 25 17 14 28 29 28 7 25 1 9 27 22 12 1 13 18
22 29 1 28 14 11 18 11 3 9 18 6 13 14 1 4 0 0 6 29 9 10 7 15 19 17 24 18 18 0 9 6 29 25 10 29 24 28 10 5 22 11 13 22 6 17 4 11 4 13 22 13 16 1 0 5 24 11 22 22 3 23 24 5 14 27 4 6 7 11 9 5 3 4 19 28 15 10 28 17 28 21 15 5 16 18 30 10 23 27 13 5 27
8 13 10 20 17 3 8 15 18 19 25 20 6 6 13 27 19 25 7 9 4 20 26 18 21 5 1 30 18 11 19 7 6 14 7 4 22 9 8 26 19 21 1 2 25 24 16 11 18 17 20 12 2 1 23 12 9 8 21 27 28 2 0 23 25 13 25 22 18 19 23 28 16 29 20 28 22 6 15 5 11 27 22 22 15 7 8 16 28 26 30 1 8
2 11 18 23 24 0 5 18 27 26 19 12 3 11 11 20 4 24 1 8 2 17 22 25 6 30 4 3 14 25 16 13 4 27 11 10 5 6 8 3 26 0 26 15 25 26 4 8 18 26 28 30 24 19 5 26 9 5 19 12 24 29 20 23 0 1 11 25 8 9 24 29 12 24 1 19 24 25 9 10 9 24 9 15 4 26 20 18 26 15 15 25 12
14 0 12 1 11 4 11 16 27 15 2 18 2 19 29 23 22 13 10 14 6 29 5 9 28 8 2 24 1 3 24 7 11 13 8 28 27 25 1 29 9 23 29 29 25 0 7 6 4 5 29 8 25 4 10 18 19 16 25 0 2 6 26 15 8 25 10 3 14 28 2 24 8 29 10 20 8 15 19 27 26 26 4 19 27 4 8 0 30 18 11 18 21
13 8 15 15 5 22 9 23 12 11 20 11 25 20 8 10 23 28 2 22 22 16 27 5 15 9 3 5 4 24 8 9 12 25 3 6 30 26 26 2 28 29 24 13 12 14 16 7 20 10 15 12 12 25 25 23 6 20 2 26 7 28 20 23 26 8 3 3 11 16 2 17 30 3 24 22 12 5 0 29 4 29 15 25 7 13 7 2 10 10 14 16 1
0 29 9 10 25 2 22 28 30 29 2 0 22 13 15 6 6 14 3 20 21 30 22 16 23 6 28 22 8 4 22 4 17 18 13 30 5 10 16 24 16 26 30 20 16 24 17 27 0 21 25 19 19 4 0 28 3 12 17 24 22 2 2 23 21 20 9 9 19 24 15 0 7 8 26 6 15 15 10 13 8 26 19 14 16 26 25 6 30 3 18 24 14
22 2 19 0 0 5 9 5 29 19 26 1 18 28 23 25 14 26 16 30 27 6 17 16 16 27 29 26 29 12 26 15 13 12 14 10 10 28 23 11 14 18 4 17 11 14 0 28 1 26 1 25 0 1 24 17 23 10 21 12 5 12 10 12 26 5 22 17 22 0 26 14 18 27 15 1 21 17 16 14 6 16 1 25 20 25 19 11 20 29 1 13 28
22 21 25 2 28 2 18 28 28 1 3 17 15 16 19 16 6 26 13 21 5 18 4 24 2 28 1 2 27 27 11 9 9 30 2 29 22 6 1 18 18 22 22 24 18 8 10 22 27 2 13 28 2 9 3 23 0 22 20 16 2 27 19 26 1 27 17 14 7 7 4 1 9 11 24 9 6 9 25 13 4 21 21 28 11 25 21 6 20 13 28 26 3
15 5 3 19 11 1 13 28 17 11 21 19 4 4 14 23 25 2 4 3 23 25 30 9 20 4 27 15 16 2 7 27 10 21 29 22 24 6 29 26 8 18 12 16 10 22 14 12 2 16 6 3 27 6 19 5 19 3 16 16 14 28 2 21 10 14 12 15 12 30 20 1 21 25 5 22 4 24 7 3 4 15 13 6 7 7 25 23 19 9 6 15 19
5 23 9 20 19 3 12 27 4 20 13 3 28 15 12 2 21 7 4 9 11 9 13 20 20 8 10 19 18 12 27 7 13 13 22 1 9 23 23 10 2 17 24 24 11 2 20 6 20 23 7 25 21 3 16 6 30 3 2 5 8 9 0 4 10 17 4 29 21 17 26 5 29 25 30 26 13 21 4 27 29 15 17 0 30 10 10 2 19 0 0 14 20
9 27 10 8 14 14 8 12 17 6 29 19 30 0 24 19 4 27 6 18 19 20 29 15 1 5 29 30 29 28 23 7 29 28 30 1 13 15 22 27 4 26 20 7 17 13 4 13 30 11 29 16 26 25 24 26 25 26 26 15 30 15 19 18 15 2 0 17 3 16 4 30 18 24 21 19 10 8 12 13 4 2 27 7 19 9 3 3 20 6 0 30 22
4 30 13 21 18 17 11 6 27 8 6 3 8 21 17 14 9 26 12 3 4 13 25 5 24 12 4 24 29 27 17 11 22 12 1 4 13 22 25 15 3 9 27 30 1 22 2 8 5 16 29 21 2 16 14 29 16 19 1 30 23 17 16 10 8 23 0 22 14 15 29 20 10 26 28 13 3 9 14 18 30 10 7 25 21 22 26 0 13 12 30 21 28
28 7 17 18 15 22 1 0 29 24 18 8 16 15 17 3 19 6 12 30 28 12 4 9 19 22 6 18 25 16 3 16 29 27 26 29 22 12 13 18 21 18 7 5 25 14 16 30 0 20 16 2 5 6 17 1 8 22 5 0 22 17 14 22 5 10 17 29 13 13 22 13 6 15 16 8 11 7 11 16 27 23 5 20 27 26 29 10 13 11 28 4 19
15 3 13 2 0 19 11 10 11 7 7 13 6 4 30 12 1 27 4 3 19 2 2 25 9 13 22 24 7 10 18 12 18 11 29 25 2 22 9 21 29 25 21 2 11 14 25 8 23 13 18 20 0 21 2 15 27 29 4 4 7 24 10 3 13 2 20 16 3 4 8 25 24 29 10 4 19 18 29 8 23 4 1 24 6 3 16 26 19 23 2 4 3
26 28 7 5 17 28 14 8 8 30 2 0 2 6 25 0 24 1 10 20 27 20 1 2 28 11 25 20 25 29 18 10 30 17 6 12 30 20 3 24 13 1 3 8 19 5 2 17 2 10 18 8 10 29 1 20 19 17 19 13 12 25 28 13 24 14 21 28 2 11 23 19 28 30 7 19 11 0 24 1 13 9 22 14 25 8 10 30 10 16 3 15 28
7 30 9 2 28 1 0 12 17 12 5 15 10 28 13 23 11 7 15 12 8 10 12 4 16 12 17 19 13 4 27 14 9 11 16 9 16 27 29 11 13 29 2 29 5 1 9 27 18 11 6 4 22 8 23 20 27 9 30 24 1 1 20 23 5 2 5 21 17 11 26 14 9 27 20 1 5 18 30 8 7 29 2 5 15 19 1 24 27 29 7 5 10
13 5 1 19 17 30 2 28 6 16 22 3 7 28 16 6 10 8 8 12 13 2 17 14 23 21 16 14 25 7 1 25 0 15 21 23 16 3 12 13 27 11 18 26 21 15 24 17 5 19 9 1 14 3 25 19 9 14 15 24 26 15 27 3 8 21 4 24 12 3 23 26 0 6 25 2 23 22 15 13 1 29 13 7 4 11 24 8 6 23 21 6 5
8 0 19 26 9 28 24 6 6 16 27 8 24 20 15 20 1 11 18 11 0 24 14 17 18 20 12 27 3 10 9 20 19 19 14 2 4 13 27 14 19 6 30 7 14 17 16 20 15 14 25 29 11 14 3 5 10 22 13 19 22 10 10 27 15 0 18 20 11 12 23 29 13 16 0 1 17 14 14 11 3 4 8 0 4 7 14 6 28 6 30 0 5
15 30 5 14 16 3 23 0 27 6 4 5 8 6 20 10 12 13 18 21 5 5 22 27 17 7 30 16 8 10 29 16 8 18 26 19 16 1 11 27 2 2 7 10 30 30 13 21 14 16 28 1 16 16 29 3 27 11 3 6 29 28 29 15 24 4 0 14 4 8 14 8 28 5 8 27 13 18 13 3 4 19 15 26 19 10 13 29 1 21 30 3 21
6 11 29 28 26 19 21 6 21 14 10 22 10 17 4 22 11 26 27 17 26 14 14 27 24 8 15 14 26 29 23 2 13 10 20 15 2 25 29 2 12 20 15 22 10 6 22 22 7 17 4 21 19 30 25 20 5 30 30 13 25 5 5 13 19 3 0 8 1 26 25 27 16 30 28 11 24 20 13 14 4 28 9 24 9 19 11 21 22 21 15 14 6
6 1 20 9 15 19 5 0 1 7 9 12 11 8 10 5 15 19 29 22 10 14 16 12 16 8 5 9 30 16 14 12 5 14 24 29 9 4 3 29 13 5 14 16 22 11 13 3 21 10 18 12 23 18 14 17 3 7 1 15 29 14 2 28 25 10 23 12 20 10 9 0 30 22 18 11 27 1 24 24 14 27 27 12 5 29 27 29 9 21 11 23 17
16 29 30 13 10 9 25 29 17 23 0 19 19 13 30 18 2 6 20 28 0 13 10 0 18 9 2 28 22 9 24 11 14 29 23 29 23 5 14 21 1 4 8 4 30 15 15 8 23 2 23 10 2 0 25 17 25 9 29 21 7 7 2 23 20 17 22 25 26 13 20 8 22 27 7 2 2 7 18 1 11 28 22 20 16 4 5 26 19 25 25 30 9
22 4 24 7 10 30 3 12 4 24 8 7 15 9 29 3 6 8 13 24 1 10 14 17 0 19 7 8 0 20 2 1 28 11 17 20 27 30 13 30 25 29 30 23 14 16 1 2 29 5 12 26 13 15 4 15 17 16 27 2 0 24 30 21 19 20 8 4 1 9 28 9 5 6 0 17 7 19 10 25 9 11 29 30 12 15 26 9 13 25 13 16 19
5 30 29 19 26 9 17 21 17 21 27 22 11 17 20 28 8 29 4 6 4 30 8 10 27 4 15 10 0 12 0 6 12 18 22 6 4 20 8 18 6 22 1 8 11 29 15 24 1 9 18 19 16 3 26 21 19 10 7 7 0 17 27 23 25 22 30 16 1 4 8 14 26 10 16 26 24 13 27 12 25 11 28 7 30 10 12 30 17 26 29 17 9
11 17 30 0 9 14 8 15 29 3 7 19 14 9 0 21 3 21 18 0 26 5 30 6 11 8 30 16 4 17 14 5 7 10 2 2 30 1 8 3 18 24 7 6 21 2 1 26 12 23 30 15 3 2 11 15 12 29 28 18 2 11 14 21 11 20 10 29 28 10 20 4 5 17 7 25 22 7 5 26 1 26 30 28 1 13 15 26 23 25 28 19 6
13 15 4 17 16 22 4 28 21 21 20 11 2 4 12 0 17 1 27 12 25 14 19 13 28 2 3 19 20 22 16 7 15 11 13 7 23 16 22 10 21 20 30 30 15 9 19 4 4 19 1 27 4 24 9 1 24 1 20 14 29 27 19 12 17 0 3 20 29 2 18 12 14 27 17 26 1 13 30 2 28 29 24 18 20 11 6 0 0 0 4 9 20
16 29 30 22 29 4 2 11 14 23 11 30 29 21 5 21 22 19 15 28 16 1 21 19 9 8 20 26 14 17 21 20 10 16 1 4 12 2 18 2 30 16 7 21 26 2 26 5 7 28 27 12 0 0 2 14 23 11 17 28 21 15 19 17 23 29 28 1 19 0 1 17 17 10 20 1 21 17 14 18 2 30 29 28 1 0 12 15 6 2 1 6 11
23 23 4 13 29 29 23 26 21 21 28 9 15 25 13 17 5 2 21 6 19 22 23 13 20 29 28 7 20 6 8 0 10 23 16 19 6 13 12 11 23 2 21 3 30 17 22 27 8 25 18 22 28 27 5 22 6 7 9 1 3 30 15 24 25 22 26 19 14 19 14 18 5 20 5 14 0 21 5 21 1 21 9 16 5 14 12 2 5 5 14 19 13
11 18 28 25 29 29 3 18 21 13 8 26 11 5 8 13 5 25 5 9 5 17 23 23 16 24 0 8 6 17 8 15 21 1 30 4 8 28 22 19 24 30 5 1 25 26 3 5 29 4 30 5 8 16 1 4 16 26 1 3 13 10 0 18 17 7 22 9 11 22 18 3 22 4 17 17 3 26 6 9 9 16 0 2 30 11 2 30 15 9 12 28 19
20 7 26 29 4 26 21 27 0 4 24 20 30 23 14 15 17 24 19 20 21 2 17 16 3 25 27 9 2 15 5 6 13 28 26 18 7 5 24 26 22 28 3 20 0 19 28 3 24 2 11 28 8 19 4 14 30 7 29 14 29 24 8 21 15 10 6 21 30 4 20 22 23 16 29 16 30 26 5 11 27 2 26 21 0 0 6 23 9 4 8 10 0
23 10 26 28 18 21 8 18 7 10 2 10 27 12 2 19 30 5 6 1 3 30 8 9 13 26 16 9 12 19 13 24 24 27 7 0 5 13 18 30 24 0 27 0 9 30 19 16 8 8 27 14 11 20 21 10 8 8 0 17 8 3 13 12 17 21 22 20 2 7 16 5 21 12 14 25 16 24 9 7 23 7 13 3 23 1 0 21 13 17 23 26 25
24 17 10 24 21 9 8 19 14 8 4 11 19 5 4 13 0 0 10 23 25 13 14 18 13 9 13 4 23 1 7 8 1 11 21 18 14 17 17 14 20 20 8 15 18 7 7 21 15 25 28 24 8 1 2 8 25 9 17 13 8 3 12 9 4 26 17 13 20 1 25 20 19 28 17 28 24 7 12 18 3 3 18 14 20 4 26 21 10 28 13 29 25
6 19 25 20 0 5 25 12 10 12 14 13 0 19 29 22 25 16 5 4 2 15 22 11 24 18 18 9 19 12 13 4 8 23 2 6 13 13 20 23 12 0 5 15 7 30 13 10 5 11 2 23 12 25 9 27 21 13 14 19 19 7 6 10 3 10 25 27 20 29 18 3 8 24 17 30 20 1 13 17 22 26 29 19 9 4 21 10 7 2 20 6 26
7 0 24 23 8 7 22 14 14 0 21 15 7 12 11 7 9 10 3 3 8 17 26 12 20 0 2 28 30 10 7 19 28 4 18 22 8 14 3 9 25 12 25 9 26 13 13 26 30 24 20 18 13 11 6 6 28 26 0 21 20 30 29 23 5 4 5 15 5 20 20 12 10 21 18 4 16 4 28 28 15 19 8 23 1 10 25 7 3 25 4 19 19
20 7 12 6 17 29 20 17 12 10 1 19 16 0 15 22 18 22 4 2 6 28 23 6 27 6 1 27 10 14 9 0 2 24 18 9 3 22 20 1 15 10 23 18 2 3 2 11 29 19 19 13 14 12 15 26 24 27 17 21 13 16 11 19 29 27 30 30 15 19 24 1 9 2 20 9 18 29 13 13 14 1 22 20 7 17 24 12 24 9 9 4 8
13 11 0 18 18 1 21 15 19 18 24 29 27 5 4 25 11 22 22 27 4 14 25 27 15 3 11 2 19 5 13 10 12 1 12 7 29 15 18 6 26 11 27 4 26 0 6 19 9 17 22 30 23 2 4 21 15 8 29 2 14 24 11 0 29 22 1 26 3 28 12 6 6 29 7 12 28 2 4 18 10 25 18 14 7 6 14 29 26 24 10 24 27
0 5 21 16 7 18 6 9 25 28 19 29 17 23 15 11 5 16 23 15 24 0 9 25 7 1 7 21 18 13 0 23 2 8 14 0 12 22 2 10 18 24 10 16 1 21 15 6 20 5 14 22 24 17 3 0 1 21 16 19 6 22 21 30 27 23 12 6 28 16 11 22 18 19 12 24 8 20 7 19 24 18 15 12 28 4 3 1 8 22 21 24 16
19 18 9 18 3 13 15 19 7 28 21 5 1 14 4 0 5 30 3 19 29 9 16 23 9 14 6 7 28 14 13 27 8 9 21 15 21 10 19 5 27 15 7 21 24 12 8 20 12 30 28 26 10 8 29 28 18 28 30 18 8 22 22 23 27 26 17 4 12 7 19 15 23 8 8 26 23 10 9 20 13 1 18 6 7 25 15 19 27 22 19 30 6
22 10 17 12 15 10 20 1 1 6 22 10 24 9 10 24 22 0 6 29 17 6 13 13 18 7 28 10 15 3 30 19 23 21 28 1 7 25 15 25 29 15 4 22 11 9 4 13 5 3 20 27 24 9 2 29 3 25 23 22 5 3 26 1 0 3 6 12 20 30 1 17 19 7 2 19 28 5 4 29 18 5 4 23 24 13 24 13 12 17 20 2 0
13 25 8 22 10 14 15 23 5 7 0 0 23 19 16 16 0 19 25 19 30 2 1 18 20 16 4 6 18 29 20 0 16 11 20 6 4 22 2 22 30 11 29 10 24 9 6 8 4 19 15 20 3 29 29 13 2 24 23 27 20 4 27 20 10 13 5 6 23 3 15 26 18 1 18 20 1 27 0 29 1 10 9 19 17 4 28 3 15 6 26 19 30
6 21 22 11 19 29 2 0 4 29 3 30 25 24 7 20 26 12 17 17 28 16 23 15 8 5 4 28 27 20 17 25 28 24 28 14 20 10 15 0 12 12 15 12 16 28 15 21 26 1 28 21 8 2 26 8 26 28 3 6 17 30 23 2 25 19 1 15 17 27 13 9 26 29 0 28 15 21 10 9 18 24 4 18 18 3 11 12 23 22 2 19 30
15 1 19 3 13 26 2 10 22 0 0 24 23 9 27 16 1 2 15 3 25 9 18 7 13 30 13 15 25 0 6 7 11 29 17 30 7 13 17 11 9 8 6 27 8 13 27 6 18 5 24 28 30 4 15 22 12 3 16 7 15 3 27 26 22 24 28 7 30 5 16 30 15 10 3 6 11 28 26 8 19 7 4 26 24 12 14 8 15 5 17 28 19
7 4 27 23 12 18 27 27 27 22 11 26 9 27 4 23 9 1 24 17 30 24 20 16 29 8 19 17 24 1 25 7 9 19 19 17 22 11 20 14 26 2 28 8 25 25 6 27 26 4 30 22 26 12 18 3 18 23 10 22 0 8 19 30 24 19 10 1 1 14 8 24 13 7 20 1 12 5 13 24 13 19 20 9 22 21 4 16 27 20 11 1 4
28 4 18 16 11 11 5 18 28 23 2 19 28 26 15 9 19 18 27 22 13 2 0 18 3 15 30 8 18 10 0 16 15 8 27 21 8 10 20 15 0 7 22 11 19 27 4 20 10 17 22 6 5 18 24 6 2 27 28 1 15 8 25 15 1 6 7 26 7 26 12 8 9 10 20 23 9 6 7 9 20 19 1 11 9 22 21 24 22 23 8 11 11
30 22 3 30 13 23 3 5 7 27 1 27 27 27 14 21 2 2 23 7 7 23 28 23 3 16 5 3 14 21 7 12 21 3 21 17 14 20 15 6 4 19 7 15 23 5 16 9 30 26 27 8 28 11 27 29 26 28 9 7 16 24 16 29 9 0 16 6 17 19 14 19 4 16 28 22 28 8 30 9 24 29 27 7 19 13 4 26 27 0 17 20 5
30 29 3 29 7 27 21 3 4 0 24 21 1 19 24 27 28 18 17 12 3 6 11 29 28 30 0 11 10 28 30 23 30 14 2 7 29 9 14 21 6 25 20 11 27 25 14 10 8 10 25 18 30 19 1 17 22 27 16 5 26 23 3 30 25 16 23 15 11 0 8 18 21 7 3 20 22 5 26 30 17 18 27 12 6 28 22 1 15 29 2 2 17
7 27 14 11 4 27 25 8 3 18 10 20 10 19 2 6 8 5 29 28 11 13 11 4 27 16 5 5 16 21 4 19 1 19 27 21 29 17 26 28 5 20 5 15 1 2 19 22 27 3 29 27 7 7 1 28 7 22 26 4 20 15 15 23 9 17 28 28 18 17 26 3 6 11 17 20 16 8 8 19 22 7 26 26 29 0 0 26 10 10 6 21 20
5 14 3 21 15 22 13 13 7 10 9 7 11 5 4 9 17 8 14 19 25 18 6 9 6 12 0 16 16 11 24 22 8 10 27 29 20 29 5 23 4 21 12 17 13 0 11 18 6 20 20 17 16 7 23 0 27 0 4 17 2 30 5 25 11 5 22 28 1 19 4 0 12 30 6 0 8 22 14 6 17 22 12 21 11 10 7 27 12 24 29 5 14
25 11 29 21 5 7 21 17 0 19 9 10 29 11 1 6 8 27 7 5 7 8 11 27 24 24 21 28 7 18 13 14 3 5 6 26 12 10 27 5 0 28 11 20 0 15 11 18 4 2 24 19 16 10 13 24 8 26 23 13 4 17 20 23 29 22 7 18 24 5 19 17 14 9 1 27 18 5 7 25 30 26 8 2 4 12 28 7 2 19 11 28 13
13 9 14 22 6 4 6 15 25 2 29 30 4 5 20 14 8 1 2 6 6 6 6 18 19 28 19 17 15 28 21 9 1 28 30 26 16 7 9 1 22 8 1 13 12 1 23 7 1 9 16 20 19 4 0 22 1 21 21 6 23 17 12 28 9 0 0 26 30 14 0 14 25 12 8 21 24 14 6 21 12 4 15 0 26 3 25 4 27 11 13 3 14
16 28 7 4 28 28 18 9 2 15 8 7 20 17 18 24 21 2 13 13 17 14 3 8 20 8 2 19 29 5 25 11 20 23 23 25 11 6 23 19 12 1 20 7 17 23 22 0 2 26 14 26 9 20 29 5 2 1 25 14 17 19 20 12 16 30 15 18 27 8 23 28 23 29 27 6 6 4 10 11 3 16 5 23 20 13 25 4 8 23 27 3 26
12 26 28 14 25 18 21 17 1 6 13 22 18 4 29 25 16 16 13 16 12 3 2 8 28 23 29 1 6 18 14 5 10 0 10 0 27 9 7 28 6 18 14 22 6 0 11 23 10 14 0 21 11 0 5 12 12 27 4 30 9 28 16 28 24 12 13 20 7 8 0 2 4 29 3 8 12 13 0 4 28 24 18 3 12 8 21 25 5 29 19 10 18
11 30 26 24 27 25 21 19 14 13 20 24 14 0 20 1 29 4 21 24 26 28 30 17 15 23 26 23 26 22 6 19 22 17 18 14 24 21 20 13 17 18 14 20 24 24 14 14 4 8 4 10 0 19 7 8 29 17 19 24 12 5 22 22 25 1 6 20 9 24 0 16 14 8 23 7 9 16 11 3 26 12 11 15 27 3 22 18 1 25 12 15 16
4 21 1 18 30 26 4 24 25 7 27 5 1 9 28 10 20 9 14 2 3 18 9 3 5 17 20 27 9 17 22 24 3 9 5 2 5 27 23 17 27 10 12 16 26 6 28 25 6 24 17 8 22 25 30 21 27 4 10 14 29 9 15 5 15 24 13 0 5 30 29 28 21 11 23 5 27 29 5 29 5 12 2 19 12 6 22 19 1 9 5 15 7
5 22 22 24 28 2 4 16 22 16 23 19 19 26 4 5 13 1 18 13 6 23 2 20 30 23 30 16 23 23 23 28 2 28 1 26 5 27 29 5 0 6 7 28 20 2 5 0 3 10 5 9 14 25 19 10 11 6 16 18 17 14 2 14 0 29 23 22 14 9 9 15 2 11 22 20 5 7 16 29 7 22 4 4 13 28 28 7 1 5 3 17 3
18 14 17 22 5 30 17 5 20 5 25 2 9 15 18 17 28 9 12 27 8 13 14 6 26 11 8 27 5 26 21 9 22 17 12 6 5 12 10 1 26 26 8 18 15 10 21 21 2 8 20 0 18 30 1 2 22 30 7 24 13 16 6 24 19 3 16 28 6 27 16 27 3 1 23 2 29 2 4 13 18 28 22 15 14 26 3 29 18 13 23 6 5
27 30 29 9 18 22 8 4 19 23 13 27 14 30 13 17 3 11 2 30 21 18 26 28 7 9 23 8 3 6 18 13 13 13 15 17 2 2 22 20 7 26 5 15 24 0 23 20 15 7 5 23 5 0 9 16 10 11 9 18 19 13 26 20 27 22 26 28 0 22 1 25 19 26 20 21 22 16 20 14 23 9 13 11 7 9 9 2 14 2 7 7 1
25 21 21 21 20 26 25 25 15 20 24 30 14 6 29 21 14 14 3 12 10 15 15 1 15 12 14 12 10 0 27 24 18 25 30 11 30 10 16 4 26 2 17 7 28 21 24 25 24 6 19 13 10 10 29 9 3 12 24 5 16 12 4 26 14 23 0 6 18 15 5 25 9 25 8 12 6 17 1 26 19 12 22 18 7 3 26 17 14 17 14 3 7
16 14 8 15 12 18 13 15 13 3 0 28 17 15 6 6 2 4 0 0 20 30 29 26 3 20 1 29 9 26 25 5 5 2 24 17 8 13 12 27 8 1 8 4 9 4 25 15 4 7 18 4 1 6 4 8 8 19 4 16 14 8 21 30 25 7 5 29 18 29 26 2 10 12 16 28 23 23 12 8 30 1 1 19 10 6 5 8 20 10 6 11 3
20 3 15 3 18 6 9 18 15 28 23 28 9 24 4 5 23 12 7 3 1 23 16 30 7 26 6 1 21 11 4 24 0 16 30 17 3 0 10 27 7 16 8 17 4 10 7 22 27 21 24 4 1 17 6 3 27 5 26 22 5 13 18 0 25 3 18 12 10 4 11 26 0 24 1 6 5 2 28 27 15 13 6 24 10 23 13 16 0 30 13 24 30
27 17 3 2 28 18 6 2 15 9 22 5 7 8 14 26 4 6 27 24 2 25 4 2 5 22 18 7 17 8 27 28 30 1 5 13 20 19 10 13 20 28 16 9 4 5 7 15 27 26 25 19 10 6 11 28 23 24 28 14 26 29 2 14 11 28 28 29 11 2 21 27 7 29 12 1 28 24 19 23 26 4 7 17 19 20 4 1 11 24 30 13 25
18 27 4 9 14 3 25 27 11 28 19 22 14 14 21 7 5 4 16 11 13 3 26 19 0 1 1 18 23 30 6 14 0 5 1 27 14 5 22 5 24 9 20 11 0 8 11 24 25 24 28 1 27 13 28 29 26 9 0 10 30 9 4 1 17 13 9 19 17 4 30 14 6 25 22 9 27 25 2 13 28 12 10 20 1 9 13 28 3 23 8 7 19
4 22 19 19 20 10 27 20 29 23 19 30 16 24 9 18 26 21 2 4 9 28 24 0 9 26 19 8 3 15 27 24 25 23 17 27 0 15 12 21 27 3 17 16 17 14 6 13 18 18 26 25 15 27 0 30 23 23 25 14 16 29 28 12 15 13 5 1 26 1 19 10 10 0 27 27 14 29 2 17 20 7 18 30 13 30 21 13 11 25 22 14 21
28 25 23 25 24 5 8 5 23 6 23 19 1 15 19 25 16 21 11 0 25 11 25 12 6 15 2 24 18 18 26 30 26 12 9 29 5 30 17 17 29 19 21 12 7 21 23 10 30 29 20 8 26 0 0 7 2 26 8 26 2 1 26 2 11 29 12 19 16 7 20 0 10 17 15 6 3 3 12 5 29 12 24 21 27 8 12 11 10 8 21 2 28
1 19 26 19 18 22 25 28 26 21 1 21 3 14 19 16 10 28 14 10 7 22 21 13 21 19 20 28 3 4 19 28 21 10 18 13 5 22 8 23 7 7 21 22 30 12 4 10 15 10 22 26 26 8 5 12 30 18 17 5 18 11 7 13 0 19 14 26 17 0 11 4 1 5 20 16 26 18 26 8 11 22 21 14 29 26 0 8 14 13 2 18 2
9 8 3 16 15 5 3 0 11 17 4 0 3 20 1 16 5 27 27 27 11 20 12 28 29 10 9 1 20 11 8 15 26 30 7 11 13 21 6 25 20 21 13 12 11 6 5 17 1 1 15 27 2 2 20 14 12 29 7 24 12 27 21 5 11 21 23 20 26 27 10 2 17 19 16 30 13 9 14 12 20 8 1 24 11 9 21 28 11 11 2 27 25
30 28 2 26 22 11 27 7 20 25 28 5 28 5 5 22 28 5 30 25 15 11 3 14 26 2 18 25 24 4 5 27 28 22 17 9 18 12 29 8 1 10 2 30 4 19 7 18 25 5 22 15 30 5 15 9 1 8 26 29 1 19 0 21 20 24 6 2 14 18 24 17 22 5 4 16 12 8 26 3 28 8 22 1 6 1 5 0 21 30 26 24 23
13 26 8 16 12 15 5 8 28 25 26 4 0 9 29 16 22 13 30 3 15 19 25 26 17 16 11 23 10 10 1 17 14 2 14 2 21 24 23 28 6 10 11 12 24 22 26 4 11 28 20 1 2 11 27 28 24 14 27 1 24 12 16 21 20 26 25 6 17 8 15 17 24 6 13 29 17 9 26 11 17 16 0 14 13 10 4 17 30 12 25 14 2
14 0 10 8 30 21 1 7 6 30 7 25 0 23 15 11 24 15 9 25 28 0 15 18 26 26 5 25 14 9 23 20 15 25 5 21 0 30 12 10 17 25 3 26 17 4 24 24 30 25 19 23 17 6 9 30 5 20 1 25 0 3 14 21 23 19 11 14 10 24 16 0 1 17 15 15 27 21 30 5 6 19 19 10 14 13 3 13 0 3 0 22 30
18 27 20 22 6 27 6 11 30 17 23 5 20 19 18 17 15 23 26 21 16 14 4 5 21 2 11 22 16 15 0 26 7 29 27 28 8 24 11 27 12 25 23 4 7 16 14 27 16 5 13 12 24 25 12 19 18 3 4 14 11 28 30 22 7 1 1 15 29 7 18 19 21 16 28 5 3 22 11 1 25 0 20 2 17 5 26 0 29 23 12 8 2
5 2 6 9 13 8 15 18 1 5 0 6 13 25 18 25 13 6 12 12 8 22 5 3 4 19 1 15 9 30 21 0 20 10 1 2 22 6 6 30 24 0 19 1 5 20 16 2 1 15 6 10 30 4 8 23 17 29 20 8 10 3 19 19 13 12 7 27 5 21 18 0 17 23 6 16 23 23 12 23 27 18 22 8 19 7 7 23 13 26 23 17 5
26 18 12 3 2 30 3 7 29 19 16 12 9 1 3 1 0 28 5 15 1 29 29 8 7 11 25 23 14 20 5 11 3 27 7 7 14 22 30 25 5 22 15 26 27 18 19 29 10 29 8 14 1 1 28 17 1 2 21 5 12 12 23 16 21 22 4 15 7 14 13 18 14 29 5 25 10 27 26 8 11 4 2 11 22 18 3 28 15 15 6 1 5
8 23 23 21 20 30 8 8 8 0 19 5 4 15 16 10 2 10 16 28 14 20 26 16 19 4 3 10 18 15 14 10 28 19 15 0 29 11 30 24 19 2 16 6 15 23 4 22 23 16 11 0 13 20 13 21 17 18 21 28 4 1 24 29 28 3 13 24 11 11 8 10 3 14 9 10 6 16 17 11 3 10 27 20 6 7 26 5 3 18 22 24 20
27 4 21 7 18 13 14 7 11 10 14 1 15 13 28 3 19 19 6 30 2 22 8 22 15 19 17 2 7 9 29 5 10 12 24 4 9 23 23 1 22 25 8 16 12 16 20 12 7 27 22 26 7 20 15 6 13 14 8 15 4 26 16 16 10 1 16 10 18 6 4 19 14 28 24 12 26 25 15 12 15 13 0 8 2 20 11 15 23 29 29 17 12
4 26 18 1 16 26 18 11 1 23 15 7 30 21 23 2 9 23 25 28 21 30 10 18 30 3 5 15 29 21 10 4 22 10 2 17 0 28 9 22 19 9 6 14 7 25 4 20 15 27 12 18 5 20 27 8 9 6 9 25 19 19 5 1 1 4 25 19 24 8 26 4 2 1 21 18 13 2 6 2 4 16 24 29 25 23 10 21 28 12 19 23 0
13 28 8 23 4 27 10 4 24 1 16 3 30 0 8 20 18 16 8 29 10 15 2 1 17 5 19 7 8 1 25 25 21 21 30 10 5 20 29 20 1 27 21 29 7 19 28 29 30 11 21 13 5 17 28 15 5 29 29 22 25 24 21 20 3 21 2 11 28 13 30 20 5 8 21 18 20 12 27 20 23 14 10 11 10 23 4 12 18 18 0 1 28
11 0 12 10 23 29 8 23 10 2 11 9 8 4 27 11 2 28 24 14 24 20 23 6 17 1 14 8 26 18 29 0 28 15 14 28 11 15 30 2 6 28 16 0 15 5 4 24 6 23 7 28 0 0 8 6 18 23 21 16 24 18 3 0 24 9 20 27 23 30 1 18 8 29 11 30 29 18 3 27 23 24 9 23 27 12 21 16 19 26 20 10 27
17 17 14 3 8 13 1 12 0 11 7 25 23 27 11 23 6 17 27 2 2 14 10 24 0 21 12 10 19 28 22 1 6 16 16 1 4 8 22 18 12 30 25 18 15 17 0 0 3 7 26 10 16 16 22 13 29 7 30 0 15 25 7 29 14 6 16 20 24 20 27 26 6 11 15 0 17 13 28 15 22 20 0 1 4 2 3 1 26 2 12 15 29
14 10 8 19 0 24 21 23 8 9 16 3 18 11 12 21 20 0 4 2 5 28 29 14 19 17 17 21 21 4 24 13 6 21 4 14 23 1 23 2 3 1 3 22 3 23 1 7 8 9 1 7 12 15 7 13 18 22 4 16 3 10 18 5 25 16 15 20 15 28 17 0 18 25 21 9 13 18 12 26 9 9 20 12 20 4 27 15 12 0 9 19 1
25 24 27 9 26 27 23 6 3 21 7 14 6 21 1 24 26 14 22 8 18 18 30 3 5 25 1 8 15 29 8 10 30 0 1 26 16 2 23 7 29 5 18 26 15 22 5 5 4 15 15 19 5 7 17 7 20 16 28 7 19 25 22 30 7 26 27 22 19 7 12 23 18 29 21 14 30 13 27 24 10 17 15 2 27 5 26 28 17 17 17 16 10
3 12 9 30 15 25 0 29 12 16 18 26 29 7 10 17 14 26 27 3 23 8 30 13 5 13 20 3 13 1 6 7 11 7 27 11 19 2 6 15 25 14 28 12 12 20 26 12 16 11 23 11 19 14 23 22 24 26 2 1 0 16 5 14 21 3 21 23 24 15 20 13 27 16 22 23 11 26 13 27 8 0 12 18 24 22 26 0 17 11 26 7 2
6 4 20 28 20 13 9 15 9 22 0 1 29 27 14 23 0 25 1 14 6 0 4 26 14 23 4 15 5 30 24 0 17 20 26 3 12 14 3 23 26 3 13 4 10 29 12 17 17 28 10 26 30 24 5 6 24 22 8 9 11 0 7 10 15 26 10 5 17 2 12 25 17 19 25 25 5 8 6 17 28 14 4 8 29 15 0 3 23 30 0 2 11
9 25 11 12 21 24 4 29 27 23 15 23 0 6 3 0 12 24 21 2 0 23 25 21 12 27 26 10 24 8 23 29 17 19 29 21 15 7 16 9 23 1 7 22 14 19 11 22 27 0 30 12 28 4 22 29 3 6 26 13 10 5 1 13 23 29 24 27 25 19 0 11 3 10 24 18 26 5 1 0 16 18 11 27 9 13 17 1 26 9 17 29 20
22 14 17 25 6 25 28 13 26 27 11 8 14 21 23 20 6 9 17 28 12 23 11 8 30 17 13 20 23 11 15 27 17 28 21 20 25 22 20 6 22 10 29 29 28 5 10 21 15 20 23 25 21 21 14 14 29 27 7 15 27 22 10 29 5 24 15 13 30 20 3 14 8 14 22 3 16 18 16 30 2 24 17 6 24 29 16 3 2 24 26 9 11
19 6 13 18 21 6 16 24 25 26 12 21 24 9 15 18 26 12 21 15 28 24 9 4 8 18 10 0 1 22 15 13 10 5 6 22 30 5 20 9 14 27 27 4 7 26 21 6 26 24 0 25 20 11 2 17 10 12 30 24 13 1 26 1 13 26 19 17 11 2 17 30 3 29 5 3 6 11 0 9 19 24 14 26 17 21 25 23 23 12 12 27 6
10 21 24 9 21 12 16 12 17 21 20 17 21 3 8 23 16 22 7 18 28 1 18 18 18 21 1 10 18 22 10 17 11 18 3 15 1 14 9 1 26 24 28 4 5 4 5 11 5 12 13 23 30 23 6 12 30 7 6 19 12 13 6 5 19 25 21 26 12 5 25 1 30 14 2 15 21 13 11 2 13 29 19 10 6 8 16 11 13 28 16 16 15
25 7 16 15 15 17 17 11 9 20 12 27 0 12 3 10 18 26 2 12 27 3 22 16 30 8 16 9 24 25 5 28 15 7 8 11 14 21 0 20 30 1 3 23 27 6 6 12 28 18 21 5 3 28 9 17 22 14 23 5 20 25 16 16 26 0 21 0 3 0 4 20 17 7 11 17 6 12 20 5 30 16 30 2 26 17 10 14 2 2 20 25 19
7 18 0 30 9 30 5 22 23 7 26 26 12 23 17 20 24 11 3 28 23 10 11 30 17 16 22 7 0 12 0 22 5 5 19 3 21 17 7 12 27 19 11 14 22 18 6 24 28 29 17 25 4 0 19 29 22 17 3 25 13 30 2 30 21 13 19 30 9 14 18 25 2 17 27 21 4 14 24 16 28 20 16 24 29 24 7 22 7 9 18 25 13
5 7 26 6 18 23 14 3 14 15 21 25 20 28 12 26 28 27 15 9 30 7 14 20 29 21 1 9 9 11 23 15 19 12 6 13 15 7 14 17 15 26 5 8 9 27 0 1 6 14 15 27 16 21 26 13 23 27 12 20 9 10 13 22 26 3 29 8 11 23 17 2 5 27 7 28 12 15 22 13 23 18 26 19 26 9 15 27 19 17 6 9 6
6 21 1 17 26 26 21 14 5 18 30 13 2 4 18 25 21 22 25 18 6 29 12 27 26 18 13 2 17 7 17 23 22 1 10 26 14 19 17 25 4 5 19 8 11 1 23 18 20 9 24 20 12 19 25 17 6 19 16 16 19 29 9 17 12 8 17 0 23 10 9 25 15 30 25 6 19 2 5 28 11 29 25 6 24 6 12 10 4 5 22 22 13
20 16 24 24 15 27 26 30 30 10 15 15 3 16 18 3 28 18 0 16 21 13 25 13 30 4 11 30 12 25 20 25 9 17 15 25 15 17 1 2 28 21 24 8 0 18 3 15 26 16 15 14 19 29 13 10 21 27 3 10 3 15 18 11 25 9 26 20 2 8 6 25 14 10 14 24 28 14 7 8 1 0 25 19 14 13 12 24 0 0 10 21 0
