96 96
10 5 15 28 29 13 7 26 30 23 26 4 7 13 28 29 28 7 5 1 22 16 29 5 0 14 26 15 22 29 30 10 6 6 24 16 10 1 4 22 28 6 11 6 20 17 3 19 5 6 18 1 1 16 21 19 27 9 5 18 1 14 14 27 1 27 13 0 14 8 7 10 3 15 30 19 20 8 22 3 4 1 21 28 6 30 3 21 0 1 6 30 27 8 7 21
1 22 10 0 10 18 7 23 2 28 16 8 18 25 22 27 19 4 1 29 9 28 5 26 8 11 10 27 15 19 28 17 20 2 27 21 25 28 3 22 28 28 0 7 6 8 12 0 23 5 3 15 23 17 17 8 6 21 22 14 10 16 14 30 14 15 0 18 7 13 25 12 10 0 6 4 22 0 20 20 1 28 24 19 30 4 24 21 18 17 1 8 4 12 11 30
25 21 23 28 26 14 16 14 0 13 16 1 11 26 13 6 3 28 20 19 25 19 9 28 10 28 5 2 25 14 12 15 15 29 22 1 17 6 14 11 14 8 2 10 27 25 4 11 0 25 27 18 17 8 13 0 26 29 24 17 26 6 28 12 17 9 2 8 10 20 2 9 15 15 13 22 11 0 7 25 29 14 1 5 3 0 28 29 26 21 9 15 9 29 0 30
7 4 10 22 23 9 22 1 12 23 2 20 10 15 8 0 5 12 26 14 13 3 7 24 24 2 15 6 17 9 8 22 23 20 24 23 1 11 15 20 5 19 9 17 5 16 10 10 16 19 6 17 9 29 15 13 28 30 16 11 4 9 18 18 17 29 18 7 3 9 10 2 19 4 8 14 29 26 25 22 24 7 4 8 28 27 22 7 15 17 19 1 13 20 5 5
29 4 23 27 28 6 17 5 15 0 11 8 5 11 5 22 19 8 0 14 24 26 9 3 15 22 0 11 28 1 14 18 15 19 28 16 19 16 23 4 9 5 26 1 29 10 15 5 25 1 3 14 0 15 27 25 22 13 9 2 21 7 11 28 2 18 28 4 11 29 9 23 12 25 25 0 29 22 22 24 28 10 18 12 24 24 1 12 26 27 11 9 2 16 13 19
13 4 17 16 7 15 3 11 26 8 15 9 11 28 3 12 15 15 28 20 12 20 24 3 5 10 0 1 2 22 1 26 13 13 7 9 13 14 25 22 22 22 4 3 16 29 4 12 25 28 24 11 18 1 23 23 24 23 0 16 15 9 10 5 4 21 22 21 16 25 10 21 16 29 8 28 28 13 25 7 12 26 1 23 6 5 14 15 14 21 28 12 13 4 21 18
11 10 27 20 9 23 1 19 17 6 26 9 10 19 30 23 0 17 22 1 24 28 10 14 30 15 24 25 15 1 23 22 20 24 9 25 20 11 9 22 21 6 27 26 12 22 28 23 28 22 26 23 29 1 7 18 14 13 24 6 7 30 20 7 1 11 20 26 22 20 22 14 7 23 0 20 17 13 30 20 28 22 28 5 2 6 15 18 19 19 25 12 7 24 24 5
15 7 9 8 16 16 29 6 7 23 26 27 5 8 17 23 8 19 12 24 21 18 30 1 23 17 13 22 8 9 14 29 17 21 25 24 1 1 5 17 20 10 1 0 24 16 3 3 13 20 14 3 8 12 25 28 20 23 26 14 0 8 28 10 14 27 7 30 14 15 11 29 14 17 17 4 16 26 26 12 10 1 1 18 16 2 13 20 0 12 9 27 7 6 7 6
28 11 21 16 28 23 0 14 25 0 14 0 12 11 16 1 26 26 18 4 1 24 21 2 10 3 2 30 19 0 7 9 25 24 7 8 25 18 14 0 11 15 19 9 20 10 21 23 5 24 4 0 11 30 12 11 21 28 8 0 29 8 13 5 29 11 6 16 19 5 3 13 18 19 5 12 24 12 8 17 12 4 14 9 4 6 12 5 10 28 30 2 7 19 2 0
25 17 24 18 1 26 15 6 28 23 28 19 10 16 12 5 18 6 14 25 27 20 6 0 2 0 14 21 2 4 2 7 25 0 18 30 19 13 17 13 25 12 10 10 11 15 27 30 3 7 18 5 2 24 20 18 28 28 0 17 5 17 10 7 6 24 10 29 13 3 22 4 19 1 9 13 12 24 12 3 16 4 22 20 3 21 8 4 5 14 25 18 27 29 16 27
23 26 11 9 10 21 12 11 3 20 10 15 6 6 26 1 21 23 15 24 24 15 20 27 8 18 2 4 13 9 25 14 11 3 28 6 1 17 14 4 7 8 19 18 5 18 18 6 4 13 0 5 9 15 30 19 11 26 5 28 22 0 28 6 19 15 15 5 9 26 25 13 25 3 19 27 17 3 17 9 26 17 17 27 27 10 29 29 4 21 21 6 14 7 4 15
7 26 8 15 4 11 3 19 9 2 4 21 24 24 28 26 17 17 14 23 10 17 8 11 28 25 7 3 1 6 10 23 15 8 4 20 5 27 6 16 0 0 12 29 2 17 14 7 10 15 6 3 15 23 5 22 22 4 8 18 10 2 8 19 13 22 16 17 7 3 10 24 25 10 28 10 29 20 26 22 8 9 17 4 21 1 20 3 12 30 25 21 17 3 13 9
26 3 2 6 23 8 8 4 14 18 2 25 11 1 28 21 5 1 27 20 19 30 30 15 3 19 25 11 2 9 8 23 26 3 14 13 7 1 14 30 17 30 5 9 6 7 10 4 0 28 29 28 29 19 14 15 9 10 4 21 26 26 20 17 12 5 3 19 22 20 2 16 14 0 9 25 5 1 15 25 16 2 11 29 27 14 22 15 20 20 16 5 0 1 16 9
13 1 15 20 23 18 22 18 10 28 17 25 10 27 26 20 15 27 2 12 11 18 25 29 22 22 13 22 3 21 2 17 1 29 11 21 12 3 0 14 25 15 5 18 21 6 5 26 5 11 5 23 5 21 12 29 2 8 29 8 12 11 23 26 4 27 1 24 25 30 28 15 20 7 9 29 9 22 11 1 27 19 26 23 2 23 11 21 20 30 3 30 14 11 26 13
27 20 18 16 16 25 14 10 19 15 13 24 22 19 4 12 4 13 6 3 28 28 18 19 21 1 6 18 9 21 13 16 23 25 15 26 4 26 24 23 20 17 0 12 18 8 3 13 30 1 30 24 15 29 11 15 0 11 2 0 11 28 7 14 7 0 5 14 29 15 18 11 23 25 5 18 25 9 3 11 7 19 25 18 1 8 23 20 7 25 25 11 8 11 24 1
11 17 15 29 25 0 28 14 13 29 0 29 28 29 12 24 18 24 18 22 11 9 15 15 25 4 27 16 6 20 2 4 1 18 26 24 19 13 4 19 3 19 21 6 17 3 30 6 30 4 5 21 11 12 28 14 13 21 12 5 2 7 23 2 23 22 25 8 13 15 2 5 0 14 1 29 5 23 0 15 22 3 11 24 21 24 6 22 17 19 29 6 8 0 12 17
13 21 12 9 24 2 30 20 24 17 11 19 17 2 30 4 11 18 1 1 17 5 15 5 7 3 27 8 1 3 23 26 25 25 22 15 10 28 13 28 13 17 6 25 16 16 26 22 20 2 29 18 6 1 11 5 8 0 0 23 30 15 10 18 7 22 15 1 1 26 29 10 23 27 23 12 16 17 0 7 4 2 22 23 27 20 20 23 24 7 21 3 18 22 22 10
21 30 16 10 14 6 10 8 15 24 18 30 5 12 20 8 22 7 11 6 5 8 23 27 12 26 8 28 10 20 22 18 27 6 16 26 20 8 23 16 30 1 7 23 8 2 20 27 7 30 28 21 27 20 1 27 29 1 27 9 27 17 10 7 1 20 25 13 16 3 12 25 17 20 23 13 14 0 6 5 4 22 5 8 9 18 9 25 11 28 20 6 4 3 5 27
2 28 7 1 19 29 19 7 2 1 28 29 24 13 12 25 10 23 16 0 23 30 2 4 17 10 17 4 30 15 17 20 10 15 29 20 30 26 4 28 17 17 5 19 7 18 19 25 1 23 29 8 4 29 25 12 17 9 26 19 25 28 9 14 28 9 9 23 29 21 29 18 26 10 0 9 22 23 9 0 26 14 7 5 11 9 10 9 7 11 24 16 29 29 0 2
17 5 19 14 16 3 28 7 11 3 16 7 11 24 27 17 8 27 30 18 19 21 2 25 1 13 5 29 1 9 9 13 5 30 2 2 18 30 21 22 21 20 1 9 30 14 23 5 19 6 8 11 16 10 18 5 9 16 4 18 27 24 30 0 27 3 8 2 16 7 2 5 26 13 0 1 13 21 24 3 19 17 19 28 17 0 19 29 29 28 0 7 1 28 18 9
21 22 6 18 29 30 18 1 27 26 21 5 19 6 13 23 15 1 8 9 6 5 24 24 28 22 5 23 16 24 28 10 24 5 2 17 30 28 5 29 29 15 24 13 5 30 20 9 29 14 28 18 18 24 12 24 3 1 2 11 20 22 23 9 26 7 9 9 25 5 15 9 2 12 7 10 7 30 5 21 12 5 26 8 20 29 26 18 7 1 6 1 3 27 30 3
5 11 21 5 26 4 20 9 16 26 19 29 22 1 9 11 12 0 3 9 8 0 28 1 19 5 19 0 24 0 2 20 13 21 29 23 16 6 24 2 16 8 29 7 10 26 12 7 26 11 4 7 7 22 20 15 28 12 15 22 14 3 29 29 28 22 22 2 8 14 22 12 8 24 7 25 22 7 18 9 12 16 10 11 23 4 27 17 7 6 15 11 17 26 11 27
6 13 16 13 4 15 9 1 15 7 13 2 20 29 12 21 3 28 14 14 17 10 9 9 4 24 18 16 9 3 0 25 20 30 2 10 10 9 24 15 29 23 30 29 20 7 23 17 12 30 4 13 29 9 24 26 15 4 0 11 21 23 29 8 0 18 16 15 8 18 15 30 18 2 7 16 13 5 16 18 15 10 28 1 14 1 24 23 0 15 11 7 8 10 5 23
8 3 27 14 15 4 4 29 2 9 30 0 24 8 25 14 22 12 5 24 30 19 21 10 29 0 1 24 1 11 3 25 18 9 24 20 19 10 17 27 1 24 10 24 5 1 12 6 0 25 21 24 11 21 28 21 17 3 21 28 12 19 3 1 25 20 24 10 18 1 18 21 12 13 6 2 15 5 18 8 19 30 29 2 24 29 4 27 19 15 13 1 5 17 5 28
19 30 20 4 8 1 26 26 22 9 10 1 1 0 20 2 16 17 18 13 25 14 1 0 14 15 30 24 21 5 7 17 24 29 3 6 8 16 2 23 15 12 17 9 16 7 5 3 12 4 18 22 25 22 21 18 5 4 27 2 13 4 4 6 21 14 29 24 22 5 12 24 3 16 22 0 22 30 9 12 4 23 12 26 30 1 14 21 4 17 25 21 27 19 26 28
17 30 22 23 8 26 6 11 18 5 27 2 10 28 23 25 4 27 5 25 12 28 28 30 29 25 3 22 25 23 1 5 10 16 12 29 21 2 4 3 25 12 3 14 4 0 2 4 12 7 25 13 27 7 0 5 12 27 23 26 15 5 9 29 1 24 14 5 27 21 28 25 5 14 30 11 19 4 25 2 29 14 24 3 22 15 17 7 18 18 6 2 18 26 14 17
25 11 11 2 17 21 10 10 9 30 18 25 26 28 22 22 1 1 12 17 3 14 5 17 14 7 22 8 10 6 10 7 24 10 12 7 23 12 23 24 21 5 19 15 30 15 24 27 20 30 1 15 29 1 5 1 3 25 4 0 3 11 30 26 3 23 5 7 27 3 17 8 26 29 4 23 29 21 2 15 8 16 24 9 8 20 9 11 11 25 14 28 30 2 10 7
28 19 21 3 27 24 10 3 24 12 2 2 28 4 9 25 9 22 1 21 14 15 3 19 15 13 30 28 12 18 16 4 21 7 6 15 2 11 4 24 25 30 3 8 24 28 13 21 29 5 18 9 5 16 27 0 26 26 19 1 14 29 18 14 13 10 12 23 10 18 14 11 5 17 15 27 19 1 6 13 10 1 22 27 29 14 20 5 10 7 13 28 21 21 0 14
10 22 9 1 25 23 4 5 14 25 2 23 5 30 19 19 26 24 2 3 24 27 22 20 14 24 26 16 25 4 25 18 26 13 24 9 9 3 16 13 19 20 4 23 7 8 18 16 28 10 28 20 17 29 11 16 23 17 19 18 22 4 21 29 7 7 28 5 11 13 15 22 14 9 13 24 10 12 13 22 20 7 8 18 8 15 1 3 23 8 13 8 27 11 14 15
16 7 11 30 27 15 5 15 25 15 16 20 13 13 3 9 7 16 4 20 10 27 27 8 12 13 16 9 7 15 11 6 30 6 8 29 14 11 25 2 18 22 19 22 29 12 14 2 4 23 30 1 2 28 29 15 29 1 19 25 6 0 23 1 13 24 3 13 1 18 13 21 5 29 28 15 28 21 24 24 27 28 1 28 28 19 23 11 2 20 13 5 6 29 22 14
19 29 17 9 26 11 8 0 12 16 5 2 4 15 15 18 3 7 23 13 15 1 26 2 5 13 17 8 11 7 21 5 27 8 23 17 18 24 0 24 3 3 5 29 27 26 16 9 4 11 5 13 11 22 26 19 1 14 7 15 24 21 16 26 20 6 1 15 24 26 2 27 16 6 24 0 17 16 4 10 0 0 4 11 12 24 2 0 9 29 25 5 30 6 16 21
15 16 9 16 4 18 11 29 1 14 26 14 7 30 5 20 4 21 27 21 11 19 12 1 6 3 3 27 14 8 5 10 13 16 4 17 5 16 6 4 14 6 20 7 6 12 15 13 11 2 30 30 29 5 5 11 24 12 21 27 12 0 15 9 19 21 2 12 6 13 12 7 4 11 2 4 11 27 11 8 3 5 4 22 4 12 19 25 1 0 30 0 21 14 16 29
15 14 8 22 6 0 20 30 27 27 4 18 28 17 5 5 23 4 26 14 6 14 28 2 20 16 23 21 30 21 23 27 24 25 5 17 26 11 18 16 27 20 14 19 19 10 15 24 17 15 28 22 8 1 30 18 18 5 10 29 22 3 24 6 30 4 9 29 0 6 3 20 12 20 1 27 2 24 28 20 5 1 18 30 19 5 12 15 13 2 27 0 29 24 6 19
21 1 29 2 11 9 29 8 1 3 25 29 5 21 19 19 18 9 7 17 28 0 4 7 27 12 11 11 22 19 2 0 2 30 22 1 26 8 29 5 5 1 18 17 2 27 11 22 28 5 29 6 23 30 25 0 4 1 19 14 18 3 18 7 9 30 9 27 23 9 4 24 12 17 9 14 26 18 6 0 28 27 21 5 6 8 25 27 28 25 2 6 14 21 30 5
7 20 25 24 7 3 13 25 17 11 21 19 8 22 29 17 26 24 28 11 6 10 2 9 20 3 19 21 20 4 19 28 11 19 23 10 12 3 13 8 26 6 19 10 13 25 23 0 0 10 8 28 11 7 3 19 1 26 20 12 9 28 21 15 8 25 22 8 11 5 25 27 18 22 14 11 25 27 6 1 27 12 11 3 21 1 12 28 12 13 25 21 19 21 29 19
15 2 15 2 8 12 13 5 8 23 29 2 27 2 15 11 5 24 3 20 30 20 23 22 15 3 6 15 12 9 16 15 29 19 26 22 24 26 15 7 0 28 28 26 10 4 26 11 18 3 2 15 2 19 24 10 19 0 20 10 22 1 19 6 20 13 14 15 16 10 11 15 28 23 27 26 16 8 11 28 21 0 10 9 6 30 26 27 27 0 13 30 20 27 2 19
9 10 28 7 9 24 30 5 6 14 0 27 20 6 29 20 10 9 15 14 16 25 21 12 5 21 11 28 3 11 19 30 30 0 11 28 0 30 18 7 18 23 22 28 12 9 19 16 5 3 19 16 28 15 23 25 22 5 24 23 12 2 24 21 3 6 6 26 29 8 24 25 25 20 30 16 0 18 2 26 18 18 16 27 17 2 17 14 3 21 16 21 24 18 11 5
3 20 17 12 29 5 9 23 27 7 6 24 21 28 20 0 21 24 23 9 30 27 17 24 23 18 26 29 0 29 15 12 24 8 3 10 28 14 7 9 13 16 21 21 14 6 28 15 9 22 11 28 0 11 0 18 27 18 7 5 11 8 0 12 27 9 5 22 2 13 25 27 2 22 25 30 1 13 14 16 15 8 28 24 23 9 13 30 28 30 20 29 2 26 25 29
19 5 21 4 27 23 19 29 20 6 25 23 18 16 22 25 24 4 30 15 11 2 23 19 11 26 24 10 21 16 3 2 20 4 5 20 24 9 4 8 3 8 15 1 20 22 11 6 20 20 5 9 4 8 26 16 6 23 5 11 4 29 0 18 20 11 20 1 17 25 30 15 26 27 23 24 14 24 27 15 26 19 21 15 27 0 10 22 3 24 23 25 9 9 0 15
18 2 9 7 25 1 28 16 14 7 8 6 12 1 5 1 4 16 4 18 13 22 1 0 2 23 25 2 25 21 22 15 25 2 18 6 2 20 15 2 26 9 8 11 16 15 21 20 29 9 16 19 19 25 9 27 16 1 4 5 14 24 4 16 2 15 8 29 5 17 3 0 18 9 19 2 11 26 13 7 13 14 2 8 25 1 18 30 8 21 23 14 30 22 20 14
24 19 29 4 25 22 16 12 6 10 16 3 0 26 9 28 6 17 24 1 4 14 3 15 11 7 26 16 5 17 0 13 30 16 8 8 9 26 7 30 24 16 14 24 13 0 17 29 6 11 29 4 5 7 0 19 14 24 16 30 8 15 14 20 4 13 15 25 30 19 12 14 30 12 10 8 17 1 7 6 13 30 20 1 8 17 27 12 15 14 24 15 22 0 21 29
17 12 24 22 26 9 11 22 20 12 19 20 23 30 10 27 19 25 14 30 19 18 8 20 2 5 23 30 3 20 7 13 7 6 4 6 21 28 15 4 25 19 21 22 20 10 15 16 20 23 1 6 23 25 20 7 12 8 19 3 0 15 11 20 5 23 18 3 29 20 14 18 28 12 27 18 0 22 20 22 12 4 17 11 14 1 14 5 21 24 25 5 7 9 6 11
20 9 3 27 2 24 11 4 29 1 19 10 2 22 2 20 15 5 5 3 15 10 20 14 18 16 14 18 10 4 25 28 7 11 23 22 12 9 13 8 10 28 20 26 9 20 28 10 26 11 4 28 13 26 29 0 11 19 5 19 4 20 16 5 2 2 4 4 17 15 2 25 29 10 16 28 26 21 16 29 23 3 23 12 5 0 27 28 4 26 16 27 23 9 25 10
8 1 27 9 28 7 7 29 18 12 20 11 25 14 27 15 17 27 2 27 29 6 30 25 9 2 6 17 14 9 12 21 29 11 29 12 19 7 5 29 4 16 4 14 8 3 10 6 19 19 26 15 3 10 0 7 23 26 16 20 13 30 21 24 11 3 27 6 12 23 5 18 3 4 12 18 1 27 0 19 2 26 0 3 19 10 5 1 19 4 26 13 15 28 18 6
25 4 19 17 7 11 21 30 19 28 15 29 10 30 12 1 10 25 15 10 21 1 21 8 13 17 14 11 22 18 17 20 24 25 0 2 4 11 9 21 1 1 23 9 18 16 5 2 24 30 12 29 26 0 5 29 19 17 8 5 16 26 13 8 13 14 17 27 0 15 30 11 17 2 26 16 27 1 8 23 6 30 15 11 18 24 6 8 16 15 22 25 10 28 26 20
24 6 6 16 10 18 28 13 10 5 30 24 30 8 0 18 7 12 30 3 15 7 1 8 19 28 5 19 14 14 13 24 21 5 3 0 20 8 30 13 19 15 5 12 21 8 5 3 10 1 9 5 2 21 20 24 10 0 23 21 8 16 1 25 8 20 22 28 8 3 11 25 15 23 15 6 7 12 17 5 18 9 15 24 17 23 16 4 18 17 11 24 15 23 1 8
22 29 3 18 12 25 21 27 30 28 10 12 11 30 26 30 28 4 29 8 2 21 23 1 6 17 27 11 7 10 30 27 16 29 5 9 28 20 21 6 19 6 21 3 13 26 27 27 4 6 4 13 30 22 14 17 11 18 28 10 14 5 28 26 10 7 30 28 11 11 22 18 8 9 19 18 29 7 21 21 26 28 30 30 8 26 20 22 26 6 4 14 24 5 20 28
17 24 25 14 24 20 22 16 29 2 3 21 0 3 27 5 21 18 15 30 14 4 1 2 30 17 2 14 12 4 22 3 22 24 4 6 13 8 16 17 17 13 18 0 16 25 19 17 7 4 10 15 23 29 26 30 22 4 8 21 11 15 23 15 12 5 29 29 19 23 14 24 3 12 14 24 2 20 27 27 13 19 28 29 23 28 29 5 2 17 28 14 2 5 22 27
9 20 28 13 9 12 2 11 0 28 14 10 17 4 23 24 17 30 7 16 14 27 26 23 23 4 29 15 7 16 13 28 14 24 11 30 12 20 0 27 3 8 28 17 9 1 0 20 15 22 25 7 10 12 21 15 30 5 23 19 1 20 1 4 25 1 17 19 21 13 26 3 4 0 2 20 10 3 27 23 14 17 25 26 0 28 17 15 16 26 27 28 0 6 17 23
24 29 2 30 30 13 1 23 20 19 23 17 13 4 0 4 26 2 26 22 29 30 28 21 26 5 13 15 4 8 24 4 28 18 27 2 24 11 9 9 1 29 0 14 30 12 28 19 29 2 6 24 28 6 30 23 20 16 14 17 14 13 30 1 0 14 8 25 4 20 19 10 1 21 9 5 13 29 6 7 2 26 25 30 18 27 20 3 30 1 14 11 8 13 24 22
4 18 28 16 9 0 30 24 28 13 29 20 2 27 27 6 15 13 9 7 26 27 10 19 13 0 12 25 21 22 17 30 30 6 7 21 22 14 12 16 3 19 9 13 19 14 4 8 20 18 27 16 15 3 19 9 14 30 7 0 25 4 15 29 15 14 1 6 7 19 29 17 12 22 3 17 3 13 19 4 20 12 5 24 3 17 21 17 17 3 25 7 30 22 6 14
21 8 11 17 8 27 8 25 23 0 30 8 1 24 0 29 8 4 9 30 11 10 26 3 22 7 17 22 28 11 4 2 26 15 0 21 28 19 27 20 3 1 3 24 22 30 18 8 30 30 24 19 26 9 20 30 16 1 3 28 26 26 9 25 21 13 20 6 6 5 1 17 4 15 25 13 14 23 4 0 10 21 26 26 30 16 27 14 0 7 29 22 26 27 16 10
21 5 26 14 14 1 18 16 10 6 11 13 13 13 14 6 0 20 15 10 16 2 14 25 30 10 19 1 24 20 29 19 3 6 23 20 0 11 3 19 1 5 30 11 15 29 9 3 12 6 18 18 29 11 13 28 30 21 11 3 12 5 5 0 9 14 9 28 29 3 1 16 30 8 14 25 13 23 12 16 15 13 15 24 1 28 26 18 12 6 4 1 0 16 2 6
9 10 25 7 9 22 14 10 15 8 23 30 13 4 26 7 8 14 14 12 1 9 11 22 21 20 22 27 20 9 3 10 20 5 1 14 17 30 23 20 3 13 26 27 15 1 30 4 29 17 1 18 24 26 17 13 9 9 4 25 20 16 24 24 20 8 17 15 4 3 29 23 19 11 23 24 24 23 0 26 1 10 27 9 28 29 7 6 26 7 28 0 23 24 30 24
16 9 7 28 21 30 22 18 1 23 8 16 11 21 26 11 24 15 26 9 10 21 29 25 2 11 26 22 24 17 6 20 28 14 7 9 13 28 6 0 23 5 28 1 28 8 16 28 4 1 29 20 0 2 18 19 1 1 18 11 7 2 5 17 9 20 26 4 2 1 17 27 0 22 21 8 16 21 14 26 11 19 5 20 28 25 16 21 1 27 24 29 25 27 27 2
21 28 6 29 15 20 19 4 28 5 24 23 19 29 22 21 19 14 17 11 11 12 26 2 0 29 3 16 26 5 10 15 3 21 11 1 5 20 23 7 0 27 10 6 18 11 4 10 13 5 21 12 12 6 24 16 1 5 16 30 1 26 19 23 22 20 18 6 23 17 12 9 0 6 21 28 18 30 20 22 0 28 19 1 9 24 8 30 11 7 8 17 5 25 24 18
18 12 25 26 21 25 14 5 25 7 8 30 7 12 14 3 30 18 25 16 11 21 1 8 12 19 5 13 2 1 5 4 20 1 18 1 14 19 24 7 19 20 22 22 5 16 1 16 10 9 2 8 26 3 13 2 24 19 4 1 29 14 7 25 14 17 21 24 3 14 20 24 21 13 2 19 7 6 20 26 17 24 17 3 27 6 2 2 2 30 19 27 27 4 24 2
23 27 9 26 11 4 21 0 19 9 13 21 26 12 26 23 6 13 9 3 26 26 1 1 8 28 22 6 17 19 5 10 5 7 13 0 25 17 8 24 0 1 6 3 15 9 19 30 11 6 27 20 23 1 23 14 19 22 26 7 9 9 25 24 18 27 4 12 17 22 1 14 5 24 12 2 0 24 27 22 4 15 1 27 10 3 19 17 26 6 14 17 11 11 13 4
6 19 29 19 24 18 15 12 1 15 27 19 20 12 19 9 26 28 28 7 18 20 9 22 23 11 24 16 8 12 27 16 29 4 10 12 19 17 27 23 28 17 29 6 2 5 17 19 11 27 0 12 20 23 10 7 30 9 30 7 15 18 27 13 22 4 19 29 6 3 20 21 5 7 14 6 14 7 18 13 19 9 21 26 22 5 5 5 29 21 19 25 15 16 6 25
15 14 23 20 7 11 21 7 7 8 3 23 13 17 21 11 6 21 26 20 9 28 20 19 3 12 15 0 30 5 28 0 17 18 10 22 16 7 19 1 22 22 25 29 23 14 26 17 10 16 26 4 5 17 6 11 12 30 27 7 16 10 19 16 18 14 2 5 30 16 29 11 10 22 0 6 4 6 27 17 30 1 10 26 15 15 12 2 4 6 5 3 18 6 24 24
30 24 30 4 14 22 8 23 0 12 11 14 19 29 1 7 0 8 15 22 17 19 30 26 22 29 10 5 0 23 19 17 27 2 20 12 7 18 21 23 1 28 26 20 2 17 9 7 16 15 2 6 2 19 22 21 16 18 28 6 15 30 4 17 30 26 4 27 6 14 11 14 24 4 20 23 19 5 5 11 5 19 2 24 10 2 25 9 18 20 25 1 13 0 0 2
14 24 28 5 20 13 24 0 6 24 26 11 0 22 27 16 21 22 10 0 22 11 17 20 6 3 22 19 26 9 30 20 29 22 1 2 17 7 22 1 24 28 27 16 13 8 12 17 22 28 25 29 30 24 29 29 26 30 28 23 9 6 25 4 20 22 25 2 17 30 13 27 24 22 20 9 6 4 2 29 15 23 28 20 15 19 20 19 26 19 6 9 3 17 17 5
1 11 14 19 20 29 4 22 20 25 5 20 8 13 7 22 28 8 27 29 5 17 28 0 18 1 25 29 2 6 25 28 3 20 19 14 9 12 22 1 25 8 0 17 12 15 22 3 2 16 15 6 4 5 9 3 26 12 10 28 16 19 7 25 18 24 23 11 26 13 7 10 4 2 30 21 11 29 13 11 10 30 28 5 12 7 19 25 0 20 7 11 0 23 16 30
23 28 2 14 18 13 1 15 9 15 23 29 26 27 1 16 3 10 28 8 11 30 6 11 28 22 24 2 29 22 27 24 3 15 12 1 27 15 27 6 20 21 5 9 28 11 18 3 16 29 29 25 21 26 7 4 26 15 12 27 26 28 30 25 10 17 2 3 2 23 8 20 2 20 24 19 12 26 5 25 28 4 19 22 11 9 14 25 25 10 16 7 23 30 27 9
12 0 3 22 17 19 26 26 22 17 25 16 24 5 24 10 30 16 0 15 12 21 3 28 17 12 0 13 10 22 28 8 18 3 6 6 14 2 16 7 20 21 21 19 13 20 9 1 24 15 11 27 16 7 27 7 25 14 18 6 17 16 7 26 25 23 10 16 25 2 2 5 11 26 18 23 21 2 0 9 12 22 26 29 30 22 9 20 9 20 30 20 28 5 24 29
27 3 19 22 9 15 6 27 11 19 4 7 11 14 25 21 5 8 1 28 29 22 29 30 12 20 1 28 0 30 1 2 11 16 28 7 28 26 9 15 24 9 13 6 11 19 30 0 19 16 22 28 22 22 4 2 13 15 18 30 27 27 18 1 28 19 11 11 29 8 3 22 8 11 7 11 27 0 17 25 4 0 11 4 7 17 19 19 6 8 15 0 3 1 19 11
3 1 19 0 2 30 30 9 15 0 8 29 7 26 17 27 23 23 23 22 29 6 12 28 12 12 17 29 1 19 26 29 12 25 4 9 6 12 17 16 25 10 9 8 14 0 27 29 1 20 10 29 4 13 6 4 25 12 11 1 23 26 27 24 26 17 13 7 7 29 22 3 23 6 27 29 28 0 15 19 0 4 26 9 8 14 24 3 27 7 10 20 17 1 28 19
30 26 23 13 13 16 3 29 7 6 13 6 19 24 20 26 27 4 15 22 26 0 26 26 3 29 1 28 25 10 1 9 22 16 12 10 24 0 22 13 7 16 0 13 8 24 2 12 28 19 0 1 30 9 11 20 6 10 30 5 2 27 8 15 14 0 24 8 19 10 15 5 10 27 4 17 8 29 6 9 15 30 26 27 20 5 6 24 25 14 2 2 0 10 29 3
27 11 9 1 13 21 9 20 10 6 11 27 23 3 28 1 19 24 16 13 14 12 2 18 14 16 14 5 13 30 30 27 21 14 20 6 16 9 15 4 7 20 29 7 3 21 14 5 29 4 1 27 29 29 18 14 4 30 23 18 16 30 19 9 8 29 15 20 16 4 27 18 12 27 13 4 7 14 23 25 1 12 28 9 13 8 0 9 23 24 20 7 22 17 3 8
3 25 9 14 25 16 11 1 14 3 5 17 18 7 18 17 9 14 2 23 22 21 15 21 18 14 25 0 8 7 30 17 26 13 28 25 2 6 11 12 1 9 12 11 29 13 24 26 8 25 18 8 13 17 25 29 3 8 16 17 14 4 13 13 19 29 12 2 21 23 2 2 30 14 26 22 29 13 19 15 17 2 17 27 21 3 17 18 13 9 20 13 5 18 5 0
7 9 25 2 0 11 11 14 25 23 12 12 28 14 26 23 6 5 13 11 14 26 23 0 0 21 9 19 7 14 8 1 9 19 14 3 17 24 13 25 10 6 29 20 25 19 20 28 24 27 28 5 6 7 27 7 1 29 27 14 20 14 13 3 28 19 3 9 18 14 2 20 13 1 15 24 6 21 7 26 27 19 23 21 22 8 30 17 2 20 9 19 20 10 28 6
13 17 12 24 8 11 26 28 22 7 11 5 1 27 19 19 19 0 24 16 26 13 15 14 25 11 22 10 1 9 26 29 21 12 29 24 17 19 8 28 5 22 8 4 0 1 5 27 8 26 14 23 23 9 8 12 12 11 22 22 25 19 11 13 4 9 15 27 25 26 20 22 10 30 20 23 18 29 3 13 18 24 6 22 30 30 3 17 12 9 16 10 1 15 30 20
9 30 10 29 20 20 2 5 28 28 21 2 9 22 15 18 9 1 26 29 13 6 19 25 13 11 20 21 28 7 11 23 23 0 30 2 22 20 12 16 20 0 0 13 24 28 30 6 28 29 2 17 11 20 6 20 17 19 0 27 17 0 20 6 17 9 4 24 8 28 15 9 21 20 21 17 16 2 1 13 7 1 21 4 3 2 30 15 2 7 27 8 13 11 21 9
4 22 4 23 8 5 8 12 4 10 14 17 26 28 7 23 3 10 20 9 9 27 25 18 12 4 13 18 1 6 21 13 23 26 8 27 1 28 28 9 4 19 0 4 10 3 2 3 27 29 2 3 30 24 27 15 7 21 21 22 10 0 27 23 28 25 16 12 18 17 6 30 13 4 27 26 9 29 11 26 4 16 28 13 28 28 1 0 2 5 18 12 10 25 27 0
20 9 12 17 25 21 24 15 1 16 15 10 17 3 23 21 6 6 21 9 8 29 2 10 19 19 10 15 29 26 27 3 14 0 0 19 24 24 24 21 23 0 0 4 28 30 30 7 30 3 20 2 22 5 20 3 13 27 18 30 27 14 23 25 25 9 14 18 3 20 21 11 19 7 29 4 27 9 5 25 29 13 24 30 10 26 17 20 20 7 21 17 21 5 15 5
9 6 18 28 24 23 18 1 11 1 13 2 30 24 17 11 2 22 3 13 8 16 10 24 17 17 6 12 29 22 25 6 15 25 11 5 7 30 7 14 9 27 25 9 16 13 28 22 3 26 13 12 5 27 11 3 16 23 15 3 21 14 15 17 19 17 12 19 4 14 28 10 6 30 20 7 8 17 10 8 22 17 11 30 2 16 8 10 5 30 17 3 15 14 21 27
14 20 10 25 24 29 10 26 0 18 1 14 24 11 3 15 29 10 27 15 4 11 26 12 0 29 8 6 16 1 20 29 19 30 3 7 14 22 1 12 1 11 25 9 5 15 25 29 6 13 30 26 0 10 16 9 10 16 11 9 13 19 16 20 24 14 23 18 25 14 21 27 14 22 2 15 22 21 27 22 11 0 10 25 17 24 6 2 23 18 25 15 4 10 26 7
24 5 30 20 28 20 23 8 7 1 21 26 16 24 25 9 4 12 18 12 8 14 0 18 29 13 11 13 24 25 29 21 6 23 18 6 19 6 5 3 15 5 2 4 17 1 10 0 12 1 1 27 14 17 29 25 20 15 26 26 1 7 10 20 0 5 17 0 2 7 14 8 3 10 21 18 26 0 21 7 28 20 0 19 25 15 9 14 0 13 30 19 26 26 16 29
30 13 3 0 12 9 2 9 11 7 10 3 18 13 7 4 23 23 8 12 9 24 4 7 17 23 21 20 1 10 27 9 24 8 13 27 20 26 14 25 19 24 28 0 26 22 22 27 8 20 5 19 30 24 21 23 9 0 1 8 3 4 24 14 7 20 29 16 1 1 30 12 22 16 26 13 24 5 20 9 30 9 0 9 15 29 20 3 24 19 1 1 11 6 28 20
3 16 23 8 8 13 21 16 22 28 14 7 17 29 10 19 21 20 4 9 5 17 20 2 14 5 6 3 3 30 14 0 8 26 0 21 4 16 11 26 19 2 26 18 2 22 22 7 0 13 5 10 25 25 4 18 6 7 9 14 7 0 23 29 20 17 11 0 10 16 5 22 16 4 19 20 24 14 24 5 14 1 26 20 25 11 13 29 21 14 18 10 6 9 16 16
21 3 26 10 17 30 18 14 16 1 10 26 30 30 30 9 21 29 7 12 26 4 8 23 0 14 15 3 20 7 30 11 15 20 20 24 24 22 9 0 4 0 9 6 23 1 17 3 1 16 18 10 22 19 21 24 18 2 3 21 30 16 22 5 30 0 22 2 28 10 18 14 11 6 20 28 22 16 25 4 26 3 16 7 28 11 26 10 27 28 15 11 14 21 25 12
20 23 9 22 8 28 8 19 17 25 4 15 6 23 27 22 1 6 1 20 22 0 7 0 29 3 8 23 0 25 4 12 29 7 5 14 12 11 10 2 16 7 22 15 16 11 12 29 0 13 16 28 1 22 16 20 6 10 30 28 25 8 7 4 7 23 4 5 7 10 6 0 24 3 27 10 24 1 10 23 18 20 19 19 21 2 26 13 25 12 14 8 26 5 22 22
12 10 18 26 6 20 17 17 20 19 25 24 28 18 0 23 18 17 25 20 19 15 29 9 7 6 9 10 18 18 3 18 7 8 11 5 14 3 23 19 15 18 9 23 17 4 30 29 23 9 15 28 17 4 9 27 20 25 26 1 14 26 24 8 21 26 13 6 17 2 26 4 11 12 29 22 24 30 11 29 15 29 9 28 2 8 11 29 30 1 16 1 3 3 8 2
16 9 11 21 23 22 12 8 27 13 11 12 23 10 10 21 13 24 27 16 0 17 27 29 8 14 2 27 25 2 0 9 6 27 2 5 23 19 8 17 30 2 22 1 14 3 10 17 27 5 0 11 19 14 21 28 3 15 1 25 0 29 12 5 20 1 14 2 19 9 25 17 16 29 8 7 22 18 11 10 11 13 27 16 16 14 14 15 18 27 19 11 15 19 18 15
23 8 28 8 19 28 19 0 23 7 29 3 5 18 19 19 1 1 18 30 8 19 13 7 9 9 18 2 0 8 21 0 6 5 5 20 7 28 28 0 16 2 4 23 14 23 21 7 16 6 23 2 21 0 20 8 23 6 5 22 24 17 6 12 0 30 23 27 28 2 28 8 27 14 14 10 14 26 7 5 25 1 8 10 20 6 17 27 11 29 5 5 24 19 19 23
24 2 24 6 21 30 8 2 1 19 25 5 10 13 0 3 11 17 2 1 1 24 10 12 6 24 23 24 23 6 16 23 12 10 18 10 15 21 17 28 20 14 18 23 27 3 30 2 25 30 6 3 11 2 17 15 27 15 3 12 16 26 15 3 15 13 9 20 1 25 30 7 2 2 11 6 20 27 29 24 5 18 1 10 18 2 0 14 3 28 7 28 20 13 29 26
24 24 29 26 7 24 17 9 24 30 2 20 4 17 16 8 3 28 20 0 21 27 24 30 26 27 13 25 11 28 1 11 2 24 9 10 10 12 3 14 16 2 7 1 4 3 22 7 3 6 30 1 25 0 13 19 30 23 27 12 22 15 21 20 25 7 5 15 19 4 1 0 3 28 11 12 7 10 15 9 1 11 6 13 6 9 28 22 16 17 20 18 7 9 19 9
10 10 7 28 1 1 6 0 4 9 15 29 22 27 16 16 30 11 24 0 2 11 26 2 18 16 10 30 15 14 18 20 24 8 1 27 17 22 20 9 21 15 16 30 24 7 0 29 16 9 11 0 10 17 17 24 20 19 9 17 10 23 12 3 7 2 22 21 2 9 24 5 4 16 3 12 15 21 0 23 12 2 9 22 16 25 28 8 29 17 20 1 30 16 18 26
19 8 10 12 24 21 18 0 7 8 14 28 27 15 2 27 0 11 3 13 17 25 29 17 8 7 20 12 7 29 1 27 8 21 1 11 5 25 19 10 18 29 18 2 10 9 4 16 19 14 27 5 11 25 22 16 8 29 2 4 16 9 16 9 5 15 18 16 20 24 10 2 6 7 12 6 1 22 17 15 21 9 28 15 2 22 26 13 21 11 30 15 7 9 25 26
24 27 5 9 9 12 2 13 8 29 2 16 1 5 3 30 24 4 20 10 11 0 3 28 19 29 22 24 4 22 18 17 29 6 4 20 9 8 19 15 27 26 21 3 1 9 20 6 30 21 13 18 28 13 23 21 6 19 18 24 30 23 3 25 28 13 30 0 11 18 25 8 22 1 9 12 5 22 13 18 19 12 28 28 29 4 20 24 1 8 0 1 27 5 0 11
29 22 23 0 18 29 10 18 25 14 18 20 25 19 2 14 2 8 22 16 17 19 23 17 5 7 11 18 6 28 13 21 30 27 25 21 2 19 25 13 0 0 27 17 17 21 29 22 2 14 22 12 10 1 7 6 15 15 30 11 14 15 12 2 30 22 11 23 3 18 17 26 19 6 26 7 10 24 28 8 13 13 5 0 8 30 10 18 7 6 25 12 25 26 7 13
6 6 11 18 7 11 21 6 29 28 17 3 2 11 28 20 1 15 10 3 7 7 16 6 11 13 28 3 24 3 22 7 20 3 28 2 18 9 6 6 5 0 29 14 27 18 19 20 9 5 13 3 22 0 17 18 8 30 14 4 3 4 1 15 30 29 10 20 12 18 7 5 18 29 18 11 20 13 25 5 24 4 29 29 16 0 13 5 17 0 0 14 11 0 18 15
2 18 23 20 19 23 13 27 12 1 22 22 30 26 13 8 13 16 11 0 21 18 11 21 2 1 26 28 19 29 17 7 16 0 11 13 28 23 3 23 4 24 21 15 19 7 17 17 5 30 3 4 30 2 13 2 23 2 9 13 19 6 9 25 28 27 2 23 18 5 25 20 8 21 11 13 11 19 26 0 10 25 1 8 11 21 7 11 20 10 28 12 9 23 28 2
12 18 18 20 19 13 12 12 13 22 18 22 2 26 5 20 8 2 30 13 28 25 14 24 0 28 5 19 2 11 15 6 11 28 6 1 22 26 11 14 28 3 4 29 15 24 9 16 20 27 26 3 24 11 26 2 19 22 30 17 17 30 19 30 23 8 21 29 3 23 10 24 26 1 10 0 4 20 26 5 12 19 27 29 6 4 17 13 6 18 11 17 10 30 29 10
26 19 21 28 26 4 17 3 30 1 26 10 19 2 21 7 22 27 28 29 6 22 15 10 10 9 16 3 12 13 19 22 26 23 8 17 19 25 6 19 6 16 17 1 25 21 15 19 9 29 12 29 11 29 16 9 13 10 21 3 26 29 23 4 25 13 7 18 28 28 28 24 10 8 22 26 5 20 7 28 5 29 19 25 14 22 17 20 2 20 24 9 9 16 25 1
21 16 1 0 10 24 6 7 12 27 25 7 5 27 23 9 11 9 28 23 7 6 13 2 12 5 28 4 18 18 24 13 25 12 28 20 25 22 15 0 13 5 7 22 9 0 7 6 0 5 1 20 4 18 20 11 7 29 16 13 6 2 12 13 24 11 14 4 5 4 28 21 30 10 11 6 11 24 18 30 20 17 5 13 14 20 18 25 7 27 0 16 29 27 24 23
