97 97
1 25 28 16 15 15 14 7 22 2 11 18 16 10 24 10 6 1 5 17 3 27 5 29 9 1 3 0 24 12 27 12 11 18 25 5 17 14 19 9 7 28 15 0 8 21 29 22 8 25 2 13 25 7 22 18 6 8 22 28 10 11 4 16 8 30 27 7 10 8 26 18 18 5 28 27 17 13 18 11 24 27 19 13 2 25 0 12 16 12 15 29 24 30 25 7 24
9 20 6 4 9 3 12 3 11 17 14 30 29 30 20 20 1 8 19 15 19 10 19 24 7 10 10 18 22 30 9 28 18 30 17 12 19 6 21 18 8 3 1 9 14 0 10 21 23 27 3 8 30 7 19 16 25 7 22 5 0 10 22 11 7 18 13 3 28 4 23 25 26 13 7 23 3 29 3 3 16 29 29 8 17 0 6 20 1 30 3 20 21 2 30 23 14
6 29 8 29 5 2 1 29 5 18 2 2 20 13 27 22 30 22 28 17 3 10 7 10 19 29 2 14 19 20 10 17 21 9 5 19 9 26 25 30 24 4 17 9 22 5 10 29 0 17 21 5 29 9 7 11 17 6 1 13 19 24 22 23 29 10 10 17 17 20 25 11 14 14 4 9 12 15 11 27 24 19 26 2 4 15 22 22 15 2 22 27 17 20 15 10 10
21 1 25 23 9 26 21 26 5 16 26 24 30 11 13 8 0 17 2 10 9 4 20 15 20 18 8 8 2 5 1 9 18 30 14 2 9 25 7 10 2 16 19 13 2 22 25 11 9 30 0 9 24 1 15 11 7 15 2 8 23 26 1 17 12 5 15 11 22 9 7 28 16 1 13 21 5 4 30 1 11 13 18 21 28 7 15 27 15 10 0 21 14 5 20 8 22
23 21 23 15 19 29 20 15 8 2 25 28 10 6 15 19 28 29 28 6 11 23 17 17 3 18 24 5 19 23 11 15 30 28 12 16 25 10 27 8 27 29 24 3 22 26 29 11 26 0 30 11 0 5 26 5 11 13 16 4 24 15 13 5 29 3 26 9 24 3 2 7 28 22 11 20 23 12 4 6 13 20 11 10 28 29 0 23 15 20 11 21 17 5 7 12 29
28 16 28 25 7 18 15 2 1 17 24 0 13 21 16 17 18 16 19 9 20 25 25 5 24 25 15 13 23 5 8 19 30 26 18 7 17 29 27 28 6 18 21 7 29 19 30 22 11 22 21 5 1 14 6 11 14 23 6 26 17 12 25 18 0 22 23 27 15 26 13 0 11 8 16 24 12 6 23 7 9 23 11 13 24 10 5 15 4 11 18 25 7 18 5 23 25
17 19 10 5 29 24 21 16 6 24 13 28 17 16 12 26 10 26 1 13 22 8 2 12 17 18 17 18 21 26 29 2 7 15 29 9 2 5 17 6 30 0 23 4 1 30 18 29 17 13 27 30 14 25 28 22 4 27 23 10 9 8 19 6 23 9 24 30 14 10 27 15 28 0 9 25 16 26 19 26 26 14 10 22 5 20 12 15 12 17 15 0 25 22 28 0 17
23 26 14 15 8 12 22 1 13 5 5 8 29 15 2 5 1 0 13 5 15 25 12 23 4 29 4 10 24 10 22 5 6 3 24 10 10 7 23 21 1 21 8 10 19 16 2 7 0 14 10 1 15 10 3 7 7 11 19 0 20 30 5 26 9 5 29 19 1 10 18 0 19 19 29 24 24 7 5 13 13 0 11 2 25 1 12 1 22 3 20 20 10 30 1 15 12
8 8 17 27 27 0 15 8 4 26 3 24 10 21 26 16 27 13 24 19 23 18 30 3 13 11 28 8 12 28 13 21 0 29 2 14 20 2 20 20 26 22 0 6 27 16 7 26 17 3 5 24 5 11 7 24 29 29 11 5 4 8 2 13 12 0 6 29 22 19 23 24 19 30 6 9 19 0 13 9 11 15 7 29 7 26 20 10 27 14 24 11 14 24 10 3 0
24 25 5 26 16 13 23 15 15 15 25 15 18 11 27 22 12 14 3 7 24 5 27 30 28 7 10 14 29 22 17 5 29 0 21 12 20 20 21 12 6 8 22 27 15 7 1 5 26 20 5 14 12 4 14 27 28 19 28 7 16 16 25 27 0 25 29 0 28 6 5 9 3 1 10 4 22 29 14 24 30 29 11 4 11 13 1 17 29 8 19 24 23 9 9 13 12
20 0 6 13 13 24 25 25 2 15 27 28 10 15 17 6 10 1 14 30 21 0 15 18 5 2 29 6 8 7 0 1 29 23 6 29 18 14 18 4 3 27 7 20 1 9 14 6 27 18 0 10 16 30 15 16 19 10 8 13 18 30 23 20 22 7 2 22 11 20 3 28 5 29 28 1 12 21 20 21 15 26 8 29 0 19 13 7 14 27 8 17 6 2 8 9 1
11 0 1 29 18 9 18 7 6 8 11 13 14 14 2 0 19 12 2 0 21 25 20 6 10 29 16 0 5 8 29 12 8 9 24 15 3 5 0 18 20 30 18 18 1 24 13 14 20 17 21 10 4 20 11 21 1 19 9 28 4 25 6 22 28 13 27 30 15 27 19 11 17 12 25 10 21 2 5 7 5 7 14 16 25 8 3 3 2 10 13 26 10 10 13 30 24
5 30 27 9 1 15 21 18 5 15 6 7 1 28 26 5 4 4 13 10 13 3 25 16 9 11 14 9 29 16 23 0 16 26 12 10 18 12 10 27 13 24 13 12 29 10 8 28 30 24 28 7 12 24 15 6 17 22 27 6 21 11 30 6 18 12 15 21 0 30 20 18 29 17 1 15 21 10 17 0 29 22 21 16 11 24 14 11 8 5 10 24 0 19 5 23 24
26 16 30 22 13 15 1 8 28 23 16 10 14 17 3 11 19 8 10 8 29 9 1 2 3 17 20 8 8 23 26 26 29 15 11 25 23 10 5 1 12 0 13 26 18 25 15 22 29 5 24 8 4 27 10 7 6 25 14 15 23 23 26 2 5 25 15 20 16 9 21 25 0 26 0 22 20 26 23 16 11 2 18 5 27 26 30 18 10 12 3 5 27 12 22 28 11
28 14 11 16 30 10 17 0 2 27 2 2 5 21 6 6 25 3 10 3 11 17 13 7 20 11 20 6 1 24 7 30 9 9 3 10 21 6 22 19 9 29 16 15 6 25 11 11 10 16 20 1 29 24 6 17 13 24 17 9 12 21 22 6 21 11 24 6 23 11 2 2 25 3 3 1 28 27 3 16 25 0 5 12 16 27 22 20 5 30 7 28 29 15 15 2 7
1 1 0 12 19 2 0 12 24 28 9 26 28 14 11 19 11 22 16 20 13 30 5 18 15 24 24 5 20 9 18 2 11 29 19 11 5 3 11 6 10 4 13 3 0 11 28 22 20 10 2 3 6 16 0 3 11 29 9 25 13 24 14 9 18 3 28 13 26 5 10 9 2 4 23 0 17 7 20 29 10 24 4 5 20 9 3 30 0 16 17 18 27 13 1 17 8
19 21 5 26 10 25 10 4 17 0 14 15 12 27 4 14 20 11 7 7 15 22 14 20 19 28 15 25 28 24 11 2 20 17 1 5 26 18 19 19 20 12 19 20 23 28 23 25 30 11 19 16 20 19 28 10 13 29 24 30 26 17 4 4 28 21 13 22 20 1 11 23 3 28 19 28 17 29 10 5 28 6 10 19 6 29 2 15 19 21 12 23 2 10 27 20 22
3 28 7 10 20 28 16 25 21 10 20 21 29 4 15 12 13 26 21 1 20 25 14 22 12 2 30 17 3 10 29 2 4 20 7 25 13 26 9 19 30 10 27 14 6 13 26 13 23 29 9 24 11 24 10 5 17 7 1 3 1 27 16 9 16 0 11 27 18 10 12 2 4 14 1 16 28 17 19 26 6 7 16 24 18 11 28 2 21 15 23 0 13 30 9 17 18
13 29 29 17 0 28 4 17 25 28 28 9 1 18 16 13 4 11 8 9 0 4 26 1 28 8 0 9 23 18 22 4 10 23 4 22 0 29 13 3 26 30 12 19 20 28 24 24 1 22 29 16 28 9 15 28 0 27 21 5 17 17 4 26 26 23 25 26 29 9 22 0 19 11 20 5 6 10 5 14 22 4 10 16 11 12 4 5 5 10 25 14 19 13 16 14 18
15 8 5 17 6 0 10 8 6 18 16 2 2 22 13 17 11 24 11 30 10 1 28 23 11 0 28 19 4 1 29 9 21 6 13 9 11 3 15 15 0 16 29 20 24 3 13 28 8 22 24 11 25 16 20 21 12 9 21 28 14 29 13 21 18 10 17 11 1 25 24 16 0 11 9 26 27 10 29 14 10 17 22 5 20 7 18 0 29 5 16 11 30 14 2 22 9
12 13 9 24 19 19 23 25 28 5 15 30 11 17 23 4 28 27 16 22 21 3 27 29 28 9 26 12 18 27 22 22 19 0 21 21 0 22 18 18 27 14 13 3 29 6 23 3 17 19 15 17 20 12 26 19 30 14 12 0 29 19 30 26 29 30 2 6 16 11 14 16 29 21 17 22 7 21 27 12 14 23 0 1 8 27 21 5 8 3 19 21 0 22 30 20 30
15 9 28 27 15 13 12 28 18 18 18 5 4 28 17 23 24 4 22 21 19 21 18 23 7 3 12 21 2 4 10 10 2 0 5 23 19 27 28 27 10 28 22 28 0 18 18 17 21 29 10 14 18 5 22 5 15 11 1 20 12 12 23 7 30 14 18 23 22 28 5 27 8 15 21 11 30 1 13 3 29 10 14 6 9 26 0 16 19 27 28 28 25 18 28 9 14
12 2 5 8 23 1 15 20 4 3 6 29 23 16 28 25 9 7 12 28 9 14 12 29 14 25 12 8 20 8 18 19 18 15 11 8 13 2 12 6 1 4 0 18 16 7 20 12 7 12 17 21 5 10 25 30 29 2 29 14 16 20 11 1 2 13 1 27 0 8 29 18 27 20 11 7 17 3 1 15 25 17 20 5 23 7 29 29 7 19 17 4 17 15 27 26 16
21 26 9 8 0 29 16 6 11 10 5 10 17 28 15 22 26 12 13 4 9 29 5 5 30 23 16 18 0 16 18 14 22 19 1 1 16 18 20 11 6 30 20 11 3 7 4 11 2 13 10 10 28 0 20 23 24 1 12 19 14 1 10 4 17 3 9 19 3 25 8 1 12 19 29 0 19 20 13 18 1 24 12 8 5 19 14 16 21 22 8 15 15 1 10 27 5
24 18 2 8 1 29 14 13 18 10 0 27 20 15 14 29 1 15 12 19 8 8 9 19 21 2 5 9 23 8 23 8 25 22 6 7 22 14 19 24 3 22 23 0 27 3 11 27 19 10 15 26 25 19 4 19 9 2 25 3 24 9 27 10 26 13 21 4 0 27 1 18 3 23 26 15 0 8 22 10 20 23 7 0 4 29 8 0 7 7 28 13 27 17 5 27 27
24 26 21 28 2 18 27 9 1 26 20 17 6 20 20 8 30 4 3 29 9 16 9 14 15 17 6 14 21 14 20 19 4 4 23 10 11 25 24 14 1 18 5 12 24 2 16 16 19 24 25 5 12 21 29 2 16 21 29 0 26 27 19 23 14 24 25 15 7 20 16 7 0 3 1 24 28 21 8 28 8 15 13 27 2 19 18 4 3 13 14 28 8 27 17 19 27
13 6 21 4 6 0 7 0 25 5 10 8 11 11 22 10 22 15 18 7 20 17 17 27 24 22 16 5 16 4 14 28 27 6 9 25 5 24 17 15 1 10 29 2 1 15 19 3 29 4 27 20 0 2 24 7 11 7 8 25 6 6 17 22 24 1 17 1 11 5 1 12 12 23 1 12 2 17 7 28 17 10 7 18 16 29 4 19 25 18 14 8 27 3 15 24 27
13 5 19 1 12 18 12 18 11 13 28 13 2 1 25 22 30 6 5 11 25 0 30 0 5 3 14 19 23 2 12 16 9 12 4 4 11 3 13 2 29 22 10 30 11 27 10 14 17 23 19 13 28 17 13 25 0 10 1 9 8 26 30 21 1 2 8 16 18 15 20 7 25 8 14 6 10 30 17 14 23 3 10 28 1 23 11 19 7 20 17 16 30 24 5 22 2
1 0 27 5 4 19 3 14 1 4 11 28 3 9 15 28 11 19 17 10 10 27 26 1 29 28 7 29 4 5 21 20 0 23 2 19 20 24 18 24 0 22 1 18 1 15 27 15 23 4 4 0 4 20 30 23 30 10 3 23 18 13 23 26 29 22 28 20 24 22 2 20 6 8 12 13 13 11 21 30 29 18 23 11 23 3 28 20 9 14 26 10 0 16 2 3 23
27 2 17 16 21 28 10 18 15 6 5 25 14 29 15 22 13 6 25 8 5 16 3 4 21 28 13 18 14 16 5 1 11 4 7 8 3 23 0 24 26 25 9 22 6 2 25 27 21 24 13 24 7 2 5 17 25 19 26 5 29 16 19 17 3 6 10 24 8 14 10 7 7 15 22 19 11 2 11 23 13 29 4 14 8 13 24 8 4 3 2 26 6 29 16 21 3
24 14 2 1 7 15 6 18 28 8 5 5 14 20 2 1 29 19 22 26 11 2 14 3 6 30 24 6 9 3 21 4 15 7 27 12 12 15 17 0 6 2 23 7 28 3 15 3 12 7 27 5 15 28 9 5 29 28 27 18 21 11 13 27 20 26 26 6 1 20 29 27 29 6 24 16 0 24 21 12 0 11 29 22 28 11 0 27 10 18 20 21 16 13 16 5 11
17 25 17 20 22 19 8 0 24 0 30 8 2 19 8 4 1 12 23 10 6 7 12 14 15 0 30 19 5 24 8 23 0 20 14 2 8 14 7 28 8 1 21 9 27 10 17 11 7 5 18 20 27 4 7 8 19 12 11 2 4 17 26 5 23 30 9 3 17 24 13 30 9 23 13 6 26 3 19 7 0 18 22 5 18 23 9 20 7 25 2 0 3 18 23 21 1
30 7 10 1 30 19 4 10 25 11 24 25 29 28 9 7 24 29 16 2 9 25 27 22 3 0 30 9 5 7 30 16 9 1 20 23 10 30 24 14 26 24 12 27 11 12 13 12 5 22 5 11 29 17 5 4 16 11 19 1 15 29 6 27 26 21 1 16 19 4 24 6 30 20 21 12 14 1 10 30 3 7 13 19 17 18 23 22 18 29 25 3 6 0 25 12 10
18 15 14 18 21 10 23 20 11 28 0 6 14 17 0 15 4 15 22 19 16 18 28 3 7 16 15 26 23 3 22 2 17 29 7 26 7 17 0 25 10 15 5 7 5 4 1 13 2 12 4 22 20 27 4 27 1 6 27 15 15 6 4 12 28 8 22 21 19 17 29 17 10 26 30 11 23 25 5 17 22 18 13 18 7 5 29 16 27 26 7 17 4 12 2 28 25
6 25 10 28 24 29 12 11 0 13 15 13 0 0 4 13 28 14 0 14 5 3 26 2 7 23 8 11 13 30 28 12 26 28 2 20 27 8 22 16 1 26 4 23 8 3 15 0 22 14 9 11 10 24 2 3 17 28 2 22 17 29 4 23 24 23 6 14 23 21 3 17 13 24 20 24 16 11 1 15 12 13 14 5 15 1 11 14 21 22 1 8 7 29 23 7 6
15 13 25 1 27 20 2 20 15 4 10 12 29 28 16 25 6 26 21 19 14 29 26 11 30 12 26 19 3 2 3 21 18 18 29 7 0 27 7 23 0 14 22 16 30 0 8 7 6 22 4 19 27 7 23 15 12 3 24 14 26 28 25 10 29 25 0 15 16 30 25 21 16 25 11 4 27 26 15 16 10 2 11 14 11 14 27 19 5 15 24 1 15 24 12 24 9
8 19 18 30 6 3 3 23 24 17 11 10 22 24 21 17 9 27 6 16 28 28 0 24 15 30 20 21 9 28 6 14 16 28 23 1 10 1 19 22 24 7 15 17 17 24 11 24 24 10 2 26 22 18 23 5 5 0 21 11 9 1 3 24 15 20 20 4 8 16 2 2 24 2 5 3 17 0 26 6 20 18 30 30 1 22 30 12 24 5 4 2 3 28 3 21 1
2 12 27 24 4 8 25 24 13 22 19 16 2 17 10 6 17 3 22 25 22 14 11 3 20 15 4 18 23 7 0 2 18 10 17 6 18 1 16 6 30 19 6 10 12 29 28 15 14 22 4 20 18 13 4 13 5 30 20 14 14 21 25 5 26 18 24 23 18 4 16 19 10 24 25 13 19 21 8 1 29 25 24 18 4 8 28 12 10 29 8 4 16 16 26 19 11
19 1 13 21 13 25 19 15 9 9 18 1 30 22 14 15 13 14 5 20 27 17 17 3 0 3 29 2 8 10 9 27 13 20 15 14 24 0 15 4 22 22 12 14 7 11 25 4 18 9 6 22 3 30 17 11 30 27 24 19 16 8 25 11 19 10 13 1 7 21 7 9 26 14 10 25 25 15 30 28 15 24 28 6 23 17 17 12 7 19 4 23 13 9 0 14 5
2 24 5 4 21 5 7 20 7 13 27 26 23 22 29 0 21 17 26 26 0 30 29 11 20 2 18 4 5 22 25 0 24 7 5 2 12 16 14 1 29 22 1 6 25 17 9 20 17 4 4 23 5 27 11 10 23 28 16 6 14 21 30 30 19 1 7 18 2 7 14 21 18 21 25 18 15 20 26 0 15 16 10 13 28 4 26 3 30 8 19 16 18 6 21 30 6
11 16 3 16 1 27 21 21 21 29 0 11 26 18 4 13 14 13 20 1 25 20 17 24 4 10 10 21 10 23 20 12 2 25 8 30 20 28 1 10 4 5 7 17 18 19 20 29 15 22 16 5 27 10 3 24 4 3 7 16 2 17 21 13 15 30 20 0 3 23 25 0 14 28 29 20 15 11 2 9 24 17 7 7 24 10 18 0 6 5 17 29 23 3 24 9 28
0 26 1 11 29 10 19 30 10 8 25 24 17 26 8 1 21 5 8 4 3 2 5 8 2 25 14 18 14 2 3 25 25 16 1 14 8 5 0 8 4 10 23 8 20 18 7 6 22 23 5 15 27 18 17 27 23 25 4 17 27 17 1 11 25 1 24 19 24 9 22 9 1 29 23 6 24 0 10 23 27 0 8 28 0 2 3 3 27 20 8 28 6 24 18 0 29
24 24 16 10 1 8 20 2 24 17 23 12 11 0 1 27 20 0 5 24 30 3 16 29 27 29 23 27 6 8 8 21 0 2 16 12 29 16 2 16 24 6 24 10 30 6 17 26 13 11 14 29 19 22 30 24 27 17 16 11 22 9 24 14 3 29 15 30 16 3 14 17 18 7 21 16 16 15 2 28 21 30 23 18 4 14 14 19 12 7 27 6 1 24 3 11 15
24 18 5 25 19 14 17 18 15 17 30 14 0 29 21 15 24 3 5 1 16 2 27 17 10 3 29 30 28 11 11 6 26 25 13 13 30 24 22 26 3 18 27 22 13 19 29 17 11 22 5 7 13 1 7 29 5 19 28 9 30 8 19 26 5 8 3 21 27 5 22 5 0 10 25 21 11 5 16 15 10 26 0 4 19 28 20 10 14 5 9 2 3 6 4 17 15
24 8 26 22 16 9 8 20 27 21 10 23 2 15 11 25 1 7 22 24 24 10 19 2 30 6 16 25 1 0 18 8 0 30 2 19 17 22 2 16 0 28 4 11 9 0 22 14 10 7 8 17 22 0 13 0 17 20 9 29 11 11 6 30 9 23 20 8 24 24 25 20 25 2 5 14 9 28 0 9 23 23 29 2 22 15 29 25 25 9 4 22 27 4 27 25 26
4 2 6 8 23 27 20 20 3 19 16 5 28 11 8 13 24 18 26 1 3 10 25 16 22 0 23 13 10 18 10 27 18 22 30 13 30 27 23 14 21 11 2 12 27 8 28 16 25 11 22 27 14 0 25 11 23 8 5 0 11 15 23 8 21 4 8 13 22 19 3 6 26 15 24 26 12 21 28 7 10 17 10 11 23 27 0 26 0 3 29 26 14 18 5 3 2
19 25 3 19 21 28 7 7 30 11 10 1 12 29 13 21 3 21 13 8 26 26 22 5 16 25 3 21 27 18 19 13 20 14 13 3 9 16 7 8 25 2 28 9 3 30 27 7 11 0 30 19 4 19 30 23 16 10 13 5 21 26 26 17 17 27 17 16 19 3 20 11 30 13 30 16 8 24 15 16 28 15 30 22 25 14 27 25 17 23 14 20 21 21 4 30 6
9 19 12 16 28 18 8 5 4 28 12 20 7 12 27 27 20 11 16 29 25 18 0 16 12 3 4 18 10 11 11 19 16 12 28 23 17 17 16 0 16 7 11 29 26 5 2 15 2 26 10 21 23 4 6 18 1 22 23 28 11 26 17 15 16 4 29 12 18 26 2 16 17 3 11 12 25 17 19 22 1 18 3 29 23 26 28 30 8 29 13 10 21 20 23 5 8
13 14 28 15 20 21 30 8 7 10 15 17 10 27 21 17 2 5 8 14 7 5 16 18 26 28 28 10 3 9 17 1 7 20 25 30 14 16 1 5 0 30 17 25 6 29 13 0 23 2 14 18 28 8 26 10 4 7 25 20 25 3 21 25 14 2 13 17 15 10 24 3 18 23 23 8 24 23 5 18 29 28 8 21 11 23 19 8 28 15 14 18 20 3 11 15 19
27 22 18 18 1 1 17 3 27 4 29 10 20 17 14 20 3 30 13 12 20 12 29 11 16 9 10 21 17 4 24 15 0 14 18 30 30 5 25 16 29 16 14 19 30 4 22 12 9 5 23 27 18 23 4 13 28 14 4 6 11 14 14 22 27 1 25 26 0 6 18 12 1 11 17 4 22 26 18 10 16 18 8 9 15 15 20 0 2 2 30 11 3 10 5 20 4
9 9 15 12 16 25 21 15 22 15 30 30 14 5 20 2 15 10 30 5 27 4 20 20 29 14 15 12 29 20 18 25 20 23 12 20 23 2 30 24 29 21 25 30 5 15 0 12 6 11 21 4 9 17 20 25 19 7 18 16 7 14 30 3 7 23 30 16 8 24 6 27 8 4 24 24 18 17 25 5 15 29 30 11 14 18 18 27 14 7 15 8 13 0 27 29 21
11 13 28 23 25 15 13 29 6 29 8 10 21 22 29 3 8 20 30 27 9 30 16 0 8 13 17 0 16 3 19 9 21 10 4 13 26 11 0 0 0 27 14 15 22 1 12 15 0 14 26 21 14 2 3 15 18 11 5 14 15 17 14 12 30 8 12 8 12 22 0 27 28 10 13 9 26 13 0 14 4 4 16 14 15 5 18 15 10 28 7 8 3 19 2 17 22
29 27 22 4 28 29 18 13 8 1 16 16 0 1 8 9 30 20 25 11 27 17 26 9 3 6 16 18 3 12 6 24 17 16 13 27 3 13 0 19 14 8 7 21 21 17 22 28 27 11 3 4 5 9 28 19 7 25 19 26 21 12 29 15 28 5 11 7 4 28 18 30 11 30 4 12 10 14 30 29 21 11 25 1 29 19 24 1 9 6 12 27 0 10 16 14 5
22 24 20 10 23 22 4 27 2 26 0 19 26 17 0 27 23 27 21 9 19 16 10 11 23 22 30 28 15 8 3 22 10 14 0 10 14 22 27 15 29 17 26 7 4 27 19 15 20 9 16 11 27 1 15 11 11 10 19 24 14 7 27 21 20 12 5 16 21 22 17 9 30 30 22 20 14 24 17 30 17 22 1 22 11 24 15 10 22 13 11 9 19 26 7 26 6
17 2 18 4 12 6 23 20 12 11 4 14 4 8 11 10 5 9 22 2 23 2 15 30 25 23 29 20 7 12 17 11 18 9 20 19 10 10 16 18 6 16 10 30 0 4 27 3 10 28 4 19 19 23 14 25 1 18 4 18 20 5 30 6 24 1 6 16 22 26 16 23 1 30 27 12 9 0 30 17 12 25 4 0 24 3 6 0 24 7 27 0 13 25 25 30 5
16 14 8 22 29 9 4 8 8 2 22 6 13 5 11 22 20 10 13 27 19 22 21 2 19 1 11 1 28 0 28 12 22 7 27 13 20 18 27 3 30 16 20 13 4 27 18 21 22 20 13 25 8 24 18 30 4 9 25 8 21 4 9 1 17 25 18 4 0 20 11 17 21 23 22 5 23 19 20 5 29 18 5 15 0 14 1 15 16 10 6 17 9 13 29 1 3
10 13 18 11 27 5 29 25 18 10 2 6 10 7 28 23 15 14 10 12 18 30 3 5 12 18 29 23 11 14 3 7 8 13 14 20 11 12 3 11 3 18 22 28 10 29 22 20 0 19 14 24 4 4 9 5 17 15 0 20 9 24 17 9 28 20 23 30 18 12 20 7 17 19 25 21 16 0 15 4 21 27 20 9 26 11 22 19 27 13 7 9 14 3 30 17 3
14 5 5 23 19 23 21 2 16 12 21 29 10 19 30 1 27 0 30 28 19 14 21 20 8 30 7 19 3 10 3 5 3 28 2 5 23 26 12 24 7 5 11 20 9 30 17 6 9 24 5 0 26 11 30 26 16 16 3 16 9 21 29 24 27 20 8 8 18 24 9 6 29 0 20 19 20 10 9 13 30 11 30 29 27 23 27 9 6 22 15 19 17 15 26 11 22
21 6 10 3 24 27 9 23 29 3 16 0 29 24 17 18 12 9 16 17 14 20 22 21 1 2 0 18 19 7 25 11 16 7 10 17 27 25 6 24 26 13 0 23 29 19 26 17 3 22 24 25 25 15 15 5 10 22 1 7 16 0 29 16 26 30 1 26 29 14 11 8 15 28 15 9 1 21 17 7 6 20 3 18 8 9 27 29 10 13 29 3 9 29 25 18 0
20 25 30 16 12 26 30 12 30 24 2 6 16 24 18 30 27 13 12 21 20 21 23 16 9 22 7 15 27 7 27 4 27 15 13 16 25 9 2 28 19 22 27 26 12 3 26 10 8 10 0 12 0 22 12 11 10 7 16 7 3 23 24 14 13 10 11 12 13 8 16 0 28 6 3 24 19 0 22 20 24 11 0 26 20 6 24 21 1 2 1 0 30 2 21 25 11
15 6 12 12 3 30 21 11 8 25 23 25 14 10 26 4 12 26 6 15 10 12 5 25 18 12 22 11 6 27 26 9 24 22 0 24 11 1 22 24 28 18 2 16 7 28 2 1 25 24 8 14 21 23 2 19 20 29 5 4 17 8 30 26 30 6 25 28 7 12 1 20 29 4 0 1 29 14 14 0 0 29 8 7 11 28 25 21 11 19 6 0 24 12 26 29 13
26 10 20 14 5 30 5 9 7 3 15 20 3 20 7 21 10 16 17 0 11 4 20 18 12 6 1 15 9 11 5 10 27 10 29 15 16 17 27 20 30 16 21 27 4 9 3 27 12 19 30 27 7 1 30 4 23 30 20 29 0 25 22 9 3 0 17 20 28 5 13 2 3 1 5 26 28 11 2 9 20 16 17 5 30 9 2 29 5 18 15 10 1 14 19 18 12
19 16 23 4 6 18 24 22 16 24 28 26 26 22 13 7 17 2 20 19 17 23 28 4 30 24 2 8 15 30 22 4 6 12 3 5 12 2 14 16 23 15 12 16 9 27 0 12 26 2 7 27 23 13 7 13 3 10 0 3 12 8 27 22 1 5 21 10 2 29 10 12 22 23 12 10 21 29 11 7 30 28 1 11 7 29 14 21 9 30 11 6 23 21 13 16 20
17 18 13 5 10 0 8 12 6 30 17 30 25 29 29 22 25 23 4 0 23 21 27 23 6 0 20 23 16 1 0 29 26 15 7 2 15 23 24 21 18 18 4 30 22 5 13 23 22 27 16 0 6 23 22 2 5 30 20 7 9 13 16 29 17 0 20 22 10 7 14 10 13 15 20 11 18 15 28 3 13 26 11 30 6 6 15 5 19 8 18 20 5 15 6 6 4
21 23 10 12 5 25 14 5 13 16 21 15 21 9 10 25 10 26 30 18 10 19 3 27 17 15 26 5 21 11 17 9 2 29 26 10 8 27 11 24 0 21 21 21 4 28 7 18 10 28 4 15 24 13 15 13 10 2 0 28 28 28 27 25 28 18 9 18 19 24 26 15 25 27 30 28 8 27 24 17 6 9 3 18 14 12 8 9 1 5 7 13 25 15 25 9 12
11 23 14 4 10 18 22 30 5 0 9 10 23 11 7 2 30 12 26 22 3 25 8 1 7 1 25 21 16 4 16 19 23 19 14 11 12 25 1 17 1 0 29 8 27 25 14 7 8 12 3 20 15 18 29 30 30 15 12 5 7 14 0 23 24 26 21 25 16 10 23 2 6 11 19 4 13 29 24 13 5 13 28 21 29 24 5 0 25 21 9 6 2 20 15 25 25
23 3 16 28 23 23 25 30 7 21 0 6 9 4 6 7 8 9 1 13 11 15 3 1 21 30 3 5 17 5 28 21 13 30 1 24 1 24 20 7 28 6 0 20 17 18 3 10 13 14 13 17 21 24 17 29 19 30 15 27 8 15 11 5 1 13 27 0 14 6 22 9 16 25 21 17 15 19 26 14 8 4 9 1 15 13 14 18 26 24 29 30 22 5 26 7 10
22 25 28 22 8 4 20 19 25 10 26 3 11 29 18 28 7 8 6 26 19 17 19 14 8 0 25 11 18 16 21 10 26 17 8 20 23 19 30 30 14 29 22 4 8 5 24 13 9 29 18 0 12 4 12 19 28 15 11 14 24 17 17 17 20 13 24 23 15 11 22 1 10 18 17 2 6 22 25 29 0 26 27 21 29 30 16 29 2 21 12 13 13 10 2 14 24
9 29 25 20 21 8 23 9 4 28 21 12 23 15 1 15 18 6 19 27 6 6 25 5 20 2 24 20 30 3 8 30 4 30 18 11 21 23 6 9 19 10 8 23 27 18 3 5 9 10 27 10 19 18 19 12 16 23 18 19 15 2 1 30 10 30 9 19 9 4 13 19 22 27 3 28 17 18 27 1 14 16 22 20 4 4 15 25 16 9 22 7 30 13 15 9 15
4 5 3 12 20 26 17 19 25 11 20 22 5 19 14 2 19 16 5 28 23 17 4 3 8 19 11 16 21 4 5 21 16 30 12 0 24 18 27 19 3 13 15 8 13 24 8 26 16 19 15 27 14 21 15 12 6 23 18 21 13 5 1 19 11 28 1 15 28 8 12 0 16 4 24 10 22 4 5 13 12 26 18 27 3 5 23 12 14 10 5 27 30 9 11 21 12
5 27 11 23 10 23 22 8 25 21 10 14 24 9 5 3 27 27 11 22 9 24 6 0 19 24 22 9 10 26 13 29 1 27 2 9 19 28 21 7 6 15 15 24 29 1 20 19 22 12 15 27 7 27 21 17 14 4 23 13 14 20 16 26 30 0 12 30 12 0 6 24 1 22 1 21 19 2 15 25 2 29 28 4 19 6 28 20 7 16 8 2 28 13 16 14 0
1 12 21 19 30 16 21 21 20 25 6 0 1 17 21 3 13 26 12 13 9 19 7 5 8 18 24 1 6 30 12 23 2 30 15 5 23 14 16 23 7 2 26 12 21 3 30 20 5 4 22 26 7 17 18 1 26 15 13 16 14 9 26 28 11 26 19 11 25 9 1 20 23 18 19 11 5 3 22 4 19 2 7 8 15 19 7 1 10 28 2 21 27 15 11 1 5
4 12 29 26 26 1 20 26 14 20 11 23 3 21 11 30 26 2 14 18 8 5 0 29 14 1 29 26 21 29 30 13 26 30 5 29 12 9 7 15 21 30 15 12 6 12 7 27 3 10 30 0 12 17 1 23 15 21 5 17 23 13 9 14 14 8 17 17 15 1 0 30 5 15 22 4 19 16 9 15 29 25 3 26 26 13 0 15 19 22 9 7 10 23 27 29 1
20 25 9 18 6 21 0 1 21 27 6 4 7 10 1 20 4 18 19 28 30 3 11 0 21 17 8 27 1 2 4 8 12 23 17 25 29 27 18 9 4 14 21 22 19 26 21 27 5 30 6 15 16 30 20 16 25 4 24 8 22 2 6 12 30 12 28 7 26 13 6 22 16 29 2 20 12 26 7 15 15 16 13 13 20 5 7 10 25 26 15 4 15 13 13 20 8
29 19 18 25 23 29 26 28 12 12 6 15 17 0 19 10 3 7 25 8 27 29 19 30 19 23 28 26 18 27 8 23 19 2 27 12 15 21 18 11 24 15 25 18 25 30 11 30 6 0 7 10 10 12 17 28 15 26 6 4 3 24 7 4 14 16 6 29 29 25 1 17 7 13 19 21 19 9 25 6 26 17 2 8 22 19 3 20 6 6 15 29 26 25 7 24 23
3 0 27 30 5 5 6 4 21 5 10 9 29 21 22 20 24 13 5 15 12 25 29 20 1 6 7 7 14 10 18 24 9 19 4 20 9 10 25 26 29 2 4 6 20 20 20 4 30 19 27 14 12 27 17 9 12 4 26 20 13 6 16 4 18 27 14 29 29 14 1 23 1 24 28 13 30 14 15 18 5 29 26 21 21 12 8 0 0 7 28 1 19 0 4 27 7
20 16 16 27 1 22 24 4 8 8 16 0 16 23 16 11 24 22 25 2 22 0 21 25 8 28 0 12 12 13 23 16 13 2 26 0 20 6 3 20 17 23 13 10 15 10 4 20 28 5 3 1 26 22 7 18 6 1 26 13 22 29 18 0 20 21 20 26 5 23 13 28 8 9 14 22 13 20 28 13 29 18 6 30 24 19 9 13 16 18 18 10 29 16 10 6 22
21 17 11 19 3 11 14 3 11 2 25 28 11 28 5 20 2 17 21 8 26 5 7 25 27 10 9 24 8 12 5 29 4 26 17 12 0 28 25 10 18 11 23 13 25 27 0 2 1 9 26 29 20 28 1 12 5 27 18 25 11 28 8 21 3 15 9 29 7 13 4 25 30 14 13 26 15 12 5 6 22 15 1 12 0 15 10 18 3 16 4 22 8 15 8 7 1
0 2 15 27 25 26 8 0 14 15 23 11 25 30 20 28 15 2 18 23 8 24 11 26 4 15 5 13 20 29 27 0 3 28 7 24 27 27 19 30 20 4 20 8 26 17 15 30 1 12 30 7 27 0 22 18 22 15 10 1 25 18 10 8 1 26 4 1 22 16 13 17 29 6 16 15 16 21 17 21 29 12 24 15 25 29 26 28 0 8 24 1 25 18 26 22 21
8 10 20 16 16 27 21 26 21 16 3 1 23 28 5 18 25 30 14 0 24 14 11 22 9 30 21 6 2 26 13 19 6 6 12 1 11 11 3 20 0 19 1 8 26 20 10 14 2 26 24 6 0 7 24 16 28 19 6 21 24 13 3 2 13 29 23 13 21 6 4 24 6 30 1 3 16 14 26 29 17 28 14 8 29 28 4 25 8 5 23 24 18 4 24 11 28
5 0 6 12 26 12 30 0 20 3 18 6 30 1 22 8 22 13 24 21 15 29 1 21 9 22 9 3 13 16 25 16 29 22 13 24 25 29 4 1 5 26 20 24 17 7 7 27 8 20 29 23 24 22 21 15 9 2 22 16 30 13 14 25 27 30 13 0 29 22 10 5 5 30 26 3 29 8 18 21 2 3 6 27 26 8 28 24 16 19 10 22 21 30 3 0 25
29 12 7 24 5 30 7 8 3 11 3 25 1 14 18 20 20 6 24 2 27 1 4 27 28 22 26 12 28 24 23 8 25 3 1 4 20 15 9 4 25 20 7 25 4 14 8 25 26 8 22 16 15 15 24 0 3 30 2 10 20 7 23 12 20 13 17 21 19 23 29 18 20 3 28 1 21 20 14 21 17 26 1 3 8 3 14 4 15 29 7 18 4 1 30 0 30
27 7 25 25 8 11 12 1 11 15 19 20 15 19 2 6 1 12 18 30 30 24 18 30 2 17 28 5 26 9 15 0 6 13 21 14 22 29 12 29 26 28 17 5 7 0 20 13 10 29 8 25 14 23 15 6 23 25 11 21 22 5 28 17 12 15 16 13 15 26 27 1 24 19 4 19 20 7 4 10 5 21 27 20 26 28 2 12 30 14 11 9 11 15 6 6 1
24 22 29 17 6 8 5 29 7 27 23 27 18 11 16 23 5 8 17 8 13 22 8 23 26 21 13 12 18 18 7 1 7 18 2 5 24 26 0 10 28 9 21 3 30 0 16 22 24 25 23 29 16 29 13 17 29 6 22 14 15 11 17 7 12 23 0 27 25 26 3 21 10 21 25 4 15 26 5 0 17 18 26 11 2 27 6 25 17 8 1 28 4 22 19 20 23
5 14 11 12 22 1 7 0 4 9 25 6 4 8 20 9 5 0 4 29 14 7 4 9 17 16 25 5 30 18 12 24 1 15 23 29 28 17 18 15 14 21 24 28 19 14 23 9 23 8 11 17 3 21 4 27 26 15 23 22 12 20 9 16 5 9 3 16 9 29 14 8 7 23 27 24 14 5 1 6 19 17 18 22 9 22 10 14 23 16 29 25 5 28 12 29 4
30 26 14 21 4 29 8 8 3 1 28 5 21 22 1 2 27 23 26 6 27 27 3 17 13 0 11 21 30 13 17 2 12 27 23 21 1 3 25 14 3 11 30 7 24 11 2 25 14 16 19 7 15 16 5 8 24 24 8 6 4 21 28 13 24 10 30 14 16 4 6 15 3 30 30 21 6 18 14 9 6 12 17 27 28 26 26 24 19 3 11 25 14 12 8 24 9
6 8 16 9 15 26 15 16 19 30 1 18 14 11 1 7 26 7 26 11 9 30 6 2 11 16 14 23 13 2 26 18 14 23 22 6 15 7 6 12 22 25 5 22 13 0 5 29 27 16 15 29 23 5 29 8 21 1 15 26 7 1 0 17 5 21 20 6 3 30 1 29 22 19 6 25 9 17 25 20 24 30 30 18 30 30 13 22 28 11 0 2 23 2 6 21 6
29 2 11 16 16 30 18 30 21 29 12 9 18 15 28 29 29 10 20 25 10 9 30 21 12 22 28 7 0 18 24 23 13 2 30 6 22 20 28 4 26 1 21 6 25 6 5 10 25 29 26 16 24 12 5 15 25 1 2 3 29 12 6 12 2 29 29 6 20 7 15 8 20 29 0 2 12 29 18 30 29 14 7 8 2 24 1 18 16 21 22 2 12 27 16 1 6
2 20 2 0 2 29 5 27 2 20 10 29 8 12 10 7 20 21 24 10 25 27 27 23 20 26 27 18 16 10 19 10 12 10 14 24 21 10 13 11 30 21 7 21 19 10 2 16 25 15 16 18 10 2 19 24 6 16 21 21 2 16 5 14 4 13 12 14 27 24 10 28 22 21 18 23 21 21 28 12 28 8 24 30 19 30 4 3 14 28 1 5 2 9 26 28 30
6 19 9 16 23 20 12 17 15 8 29 20 26 14 12 8 21 7 27 16 30 17 2 7 28 24 19 30 4 11 27 15 18 16 24 4 9 16 7 7 26 20 27 11 4 2 6 25 22 4 23 23 4 4 2 11 4 15 11 20 26 23 19 3 4 26 14 10 19 3 25 28 18 27 19 4 8 22 22 5 21 21 4 22 10 7 23 11 25 26 28 20 2 24 30 9 18
11 1 6 12 4 18 23 12 0 3 12 4 27 1 30 11 23 8 17 6 9 26 5 12 9 1 17 6 0 11 23 14 6 5 13 10 29 3 18 11 9 15 16 30 8 10 20 17 8 17 4 1 23 4 20 14 3 18 30 29 7 17 24 14 13 5 14 16 0 8 9 22 6 14 26 29 26 22 17 0 15 27 8 14 27 8 17 17 2 29 4 29 5 24 29 30 9
14 25 19 12 14 4 22 9 17 6 22 25 6 27 20 6 16 6 28 18 30 14 7 0 5 3 23 17 22 6 6 27 16 27 11 5 2 2 19 3 28 5 17 29 30 0 7 10 29 13 13 13 13 14 8 6 3 10 3 20 1 18 15 16 23 29 20 20 4 20 25 13 0 18 4 8 8 16 30 24 15 18 6 2 17 16 17 14 17 24 25 2 25 22 1 0 24
24 19 6 22 2 0 17 10 30 19 27 11 3 17 15 22 22 15 10 13 5 7 28 1 21 19 2 22 27 14 4 19 16 25 19 8 13 6 15 29 11 28 14 5 21 21 12 20 14 12 24 17 15 22 25 12 11 0 24 0 25 13 21 23 1 22 10 6 4 0 14 4 10 14 19 7 6 18 23 7 27 17 2 19 9 27 1 10 21 25 13 11 4 7 27 29 14
12 19 3 23 14 29 20 19 9 17 8 18 29 30 11 30 6 11 0 18 10 15 19 2 19 19 10 4 10 14 27 22 4 1 9 27 20 16 21 1 9 16 19 27 18 0 2 1 5 12 2 23 30 12 22 21 17 13 25 28 26 14 7 25 17 27 0 16 18 6 9 5 30 7 23 0 29 10 27 0 27 18 22 5 19 28 14 9 12 7 7 30 19 8 18 4 10
18 2 28 5 22 5 5 1 27 1 18 6 0 18 6 27 20 17 14 1 20 16 16 25 1 20 24 1 2 22 24 9 12 4 18 17 8 28 8 2 3 13 26 2 1 17 8 13 1 24 11 4 11 16 11 8 29 4 17 8 21 3 12 6 15 19 19 21 13 15 23 20 11 4 0 28 24 14 25 12 13 18 29 15 27 28 7 19 13 3 10 10 30 24 19 29 0
7 14 19 15 5 15 30 19 26 3 2 26 21 22 18 9 3 24 30 19 25 10 6 7 28 5 20 22 21 3 12 8 27 5 1 10 16 7 15 27 21 5 1 19 17 14 13 28 28 0 8 0 10 22 26 11 13 25 22 13 16 15 24 5 18 21 15 20 28 19 14 0 13 20 1 12 1 18 2 10 26 24 23 8 5 22 2 17 19 1 14 22 14 13 21 10 30
12 26 16 29 21 6 13 1 0 29 30 29 21 6 9 29 21 20 24 3 14 29 0 10 24 14 25 2 3 21 5 6 4 17 1 21 16 15 1 30 6 11 7 16 16 2 25 10 8 22 24 24 4 12 27 7 3 30 27 18 11 25 17 11 11 25 2 8 21 25 18 30 0 22 28 26 15 9 28 11 10 6 0 27 28 12 18 28 13 12 30 26 12 30 27 26 8
