98 98
16 8 9 16 25 19 12 30 11 27 12 17 5 23 27 24 30 10 2 4 1 30 18 10 15 6 22 10 28 18 29 21 11 13 11 6 8 7 1 10 8 1 17 11 8 27 6 18 8 11 15 20 21 13 5 17 23 17 26 16 0 0 12 6 7 22 20 6 2 12 25 2 6 26 25 21 16 24 0 26 15 8 28 20 2 18 21 26 10 6 8 10 25 20 5 7 13 19
6 29 15 7 8 11 16 19 30 11 8 3 12 17 8 24 14 26 4 25 22 8 17 10 10 22 20 13 19 28 16 28 18 2 5 28 13 4 5 21 12 12 3 16 16 12 9 22 11 24 17 23 21 15 10 30 3 3 30 18 4 0 26 24 12 28 28 13 17 6 26 27 27 28 24 3 15 19 5 7 24 13 3 8 22 13 26 5 25 23 11 26 22 20 13 25 1 9
11 6 30 13 12 15 0 26 20 14 25 26 14 6 30 29 0 12 15 8 1 7 7 25 28 25 21 11 9 5 29 20 0 30 23 6 4 28 27 27 6 17 30 0 13 9 30 4 20 1 2 4 6 6 7 13 11 7 17 17 0 12 25 22 16 16 21 19 23 19 25 12 13 15 8 24 21 6 6 18 13 22 15 10 29 12 18 8 26 29 30 20 3 4 13 4 28 28
11 21 21 20 25 3 21 5 0 30 26 29 15 3 18 22 10 29 10 14 10 16 0 29 28 12 28 2 10 23 11 3 10 17 26 18 15 14 13 26 10 7 5 10 24 3 28 30 0 28 3 22 7 28 24 9 30 27 30 28 19 18 30 22 2 24 17 3 10 28 28 5 19 7 23 5 30 16 25 26 4 15 2 2 24 28 3 0 30 10 22 5 8 21 4 23 24 5
11 2 28 16 2 8 26 25 19 20 2 14 20 12 11 21 7 19 12 7 5 28 8 27 4 26 29 28 9 18 15 0 11 9 19 23 7 20 11 13 2 13 7 24 29 12 1 16 9 5 7 27 14 7 2 5 22 28 24 12 11 1 6 0 16 16 29 30 8 19 22 13 6 3 29 16 22 8 18 27 11 10 26 24 30 2 13 3 27 14 9 25 20 25 22 1 9 9
0 6 9 25 21 21 3 15 9 8 25 28 8 13 11 12 28 3 0 23 18 10 26 16 0 24 29 0 19 28 29 9 18 0 15 12 2 7 10 6 5 18 10 27 26 5 10 26 9 0 29 30 19 0 24 5 29 30 8 14 8 0 6 21 2 6 9 3 2 30 5 9 16 29 14 15 4 21 8 10 16 23 27 11 3 4 5 10 12 22 26 13 29 12 2 18 7 7
13 29 14 13 23 2 7 4 16 10 20 3 21 27 21 12 20 14 12 14 10 30 26 7 27 30 3 28 19 24 7 22 11 9 14 4 3 8 19 16 7 4 14 12 30 21 7 29 12 7 21 23 18 30 18 10 9 2 3 8 11 17 8 28 1 3 30 14 18 26 13 20 17 22 22 3 6 5 26 17 25 17 12 24 19 9 16 26 10 11 10 25 5 27 6 26 7 10
5 19 24 5 2 2 8 1 4 26 0 25 30 23 17 25 21 4 1 13 10 2 27 20 17 9 22 10 9 3 14 21 6 30 18 12 30 15 24 9 5 4 26 21 11 23 18 11 30 20 11 1 8 5 11 9 9 25 7 23 20 26 7 1 24 7 24 2 10 8 0 30 2 18 19 23 15 23 29 28 13 18 17 13 0 3 30 10 2 30 29 10 6 27 18 26 18 12
2 20 9 20 24 28 6 14 12 2 25 18 2 10 26 22 27 27 27 9 3 8 20 5 0 7 17 1 10 14 9 30 18 5 21 29 27 5 30 17 28 16 26 12 7 11 4 5 27 21 25 8 7 27 5 12 23 17 28 24 30 3 18 12 1 14 12 29 19 25 28 21 16 2 0 29 28 29 21 3 27 13 9 26 28 9 6 29 15 13 22 6 8 20 19 17 28 15
6 16 5 20 1 19 11 7 19 28 2 19 1 26 14 9 8 6 25 29 14 20 9 22 12 23 2 23 4 3 19 4 28 10 6 12 18 30 7 23 16 23 25 17 22 18 13 3 3 11 1 25 12 30 1 1 26 14 21 23 30 19 22 20 10 29 5 15 3 28 13 30 2 28 0 4 23 8 24 22 26 22 2 5 27 22 25 27 8 13 11 29 13 10 3 30 0 21
2 16 0 19 15 1 5 5 16 22 30 13 27 22 7 28 3 26 21 5 23 0 4 4 2 29 25 17 16 18 20 9 25 2 1 14 13 18 30 12 7 16 7 21 2 10 13 26 8 8 3 21 19 30 4 27 23 9 30 4 5 3 18 19 3 20 17 0 20 14 14 11 3 20 23 27 16 11 29 23 25 5 19 29 1 29 21 3 24 28 27 11 4 1 19 18 18 6
27 20 15 16 17 4 23 21 13 12 14 23 17 13 16 26 3 23 29 19 25 19 24 29 10 22 29 25 8 23 12 12 19 16 23 2 27 14 7 5 3 0 26 22 16 23 13 5 13 7 21 26 28 28 15 10 15 6 24 13 12 12 0 2 28 4 21 21 27 11 1 4 10 16 15 9 21 29 17 22 29 22 25 12 26 5 25 22 6 6 5 30 16 15 16 26 15 14
11 13 14 19 15 20 26 11 26 8 5 10 16 22 23 22 21 16 19 26 19 22 13 9 20 25 25 10 9 3 20 10 16 10 25 5 13 28 0 12 24 4 12 19 17 14 15 21 10 0 23 8 18 26 12 20 25 25 4 19 6 13 16 20 28 27 26 1 1 28 9 30 12 10 18 9 10 7 4 27 5 14 23 20 1 9 1 15 30 4 10 6 16 23 14 9 15 15
11 0 19 27 14 12 4 26 11 13 10 28 3 1 12 23 23 22 29 4 8 14 6 7 29 28 29 17 17 3 2 30 8 10 4 25 24 8 0 11 27 11 22 20 9 24 30 15 20 25 24 18 3 10 19 17 5 14 6 15 25 26 26 10 25 16 2 17 29 11 10 13 24 1 0 8 27 26 2 12 14 17 8 15 11 26 29 14 13 26 20 7 1 29 22 0 5 25
25 24 27 0 11 7 22 24 25 7 23 10 25 6 5 25 8 13 12 2 15 16 6 6 17 0 15 19 23 17 17 17 7 4 5 23 28 30 0 26 1 2 28 6 26 22 22 17 12 15 4 24 23 12 8 18 24 7 15 6 28 21 10 21 17 13 26 1 17 16 27 23 11 16 28 23 9 10 17 3 22 29 17 12 15 2 17 17 10 12 15 20 26 6 16 14 24 19
15 18 0 21 1 10 24 3 17 17 23 30 28 25 17 15 8 4 14 5 15 27 23 2 15 1 2 2 10 29 8 2 28 18 17 30 9 14 10 14 28 11 4 4 23 30 6 5 30 28 17 7 10 30 15 20 6 1 12 9 8 16 22 15 2 26 0 1 8 4 26 29 27 30 29 22 17 4 21 6 10 21 30 11 12 24 16 29 2 2 9 29 15 6 30 6 15 0
11 24 19 7 11 3 9 19 16 4 21 14 29 15 4 24 15 23 20 13 25 23 0 10 12 8 17 10 11 27 26 4 21 22 8 10 19 3 26 25 28 17 8 0 7 10 1 15 2 18 25 11 15 28 22 1 14 24 12 5 27 8 6 20 11 18 23 22 21 0 4 21 23 7 7 19 13 19 6 7 0 30 9 24 29 29 27 5 20 20 12 23 23 18 11 21 15 24
4 24 26 14 11 13 5 27 29 10 14 10 22 7 29 16 27 17 0 23 12 29 4 27 11 28 29 15 25 5 22 4 26 13 13 29 3 7 16 5 22 9 27 8 17 17 4 29 13 21 15 4 30 16 14 27 5 21 24 14 12 23 15 23 4 20 21 23 30 15 29 6 8 30 25 19 1 8 7 24 4 11 1 10 6 2 22 30 9 5 10 25 10 28 28 19 28 5
8 9 19 3 25 1 18 8 22 12 7 8 6 19 14 15 6 9 30 22 19 12 9 18 6 1 24 10 23 7 3 6 24 11 15 28 5 29 26 3 19 25 8 0 27 8 12 26 24 17 10 6 6 16 2 18 22 23 23 21 10 9 24 4 22 10 22 28 24 15 6 30 8 23 17 5 25 2 23 12 6 0 20 9 19 11 24 15 1 24 26 11 16 3 25 14 3 29
3 23 1 13 30 16 7 2 0 16 19 21 7 2 29 23 21 21 14 19 24 29 22 12 4 25 6 0 12 12 12 16 6 25 18 8 24 27 8 26 11 15 0 1 28 25 2 23 18 12 25 7 0 20 10 8 27 24 26 6 13 19 25 9 8 6 1 20 12 18 8 24 26 9 4 18 11 1 28 9 22 30 18 11 17 15 22 1 28 6 20 5 10 28 8 30 8 13
15 6 3 13 27 30 28 1 10 9 6 22 29 21 29 9 23 10 27 5 20 27 7 1 22 23 28 3 24 17 5 27 8 10 29 25 24 8 4 15 1 23 22 25 13 10 25 17 10 18 27 17 25 17 24 2 2 0 11 30 20 26 18 16 16 14 18 12 18 3 26 4 10 5 10 16 20 20 2 11 23 25 4 16 5 13 19 22 17 13 8 17 28 12 23 30 20 4
7 12 10 8 25 23 30 1 1 6 12 21 9 16 15 11 11 19 29 27 3 29 21 28 5 28 7 26 6 26 5 10 14 13 24 24 10 18 21 9 14 1 27 23 2 6 7 18 25 26 24 12 13 21 27 9 5 13 21 4 19 26 2 2 18 0 30 5 8 18 14 23 28 2 26 13 29 28 27 29 11 2 12 12 3 20 27 16 10 13 4 25 3 13 27 2 17 2
13 12 13 8 15 24 4 9 15 28 24 21 23 12 14 15 16 8 10 11 28 4 0 10 30 15 0 25 14 13 26 5 23 24 12 30 23 11 21 1 4 9 10 12 19 6 15 0 14 12 15 16 11 29 16 28 10 6 14 23 26 9 10 28 16 30 10 12 30 21 1 4 20 30 25 9 12 30 20 20 28 20 27 9 16 21 12 3 28 15 19 11 18 28 14 11 0 29
15 7 13 17 27 30 26 8 3 4 24 19 18 29 1 24 23 4 10 24 10 11 21 24 0 15 23 25 16 21 5 20 5 10 17 14 21 29 7 14 14 29 9 10 9 10 26 27 25 17 18 15 24 15 27 23 28 26 9 11 20 28 10 5 7 19 22 4 2 17 9 2 15 24 14 14 3 26 6 6 20 10 18 21 13 5 26 16 12 9 2 6 23 20 19 25 28 30
6 27 12 11 19 13 3 21 23 15 20 3 25 19 9 27 14 7 29 12 20 11 26 20 29 7 22 10 22 23 4 27 9 5 26 7 6 15 17 9 17 8 18 27 26 27 13 25 15 23 22 3 0 12 26 21 30 26 4 24 21 12 2 26 29 23 22 11 6 17 9 3 19 13 9 10 27 17 18 18 25 21 2 23 18 7 26 5 20 21 16 28 10 1 2 18 4 6
11 14 1 27 16 20 13 17 12 19 4 11 23 12 1 17 30 17 24 26 17 13 13 0 26 23 3 1 11 12 1 11 1 26 5 20 28 11 19 18 28 23 24 16 30 11 14 28 24 20 15 17 24 2 25 3 12 17 20 10 22 13 4 21 5 11 21 21 30 25 3 30 0 2 3 15 9 4 15 5 23 3 0 7 4 26 5 28 0 2 29 19 21 14 21 20 8 6
7 6 16 14 5 15 20 11 15 29 24 12 8 22 19 7 13 26 11 1 6 16 14 15 10 1 22 9 24 3 22 16 10 18 21 2 5 20 16 3 19 18 8 25 4 4 12 23 27 25 17 16 7 2 4 29 15 19 25 15 7 9 10 25 28 15 21 0 17 5 18 13 9 19 8 26 15 5 17 18 5 16 21 14 8 8 11 0 21 16 22 29 13 6 23 7 26 4
3 27 2 23 7 7 5 5 29 3 28 23 6 13 21 14 28 1 0 13 14 25 1 29 19 0 15 29 26 17 12 2 26 3 14 1 21 15 13 2 4 13 5 4 27 11 26 19 7 5 4 5 30 11 2 9 9 1 11 30 11 12 27 1 4 3 28 16 7 22 23 13 4 6 15 19 3 27 19 26 14 28 11 28 15 22 26 12 14 11 29 16 24 22 24 26 24 15
18 16 4 6 15 7 18 9 13 7 2 20 28 20 26 28 14 27 0 11 13 6 6 3 28 24 9 0 9 3 12 26 30 15 17 20 0 13 29 13 22 27 16 20 10 21 11 19 25 25 5 1 22 9 4 24 26 30 27 26 22 1 0 20 21 21 12 26 24 14 22 6 15 7 29 24 27 6 0 15 8 12 25 12 11 5 5 25 2 13 4 20 23 15 29 30 19 22
4 30 28 27 24 16 21 9 17 24 26 8 23 20 0 11 17 17 21 4 25 11 13 26 13 16 23 8 5 22 21 23 27 16 20 28 13 7 4 28 26 22 6 29 2 4 14 2 23 8 10 27 0 15 28 21 18 4 13 0 9 29 30 11 19 22 0 14 25 26 1 16 15 8 3 27 24 13 7 19 20 11 27 8 0 14 17 13 16 12 19 25 28 10 8 22 28 14
1 5 20 11 7 16 10 3 23 18 9 10 22 4 26 6 11 18 24 11 19 2 27 3 8 28 27 27 15 15 2 10 17 8 1 12 3 2 3 9 7 10 10 1 21 5 17 12 22 2 21 16 22 23 15 4 19 22 7 9 27 12 3 7 10 17 22 18 28 9 8 6 9 4 10 4 18 29 10 5 16 20 18 8 12 19 18 5 5 19 25 17 27 1 20 1 5 19
20 10 19 24 15 11 30 27 7 19 1 2 5 16 22 5 4 5 2 3 23 12 2 25 1 19 20 30 16 22 13 18 28 19 12 20 0 24 17 7 6 28 23 1 17 14 12 24 2 25 12 30 10 7 25 5 3 17 28 17 10 19 11 11 8 1 4 18 3 28 2 17 4 17 10 8 24 17 19 4 3 0 21 15 12 5 30 14 9 27 24 1 15 2 5 20 23 12
20 14 0 13 27 15 13 21 24 18 7 3 6 5 7 27 11 6 1 22 26 17 28 0 2 8 5 30 14 7 19 28 20 21 0 11 6 1 22 0 12 28 24 24 14 25 26 4 7 16 10 28 16 30 15 16 24 11 25 16 27 18 3 2 26 9 12 11 7 1 21 20 18 26 16 5 24 7 11 28 16 29 17 5 20 29 28 0 23 3 5 4 14 0 5 24 22 30
19 5 13 30 27 28 26 2 19 10 19 24 29 9 1 20 24 1 25 14 12 20 16 3 25 30 12 14 8 28 23 24 16 11 24 22 25 20 9 27 24 19 30 3 1 15 22 5 20 18 21 3 2 26 2 16 29 15 5 24 5 17 1 20 30 22 9 16 20 5 13 12 2 28 13 28 0 30 27 8 11 21 11 9 18 21 19 3 23 8 21 18 14 12 10 9 15 6
12 11 28 11 0 6 7 8 17 7 17 9 2 17 21 21 15 10 27 12 20 6 18 22 17 26 1 12 20 0 3 3 2 5 8 7 15 22 25 26 7 8 22 2 11 2 24 26 25 25 16 29 15 3 10 2 18 28 12 26 16 7 16 26 24 29 11 15 10 1 11 7 27 1 12 2 23 21 23 29 28 21 7 26 10 3 14 2 0 12 27 28 0 20 4 9 10 13
30 7 22 22 14 16 3 25 29 3 29 29 12 25 18 7 24 26 27 1 12 1 11 28 6 8 23 16 25 18 28 0 10 20 9 22 18 0 15 11 5 28 27 30 23 18 18 15 17 22 29 7 8 3 6 22 27 1 15 13 20 9 3 7 13 16 22 9 21 13 11 19 28 13 6 29 26 19 1 1 16 24 11 7 27 6 11 29 14 21 28 29 19 28 10 26 9 2
21 11 2 27 21 4 8 0 3 5 1 20 30 14 7 14 28 16 15 8 1 9 0 20 1 13 17 9 16 0 16 13 25 9 20 20 16 27 10 15 25 4 2 30 29 4 21 10 23 15 15 23 5 28 24 27 23 19 13 24 8 24 28 9 10 22 1 16 12 10 11 29 17 2 3 10 20 0 23 0 10 1 12 12 21 14 24 27 26 19 20 17 18 2 4 24 9 17
11 19 24 20 10 19 12 21 26 5 24 15 30 21 15 3 10 7 30 14 11 24 17 3 26 5 12 26 13 7 9 30 14 20 8 3 21 21 6 13 25 16 0 4 2 20 15 4 8 17 4 12 27 22 12 5 20 20 23 24 1 22 28 12 8 19 18 9 12 29 11 4 13 27 21 5 1 16 18 27 11 23 14 17 22 27 16 17 10 9 21 27 30 21 29 22 9 17
7 24 24 0 21 8 9 17 27 3 23 8 14 16 15 23 2 26 16 28 8 26 21 12 11 4 9 6 0 14 0 22 4 15 30 20 14 26 10 10 7 18 24 10 13 9 17 0 15 18 26 27 14 2 11 5 12 4 11 24 24 3 8 5 0 3 17 1 21 10 16 21 20 5 5 21 8 5 22 14 6 15 19 21 7 0 7 29 16 4 30 2 15 18 10 5 29 16
16 19 10 10 2 24 28 22 3 10 11 5 1 21 24 11 2 15 30 30 28 10 20 21 3 20 25 25 28 2 6 0 21 11 24 21 23 25 20 30 18 6 5 25 13 9 23 8 19 5 29 10 23 6 18 23 29 14 27 12 17 2 2 2 27 10 10 12 27 12 18 8 26 11 3 4 11 21 14 19 17 1 5 14 22 10 5 27 1 5 16 28 0 19 1 3 4 8
27 3 9 23 8 5 0 26 23 1 0 15 13 29 25 0 13 4 25 6 22 16 15 26 3 9 16 16 23 14 19 29 16 27 26 16 22 26 19 30 22 15 25 22 13 18 14 9 4 19 26 11 18 30 25 10 30 24 29 26 23 3 12 1 29 18 4 2 29 26 18 2 11 8 4 25 21 2 2 26 26 27 8 9 2 24 2 24 0 27 2 28 15 5 13 0 3 14
16 2 29 14 9 28 16 23 30 7 26 6 26 15 0 14 9 3 19 29 26 28 6 21 30 15 4 4 20 13 7 21 12 12 13 5 30 26 23 25 6 22 17 18 1 18 22 21 30 28 17 26 15 20 26 13 14 21 12 18 27 10 8 28 13 2 22 17 21 2 20 5 28 1 17 25 11 30 4 3 30 27 25 13 19 18 15 21 10 2 29 19 1 3 8 30 29 13
24 19 16 8 30 18 4 0 24 18 25 20 20 0 25 10 1 6 9 20 1 30 9 29 7 11 22 15 4 21 29 30 20 27 10 22 26 28 1 22 6 24 4 4 11 14 4 12 3 22 28 4 11 28 1 10 14 10 0 19 3 25 1 19 27 6 24 21 1 11 26 27 29 14 18 10 16 30 0 6 2 25 22 20 7 7 13 17 10 18 10 10 26 15 25 19 5 25
15 28 4 13 3 2 19 12 0 12 7 24 29 9 17 16 24 26 19 9 10 25 21 2 21 15 13 4 14 0 23 0 28 3 25 27 4 16 11 26 20 17 14 26 1 11 18 20 0 8 20 15 21 22 27 14 27 25 10 9 5 18 23 3 20 30 19 7 4 2 1 20 16 4 9 4 7 6 15 26 10 26 21 26 16 23 0 11 23 23 2 28 1 2 20 22 8 0
0 21 15 9 12 18 2 26 19 23 30 9 24 29 14 16 3 4 3 30 29 17 5 15 6 7 7 28 20 7 21 14 10 3 2 28 17 16 1 19 19 13 17 24 17 4 4 30 6 2 22 18 3 28 3 19 28 10 11 6 18 25 26 22 25 20 24 8 19 30 3 23 7 1 7 26 3 28 24 5 3 27 12 2 24 15 2 25 2 30 19 21 0 17 30 6 6 5
7 25 13 13 25 17 18 7 3 13 17 21 20 13 22 28 26 13 22 16 6 9 8 15 25 27 26 21 28 0 4 10 28 24 14 16 6 23 9 24 19 13 25 14 0 21 10 2 9 0 13 20 2 24 19 0 4 17 25 4 30 25 27 3 11 12 1 7 26 17 11 14 11 9 23 28 25 25 2 10 26 2 24 3 0 4 12 16 16 20 25 15 7 25 27 12 17 28
20 27 19 17 24 14 9 19 12 18 26 8 9 2 2 24 27 16 18 16 28 23 16 28 22 20 28 14 25 6 27 14 27 23 22 19 28 17 27 17 4 12 13 13 20 7 4 2 0 8 26 14 4 26 10 22 16 27 3 25 11 30 24 30 16 27 21 16 2 11 3 2 5 16 12 10 12 11 23 26 20 17 26 12 5 10 27 30 27 17 2 25 4 28 29 3 26 10
28 1 13 16 13 26 14 26 21 20 2 26 17 28 10 10 13 5 26 16 8 2 7 28 25 23 28 13 16 24 28 9 19 28 19 2 26 25 3 28 30 27 16 2 14 11 27 7 15 8 16 8 7 17 17 5 4 2 22 4 14 1 23 5 12 8 22 2 15 28 3 5 3 20 6 17 20 1 9 6 4 29 8 6 5 27 17 27 28 18 17 28 11 10 24 5 24 5
22 29 24 12 11 26 28 9 22 15 5 16 0 20 17 5 3 15 29 22 24 9 8 13 11 29 23 0 17 25 14 27 23 21 20 16 0 27 21 2 7 20 10 19 18 22 30 10 17 0 1 18 8 3 1 0 28 15 26 22 18 12 20 6 27 28 15 4 30 7 8 29 15 9 15 19 30 15 18 16 27 6 28 10 26 28 15 1 26 4 0 23 5 23 19 25 23 2
23 21 19 13 12 17 7 25 16 6 19 9 7 0 23 4 8 4 2 4 7 23 14 4 24 6 1 12 21 21 13 2 18 30 11 5 12 1 6 23 18 20 30 21 17 24 29 16 13 28 24 11 13 26 19 0 17 27 14 27 19 12 23 4 22 22 28 15 27 13 19 2 9 3 26 28 25 4 21 6 17 29 11 11 24 22 6 7 3 3 14 4 4 28 19 1 18 16
7 7 25 28 25 23 7 4 12 0 12 22 15 26 13 7 3 12 1 0 30 19 3 15 20 25 7 19 0 21 15 9 7 11 23 19 29 15 13 3 13 8 11 2 30 21 17 0 29 20 10 24 16 24 9 28 13 12 18 11 15 21 16 19 19 4 2 13 10 11 18 30 8 7 5 4 29 3 27 24 23 24 14 17 26 26 13 10 4 15 14 20 1 0 10 28 1 4
1 29 3 12 28 10 16 3 20 5 0 16 18 0 22 6 7 14 27 11 11 4 7 7 10 18 19 11 13 27 21 16 12 24 2 11 13 6 10 7 18 9 14 18 27 4 12 21 16 8 23 12 24 10 4 5 19 10 5 7 13 5 23 30 24 22 16 22 1 7 26 15 4 8 15 7 25 2 29 28 23 24 18 21 17 0 6 8 8 25 11 5 16 25 27 3 13 2
9 30 25 28 21 20 15 9 12 5 29 11 25 24 17 4 23 16 21 28 10 8 0 16 15 1 23 8 16 20 9 7 6 8 16 15 20 19 6 27 19 17 5 10 3 17 9 8 9 21 19 22 0 10 1 28 10 28 4 0 28 11 7 2 22 0 27 16 30 4 16 26 0 21 2 3 27 16 0 30 9 19 3 12 25 17 19 16 11 19 10 25 30 1 20 29 13 16
23 3 30 8 10 21 13 13 19 13 10 22 11 13 30 7 2 22 17 8 25 24 5 4 4 24 21 16 1 21 9 1 26 17 3 16 17 23 28 15 13 16 28 0 4 16 19 28 20 27 18 13 30 27 11 16 4 14 11 17 26 28 25 21 1 23 5 3 6 8 7 17 16 1 14 19 26 7 13 13 7 13 12 5 9 16 9 26 8 7 11 14 18 9 13 20 8 4
23 4 16 14 16 11 16 11 29 4 1 9 10 18 25 8 15 11 0 22 2 9 26 0 22 25 25 4 12 13 18 24 8 27 13 17 1 3 29 2 11 7 10 2 1 27 12 13 22 21 4 3 18 16 4 2 20 9 17 26 25 20 22 3 1 0 2 18 25 1 4 4 19 21 25 9 29 11 15 11 19 24 8 10 28 14 11 20 23 6 7 14 12 24 24 4 5 29
23 28 10 3 21 30 26 14 11 7 24 12 14 8 4 13 11 25 22 18 27 21 22 11 13 23 6 8 30 20 20 24 24 30 20 4 6 14 11 12 22 11 21 24 11 4 25 2 5 15 25 0 27 26 6 27 6 5 30 24 13 19 23 26 23 18 6 22 24 4 12 24 19 24 21 21 28 1 15 6 27 10 3 22 15 1 6 14 7 25 16 14 27 24 8 27 22 22
8 30 3 1 16 27 7 19 18 21 23 25 19 7 30 20 16 15 29 9 29 5 28 15 20 22 1 16 3 8 5 23 6 27 27 4 6 5 8 0 13 20 4 9 19 12 16 22 30 1 9 3 17 28 26 27 14 3 7 27 7 18 29 13 2 26 14 9 12 23 21 6 13 29 25 1 0 15 0 26 6 20 7 13 18 15 20 7 23 15 2 28 25 13 0 28 27 1
29 23 23 10 20 15 7 25 6 5 24 15 14 14 28 21 18 13 27 4 3 13 27 13 27 3 6 13 26 1 25 8 16 21 20 7 24 6 22 22 28 19 25 10 16 8 6 20 27 17 11 30 2 18 26 5 2 3 0 11 29 11 1 19 11 5 17 7 4 26 28 25 0 2 12 16 0 8 28 12 0 0 4 1 27 12 3 20 30 8 19 10 26 24 5 0 23 28
30 24 20 19 27 2 25 1 30 11 5 15 2 17 20 3 24 7 12 30 27 26 22 11 17 16 3 2 24 29 21 8 6 15 27 21 12 30 24 19 23 2 18 13 3 10 8 5 23 25 20 24 9 17 24 26 25 5 11 5 26 7 4 24 13 18 18 29 23 1 16 10 21 1 30 13 24 9 13 17 26 15 16 4 5 3 20 15 23 20 2 25 10 13 28 18 28 18
15 6 18 24 12 30 16 30 13 11 9 14 28 29 9 11 13 9 20 17 22 24 30 18 2 8 19 8 13 19 20 6 27 3 5 28 0 19 20 23 12 29 27 30 26 7 17 13 16 5 27 19 29 3 6 14 22 28 29 19 7 5 16 4 24 2 18 20 27 16 8 4 2 11 26 2 25 13 4 12 27 0 13 13 16 0 22 18 4 22 11 10 16 10 9 5 30 4
19 21 6 11 14 8 12 3 12 13 18 14 29 21 1 26 30 21 22 25 13 26 8 25 8 17 6 2 0 23 28 19 8 3 26 0 16 27 24 24 14 4 4 6 19 3 16 27 21 6 17 10 24 12 16 2 5 11 8 17 27 28 0 13 8 5 8 14 1 21 8 15 28 12 30 27 11 26 18 2 10 25 19 10 30 19 24 12 18 1 12 30 0 15 17 30 25 4
30 16 4 26 18 9 14 28 3 20 1 2 13 22 14 14 14 8 17 1 20 15 21 9 0 17 12 22 20 14 6 6 0 4 30 27 17 15 4 6 10 3 26 25 1 13 29 13 16 26 27 4 29 8 6 3 8 23 0 19 7 6 30 25 0 24 28 22 28 9 27 24 7 19 9 15 9 3 19 0 28 20 8 14 11 4 29 2 22 21 19 2 21 23 2 7 8 19
20 3 18 30 5 16 24 24 22 10 16 25 15 12 6 1 28 11 16 24 14 22 2 16 0 28 7 29 12 9 13 2 13 14 2 14 23 17 22 22 0 7 4 27 15 2 29 2 8 30 5 19 10 8 2 30 0 18 15 6 9 20 2 2 10 7 11 17 21 8 2 30 5 10 8 22 15 16 28 24 12 23 30 4 9 0 11 19 12 24 6 15 2 29 7 14 19 27
14 1 26 2 5 23 17 14 1 0 30 4 18 10 21 12 5 7 10 4 19 23 22 3 9 25 8 1 17 14 4 3 28 12 10 22 24 16 10 5 5 2 1 14 2 7 16 7 30 22 16 5 24 14 5 7 25 30 25 2 25 17 1 20 20 14 20 5 3 17 11 28 8 8 17 26 27 20 4 2 27 29 14 20 23 25 8 9 6 26 26 1 16 26 15 21 23 28
15 3 14 5 1 11 21 3 20 12 30 26 24 22 29 3 5 10 27 25 24 11 20 26 15 30 23 16 16 20 22 29 19 28 25 6 21 0 29 11 0 10 18 4 21 24 29 24 24 13 12 21 27 11 9 14 7 17 30 1 2 19 15 0 28 24 26 21 8 19 21 0 5 9 0 3 6 25 19 2 16 14 12 4 23 14 9 19 26 2 22 10 13 14 25 21 5 29
9 13 7 15 26 23 2 30 27 18 16 22 19 13 24 16 11 4 14 17 20 3 28 22 21 30 10 23 6 27 22 27 2 10 1 25 8 28 0 25 10 21 0 21 0 17 3 22 3 14 5 13 27 16 21 15 27 1 28 18 17 2 1 7 20 25 20 29 18 8 0 6 13 15 30 10 27 29 6 5 24 16 23 2 7 5 2 27 27 6 25 12 0 9 22 20 3 1
12 6 0 25 8 9 26 14 21 22 25 10 20 26 0 4 16 28 0 21 9 1 10 30 16 17 24 7 16 15 6 12 27 20 10 18 2 30 7 10 0 9 22 25 10 29 17 15 16 16 24 14 3 12 11 23 15 5 11 21 19 15 18 2 25 12 16 27 20 23 4 28 19 4 27 26 15 23 3 8 16 2 18 16 24 17 6 22 10 13 12 20 4 14 13 29 5 11
11 11 15 4 21 4 28 15 6 14 17 27 4 2 28 1 26 6 3 21 28 9 6 28 0 8 1 7 27 24 15 19 21 30 27 19 3 4 29 25 28 10 9 7 7 7 11 10 29 21 19 23 11 6 1 12 2 17 20 14 30 24 2 23 27 19 16 2 25 21 10 22 5 4 24 21 10 4 21 24 21 12 20 13 13 25 24 29 22 1 22 25 21 20 22 20 15 16
24 20 15 15 16 15 7 28 4 26 12 24 19 17 26 2 30 3 17 9 8 2 7 23 8 16 19 11 19 6 28 3 15 6 16 2 17 6 4 14 27 12 23 23 26 10 18 14 26 10 26 29 22 1 7 14 27 7 14 28 11 1 20 30 9 3 24 15 22 4 9 19 20 26 7 2 2 22 25 21 19 12 26 9 24 21 22 2 26 27 14 19 11 28 16 21 7 3
11 12 24 19 19 8 10 3 17 17 18 29 22 5 6 4 3 1 1 21 14 19 18 19 27 13 27 11 20 20 30 8 29 7 8 4 27 14 27 1 9 20 12 15 13 30 11 29 0 16 27 2 6 18 3 6 20 4 14 12 12 25 16 0 29 2 19 11 11 28 9 3 22 4 12 5 7 9 21 28 29 9 26 19 22 21 30 3 8 11 6 19 8 20 27 6 5 30
17 29 19 15 19 30 11 0 6 1 22 21 18 29 15 20 9 23 30 24 17 3 8 14 0 15 22 14 14 13 0 9 14 5 16 21 11 25 12 30 6 26 18 1 0 19 12 25 12 17 11 5 2 23 26 18 16 27 16 3 14 28 16 2 22 5 10 25 10 26 24 25 16 3 15 4 3 29 25 9 24 19 2 15 5 25 7 24 29 23 2 16 21 27 8 24 3 7
18 2 9 30 27 23 8 18 10 0 27 30 9 11 14 8 19 3 2 18 27 15 2 9 22 30 27 29 3 16 4 10 14 29 21 6 20 27 5 28 24 16 13 24 26 25 1 16 2 2 19 2 22 5 12 5 16 26 12 29 22 29 10 15 21 7 8 18 5 2 7 16 8 0 2 15 1 25 23 6 18 6 4 0 12 26 17 17 13 24 13 10 29 7 14 10 10 27
20 0 7 28 20 25 15 23 19 23 29 2 6 25 5 3 24 20 28 19 11 21 7 19 19 1 20 2 16 26 7 18 11 2 13 14 11 10 0 24 26 28 12 29 19 6 1 21 26 13 7 28 1 30 22 0 10 7 25 22 13 4 22 3 1 28 28 24 14 28 24 29 29 17 24 6 29 3 28 0 27 20 7 13 10 7 28 28 0 9 18 14 7 23 16 4 26 28
19 22 4 12 3 23 11 28 12 28 5 27 16 5 6 13 14 14 30 8 30 17 10 2 8 28 30 22 28 4 28 30 23 11 27 18 12 12 9 17 8 24 5 2 29 27 8 12 23 8 5 3 23 21 10 0 14 25 18 17 8 4 0 10 27 26 1 21 9 0 8 13 21 3 0 9 22 0 24 0 6 5 17 5 13 24 14 17 12 25 22 25 21 4 19 8 2 16
11 0 4 25 29 4 7 14 8 13 21 12 7 23 1 29 25 13 17 29 20 19 12 10 20 26 16 23 27 26 22 20 15 26 17 23 5 3 23 6 27 15 12 15 5 14 23 12 21 18 16 30 3 11 0 8 8 4 14 5 21 28 28 22 27 18 14 5 25 25 22 18 17 5 6 22 24 7 13 15 23 26 25 2 3 3 12 23 12 21 6 1 15 11 21 19 9 23
21 13 9 13 25 13 7 13 20 1 19 17 28 18 23 3 3 26 15 0 30 6 1 23 27 9 25 19 26 21 25 13 21 29 16 19 6 6 19 4 28 5 15 27 3 13 13 16 15 25 25 21 21 7 28 6 21 20 14 1 28 3 10 22 2 10 18 10 6 1 21 16 0 27 0 16 3 30 5 26 13 0 6 11 19 6 23 9 1 20 20 30 20 20 8 3 18 15
9 2 16 6 22 26 3 29 8 3 2 11 24 13 25 27 19 28 2 24 21 27 14 19 12 4 20 0 29 20 23 12 22 3 19 24 14 5 1 21 18 24 20 3 24 13 15 30 19 1 7 21 28 27 1 29 12 19 3 26 12 23 10 3 16 14 5 10 4 23 20 24 4 9 5 28 11 17 26 19 22 18 7 12 16 14 28 6 29 8 24 22 24 8 19 22 16 25
29 5 10 17 27 25 26 16 0 16 8 19 17 20 22 9 28 23 2 5 25 8 2 14 20 8 18 2 29 14 1 2 7 9 19 8 15 4 24 24 1 1 30 24 23 18 10 28 29 2 27 21 28 21 15 5 10 7 26 6 28 23 14 28 24 23 2 11 19 14 13 11 11 3 24 3 16 0 10 0 15 11 30 6 17 24 12 18 8 13 6 24 0 19 4 0 20 30
3 11 27 1 1 7 28 13 23 24 15 8 24 19 18 30 14 11 1 9 27 12 19 19 0 28 11 6 18 18 14 0 23 4 8 7 2 6 30 8 7 1 18 20 20 29 11 26 24 9 13 18 29 0 29 21 19 30 13 1 6 23 13 8 12 26 27 20 0 16 16 9 20 18 24 0 17 26 7 6 24 1 3 1 12 28 29 1 14 3 25 23 8 8 12 12 1 20
4 20 3 23 12 9 6 24 8 9 19 13 0 14 21 3 28 25 0 25 21 20 21 1 23 22 15 23 23 9 21 16 21 19 27 29 12 20 23 18 7 19 16 5 25 30 24 16 11 25 4 25 23 0 18 16 8 6 20 10 2 11 7 25 9 3 23 2 17 27 29 20 27 8 6 5 27 19 29 22 6 17 9 18 29 13 29 26 18 9 22 20 2 1 18 13 4 12
6 21 23 20 14 12 12 10 24 8 26 26 25 15 17 5 15 15 7 22 20 30 30 6 20 12 15 5 18 5 3 2 25 0 7 11 3 26 4 29 22 15 9 6 27 5 16 18 0 18 24 8 27 14 13 21 2 3 23 18 10 24 11 11 0 29 17 14 5 11 9 22 3 7 29 5 23 27 17 29 18 16 15 7 23 4 11 2 12 24 10 30 18 0 21 8 22 14
26 4 4 2 15 14 14 28 26 4 14 6 17 11 25 28 13 11 8 7 7 19 12 28 3 14 19 16 22 26 18 30 3 15 8 26 18 5 11 27 19 16 29 28 10 26 15 2 6 16 29 6 25 28 8 21 5 8 29 22 30 11 16 29 6 8 28 15 9 16 29 17 17 14 1 23 23 11 1 11 5 21 1 30 21 9 28 1 7 24 22 17 22 26 20 26 10 20
14 21 17 13 1 5 24 18 10 10 4 4 13 9 9 24 15 5 7 1 26 18 18 15 10 9 22 19 26 8 1 19 21 12 7 4 25 20 26 8 9 23 17 16 28 30 1 19 8 20 16 14 13 27 22 29 6 3 5 14 16 11 14 30 12 11 20 0 4 2 28 27 2 26 27 13 2 2 0 26 11 4 9 23 25 6 7 6 14 6 20 27 16 10 11 21 25 3
19 13 23 30 4 1 25 25 10 12 0 13 1 4 28 22 10 1 3 22 30 4 23 14 0 24 23 2 29 25 25 17 27 4 14 3 17 29 24 14 24 22 18 1 28 7 20 8 8 12 29 2 28 27 30 25 16 9 30 21 14 1 26 3 22 26 7 21 1 16 5 1 6 8 30 18 17 25 23 29 17 21 23 25 16 24 8 30 6 20 5 26 11 30 9 23 13 19
19 21 22 24 30 25 18 26 20 3 21 29 30 16 17 12 24 24 13 10 21 9 10 12 4 1 29 17 3 11 5 16 10 27 7 6 5 0 19 10 23 7 8 30 27 28 17 14 27 18 27 3 0 28 29 29 24 6 10 2 30 29 7 10 11 0 5 5 21 9 8 9 3 1 11 23 28 8 25 27 8 26 14 28 24 27 21 10 3 29 30 15 6 25 1 9 10 2
20 25 20 1 18 5 26 2 13 6 23 4 11 21 19 19 27 12 1 8 7 23 18 5 23 7 2 6 10 15 7 5 27 15 2 16 26 1 18 6 12 8 2 27 7 24 3 13 13 24 2 1 6 8 14 26 6 22 0 25 29 0 10 24 4 22 9 16 29 20 5 27 21 3 25 15 5 10 5 27 20 0 6 6 5 4 10 15 15 18 7 21 28 5 8 8 14 6
21 28 21 15 7 13 10 18 21 0 21 21 6 19 14 7 5 6 10 22 14 12 18 10 18 8 17 27 4 20 10 3 18 17 1 26 3 29 12 18 6 6 20 17 22 12 11 24 9 12 13 6 28 13 6 20 18 23 14 22 19 18 13 2 24 16 15 30 1 2 23 21 22 17 26 17 7 8 15 2 29 25 21 27 19 27 20 14 19 1 25 5 27 13 5 8 20 7
2 29 27 10 25 30 2 3 5 27 27 22 16 25 18 29 8 11 17 20 1 18 11 9 8 17 18 2 5 10 9 23 18 25 28 7 27 21 6 20 18 22 26 9 20 0 12 0 29 0 20 18 0 25 5 26 2 21 24 12 18 2 30 28 9 19 27 30 4 3 11 7 30 3 0 29 28 10 16 16 18 10 2 18 5 21 23 13 19 1 10 22 18 3 18 5 8 9
5 14 23 6 17 5 14 4 1 1 3 5 21 18 12 19 5 22 23 24 13 4 2 20 24 2 3 3 8 17 26 0 21 7 21 20 26 16 11 11 27 26 16 18 22 28 22 29 7 4 11 1 9 3 30 0 28 24 2 12 18 30 14 9 4 3 29 30 6 24 11 17 6 2 26 16 4 27 25 15 8 0 30 2 14 10 12 11 17 19 19 4 30 23 19 27 12 1
29 13 0 20 19 24 16 16 10 3 29 26 29 17 7 10 15 9 16 7 21 3 1 26 21 6 24 27 8 18 29 9 1 25 24 4 28 12 5 18 27 20 2 19 0 10 23 23 17 29 29 26 12 1 17 9 30 12 4 26 14 22 13 29 6 27 24 20 30 28 14 0 13 24 30 18 19 11 9 14 10 23 28 16 8 22 29 18 15 8 22 26 8 9 19 27 8 29
24 6 1 8 26 8 25 2 17 16 6 11 0 28 4 12 23 18 9 4 27 20 3 28 19 11 21 17 23 19 15 1 8 26 8 3 2 20 20 0 21 2 6 17 23 25 25 14 9 4 5 8 12 6 22 7 25 5 1 23 21 14 12 6 7 9 21 8 14 27 5 12 27 27 19 29 27 4 22 3 17 0 28 4 4 7 6 11 2 29 6 0 16 9 12 29 1 24
24 5 25 7 3 26 30 24 19 19 5 13 21 29 4 11 2 15 20 30 9 19 25 29 11 1 4 11 16 19 28 30 23 13 28 8 21 18 9 6 20 30 9 8 0 19 16 28 21 5 15 18 11 28 30 5 2 2 15 27 19 24 14 26 25 5 6 21 5 11 6 16 24 12 22 12 6 23 18 11 6 7 3 13 16 12 14 16 17 1 14 18 21 23 22 2 29 14
24 18 25 10 6 19 5 20 14 28 22 24 22 22 29 1 19 4 9 7 1 14 23 5 9 6 27 22 21 8 23 27 30 17 5 23 16 8 4 7 12 30 23 9 12 16 11 25 22 0 19 4 2 30 15 0 22 11 17 8 0 14 0 1 12 20 22 17 23 28 0 13 18 27 3 1 9 30 17 22 29 29 16 13 0 24 30 27 2 27 16 2 14 25 10 5 18 18
2 24 5 9 17 14 1 20 28 27 12 17 29 29 24 12 1 6 22 28 4 29 20 28 10 22 16 22 23 28 18 1 11 23 26 7 29 21 24 14 7 0 14 11 27 21 12 22 28 18 28 28 15 14 23 5 13 7 16 13 9 24 6 20 12 18 22 2 16 2 10 26 16 10 21 22 13 5 28 25 13 9 19 6 16 20 19 18 22 27 5 21 5 13 27 2 6 22
1 28 20 15 19 12 29 12 7 13 4 22 27 7 23 8 20 7 17 20 11 0 15 21 24 11 25 12 9 12 0 10 27 0 26 13 7 15 11 20 25 28 2 9 15 20 3 26 8 1 14 23 17 0 22 4 29 0 6 8 0 28 2 28 9 28 12 20 21 1 6 3 12 29 13 30 24 17 20 21 9 12 11 6 14 28 15 3 11 1 16 29 21 23 13 7 5 21
30 13 25 23 16 5 15 28 18 15 6 8 23 6 26 17 28 19 27 22 26 7 13 28 30 24 8 13 17 5 23 11 22 15 2 6 3 25 10 9 5 18 19 15 23 29 18 25 7 0 5 23 26 9 25 11 10 28 7 26 25 3 9 0 20 29 10 2 3 18 3 24 16 20 21 11 27 26 26 3 28 17 27 21 6 29 12 0 14 10 28 5 27 12 6 26 12 13
30 14 7 22 22 2 25 22 19 17 27 14 19 20 7 1 9 13 6 12 1 13 29 1 19 12 22 11 28 14 27 23 10 28 7 20 20 2 22 16 13 30 14 27 24 28 25 16 14 17 1 16 2 6 23 17 21 16 20 1 21 1 24 9 15 21 21 18 21 20 30 0 26 9 28 29 7 17 3 15 13 18 5 24 26 13 29 16 2 26 15 18 27 7 18 0 24 1
26 12 25 11 9 8 14 30 6 4 15 7 10 4 15 20 16 24 10 5 4 11 5 19 16 14 2 21 15 5 15 5 29 11 13 29 21 1 26 23 27 23 13 25 21 13 8 10 13 4 6 4 6 5 4 2 11 4 16 18 3 15 3 2 12 12 11 24 3 14 7 8 12 10 17 11 9 17 25 22 24 29 25 18 2 21 23 5 12 15 21 15 11 9 15 1 16 10
