15 15
3 21 18 22 4 9 10 12 9 26 18 22 22 16 23
24 14 14 14 7 11 24 15 9 19 22 28 23 23 22
20 23 10 15 25 9 1 24 8 27 9 19 21 0 27
12 12 27 14 24 19 13 6 16 24 1 0 8 0 24
4 6 24 24 30 30 19 15 16 11 19 7 14 5 9
4 10 8 2 26 13 10 20 12 10 8 29 5 24 20
2 15 0 24 26 29 18 21 23 6 2 22 1 27 11
18 15 4 17 23 6 15 23 7 8 17 22 12 19 11
18 17 18 6 30 20 13 18 22 22 6 26 2 1 11
18 7 16 26 16 30 20 24 8 14 28 7 15 20 23
16 21 29 19 8 4 4 8 27 6 2 28 5 18 20
24 8 26 15 2 18 10 13 17 6 12 9 7 26 28
22 27 16 29 29 27 17 18 12 15 28 24 17 12 23
28 7 24 22 21 18 25 29 16 19 13 8 18 26 5
14 23 30 29 10 5 9 11 19 21 28 7 4 4 25
