16 16
16 19 14 12 1 4 22 12 23 11 30 16 22 15 7 16
13 16 4 9 20 21 4 26 14 19 4 4 29 6 19 30
13 29 17 27 30 22 9 29 24 23 20 16 7 16 2 10
19 9 11 20 21 25 21 3 9 14 17 26 9 7 3 8
28 12 27 27 18 10 21 6 4 8 26 9 4 17 8 27
28 18 27 8 28 25 3 5 23 2 30 5 4 3 15 0
10 5 18 10 25 22 18 30 17 17 29 0 12 4 10 17
30 17 23 22 2 22 3 0 3 25 28 11 6 13 10 5
17 3 22 21 13 15 9 25 20 4 8 3 5 8 4 22
0 8 18 21 17 23 6 22 19 19 22 3 0 25 21 4
16 6 23 8 1 6 12 20 0 11 17 28 7 25 21 0
23 18 7 21 1 10 30 9 8 25 4 28 5 25 0 18
9 2 26 29 18 29 4 17 30 28 19 12 2 0 10 17
4 9 6 21 2 11 2 11 16 29 14 25 14 21 22 2
26 18 0 2 22 21 4 7 16 4 23 4 27 2 26 3
17 4 17 28 23 21 21 9 12 16 9 1 18 30 19 4
