17 17
16 9 0 5 18 14 6 18 9 13 23 13 26 21 29 19 16
4 28 13 29 23 9 21 21 29 28 13 29 17 14 10 1 29
6 19 28 2 28 24 9 9 17 21 10 24 17 15 10 30 2
8 27 5 24 26 2 3 17 10 12 20 14 3 23 23 25 27
9 0 29 30 19 21 21 0 28 25 9 8 8 2 12 10 3
21 22 22 16 25 24 13 3 19 0 13 0 2 15 16 16 8
18 10 28 27 24 2 30 18 3 24 11 15 28 1 25 16 23
16 19 15 13 0 29 7 1 5 28 13 10 24 22 28 6 23
28 23 7 10 16 30 18 10 13 26 30 16 15 1 5 9 9
4 30 3 8 8 9 11 21 1 7 21 15 9 30 5 29 0
26 9 16 10 24 24 16 11 30 19 24 6 2 13 8 26 14
28 10 2 23 7 17 12 0 1 20 28 0 27 11 2 19 29
22 20 4 6 22 22 16 3 16 0 21 24 17 24 26 19 20
2 27 12 1 0 12 16 18 12 16 10 23 30 10 1 27 22
30 5 3 28 18 20 24 22 7 1 19 21 21 22 21 8 16
27 3 30 5 20 12 1 10 6 28 29 23 27 23 22 12 11
18 9 7 27 23 20 3 1 19 4 25 2 19 9 30 7 26
