32 32
30 5 4 6 24 16 15 20 6 30 27 22 18 10 18 11 2 22 30 24 13 8 24 12 20 24 7 1 15 16 0 11
3 1 3 7 10 24 20 17 12 1 14 26 7 24 7 0 30 1 25 2 28 7 0 18 1 1 9 19 6 28 16 29
13 19 26 8 4 26 2 25 22 30 12 15 3 17 12 14 0 12 8 22 9 14 20 26 0 1 8 30 13 16 8 28
25 6 3 21 20 30 16 22 2 7 29 19 12 14 17 2 26 28 8 8 6 19 12 27 16 12 21 2 9 19 25 16
8 19 20 1 24 18 8 21 18 19 16 0 19 20 14 16 15 13 12 5 24 26 27 10 28 28 8 20 16 30 20 18
1 7 19 28 17 12 20 26 23 24 17 18 9 1 25 2 25 17 4 22 5 6 19 16 10 30 8 12 27 29 21 29
18 25 23 29 23 10 4 0 20 16 7 16 8 22 9 4 7 18 18 16 6 15 2 15 16 0 7 10 18 20 9 20
12 18 14 18 18 0 22 9 25 9 20 13 11 7 24 1 16 0 17 30 30 10 27 2 10 24 1 30 30 27 16 4
8 1 2 0 5 24 2 15 11 6 9 14 9 14 4 22 22 13 21 10 3 1 22 10 26 25 27 30 19 26 17 8
7 4 17 10 6 17 15 8 8 11 2 8 10 1 11 8 26 12 13 7 1 20 15 7 29 30 10 29 30 18 16 5
13 9 13 14 27 14 29 23 1 11 4 3 19 11 13 13 1 3 12 27 4 6 27 16 21 16 14 12 10 24 9 24
12 20 20 30 6 10 30 0 16 20 14 26 18 8 29 4 9 14 10 10 12 10 26 16 28 15 9 9 8 9 13 28
12 8 9 19 26 6 4 19 18 19 22 22 29 0 16 21 12 27 18 7 21 19 23 5 24 10 24 23 9 0 22 15
27 14 19 26 23 25 28 3 29 30 29 23 11 1 11 1 7 24 14 2 9 9 7 13 9 11 25 7 25 8 8 28
15 23 21 27 17 30 6 25 29 22 16 13 29 20 22 6 25 9 18 9 29 9 23 14 16 23 12 28 12 16 30 7
11 22 21 15 15 27 12 18 21 4 20 13 21 22 1 1 18 24 19 19 7 3 30 28 28 16 23 6 15 14 7 27
30 8 14 13 7 7 27 26 0 2 16 9 2 30 24 25 4 17 4 30 0 11 29 18 7 3 23 22 6 29 23 18
7 0 1 9 18 13 6 9 15 18 21 3 7 11 2 27 14 27 28 15 11 15 18 6 7 28 26 15 22 2 27 29
18 0 25 28 7 28 21 17 13 21 20 3 15 19 2 28 12 12 3 26 0 13 23 17 6 27 5 2 20 15 24 21
5 21 15 26 3 6 19 23 3 0 21 7 22 11 14 3 20 6 4 0 29 27 6 28 12 5 19 3 26 6 20 25
27 5 8 21 25 7 4 25 13 2 12 27 3 25 14 27 9 17 11 23 14 9 6 24 12 10 6 13 28 9 19 22
6 9 25 3 6 16 5 21 16 28 7 14 11 30 17 6 16 24 26 4 9 10 10 13 18 16 19 9 15 18 9 4
13 25 15 20 21 22 0 6 16 15 28 22 17 27 10 27 4 25 1 25 28 20 2 21 8 14 0 6 21 13 3 26
13 26 11 1 24 2 27 25 5 0 9 28 29 6 19 15 9 11 2 7 23 18 12 0 9 23 4 0 4 27 4 10
10 8 29 15 25 30 3 19 8 18 12 12 8 11 2 0 6 9 15 1 16 3 6 23 20 25 7 26 12 14 21 6
15 24 23 27 29 26 12 10 25 5 7 24 15 6 0 16 16 11 17 16 22 7 12 0 12 7 12 24 23 16 5 18
13 30 13 25 29 21 2 15 13 14 6 5 0 3 8 2 11 7 22 9 11 0 18 7 29 5 28 3 23 21 21 17
26 15 15 10 17 5 21 28 18 2 14 14 19 2 5 19 10 5 23 12 10 0 4 6 9 8 10 8 9 13 8 23
19 22 30 3 28 25 21 2 5 25 21 21 11 15 8 0 14 23 11 29 23 24 23 24 12 4 30 21 19 22 17 23
4 1 0 12 25 13 15 29 29 13 20 1 28 27 5 4 25 28 18 26 0 30 13 12 25 21 19 12 0 8 2 19
24 5 12 30 12 14 27 24 1 16 26 29 0 27 15 8 6 15 16 23 6 25 22 26 11 9 17 21 12 8 6 6
21 13 29 9 6 20 29 3 5 9 5 24 20 30 3 12 30 14 11 8 2 24 13 9 10 28 30 27 19 1 26 23
