34 34
16 24 16 15 14 21 19 20 28 10 2 28 4 19 11 21 9 25 6 15 8 12 12 9 27 6 28 5 28 8 24 0 15 18
13 13 1 10 4 24 17 30 8 26 8 21 28 23 13 10 29 26 10 22 12 28 19 18 7 16 10 6 17 6 29 7 0 6
28 15 25 13 29 16 21 10 28 22 3 2 5 6 6 7 26 22 6 1 9 7 14 20 19 0 2 29 3 16 18 26 26 22
26 5 14 13 16 3 15 20 5 19 10 22 21 0 3 29 10 10 11 13 30 27 4 16 13 22 1 27 18 18 12 29 24 11
20 30 24 14 14 17 29 3 19 23 17 12 13 5 30 27 25 25 14 14 10 0 25 23 11 9 4 3 7 24 10 21 29 15
12 22 24 25 10 7 20 29 9 12 4 22 12 8 24 10 14 13 3 9 10 12 17 29 13 25 6 22 7 24 17 24 26 21
11 21 9 13 21 7 8 12 4 19 23 16 24 21 19 6 26 17 26 10 8 20 16 0 6 21 1 27 24 14 6 14 2 6
5 17 3 1 3 4 26 0 27 22 21 7 20 24 22 12 1 21 19 14 6 3 15 15 18 23 3 18 22 6 27 23 27 7
21 26 24 13 4 17 2 7 28 14 6 30 3 16 18 16 23 23 11 2 12 30 29 20 16 8 9 1 30 21 0 21 24 27
27 25 3 5 17 22 13 28 2 27 13 15 11 4 2 4 17 28 10 26 21 5 25 27 3 11 8 29 28 26 11 13 25 23
1 15 28 2 27 5 1 2 27 28 22 29 8 27 20 9 25 7 2 23 9 12 21 25 30 22 14 18 22 0 16 8 15 2
7 0 18 3 10 12 0 24 9 29 5 12 19 11 18 22 19 27 1 26 1 24 11 28 27 0 24 0 23 26 3 8 28 16
7 12 29 13 27 2 22 25 25 27 14 30 23 27 12 22 0 29 5 16 22 6 25 12 18 25 15 29 11 23 2 28 6 10
21 19 16 6 7 4 24 30 8 30 2 5 23 11 26 9 5 8 27 25 19 17 7 14 24 4 2 6 5 28 3 2 25 6
20 6 2 20 9 8 18 11 16 2 27 1 0 7 25 16 26 4 10 9 3 26 24 27 24 1 1 10 11 3 24 4 11 18
23 30 30 2 8 17 14 2 22 28 6 0 13 30 10 24 18 29 14 13 22 22 9 20 28 21 22 16 5 18 29 22 16 19
11 19 12 3 24 7 16 19 21 10 29 27 11 18 22 10 15 13 20 16 20 8 6 20 4 10 9 30 22 27 3 24 24 17
21 30 2 20 26 12 10 21 21 3 19 18 21 0 29 25 30 16 27 15 15 30 15 18 12 30 5 23 5 4 0 3 30 30
19 26 16 16 23 23 29 20 10 22 15 26 1 23 8 25 12 1 16 7 4 1 3 1 26 0 6 24 14 27 10 14 26 18
23 10 14 28 1 11 24 18 15 15 21 19 1 9 2 1 27 18 29 3 8 13 17 24 29 1 8 1 29 8 15 9 11 23
6 4 25 2 0 26 12 7 8 21 9 2 18 28 11 27 10 22 0 5 25 14 22 8 14 2 21 10 14 11 18 12 7 6
15 6 25 2 21 5 13 10 13 25 18 9 8 14 27 28 27 8 3 8 10 14 1 27 28 5 16 1 21 14 4 23 18 12
16 16 3 16 27 24 1 6 24 7 7 7 6 4 14 14 12 19 30 30 1 7 8 30 5 9 22 19 19 3 18 24 28 25
16 19 25 27 29 26 9 3 6 16 21 2 29 27 6 20 8 19 26 26 27 30 3 7 19 11 27 13 3 1 10 7 3 0
8 21 21 19 4 22 21 24 15 0 9 21 4 0 9 3 22 18 30 15 1 18 28 11 26 16 25 16 3 12 17 26 14 10
18 11 15 23 17 12 5 10 22 11 28 13 15 6 26 19 13 11 12 18 7 2 28 19 23 14 21 25 28 18 15 20 15 29
24 23 2 18 30 27 30 13 1 14 19 28 27 1 0 30 0 17 29 0 16 16 3 3 24 15 26 0 22 7 28 8 21 30
6 18 12 5 28 18 14 29 26 12 1 17 26 24 2 23 20 0 22 25 16 24 0 5 10 19 14 6 5 21 19 9 13 20
15 19 10 17 11 18 16 26 9 21 6 9 2 25 6 20 19 25 2 17 17 30 4 4 7 25 29 9 7 4 13 8 12 15
11 17 17 21 14 5 24 4 2 26 7 5 10 29 18 12 14 26 17 3 14 18 19 6 16 16 18 11 18 17 14 22 4 12
21 5 9 22 5 6 28 18 6 27 9 27 15 1 18 12 23 18 11 11 17 26 21 26 7 26 0 7 15 18 8 14 14 6
21 17 17 23 14 30 13 6 26 14 26 9 22 25 4 1 24 2 15 9 10 24 24 27 18 21 22 8 4 5 10 23 6 4
3 9 4 24 0 26 15 18 22 23 25 5 5 16 1 1 29 7 4 21 25 11 2 21 16 4 8 10 14 30 22 0 5 10
11 27 22 5 17 2 29 2 23 27 27 17 18 3 22 19 22 8 18 29 17 22 2 4 24 18 27 11 29 24 18 11 5 22
