36 36
6 2 6 18 24 21 9 19 2 16 17 17 14 1 12 21 10 23 1 24 27 18 3 17 27 1 30 6 15 13 20 6 20 23 1 29
12 0 9 19 21 26 17 16 24 8 29 18 21 2 21 10 19 27 28 16 23 6 6 23 18 20 17 17 25 30 14 28 13 30 9 14
14 10 21 23 3 1 1 2 30 30 7 6 19 29 3 24 6 2 8 27 29 21 5 29 11 9 25 26 24 22 22 15 11 14 14 29
12 2 3 8 8 15 16 16 24 25 12 2 3 23 13 30 6 9 3 6 30 21 22 3 11 19 14 26 21 8 17 2 4 28 5 30
24 22 20 27 19 1 26 28 4 22 28 30 5 21 19 2 25 10 17 25 20 15 13 1 1 11 5 19 14 16 10 28 12 12 6 11
5 11 28 10 11 9 14 3 23 20 26 8 17 7 1 3 5 8 15 28 26 8 27 29 8 27 0 29 14 23 18 12 8 30 2 14
16 10 12 22 6 22 13 5 12 23 17 9 3 29 8 15 6 10 22 13 5 21 29 18 2 4 12 17 18 17 15 5 21 4 28 4
14 25 10 22 11 8 1 3 22 16 29 4 5 9 19 20 0 27 16 1 18 16 27 12 15 2 1 14 10 5 23 13 11 20 3 29
18 16 20 30 17 25 3 10 16 15 1 22 18 24 30 26 28 24 27 14 1 7 16 23 27 20 3 3 16 6 5 18 24 13 14 1
28 1 8 11 27 22 1 5 23 27 13 9 4 1 25 2 2 17 3 13 24 0 10 29 19 10 4 14 13 11 24 11 15 14 6 5
17 28 3 28 11 13 19 30 1 14 3 21 30 5 5 3 27 7 25 6 4 10 8 17 18 22 11 16 18 17 10 28 15 13 14 13
20 10 21 23 29 1 29 23 28 27 28 15 20 30 9 13 11 29 23 4 15 21 30 24 22 12 18 14 29 1 30 22 29 27 21 23
18 25 6 7 19 9 24 6 6 7 2 23 28 13 28 23 28 27 9 28 12 14 11 4 11 3 17 28 2 9 19 25 2 19 2 3
8 14 25 29 4 11 29 26 24 1 23 13 4 15 21 30 13 29 5 3 14 8 13 11 19 23 18 29 5 5 15 28 13 21 26 25
6 24 28 25 2 27 30 26 24 15 10 19 6 14 0 12 8 20 7 29 12 6 7 17 21 0 5 23 11 18 24 26 23 7 26 10
18 9 23 16 3 9 6 25 28 12 27 0 12 12 7 25 19 18 25 26 0 29 29 29 8 25 5 15 12 5 10 7 12 17 19 6
25 20 26 16 26 16 30 6 23 7 9 17 2 18 26 22 5 10 8 18 5 19 27 10 4 29 0 16 13 4 30 18 5 14 8 0
14 25 23 17 22 9 16 25 3 11 6 6 8 10 15 12 13 12 11 30 14 21 14 4 4 17 13 3 1 1 17 25 6 17 17 12
7 30 17 24 7 20 5 28 9 11 18 24 4 21 19 14 23 10 10 10 30 6 7 2 12 4 27 22 14 30 9 11 10 12 5 7
15 10 11 11 26 21 7 28 29 17 0 6 10 23 10 8 5 7 26 22 26 18 10 14 10 3 0 19 16 16 11 5 15 2 16 6
5 3 12 28 5 16 14 5 23 21 14 11 28 5 30 3 26 3 4 29 24 23 14 19 29 26 25 4 29 30 10 23 15 25 15 10
2 19 2 23 9 19 14 26 28 12 20 19 25 24 1 27 23 9 13 2 4 18 3 14 20 30 30 25 9 5 22 19 11 3 26 2
19 23 24 23 30 13 11 21 28 9 4 8 27 29 25 24 1 12 17 9 3 25 30 26 15 5 30 7 1 5 11 24 12 18 19 8
4 16 18 0 11 3 10 27 6 17 15 2 4 18 17 12 21 5 30 3 22 5 21 3 24 27 8 3 1 2 18 5 16 22 18 10
4 10 30 5 30 24 2 3 11 12 16 23 10 12 9 8 8 15 9 6 4 7 13 2 30 0 26 18 14 11 15 9 26 16 15 25
13 8 9 17 30 2 3 11 23 23 6 14 18 14 1 4 1 30 26 28 23 26 19 26 19 26 19 27 10 13 3 25 19 5 20 15
27 2 4 20 17 29 10 0 6 3 12 29 28 21 26 27 19 29 15 21 28 5 18 14 13 9 3 14 23 14 12 3 12 8 19 24
9 22 14 2 26 6 0 20 5 27 22 22 11 10 21 8 15 12 17 11 9 21 16 10 3 25 10 30 21 16 30 4 11 22 15 28
24 21 10 15 27 9 14 24 18 27 13 24 3 0 2 30 18 9 29 22 26 29 9 5 2 15 15 27 14 18 22 25 30 9 20 12
11 1 6 28 14 18 20 3 14 23 3 0 0 26 3 14 10 11 20 15 26 6 27 2 1 10 0 7 8 1 0 11 16 27 15 24
12 14 21 8 28 14 2 9 8 7 26 3 15 16 9 9 29 13 27 7 18 15 22 15 23 28 0 9 19 5 19 29 13 21 13 5
25 17 13 10 29 2 28 12 17 7 17 4 30 12 27 16 15 4 11 3 13 1 18 11 27 4 10 24 22 10 26 16 25 29 30 10
9 21 2 21 19 23 23 16 25 5 10 10 23 3 7 9 28 16 0 25 9 3 20 4 18 6 7 23 2 24 19 20 11 23 1 17
0 26 20 16 24 19 15 28 0 30 28 28 26 25 8 10 23 13 21 6 28 29 24 7 3 8 12 12 27 26 22 21 20 6 14 26
27 4 1 28 8 2 25 20 17 9 28 16 20 9 10 27 6 5 5 9 11 9 4 16 28 11 3 9 19 21 0 30 10 19 13 11
6 27 6 2 10 16 3 25 26 24 13 2 0 23 19 28 10 10 30 5 29 4 4 24 18 8 9 29 13 7 23 20 12 3 3 16
