40 40
30 8 18 13 30 12 15 5 0 28 1 21 9 12 11 5 17 5 25 14 11 29 7 27 7 4 4 20 8 5 7 28 4 1 10 1 29 23 23 25
3 2 19 14 27 1 30 9 5 24 10 20 3 17 1 25 24 1 18 8 30 23 2 12 11 28 13 30 5 15 30 19 19 19 3 10 14 9 4 17
6 1 16 17 12 13 27 14 6 24 11 12 15 20 17 22 15 8 14 2 8 8 27 12 21 21 25 1 9 22 9 3 18 7 12 0 14 11 14 13
21 17 18 16 0 22 26 18 0 16 19 24 27 12 1 5 2 25 13 24 21 22 16 4 26 29 16 16 28 22 4 14 5 9 16 29 6 25 26 3
12 30 20 19 4 15 19 1 11 3 25 9 2 15 11 25 26 17 22 10 6 18 15 25 14 11 10 5 27 21 10 22 7 10 7 21 24 24 2 13
29 6 27 15 23 14 16 0 6 27 2 15 19 0 28 15 5 20 15 19 27 6 18 17 16 29 27 19 2 13 10 11 16 7 9 14 15 15 23 25
8 2 12 30 26 7 30 15 29 15 10 10 13 10 29 10 2 10 25 18 14 25 27 30 0 23 6 28 11 6 16 21 1 3 17 6 17 19 9 15
29 25 9 15 7 7 17 24 7 15 17 23 4 7 2 14 8 23 19 25 8 14 29 29 24 21 8 18 20 26 20 16 7 14 24 29 9 9 18 19
5 30 9 16 4 29 26 19 8 19 3 7 4 15 5 18 28 6 21 5 26 6 3 30 25 0 25 28 3 20 0 17 6 24 11 23 6 29 20 24
1 14 1 20 22 9 8 23 21 16 27 5 24 6 0 15 13 16 22 1 21 9 12 10 24 24 12 25 26 25 10 21 4 16 14 7 29 19 0 23
26 11 24 9 6 8 3 13 16 12 6 17 26 20 6 30 16 21 29 14 23 19 20 16 15 20 23 28 28 26 8 4 7 6 18 15 24 8 23 16
1 9 20 24 2 4 27 9 0 28 30 8 13 11 19 5 30 15 27 5 14 24 22 14 1 23 23 20 21 28 12 11 26 0 3 4 11 0 16 27
2 10 0 6 1 16 9 22 4 26 30 10 1 27 19 19 20 26 25 16 13 4 18 7 10 24 13 30 8 8 8 15 11 28 16 1 5 30 4 2
29 26 23 8 12 23 11 3 16 28 21 14 8 11 20 16 17 13 5 28 7 1 4 19 29 2 4 10 1 9 21 7 16 23 13 0 12 7 21 8
17 21 12 5 23 3 25 23 19 20 15 12 21 16 14 11 6 17 3 18 30 20 16 9 14 21 28 18 25 20 26 8 25 21 7 27 26 28 18 21
10 21 22 4 26 19 7 14 1 19 13 6 19 6 18 20 10 18 1 2 11 18 2 14 20 8 9 14 11 27 4 9 10 13 5 27 29 13 1 15
15 16 5 26 2 14 18 28 23 13 21 6 9 20 9 25 17 12 29 24 19 17 13 19 16 6 29 3 28 16 23 23 8 11 12 10 2 6 5 29
26 11 4 16 29 22 9 6 14 20 12 11 24 20 4 11 4 19 7 8 26 25 0 25 20 30 11 0 0 15 10 22 5 19 12 23 18 6 2 21
9 19 9 25 2 23 17 16 9 0 21 25 29 15 21 7 25 20 28 19 15 14 23 22 8 0 9 10 24 6 23 30 5 29 23 4 5 16 11 4
2 24 8 20 17 2 28 9 9 2 26 21 25 9 18 3 29 17 1 8 29 0 7 6 2 13 3 13 19 17 9 22 10 8 24 17 28 28 1 7
15 24 0 24 3 1 24 6 17 30 0 18 29 8 2 2 8 29 28 24 14 8 20 7 12 13 20 0 27 2 21 4 21 16 28 29 17 0 28 27
24 10 21 6 19 4 30 16 4 5 28 14 14 21 3 15 11 2 16 30 20 30 14 25 5 17 28 28 14 28 3 1 9 4 29 12 16 29 25 14
11 9 9 14 28 17 4 23 2 17 15 19 11 13 18 22 4 19 5 16 3 24 13 25 26 28 16 26 27 3 12 6 3 29 28 24 22 13 19 0
15 30 8 23 24 22 24 19 16 20 10 14 8 5 1 4 18 19 22 5 28 15 19 25 0 25 1 17 14 9 15 3 19 30 26 21 19 22 5 6
15 20 15 0 21 2 19 16 26 7 27 28 30 10 17 14 16 9 16 21 18 22 28 14 21 3 11 30 8 22 12 8 7 18 0 21 8 5 22 15
11 29 30 29 25 14 3 24 15 24 28 8 4 13 21 1 25 8 20 2 3 13 21 3 6 29 13 2 14 24 13 4 15 3 15 16 21 28 21 18
0 22 25 24 1 26 25 3 3 9 13 14 9 2 28 11 29 23 16 14 24 5 14 0 0 21 9 30 11 10 9 30 28 5 30 30 13 14 10 18
6 25 1 27 29 30 14 23 4 23 1 29 9 5 25 13 9 0 1 8 25 28 21 19 21 7 26 9 26 11 6 13 5 20 7 20 9 19 15 22
24 14 20 24 2 12 30 13 2 26 6 25 1 21 3 22 2 4 30 21 20 28 26 19 22 24 17 6 2 10 18 30 11 27 29 29 1 10 24 4
9 28 11 0 12 4 23 29 0 9 24 3 8 19 13 3 28 14 29 11 29 20 10 12 24 5 29 0 22 8 14 3 18 17 3 9 28 28 21 24
28 19 18 27 14 13 29 1 18 11 7 28 7 18 18 29 2 26 18 26 6 18 25 30 30 20 20 16 29 4 3 11 1 20 26 5 3 15 4 20
15 9 1 20 0 29 7 27 18 24 12 3 27 28 28 1 24 13 29 23 12 2 17 26 7 14 29 8 4 19 27 5 19 16 17 18 2 13 4 2
26 30 16 10 13 2 24 20 4 1 19 25 6 23 6 2 11 7 30 8 22 26 22 28 15 2 13 2 13 30 25 15 25 0 5 30 23 2 25 22
20 21 4 6 1 30 22 0 12 29 20 16 29 29 23 24 23 23 1 9 27 1 19 15 24 28 28 11 1 27 3 15 22 21 7 28 30 29 15 5
19 30 26 2 8 28 24 28 16 12 4 1 29 17 20 18 2 1 7 6 23 3 15 1 21 16 25 12 7 14 10 5 27 27 24 18 11 28 16 14
18 28 25 8 24 4 12 5 29 13 2 20 21 12 27 30 15 16 27 21 14 27 27 27 3 9 10 26 25 22 8 4 8 19 10 24 16 10 28 21
20 30 16 21 20 13 5 7 27 29 6 28 8 29 8 3 8 8 5 8 16 27 30 25 28 14 15 20 20 5 5 10 10 0 17 17 20 19 15 3
7 19 25 5 25 14 6 13 17 12 4 18 13 27 4 21 15 10 28 12 21 17 19 15 26 1 30 14 14 2 21 7 4 21 3 5 3 29 0 25
4 13 30 26 3 0 18 23 5 0 17 3 25 30 4 25 20 9 21 19 10 12 0 15 9 18 6 16 15 7 10 10 12 23 24 12 21 4 21 1
12 24 15 19 3 15 27 24 12 6 1 0 5 10 12 21 8 16 30 0 4 6 0 19 13 8 16 12 20 25 28 26 30 23 20 13 19 6 28 23
