42 42
3 20 18 0 26 13 15 27 9 3 18 22 11 24 14 14 13 23 18 16 25 22 12 11 26 3 16 23 19 5 1 25 30 5 13 24 16 5 8 11 9 3
22 13 4 20 8 22 28 8 28 10 21 27 1 19 16 25 6 18 27 6 24 23 1 3 0 26 29 19 11 28 16 13 2 8 17 12 1 27 26 4 10 30
18 28 3 0 23 11 21 19 8 10 9 16 30 8 4 5 27 10 17 18 23 13 22 1 29 19 17 3 13 9 14 27 14 21 27 28 17 16 9 0 18 2
27 27 20 10 6 23 13 15 28 2 3 12 3 28 30 27 14 30 14 8 30 23 24 22 25 10 27 8 29 11 25 0 12 18 29 14 27 13 7 28 10 25
12 16 25 4 22 27 6 19 23 28 0 13 12 25 15 20 11 4 22 9 1 5 10 15 4 14 1 18 15 10 6 21 30 22 4 28 11 7 10 11 2 3
2 25 3 1 24 13 6 27 19 20 19 27 22 27 0 19 21 24 26 6 18 29 28 9 14 13 24 26 15 30 24 10 3 25 8 22 6 28 8 14 22 21
15 11 13 10 12 11 30 0 28 29 10 13 16 13 5 27 2 30 21 4 19 13 11 10 8 3 21 18 21 20 5 17 28 23 29 30 30 0 10 19 16 1
12 21 1 14 4 16 8 17 2 5 3 30 3 22 8 30 9 21 2 22 19 16 24 29 7 0 2 4 23 24 2 18 4 16 7 30 3 28 20 3 24 20
23 1 2 16 11 4 2 16 27 24 5 18 23 16 6 2 30 7 9 0 11 24 30 9 5 7 8 3 12 8 11 20 1 23 5 4 9 20 8 17 5 14
8 30 17 4 21 14 25 14 17 25 30 18 7 19 3 21 29 3 24 3 4 19 22 20 23 14 20 19 26 10 29 30 24 21 23 21 17 14 13 5 9 29
25 26 2 6 24 9 10 27 17 17 24 22 27 2 2 30 23 24 28 13 16 7 11 26 22 1 15 17 3 21 19 17 22 6 21 21 11 13 9 20 9 1
9 2 3 1 7 19 15 28 14 4 27 27 25 16 18 24 0 30 24 26 9 6 3 4 5 24 17 16 30 29 3 8 2 27 12 19 17 23 6 16 6 17
28 8 10 25 4 29 7 11 13 20 17 30 6 12 19 12 13 28 27 24 25 9 8 2 25 4 5 10 26 4 30 29 20 10 18 18 28 25 12 5 24 5
22 13 6 9 16 20 12 8 19 8 15 27 3 23 3 9 11 2 0 4 10 11 18 29 12 20 29 8 6 24 1 3 15 2 6 25 9 17 21 6 4 8
19 12 27 26 27 14 22 22 9 19 30 29 11 1 4 1 15 7 13 15 8 0 4 4 27 11 25 22 22 1 20 1 9 24 28 12 27 27 27 20 27 8
4 8 24 28 3 3 8 5 13 14 1 6 28 17 29 24 22 28 30 17 30 8 5 12 12 20 9 14 7 0 27 24 3 11 30 3 27 6 23 11 28 23
17 2 12 30 27 20 18 27 1 29 2 29 25 30 20 25 27 8 21 15 28 5 10 7 13 14 8 26 26 18 26 3 10 17 14 15 5 4 13 9 24 11
7 25 3 10 9 8 12 19 12 10 16 9 2 4 20 1 27 17 26 11 0 21 19 7 10 0 30 0 11 30 30 26 6 6 13 5 19 14 8 2 15 17
9 10 24 20 21 20 10 0 7 20 25 20 6 18 6 27 14 25 7 14 14 22 2 24 8 13 1 28 24 28 8 20 8 7 22 6 21 20 11 21 20 11
23 1 13 15 18 17 20 8 8 9 3 11 19 1 29 4 4 7 26 17 21 1 4 19 20 2 23 23 13 1 18 13 5 8 18 8 11 17 28 25 11 8
1 1 25 14 22 29 15 24 19 26 16 3 23 16 14 23 27 14 17 18 17 13 7 7 15 14 21 24 3 12 6 18 22 15 27 26 17 23 27 7 17 4
15 9 4 13 26 6 19 6 7 18 23 18 29 22 28 22 25 22 17 24 22 20 23 26 17 18 25 11 20 22 29 2 19 20 4 3 18 10 5 11 5 16
2 29 14 28 12 19 22 8 18 14 0 18 26 29 20 23 11 7 30 1 26 13 19 26 18 15 5 0 16 1 11 4 28 19 8 7 4 17 30 17 23 7
25 9 7 27 20 10 19 9 6 26 9 11 20 0 10 30 28 30 22 6 18 27 16 28 27 2 1 28 28 20 7 13 10 9 30 14 6 20 27 4 11 18
15 6 0 10 12 8 1 1 20 25 13 11 13 28 23 18 19 8 12 15 3 22 6 14 22 19 14 9 15 30 16 26 11 3 26 6 3 29 1 8 22 15
1 23 23 23 21 9 13 23 29 9 27 7 8 22 11 15 1 20 9 12 26 19 2 2 28 10 3 18 30 9 27 5 14 11 22 24 20 24 3 22 18 19
30 9 28 11 4 16 25 16 9 14 3 17 16 24 26 14 22 13 13 29 16 22 22 26 12 28 4 15 29 21 16 25 17 8 27 13 6 28 14 20 6 27
11 30 18 6 14 15 18 0 15 26 27 12 30 22 27 22 15 8 15 9 27 9 10 15 5 0 8 1 17 1 11 0 13 10 4 14 9 14 4 26 4 1
19 29 10 15 22 22 5 12 16 25 0 19 29 7 26 21 14 19 12 0 5 27 12 15 20 12 2 27 24 0 23 4 12 29 30 18 20 29 3 2 29 22
4 5 30 29 20 15 28 27 15 15 26 29 13 6 1 12 30 11 8 10 21 6 4 17 1 25 1 27 27 23 12 5 23 17 11 4 25 24 16 21 7 22
13 19 16 29 17 25 27 15 9 30 20 9 5 4 26 28 24 25 7 30 29 17 21 2 1 28 15 16 5 27 25 0 24 27 24 16 24 26 27 30 17 7
22 11 30 20 18 1 29 14 16 7 18 10 6 17 29 12 25 27 12 27 20 6 11 24 26 18 16 25 7 17 8 2 12 7 8 19 0 1 25 20 14 23
18 23 29 8 1 9 29 21 30 4 16 19 8 18 20 22 29 5 16 30 9 25 14 29 24 12 9 11 14 6 14 26 12 7 16 8 8 11 15 11 26 16
20 18 5 13 26 26 9 17 25 20 2 30 28 11 23 23 19 17 12 7 28 7 15 15 2 18 22 28 22 19 9 28 11 25 4 21 12 13 16 13 22 27
18 0 21 25 3 15 6 6 15 9 23 29 24 2 25 17 24 11 17 26 21 28 26 11 19 27 28 3 28 22 29 1 27 14 20 3 5 9 6 26 29 20
24 4 21 24 5 24 16 7 4 22 14 21 7 11 20 23 28 22 5 5 16 27 26 24 26 20 17 16 22 8 0 17 18 4 18 4 23 26 16 3 29 2
20 30 14 17 27 7 0 16 8 30 9 8 18 26 1 3 20 22 30 28 14 27 2 14 13 25 25 8 15 30 20 19 19 21 14 11 20 6 14 4 24 25
27 27 12 4 11 24 0 7 25 4 23 22 29 21 13 13 28 18 26 4 5 5 7 18 6 27 12 6 10 3 19 20 13 23 29 13 21 14 18 29 0 2
26 1 20 17 14 12 16 3 26 2 5 28 8 5 7 29 22 6 6 29 26 24 12 4 14 25 27 0 28 22 3 24 21 4 22 22 1 6 20 25 24 25
18 17 10 8 0 10 5 2 12 26 22 30 8 28 3 15 24 9 14 17 20 9 7 23 11 27 23 5 14 10 6 2 29 19 23 16 17 21 7 24 20 7
10 2 13 29 25 1 5 9 25 14 26 17 4 1 8 23 15 3 10 28 6 18 5 29 14 27 6 2 16 30 29 16 4 11 5 19 5 19 28 14 19 10
27 13 11 22 27 25 22 12 10 27 8 26 30 6 1 13 19 7 28 17 22 28 1 27 17 1 16 25 23 24 7 22 15 24 30 18 18 13 11 18 2 12
