50 50
3 28 27 1 12 29 1 30 8 5 19 11 0 4 4 27 23 1 16 7 7 11 18 2 23 29 0 12 28 28 18 29 2 17 25 16 25 22 7 23 11 18 26 8 20 28 7 11 21 12
26 10 24 2 2 10 27 26 22 22 9 7 29 1 20 29 14 2 2 17 14 0 19 13 7 20 14 29 7 21 24 25 25 18 5 8 28 26 19 12 22 21 4 1 2 14 20 18 2 26
15 5 8 11 0 10 27 15 14 12 9 0 26 5 10 19 1 16 15 29 12 5 25 8 9 13 0 22 12 18 7 27 4 13 29 10 22 10 7 22 5 18 12 16 21 26 9 30 5 6
4 2 1 19 15 15 26 28 28 30 9 5 4 1 26 28 28 13 30 0 30 21 13 8 6 13 29 14 0 6 10 1 7 16 7 26 14 1 7 7 27 2 30 28 26 13 2 14 17 6
3 13 2 12 6 21 1 10 2 13 24 13 20 22 26 7 3 9 2 18 13 1 28 7 0 16 10 6 24 10 19 14 19 10 13 25 26 16 1 12 29 18 23 3 18 23 8 16 18 5
18 4 13 30 19 5 26 3 20 11 6 9 9 6 27 10 10 10 0 8 27 30 20 2 1 21 14 27 27 18 9 13 13 15 2 13 17 8 4 22 13 7 18 29 9 19 3 21 16 15
1 21 24 2 24 10 18 3 21 2 1 11 14 27 22 14 15 22 26 6 6 13 9 7 27 12 8 0 14 24 21 24 15 23 0 26 28 4 11 26 27 24 4 4 8 24 29 25 0 20
26 19 10 22 3 13 9 10 10 3 16 9 0 7 16 8 15 15 28 10 30 6 29 18 14 29 5 20 24 26 5 19 13 27 8 13 18 29 30 9 26 11 27 20 8 7 23 24 7 23
1 21 29 2 21 19 11 11 20 28 13 13 19 14 15 10 0 26 12 3 7 29 5 9 15 3 24 6 19 7 25 29 10 23 21 20 16 25 11 2 22 24 8 20 13 0 12 28 30 1
3 30 17 10 1 27 17 7 21 30 1 12 15 9 20 1 1 19 1 6 27 18 0 23 29 18 18 6 3 19 6 18 15 9 9 19 7 10 24 5 2 5 18 27 14 16 0 19 25 22
24 14 27 3 7 27 27 18 26 3 25 2 27 17 16 15 12 25 17 8 9 24 3 14 0 14 4 28 28 30 25 23 11 8 9 4 15 26 15 14 2 21 3 11 27 5 24 14 28 11
5 4 10 28 0 12 19 8 0 27 18 21 20 28 27 24 0 29 15 25 22 3 0 3 9 17 21 18 7 1 26 28 15 1 2 21 19 4 4 10 11 8 4 30 29 22 3 20 23 14
7 2 30 24 14 16 0 18 20 22 15 10 1 22 27 24 19 4 21 5 9 1 21 12 13 11 22 7 27 1 2 10 13 13 25 27 29 14 16 20 30 17 10 5 25 21 3 22 5 7
27 12 2 15 8 14 12 12 22 20 27 23 14 20 29 16 10 18 28 26 21 23 2 22 18 30 13 21 22 12 20 11 21 14 7 22 26 22 26 3 16 21 8 17 30 25 24 21 10 11
9 22 11 24 18 30 2 27 27 9 13 10 14 16 9 9 12 25 4 0 28 2 7 29 17 18 27 16 29 1 17 22 2 30 15 27 18 23 17 21 2 22 0 25 19 2 18 2 23 3
9 16 21 6 1 16 20 29 22 17 11 21 5 18 18 0 6 27 12 21 9 8 16 5 2 30 27 3 17 13 16 2 5 29 21 5 28 16 27 30 5 0 2 24 19 25 5 15 30 2
11 21 21 15 13 3 10 18 25 26 14 1 6 28 5 26 24 19 13 15 5 25 16 5 29 26 30 18 23 22 10 18 29 6 5 13 15 27 29 13 18 10 1 13 9 7 2 4 28 0
29 24 15 20 22 3 8 3 20 27 20 24 22 28 8 10 14 5 18 22 4 27 30 30 10 22 19 15 26 9 28 30 4 0 2 18 4 27 3 10 30 13 9 13 28 19 1 14 6 6
8 21 18 23 22 11 2 10 28 11 8 12 4 19 30 23 7 19 30 4 9 4 24 2 20 17 15 20 0 7 17 1 24 10 22 13 26 4 5 7 1 26 19 29 28 22 30 30 5 2
27 17 1 17 11 18 13 22 30 24 2 28 14 19 8 10 7 20 6 24 25 21 12 11 6 17 18 20 22 26 14 28 2 19 27 26 25 12 21 4 26 4 28 22 2 7 8 1 23 15
10 28 24 6 2 26 22 15 21 25 3 5 23 0 3 12 21 11 7 23 8 6 15 24 14 8 12 22 17 9 30 24 18 7 1 14 16 3 6 4 9 15 12 1 15 0 22 16 28 26
22 7 26 21 16 5 9 16 3 14 1 28 18 9 3 27 4 25 14 15 8 19 8 12 19 16 6 24 19 25 21 0 15 0 8 12 22 18 10 26 2 5 15 12 9 1 15 2 9 20
30 17 21 20 5 12 24 17 21 21 13 10 28 20 8 6 9 30 4 0 17 17 20 29 24 21 10 3 15 17 28 5 12 9 17 6 11 6 11 11 18 27 18 28 17 10 2 13 22 12
13 28 0 28 20 6 16 15 14 13 25 11 0 10 22 4 9 12 5 24 21 10 14 22 30 25 27 22 19 20 11 15 30 16 14 2 1 13 30 24 24 24 27 6 14 18 1 17 18 3
19 21 20 4 5 19 21 6 12 23 9 16 4 10 0 25 14 14 26 1 11 26 5 6 23 2 16 3 3 17 8 28 0 10 28 1 21 11 12 30 28 14 4 24 18 25 18 14 14 25
19 4 12 2 4 30 13 0 12 23 2 28 5 25 22 13 14 8 30 25 6 25 30 13 21 0 21 29 11 4 23 25 11 28 3 0 6 24 19 5 6 8 22 20 8 24 22 20 10 10
4 5 26 2 28 29 15 1 16 11 24 18 27 7 2 18 5 28 19 16 20 28 25 22 13 7 14 23 21 11 0 24 2 12 10 24 15 20 1 8 4 6 2 16 21 20 24 23 15 25
7 23 6 15 22 25 0 5 24 1 6 9 18 4 0 0 16 15 9 2 7 4 7 30 19 16 20 8 6 4 15 8 13 21 13 10 27 27 6 3 20 26 1 30 21 0 23 11 14 16
23 28 10 24 28 5 25 24 12 20 11 26 7 30 25 10 12 22 26 11 12 25 16 3 8 25 23 4 19 30 20 8 28 19 14 16 23 0 26 21 11 28 30 19 7 13 4 26 2 17
0 4 5 29 20 27 25 11 20 7 20 13 24 8 27 13 4 5 20 18 12 15 20 29 10 11 5 16 23 14 10 13 3 14 12 8 23 30 20 26 2 0 19 23 22 17 25 21 22 17
28 16 17 23 2 6 25 23 22 23 11 6 25 9 20 15 2 14 7 8 27 6 24 29 7 9 1 11 6 1 25 13 16 23 0 27 21 24 25 23 21 30 8 6 10 17 7 4 7 22
16 30 9 13 30 17 23 9 29 11 19 7 18 26 27 10 21 7 28 0 29 29 6 10 12 8 4 7 13 4 16 12 27 1 0 4 26 9 3 28 3 30 0 18 29 16 0 13 11 21
16 19 3 26 8 3 21 14 17 20 17 13 21 16 30 28 29 7 6 9 0 22 30 28 30 27 11 12 28 18 26 10 22 16 26 25 21 14 7 16 11 12 16 18 29 26 2 20 24 21
5 11 10 25 8 3 26 10 21 8 0 27 12 24 9 17 4 9 14 26 30 2 22 24 26 6 17 23 10 0 12 6 0 18 26 9 24 1 1 19 25 4 26 10 30 0 16 12 26 22
1 7 5 9 8 15 8 0 4 1 25 11 5 20 18 12 21 19 21 16 11 30 17 14 15 27 11 7 30 7 10 14 20 25 3 27 13 6 25 27 20 22 5 14 13 30 24 22 9 27
20 21 18 5 6 26 8 12 21 7 15 25 9 26 0 6 29 14 22 11 23 11 23 21 4 29 20 9 19 10 11 14 14 12 1 6 25 26 14 11 30 22 18 3 25 25 9 2 3 12
17 5 14 3 24 30 17 18 21 14 8 3 28 11 6 25 15 9 0 11 27 15 19 6 12 23 11 23 2 8 15 9 6 28 9 29 6 0 21 26 22 16 9 24 5 5 23 15 6 6
8 3 11 13 8 18 16 16 9 21 25 7 25 9 29 10 9 16 25 16 6 23 4 10 3 28 22 7 23 7 20 20 23 22 20 24 21 11 14 25 6 25 0 26 20 14 10 8 23 6
1 1 7 5 19 30 11 3 16 8 11 17 15 2 23 10 19 11 29 0 8 27 20 6 17 20 28 0 1 10 28 1 23 12 26 11 13 17 18 11 23 1 3 1 3 1 3 9 14 11
28 26 3 0 8 27 9 28 16 2 16 21 4 9 26 25 23 0 10 28 11 29 10 20 9 17 5 24 4 27 18 26 3 3 20 11 14 30 24 14 11 17 11 10 27 21 0 22 21 25
17 18 27 24 30 3 26 5 13 23 1 10 4 11 16 1 10 30 9 13 13 16 10 25 10 19 20 11 14 4 23 3 12 9 27 12 25 4 20 2 9 20 25 17 21 11 5 8 11 6
21 3 0 4 28 23 18 5 3 19 11 24 18 7 9 1 11 27 3 0 24 22 11 4 10 14 6 25 24 27 18 1 26 16 4 17 13 0 19 14 23 15 7 24 17 4 28 28 9 4
23 14 15 11 3 6 20 14 19 20 13 15 3 9 16 11 15 13 29 20 29 16 8 25 17 1 11 21 11 30 30 23 9 27 16 6 28 28 23 23 5 23 1 19 0 0 11 11 2 11
11 25 22 4 9 19 28 10 7 14 30 11 19 5 0 19 17 22 4 29 10 16 7 24 30 26 29 2 17 25 22 26 30 27 10 10 10 26 5 23 28 20 27 8 27 23 19 14 9 8
8 8 9 15 9 9 0 7 28 18 0 11 3 29 28 26 15 18 5 24 18 2 0 10 8 10 4 5 11 6 5 7 10 10 2 15 20 6 7 3 20 30 5 22 16 30 13 20 21 30
19 16 3 24 24 28 19 29 18 11 29 15 0 29 6 15 14 27 29 17 2 30 26 17 23 11 23 10 26 1 25 14 13 24 25 17 27 30 20 15 7 12 8 9 24 13 19 18 19 30
1 10 28 8 3 14 6 26 7 14 13 11 15 23 16 4 5 12 6 12 19 30 10 27 17 0 0 12 5 2 21 30 14 8 30 19 27 21 13 17 27 24 23 8 13 21 6 12 23 1
15 27 28 22 22 14 16 25 0 10 2 29 19 3 25 13 27 9 18 29 1 4 19 28 21 10 27 15 0 1 20 9 22 22 4 10 19 6 6 9 14 6 4 6 4 29 12 12 16 4
18 10 16 4 15 20 19 26 2 9 21 12 8 9 12 8 6 21 25 15 2 20 12 9 10 4 12 28 23 21 14 4 25 1 8 2 17 19 30 23 0 1 26 29 29 3 17 6 5 9
12 9 29 0 17 2 4 27 6 29 8 21 12 15 2 11 15 10 10 21 3 10 4 15 9 27 26 26 0 19 3 18 1 23 24 22 9 15 16 22 13 14 22 3 14 18 18 25 5 8
