53 53
26 7 23 3 19 10 5 3 17 0 4 18 27 10 28 3 15 4 14 20 27 18 22 11 11 3 8 11 9 19 0 28 5 1 8 10 10 16 2 22 18 18 7 16 22 26 12 22 18 20 16 11 4
12 13 23 20 11 0 17 12 22 21 14 16 9 9 11 24 19 29 7 11 12 15 1 12 11 1 15 13 2 30 9 7 20 17 14 6 15 18 10 27 12 19 2 16 4 25 29 5 8 1 11 4 6
12 27 18 24 6 22 6 29 10 20 30 4 13 25 11 20 3 26 10 30 26 7 0 7 22 13 0 19 21 22 9 19 21 3 13 25 25 21 1 0 22 4 14 20 23 17 4 22 7 14 1 8 24
8 20 28 9 23 7 21 28 30 28 12 4 27 9 25 15 10 3 4 29 16 23 3 16 8 12 12 7 16 11 27 13 29 28 12 2 1 7 25 20 9 17 26 13 12 7 18 7 2 10 24 7 6
28 6 6 10 8 26 17 6 28 11 9 21 23 15 9 1 13 12 25 9 8 13 5 21 11 1 19 25 27 24 22 14 27 5 12 16 21 22 7 25 2 19 8 6 1 1 3 20 4 0 25 20 25
28 20 14 21 30 4 17 23 14 28 24 1 8 28 28 11 20 10 10 27 9 20 7 7 10 12 19 27 10 1 4 22 21 12 11 9 27 20 16 20 29 29 7 20 18 15 30 2 3 24 24 29 28
30 21 12 4 8 5 4 4 0 22 20 20 4 1 17 6 22 9 15 26 15 25 18 16 22 3 17 20 26 21 10 29 2 24 13 20 2 6 24 4 27 10 21 8 20 6 7 16 10 21 16 26 12
26 16 0 13 14 10 24 27 2 5 19 9 22 1 21 8 13 26 28 27 7 0 12 1 21 15 16 4 8 17 7 0 13 19 19 9 20 7 8 0 11 8 2 29 30 24 6 1 3 18 0 12 18
24 9 7 7 30 5 28 6 0 18 13 23 19 15 11 24 0 26 0 11 27 27 13 21 21 13 16 6 22 11 26 3 14 25 8 15 16 4 19 17 23 29 3 11 27 24 12 17 29 21 29 7 22
13 13 8 17 22 5 8 8 5 19 16 19 14 21 0 3 0 1 11 19 20 28 3 16 10 30 29 23 11 23 20 15 10 17 10 17 13 2 3 21 15 8 20 13 12 6 5 14 3 11 3 24 11
13 8 26 4 24 9 20 17 17 20 2 15 9 8 26 25 24 10 30 1 6 15 6 8 18 4 19 3 17 14 24 13 12 30 1 30 24 17 2 23 22 15 25 20 14 29 8 24 14 1 1 22 26
28 13 1 0 8 17 9 5 28 3 2 13 4 30 23 13 12 5 8 22 22 30 1 29 7 15 15 8 15 26 24 15 17 13 15 5 10 24 5 16 12 11 17 21 13 27 24 8 2 0 20 4 22
1 25 9 10 2 8 14 27 8 14 9 18 26 6 30 11 20 30 8 22 11 9 15 17 16 12 3 28 15 0 23 29 8 2 8 27 30 0 21 26 13 29 10 12 17 10 30 11 29 22 18 19 18
17 22 15 10 5 22 10 29 21 10 23 25 7 15 4 3 27 18 23 7 3 10 11 26 24 19 25 24 27 1 12 23 8 14 20 3 29 23 19 3 7 14 26 11 28 10 20 25 18 21 22 18 16
18 7 24 18 29 11 11 19 28 4 10 28 19 7 28 3 24 22 20 24 6 15 2 3 8 25 6 30 13 21 6 28 23 11 29 14 11 5 23 10 15 0 19 13 24 9 0 9 12 9 19 8 14
20 23 30 21 28 1 5 14 5 2 12 14 2 4 27 13 28 12 5 28 19 18 4 19 24 20 22 15 7 9 3 25 0 18 16 29 20 13 24 12 30 22 19 20 23 27 17 15 4 20 12 28 8
15 14 3 8 24 27 30 14 0 14 6 18 24 20 9 3 17 8 15 26 5 9 28 18 22 4 16 19 14 3 14 3 0 23 24 11 15 28 21 28 8 14 22 19 20 1 4 2 21 25 0 7 28
6 2 22 12 12 2 22 15 23 17 25 5 30 0 7 15 19 21 10 0 3 2 0 9 16 6 0 2 20 28 18 27 15 3 2 18 0 28 11 26 26 6 9 3 4 13 5 18 6 23 0 13 23
5 20 29 7 29 1 30 27 13 14 28 16 29 16 29 26 19 30 25 27 20 10 7 19 18 20 2 23 11 2 18 27 2 10 19 15 4 16 15 21 20 26 3 25 16 29 20 9 30 30 11 4 10
19 30 14 20 23 26 4 26 0 14 0 11 26 5 13 17 29 1 25 23 27 13 18 24 7 21 30 7 18 27 17 9 28 4 24 1 22 16 17 25 22 5 26 3 10 16 25 15 10 7 24 17 30
2 21 30 18 2 25 9 2 16 26 5 6 23 25 6 27 10 24 0 5 6 5 14 1 1 11 29 20 0 16 19 17 22 6 19 16 5 27 15 27 10 0 26 16 2 18 25 10 8 9 29 21 3
13 29 12 4 9 21 28 8 11 12 9 30 11 11 14 10 27 14 26 6 11 6 18 23 22 0 11 5 9 29 20 18 14 23 4 25 21 17 5 20 28 25 23 2 8 25 10 2 9 21 18 19 3
20 16 29 6 8 30 21 9 12 28 28 20 24 28 29 27 19 0 9 23 16 16 2 22 29 19 25 16 11 2 22 27 29 18 22 3 30 7 1 20 13 1 21 27 13 19 11 26 17 0 4 9 10
26 8 28 10 9 30 17 2 2 18 15 13 2 18 19 16 24 26 2 17 25 26 23 24 22 14 20 1 12 12 24 1 27 5 29 10 19 26 3 10 22 6 13 24 3 28 18 29 27 9 2 25 15
22 26 29 15 13 4 13 3 24 27 28 29 14 8 14 26 1 19 5 19 22 15 5 1 19 3 28 18 21 26 10 13 3 19 1 15 5 13 29 25 24 19 21 16 7 11 29 8 4 14 11 27 11
28 24 6 19 14 26 28 20 9 19 0 17 17 5 9 4 20 4 4 18 6 28 22 3 6 21 29 30 27 0 4 14 11 29 25 29 9 6 11 24 25 20 25 27 29 17 12 30 29 23 23 25 26
1 14 26 1 8 4 13 21 10 10 13 6 0 23 17 2 27 5 15 26 27 12 17 1 22 6 29 22 2 18 22 28 10 11 15 9 9 29 11 5 23 1 2 17 11 25 16 1 4 8 22 2 18
25 6 4 27 0 0 19 9 15 16 8 2 0 13 5 16 28 25 9 20 2 1 12 3 6 23 23 1 24 14 1 5 28 15 11 26 22 15 1 30 3 12 5 26 23 17 17 8 14 8 30 15 7
23 25 11 29 3 8 17 26 22 19 9 12 7 3 19 30 29 17 9 4 30 29 18 6 14 0 29 21 20 26 16 23 13 2 23 25 3 6 16 22 27 30 21 13 6 30 11 21 11 10 16 15 9
19 17 20 7 26 3 7 25 1 1 14 16 26 12 14 10 20 14 26 1 20 26 27 25 25 9 30 19 28 19 19 20 30 11 21 3 3 16 8 18 21 10 14 12 30 22 9 16 21 24 26 2 5
25 14 10 6 14 5 4 2 20 27 23 15 30 5 26 18 13 13 29 13 17 12 13 26 23 28 6 27 29 23 1 14 9 8 26 25 1 24 28 10 25 16 5 14 30 28 7 30 11 28 17 16 26
10 0 11 19 15 19 24 14 3 17 22 28 13 12 1 1 26 20 4 11 20 1 7 27 21 1 19 17 18 17 25 18 25 17 20 13 25 20 27 12 8 27 29 16 3 2 0 22 19 29 17 26 4
26 19 15 16 6 19 22 9 17 15 25 15 30 3 5 1 13 9 6 25 0 22 25 26 6 30 22 15 5 30 7 19 11 8 13 13 1 17 11 18 28 9 2 27 0 7 0 20 12 5 20 23 11
8 21 0 9 19 13 21 9 22 7 23 29 1 30 11 14 8 4 8 30 9 10 30 9 3 3 23 12 27 20 12 24 20 2 11 11 20 26 8 25 18 1 14 6 30 30 4 24 6 21 10 2 21
12 11 11 30 22 11 9 10 12 8 3 29 4 24 2 8 23 11 5 18 23 11 11 3 1 21 2 24 26 25 1 16 25 13 5 26 13 6 1 26 9 18 17 27 20 7 18 11 2 6 28 12 21
16 0 21 8 20 26 12 6 27 26 19 8 14 8 3 28 10 12 30 30 4 2 24 26 14 29 6 0 25 7 8 24 14 15 5 25 1 12 21 30 10 11 29 3 18 22 1 13 20 10 6 29 6
6 16 18 29 21 6 1 25 2 19 14 30 27 5 10 21 18 4 26 14 16 19 0 2 26 23 16 24 17 22 20 1 27 2 28 22 25 23 4 29 22 17 17 27 5 25 3 28 1 28 11 1 24
16 9 19 27 2 18 14 27 3 25 22 11 25 28 11 28 26 12 19 25 1 29 25 3 13 23 25 1 7 8 15 14 29 21 28 16 28 20 6 23 16 1 16 16 23 21 2 25 7 10 13 30 28
21 20 2 13 25 26 30 9 0 8 24 24 3 2 29 10 1 5 8 18 29 18 8 6 17 5 29 3 9 23 4 23 20 20 21 20 20 20 27 27 24 14 1 4 16 22 8 3 14 30 27 16 0
11 0 29 3 0 26 9 17 8 11 30 3 5 9 5 9 28 23 26 23 6 20 11 10 7 14 13 30 23 0 1 17 9 7 15 17 14 25 17 22 5 22 28 16 5 1 20 9 3 22 17 25 14
25 19 12 28 12 17 21 10 18 16 18 24 30 24 6 29 15 24 17 28 14 5 3 5 28 16 1 18 9 0 28 14 18 13 23 26 15 2 8 18 26 15 6 7 17 20 9 1 16 25 9 9 7
3 18 19 3 12 29 10 18 20 3 25 22 5 5 16 30 20 2 20 16 1 18 29 23 14 18 30 11 1 4 0 7 26 12 11 18 6 17 16 23 14 8 11 4 11 30 15 6 8 29 28 0 3
22 19 30 24 27 19 24 11 2 18 1 21 21 18 8 1 7 3 22 4 26 18 8 23 14 8 16 6 18 7 21 23 28 23 11 27 10 30 1 7 26 20 24 21 0 21 8 7 4 22 1 17 16
18 25 12 20 24 5 3 30 10 11 12 10 12 9 29 8 20 23 27 8 5 28 7 23 1 25 24 11 14 2 10 4 13 7 27 22 26 21 6 23 20 22 8 26 28 10 13 9 30 3 5 5 25
17 18 18 7 21 3 17 11 1 29 23 18 25 1 0 16 24 2 26 10 26 10 15 1 15 30 23 14 25 5 6 7 12 0 24 13 0 13 23 2 22 22 1 14 20 9 1 11 4 20 4 18 0
23 15 2 29 20 1 24 0 5 14 8 4 27 24 30 23 8 19 0 27 26 16 24 24 5 15 2 13 28 16 29 10 4 14 0 21 7 28 21 2 12 2 29 13 1 8 25 16 20 14 6 25 29
18 7 13 15 1 22 18 26 11 16 5 10 13 11 24 10 3 28 26 10 4 25 24 7 22 20 13 2 13 10 9 24 30 4 4 5 8 23 0 5 24 27 8 6 23 22 12 14 7 30 7 10 0
6 5 27 4 17 10 10 23 7 15 1 25 24 11 6 7 1 3 24 16 20 2 29 30 23 1 7 23 23 7 17 19 2 7 8 20 21 17 19 3 10 20 9 22 6 28 4 12 16 26 24 29 20
4 30 3 10 5 21 24 11 29 16 19 11 4 10 7 18 25 15 23 8 3 16 17 8 2 13 17 5 20 20 14 25 25 8 8 0 23 12 18 9 3 3 16 11 19 28 15 6 14 9 19 8 24
11 19 13 14 13 11 20 5 22 1 23 29 12 24 21 0 12 17 29 14 28 6 1 2 20 0 16 4 2 14 24 28 5 3 11 27 22 24 26 14 0 30 16 10 25 9 3 7 20 11 7 18 14
29 4 5 0 30 13 22 17 2 15 20 26 21 6 10 27 21 17 14 29 9 21 21 4 4 0 23 4 7 12 23 15 12 19 19 9 30 28 10 17 16 14 11 29 5 9 29 15 21 16 22 17 17
8 4 15 16 15 23 11 16 15 28 18 5 20 18 29 4 29 1 30 5 28 20 4 17 24 12 7 20 26 4 24 24 5 5 22 1 19 18 14 2 2 9 15 8 21 6 30 11 27 16 4 2 21
26 4 21 19 9 16 14 11 18 9 10 0 25 10 24 1 2 20 3 19 15 0 22 15 0 7 5 19 23 26 5 18 25 19 9 15 27 11 9 21 17 1 17 30 7 5 8 7 24 15 26 3 6
