55 55
23 8 24 19 22 17 8 24 3 4 24 20 0 12 28 10 14 8 11 23 27 20 26 21 15 6 21 30 7 5 26 9 4 5 29 1 16 24 22 9 13 18 30 9 15 28 28 21 18 23 19 18 29 22 30
0 25 23 19 16 8 22 16 7 14 23 23 27 2 0 25 16 22 15 15 8 1 15 25 25 22 18 9 1 23 27 29 13 10 29 13 25 3 30 12 29 21 5 29 24 8 16 21 28 3 26 1 2 18 17
16 23 6 29 0 16 11 4 19 28 27 17 0 20 4 16 10 15 0 4 3 18 15 23 29 13 25 14 24 2 15 29 9 28 2 14 0 26 23 14 22 9 3 7 21 21 4 7 8 1 4 8 22 26 6
23 8 0 20 21 3 17 0 2 13 29 25 8 8 29 14 12 12 7 26 17 22 14 26 14 1 21 9 26 6 21 22 6 1 14 25 18 18 19 8 19 25 1 4 7 9 29 4 14 14 18 7 1 22 13
19 18 27 4 14 8 10 16 29 8 19 17 27 0 15 30 24 24 5 27 15 8 9 0 20 26 19 29 29 2 30 20 21 20 13 4 28 9 29 27 20 13 16 2 14 9 3 26 0 27 7 29 1 14 11
1 14 29 0 9 28 16 14 6 6 7 9 20 30 5 12 26 21 8 14 19 30 30 16 12 26 11 24 13 18 27 12 17 1 7 13 19 9 22 1 28 2 13 15 15 1 19 30 9 27 24 6 19 3 10
14 24 21 24 17 12 16 14 18 19 8 27 6 14 27 11 24 1 15 28 7 11 27 14 11 28 16 0 3 16 18 26 10 30 24 11 21 27 0 9 15 25 30 24 18 2 25 16 30 22 11 20 17 11 14
20 10 4 0 21 28 18 2 7 14 13 23 23 7 27 27 11 26 9 1 1 1 16 4 13 23 13 8 25 14 29 18 29 30 17 13 22 23 1 21 12 22 13 9 14 26 12 24 10 17 3 29 17 21 16
4 27 16 13 21 15 23 20 11 26 0 10 21 14 4 18 30 28 27 16 9 9 5 1 14 16 29 21 13 10 4 25 13 3 8 12 2 26 21 11 4 6 26 24 4 1 15 21 29 22 12 6 13 18 29
9 14 25 20 11 4 22 5 12 5 4 27 15 26 7 22 1 7 7 27 26 30 15 26 24 17 14 8 0 10 28 29 26 9 29 14 19 17 2 15 23 22 27 15 5 5 10 14 7 8 12 14 17 26 1
9 15 3 12 16 24 9 25 12 11 11 18 11 21 7 6 9 22 2 12 28 21 16 19 14 27 4 12 8 20 28 6 15 19 24 2 1 14 5 8 23 25 21 16 17 9 4 4 18 15 17 3 9 4 26
24 5 0 21 27 30 13 18 24 21 16 4 21 27 21 1 27 7 23 18 12 1 19 15 15 17 28 10 27 2 28 15 26 8 23 14 10 25 4 8 17 27 4 27 5 1 23 16 18 5 8 7 16 3 7
13 2 10 9 18 10 19 9 20 29 17 13 7 1 9 13 8 7 7 8 23 30 11 3 4 24 2 0 0 16 30 4 25 3 25 15 9 10 21 27 4 2 8 6 10 6 4 9 8 11 0 7 27 29 16
10 28 25 30 14 27 27 3 15 24 19 7 27 23 3 18 9 17 14 23 28 25 28 21 26 16 7 8 2 24 29 13 28 16 21 7 7 26 17 24 1 28 21 30 13 8 5 16 6 12 16 26 24 22 19
10 19 12 28 27 13 23 27 20 12 17 20 13 24 22 28 19 2 17 26 20 7 24 22 21 21 20 30 6 4 17 8 25 24 10 15 25 11 14 11 15 12 27 28 13 9 24 23 21 1 18 20 9 20 29
16 3 13 23 9 0 12 23 23 5 1 25 1 28 14 22 0 24 16 14 0 18 6 14 22 23 21 28 12 2 20 21 11 9 9 11 29 0 0 24 23 11 7 27 3 25 11 19 1 21 18 4 24 8 22
27 18 26 27 6 15 7 2 23 28 5 19 5 15 17 18 28 13 5 10 29 8 22 28 16 25 5 28 7 12 13 7 23 7 12 10 11 3 14 18 11 30 17 26 23 21 2 10 13 8 4 18 25 30 11
22 28 10 9 19 8 22 23 25 8 2 3 15 6 12 6 29 24 7 22 16 29 7 6 20 20 9 1 6 4 13 23 30 16 10 3 7 24 27 8 29 7 8 4 15 24 21 10 7 2 27 18 26 15 3
0 10 3 30 22 23 14 5 8 30 7 13 12 7 18 12 24 21 8 20 14 23 3 8 4 14 22 3 26 23 21 22 20 4 26 8 17 14 0 28 20 24 22 16 26 7 19 8 22 14 28 23 26 16 24
1 18 10 16 14 17 8 15 20 12 22 15 19 13 3 17 11 19 30 25 30 14 30 10 23 3 26 20 26 14 18 1 12 6 1 18 1 26 14 0 30 5 15 23 30 11 10 3 16 4 20 8 7 11 27
15 18 11 9 5 2 14 10 27 19 18 24 27 20 0 26 17 14 20 17 30 19 22 1 7 15 24 8 22 18 16 9 11 10 7 11 18 8 28 11 1 27 7 14 14 15 10 21 27 26 17 3 20 25 24
28 26 12 13 30 20 19 9 24 1 11 19 28 23 7 22 21 17 1 16 23 8 10 0 23 13 21 28 16 24 5 30 11 20 0 11 2 23 24 5 17 14 30 21 20 10 27 4 11 29 30 11 2 10 29
15 5 15 7 0 7 30 11 14 2 0 11 23 27 29 2 3 24 6 15 21 20 23 4 19 2 5 28 21 26 30 3 0 19 30 20 19 30 6 14 17 25 9 7 27 14 15 11 16 16 4 2 19 24 8
12 26 24 13 18 23 17 10 8 24 17 2 9 18 14 27 0 29 17 2 10 26 22 19 21 22 24 10 12 13 21 26 22 19 23 22 7 12 7 5 16 13 19 19 11 8 8 26 7 30 27 1 13 3 24
18 27 25 14 2 18 2 12 18 3 8 10 6 9 2 19 10 17 8 25 3 29 7 4 30 12 30 26 0 1 22 8 23 21 11 20 19 10 4 1 5 11 25 8 19 23 16 20 9 25 12 11 18 5 15
12 8 13 8 8 19 3 25 10 21 10 16 17 9 8 4 8 19 0 8 2 24 16 17 3 26 17 25 13 15 25 5 23 21 21 22 29 10 19 27 12 18 1 22 20 12 22 5 23 20 13 9 0 23 1
1 0 6 3 23 1 26 8 17 16 9 18 3 30 3 25 14 2 9 8 10 24 22 2 12 13 16 6 17 23 22 9 20 28 15 9 10 25 12 19 14 15 29 23 7 29 28 18 2 1 28 28 23 2 23
6 20 30 7 13 21 15 21 30 29 1 8 2 1 17 27 12 0 14 2 30 27 27 9 29 29 2 24 11 20 4 24 29 19 11 22 27 11 0 13 7 19 10 10 27 3 17 14 30 23 2 29 2 5 23
17 9 30 11 5 15 12 5 4 4 20 20 6 8 12 29 11 3 29 1 11 30 14 21 11 0 0 9 16 16 1 14 9 27 14 9 29 3 14 12 2 24 2 18 16 24 4 23 26 19 23 24 15 13 21
9 29 1 6 20 8 23 25 0 24 8 4 25 0 26 6 25 5 18 0 27 22 9 2 6 12 13 9 24 27 19 30 10 3 20 9 16 0 28 5 29 12 24 11 19 21 13 8 28 24 16 14 1 4 7
8 2 4 2 21 23 12 12 16 1 10 26 11 20 20 21 16 24 9 1 4 0 16 8 1 23 7 26 1 6 29 2 2 26 16 0 29 27 19 15 3 29 3 2 2 13 15 8 22 17 22 7 7 4 24
2 10 28 21 11 17 30 26 26 5 12 16 11 28 26 26 11 9 4 6 9 24 4 13 0 9 8 1 25 21 29 8 10 11 10 28 18 1 26 3 10 25 29 27 25 10 25 11 22 3 27 28 18 15 7
5 10 6 29 28 0 28 18 22 24 19 7 0 8 12 23 23 23 9 26 4 1 4 5 14 21 4 10 29 25 14 23 25 27 25 28 15 0 8 15 19 6 3 2 18 7 29 27 5 22 4 26 4 28 9
11 14 19 12 1 8 3 25 3 20 7 25 11 21 22 14 27 0 18 26 17 3 27 23 11 15 3 3 11 11 30 19 22 30 0 5 14 27 21 2 18 25 22 10 4 0 0 25 4 19 30 10 16 8 6
14 16 25 26 25 25 20 2 5 24 23 29 20 17 16 21 20 5 20 29 30 5 29 25 12 3 29 23 21 18 23 2 12 10 19 14 21 20 20 17 10 18 18 28 14 4 9 2 10 13 10 10 14 12 5
1 5 4 30 1 23 5 21 30 29 0 5 2 13 28 17 20 10 28 25 15 20 1 23 20 10 19 5 30 23 21 18 23 6 13 19 20 25 23 2 24 24 19 7 3 18 28 26 10 9 14 17 1 18 9
24 3 12 5 3 26 0 13 12 5 5 5 11 30 26 29 29 11 6 22 3 30 12 1 7 18 5 25 13 9 1 18 4 17 9 26 16 17 20 18 6 4 18 23 10 24 23 28 9 16 29 27 29 12 22
3 14 21 25 23 6 29 17 28 28 22 1 15 0 15 14 0 17 3 27 10 5 1 13 19 3 2 30 22 14 4 10 13 24 13 2 19 25 17 21 29 18 15 13 0 14 3 23 5 24 9 10 20 22 14
15 16 4 21 29 13 16 23 8 27 30 19 18 4 18 7 19 27 11 21 14 0 2 15 22 26 24 27 18 3 1 28 5 1 7 14 29 19 23 7 10 23 26 18 6 30 2 5 3 4 14 30 6 7 17
1 17 8 13 6 8 24 1 3 28 10 1 6 3 24 28 14 17 1 25 28 25 26 11 14 22 6 25 8 28 3 0 15 8 2 22 22 27 5 8 5 26 16 12 25 28 26 10 5 10 2 28 12 8 5
21 3 4 20 16 2 26 10 22 26 25 10 9 2 0 4 5 7 18 13 12 17 24 11 16 23 24 2 26 24 19 27 2 21 23 16 0 30 13 7 17 2 16 21 29 3 6 16 7 19 10 28 22 14 23
6 12 14 14 20 28 14 15 13 15 26 25 16 24 8 4 11 3 28 18 5 7 29 18 2 4 11 12 12 20 20 3 28 9 4 10 3 12 19 6 6 2 6 2 26 13 1 17 10 1 14 29 11 7 15
14 28 3 10 18 9 5 22 14 0 28 14 3 8 1 11 8 10 2 21 21 5 17 7 22 4 8 28 23 28 6 26 12 6 3 12 23 14 30 12 0 27 24 3 21 3 14 19 8 15 23 3 20 13 2
8 3 9 19 13 22 11 2 9 16 9 21 11 3 8 7 2 25 18 25 5 1 9 3 5 4 15 16 3 27 4 10 17 28 2 21 22 25 12 23 16 7 27 3 4 21 19 1 19 6 30 16 19 19 15
3 6 20 11 0 25 27 3 22 24 19 26 6 28 18 20 5 16 18 23 11 3 3 24 27 18 16 14 26 25 0 6 17 12 12 4 1 11 21 11 28 24 22 14 10 8 6 25 25 28 7 14 18 25 6
28 19 10 22 5 17 3 24 13 20 23 28 26 7 0 8 29 22 15 19 5 24 29 30 27 12 30 9 21 3 27 27 22 27 6 7 14 14 9 24 23 17 26 6 19 17 24 16 4 21 16 22 16 13 19
15 18 3 28 15 6 13 8 30 8 7 30 2 8 8 7 17 18 29 18 9 22 19 14 30 15 30 28 1 1 18 25 17 27 5 11 7 29 23 27 15 17 0 9 0 11 10 8 16 3 7 14 4 10 21
2 28 23 24 30 24 19 9 8 3 10 15 24 18 5 1 10 11 26 17 7 29 16 27 3 19 16 11 1 28 13 3 16 15 9 29 7 21 2 8 26 18 24 13 15 16 23 28 25 24 0 4 17 27 18
12 2 22 2 3 29 9 28 16 18 0 18 26 13 26 9 19 5 20 20 30 4 28 6 18 29 6 10 10 28 18 9 7 26 20 19 2 28 11 7 8 16 5 15 25 9 17 26 22 17 3 8 8 8 27
27 22 22 5 9 10 5 9 18 29 24 15 0 11 4 10 25 25 28 7 25 5 17 23 19 18 13 23 27 12 0 16 11 5 9 3 15 5 10 29 9 24 4 29 4 6 1 14 18 23 7 18 28 15 1
15 5 19 6 19 6 10 19 1 0 18 9 13 11 12 18 11 7 2 17 28 21 15 3 2 1 4 20 28 17 26 15 27 28 10 27 22 30 18 8 2 14 30 30 11 17 7 17 25 3 5 30 17 13 5
16 30 20 25 16 18 18 17 2 30 5 4 30 16 30 12 27 25 4 25 1 16 6 18 10 28 9 24 6 15 20 3 1 19 24 30 24 3 12 5 14 23 13 23 30 13 28 20 15 22 22 16 8 0 1
1 10 21 11 28 0 8 27 7 13 18 10 11 1 10 3 15 27 1 28 18 16 27 28 7 24 11 8 18 17 18 7 8 28 22 0 13 28 27 5 10 11 30 28 21 20 24 2 23 11 7 9 16 3 14
7 2 1 9 19 17 5 30 6 23 26 7 9 20 29 2 15 18 24 13 1 21 16 3 8 14 23 13 16 17 4 11 15 27 10 29 21 5 10 2 3 15 6 3 12 7 3 23 28 0 20 8 21 5 17
9 6 23 26 4 22 25 30 29 5 14 20 18 7 4 0 15 12 11 1 19 25 18 22 20 29 7 18 0 23 8 2 21 10 8 25 7 25 19 13 13 15 23 10 14 10 30 21 2 13 13 27 4 27 22
