59 59
18 13 9 14 13 22 0 19 20 8 12 3 21 9 14 23 27 8 5 3 23 4 21 25 27 28 1 9 23 1 1 9 13 28 6 5 24 20 28 13 20 16 28 12 4 23 30 23 15 25 27 27 20 11 30 22 3 30 24
30 29 9 22 1 15 20 20 13 29 23 30 20 2 30 15 17 16 20 21 15 13 0 12 17 25 6 14 24 10 26 16 5 22 25 23 12 20 17 26 9 1 15 16 5 26 24 25 8 26 4 14 0 11 8 25 30 15 28
8 26 26 15 24 21 26 13 11 24 3 11 21 12 22 2 28 4 13 12 21 8 7 11 29 20 26 21 12 14 3 21 22 6 8 9 24 2 1 11 5 8 14 28 21 26 6 30 27 2 26 25 16 22 7 11 16 12 22
30 3 22 16 3 4 11 24 23 13 1 29 14 11 20 5 16 27 15 21 18 13 21 25 22 6 22 12 10 8 8 27 30 24 24 10 7 12 25 2 7 13 25 26 20 26 2 22 20 28 28 26 11 7 29 29 9 30 20
28 30 27 1 4 15 0 4 7 17 17 22 10 19 28 28 30 21 15 23 26 16 17 1 1 1 4 15 11 23 21 19 10 26 25 27 13 27 27 8 30 16 22 27 30 8 3 2 1 18 25 6 15 22 9 11 14 24 17
22 13 25 19 5 12 7 0 23 4 23 15 27 17 28 5 23 15 5 13 5 10 9 29 30 26 21 23 30 18 25 8 27 0 30 2 11 28 5 24 8 27 30 30 7 25 8 3 3 24 2 13 23 6 10 1 16 10 14
30 29 4 21 7 19 16 12 24 23 7 9 27 19 15 4 9 25 14 17 29 3 7 16 17 26 16 16 8 17 7 9 29 1 28 22 22 3 23 28 11 15 22 4 7 5 11 12 17 1 28 2 15 23 18 23 28 28 27
22 21 6 30 25 5 14 21 18 3 1 20 22 11 12 11 8 8 15 14 29 27 4 23 14 26 3 15 1 22 28 14 5 15 20 20 3 2 7 9 3 14 28 15 16 18 3 0 7 25 29 6 9 4 24 28 2 12 18
9 21 22 21 3 9 5 0 17 9 30 14 19 0 13 28 13 24 13 29 8 29 11 8 21 13 8 24 11 26 5 28 8 5 22 17 29 27 22 30 26 7 12 19 8 3 19 10 18 23 11 2 28 28 23 6 25 1 22
14 6 10 28 10 17 0 30 8 30 2 11 9 23 29 13 28 20 16 2 19 15 19 14 24 29 0 16 21 28 15 3 18 6 5 0 12 26 6 21 1 26 29 5 7 20 5 6 26 23 12 9 5 30 19 14 19 2 6
3 10 8 3 19 10 9 4 25 8 27 8 12 9 18 20 12 18 17 19 15 11 29 17 9 3 22 12 18 0 20 1 28 18 4 24 16 21 10 5 22 26 1 3 28 18 1 3 20 15 25 15 26 29 28 4 17 14 28
2 5 1 1 10 11 2 29 0 27 6 17 23 25 21 24 15 16 11 18 17 17 24 11 11 14 3 21 30 6 18 17 23 5 18 6 12 19 3 22 4 16 14 30 18 14 22 18 23 18 29 11 13 19 5 29 21 30 9
18 21 5 16 6 0 23 7 14 6 21 24 0 13 17 15 13 17 27 15 12 3 8 17 21 17 11 27 6 30 12 1 2 19 30 3 23 14 1 4 13 20 1 8 2 10 18 16 0 2 3 0 0 1 27 11 27 27 28
14 24 17 24 16 14 2 1 7 22 3 3 18 14 24 16 25 29 19 27 21 26 24 20 14 5 19 20 5 25 3 14 6 8 21 6 1 23 27 19 29 5 6 19 23 6 29 14 7 0 9 12 21 7 18 21 23 7 5
20 29 2 29 4 2 25 3 10 11 3 6 3 18 8 9 0 30 30 22 26 11 5 1 5 28 29 25 30 27 19 2 28 12 13 19 24 16 5 29 0 19 27 13 0 6 28 9 1 4 28 23 27 30 28 11 24 9 1
2 23 22 30 14 9 22 0 25 30 4 18 27 28 20 24 6 2 5 15 16 23 4 22 11 8 11 3 0 18 12 24 11 2 17 8 27 18 17 22 5 8 13 29 30 6 12 24 2 29 3 10 17 0 24 20 26 11 15
8 12 5 4 20 24 7 28 9 28 0 29 27 10 7 14 22 3 15 11 26 1 10 14 28 13 24 25 25 18 21 12 3 11 30 6 12 5 13 8 13 0 23 6 15 14 6 24 24 20 12 10 9 28 19 10 27 16 30
20 10 13 20 8 26 18 14 15 28 27 20 26 28 19 0 8 16 11 3 15 6 25 28 27 28 8 24 29 17 16 24 3 29 6 8 1 26 12 16 2 29 14 28 19 29 16 5 28 28 17 12 9 9 2 10 11 4 14
13 8 0 16 0 6 19 2 29 8 20 26 22 15 13 6 28 16 13 9 18 9 15 9 17 16 16 18 5 14 16 13 27 16 10 17 23 29 29 14 6 17 24 8 24 22 6 1 3 1 21 25 9 15 14 8 2 12 10
30 3 13 11 1 2 22 29 19 25 26 27 3 4 8 18 8 1 4 11 7 19 5 22 24 6 4 21 4 22 16 27 17 3 21 14 22 15 16 10 20 1 21 22 15 25 20 20 10 25 0 0 21 13 10 26 15 0 18
20 12 0 2 9 30 5 11 0 27 22 27 24 17 22 29 27 3 24 27 8 19 20 29 19 1 20 24 28 30 26 22 4 0 14 15 10 8 23 21 30 29 12 8 7 24 0 3 1 27 14 5 10 30 7 3 4 8 8
15 28 11 30 5 2 10 21 6 29 14 23 0 3 14 3 22 0 1 13 13 9 5 2 11 22 0 7 0 30 22 30 15 0 9 29 26 21 22 21 21 8 0 2 0 20 25 5 27 21 1 27 19 6 26 25 24 16 6
14 26 13 13 30 22 11 19 23 24 23 17 10 9 28 26 27 10 25 6 28 11 4 25 20 28 18 30 12 26 15 10 6 25 27 26 6 22 9 12 26 17 10 30 18 8 27 8 20 28 18 19 12 8 8 6 15 28 15
5 28 17 15 28 24 12 21 0 15 24 16 10 15 18 16 12 1 7 23 17 5 4 26 17 4 12 10 18 17 5 19 25 23 24 22 27 26 15 28 27 4 23 17 1 10 0 20 25 16 23 9 10 14 17 17 29 28 2
13 23 12 1 9 21 25 10 10 3 13 7 23 28 0 14 30 27 10 5 21 22 6 17 28 10 7 24 16 2 0 10 15 4 12 28 2 28 24 20 13 1 26 26 5 26 10 20 14 26 4 16 22 18 10 8 10 11 28
7 30 11 14 4 4 9 1 22 28 2 13 20 0 6 22 21 22 3 25 3 29 27 3 27 30 24 29 4 30 5 2 29 16 25 21 13 15 16 7 24 4 27 4 9 2 13 6 22 24 3 25 30 26 15 6 15 5 9
19 12 11 2 26 29 29 2 27 28 21 29 9 7 4 6 23 11 24 27 22 16 16 22 29 4 0 10 2 25 25 21 4 23 9 19 26 11 11 21 30 26 30 8 0 26 12 23 6 4 20 13 15 19 28 10 19 19 30
21 13 2 6 16 6 25 30 10 21 0 20 22 11 20 11 17 25 17 9 14 23 12 0 22 27 21 18 9 1 28 9 24 11 26 5 11 1 18 17 14 25 8 28 28 15 25 25 6 6 14 12 9 16 19 15 9 15 14
25 20 6 14 22 2 25 6 19 4 16 4 10 15 15 9 9 17 21 8 25 20 4 13 19 7 14 12 14 16 16 17 20 30 22 4 8 23 21 21 10 14 9 11 21 29 28 14 12 24 10 17 13 25 27 26 27 22 30
27 3 29 27 9 9 5 25 10 9 3 30 30 30 6 9 11 6 23 13 11 9 7 17 17 14 15 5 27 11 7 23 5 22 29 5 7 20 1 28 17 14 8 27 29 22 23 14 10 6 28 20 8 26 2 15 10 8 14
23 3 6 21 24 24 17 4 4 28 18 10 7 14 11 27 12 2 10 29 22 12 29 17 5 2 5 23 16 12 4 20 21 14 19 23 2 20 17 10 8 16 15 10 13 24 11 15 11 7 25 9 1 26 11 20 9 6 19
13 14 21 11 15 13 22 3 1 23 4 8 1 26 27 1 27 22 26 15 3 6 13 4 8 0 21 17 17 21 30 18 27 22 20 11 18 1 5 1 18 9 24 3 6 17 12 5 6 13 7 12 11 4 2 17 14 7 10
21 30 28 16 30 6 18 24 17 17 14 19 2 16 21 29 26 9 29 27 22 9 4 15 20 6 9 7 21 22 28 0 20 14 15 1 24 11 16 11 24 18 17 30 18 26 3 28 1 2 5 2 23 7 1 29 1 30 5
28 13 23 21 2 23 21 0 0 20 16 25 6 28 20 15 29 21 1 1 3 19 26 29 24 18 1 19 2 21 9 3 1 3 0 4 22 12 15 21 9 12 11 25 28 27 19 30 19 26 16 4 30 30 1 27 30 3 4
19 0 19 6 13 26 4 14 5 5 13 17 24 5 22 24 6 2 10 21 25 25 26 22 23 10 27 19 18 30 14 3 27 20 5 0 25 28 29 11 16 8 29 5 7 5 3 17 5 15 12 1 14 28 17 21 28 24 20
24 6 14 16 0 28 7 12 17 27 0 25 5 6 30 9 21 1 28 19 9 24 27 15 12 18 5 9 21 6 10 28 12 26 14 28 17 19 5 19 11 17 23 19 14 3 22 12 5 13 22 24 11 21 21 6 7 18 11
12 11 15 22 23 2 12 6 25 12 11 21 27 28 24 6 24 18 6 20 11 27 3 30 26 3 19 18 7 7 19 15 11 4 17 7 22 29 14 10 10 21 24 21 16 2 21 0 5 21 27 20 16 20 11 13 23 29 9
7 6 4 28 9 28 5 23 10 9 20 19 3 10 21 23 9 28 3 22 12 3 19 6 24 6 8 12 4 2 21 27 19 13 23 11 13 18 1 5 4 13 19 7 30 26 30 26 6 14 11 1 6 25 24 8 19 27 5
12 8 12 11 24 2 7 0 24 28 15 4 11 20 3 16 15 23 7 16 23 16 24 5 2 19 11 22 24 25 13 4 0 18 25 11 5 17 14 15 15 16 26 27 23 26 7 18 7 26 19 24 9 16 13 10 30 24 28
1 14 23 1 16 27 7 30 19 8 10 4 1 17 20 28 16 22 22 11 11 12 13 11 30 24 9 10 11 18 5 20 21 11 5 5 12 3 5 7 24 29 1 20 15 13 14 6 30 19 9 8 9 25 14 28 6 19 26
20 5 2 10 15 29 15 18 23 21 27 28 15 10 21 30 3 17 12 16 28 4 1 12 2 5 13 13 18 16 7 29 13 25 0 13 22 24 20 14 13 18 20 2 30 12 13 0 11 20 13 28 3 5 17 15 28 13 22
9 21 13 22 17 5 21 4 26 1 17 3 29 20 16 17 11 3 4 7 21 7 4 5 22 2 29 10 11 27 20 2 30 11 7 8 1 22 15 17 27 15 16 6 27 4 5 27 9 12 30 14 26 11 25 16 15 11 24
12 11 12 25 15 6 20 15 1 20 13 17 28 1 24 21 3 21 7 10 2 3 17 17 7 23 17 2 2 1 3 3 12 4 20 14 6 28 5 17 12 23 9 14 25 11 1 26 26 1 13 15 4 23 19 27 30 1 4
20 4 17 23 26 0 22 20 1 27 4 23 8 3 9 4 20 27 24 22 16 20 6 20 3 19 22 22 13 18 8 0 21 15 8 14 23 11 25 16 27 2 2 11 24 5 19 21 26 24 24 14 14 17 7 12 24 24 2
28 27 21 28 8 7 9 22 27 29 2 23 14 24 30 28 23 7 1 2 6 9 30 30 29 3 3 19 7 28 7 10 15 3 6 6 22 9 7 19 5 11 7 12 26 4 19 16 1 16 24 21 20 30 1 1 23 28 21
23 7 15 29 1 18 14 1 7 15 14 3 23 23 27 4 14 17 7 21 8 11 17 6 14 2 17 21 12 1 6 30 29 26 30 8 0 20 8 21 20 6 9 14 18 28 0 26 27 7 6 17 18 24 23 29 10 4 23
7 25 18 12 17 14 8 20 21 19 8 11 4 2 11 24 13 30 28 24 17 0 13 23 16 17 4 24 6 23 6 17 14 27 17 28 13 9 12 11 28 1 6 25 19 20 22 25 4 16 30 20 15 9 6 21 2 11 7
5 22 24 13 23 9 16 15 12 7 19 15 8 2 14 17 10 2 15 26 28 11 24 29 18 20 20 27 27 2 6 4 16 6 2 22 8 10 9 18 2 21 14 20 8 8 8 29 21 24 24 4 10 21 20 23 30 1 5
19 26 5 19 14 10 1 25 26 15 24 29 25 30 20 13 23 22 28 2 25 16 22 26 21 27 24 25 28 16 16 20 5 6 7 25 0 22 29 0 19 25 7 14 0 7 14 28 19 3 14 15 17 22 9 4 19 13 30
6 23 15 1 14 4 11 7 22 1 13 14 17 25 26 30 14 4 29 17 15 17 1 8 10 19 28 21 27 9 30 21 0 15 8 17 4 28 12 3 4 22 24 26 21 18 22 2 3 24 15 30 1 21 2 19 9 4 20
22 25 25 1 1 21 7 17 25 7 30 3 4 1 7 21 13 22 8 18 23 17 10 5 5 8 3 19 29 18 23 5 11 5 21 17 9 20 5 23 13 22 13 28 24 6 8 12 9 19 19 10 19 8 3 11 18 14 2
4 8 20 27 19 10 24 15 7 2 12 25 22 2 21 19 5 8 20 22 3 5 27 3 4 18 29 1 10 10 3 9 13 28 8 28 12 28 5 28 10 3 28 23 26 24 12 27 25 29 8 29 15 11 3 5 29 0 16
29 15 3 30 14 0 3 0 10 30 28 15 14 29 16 20 28 29 24 5 14 14 0 11 28 8 14 14 10 7 17 23 15 16 30 15 1 11 8 0 1 5 9 26 18 16 26 18 17 3 28 24 18 23 3 10 8 30 18
23 10 29 25 18 5 18 24 30 27 13 19 9 23 6 16 20 23 27 21 20 17 20 30 14 19 23 29 24 7 0 20 0 14 18 14 12 0 16 7 9 15 2 18 25 20 12 22 0 11 17 11 19 23 25 27 19 25 7
28 10 17 0 22 16 1 8 20 18 24 26 27 18 4 8 4 22 25 12 12 10 5 16 5 8 18 19 23 18 10 4 17 0 5 19 2 9 11 2 29 4 11 22 0 10 15 3 8 11 15 3 7 21 22 7 15 23 13
17 16 1 18 12 28 10 15 19 20 12 19 20 12 12 21 9 5 5 26 13 27 17 5 23 21 9 5 0 29 5 26 17 24 2 12 20 27 23 23 27 15 12 27 16 29 12 21 17 1 27 23 2 20 6 27 3 9 27
16 1 20 24 3 13 21 4 30 13 0 5 2 21 27 27 3 9 25 16 5 11 16 30 15 15 30 15 17 24 19 28 19 30 2 0 6 5 16 22 29 30 17 2 26 11 1 14 24 17 17 6 26 8 21 22 11 2 2
6 7 2 28 17 8 15 13 3 5 3 23 26 24 16 19 6 27 2 2 10 11 18 15 10 13 4 17 26 16 17 2 27 12 9 16 6 4 2 27 12 13 26 16 2 6 21 25 2 21 19 16 23 6 1 3 25 10 0
24 8 13 3 22 9 19 21 30 2 27 0 17 3 14 11 25 20 20 4 8 11 9 4 25 8 6 1 1 5 7 8 1 30 29 16 7 4 2 7 17 30 15 20 5 27 20 28 21 9 9 8 19 12 5 7 15 13 21
