61 61
18 0 17 25 27 8 3 13 19 25 7 20 6 2 23 30 6 16 0 5 4 14 29 9 10 17 4 21 8 9 10 9 16 17 21 12 23 5 18 22 26 4 16 26 20 15 6 1 4 5 20 11 29 30 22 21 16 1 2 15 23
3 6 5 8 25 12 6 14 29 11 23 5 30 17 27 2 11 10 4 7 0 14 8 20 28 18 2 16 0 16 25 23 14 7 28 9 1 4 29 1 0 7 3 2 26 24 29 1 6 27 28 14 19 2 24 8 0 28 15 26 7
14 23 19 11 18 20 0 3 5 15 17 25 4 21 12 1 11 20 17 2 17 20 1 28 27 7 7 18 4 29 3 29 17 3 3 27 10 17 18 5 27 22 22 3 4 25 4 18 20 20 7 22 19 30 17 26 29 9 21 13 7
15 0 19 22 17 21 0 3 9 14 29 7 16 15 21 3 20 10 23 5 20 8 16 11 19 18 1 11 27 25 17 23 16 7 23 9 16 0 9 3 18 4 20 30 26 14 30 2 28 17 25 19 1 22 25 12 24 9 7 27 6
14 18 16 21 5 16 15 26 18 13 15 20 9 24 19 10 22 24 22 11 27 2 23 23 19 19 3 14 10 20 6 27 13 22 1 25 20 18 20 15 2 28 20 10 0 6 6 22 15 10 21 0 0 21 12 14 17 15 2 11 30
17 9 4 5 18 22 1 23 30 4 17 3 27 12 21 30 10 26 22 7 4 7 27 28 21 3 26 18 15 10 28 12 12 27 2 18 23 30 25 19 21 2 20 17 14 17 8 17 15 19 30 29 29 21 21 22 19 5 24 6 19
26 1 26 1 7 17 5 19 25 13 3 10 0 19 17 3 7 17 29 18 11 27 24 17 0 2 12 3 29 12 9 20 8 1 4 26 9 10 1 0 8 27 15 20 2 6 29 19 26 2 0 15 17 21 30 25 0 25 21 4 10
20 13 28 11 8 12 4 14 8 29 9 25 12 30 5 20 18 5 26 30 10 4 26 17 16 30 0 29 7 15 19 2 29 13 18 22 0 16 4 25 28 30 7 3 27 13 0 16 7 24 1 25 4 3 4 5 10 15 26 27 18
26 30 26 28 10 17 6 20 21 17 24 15 22 25 22 1 26 19 23 0 26 5 0 25 29 26 18 1 21 30 9 3 24 3 9 10 9 11 13 16 24 19 18 24 28 4 24 26 20 20 10 10 8 16 8 29 19 30 22 22 1
25 16 15 28 9 16 5 27 25 23 16 24 28 18 0 17 9 13 17 9 29 10 9 23 22 30 9 17 28 25 21 22 9 26 15 26 17 14 8 22 10 9 16 11 4 29 2 7 9 13 14 0 25 10 23 17 9 3 2 17 18
20 24 15 21 12 18 18 5 4 10 11 29 10 28 7 2 30 25 17 8 14 26 8 10 5 15 22 6 13 21 11 10 29 22 23 29 16 9 26 15 5 18 11 25 18 23 7 21 20 26 27 2 9 10 19 22 3 28 29 27 4
7 12 5 5 26 3 15 1 13 3 13 28 6 25 15 0 5 25 24 14 22 24 15 4 6 13 16 6 11 28 6 14 4 15 6 9 19 25 1 9 5 19 29 12 16 29 18 25 14 18 3 7 23 22 16 1 2 24 0 15 6
3 15 12 23 15 1 30 16 14 8 3 26 5 3 2 19 29 29 5 4 30 2 10 1 26 26 2 29 6 21 8 8 25 27 16 7 24 11 15 26 18 27 6 15 24 30 5 8 6 15 20 13 16 19 12 15 26 7 7 26 6
11 14 7 22 5 13 10 0 8 24 2 20 4 26 9 3 8 2 3 3 16 7 15 25 26 0 20 22 9 15 4 26 21 2 27 8 4 3 15 14 26 12 1 15 21 11 3 14 0 1 12 30 11 24 19 5 26 3 29 17 11
9 12 20 0 18 7 2 2 24 16 22 18 19 17 6 3 0 23 3 29 4 6 22 7 27 10 11 10 4 7 3 29 8 27 2 27 18 13 18 4 13 15 11 28 27 1 30 14 22 3 11 20 24 12 5 30 3 28 16 5 9
10 30 2 7 28 22 23 11 21 12 4 12 12 11 25 2 23 2 13 7 16 15 9 24 14 9 4 17 26 30 16 8 17 16 29 30 0 12 19 25 25 0 24 3 29 0 30 22 24 18 23 25 27 1 8 22 0 17 9 27 20
24 16 16 25 13 9 24 17 10 19 21 5 17 10 3 27 10 24 12 16 27 18 24 11 6 6 10 25 20 24 21 22 0 7 7 22 25 8 10 15 12 13 23 15 19 6 13 20 5 16 28 21 8 0 12 2 7 5 26 0 26
20 9 4 3 9 29 6 12 2 7 25 5 11 26 12 2 13 14 22 22 10 10 24 25 25 13 29 26 15 20 12 28 15 20 22 8 6 7 19 28 28 19 24 9 17 17 26 6 12 30 25 8 8 24 28 8 25 1 24 29 11
18 20 19 2 14 4 15 11 19 23 4 28 23 9 25 17 9 18 29 1 15 8 19 29 16 2 15 7 13 24 28 3 10 28 29 22 15 0 16 11 8 19 11 2 13 9 7 10 3 20 18 28 20 6 3 14 20 17 27 30 0
3 13 18 30 17 21 9 19 13 11 27 6 2 10 5 24 0 30 13 2 18 2 28 1 7 13 8 4 2 27 21 23 17 23 23 15 10 11 6 23 9 5 23 18 18 10 10 20 10 28 9 14 30 0 19 17 22 18 8 0 6
20 24 29 22 18 13 25 16 28 27 16 3 4 8 17 24 27 20 10 29 17 12 5 19 1 4 6 5 20 22 4 4 3 20 13 3 8 15 10 21 30 23 4 5 23 15 12 1 25 19 25 26 19 30 19 6 7 7 5 8 11
24 17 28 15 19 23 3 3 14 27 19 22 10 9 10 6 15 30 13 1 26 15 24 14 28 20 22 8 17 30 20 17 5 2 1 0 7 10 30 0 2 12 19 19 17 20 0 15 11 0 12 3 30 5 12 15 23 9 11 30 6
16 27 17 0 19 27 18 13 29 4 3 5 22 20 10 27 10 16 14 4 22 19 11 18 12 22 19 18 20 4 3 17 23 15 16 21 13 27 1 11 30 7 24 8 22 4 3 15 12 7 9 16 13 15 8 3 27 24 8 25 27
13 11 5 21 4 7 22 3 29 6 7 2 9 23 30 19 3 25 5 19 30 27 24 12 14 30 21 28 3 27 4 15 19 18 23 7 29 27 29 29 15 30 11 17 4 20 7 18 17 19 12 20 25 16 5 28 27 27 11 18 29
4 1 6 17 17 2 8 23 8 8 26 28 20 26 5 1 30 4 7 17 8 9 24 10 29 14 19 6 20 7 19 8 19 17 22 23 7 23 28 18 9 5 29 23 29 5 18 17 1 24 9 26 7 16 30 10 5 8 1 18 19
29 14 19 30 29 13 23 15 23 9 25 23 29 18 4 14 24 19 3 29 4 19 14 28 22 6 0 8 2 3 18 17 22 3 16 3 30 9 9 21 4 8 28 27 1 27 18 21 30 8 18 21 27 3 2 2 12 4 10 14 20
22 9 7 12 24 25 1 0 21 15 17 22 16 12 28 23 30 10 8 26 22 3 23 26 29 1 8 27 11 13 28 1 12 22 1 18 30 5 20 12 30 8 12 2 24 27 7 16 24 15 2 27 5 29 6 14 4 7 9 25 4
25 14 13 7 5 21 30 26 14 26 29 16 19 8 19 17 26 10 8 30 20 5 3 26 10 0 25 10 16 11 26 29 22 21 25 15 24 19 16 25 16 17 11 21 25 7 17 29 7 12 8 23 12 3 20 16 2 5 3 16 13
2 27 26 18 23 12 3 16 11 1 12 24 22 29 5 11 10 22 6 2 10 25 23 17 14 9 22 14 8 23 11 20 30 11 18 13 14 9 19 3 4 17 19 12 29 14 11 22 9 3 29 4 22 9 10 22 21 19 22 15 23
21 17 19 7 19 17 21 18 0 22 15 19 21 23 8 4 28 19 28 28 10 9 22 14 13 11 27 28 27 25 27 24 0 26 9 8 30 10 20 16 26 3 19 14 11 27 23 10 27 28 5 25 4 8 6 20 5 16 10 4 13
25 25 25 27 0 17 24 29 16 11 17 14 15 6 24 1 5 2 23 20 24 21 29 26 0 14 0 0 2 3 2 7 11 29 5 21 9 5 17 11 21 7 28 6 13 28 20 11 22 10 30 26 20 7 6 25 25 13 18 16 0
12 12 4 26 9 26 3 25 7 9 29 5 20 10 20 9 0 22 16 27 18 17 11 0 2 24 24 21 24 22 4 23 8 30 7 13 21 12 15 4 0 23 22 27 13 15 0 19 8 2 6 7 16 30 17 6 27 12 5 0 20
30 26 30 8 29 4 12 14 22 8 19 19 11 11 22 3 16 24 2 30 17 27 26 28 5 1 29 3 12 11 13 20 23 29 5 25 26 10 14 9 19 18 22 23 8 17 6 8 23 25 6 2 21 7 14 30 30 8 24 24 0
16 19 23 12 30 15 1 26 21 4 13 8 29 15 0 25 18 19 10 24 18 25 25 26 18 23 11 8 8 9 25 6 28 16 27 29 11 20 15 21 22 22 23 4 10 14 16 18 14 26 1 0 14 10 9 10 12 1 10 4 24
8 23 22 13 3 24 23 10 18 23 6 22 13 5 1 17 9 11 23 21 28 23 25 18 16 18 30 27 16 8 4 15 8 24 1 11 19 16 25 19 7 16 15 9 21 4 28 22 0 19 25 14 23 10 9 21 10 20 20 28 14
3 29 11 22 29 4 29 9 21 22 21 5 30 5 3 25 1 18 23 22 25 19 10 13 28 21 21 23 8 7 12 9 9 18 9 9 9 22 18 11 30 30 9 2 27 17 6 0 11 27 16 2 10 25 22 11 8 12 28 26 12
19 3 12 24 2 22 22 4 25 0 21 5 28 1 11 4 29 1 27 14 6 5 14 18 11 28 29 11 26 7 30 28 0 12 20 15 2 30 29 13 9 9 1 8 21 29 25 13 30 27 5 17 12 5 13 0 11 5 27 21 7
12 10 4 26 0 16 15 21 10 9 14 0 24 10 6 14 6 14 22 18 2 30 21 23 6 5 7 4 17 3 27 15 28 10 22 13 12 3 14 13 26 23 14 6 3 29 1 15 17 9 22 8 13 10 9 19 11 3 30 17 21
25 8 23 27 13 2 7 1 19 7 5 15 21 9 10 18 15 5 13 9 17 4 24 22 11 8 1 18 21 19 24 1 18 1 22 5 8 17 26 19 24 25 22 26 25 3 10 21 9 8 13 9 8 7 19 25 2 0 22 17 5
12 26 4 15 15 1 23 23 13 11 10 8 10 19 25 17 15 30 9 3 7 5 16 17 4 9 12 2 4 24 22 16 27 21 17 24 11 9 2 13 11 11 23 6 3 2 21 7 6 8 8 26 9 5 23 11 7 10 16 20 7
1 0 21 17 14 0 30 12 1 8 8 28 24 22 8 20 14 28 4 20 21 27 4 19 29 4 9 12 25 29 8 9 9 10 16 20 14 3 20 20 3 7 25 19 0 0 2 13 21 26 19 9 18 6 15 21 17 19 16 11 22
2 9 9 22 19 24 4 12 25 21 1 23 12 0 24 20 24 3 23 11 25 6 23 11 22 15 3 16 6 14 14 16 21 12 12 2 0 14 18 29 26 1 21 9 12 18 24 4 28 26 19 1 7 24 6 14 2 24 13 20 4
23 26 29 30 4 26 0 12 2 14 21 19 12 12 22 1 0 2 12 11 17 26 0 6 14 3 23 14 25 23 26 14 8 11 5 4 12 22 20 13 24 9 15 28 24 25 25 29 14 9 23 19 27 18 14 6 8 10 26 13 0
2 29 18 28 14 10 4 0 24 6 8 28 25 28 18 26 27 9 3 6 30 24 8 19 23 4 25 0 30 18 30 13 15 28 11 24 19 12 22 18 7 2 8 16 29 5 15 5 5 17 26 14 8 10 4 7 23 15 2 20 5
30 1 9 5 12 18 19 24 16 21 16 11 0 18 12 8 19 3 12 21 3 16 0 27 26 2 11 14 23 26 8 26 30 9 25 14 26 8 12 23 4 19 2 27 0 15 22 12 3 19 13 24 23 18 9 12 30 15 11 10 24
0 9 12 14 1 1 4 15 8 5 19 27 12 24 10 13 12 9 15 13 11 6 6 6 9 2 1 12 3 29 10 13 27 27 21 6 0 6 13 11 19 28 28 19 21 16 11 4 19 6 23 5 23 9 12 24 13 21 25 24 11
5 18 25 23 20 5 22 8 5 7 2 24 23 24 22 28 11 4 12 3 22 12 3 15 11 24 7 5 5 2 27 20 12 13 28 27 14 9 13 9 27 21 15 14 20 1 17 2 2 27 21 29 25 20 22 5 12 25 16 21 9
5 11 26 10 17 1 6 19 9 10 9 14 13 30 23 13 24 0 20 26 19 7 11 1 20 26 26 14 6 29 9 1 10 24 21 7 19 12 17 10 27 6 8 26 10 27 11 29 17 23 28 5 19 2 5 24 23 11 14 0 17
28 18 11 16 22 9 4 24 8 7 7 4 15 0 24 9 2 24 13 24 15 27 18 6 9 12 17 1 7 3 21 7 7 12 7 5 8 28 24 25 9 21 18 3 28 14 23 10 11 1 14 4 7 14 6 9 20 30 9 24 17
14 27 13 9 18 25 10 5 14 10 11 19 9 15 26 12 18 30 7 6 10 15 5 25 27 8 15 2 8 27 3 29 0 8 26 1 30 11 17 11 4 18 9 10 20 12 23 3 25 22 22 10 18 12 2 12 27 23 20 7 2
3 14 2 20 26 2 8 24 22 4 25 16 5 10 7 21 11 11 17 5 1 20 6 22 13 6 0 13 18 16 30 11 2 4 28 5 21 24 24 28 18 11 16 22 12 29 22 8 8 30 18 19 10 28 14 8 20 27 19 27 1
15 15 28 16 19 5 26 8 0 10 7 10 30 13 30 27 30 30 27 1 6 7 11 22 23 6 15 0 0 29 30 19 13 24 3 24 25 10 24 23 26 11 30 16 25 4 15 3 15 30 21 22 16 26 5 17 11 26 2 5 30
15 20 30 21 11 21 16 22 7 6 1 6 1 29 22 16 13 6 11 2 9 20 24 3 20 4 6 18 2 12 4 30 12 12 7 28 18 23 13 27 8 17 28 28 25 12 8 19 8 8 8 0 20 1 19 15 14 20 29 18 15
22 29 3 29 21 23 7 4 2 21 28 8 27 25 0 29 12 14 28 1 18 13 12 3 12 1 27 14 27 29 16 18 15 21 27 16 21 13 10 9 3 11 14 7 1 17 15 7 25 28 22 29 11 20 8 12 23 19 18 18 13
19 17 26 6 29 11 10 15 28 15 12 28 2 13 25 21 24 8 9 8 27 27 19 16 25 20 4 5 20 8 11 9 17 28 0 13 17 1 29 5 26 20 14 13 6 15 0 4 18 7 25 11 28 16 18 18 15 17 12 26 0
17 1 10 3 27 1 12 29 5 28 21 17 28 4 24 17 5 24 10 1 2 20 28 29 29 28 29 3 12 22 5 25 27 22 7 21 17 10 18 19 22 8 30 2 23 15 30 19 16 9 28 15 17 19 30 27 2 21 5 26 2
10 25 16 25 29 6 0 29 12 13 1 27 3 13 7 19 9 5 28 9 28 22 28 6 19 21 24 30 16 11 5 6 5 14 0 13 7 10 11 3 19 14 3 23 13 5 20 30 3 0 10 27 5 19 6 18 25 10 27 9 27
15 16 13 10 19 4 8 1 28 0 0 23 30 14 3 25 3 20 1 7 16 14 19 24 16 16 7 28 0 22 12 21 4 25 19 11 6 20 11 29 3 23 17 22 22 29 0 29 30 15 23 26 0 15 17 12 4 16 0 11 12
5 12 1 18 27 6 6 13 24 9 2 20 21 12 23 6 19 8 26 18 9 4 13 5 16 24 10 13 25 20 16 25 6 11 21 3 14 6 25 20 26 7 15 3 27 26 4 3 18 7 4 13 24 0 2 12 20 26 27 3 29
6 12 8 30 6 2 27 24 2 12 1 19 6 25 29 25 28 7 11 28 26 8 11 15 27 9 2 20 24 22 30 23 27 8 20 23 23 21 17 21 28 23 12 11 5 0 0 12 8 29 28 11 12 15 4 5 26 6 26 17 15
20 23 13 5 29 7 13 10 28 4 30 2 10 17 9 17 14 2 16 17 2 10 30 0 14 17 17 26 28 24 5 0 4 16 16 26 14 10 0 8 6 0 23 13 12 14 24 1 11 22 27 23 0 0 10 13 11 17 4 15 12
