64 64
16 7 20 2 28 0 27 24 19 3 20 27 11 29 20 0 17 21 23 9 2 3 16 0 4 29 20 26 23 30 15 24 15 5 8 13 3 30 26 26 14 27 8 14 25 16 26 17 27 16 15 5 30 20 12 17 10 27 0 25 21 3 17 0
14 3 9 20 30 2 21 24 15 7 20 17 28 15 22 27 25 20 24 25 6 14 6 4 9 28 18 0 20 18 23 12 12 28 6 4 29 22 22 22 26 1 2 12 19 14 22 28 30 21 19 0 21 4 29 8 30 16 4 1 29 28 22 3
19 21 20 9 8 9 0 2 25 21 1 4 29 10 2 13 10 24 12 7 18 26 4 25 26 3 1 9 13 5 18 23 26 11 22 18 6 11 19 3 1 8 30 0 15 0 3 12 24 11 15 23 7 24 24 30 8 8 25 13 24 16 18 18
26 5 20 14 6 0 5 19 6 7 28 2 6 28 7 11 23 8 24 9 19 10 13 8 18 0 7 15 1 10 29 21 27 18 10 17 27 21 1 14 15 29 11 15 13 17 8 26 29 13 11 7 27 29 3 9 23 8 7 19 17 13 27 19
1 22 28 22 28 8 23 1 0 12 16 26 27 21 22 5 13 7 28 29 14 17 25 21 16 0 18 22 8 9 25 18 6 14 0 26 12 28 7 29 9 15 7 19 23 25 20 24 5 13 3 0 22 11 28 13 14 10 27 2 20 10 1 7
2 27 22 15 11 4 15 18 7 28 7 14 16 15 20 13 7 17 29 24 27 8 24 30 16 25 11 3 26 30 22 26 0 25 10 25 25 22 23 22 19 15 2 23 25 28 18 10 25 5 3 16 3 17 15 27 14 6 11 8 5 15 18 17
9 28 4 20 9 13 30 0 0 12 1 14 14 1 1 1 13 15 27 12 27 13 24 0 2 15 15 23 10 16 11 6 7 7 7 18 14 16 15 13 20 0 13 12 11 30 4 20 7 15 7 29 30 8 19 9 19 7 18 16 6 24 12 16
0 13 3 3 8 9 10 24 16 21 24 30 9 1 3 30 1 11 8 18 23 26 19 3 28 23 26 1 8 23 5 27 20 19 27 9 16 9 0 7 14 19 6 13 14 3 19 29 21 7 9 22 7 24 18 3 9 16 29 27 27 20 2 29
27 9 0 25 15 28 7 9 28 10 2 22 10 13 25 17 27 19 3 0 19 1 3 19 11 16 24 28 9 10 25 8 22 24 6 2 27 13 16 27 28 9 13 15 11 17 13 25 1 13 12 21 27 30 12 3 24 4 6 27 23 11 21 29
4 15 16 19 30 29 21 17 28 13 29 6 23 8 20 29 3 7 11 2 2 8 7 24 4 15 5 9 28 2 6 5 29 12 15 1 19 14 29 20 3 4 11 1 4 27 26 16 20 8 12 3 0 20 9 9 27 26 25 5 19 11 7 27
13 9 20 4 8 15 21 28 24 16 22 7 25 6 21 13 29 10 2 30 26 22 11 30 25 21 12 6 15 7 18 7 11 12 27 8 7 2 10 22 17 3 20 17 5 8 5 18 24 14 30 24 7 22 7 15 10 6 24 24 2 26 24 24
19 13 8 2 11 27 14 26 20 20 21 25 5 4 15 29 18 29 19 6 18 6 25 7 8 4 9 10 17 30 1 9 15 23 1 22 26 0 0 1 19 20 19 22 0 5 8 21 25 11 4 0 16 29 3 9 12 3 9 5 9 14 9 8
20 5 9 15 12 21 4 5 2 9 2 0 4 11 16 0 11 21 19 26 0 25 5 18 10 26 0 2 15 14 0 27 23 11 26 0 15 22 23 7 29 21 26 27 13 23 8 4 27 4 8 27 26 14 9 7 2 14 15 25 6 5 27 1
25 7 27 16 26 8 3 24 0 19 28 14 19 21 16 19 8 11 17 3 5 18 24 30 29 28 15 30 2 24 3 15 6 15 23 24 8 26 28 16 7 6 18 16 3 12 6 23 14 9 18 27 8 19 14 12 25 9 26 16 5 17 14 24
16 15 0 26 12 5 5 25 2 20 2 1 22 2 8 8 2 14 6 26 14 21 0 15 29 21 25 4 5 16 24 11 25 21 5 0 11 8 23 21 0 5 0 17 12 25 5 29 0 18 9 13 8 19 0 27 9 2 15 2 28 8 25 11
16 11 21 13 8 1 11 3 28 1 21 26 16 28 1 22 0 26 21 5 3 24 27 4 5 12 13 8 26 29 27 25 26 11 19 10 22 1 19 16 11 21 19 20 18 0 25 4 22 4 16 19 21 0 14 12 17 26 23 15 0 18 13 11
8 28 20 3 4 0 17 5 0 29 18 28 14 9 10 0 24 3 21 25 1 29 28 30 27 2 7 2 2 17 18 9 16 28 19 21 11 14 5 9 13 5 20 27 30 24 21 0 3 27 15 26 13 22 9 4 3 1 7 10 4 11 9 3
0 19 1 7 12 23 16 29 3 26 12 25 6 13 12 29 25 23 4 6 21 4 18 13 6 10 15 18 12 9 14 21 6 10 25 11 30 10 30 13 13 11 25 27 28 4 22 14 23 20 0 15 17 30 9 25 15 6 15 10 26 21 11 27
16 21 8 15 6 18 8 2 22 28 29 0 14 26 24 8 21 26 8 2 29 4 26 22 16 25 16 2 21 18 1 16 15 29 0 12 30 28 8 26 12 30 13 24 12 4 26 19 5 11 2 15 5 27 20 25 0 28 7 7 8 0 25 13
17 3 0 4 23 24 7 2 24 18 4 17 16 10 5 11 7 24 29 7 1 0 8 21 21 11 29 7 27 24 18 25 9 19 8 29 9 17 20 1 6 22 28 13 7 10 25 9 7 28 13 20 13 3 29 3 13 29 24 17 4 14 29 14
20 15 3 9 1 5 26 6 2 11 18 1 2 28 11 8 13 13 9 22 24 19 9 27 7 20 18 8 24 14 27 19 19 15 26 17 8 1 30 28 4 27 9 5 15 6 15 2 11 29 19 17 21 30 3 14 28 27 29 9 25 1 20 19
2 26 28 18 2 9 8 30 22 21 23 14 10 2 16 10 17 6 10 4 8 26 14 24 5 25 25 22 8 2 9 5 18 24 20 21 8 16 2 5 4 18 13 2 18 17 28 17 9 14 29 24 23 29 30 21 9 9 1 5 16 26 26 22
23 19 23 15 7 13 17 0 23 15 2 6 29 27 18 30 5 1 7 21 9 20 16 16 8 10 6 24 23 8 10 21 26 27 23 7 6 19 0 16 19 10 8 19 5 0 11 25 7 24 6 14 28 5 4 24 5 18 2 27 14 16 6 17
22 28 28 19 9 0 25 26 16 7 27 5 6 7 4 0 6 26 11 2 0 8 11 11 7 28 23 6 25 19 24 15 0 27 19 19 10 5 3 21 1 23 20 24 17 7 22 15 21 1 0 3 29 13 6 15 12 28 1 26 10 7 18 28
30 12 12 19 18 3 29 14 9 17 21 1 13 23 21 22 8 20 5 24 19 0 7 12 17 28 13 4 14 27 1 18 5 6 21 18 25 3 8 29 13 19 10 7 5 12 24 1 28 6 3 16 7 27 30 4 4 20 12 11 8 9 16 11
11 12 23 25 18 18 25 23 3 29 16 26 21 15 13 4 11 11 13 8 20 19 20 25 6 25 10 27 2 20 9 9 3 25 20 22 15 8 14 7 1 17 2 1 0 3 18 9 30 16 19 28 4 23 18 16 30 1 5 3 9 23 1 11
29 7 1 23 19 5 2 16 16 1 16 17 5 11 30 22 5 2 27 11 12 18 4 23 8 16 14 22 12 7 4 11 20 1 12 12 24 30 24 6 28 27 1 27 6 28 19 28 17 0 5 26 10 28 19 18 25 9 27 30 22 0 13 15
13 26 1 8 3 2 21 10 24 30 25 4 22 19 9 18 19 26 20 17 26 12 11 6 30 6 21 15 22 6 21 8 12 12 17 30 30 12 27 23 9 28 20 28 0 30 16 20 4 0 5 14 10 16 26 28 30 25 6 6 19 17 21 22
23 2 8 1 10 16 16 10 17 3 28 17 18 14 23 30 5 13 18 6 20 14 2 17 9 16 9 11 14 26 8 29 9 8 24 6 10 14 7 0 7 16 18 14 23 12 0 8 7 20 9 25 20 8 4 2 20 18 12 22 2 6 9 26
27 22 19 3 8 29 13 4 23 25 22 27 17 4 9 18 20 8 22 29 4 10 12 12 5 27 23 0 4 4 25 27 27 16 26 6 24 25 1 17 0 22 13 17 17 18 27 28 8 28 21 17 20 17 4 14 2 22 29 9 9 29 29 12
23 4 9 1 14 14 21 19 15 20 17 2 18 9 11 12 10 7 13 8 25 26 16 13 16 25 4 0 16 6 4 26 17 14 24 26 4 20 27 24 4 12 27 6 27 14 21 12 3 16 28 11 11 24 4 10 1 13 4 4 2 30 10 21
21 17 30 16 23 4 25 4 20 27 3 24 12 24 7 14 8 3 8 26 11 4 11 3 3 1 4 19 9 4 1 3 20 9 8 28 19 29 11 3 25 17 4 19 23 14 14 18 0 2 5 29 20 17 23 28 25 14 13 27 7 9 4 27
5 24 3 19 7 29 21 15 3 27 27 22 23 11 5 8 18 15 14 4 0 30 9 8 25 27 15 22 13 2 26 22 25 3 28 7 0 12 12 1 7 24 1 21 29 12 16 26 30 19 17 27 15 25 24 28 2 0 24 8 12 2 28 2
0 27 22 5 4 16 2 18 0 13 15 9 16 27 25 21 13 8 3 10 30 13 4 14 7 21 10 1 16 1 28 22 28 18 10 26 4 16 25 18 5 21 21 16 5 15 26 28 12 15 17 30 6 26 30 29 28 21 19 22 10 8 16 28
14 13 27 21 19 29 22 24 26 5 18 0 2 30 4 5 13 22 8 17 16 4 25 5 30 13 11 22 15 24 12 27 21 30 25 19 8 15 20 7 8 21 23 26 17 23 21 0 30 23 21 2 10 29 6 21 27 29 7 16 19 8 13 11
20 21 23 2 9 5 6 21 10 12 6 9 14 7 1 18 15 25 18 25 14 13 16 14 7 12 22 1 3 4 21 22 24 23 5 24 13 18 28 12 26 3 26 2 30 20 22 5 7 22 6 22 16 26 28 4 10 7 15 22 18 18 16 14
22 8 7 11 13 24 0 9 16 0 22 0 7 13 11 7 15 2 5 12 12 10 7 15 3 24 30 10 30 11 11 28 20 0 1 5 6 1 13 19 29 1 16 3 13 15 22 10 29 23 18 21 21 13 3 30 26 16 9 0 3 9 17 17
18 20 7 19 24 9 0 21 0 1 26 8 12 30 25 0 16 20 1 22 3 23 13 29 7 11 6 9 22 13 0 29 29 9 3 28 21 17 6 27 2 10 2 13 29 21 11 28 23 16 27 11 24 28 28 8 21 0 29 10 5 13 0 17
2 24 16 11 16 30 21 21 8 6 22 6 12 6 25 14 22 14 1 28 16 19 12 4 30 28 14 1 11 24 15 24 29 6 4 28 30 16 29 22 16 19 8 10 4 8 1 21 2 19 13 12 1 22 28 5 19 26 28 29 28 17 9 0
3 16 0 12 0 10 17 26 3 11 21 5 11 6 2 22 18 11 27 21 26 16 8 9 13 26 23 0 25 1 7 21 10 7 30 6 7 20 2 26 29 1 19 28 30 1 18 8 2 3 6 0 3 3 4 19 25 0 28 21 3 4 13 25
29 23 28 10 16 25 11 6 5 7 23 23 7 28 9 23 20 12 23 28 24 5 19 20 24 21 7 1 20 14 4 20 9 30 14 20 15 19 3 14 29 22 22 27 20 1 0 3 17 21 23 21 5 8 14 1 27 25 2 12 17 17 30 3
6 23 6 18 2 10 21 3 7 0 6 26 2 27 23 6 6 26 25 6 29 18 4 7 6 12 25 29 5 28 10 7 19 8 16 10 18 5 7 19 14 2 14 27 20 2 22 23 16 26 23 6 29 12 17 10 18 9 18 6 11 23 3 24
23 27 15 18 28 11 12 3 23 26 13 12 24 19 30 12 7 19 23 25 9 27 17 0 28 9 8 14 3 4 1 1 26 2 23 2 29 7 20 22 24 4 18 9 17 26 14 19 2 21 28 8 9 19 27 24 23 6 29 19 23 23 18 10
12 10 18 10 23 0 5 25 21 24 0 18 20 6 20 14 28 24 14 17 9 24 13 10 21 23 8 21 20 18 27 27 16 0 12 4 25 11 17 23 22 8 25 30 26 24 4 30 0 20 16 14 6 24 23 7 26 21 22 28 30 21 15 28
7 14 7 22 15 4 3 20 17 21 14 14 29 6 20 9 21 14 7 2 5 12 4 9 12 22 12 10 17 3 14 7 7 11 5 10 14 21 15 27 11 21 28 11 26 7 3 11 16 17 19 22 24 15 28 17 6 21 28 11 10 6 23 0
29 23 18 4 23 4 24 28 11 9 5 1 14 21 30 12 5 26 23 12 8 20 25 25 15 11 19 6 21 8 21 2 29 25 22 4 1 8 29 18 28 27 1 0 6 21 27 18 4 2 21 11 20 14 13 22 27 16 24 26 2 6 10 5
13 25 18 13 0 28 7 25 14 15 28 1 26 30 17 6 2 27 22 24 9 9 18 0 20 12 22 25 5 15 27 19 17 30 9 11 20 6 15 20 20 9 24 30 13 29 18 3 2 25 12 2 14 13 12 16 2 27 11 10 17 21 2 4
11 17 7 3 28 0 13 1 28 24 1 11 28 15 5 9 12 5 1 20 4 17 2 24 28 23 9 7 28 25 18 5 20 9 9 10 19 18 17 12 8 11 21 20 1 5 5 16 15 20 13 17 5 5 19 17 28 19 8 16 27 20 0 18
16 19 10 2 12 26 25 24 5 30 16 14 14 5 23 8 12 23 29 28 17 23 13 15 0 18 27 11 28 23 14 2 17 2 8 17 30 1 1 18 19 26 15 27 10 23 23 11 29 25 26 3 17 16 21 8 5 13 23 5 18 19 20 2
19 15 28 21 14 9 26 25 7 29 16 26 24 19 0 23 6 27 21 2 28 21 14 12 18 13 2 2 2 7 3 17 8 0 30 1 3 6 13 14 15 10 18 12 2 21 24 15 15 10 10 10 8 15 10 4 24 20 1 25 30 23 10 9
28 19 18 14 7 21 9 28 21 17 14 27 26 8 4 2 3 17 14 23 14 3 20 19 22 17 25 21 24 26 22 12 1 28 22 2 15 26 23 18 17 14 7 12 9 3 3 6 17 19 2 24 5 19 5 3 5 19 17 0 18 20 1 7
20 27 26 16 18 4 15 5 16 28 7 3 11 24 8 29 10 0 9 16 16 3 22 27 5 18 17 4 2 27 9 26 8 26 6 29 2 27 21 21 1 22 5 20 18 12 1 16 1 23 0 0 22 29 29 24 25 19 22 19 9 6 17 13
0 19 10 13 20 18 23 29 26 12 9 10 1 21 18 13 27 8 7 3 15 26 22 25 4 29 9 6 27 15 12 11 11 20 20 19 2 17 3 4 11 3 27 22 24 22 11 16 25 24 11 0 13 17 16 16 8 26 29 8 7 27 9 21
7 15 1 8 27 24 8 18 2 15 4 18 19 10 0 23 5 29 29 1 29 7 3 5 0 26 7 13 5 25 7 10 20 14 12 9 17 3 3 2 5 22 4 18 2 25 1 12 27 29 14 15 3 9 2 24 16 30 8 9 14 23 2 7
5 13 2 14 21 19 13 19 12 22 4 22 22 22 28 24 12 28 23 23 3 12 21 24 30 11 4 24 8 7 16 28 4 30 11 28 13 11 6 5 4 21 0 30 13 14 13 24 26 11 8 17 4 25 10 24 19 6 5 8 14 6 4 8
10 8 13 19 30 21 16 9 28 21 17 5 11 0 18 26 29 27 29 12 26 29 5 27 15 27 8 27 10 16 23 28 14 29 19 15 24 0 16 28 8 27 7 20 5 3 30 22 9 20 9 16 26 15 2 1 18 0 9 27 18 23 16 28
2 9 7 16 25 17 8 14 21 1 5 21 22 30 27 5 8 26 3 24 9 15 9 5 16 2 17 1 21 19 28 27 25 18 4 25 22 21 4 8 5 22 27 0 11 29 16 10 5 11 30 13 26 29 15 11 27 14 10 20 0 8 29 23
6 29 8 22 30 12 1 7 21 25 3 9 22 14 0 15 14 26 30 20 4 28 22 17 28 11 5 19 18 20 7 21 1 22 12 28 11 29 20 3 28 24 22 5 27 14 6 7 10 9 17 7 14 5 27 0 20 11 23 22 4 14 3 6
22 26 22 3 12 23 14 10 27 21 8 3 15 27 14 26 16 15 7 2 10 14 25 19 15 19 0 7 7 29 7 11 17 2 25 16 16 6 6 14 27 13 27 22 9 20 19 12 20 20 26 26 22 8 0 14 4 3 17 4 11 0 17 9
24 4 6 26 3 29 23 22 13 10 29 28 9 20 21 28 16 20 25 2 13 7 24 3 29 11 27 2 6 22 24 1 7 17 4 26 20 24 6 26 1 17 10 11 29 12 14 27 7 12 7 13 17 0 11 29 14 27 2 25 25 7 27 18
16 1 3 9 1 20 16 19 8 15 21 26 22 16 19 4 19 23 5 24 3 12 18 13 25 0 4 21 12 12 14 15 2 25 24 28 4 23 4 29 22 25 28 28 24 28 27 12 16 13 16 16 21 6 15 11 22 23 24 4 0 16 24 0
1 4 15 6 5 22 11 22 15 18 7 3 29 29 5 16 21 21 2 17 14 22 2 12 10 25 13 30 13 13 26 26 17 20 21 24 20 20 17 16 15 9 5 11 9 10 7 30 0 1 4 26 26 15 0 3 1 29 21 30 25 23 13 4
13 10 19 7 16 24 22 8 11 3 29 2 7 27 25 26 12 22 3 16 26 0 2 9 3 0 8 7 23 26 27 21 17 0 18 10 8 18 18 30 4 11 28 25 29 30 21 4 25 27 18 2 29 0 30 14 5 26 24 12 10 8 28 0
30 19 11 21 27 27 7 30 24 10 27 17 23 20 18 7 23 16 9 28 29 22 26 2 17 14 14 6 21 30 29 6 30 24 29 11 23 23 11 4 4 9 14 1 15 12 20 3 2 20 1 23 26 13 0 1 30 15 9 11 5 22 16 16
