65 65
22 27 24 27 23 4 14 28 21 2 17 1 8 15 12 7 10 3 18 15 16 16 28 28 13 25 19 2 23 4 8 0 0 13 22 13 9 14 2 11 14 23 18 6 13 18 11 6 24 10 6 28 30 14 9 19 16 16 25 9 8 13 16 13 5
5 20 11 11 14 27 22 16 6 3 23 7 25 4 16 7 5 17 9 16 1 20 25 24 20 17 22 24 12 5 14 20 19 15 4 16 18 10 23 13 6 8 11 29 23 17 21 14 22 12 28 8 26 14 3 10 2 30 12 13 4 15 0 21 21
20 16 4 21 13 13 4 17 12 25 23 8 4 19 8 3 26 26 9 4 9 7 21 23 26 1 1 2 1 23 17 27 26 20 18 21 15 9 12 18 4 12 9 2 15 25 0 22 20 19 6 0 19 3 23 0 19 28 3 5 1 30 26 0 16
15 3 23 26 19 14 3 13 18 23 17 26 11 4 1 23 28 16 23 21 14 4 21 17 15 17 14 16 23 8 23 30 25 26 22 1 2 6 23 9 23 15 0 3 29 16 0 18 16 13 15 10 29 10 16 17 6 1 16 28 24 4 12 22 23
28 16 2 2 10 23 10 0 15 11 27 14 5 13 25 12 0 14 9 0 10 27 3 29 5 11 14 15 14 11 0 9 26 10 23 2 21 3 14 19 9 30 13 12 24 8 25 13 3 8 30 13 11 16 27 7 26 23 6 28 3 22 22 20 19
8 30 19 0 24 14 1 19 11 26 29 2 4 8 12 23 10 3 27 13 11 7 16 21 1 21 21 14 13 2 30 11 21 23 15 4 14 2 11 30 15 28 1 2 11 7 10 3 26 27 9 22 4 22 3 23 12 23 7 23 20 5 12 0 19
4 1 25 19 2 23 14 8 2 27 25 12 25 6 23 22 21 26 12 10 16 19 7 7 9 13 1 3 11 28 12 3 19 17 10 16 7 0 17 7 6 13 2 0 12 22 19 24 17 9 8 2 25 1 13 0 24 23 3 11 30 14 0 8 21
25 16 24 22 5 28 14 0 26 23 1 0 23 28 15 4 30 17 4 16 14 18 4 4 21 7 3 29 13 4 23 3 12 24 1 24 13 7 14 7 14 25 19 24 10 14 30 4 24 14 11 17 10 8 7 17 9 24 5 24 29 7 22 7 18
1 14 6 1 28 6 0 25 17 6 10 21 10 14 16 12 2 6 9 3 30 23 5 5 13 29 18 27 16 29 23 28 7 25 29 15 10 22 25 1 6 2 29 22 30 27 30 21 18 0 7 26 0 9 5 29 30 20 26 11 8 29 16 5 0
6 29 21 17 5 12 8 21 18 9 5 19 16 6 16 0 2 10 29 25 6 8 26 4 29 20 4 14 15 0 29 30 1 28 9 26 30 30 7 11 6 22 2 11 4 19 8 29 24 24 0 8 15 18 1 7 1 18 28 12 2 23 22 28 16
26 12 14 12 21 4 0 14 8 8 3 7 22 1 23 19 11 18 26 26 25 0 8 23 22 7 16 21 24 13 11 4 0 16 25 1 16 6 28 21 9 26 13 22 25 11 23 10 20 8 14 15 26 22 4 22 7 22 10 1 26 7 18 11 22
14 18 15 26 0 6 13 26 6 14 10 21 20 4 3 7 26 3 1 22 26 18 22 1 16 1 10 21 30 29 12 12 19 26 12 10 11 30 27 10 22 2 25 25 7 5 5 15 10 13 27 14 28 13 10 10 3 18 25 6 14 28 1 13 22
0 21 30 27 18 29 25 8 10 7 23 22 30 14 22 28 7 1 18 15 16 23 5 12 15 24 7 2 28 14 14 19 21 30 10 5 15 16 21 22 20 15 21 28 5 14 26 2 18 30 5 20 2 29 8 15 11 23 28 5 9 4 15 23 7
19 9 24 7 0 0 27 25 13 15 14 4 25 7 22 8 1 5 7 13 14 6 22 4 20 30 23 22 30 22 15 25 26 6 26 21 7 28 28 20 3 13 17 10 9 17 16 3 15 19 7 0 18 21 20 20 27 10 9 18 17 29 22 17 0
24 4 27 25 7 4 4 24 10 25 14 4 7 18 16 16 17 15 6 19 25 8 15 19 9 7 0 23 21 22 6 10 25 26 25 1 13 12 24 23 26 9 22 11 24 8 5 30 12 27 15 17 28 28 10 3 7 24 5 11 17 3 10 23 17
29 27 26 10 23 26 22 29 1 19 22 24 22 7 18 20 18 26 12 10 4 23 17 2 29 15 11 24 9 1 13 27 18 17 9 18 19 11 20 22 7 14 29 22 26 12 9 20 8 5 10 10 20 26 9 11 19 14 14 26 1 29 30 21 27
20 17 4 23 14 11 16 11 23 10 3 22 12 27 4 7 13 16 24 28 30 7 21 26 21 3 21 21 11 1 11 12 7 15 18 18 11 14 5 28 5 13 1 26 4 29 13 29 4 20 14 0 11 0 24 21 22 19 17 0 15 25 2 9 27
21 1 0 21 9 15 28 6 28 1 7 29 18 2 28 11 29 29 19 1 16 11 22 11 19 29 21 6 7 14 27 6 0 1 12 5 25 1 21 25 23 15 18 13 7 13 4 2 12 17 3 12 20 29 30 11 16 5 29 17 27 23 0 11 16
2 4 6 24 2 29 7 2 7 16 28 6 6 25 12 11 25 21 2 21 12 26 14 13 23 15 4 10 2 3 16 0 11 16 14 13 11 12 3 16 23 25 4 18 6 3 23 24 24 25 6 25 24 3 22 5 15 3 27 2 1 29 26 20 23
9 16 12 5 15 2 7 3 26 13 18 5 26 29 10 20 8 20 24 8 0 23 0 29 23 12 6 11 21 21 0 21 16 24 9 27 25 23 21 15 21 23 22 10 16 8 26 12 22 4 15 12 8 5 19 14 22 15 14 22 16 29 5 21 20
17 1 22 14 8 13 7 0 3 2 30 9 21 14 23 12 17 17 0 7 19 25 2 24 11 13 7 27 11 2 0 21 12 12 12 12 1 11 16 1 22 0 12 19 10 17 11 15 1 17 16 22 22 28 26 12 21 28 19 26 20 27 27 8 17
29 15 11 17 15 11 30 3 13 25 10 24 8 22 9 30 16 24 29 8 9 14 29 23 11 20 30 9 22 5 25 7 29 19 8 11 5 12 5 26 9 10 11 4 11 26 5 4 23 1 28 21 25 26 12 13 8 12 12 0 25 19 22 8 3
19 6 24 24 29 10 6 22 15 23 24 26 23 25 5 3 25 4 12 19 8 12 25 11 3 20 28 12 21 21 2 26 29 2 28 22 15 10 0 21 1 17 28 7 17 6 4 18 13 18 26 15 2 21 13 9 26 21 1 16 7 20 21 9 25
8 15 0 8 18 3 18 18 16 16 26 28 16 24 12 1 10 0 0 28 27 4 23 0 6 4 1 14 17 21 5 5 13 5 18 18 29 18 30 17 15 14 2 2 10 18 30 14 4 15 1 12 21 21 28 0 27 7 24 22 30 4 10 0 15
3 6 5 28 21 22 20 1 4 13 1 30 15 9 0 0 27 19 12 15 28 23 18 9 23 27 30 0 18 21 0 16 4 12 4 0 24 12 7 15 22 10 11 23 24 28 2 1 18 22 7 13 15 2 23 3 25 16 22 14 24 10 22 23 28
14 23 15 13 11 13 29 17 19 0 17 27 10 22 6 12 30 7 24 25 2 19 8 18 21 20 15 22 10 28 13 13 14 12 15 4 25 28 7 12 11 16 15 3 4 1 20 23 16 13 6 13 27 25 9 8 17 11 19 24 12 29 26 30 12
24 2 26 19 11 30 11 28 14 8 7 11 21 3 2 0 27 7 7 3 9 11 29 2 26 26 2 24 18 13 14 0 27 19 15 24 10 23 3 14 26 29 12 16 7 1 11 29 27 29 0 5 1 29 1 19 29 26 8 0 1 28 4 11 26
20 28 29 7 3 23 24 12 9 23 12 28 7 8 9 14 16 28 16 11 20 4 5 20 26 2 8 8 25 16 23 18 28 7 15 28 9 26 16 20 25 25 0 17 29 26 21 22 18 7 29 15 19 7 15 26 22 18 22 4 5 6 17 26 13
8 20 19 28 11 5 10 7 2 10 27 8 15 12 8 13 10 10 3 16 29 1 20 27 30 8 5 23 28 7 28 24 29 28 30 30 28 11 8 5 29 28 17 30 15 7 5 13 29 21 26 13 27 0 20 28 23 12 29 21 24 19 14 25 29
16 27 28 28 25 23 6 18 16 30 11 28 2 1 24 5 0 4 0 20 28 2 16 6 4 23 0 22 8 18 14 27 7 28 1 26 22 16 8 16 9 16 3 22 28 6 18 2 8 16 28 25 11 6 16 20 9 8 15 23 20 5 24 14 7
19 10 24 9 17 19 21 5 8 22 17 1 22 23 20 5 3 13 16 3 15 18 7 7 23 0 6 19 3 19 23 28 30 11 7 24 12 28 3 16 6 19 17 22 6 3 3 14 5 8 18 1 4 10 28 29 1 10 2 15 27 12 2 17 5
18 2 27 15 11 9 2 8 22 7 9 26 14 6 8 26 4 26 9 16 29 9 18 12 22 5 11 27 17 30 26 24 12 3 7 5 24 27 20 29 22 27 4 0 3 24 12 27 28 16 12 9 27 25 5 9 9 11 20 16 0 22 27 26 29
4 0 20 19 15 4 2 4 17 17 25 19 9 22 1 20 29 3 18 18 23 20 23 29 0 10 7 9 15 10 16 6 7 5 16 24 29 15 2 27 12 3 22 9 29 27 27 26 26 7 17 13 1 11 29 18 1 19 6 21 10 6 6 23 22
27 6 15 25 8 13 10 1 19 7 29 2 25 22 14 7 7 11 29 7 10 15 24 24 22 15 25 20 28 11 14 28 16 18 2 7 25 5 12 23 17 18 27 13 2 27 3 8 0 11 8 2 7 25 27 24 10 29 29 7 16 15 22 2 15
13 13 1 3 17 29 15 27 22 4 18 14 26 0 4 27 1 26 17 9 10 5 18 29 25 15 15 3 6 27 23 29 12 7 17 28 20 6 11 6 29 26 6 30 26 25 9 3 9 1 8 9 8 26 4 0 14 25 15 16 21 25 12 29 28
10 26 25 12 2 29 29 19 7 22 26 22 24 24 3 19 7 28 0 9 20 13 6 24 15 28 19 0 18 19 17 0 10 30 7 10 13 4 11 11 20 18 30 10 22 4 19 8 12 3 10 16 10 28 27 23 11 19 25 23 17 2 11 19 28
25 10 30 17 15 18 17 28 12 21 20 11 7 25 13 6 8 30 18 19 27 12 29 19 10 7 11 7 3 22 13 6 1 19 22 1 5 28 0 0 3 8 19 9 25 18 28 6 9 24 20 9 18 0 7 11 16 26 0 30 1 27 0 20 25
18 29 7 15 25 6 25 5 25 26 28 7 11 30 4 22 8 21 19 7 16 9 20 27 14 11 10 28 14 6 23 19 3 8 30 26 9 18 17 7 26 22 14 11 8 11 1 13 29 30 22 14 14 19 0 26 21 22 11 17 10 17 29 10 23
3 26 14 10 30 18 29 0 12 28 26 16 26 14 1 7 21 12 24 24 19 29 22 5 12 29 0 3 21 3 29 17 17 18 19 11 13 19 6 24 9 21 17 14 4 2 26 12 19 24 6 10 10 24 27 28 29 15 20 6 25 25 15 8 25
18 11 24 23 3 21 26 1 6 12 7 21 28 10 11 10 17 11 26 6 2 4 23 14 9 0 6 28 17 30 14 21 27 26 10 13 3 15 8 16 16 13 15 6 21 2 8 26 7 10 25 12 28 12 7 23 6 1 7 6 10 28 24 11 14
19 1 11 12 12 17 21 21 5 11 28 25 1 22 17 16 7 28 21 19 19 13 22 8 22 11 11 27 19 28 0 26 23 6 26 19 30 3 6 10 18 27 15 0 11 21 18 24 0 17 27 1 25 22 12 17 23 0 11 10 22 7 4 16 1
2 29 9 18 7 3 15 4 30 30 1 18 20 28 3 28 21 17 8 2 13 1 5 13 8 12 30 19 17 10 19 24 14 5 29 12 21 24 11 18 1 11 18 30 28 26 2 7 8 27 21 27 19 2 28 4 6 3 24 8 21 9 26 18 25
21 28 14 2 16 8 10 10 26 30 9 13 8 29 6 25 30 30 9 9 0 21 11 23 18 12 21 16 25 4 25 15 2 6 4 26 24 20 4 30 10 3 16 3 4 19 15 26 17 7 2 11 28 3 24 23 26 27 6 8 8 3 11 4 15
23 8 15 7 2 28 0 21 27 3 10 7 7 26 21 0 8 11 7 6 12 17 27 3 10 10 29 14 19 23 0 8 2 29 19 27 13 21 10 23 9 9 5 12 8 10 23 1 8 2 17 14 18 24 6 4 11 25 18 20 0 15 16 20 8
15 2 5 9 21 11 17 17 13 4 10 6 21 11 4 10 10 23 24 20 18 14 19 17 27 29 24 4 15 27 29 14 8 18 21 7 0 16 1 21 2 17 1 0 30 1 12 22 24 15 9 27 29 23 9 23 12 19 28 5 17 20 26 4 20
14 11 25 3 18 8 3 10 24 14 25 16 13 14 20 6 16 10 1 3 8 25 16 10 19 15 23 4 12 17 24 1 16 5 29 9 17 27 6 25 0 25 9 4 14 11 6 9 13 7 16 11 0 19 26 25 28 14 14 22 18 30 28 0 9
5 27 23 2 26 15 19 21 14 20 7 23 9 26 20 14 5 27 19 26 20 6 5 27 6 19 12 20 28 24 2 3 12 26 25 25 12 5 2 7 30 29 0 23 9 11 26 8 0 25 14 17 22 5 8 27 11 7 9 18 29 8 5 26 18
17 29 16 22 17 2 10 19 10 27 6 2 5 25 9 0 28 22 26 12 26 20 24 27 30 3 6 22 5 17 1 12 26 9 0 13 16 18 17 16 25 16 11 18 7 30 24 21 10 30 11 29 8 27 26 26 28 1 20 26 17 8 19 3 21
11 9 1 18 10 15 8 5 12 16 6 21 25 19 7 13 28 25 22 19 3 12 28 6 1 14 21 22 4 6 11 7 23 11 0 15 28 26 21 14 21 15 16 4 10 16 13 2 28 14 10 16 15 29 24 23 11 10 6 2 4 5 2 7 9
22 22 24 3 7 4 27 1 24 2 19 16 25 3 22 29 30 5 26 25 14 27 25 3 28 16 11 13 26 27 22 24 0 12 29 19 27 7 12 17 11 20 30 28 15 14 23 6 13 16 6 11 28 30 13 1 30 21 1 29 30 19 30 4 29
30 21 30 9 23 1 29 13 9 28 9 7 3 18 5 9 7 21 1 17 21 18 27 6 6 20 19 8 13 16 27 15 6 4 18 15 1 21 26 26 8 27 14 29 2 12 29 18 22 14 27 24 5 13 3 5 20 14 4 27 20 1 9 2 1
1 13 25 30 4 7 17 6 23 9 1 19 0 20 8 26 17 9 15 27 10 30 25 3 14 15 10 3 23 8 28 5 11 7 25 6 26 27 22 19 6 14 12 7 5 4 29 18 9 20 18 21 22 11 7 9 4 10 8 11 10 27 5 28 3
27 30 4 1 22 8 5 23 5 23 20 16 25 3 11 26 17 10 27 0 22 30 20 6 19 3 16 5 22 30 0 1 20 17 9 16 23 6 16 15 6 23 15 6 19 14 27 22 6 1 4 13 5 0 19 26 30 2 15 14 20 13 25 28 18
17 16 28 3 24 29 30 0 27 27 14 24 27 15 0 12 4 1 20 17 6 12 0 22 16 17 17 8 13 6 21 18 30 13 13 19 5 25 12 23 23 30 24 10 10 28 16 0 16 8 8 21 11 11 3 4 29 1 22 30 11 14 27 3 19
11 19 27 9 25 26 6 3 6 23 14 25 0 18 29 30 12 24 2 7 23 3 29 7 29 4 30 4 10 24 15 13 20 8 8 7 20 15 4 16 21 10 11 19 9 25 15 30 11 3 13 14 23 24 12 30 11 15 8 3 14 10 23 20 29
4 8 15 8 28 4 20 21 6 24 19 11 26 9 23 18 26 17 29 9 3 29 4 20 23 17 18 18 19 19 5 13 2 9 28 3 11 15 15 22 28 1 27 10 12 16 26 18 23 9 16 3 13 4 11 25 13 22 1 30 26 13 8 15 29
0 16 7 23 16 19 27 3 10 20 2 6 5 1 15 4 3 10 24 20 27 20 12 1 28 17 11 18 19 28 13 29 22 5 18 19 28 23 15 14 21 19 5 20 3 9 20 29 24 23 0 13 11 24 20 5 11 10 22 10 10 4 13 20 16
4 29 15 3 10 4 26 8 18 29 9 13 24 14 8 4 13 15 21 11 2 7 15 11 23 30 19 23 24 7 9 20 22 0 16 27 1 1 17 16 0 28 8 7 27 1 15 24 26 0 27 12 0 5 22 26 5 4 10 21 9 25 25 5 21
5 24 4 15 12 28 30 25 28 8 17 15 7 15 24 29 0 8 1 14 0 15 24 3 13 19 19 28 3 8 6 28 27 18 8 11 1 17 30 23 24 2 30 16 1 15 8 21 21 16 3 18 5 28 28 0 4 27 9 10 8 10 8 27 28
21 14 11 20 20 5 0 3 30 8 18 20 12 19 7 8 22 26 17 12 15 10 25 24 6 11 14 13 17 24 22 2 2 25 29 28 11 30 1 7 25 12 1 5 26 9 17 24 13 1 20 15 17 4 19 1 13 21 29 1 7 3 1 13 8
29 22 19 29 16 26 21 21 14 27 4 24 10 19 16 23 12 6 28 26 17 16 2 28 21 25 4 5 20 21 5 18 22 19 19 12 15 2 3 19 10 9 9 18 10 30 30 0 20 19 30 8 17 5 1 6 6 8 12 22 22 19 13 2 4
1 20 27 7 15 21 21 2 26 2 4 11 2 30 30 22 14 23 26 14 13 13 17 8 9 0 8 1 16 13 16 1 0 2 12 2 5 28 1 11 29 28 27 29 15 25 17 4 25 5 21 11 11 11 4 4 10 1 11 2 3 21 12 14 19
17 16 25 4 24 6 25 14 9 7 15 25 7 17 15 17 11 4 18 10 15 3 6 12 29 21 3 15 15 24 29 0 9 4 22 11 4 26 30 14 21 14 14 4 30 0 3 30 8 23 0 8 28 5 11 14 22 24 28 12 2 18 1 2 0
2 23 22 26 2 28 15 5 6 22 1 17 18 11 19 22 0 13 4 8 15 23 17 19 21 29 5 17 16 3 20 24 19 13 12 19 0 6 27 30 27 5 21 27 15 27 16 3 19 24 29 10 16 1 8 6 8 26 13 5 3 4 7 26 3
5 16 29 2 26 0 25 6 24 2 0 24 5 16 10 20 23 6 24 18 5 30 23 22 30 6 19 29 4 13 26 19 22 22 14 20 12 20 27 4 21 17 13 15 20 14 14 4 6 10 0 13 18 9 21 25 7 6 27 19 2 1 3 25 29
