66 66
0 3 8 5 1 30 1 26 16 6 11 20 15 1 3 29 12 27 19 23 17 18 11 15 9 16 10 11 22 8 8 17 25 29 10 7 5 12 2 6 7 22 1 16 17 9 30 12 0 15 23 15 13 21 7 15 14 26 4 21 10 22 2 0 5 26
20 24 1 30 19 4 21 5 29 22 14 18 8 12 14 13 29 1 11 15 13 10 6 15 18 7 0 3 10 0 0 25 20 5 8 14 29 13 14 25 25 30 27 1 27 0 9 17 29 2 16 10 7 23 4 25 1 23 7 12 15 18 18 7 27 17
27 15 14 13 21 9 1 25 25 21 27 3 14 18 7 4 7 21 14 17 10 6 29 19 21 16 20 11 21 23 20 1 5 6 18 4 30 3 14 8 11 2 16 9 21 18 14 10 1 11 22 7 24 30 30 7 12 26 7 0 28 30 7 3 5 22
4 25 30 5 0 11 21 20 14 6 19 0 17 28 28 27 22 5 20 0 10 23 10 18 25 8 6 28 27 20 7 0 16 9 24 25 18 8 3 13 13 16 9 22 20 4 18 21 12 19 20 18 1 20 27 4 11 0 26 12 11 5 24 1 3 9
14 22 2 3 7 0 5 17 19 29 29 17 13 16 11 22 9 30 11 2 8 27 9 26 10 18 9 29 5 29 23 1 13 6 3 22 14 1 25 18 7 12 24 3 25 6 18 17 7 28 4 2 27 16 29 14 24 16 8 5 25 12 12 0 17 2
28 4 4 16 17 27 29 1 24 20 23 12 14 20 18 9 17 26 3 18 4 18 28 17 1 29 2 21 25 11 29 27 15 1 10 8 27 10 30 24 19 13 29 16 15 29 21 1 3 30 25 27 3 29 5 9 15 17 13 19 29 30 20 6 15 21
7 13 10 15 1 19 28 13 18 8 5 14 11 12 0 29 14 0 22 19 22 27 13 6 16 27 5 12 6 0 10 28 18 13 7 9 15 17 5 12 18 12 24 19 16 15 5 14 19 20 18 9 18 9 1 4 23 24 25 4 23 19 27 24 16 4
20 24 9 9 17 22 6 8 25 25 24 16 4 21 2 4 13 15 19 28 13 5 2 23 16 14 6 14 25 1 0 20 27 12 17 13 8 16 28 8 13 12 28 27 14 9 23 29 18 12 27 14 16 0 29 0 7 5 15 8 10 0 7 9 16 21
13 20 11 19 12 26 23 17 16 16 4 19 0 17 25 19 10 28 24 18 4 6 19 18 1 10 5 20 19 11 10 16 27 23 29 18 28 3 28 5 1 22 6 10 20 2 12 5 10 24 9 27 29 0 26 9 5 7 12 20 18 13 0 30 10 19
17 12 21 7 30 11 19 18 29 1 16 25 28 6 4 7 20 10 12 6 2 10 9 4 2 26 10 9 10 22 12 22 16 26 10 24 8 7 11 11 21 11 24 8 17 6 17 6 13 5 12 28 0 7 4 28 22 30 19 25 24 18 18 11 27 15
20 21 26 12 3 5 17 18 30 11 0 19 0 25 29 30 23 27 21 0 19 9 26 7 22 3 27 13 11 9 6 17 9 9 3 2 27 29 10 22 21 6 7 19 27 28 13 30 16 14 20 9 7 22 22 27 6 19 26 8 10 25 12 8 11 7
14 6 14 2 15 6 17 18 0 21 2 3 27 23 18 10 4 13 13 1 16 26 4 22 25 8 15 28 9 22 8 17 0 20 24 15 10 24 27 15 14 29 23 19 29 9 13 21 19 1 17 2 8 11 12 29 22 19 13 28 9 25 30 22 27 21
15 12 10 22 4 23 30 18 16 29 30 14 18 5 28 9 25 26 29 0 22 8 16 27 22 21 9 20 30 5 9 17 16 14 16 9 24 14 10 26 23 6 14 6 12 2 13 19 4 24 28 17 0 8 8 7 5 25 26 30 21 28 5 9 3 0
15 12 3 22 21 23 23 11 5 30 1 9 22 5 3 15 20 26 21 19 20 23 16 15 2 9 29 16 15 15 10 3 2 5 20 9 20 12 4 7 11 28 30 16 26 18 14 29 5 0 14 15 13 7 3 0 24 14 9 7 2 28 25 3 15 16
6 14 28 24 13 24 8 0 20 2 19 24 13 3 20 6 6 21 24 12 7 18 28 17 10 2 24 28 5 17 26 18 25 8 21 21 12 17 30 21 30 11 13 5 14 5 19 16 12 18 30 1 13 1 26 16 15 18 22 24 29 28 17 10 10 1
3 1 7 23 6 30 29 23 5 14 26 12 30 20 5 17 11 8 28 19 23 29 6 22 22 3 20 30 3 4 9 16 5 10 30 24 5 7 15 23 29 26 26 16 28 26 22 4 11 0 17 22 3 21 20 0 20 29 26 23 20 3 3 26 3 14
29 29 20 21 20 5 24 24 27 15 4 1 6 12 7 16 5 6 21 11 16 29 18 22 9 23 16 9 20 12 30 12 14 18 10 11 6 7 14 9 2 13 6 14 29 20 27 17 26 15 2 9 15 3 3 14 11 13 26 5 10 2 5 15 15 21
18 1 9 4 18 3 19 14 10 12 25 7 29 29 11 19 12 18 6 29 0 4 3 7 6 12 19 25 1 21 14 26 17 5 7 7 27 2 29 18 4 21 3 17 25 13 5 17 7 6 19 21 8 12 26 19 9 7 14 26 19 1 23 27 20 18
17 20 28 17 30 21 18 11 7 30 21 0 28 1 22 4 2 27 19 23 1 25 3 7 2 9 27 19 2 20 28 27 21 23 13 15 11 15 20 4 17 17 28 0 1 21 19 11 2 17 3 10 23 29 27 0 20 19 12 20 18 18 12 7 10 6
10 22 20 10 29 24 26 13 13 19 15 24 3 9 0 23 21 17 20 24 25 25 13 28 28 10 1 23 1 4 3 26 9 27 14 8 23 3 14 27 13 16 23 21 8 6 25 27 4 23 2 24 10 1 3 8 29 7 25 17 26 27 27 27 30 17
29 3 30 14 14 22 27 21 26 5 3 25 21 1 25 30 1 8 10 17 27 4 25 5 28 4 9 24 17 26 0 17 4 20 17 28 6 28 24 16 13 6 22 26 12 6 16 1 16 26 18 9 16 23 8 11 9 20 15 27 3 3 3 6 17 4
22 2 3 2 25 10 7 18 5 25 19 7 5 11 24 26 23 9 26 29 27 16 6 12 8 26 0 11 23 5 24 26 28 30 19 22 19 21 6 26 3 7 30 1 20 1 4 15 12 23 11 0 26 9 6 23 14 21 30 14 24 17 21 20 1 17
9 28 28 6 23 13 9 24 25 30 15 5 24 11 8 21 21 21 18 18 28 20 20 4 14 28 1 15 22 8 2 9 19 10 15 0 24 16 24 8 22 24 29 6 22 7 14 22 28 10 11 24 20 16 18 13 3 5 7 2 9 23 23 3 23 19
5 23 7 25 14 10 18 4 16 18 20 22 2 14 5 11 0 1 11 3 18 10 21 0 0 4 21 7 28 17 16 2 29 4 4 22 16 9 13 7 21 26 15 14 19 12 2 19 12 26 10 7 30 0 27 17 29 12 30 10 23 28 17 2 20 28
27 26 27 22 28 8 28 7 4 25 24 7 3 21 26 2 11 19 10 24 19 11 5 20 28 14 20 16 20 14 1 21 17 11 9 3 15 28 3 10 8 25 7 18 0 22 11 13 27 14 30 1 20 19 8 10 30 1 16 29 25 10 6 27 21 27
23 22 1 7 17 1 9 24 5 4 7 29 16 16 17 21 21 28 18 6 16 13 9 4 16 14 9 4 13 15 21 15 21 26 11 13 14 4 17 12 14 10 27 19 1 14 28 15 23 17 28 21 25 29 6 18 2 8 18 17 3 6 10 22 10 1
11 25 5 21 2 27 16 23 0 13 8 8 30 16 28 8 0 1 19 23 12 12 11 9 22 1 20 2 24 15 7 26 26 0 3 14 3 17 7 9 25 11 30 24 28 15 17 5 24 20 15 10 12 19 30 24 15 2 5 22 30 21 13 13 20 28
22 25 30 10 7 29 9 26 7 7 12 22 28 9 5 9 23 1 13 20 13 6 19 8 19 14 29 3 26 26 26 17 25 9 14 5 8 7 16 15 6 29 12 9 24 25 2 17 2 6 6 18 27 8 12 6 16 6 9 28 3 12 28 9 7 7
19 23 5 16 24 14 22 15 30 2 13 4 16 22 18 12 26 6 0 10 14 1 20 3 20 22 12 2 16 11 5 10 21 15 1 0 19 21 15 29 10 19 6 19 19 12 30 25 29 3 10 20 10 20 4 7 12 1 29 3 17 4 3 19 29 10
19 0 1 29 12 9 28 10 13 29 29 28 17 26 27 14 16 15 25 28 21 9 12 20 4 0 23 22 26 26 26 19 15 1 9 30 25 2 3 2 20 26 6 18 23 21 26 0 27 17 20 12 6 19 5 12 0 7 25 30 5 16 11 30 9 22
17 10 19 11 21 4 28 13 29 7 24 3 4 26 24 25 0 10 30 28 17 14 1 4 12 17 9 29 30 24 29 26 3 7 17 27 26 13 5 20 8 19 2 6 22 10 17 11 8 0 13 18 29 16 16 21 5 19 0 13 7 30 23 1 4 2
17 1 15 7 8 29 19 0 8 1 4 26 11 10 22 23 11 10 22 19 16 19 24 15 11 29 7 7 25 12 15 28 13 4 15 21 24 10 16 0 23 11 11 18 3 26 20 6 28 15 24 17 15 22 8 26 25 26 20 29 27 0 25 10 18 0
25 3 24 7 17 17 20 8 8 15 29 6 7 24 5 13 4 9 30 11 16 25 29 11 18 15 27 16 21 3 18 18 4 14 17 1 18 0 4 6 1 15 3 18 24 29 2 24 26 9 15 1 28 7 7 29 9 23 24 3 14 20 18 20 3 16
16 3 19 18 13 8 23 14 26 8 6 20 3 2 16 1 30 7 27 14 8 24 1 27 20 19 26 24 0 28 2 25 10 4 22 11 8 10 7 27 19 1 22 23 20 12 25 25 9 20 0 18 14 27 23 14 27 7 29 5 11 0 28 24 4 3
8 28 25 11 6 4 11 7 15 19 22 30 16 19 23 5 15 8 19 4 9 21 12 9 22 15 1 28 0 22 1 4 7 24 29 2 20 26 23 7 26 18 10 9 22 16 20 12 9 28 6 27 14 0 21 18 8 20 23 12 17 28 26 3 10 9
0 21 18 9 1 11 11 1 27 27 9 20 29 18 0 11 18 6 20 27 6 9 6 10 12 20 20 25 17 27 22 15 9 16 5 16 26 29 5 16 4 7 3 7 6 21 30 13 19 8 17 21 18 15 5 27 11 18 20 0 23 6 14 24 11 25
5 7 22 0 22 26 18 4 0 7 9 29 22 13 14 19 13 11 29 22 12 15 2 14 15 12 2 30 5 23 15 6 25 15 5 23 3 9 14 8 12 20 1 0 11 9 3 30 11 12 7 25 3 29 0 26 22 3 15 29 21 6 28 26 13 24
22 26 13 18 2 21 28 11 22 15 25 29 7 3 0 7 7 11 20 26 9 27 1 22 9 18 23 21 27 28 11 12 17 2 23 10 12 4 25 7 22 11 10 22 5 4 29 29 0 17 18 7 17 22 2 13 29 23 12 16 24 18 2 8 16 25
20 11 6 13 9 29 2 7 11 28 4 11 5 24 29 30 7 29 12 17 13 28 12 3 15 1 23 1 10 5 9 24 27 30 4 28 1 11 18 24 29 24 17 29 13 2 29 5 28 24 10 24 18 12 26 2 13 18 0 24 24 21 22 30 4 12
15 6 20 7 23 13 12 22 5 2 13 19 13 11 30 20 18 2 14 6 26 15 26 14 24 16 4 16 10 7 26 0 14 10 5 30 12 14 10 24 3 18 23 21 2 17 29 18 25 15 24 1 9 11 2 26 9 24 10 1 30 7 13 16 12 22
7 28 15 7 26 0 16 9 15 26 0 7 3 17 10 11 14 30 0 2 7 16 13 12 28 29 13 2 1 2 20 12 13 20 12 21 13 5 11 24 11 0 8 21 22 17 9 1 20 4 6 2 3 18 26 16 6 12 7 28 26 16 12 14 20 21
27 12 25 19 2 29 0 2 29 21 27 16 8 30 9 22 24 20 17 21 6 16 18 1 7 15 21 22 23 25 15 21 27 10 18 3 17 30 24 17 16 7 23 22 7 18 4 13 9 7 28 2 12 4 28 24 21 30 20 18 21 20 19 13 3 23
14 20 15 16 23 1 16 21 30 28 24 20 19 9 24 9 0 22 15 14 29 14 30 23 26 21 12 22 8 18 12 18 18 0 14 14 8 24 12 19 30 28 23 28 29 29 10 5 1 16 19 17 2 20 22 4 16 1 8 4 1 27 30 21 15 26
27 27 0 15 2 27 2 21 29 1 2 8 20 29 12 25 26 19 4 8 6 9 22 17 18 16 26 7 15 27 24 4 14 30 18 24 16 8 4 16 7 1 9 29 2 4 9 10 13 4 8 10 20 24 20 14 15 7 26 18 24 26 19 20 17 13
17 29 26 9 10 25 28 19 4 20 24 15 0 26 18 13 3 23 21 2 4 3 26 10 11 20 23 23 12 23 8 26 20 25 30 23 7 20 20 27 30 13 9 13 11 3 22 28 23 7 12 1 0 28 27 12 25 2 13 26 0 11 6 20 10 18
16 18 14 20 24 4 5 15 7 18 14 9 12 15 30 8 28 25 4 26 6 19 19 23 16 1 24 14 13 5 16 23 15 20 16 5 30 10 18 15 13 5 4 17 27 9 27 23 18 0 12 27 19 10 0 1 3 5 21 24 28 3 6 30 7 28
21 12 11 12 4 16 7 27 8 17 13 21 27 25 8 11 23 24 21 2 17 11 28 26 16 24 17 0 4 2 30 30 8 24 29 4 16 20 24 0 13 15 0 12 5 16 2 16 29 11 23 30 7 16 22 6 14 17 17 2 8 3 27 29 27 27
15 5 15 10 8 22 29 23 14 21 1 12 16 4 12 0 27 5 22 4 22 5 28 18 16 15 11 2 23 15 24 13 26 0 24 23 14 4 30 20 8 0 15 22 1 21 21 5 18 28 29 23 12 28 8 23 22 13 5 3 4 28 28 28 20 20
0 0 30 17 30 18 2 4 10 16 5 30 22 11 29 12 4 9 25 30 27 25 18 9 12 26 26 11 5 7 24 7 18 18 21 16 24 24 14 1 1 6 14 24 12 5 16 11 7 12 12 3 20 9 26 28 21 25 13 27 29 17 11 9 26 11
28 5 5 26 14 30 28 4 13 25 25 10 22 23 1 12 24 1 7 29 17 26 25 13 24 11 21 3 21 8 6 30 22 10 25 29 25 1 9 27 25 26 22 10 23 4 20 23 19 2 6 20 0 4 3 13 7 1 3 26 13 3 9 27 14 29
18 28 26 11 11 9 3 21 11 4 26 18 7 5 2 29 5 18 29 21 10 8 5 10 26 9 29 0 19 14 10 5 16 6 25 17 23 14 0 25 30 30 25 14 11 9 26 3 19 0 29 2 12 5 0 19 10 8 24 28 13 16 2 26 26 14
29 29 10 22 15 4 15 13 12 26 8 21 17 28 27 4 18 0 16 19 2 18 29 27 27 12 21 2 27 14 1 27 25 21 1 29 17 17 25 11 1 8 2 20 21 18 4 24 9 9 6 0 16 2 0 20 18 13 29 12 7 7 22 23 5 29
27 5 21 2 20 15 19 6 3 30 26 14 20 29 24 19 27 30 6 3 24 5 26 20 25 30 0 20 16 1 5 22 7 6 5 17 6 4 12 28 13 20 11 0 22 14 15 3 13 14 30 2 29 5 25 21 20 18 30 13 10 14 2 3 13 2
26 27 19 0 22 2 9 28 20 18 27 22 23 22 19 7 25 9 0 5 13 4 18 5 20 8 30 25 19 8 12 9 17 4 2 15 9 6 8 25 14 9 30 16 2 20 20 27 16 5 30 15 21 17 3 21 15 9 4 12 4 15 19 27 26 1
30 16 11 23 13 27 12 17 16 24 5 11 25 24 17 13 4 9 25 26 20 21 9 7 27 20 13 4 28 26 30 13 0 28 16 9 12 26 10 25 4 11 4 9 29 23 1 11 28 21 24 8 29 7 23 6 15 17 3 14 6 12 2 0 17 1
27 22 9 16 26 21 28 11 30 2 14 22 23 13 0 7 29 30 29 1 13 26 24 2 8 28 30 29 18 30 9 29 2 29 25 27 0 6 22 8 29 15 24 14 11 0 26 0 19 1 16 14 29 24 11 24 13 9 2 0 5 27 22 26 5 28
12 6 24 13 21 28 13 3 29 19 3 3 17 13 7 5 28 3 10 4 18 4 10 28 12 10 25 7 17 20 3 21 9 0 18 30 1 17 30 5 27 13 1 12 2 26 22 1 17 25 18 0 13 24 10 28 8 10 0 15 0 26 12 4 13 16
28 27 22 17 16 6 12 8 30 10 24 1 20 6 3 5 30 14 8 20 8 1 15 4 25 27 19 19 13 13 20 13 13 26 19 6 2 1 8 7 3 19 19 4 25 21 13 27 7 11 2 0 22 9 0 22 14 12 8 1 11 10 23 2 16 15
23 0 16 9 7 14 3 11 13 8 29 23 14 30 22 30 26 7 21 12 17 8 25 10 19 19 6 20 5 3 23 12 25 1 20 15 5 25 10 1 25 25 4 7 21 20 16 17 30 10 22 5 28 16 21 26 18 3 4 2 29 13 3 21 29 7
21 15 13 23 25 23 0 27 16 3 24 3 28 6 10 17 16 16 15 5 22 20 9 23 1 3 18 12 22 1 27 25 26 1 12 14 12 15 27 9 20 5 13 21 24 30 3 0 28 9 25 20 7 23 3 1 26 27 20 22 8 16 6 23 16 30
28 29 5 30 22 15 24 14 0 2 10 8 25 28 19 26 14 27 14 17 28 13 21 25 10 19 1 0 7 16 26 12 25 21 5 25 13 8 15 16 18 22 26 11 22 24 26 23 9 22 26 20 13 27 6 22 0 7 9 5 15 30 22 24 0 9
11 28 22 9 6 17 11 1 6 19 12 19 26 22 28 23 24 10 30 13 9 3 23 0 28 10 23 21 19 18 15 14 14 12 12 22 18 7 29 1 4 28 11 22 13 9 18 21 29 17 7 4 16 17 25 9 20 11 1 0 27 6 1 0 22 16
2 24 3 26 9 20 16 6 6 30 10 30 16 23 28 29 22 17 2 1 1 5 4 2 18 16 8 1 11 1 1 16 6 0 0 23 13 12 0 21 10 13 15 24 15 4 13 17 2 25 12 27 5 11 19 24 28 24 11 6 24 22 25 13 6 23
6 6 0 8 23 6 0 9 15 4 14 30 14 9 6 15 0 25 24 19 23 24 7 21 7 5 15 29 28 9 24 20 10 10 2 12 30 27 7 23 12 13 6 19 7 11 19 20 20 5 25 6 11 11 14 19 18 13 30 19 3 8 2 11 28 22
9 16 10 26 4 22 11 27 16 5 17 1 24 2 0 18 4 19 26 8 2 28 6 0 7 17 22 3 11 19 11 26 29 11 9 30 23 21 13 4 21 26 23 13 11 11 17 25 16 20 0 23 26 6 21 28 3 26 19 2 9 7 6 7 4 23
22 20 16 13 16 3 10 12 24 12 7 7 13 4 13 13 13 6 6 30 29 28 13 20 27 12 9 16 29 14 18 30 12 9 18 11 2 27 6 18 29 7 9 9 12 7 18 11 15 10 16 7 25 28 4 15 4 28 29 24 6 28 5 27 20 0
