69 69
29 8 19 5 9 12 24 4 28 29 28 1 6 30 16 26 6 28 14 19 25 9 13 30 0 26 26 26 9 26 28 30 17 4 11 5 15 9 29 20 12 5 0 17 15 24 11 29 21 5 21 6 3 20 18 22 16 21 22 16 23 12 22 9 11 10 4 27 16
25 22 8 8 23 17 26 22 2 15 5 29 25 0 24 16 7 27 13 29 14 26 15 12 3 25 9 30 13 23 2 24 18 0 29 28 8 0 25 17 9 26 9 24 27 26 3 4 28 19 3 18 10 6 10 21 16 7 20 30 18 3 17 22 21 21 2 28 8
26 10 21 10 18 15 13 9 20 25 3 25 27 15 27 30 5 14 19 16 29 22 17 14 16 6 30 2 2 15 26 26 26 11 28 19 10 4 6 14 13 6 23 26 2 12 21 14 0 10 24 24 13 2 14 4 20 7 25 14 25 30 28 22 4 28 26 13 9
10 25 2 16 30 7 2 28 9 0 4 4 0 27 16 29 9 24 1 16 22 23 6 28 22 1 26 18 5 27 14 9 16 7 0 6 0 18 20 19 2 21 13 14 24 8 30 18 2 13 22 14 17 20 14 14 23 5 18 5 24 6 0 29 11 23 20 24 6
23 14 28 25 22 5 27 12 22 20 12 18 2 1 3 20 4 5 0 28 9 1 15 20 11 0 28 23 6 8 22 13 9 23 8 13 16 29 1 0 18 14 28 12 9 6 6 9 14 30 5 25 16 25 19 28 6 29 0 26 10 3 23 2 24 10 0 22 25
13 15 29 8 2 22 24 23 26 13 9 14 28 21 11 29 0 24 4 13 8 18 20 2 30 0 14 14 24 22 4 23 29 9 24 15 10 17 15 22 28 26 30 26 16 29 11 4 5 3 0 19 12 8 24 1 5 1 5 5 15 14 0 27 4 5 11 19 8
16 0 30 28 19 6 0 24 28 14 2 29 4 17 12 6 15 23 15 2 7 17 27 19 4 7 22 26 0 4 2 17 19 15 5 29 1 14 28 30 27 16 19 7 12 2 25 30 26 18 22 2 13 27 23 27 10 3 8 2 27 2 18 22 10 0 24 5 3
27 21 3 5 11 6 26 21 16 30 20 12 2 0 1 30 16 23 24 13 9 29 0 25 25 26 22 22 18 16 12 24 6 26 6 0 30 16 13 9 8 17 9 3 26 11 29 24 29 17 2 23 21 3 27 19 27 18 14 17 17 22 18 24 14 7 6 30 17
20 30 30 12 15 14 11 27 7 14 26 26 19 7 26 12 4 23 19 16 27 27 9 3 20 20 6 24 6 15 21 14 8 12 17 16 4 23 7 2 8 22 5 14 12 22 9 15 20 29 15 7 22 1 10 5 26 2 19 16 13 15 8 24 17 3 8 3 26
5 14 14 22 12 21 30 28 21 14 22 5 20 10 24 16 9 23 5 18 9 24 25 25 20 27 1 6 20 20 23 29 17 1 20 28 10 10 7 9 6 14 27 1 27 29 7 30 15 17 11 11 27 3 2 19 3 5 23 6 2 28 4 3 0 14 3 4 13
24 8 0 20 23 10 0 19 2 10 19 9 1 15 5 10 2 26 7 6 19 13 9 5 2 6 8 17 13 9 26 4 8 11 30 27 9 26 14 13 18 2 14 22 0 13 21 15 23 14 8 7 27 26 6 0 20 25 28 30 15 19 23 8 6 1 1 16 7
11 15 20 26 12 26 12 23 30 10 27 25 18 20 3 30 30 25 23 24 14 10 18 13 27 26 3 14 24 20 25 7 3 12 9 1 13 21 2 23 18 19 15 24 12 8 4 19 22 6 12 26 3 23 30 3 15 29 17 13 24 11 21 12 2 24 2 16 11
8 16 4 9 18 8 1 9 7 11 27 19 12 15 16 12 27 1 21 25 24 9 13 3 11 30 12 16 26 24 23 21 14 11 13 10 18 21 1 5 3 24 1 9 20 19 22 14 27 12 30 12 25 7 27 2 30 18 4 19 25 29 24 27 7 0 23 20 23
21 8 24 2 26 18 15 30 18 9 13 22 29 16 30 12 6 24 23 18 3 23 9 2 10 13 26 17 10 16 26 27 5 8 24 8 24 10 24 30 25 18 10 14 13 10 15 4 13 5 0 27 5 27 20 4 13 2 30 18 11 20 13 6 7 17 29 14 13
6 18 25 7 9 13 14 23 8 9 22 20 12 11 23 0 25 2 23 8 18 0 18 25 29 24 5 9 29 30 1 1 4 5 18 30 15 27 20 1 13 10 10 28 14 1 9 4 5 15 5 24 26 22 4 0 29 28 22 24 0 3 7 9 16 14 27 7 26
26 22 29 13 24 14 8 20 21 2 19 10 26 2 9 26 6 10 2 16 9 5 7 15 15 19 9 20 6 22 6 10 12 8 5 30 18 1 15 9 8 12 5 1 28 1 8 26 27 10 8 11 9 9 19 24 6 24 24 27 28 13 19 25 2 3 6 12 2
26 21 28 29 28 26 0 14 27 3 26 10 19 17 3 9 23 2 21 18 5 7 5 5 28 6 19 23 12 24 13 2 19 9 13 7 24 23 15 26 5 19 23 13 28 28 25 21 5 7 14 29 17 22 21 4 22 18 23 6 6 29 19 1 23 11 1 1 25
14 6 26 22 29 18 29 10 4 19 17 11 25 4 23 9 8 30 26 22 9 20 29 5 27 6 23 4 25 30 12 15 8 23 22 23 15 11 3 27 17 30 28 24 25 9 3 12 21 14 15 12 15 18 1 19 23 20 25 26 1 0 5 26 26 15 11 15 30
2 15 19 6 26 8 14 12 12 25 15 15 7 5 17 3 19 19 10 10 1 18 18 1 24 26 19 13 3 16 20 2 6 10 13 15 17 3 15 13 3 19 15 9 22 18 29 19 21 7 1 7 16 1 12 4 5 24 22 0 14 10 30 26 27 30 9 24 9
25 0 27 5 29 29 16 1 30 19 19 25 2 15 29 4 9 13 3 8 30 13 3 14 27 2 18 29 2 10 16 24 2 16 15 0 15 6 28 29 30 6 11 25 11 3 16 11 19 21 22 4 12 18 5 12 0 24 7 28 3 6 10 0 15 10 16 25 4
25 12 15 29 0 16 27 25 17 14 18 28 21 23 22 6 24 17 24 14 9 23 25 16 25 12 26 25 5 28 15 27 12 27 8 21 6 6 20 17 28 21 18 4 3 10 12 1 22 17 28 1 29 2 5 14 16 19 16 3 11 3 19 24 7 21 25 24 5
11 17 18 8 27 26 15 16 13 6 6 29 0 19 19 5 4 6 17 5 6 26 26 4 22 8 14 3 19 10 19 27 10 3 22 4 29 12 8 7 13 27 10 28 1 23 27 28 7 14 30 17 16 17 27 16 23 11 7 29 24 27 27 3 18 7 27 30 27
15 21 23 28 7 6 4 27 25 23 16 10 13 3 15 21 20 2 16 3 29 3 23 10 0 2 0 25 20 30 12 20 3 24 23 14 9 18 30 3 1 11 18 11 22 7 0 3 17 15 18 11 8 16 3 0 28 25 28 7 9 3 29 3 21 13 19 21 0
23 1 0 28 25 25 13 9 22 23 21 29 3 10 0 12 5 24 29 14 16 6 25 16 4 19 29 30 22 29 23 15 0 20 3 3 27 24 30 12 28 20 15 0 0 23 22 24 16 20 6 25 17 23 23 22 25 23 24 14 16 30 10 20 5 16 0 10 15
4 12 27 13 5 3 15 14 23 10 25 3 23 8 28 27 30 26 19 17 18 15 17 23 27 3 1 7 14 6 19 12 10 15 15 18 1 22 15 16 14 24 25 10 23 23 21 0 29 11 8 27 30 20 12 30 17 13 13 6 23 6 8 7 21 5 13 2 2
1 4 3 29 1 10 21 5 23 12 7 17 8 17 12 15 18 13 30 4 1 30 21 7 14 6 13 3 20 23 16 29 5 17 24 11 26 30 25 7 14 12 8 2 25 24 8 14 2 26 25 26 16 25 12 4 1 13 14 18 25 4 30 21 3 8 10 20 24
13 7 4 15 8 14 9 19 22 22 6 12 8 3 28 14 28 18 5 19 28 29 23 6 7 30 22 0 25 18 11 2 15 10 6 3 12 19 5 29 1 11 25 28 21 30 23 15 6 5 3 26 11 14 26 25 23 29 25 14 12 23 7 22 22 2 14 22 7
5 20 9 9 28 17 3 24 28 7 23 5 14 3 6 16 0 27 25 12 29 7 2 19 7 6 28 21 28 0 18 27 2 24 13 6 26 27 25 23 28 17 6 10 23 23 29 20 13 7 23 23 8 6 6 30 20 28 11 29 23 0 7 15 22 2 15 11 20
26 16 0 3 28 15 26 0 8 4 11 1 29 6 12 29 30 9 13 23 10 12 23 10 24 27 8 20 8 7 5 8 26 25 3 23 27 29 10 13 2 11 3 17 19 7 11 26 5 4 21 23 11 27 19 26 16 29 14 6 15 4 3 8 13 30 21 20 15
4 5 4 3 6 30 12 24 12 0 26 25 7 26 0 11 18 7 7 26 1 21 30 12 6 11 15 1 4 3 23 15 2 7 10 16 16 16 22 24 18 24 29 17 2 5 1 20 7 14 23 25 15 30 12 6 23 1 30 11 0 22 28 18 10 11 2 21 24
1 11 22 23 18 7 6 3 2 11 13 3 25 18 23 15 19 3 20 15 20 9 1 15 29 5 13 3 18 7 28 10 9 8 14 13 6 18 6 13 29 19 21 26 14 30 18 12 11 24 7 27 8 13 4 22 6 28 28 7 6 2 7 25 23 3 7 30 26
26 20 27 2 30 7 14 8 6 2 8 30 22 26 20 14 14 30 10 28 16 10 22 0 6 30 9 8 26 3 6 14 1 11 14 9 21 14 20 6 23 15 0 29 11 3 5 14 8 26 24 14 0 12 13 9 5 30 15 14 21 7 15 2 27 16 26 12 18
18 3 1 20 18 27 7 7 24 24 27 1 3 6 10 25 19 27 0 4 13 18 3 21 8 10 6 17 24 28 25 11 14 30 12 9 1 15 17 1 28 20 7 3 13 21 16 19 8 5 10 17 9 13 18 21 26 27 10 15 30 4 15 21 1 21 6 18 2
7 16 22 2 0 8 18 4 28 17 7 5 28 21 18 3 14 17 3 20 9 15 28 5 0 10 16 2 4 30 6 3 4 0 28 26 10 14 8 7 7 3 24 0 27 30 14 0 24 7 11 25 21 3 14 0 2 19 12 30 24 14 27 0 10 3 19 17 2
23 26 10 19 3 29 6 29 28 29 9 2 0 4 27 14 17 5 24 20 16 1 19 14 29 12 15 8 14 6 23 14 17 30 2 24 1 28 7 15 28 2 17 30 29 20 1 0 1 5 16 23 4 20 8 1 26 21 25 25 18 1 8 30 26 22 10 14 28
20 5 13 18 27 2 18 0 28 24 8 18 22 3 26 16 25 7 7 25 20 15 20 3 15 2 3 19 5 25 14 15 24 19 15 27 11 6 0 30 1 2 29 24 20 8 26 13 29 30 7 29 1 18 22 9 26 12 0 24 17 11 23 12 12 18 10 0 1
5 15 22 29 30 3 22 27 20 7 14 25 3 20 19 20 23 10 29 4 29 24 18 18 27 9 18 13 30 14 2 14 15 15 29 27 7 5 13 19 9 10 10 28 0 11 23 27 6 23 25 14 0 22 29 22 6 2 0 20 2 5 25 21 23 18 14 12 28
21 28 3 1 11 24 19 7 11 27 29 4 3 21 7 10 21 14 21 1 2 16 8 29 17 20 13 26 20 9 28 7 27 8 25 18 17 0 10 19 10 27 30 13 29 1 4 4 6 15 1 9 15 28 8 2 11 10 4 27 26 13 5 5 1 12 9 1 9
13 14 25 28 18 4 14 20 9 8 22 8 13 9 2 29 30 23 5 26 15 30 25 8 1 27 17 27 21 23 27 9 15 13 29 22 28 18 25 22 15 7 18 14 19 29 28 28 18 15 10 8 21 12 17 4 21 26 30 7 10 30 10 22 0 0 1 19 24
19 18 8 23 25 9 29 3 3 3 21 29 12 28 6 19 2 30 11 19 22 5 28 30 1 15 7 17 6 25 2 15 13 27 29 19 26 24 19 23 5 10 11 3 8 7 18 7 12 16 27 7 12 6 9 26 6 18 21 3 19 18 30 11 5 20 21 29 16
21 5 7 7 16 3 4 20 24 11 1 28 5 25 0 9 27 29 22 16 3 29 17 20 12 25 24 26 9 27 14 27 27 16 6 12 16 2 30 24 21 30 13 22 16 3 10 10 3 5 20 1 4 27 9 24 7 25 20 29 28 3 23 24 8 25 30 19 13
29 14 20 17 16 29 24 17 16 0 3 12 11 24 10 24 23 20 1 10 15 0 24 0 4 12 8 23 0 21 5 0 25 3 2 17 12 14 10 18 15 14 12 27 16 18 23 9 14 14 29 17 11 16 4 8 10 30 14 9 20 17 8 18 3 5 0 14 11
16 21 22 14 8 28 20 17 29 11 9 28 13 14 5 24 10 4 7 9 8 19 24 25 13 3 11 2 5 8 29 10 20 5 12 22 16 17 2 3 12 11 30 13 29 20 20 6 11 16 12 16 14 28 0 25 12 1 20 5 5 6 0 20 7 29 1 24 20
11 5 26 29 16 27 13 20 8 6 25 17 10 21 15 3 12 7 28 4 27 14 23 22 27 2 6 1 4 2 19 2 28 10 20 15 25 26 19 19 26 17 23 19 25 9 3 24 13 18 26 20 14 28 12 10 9 15 15 18 22 25 15 24 27 20 21 23 22
23 22 13 6 28 3 17 20 26 4 26 22 19 25 14 19 25 19 24 0 20 14 11 5 22 19 12 3 0 6 15 10 9 25 12 23 23 8 4 6 17 11 28 13 19 20 11 16 5 12 5 17 9 15 21 15 29 22 0 27 14 28 2 11 13 22 18 28 1
22 25 7 2 24 11 20 10 19 3 1 19 12 7 6 20 23 9 14 5 5 11 20 16 0 24 17 22 4 26 11 2 24 11 0 23 7 25 1 27 16 7 6 15 7 0 22 10 15 2 7 0 27 1 23 15 25 20 3 17 23 11 1 26 2 28 3 6 5
21 29 23 17 14 29 19 30 24 18 4 18 6 7 6 8 26 24 15 8 22 4 10 26 24 7 4 14 1 15 19 7 2 9 18 27 21 5 27 0 4 8 28 23 5 30 24 3 4 0 5 27 0 29 12 25 0 6 7 30 2 7 9 21 9 3 2 13 0
6 23 11 19 22 6 21 10 11 18 23 4 8 15 22 20 0 27 3 24 11 5 6 23 8 19 16 9 5 12 12 27 4 3 4 11 28 12 27 24 27 10 20 11 24 15 0 5 24 26 20 12 6 24 19 4 26 26 21 21 7 7 6 3 27 2 17 25 28
26 21 30 22 21 22 1 26 3 27 7 29 9 21 20 15 24 0 26 29 5 30 22 0 9 17 2 13 3 30 4 23 6 16 24 26 26 7 6 1 19 15 24 22 22 1 14 27 18 13 17 15 15 16 16 23 28 27 1 5 26 27 9 11 4 0 16 28 12
15 10 14 6 1 11 26 13 11 21 11 7 6 27 27 13 24 1 9 2 25 4 11 20 15 26 23 8 10 28 18 26 6 14 3 3 29 29 24 11 21 23 27 12 8 13 6 4 7 25 2 15 9 16 21 13 0 1 18 23 30 18 14 14 19 18 19 19 5
18 20 4 22 22 22 19 21 25 7 11 0 16 5 28 10 18 8 19 12 1 25 24 18 16 17 21 17 19 12 28 27 16 27 0 3 4 3 1 1 26 12 29 5 2 12 14 30 13 5 10 14 0 26 12 1 21 16 8 9 29 3 0 11 5 10 8 23 18
2 12 27 17 26 16 19 28 2 12 8 18 21 2 3 8 16 3 18 25 19 3 21 11 18 27 7 18 13 28 11 12 19 30 9 27 0 29 16 10 24 23 18 3 19 19 16 30 0 24 7 26 26 1 1 7 5 5 23 28 30 12 22 21 24 6 1 18 7
4 14 22 17 19 16 27 6 5 30 0 1 19 8 1 0 1 10 6 30 17 30 11 14 12 15 13 18 4 6 16 6 25 17 16 16 19 13 11 16 11 9 6 21 26 14 30 28 13 26 10 17 21 12 10 12 0 6 18 3 26 19 26 9 4 3 22 23 29
2 3 8 15 4 24 2 9 5 0 24 26 3 18 22 5 8 16 2 19 17 5 0 12 16 2 22 21 22 19 11 2 8 7 29 9 8 26 17 15 27 15 3 17 24 14 11 16 28 15 2 0 15 23 25 6 9 2 17 25 23 27 0 13 27 21 30 11 2
17 24 10 20 6 30 11 19 26 9 8 13 23 12 19 22 26 24 27 16 17 22 13 9 28 10 18 14 6 8 5 4 28 21 13 15 9 23 16 21 28 3 10 6 6 0 7 0 12 25 15 16 23 10 7 21 3 7 12 26 2 28 7 8 17 19 10 20 5
0 7 5 28 12 16 10 27 9 17 24 13 23 7 22 6 12 26 25 23 7 5 13 9 10 18 28 19 5 1 16 26 6 11 10 17 30 20 26 20 17 11 18 18 12 30 11 20 19 15 6 1 25 4 2 18 1 6 26 30 9 11 4 29 18 16 30 20 2
24 0 28 6 0 25 9 30 21 18 16 10 9 19 17 26 26 4 13 26 7 29 2 24 19 25 24 10 19 15 12 14 1 27 1 1 17 29 1 4 28 28 3 28 4 16 30 26 21 12 9 6 8 22 26 4 22 2 13 11 11 0 3 21 15 30 18 27 2
16 20 21 3 13 4 12 0 12 29 13 13 0 13 19 15 7 3 8 26 14 14 25 16 19 22 1 1 13 1 26 6 29 10 6 14 8 29 21 10 29 22 16 4 29 25 24 10 24 13 10 28 20 24 28 2 4 22 0 10 29 10 12 14 1 14 30 9 16
17 4 1 15 22 1 2 14 27 10 4 18 16 13 2 11 2 22 15 0 0 23 8 19 11 29 15 9 6 0 1 5 16 23 20 25 13 18 26 8 19 17 30 16 22 26 30 9 28 22 3 12 15 2 19 27 6 10 27 26 30 9 15 12 8 12 17 5 20
29 25 23 10 24 29 11 15 0 22 10 29 23 8 7 7 18 27 0 10 30 1 20 15 20 3 5 15 7 5 28 0 9 20 19 6 13 28 4 4 25 30 8 3 27 21 13 21 28 6 26 20 28 7 30 3 1 17 24 11 28 4 11 26 12 20 15 30 14
28 20 17 3 13 6 15 15 4 20 26 6 1 8 12 14 27 9 0 0 10 30 9 29 23 2 7 3 6 8 17 15 17 24 22 1 6 5 6 10 12 8 21 18 27 8 27 14 14 6 5 9 22 24 5 10 14 28 28 14 10 5 25 0 27 30 11 0 17
26 12 21 8 1 26 20 3 6 22 26 0 12 27 4 20 17 28 2 7 7 27 26 8 3 16 21 2 24 6 13 18 27 2 22 11 20 11 2 5 19 20 30 7 18 3 0 3 20 6 2 21 0 17 11 8 10 28 8 3 15 18 28 18 30 8 7 0 26
6 7 11 0 8 30 30 20 27 1 21 14 0 4 3 17 15 13 14 29 0 16 10 12 26 16 13 0 3 20 12 9 10 28 8 11 1 26 14 20 10 0 29 7 23 9 27 22 30 16 2 16 26 0 10 5 4 10 2 3 0 20 24 15 18 15 14 3 1
23 3 5 2 28 19 11 24 10 22 20 27 21 17 13 24 9 9 24 16 12 16 4 11 9 12 7 18 13 15 23 26 6 7 6 4 23 24 6 16 16 12 17 23 19 4 5 10 9 10 20 26 21 30 5 17 16 1 25 12 26 7 12 5 29 17 19 23 8
18 17 30 26 12 26 10 21 23 19 2 14 7 2 29 8 23 13 15 26 17 29 26 27 5 2 28 0 10 28 4 22 3 28 18 15 16 28 25 16 24 26 1 5 26 28 13 6 24 13 3 7 18 16 0 7 25 29 17 6 21 18 14 5 18 12 2 30 5
7 5 8 28 4 25 16 11 29 11 1 14 20 17 6 12 18 17 21 27 29 28 20 21 1 2 0 27 12 2 8 28 1 10 6 0 17 27 21 16 21 28 23 27 27 29 2 4 30 10 7 30 1 28 22 10 27 2 16 3 16 1 11 4 2 1 1 9 1
21 9 9 24 17 3 17 23 15 17 14 29 22 20 16 15 10 23 2 2 16 20 3 2 9 19 28 22 14 19 1 9 4 15 1 11 5 28 23 25 22 14 4 30 22 7 10 19 15 19 11 27 16 13 2 4 8 14 30 30 15 5 14 22 20 18 24 22 9
2 21 23 21 14 4 20 8 18 19 0 28 12 18 6 7 16 18 24 11 29 13 9 5 26 11 5 25 0 8 13 6 12 0 10 21 0 16 24 3 13 28 7 12 7 23 17 17 27 10 6 1 28 17 0 25 1 17 10 6 9 16 30 17 25 9 21 16 1
11 10 21 12 22 1 16 6 1 22 9 30 14 22 8 9 19 20 2 6 19 9 29 27 1 18 14 16 27 12 24 30 19 16 1 4 18 10 21 25 27 8 27 18 6 6 23 15 22 19 30 6 24 29 27 4 8 6 23 7 18 16 2 22 8 10 6 28 15
