74 74
17 25 14 0 27 4 29 27 12 18 1 15 0 13 16 0 16 29 11 10 8 27 22 27 26 12 7 0 24 19 7 23 13 0 16 29 9 7 29 21 28 16 16 4 22 10 14 4 23 16 14 30 27 28 3 27 6 7 23 1 16 3 30 13 28 15 7 16 7 0 11 21 11 9
4 5 20 3 0 1 6 16 30 11 23 6 21 29 5 1 5 5 13 25 2 20 16 24 7 25 12 11 19 11 12 0 2 10 14 18 12 29 1 6 2 24 26 18 15 8 17 8 8 14 21 6 19 25 14 14 19 14 10 14 0 0 1 10 24 21 16 17 11 11 12 26 24 21
25 6 27 10 16 2 17 28 5 25 8 11 19 30 15 1 9 21 19 20 4 3 5 18 18 26 25 27 18 19 8 20 26 6 17 1 21 17 22 28 24 3 20 30 7 5 24 2 16 27 0 4 0 23 7 14 1 25 0 26 13 30 17 17 10 28 6 15 8 29 20 17 29 21
19 29 14 20 3 10 0 0 14 24 29 4 25 15 25 5 30 1 12 30 16 4 10 29 2 11 6 8 9 11 6 24 23 12 10 25 26 16 13 3 4 18 26 28 21 17 14 29 13 26 27 18 21 25 30 26 8 3 11 4 27 3 19 9 16 9 29 20 1 4 16 19 10 19
2 25 12 9 23 20 1 15 27 17 20 30 1 25 26 18 8 12 18 5 20 8 21 11 27 2 17 16 22 18 25 30 20 8 30 19 26 8 23 26 9 0 3 5 3 3 28 22 30 22 15 23 12 15 18 13 23 17 1 27 23 22 25 29 2 9 20 11 18 26 28 12 29 7
18 6 17 1 17 19 8 27 15 10 8 12 12 25 6 16 16 15 22 28 30 22 30 18 9 7 7 12 21 11 25 9 28 15 8 2 16 29 10 11 23 11 17 0 0 6 4 10 20 26 7 20 13 13 22 11 16 17 14 5 26 7 19 25 22 0 6 25 7 14 13 29 23 23
25 9 21 19 13 28 18 5 6 22 0 19 15 28 13 6 1 25 23 12 2 16 5 16 9 24 9 17 3 17 17 4 18 26 23 10 22 15 21 3 19 6 18 21 7 26 12 10 25 18 9 8 21 18 8 4 29 8 25 4 7 29 10 17 30 14 20 7 14 8 9 15 7 14
12 3 9 29 3 20 28 12 13 25 21 16 20 23 23 29 1 27 3 8 29 20 28 22 20 8 3 2 20 29 3 9 29 12 25 25 8 27 22 26 22 19 28 30 14 10 14 16 11 30 19 20 15 16 2 17 21 24 8 26 28 16 8 18 27 11 30 17 3 13 25 4 7 3
7 21 11 22 28 24 14 28 25 30 29 19 26 2 4 26 6 8 7 16 6 3 5 7 24 24 20 13 1 10 19 25 1 30 4 29 26 27 1 22 27 24 26 15 8 5 3 30 10 8 19 8 12 28 8 1 28 3 16 19 21 30 24 28 11 6 20 0 17 28 27 28 5 10
4 17 22 3 13 13 13 17 17 6 5 16 6 1 19 16 12 3 18 28 26 20 21 10 29 30 8 3 1 17 21 17 5 20 26 10 18 18 23 7 13 2 27 6 8 29 11 5 14 17 26 12 24 13 7 18 26 16 17 28 11 2 17 3 19 8 1 20 30 1 20 22 5 14
20 7 7 0 14 14 24 12 19 19 21 28 10 30 14 23 3 21 14 9 11 12 23 24 27 27 28 19 4 7 11 22 0 5 18 12 13 10 23 27 4 6 24 21 25 16 16 19 23 30 26 5 29 14 17 9 18 21 29 26 11 12 6 25 10 19 18 4 26 4 25 30 10 1
29 27 25 28 3 17 5 28 2 25 10 1 14 29 7 6 28 3 22 9 7 20 4 19 23 26 28 25 22 11 13 30 25 12 22 2 16 4 19 24 0 25 9 24 20 7 10 27 21 2 28 10 24 18 2 29 10 0 23 5 23 18 23 1 4 19 9 13 2 30 19 6 8 19
11 27 16 14 8 15 17 2 11 11 1 18 7 26 15 28 19 4 19 5 30 25 9 1 14 14 20 13 11 5 12 22 16 29 6 5 26 30 17 3 7 6 3 17 20 22 25 23 21 22 0 11 19 5 3 12 19 10 4 26 5 7 21 4 24 24 23 5 15 12 29 9 20 12
12 10 30 4 2 22 26 24 23 20 23 10 11 9 21 9 21 16 2 23 15 2 22 14 26 19 19 26 11 2 2 22 12 2 19 22 12 6 14 30 26 19 0 26 4 1 0 16 30 5 3 12 18 8 20 7 28 19 7 30 21 13 21 3 12 10 23 23 27 30 30 25 24 13
29 9 3 12 23 3 30 28 11 18 21 8 4 11 6 9 17 13 5 12 11 8 5 6 5 10 3 15 13 12 3 14 6 5 23 30 18 14 21 13 25 15 11 28 1 16 5 22 28 11 2 19 10 22 1 16 9 22 16 22 18 2 26 16 21 16 0 28 2 2 22 9 23 16
18 16 6 8 29 25 8 13 11 26 3 6 28 7 29 8 21 11 27 24 14 12 30 26 14 3 30 14 23 5 23 15 21 27 8 1 3 12 11 6 7 25 30 3 12 26 13 16 24 29 4 28 8 23 23 13 12 20 20 12 20 18 2 0 1 17 3 7 25 23 6 21 5 19
21 28 12 15 11 22 26 22 22 22 21 17 25 22 11 21 8 4 28 1 4 25 14 22 11 24 8 12 6 17 26 28 5 4 2 2 4 21 18 0 19 1 13 13 7 30 30 21 28 7 2 21 28 1 17 10 15 18 9 16 30 3 13 20 19 29 3 17 29 7 2 23 1 8
14 1 23 16 20 5 2 29 30 27 0 25 23 4 19 0 21 14 7 0 12 21 20 12 22 14 20 3 28 8 7 9 24 24 12 4 9 9 3 14 18 6 21 0 29 4 4 13 4 25 28 7 11 10 1 3 5 11 0 13 5 26 27 30 3 28 1 8 9 3 17 10 26 0
14 14 26 5 29 10 30 24 16 22 24 24 1 4 21 7 28 23 17 18 8 2 2 18 24 22 9 30 10 4 15 24 8 28 10 22 3 6 24 6 1 5 30 8 10 3 7 6 9 17 1 10 14 29 21 24 17 0 15 26 13 28 30 13 29 28 4 3 28 1 22 30 25 7
17 19 23 26 1 19 15 4 14 4 21 19 9 12 26 7 4 11 13 14 20 16 16 10 29 13 26 18 21 9 6 21 4 26 20 4 6 11 4 5 22 19 18 3 3 8 13 24 3 19 8 2 18 8 20 1 30 17 10 6 24 13 24 12 17 2 15 24 6 26 2 12 4 11
22 4 3 13 20 9 28 22 1 30 11 13 11 23 5 12 27 12 7 30 8 19 3 30 10 7 12 8 30 18 20 23 26 21 0 12 10 20 22 27 17 29 8 11 16 18 8 8 0 10 14 27 1 19 28 29 30 19 14 17 6 2 28 7 27 20 19 14 10 29 21 21 22 15
10 30 3 27 26 4 21 13 25 6 20 2 21 17 19 30 20 23 11 2 7 11 5 28 30 9 23 21 7 26 2 9 10 14 30 2 5 12 23 24 1 10 29 14 10 11 18 18 20 21 14 10 26 14 6 30 2 5 14 7 28 20 20 21 20 24 4 15 18 3 18 15 18 26
17 28 3 28 30 5 24 10 1 8 1 8 8 28 23 11 26 18 5 5 7 15 3 22 26 1 6 12 21 15 11 3 3 10 26 6 12 17 0 19 10 11 9 13 26 30 3 2 11 19 2 10 3 14 22 1 6 15 17 5 20 4 3 2 18 25 29 6 2 27 2 24 8 14
10 17 6 18 6 4 16 13 26 19 11 15 8 11 19 16 16 21 4 26 21 10 28 18 17 9 27 11 8 1 28 1 10 15 15 4 20 8 7 20 23 5 13 28 21 5 30 15 14 6 14 3 22 2 2 12 30 17 22 4 8 27 23 28 13 28 0 19 24 1 30 12 6 25
11 5 13 6 29 20 6 28 3 10 27 12 24 10 28 2 0 24 25 29 18 4 14 22 7 8 4 2 23 21 3 23 15 30 16 16 13 26 12 8 3 20 3 13 10 11 8 14 11 27 9 3 19 15 12 26 8 6 8 21 14 6 29 11 2 24 20 5 13 19 12 29 13 8
16 27 20 8 18 20 25 28 23 30 7 2 15 19 14 18 30 10 20 10 20 15 14 5 9 21 2 28 23 26 8 5 22 3 17 8 24 2 10 14 6 18 14 26 29 19 5 24 9 2 10 28 14 5 10 19 5 24 25 11 25 27 25 8 8 8 8 13 22 7 27 21 2 15
3 11 17 23 13 23 11 6 29 19 28 15 20 12 21 23 16 18 27 15 29 2 17 27 25 27 9 29 30 8 28 16 27 18 17 5 18 18 10 20 3 0 3 27 2 9 18 6 23 8 13 21 23 19 30 27 13 30 23 7 28 25 23 2 7 16 3 8 19 6 1 3 15 19
6 7 19 0 10 22 21 18 15 14 7 10 1 11 6 26 13 30 21 26 1 25 16 28 28 8 7 29 5 11 12 10 22 6 27 27 15 15 16 1 20 17 1 17 22 29 19 0 5 20 24 13 25 10 14 15 14 27 5 22 25 24 18 17 0 15 12 18 15 15 0 2 14 24
16 4 2 3 0 27 10 0 13 7 20 17 16 8 8 17 14 28 0 26 24 25 29 14 16 3 9 1 21 1 2 25 12 30 22 9 18 21 0 5 17 23 25 12 5 21 28 26 1 27 16 20 30 9 12 22 22 21 18 1 22 13 22 12 23 25 8 26 7 25 13 1 30 16
1 29 10 13 26 0 24 22 27 5 23 10 20 10 9 7 1 10 0 17 11 3 17 22 18 5 14 27 15 27 12 23 16 4 7 14 9 3 23 30 14 23 24 4 3 19 5 17 5 27 28 25 0 25 12 4 25 12 29 17 20 21 22 17 1 30 27 3 9 20 28 28 15 22
7 23 3 17 15 15 15 27 25 20 5 20 11 12 11 0 2 10 2 3 24 22 20 12 5 2 26 28 28 0 26 27 22 24 12 30 22 16 20 19 11 21 22 16 13 24 12 6 15 9 24 24 30 15 6 0 22 13 0 20 19 15 29 20 24 21 14 24 20 30 15 7 12 11
26 28 11 28 26 17 6 7 16 26 10 10 18 12 11 18 29 26 10 7 3 14 1 19 22 27 21 3 27 28 29 6 2 0 15 7 21 20 10 21 10 3 12 23 27 19 7 8 0 7 11 22 11 10 13 14 0 24 21 14 18 0 16 11 8 7 20 30 23 22 14 17 30 27
28 20 20 25 11 23 18 29 15 11 6 25 22 5 18 3 14 5 7 12 0 8 13 17 4 2 27 16 19 1 6 15 1 12 27 24 15 13 28 25 1 28 25 10 7 15 3 16 4 30 29 11 10 30 17 13 27 13 21 11 9 18 19 13 29 22 28 0 9 16 10 3 30 16
2 19 0 27 7 9 18 14 20 25 6 18 11 4 8 15 16 22 3 8 26 3 9 7 19 19 23 20 25 11 1 8 26 26 22 26 26 5 20 12 25 22 1 15 17 15 11 3 6 18 1 23 10 27 27 23 5 3 28 2 5 5 16 15 0 23 19 25 18 26 14 29 16 6
5 16 20 17 2 2 29 12 5 5 22 12 12 8 21 24 11 12 9 3 22 23 12 22 8 13 0 18 0 19 17 18 7 8 10 23 2 6 15 5 0 25 14 26 14 16 19 0 26 11 12 15 20 16 14 2 26 6 25 16 5 18 18 7 30 29 18 25 24 4 28 20 4 25
19 22 1 17 7 12 20 28 5 17 7 7 21 1 15 21 22 25 23 29 30 8 11 11 24 25 7 23 7 14 17 26 22 13 2 4 26 17 3 22 21 17 7 13 23 26 12 29 19 8 27 23 11 5 7 29 30 12 30 27 10 0 24 30 26 3 11 24 29 3 12 22 7 2
7 10 22 12 30 11 5 29 13 0 1 21 16 22 19 0 9 25 10 25 8 11 2 28 2 0 9 11 19 2 1 4 29 14 6 29 19 30 6 6 19 18 10 18 14 25 2 19 26 9 16 20 30 20 3 1 6 3 30 25 13 19 17 2 28 18 13 30 24 15 11 5 22 3
29 30 2 1 2 1 26 1 30 9 19 22 22 22 7 25 27 17 6 8 13 4 2 6 12 0 24 20 19 2 6 9 18 7 10 11 0 22 20 11 29 13 23 29 30 8 26 10 29 13 17 6 4 25 21 23 22 4 24 3 26 14 16 15 12 2 21 25 8 6 21 11 24 23
29 24 18 3 2 18 23 27 8 8 8 19 0 29 1 15 10 2 27 16 18 5 7 6 17 14 26 11 26 23 7 26 23 24 5 8 13 5 7 21 19 28 24 14 8 1 20 6 29 11 29 11 23 26 8 25 18 23 26 4 5 28 0 7 25 10 25 10 29 25 1 25 0 28
9 6 4 14 28 12 2 17 20 14 26 8 28 24 20 22 5 3 16 22 8 28 7 13 19 11 14 30 22 6 22 5 14 1 24 1 5 30 30 22 18 9 10 21 6 13 6 5 10 28 30 24 8 13 10 17 27 9 13 19 26 5 16 29 7 23 25 14 19 15 3 3 16 8
7 10 13 0 18 29 14 17 1 9 26 5 1 15 18 21 21 25 9 8 19 2 11 23 26 24 18 24 23 17 2 30 12 4 15 5 5 16 3 12 4 11 22 26 30 16 12 9 4 2 26 27 22 6 18 0 25 16 3 30 27 12 17 20 28 11 12 20 4 9 19 2 30 14
3 11 28 0 12 22 20 20 6 10 17 20 24 13 6 13 22 12 21 30 28 23 13 1 17 26 13 18 24 9 23 3 24 24 11 28 0 5 7 17 14 25 30 4 26 21 10 14 11 18 10 11 1 0 10 2 23 28 9 11 24 6 7 17 20 23 18 10 21 14 29 6 9 8
1 1 27 23 0 28 24 21 14 28 14 16 17 21 22 14 30 25 12 5 4 11 7 7 27 23 1 23 6 7 1 21 14 21 7 24 17 3 7 4 29 14 26 3 3 9 5 3 9 0 18 22 22 21 30 20 7 28 30 15 19 30 4 9 0 4 26 28 0 22 0 5 8 21
6 6 17 0 5 15 10 4 27 17 25 2 21 2 21 30 29 5 15 13 8 1 29 1 16 27 0 18 12 12 22 0 19 5 11 27 14 17 13 15 10 4 15 22 7 23 6 30 1 5 9 9 21 25 1 10 21 20 2 0 13 7 11 21 21 22 4 7 8 20 9 6 6 21
2 0 5 7 27 27 17 20 30 4 20 0 17 26 30 10 30 10 21 28 2 20 16 19 1 7 3 18 16 3 8 20 22 27 28 13 30 16 7 12 11 21 23 28 14 5 26 6 15 5 7 2 21 17 16 30 0 11 25 23 16 7 23 5 17 29 0 2 23 15 19 24 22 25
29 30 28 29 4 22 15 4 25 13 29 25 30 19 3 25 12 19 12 2 29 20 10 28 22 29 21 18 9 17 0 19 0 8 10 0 18 30 16 13 22 16 8 21 8 6 14 11 17 10 26 16 22 21 21 14 27 26 28 12 28 10 8 23 0 25 6 23 16 16 15 27 12 26
11 10 22 0 11 30 11 23 5 25 11 16 26 12 11 1 5 17 8 20 2 6 14 10 15 25 16 21 17 22 20 19 7 20 28 0 15 29 1 27 23 23 13 21 30 27 11 5 8 7 2 28 27 27 24 14 0 14 11 18 26 8 27 16 29 14 26 0 20 27 29 6 20 30
6 4 23 24 20 26 4 13 27 23 25 24 29 11 7 6 3 24 30 25 16 18 3 21 23 1 11 25 9 19 14 15 25 13 25 9 24 0 12 29 9 30 11 17 9 8 12 7 7 17 23 13 19 0 16 1 12 22 17 5 26 25 16 6 24 11 5 16 3 28 7 5 20 29
20 26 7 16 18 28 30 11 19 1 1 25 15 7 25 2 4 4 18 19 14 14 25 24 9 14 17 13 26 14 28 18 23 12 5 28 13 7 28 7 19 22 22 19 12 3 2 2 30 21 6 2 23 29 26 3 6 19 18 27 10 12 24 21 3 16 10 23 30 11 17 9 28 12
1 19 27 27 10 8 26 0 8 25 29 19 25 8 29 24 28 22 26 16 19 11 3 29 26 3 22 0 17 16 24 18 27 4 25 5 11 21 29 15 2 26 10 9 13 28 7 1 25 21 18 4 27 4 18 5 15 7 14 22 10 11 3 12 9 13 7 14 29 25 1 15 27 5
6 12 13 28 1 6 3 19 26 9 27 1 20 24 14 8 27 3 13 24 28 16 2 7 4 13 16 4 6 27 25 24 10 16 8 30 10 3 17 19 9 23 15 20 25 1 8 7 21 19 28 21 12 15 14 2 8 1 16 16 28 30 27 28 17 27 23 10 16 24 5 4 5 7
16 7 18 14 12 2 9 14 28 27 13 2 25 0 8 2 17 10 4 16 22 11 12 29 0 14 18 15 21 15 6 20 28 5 4 22 6 3 29 30 17 1 13 12 24 0 9 16 11 16 11 24 13 1 7 22 1 2 8 12 24 2 16 20 29 25 4 8 12 14 18 0 30 26
30 14 20 28 18 16 2 24 12 8 19 21 21 24 10 5 16 27 8 4 16 19 2 6 26 2 8 18 25 15 10 17 28 2 25 21 8 16 2 12 17 9 7 2 23 26 7 5 14 24 8 26 19 3 29 26 1 3 14 18 19 19 9 22 25 19 2 2 30 20 22 6 20 9
6 14 22 14 5 25 7 29 14 25 30 10 26 26 19 19 26 4 14 24 15 20 13 22 12 10 24 18 4 5 2 20 5 3 4 23 15 4 23 28 30 18 13 6 6 20 4 30 1 22 27 17 11 20 17 5 7 0 17 4 10 26 9 9 28 9 0 27 11 24 5 21 12 18
9 20 9 29 24 11 15 12 8 28 7 17 10 4 7 19 17 17 8 17 0 2 22 4 20 15 8 0 28 13 27 30 17 14 5 24 24 8 13 2 6 14 27 12 28 28 15 4 27 21 0 27 15 23 0 15 4 20 20 29 26 1 6 22 12 26 22 16 17 15 24 21 21 28
9 12 9 3 14 21 0 13 19 18 22 17 16 29 9 26 4 14 11 29 7 30 14 20 1 2 10 16 17 20 9 29 23 10 29 30 27 26 27 28 12 27 6 19 9 5 20 9 4 19 7 2 11 6 18 27 30 13 6 16 1 25 12 11 18 26 29 24 22 8 8 22 25 5
29 29 16 3 23 19 9 30 7 7 24 4 3 10 11 26 27 19 4 21 0 23 6 19 11 28 15 3 11 26 10 15 27 29 7 3 18 9 23 5 15 2 25 12 22 18 29 10 1 1 11 10 10 7 20 9 12 14 26 25 22 20 23 5 6 9 9 14 15 29 7 29 30 22
25 3 7 15 24 6 27 3 19 15 14 12 29 18 23 0 0 8 26 22 27 3 19 18 24 28 29 30 17 14 9 16 25 6 10 15 9 5 26 27 30 11 12 4 18 12 4 24 24 0 14 27 6 18 27 10 3 26 24 24 26 9 9 13 11 6 20 9 27 15 16 29 2 1
2 12 13 14 17 20 18 30 28 4 1 30 20 21 13 2 0 20 19 29 29 10 27 30 11 23 27 28 13 26 13 20 25 27 21 23 23 30 2 15 11 19 23 25 2 22 15 24 23 16 29 22 5 10 18 15 12 0 12 11 20 3 3 13 25 8 10 4 16 13 27 5 11 28
6 19 18 23 7 28 0 30 29 8 27 20 20 10 7 30 27 17 6 29 10 25 18 1 22 11 9 6 3 8 12 11 20 13 8 27 30 8 23 4 25 0 21 17 11 24 5 28 22 10 6 15 0 20 3 1 23 5 8 1 9 24 3 18 26 18 25 17 4 7 28 12 12 18
25 14 30 5 4 5 1 4 24 24 4 25 30 4 29 25 18 6 14 25 15 23 23 7 13 5 9 2 2 7 11 24 27 8 3 21 20 11 3 26 9 20 6 0 17 2 6 15 2 7 6 7 9 23 1 1 29 3 26 2 16 29 30 30 3 19 25 7 20 20 23 16 28 0
28 2 0 27 18 8 2 1 2 14 28 12 29 20 1 17 16 21 0 26 25 24 6 1 23 3 12 7 28 24 14 8 3 26 6 13 25 4 15 15 21 4 9 25 19 23 15 30 24 11 23 6 8 26 28 30 27 13 29 17 19 30 25 26 23 13 2 9 9 13 27 1 20 17
5 17 27 11 14 13 15 4 19 1 9 27 15 5 10 15 10 15 14 4 25 25 13 18 16 23 18 4 23 9 10 13 5 9 9 13 18 12 19 12 6 3 23 11 6 30 25 14 2 13 3 3 0 13 13 24 17 7 5 8 17 14 30 7 25 17 14 4 0 23 23 0 12 4
28 1 12 26 17 14 16 21 30 6 3 21 0 1 4 19 12 15 30 1 17 25 15 29 26 2 12 28 24 4 24 11 8 25 7 30 15 6 1 3 24 14 6 11 25 4 15 22 6 2 10 10 5 8 11 10 18 28 22 29 22 24 6 20 27 27 3 17 28 16 18 10 21 29
26 8 7 12 15 1 16 29 6 19 3 14 24 22 7 6 9 7 18 7 30 1 5 11 25 8 6 18 16 28 1 12 18 25 18 8 25 14 20 11 20 24 25 3 5 7 20 20 6 25 12 11 17 26 29 9 23 3 2 8 18 5 20 28 20 8 28 27 17 25 11 10 13 12
22 28 0 27 27 12 22 15 23 22 4 3 7 20 0 12 4 29 30 8 8 30 28 9 22 28 20 6 27 25 25 25 19 11 22 10 17 30 9 28 0 27 10 18 12 8 16 23 12 9 18 21 19 16 17 3 14 8 27 26 23 25 7 19 21 25 19 2 22 18 26 6 24 0
3 21 19 28 7 10 28 29 11 25 25 9 17 21 28 4 20 1 23 24 0 9 1 28 12 17 9 17 24 26 20 26 7 15 15 9 10 26 7 4 2 13 14 4 14 15 1 22 8 1 0 27 16 16 25 3 10 9 24 22 26 13 22 12 11 27 0 26 27 25 20 6 1 26
15 14 5 12 20 7 24 16 17 20 30 0 11 14 22 11 10 29 22 15 1 29 25 24 17 9 14 29 14 25 23 2 8 23 27 6 11 5 3 25 22 10 9 22 22 11 13 20 21 7 18 14 3 26 24 4 28 6 26 4 7 13 19 11 9 15 11 20 24 7 22 10 1 14
16 16 8 22 10 19 21 17 0 14 20 22 27 14 19 0 19 3 13 28 14 10 24 23 26 17 26 0 18 18 6 1 5 10 20 3 25 17 23 23 2 11 11 17 2 18 10 19 13 8 13 19 30 27 23 2 17 0 15 6 12 6 28 19 4 7 18 0 12 7 9 0 14 6
30 14 18 13 28 22 10 7 7 15 7 13 10 22 3 12 30 3 2 15 16 26 22 18 6 8 8 2 1 17 6 9 6 30 15 5 0 20 13 21 19 29 16 18 28 22 17 13 3 20 26 6 26 7 23 9 13 6 11 17 25 10 3 12 1 6 16 13 27 29 7 10 17 15
15 7 25 1 9 9 30 30 9 14 27 30 8 2 29 16 22 23 5 29 27 12 15 24 26 14 5 9 18 28 15 19 20 2 30 5 23 20 27 18 11 4 3 10 27 21 13 11 26 17 18 5 10 11 14 27 17 4 29 26 30 10 21 3 4 19 6 10 0 16 25 13 25 30
13 17 12 4 9 3 29 5 15 1 25 12 24 0 20 3 27 5 7 6 29 14 0 18 27 18 22 1 11 15 4 18 11 12 17 2 18 30 6 28 12 2 8 15 25 29 18 6 24 25 9 3 14 29 11 14 1 9 24 5 6 22 5 22 21 16 26 5 23 25 30 12 29 9
22 2 24 24 6 30 8 1 0 2 21 19 17 10 17 3 9 1 22 5 12 21 3 17 24 0 27 18 2 3 29 17 2 20 21 21 19 6 15 26 20 16 28 13 18 2 28 13 28 17 3 24 22 3 26 17 18 11 27 25 19 24 28 24 18 30 29 15 7 15 17 13 30 15
16 5 2 18 1 15 6 30 8 30 24 0 6 30 27 8 12 11 14 8 19 8 4 11 20 14 17 27 0 8 1 27 8 6 16 23 25 14 23 28 18 6 29 16 11 24 2 0 11 20 0 28 17 23 5 7 29 6 22 3 8 12 4 2 0 6 11 14 4 5 19 16 28 4
