79 79
23 8 27 20 14 27 24 19 14 4 9 12 26 2 7 0 18 15 0 20 17 26 23 24 24 20 14 30 5 15 1 10 16 25 28 16 21 5 5 1 13 23 2 15 1 13 15 8 6 14 8 1 17 15 5 13 26 18 20 10 26 7 27 9 15 0 24 20 6 28 4 13 3 9 28 26 0 22 0
18 20 21 18 15 9 25 0 21 5 0 3 6 9 2 16 28 0 2 22 24 26 28 25 16 3 24 29 11 13 14 9 25 29 4 29 20 12 27 7 0 0 3 21 27 4 24 2 26 23 18 26 24 0 16 23 24 18 9 22 13 21 19 17 3 27 17 4 28 17 19 13 21 3 19 24 22 0 24
25 2 11 19 21 14 9 11 14 22 6 10 2 3 24 22 24 14 8 16 18 30 19 21 19 10 21 24 7 29 19 8 19 22 6 4 5 26 14 14 25 25 17 19 2 2 8 0 30 19 21 19 10 25 9 25 30 24 8 30 11 11 30 26 15 9 17 13 12 6 27 23 0 11 18 13 4 0 21
14 19 12 15 4 17 18 10 30 19 17 1 3 28 23 23 18 13 10 13 1 11 14 13 0 30 22 19 25 28 11 19 27 22 14 17 1 20 16 21 0 16 9 6 28 27 15 10 2 12 7 10 20 30 24 23 1 14 22 15 29 9 1 24 6 24 2 27 3 21 13 11 13 22 7 17 12 27 21
7 12 26 16 18 17 1 3 6 16 26 10 0 23 19 26 7 11 20 14 7 6 2 18 7 9 3 16 1 22 28 29 11 13 6 27 27 29 16 24 16 5 21 24 19 1 23 2 13 12 6 18 9 7 26 23 28 13 17 27 23 4 8 26 15 3 3 9 28 19 2 23 4 0 14 29 6 14 12
0 1 13 26 17 5 29 12 12 26 24 3 21 15 21 27 7 25 21 4 16 22 15 26 24 8 8 11 17 27 0 22 11 21 11 20 14 7 26 12 0 1 18 13 1 0 0 8 17 22 11 6 20 5 14 24 27 5 29 27 8 11 28 16 16 20 18 22 0 20 15 3 27 7 27 2 0 5 25
11 19 6 15 10 25 5 15 16 6 18 4 6 6 22 10 16 2 12 10 7 10 12 20 19 7 21 0 30 13 9 9 13 11 19 2 1 3 9 6 19 29 0 30 0 2 1 18 25 23 1 3 24 19 11 10 15 9 12 18 28 3 18 22 13 14 26 2 22 17 28 0 15 22 20 0 14 10 17
22 7 13 7 5 2 21 11 13 23 30 12 10 23 23 7 6 22 15 2 14 25 20 15 16 25 15 14 24 19 12 28 11 27 25 7 29 25 18 6 11 7 30 26 0 0 28 22 18 18 3 4 23 28 23 24 24 24 29 15 13 1 12 7 3 24 20 3 28 16 16 14 12 0 12 9 2 15 23
18 11 1 17 27 13 19 1 6 14 30 9 6 2 22 15 29 10 14 26 0 16 9 14 10 15 9 29 25 5 25 20 10 30 2 7 18 26 9 25 15 30 19 7 30 3 28 2 27 4 16 21 7 21 11 3 26 7 12 1 17 21 1 25 14 28 18 1 26 8 26 1 5 12 26 0 12 21 8
14 26 29 1 19 11 14 26 5 23 1 27 3 30 3 3 20 8 25 15 24 15 9 23 12 23 3 3 22 11 26 26 26 9 4 8 17 6 27 19 3 23 16 16 6 8 23 1 29 3 19 15 10 7 5 22 3 19 9 17 2 29 11 25 23 17 5 19 11 28 10 22 1 19 10 6 18 29 22
15 17 28 28 13 15 1 15 3 8 15 6 8 12 10 6 8 19 22 4 16 15 14 2 5 18 0 23 14 8 30 17 21 6 2 28 21 3 22 19 22 21 8 6 26 2 20 10 20 9 17 14 9 19 10 2 16 15 28 23 20 5 12 4 5 0 12 23 13 30 13 10 23 23 15 19 23 26 26
6 27 12 3 20 17 19 26 17 8 3 14 28 0 16 5 20 8 28 16 2 15 15 7 14 21 11 0 28 10 9 25 10 29 15 18 21 6 23 26 20 5 23 13 9 1 3 23 29 20 8 26 7 23 0 10 2 24 23 27 3 30 7 22 21 27 8 1 28 3 18 16 9 18 8 4 5 20 10
26 30 24 10 8 9 21 5 18 5 29 21 26 1 7 9 20 26 20 28 0 9 10 20 18 29 19 13 1 13 10 15 15 9 25 5 5 10 23 1 14 27 2 1 16 6 28 23 8 18 28 13 14 3 6 7 13 18 14 7 11 27 0 1 5 1 23 9 25 3 29 23 4 4 10 1 4 15 3
7 23 11 12 3 14 29 14 3 3 22 25 5 18 10 27 20 10 15 16 21 8 23 27 5 28 15 16 30 11 15 25 21 17 5 13 23 17 25 2 23 0 9 7 9 7 15 15 5 19 1 29 8 26 8 28 6 24 11 19 30 23 23 24 1 16 27 2 1 0 16 16 20 20 29 25 23 27 29
8 13 18 6 9 3 19 5 17 12 23 25 24 25 5 24 17 18 4 30 14 8 13 24 5 11 1 7 8 24 30 18 17 19 23 7 5 9 6 1 21 13 27 21 21 3 8 19 0 22 16 27 24 20 17 21 30 2 7 3 6 5 27 5 20 2 14 3 5 12 21 18 10 1 27 28 10 18 21
14 13 8 3 22 14 6 24 10 23 5 2 18 1 3 25 22 19 13 10 18 20 2 23 19 16 18 20 11 17 7 3 6 22 23 26 17 21 4 20 4 12 28 7 11 4 14 17 2 15 9 17 18 28 2 13 23 24 26 2 25 8 19 26 26 18 20 0 15 12 13 10 29 17 8 2 22 17 20
20 9 27 13 18 23 18 4 22 16 1 2 3 15 20 9 10 22 6 2 21 25 9 29 4 21 18 29 18 23 20 0 13 30 18 5 28 18 0 8 5 26 28 0 14 18 17 4 23 23 4 2 27 23 26 25 27 1 17 12 18 28 18 23 15 4 28 29 13 4 20 7 18 28 23 22 5 22 0
2 3 21 6 8 14 22 19 22 16 17 18 6 7 9 12 4 16 3 0 28 30 20 24 14 15 0 10 3 10 3 3 27 22 16 8 12 15 7 20 3 26 0 22 6 30 15 26 22 18 10 28 28 4 17 7 24 11 2 28 25 12 7 2 19 1 18 5 9 13 9 6 25 11 20 25 8 0 21
3 14 29 26 9 26 23 10 28 1 16 23 18 8 17 23 9 26 3 18 30 24 5 1 29 18 21 3 8 22 20 9 10 28 23 0 5 8 26 14 2 6 27 11 22 12 11 3 21 15 11 22 26 9 11 23 30 18 7 5 11 11 24 24 26 3 11 17 27 16 25 18 13 30 28 25 29 2 1
29 26 7 13 1 10 3 19 8 13 28 2 13 26 26 0 12 30 6 16 1 23 0 9 14 12 7 7 24 19 11 5 8 0 13 3 19 1 10 9 28 30 27 14 14 20 3 11 17 27 29 7 4 7 12 17 29 8 1 26 27 30 25 21 22 26 7 23 17 19 4 25 16 23 6 15 8 0 20
10 6 14 14 19 11 5 25 10 20 11 8 10 8 14 3 24 1 1 8 11 21 16 18 14 21 17 14 13 11 10 6 25 11 14 5 9 29 25 5 14 6 18 14 27 19 18 16 18 12 29 11 11 22 24 14 14 25 0 22 16 28 18 22 4 30 27 11 27 12 9 27 11 4 18 5 0 6 6
9 16 17 0 18 4 23 27 11 2 0 13 6 3 30 25 24 17 6 5 8 22 2 13 4 2 14 17 5 17 2 20 28 30 30 7 8 14 7 24 7 30 6 21 8 29 29 25 23 26 25 14 17 27 28 10 11 10 19 0 18 5 4 4 8 23 16 11 8 7 27 8 26 18 19 17 20 3 24
7 0 24 15 9 29 0 10 30 15 6 20 13 8 26 8 0 25 30 1 16 10 0 23 14 5 26 10 25 26 16 18 6 10 14 5 15 10 17 29 27 30 21 15 30 21 23 7 8 5 24 13 13 9 2 24 5 9 22 16 16 1 19 19 13 7 6 19 15 0 5 0 10 30 16 21 24 0 27
23 27 28 0 19 25 18 26 9 19 22 17 16 10 3 26 28 12 14 19 13 2 11 4 30 11 5 21 10 18 25 11 27 17 14 25 18 30 2 10 6 2 21 30 13 13 14 13 0 12 21 7 5 29 28 6 16 23 20 11 9 29 17 25 11 12 7 11 27 9 28 23 15 9 5 21 16 20 14
4 14 9 30 11 26 0 1 30 1 17 16 28 16 30 18 15 11 30 18 28 30 10 30 6 26 22 12 29 26 16 4 14 23 1 2 27 28 11 27 3 25 17 14 25 30 15 3 18 27 16 22 2 15 2 10 28 10 0 28 0 29 7 11 24 5 1 20 30 30 27 11 8 26 5 22 7 1 29
8 20 16 22 25 6 14 0 16 12 28 25 11 26 27 11 26 21 20 12 5 20 0 6 14 0 14 30 2 30 0 30 23 21 27 0 29 26 30 27 7 11 7 23 30 16 11 13 10 21 23 14 7 0 6 10 17 29 23 20 3 10 18 13 6 6 26 16 3 6 18 23 30 17 8 21 9 20 9
1 15 17 15 21 20 27 0 24 21 11 14 1 23 6 10 26 4 15 4 29 3 12 6 12 5 8 13 15 3 0 15 26 27 25 27 27 29 0 16 6 4 21 2 20 10 16 2 17 28 8 3 30 30 14 2 3 9 2 14 11 7 12 3 29 19 7 28 6 20 19 14 6 24 11 20 24 14 30
2 28 4 13 15 15 1 29 0 17 13 6 13 12 12 5 5 27 8 11 6 25 3 15 15 21 13 27 10 3 4 4 12 27 25 4 26 19 10 0 16 16 23 24 28 22 14 3 6 3 28 17 23 5 5 15 5 22 26 23 26 20 29 20 24 8 13 9 1 22 29 26 26 24 2 23 16 0 12
8 29 30 15 8 4 29 26 5 0 4 21 3 30 26 19 0 11 3 1 6 29 1 22 3 4 8 23 26 9 15 7 2 26 4 0 3 7 6 24 9 26 17 3 25 29 13 13 26 28 26 3 21 7 13 11 15 1 9 9 22 14 6 22 10 5 25 8 6 9 2 7 24 20 23 13 1 0 29
6 15 3 30 12 3 22 6 8 27 29 22 0 2 14 8 0 9 17 6 12 2 17 21 1 16 10 1 3 28 7 23 27 2 11 5 18 4 2 17 30 7 0 30 4 18 24 5 5 23 16 23 9 19 30 11 22 5 6 13 22 15 11 9 30 9 24 19 19 15 1 2 28 29 23 3 19 4 19
8 4 2 5 0 19 17 2 5 13 6 18 23 22 3 15 27 21 7 0 1 14 19 10 1 2 24 4 12 4 12 20 3 10 16 5 28 25 11 3 20 1 6 18 6 11 20 5 11 27 30 10 30 23 21 6 10 16 11 26 6 15 5 13 7 28 3 5 13 19 20 27 28 21 1 0 1 9 16
11 7 4 5 24 14 25 30 14 21 2 22 28 5 9 6 8 15 27 1 22 19 12 5 17 21 10 30 29 23 11 28 30 1 15 10 16 25 26 4 26 4 5 11 25 15 15 29 22 1 21 1 28 27 17 1 16 2 29 10 21 11 9 15 13 12 3 9 1 0 28 9 9 6 17 15 4 27 8
0 30 4 18 6 11 11 10 14 30 13 5 16 7 24 2 27 14 4 24 2 10 26 21 29 7 8 4 4 22 9 4 2 20 13 1 13 14 25 19 26 27 8 21 4 25 17 21 4 1 0 24 12 7 4 18 9 28 28 15 7 18 30 13 21 27 5 7 22 19 17 17 16 30 25 24 30 27 6
19 28 26 14 8 3 3 3 5 28 8 7 10 6 14 24 1 12 18 13 28 2 4 1 25 6 24 1 8 29 26 26 18 13 19 25 30 17 27 21 11 16 16 13 7 9 11 1 6 23 16 2 14 17 13 9 23 11 11 16 29 6 10 9 27 6 25 8 28 5 6 28 8 17 12 6 15 10 18
26 28 18 24 26 24 8 15 4 27 0 25 24 28 7 16 9 16 1 18 22 22 4 12 18 12 2 24 7 5 18 0 29 21 20 12 6 22 19 25 8 15 9 26 0 30 13 13 3 20 25 21 19 26 5 9 15 13 28 5 22 12 20 15 14 16 2 1 9 25 30 10 0 8 2 19 13 2 0
5 8 5 27 5 25 8 6 6 6 25 7 12 22 26 0 25 8 7 13 17 3 30 13 18 23 0 23 0 15 30 12 14 21 26 1 2 26 17 21 25 5 10 24 30 22 23 27 11 4 23 30 5 10 17 24 18 7 6 0 4 21 30 23 24 22 18 21 20 0 4 3 21 23 18 23 2 11 5
10 28 8 13 8 21 30 29 27 9 24 8 21 24 5 13 1 17 14 11 9 10 6 24 24 12 28 22 20 21 16 25 14 27 30 29 13 8 18 17 3 16 16 15 28 18 7 24 23 6 12 5 23 13 7 12 7 10 11 4 23 19 25 2 26 28 26 30 26 9 9 12 17 22 9 25 6 26 12
20 12 21 13 9 23 29 3 24 23 2 1 12 19 10 30 22 3 18 23 13 6 7 11 2 4 26 27 13 0 16 2 1 3 13 6 23 27 18 27 29 13 19 0 19 28 6 10 20 15 7 5 23 14 6 19 10 29 21 18 26 19 19 26 11 30 21 8 19 20 27 17 20 20 26 16 28 7 12
10 1 24 6 17 15 27 0 16 1 12 24 17 1 4 13 11 19 30 18 23 10 13 17 17 16 2 6 15 21 24 27 11 21 7 28 12 3 23 6 26 11 15 18 4 24 7 9 21 19 5 16 1 21 17 0 21 20 1 21 22 14 2 28 17 10 12 20 14 11 6 1 12 3 25 8 8 5 7
10 15 6 29 5 2 0 2 7 22 6 26 1 5 8 4 2 17 14 3 9 1 23 29 22 23 3 19 26 6 30 23 22 21 9 26 4 19 1 21 10 6 20 2 2 12 4 11 13 3 27 24 4 11 0 13 2 6 11 30 19 10 23 2 9 25 6 15 17 29 14 5 8 23 10 16 4 16 21
9 13 19 1 6 14 4 9 1 12 24 29 26 0 11 10 28 5 9 4 24 25 27 12 7 2 26 21 30 23 1 2 25 11 21 14 23 12 4 2 10 0 6 10 23 18 14 18 18 12 29 27 1 18 14 19 4 2 0 6 25 28 3 3 2 24 7 25 25 28 29 15 0 0 17 27 27 11 9
30 8 6 5 2 6 14 2 25 26 30 26 26 20 28 1 14 25 20 9 1 25 9 6 15 4 8 9 23 14 25 28 24 9 21 24 8 11 0 17 8 28 16 24 26 21 16 19 26 4 15 29 5 27 22 1 26 11 19 9 20 26 18 25 27 9 8 4 6 10 5 19 0 5 28 8 2 10 7
20 5 22 26 15 23 27 11 17 13 8 16 2 26 13 24 17 7 23 9 14 19 17 6 19 27 20 1 15 29 19 8 2 19 17 16 18 0 26 1 27 29 26 22 13 0 10 24 13 10 29 19 8 4 15 26 15 19 23 1 28 23 5 28 12 23 18 19 22 17 20 13 1 28 29 21 22 21 9
13 24 6 1 14 10 18 13 0 7 28 17 26 1 20 12 6 21 15 11 26 8 24 19 16 2 27 21 19 5 6 15 7 19 5 2 5 27 27 23 10 5 18 0 27 7 1 19 28 19 27 20 18 7 25 25 26 15 5 1 20 20 26 17 24 29 21 23 30 2 24 29 23 25 0 20 6 4 11
22 26 28 27 4 5 25 13 13 3 9 10 26 3 4 10 4 27 13 25 1 28 29 26 27 7 19 17 9 21 3 19 9 14 6 8 25 29 24 17 28 10 25 4 30 14 13 10 5 15 24 29 29 14 29 14 12 2 26 5 30 19 13 13 2 8 19 9 29 26 20 13 12 15 7 1 12 27 19
11 16 25 4 26 16 16 18 18 27 9 10 12 28 25 4 6 24 22 8 3 1 10 15 3 29 2 23 7 4 1 16 11 1 2 15 6 18 17 15 24 5 28 18 24 3 10 10 2 0 30 14 2 19 28 9 24 25 25 4 11 27 0 3 26 29 7 18 22 20 22 25 3 22 8 25 10 16 18
26 4 8 12 17 23 7 19 16 21 15 9 2 4 16 18 20 3 18 11 27 14 24 9 20 15 3 17 21 8 12 6 14 3 0 13 7 12 25 16 28 5 7 7 29 4 5 8 10 9 10 10 5 10 19 3 30 7 2 11 13 22 19 9 14 10 21 13 14 3 9 0 27 3 9 15 26 22 3
20 15 9 18 7 30 0 24 16 29 22 18 7 2 18 14 7 11 24 3 6 0 30 6 17 10 3 29 10 8 17 27 1 15 16 22 23 11 13 6 11 12 4 30 19 3 18 14 8 20 9 13 9 2 25 4 7 18 18 5 2 4 6 17 28 28 23 30 1 25 4 10 23 6 16 16 12 6 4
30 28 28 27 14 15 27 28 14 29 4 3 17 17 12 14 5 24 28 0 25 23 21 9 11 3 26 5 28 17 16 18 8 8 29 18 5 2 24 2 26 13 7 27 13 18 17 11 3 27 13 0 18 8 11 21 21 29 4 17 23 23 6 27 22 2 4 5 27 24 17 6 26 5 6 13 2 4 19
25 1 23 18 25 28 12 30 30 12 3 30 18 29 15 19 8 29 27 8 15 9 6 7 23 2 18 6 27 22 7 28 28 3 9 15 29 16 18 23 15 3 24 4 3 21 18 9 11 2 9 18 9 9 5 9 1 16 14 16 16 20 6 14 15 10 7 29 17 23 26 6 11 1 14 22 1 2 23
28 5 30 25 24 12 25 12 25 14 12 24 14 16 19 27 20 4 28 9 8 26 13 24 5 15 21 0 6 26 12 18 19 5 15 7 5 0 14 24 11 24 11 21 14 13 2 18 3 17 12 23 1 26 22 11 16 21 2 9 16 11 26 8 7 15 22 0 29 23 5 27 30 30 27 22 6 12 7
30 27 30 18 9 30 20 14 12 17 10 12 19 21 17 20 7 7 22 25 18 10 17 3 9 10 13 27 5 3 29 27 28 30 23 8 5 10 10 4 23 4 29 14 7 19 30 8 18 17 29 9 9 24 17 26 14 22 4 30 1 14 26 5 6 20 24 21 8 14 22 12 22 7 29 6 23 5 20
17 9 8 21 2 6 18 25 27 12 1 18 4 22 21 7 4 30 27 3 13 26 10 24 7 22 25 16 16 2 8 16 26 13 25 26 25 12 19 10 6 25 25 28 22 20 5 11 17 21 4 9 1 21 14 23 14 9 16 0 15 4 19 25 16 21 26 12 6 15 21 27 15 10 9 3 27 9 1
10 25 3 1 25 19 17 0 4 19 11 3 14 8 9 23 4 24 17 3 21 4 13 18 12 23 29 5 23 19 13 26 27 16 28 14 17 19 24 25 16 17 29 6 25 4 10 20 27 14 14 3 13 8 17 6 14 7 10 20 12 20 27 15 18 11 12 12 28 19 2 12 5 27 12 0 25 11 28
19 29 0 26 10 16 20 3 16 4 3 18 5 26 22 0 23 4 26 1 6 11 26 17 2 4 9 12 0 14 4 4 1 2 9 9 22 15 19 25 8 12 3 20 21 29 8 24 9 17 28 18 8 12 16 26 0 0 3 6 10 15 21 1 8 26 30 30 26 13 23 30 18 0 19 24 13 18 15
20 29 18 11 0 7 9 7 24 4 1 2 8 28 15 11 23 28 22 9 0 9 18 4 27 16 13 22 18 18 14 9 4 1 24 9 10 9 15 26 23 23 12 24 19 5 19 17 27 6 29 8 16 5 28 25 23 1 30 25 6 7 25 3 7 12 1 9 13 26 29 1 25 21 26 10 1 20 26
22 10 11 3 21 26 29 15 15 17 8 14 11 18 27 0 7 11 6 3 2 18 26 23 26 14 25 8 15 25 24 1 19 19 1 23 15 2 30 28 6 16 21 21 10 15 2 27 29 9 7 2 26 27 18 20 18 24 18 1 11 12 18 19 28 27 6 4 7 17 5 10 18 23 14 8 2 7 16
27 5 17 5 17 6 3 11 15 8 6 20 22 22 15 2 20 5 24 10 16 10 12 12 23 18 18 30 17 19 19 19 23 0 23 11 0 11 12 7 25 28 24 30 16 3 22 13 18 8 14 22 10 1 18 17 29 20 22 24 9 17 20 5 19 14 28 7 3 14 28 7 11 7 11 23 25 12 26
23 25 27 27 23 30 28 29 2 28 14 18 18 23 4 29 9 14 25 5 26 28 21 16 6 0 14 19 14 3 14 19 11 22 21 14 2 20 17 14 14 11 10 24 14 17 14 5 30 10 20 7 12 15 3 19 7 13 20 23 30 18 0 19 11 14 14 21 21 18 0 28 19 16 15 19 1 2 24
13 8 13 5 22 24 1 12 12 14 28 4 23 3 5 27 21 14 0 22 19 30 1 8 4 9 8 11 23 11 28 2 11 22 21 10 20 25 8 30 4 2 18 8 26 5 28 21 6 24 8 21 10 17 4 5 17 3 24 9 5 1 14 3 14 4 25 29 4 27 11 12 11 8 25 24 11 12 22
16 0 11 9 1 4 25 29 20 23 22 14 30 30 23 19 6 25 13 18 19 7 10 18 14 12 11 26 3 28 3 15 20 14 30 0 13 18 10 1 29 10 25 19 1 11 24 25 16 0 5 14 13 25 23 2 26 24 20 21 29 29 22 22 25 28 5 3 8 15 7 27 15 18 11 30 25 4 26
1 22 10 2 29 16 9 26 25 3 15 29 21 24 16 24 8 13 0 5 26 27 4 3 27 28 11 28 26 6 19 21 2 16 19 20 18 8 25 13 30 30 11 27 11 14 26 4 6 10 25 7 3 1 15 19 1 16 18 26 26 1 20 3 22 19 2 26 4 1 19 26 14 10 27 22 22 27 30
2 15 0 18 22 28 1 15 5 14 7 21 6 26 26 12 23 23 21 8 10 22 21 1 29 18 8 22 12 24 20 23 20 25 13 19 26 4 0 6 4 9 28 12 2 21 12 4 9 9 18 21 18 1 8 12 21 2 1 4 5 25 26 24 4 25 2 29 11 19 20 9 20 8 5 7 27 14 6
0 1 4 26 19 13 24 11 20 30 30 10 21 1 6 27 23 30 6 27 17 10 2 5 27 11 4 20 19 11 18 24 25 11 20 5 2 26 25 12 6 2 6 11 2 15 11 9 9 30 5 18 5 11 16 10 29 25 5 5 29 5 29 8 3 24 8 9 18 9 0 22 25 13 10 24 5 27 10
5 5 11 25 25 17 19 14 4 9 9 8 17 7 25 5 17 5 27 6 30 8 13 8 10 7 9 3 18 26 10 29 29 14 5 9 18 27 2 11 29 9 9 28 7 4 18 28 7 23 0 27 23 6 4 27 10 28 26 16 17 12 23 27 18 23 21 6 26 30 17 30 3 1 11 21 21 16 24
25 24 7 24 2 12 25 16 19 20 22 21 28 30 14 11 24 22 0 12 2 6 2 18 17 8 17 22 7 7 28 11 8 18 1 25 3 15 11 25 2 9 26 1 26 7 8 24 15 1 22 3 11 30 9 19 18 4 2 18 24 14 20 21 16 29 24 9 16 17 29 23 11 19 0 8 2 19 13
1 16 29 12 8 1 0 29 24 3 27 17 18 1 27 18 18 3 8 23 13 17 23 30 26 11 16 24 20 29 16 27 5 2 21 6 28 8 20 6 12 29 9 15 26 1 22 17 29 5 8 14 25 4 13 27 6 6 15 14 22 28 9 0 20 4 18 6 14 22 18 3 13 21 14 20 9 15 7
17 26 27 2 24 5 22 25 14 27 24 21 16 16 1 25 2 3 29 25 0 10 24 13 13 0 5 5 21 12 15 4 2 0 12 27 5 1 2 30 26 30 21 23 9 16 3 1 11 30 25 17 14 16 1 0 19 4 19 13 9 13 11 8 21 25 7 23 1 26 1 4 27 30 12 22 12 27 22
8 17 26 3 7 12 8 15 22 6 9 28 7 11 20 15 1 14 30 27 14 3 6 6 25 6 10 1 8 3 26 14 30 2 29 9 8 23 1 17 12 18 15 20 9 4 29 6 19 14 25 18 19 14 13 17 9 6 17 29 6 19 16 17 10 14 19 23 27 2 18 1 16 16 1 19 22 7 28
27 19 2 15 7 23 7 6 10 3 19 9 3 2 15 5 27 17 27 21 20 4 17 11 0 16 17 30 10 0 23 7 7 22 14 4 29 19 23 23 12 12 11 26 13 4 7 13 28 21 2 12 23 12 12 3 15 22 14 18 24 23 24 22 11 10 1 8 7 7 29 3 19 16 9 12 4 27 10
26 2 0 12 22 29 26 0 17 30 25 16 17 9 22 22 8 26 11 8 2 21 6 19 11 20 5 20 13 22 15 24 28 19 2 23 15 8 18 28 25 6 22 0 5 8 1 9 29 24 19 12 21 7 22 26 14 25 15 10 11 21 18 0 10 3 5 15 24 11 21 20 9 13 25 23 29 21 24
9 24 25 22 23 28 28 24 13 27 18 3 0 3 11 24 24 23 15 5 27 19 9 1 29 2 28 17 24 16 1 29 17 9 21 10 11 17 2 4 23 13 24 18 28 14 27 13 16 30 14 10 12 27 2 12 27 28 18 2 27 18 15 11 8 8 29 22 10 18 0 3 17 25 27 11 11 28 0
8 27 13 15 12 11 25 1 18 27 3 20 29 21 12 9 25 17 16 22 28 12 18 18 21 2 12 14 0 13 1 11 2 2 7 10 1 4 17 0 18 9 23 28 12 29 11 5 2 14 12 19 17 27 23 14 12 28 6 21 5 29 24 18 22 27 6 9 14 3 0 13 13 1 25 20 9 12 26
3 22 22 23 21 3 12 2 27 7 30 8 23 13 2 10 22 17 24 21 29 14 28 7 26 20 29 24 15 24 21 17 16 3 14 2 13 21 30 5 2 30 4 25 10 28 9 14 4 9 22 5 20 14 7 28 3 23 8 15 9 4 10 19 23 10 18 29 24 9 4 27 14 5 8 2 17 23 15
14 9 22 25 24 19 13 9 3 22 7 30 11 25 27 13 0 20 6 7 10 15 16 2 15 1 29 0 3 30 29 13 23 3 18 24 1 24 11 3 28 26 9 3 8 1 20 3 24 22 15 8 22 10 0 8 7 9 2 19 9 16 8 16 13 17 12 4 14 30 23 14 7 2 28 26 11 10 15
29 27 17 22 28 25 22 22 3 14 23 13 14 10 1 19 23 7 29 23 3 27 0 17 13 8 7 1 2 8 29 10 22 25 10 9 8 4 13 8 3 27 14 18 4 22 20 11 21 10 25 23 0 0 27 26 2 5 17 16 3 9 25 15 13 26 7 6 23 27 14 17 24 0 9 16 4 14 27
25 1 22 17 26 23 29 15 29 29 29 17 29 20 4 8 23 25 22 7 3 30 17 5 1 11 25 17 22 1 27 18 18 8 19 1 12 7 29 7 26 9 20 8 19 22 19 26 8 4 2 30 23 12 12 3 15 21 9 14 11 19 9 19 10 13 30 9 17 18 4 2 4 14 23 20 27 12 16
1 28 10 20 21 0 14 16 24 18 29 16 21 5 6 17 0 6 15 12 13 8 25 23 25 11 8 16 0 30 18 11 25 20 1 11 10 15 8 9 8 22 5 15 12 30 26 7 6 11 0 2 6 28 17 1 15 22 28 22 5 8 6 16 9 29 7 16 4 26 25 23 1 11 9 23 16 19 13
24 5 12 16 27 3 13 7 22 5 24 11 3 14 15 15 2 1 23 25 1 22 20 4 12 6 1 0 4 23 2 24 10 6 17 21 29 21 2 30 18 20 27 26 7 15 1 20 18 25 8 10 19 21 17 27 24 14 6 4 3 14 21 14 7 3 22 17 27 28 7 19 10 9 1 27 28 9 13
