80 80
1 8 4 8 23 27 6 29 21 29 23 16 6 26 23 15 9 10 7 0 12 5 12 26 1 3 9 12 9 20 22 4 21 8 24 5 4 11 20 22 11 5 0 26 26 0 17 24 27 12 22 16 27 0 29 23 23 30 27 3 28 25 23 3 9 10 1 22 3 6 10 9 24 6 5 22 0 16 18 13
29 30 3 7 29 6 6 3 20 1 1 27 16 26 14 6 21 13 11 12 25 23 27 12 12 21 6 26 17 0 15 30 12 18 27 16 17 19 18 29 12 26 2 13 29 27 26 9 29 13 8 19 25 17 22 0 0 16 28 10 14 5 20 5 2 6 23 0 17 17 26 7 20 20 19 24 10 28 5 5
9 16 8 16 8 29 3 26 20 9 7 18 24 12 25 8 13 18 27 25 1 0 19 23 0 28 11 14 1 10 30 1 25 23 14 19 16 10 10 20 9 26 10 12 30 25 7 27 30 26 7 2 3 8 27 8 1 3 16 11 9 25 20 5 24 16 6 21 7 21 7 28 16 25 6 1 27 6 5 13
5 20 24 23 12 26 17 11 18 1 3 0 25 10 22 8 28 22 20 2 9 4 25 19 29 1 0 18 22 4 11 18 18 25 1 12 18 0 22 6 22 7 12 29 2 17 27 26 12 2 4 10 21 0 21 4 6 30 9 4 29 22 20 4 8 18 16 26 25 7 4 23 24 12 15 27 5 1 18 5
30 13 23 27 1 11 13 27 1 18 15 27 29 6 17 6 20 6 15 20 20 15 6 0 11 9 15 1 21 6 8 3 27 20 4 25 13 9 8 1 28 16 15 28 11 28 12 30 7 19 13 5 6 26 12 16 7 26 26 23 22 9 12 26 2 21 23 4 14 18 15 21 21 22 1 18 26 15 28 5
5 11 30 23 18 18 9 22 15 17 23 11 0 11 21 15 9 6 6 1 30 20 21 24 28 27 14 10 4 24 30 4 1 19 30 26 7 26 11 30 21 25 11 29 8 7 7 22 16 8 21 6 5 4 29 25 3 8 23 3 10 26 11 18 3 16 30 26 1 5 6 22 19 24 8 27 4 14 5 11
22 6 4 22 22 20 17 30 10 12 27 17 19 1 2 22 0 26 13 12 21 14 11 8 20 22 14 1 23 27 19 16 15 5 12 22 20 23 20 12 18 18 2 6 21 7 11 21 12 28 20 14 5 30 24 4 13 17 10 17 10 3 0 11 25 3 15 21 30 21 6 10 22 23 8 9 24 20 23 1
22 1 11 5 12 1 11 28 16 25 0 25 22 0 18 28 2 1 22 10 27 21 15 6 7 6 30 8 30 17 26 4 23 21 25 24 9 21 10 5 14 9 16 14 1 24 10 4 11 27 30 7 11 27 13 4 27 23 8 12 7 27 26 23 20 19 17 9 23 23 7 6 18 21 13 11 5 26 27 9
16 20 19 23 4 25 4 26 2 20 0 9 24 15 23 4 21 30 7 10 14 14 18 27 26 20 16 29 28 13 11 22 7 13 16 2 29 20 10 7 8 24 6 1 23 15 26 12 18 29 14 5 8 17 30 13 7 12 10 27 10 14 17 10 15 3 8 1 5 3 30 9 0 27 14 28 10 10 23 15
4 4 21 10 18 10 24 27 24 7 20 17 27 13 28 23 5 3 3 10 13 23 4 7 13 22 13 1 30 10 27 28 8 29 25 25 7 24 29 6 7 26 7 9 22 20 0 24 16 22 17 4 7 6 12 9 0 24 14 7 25 2 30 16 3 29 20 19 3 1 15 9 10 1 19 28 20 9 26 7
28 11 24 5 18 9 18 0 26 4 20 1 24 7 23 28 21 10 18 29 20 25 4 19 28 23 5 8 27 9 8 1 16 11 1 26 2 12 28 12 24 28 0 15 19 21 1 13 18 3 1 2 29 7 30 13 14 4 8 4 24 6 0 27 17 8 16 19 25 4 21 21 20 8 16 5 23 25 19 9
24 16 8 28 29 12 27 9 5 22 14 9 12 3 18 9 9 30 0 10 10 18 30 13 21 25 3 7 8 19 10 9 27 12 28 20 1 21 0 12 0 6 24 9 24 4 26 14 15 12 2 20 21 20 19 13 22 22 19 4 20 10 17 18 25 30 13 15 5 7 22 29 23 25 7 3 0 26 22 9
12 20 24 21 0 26 30 3 18 22 12 26 16 23 16 4 23 15 3 30 8 18 3 23 10 30 26 13 15 27 26 19 12 8 2 16 1 23 13 26 4 18 5 12 21 1 14 30 22 11 28 14 7 16 22 21 9 5 10 12 12 28 27 24 1 23 12 10 22 14 1 16 27 7 5 13 16 6 12 2
26 14 26 11 14 16 19 7 11 28 11 29 12 7 2 13 23 7 2 22 27 1 30 4 2 11 29 12 30 15 17 30 5 1 2 25 27 30 13 12 26 11 15 18 28 30 25 30 8 22 23 9 0 3 1 12 28 1 27 2 9 25 9 1 11 28 21 2 4 11 17 26 29 4 2 1 23 22 23 24
26 20 1 20 12 11 1 20 9 15 15 3 5 2 10 2 18 7 24 23 3 29 17 15 15 11 12 21 6 12 2 15 27 22 16 6 20 23 1 21 5 21 12 19 26 4 27 24 2 28 10 30 4 14 5 2 28 21 5 14 6 14 5 23 18 24 18 18 18 29 16 1 24 5 17 24 29 0 20 21
6 4 6 3 17 20 4 17 29 21 29 25 10 18 23 16 11 21 13 14 10 24 8 15 5 11 0 26 25 9 28 18 23 25 11 5 30 20 28 22 0 14 24 14 7 14 5 11 17 0 23 4 19 19 7 22 17 1 9 3 5 12 7 20 0 12 8 24 10 23 10 30 4 29 12 3 13 7 12 2
24 23 16 6 12 0 12 18 11 15 2 20 9 20 16 2 12 21 16 14 18 19 26 4 7 2 21 11 24 0 8 8 27 1 9 13 24 10 17 25 10 29 17 1 21 0 21 13 13 5 7 11 7 23 16 4 23 15 4 23 28 15 18 25 30 13 14 8 9 11 0 30 15 14 4 16 0 0 15 12
6 4 8 8 8 8 9 23 24 17 17 0 27 3 5 10 22 2 29 27 28 12 3 18 1 0 21 13 19 7 26 10 6 4 28 12 14 24 14 21 28 16 22 21 11 13 4 16 8 11 21 23 30 7 1 9 20 21 4 0 21 3 7 23 19 0 1 24 16 28 28 21 20 26 23 16 27 17 4 14
8 22 23 29 11 5 20 27 23 18 1 10 26 29 28 23 4 24 23 7 30 11 12 24 25 15 18 30 13 20 8 4 13 22 29 27 17 27 25 1 19 17 26 10 3 28 26 21 21 12 22 25 29 19 24 22 29 30 22 26 15 30 1 28 27 11 20 30 27 14 2 6 4 23 18 9 15 9 16 19
0 18 9 26 20 10 20 16 11 2 5 9 1 15 17 5 8 1 17 22 9 20 16 23 25 2 4 23 16 21 23 14 9 7 16 0 19 2 12 28 3 26 28 4 19 22 27 12 9 10 27 19 2 22 21 23 26 0 17 15 27 27 24 3 11 19 8 12 4 23 1 25 22 13 8 28 13 1 18 7
11 16 16 23 2 23 23 28 27 2 14 1 15 12 27 18 16 28 8 9 21 5 18 21 20 29 22 12 11 7 10 28 10 19 0 29 16 17 11 5 8 17 19 5 5 9 29 8 0 16 12 12 4 9 18 26 16 13 11 4 15 1 5 10 23 7 23 6 14 23 5 24 16 15 22 29 23 21 4 30
3 28 14 23 26 6 23 16 2 19 6 1 26 11 11 16 30 6 20 17 24 28 20 1 27 9 22 12 14 25 30 12 2 19 8 5 16 23 11 28 21 17 1 5 8 16 10 24 3 28 30 1 28 24 13 18 26 3 10 4 24 12 16 30 1 27 7 30 5 29 27 10 1 26 29 10 6 21 19 7
30 25 25 8 2 20 8 17 24 15 1 7 23 26 30 24 26 10 19 3 0 18 21 28 17 24 13 28 7 8 23 27 18 17 10 16 8 16 15 21 8 21 24 23 17 19 18 28 28 9 23 22 20 25 23 9 16 24 0 3 14 17 10 6 28 16 20 8 8 4 29 6 21 7 24 18 30 13 9 1
0 29 17 7 29 22 30 25 14 29 0 14 15 15 18 1 22 29 13 14 9 12 6 18 23 8 12 22 12 12 26 23 19 26 14 6 2 2 29 11 6 10 0 8 5 1 18 9 22 24 9 8 2 4 23 29 14 4 20 4 18 21 12 20 30 3 19 14 27 9 13 7 17 14 8 2 14 17 17 16
9 10 20 20 4 18 22 18 19 11 16 29 28 22 3 23 21 12 10 3 12 17 30 0 7 20 10 15 1 9 19 25 23 16 1 3 3 16 17 8 25 12 12 24 19 7 12 22 8 22 14 18 10 5 16 10 23 24 25 29 2 15 22 23 9 6 7 7 8 12 22 16 16 12 11 22 8 6 18 6
2 2 27 3 15 14 19 29 19 8 14 11 27 6 16 5 6 10 25 6 0 10 26 19 14 8 14 18 3 3 0 8 28 10 16 5 29 17 12 21 6 6 30 30 7 27 17 23 10 18 28 5 16 24 21 0 1 22 13 21 29 17 14 3 28 30 25 30 26 22 4 26 14 20 21 12 24 0 30 28
9 0 11 10 22 4 12 6 13 5 28 12 18 19 11 26 18 2 21 17 12 12 30 0 26 11 9 1 26 2 11 6 24 7 23 26 26 15 26 26 25 3 14 16 5 13 22 29 25 12 13 28 1 13 27 19 13 11 16 2 7 3 28 8 0 14 25 15 19 12 4 25 26 18 29 17 6 25 4 1
20 8 12 21 6 5 17 25 0 26 29 15 21 13 18 20 18 15 20 19 28 26 25 19 15 26 15 22 5 16 7 14 0 11 1 24 8 29 2 15 27 20 0 1 30 17 4 25 6 9 27 10 4 4 6 0 10 4 3 12 21 17 16 5 7 0 25 14 2 2 0 4 13 1 25 17 21 20 29 23
12 16 18 29 22 28 2 8 10 24 18 8 18 9 28 23 28 13 17 7 25 21 9 1 22 27 12 19 27 24 28 21 18 13 0 18 29 14 24 17 15 11 6 26 23 3 3 20 3 8 26 29 22 29 11 20 2 2 6 3 28 12 24 0 28 8 21 26 11 16 3 3 26 18 27 2 24 30 14 11
10 20 27 5 7 1 6 21 19 20 13 7 21 21 22 21 15 26 29 11 4 16 4 10 25 14 27 25 3 17 29 9 12 14 7 17 27 4 13 7 8 22 18 26 13 29 29 18 21 6 1 28 11 0 18 10 13 30 19 4 22 4 3 9 29 5 12 16 28 0 0 11 29 17 12 30 12 3 21 18
29 26 10 18 16 27 6 25 1 29 22 5 27 13 18 17 20 20 5 28 23 9 26 17 26 16 10 29 14 15 16 28 14 0 7 11 27 12 20 29 4 18 1 29 18 6 8 21 23 0 3 12 26 24 12 23 22 20 1 18 29 30 29 3 12 2 17 18 13 1 14 9 25 5 26 27 22 24 11 12
21 25 10 13 11 26 13 22 0 1 0 17 27 30 29 21 8 18 13 22 2 18 28 4 13 29 27 25 21 23 19 8 17 6 23 8 24 8 10 13 16 16 30 22 8 14 7 21 14 13 22 3 12 5 11 10 2 26 8 21 26 15 11 19 24 24 22 14 6 14 14 9 10 8 17 1 26 24 8 5
18 10 30 26 28 15 8 26 19 11 26 12 22 5 22 1 5 8 13 22 8 26 26 22 30 11 27 23 2 11 21 25 11 24 27 5 24 10 10 28 27 5 10 29 7 9 1 0 17 18 24 0 5 9 13 1 30 6 29 22 23 20 13 23 24 13 5 27 3 6 22 29 29 15 7 12 9 16 20 27
25 11 26 19 1 21 1 10 0 23 3 27 28 3 30 2 23 23 22 15 12 18 7 8 5 25 29 28 30 30 3 29 3 14 0 3 10 1 24 26 2 4 29 18 18 3 12 27 20 30 0 20 10 9 30 25 24 21 28 14 0 2 26 15 1 18 0 28 27 14 16 24 13 4 21 9 8 9 18 11
17 12 10 2 5 30 10 11 13 20 0 9 8 21 3 20 14 20 5 15 21 8 7 16 8 4 0 18 20 20 29 12 4 18 11 0 29 7 29 18 23 3 30 14 21 11 30 7 13 29 21 24 15 17 8 21 5 11 18 6 11 13 27 7 25 19 20 29 27 11 11 14 7 11 16 12 1 7 18 16
3 17 9 16 7 21 16 14 28 29 2 29 4 18 5 1 13 23 12 21 0 16 6 12 18 6 9 4 30 4 0 16 13 2 26 14 29 29 5 10 6 3 24 6 24 24 21 6 20 24 3 17 21 2 18 29 5 16 28 16 24 24 23 13 8 26 3 25 7 9 19 15 0 8 0 19 11 6 29 26
21 6 25 30 7 14 24 10 9 11 28 29 0 6 10 14 25 3 2 11 5 26 30 9 20 26 6 3 8 23 11 16 23 19 8 1 26 26 24 21 11 4 14 17 29 2 25 22 23 25 24 29 9 16 22 25 25 5 13 8 13 25 7 22 20 21 18 23 6 25 12 23 9 22 26 9 19 5 4 24
23 23 18 6 1 7 12 14 1 5 24 22 20 3 30 22 1 22 26 16 1 25 24 27 5 29 10 19 11 18 11 26 19 14 29 26 9 15 30 9 15 6 9 13 2 17 27 21 11 11 27 10 20 0 4 0 3 15 27 22 2 21 4 8 1 9 29 27 11 30 23 24 7 30 23 2 25 2 24 6
13 16 5 16 20 26 9 25 0 25 27 22 2 20 11 2 24 21 5 27 28 1 29 2 18 15 28 24 12 27 7 3 25 18 24 18 21 8 14 16 16 2 9 29 8 24 10 11 29 9 1 6 13 8 22 13 5 10 11 11 13 30 10 12 9 11 16 6 24 27 16 10 8 26 17 9 6 17 3 15
23 20 12 3 8 14 1 24 17 27 16 28 24 18 21 9 21 10 24 30 10 11 14 13 13 29 22 11 22 27 2 7 12 13 21 5 24 29 9 24 8 3 14 18 29 12 1 11 26 14 18 17 2 1 4 3 12 15 8 13 26 5 11 10 25 9 14 20 0 20 12 17 12 6 14 25 9 29 5 2
28 24 25 13 0 18 19 11 24 3 3 25 16 27 19 30 25 21 19 19 4 11 7 8 10 3 17 25 8 6 24 18 22 22 13 13 13 21 2 29 2 25 15 26 19 7 29 30 23 5 27 21 8 28 29 2 28 15 6 14 20 12 13 12 16 10 18 9 12 29 3 22 2 18 21 4 27 22 25 8
21 23 16 29 8 10 17 1 27 21 11 6 7 30 18 16 30 26 13 26 23 22 5 18 3 28 24 16 3 3 15 28 23 2 7 7 22 30 27 21 22 20 13 13 10 3 4 13 10 25 27 6 25 20 1 9 30 17 13 25 0 23 13 5 18 3 18 13 16 14 0 23 5 15 2 25 23 0 12 4
19 28 8 14 2 6 30 3 30 10 19 27 1 2 16 30 7 5 15 13 11 26 16 14 27 29 24 0 0 2 17 17 20 12 3 29 28 24 25 23 30 15 6 8 9 15 11 20 10 25 7 8 6 6 18 27 11 3 5 27 23 30 27 7 17 12 10 1 19 26 12 24 6 8 22 15 25 9 26 13
9 16 3 15 16 29 12 17 7 7 14 19 26 16 19 20 30 22 13 10 18 12 30 13 18 9 22 25 24 4 5 7 19 13 29 0 2 6 30 11 7 30 19 20 9 14 26 22 2 24 0 2 4 3 7 24 24 13 3 25 9 1 27 11 7 10 5 20 23 6 27 20 28 26 22 17 4 18 21 26
12 6 3 2 24 11 12 8 3 19 8 20 2 12 14 13 4 30 20 13 11 16 11 3 3 19 20 2 25 4 13 3 18 7 17 14 3 9 15 28 19 10 7 11 24 1 10 2 5 13 28 25 28 28 17 27 25 2 3 17 10 8 24 29 21 28 13 3 26 30 18 24 30 19 17 26 0 0 1 14
4 0 4 19 24 8 12 22 8 26 0 13 11 28 4 26 22 14 9 8 13 2 27 20 6 30 14 10 7 5 0 21 22 27 8 26 3 21 27 0 23 8 5 4 4 10 25 19 3 25 9 8 0 28 1 9 23 6 28 16 12 24 13 14 18 22 23 13 11 30 8 27 0 4 30 28 3 28 6 17
9 26 26 20 9 20 29 7 21 21 5 28 3 22 1 23 13 9 17 3 0 15 17 12 29 10 30 15 2 5 17 29 15 7 4 10 27 19 16 21 21 16 10 12 27 28 5 25 19 21 5 17 16 0 2 2 0 16 0 5 24 6 6 16 22 16 0 10 30 2 14 23 1 10 6 15 21 26 19 16
17 10 15 10 15 30 9 17 17 21 21 27 13 20 11 2 24 8 25 13 30 22 11 20 25 3 23 8 24 26 21 13 9 28 3 22 0 29 13 23 16 20 17 9 26 27 13 24 12 18 11 8 25 8 26 28 15 2 18 11 11 28 18 3 8 10 22 5 2 15 27 12 14 10 19 15 26 4 9 21
27 17 30 19 4 12 3 20 1 24 2 28 27 30 24 12 6 26 18 8 18 16 11 23 25 27 24 29 21 17 2 21 13 29 6 13 25 15 17 19 25 30 17 27 20 10 30 20 6 2 24 26 11 0 8 14 0 8 7 10 23 17 5 22 15 21 6 17 15 18 6 20 23 24 10 27 20 9 26 16
1 28 16 9 16 21 13 19 23 26 12 12 26 8 17 29 25 22 8 25 22 17 12 12 27 9 23 18 16 5 19 6 13 18 13 10 7 11 28 14 1 22 27 0 2 27 6 10 10 7 27 10 0 12 7 19 10 24 2 21 7 20 13 24 25 23 22 14 15 9 6 7 3 21 17 8 29 12 4 15
17 0 13 25 10 27 16 23 23 27 15 28 30 17 17 4 27 22 27 18 2 5 13 28 28 6 25 14 25 26 29 17 14 28 28 2 20 2 11 25 17 27 7 25 20 3 26 4 22 15 1 22 28 12 7 10 8 24 17 7 14 21 30 14 8 27 13 30 7 9 11 3 20 18 3 29 7 0 23 11
19 26 26 12 21 22 0 2 8 29 5 3 1 0 11 28 11 17 11 13 17 9 7 18 11 23 22 6 16 16 27 1 29 6 29 1 5 1 16 19 22 14 15 6 21 4 24 22 9 13 2 20 20 13 1 12 2 7 3 27 10 17 21 4 8 17 15 11 6 8 4 8 22 11 26 17 16 15 24 21
1 0 16 17 20 20 26 12 12 15 27 12 21 6 11 30 10 7 25 30 6 19 11 15 17 21 20 19 23 29 18 0 26 5 25 15 3 16 24 9 9 8 12 24 5 20 17 23 8 0 29 26 12 8 6 16 20 21 3 8 16 27 23 16 13 7 0 9 13 23 8 3 16 16 8 22 19 30 16 14
1 2 1 27 23 11 14 9 10 6 3 5 17 28 27 9 11 28 4 19 25 24 1 7 13 26 24 27 26 6 10 26 26 5 20 27 21 8 4 0 17 2 7 21 17 23 7 9 1 21 18 15 21 23 13 29 20 15 10 20 14 7 4 27 0 4 12 27 24 16 14 21 26 21 20 0 6 25 20 14
28 2 6 28 0 4 10 4 10 4 9 17 20 6 22 16 0 5 8 15 11 21 0 12 22 12 15 13 23 18 14 10 7 5 21 26 20 30 16 21 15 7 11 29 28 27 17 22 12 29 22 17 17 27 6 4 19 16 16 26 12 6 8 16 29 2 29 4 10 13 30 13 3 20 20 7 17 16 4 21
4 17 25 5 19 14 6 17 4 8 0 20 12 21 0 15 12 20 17 28 13 5 2 30 26 20 18 6 22 27 7 22 0 25 18 9 13 13 14 24 5 30 13 1 18 27 9 11 26 12 22 1 3 28 0 21 23 25 9 24 9 9 17 13 16 3 19 4 29 6 19 1 12 1 21 17 5 2 30 21
25 6 28 22 20 0 24 17 6 7 30 12 28 4 28 8 5 24 5 8 7 25 20 0 12 27 26 22 5 24 24 20 29 17 11 12 19 9 11 13 3 20 20 1 14 13 22 14 16 4 22 17 24 30 1 29 18 2 30 20 18 27 18 20 16 24 9 12 24 23 14 23 21 21 16 24 28 21 13 11
10 7 29 16 26 18 27 20 2 13 3 19 27 28 27 20 17 5 21 7 30 16 20 16 11 2 11 20 7 0 22 25 14 4 28 15 25 10 14 6 15 4 26 23 23 3 0 8 20 29 6 23 30 30 4 30 21 0 25 29 13 4 26 16 24 8 16 13 10 27 28 5 17 20 10 19 20 0 14 28
24 6 20 22 25 13 2 21 18 3 2 19 12 9 12 0 26 7 17 4 12 29 24 4 1 13 5 6 20 22 10 30 22 22 6 16 3 8 26 17 8 24 21 18 5 14 3 27 20 1 1 18 17 19 22 9 10 28 18 24 29 14 25 23 24 8 4 10 22 13 30 24 27 12 9 22 5 0 30 2
2 4 23 8 29 12 0 14 0 20 8 28 20 1 13 25 26 7 23 8 23 27 15 15 10 25 16 30 8 17 11 12 17 10 28 10 14 1 2 2 18 3 13 1 21 3 24 21 18 23 21 18 18 30 16 29 27 1 23 10 1 15 5 15 27 9 6 23 29 23 1 25 29 27 26 6 4 5 24 3
16 11 7 2 2 25 5 7 3 27 13 26 2 4 9 8 17 29 14 25 6 10 10 6 22 0 27 15 15 21 25 20 2 4 3 5 2 20 9 2 23 1 22 20 27 2 27 13 21 21 21 25 8 16 19 9 19 16 2 27 1 4 5 22 24 7 24 10 16 24 12 12 13 15 15 4 13 24 22 25
30 10 18 14 16 6 2 18 18 11 25 11 6 18 7 13 21 21 3 28 17 28 12 20 23 18 2 25 6 15 2 27 27 21 12 12 19 2 21 8 19 27 9 1 9 3 19 11 21 11 1 27 2 1 21 25 14 18 25 17 13 15 7 17 5 24 7 20 25 1 4 21 21 2 3 2 22 6 30 27
21 10 12 25 14 23 12 29 21 24 0 24 13 24 4 29 5 23 13 27 6 30 1 8 5 24 19 13 11 26 19 26 18 3 10 8 15 4 18 13 11 15 3 12 19 7 23 30 2 8 16 15 22 11 2 18 17 20 8 0 23 0 6 14 4 3 23 10 12 8 18 19 20 3 22 3 29 17 23 14
20 25 21 13 24 13 25 7 8 14 11 7 30 2 21 6 22 19 6 15 5 17 24 20 16 9 26 28 0 17 27 8 21 26 13 6 22 7 29 24 19 17 28 15 12 17 17 26 13 19 25 27 10 0 17 24 30 1 24 30 13 1 4 30 30 26 22 13 20 7 21 29 10 27 2 6 5 26 13 20
29 7 26 8 25 25 4 9 28 8 17 22 11 4 4 30 19 25 4 16 18 19 24 24 28 5 26 18 3 7 3 3 8 21 22 13 30 11 20 3 24 12 25 21 19 13 26 24 5 25 20 11 5 29 4 1 9 8 5 28 29 21 16 0 10 15 26 15 13 9 28 25 10 20 4 23 27 16 14 20
3 24 14 7 6 12 30 25 21 3 4 3 27 24 23 4 24 15 10 2 21 30 10 29 20 14 0 23 28 4 1 30 2 22 14 13 11 20 30 17 11 8 7 5 15 3 5 26 16 21 2 25 10 8 0 4 8 2 5 2 13 4 15 29 27 28 9 26 2 2 30 25 4 9 5 15 29 9 8 28
8 14 16 9 18 22 22 20 25 28 26 23 3 9 6 23 7 20 16 17 22 19 11 15 12 26 18 16 0 1 8 16 26 12 21 0 20 29 23 13 22 8 15 29 19 19 21 23 8 25 27 16 2 19 1 27 0 14 26 26 15 9 18 8 26 8 11 15 28 27 20 1 6 8 18 2 15 0 3 3
6 14 18 15 2 7 7 1 17 2 29 18 24 7 20 17 30 30 14 4 1 6 0 1 3 11 18 26 5 5 8 24 19 12 8 1 18 18 7 21 20 28 21 3 17 1 3 9 6 7 18 29 15 10 26 27 8 17 18 19 1 22 13 9 22 1 15 27 25 6 21 11 14 25 12 28 21 1 22 24
2 3 7 27 17 8 26 26 6 9 16 4 5 13 0 1 2 4 4 25 7 18 15 9 20 17 7 8 18 21 25 2 17 26 9 4 29 29 11 10 22 11 16 23 4 24 15 30 17 15 13 10 28 4 14 30 22 30 21 7 13 23 7 27 6 25 19 13 13 18 12 20 8 16 18 2 12 15 22 2
25 24 13 25 7 22 10 26 13 11 0 8 1 16 17 20 5 13 1 1 5 26 16 8 15 0 3 2 10 0 29 24 24 12 14 24 10 3 16 17 9 15 13 7 15 13 8 23 25 19 30 21 1 1 11 29 24 17 21 30 27 6 28 20 25 17 28 25 25 22 23 26 17 16 6 3 9 27 9 1
27 28 25 24 8 15 0 20 8 12 24 18 26 1 25 9 18 17 12 0 13 30 9 28 27 8 21 9 10 6 6 23 2 13 7 13 23 12 30 18 18 15 30 12 30 14 21 28 25 6 4 9 26 8 12 5 13 7 10 13 21 20 24 3 15 22 4 29 28 20 17 0 16 15 23 12 25 5 5 19
27 9 10 20 1 19 29 10 27 24 5 2 20 7 8 6 10 20 9 10 28 19 23 29 4 18 0 9 16 14 24 12 14 20 5 10 29 28 12 1 6 5 12 9 15 5 5 24 22 25 8 0 26 15 13 5 18 10 22 25 16 27 28 24 16 2 9 28 24 18 26 0 15 23 5 30 1 11 27 8
5 3 23 5 23 6 26 23 16 29 19 19 6 14 12 29 10 7 2 23 14 26 30 12 27 24 22 29 16 16 15 14 5 12 20 30 14 0 2 15 25 5 28 6 12 22 11 26 8 28 16 3 27 30 18 27 4 1 10 27 29 24 2 16 16 16 9 8 21 2 4 19 26 29 26 0 25 3 29 7
10 5 6 5 9 25 6 11 6 6 11 5 16 0 11 17 3 27 5 23 19 8 18 29 25 27 21 22 7 22 5 5 18 7 12 19 7 13 1 1 8 27 24 20 14 3 21 13 25 28 20 26 6 30 1 28 2 12 0 8 30 9 16 13 21 15 0 1 4 14 12 9 7 1 4 30 26 9 3 22
9 10 14 30 23 8 10 20 13 7 29 18 25 9 24 30 4 20 25 11 28 15 6 26 27 25 26 3 25 4 19 15 4 18 3 26 27 26 6 17 30 21 5 21 28 21 8 19 7 12 19 2 7 5 5 21 23 17 9 1 13 2 1 29 4 3 20 9 20 8 6 6 12 25 29 12 25 24 28 16
14 24 4 5 14 7 8 26 14 10 25 1 9 27 2 26 22 26 28 1 1 8 5 25 4 3 2 1 13 20 13 29 18 4 1 15 17 30 24 18 7 9 12 4 19 17 7 6 13 10 15 19 2 19 1 10 12 10 26 12 13 24 18 9 23 14 10 3 6 4 12 18 20 30 16 15 10 26 8 0
26 3 26 5 12 23 22 5 18 21 1 22 30 23 16 22 14 21 24 28 0 13 26 29 12 25 26 11 24 16 11 17 1 30 21 19 2 19 6 1 11 14 24 3 7 30 2 10 26 11 15 20 21 22 23 0 3 21 30 15 29 30 11 2 9 3 9 10 18 5 1 19 15 26 15 25 5 1 29 5
1 3 18 17 16 8 26 17 13 0 25 25 27 14 5 21 10 8 28 14 5 0 24 3 27 10 14 0 0 20 14 29 4 14 19 5 4 16 7 21 25 30 22 19 16 30 1 0 17 13 29 0 0 16 24 5 6 12 0 1 22 7 11 10 24 3 28 6 25 19 17 7 24 9 25 22 20 12 17 4
22 16 25 9 16 2 18 25 19 28 6 24 6 2 7 2 23 24 5 4 15 22 26 16 27 15 26 25 27 16 17 19 8 29 29 22 21 4 18 27 28 18 20 28 13 25 18 22 23 9 8 22 22 15 0 12 6 14 23 24 15 21 1 26 9 20 25 11 5 9 19 25 17 4 13 6 5 8 27 14
2 19 4 18 9 12 6 24 11 26 3 1 20 8 23 3 26 10 1 6 16 25 0 3 5 3 17 4 15 24 24 24 22 21 13 4 29 5 11 24 23 7 15 0 28 13 22 3 17 4 15 25 27 19 24 28 5 8 15 22 28 13 13 15 19 26 20 0 9 0 4 14 15 2 1 23 8 23 6 18
