81 81
9 24 16 29 24 24 7 22 30 4 13 14 10 4 17 28 10 29 26 17 24 25 30 3 2 28 15 14 5 28 0 4 23 5 30 3 3 25 29 22 7 15 22 24 5 0 15 7 14 10 18 11 3 21 10 24 8 1 25 11 28 20 5 1 4 9 2 10 8 16 23 5 29 15 17 16 8 20 22 12 7
26 5 24 6 28 14 23 15 28 25 18 10 21 6 16 6 13 24 5 19 21 21 0 27 23 13 4 12 21 21 26 18 10 16 25 13 23 3 4 4 2 20 0 2 30 27 10 22 3 8 19 17 16 20 20 29 5 13 20 2 13 23 1 22 4 22 4 26 20 4 6 12 21 23 18 0 2 22 24 1 16
19 26 14 17 23 16 7 22 13 30 4 29 7 5 10 25 27 12 8 18 3 1 20 30 28 0 25 15 22 25 6 18 30 15 21 0 14 9 12 30 29 14 28 28 24 4 25 10 29 3 22 16 2 1 24 1 11 22 25 20 20 26 27 3 13 3 9 7 21 16 22 15 10 5 28 11 4 11 1 13 10
22 11 23 13 23 6 1 9 26 24 17 25 2 8 2 24 2 20 26 11 7 26 22 16 9 14 14 12 3 12 28 20 4 17 1 0 10 15 12 9 0 24 14 17 24 14 28 29 9 26 7 4 14 20 17 26 7 1 3 2 8 19 7 21 28 28 2 13 5 28 4 3 0 20 18 3 19 12 19 12 17
19 24 7 18 22 2 9 15 9 24 9 16 29 11 5 1 30 30 1 25 9 29 15 24 28 28 12 1 26 12 3 22 11 24 12 12 18 2 24 9 8 5 17 24 3 13 4 9 3 15 20 7 24 15 29 0 19 3 14 11 10 11 3 24 26 10 25 7 29 0 11 6 13 3 1 19 13 18 13 4 22
4 18 0 12 17 14 9 21 10 11 11 11 23 6 18 4 6 0 8 20 7 21 30 11 20 11 9 14 7 1 30 24 29 6 16 7 12 25 10 21 0 16 9 26 15 0 15 29 23 2 5 27 18 0 20 1 13 29 11 13 7 6 23 24 26 11 6 26 15 10 14 26 8 8 9 27 5 1 4 28 6
11 25 30 12 27 22 20 8 6 25 14 16 8 26 12 25 20 12 5 11 25 16 26 1 18 19 24 11 28 11 14 10 29 23 3 21 15 12 26 6 15 26 21 3 24 12 27 23 28 13 7 8 3 25 2 28 13 2 20 9 18 26 14 30 29 6 27 2 12 11 14 29 6 17 21 11 13 3 18 0 18
24 19 17 21 15 11 5 27 23 29 21 13 17 23 0 22 13 21 1 30 6 30 5 24 19 9 17 10 12 22 6 7 20 12 0 7 13 7 2 12 16 1 21 29 14 11 10 22 17 3 26 18 12 4 18 29 27 3 20 13 7 30 5 23 10 1 10 29 15 28 11 7 18 22 7 0 24 9 21 16 0
16 12 26 27 9 30 18 19 26 27 10 8 23 25 23 19 21 16 4 2 13 27 30 12 19 7 13 22 19 27 23 12 6 14 29 22 29 14 24 8 2 4 5 29 15 19 27 24 29 27 2 7 6 29 15 9 9 5 24 7 11 5 7 2 10 2 22 14 10 18 2 18 25 26 1 23 15 20 16 1 4
8 17 20 7 1 20 25 20 13 5 15 5 6 9 21 19 6 2 25 1 7 11 12 16 9 22 22 28 20 10 11 7 11 0 24 13 27 0 16 26 10 21 10 20 3 1 28 15 27 5 7 14 0 2 13 14 7 9 16 4 5 23 22 30 9 23 8 4 8 9 6 27 12 2 2 17 28 16 12 0 24
19 26 30 16 23 6 14 3 25 16 1 11 15 27 4 25 8 15 8 13 13 16 8 13 23 13 19 16 12 4 4 14 16 17 26 29 18 3 16 1 16 11 15 3 25 22 25 21 3 25 0 3 20 21 0 28 26 6 2 2 20 12 0 12 23 22 6 6 29 29 26 22 11 20 8 5 23 8 26 27 11
24 1 25 12 20 30 15 17 25 9 9 19 1 13 15 15 19 29 1 0 24 29 7 11 9 3 17 10 10 4 7 26 8 16 9 1 0 7 4 6 15 25 24 5 9 9 21 22 0 21 0 0 28 8 27 15 5 14 21 7 21 9 30 28 14 27 28 29 17 26 28 21 20 28 21 26 7 0 4 18 14
29 26 29 15 12 14 11 0 8 12 2 22 2 25 6 8 19 4 25 0 9 25 15 10 30 25 17 8 24 13 17 0 23 20 28 5 9 15 24 28 13 20 5 11 26 25 21 15 14 8 7 24 20 7 25 29 24 20 1 10 8 25 21 29 26 1 21 6 16 19 15 5 3 19 29 16 11 4 6 3 7
4 3 19 8 22 6 30 10 22 25 8 12 20 21 5 30 14 23 24 16 3 30 10 5 21 3 15 19 28 0 2 8 2 28 25 2 15 15 9 14 29 29 9 18 16 17 3 7 26 19 0 26 22 19 29 30 5 12 13 18 1 24 27 3 12 10 3 11 4 27 21 21 15 19 15 19 24 22 0 22 9
29 2 19 12 4 25 23 3 3 1 28 13 19 4 3 18 18 29 7 28 10 24 1 26 18 18 19 17 4 4 28 14 28 9 26 23 24 17 14 21 18 3 19 0 14 12 10 24 13 25 25 15 22 0 1 9 19 10 7 28 8 6 12 8 26 6 18 2 15 17 26 10 9 8 14 16 4 10 26 23 23
16 27 30 1 5 5 14 30 11 21 29 17 26 16 26 17 19 13 4 7 18 5 3 23 2 29 2 11 17 22 26 27 22 4 8 25 29 19 28 15 22 12 8 2 28 24 12 17 10 6 21 23 29 14 12 10 1 28 10 27 12 7 30 26 11 14 23 26 23 29 3 13 1 4 17 7 22 23 20 11 11
15 23 2 18 5 19 22 21 25 10 17 28 10 10 24 7 1 27 29 4 21 19 11 4 16 21 18 3 4 7 17 28 15 15 30 1 5 16 23 4 15 30 17 24 4 11 27 26 3 30 6 30 25 2 18 6 14 0 27 6 26 26 28 6 23 0 23 3 25 29 1 24 10 25 0 20 30 5 10 29 23
23 1 13 22 17 11 21 15 12 23 9 27 21 20 24 29 17 16 4 6 20 4 27 6 14 6 26 1 24 29 26 25 29 17 12 0 10 19 3 28 16 23 19 17 5 25 9 18 30 0 8 9 4 23 10 13 6 13 3 24 17 12 12 6 22 23 21 24 20 23 30 6 6 20 9 19 15 5 23 21 11
18 1 28 17 10 22 10 9 0 1 28 13 11 29 26 19 30 8 14 26 21 18 17 18 30 4 21 19 14 0 20 4 5 24 27 1 11 15 18 15 15 5 17 7 6 4 18 20 23 20 8 12 2 19 2 2 0 7 12 18 22 11 10 0 16 18 18 27 22 21 26 20 5 23 4 20 16 10 15 16 5
8 13 20 29 23 1 0 17 14 5 17 5 4 21 0 8 15 25 3 3 18 9 28 22 19 17 12 0 20 27 8 10 9 30 22 4 18 15 27 24 24 18 16 25 26 3 15 5 26 7 16 17 3 9 17 5 1 4 8 20 18 2 18 21 6 15 5 20 25 26 13 14 9 17 9 22 6 25 3 0 9
12 1 5 16 7 23 13 26 20 30 25 29 6 3 12 12 12 22 22 20 14 19 20 27 1 17 12 12 7 21 9 25 19 1 24 7 18 22 21 21 8 14 30 8 30 19 15 26 9 0 4 30 0 15 13 29 19 16 16 18 3 30 18 20 28 23 3 13 20 5 22 9 15 23 8 20 1 7 13 19 30
26 0 9 16 25 20 24 26 23 9 20 14 16 9 13 27 6 18 29 17 30 27 10 4 21 1 25 3 21 12 15 27 25 22 15 17 29 11 26 25 17 10 13 18 26 10 8 4 8 10 23 25 10 10 10 11 0 17 6 3 18 23 16 9 16 0 22 3 15 13 11 14 2 6 0 23 29 10 29 22 11
1 8 28 28 20 1 18 19 0 3 20 25 26 28 18 13 10 10 30 6 9 7 10 29 20 8 11 25 12 8 5 3 6 24 4 7 15 20 4 7 17 29 28 29 1 27 27 4 11 15 3 10 13 29 3 13 9 22 3 16 28 26 3 9 16 13 6 9 5 18 26 17 28 29 29 9 9 4 14 22 26
0 14 17 15 6 20 3 4 17 11 2 19 16 0 12 16 6 6 3 27 4 9 30 27 7 6 18 16 2 9 27 9 30 11 7 27 30 24 17 3 6 25 24 28 25 9 10 6 28 17 30 5 6 30 30 10 27 20 22 25 5 3 14 13 26 2 2 5 2 16 5 22 10 22 25 17 0 8 25 16 30
26 19 8 17 20 8 8 6 1 21 18 18 14 29 16 23 27 17 1 9 11 21 5 21 0 1 7 5 18 23 20 30 10 25 1 3 15 26 24 6 15 15 4 28 5 26 8 25 19 23 15 13 30 4 4 17 22 6 16 28 9 7 12 25 1 5 14 5 2 6 18 9 7 25 25 30 26 24 4 1 20
2 20 5 6 12 22 10 17 13 7 14 6 1 18 30 20 23 1 10 9 14 28 4 10 3 10 8 25 19 0 17 6 16 8 24 3 4 29 28 21 19 4 0 30 9 20 10 25 18 11 22 14 3 30 11 15 4 18 5 0 15 14 19 12 28 20 26 13 12 18 18 29 27 4 19 30 7 7 8 29 25
25 27 20 8 9 14 30 21 27 27 22 1 1 26 14 21 10 16 23 18 24 18 18 22 13 14 13 22 30 22 25 12 22 22 26 28 10 10 27 3 0 9 3 20 24 10 26 5 12 23 4 28 22 15 2 16 25 16 9 1 14 5 1 9 7 8 0 30 12 1 7 5 19 1 14 28 2 4 22 19 21
10 28 14 22 16 5 6 22 3 16 5 25 30 25 3 1 15 17 11 6 13 16 2 9 21 27 23 18 30 8 30 2 18 9 10 12 25 16 16 27 27 20 10 15 30 10 11 2 9 29 26 21 27 0 7 19 15 24 6 25 4 20 6 14 11 4 24 6 18 9 25 6 28 19 29 2 12 27 16 21 6
3 21 10 5 25 29 4 3 15 24 25 14 24 6 27 11 20 2 23 25 27 15 9 13 13 1 30 21 14 2 18 18 25 3 27 8 16 13 11 15 30 27 2 23 4 15 7 17 2 2 9 14 23 17 18 13 5 5 7 6 7 10 27 24 4 16 5 8 30 20 29 15 4 24 29 12 9 8 18 21 4
28 23 14 23 0 11 29 13 3 16 14 14 14 7 16 1 15 15 13 20 11 28 30 13 20 18 24 4 17 16 14 5 8 29 19 17 17 13 2 29 19 19 30 28 1 30 5 4 26 13 0 29 2 10 5 8 4 22 1 22 21 16 0 27 8 3 3 23 24 29 4 13 16 24 11 18 5 0 26 0 1
16 10 4 16 18 16 29 7 24 11 12 11 13 8 5 28 30 3 7 23 5 9 20 2 7 14 24 29 7 14 6 30 27 10 3 20 13 6 12 23 1 30 26 2 6 16 17 26 9 1 22 6 0 4 6 19 30 22 7 4 12 15 13 16 4 2 3 17 10 7 12 5 30 1 7 15 11 30 29 8 29
23 8 23 0 1 25 29 26 25 5 0 7 30 24 3 1 23 20 14 16 10 20 23 13 18 9 25 25 29 24 8 11 11 0 11 2 4 27 22 27 17 7 16 2 6 6 30 28 20 22 8 11 1 25 10 0 19 12 14 22 23 24 30 3 8 19 22 6 23 6 18 27 4 19 24 6 23 15 27 25 2
5 21 26 15 23 25 18 2 11 27 13 18 10 30 1 20 28 30 24 19 3 26 0 4 21 0 1 29 15 3 8 21 10 18 23 19 5 11 21 25 7 26 29 10 27 28 3 0 3 12 1 10 5 26 19 10 13 26 16 25 7 15 27 9 28 7 30 8 9 1 29 2 5 2 17 30 12 6 10 7 4
3 25 13 6 18 8 27 24 13 21 0 18 21 17 14 18 26 8 4 9 6 15 13 13 4 1 15 10 21 11 14 5 9 1 7 0 9 27 24 14 24 9 2 22 4 30 28 25 27 24 17 10 16 27 4 23 14 15 3 25 29 28 18 3 30 22 26 1 29 28 0 28 11 27 13 6 5 19 0 9 14
27 2 23 16 18 25 2 15 29 6 2 18 2 13 24 25 30 23 21 20 30 20 14 16 26 13 12 3 13 3 13 12 4 6 15 30 27 7 17 13 27 8 0 22 8 3 25 24 28 16 7 21 18 21 16 8 26 1 24 4 14 7 11 13 25 10 16 15 22 15 27 23 21 24 6 4 18 30 24 14 26
2 20 27 6 21 1 12 30 20 27 16 6 9 4 4 23 15 7 16 7 26 6 24 29 10 10 24 25 26 7 12 24 29 1 20 3 24 6 21 24 11 16 15 20 11 14 13 10 7 20 21 21 22 18 4 29 30 29 15 3 12 26 25 24 29 30 15 12 12 9 4 14 2 2 6 16 19 3 11 19 15
30 10 22 26 13 9 29 5 15 29 24 1 11 0 21 14 23 12 30 12 6 17 13 2 21 6 1 23 25 9 29 28 24 22 30 2 26 0 27 1 24 18 14 22 25 20 2 10 2 6 7 16 2 29 3 17 11 16 14 11 28 9 1 12 4 23 6 13 22 30 5 15 28 18 29 6 17 3 6 15 5
9 5 27 1 15 21 9 24 23 12 5 20 29 6 25 22 19 4 0 25 28 4 23 16 3 9 26 1 27 27 20 21 3 11 17 12 14 3 30 26 11 4 10 19 0 22 21 7 2 29 11 2 6 21 24 3 7 11 17 30 23 8 15 4 10 19 7 7 30 18 0 20 10 26 17 3 30 18 2 25 23
28 16 26 10 6 4 13 4 7 7 5 20 14 11 29 6 14 26 26 13 19 24 0 4 22 30 26 19 12 6 9 20 1 21 18 13 7 5 19 15 17 21 23 10 0 24 7 0 14 17 10 22 0 28 29 19 22 25 11 7 29 27 29 28 13 1 1 0 29 21 1 14 26 10 20 7 28 4 7 10 9
3 15 22 17 22 4 12 23 13 18 22 4 13 11 11 30 10 13 5 12 3 18 28 19 17 0 14 25 1 24 8 24 11 19 20 29 7 6 7 24 22 7 23 16 16 3 1 12 8 10 24 24 16 2 22 6 29 22 1 22 13 4 21 4 30 4 30 0 8 27 3 17 27 24 2 26 17 9 22 22 19
19 5 6 6 2 13 10 7 18 3 9 7 16 7 24 28 25 26 26 5 27 11 27 12 27 5 14 28 20 3 15 9 29 6 23 14 9 6 18 26 26 2 3 22 4 0 13 9 7 30 0 28 16 13 5 13 17 11 26 13 6 5 16 9 27 21 22 19 5 15 30 26 17 25 28 19 24 2 30 30 14
26 14 20 17 8 8 12 23 19 5 27 24 20 11 12 20 26 16 25 17 24 0 28 20 10 26 3 25 28 5 26 5 29 30 10 1 18 29 14 15 13 2 28 17 10 28 11 13 27 23 11 27 28 4 10 6 0 27 26 10 9 8 20 27 10 23 16 21 3 5 25 4 16 17 1 6 3 21 5 26 13
10 30 17 18 21 10 7 11 20 16 24 2 29 26 25 7 27 29 22 25 1 0 12 16 13 20 4 8 4 1 19 4 14 7 1 27 3 7 18 14 12 27 1 17 23 12 18 14 15 23 4 20 10 22 17 21 5 7 30 2 13 13 9 19 23 4 30 23 4 17 18 21 26 13 2 23 13 25 6 17 6
30 26 21 26 8 27 24 28 19 7 21 30 26 0 22 18 30 11 3 3 10 5 2 10 8 0 21 8 4 25 11 4 14 19 22 9 17 16 8 19 24 14 25 27 29 27 26 11 6 21 29 11 27 13 20 29 20 19 3 7 6 30 10 8 23 5 0 18 5 22 8 1 7 1 24 24 11 20 16 17 2
19 16 2 2 28 0 9 24 30 18 11 14 29 27 15 24 8 16 23 7 23 12 23 6 15 1 30 24 7 10 3 24 18 1 6 0 16 0 21 17 11 8 16 16 2 24 11 30 10 12 13 25 24 21 20 26 30 17 10 17 16 21 25 11 29 27 9 28 21 1 14 10 13 29 30 28 1 0 29 13 5
4 1 9 21 5 20 15 16 26 29 12 4 20 30 4 8 24 6 29 21 7 27 25 24 2 9 30 5 16 14 0 14 0 28 26 27 3 4 15 15 1 5 3 27 8 24 13 0 16 3 12 3 0 17 18 19 10 4 7 2 10 9 26 26 6 9 2 19 28 20 6 13 18 9 3 30 0 20 3 26 13
30 2 10 12 5 6 21 12 18 30 10 7 10 9 13 0 8 25 16 16 29 4 14 24 14 5 18 21 16 0 7 16 14 2 20 26 25 19 16 30 24 3 0 30 26 10 13 25 18 17 9 3 18 9 20 26 28 28 11 7 26 5 8 10 7 6 12 1 13 11 2 17 2 15 15 12 19 19 3 14 26
0 3 14 20 18 13 19 15 0 1 4 22 7 29 6 13 18 25 10 16 22 6 23 19 15 12 6 30 14 23 0 17 8 14 24 30 27 23 10 8 21 29 28 27 3 28 11 27 28 22 8 2 11 14 5 6 27 25 7 1 5 16 14 5 26 28 0 14 14 17 10 14 30 2 27 22 14 12 0 14 12
4 23 19 19 29 22 20 10 26 0 24 29 7 25 17 22 9 18 19 25 14 14 0 17 22 26 0 0 8 29 28 28 10 11 6 25 13 8 19 27 12 26 9 22 4 22 22 12 23 22 8 7 18 1 10 25 21 30 30 25 1 9 14 15 9 8 12 15 8 22 28 4 17 19 29 29 16 7 4 1 5
25 2 0 13 15 3 25 30 8 24 2 22 24 14 5 14 19 3 8 10 8 18 8 17 28 19 8 7 26 2 13 30 11 3 9 8 30 11 14 14 2 12 17 10 20 5 4 21 15 23 22 18 28 21 5 22 6 2 24 2 2 28 17 13 8 24 19 21 17 8 21 25 6 3 1 24 16 24 3 15 26
5 5 7 22 9 7 4 28 2 3 26 11 25 5 25 4 6 11 26 24 21 29 20 6 29 3 0 14 15 16 22 5 20 5 6 13 23 11 1 19 19 15 7 15 25 24 25 13 28 16 20 27 6 11 28 24 14 4 20 6 26 13 5 25 28 17 3 16 21 5 27 22 2 12 13 29 6 7 2 30 9
9 2 0 18 29 14 5 3 8 26 11 28 12 27 6 27 4 12 21 9 15 0 25 5 26 9 30 6 19 11 30 17 16 16 12 11 14 24 2 25 21 23 20 10 3 11 25 12 21 0 24 29 14 28 8 16 24 17 27 5 2 14 21 21 0 10 27 17 19 12 20 29 8 10 0 0 4 17 5 25 12
27 11 26 11 22 21 25 11 27 8 11 25 22 6 9 28 15 8 0 17 30 1 4 28 8 21 1 20 13 16 17 29 13 30 11 9 4 3 18 9 7 8 28 6 18 5 25 6 17 16 5 25 12 29 17 3 16 19 12 18 18 5 30 28 25 18 13 10 26 7 3 24 30 13 22 14 21 13 25 30 19
16 26 15 18 28 9 10 6 1 28 0 7 20 12 3 27 27 19 9 5 29 28 27 9 16 20 18 29 13 0 29 29 15 20 9 26 19 4 6 7 28 2 28 25 19 25 0 27 3 13 1 2 12 24 21 0 18 5 16 24 15 18 25 19 7 4 20 20 21 7 27 19 27 3 10 15 17 26 26 30 12
28 4 19 20 22 1 4 26 11 7 15 23 14 13 10 11 27 28 9 5 20 8 13 16 3 28 19 15 30 11 15 21 16 24 18 5 15 2 26 30 4 28 10 6 1 22 14 0 29 4 28 12 19 5 9 12 11 15 9 29 9 20 28 6 16 24 11 24 13 27 23 25 23 13 25 25 7 16 6 8 24
19 21 17 28 19 8 28 16 22 9 10 15 13 23 3 22 17 15 8 0 25 25 27 15 6 25 7 16 1 28 16 3 28 15 1 14 11 17 23 0 30 0 23 26 17 21 17 0 4 2 7 26 7 14 18 24 2 20 24 7 26 21 24 12 8 3 3 14 12 25 12 6 9 6 7 5 28 8 4 30 14
2 16 12 29 2 27 30 18 9 29 11 19 17 17 13 7 30 8 6 19 26 21 4 28 5 2 10 23 20 10 24 15 28 21 20 5 3 21 1 21 14 6 5 27 22 27 26 17 15 8 27 19 17 3 5 12 24 14 7 10 17 17 5 18 23 21 28 24 7 8 7 21 9 20 17 7 12 30 20 14 27
0 23 11 24 21 8 25 21 28 1 6 27 4 8 0 16 5 20 27 8 14 21 4 29 20 24 26 9 12 16 24 20 8 10 4 11 5 10 10 29 15 22 26 25 25 11 8 21 0 2 24 22 15 6 7 25 6 7 2 20 10 16 6 17 14 10 29 27 29 18 22 29 5 18 24 30 11 10 1 26 21
27 26 9 19 27 30 16 7 18 15 15 21 7 8 7 19 25 25 3 29 28 6 1 8 3 19 24 3 22 20 16 8 1 24 5 2 20 12 11 6 29 13 7 1 20 7 18 28 0 7 24 0 4 24 25 26 22 7 22 25 10 27 0 30 0 16 0 20 21 15 27 26 6 25 21 18 22 25 7 3 10
6 29 28 22 15 25 0 0 8 23 17 16 12 10 23 3 13 20 15 19 4 22 19 11 3 21 6 17 6 22 14 24 29 27 15 8 27 1 14 9 15 24 10 4 0 9 14 21 5 4 5 5 21 14 15 10 10 14 26 20 9 4 29 0 26 20 2 10 17 20 20 24 30 15 27 4 2 27 2 21 4
6 9 25 18 7 19 3 6 19 25 10 25 27 13 2 2 20 1 4 24 19 5 20 13 24 20 15 28 1 17 11 15 13 14 7 9 21 15 0 8 1 9 10 27 8 25 13 3 20 26 23 2 25 27 3 20 19 5 1 24 26 16 30 22 21 23 8 24 28 16 28 5 18 1 17 21 16 30 12 14 20
18 15 26 10 10 24 17 28 26 25 29 4 9 17 0 27 6 11 19 28 18 7 11 12 27 17 11 23 20 24 1 3 17 27 21 29 5 23 12 18 23 0 22 13 13 4 14 1 14 24 24 4 24 5 24 23 13 11 20 21 5 14 14 28 21 9 20 10 27 18 24 8 19 18 29 24 4 18 1 26 13
5 30 2 28 23 10 9 0 30 11 1 3 10 19 7 29 7 7 7 16 13 24 11 20 15 11 22 4 12 13 5 22 25 10 25 0 4 8 27 4 10 18 7 18 12 3 23 17 2 18 14 11 11 9 2 23 25 15 2 18 27 9 0 7 26 3 21 28 8 0 25 19 22 10 19 28 9 6 2 3 6
30 19 18 27 19 8 28 2 17 23 7 3 12 14 30 26 12 25 13 28 14 11 10 25 13 8 0 25 15 2 24 4 13 14 4 10 6 26 26 30 5 3 25 0 22 24 6 18 23 16 23 11 23 8 12 25 6 7 7 9 28 21 14 24 20 19 3 5 8 6 6 29 13 10 10 26 15 27 16 13 11
25 29 25 19 0 7 23 30 3 3 13 16 16 10 18 19 4 29 9 3 17 22 22 2 26 30 2 26 15 30 30 7 17 28 7 4 23 30 30 11 9 30 30 12 23 0 15 28 11 21 1 21 26 24 29 7 17 20 13 13 27 14 29 21 15 26 30 2 14 4 20 29 19 19 2 11 4 13 14 26 9
14 28 19 19 12 22 29 1 8 11 28 28 6 7 25 3 27 25 9 9 14 22 20 20 21 13 20 22 23 1 30 13 7 18 8 1 10 25 16 8 30 22 29 5 2 8 28 12 7 6 7 13 30 21 25 18 17 1 11 7 3 2 5 20 24 2 19 29 8 12 0 14 2 27 14 30 12 5 7 30 12
21 17 0 24 18 4 15 8 23 23 16 8 28 13 28 23 17 9 19 27 16 6 16 4 12 9 5 8 19 14 7 17 27 19 5 23 18 22 16 28 1 18 26 1 16 17 24 25 10 15 24 20 4 8 1 5 0 28 9 4 29 23 1 10 19 16 23 28 22 20 14 16 19 26 22 5 12 15 23 11 25
13 30 4 14 29 13 23 19 8 27 23 27 8 2 15 28 24 4 29 9 7 13 1 27 1 21 11 19 12 13 2 11 30 5 14 24 1 0 9 19 18 29 26 5 26 15 23 22 15 2 8 13 30 22 23 20 17 9 20 11 8 16 9 5 21 12 14 30 21 16 11 4 19 12 13 19 19 30 22 1 14
4 17 11 20 27 0 8 21 5 27 22 11 3 20 3 25 3 15 26 6 20 6 8 1 6 14 11 9 30 11 7 20 14 12 9 7 10 13 29 12 24 18 9 5 5 1 5 10 15 12 3 27 21 19 5 20 0 1 21 22 24 14 22 12 16 2 2 13 9 10 7 27 0 9 9 18 15 30 21 7 25
28 11 29 12 7 8 19 17 9 17 12 24 2 29 29 1 7 22 18 27 22 12 3 24 6 7 8 7 11 14 10 11 19 6 2 25 6 19 3 1 26 28 3 27 7 9 16 16 1 13 28 17 7 11 2 13 15 7 11 10 14 30 5 12 28 10 29 25 19 28 0 10 29 11 17 22 26 17 3 1 11
27 4 28 22 6 19 12 8 20 26 29 30 5 10 16 1 15 6 4 28 8 21 15 24 17 11 6 19 23 25 4 19 14 24 6 19 19 0 4 6 19 10 26 14 15 2 3 13 28 24 14 1 9 22 16 19 29 17 12 3 14 25 19 29 0 5 16 2 9 0 30 10 10 24 5 27 23 19 25 20 21
7 19 25 26 18 3 13 17 29 4 20 5 0 11 22 19 5 20 17 2 25 6 28 30 12 18 29 11 24 16 28 23 3 11 15 25 26 4 29 7 29 9 14 14 19 22 17 13 16 30 10 23 27 9 2 5 3 29 15 15 26 18 10 9 11 28 11 7 24 16 2 6 19 15 22 7 24 27 7 9 22
12 25 9 6 29 20 16 18 5 25 24 2 9 1 3 2 2 11 27 5 24 1 16 17 23 3 19 6 5 30 12 15 26 4 20 0 12 26 30 12 17 24 4 24 16 0 9 16 5 21 27 25 4 11 10 29 6 0 2 19 28 27 6 11 4 0 6 11 1 21 20 30 18 9 2 2 6 18 11 21 7
4 23 23 3 20 6 18 21 29 29 4 20 19 0 0 18 12 29 22 17 26 16 4 20 14 11 3 6 5 15 6 5 30 7 4 10 21 23 3 29 8 1 10 6 14 20 0 26 14 6 29 18 2 22 2 5 2 26 28 19 4 6 1 20 26 12 9 0 18 8 4 22 11 2 10 11 8 5 19 26 24
13 30 16 13 3 1 14 26 18 4 9 4 24 29 28 25 30 26 0 24 23 2 28 22 28 17 2 26 8 19 3 16 30 3 28 13 3 0 0 2 23 30 20 18 0 21 13 25 29 1 0 13 24 29 10 14 19 30 1 17 1 9 24 8 26 24 17 29 16 29 28 7 12 21 21 3 20 14 17 12 27
16 23 30 0 5 27 27 1 22 8 2 5 23 11 0 17 3 2 27 30 3 24 14 28 28 25 0 20 1 7 10 29 23 3 29 0 1 8 17 28 16 15 28 10 3 27 18 4 24 7 28 3 16 3 15 30 28 23 25 15 11 9 26 2 28 20 29 17 26 4 12 9 28 6 11 2 30 25 2 18 25
7 6 5 16 9 5 4 8 7 18 3 24 26 2 5 19 20 19 27 30 5 19 24 20 30 5 17 9 18 15 18 30 9 11 4 14 28 10 16 19 29 7 23 1 30 23 17 1 30 4 28 10 9 0 2 24 21 19 1 12 18 19 23 11 29 18 4 0 4 20 7 8 19 22 24 8 28 5 17 19 27
23 20 17 18 19 8 24 22 7 19 16 9 20 11 23 1 30 0 26 13 17 19 22 30 30 6 29 8 8 30 7 27 11 19 23 15 20 15 10 10 6 6 13 1 22 7 5 13 25 7 2 4 8 12 27 1 0 18 3 5 14 12 7 21 6 8 8 27 1 8 12 26 12 21 6 5 16 25 20 5 28
26 9 7 26 8 29 19 20 21 19 11 12 13 4 27 13 19 28 0 20 16 1 30 15 11 23 25 25 19 24 9 30 17 15 5 12 3 21 13 20 9 0 30 2 21 22 25 20 12 4 24 27 12 1 6 17 10 8 21 22 11 29 9 17 18 15 19 1 6 19 23 19 5 12 20 23 15 26 19 15 29
7 28 7 16 7 26 30 4 27 15 9 3 27 20 16 11 27 15 3 14 14 6 12 20 19 10 10 20 17 21 10 24 23 18 18 26 24 30 30 1 27 16 7 0 6 28 5 23 2 3 19 8 26 6 6 2 11 5 0 26 2 16 24 8 30 22 12 11 21 4 15 13 5 22 26 0 29 7 10 18 29
26 23 10 7 12 6 25 13 5 12 3 25 3 27 5 28 14 16 20 4 14 9 16 5 22 28 24 22 4 4 17 24 27 26 10 17 24 28 10 27 23 27 18 26 22 15 17 5 17 11 15 12 27 3 17 25 8 18 30 10 6 13 11 7 23 1 1 1 12 14 18 21 20 24 29 21 28 3 3 4 2
