83 83
22 28 12 29 0 9 24 20 28 5 22 19 25 5 8 2 29 5 24 4 27 5 15 0 7 2 2 13 27 24 17 5 22 14 23 21 1 0 15 8 6 4 5 28 9 4 13 27 2 11 5 22 8 25 1 10 12 10 4 11 19 7 21 6 10 27 13 21 22 20 6 19 10 4 4 29 8 3 1 15 3 11 16
7 15 9 4 2 17 5 11 11 0 26 7 30 17 12 11 24 13 19 20 10 7 30 22 19 9 0 18 28 8 10 24 4 11 22 26 3 27 14 19 23 10 10 18 30 7 21 0 8 14 11 15 7 12 19 4 13 30 13 15 12 24 25 23 29 24 3 11 23 0 25 14 19 1 23 11 29 10 4 27 1 22 1
11 13 20 10 8 16 2 18 19 29 6 28 19 16 9 11 9 8 10 5 16 17 14 0 20 16 14 16 16 13 2 11 16 0 9 11 26 5 25 13 7 13 12 4 27 11 30 1 2 20 20 26 13 2 20 19 18 9 1 3 21 9 8 24 3 28 6 4 0 11 29 3 6 1 8 13 11 0 28 26 24 20 2
29 19 18 30 1 28 1 3 20 17 29 15 0 14 24 4 2 16 23 0 2 20 10 14 23 25 27 29 15 1 7 25 16 10 6 13 27 18 1 0 5 0 15 23 15 1 30 17 29 13 18 14 19 12 27 14 11 16 16 18 27 10 15 20 7 9 28 9 2 19 20 23 30 15 3 5 16 1 21 2 4 17 21
9 20 16 24 22 2 3 19 11 13 23 12 4 11 30 5 19 2 13 14 25 3 8 1 30 21 12 7 28 19 5 1 1 7 17 4 22 0 0 3 0 5 2 6 1 27 28 5 29 4 19 15 1 17 21 1 25 19 14 21 14 25 16 28 0 0 24 30 6 18 22 2 13 30 4 15 1 26 29 18 1 9 6
13 5 17 30 9 12 26 24 17 26 22 14 19 13 1 10 27 2 14 27 3 27 14 14 13 0 1 21 7 23 3 21 2 30 24 7 12 4 21 23 16 11 21 13 17 15 20 19 7 14 23 13 15 19 20 30 11 6 10 24 24 17 4 10 9 0 7 20 18 5 17 17 24 16 8 22 4 1 15 22 10 9 23
22 13 8 26 6 27 8 11 9 9 17 8 4 19 17 11 13 21 15 3 27 29 29 25 4 28 9 27 13 21 9 0 8 22 20 18 4 22 20 16 18 13 11 20 18 20 15 10 26 19 14 18 4 5 16 3 29 25 7 27 1 30 6 16 3 23 25 8 17 5 14 25 10 6 25 16 8 6 23 28 28 23 2
7 4 4 15 25 2 5 12 1 30 12 21 13 8 26 14 8 24 0 21 22 24 0 24 26 23 14 7 14 18 10 29 23 19 16 20 7 1 13 20 30 21 15 29 16 21 26 10 8 5 21 26 17 18 28 29 2 4 12 6 12 29 3 30 10 14 25 10 22 9 4 7 16 5 3 18 27 28 26 22 22 15 3
11 16 8 30 9 22 3 19 8 20 30 22 9 24 19 21 22 5 12 15 9 28 30 12 12 8 16 17 14 5 30 6 1 12 29 22 20 8 16 7 23 2 21 13 9 21 1 30 21 29 0 5 21 18 8 7 3 29 13 30 22 1 2 22 7 17 30 3 21 13 12 3 2 27 28 19 9 16 1 10 6 11 30
30 3 28 11 7 8 2 24 15 7 2 21 11 19 6 9 19 13 30 25 28 25 24 3 0 22 13 20 13 25 3 10 10 5 2 8 18 6 28 14 1 5 22 12 30 0 29 18 2 12 23 10 29 19 14 4 19 9 2 25 22 28 30 13 16 9 14 18 0 18 29 18 2 0 9 13 6 12 24 12 22 20 9
14 2 5 19 1 10 15 12 28 9 20 13 21 15 9 3 1 18 1 6 1 14 11 26 18 10 0 24 9 7 13 14 25 17 14 8 16 19 8 17 23 2 1 27 2 9 12 19 11 7 8 12 7 2 12 2 1 29 28 30 7 20 2 14 24 21 3 2 28 28 7 13 21 18 15 14 22 18 8 10 7 12 5
9 14 3 4 14 17 17 17 13 29 17 15 16 25 17 23 26 5 16 3 3 25 27 29 14 7 11 2 3 17 20 18 10 15 1 4 21 28 3 14 16 9 0 18 17 1 4 18 3 9 30 23 4 13 23 8 8 9 11 16 14 15 17 25 18 24 25 15 7 29 27 23 21 25 17 22 6 26 24 27 7 8 6
14 21 23 24 21 22 15 20 21 4 27 22 27 24 19 11 12 13 17 1 9 9 5 30 0 3 28 26 22 3 28 6 26 7 21 15 26 26 21 4 26 10 3 18 27 14 22 12 5 4 24 18 13 13 26 19 10 12 9 12 29 27 12 12 11 27 0 2 19 24 27 22 29 14 18 28 15 17 12 6 18 29 23
28 28 0 7 6 16 16 28 7 25 4 14 14 13 28 10 19 30 30 30 6 22 11 28 5 8 20 17 12 4 17 10 19 5 5 26 14 6 29 25 8 15 30 27 25 10 3 25 18 12 7 22 19 21 13 5 17 21 26 3 30 5 17 2 24 12 26 9 22 13 11 13 0 24 22 27 5 28 20 16 0 25 16
4 19 18 9 18 29 4 26 0 15 10 8 24 2 11 27 0 30 25 3 24 28 0 19 0 8 19 6 4 12 8 27 15 14 22 30 29 11 5 24 5 5 24 11 12 9 1 17 8 4 22 23 24 15 4 29 3 5 20 6 12 5 21 5 12 17 9 28 20 4 30 29 20 24 5 17 13 8 9 15 13 14 6
29 6 7 24 0 15 17 13 26 25 5 10 28 10 8 1 15 12 24 9 14 2 23 23 2 7 23 27 15 2 20 17 2 3 19 18 5 15 15 4 14 24 27 16 10 29 3 8 22 1 11 4 10 21 13 9 16 8 21 28 1 29 30 7 27 5 3 3 10 20 30 29 10 25 1 27 27 27 26 12 23 10 20
12 26 25 23 27 23 17 13 25 30 26 0 16 20 13 11 5 26 22 8 20 1 19 22 23 16 8 6 26 26 6 7 8 12 19 17 2 27 30 16 29 25 23 0 20 0 30 25 26 1 18 4 27 30 28 28 8 5 6 14 2 2 13 4 10 28 27 23 5 18 8 20 26 25 29 19 2 21 11 20 17 17 30
0 12 10 19 13 15 15 5 10 18 12 1 15 9 14 12 11 9 25 3 3 14 5 28 21 9 18 23 21 24 0 9 9 19 8 26 19 15 23 4 9 24 0 13 27 4 25 19 30 20 27 26 28 27 22 3 18 29 26 21 2 27 19 7 20 15 6 21 11 0 12 13 3 28 4 15 20 19 16 0 8 16 1
11 29 18 9 3 18 19 15 5 13 27 23 12 30 15 24 7 20 24 6 13 2 10 5 20 26 21 26 9 21 26 6 0 2 9 12 6 12 1 27 24 13 27 22 2 2 11 0 1 6 2 1 14 16 15 13 25 24 1 12 12 29 8 7 1 19 21 18 9 16 7 16 26 13 21 21 9 10 11 22 27 18 13
7 5 28 9 16 0 21 13 12 27 25 29 22 9 22 3 0 22 13 4 7 13 8 9 30 29 23 11 25 1 30 23 8 15 8 22 20 11 12 18 30 28 21 3 11 16 6 14 22 14 19 15 13 2 22 0 28 14 21 25 15 29 12 28 1 26 6 22 15 1 28 0 1 8 26 26 5 20 21 2 3 23 25
16 20 10 20 14 4 12 16 19 3 15 10 7 24 30 22 19 8 30 1 4 13 19 22 1 25 5 25 0 29 12 19 22 16 24 12 22 7 9 2 12 22 5 22 21 27 24 13 11 21 30 20 27 7 23 23 30 15 8 1 24 5 3 30 30 23 5 7 26 23 8 30 28 7 16 17 8 9 8 9 29 18 8
13 13 10 17 9 2 11 7 0 6 26 22 25 7 23 13 7 17 6 26 16 26 7 10 8 10 3 23 5 9 22 15 28 3 3 2 7 26 28 1 28 30 24 27 5 19 26 24 6 27 13 26 15 10 7 19 13 27 4 20 20 12 26 17 23 21 6 17 25 29 20 6 19 23 17 0 25 18 19 21 7 2 23
11 13 26 20 12 19 23 7 0 18 0 11 25 16 12 18 18 29 0 13 21 8 12 23 13 20 7 23 28 25 14 21 14 23 0 3 18 15 13 9 25 19 12 17 11 29 30 23 16 7 20 29 0 11 0 29 4 15 20 29 12 30 29 20 4 10 15 6 9 2 1 10 7 15 8 28 13 23 10 21 17 5 14
13 5 1 9 4 23 0 28 30 6 24 19 5 17 3 8 19 26 2 12 13 0 26 29 27 9 17 7 9 29 4 3 0 12 12 18 11 30 12 16 9 26 8 25 17 15 0 26 20 20 19 5 4 22 17 21 3 30 20 14 2 28 1 9 16 9 10 14 1 8 4 28 11 24 7 15 23 25 28 16 7 8 14
19 25 19 19 9 29 23 28 24 29 15 24 14 15 7 24 0 21 4 11 0 25 13 0 12 2 3 14 12 14 12 24 16 17 28 26 29 12 19 30 30 6 19 15 14 14 11 25 1 23 22 22 16 17 4 27 2 6 26 28 6 28 5 27 28 11 11 19 29 20 8 13 10 2 11 21 20 4 16 2 25 26 24
10 10 20 19 11 25 29 17 23 1 13 30 9 21 16 22 21 13 24 4 8 14 8 9 8 18 2 18 30 6 25 12 10 21 23 20 0 22 21 10 14 4 25 15 27 30 25 24 3 21 28 21 15 20 11 8 19 14 9 4 17 16 15 2 8 17 25 21 0 11 2 2 19 8 18 15 28 18 23 24 12 0 29
30 25 10 26 12 19 15 11 7 22 20 21 21 5 21 11 28 20 4 2 23 15 11 21 19 13 4 12 24 16 14 15 29 1 10 5 24 27 25 2 4 6 30 3 14 11 9 10 21 23 28 11 30 28 4 21 6 14 16 8 12 6 22 5 20 27 4 1 20 23 0 15 12 13 16 26 24 7 8 30 29 5 1
22 16 13 14 25 26 29 14 27 26 20 5 29 4 3 17 10 10 10 28 5 3 9 17 29 26 12 18 22 9 20 5 15 18 2 1 12 25 15 12 14 24 4 2 23 21 14 18 1 5 15 22 29 28 9 9 17 26 13 30 2 19 17 11 22 24 14 13 14 23 15 9 14 19 30 11 11 15 1 8 25 28 27
8 5 9 0 15 4 26 26 1 7 28 22 15 14 12 13 20 27 17 30 21 4 4 26 17 29 28 5 28 17 1 7 24 24 15 7 9 26 13 1 3 15 25 28 13 9 13 18 8 27 8 25 6 0 12 2 11 5 27 29 15 26 12 27 7 18 17 29 5 29 18 30 9 12 0 30 24 26 22 25 7 30 11
21 18 10 2 4 4 1 25 28 6 25 11 12 14 17 7 11 21 13 13 8 8 4 1 11 3 26 1 13 1 17 6 30 5 13 18 8 30 19 9 8 5 20 19 11 11 4 16 6 25 14 28 28 29 20 23 11 9 6 16 14 0 28 23 19 10 24 16 25 11 12 6 11 15 10 6 20 9 1 12 20 17 2
6 26 7 4 21 30 28 6 4 14 20 13 24 21 22 2 16 19 17 23 8 11 19 19 26 20 26 21 30 10 4 15 4 16 15 25 12 15 9 27 17 1 11 4 12 14 23 8 9 13 30 3 3 5 7 27 18 11 8 26 24 5 0 26 8 13 11 24 17 17 25 27 7 28 13 6 16 15 20 27 6 9 14
15 6 6 11 5 24 3 23 26 15 23 16 15 25 18 3 29 12 19 29 12 1 12 2 8 6 24 7 16 2 21 30 8 28 30 13 0 8 7 17 25 13 4 17 1 16 22 10 30 17 30 7 17 7 28 10 8 19 25 16 29 25 10 27 9 15 15 23 24 0 13 10 8 12 8 9 9 14 13 30 28 9 19
19 10 1 15 24 21 21 4 14 30 2 22 29 18 13 29 11 19 28 29 19 20 28 11 19 16 12 12 20 25 13 28 29 20 19 16 26 17 30 13 30 4 7 1 11 17 1 5 9 7 4 30 19 27 20 1 2 17 13 26 21 23 12 18 6 18 19 27 29 12 29 21 11 17 2 6 26 5 21 8 9 23 11
20 8 15 14 18 22 28 1 8 26 22 30 12 0 21 17 25 14 6 27 2 9 23 11 27 16 3 5 4 13 28 0 0 16 5 26 5 1 1 2 20 5 14 8 8 7 2 11 8 2 4 23 3 4 14 24 4 27 30 3 23 15 19 14 23 18 13 5 13 12 1 28 21 10 4 26 13 24 25 9 30 12 1
3 27 13 13 25 15 13 9 18 18 13 3 1 18 13 27 1 20 21 2 19 30 23 0 12 16 24 11 12 21 29 27 3 14 13 1 28 26 19 5 21 12 5 19 3 21 19 15 2 6 14 21 22 28 25 9 18 4 12 18 21 6 11 22 19 12 8 14 19 28 27 30 6 22 9 10 9 16 21 4 23 25 27
0 13 8 10 6 22 7 6 23 3 18 16 5 17 14 16 6 8 11 5 5 11 14 6 17 30 0 24 18 9 8 8 14 27 29 17 29 19 24 29 7 13 12 14 7 6 25 12 16 23 2 7 20 1 22 13 13 13 4 10 15 1 5 10 18 19 11 7 4 7 14 12 15 30 0 15 13 4 27 5 4 19 16
5 9 11 15 28 26 11 12 14 0 2 4 14 17 23 9 25 17 27 19 25 12 25 12 15 28 15 28 10 26 0 18 10 28 9 27 9 0 24 23 24 1 4 29 24 16 1 15 11 20 18 13 19 28 12 3 15 28 18 3 4 22 9 6 9 22 5 11 0 26 11 0 14 21 11 3 12 5 19 25 11 6 26
12 5 22 12 27 12 15 22 7 0 9 30 6 1 25 9 8 2 26 0 22 11 20 5 17 21 12 18 26 24 27 15 0 16 0 2 6 7 11 3 2 15 13 7 7 19 15 24 12 25 6 16 16 17 4 14 2 1 30 3 14 26 27 18 20 20 0 5 15 29 26 19 10 19 30 9 25 16 9 23 7 24 12
22 13 7 27 19 3 0 8 17 27 26 25 8 8 30 5 4 16 14 11 25 14 10 14 22 19 24 9 30 2 2 8 24 24 8 26 15 26 14 27 13 30 8 30 20 18 12 6 2 8 30 14 18 9 23 15 5 28 16 19 7 12 17 9 11 26 22 29 7 26 10 27 5 15 0 14 25 2 22 10 19 15 21
30 15 3 9 9 14 20 25 15 8 1 4 10 30 25 23 27 26 22 1 6 26 30 23 14 13 10 29 11 1 1 16 9 29 13 13 25 9 4 25 13 11 2 13 6 27 9 11 30 1 2 24 4 13 11 11 22 22 29 9 22 8 23 25 7 15 22 28 10 19 17 15 20 17 30 14 19 7 7 18 16 26 24
25 15 0 26 5 2 4 18 19 13 0 26 20 6 30 26 11 12 2 3 23 10 18 3 21 14 30 24 12 25 2 25 5 21 25 26 28 4 7 16 10 16 26 11 2 29 24 18 7 3 27 27 9 25 10 26 29 20 19 3 1 19 19 24 21 6 30 29 25 1 7 26 28 14 10 17 12 27 3 28 0 22 20
29 4 9 29 17 12 17 20 1 24 20 16 19 24 4 22 16 18 2 8 3 16 28 17 19 11 4 19 7 19 6 30 10 30 21 9 6 9 17 5 2 29 23 8 12 6 12 9 23 26 0 18 26 26 17 3 13 26 11 13 17 20 17 28 23 20 13 14 24 5 27 30 16 1 15 15 30 6 21 23 20 2 14
22 19 13 11 13 5 20 20 6 14 27 27 27 30 6 20 25 2 25 19 17 11 4 18 26 23 0 6 2 11 27 23 18 24 30 23 22 17 19 30 29 4 4 30 19 12 9 27 26 20 14 14 8 25 29 16 7 30 28 25 9 23 22 16 29 2 15 3 19 9 11 22 3 6 16 30 4 15 16 15 1 7 2
7 19 29 1 12 18 24 27 0 14 27 4 11 23 20 12 5 4 21 27 5 6 11 17 9 0 1 22 14 28 15 11 24 22 9 0 6 19 10 15 8 13 21 28 25 2 4 24 18 23 6 7 24 29 28 17 16 24 14 4 12 28 4 22 0 15 3 23 29 2 30 8 13 0 21 13 5 30 16 24 3 8 8
6 21 17 24 3 15 29 1 13 26 6 10 21 12 14 18 27 20 8 13 25 21 26 18 15 5 30 6 17 11 0 26 23 20 22 4 17 25 0 17 3 28 13 15 28 27 13 9 16 20 7 6 5 2 18 19 21 0 22 18 25 15 25 6 25 3 18 18 30 18 11 4 13 1 21 16 2 21 8 2 17 25 2
23 20 17 30 17 29 8 25 17 23 28 22 20 12 26 4 28 7 21 17 18 20 24 19 15 30 23 2 1 14 9 29 9 30 1 3 5 12 27 17 4 20 28 30 21 16 19 8 9 7 16 11 14 16 7 22 16 3 17 3 6 14 5 1 15 5 23 20 22 26 25 9 2 13 21 3 19 12 18 17 3 25 19
7 13 14 30 1 26 27 2 17 30 30 24 8 17 7 8 26 4 3 3 23 28 9 10 21 15 29 30 23 9 18 1 7 13 4 23 9 6 13 3 24 16 18 23 3 8 8 10 2 23 4 18 11 30 28 8 16 17 4 21 28 18 29 0 2 29 11 4 15 23 16 18 30 21 6 3 30 18 10 18 25 30 17
5 25 10 7 2 22 0 10 6 27 0 27 16 9 8 17 21 21 8 2 11 4 11 20 10 26 1 14 9 2 2 25 18 19 29 10 3 24 17 28 11 7 28 0 22 6 6 30 20 19 29 6 20 27 8 12 18 25 24 11 27 23 30 17 16 9 12 9 17 13 12 23 19 16 3 26 8 24 18 22 2 14 2
26 22 20 3 2 5 16 4 27 27 4 24 13 6 1 27 29 14 13 6 13 23 12 24 8 29 14 10 7 6 2 18 7 8 26 22 16 24 30 4 22 25 18 19 5 19 18 21 27 17 25 26 24 2 17 16 29 2 24 27 3 17 27 9 15 13 6 7 18 10 17 25 22 28 13 20 0 16 18 21 27 26 12
10 7 11 2 23 5 6 24 2 6 17 10 26 15 1 30 26 13 3 1 21 23 25 24 14 28 15 17 7 12 10 13 25 6 26 23 12 9 7 16 18 9 21 2 22 23 25 8 26 23 20 23 6 27 27 0 25 18 12 6 27 21 20 23 20 0 28 30 21 29 16 9 24 21 27 14 8 3 2 23 29 25 1
27 23 11 20 6 17 27 8 9 5 12 23 24 9 13 23 20 19 5 28 29 4 16 15 26 14 26 1 4 24 0 28 23 26 27 8 7 29 27 2 11 27 19 19 26 4 26 5 13 21 15 10 8 6 30 25 27 10 12 1 16 16 28 24 29 15 23 25 16 23 23 19 2 17 13 8 10 23 8 5 11 17 4
0 0 22 0 22 1 16 17 7 2 17 26 17 7 27 6 14 28 23 27 18 26 3 26 19 24 28 22 19 8 16 6 30 24 11 18 8 15 26 22 2 24 2 16 1 2 22 26 4 27 11 14 23 2 22 10 26 5 5 25 2 25 3 5 5 0 25 5 25 17 0 9 16 24 10 22 25 26 22 29 10 28 29
19 0 11 21 24 23 13 10 11 24 28 18 28 14 18 17 7 9 14 26 17 8 11 28 28 28 0 30 24 3 22 27 3 15 30 22 12 2 2 15 22 13 25 24 27 14 9 19 0 0 1 23 3 30 6 25 18 17 1 18 2 5 9 23 21 7 10 18 22 23 9 15 10 16 15 22 12 13 1 5 4 0 10
28 4 7 22 18 22 0 25 25 11 21 22 1 0 23 2 17 19 29 11 14 1 8 23 23 16 2 21 22 2 11 12 19 9 27 18 15 24 19 4 2 1 13 7 29 22 14 1 17 24 4 16 18 28 10 12 21 10 22 7 23 11 16 28 27 27 2 3 11 4 11 13 1 28 29 3 29 23 29 13 19 2 11
25 19 24 27 0 28 0 21 5 19 26 1 18 5 10 19 8 18 28 13 18 27 19 17 0 13 30 8 15 21 0 24 22 11 11 16 9 12 3 17 6 8 11 9 29 16 29 7 2 8 6 5 24 29 10 25 6 21 14 7 28 6 27 17 26 27 28 11 19 9 29 30 9 25 7 1 27 15 11 27 25 13 15
24 2 23 20 9 26 7 30 8 1 12 7 10 5 4 16 1 5 27 2 23 13 25 12 22 16 13 10 17 16 30 1 21 20 14 18 29 11 9 20 15 28 16 9 13 5 2 21 14 29 15 12 20 26 25 17 24 0 19 2 3 9 11 6 2 14 16 10 10 28 28 14 8 2 17 4 30 12 27 24 14 24 20
29 13 13 6 16 8 26 9 4 17 17 8 8 22 17 7 13 20 4 26 10 8 22 8 2 29 13 20 24 1 23 16 3 15 6 27 27 29 16 12 12 29 18 21 20 29 21 1 6 18 9 2 21 28 22 5 21 29 21 28 9 3 21 0 2 28 20 13 7 11 10 22 26 9 16 28 23 1 23 17 25 15 3
20 24 19 17 8 19 6 18 26 6 20 3 24 12 1 0 9 12 3 18 15 13 10 15 5 30 20 28 16 4 3 30 19 5 30 7 0 11 30 28 16 25 27 19 10 8 21 10 28 29 12 12 24 28 0 2 8 9 1 1 2 20 11 2 11 23 6 25 17 2 16 13 9 2 14 4 18 16 28 23 12 12 18
24 27 26 18 28 1 24 20 8 11 9 30 25 27 29 29 21 0 9 23 10 13 11 8 3 17 6 27 2 4 20 6 15 23 1 25 27 24 28 30 10 0 8 5 8 22 1 30 1 3 5 13 30 11 24 3 5 26 0 0 16 20 16 14 7 28 27 9 21 18 12 12 30 18 19 8 7 22 19 25 1 13 0
14 25 26 17 7 28 25 4 27 22 25 0 14 8 7 30 29 23 20 14 16 26 8 6 16 28 10 30 23 18 6 6 20 18 14 11 27 6 25 26 4 3 22 24 22 3 7 19 26 2 0 18 28 1 28 15 14 25 6 15 0 6 20 18 8 21 23 30 15 17 17 25 21 20 28 13 17 10 21 18 23 7 25
23 17 13 0 9 14 26 20 13 21 21 11 17 17 18 20 14 6 13 0 12 13 8 4 4 18 22 20 3 0 12 21 22 6 15 12 24 7 4 3 27 16 19 26 17 24 24 9 13 20 26 4 30 29 21 25 13 0 2 0 30 26 16 13 0 26 6 9 11 13 22 20 14 13 30 1 15 8 27 21 17 9 9
18 12 10 2 13 4 21 11 2 17 5 13 19 19 1 12 15 0 13 17 27 15 5 23 20 8 1 24 13 20 20 18 2 1 10 5 27 5 19 2 13 22 11 6 27 10 30 18 25 23 29 16 25 30 9 28 12 21 16 24 7 24 15 22 26 16 1 20 26 30 19 3 19 11 9 5 25 17 12 3 1 14 20
10 0 17 17 5 13 13 27 30 13 19 11 17 12 21 20 25 10 15 15 23 0 18 29 5 27 10 7 0 30 29 2 23 17 8 0 30 8 11 11 29 4 25 6 14 25 9 21 25 29 18 30 13 1 13 17 0 24 26 18 11 14 8 27 17 5 25 15 18 2 10 18 21 28 14 9 0 14 14 19 1 17 30
25 3 22 25 22 29 29 13 19 22 30 18 10 7 0 23 22 4 6 1 21 27 24 6 26 27 23 19 13 29 10 1 4 13 28 8 10 6 0 22 22 22 7 12 5 18 25 7 16 4 13 13 24 3 30 12 0 30 9 7 29 13 5 8 17 30 27 2 14 24 9 18 19 10 25 5 4 6 2 4 22 5 21
3 9 30 5 0 26 2 1 28 11 12 4 2 19 6 5 8 28 28 15 24 10 8 17 13 22 8 1 0 3 6 12 15 4 13 6 4 6 25 10 27 7 25 23 1 8 26 26 11 22 15 11 22 22 30 30 28 10 19 26 27 22 15 5 30 26 2 10 6 13 23 1 30 7 0 24 24 0 21 2 18 21 10
18 6 25 4 26 26 18 24 0 0 27 13 1 7 22 2 5 9 19 20 24 28 27 6 10 19 28 26 5 19 9 7 26 11 28 0 3 20 13 7 17 3 20 19 13 30 8 22 14 10 9 1 27 20 1 1 13 22 11 15 23 23 0 16 17 11 29 9 19 17 6 28 12 23 20 13 21 19 13 16 29 9 21
11 3 13 21 25 28 3 14 21 0 4 27 10 22 2 26 8 24 30 8 7 6 7 26 15 24 28 12 15 5 28 30 24 5 4 2 8 8 23 20 16 28 20 29 13 7 6 27 26 20 18 5 3 0 6 5 16 26 27 15 15 24 27 11 14 30 14 19 3 7 16 22 11 18 23 8 0 2 22 23 5 25 14
28 18 16 30 23 7 6 13 14 17 16 9 11 22 16 8 1 19 15 12 7 24 14 29 11 27 16 24 24 6 24 24 13 5 19 29 7 26 7 3 4 8 24 15 5 4 12 15 11 22 2 5 29 6 30 13 19 19 23 1 17 15 18 27 29 17 23 4 5 1 6 17 30 15 14 19 18 15 28 6 19 1 19
14 9 10 6 10 29 22 1 30 28 15 6 20 7 12 2 3 30 21 12 7 25 28 14 21 21 14 9 25 24 9 6 24 17 13 3 7 16 13 24 20 2 6 1 11 12 3 21 16 4 28 20 28 11 27 19 4 1 3 17 0 23 4 10 19 28 7 12 24 20 7 16 20 12 20 3 28 3 28 28 27 8 11
2 25 25 2 6 24 10 11 6 17 24 30 11 5 28 19 11 13 12 24 23 26 5 16 14 28 4 13 11 15 6 11 20 0 23 7 14 8 3 21 3 19 17 12 5 24 18 30 27 19 2 28 19 10 3 21 28 8 14 18 26 27 30 13 17 3 3 19 15 22 20 26 23 29 18 25 13 10 11 20 0 17 20
27 8 5 26 21 20 11 25 5 24 16 26 24 19 15 5 1 15 18 9 6 5 0 25 5 19 7 1 28 17 14 0 24 16 29 29 18 2 12 17 30 6 3 1 1 14 17 30 30 18 6 4 25 28 25 3 3 4 11 29 19 17 29 25 8 24 22 4 23 19 13 13 21 20 26 23 12 27 27 0 3 30 13
1 23 21 21 1 1 21 10 4 7 2 2 20 24 16 27 1 19 1 27 19 12 3 17 17 6 13 3 26 18 3 29 11 25 21 14 13 19 21 30 24 26 18 11 0 2 26 25 24 10 16 30 18 0 21 0 21 11 12 2 16 0 13 11 29 12 1 1 29 8 16 8 2 1 12 21 13 22 24 21 9 12 11
9 26 12 21 11 25 25 1 5 17 15 8 19 7 22 27 22 24 11 26 3 0 20 13 14 14 23 19 22 4 26 12 20 0 18 28 19 21 2 3 0 29 18 5 12 27 13 20 8 25 11 2 15 28 10 25 27 12 27 6 8 20 4 17 30 24 17 6 24 12 13 27 14 9 8 1 27 29 23 18 24 3 3
22 2 4 17 7 14 17 9 7 18 6 15 3 13 12 25 9 20 13 19 19 16 19 5 23 25 14 4 19 0 16 24 18 17 6 15 28 14 28 29 4 0 17 17 15 21 30 0 6 11 15 11 13 19 4 24 14 24 5 26 21 30 30 6 16 23 19 4 11 2 30 12 13 10 29 30 20 26 27 15 6 21 29
9 17 20 14 22 20 11 12 10 18 18 29 5 19 7 28 1 3 30 9 16 11 27 26 5 14 12 8 2 9 11 0 23 27 18 15 7 9 12 25 12 8 22 0 28 14 6 0 28 9 12 21 5 23 28 15 11 19 14 29 13 12 26 8 7 28 8 1 15 20 2 26 6 19 1 21 17 28 29 9 5 10 21
0 19 21 12 30 11 26 1 7 28 30 24 18 7 8 19 1 9 7 4 27 9 7 23 4 10 12 20 29 4 21 20 17 1 15 30 29 23 5 4 5 11 14 26 14 5 14 29 22 10 15 0 25 20 3 13 18 5 28 10 6 13 21 11 13 21 6 25 7 14 30 27 10 1 10 2 21 15 15 15 11 8 18
20 17 8 25 8 29 30 11 13 20 21 25 27 23 12 9 22 14 10 17 28 14 2 24 16 15 2 8 16 15 24 15 16 8 26 24 15 30 11 20 26 19 9 1 27 13 20 5 19 13 6 30 12 13 12 25 13 25 30 1 25 3 26 5 11 25 15 28 17 0 18 4 23 25 29 23 3 29 13 8 23 17 1
4 29 28 13 4 24 19 17 3 6 20 30 6 10 8 4 4 26 16 21 15 2 8 13 4 23 17 0 10 23 19 6 0 28 11 7 19 28 10 11 22 23 1 18 17 30 24 25 18 20 20 25 30 13 30 26 7 2 9 20 18 9 26 24 16 10 0 6 10 21 23 9 15 25 29 23 10 19 23 16 22 28 14
23 19 30 8 14 29 21 17 2 23 0 5 19 19 22 17 24 0 27 2 29 12 9 30 10 24 8 25 9 10 16 7 21 30 28 17 21 25 8 16 20 12 24 18 15 1 21 10 20 1 10 0 4 5 24 11 7 19 22 29 10 20 18 11 28 10 4 25 10 2 1 27 29 21 4 28 16 1 7 0 22 15 20
12 21 13 12 21 25 19 3 0 17 7 29 6 4 4 1 12 29 28 5 22 14 4 22 18 19 12 6 7 8 18 9 26 3 9 25 10 15 26 27 7 16 24 22 14 17 13 22 19 10 3 30 17 11 22 7 18 11 9 0 15 2 2 16 10 5 4 9 3 3 24 13 27 28 1 25 30 15 8 21 1 10 0
0 0 26 24 23 30 2 6 24 22 1 3 15 20 29 12 11 26 19 30 6 28 18 11 5 15 8 17 8 10 7 17 20 13 9 5 23 7 9 5 16 4 8 10 8 9 0 0 28 27 27 12 19 20 26 22 3 21 24 16 22 27 19 4 21 30 30 10 4 10 7 12 18 4 10 1 30 3 21 6 7 9 26
17 19 0 3 26 17 29 24 17 26 19 3 20 14 19 11 17 29 28 8 18 4 30 10 24 13 17 1 12 30 22 25 18 30 29 25 7 22 21 26 4 17 4 6 25 10 22 10 21 23 21 3 15 22 14 17 27 29 20 13 19 4 5 23 14 3 16 24 2 29 5 3 14 8 6 10 25 17 27 21 4 11 2
24 25 2 1 9 10 30 3 24 3 4 24 15 12 4 0 0 16 2 6 28 4 29 8 30 25 22 20 5 10 21 7 19 24 16 7 29 14 16 17 20 4 17 22 25 13 6 2 14 18 13 25 13 20 18 27 26 24 3 21 1 5 19 2 19 29 7 25 13 11 8 2 11 28 19 29 0 6 29 23 1 20 30
