86 86
18 3 29 19 18 14 8 18 8 6 9 26 9 28 22 3 22 28 21 12 20 4 2 14 10 25 8 3 26 11 24 6 28 2 29 27 1 13 28 26 16 21 30 2 2 12 10 22 18 10 29 10 18 6 4 3 2 8 17 3 28 18 20 1 4 5 1 17 3 7 5 29 10 21 8 5 12 18 3 2 23 22 20 18 18 6
3 12 27 24 24 2 25 22 0 25 30 8 18 22 22 21 29 5 19 27 0 22 8 22 9 22 7 2 21 8 10 5 13 4 10 11 4 27 0 22 5 20 28 7 5 9 2 29 28 9 0 18 12 27 4 26 18 11 0 6 30 21 27 13 4 4 7 15 7 7 13 1 2 26 26 18 24 18 30 20 18 12 18 15 1 3
13 29 15 7 17 19 22 25 26 5 17 18 21 29 19 0 19 9 29 5 14 17 13 17 9 12 23 19 15 10 14 20 27 23 20 9 3 25 7 17 8 7 30 26 15 7 9 4 0 8 14 4 0 17 5 20 23 22 10 28 11 15 19 3 2 13 15 8 15 22 6 5 5 29 23 20 8 7 1 10 1 18 27 24 2 12
23 20 29 9 13 0 18 11 24 8 21 30 22 14 12 12 19 16 26 1 5 9 17 20 21 6 30 28 12 29 1 8 13 24 8 26 2 11 16 24 18 13 0 21 26 24 8 13 12 3 21 16 18 16 15 8 4 8 4 1 21 2 5 6 14 8 11 10 18 24 2 21 27 7 29 8 2 29 0 12 16 12 0 12 12 3
22 13 7 20 30 25 12 1 23 20 6 16 24 21 12 14 24 14 12 11 28 12 15 9 14 7 0 24 10 25 26 29 11 16 12 18 30 24 22 25 25 11 8 5 5 6 9 28 7 3 16 7 21 22 16 0 27 14 18 3 8 25 2 4 17 5 28 15 12 7 0 5 24 11 12 5 29 21 27 8 0 3 21 16 21 24
6 27 13 12 22 4 29 28 17 11 26 20 28 2 9 21 15 17 18 8 28 2 30 22 11 27 25 17 10 15 16 11 19 26 28 14 11 14 22 26 6 25 10 26 6 0 16 17 8 24 15 5 20 6 27 0 1 18 0 1 26 4 12 30 27 2 26 7 18 6 14 4 21 29 2 19 7 10 0 20 23 6 1 13 11 23
15 25 19 10 27 16 14 2 11 28 16 18 15 30 30 29 9 4 15 21 5 30 10 12 27 7 19 7 0 12 12 29 18 13 24 13 7 6 0 11 25 9 19 23 4 7 19 19 21 16 15 13 12 12 14 10 19 6 22 22 30 6 24 4 2 19 6 17 27 28 13 24 14 12 21 10 2 2 21 16 28 10 10 9 17 15
8 5 14 21 21 7 20 22 1 30 23 3 14 16 29 22 27 3 20 7 25 26 3 30 1 3 29 5 12 26 7 3 10 4 0 29 4 2 8 10 17 27 18 9 10 18 17 23 8 2 11 3 3 7 23 14 8 14 26 21 25 20 9 14 28 29 27 22 30 27 20 11 10 28 17 26 28 5 22 22 29 18 26 27 5 30
13 8 17 18 30 10 5 2 0 22 2 29 24 16 19 13 24 10 9 22 25 29 22 17 7 23 16 28 7 0 2 6 11 7 8 6 29 9 25 14 12 10 14 19 8 17 23 1 29 15 9 23 25 30 29 16 20 4 17 4 4 22 29 2 7 29 22 1 30 30 21 11 23 0 2 22 21 25 24 15 24 16 17 10 5 17
29 9 18 30 1 29 15 3 12 24 17 1 10 5 30 16 29 0 20 30 1 26 6 30 16 1 6 19 3 17 26 3 24 26 26 16 13 28 21 17 4 20 10 11 11 16 11 6 20 27 22 2 24 4 18 8 6 8 14 13 28 14 0 10 27 22 6 21 30 22 4 22 25 25 9 7 24 15 19 7 2 13 28 20 8 21
23 13 14 20 5 17 12 26 27 28 18 11 14 0 6 29 18 0 6 6 7 12 21 5 4 11 2 24 8 1 28 23 3 4 10 30 26 2 2 2 29 26 13 11 0 0 17 8 6 30 3 24 19 5 6 4 12 29 29 26 19 12 0 22 15 13 5 16 15 3 4 6 1 11 12 30 18 17 1 4 17 19 4 26 21 17
26 0 3 2 12 6 19 9 10 1 1 17 13 4 8 6 24 22 11 19 14 20 25 5 1 22 26 19 2 30 24 1 22 27 4 8 10 4 14 24 0 13 19 28 15 25 5 12 18 4 9 20 7 10 27 24 6 20 15 13 26 13 6 23 12 4 0 11 30 9 12 28 20 7 4 20 20 25 14 19 14 30 27 7 3 11
30 25 29 7 26 2 13 30 23 13 8 26 26 26 24 1 11 29 11 14 27 16 2 3 18 4 21 1 24 1 30 9 2 27 27 0 17 20 20 20 7 22 25 1 5 16 15 10 29 12 16 12 30 4 1 1 3 17 23 24 29 7 12 7 12 9 24 20 9 22 0 20 9 5 6 15 29 25 4 12 19 9 2 13 30 5
15 6 20 10 24 27 12 4 27 3 8 21 6 24 27 19 2 22 26 8 8 27 4 0 23 11 24 27 14 12 27 28 13 9 7 23 11 18 9 29 6 19 24 4 8 6 23 14 19 12 29 9 16 25 29 23 14 18 6 9 5 6 24 7 20 29 21 27 6 16 17 22 3 21 21 10 18 11 3 30 9 14 26 15 22 5
7 22 0 10 20 10 0 22 2 4 12 3 16 12 7 11 30 21 16 28 1 14 24 16 10 7 25 30 10 22 15 17 12 12 1 18 24 16 30 29 0 17 0 13 10 12 9 17 24 27 29 28 18 17 7 13 11 14 5 13 1 22 28 22 21 1 12 0 3 24 6 11 16 20 1 3 7 3 26 26 15 21 0 25 3 23
6 24 8 0 6 20 13 19 24 15 24 0 2 23 6 6 11 2 21 6 1 5 12 3 14 8 27 8 17 26 13 22 18 28 23 2 24 6 15 4 18 4 29 27 19 0 18 24 19 7 18 14 27 21 2 14 22 13 15 1 7 22 9 8 23 4 27 14 27 25 27 3 22 30 9 14 26 5 19 23 0 29 15 3 30 0
26 3 2 21 23 29 4 1 11 27 24 4 27 0 18 2 13 3 22 12 24 15 22 19 26 12 11 1 17 25 24 27 6 2 9 6 14 24 19 11 20 10 11 19 1 6 8 16 13 19 25 15 25 28 24 0 28 3 0 1 13 12 25 0 2 27 25 14 13 24 8 6 30 29 23 23 7 7 14 7 30 29 3 23 8 20
1 1 24 3 28 22 10 1 18 16 27 14 21 9 2 0 22 22 23 22 24 9 14 12 8 4 4 18 27 24 22 21 9 18 17 26 7 9 2 21 24 23 12 18 16 8 15 17 11 19 27 24 4 3 9 26 4 2 20 29 13 20 28 15 29 12 6 2 0 21 13 5 3 24 3 11 2 18 13 11 12 3 0 6 27 25
2 17 29 9 17 17 10 8 10 10 2 3 20 29 18 21 2 12 15 14 30 24 8 3 4 12 25 9 14 8 11 28 23 13 30 20 19 18 10 27 13 22 15 9 17 24 17 13 29 10 1 4 4 26 21 27 29 30 13 3 15 25 30 28 26 22 10 12 15 11 24 0 1 20 17 30 1 21 7 6 0 11 30 10 7 24
30 14 21 14 25 28 30 17 13 20 23 9 29 26 21 13 21 26 2 3 10 29 15 9 24 26 16 26 27 0 20 25 18 28 20 3 12 20 0 8 11 0 15 10 23 23 14 19 28 2 3 13 23 11 23 14 27 30 18 17 18 15 27 25 25 8 14 18 10 14 13 29 13 26 21 7 3 10 15 6 5 23 4 2 8 1
27 6 26 20 10 19 2 12 26 3 24 22 21 6 6 21 3 11 24 14 29 2 8 0 16 10 2 16 12 25 2 1 3 14 14 0 12 13 1 19 4 27 14 4 11 14 28 15 4 1 10 1 14 16 20 14 22 20 6 17 16 8 21 22 21 19 13 14 5 29 16 4 12 4 23 29 6 30 11 18 8 25 21 28 13 12
0 1 16 6 28 20 14 14 20 10 0 17 21 14 27 18 9 8 23 2 29 9 5 13 29 11 14 5 29 23 4 27 9 19 20 29 14 18 16 5 6 13 17 25 9 26 24 28 10 18 9 10 0 2 24 26 4 9 27 26 24 24 22 23 24 15 20 15 10 17 22 2 22 17 22 29 1 23 17 26 19 16 23 12 10 1
27 5 3 3 25 25 28 4 1 24 2 26 7 4 11 2 3 14 29 11 26 13 15 26 10 12 26 6 2 8 9 21 26 29 8 24 12 18 27 22 24 23 14 10 10 1 3 8 20 20 27 25 2 7 26 16 5 25 29 6 3 25 28 25 29 10 2 30 8 3 3 24 21 30 16 13 22 26 25 2 7 17 2 0 13 16
5 4 11 7 26 21 18 10 22 12 20 16 14 2 21 20 2 0 12 20 1 24 20 16 18 25 29 5 16 0 6 26 3 25 8 13 3 8 11 4 12 17 19 13 19 24 21 25 20 26 29 27 27 8 4 30 13 12 5 19 26 2 14 15 7 17 29 12 14 15 22 14 3 20 18 25 30 3 5 30 15 1 17 28 26 24
1 11 21 17 24 18 12 26 0 8 11 7 12 27 24 17 16 24 17 4 25 24 6 16 21 19 8 23 18 16 23 11 22 2 6 18 7 18 2 18 16 19 16 8 5 11 16 30 29 17 0 6 13 0 16 15 23 8 13 30 25 7 28 21 11 14 0 14 16 3 15 10 27 9 21 11 8 24 19 21 17 18 13 4 21 8
9 26 1 27 1 11 29 26 1 25 7 17 4 9 11 25 22 24 6 12 23 23 2 16 8 3 25 8 25 12 20 23 8 18 16 20 12 3 5 10 26 30 22 1 29 29 19 27 21 2 24 13 29 24 16 28 10 17 25 20 2 2 14 15 10 9 2 18 23 22 3 27 7 18 1 22 25 0 7 28 5 30 25 22 24 2
28 24 21 23 27 13 13 16 26 2 8 6 4 24 5 20 22 10 4 6 20 18 20 9 13 28 7 19 4 28 0 7 23 27 11 27 26 2 26 20 2 13 3 25 25 3 4 23 22 5 10 16 2 29 16 26 9 18 17 17 24 22 24 4 26 10 21 11 20 0 12 17 0 18 14 1 25 5 0 9 20 13 12 19 21 19
26 20 1 1 10 20 10 5 0 24 19 14 9 12 9 13 27 17 24 24 25 17 24 24 2 20 4 7 23 11 19 7 20 17 25 7 23 9 6 26 15 11 29 9 15 4 12 13 25 14 13 17 30 18 1 26 24 12 14 23 28 7 21 5 3 9 13 1 7 7 2 7 12 29 8 11 8 5 20 15 16 28 8 13 8 5
9 5 13 25 27 1 4 21 26 0 13 11 4 23 8 6 3 7 30 20 5 17 12 3 12 14 20 10 29 23 19 26 11 3 9 13 19 5 1 19 22 5 3 6 10 11 12 11 16 20 6 0 9 23 6 30 7 0 20 28 11 4 8 30 28 25 0 28 21 21 29 26 8 4 24 29 9 7 1 18 27 16 28 21 29 26
21 16 2 3 4 16 29 23 10 4 30 29 10 9 4 17 3 8 26 17 1 14 15 19 20 22 28 23 8 26 11 22 29 14 29 4 4 10 28 8 8 30 7 8 21 19 4 21 22 22 19 25 14 22 24 4 27 15 12 18 13 21 26 19 28 8 19 8 12 16 6 0 12 16 27 28 19 5 3 15 13 6 20 19 16 28
23 12 8 29 17 9 26 15 14 13 17 19 30 0 28 28 10 22 0 2 6 11 14 0 5 5 21 6 20 28 10 28 6 5 4 8 13 8 9 4 14 25 29 1 6 6 10 11 19 22 21 13 15 8 29 24 2 20 8 0 28 21 29 5 26 13 6 24 29 23 1 16 17 26 7 7 9 7 17 7 17 26 25 8 23 2
10 0 15 3 26 2 0 28 13 4 30 8 8 26 25 26 13 25 9 8 21 21 2 18 10 3 28 29 12 26 25 30 28 15 18 3 12 18 10 11 26 10 21 28 10 22 24 22 9 23 23 28 27 11 10 5 20 16 27 11 25 15 12 3 21 29 28 7 18 18 20 9 24 29 12 7 0 8 25 12 16 29 29 27 28 24
16 25 24 16 29 26 1 14 27 5 19 15 2 6 22 24 16 15 25 19 7 8 14 0 24 24 3 4 20 6 7 9 23 1 5 17 22 10 10 16 23 4 20 28 21 10 25 14 20 30 5 23 16 19 2 25 24 9 9 14 2 26 21 22 14 2 8 25 10 29 10 30 9 7 23 15 23 21 5 21 3 17 21 2 11 8
23 21 21 8 18 18 0 9 17 26 19 0 11 18 5 18 3 19 18 14 21 18 26 11 23 28 19 14 1 30 21 2 17 21 12 4 20 21 7 3 25 5 14 27 23 15 10 10 0 3 5 4 8 24 28 2 16 4 25 23 4 8 23 7 11 24 22 14 21 9 2 29 21 16 24 28 20 20 5 25 9 6 22 6 5 27
10 11 21 18 21 30 18 5 29 8 29 29 28 28 29 6 5 21 5 25 19 16 12 3 26 12 21 12 12 15 24 21 4 10 27 29 5 15 19 19 29 10 18 23 1 6 29 20 15 30 4 16 0 27 11 20 19 26 2 0 9 4 24 6 27 23 8 13 22 17 12 27 24 10 27 24 0 27 7 1 5 23 4 1 21 9
11 0 13 17 27 17 2 18 0 7 22 5 14 9 18 6 10 9 3 0 29 13 5 15 19 19 18 24 8 13 2 9 11 10 24 21 30 6 0 12 10 12 2 9 22 9 10 27 18 6 18 23 22 30 1 11 8 13 25 21 11 29 10 27 1 2 17 24 11 17 30 6 18 7 29 27 6 2 13 17 24 24 10 9 27 8
1 9 19 23 3 12 27 7 3 28 1 27 4 8 0 25 25 1 22 20 0 10 12 8 22 27 19 4 23 15 24 28 19 20 30 7 19 25 16 8 14 26 13 8 28 2 26 7 17 26 28 9 9 20 21 3 22 26 22 14 9 2 15 14 29 8 26 4 28 11 12 25 20 3 5 19 1 28 4 7 12 0 4 5 14 18
9 5 20 6 3 8 21 5 1 22 14 27 1 11 2 17 30 5 2 0 5 26 4 7 5 20 6 29 21 11 25 19 18 7 10 3 4 0 22 27 24 4 12 10 20 22 3 5 20 19 17 0 9 13 28 11 20 9 25 24 5 12 26 23 9 13 30 21 29 26 20 3 26 16 30 16 25 6 3 12 16 1 25 10 3 11
17 11 17 6 22 0 21 16 21 15 17 9 8 30 15 12 24 15 13 14 1 30 1 19 12 6 19 11 3 28 17 21 30 25 23 24 11 13 7 0 22 5 22 22 8 20 9 3 9 2 19 20 26 22 14 15 12 27 25 21 9 19 8 5 30 5 11 8 11 14 22 3 6 17 2 19 0 15 4 6 0 14 1 29 16 14
17 27 17 2 30 25 6 1 6 16 9 6 17 23 14 6 26 25 12 19 27 28 8 21 15 12 9 24 6 11 3 3 5 18 2 17 12 18 14 17 19 2 3 15 24 30 18 1 9 2 24 9 20 30 25 29 24 22 21 27 3 9 21 4 9 6 26 26 17 17 14 17 10 22 30 16 25 4 28 4 7 21 17 20 18 10
18 3 5 3 19 2 13 2 5 11 1 26 20 18 12 2 7 11 4 11 22 2 23 17 15 12 3 28 2 6 26 9 18 8 8 25 3 17 2 10 3 16 1 29 24 13 26 15 7 18 5 27 4 1 26 30 9 8 4 1 28 15 29 27 3 19 29 8 17 14 16 24 9 12 11 15 17 25 27 2 5 21 28 12 13 11
21 19 3 29 5 20 20 28 6 9 27 15 20 3 23 22 25 23 22 13 18 2 16 23 4 1 25 28 8 3 30 11 28 29 6 8 25 2 23 28 12 15 1 2 13 2 23 9 4 26 26 20 28 24 24 4 11 15 4 18 1 27 19 0 18 0 20 13 4 30 28 14 1 5 25 8 21 10 7 15 6 26 13 23 6 12
17 26 1 25 9 28 21 24 26 11 23 26 22 20 17 9 3 16 9 3 1 0 21 15 10 23 10 23 20 13 11 0 30 14 19 24 9 17 2 23 19 12 7 18 16 20 26 13 2 25 12 4 2 4 6 9 12 4 5 15 3 15 9 0 7 14 1 14 10 21 24 16 1 5 4 29 21 2 3 15 15 0 22 14 24 19
21 11 16 3 30 21 2 18 18 12 29 15 7 24 24 7 6 30 21 25 21 17 3 6 1 11 17 21 24 22 19 29 12 24 25 5 5 2 22 13 21 5 28 14 15 23 8 2 1 18 1 25 15 20 5 18 13 9 29 5 21 28 10 0 2 21 18 27 8 11 4 9 14 21 13 29 20 29 26 29 22 21 26 2 18 18
2 7 1 14 4 17 9 30 3 10 0 17 24 15 1 7 25 15 21 16 10 18 14 21 2 16 25 24 17 23 30 11 11 29 26 7 8 9 21 17 22 21 29 7 9 28 5 8 11 14 30 19 22 7 24 12 18 29 11 24 16 10 1 21 7 17 12 20 7 17 6 21 12 20 28 20 12 19 29 6 20 20 19 27 16 25
22 21 9 26 26 22 25 4 24 9 10 4 11 19 6 12 13 13 22 24 25 22 24 10 2 10 15 22 11 18 30 23 17 27 13 7 22 13 20 28 29 4 5 18 17 14 19 15 12 18 30 17 4 8 30 21 5 29 24 20 12 8 21 22 25 1 29 1 22 13 23 11 2 19 2 6 30 28 4 24 17 13 7 13 7 30
9 27 9 2 25 11 22 9 28 12 14 13 9 12 25 1 20 2 26 25 0 10 28 26 0 18 1 21 9 30 10 21 10 4 27 16 26 29 22 17 22 0 20 28 14 3 17 28 30 2 2 0 1 19 9 8 1 14 2 11 28 11 15 20 20 23 2 6 7 10 29 4 6 14 5 0 23 23 14 2 16 2 17 23 18 11
13 9 8 18 29 20 21 6 18 16 7 28 6 6 14 30 15 20 18 20 30 25 24 24 1 26 16 17 4 28 3 23 17 20 21 11 6 15 14 7 18 10 13 24 21 12 12 30 25 27 24 27 2 5 30 0 25 26 17 6 11 0 21 19 28 23 16 7 14 2 30 28 23 21 27 25 28 15 25 27 20 17 30 20 7 28
13 29 17 16 7 8 22 24 29 30 27 11 8 5 19 1 20 30 9 17 10 3 4 7 13 21 6 22 18 26 6 22 9 28 22 16 9 6 16 14 15 6 15 6 11 6 7 26 27 11 24 9 12 22 0 19 17 25 8 7 10 21 15 2 22 22 17 1 28 13 26 7 20 26 4 4 15 12 1 15 2 6 20 6 19 1
23 23 25 17 27 5 3 20 9 26 18 18 11 25 19 27 17 17 13 25 20 10 29 17 29 13 3 24 0 12 14 21 18 15 12 21 29 20 19 24 16 18 5 24 15 6 30 21 9 28 13 4 24 9 18 5 24 22 23 18 18 2 2 17 25 27 9 9 12 12 0 17 13 22 5 2 18 7 3 6 30 30 17 25 29 5
7 23 18 29 19 24 14 7 24 28 29 10 15 6 15 27 19 6 24 27 27 14 28 20 29 25 27 22 27 6 4 12 4 24 28 4 23 2 30 12 2 26 18 29 28 17 8 22 26 0 11 0 2 27 20 19 26 3 22 12 0 4 7 10 22 6 15 6 28 17 5 6 22 20 24 1 19 0 29 28 19 4 30 3 1 15
2 3 15 7 0 27 22 20 1 12 24 0 19 11 3 7 8 28 25 9 16 8 20 6 0 8 20 21 6 12 27 4 25 14 16 13 11 3 15 14 16 8 24 20 5 21 3 19 21 12 18 26 2 20 22 25 3 25 22 8 19 3 29 15 21 17 9 11 18 12 6 6 16 24 18 8 12 26 15 1 9 19 0 10 16 8
21 16 12 28 4 30 2 6 6 5 23 21 22 19 20 0 15 27 10 12 4 7 29 25 22 13 17 27 27 3 21 13 7 13 28 18 28 4 5 16 23 28 18 23 25 25 5 6 10 5 9 29 17 19 6 7 11 3 5 14 22 0 9 9 30 11 13 12 30 17 29 16 8 2 22 14 11 28 7 16 17 16 14 14 3 9
17 1 25 20 2 10 7 16 18 11 27 21 0 29 30 6 22 11 2 10 24 14 23 28 27 29 13 0 23 9 23 3 19 11 4 6 21 16 25 5 12 4 25 10 16 9 11 20 18 2 13 15 28 20 14 21 18 25 25 7 5 15 8 17 15 27 15 11 29 16 18 24 2 18 4 30 22 11 28 2 8 29 20 13 1 2
4 29 27 18 8 23 12 23 26 4 15 8 21 27 14 16 14 16 17 3 10 5 24 2 8 23 22 26 5 20 9 7 11 9 8 19 26 11 2 21 22 10 9 23 21 19 26 12 14 23 29 3 12 4 1 30 7 8 9 16 21 2 25 8 6 28 26 27 18 8 18 19 28 21 8 28 27 28 5 6 20 11 19 26 3 15
16 29 29 20 6 27 7 26 12 26 10 4 2 12 7 24 7 4 0 4 30 21 14 2 3 7 10 21 0 27 7 9 29 28 24 13 6 18 11 11 8 14 20 8 7 5 19 14 1 23 7 6 5 21 4 12 27 18 15 15 1 17 30 13 17 30 20 8 29 22 13 9 1 7 12 8 30 8 9 21 22 18 2 2 23 14
17 25 21 25 17 21 19 22 21 24 23 13 26 10 17 18 18 7 9 16 11 22 8 11 24 25 9 29 17 16 12 25 26 9 12 13 27 12 19 17 3 15 23 25 11 15 28 25 20 28 20 3 11 28 17 30 10 21 30 16 0 21 2 7 4 7 26 5 27 24 0 11 5 29 19 0 14 23 2 11 20 13 10 7 7 20
1 26 30 27 24 9 23 28 5 16 3 18 3 25 7 15 7 15 21 3 3 11 13 4 30 8 25 22 28 27 29 2 6 11 29 23 29 4 13 3 8 27 28 20 15 13 19 30 25 9 15 25 2 16 30 17 0 5 25 22 7 18 27 18 13 27 12 13 17 21 10 20 11 1 13 14 4 13 1 23 28 29 30 22 22 22
20 6 23 13 26 11 13 25 26 13 14 29 28 29 3 26 6 26 10 10 29 1 5 17 23 25 8 17 1 3 30 25 7 20 14 0 13 18 4 28 8 20 9 27 18 7 6 18 17 23 25 23 18 24 27 27 14 15 15 24 24 8 13 2 19 21 22 28 22 13 14 20 1 18 4 19 5 5 25 12 13 1 0 9 5 12
2 9 23 28 16 29 18 13 29 23 11 24 4 5 27 4 11 0 13 28 25 2 21 27 2 5 17 10 12 9 12 25 0 27 11 1 0 0 9 22 0 14 24 25 3 3 28 26 21 23 27 9 7 7 26 30 20 19 18 8 0 3 22 9 21 26 13 15 5 5 15 15 20 28 13 12 1 5 5 1 28 2 22 4 5 22
2 7 23 25 8 5 6 16 2 27 16 11 4 2 4 24 10 20 5 17 1 18 15 3 16 4 20 30 19 30 16 2 10 18 3 4 13 2 2 19 4 19 26 12 22 12 13 2 24 15 1 29 12 20 3 20 15 12 4 14 29 27 25 9 1 11 18 25 22 13 0 16 21 1 30 19 21 21 21 11 10 15 10 8 3 17
24 27 25 11 12 30 15 22 25 24 14 17 2 26 9 8 20 27 0 22 26 2 11 7 10 11 6 20 9 10 27 7 5 7 9 4 1 29 26 21 7 14 27 16 0 22 17 11 4 11 10 11 7 28 27 26 24 8 5 19 23 27 3 13 0 28 20 0 8 0 20 24 6 27 21 0 9 14 8 26 14 6 20 20 21 1
23 2 13 9 4 19 21 4 19 7 26 26 1 30 16 24 30 0 19 28 18 22 30 29 12 26 8 22 23 14 23 5 12 1 7 13 22 2 4 3 10 13 20 2 16 5 27 2 16 2 13 7 9 12 12 20 28 8 26 28 11 7 19 8 1 0 24 25 7 7 30 14 3 21 28 11 7 12 23 25 12 23 9 0 29 5
17 16 24 29 21 30 20 2 9 20 4 19 22 7 2 22 24 6 11 6 2 12 15 16 5 18 17 12 4 25 16 22 1 14 19 27 16 11 25 13 5 12 0 21 30 21 26 14 25 0 3 15 1 14 22 21 29 7 1 30 29 2 22 11 2 6 29 23 18 0 12 24 9 30 28 15 5 28 24 4 3 19 11 20 9 22
13 28 20 13 13 17 14 3 12 23 7 0 24 22 9 30 19 18 8 0 23 1 18 2 18 2 22 4 11 9 26 26 9 30 28 10 18 26 4 9 11 7 18 15 18 6 24 14 16 3 0 21 7 12 22 15 22 24 4 17 15 16 19 12 2 15 16 15 18 22 19 6 14 24 6 18 21 22 8 23 10 29 6 22 5 20
1 1 11 5 6 6 24 7 17 20 2 27 0 25 17 13 20 21 9 10 17 2 9 16 23 1 5 3 6 6 14 13 29 30 28 28 5 8 1 29 25 11 23 13 24 26 16 27 2 24 16 11 6 22 20 2 6 4 25 11 29 3 0 24 17 3 10 28 4 29 25 14 15 30 7 5 12 29 24 5 10 12 9 5 9 12
9 14 0 8 2 3 20 18 15 11 8 10 25 24 12 26 13 19 22 21 2 12 24 1 3 5 9 3 8 21 26 5 28 6 22 20 16 8 4 12 24 27 4 0 7 19 11 2 19 17 25 20 11 4 28 7 17 24 18 7 12 12 20 11 16 11 23 2 17 20 17 7 1 8 20 15 7 14 24 1 9 18 17 3 22 27
23 1 13 3 9 10 10 8 30 29 11 8 2 25 0 25 8 15 25 9 0 9 27 8 14 4 26 6 21 16 20 6 15 28 13 0 16 15 15 9 16 15 21 22 19 8 9 18 21 9 24 3 0 18 15 29 29 0 19 0 21 25 22 0 18 26 15 19 14 11 25 20 2 20 3 16 21 2 5 5 20 6 16 17 24 22
29 10 12 25 11 16 21 28 5 25 18 30 0 30 12 10 13 29 10 11 29 4 7 28 15 25 5 15 19 20 3 16 17 18 20 20 3 23 8 24 10 24 27 21 26 22 16 29 25 27 2 18 16 15 11 16 7 28 28 6 2 5 13 10 14 5 20 29 13 13 8 25 0 10 11 24 4 13 30 2 4 9 7 26 15 19
24 3 16 17 9 27 20 26 22 20 11 15 28 30 6 23 7 19 0 23 0 9 24 25 4 17 16 13 27 20 9 21 26 2 13 22 5 9 25 24 9 19 1 21 9 29 12 14 24 12 28 29 6 30 9 15 21 21 14 5 9 2 6 30 30 13 2 10 23 22 17 1 26 16 3 12 13 30 6 14 30 15 1 26 16 29
7 19 9 1 22 6 22 21 4 26 15 25 14 3 25 30 18 23 6 26 9 14 3 14 6 3 10 16 15 24 14 27 29 29 28 21 23 26 20 26 6 3 22 28 10 10 12 29 2 23 30 7 23 5 3 3 13 20 25 0 16 21 3 25 20 23 27 4 25 21 9 13 15 17 14 26 11 27 10 14 29 22 13 13 16 6
4 5 26 6 27 8 13 16 29 24 5 9 15 0 11 25 23 13 16 3 28 16 24 7 28 24 23 24 30 23 20 17 27 6 13 18 16 16 22 24 0 3 5 2 8 16 25 15 15 7 12 12 11 8 20 17 15 29 14 28 29 29 29 21 5 29 21 19 5 25 23 24 5 24 6 20 24 13 11 13 30 8 10 6 22 30
1 18 20 16 13 20 26 22 13 18 27 5 9 21 20 20 10 11 21 18 10 15 14 3 11 24 16 21 0 17 27 28 6 7 17 1 30 18 3 6 5 7 19 15 5 13 17 23 14 3 7 29 29 2 4 18 10 22 9 5 8 8 24 25 30 23 12 1 25 7 27 23 5 18 4 23 4 22 15 12 0 2 14 26 16 11
27 21 28 14 11 30 12 8 28 7 24 1 25 4 4 24 8 0 22 22 1 10 12 7 10 21 2 0 13 25 5 21 3 5 24 0 15 1 4 19 11 20 13 14 25 5 30 10 22 20 19 30 21 29 28 14 30 10 15 22 4 20 12 4 11 10 27 15 17 6 12 7 8 30 21 4 20 17 27 9 17 16 17 23 25 19
14 8 27 1 17 22 10 1 3 8 23 30 27 3 4 21 20 14 16 9 22 19 13 5 11 26 25 29 12 17 30 22 0 13 5 28 3 2 29 8 28 9 10 0 6 4 20 11 30 16 1 7 17 5 25 2 30 1 8 5 16 26 19 15 4 25 30 19 3 17 27 19 26 13 6 14 15 1 12 13 15 23 10 16 10 30
5 0 15 19 5 10 1 4 20 7 15 22 13 13 0 6 0 7 10 29 4 17 7 0 14 20 21 27 24 19 7 24 22 23 19 4 3 18 22 2 1 5 29 1 7 19 18 16 3 23 0 12 17 3 3 5 21 22 25 20 9 20 29 1 8 0 2 24 14 26 25 3 30 1 0 26 10 10 30 8 30 26 28 2 30 2
14 11 13 21 8 20 13 14 18 23 8 14 2 15 17 0 10 25 9 4 8 9 12 26 17 3 20 2 24 22 25 19 26 15 11 11 22 0 22 7 11 20 24 7 11 1 15 8 2 28 7 17 26 8 3 25 24 5 13 6 17 5 21 25 1 1 2 3 27 30 11 1 6 7 10 14 21 14 26 7 6 14 14 0 24 18
18 8 17 18 12 25 23 3 28 24 19 18 0 17 3 18 4 24 4 13 28 21 6 8 30 23 11 20 12 10 10 22 27 24 2 17 24 11 30 15 17 7 18 8 11 26 0 20 13 22 19 10 25 22 27 17 25 22 18 16 18 21 29 11 7 12 11 2 0 28 12 10 20 15 9 3 19 2 15 19 12 17 9 6 20 18
6 0 30 29 23 5 9 9 11 17 2 15 23 8 29 3 23 17 6 22 30 3 26 11 4 22 23 20 7 30 17 0 8 5 3 9 22 13 24 17 19 12 23 14 22 6 1 5 10 20 1 25 17 17 11 14 27 20 22 23 9 10 30 28 9 15 2 17 28 23 1 27 14 11 17 5 30 8 23 8 28 23 5 23 12 16
0 1 6 26 1 15 7 18 20 25 27 5 28 13 15 4 16 25 1 3 7 30 16 29 11 26 0 18 26 30 28 1 22 23 22 3 19 17 7 22 23 0 19 28 3 0 23 24 8 23 11 7 1 11 14 19 7 30 17 12 29 18 27 15 16 11 25 19 14 22 4 1 20 21 23 20 14 10 28 14 19 28 1 10 9 14
20 22 23 27 5 1 14 8 20 10 6 20 1 20 4 18 4 13 15 9 2 8 16 6 21 8 27 18 23 12 2 25 0 19 7 3 14 20 16 9 18 30 28 9 8 26 20 1 14 7 15 2 0 16 24 3 19 12 24 12 1 22 27 23 20 20 14 8 19 9 0 3 18 13 29 13 8 13 15 12 3 8 11 26 30 23
19 15 6 9 17 25 11 4 30 23 1 6 5 18 26 10 17 0 1 5 22 18 24 6 21 21 5 27 16 1 14 14 16 5 24 7 29 27 15 25 6 23 4 18 3 14 27 0 17 28 14 23 28 17 12 24 14 3 9 5 9 30 0 14 21 12 10 13 24 3 17 19 30 5 5 10 10 1 29 7 7 15 26 4 24 3
16 19 2 12 4 0 15 4 0 27 27 27 1 13 16 3 4 18 4 5 0 28 3 16 11 5 18 24 25 6 25 1 12 12 4 6 4 5 19 21 28 4 30 28 4 26 17 23 20 1 22 5 4 4 5 8 18 27 26 0 13 10 4 9 7 19 14 9 3 24 15 22 4 18 24 1 13 25 4 3 6 17 5 25 19 1
13 21 9 23 27 24 12 10 2 2 15 28 10 12 13 29 24 15 17 22 15 26 25 8 26 15 29 9 13 28 25 23 29 10 25 21 29 0 8 27 0 0 9 13 29 22 28 16 8 2 1 14 10 9 23 17 7 3 25 1 17 4 29 12 2 16 21 7 24 19 26 23 10 14 7 30 7 26 6 5 21 29 3 11 15 29
29 3 11 22 16 25 18 28 24 9 2 4 10 24 18 22 30 4 0 27 15 19 19 10 23 0 3 3 17 11 24 19 24 21 9 15 20 19 10 8 10 9 19 25 10 12 28 18 30 26 20 22 16 4 22 17 5 10 24 13 26 3 22 13 11 4 7 7 22 24 19 18 4 13 8 27 7 24 23 14 20 24 1 11 8 28
13 5 22 16 4 27 6 17 20 25 10 15 26 2 13 21 13 3 8 20 14 1 4 20 6 16 10 9 11 30 22 10 29 23 10 7 12 17 24 19 4 4 28 15 18 18 6 18 12 29 26 7 15 11 23 29 26 1 12 21 4 18 9 8 29 27 13 20 13 18 18 6 24 30 7 1 26 11 1 13 24 16 20 30 10 9
