94 94
27 8 15 11 5 2 3 25 27 29 6 14 2 7 17 20 14 16 11 25 24 27 15 7 13 13 19 23 12 6 5 16 25 26 2 26 30 24 9 26 23 9 10 18 0 7 17 29 6 16 29 25 7 19 15 26 8 26 28 23 0 15 15 8 15 22 30 27 30 30 16 28 2 21 24 21 4 25 21 24 1 16 3 28 1 2 22 15 7 1 15 0 26 9
6 10 2 19 6 15 19 17 20 8 6 20 29 25 11 2 12 10 25 9 16 4 2 23 2 8 0 0 26 12 29 29 17 8 14 0 25 11 27 2 12 30 4 14 12 2 7 1 16 9 1 2 24 19 15 19 2 14 11 9 29 10 6 29 12 22 30 8 23 6 15 13 5 0 3 23 1 27 13 6 12 13 13 4 24 20 12 25 21 16 17 21 17 14
26 1 13 14 5 13 0 9 21 23 2 4 8 30 0 10 0 9 21 21 0 28 1 0 28 22 10 12 30 13 23 0 13 8 8 8 18 25 14 13 7 4 22 17 22 10 21 17 16 24 2 8 18 10 14 14 25 26 0 30 24 13 1 15 3 3 19 12 17 7 16 2 21 11 1 27 27 26 28 21 13 7 14 2 12 0 1 15 10 17 8 23 12 2
13 25 12 12 26 29 2 28 3 14 8 22 7 28 1 3 17 5 18 21 25 18 9 16 26 30 11 8 18 0 17 14 25 16 28 1 17 22 7 26 28 19 11 8 25 4 27 25 4 17 15 29 29 3 16 0 6 5 12 24 19 17 15 27 23 9 15 2 13 2 21 2 14 27 25 4 6 7 7 24 17 9 22 15 9 17 23 18 25 12 25 21 3 5
7 17 20 10 23 19 6 19 0 14 16 12 6 6 2 11 6 20 1 9 12 5 28 9 12 8 9 3 3 16 3 12 18 4 6 22 18 19 4 9 3 9 9 13 16 2 17 29 3 12 18 10 28 30 28 8 1 10 13 16 1 10 11 2 3 15 1 23 26 0 27 28 20 16 23 24 21 3 13 2 8 0 27 30 13 4 12 14 7 1 25 0 9 17
20 20 14 17 8 28 18 13 14 3 10 5 1 16 7 5 18 10 20 19 5 11 20 10 22 13 29 27 11 0 24 8 5 30 0 28 2 2 12 27 27 9 10 2 24 9 16 2 2 7 12 19 18 29 7 17 22 4 10 1 20 30 22 2 18 9 7 14 5 20 25 29 1 14 4 3 29 7 5 0 21 12 30 25 5 20 1 4 7 28 11 24 27 23
25 13 8 19 28 16 28 10 6 12 0 4 3 22 2 28 10 30 2 25 7 4 27 0 12 24 4 12 30 20 29 23 16 3 19 19 2 23 11 15 11 17 1 21 13 18 29 16 6 15 15 14 20 15 14 2 5 23 10 20 7 10 7 7 8 5 2 3 13 22 21 5 14 24 13 16 26 26 21 27 20 7 8 10 7 9 4 9 22 17 13 30 22 1
22 18 29 3 26 26 6 19 15 17 2 6 16 3 5 24 9 8 15 14 28 6 16 24 25 27 0 9 27 8 6 4 26 22 8 5 6 28 21 14 2 30 13 27 21 30 18 28 5 14 18 6 3 3 23 5 17 18 17 9 24 24 13 22 6 14 10 30 16 14 20 3 5 28 15 7 6 2 5 16 13 16 28 9 3 20 10 6 26 20 19 1 16 11
3 25 25 24 19 20 3 29 0 23 30 29 26 7 21 22 4 14 0 8 13 16 29 1 17 23 6 2 24 6 6 26 19 15 19 6 2 4 4 19 15 18 5 1 26 8 21 8 26 8 18 10 3 3 22 4 3 11 22 23 16 12 9 4 5 15 7 25 30 9 2 17 11 4 20 0 8 27 25 15 26 8 22 10 20 3 28 7 7 29 25 25 22 4
30 25 1 10 4 13 27 12 6 25 17 2 7 2 15 21 27 7 21 17 17 4 8 17 30 25 25 14 0 29 13 29 27 10 20 23 25 5 9 8 17 16 5 14 16 5 3 10 5 16 0 2 25 29 25 9 26 13 19 16 26 24 29 27 23 28 12 10 11 13 12 21 30 3 4 12 9 20 23 4 12 24 18 5 10 9 3 17 26 17 7 24 0 24
5 17 17 12 29 9 22 1 0 0 11 21 0 21 0 28 20 19 26 11 16 15 7 4 20 0 9 29 28 2 15 1 13 30 3 7 12 29 0 28 5 28 8 11 17 26 2 4 11 9 15 10 25 25 5 0 16 29 13 13 13 19 10 24 11 1 16 12 30 12 3 24 6 5 14 19 9 23 0 25 12 16 20 8 6 7 15 10 28 11 7 14 3 3
26 25 15 26 30 5 29 6 2 23 5 17 14 20 26 5 13 23 27 22 10 4 22 9 24 26 6 0 21 13 10 5 29 1 30 19 22 12 16 29 29 8 2 23 20 3 18 0 10 29 18 18 6 0 1 25 13 14 21 2 9 12 24 17 0 16 0 16 0 19 12 20 29 14 15 21 22 30 18 29 8 29 17 25 16 16 16 13 26 10 15 8 10 5
2 19 2 0 22 10 15 6 12 6 7 19 9 23 27 10 19 21 10 30 5 2 8 10 19 30 3 26 20 21 5 28 13 4 4 10 19 15 26 0 22 7 20 11 1 7 14 18 16 0 7 18 18 23 27 23 4 21 14 17 26 5 23 15 0 25 15 22 16 19 27 20 7 23 8 27 23 19 25 17 14 11 21 2 24 27 5 20 23 0 17 21 27 2
8 9 1 5 16 26 6 12 27 16 29 16 16 6 21 3 22 27 25 26 6 17 6 13 1 18 5 27 10 9 9 27 5 27 11 28 12 28 29 24 13 21 8 13 11 14 11 13 24 2 8 30 26 24 1 12 21 4 13 5 24 30 24 1 24 8 12 0 14 17 20 21 8 9 1 14 1 17 28 14 7 2 15 24 21 3 11 26 7 14 17 3 24 7
6 18 16 17 1 22 10 27 8 24 7 21 26 19 19 6 13 13 1 12 3 28 2 27 14 22 18 0 9 21 26 29 2 8 2 3 2 19 7 30 12 10 19 11 1 16 10 23 9 25 12 14 26 14 0 14 6 28 4 23 27 12 13 20 14 28 30 17 16 11 1 26 8 15 25 18 14 24 10 6 12 17 8 25 23 4 28 23 10 2 29 2 3 9
14 11 0 25 9 30 17 20 8 10 20 25 30 10 13 15 25 8 17 27 30 24 26 18 16 7 10 3 28 22 2 17 26 13 5 19 10 9 12 26 17 8 7 28 17 0 19 13 3 16 20 17 27 23 0 9 27 5 12 29 12 21 17 29 0 18 23 24 22 14 29 6 20 30 8 17 20 12 28 4 2 2 20 9 28 2 9 19 30 2 13 16 8 2
30 14 24 16 1 1 19 27 5 26 22 25 6 4 21 22 10 30 20 14 24 22 30 10 21 17 2 27 11 23 26 9 13 19 29 18 4 4 17 23 20 29 10 18 28 13 18 30 24 28 5 18 23 25 16 12 25 10 17 2 23 9 4 7 5 11 8 8 23 23 2 3 20 0 3 8 9 26 19 22 28 13 16 28 27 7 13 20 1 5 16 28 9 11
9 21 28 4 9 7 21 26 29 24 24 14 11 0 28 24 2 1 6 13 26 21 22 29 5 28 15 22 17 15 10 11 29 13 7 2 17 10 17 30 9 11 17 12 21 12 2 3 7 17 14 14 27 28 4 15 16 28 17 13 23 30 13 26 25 7 14 21 8 3 1 6 8 19 1 29 19 12 24 17 3 25 3 23 5 7 11 13 27 30 14 0 13 19
23 17 1 17 18 11 28 5 12 3 19 26 28 28 19 8 6 0 12 18 17 9 27 26 10 3 1 15 25 20 1 8 8 23 3 26 4 9 15 2 23 3 8 15 14 3 6 9 4 16 23 13 10 24 15 24 21 11 7 25 14 0 4 23 15 16 19 29 4 27 24 6 22 30 16 21 30 12 0 6 14 0 30 10 19 17 1 0 19 7 26 1 16 15
29 9 19 28 4 2 28 16 24 9 29 7 1 28 1 3 0 28 2 12 29 23 7 3 23 13 29 24 15 10 21 3 9 26 2 18 8 29 23 6 18 5 13 16 27 1 28 26 21 0 9 1 28 6 25 21 13 11 23 29 0 26 26 26 18 23 30 6 28 10 11 13 26 25 6 17 2 14 10 22 12 13 14 24 3 20 22 3 13 1 15 2 5 26
5 5 4 6 23 8 29 17 0 0 30 14 28 19 7 4 10 18 23 24 17 1 23 21 18 6 26 14 14 11 14 5 21 3 9 2 6 12 22 5 6 0 11 25 21 8 9 22 8 22 4 10 28 11 3 3 3 21 19 29 30 3 23 28 0 1 15 1 21 24 0 26 8 4 27 7 17 10 29 7 6 24 30 15 29 26 15 26 0 30 22 10 22 24
25 16 4 1 21 5 25 28 2 0 10 9 20 30 10 7 24 28 30 2 7 9 1 17 26 19 4 25 16 23 13 1 13 29 16 1 8 1 0 30 1 0 3 28 18 14 7 27 14 3 6 25 1 26 12 21 18 10 3 15 3 7 16 2 24 7 20 18 21 11 16 17 1 9 19 13 12 15 25 6 20 28 2 13 0 12 19 8 8 17 25 24 9 7
10 23 13 22 22 11 3 27 20 11 23 21 7 14 29 7 5 4 20 23 4 2 11 2 21 10 7 23 28 15 25 2 18 16 26 12 10 5 21 9 19 28 18 15 29 11 20 6 7 17 0 13 18 29 25 2 27 25 7 1 14 27 20 28 27 6 24 15 27 8 27 12 12 3 10 1 2 26 25 20 12 28 27 26 6 25 9 30 5 1 23 18 30 11
0 15 10 19 27 14 14 2 26 3 3 16 16 0 0 24 14 24 22 9 29 19 0 14 4 5 12 3 12 9 10 12 13 8 8 10 13 13 9 22 20 14 11 8 2 21 25 21 30 14 30 16 11 14 16 29 7 17 20 29 27 5 23 19 18 27 30 18 6 1 11 23 9 17 29 20 23 25 29 17 11 1 24 10 8 22 28 28 7 24 30 23 17 28
6 6 6 21 0 2 17 26 14 22 8 26 27 6 26 15 20 18 5 1 16 18 27 11 22 11 22 4 20 26 25 6 4 1 25 12 12 10 26 0 22 6 12 17 0 28 5 15 2 13 19 28 17 29 17 3 29 5 17 29 21 3 1 12 7 25 25 7 4 0 29 17 15 20 29 0 21 27 13 9 18 17 5 24 15 26 4 4 19 23 5 17 6 25
15 22 23 2 24 0 12 3 16 29 27 28 1 21 12 12 28 29 8 15 17 9 6 15 13 14 18 21 3 3 23 29 7 6 6 20 4 6 22 17 9 1 16 27 16 12 27 25 14 29 12 21 23 20 19 9 17 21 24 2 28 14 5 7 27 22 0 22 2 8 18 28 18 0 7 17 28 27 9 9 6 20 9 23 13 24 16 6 9 5 11 0 9 16
15 13 20 27 17 28 5 25 17 29 27 26 26 24 11 3 2 20 2 11 10 22 15 6 11 18 29 2 4 11 13 19 4 14 7 5 29 11 8 24 8 6 15 28 15 17 10 24 11 16 26 16 8 11 2 21 2 0 28 25 15 13 13 23 29 15 18 4 1 15 28 6 7 21 21 20 10 2 30 16 19 14 17 19 24 28 2 7 0 12 3 28 7 29
19 3 8 1 4 29 26 5 16 19 19 26 21 11 16 6 13 20 6 24 23 19 22 15 2 23 19 10 11 30 28 7 14 27 4 27 17 4 2 13 19 4 18 16 23 21 7 0 4 7 11 0 10 21 0 19 1 8 14 20 20 9 4 25 13 1 7 1 16 9 24 24 4 11 9 10 8 30 19 26 10 7 28 4 19 1 1 4 30 15 11 19 19 5
29 13 21 24 5 16 20 6 2 7 3 15 2 25 5 14 12 7 5 15 17 0 23 7 3 30 23 20 18 28 3 17 1 3 11 7 13 7 16 25 30 11 15 5 15 27 30 5 6 19 1 11 2 21 1 7 30 12 11 10 1 5 6 22 6 20 0 19 5 11 13 11 10 24 20 18 17 16 2 23 21 7 13 9 20 1 25 1 6 5 13 11 12 13
4 13 2 23 13 12 18 18 28 2 24 5 16 13 22 4 1 20 21 13 9 9 14 8 13 14 22 26 19 27 25 25 6 16 18 11 1 8 12 26 28 26 25 2 2 14 1 10 17 16 21 8 28 1 4 19 13 5 6 7 24 22 18 12 12 12 4 27 26 28 2 10 9 5 29 23 23 14 14 23 16 27 12 1 6 25 2 22 22 21 3 15 24 29
24 18 24 29 25 21 13 4 25 21 10 9 3 25 20 11 28 21 14 18 16 1 18 14 30 17 0 21 24 12 13 1 6 19 27 23 5 16 26 13 2 20 22 1 13 11 10 1 6 4 14 12 7 3 27 24 11 13 28 24 8 29 1 7 11 15 9 5 6 27 18 26 5 22 18 28 21 29 5 8 24 10 13 30 17 2 19 26 30 20 20 3 20 10
23 29 4 11 30 9 4 28 12 4 10 15 23 19 1 9 8 12 9 30 1 26 10 11 25 12 28 10 1 18 18 24 21 5 2 20 1 4 18 22 22 27 21 7 14 21 18 17 3 16 21 22 26 1 15 26 15 6 21 24 23 18 1 14 27 4 28 23 0 22 5 13 17 15 4 17 28 12 22 23 20 4 19 28 1 0 18 11 18 28 22 10 20 20
27 15 27 6 11 25 14 19 21 22 20 28 13 3 3 30 5 11 23 23 10 30 5 0 19 12 7 2 12 6 0 27 23 19 30 12 10 26 21 20 8 9 23 21 12 3 16 1 20 6 1 26 3 23 14 1 8 18 4 1 4 29 15 14 25 24 9 19 6 12 16 17 27 14 11 12 27 17 27 18 0 19 0 29 26 3 8 13 13 1 27 12 25 8
1 14 8 8 5 1 27 8 29 27 20 3 28 15 0 29 17 19 1 8 2 18 1 24 22 7 24 18 29 1 30 25 1 25 25 26 10 21 21 8 5 17 15 30 19 25 16 30 14 4 16 28 21 5 21 22 16 6 13 1 5 6 11 17 23 17 19 9 30 0 10 6 21 10 24 1 19 7 12 14 22 10 10 16 10 1 22 25 7 1 17 16 20 5
21 26 21 3 13 0 10 27 8 4 16 7 19 3 30 1 8 19 8 3 8 4 21 22 2 1 0 24 22 24 29 30 6 0 24 6 24 3 4 14 3 9 13 30 1 27 21 24 3 19 25 3 4 9 13 15 9 28 10 28 13 23 1 17 11 11 7 13 20 14 1 17 29 17 26 4 13 8 4 28 14 16 9 12 17 19 0 6 11 4 2 8 22 0
6 19 28 11 11 21 24 23 0 15 23 0 6 30 30 0 16 21 8 27 30 0 22 18 22 11 12 30 10 23 23 7 0 29 29 12 30 11 18 16 1 23 29 0 3 27 25 26 8 11 24 1 30 2 28 16 30 3 16 18 22 24 29 13 29 15 30 11 15 3 7 12 21 26 12 13 18 4 19 7 24 20 28 29 20 1 22 17 15 25 12 7 6 26
23 9 12 20 14 29 11 14 27 17 2 8 18 14 1 19 4 2 30 18 19 11 12 24 4 0 5 1 0 24 20 20 2 14 19 19 14 23 9 28 17 12 27 22 6 8 28 19 5 15 5 26 6 24 1 24 9 14 29 16 14 27 29 12 1 30 21 15 4 15 27 14 22 29 6 16 30 12 10 5 11 0 24 2 28 27 24 28 4 20 16 27 30 16
28 9 21 13 1 6 16 14 8 29 28 7 29 14 21 11 8 16 27 6 17 29 20 25 25 23 24 30 12 16 15 3 6 24 15 21 26 13 16 25 26 17 21 2 20 11 26 9 7 6 10 29 20 28 21 19 6 1 6 24 19 16 24 29 28 28 15 1 11 1 0 25 9 11 20 19 28 20 19 2 30 5 2 4 5 28 15 16 7 3 7 2 2 13
0 24 23 13 2 2 7 24 17 3 0 11 4 9 19 15 29 13 16 5 14 8 25 14 6 11 21 25 4 15 13 8 14 4 8 20 7 6 0 18 11 23 23 11 28 23 23 12 6 3 1 7 3 13 13 8 14 11 14 11 30 29 28 15 2 0 3 11 15 23 21 16 24 6 21 25 12 28 7 1 23 0 20 19 7 5 7 17 24 28 24 10 19 1
6 13 29 26 24 21 22 3 16 2 6 10 10 11 9 25 11 7 5 10 1 23 19 12 19 24 21 25 28 18 0 21 15 30 19 2 27 2 24 15 24 21 7 24 10 2 30 16 19 11 15 26 8 14 30 14 12 2 9 20 20 30 9 2 5 9 4 7 14 30 5 8 24 18 23 6 5 8 1 1 3 4 11 8 23 23 18 1 19 10 9 17 1 19
11 22 20 3 3 6 24 26 6 22 27 11 16 22 16 6 18 2 17 26 5 2 19 24 24 13 11 8 2 8 23 30 15 11 27 17 30 1 4 23 3 4 4 18 23 0 11 30 10 5 1 30 11 14 8 27 21 21 8 22 11 4 29 30 19 29 5 24 22 22 0 0 28 4 5 12 19 20 9 9 2 23 29 12 21 1 0 10 0 1 10 24 5 24
11 26 6 1 10 13 25 15 12 23 20 18 23 14 25 23 28 13 6 23 30 19 12 15 2 16 24 5 18 2 7 20 1 0 12 26 15 13 18 0 24 16 15 2 12 28 22 10 9 21 5 20 2 17 22 4 11 20 16 10 24 19 18 5 2 9 26 4 23 3 15 22 22 7 7 19 28 3 26 11 1 27 23 11 7 16 11 29 25 28 0 24 21 4
21 24 5 11 20 20 1 17 4 18 1 19 26 20 11 25 6 25 30 15 25 1 30 29 16 5 3 25 2 3 15 10 16 19 29 4 0 13 9 7 28 26 22 4 4 15 13 28 7 3 7 10 4 16 1 13 10 10 27 8 29 29 8 10 16 23 25 4 12 18 13 7 8 24 19 25 24 28 21 28 19 6 13 20 25 18 11 21 7 21 13 29 13 21
3 13 25 21 12 16 11 1 1 24 10 28 27 28 19 12 27 29 25 28 24 14 11 6 18 15 6 3 25 2 24 28 14 1 28 23 13 24 3 28 23 18 6 16 15 26 12 14 7 6 23 4 13 17 27 18 16 21 5 20 12 11 22 20 2 5 5 27 27 26 17 7 1 22 24 1 23 26 7 9 11 14 29 9 11 22 9 14 15 8 1 17 3 5
19 17 29 11 22 14 1 20 7 23 27 19 19 8 22 26 24 21 28 3 19 9 13 2 19 25 11 25 27 1 0 0 11 12 17 4 17 26 22 22 30 6 20 6 3 7 13 11 23 25 21 10 14 23 25 0 6 30 18 23 3 5 18 24 12 8 10 23 20 5 22 29 18 2 2 27 19 0 2 22 8 27 3 24 28 13 24 1 12 12 25 11 5 23
12 1 28 1 24 29 12 15 22 1 7 15 20 16 20 12 11 3 10 1 16 28 8 23 0 28 11 20 10 7 24 30 16 27 20 0 20 15 5 0 22 24 9 24 24 2 24 13 17 21 6 18 27 1 13 17 24 9 19 16 13 13 28 20 7 4 8 5 15 21 9 4 20 27 1 15 7 26 30 11 28 27 19 5 7 8 9 16 9 14 2 4 16 3
22 23 0 1 28 15 22 3 14 29 5 3 5 28 10 13 8 5 14 19 19 23 14 16 12 23 10 28 10 28 6 8 13 17 8 24 19 30 27 13 0 13 8 6 25 10 0 3 12 20 5 4 9 30 25 10 10 15 1 24 16 24 2 26 4 6 14 15 23 7 14 11 24 4 29 20 25 29 21 13 23 16 28 12 12 5 17 15 7 19 12 10 19 20
0 1 0 12 4 2 2 1 28 16 14 16 14 13 12 22 10 6 28 10 10 30 29 4 15 20 4 15 25 11 10 10 24 15 13 4 22 13 19 16 26 11 2 0 13 17 14 29 24 15 0 3 11 0 20 15 10 10 29 10 5 1 23 5 5 7 13 13 22 24 13 24 5 8 20 24 9 13 25 7 12 19 3 16 9 15 7 30 20 5 7 30 22 30
20 24 8 29 15 29 2 28 25 8 3 30 30 5 12 26 15 17 17 3 22 17 19 15 1 26 12 17 28 16 9 26 24 0 9 8 0 15 27 25 30 23 16 10 11 30 22 11 27 27 8 6 4 10 20 11 27 30 0 23 13 7 6 15 16 17 26 10 23 7 3 19 3 23 14 13 27 13 5 28 19 28 15 15 12 11 14 20 1 1 14 28 22 28
28 26 21 20 26 27 1 4 0 9 23 19 27 1 27 30 10 26 14 19 19 13 6 27 15 25 5 7 22 20 10 17 9 18 0 18 16 13 29 0 9 7 18 14 27 0 27 25 6 28 13 16 1 18 15 9 23 9 19 22 8 10 9 24 30 24 8 8 15 10 0 21 21 0 29 8 9 24 14 19 13 14 3 28 29 29 0 21 8 5 1 17 14 24
27 12 7 19 29 24 20 3 1 21 6 6 26 25 13 8 0 18 22 5 29 4 23 28 12 20 27 3 17 6 12 26 29 24 20 29 1 0 0 21 2 5 20 20 4 6 11 26 7 4 9 21 9 0 20 20 11 22 14 18 1 15 28 10 23 8 9 2 10 21 6 21 23 9 11 1 27 5 18 6 10 29 24 24 2 4 18 13 27 9 26 10 29 12
22 23 6 18 0 12 19 30 11 8 30 16 19 22 9 20 4 13 1 7 10 30 1 28 8 27 23 26 25 18 19 3 19 14 30 4 7 14 5 11 24 1 9 18 4 9 23 23 14 29 27 15 19 16 12 20 21 19 19 6 27 22 13 2 25 8 27 9 16 23 22 6 0 2 2 25 1 24 18 30 22 28 6 26 17 7 9 19 28 7 26 0 12 7
18 16 19 23 19 4 13 18 15 28 10 21 12 28 17 7 17 14 17 0 19 14 13 1 18 11 9 25 19 3 30 29 26 5 8 27 17 19 23 2 15 13 17 1 3 15 3 7 6 22 0 12 0 0 4 8 11 23 0 27 26 2 14 8 24 11 30 29 24 10 9 26 6 4 8 4 7 0 18 28 16 1 12 18 1 5 19 14 27 0 6 8 23 19
29 5 29 22 3 5 18 26 25 28 14 13 12 13 27 3 10 24 23 16 23 15 12 30 7 22 23 23 11 25 6 21 19 28 22 9 0 30 16 26 27 17 25 6 2 11 1 2 22 16 22 14 27 1 21 14 2 1 28 10 30 2 3 24 9 15 5 8 15 13 24 3 4 28 27 3 23 0 4 28 10 20 6 9 5 5 22 5 29 3 18 27 3 13
22 12 15 24 14 0 17 28 5 21 29 5 1 10 26 27 22 24 30 7 25 5 10 25 17 10 20 25 9 12 28 25 9 16 14 27 28 20 26 23 19 9 20 7 8 17 8 15 20 12 6 11 27 1 16 25 19 21 2 4 4 17 3 22 5 10 29 0 21 8 25 13 25 19 24 6 14 5 30 19 11 18 11 19 19 29 8 28 29 26 3 22 24 28
25 27 2 22 7 15 26 2 26 11 24 20 5 19 1 14 21 7 0 16 10 23 25 20 9 1 16 27 10 20 25 4 13 27 4 16 0 16 7 7 29 1 30 16 0 13 18 10 28 3 4 11 19 8 1 9 14 26 20 0 28 14 20 22 25 7 3 22 2 22 23 19 9 6 11 30 15 17 17 24 28 30 15 2 9 25 4 14 12 7 25 26 27 4
10 30 7 8 29 12 9 4 29 26 17 29 18 23 18 29 9 1 19 20 10 28 0 24 1 8 5 13 23 20 14 20 18 14 8 18 27 9 6 12 20 18 7 25 21 20 17 4 5 25 10 17 10 26 18 24 29 17 4 5 19 21 10 25 10 14 8 17 26 0 23 12 21 20 8 1 5 18 2 6 26 13 8 14 6 11 1 8 7 13 1 15 30 1
17 1 16 12 17 18 22 20 9 2 30 28 10 13 20 24 1 7 10 0 20 28 4 6 29 4 6 25 15 14 23 23 28 16 11 6 0 22 19 5 23 16 5 12 0 24 8 19 4 3 19 15 1 2 20 0 4 20 2 3 19 20 3 3 3 26 26 28 14 27 13 28 28 27 15 23 10 17 26 13 21 14 10 23 23 30 23 12 13 1 7 6 8 2
6 29 6 16 9 18 19 5 24 13 12 24 26 2 0 9 8 4 30 0 27 9 30 27 12 10 20 17 18 21 9 4 8 27 2 11 20 9 27 28 3 5 4 29 0 23 21 3 12 14 15 7 22 5 20 5 29 19 1 18 8 27 9 30 1 21 17 5 11 30 26 12 13 9 22 14 22 15 0 12 13 18 27 28 23 1 12 26 18 8 5 20 18 24
30 30 7 12 0 8 23 10 4 7 0 5 16 2 20 22 5 13 9 10 25 1 7 23 29 26 17 18 16 17 7 30 20 24 21 20 27 26 27 3 19 2 30 16 0 24 10 7 26 11 20 10 21 29 2 6 16 11 30 20 18 27 15 18 26 7 3 14 27 30 6 7 15 20 25 9 4 21 17 17 28 26 19 16 30 23 14 27 16 15 18 4 23 3
11 11 23 27 22 3 10 16 1 8 15 3 29 6 6 22 22 28 13 3 1 15 11 12 7 3 17 15 19 13 10 27 26 2 5 27 15 2 7 22 8 23 14 6 24 10 18 12 25 26 10 0 22 12 0 12 0 14 5 16 19 2 5 19 12 22 29 2 22 1 5 3 20 18 1 4 19 8 17 17 20 18 28 25 12 11 6 14 30 16 15 7 21 14
5 11 28 5 6 27 23 24 14 16 19 8 12 23 30 11 5 28 20 24 30 15 19 19 17 8 8 3 3 4 12 18 10 0 19 27 0 22 15 26 15 6 4 20 23 30 2 19 3 0 22 19 28 14 2 17 2 25 26 27 5 26 16 21 1 22 2 5 23 29 13 7 9 4 14 8 1 25 26 15 3 21 2 30 20 1 25 22 14 25 19 10 28 6
26 11 11 12 30 5 24 24 30 2 29 21 21 4 2 27 24 13 16 5 20 24 13 6 10 18 26 29 23 11 4 13 17 1 12 2 2 19 19 3 15 9 7 9 22 22 29 19 28 23 7 5 18 12 26 10 27 3 8 8 1 3 8 21 24 18 19 16 3 21 6 9 13 13 23 3 17 3 17 2 21 19 0 10 9 10 2 27 28 22 26 24 11 13
2 3 20 15 24 18 25 30 23 24 7 8 22 23 30 20 5 18 7 5 25 13 1 1 14 11 11 17 30 15 21 2 15 21 11 17 14 10 19 12 25 5 15 6 19 22 7 21 12 5 19 5 17 24 5 0 8 6 28 24 22 14 2 5 13 14 28 14 26 3 0 7 11 20 24 16 25 20 16 8 13 6 7 28 12 27 10 6 3 18 19 19 8 24
19 18 11 9 26 25 26 13 27 29 2 12 21 27 5 13 20 16 11 29 1 0 0 16 7 15 30 18 19 8 4 24 8 19 21 24 3 7 25 19 11 20 12 3 2 10 19 9 16 11 21 29 9 22 4 25 15 16 18 25 9 14 3 8 4 21 8 26 26 1 1 3 10 27 21 13 8 26 19 17 1 4 20 24 21 23 21 2 30 16 11 28 3 4
2 7 13 27 13 15 28 28 23 17 12 3 5 17 28 8 2 26 9 27 21 6 18 9 29 12 29 12 29 15 9 17 26 4 12 30 4 7 4 14 0 12 2 24 0 15 30 7 7 25 6 13 19 15 3 25 15 22 17 13 25 0 25 4 11 0 30 17 24 8 19 16 17 21 25 2 3 28 7 12 1 19 3 0 23 22 4 22 6 6 23 13 7 30
30 14 28 19 2 12 12 17 29 6 9 13 27 14 18 24 15 0 28 16 21 6 9 2 26 2 17 6 14 22 8 8 26 17 17 8 21 10 8 5 0 10 17 2 1 7 16 14 1 16 27 20 15 1 24 16 20 2 30 20 23 5 23 25 6 0 1 20 13 0 1 14 8 0 20 11 25 15 10 22 30 18 15 0 8 23 14 21 1 24 14 28 3 8
28 20 12 23 29 13 29 29 1 29 4 10 6 7 27 21 19 24 4 10 29 14 1 10 16 21 23 23 21 6 4 15 9 18 12 11 28 26 9 2 22 28 29 12 4 5 1 30 24 28 23 3 15 22 24 16 25 28 3 8 13 15 29 20 14 10 24 28 11 5 0 18 6 6 11 28 19 19 24 12 26 19 12 21 10 12 17 29 8 24 25 21 15 23
20 16 3 17 6 17 2 16 19 15 21 2 22 9 27 23 6 25 16 27 15 8 28 11 9 0 6 1 1 14 14 6 8 22 15 20 24 16 22 6 21 12 22 27 16 25 11 20 10 14 16 17 8 14 24 0 25 7 23 1 5 10 15 12 25 7 8 29 13 25 9 23 4 1 13 10 15 5 2 13 4 11 14 4 6 15 5 21 15 14 20 12 20 26
10 29 28 9 10 18 11 2 30 3 13 14 15 12 16 29 11 30 13 22 13 17 27 24 6 5 26 0 25 20 3 15 5 12 7 11 22 3 25 18 11 20 25 11 15 3 13 11 0 12 4 26 25 9 29 9 3 10 21 23 19 0 16 3 25 8 6 19 6 24 3 25 0 15 6 18 28 28 12 19 4 14 8 12 5 18 16 26 0 24 23 12 13 19
30 12 20 1 7 30 28 28 0 23 7 21 7 13 22 29 15 20 19 25 18 0 29 17 1 14 29 24 22 26 2 29 14 22 28 23 14 29 30 26 26 21 18 8 1 22 17 6 5 18 2 16 0 4 17 0 18 0 21 17 19 26 0 10 5 28 26 9 22 12 2 23 13 15 27 21 18 20 24 25 16 14 28 8 25 12 8 3 7 22 2 8 2 16
0 13 21 11 11 21 8 15 16 24 21 30 19 7 11 15 2 23 10 3 29 18 14 12 29 8 23 29 11 18 7 2 18 18 12 19 6 25 15 2 10 14 27 4 9 0 10 24 25 6 9 26 25 3 19 6 24 26 8 5 21 6 10 18 28 2 19 16 18 14 18 26 1 9 28 24 20 27 5 7 13 29 17 19 14 26 25 0 27 4 25 3 30 10
3 28 17 16 9 5 15 3 19 3 29 21 21 23 6 6 9 0 10 25 5 30 29 14 8 30 3 8 8 5 12 15 26 23 29 5 25 8 5 13 29 29 9 26 28 14 18 20 23 17 25 21 27 16 12 11 20 22 10 15 9 13 28 30 0 17 20 17 10 8 27 10 14 5 8 4 12 22 6 17 8 3 19 1 13 29 15 21 3 12 12 8 3 8
29 12 15 10 22 25 3 22 13 27 9 20 7 24 18 27 26 23 25 26 5 12 21 5 20 10 22 28 4 1 0 24 5 22 11 10 1 9 11 24 6 21 25 13 19 30 17 25 11 13 6 14 9 14 14 17 10 3 0 7 16 7 30 29 29 2 4 5 12 24 0 26 11 7 7 27 11 15 14 27 16 23 20 30 13 13 25 13 21 9 30 3 9 28
10 15 21 6 6 18 29 2 4 8 1 4 14 1 15 17 2 5 7 21 15 24 28 13 18 14 16 29 26 13 15 19 30 9 27 27 25 25 21 8 13 22 23 30 4 9 24 20 28 23 2 23 27 28 3 3 24 6 6 14 1 21 30 20 17 16 5 30 24 19 16 17 30 15 13 16 29 19 26 5 22 3 14 17 13 2 30 14 5 23 17 8 27 25
20 23 12 25 7 23 22 21 7 10 29 15 3 11 25 13 7 16 26 23 27 14 20 4 21 22 20 26 14 28 25 25 21 20 27 9 14 27 18 26 15 24 11 25 16 1 27 23 6 25 17 28 20 5 6 19 30 29 17 6 11 1 17 9 20 28 5 7 3 15 8 17 2 11 9 22 1 29 10 2 3 10 9 14 5 17 10 6 19 0 23 30 17 5
21 16 5 28 29 9 20 14 17 0 21 13 23 11 14 0 1 20 21 20 6 17 17 23 20 16 29 26 29 26 4 27 7 4 2 9 28 20 16 11 10 11 27 13 29 14 23 28 10 28 1 30 25 19 2 4 30 15 24 26 13 18 19 17 3 13 10 9 7 25 19 12 16 5 1 2 13 11 0 24 30 10 15 2 22 6 18 1 28 6 9 26 20 29
25 13 19 9 1 17 7 10 17 15 12 9 28 29 20 18 0 28 10 4 22 19 29 26 22 20 29 12 13 4 30 13 23 17 7 27 1 14 11 25 7 29 29 22 3 1 0 22 22 5 0 4 1 24 13 5 30 14 12 7 29 15 8 6 21 30 4 13 3 2 10 22 2 22 0 17 14 15 6 9 8 21 22 16 7 29 7 4 24 18 29 13 8 27
26 4 13 6 0 9 4 25 0 19 7 15 12 1 22 29 1 1 13 8 30 11 13 4 18 27 6 2 13 2 27 16 0 8 1 7 23 4 16 30 21 20 22 14 28 18 23 4 1 0 8 23 3 0 13 5 12 27 20 12 23 13 4 18 4 20 25 10 25 27 15 10 30 16 11 5 6 8 10 20 25 16 24 10 3 25 12 21 7 30 13 8 17 11
28 1 2 29 1 19 15 24 9 0 28 12 10 20 11 2 4 4 2 2 6 6 26 4 6 16 18 23 13 5 19 9 21 27 21 20 23 17 25 26 0 11 21 16 11 25 2 22 16 27 0 2 12 27 16 20 15 22 3 27 5 15 18 16 8 7 8 29 24 21 16 24 19 17 13 29 1 25 14 7 22 5 23 14 29 25 18 27 19 13 27 7 15 21
16 3 21 14 9 28 27 21 30 9 26 2 13 8 19 22 28 28 27 26 25 7 28 5 7 27 15 27 25 20 9 7 1 15 6 27 19 14 17 23 13 0 18 29 0 5 14 2 15 7 23 28 25 14 21 26 22 22 17 18 1 11 23 15 3 15 12 23 14 20 11 2 28 15 2 28 8 18 11 16 24 18 30 4 12 1 2 12 6 30 20 27 4 20
1 11 5 14 18 29 14 15 1 11 14 29 21 7 8 26 20 27 21 13 21 11 21 4 18 17 9 14 13 15 30 17 8 5 14 24 22 13 2 14 4 2 21 9 5 5 29 19 26 20 13 22 29 30 21 18 11 9 14 24 18 29 21 21 14 8 18 19 18 27 4 11 19 26 13 4 25 22 11 6 3 21 28 7 19 10 18 4 27 8 14 19 13 30
21 17 0 9 12 25 24 18 14 7 28 1 2 2 8 7 19 11 29 7 10 21 20 16 8 20 26 26 20 22 10 8 28 18 17 19 17 26 25 8 13 1 22 13 2 7 18 19 6 7 18 2 8 12 11 19 24 8 25 12 28 13 18 2 18 0 25 13 29 25 27 9 13 30 29 0 14 28 21 11 30 18 17 14 25 30 29 12 13 18 25 16 23 5
2 17 14 14 4 27 24 25 25 17 2 4 2 10 17 18 8 24 18 3 5 4 12 9 9 23 15 18 18 4 19 9 19 7 20 14 12 24 20 14 18 4 24 27 24 15 2 13 14 19 26 16 28 2 30 24 10 14 14 21 1 21 3 2 21 29 12 24 20 11 22 19 15 26 7 13 13 7 13 3 0 19 13 1 26 20 9 30 22 20 28 11 29 19
9 2 1 30 9 29 20 11 0 21 30 0 15 2 29 16 19 25 20 6 18 4 6 20 23 2 12 24 4 20 23 27 16 18 21 8 0 7 6 2 2 14 5 23 30 23 19 25 18 26 21 18 17 17 15 3 27 19 18 22 15 16 18 2 22 13 17 5 12 17 24 17 0 16 23 13 7 19 24 29 14 4 4 28 2 9 21 6 23 16 20 26 25 17
13 8 22 0 22 23 7 26 5 3 6 17 24 13 22 23 12 30 29 14 3 3 22 18 27 10 27 2 16 17 21 2 3 26 26 5 7 8 5 15 21 20 12 14 18 22 8 20 30 3 26 18 15 20 7 4 23 8 24 15 18 16 17 9 19 13 3 22 22 30 21 28 25 13 26 3 25 15 17 21 8 4 3 13 12 19 8 13 2 21 13 14 17 18
6 2 20 14 19 30 10 28 19 4 21 0 13 2 19 21 9 8 4 17 26 17 24 30 7 6 10 19 28 0 20 6 23 10 23 19 28 6 19 25 1 5 19 6 12 3 28 16 8 0 9 28 26 7 24 19 13 1 16 25 2 15 4 4 8 5 30 11 20 17 18 21 15 28 29 4 25 29 4 22 30 8 3 16 15 30 22 19 28 3 17 27 24 18
8 4 20 12 28 27 25 22 16 15 15 25 19 5 3 19 28 1 4 22 4 25 10 22 19 8 6 0 28 13 19 8 23 3 3 18 24 4 7 22 3 7 9 16 27 15 7 8 4 3 3 12 20 2 8 3 9 8 3 5 23 3 29 27 26 18 16 29 20 8 18 25 20 28 12 19 7 17 1 19 25 18 7 23 16 25 20 7 11 8 3 24 15 2
11 20 13 19 10 17 18 13 0 28 11 13 9 8 7 1 29 21 1 5 20 22 25 17 26 1 26 17 10 0 20 15 14 11 12 6 30 29 30 22 12 19 13 29 18 30 29 19 9 23 30 16 13 21 6 25 1 5 29 30 29 1 29 24 14 6 7 7 10 7 19 25 19 3 22 28 12 21 22 17 18 12 26 9 12 2 22 7 28 19 27 16 4 28
15 11 29 3 2 9 18 12 14 30 11 17 26 10 3 20 24 26 16 11 1 24 8 12 9 22 4 9 27 4 13 12 9 18 7 15 5 3 27 14 10 6 12 29 29 22 27 5 21 16 15 9 16 24 23 7 18 6 15 16 6 14 18 24 6 28 18 7 29 2 29 10 29 7 20 25 29 0 14 13 11 2 13 15 21 15 11 3 29 9 25 16 13 26
27 14 17 15 23 24 7 22 16 20 18 15 17 30 12 27 13 24 1 17 9 28 12 13 0 21 10 26 23 23 1 12 15 8 0 23 25 13 9 6 19 18 0 10 17 3 14 14 9 10 8 9 15 9 14 6 18 9 0 16 5 13 13 17 0 14 19 12 30 24 11 29 27 18 7 25 15 28 3 24 10 10 7 0 13 25 5 1 0 9 5 14 13 25
21 13 19 22 10 7 13 1 4 11 8 27 13 7 6 28 30 21 29 20 0 29 15 7 2 5 29 10 4 11 8 19 19 17 14 0 11 15 22 30 5 28 9 20 19 12 21 1 28 9 10 16 27 14 4 7 17 19 18 15 12 13 26 10 26 17 9 16 27 16 1 29 7 0 29 15 22 19 17 3 16 22 0 4 24 20 4 13 12 9 29 2 15 7
14 4 13 24 18 22 15 20 4 6 4 21 16 18 19 27 22 12 27 24 4 10 14 8 16 22 7 28 25 26 19 8 8 30 11 1 2 0 6 12 7 3 22 26 0 3 8 21 1 17 26 19 13 30 18 15 11 12 17 17 10 15 30 0 11 29 16 1 20 17 11 3 19 15 3 28 25 7 23 20 22 21 23 22 5 7 0 25 8 13 12 21 24 10
28 19 14 21 18 12 29 25 10 29 0 4 3 28 22 4 28 28 24 15 0 6 19 24 15 1 2 25 0 26 29 11 23 30 30 24 27 19 12 13 8 24 1 22 1 19 25 0 25 8 18 18 24 2 2 13 8 24 21 0 25 9 30 6 27 19 20 29 30 2 26 12 23 12 24 21 30 14 4 16 5 16 19 2 16 19 3 26 2 8 22 30 7 1
