14 14
8 11 17 16 2 1 28 26 21 19 9 0 2 29
15 13 26 8 10 24 29 29 2 6 20 12 15 27
21 3 18 9 25 5 23 21 13 18 27 28 3 11
16 11 8 1 20 19 27 20 12 10 23 9 29 13
10 15 25 13 20 11 6 8 24 26 29 0 19 14
28 16 0 15 9 28 3 17 3 28 14 4 9 27
9 29 8 26 24 0 27 5 21 2 6 19 18 10
27 19 27 25 19 18 10 15 0 23 9 13 28 23
5 9 11 28 27 29 3 22 25 2 7 6 13 3
17 22 10 23 11 2 29 4 22 28 25 5 8 27
23 1 7 29 17 26 16 10 13 1 12 15 30 18
26 29 16 14 15 21 13 30 18 0 0 29 24 27
25 25 8 10 6 5 26 22 28 12 27 19 27 7
21 30 1 19 12 12 1 10 8 27 6 25 8 0
