15 15
8 2 5 24 22 2 9 6 19 18 9 3 5 30 20
1 7 19 12 24 23 6 24 23 2 1 19 24 20 21
26 16 8 23 30 12 5 8 18 21 11 20 17 13 9
25 1 5 3 16 13 30 8 18 14 12 23 19 8 1
16 2 10 30 22 21 2 22 4 25 6 7 0 21 0
23 15 18 26 27 19 6 30 6 25 0 19 2 30 9
8 11 29 10 28 5 30 5 18 21 8 10 12 7 29
25 4 15 8 1 6 6 10 9 7 0 17 26 25 9
14 8 25 20 10 16 3 12 3 15 13 5 24 26 28
27 0 18 19 7 17 2 17 22 3 18 15 19 10 0
24 26 14 17 6 9 10 23 7 13 7 12 21 4 20
27 20 26 6 18 7 4 1 10 25 14 8 26 14 22
29 7 6 5 15 22 20 0 15 22 26 28 3 12 28
22 10 2 12 18 25 30 19 7 3 27 10 4 22 27
5 3 2 1 7 0 10 19 30 13 0 13 13 8 10
