21 21
30 24 28 24 10 8 7 15 19 20 22 22 9 6 17 30 1 30 27 26 18
24 26 6 17 28 25 18 7 14 16 6 29 19 16 19 22 18 12 27 22 25
25 6 23 15 6 28 15 28 22 18 14 18 3 22 30 20 4 8 4 29 3
3 12 14 28 29 14 20 6 11 17 29 23 20 19 10 26 7 27 9 22 27
23 19 13 22 24 15 16 24 25 10 1 14 24 29 1 19 16 25 19 28 30
21 19 0 28 9 25 15 18 24 3 18 23 9 2 19 25 20 5 3 27 12
24 15 26 30 3 29 13 16 28 10 19 25 13 14 14 12 19 2 19 21 7
28 6 17 2 0 14 6 27 16 20 18 20 22 19 25 2 4 12 12 5 23
26 14 25 0 13 11 2 26 13 5 9 3 18 13 11 8 2 0 9 18 8
12 10 5 4 13 0 13 18 12 21 27 8 26 1 17 10 2 10 1 27 8
16 2 26 21 20 2 26 3 2 16 9 24 30 17 14 21 17 3 27 8 17
24 10 9 8 15 27 15 22 30 7 27 20 6 1 18 24 19 20 20 28 19
5 22 28 22 16 22 21 30 26 5 30 10 29 10 11 20 27 26 30 7 9
9 5 4 1 9 25 2 27 3 13 6 7 30 1 7 10 23 2 5 29 9
20 5 21 11 25 9 2 24 22 22 26 17 17 3 3 21 3 28 14 18 11
1 1 12 23 6 11 23 8 14 27 22 0 15 17 29 19 3 27 15 9 12
2 15 0 24 4 9 28 21 2 28 21 30 16 30 14 17 21 13 20 12 18
28 10 9 28 27 1 26 0 25 11 14 16 14 15 25 12 19 6 17 7 20
13 0 24 20 2 12 19 23 30 7 3 7 9 2 8 22 13 6 9 21 0
11 23 22 23 4 26 11 8 20 15 5 18 9 1 29 11 8 12 25 12 5
0 0 23 10 2 0 10 23 14 14 29 14 21 27 22 20 15 4 11 19 1
