22 22
20 5 24 2 25 18 28 6 3 5 24 23 10 0 1 6 26 6 23 27 10 7
8 29 15 2 22 18 29 16 12 20 8 29 10 23 8 15 21 17 8 24 20 2
19 0 2 28 15 22 23 3 17 6 27 18 23 12 8 28 2 8 4 27 22 15
0 5 1 24 8 8 6 3 24 13 26 25 16 11 18 19 3 17 9 17 22 13
17 27 28 28 10 29 16 25 28 7 18 1 4 26 7 24 16 13 24 25 23 0
7 7 16 15 26 14 30 26 29 5 25 2 28 3 6 1 7 4 24 5 24 0
6 2 23 23 29 27 18 25 17 27 2 14 12 30 24 20 10 18 17 13 19 0
17 12 7 26 6 9 2 14 8 21 7 25 24 20 28 6 6 25 24 26 6 2
21 18 29 28 16 10 1 9 21 3 17 1 1 0 4 15 4 22 7 3 29 21
26 20 18 21 11 9 28 20 15 5 17 26 22 24 0 4 9 4 5 11 17 25
28 16 29 23 19 28 4 24 15 7 9 22 14 16 17 9 20 14 10 7 1 5
16 15 19 29 12 24 12 3 4 5 19 12 10 0 11 7 3 4 0 11 27 8
24 10 0 20 28 8 6 5 1 23 29 3 5 19 22 21 7 5 16 30 6 4
28 20 28 5 28 3 7 1 29 16 11 5 22 27 3 3 12 13 0 5 9 8
3 27 8 24 20 20 29 0 30 18 9 24 16 15 11 2 15 16 8 4 17 27
20 22 2 12 5 1 2 25 0 5 7 29 27 23 0 15 10 17 22 24 12 22
3 6 12 7 20 1 19 20 24 6 30 6 7 27 9 13 11 21 13 16 8 11
26 1 10 30 28 17 0 8 0 3 6 3 29 7 5 7 8 30 27 21 1 12
30 0 22 26 8 13 19 21 12 6 19 5 27 23 2 14 4 3 26 19 6 18
3 10 7 22 3 1 28 19 20 6 9 9 28 3 10 2 1 11 23 13 25 26
7 10 28 14 18 11 2 4 11 28 14 25 3 2 7 30 25 16 22 27 30 15
29 0 29 26 14 17 20 24 0 18 22 3 1 11 12 17 14 12 5 29 27 19
