24 24
27 22 1 24 21 27 12 0 26 4 6 2 3 19 7 4 19 5 11 15 3 22 24 14
4 4 16 30 20 19 1 9 16 16 22 12 3 6 27 2 27 8 11 6 11 13 18 17
6 23 29 25 15 15 10 20 16 21 16 19 15 8 30 27 7 29 23 3 5 3 4 17
23 17 23 21 29 28 20 14 0 26 3 10 10 11 10 30 27 29 11 9 0 4 15 18
30 13 12 6 2 22 11 23 23 3 19 4 20 26 17 8 6 25 21 8 27 8 3 26
23 23 12 5 25 28 24 30 23 2 7 27 9 25 27 13 19 11 1 6 28 18 29 9
2 12 14 3 10 19 15 15 5 20 2 13 28 0 6 21 22 16 9 2 19 1 27 28
8 15 19 2 0 21 2 21 14 30 20 12 5 17 14 25 10 22 3 13 26 2 21 24
19 15 14 29 3 22 27 29 2 9 22 29 17 19 30 16 2 25 29 11 0 21 17 5
18 5 5 27 18 20 0 23 3 19 15 9 29 13 4 24 8 19 9 18 5 17 11 12
26 30 10 29 9 30 19 23 6 18 2 4 3 5 26 14 10 6 20 13 5 8 12 19
10 30 3 28 23 29 13 22 15 19 21 28 0 2 23 20 12 16 12 8 28 25 11 12
23 8 11 7 11 12 20 5 28 17 26 30 5 3 16 29 17 18 12 26 16 15 5 19
17 25 24 14 17 13 7 15 21 10 9 12 7 18 27 12 6 9 26 12 2 7 29 21
0 24 22 16 19 7 30 12 20 26 10 20 19 12 19 11 21 12 22 15 1 0 7 9
0 13 0 22 12 28 4 24 11 6 24 23 23 0 19 2 25 25 10 17 24 13 8 30
26 1 9 2 17 15 20 17 3 25 9 29 8 29 0 17 6 27 9 27 23 17 24 21
16 17 3 24 0 13 13 7 20 0 1 1 14 9 2 15 13 9 16 2 1 17 26 16
23 21 10 23 20 20 16 23 21 6 12 5 20 7 16 7 16 11 0 4 23 1 26 9
13 13 25 10 1 17 19 7 6 7 28 14 18 21 3 11 24 0 26 8 4 6 5 13
26 2 3 15 27 30 0 11 22 12 23 20 1 30 20 9 29 10 1 10 21 12 17 0
4 22 17 2 15 0 14 30 1 8 9 21 1 14 28 30 5 17 24 4 1 1 0 28
20 22 30 5 8 20 17 6 0 13 29 25 26 1 17 10 27 27 12 26 14 16 16 19
3 6 10 23 25 29 17 8 7 19 24 14 14 27 25 8 24 2 17 16 24 26 9 0
