25 25
30 12 11 28 23 5 29 17 13 27 12 28 26 26 19 21 18 23 25 3 17 4 18 24 25
1 7 28 10 21 2 13 0 10 9 17 21 0 9 23 14 26 4 7 20 2 13 15 28 23
15 21 17 18 19 29 24 8 15 12 24 12 30 29 7 9 16 15 27 16 19 10 16 24 30
9 21 18 2 10 13 30 21 17 1 27 1 24 2 4 5 20 0 12 0 28 11 12 19 10
8 4 17 11 30 16 21 2 3 29 2 23 1 10 29 9 17 1 30 17 30 14 23 30 16
12 14 1 21 26 30 30 20 1 9 13 10 13 0 5 17 7 12 24 10 4 21 5 18 15
17 24 20 17 24 13 10 26 29 24 3 7 25 20 9 3 23 14 18 30 18 27 13 27 13
20 10 11 29 27 30 0 23 10 17 28 18 11 15 10 8 30 14 10 29 2 26 10 28 8
16 19 28 15 1 24 24 30 26 8 19 6 22 6 20 3 16 6 15 26 24 6 18 17 12
20 23 7 5 28 8 6 28 5 12 25 10 4 17 11 15 13 13 10 13 5 4 4 1 15
28 18 9 16 30 30 6 17 8 29 22 25 3 14 0 0 22 3 12 22 8 28 22 26 5
0 25 24 26 3 7 5 30 8 9 26 3 18 22 8 27 12 18 8 27 7 27 23 5 14
14 7 28 9 28 21 26 21 12 8 30 14 16 24 7 4 14 24 19 23 10 10 23 3 8
11 15 4 25 3 10 22 6 4 16 20 23 21 15 9 26 2 5 23 13 11 24 30 19 12
6 21 11 29 17 8 13 26 2 2 16 18 1 10 24 0 7 28 23 10 7 21 15 30 18
14 8 13 21 1 10 26 9 8 30 26 27 28 26 3 21 7 21 26 0 22 25 23 8 24
18 25 6 2 7 13 13 3 26 19 8 17 0 29 0 21 1 14 15 3 19 2 1 26 23
3 1 29 13 15 6 25 25 22 16 0 9 7 30 2 25 21 22 9 11 7 11 5 22 19
3 11 8 20 30 29 5 20 29 29 14 18 2 26 12 10 10 13 16 8 20 4 22 7 25
14 2 14 22 26 6 0 10 11 9 25 6 0 19 21 15 28 5 11 25 3 23 24 14 2
16 23 18 14 2 9 24 2 6 24 15 4 19 9 2 5 0 11 9 18 18 4 18 25 28
24 2 18 0 20 15 23 11 16 29 5 24 9 8 30 5 15 30 16 17 23 30 19 17 0
7 25 10 26 28 14 13 13 25 0 11 16 29 7 21 29 27 11 11 21 12 28 20 2 21
28 29 26 26 24 22 7 30 3 1 27 21 20 0 1 7 3 4 23 23 26 2 12 19 21
9 3 24 13 20 18 24 18 26 22 18 20 10 25 2 21 5 7 10 23 5 7 10 22 21
