30 30
7 3 29 3 27 26 12 27 2 20 24 8 15 4 20 27 10 18 12 0 23 27 6 6 3 20 10 21 17 6
19 23 16 30 4 5 14 27 15 21 18 11 0 28 13 6 8 2 20 27 7 16 30 25 19 19 18 5 15 16
11 26 18 13 22 8 21 17 29 27 6 11 0 9 12 11 17 30 11 29 1 24 28 8 10 9 26 20 11 15
4 27 10 11 24 13 24 18 9 28 13 5 0 1 25 3 3 26 9 28 21 14 29 9 13 5 18 1 29 3
11 21 18 12 8 19 25 18 8 22 13 18 30 26 6 25 22 23 12 16 26 20 10 2 2 21 22 1 22 14
25 1 28 3 26 6 10 27 29 27 7 19 28 4 10 20 14 5 10 23 2 25 14 13 30 14 29 26 30 23
28 19 3 6 11 29 27 27 8 16 5 1 4 10 4 17 6 20 27 28 19 24 17 10 26 25 20 30 6 10
4 10 6 30 30 23 14 26 26 19 25 16 17 18 26 2 3 6 24 14 15 11 16 5 4 16 9 13 10 3
0 7 17 29 9 21 4 18 30 22 22 26 5 0 12 10 4 12 11 24 14 29 24 3 4 29 4 26 2 15
25 13 29 19 26 3 17 1 19 23 8 29 15 22 9 13 5 8 13 23 15 17 19 1 1 10 29 30 14 11
3 11 15 13 3 15 5 2 17 14 17 6 29 15 14 5 21 7 2 12 18 0 15 1 20 17 12 10 28 10
5 3 16 19 18 18 18 0 11 12 17 14 14 2 23 0 29 2 0 22 2 24 15 18 6 29 19 3 22 0
23 3 29 0 17 26 13 13 29 26 16 25 0 26 7 7 0 24 12 26 11 18 8 12 6 0 10 16 17 19
0 0 24 9 9 13 30 17 15 24 25 27 5 4 24 21 26 14 13 28 12 20 28 30 18 12 20 7 28 8
17 27 28 9 14 25 20 22 14 20 25 18 23 21 19 19 6 6 12 21 30 8 10 28 29 22 7 23 15 24
26 22 13 20 0 28 26 6 10 7 23 15 14 17 19 26 2 28 3 25 4 2 9 8 0 2 11 25 21 2
24 6 8 5 23 21 0 15 9 10 1 13 12 17 22 24 1 30 18 28 22 4 12 3 21 28 27 11 2 3
24 19 23 21 12 28 1 20 23 10 26 27 21 4 18 17 9 12 13 14 30 17 28 2 5 5 26 9 17 21
4 20 19 9 12 28 27 11 7 10 29 17 17 14 7 1 2 20 1 26 23 2 6 0 29 14 21 7 1 27
11 11 30 5 11 13 25 3 2 2 4 4 19 6 15 26 3 30 26 1 20 29 24 23 18 22 10 14 1 6
7 6 0 13 29 19 16 11 4 2 21 25 22 0 12 14 23 22 22 12 28 28 7 0 10 9 26 6 22 15
23 27 5 4 22 7 0 4 2 22 2 19 12 20 26 1 3 15 12 4 13 27 7 17 29 19 6 20 11 11
20 18 1 15 27 13 23 8 7 9 19 19 18 11 7 25 14 26 22 30 30 27 18 28 19 21 20 17 29 16
11 16 4 0 5 14 25 5 14 23 30 28 2 13 0 29 6 19 17 5 5 0 21 30 24 10 11 4 8 8
21 9 23 0 3 17 4 0 27 11 18 4 18 6 22 1 23 16 20 21 11 19 18 10 1 22 20 19 19 3
8 9 20 28 21 3 2 29 20 1 2 23 4 0 13 2 0 28 23 27 11 1 29 6 24 24 28 20 8 11
25 7 16 27 0 2 9 4 14 4 5 3 8 21 24 26 24 6 12 3 22 0 23 25 14 18 6 26 4 16
4 29 27 20 13 2 13 15 26 12 26 13 26 7 18 11 10 11 7 16 3 25 14 29 20 23 21 4 4 17
6 19 27 17 29 23 23 14 24 9 12 12 0 0 16 22 7 5 3 19 10 1 20 19 13 4 0 11 15 9
12 14 8 27 19 15 29 29 13 21 8 4 26 20 6 2 14 11 20 15 24 26 22 23 24 25 11 1 30 16
