32 32
19 25 22 4 19 15 26 20 1 17 24 9 2 23 6 30 8 30 28 17 17 11 16 5 2 5 17 25 7 17 3 12
19 19 26 28 0 22 11 13 12 6 26 5 22 22 12 1 27 10 19 2 27 23 25 9 27 17 22 22 16 2 1 18
6 15 29 26 26 22 25 23 11 1 3 26 20 25 12 10 0 12 21 29 0 20 13 5 12 21 10 7 13 18 12 23
9 0 9 17 28 27 4 4 25 26 11 7 13 28 3 1 19 7 28 30 15 17 21 17 14 18 4 13 24 21 19 1
19 7 7 17 7 15 29 1 16 22 23 10 29 2 18 28 4 23 30 24 16 1 1 20 19 20 5 30 4 11 28 10
19 25 5 22 22 10 3 26 0 27 10 6 8 28 27 24 28 10 6 17 11 17 29 24 25 21 16 27 30 21 25 1
25 21 28 19 13 0 14 29 25 3 9 18 29 2 16 24 12 25 28 2 5 29 1 8 3 27 25 13 22 17 20 12
26 0 20 3 3 20 7 15 2 1 2 2 7 29 19 17 0 16 10 17 16 12 8 11 14 11 20 9 5 10 5 26
6 27 10 6 0 8 29 4 0 16 17 27 13 16 30 27 12 4 21 29 7 18 19 24 17 22 14 6 11 15 8 20
13 28 8 10 29 16 0 11 16 1 6 6 21 4 20 26 25 18 22 9 1 23 5 14 7 0 23 15 1 1 7 24
15 3 20 30 9 14 14 1 24 4 21 8 24 25 22 19 25 30 18 10 20 26 14 18 14 5 24 3 8 8 12 1
29 6 21 23 9 7 5 15 20 11 6 10 6 12 9 0 11 26 26 23 20 3 15 3 1 27 12 25 1 4 8 20
10 7 12 26 5 29 22 22 18 17 16 5 27 27 8 19 7 3 11 30 24 20 1 26 17 21 10 0 3 8 27 1
25 26 17 21 11 4 29 29 0 25 14 28 30 20 23 25 30 23 23 13 20 14 29 20 24 10 19 24 25 7 0 8
20 1 15 11 0 19 5 24 5 17 29 8 30 2 16 12 26 30 23 11 20 2 3 5 14 0 29 17 22 18 28 10
27 17 21 4 14 16 30 4 30 5 30 19 6 25 25 14 28 3 24 5 12 8 7 9 2 22 15 2 19 12 8 15
30 18 5 27 20 5 21 6 2 13 14 15 0 27 27 5 13 21 23 20 3 30 29 18 1 14 5 8 7 14 30 22
15 17 27 8 13 25 15 8 0 19 16 13 3 1 27 28 10 22 26 6 20 16 26 20 4 19 20 19 16 28 28 8
0 11 0 4 18 6 12 23 19 24 4 30 0 4 6 22 3 7 11 6 14 26 25 1 6 3 13 27 5 18 24 18
5 3 19 24 5 11 19 30 29 13 28 26 18 10 24 14 8 22 22 9 20 17 10 24 14 9 10 4 23 23 5 3
13 9 26 13 0 8 18 25 22 29 8 24 3 9 23 22 19 28 1 9 23 17 24 20 17 12 9 18 18 6 28 12
15 23 19 29 21 2 4 30 29 9 12 18 28 6 10 4 25 14 28 13 20 13 12 27 28 12 27 5 12 29 6 6
24 11 14 24 4 2 30 2 1 20 26 19 17 24 20 7 29 24 12 22 11 4 20 28 29 25 4 3 14 4 23 11
15 15 3 8 21 29 23 1 21 3 9 2 17 29 21 13 4 21 11 13 7 25 30 18 24 4 28 17 23 4 25 5
16 15 20 8 26 11 0 18 12 14 13 13 6 2 26 26 2 4 23 9 13 3 23 17 3 3 29 20 24 10 3 22
22 16 20 6 15 8 16 12 1 30 8 30 20 4 23 23 28 12 9 23 29 1 23 25 5 27 25 25 13 8 13 0
7 23 24 5 21 1 22 6 8 26 25 12 25 28 16 23 6 20 18 0 20 17 15 2 16 27 18 29 3 0 21 21
26 16 21 16 12 19 7 15 11 9 24 6 14 15 6 21 11 1 25 8 14 4 4 17 8 9 18 28 28 1 30 20
3 24 29 24 13 12 4 9 17 14 8 6 23 11 17 30 20 23 18 0 21 28 13 21 16 4 12 19 4 25 30 23
20 21 15 6 23 10 23 29 6 19 0 16 28 3 0 22 27 3 12 2 29 1 22 19 26 30 11 27 17 21 0 6
5 7 4 26 16 14 6 10 14 26 7 13 8 22 0 12 30 21 30 9 12 9 30 16 25 16 1 11 29 25 4 11
12 28 11 0 11 19 0 24 13 5 6 19 4 26 29 2 23 0 25 7 26 28 20 30 20 18 29 26 16 23 3 11
