35 35
27 4 8 15 6 3 5 1 6 2 18 25 10 24 19 6 16 23 12 3 20 23 9 29 10 9 19 9 27 14 8 23 10 23 9
3 9 21 29 12 15 5 27 22 19 27 3 15 27 7 23 4 10 13 18 2 25 24 1 19 18 22 25 15 9 3 4 21 1 3
29 19 10 5 4 13 30 7 24 23 28 8 13 22 6 11 2 6 27 23 20 28 21 24 7 24 11 28 4 5 4 12 1 29 26
13 28 4 2 5 14 3 18 12 27 4 27 8 18 16 10 27 13 9 19 22 19 22 6 9 7 2 12 8 18 20 2 19 11 20
0 17 0 27 5 17 18 18 22 29 2 1 12 13 13 7 6 11 8 21 11 27 14 26 28 23 30 17 1 1 30 19 16 22 0
7 10 7 0 22 15 13 27 11 29 27 6 19 22 24 11 1 7 15 30 21 25 28 30 20 9 7 30 30 8 28 18 0 12 14
7 16 25 30 17 11 18 12 22 15 3 28 8 4 11 17 14 3 13 26 30 9 14 17 4 22 18 21 0 13 2 28 26 14 15
24 13 13 25 29 24 11 9 24 5 16 5 13 28 26 8 7 14 21 7 10 30 29 12 18 19 27 19 2 6 26 0 16 6 23
15 19 9 2 13 20 26 24 1 26 17 23 5 25 25 23 18 26 26 29 24 6 1 23 24 19 7 19 13 13 2 0 27 11 22
14 29 27 25 4 22 11 16 18 12 6 5 12 15 11 12 13 14 7 28 9 25 15 12 29 11 16 15 26 29 4 5 25 17 10
8 29 3 4 19 19 19 17 8 25 17 11 7 3 8 30 2 6 5 2 8 20 3 12 26 18 24 24 14 24 15 16 24 18 10
15 25 29 4 8 1 29 1 23 18 23 26 11 28 10 29 19 3 1 30 24 14 0 5 17 19 0 2 24 4 8 19 24 11 9
5 10 30 4 5 13 21 4 27 16 30 24 12 20 5 12 17 14 4 6 25 21 20 26 10 6 11 30 7 6 6 25 27 0 28
30 27 5 3 10 14 29 8 7 1 5 26 25 8 24 0 14 3 1 10 11 17 12 12 21 7 5 19 0 4 18 13 25 12 23
2 6 26 20 16 29 5 1 22 5 21 23 26 1 29 23 21 1 21 25 6 24 14 8 30 27 0 15 19 1 10 26 0 30 30
17 25 14 26 12 23 11 9 6 15 5 24 19 22 22 25 12 16 9 24 24 10 0 10 22 27 26 2 2 26 22 3 6 8 18
5 28 16 25 27 25 16 11 10 11 29 9 28 16 6 22 14 11 3 24 25 18 1 18 2 29 26 29 13 2 27 4 17 13 18
26 12 0 27 10 0 19 3 29 2 19 28 26 3 5 10 7 11 18 30 15 22 3 20 13 17 7 12 26 27 1 7 26 15 14
21 16 18 6 2 26 25 9 21 20 15 24 14 23 0 25 26 8 27 30 17 20 12 5 30 18 16 12 17 1 12 24 23 27 27
19 4 13 23 13 19 10 13 1 10 22 30 25 3 27 21 2 18 10 10 8 3 17 18 24 25 12 28 19 7 5 15 29 8 17
7 17 18 1 13 20 22 2 15 8 25 12 29 11 4 8 28 2 12 3 4 1 0 4 30 29 0 6 25 27 11 20 6 12 18
1 30 29 2 22 24 13 1 12 20 11 8 21 29 7 10 12 3 29 10 20 16 21 9 17 3 4 15 30 30 4 6 21 2 18
29 6 20 8 27 19 1 21 18 12 29 15 8 26 28 29 14 4 2 22 29 25 29 15 17 1 30 13 5 21 4 15 20 0 8
27 23 16 10 28 15 25 28 22 19 20 20 30 23 28 23 6 27 12 21 3 25 28 12 6 5 7 15 17 29 11 11 17 29 14
7 4 20 12 22 1 0 17 28 26 7 21 25 11 8 10 28 22 6 4 13 28 30 7 14 10 29 18 2 0 3 15 3 17 20
12 17 26 4 9 3 3 29 17 20 11 9 7 10 2 3 27 13 26 28 15 13 3 3 3 20 10 8 28 6 16 6 19 2 29
26 22 15 9 13 7 14 22 25 0 13 26 21 6 18 4 22 14 9 14 22 30 10 12 14 0 10 30 4 2 1 8 20 19 22
28 24 2 5 23 26 16 17 0 27 6 1 16 24 25 0 11 26 1 2 21 20 12 16 2 14 4 7 22 17 23 20 30 18 14
16 20 14 21 7 29 10 22 12 10 30 28 23 19 24 27 16 12 2 0 15 14 17 16 21 1 24 9 27 21 28 29 12 13 8
5 20 0 12 9 10 22 9 20 20 0 14 23 12 19 20 8 12 1 1 10 21 19 27 18 29 30 7 16 14 7 15 17 1 1
30 13 19 15 7 24 29 18 7 16 19 28 28 6 8 15 24 24 22 17 10 11 9 10 19 5 9 28 6 13 11 10 18 29 30
0 21 28 1 4 16 29 3 3 0 26 4 13 26 17 8 26 16 12 30 2 19 2 24 15 13 25 21 1 0 19 0 21 22 5
29 18 14 28 20 15 15 8 22 4 19 4 23 0 2 11 6 9 4 9 1 0 20 29 30 1 24 6 18 10 29 22 17 22 19
11 1 17 12 15 30 4 3 18 18 15 22 0 7 9 24 27 26 16 8 24 23 8 12 3 18 2 20 14 20 21 13 26 9 9
20 20 26 24 13 7 13 21 7 25 17 6 19 26 11 6 27 15 25 28 18 8 23 22 12 28 21 22 20 1 10 20 12 2 11
