39 39
21 6 5 5 20 26 11 24 9 4 6 30 7 2 15 15 25 7 28 30 9 1 9 30 29 27 10 23 2 17 15 11 22 0 24 28 8 29 25
15 26 3 4 24 21 4 22 5 19 6 28 11 16 3 2 27 13 26 30 30 23 26 23 0 11 25 27 29 11 2 22 9 30 9 5 18 27 20
19 16 0 27 21 29 19 30 11 9 29 18 22 7 7 11 13 5 6 4 6 30 22 14 23 30 23 15 6 12 25 16 26 12 26 17 6 17 10
15 18 21 3 21 0 1 9 17 7 28 30 2 27 7 23 16 3 27 14 1 10 10 11 0 18 7 0 15 24 23 0 26 30 22 18 21 13 26
21 12 7 4 27 3 14 24 11 28 12 23 18 14 13 24 12 27 30 4 29 29 5 19 21 8 17 14 25 22 3 6 16 25 16 10 2 20 19
4 12 29 3 18 0 26 19 22 30 1 20 7 26 7 17 19 28 4 21 2 22 28 2 7 19 16 24 4 12 2 25 4 17 30 7 11 28 6
26 27 19 28 0 23 2 8 29 27 7 0 29 30 24 17 22 20 0 0 19 2 24 0 30 24 16 11 25 16 7 7 23 24 17 14 13 22 30
13 25 21 9 17 10 8 3 19 4 23 11 23 16 30 2 9 26 3 5 17 2 25 23 4 8 3 20 7 26 30 29 24 16 23 4 24 29 2
6 26 28 22 1 11 5 13 20 19 7 20 28 26 1 29 13 26 30 21 22 12 26 14 23 17 1 7 11 10 26 15 21 0 0 8 1 9 16
21 19 27 19 20 25 8 7 26 19 4 23 6 26 4 2 12 17 10 18 2 10 11 27 30 26 1 10 15 18 21 6 22 4 28 4 14 9 23
25 21 26 5 1 0 3 3 13 12 14 9 13 9 5 1 2 2 11 19 18 17 13 8 8 2 5 24 13 11 3 19 6 2 0 12 24 2 21
9 5 12 28 18 14 15 18 0 30 23 17 10 27 20 4 8 8 18 11 22 8 2 30 26 25 27 14 12 23 29 10 3 13 9 0 5 15 30
30 7 30 0 7 19 19 13 18 14 2 27 18 10 16 4 25 23 18 15 0 12 5 4 22 27 27 26 4 15 12 15 5 23 30 18 23 19 14
0 19 16 12 11 20 8 11 21 18 24 15 7 14 13 11 24 6 25 2 22 25 3 20 17 25 24 16 17 18 29 30 30 4 10 28 22 26 15
21 6 7 24 11 12 30 29 3 6 3 9 10 15 26 21 19 12 6 8 14 6 23 29 27 30 8 18 12 13 25 19 6 10 17 25 10 5 18
21 6 14 26 6 27 16 12 5 1 24 8 11 26 2 7 27 10 26 26 6 14 5 9 24 24 28 21 8 24 22 7 5 11 23 25 30 23 1
7 13 29 4 3 5 10 22 20 3 10 14 5 11 13 3 6 25 3 2 12 13 15 5 15 28 29 5 27 13 3 5 10 23 30 30 1 13 11
28 20 6 27 16 18 19 8 23 23 19 9 23 10 16 19 29 3 19 30 19 13 6 12 10 12 9 9 5 18 17 28 7 3 28 16 4 16 21
11 11 5 11 9 1 28 26 17 20 17 24 7 24 1 28 0 12 21 24 23 12 20 3 6 29 18 19 2 26 20 4 10 11 20 19 6 14 22
15 15 21 25 2 13 14 9 6 11 15 18 23 20 7 2 28 30 1 28 3 20 4 10 3 16 17 4 2 22 26 3 13 9 26 11 12 23 4
20 20 25 13 21 3 15 8 27 5 30 5 24 27 21 6 14 21 27 14 3 3 13 24 11 6 17 2 26 10 26 23 5 0 0 0 14 17 27
21 5 12 8 10 15 23 10 7 2 20 5 13 26 20 7 5 16 28 11 8 4 9 27 27 0 16 19 27 29 13 25 22 23 18 0 0 10 25
22 13 14 7 29 3 18 6 24 14 19 21 12 14 5 8 20 17 3 27 8 25 10 26 17 26 11 0 0 21 15 14 16 23 4 18 7 25 11
7 2 0 18 11 7 24 14 22 8 18 24 4 23 15 21 5 18 2 30 18 15 15 12 5 23 16 26 1 4 0 24 16 22 14 5 13 6 1
18 1 10 7 22 21 18 23 20 4 26 1 12 6 8 6 1 25 23 25 14 9 17 4 4 13 21 26 13 11 10 14 17 23 22 30 30 23 3
11 21 1 1 3 22 18 8 29 3 12 23 3 15 18 14 8 0 29 7 27 20 23 17 16 23 22 17 29 13 19 6 13 14 0 0 6 11 21
17 16 29 9 5 3 12 23 14 27 20 16 26 14 10 2 15 19 20 9 22 30 23 16 26 29 28 12 11 8 1 7 26 13 20 11 26 3 13
15 4 12 23 2 25 12 16 30 15 30 5 6 6 10 18 22 5 15 17 2 26 16 2 11 20 6 25 24 5 24 4 11 27 18 0 27 22 20
26 15 9 24 7 3 3 9 6 5 7 9 26 7 12 10 13 27 25 5 30 7 20 13 8 11 4 6 10 24 25 4 8 7 17 27 24 24 10
25 11 30 7 23 20 26 30 3 3 14 19 8 24 1 22 22 28 24 11 29 27 8 16 6 1 20 18 15 21 17 9 1 21 15 28 25 8 29
24 2 19 3 13 11 13 15 21 13 26 22 9 12 26 12 8 1 15 25 22 28 20 5 17 5 4 29 8 15 17 28 19 26 4 9 23 18 8
19 5 13 11 15 16 28 29 5 24 27 10 21 29 12 11 1 27 10 17 5 1 12 7 7 11 16 14 3 1 19 29 1 29 23 18 8 20 14
5 22 29 27 13 13 29 11 11 16 10 14 17 11 21 10 2 4 17 9 28 24 14 24 5 18 21 15 3 15 20 27 20 9 5 2 19 3 23
30 6 22 14 24 28 23 13 18 24 19 21 1 23 23 0 5 4 10 23 24 10 20 18 2 20 14 30 24 14 8 23 5 0 22 24 1 1 26
15 4 10 30 6 16 9 12 13 23 17 28 20 22 6 13 13 24 0 17 30 29 8 3 29 25 29 29 6 12 18 4 4 11 4 15 20 24 22
11 25 11 0 24 25 4 15 5 23 12 26 3 21 27 10 9 25 29 24 27 27 16 6 0 26 0 1 15 24 21 28 25 0 11 7 15 16 22
21 25 19 1 20 7 4 1 28 25 7 29 11 2 29 24 8 26 13 7 17 17 21 7 19 20 19 2 10 3 16 9 1 10 27 4 17 1 28
21 28 26 7 20 2 0 23 21 20 18 1 13 26 26 8 20 24 10 2 1 5 19 27 12 9 26 23 15 18 21 12 12 3 29 27 14 26 12
30 9 4 16 7 6 16 6 20 8 30 16 4 10 4 18 11 0 27 7 2 12 23 23 0 26 18 13 11 6 22 19 15 25 1 0 25 8 19
