40 40
27 11 7 13 5 1 5 25 16 5 13 6 13 12 3 7 21 8 25 3 13 22 20 11 25 21 26 12 22 20 23 22 25 14 15 24 8 3 1 16
25 30 28 16 18 19 25 24 9 2 14 23 5 25 30 19 10 29 28 6 4 22 3 22 4 25 28 9 0 6 29 7 21 18 8 30 2 30 5 6
13 5 6 14 14 1 30 16 22 1 16 5 15 9 0 27 6 27 0 21 6 8 1 23 22 23 28 1 12 7 25 26 0 20 4 30 19 6 22 17
22 25 3 25 2 23 24 11 22 22 24 28 20 23 30 12 30 23 20 5 19 27 23 25 28 11 6 26 23 13 26 22 19 3 4 11 8 25 18 5
5 12 13 9 18 2 6 24 16 6 3 17 30 15 30 11 6 3 0 0 18 1 30 28 25 14 21 6 11 24 18 30 1 22 14 10 11 20 25 4
10 25 16 10 16 14 21 7 16 25 2 6 17 20 9 24 6 26 29 8 27 12 11 29 10 4 3 25 23 4 14 24 18 1 28 5 5 16 22 14
22 28 24 27 17 16 18 16 16 10 11 18 11 11 30 7 24 4 16 16 10 2 29 27 13 14 28 27 24 12 15 15 23 14 30 28 0 21 7 28
26 2 5 23 15 17 12 26 29 0 8 1 2 26 3 21 19 30 2 4 8 21 0 22 16 28 2 1 28 22 9 18 16 26 10 18 18 17 6 6
16 2 16 30 5 5 26 26 19 26 8 29 26 14 2 12 19 26 13 0 16 23 6 15 8 28 20 11 18 6 29 3 12 0 9 27 23 14 26 13
1 21 28 23 22 1 6 27 30 24 19 1 4 3 11 8 17 8 19 30 10 25 13 4 4 21 15 28 12 19 23 3 17 20 6 24 1 26 9 30
11 15 1 20 18 29 21 9 26 30 2 12 14 3 11 22 29 2 25 0 25 21 29 23 5 26 15 4 24 21 23 0 6 30 22 13 16 19 26 1
18 7 22 24 27 12 7 5 6 4 22 22 12 19 22 4 13 12 19 15 29 4 25 16 16 15 26 7 27 19 17 10 10 21 6 23 26 23 5 15
2 21 25 25 6 15 5 12 23 11 7 28 9 19 16 0 20 7 19 4 10 25 10 7 1 0 3 23 27 24 20 13 19 8 2 27 30 1 16 1
9 4 17 30 2 17 5 0 1 3 28 25 26 28 24 27 5 2 5 5 25 3 9 8 25 1 22 14 22 7 15 8 6 7 26 25 8 18 6 30
24 18 20 24 18 27 3 11 9 10 18 30 23 13 26 7 10 3 27 1 3 14 19 20 18 5 19 10 17 6 27 21 22 22 19 2 30 27 5 26
2 26 15 24 17 26 2 4 11 7 10 9 29 6 7 17 20 0 1 1 8 10 27 16 11 13 2 24 8 18 17 19 8 22 29 29 16 29 6 30
13 16 10 26 16 12 27 5 26 15 30 17 12 13 5 28 24 9 13 18 13 12 10 4 8 11 5 19 13 14 9 25 23 14 21 12 14 10 11 11
7 29 11 14 27 22 4 2 22 22 20 10 1 16 16 16 15 18 6 27 25 9 30 18 2 18 26 16 6 7 18 1 21 12 21 24 20 23 6 28
7 29 26 12 30 29 24 28 1 29 24 0 7 1 27 21 0 23 13 0 0 7 3 12 17 5 28 8 8 8 23 6 4 24 6 22 18 11 13 29
10 1 30 10 23 6 5 8 26 30 25 7 26 2 2 22 13 5 14 27 11 29 26 24 20 27 20 26 17 15 24 5 16 28 4 22 19 13 14 3
1 10 4 23 12 17 15 10 28 6 0 17 6 2 27 8 15 4 18 20 7 30 19 10 20 17 26 5 19 16 12 0 4 3 5 1 20 19 2 15
0 2 6 11 24 25 21 15 28 23 11 12 1 1 12 30 12 12 27 2 16 12 2 12 21 16 30 4 29 4 30 25 20 4 26 6 15 17 18 1
1 2 0 5 13 4 16 20 2 8 13 19 21 9 11 7 8 3 25 5 11 24 12 24 26 10 21 14 22 2 7 21 12 18 0 22 9 28 5 11
18 20 14 29 13 16 11 21 10 28 12 8 2 7 18 26 26 21 24 8 11 24 24 21 21 13 4 10 27 4 3 7 3 4 25 25 1 6 17 14
30 2 10 18 29 9 18 11 18 30 10 22 2 12 16 22 14 18 11 27 29 2 3 12 20 22 5 15 21 17 10 11 23 13 1 13 1 26 30 10
22 30 25 30 29 28 3 10 4 14 19 4 10 7 28 8 7 21 14 10 28 20 8 21 2 24 23 24 28 14 17 13 5 29 6 3 12 5 11 27
21 23 5 28 21 3 23 28 6 26 26 11 29 2 17 0 14 16 4 13 20 19 8 23 8 19 0 24 26 23 25 0 6 21 13 8 26 28 6 12
10 3 27 24 12 29 28 21 10 4 25 26 16 16 25 13 30 13 6 8 18 22 27 26 1 7 2 27 1 8 29 28 11 16 19 25 16 18 23 4
23 8 13 4 18 15 5 7 27 2 17 4 3 4 4 11 25 0 10 30 7 10 28 24 0 17 14 12 24 10 29 7 12 26 12 2 6 2 13 17
26 3 16 23 23 28 13 20 4 7 25 14 30 6 8 15 7 24 16 5 11 20 22 21 17 14 17 1 19 26 30 0 0 26 7 16 24 29 1 25
5 23 21 1 5 6 9 9 21 16 5 22 29 25 23 13 24 28 10 24 4 9 23 9 21 17 26 7 8 26 24 14 13 9 28 30 8 28 25 2
15 27 6 15 24 9 11 4 15 3 13 22 20 21 11 23 22 0 29 4 10 19 14 0 16 17 13 7 27 0 8 7 3 4 5 11 25 24 13 1
5 2 18 26 25 27 15 4 11 9 0 18 14 27 24 6 5 20 11 15 14 28 29 1 29 15 30 24 29 21 20 7 3 27 1 23 16 24 13 28
27 6 16 17 0 17 18 29 19 12 9 6 27 0 13 17 20 8 27 21 11 10 12 7 19 0 10 5 9 28 8 28 12 5 9 9 16 24 20 2
26 3 19 20 22 21 2 6 27 6 4 17 26 11 12 4 25 15 8 22 16 30 23 16 19 26 21 27 17 2 19 30 3 21 19 12 2 20 13 7
8 18 5 8 14 18 4 3 22 20 28 21 13 9 19 3 10 25 14 15 30 5 2 27 12 0 15 29 16 8 30 0 5 21 3 3 17 18 17 8
30 26 12 23 17 3 20 10 22 1 8 9 14 5 12 28 30 3 26 11 19 29 15 13 18 20 6 20 23 7 16 21 15 25 23 14 18 28 24 25
19 15 12 1 21 29 12 9 27 13 6 25 27 6 19 24 27 30 8 1 26 7 4 18 30 8 25 10 29 4 20 30 25 19 10 19 16 7 5 9
20 23 5 23 16 6 28 7 14 2 23 24 10 28 9 14 7 11 19 20 8 28 27 23 3 16 8 17 18 13 13 0 25 29 8 2 3 0 19 14
26 29 9 4 27 18 14 23 0 13 11 29 19 24 28 1 29 9 26 19 11 13 3 17 5 8 12 13 9 15 18 24 3 24 10 24 3 10 20 1
