43 43
13 14 6 7 22 2 23 27 0 20 17 16 14 4 2 24 17 21 4 21 7 19 9 5 1 11 29 29 28 11 12 5 2 15 2 21 22 1 29 24 23 21 26
17 28 30 7 8 9 30 16 29 15 19 7 22 2 17 28 27 3 25 16 29 30 14 24 19 26 0 20 21 0 19 13 18 22 12 27 24 9 17 27 19 22 11
24 1 14 0 8 5 19 16 19 6 10 24 20 12 18 1 4 12 21 15 20 13 5 13 7 26 6 0 24 6 3 5 9 6 25 0 9 27 4 27 10 14 16
1 15 20 6 23 5 23 17 15 19 6 28 24 21 14 23 24 30 14 23 7 30 2 25 13 13 5 30 9 1 13 9 30 24 2 4 16 4 5 5 25 1 6
1 9 20 10 27 27 17 17 24 29 5 26 21 2 2 9 4 13 20 3 17 18 17 10 18 19 12 19 24 29 10 30 13 18 25 9 18 4 2 20 6 19 8
24 1 11 11 22 27 19 29 22 23 16 15 29 26 8 30 16 26 29 30 24 17 13 3 2 6 13 18 8 18 8 21 9 13 16 18 14 2 11 18 27 7 6
7 14 21 15 17 3 1 14 23 25 12 6 29 21 11 24 27 1 28 0 16 7 4 1 27 0 22 9 5 3 4 19 18 8 17 15 4 13 12 20 17 1 4
17 6 0 30 5 6 17 14 15 2 15 14 22 4 20 7 25 6 7 6 24 18 25 18 14 13 28 18 12 29 11 10 3 1 29 8 26 24 26 8 4 14 0
17 11 0 26 26 27 25 16 20 18 11 29 4 29 23 17 22 1 16 19 16 3 25 19 13 11 18 22 2 0 9 22 21 12 17 26 17 2 17 21 24 4 6
11 0 17 19 14 1 24 25 29 2 14 3 18 9 15 9 5 1 16 16 30 20 28 25 7 6 22 24 8 2 5 24 1 30 5 18 25 6 5 8 27 11 4
27 22 8 20 12 5 3 21 19 6 10 1 20 10 2 7 16 14 30 9 30 17 17 10 8 15 27 30 6 28 10 19 16 7 2 11 3 3 18 29 28 20 23
6 3 28 13 26 16 12 30 8 14 1 12 11 26 8 3 21 16 6 6 29 2 9 29 14 12 12 9 29 11 1 19 16 17 19 30 8 16 6 22 14 1 3
15 25 14 9 8 24 26 20 17 24 1 6 16 4 27 10 3 11 29 11 15 19 2 20 29 27 21 9 25 22 26 30 23 14 16 19 8 30 11 27 27 16 28
18 5 22 11 2 14 24 5 11 19 6 26 10 1 8 22 0 14 29 19 30 21 25 14 4 29 27 26 16 24 20 21 26 8 13 13 4 14 20 8 2 4 9
28 6 18 23 30 10 6 15 13 1 12 14 10 7 9 12 20 23 22 1 15 26 18 24 18 16 8 9 1 6 8 18 12 19 24 2 9 8 22 6 4 16 26
28 10 6 14 19 12 17 18 22 19 20 1 4 27 25 11 16 1 7 0 27 14 12 9 9 0 17 29 11 22 20 8 13 18 1 0 19 15 26 10 27 23 0
14 6 4 20 8 7 24 25 0 25 24 28 8 5 27 27 10 1 2 21 17 4 12 16 29 12 3 6 10 17 3 27 1 30 10 20 8 0 11 11 21 7 30
23 20 9 6 2 12 4 6 26 29 15 26 0 2 30 20 9 21 6 26 27 27 29 27 1 8 27 12 0 17 20 27 20 17 1 0 30 26 9 10 14 19 8
4 11 17 12 28 11 25 21 8 6 7 4 1 14 30 11 3 3 14 12 3 17 18 1 18 5 16 30 5 3 26 19 22 14 10 8 0 3 10 18 17 19 18
16 18 20 26 8 21 6 16 1 27 28 17 5 22 0 1 30 1 7 2 2 13 1 18 25 19 21 7 21 3 13 0 16 26 14 21 27 11 24 5 8 5 2
27 21 18 13 15 8 3 25 5 22 13 5 23 14 3 9 24 2 19 12 20 23 28 15 3 3 28 27 12 6 13 6 22 3 1 0 29 29 4 22 16 22 28
28 10 13 22 1 3 4 7 19 8 26 30 17 6 15 15 26 14 29 20 10 0 30 7 28 0 6 14 20 14 21 0 27 11 30 14 3 27 7 28 16 1 6
24 1 5 6 0 23 30 19 25 29 27 28 27 11 23 1 14 30 4 28 15 20 14 9 12 1 15 9 9 2 14 16 19 8 0 14 29 11 29 22 24 26 24
10 30 24 9 16 11 10 18 18 6 26 0 8 9 20 11 23 4 22 5 14 15 0 25 28 28 28 5 9 6 2 8 27 12 13 11 27 14 3 2 13 19 14
3 30 17 15 30 27 13 13 10 2 14 17 27 4 1 6 1 3 24 28 11 10 19 18 18 16 7 4 26 19 21 23 26 11 3 26 16 16 12 2 21 13 3
5 15 25 16 24 13 13 17 22 4 22 23 10 29 8 0 19 5 13 0 21 2 17 24 27 0 12 5 8 10 24 1 21 16 17 29 3 4 10 21 23 14 16
3 30 29 6 12 14 15 24 13 14 22 9 24 18 20 5 7 14 28 7 12 18 11 18 30 26 28 22 30 6 17 3 9 19 11 21 13 19 20 12 13 23 29
23 30 20 25 12 27 27 12 0 18 30 8 1 23 27 13 1 24 7 22 16 24 22 15 15 17 28 5 16 23 14 6 15 12 26 5 30 15 6 8 2 4 17
21 2 0 10 19 5 17 25 27 4 13 8 15 23 0 17 6 30 13 27 11 8 29 4 9 17 3 18 9 17 22 4 6 0 10 4 1 15 22 5 19 0 16
5 13 28 18 27 22 13 12 3 9 15 2 9 22 26 20 20 20 29 26 0 9 19 13 14 5 19 17 29 4 15 14 0 22 23 22 8 9 11 14 6 15 15
0 22 13 0 1 4 3 4 28 19 14 0 3 0 28 4 25 29 23 5 7 0 15 29 17 28 13 3 28 16 25 12 6 9 2 7 13 23 25 24 26 19 26
25 22 29 30 20 13 2 7 30 12 28 0 5 5 29 30 24 9 19 5 10 6 18 20 3 4 26 23 14 10 15 3 2 0 0 29 2 29 25 30 15 0 16
22 2 0 27 12 14 9 0 16 7 25 21 29 0 8 17 22 25 28 12 19 2 11 0 27 17 10 28 6 6 24 10 17 27 3 6 23 26 21 8 5 8 9
30 4 26 19 14 2 22 10 30 5 14 19 9 16 21 19 8 13 11 21 21 2 22 6 3 5 26 24 18 26 26 14 30 16 17 29 14 3 9 6 17 17 16
10 9 16 24 2 16 6 28 23 30 13 29 10 4 29 26 17 13 29 8 22 2 19 16 26 18 12 2 13 29 26 9 25 21 20 3 23 13 20 3 17 5 8
19 6 25 11 25 21 27 20 12 14 13 27 18 26 26 8 8 29 16 15 2 21 4 9 19 29 23 19 13 6 2 6 13 22 22 30 2 25 21 13 29 4 18
23 4 8 25 7 28 24 26 6 27 10 9 17 6 19 16 3 11 19 14 0 16 25 24 22 21 14 10 3 2 7 10 24 28 19 5 8 23 9 11 15 29 28
19 29 6 18 19 11 14 15 11 5 21 20 30 6 14 6 5 16 19 20 0 1 20 25 4 24 22 18 13 27 30 0 19 5 24 12 21 9 25 9 6 22 3
18 14 6 20 2 18 12 26 30 13 3 10 1 4 17 27 30 28 28 11 8 3 3 28 0 6 13 24 16 1 28 11 7 28 18 24 22 4 6 23 12 11 5
28 16 18 25 4 8 4 17 29 13 0 25 0 30 21 28 2 12 18 18 4 6 29 15 3 30 28 4 16 29 20 3 26 6 4 10 24 16 29 5 30 5 17
9 25 24 20 4 8 1 30 23 2 20 18 1 1 1 30 2 5 17 18 9 14 22 20 15 30 17 25 26 2 3 0 7 30 6 25 27 16 25 4 26 13 6
8 16 8 15 0 16 7 5 16 15 5 21 12 18 13 3 3 17 13 12 30 18 17 12 11 10 11 25 0 13 28 28 30 5 21 23 21 13 21 29 16 16 1
26 4 30 22 3 14 21 25 28 27 12 23 7 19 16 10 17 1 5 7 25 8 9 1 13 24 17 26 8 0 3 24 6 4 24 12 18 15 21 15 5 15 28
