45 45
27 11 3 9 15 1 27 9 20 21 18 25 12 21 29 13 2 3 9 4 3 20 12 6 26 7 8 17 2 5 20 5 1 27 1 28 22 22 16 10 10 19 8 30 25
11 5 4 16 4 12 19 15 29 1 22 13 6 14 27 7 11 15 13 3 6 10 26 19 25 19 17 19 1 23 1 6 26 12 16 21 3 25 29 12 14 30 8 25 6
6 3 24 14 26 11 26 9 30 16 20 25 19 16 11 6 26 30 22 3 1 12 2 29 5 28 25 17 6 16 11 27 22 1 25 4 25 1 23 19 15 10 26 28 14
21 16 25 15 8 29 18 27 21 4 11 24 22 19 13 29 5 21 0 12 14 9 28 12 9 14 7 9 13 21 15 4 8 13 28 1 10 15 9 21 30 2 12 9 15
17 7 16 8 27 12 27 2 4 29 17 5 0 0 18 28 30 17 20 9 4 28 20 12 11 21 8 9 19 28 25 8 27 14 18 30 23 22 28 25 15 21 3 28 25
4 27 16 6 17 22 25 2 25 18 13 0 0 15 1 19 29 0 12 10 30 20 5 9 1 23 29 0 27 30 24 24 20 15 28 7 18 14 17 11 2 16 11 20 18
8 13 5 21 22 23 24 13 25 26 28 0 12 4 18 25 5 29 15 12 10 28 15 3 10 15 26 9 23 15 27 9 2 30 16 10 17 16 3 26 25 5 28 24 28
23 20 17 0 15 9 19 22 30 23 13 11 20 17 11 18 28 30 18 25 2 22 8 22 19 20 13 0 6 27 6 1 5 16 5 13 15 11 25 13 16 14 3 12 8
25 19 17 2 10 4 26 24 27 10 19 27 7 21 20 11 6 28 22 3 28 4 11 13 26 4 22 24 25 16 4 3 27 17 5 16 25 15 25 22 1 1 8 3 19
15 23 12 16 21 25 23 14 23 25 13 0 22 29 16 29 16 13 21 11 21 5 28 5 25 1 5 5 0 11 3 16 24 23 24 23 19 4 0 5 28 18 24 14 26
13 21 15 25 19 5 10 12 14 14 16 2 0 7 5 13 25 17 24 0 22 28 10 25 23 8 22 30 10 10 5 27 8 1 3 27 22 3 10 21 9 27 15 19 24
1 4 18 21 20 14 10 8 16 27 15 29 9 13 9 30 1 12 13 20 14 21 30 2 13 1 14 2 8 11 15 9 10 11 28 25 2 11 21 18 4 2 3 0 1
0 15 26 7 17 23 8 10 28 17 16 5 3 1 2 13 0 16 16 16 2 10 2 7 7 21 11 28 4 1 8 11 24 7 28 24 2 11 3 16 23 28 23 29 29
27 9 17 21 7 1 4 29 9 20 3 5 11 7 28 10 8 21 11 3 8 29 28 15 20 7 9 29 30 27 2 2 16 1 24 28 16 6 22 1 3 27 21 16 2
19 4 22 8 12 20 30 2 3 10 25 29 21 25 6 13 25 18 26 30 28 25 23 10 1 1 16 4 24 8 20 4 23 28 23 28 1 30 10 25 17 3 7 17 15
27 12 19 1 22 8 7 16 8 2 23 5 26 4 13 14 4 26 6 30 15 2 26 23 7 28 3 0 7 14 1 5 18 24 16 12 18 3 7 13 16 17 17 29 9
1 4 16 26 30 7 8 19 2 3 22 17 9 29 0 8 6 19 17 19 28 2 30 14 17 5 27 22 3 29 13 1 10 0 7 10 5 28 13 29 27 3 10 15 8
6 10 14 21 6 0 5 24 14 8 1 19 25 18 29 19 30 9 13 25 4 14 24 7 25 10 16 19 25 9 29 11 21 9 23 22 26 15 13 18 4 21 12 0 29
7 8 16 6 9 23 22 0 14 0 24 29 30 1 25 26 2 28 5 21 19 5 23 5 10 9 0 19 13 17 11 12 17 18 14 3 0 0 30 26 24 5 14 30 11
28 11 12 7 1 25 20 28 13 9 12 25 27 17 27 12 27 9 13 24 29 3 9 12 20 20 18 3 23 26 28 5 30 29 9 1 13 9 23 17 12 11 11 26 22
13 10 22 1 15 21 13 13 14 5 2 22 15 4 22 20 0 6 1 12 17 2 26 30 12 6 29 7 12 27 0 5 23 7 12 25 5 5 6 21 20 10 28 26 8
20 6 23 10 19 18 4 3 10 14 30 26 14 8 6 2 20 25 14 26 5 27 7 14 5 9 21 11 28 8 0 21 13 12 30 20 10 10 23 14 20 16 1 28 7
25 13 15 18 6 17 20 21 3 17 14 27 26 7 12 27 29 24 19 13 16 3 22 20 15 14 27 18 3 28 29 26 15 2 28 28 4 17 11 6 0 16 24 8 29
19 22 13 29 13 15 7 27 8 12 30 18 28 5 13 22 18 22 23 15 3 3 18 19 6 24 14 24 25 24 10 20 13 26 14 28 25 19 22 0 22 6 26 1 28
26 8 5 25 12 15 5 12 22 13 17 19 2 9 15 21 6 0 6 24 22 15 3 0 7 5 26 22 8 2 15 19 23 21 23 26 27 15 28 21 6 13 30 17 19
9 22 16 0 20 20 1 15 7 26 30 21 27 21 11 14 15 9 14 15 1 15 20 9 17 17 22 7 16 4 11 30 29 29 0 23 16 27 17 14 15 6 19 18 1
5 11 29 10 6 26 28 27 13 27 18 26 8 2 16 11 9 17 12 30 26 6 21 21 17 27 7 24 10 30 10 10 21 28 19 7 6 9 7 16 5 29 18 26 20
20 28 0 20 4 30 26 19 29 0 4 30 10 13 8 18 5 23 30 6 15 15 10 5 18 14 25 14 26 1 17 1 27 23 7 22 1 23 1 28 27 10 25 25 24
8 9 11 5 10 30 23 7 17 19 6 4 3 25 19 7 11 18 17 14 15 25 13 1 19 21 9 25 0 18 3 23 16 4 29 16 29 26 12 10 1 10 18 24 21
21 24 27 27 21 3 26 30 10 10 17 1 17 2 29 24 24 21 0 18 18 16 27 4 4 0 6 4 27 7 13 26 13 13 11 2 4 0 0 29 3 16 21 22 26
22 17 30 2 28 10 22 22 9 0 26 15 6 29 8 13 8 11 16 10 13 2 1 21 12 17 4 11 8 13 4 29 7 29 14 30 5 7 17 16 17 22 1 5 1
29 22 0 30 2 21 23 22 19 13 10 15 19 8 26 25 1 2 15 0 15 24 16 12 10 28 15 27 12 2 7 1 7 26 7 1 12 25 17 15 20 3 10 13 30
10 30 5 13 15 16 13 14 7 29 23 20 8 28 1 7 18 5 0 23 6 29 26 18 9 27 14 11 13 15 17 16 25 0 0 26 1 15 30 10 20 3 14 21 23
28 9 19 25 19 14 2 6 11 24 11 6 2 24 17 21 3 28 0 9 11 17 17 6 20 2 24 27 16 18 24 4 24 1 15 12 20 16 9 27 30 14 18 1 29
3 15 10 19 26 25 5 19 1 7 12 15 30 14 3 4 15 15 10 21 8 3 9 16 22 12 5 17 3 27 16 0 14 7 19 27 11 26 6 25 22 13 9 6 8
20 30 4 26 2 2 29 7 11 16 19 21 26 14 30 18 16 17 28 15 5 4 9 7 12 23 29 20 26 22 26 18 30 17 2 2 22 9 12 0 5 15 16 0 27
14 8 25 4 7 30 26 1 1 26 7 11 18 16 28 8 5 6 0 10 28 14 2 11 1 4 25 4 7 17 26 13 13 0 16 29 5 1 21 21 9 16 29 8 0
0 27 6 2 21 29 12 1 30 13 22 11 13 29 17 10 10 16 8 10 13 8 17 4 2 6 15 9 20 20 15 10 0 0 17 1 17 30 11 15 24 10 7 27 17
11 10 14 20 19 8 6 9 26 5 28 23 5 5 24 5 26 3 5 4 7 14 0 5 27 16 25 1 16 28 24 22 16 15 29 7 21 26 12 19 2 8 20 3 27
27 22 3 11 5 0 29 11 28 29 29 23 8 0 15 11 16 28 9 11 1 0 28 16 28 16 24 16 17 23 29 14 27 0 7 28 30 4 11 26 24 13 5 5 26
5 4 30 30 26 30 0 14 3 8 0 22 16 7 12 27 21 18 30 7 24 10 19 17 8 3 11 29 8 19 4 18 29 18 6 16 23 23 16 26 1 14 7 13 23
10 19 3 30 9 13 3 18 30 14 14 6 22 29 12 17 25 25 25 7 19 21 4 22 18 5 13 15 8 11 26 18 21 19 4 2 28 10 25 15 14 8 2 26 16
13 17 25 26 0 9 12 15 0 6 6 8 30 16 29 22 23 29 20 0 4 15 0 26 5 15 8 9 24 22 23 5 4 5 30 12 9 8 13 25 25 8 6 2 16
24 2 24 23 18 13 30 14 16 12 29 7 29 8 8 8 12 0 30 0 11 19 20 9 2 9 28 13 23 20 16 8 14 2 1 7 17 29 13 20 23 7 13 28 22
24 12 7 17 6 3 5 27 9 10 14 10 5 0 15 28 17 16 5 0 3 29 17 24 9 15 9 0 4 7 3 12 1 1 26 1 1 13 14 18 5 25 19 24 14
