47 47
6 11 16 0 5 26 3 26 12 1 4 13 1 9 0 6 13 14 29 22 5 20 15 5 2 19 22 10 5 19 30 6 18 18 25 11 20 0 10 5 26 3 29 16 6 2 0
16 0 16 3 10 26 2 9 20 26 22 13 25 11 9 16 10 24 4 4 24 17 26 14 25 20 17 22 28 14 11 3 18 8 7 26 17 30 3 28 24 3 22 22 27 13 14
21 23 21 11 18 7 12 30 19 19 6 10 5 25 14 24 2 9 15 28 12 4 8 28 5 13 17 2 29 22 5 16 16 16 27 3 15 2 15 16 11 4 3 11 21 12 19
0 21 22 11 2 25 3 25 27 17 28 8 16 26 3 30 19 20 26 21 13 11 19 4 27 12 8 28 14 30 29 15 8 20 14 29 4 17 5 9 19 9 4 26 15 0 27
11 6 18 10 27 19 26 9 27 17 29 29 17 20 28 20 21 17 3 1 27 5 23 3 17 24 1 23 20 26 29 6 20 2 30 9 14 25 22 7 6 30 26 15 30 17 7
14 2 23 15 4 8 0 14 17 8 5 17 8 22 0 3 17 2 20 1 3 16 16 6 21 26 6 12 27 6 13 10 4 27 26 17 11 23 9 27 30 9 5 4 22 6 30
29 1 30 24 2 30 6 5 13 5 29 30 22 22 29 14 15 29 9 25 15 4 0 4 21 29 18 15 20 8 5 16 8 14 7 23 8 24 2 25 27 8 2 22 4 3 13
4 27 23 27 23 0 5 13 30 5 18 19 6 20 1 16 18 7 29 3 18 19 23 14 0 6 28 15 12 7 1 3 3 6 29 30 30 7 6 23 29 29 25 9 23 27 17
16 6 20 2 24 27 19 8 22 9 20 17 30 30 13 17 27 6 6 8 13 27 15 0 20 29 16 9 15 2 17 8 30 3 7 22 10 19 19 4 16 3 30 6 7 7 3
11 4 3 3 23 4 27 15 1 20 6 11 3 9 22 14 6 5 7 7 2 19 11 7 10 20 3 21 27 19 26 21 29 0 18 15 23 6 27 10 13 1 7 8 10 17 16
2 20 13 30 30 21 2 17 2 21 29 27 0 5 24 24 22 8 8 21 27 4 25 27 1 17 4 6 14 2 17 7 23 21 25 2 30 3 28 17 18 8 15 22 22 12 13
16 28 17 19 7 27 14 23 29 19 16 28 13 22 2 23 16 2 12 27 16 22 22 7 9 12 18 9 11 9 1 21 28 6 25 8 21 22 3 29 30 3 1 9 29 13 26
9 1 9 3 30 30 15 16 14 8 1 14 10 20 2 1 29 26 3 4 16 8 4 2 15 30 27 27 10 13 11 24 28 14 3 5 28 25 30 26 25 11 22 25 10 16 13
21 2 4 7 26 19 27 11 14 24 19 27 15 14 0 10 2 6 20 9 9 22 28 15 18 18 2 13 17 28 25 9 10 7 1 26 15 8 8 25 29 19 14 5 16 13 11
17 4 8 25 26 2 1 4 10 26 11 21 1 24 6 8 16 10 17 29 13 28 16 14 24 17 18 24 8 15 15 20 1 14 26 22 1 20 4 0 28 16 9 4 15 29 30
13 0 16 30 8 11 29 14 1 26 11 8 21 8 12 0 14 5 6 9 17 28 18 11 6 20 5 16 7 27 16 23 24 4 21 26 1 16 4 29 5 11 12 27 27 12 9
4 19 21 7 20 18 23 18 5 2 30 11 26 5 6 10 30 17 5 4 30 29 6 0 21 6 4 27 6 30 25 30 10 10 5 12 29 23 24 23 10 12 27 15 4 28 10
4 0 22 25 12 10 29 8 7 22 17 23 7 17 9 29 25 21 7 0 8 29 29 9 24 20 11 18 3 15 1 3 6 25 0 23 11 21 6 1 19 10 4 20 7 25 15
9 13 29 7 11 16 14 15 30 29 6 0 18 22 6 16 29 8 0 13 1 3 30 1 26 24 8 5 20 29 1 12 30 12 12 28 10 3 18 19 25 11 9 4 9 7 23
14 8 4 3 26 29 21 14 15 26 28 17 14 16 26 14 6 2 12 21 9 25 7 21 0 4 17 25 23 7 21 8 2 17 13 23 10 3 8 8 8 6 4 29 24 7 12
7 27 6 23 18 11 6 3 24 28 9 11 10 16 27 17 1 18 17 1 16 14 24 8 20 19 0 28 4 27 30 26 26 3 8 6 25 6 2 24 5 14 1 26 30 7 16
5 11 19 23 14 10 3 17 4 23 0 2 1 11 17 6 30 27 18 18 3 30 1 9 8 24 29 6 29 24 7 19 17 4 0 10 19 10 19 30 5 29 26 21 10 15 19
13 13 28 16 21 29 12 3 20 30 11 5 20 3 25 16 10 20 29 29 8 6 27 21 16 11 0 24 2 2 8 25 16 25 3 6 0 26 18 19 20 1 4 26 10 6 28
25 20 30 12 28 6 2 18 12 28 19 27 17 14 20 11 3 17 23 1 15 14 7 6 25 22 25 23 18 20 8 25 13 14 26 9 26 10 14 0 25 5 11 1 14 25 18
15 16 29 27 24 12 22 27 22 18 26 15 22 18 14 12 15 20 16 24 7 16 2 25 2 19 4 23 9 19 22 27 23 28 4 25 24 21 0 10 8 2 14 13 9 6 29
16 16 6 8 30 1 16 1 14 18 25 24 10 26 6 6 12 30 20 20 30 2 21 13 16 6 11 7 24 15 23 15 2 0 19 20 18 26 8 12 27 9 26 27 8 5 18
2 7 3 30 15 19 30 7 12 19 8 16 5 6 29 25 0 19 20 1 24 16 27 19 17 22 16 24 10 18 16 12 3 25 5 15 10 2 8 5 16 3 19 21 3 14 4
27 27 17 21 25 23 25 5 22 6 3 1 26 3 0 6 8 21 17 23 3 29 1 6 14 9 14 29 15 6 6 0 21 12 23 2 3 12 11 26 11 28 29 26 7 8 2
12 21 3 6 18 23 1 14 15 7 11 5 22 14 20 16 20 22 7 13 30 18 9 0 27 23 3 19 11 21 0 3 14 21 14 4 5 23 29 24 24 5 14 1 6 30 14
8 6 12 13 25 23 30 6 18 12 17 27 15 11 16 16 21 28 3 0 15 17 8 21 24 4 20 11 26 12 27 12 2 26 21 16 20 21 8 26 18 7 15 19 29 27 25
29 6 6 20 5 30 20 4 5 6 22 3 0 3 11 1 21 11 15 9 8 30 24 5 22 26 14 11 27 28 27 11 15 19 11 15 25 9 2 6 25 22 10 20 19 29 28
6 19 7 15 12 18 14 20 21 18 26 0 19 22 28 13 13 7 2 2 12 16 3 14 2 10 21 0 27 20 6 7 25 15 2 19 1 24 29 21 16 8 7 19 15 22 30
29 0 5 2 28 12 1 28 13 16 8 4 21 17 23 15 25 6 2 16 14 4 23 27 12 19 18 14 7 24 11 29 13 0 11 26 18 6 21 1 21 3 25 15 5 24 19
15 6 16 4 16 8 29 3 2 11 6 30 6 9 17 21 15 2 18 28 27 30 2 21 6 3 28 28 26 24 27 25 20 23 29 10 10 1 26 14 11 17 15 25 30 28 21
25 14 26 29 19 13 29 29 12 29 27 13 12 12 4 3 14 8 23 20 12 16 12 5 25 30 13 27 25 5 28 12 19 22 28 21 10 22 17 23 14 26 27 14 27 3 19
7 18 17 17 6 17 12 25 18 5 8 30 4 16 17 7 8 21 27 30 4 0 6 11 0 27 17 10 29 7 25 17 14 0 12 27 20 17 2 18 4 27 26 28 15 4 1
16 8 14 5 13 27 23 9 9 9 23 21 3 21 14 24 21 24 6 27 5 3 2 17 15 8 16 21 27 16 7 5 10 24 25 25 29 18 12 10 11 6 29 24 16 7 20
12 8 22 17 3 24 17 7 14 16 0 14 27 12 12 29 6 17 17 20 26 25 2 4 11 15 12 3 2 22 27 10 11 6 16 19 20 20 30 2 17 11 6 24 12 29 26
29 23 13 2 6 25 22 11 17 18 8 9 28 26 28 22 9 14 4 21 6 22 22 24 14 5 23 16 11 17 27 19 9 15 1 17 9 30 15 20 4 8 7 13 28 28 28
23 0 24 10 2 25 13 14 5 4 0 22 0 27 7 17 8 24 6 5 29 5 5 8 29 20 0 17 0 20 29 13 2 4 0 28 8 6 20 20 7 13 30 13 30 11 3
17 22 11 4 22 17 22 1 16 24 28 7 9 19 9 24 11 5 22 29 18 18 23 10 4 2 10 26 23 15 23 29 3 5 14 12 14 3 13 4 29 3 7 11 8 20 14
25 8 4 21 23 3 5 20 11 5 27 21 15 23 22 25 26 16 1 5 29 30 2 4 1 28 5 9 22 14 19 23 24 24 11 24 18 21 8 9 2 1 3 13 5 15 29
7 11 3 24 18 26 21 9 2 0 26 27 29 19 23 19 0 8 4 25 28 13 0 6 3 0 7 25 2 2 16 2 8 24 6 11 9 25 1 8 15 24 18 16 23 24 21
3 19 13 5 14 17 27 22 7 19 29 12 14 22 15 18 4 19 3 7 5 27 11 1 26 27 19 2 13 30 3 3 9 8 5 14 20 27 11 25 1 8 12 5 3 4 26
15 6 6 27 4 0 3 7 29 2 29 4 26 1 17 0 4 14 19 2 17 8 8 15 4 7 7 30 25 12 30 22 26 28 30 4 6 15 15 28 26 21 15 24 6 22 3
29 0 17 25 3 19 21 12 5 2 29 6 25 21 18 14 30 3 7 22 17 8 2 16 30 23 12 20 30 16 15 5 29 28 5 24 7 1 7 12 4 5 29 8 10 10 21
6 23 27 12 2 9 5 3 24 13 8 20 25 9 5 17 28 3 6 21 17 5 25 16 17 8 7 29 1 5 19 11 27 17 27 12 28 14 20 14 3 2 20 0 5 10 27
