51 51
3 25 16 23 27 24 11 30 9 25 2 18 17 13 19 7 21 28 5 17 10 8 1 5 1 12 23 4 13 4 17 2 0 2 19 25 29 21 3 4 24 23 24 11 5 16 20 14 28 24 7
8 30 7 5 19 18 26 11 24 0 2 28 25 3 4 23 8 6 27 28 15 9 18 12 18 13 21 3 16 17 17 4 29 9 23 27 27 12 10 25 29 1 11 15 10 24 3 5 5 26 1
17 23 27 6 24 29 0 1 26 7 9 24 30 1 8 24 21 1 29 2 17 22 1 17 23 23 13 11 12 30 0 13 15 3 16 0 0 15 7 25 10 26 13 12 21 18 5 13 27 26 12
23 2 20 23 29 8 30 26 6 14 0 19 29 5 20 29 9 10 30 25 18 29 5 16 4 18 23 16 20 5 14 13 14 20 5 9 24 11 16 6 8 17 28 22 28 8 5 6 6 29 0
23 23 29 5 20 20 20 9 5 29 6 27 15 24 21 2 15 1 28 1 4 1 22 14 17 23 23 24 16 7 0 19 6 24 20 0 0 11 7 10 4 24 29 11 4 16 12 2 24 20 5
23 15 5 23 27 4 13 25 28 3 16 8 3 3 16 2 30 2 8 27 0 11 6 15 18 7 2 28 2 20 17 22 14 16 10 21 6 20 21 12 12 15 13 20 15 26 30 10 11 29 10
23 14 23 18 20 4 2 28 1 25 30 29 2 18 30 1 29 1 21 16 1 30 17 5 25 12 2 22 15 9 3 26 14 5 13 13 16 10 20 10 15 12 12 16 29 27 5 18 2 16 12
30 27 2 4 27 24 7 12 19 22 7 15 17 3 11 11 7 6 29 17 28 12 20 26 16 13 21 7 21 2 26 21 15 2 9 11 9 12 20 6 28 19 24 11 5 26 22 8 30 7 23
22 30 27 20 8 23 13 7 30 11 11 13 3 24 8 1 25 15 30 7 1 22 29 6 0 29 20 22 20 8 18 14 11 14 8 16 20 27 15 30 16 27 5 16 10 29 25 0 20 2 19
9 21 25 29 14 14 27 16 17 30 0 12 5 14 20 14 14 19 7 18 5 16 27 14 6 10 7 20 26 24 7 1 14 9 3 25 13 8 2 28 9 19 23 18 25 16 3 16 25 10 12
16 10 21 2 23 20 14 3 20 15 24 8 27 9 8 23 6 10 1 29 20 3 28 26 20 10 8 2 9 0 19 6 0 21 25 30 26 12 16 29 24 2 25 25 8 2 24 14 9 26 6
9 27 19 0 24 7 7 12 25 8 4 9 0 8 26 29 1 9 27 6 7 16 13 13 10 26 16 27 24 18 9 17 9 3 1 10 8 13 20 26 11 12 5 21 29 26 12 22 18 4 30
28 19 9 30 23 26 19 28 4 15 6 1 17 27 5 0 25 18 26 7 4 28 6 1 15 12 3 10 27 28 18 26 3 25 15 14 29 4 7 2 11 19 17 15 1 12 24 17 29 0 14
26 12 9 11 27 17 6 23 20 14 25 11 7 10 9 11 10 16 15 13 20 5 14 9 6 25 12 22 4 7 24 19 8 8 30 23 17 4 0 9 18 4 1 15 20 8 5 15 20 16 13
30 10 27 25 18 24 26 18 15 14 23 23 28 1 29 10 21 16 16 22 8 30 12 0 28 17 27 16 18 4 25 2 1 29 10 22 15 22 22 0 19 24 23 8 3 18 27 5 25 29 21
16 7 9 19 20 28 26 23 22 25 0 30 11 18 29 7 16 14 15 12 5 29 19 2 13 7 8 20 15 24 11 5 18 19 6 12 3 24 21 21 11 16 26 15 16 1 3 27 15 16 2
12 11 17 10 9 1 20 8 18 14 9 30 11 18 7 14 22 23 28 19 11 1 24 18 27 20 26 5 25 11 24 23 13 9 28 9 26 28 7 9 30 8 3 19 7 29 16 22 1 16 4
23 17 2 10 24 24 25 0 24 26 19 11 19 2 8 28 24 9 9 4 0 3 24 15 26 2 28 30 1 24 25 18 23 24 16 8 10 17 30 21 22 11 15 5 14 17 3 20 24 14 25
23 21 29 18 27 14 23 13 8 23 17 9 29 5 17 4 6 27 23 21 4 19 4 27 26 0 30 12 20 12 19 29 3 5 29 16 15 9 14 27 24 21 24 0 16 30 1 22 3 18 7
2 11 29 22 9 11 13 17 27 29 9 0 13 7 11 19 4 28 14 2 20 23 4 11 30 2 14 17 16 0 5 24 6 4 0 26 1 27 23 0 0 15 16 12 12 11 30 6 10 1 25
12 23 8 24 8 5 1 8 4 13 25 0 6 21 17 22 28 8 16 1 0 18 13 20 19 12 9 0 17 30 28 28 15 11 14 23 18 0 26 28 25 4 0 30 29 16 5 5 17 24 28
30 9 18 16 6 12 12 10 23 18 29 21 3 20 2 4 12 16 13 3 23 30 16 5 26 15 13 5 26 25 0 25 8 0 14 11 27 24 14 22 6 22 24 20 10 15 3 10 8 12 16
23 23 9 28 13 25 8 19 9 25 14 24 14 8 9 17 19 19 13 7 19 9 7 1 10 17 18 17 28 23 13 6 2 7 4 24 10 15 24 13 8 5 5 18 18 4 17 27 7 10 1
12 16 14 11 22 19 26 9 18 2 7 9 9 29 18 24 1 9 20 29 23 10 18 12 23 4 8 17 4 18 18 22 18 8 24 11 24 23 28 15 5 30 28 30 14 13 27 1 6 20 24
9 16 9 27 16 3 4 2 29 17 10 28 27 3 5 30 9 28 4 12 3 13 7 21 9 1 23 5 24 28 24 30 10 15 26 2 28 1 6 19 19 29 14 5 20 28 7 28 13 22 14
7 0 28 16 20 17 2 25 7 11 28 6 0 5 21 30 14 12 0 11 20 1 15 7 6 14 23 9 1 25 20 4 25 4 14 30 9 15 7 22 20 16 30 30 4 2 19 7 24 18 7
22 4 17 2 22 17 2 2 25 27 0 9 22 8 18 4 18 3 25 5 4 20 5 20 21 4 24 20 5 16 25 16 8 5 2 26 7 2 16 3 1 6 17 16 10 17 0 26 10 28 8
21 25 5 9 24 11 6 29 10 4 25 28 11 29 17 13 8 10 13 1 28 11 9 17 22 13 13 28 20 17 29 22 29 17 23 26 0 24 9 27 3 3 24 25 13 13 17 2 23 8 8
6 9 8 6 6 8 18 8 26 3 22 5 10 19 24 20 27 18 7 5 4 21 24 10 21 24 8 17 18 24 27 24 17 9 17 15 14 30 10 6 21 20 22 28 6 28 18 13 5 6 29
3 1 7 29 11 2 10 3 12 17 26 14 25 3 17 19 3 29 2 8 28 15 2 6 15 8 29 16 6 1 13 14 15 30 11 5 18 8 17 15 18 28 24 11 3 30 4 5 30 16 5
28 16 9 29 0 13 11 20 2 25 30 21 5 25 20 16 4 28 20 2 9 7 3 1 19 19 4 30 4 9 9 12 18 2 7 7 22 24 18 2 20 22 11 9 4 17 9 6 30 5 22
11 19 11 16 10 27 27 6 23 15 3 6 6 26 4 12 3 26 25 22 13 2 15 7 18 3 26 15 25 0 16 20 26 10 2 19 19 14 18 25 30 10 0 25 7 0 11 23 18 2 25
4 22 26 3 30 1 10 10 22 11 16 10 13 10 25 14 6 5 18 9 3 3 24 1 18 1 10 2 21 27 3 20 15 21 26 15 9 22 26 5 0 30 11 15 19 24 7 21 13 9 7
24 19 15 22 8 11 11 17 14 29 10 1 2 8 28 16 24 13 3 17 30 2 11 7 12 30 29 23 4 23 19 30 16 29 27 13 13 9 22 10 26 4 29 9 8 5 21 15 4 24 17
5 5 2 0 18 21 25 14 16 16 10 5 19 11 6 28 30 2 8 8 0 18 7 17 30 29 2 0 28 10 26 29 23 22 29 0 24 23 1 2 25 17 27 19 14 26 3 4 17 4 9
21 20 15 13 9 18 9 16 20 29 27 8 7 21 2 15 12 26 29 9 15 25 25 4 7 10 12 6 11 27 1 15 0 4 13 15 24 12 7 1 2 18 3 22 22 10 15 28 2 6 26
0 16 25 7 28 20 28 9 29 27 17 23 8 30 9 8 22 25 17 19 26 20 10 10 15 6 10 15 21 21 17 6 22 9 23 7 16 12 1 2 22 26 20 7 9 10 18 28 24 12 23
19 15 23 10 8 16 6 23 23 16 13 6 19 27 11 16 1 17 18 25 24 10 20 13 21 12 8 30 18 16 28 0 22 27 24 30 28 8 28 16 27 9 27 6 24 0 2 16 7 5 22
17 16 0 24 1 18 23 24 15 25 25 1 16 8 20 9 30 2 18 10 24 24 28 14 16 10 14 6 15 2 24 11 13 19 16 15 22 0 2 5 4 14 24 20 5 1 17 10 29 16 10
18 12 23 13 26 10 15 19 26 0 28 11 23 19 12 10 26 0 25 26 8 29 18 27 5 19 27 3 0 27 20 6 15 1 23 16 17 14 4 30 11 25 12 4 12 18 30 28 29 8 29
30 5 30 10 28 24 26 1 0 11 29 1 22 22 2 1 5 6 26 10 23 0 22 21 25 7 2 9 10 17 0 30 30 23 22 20 17 8 29 13 30 23 29 30 26 24 17 23 5 13 10
28 18 24 5 4 30 9 9 17 21 14 12 19 21 7 0 4 13 23 24 22 7 22 6 6 13 18 11 21 23 14 25 2 30 29 26 18 29 30 6 23 13 18 1 4 27 24 9 9 22 23
13 19 22 3 20 25 25 26 5 13 12 9 14 19 24 26 14 23 6 0 18 10 5 3 8 26 16 16 14 23 15 8 30 16 14 24 20 30 27 8 13 23 13 4 16 25 9 7 30 23 11
10 30 12 0 23 29 23 12 17 25 13 6 21 25 8 20 5 16 17 13 7 13 22 4 0 28 1 9 9 29 7 7 15 1 30 19 4 18 30 24 23 12 24 28 24 7 18 0 26 16 17
24 13 15 7 0 4 24 8 28 5 20 3 12 18 26 29 22 21 16 20 0 5 29 2 22 0 0 21 9 27 17 20 7 4 0 10 22 26 15 20 27 22 16 16 7 13 28 7 15 2 30
7 2 21 17 10 9 28 2 22 8 19 1 21 17 28 14 21 6 28 23 30 24 24 8 23 14 24 11 9 19 12 12 1 11 17 17 26 15 12 16 28 18 9 26 29 29 11 19 27 4 8
23 19 22 27 3 29 14 0 6 27 13 15 20 17 28 14 19 17 9 24 9 26 12 17 3 21 27 20 20 19 18 0 24 27 6 11 4 5 20 27 4 1 4 20 23 16 17 12 1 2 25
2 12 14 5 9 6 17 8 15 24 27 19 26 20 18 14 13 26 11 21 10 11 7 17 5 15 11 7 18 10 7 0 2 11 20 3 11 8 22 25 6 23 29 7 4 22 25 15 4 9 27
3 21 7 6 14 20 11 23 24 17 30 17 26 7 17 14 12 16 9 26 10 4 7 12 28 15 10 2 6 5 20 20 27 29 9 4 3 21 8 10 21 16 9 29 21 17 28 26 7 8 27
16 6 14 17 13 4 8 3 15 9 14 14 26 9 0 8 24 16 7 12 13 0 2 7 3 25 13 14 29 12 27 27 1 6 0 13 8 16 11 3 12 4 22 24 26 22 30 6 15 9 19
7 6 6 4 20 18 5 3 29 25 2 9 5 16 4 0 25 7 14 27 25 20 16 16 22 11 20 8 24 12 21 3 28 2 22 6 7 30 8 17 28 8 6 0 25 8 1 9 25 14 28
