61 61
8 21 24 10 18 15 3 0 18 20 10 18 23 11 3 29 14 18 18 10 27 0 12 21 12 18 10 3 25 0 19 9 27 22 13 0 24 26 5 5 12 20 28 24 6 21 9 29 8 20 13 6 7 5 21 13 24 4 26 24 4
25 10 2 26 22 27 30 10 4 5 15 9 20 16 7 12 5 30 2 12 15 13 14 1 8 6 9 17 18 30 24 14 2 20 23 4 2 21 2 9 17 13 9 17 6 3 1 25 2 22 22 30 5 26 16 17 17 1 2 4 18
13 20 13 9 25 21 12 28 28 13 16 28 22 14 20 16 29 26 4 11 24 18 25 2 30 24 21 23 16 14 8 9 2 9 15 2 17 16 3 9 14 21 26 29 27 11 0 4 28 27 3 0 1 11 19 24 24 23 6 6 20
22 30 25 30 4 24 25 16 4 29 29 4 8 14 19 2 7 6 22 28 29 12 20 18 18 24 5 23 0 7 9 23 5 22 3 1 21 19 13 1 9 2 6 19 21 7 16 9 2 13 5 10 24 2 6 29 1 12 16 5 6
1 20 22 15 5 27 16 27 25 21 24 5 30 28 10 20 22 19 15 3 1 8 14 7 17 24 3 7 28 17 0 9 19 30 16 1 3 17 15 27 9 21 8 0 4 30 22 19 14 14 28 24 15 7 18 13 20 14 11 25 19
9 29 2 16 16 4 16 19 12 3 17 0 15 4 11 4 0 15 8 23 19 4 5 16 25 29 4 16 3 18 24 17 5 27 30 5 19 0 27 14 3 26 30 7 27 29 11 11 8 18 17 14 24 26 12 11 9 17 20 30 0
16 12 30 8 15 10 11 6 21 15 21 1 27 23 21 1 13 22 7 22 28 8 27 7 24 27 28 22 20 16 8 24 1 14 15 29 25 2 2 26 12 22 27 13 19 23 12 21 29 28 21 2 18 5 9 11 17 21 19 15 5
16 27 15 19 11 23 20 5 18 29 26 22 8 16 17 2 20 0 24 2 12 30 0 22 18 16 21 4 23 0 6 24 9 30 29 27 3 17 16 29 17 12 12 14 5 12 18 9 10 20 0 10 7 28 26 10 16 26 14 20 30
0 19 25 11 19 16 14 4 29 6 13 18 12 5 25 23 4 16 4 5 29 3 20 4 11 13 3 11 1 4 10 3 3 6 20 26 17 3 21 10 19 26 23 26 25 12 12 5 18 19 1 29 10 3 15 8 19 27 16 7 8
6 10 18 19 12 10 0 5 6 1 28 10 27 10 27 23 1 20 16 6 11 30 28 17 9 28 11 20 21 14 7 25 27 0 13 19 12 29 8 16 25 1 10 11 27 1 16 8 18 16 19 18 29 30 27 30 9 18 27 30 29
27 3 23 15 8 15 23 4 5 8 28 9 27 16 25 21 20 10 10 2 30 4 19 3 22 6 2 10 16 24 3 10 16 15 15 27 2 22 20 24 15 30 13 13 16 8 14 19 27 0 7 9 15 23 1 6 17 4 13 29 7
15 4 22 1 15 7 0 18 6 21 20 8 0 7 28 5 4 6 23 6 20 29 28 21 26 1 9 0 12 19 13 5 11 27 2 16 19 8 8 1 5 25 26 13 12 12 4 19 9 20 17 11 30 25 1 5 2 17 25 6 12
4 5 25 24 28 23 24 26 28 22 26 30 21 8 5 11 22 2 9 30 8 13 7 29 15 24 18 13 29 4 13 18 12 2 4 8 7 23 5 24 16 28 20 11 23 19 9 18 0 19 12 11 29 16 17 27 1 17 21 17 28
8 11 7 18 14 30 25 2 13 9 9 15 15 23 6 22 6 1 17 12 10 16 6 10 0 22 17 12 15 21 29 16 15 0 27 25 27 9 27 17 30 12 5 14 29 16 3 2 26 18 1 25 13 21 8 20 22 22 16 19 19
16 14 23 17 20 12 7 20 1 24 18 6 6 16 14 18 26 17 2 14 12 0 24 7 1 26 24 18 25 30 2 9 20 10 30 1 1 25 22 27 4 25 7 10 3 21 27 12 24 5 24 8 8 13 1 14 17 2 0 3 28
29 8 17 25 3 24 5 9 5 14 3 0 27 13 1 12 16 15 10 3 29 24 15 19 19 18 9 30 5 4 25 16 26 4 29 25 11 4 26 22 9 4 3 22 21 5 19 12 20 17 5 18 30 25 16 23 28 5 18 27 29
1 15 0 12 29 23 27 26 5 14 11 26 3 11 20 26 24 15 16 2 15 6 0 13 28 2 13 10 30 26 18 29 5 7 24 2 26 10 25 14 2 5 18 4 14 30 22 12 1 15 19 12 7 14 15 2 4 0 2 23 19
23 18 12 15 17 27 20 23 3 21 30 21 4 2 5 4 16 21 2 22 14 4 20 0 21 5 10 8 22 10 14 23 26 18 30 17 3 26 21 17 29 2 1 27 7 23 8 26 19 18 16 20 27 23 10 26 22 16 22 29 20
6 1 21 18 8 29 27 23 23 24 24 3 12 29 23 16 7 0 3 1 5 3 27 12 21 20 19 16 21 10 30 13 3 8 11 13 30 21 29 23 27 6 1 9 5 3 1 1 19 14 16 18 3 14 6 16 2 19 13 26 8
6 13 25 27 2 30 9 6 5 19 0 18 9 7 8 29 19 8 18 12 30 9 5 1 23 6 6 28 15 14 30 17 19 6 8 1 16 24 12 29 20 20 6 19 26 5 5 29 24 26 0 1 21 10 22 29 3 14 17 14 22
2 13 26 15 16 17 15 13 8 23 13 23 0 14 21 0 30 25 14 16 19 0 26 19 16 20 29 20 26 9 17 10 2 15 19 23 19 2 9 11 26 14 18 11 22 12 5 4 7 28 4 17 13 30 0 9 16 21 22 11 14
22 18 17 1 28 9 30 21 30 4 22 4 13 17 18 16 14 2 7 29 3 0 6 29 17 11 26 25 26 20 19 0 5 4 0 2 7 20 20 3 5 9 12 2 1 30 21 25 5 24 3 6 7 23 7 7 14 13 16 21 0
9 15 18 0 4 2 12 19 18 23 25 0 27 6 15 18 1 23 3 20 16 1 10 20 24 30 15 23 4 25 1 14 1 12 18 0 25 19 22 19 16 22 14 11 4 1 5 1 15 21 13 5 23 14 5 24 20 5 26 6 29
15 6 16 5 2 4 28 8 30 12 16 7 26 11 23 11 29 25 12 4 30 25 29 25 8 23 18 19 16 26 30 17 10 12 26 10 5 6 14 12 29 22 22 29 8 23 21 11 6 19 7 10 13 29 24 27 24 3 19 3 30
23 15 18 8 14 6 7 24 12 22 4 18 16 19 20 4 21 4 11 6 20 0 14 6 26 7 21 5 14 21 1 12 0 15 7 27 18 16 25 29 4 6 8 29 10 20 22 19 29 29 10 18 21 22 17 3 3 4 25 11 7
10 27 4 18 18 24 29 27 21 20 29 0 0 23 30 9 12 12 3 10 0 8 9 30 29 30 5 29 21 30 19 23 4 29 24 6 18 11 11 9 14 17 7 11 10 7 12 20 30 13 16 18 29 2 3 19 2 23 4 17 23
12 27 6 28 23 5 1 28 18 17 17 13 6 2 4 4 21 0 4 5 2 8 7 30 1 10 9 1 29 27 29 0 22 19 25 23 22 8 0 8 25 17 21 23 1 11 20 1 6 18 19 9 7 14 15 25 26 6 18 6 24
25 17 26 5 20 2 3 22 16 15 16 24 19 20 28 23 27 9 25 21 16 25 16 9 14 9 30 30 15 19 21 13 11 7 15 1 0 9 7 16 22 29 17 16 9 28 9 23 14 17 10 19 24 12 29 6 6 13 26 10 7
18 17 21 21 30 8 26 5 29 13 30 17 23 23 1 27 24 2 22 12 10 25 22 24 26 4 29 9 30 2 4 29 9 26 1 29 8 10 6 28 19 11 25 11 3 25 1 23 24 21 20 6 6 23 10 0 15 1 24 13 3
27 19 25 30 0 11 9 5 27 10 19 13 10 28 30 9 17 25 28 30 7 8 5 28 16 13 4 2 15 1 5 27 9 17 19 24 5 30 17 29 6 26 15 3 17 22 12 16 20 14 1 5 11 24 30 12 29 24 15 4 17
13 5 1 0 17 5 29 6 11 0 3 12 28 25 5 26 6 16 11 30 6 29 27 14 9 24 10 7 9 0 17 17 2 6 17 12 7 26 5 28 3 17 5 8 29 30 13 11 19 0 23 26 28 15 13 10 20 17 2 27 24
7 17 19 3 27 13 21 1 10 6 7 29 30 14 26 17 4 29 12 6 0 28 30 26 13 6 9 13 9 9 4 0 13 15 24 12 8 27 22 2 7 19 25 18 12 8 10 6 18 12 14 14 2 24 19 26 13 0 2 23 2
8 18 18 1 25 9 30 1 29 12 24 14 17 16 16 1 1 30 15 16 9 9 2 20 10 11 24 19 16 2 17 20 10 8 28 16 16 18 26 22 7 12 11 14 14 10 28 25 22 3 4 13 4 11 24 18 2 28 28 6 5
6 29 26 16 23 2 23 14 24 26 12 7 10 4 9 17 12 20 27 27 27 8 22 12 20 5 19 21 26 28 23 9 19 3 28 10 11 10 3 7 17 15 21 25 7 8 23 9 21 14 18 3 19 2 13 0 24 12 0 21 10
6 5 19 11 7 28 21 22 18 8 13 21 22 20 22 2 12 6 20 17 18 28 27 24 5 11 26 11 18 14 9 4 18 30 22 2 11 15 25 14 10 30 24 4 25 10 3 26 8 13 17 24 17 26 21 1 22 28 26 27 1
25 25 20 29 28 27 25 12 6 28 20 23 2 10 15 23 14 0 29 27 13 27 0 11 0 15 5 19 17 13 29 11 19 29 14 16 11 0 22 21 23 8 19 2 6 27 3 27 18 20 12 3 17 21 0 16 17 26 23 4 9
15 28 18 14 5 12 17 25 19 6 21 1 2 11 23 6 17 28 25 13 21 28 28 0 16 14 8 16 15 12 9 15 26 9 1 30 15 13 19 9 12 29 14 15 26 14 19 14 2 17 0 21 0 30 1 25 13 15 13 8 3
2 1 15 14 12 26 27 15 28 27 13 0 26 12 15 5 14 23 19 6 26 9 3 9 5 28 2 13 10 7 30 28 25 17 14 21 10 6 3 10 14 28 11 15 19 30 8 26 28 28 19 27 23 10 16 21 26 29 29 21 5
17 3 5 12 22 0 30 22 5 0 16 30 13 9 10 4 0 6 21 14 24 20 22 21 23 21 27 7 30 15 21 14 28 14 8 23 1 14 19 23 4 8 2 27 23 23 25 9 23 30 11 19 27 3 5 6 24 5 1 14 5
14 24 17 26 17 6 7 23 11 27 8 4 25 29 8 19 27 4 15 29 6 21 7 28 12 7 3 15 11 27 21 9 10 22 16 4 25 21 8 1 23 26 11 29 25 23 8 28 22 4 20 2 22 17 25 25 27 28 5 2 3
29 3 21 14 17 2 8 8 3 16 13 0 9 19 29 19 9 30 4 5 3 11 11 23 0 0 6 26 7 8 18 17 29 10 6 9 18 14 23 23 21 2 26 13 22 27 13 9 11 8 14 6 2 19 27 25 30 6 10 22 15
19 29 8 20 24 0 28 0 25 25 2 1 25 0 0 15 26 18 20 21 21 17 29 27 20 3 15 29 23 13 11 14 24 9 15 26 17 9 4 18 26 16 19 27 21 24 4 13 3 2 14 24 12 23 29 11 2 22 3 8 9
8 9 8 29 25 26 7 30 20 13 21 4 21 3 26 24 4 6 7 22 1 29 14 25 15 5 18 18 22 14 23 29 6 28 30 17 16 11 1 2 11 17 12 29 20 14 21 8 8 2 1 3 24 17 27 13 27 18 25 23 7
24 7 23 3 2 2 17 17 24 4 20 15 12 3 6 19 10 12 1 12 9 27 11 22 11 4 13 18 20 14 17 4 18 24 13 11 16 28 26 21 16 24 24 15 7 29 18 11 12 8 28 5 5 3 5 22 14 25 5 8 23
6 17 1 14 17 25 30 18 22 10 26 15 11 27 27 28 13 19 26 13 24 22 27 6 3 18 22 26 18 20 15 19 9 27 13 7 7 16 5 19 7 20 26 18 8 30 22 8 24 12 26 4 7 4 21 7 1 28 18 20 23
22 16 7 0 29 28 10 8 20 10 3 19 28 10 25 11 2 11 24 30 8 27 26 4 21 6 1 8 3 17 2 23 8 17 2 10 2 21 30 13 29 20 14 17 3 5 10 0 6 22 5 15 1 7 16 14 25 19 7 22 15
13 26 6 30 10 4 7 12 12 22 5 18 23 18 17 19 4 6 2 22 8 30 30 13 5 29 12 23 2 28 17 20 25 4 6 24 28 5 29 12 15 17 7 12 12 21 17 5 18 29 19 4 17 24 0 30 25 2 30 11 2
20 21 28 26 21 6 12 3 28 22 2 12 25 19 16 25 11 26 10 14 9 18 3 17 18 2 2 18 13 3 6 13 5 23 12 24 1 2 10 0 28 30 7 25 15 0 29 21 18 20 25 16 0 22 19 4 22 21 19 8 23
4 10 10 18 15 10 29 26 16 13 6 2 15 21 17 9 0 7 9 5 14 25 16 23 4 8 27 11 19 4 21 21 6 17 23 4 17 28 7 16 29 28 25 28 3 16 1 26 9 11 30 27 18 21 19 17 26 15 22 25 17
18 5 8 11 6 29 18 25 0 16 11 15 10 27 22 28 12 4 22 20 4 2 2 21 7 8 6 5 2 9 2 17 10 30 15 27 3 17 18 6 12 27 23 27 14 5 10 24 5 10 25 30 4 3 26 4 8 9 11 26 8
29 0 11 4 17 29 11 4 7 18 14 22 26 19 8 4 22 23 26 15 5 10 30 5 6 3 21 16 5 29 14 16 24 25 25 20 0 25 2 24 24 17 24 20 24 17 9 16 13 7 13 28 6 14 10 2 11 24 17 29 20
28 23 8 1 7 15 0 7 27 2 7 19 7 26 13 15 11 16 9 4 16 5 14 30 17 13 21 9 11 12 26 5 12 23 14 18 0 10 5 22 30 10 28 1 27 25 26 9 14 29 9 1 18 22 9 11 24 21 19 17 3
18 9 4 30 26 26 14 6 4 3 24 23 6 8 19 18 26 14 12 13 8 23 28 14 9 20 28 6 18 11 24 4 18 26 27 11 2 20 12 5 3 1 6 5 20 16 8 28 7 3 3 20 19 20 18 12 4 19 24 16 28
6 19 9 23 22 17 29 27 3 7 25 1 29 22 7 27 6 30 9 21 25 21 30 29 6 16 28 13 19 15 24 20 11 23 12 3 1 18 25 4 27 9 23 26 15 19 11 17 22 1 7 20 8 17 12 13 17 12 7 5 16
26 14 1 26 14 8 25 30 24 17 25 14 15 30 8 6 13 3 12 14 23 21 27 4 2 9 4 2 11 13 3 27 9 24 21 7 10 28 26 28 3 11 20 26 29 18 19 19 16 21 5 7 9 0 15 19 28 25 12 12 19
10 11 22 13 15 23 21 11 7 5 11 11 26 1 7 4 24 7 30 3 13 5 16 16 12 6 8 11 18 0 16 10 25 22 6 27 8 21 8 11 27 1 26 27 4 18 5 19 22 24 13 30 15 2 28 24 26 2 7 16 13
8 29 24 20 15 18 0 4 17 2 21 22 26 5 26 28 25 30 19 18 21 3 29 1 15 4 2 19 20 20 18 16 27 21 27 4 20 19 18 26 19 12 18 26 25 18 16 30 6 17 28 15 2 29 13 24 15 9 18 5 8
18 4 25 14 27 25 2 12 11 20 22 19 29 15 26 3 10 17 27 13 27 16 22 28 9 15 11 18 0 9 19 23 23 17 7 8 3 1 5 7 27 4 18 16 23 12 22 8 26 15 18 13 16 27 23 12 18 18 20 30 1
25 23 22 15 5 21 19 18 29 22 4 4 13 13 16 13 21 10 3 13 8 8 15 0 25 21 2 6 14 9 26 10 25 6 0 29 9 4 22 5 9 20 3 23 1 8 17 30 18 26 13 14 24 22 17 9 9 7 26 20 25
8 2 15 4 18 16 12 10 14 11 7 13 21 22 30 0 20 25 18 0 1 10 4 2 4 8 4 4 22 7 3 26 21 24 17 0 16 12 5 6 2 0 24 12 22 6 11 9 19 29 23 26 3 13 0 17 26 1 11 2 8
18 9 13 21 18 0 25 23 16 19 15 27 12 11 26 10 12 4 1 6 19 30 19 15 24 24 22 25 24 28 12 5 22 13 20 6 11 14 15 3 20 24 3 22 1 18 13 16 22 21 24 26 21 26 12 14 24 17 2 15 29
