62 62
3 29 8 2 15 10 21 26 11 27 23 4 18 13 2 2 4 29 26 15 23 17 7 27 7 9 7 24 14 12 0 29 21 4 24 25 18 28 16 23 7 29 30 28 20 11 15 27 10 7 30 6 28 30 28 14 20 24 18 30 15 0
29 22 7 12 16 7 0 6 1 21 9 2 18 8 6 30 20 7 8 27 17 5 6 5 0 12 10 21 1 17 17 8 23 14 1 12 20 17 23 8 21 9 25 30 16 24 18 26 30 5 20 7 22 5 16 19 0 11 25 17 2 12
5 26 29 22 23 30 23 30 8 25 27 5 21 7 26 6 17 23 11 20 4 24 23 13 8 20 9 5 26 13 2 0 12 30 11 20 24 27 26 1 3 21 14 0 1 24 22 10 10 8 6 0 13 20 0 6 6 21 21 23 6 27
18 2 25 26 22 6 10 16 21 11 21 1 3 10 24 14 12 26 5 27 26 16 11 5 22 0 18 10 14 8 21 17 9 28 23 25 6 12 3 16 10 15 9 12 19 6 29 0 7 3 10 29 16 18 22 12 10 18 7 21 15 27
25 21 15 9 10 9 25 9 20 13 18 17 19 12 25 30 18 22 28 16 6 20 24 29 20 27 20 25 18 2 28 6 12 9 22 12 7 18 0 9 8 29 1 27 7 19 1 17 25 17 20 16 5 20 19 13 3 3 10 9 20 26
23 17 18 10 22 24 26 12 24 28 25 26 29 4 3 18 1 8 25 12 28 15 7 1 13 27 4 13 2 19 21 13 10 6 11 11 9 11 3 24 6 18 22 19 16 3 18 22 7 19 1 30 23 14 20 27 7 4 1 23 29 27
21 13 14 1 18 14 5 24 15 0 26 17 30 6 22 24 26 12 12 9 23 18 29 10 0 25 14 12 26 24 8 24 13 24 0 21 28 13 7 15 6 20 4 15 2 24 14 26 21 10 10 17 24 10 3 9 18 24 12 25 2 30
16 4 5 2 17 10 2 24 6 22 5 11 1 27 7 1 3 3 19 1 8 10 1 11 0 30 11 17 21 29 23 4 6 20 23 29 17 30 18 19 8 21 27 21 5 18 18 25 7 12 4 29 27 2 21 5 3 5 20 8 27 19
15 16 22 29 24 23 9 12 15 12 2 20 8 19 20 2 7 0 10 29 12 0 2 0 13 2 16 6 15 12 26 18 14 29 12 3 29 19 22 10 19 27 15 18 1 11 29 12 8 4 7 21 0 9 30 4 12 17 26 19 19 8
24 14 10 22 9 0 26 26 11 22 29 20 24 22 29 7 18 9 14 21 21 16 20 5 11 0 2 12 25 30 8 1 19 12 8 10 30 3 12 0 21 28 6 1 25 2 13 14 23 20 16 23 30 24 4 7 2 28 29 21 11 14
26 15 3 23 30 22 29 13 6 15 3 20 2 5 20 13 19 26 7 12 9 20 17 20 15 8 13 14 22 5 26 27 10 23 11 16 6 4 11 0 26 10 5 2 16 26 14 28 18 23 9 8 10 25 18 0 24 27 4 21 25 11
14 30 16 0 19 26 13 18 21 20 11 28 16 4 0 21 6 30 11 14 4 23 21 6 12 3 0 6 13 1 11 24 23 6 0 2 17 29 17 29 7 15 6 12 14 5 7 3 1 5 16 15 1 10 17 22 7 21 13 17 7 30
12 19 14 30 27 25 12 25 0 20 0 17 12 10 9 7 1 7 20 22 11 6 15 26 1 19 4 13 15 25 2 6 22 3 30 1 6 28 16 23 18 6 4 6 15 0 11 10 15 9 15 20 20 22 25 23 4 11 30 22 8 11
7 29 1 14 25 11 7 5 17 27 10 18 5 12 8 27 9 8 1 11 0 13 30 17 7 22 2 28 7 29 0 11 8 7 20 29 0 13 28 11 7 10 11 20 9 19 9 3 12 10 4 27 27 30 8 29 16 3 6 13 17 13
13 13 15 7 14 1 13 24 27 0 26 20 11 1 27 9 22 23 2 25 27 5 29 13 12 4 23 11 24 30 2 18 17 15 4 21 11 18 0 2 28 21 7 12 29 3 19 1 10 23 15 23 14 15 8 18 14 5 21 20 27 27
8 24 24 10 11 28 17 15 23 21 5 3 1 10 14 27 18 2 22 29 3 29 7 17 12 10 17 19 5 28 14 6 2 0 25 13 4 0 17 17 16 11 5 24 9 27 20 28 15 15 21 17 25 29 2 8 18 28 25 26 20 5
8 20 1 27 28 9 13 21 25 14 15 14 19 12 6 9 1 27 23 24 24 14 0 28 8 4 3 23 9 10 26 26 29 2 13 8 4 3 22 15 18 2 21 4 25 21 10 30 13 24 4 0 10 21 8 2 17 16 14 4 20 21
2 15 19 24 9 3 29 29 11 2 25 26 5 23 9 19 12 21 23 20 7 23 17 16 21 10 19 10 21 25 27 12 14 23 21 13 9 4 13 11 15 6 29 21 22 29 1 15 30 2 27 27 18 3 7 22 20 27 28 28 17 29
13 15 26 23 19 17 8 22 2 30 4 30 23 28 7 16 15 21 20 12 22 0 14 19 30 23 14 7 7 16 9 1 2 25 28 2 22 13 26 8 30 26 18 6 3 10 10 12 5 20 6 29 23 8 23 11 18 26 23 24 16 25
15 26 10 17 26 4 21 17 13 22 12 26 30 14 2 29 28 6 3 24 11 23 24 1 24 18 5 24 9 0 28 30 13 15 9 10 9 29 18 3 2 9 13 27 27 29 14 23 4 1 10 28 3 3 0 30 1 0 28 23 15 26
22 6 15 8 10 18 11 6 3 15 3 23 29 27 20 28 23 4 2 21 17 26 8 8 25 8 8 29 8 3 11 23 9 12 21 20 7 22 0 11 19 12 21 18 23 17 28 5 10 23 12 22 12 27 2 0 12 19 17 15 13 3
8 1 14 23 26 8 25 23 5 0 3 29 29 4 24 12 30 20 23 27 18 29 28 20 11 14 15 1 7 4 5 30 28 6 5 16 16 18 25 8 26 27 27 18 23 16 7 20 17 17 23 22 30 8 30 19 29 30 19 26 24 12
25 25 21 21 30 13 22 18 11 9 8 18 2 22 4 21 29 29 5 24 29 3 20 21 23 20 28 17 11 12 7 24 6 21 4 9 30 25 26 4 3 13 15 21 28 17 7 29 22 26 2 30 12 22 4 23 1 27 19 3 2 14
11 29 27 2 13 7 30 6 10 9 13 3 22 2 13 28 1 14 1 12 6 5 7 7 18 20 19 8 20 22 13 13 13 15 18 7 19 3 14 29 30 22 24 12 27 23 20 26 3 3 15 2 27 11 23 10 18 6 9 7 16 24
2 5 14 19 26 15 5 17 7 0 23 26 8 4 15 22 13 27 16 25 30 18 30 18 18 12 20 30 10 27 19 3 27 25 27 13 5 25 0 11 6 8 26 23 12 10 25 21 29 27 12 1 1 18 29 9 9 7 5 10 0 3
19 8 26 9 24 13 17 2 9 10 11 4 28 13 8 18 9 2 29 2 15 19 14 13 11 4 10 6 18 4 28 14 4 5 14 25 10 0 9 25 23 9 17 20 17 14 11 16 28 13 22 8 13 1 15 7 4 28 5 28 28 25
10 12 9 2 24 17 10 2 10 20 10 15 4 7 7 17 30 6 28 23 28 25 22 2 4 10 27 26 15 14 19 14 24 12 21 14 0 28 8 7 4 19 1 10 23 19 21 13 8 8 0 30 24 22 13 17 20 23 13 23 2 29
13 24 8 1 26 18 22 26 12 20 27 25 27 18 23 10 17 4 8 3 8 16 14 4 13 3 4 23 6 19 1 13 13 22 13 16 30 27 6 1 15 18 22 0 10 21 14 25 25 25 15 10 3 22 19 22 14 11 9 20 25 13
0 8 17 10 30 27 4 25 30 2 0 13 11 5 21 9 26 5 24 25 9 25 17 8 17 23 26 24 21 12 4 21 13 13 30 20 5 28 10 10 10 17 12 30 6 6 5 3 2 8 10 18 24 0 3 20 29 19 17 4 12 10
28 11 25 23 12 4 20 20 17 30 28 5 24 17 22 5 25 30 16 14 12 4 19 22 0 28 13 22 16 4 2 17 4 3 10 8 9 9 22 18 25 20 18 30 4 4 30 12 15 24 11 21 14 28 19 22 18 9 29 13 25 7
25 13 21 5 23 17 2 25 18 13 1 6 20 3 3 13 14 11 26 25 18 28 12 14 27 16 24 20 23 10 1 16 11 30 9 24 11 14 7 22 10 20 29 16 7 4 23 9 21 6 9 13 1 27 5 18 28 4 22 13 27 12
6 28 18 23 25 4 15 2 9 29 4 14 5 21 22 19 9 25 25 15 8 9 18 29 24 17 12 0 30 13 25 15 6 2 23 0 17 30 13 20 1 22 9 8 19 25 29 5 22 6 9 19 4 24 19 3 5 24 28 19 9 29
27 27 20 20 28 20 13 19 18 14 27 29 14 20 14 20 22 26 19 9 22 22 27 0 10 20 15 15 16 7 28 5 3 1 9 7 4 22 16 2 13 11 11 3 30 12 17 0 26 12 1 22 2 4 11 10 23 3 24 23 6 14
27 22 16 30 24 29 9 17 17 15 24 13 27 2 17 25 1 6 20 30 1 12 10 20 6 1 6 13 27 16 9 30 13 10 7 21 8 0 10 3 4 29 23 5 0 24 8 15 25 15 30 25 9 22 30 18 7 28 27 0 22 23
12 8 12 20 23 17 24 7 8 14 26 27 25 22 7 20 8 30 18 27 2 22 21 0 26 1 9 13 10 21 25 22 24 16 29 5 23 9 26 0 10 11 0 19 20 0 4 21 1 5 0 10 12 29 7 16 8 17 15 27 12 14
5 23 14 26 0 26 14 19 2 5 3 18 5 2 30 10 23 20 9 23 9 1 28 10 2 4 16 17 13 19 26 30 29 3 2 9 15 7 0 27 22 22 16 7 12 24 29 17 12 30 16 10 10 24 10 8 10 22 20 27 18 10
14 5 28 5 17 29 29 19 27 30 8 18 18 18 2 5 10 24 16 20 4 23 3 12 0 12 22 17 15 17 25 14 1 15 10 13 18 15 3 24 14 15 6 25 18 17 5 12 16 10 23 28 9 27 10 17 6 24 4 17 23 12
16 7 28 19 13 0 25 0 25 22 27 8 1 4 13 3 25 6 6 30 5 0 26 20 0 11 24 3 12 4 25 0 11 14 10 8 10 12 8 8 5 9 13 29 1 10 19 12 27 12 15 12 26 9 14 5 26 29 19 22 6 28
10 19 13 26 24 5 8 9 25 27 18 8 24 14 8 27 26 22 9 17 10 5 17 30 19 12 22 14 19 0 24 15 24 24 23 28 2 10 21 8 15 6 18 21 6 6 10 26 0 14 6 18 6 3 8 13 12 18 20 23 24 0
1 21 21 7 25 20 20 21 12 22 12 20 27 17 28 24 29 4 11 21 12 4 21 21 16 17 30 8 4 16 21 3 3 24 15 14 10 21 23 24 8 4 3 22 18 23 10 22 23 21 2 12 23 18 1 2 29 13 28 26 11 25
0 15 1 0 20 26 10 5 3 6 12 26 4 29 25 20 17 22 8 17 3 9 30 26 17 28 23 7 22 20 12 26 20 19 22 28 4 7 15 19 20 28 6 30 19 11 27 8 20 28 20 1 12 8 21 7 22 14 18 19 29 26
30 30 12 13 17 9 28 15 6 3 27 5 29 8 28 16 20 13 5 16 19 30 13 3 16 29 27 28 29 25 2 4 8 14 12 19 21 7 10 22 7 18 21 20 9 11 22 9 12 13 16 27 20 23 17 6 14 25 1 3 13 7
23 6 27 8 28 29 17 22 15 3 2 14 18 18 14 13 28 26 27 18 9 13 30 24 7 29 27 2 7 27 29 16 18 30 17 14 12 2 30 29 12 13 30 27 4 30 8 4 16 22 20 7 23 18 16 10 5 30 13 27 21 28
11 13 0 25 16 6 24 5 7 8 4 27 17 30 13 17 18 8 25 5 14 3 2 9 7 27 3 9 10 16 17 29 21 30 16 23 8 16 17 15 5 25 11 20 15 23 12 19 19 18 24 7 3 20 10 0 27 30 22 29 14 10
17 11 29 29 10 3 6 15 7 28 10 14 22 3 28 26 4 21 8 16 16 22 11 30 28 19 22 18 12 3 27 6 3 20 16 27 26 12 22 16 24 16 6 14 11 1 4 24 6 17 16 30 13 21 16 5 24 4 30 0 8 20
4 23 1 17 3 9 4 7 11 29 20 17 8 13 24 12 8 6 14 27 22 12 20 24 3 30 30 12 24 25 23 23 15 25 5 6 9 7 0 7 9 4 7 8 6 14 6 24 12 10 23 1 22 3 30 6 18 8 4 30 17 9
23 4 3 5 18 12 12 21 28 11 17 14 19 11 16 13 25 9 8 25 18 11 23 14 17 11 23 2 21 4 1 8 22 21 16 17 18 10 6 14 6 0 22 13 28 3 23 3 1 10 28 19 24 25 1 21 19 12 25 18 20 18
12 22 3 4 23 5 20 7 25 30 23 22 16 12 23 5 29 30 19 10 14 12 8 16 13 12 15 18 19 24 25 23 24 10 16 28 5 5 12 20 5 4 29 25 27 27 27 21 12 6 7 1 23 10 3 1 0 28 4 11 23 21
22 15 28 4 15 23 4 23 4 30 28 5 3 27 27 10 1 24 11 26 26 13 18 16 30 21 26 24 30 5 5 25 23 2 28 3 26 22 15 0 12 27 23 27 23 0 6 1 29 13 13 6 14 14 5 29 3 3 10 3 11 21
16 9 16 1 25 12 9 4 13 13 27 4 15 21 21 18 24 17 13 9 7 10 4 0 9 3 3 16 27 30 20 30 15 27 20 1 22 2 23 19 5 17 16 3 18 9 24 11 0 26 20 15 11 29 22 25 10 1 23 20 11 10
11 1 6 2 16 27 12 3 17 25 9 17 0 30 29 11 2 22 6 30 25 3 27 24 14 6 11 21 22 10 10 4 16 15 30 23 13 19 15 10 18 16 17 17 10 10 5 25 1 16 0 16 9 24 7 27 6 12 8 7 6 0
29 10 6 5 12 17 2 6 19 10 13 22 10 11 1 3 9 23 1 6 2 29 20 13 13 3 14 16 14 12 13 13 20 21 2 8 0 12 18 5 28 8 9 25 9 13 0 1 9 24 15 27 27 11 4 6 10 0 6 12 22 17
17 15 11 10 3 26 12 29 25 6 8 0 17 15 23 18 9 7 13 29 8 23 24 7 18 16 13 14 6 18 11 1 6 21 6 3 20 15 7 11 24 11 14 12 25 0 30 29 18 12 5 1 18 13 15 18 23 1 10 27 10 13
26 2 2 8 5 28 15 21 18 18 22 18 10 20 25 18 29 16 23 26 27 27 3 0 27 21 24 27 7 4 26 21 29 3 25 25 7 23 22 19 5 0 28 21 11 5 22 9 20 3 24 12 15 17 26 26 11 25 4 15 14 23
23 16 7 0 1 24 0 28 16 8 25 25 21 24 1 14 23 2 22 12 13 14 13 17 29 19 5 14 21 15 7 0 5 30 27 22 8 0 22 18 5 6 10 24 27 26 9 1 8 6 10 11 29 29 28 2 16 23 9 6 29 29
5 11 17 3 18 6 2 2 27 11 27 5 10 13 1 1 17 30 19 18 17 15 6 25 22 24 27 3 23 14 4 4 18 20 10 19 20 30 25 28 4 19 22 19 12 8 5 9 23 11 16 15 14 12 5 20 19 3 30 1 13 2
25 6 5 9 17 23 10 23 20 7 4 18 2 11 10 22 7 25 3 24 4 19 12 12 21 25 20 20 1 16 19 21 1 8 15 10 15 0 1 30 9 20 12 14 3 18 19 24 9 30 20 10 23 19 7 18 7 11 3 0 12 29
21 25 23 12 22 18 24 10 8 0 12 8 27 9 30 8 19 27 19 13 21 13 24 23 14 14 18 14 15 13 3 14 13 27 7 28 23 5 15 25 17 30 21 30 18 22 8 19 15 1 2 24 6 22 14 2 28 1 22 1 27 27
15 9 29 22 25 18 1 8 23 3 13 2 15 14 18 8 25 5 9 2 18 8 25 21 6 9 24 30 20 5 5 30 29 17 24 30 14 12 24 17 2 7 23 27 9 4 25 1 1 9 21 5 25 13 21 21 5 16 30 2 13 29
28 16 16 18 9 24 4 25 6 19 23 27 23 3 6 3 9 4 28 18 20 28 5 18 25 11 10 27 5 15 2 12 21 25 21 7 13 27 0 4 3 22 7 25 2 7 7 28 26 17 2 29 28 17 2 9 21 23 15 23 5 14
28 9 6 15 17 6 29 12 6 10 4 23 11 24 1 17 27 10 29 24 23 16 26 1 25 26 26 23 5 8 5 27 10 14 15 18 6 16 30 30 29 4 12 22 13 0 21 3 3 11 21 15 13 14 25 21 11 11 7 12 3 14
15 3 12 25 9 9 25 0 8 14 17 11 17 10 30 25 16 6 4 12 20 29 22 25 26 2 19 4 26 28 20 19 8 18 14 13 29 14 1 10 5 21 30 13 4 27 14 11 11 8 24 5 14 17 21 9 26 24 1 27 6 4
