72 72
19 7 26 0 23 7 11 13 5 15 0 11 20 10 15 0 4 20 28 28 18 0 10 21 25 13 1 14 16 18 29 0 2 29 24 9 10 25 2 21 8 19 10 1 30 22 6 10 24 2 13 9 1 0 29 14 14 21 30 17 13 13 24 15 30 25 9 26 12 14 14 14
3 2 27 27 2 13 30 18 27 28 26 27 9 8 22 16 24 23 28 7 7 20 9 21 28 10 0 17 16 19 20 12 24 21 30 18 13 6 5 21 1 5 13 25 1 2 16 30 12 6 9 24 8 17 12 1 21 8 28 26 11 26 17 10 3 16 26 23 7 13 23 11
10 8 19 0 1 25 23 8 22 30 9 19 21 14 15 29 24 14 7 29 6 15 21 17 8 25 23 11 4 28 24 24 25 25 21 12 8 3 22 1 7 11 18 18 9 0 18 28 12 22 2 5 18 12 13 0 1 22 19 14 26 15 24 12 17 3 16 2 17 14 24 22
13 2 4 19 17 3 14 2 21 1 4 2 10 9 23 29 18 28 15 25 18 22 4 12 25 19 19 13 4 8 24 14 0 26 19 7 9 9 15 3 11 13 27 4 28 0 6 24 20 27 12 19 3 6 4 24 12 17 1 5 12 19 27 1 11 10 9 22 18 7 2 26
25 19 9 29 30 17 22 5 3 5 3 20 1 2 1 28 22 15 16 30 15 23 0 30 27 3 16 21 18 3 19 17 29 10 30 1 21 21 15 27 19 13 14 21 30 0 30 5 18 21 1 15 27 17 8 16 18 23 4 23 19 29 11 10 8 25 10 14 12 13 27 21
26 7 3 27 1 3 9 26 7 10 18 18 12 1 10 29 5 27 2 15 15 11 17 29 5 25 5 19 2 18 28 8 12 26 14 29 14 15 11 20 14 6 26 8 26 29 16 19 16 0 27 23 10 10 12 9 19 18 20 7 28 19 21 24 19 16 19 15 23 20 5 9
29 9 10 17 12 18 2 15 11 2 26 24 26 15 30 4 30 7 23 16 10 25 28 12 25 12 14 17 19 18 12 0 16 9 6 27 4 10 19 27 2 15 23 21 12 0 2 15 4 18 26 14 0 30 15 24 26 1 10 3 18 11 2 18 23 4 5 18 12 25 16 15
14 5 25 11 0 7 12 25 9 27 29 20 24 27 6 8 7 17 26 3 18 14 13 15 7 28 6 21 2 8 11 7 18 13 9 18 23 3 30 18 13 18 14 9 2 16 21 8 2 4 3 9 9 27 30 19 14 22 5 16 3 11 1 16 7 8 23 10 28 8 30 11
3 15 13 21 24 12 21 9 26 14 30 8 19 25 1 19 22 27 14 12 16 27 12 1 16 14 17 16 20 27 11 10 8 19 18 12 29 16 10 8 25 12 26 30 6 27 9 3 16 22 11 27 5 17 30 15 7 23 16 17 0 13 28 13 19 4 9 0 30 26 28 23
17 4 19 15 28 4 18 26 17 19 3 24 23 10 2 6 27 5 20 17 9 23 24 23 25 22 13 20 30 25 15 5 4 15 18 11 8 4 20 25 7 24 8 29 7 26 21 7 24 16 16 14 20 26 0 11 11 4 23 4 27 1 12 7 26 27 21 17 15 24 12 22
22 1 24 0 4 13 4 0 19 1 5 13 11 8 24 29 0 4 12 19 21 5 20 6 10 20 2 1 28 22 11 13 13 21 28 4 9 30 25 30 0 22 12 29 2 12 17 6 28 5 11 3 1 5 25 24 14 4 12 12 21 24 19 10 9 16 29 9 26 17 12 4
14 16 6 24 15 6 24 6 9 12 26 26 23 22 12 16 30 13 15 7 29 7 9 3 27 3 6 23 0 29 30 17 23 25 4 6 29 6 14 6 27 10 12 21 25 14 8 4 14 30 10 17 8 25 5 27 28 22 4 15 19 0 3 2 15 15 1 7 29 25 5 23
19 1 19 24 10 5 19 8 6 12 15 21 30 10 9 30 6 28 23 15 26 13 23 18 4 23 23 24 11 8 17 25 10 19 1 22 18 25 0 15 22 24 21 10 11 26 28 19 3 27 11 25 29 12 22 28 19 4 10 28 17 15 6 2 21 12 20 6 7 10 12 27
7 20 27 28 8 6 16 0 29 2 4 11 13 18 13 6 20 1 24 28 8 1 25 20 8 25 12 19 4 6 8 9 26 18 21 3 15 29 28 11 27 1 3 14 10 28 24 8 0 4 10 7 4 26 15 2 0 0 28 21 26 5 27 13 7 18 1 11 17 21 25 29
8 25 28 9 11 18 29 24 9 1 11 26 19 15 20 18 3 19 11 10 1 10 19 4 4 6 21 1 25 23 7 27 29 1 20 25 25 14 9 4 18 25 14 16 10 29 2 14 18 0 26 28 6 19 4 12 20 30 20 23 4 14 10 0 25 25 18 8 9 11 26 12
2 6 4 12 7 11 11 15 6 1 8 15 15 21 23 27 1 13 15 27 2 13 29 22 8 12 8 3 24 26 2 0 11 29 27 15 25 30 2 0 0 24 27 14 9 24 23 22 4 15 28 20 18 5 25 5 5 17 17 6 17 28 7 5 27 21 27 23 12 19 9 18
1 27 16 26 26 17 21 15 10 14 16 6 19 3 29 20 27 20 28 1 21 7 12 3 7 20 2 3 21 14 4 8 8 9 11 28 17 7 10 29 7 22 25 28 4 4 9 7 13 18 24 17 21 19 7 29 17 1 1 29 12 17 26 21 26 23 5 0 8 20 13 16
10 24 19 4 0 9 22 22 2 15 28 24 3 13 25 30 24 30 26 27 13 20 14 17 19 4 17 15 1 27 14 27 1 11 27 4 20 3 25 1 3 26 24 21 12 20 29 20 7 29 7 12 26 14 27 13 27 19 11 2 13 17 8 21 1 7 21 13 29 21 29 16
16 25 14 27 29 5 19 3 23 1 8 1 2 24 13 28 17 30 27 0 25 19 13 14 27 0 23 2 12 24 18 14 4 24 9 0 30 24 21 10 21 11 2 18 8 1 13 24 11 29 29 13 21 22 29 9 29 4 28 4 28 26 12 18 25 24 6 6 16 21 14 26
30 0 13 6 5 23 0 2 12 22 7 6 10 22 17 11 9 24 6 14 3 29 15 5 26 30 29 17 22 17 7 3 5 8 20 23 9 24 10 5 0 24 30 9 27 7 27 1 6 9 16 9 4 25 15 25 10 12 26 7 5 7 23 3 20 27 23 20 10 16 8 9
11 7 15 5 23 17 26 10 0 16 10 3 7 10 23 19 15 22 8 23 17 7 6 30 7 0 16 9 20 28 20 8 11 9 17 5 23 5 1 7 7 11 9 29 9 8 10 29 23 11 5 30 11 23 9 5 6 10 13 9 10 14 3 27 23 11 16 20 30 20 16 12
4 28 0 2 27 14 10 24 15 21 21 7 20 3 4 12 7 29 11 29 18 26 17 25 1 2 17 12 7 26 16 10 23 15 12 30 1 27 13 8 8 7 23 8 30 20 28 24 10 10 1 12 17 1 2 23 5 5 2 24 7 21 18 22 12 6 4 29 17 30 10 0
29 12 29 17 6 10 30 27 12 25 28 11 4 3 28 14 14 1 13 23 8 19 18 20 1 8 14 30 26 7 6 18 26 9 25 8 1 9 28 17 3 13 24 21 19 9 14 1 23 14 29 9 17 18 11 14 10 21 9 29 19 20 20 3 23 22 25 6 4 6 18 24
10 4 6 17 15 12 3 15 19 1 29 5 7 25 21 27 9 1 19 13 18 22 2 15 10 3 27 30 13 17 4 7 10 18 16 4 1 8 18 20 12 22 12 7 3 18 0 4 17 29 30 12 7 16 30 16 0 20 25 21 27 29 10 19 11 18 4 11 14 20 21 1
2 0 22 30 12 30 4 24 26 25 27 19 30 13 26 9 30 3 0 13 28 4 26 26 9 8 17 28 6 16 9 5 11 23 27 18 16 30 15 11 28 14 28 27 27 30 6 3 22 29 7 9 22 1 10 18 20 6 5 29 16 12 22 28 21 20 13 17 30 23 1 18
24 1 21 28 12 19 4 15 10 23 4 14 22 0 11 5 20 2 21 26 23 26 10 30 14 22 8 1 1 23 27 26 13 15 22 9 5 10 22 6 3 6 17 29 13 3 21 21 1 24 2 4 14 0 24 21 21 13 5 14 30 7 22 24 21 22 21 17 30 14 26 29
8 26 21 5 8 27 12 21 18 16 26 23 27 23 14 5 10 13 10 15 12 9 4 1 8 4 18 30 8 20 0 21 12 12 0 7 27 3 26 15 13 25 14 14 30 29 9 23 13 15 14 25 5 5 23 7 26 12 11 29 11 15 26 30 22 27 12 27 4 15 10 18
27 6 26 2 20 7 11 13 17 21 10 17 5 3 10 13 8 30 12 23 29 23 0 15 0 20 3 15 4 8 6 9 28 4 27 2 4 9 15 20 6 4 7 1 1 30 4 23 6 3 7 22 0 18 16 11 0 10 13 27 27 8 7 24 21 28 0 28 30 12 27 16
13 18 25 7 19 29 21 18 12 23 21 25 8 22 25 11 13 18 22 21 21 1 2 0 26 7 26 6 6 6 19 18 0 19 21 20 19 3 5 22 27 17 7 4 11 14 16 22 2 18 27 6 1 28 27 13 5 24 8 30 12 26 17 8 11 6 14 21 2 15 2 2
17 26 14 15 27 15 3 3 13 24 17 20 5 3 10 29 29 14 18 18 5 3 2 15 1 8 14 4 18 1 24 13 29 8 3 16 2 21 30 30 1 2 23 10 15 16 19 16 13 6 6 18 29 14 13 11 15 10 26 30 17 14 14 5 18 30 3 29 14 15 0 24
14 29 7 7 27 30 29 4 25 13 6 11 8 26 6 29 9 25 30 0 13 13 26 14 14 7 6 26 6 6 8 4 3 18 26 11 4 16 22 6 9 1 18 1 7 5 25 24 22 1 19 8 15 8 16 11 7 16 29 11 19 0 5 27 18 19 25 7 7 2 0 3
15 8 3 12 30 3 7 14 18 10 14 25 1 13 30 8 7 15 17 3 29 12 3 14 29 0 15 18 12 12 27 7 2 2 12 29 23 25 14 2 30 17 29 9 24 6 21 19 25 3 8 21 21 24 16 6 13 5 15 5 25 13 22 13 1 7 16 15 24 7 2 22
22 22 28 5 8 18 5 14 20 26 0 27 9 3 11 20 30 24 14 15 15 29 23 9 15 29 13 4 24 7 19 15 6 26 2 12 21 4 6 26 5 19 13 26 26 23 28 29 17 9 28 6 18 8 1 12 2 13 15 19 1 7 4 12 21 0 27 26 23 10 26 16
4 20 11 21 26 17 25 27 23 29 28 18 20 2 30 2 25 28 10 8 25 16 9 26 2 26 11 29 4 28 17 9 15 24 9 0 14 29 7 11 3 1 20 17 4 16 24 25 1 4 22 5 2 26 16 22 17 9 28 20 17 26 27 20 9 17 11 0 21 7 4 17
28 2 25 21 26 11 19 15 15 8 6 24 21 26 24 25 24 30 4 28 28 6 16 10 11 11 26 10 2 6 8 8 10 13 11 3 15 20 6 11 26 14 1 30 14 17 4 27 29 4 8 11 26 6 5 12 11 9 15 17 30 15 24 0 2 25 28 8 0 0 14 17
2 23 3 16 0 22 11 8 21 25 4 6 14 13 23 26 24 9 18 21 23 11 27 2 29 4 3 0 9 30 8 29 15 26 19 19 5 7 12 16 10 17 18 16 1 12 11 15 30 28 2 27 18 22 19 15 1 20 12 16 20 8 5 24 17 27 26 28 9 29 12 8
23 27 9 2 18 8 25 5 6 14 13 15 9 5 25 17 14 8 30 5 29 21 2 14 3 17 4 9 8 26 25 15 8 26 17 10 22 23 10 3 27 12 24 16 21 14 2 27 24 3 10 3 23 21 25 5 23 12 8 0 29 2 15 16 9 13 5 3 24 12 17 2
25 4 4 3 21 14 7 27 30 29 15 12 24 8 16 16 22 12 26 26 25 3 17 14 24 13 27 27 22 16 21 5 1 15 30 16 12 11 2 13 11 1 5 29 25 3 27 17 29 9 1 21 14 25 30 24 18 5 2 6 1 20 30 10 16 3 30 12 7 10 23 24
19 4 14 13 0 22 29 4 26 30 15 12 20 19 29 0 14 24 27 10 5 20 8 15 7 1 28 6 21 19 21 17 18 7 17 22 2 2 29 15 14 9 8 13 1 4 4 28 17 10 26 29 23 18 1 19 23 5 18 14 0 23 25 25 12 30 21 12 29 5 17 7
7 13 11 26 22 1 0 24 2 15 20 14 7 9 26 24 11 10 10 24 14 22 10 27 13 22 24 2 0 6 12 27 3 3 7 17 2 18 24 1 13 0 21 8 25 9 15 11 4 29 8 18 25 23 30 11 17 16 6 23 22 10 12 17 16 19 14 27 10 10 30 4
21 8 12 11 14 30 19 29 9 27 30 10 22 8 11 13 24 19 28 16 27 29 12 0 9 12 16 9 16 12 0 14 8 22 14 8 28 0 27 12 1 7 12 15 27 20 23 18 30 10 13 18 27 9 15 25 17 17 4 16 27 26 3 22 20 24 19 17 28 18 24 27
0 17 22 6 27 5 18 6 18 26 25 10 26 13 23 17 1 15 23 12 23 13 16 0 17 12 29 28 17 27 17 22 16 16 30 25 29 15 9 2 16 0 20 11 9 16 22 2 11 30 0 16 6 2 26 30 11 24 3 30 16 22 30 3 5 15 13 15 23 12 22 21
8 7 30 26 0 22 8 28 3 8 24 18 0 26 30 16 21 20 6 22 2 17 17 3 4 27 13 26 22 1 11 24 25 27 9 30 23 11 2 17 0 30 11 15 0 4 12 2 28 5 26 27 11 12 7 27 7 0 12 18 14 3 24 26 23 15 16 11 24 19 12 3
18 30 23 20 19 4 17 0 9 28 28 7 30 29 7 30 24 9 30 18 4 29 24 26 18 9 23 1 8 1 14 5 24 4 18 15 0 8 30 14 19 6 0 9 25 14 24 7 25 15 20 13 9 11 5 4 24 23 26 20 8 22 17 30 27 17 14 12 21 15 1 29
13 29 1 6 29 10 4 5 11 19 27 18 28 29 0 20 1 18 26 8 4 11 17 8 13 12 14 28 19 2 25 27 22 4 24 25 12 14 0 12 8 8 7 25 26 28 23 22 4 15 22 25 9 5 27 14 25 13 20 7 26 30 4 3 4 22 17 29 28 8 11 10
13 8 0 3 10 30 24 10 20 21 1 27 29 15 0 19 23 17 0 27 15 7 19 9 19 5 4 1 20 1 25 1 17 28 4 12 24 28 10 2 20 0 20 0 3 10 22 13 6 3 23 21 0 15 19 7 25 29 14 15 18 30 15 1 8 13 14 7 29 2 21 23
30 5 25 21 20 9 3 27 26 3 15 14 26 15 17 12 6 26 7 12 17 6 20 15 9 15 0 0 4 13 5 11 18 21 24 17 13 19 16 17 15 27 14 17 23 5 18 18 18 29 23 9 8 19 1 20 13 22 7 21 7 2 18 27 11 27 16 22 25 23 29 5
2 2 19 6 8 27 5 15 26 4 9 1 9 28 26 17 12 7 6 14 26 29 0 20 10 6 24 15 26 1 22 4 13 16 22 18 8 22 5 27 18 24 8 13 16 0 8 21 30 15 3 28 26 28 23 13 14 7 7 4 19 5 24 18 1 14 27 24 28 2 3 22
21 28 1 23 13 14 17 21 24 13 21 19 5 9 29 7 8 16 4 18 12 22 16 17 24 3 16 21 2 5 15 5 22 21 9 8 7 11 20 0 14 23 29 7 16 1 6 6 24 17 21 30 3 27 13 17 18 4 30 12 12 22 3 16 18 8 3 5 16 19 7 24
14 21 2 12 9 16 21 17 1 6 29 13 3 21 10 27 2 17 29 20 30 4 12 28 22 28 25 23 23 22 11 14 15 3 13 2 7 22 3 10 2 14 23 27 29 22 17 18 22 1 27 25 23 24 18 21 22 17 7 10 13 17 23 9 19 22 20 18 30 10 26 18
7 5 30 10 19 24 24 2 3 4 27 9 24 25 2 25 2 7 22 3 26 5 13 28 12 25 8 26 1 25 2 8 23 22 6 27 29 12 19 29 24 24 2 16 9 10 1 19 5 23 13 10 3 16 1 3 28 2 6 3 19 28 11 22 25 29 13 11 21 15 20 18
9 3 24 1 26 13 21 9 22 26 6 14 29 29 0 6 7 1 24 28 2 20 1 19 12 15 29 15 9 9 11 18 25 26 16 20 21 28 18 9 5 8 29 20 29 26 17 21 23 6 25 8 29 22 19 11 4 12 26 23 24 20 4 9 13 27 5 4 3 27 26 28
8 19 14 13 13 14 28 17 1 1 15 11 7 8 17 5 14 3 12 26 7 3 3 26 15 2 14 4 10 5 28 25 3 1 1 13 11 4 22 24 12 14 16 19 5 7 8 13 1 2 25 12 2 1 28 15 24 7 22 18 28 16 8 25 14 11 26 7 23 6 22 1
11 9 24 7 6 20 26 28 21 2 17 4 10 6 24 6 7 25 5 17 8 15 17 26 27 4 3 14 20 7 1 27 26 5 24 3 24 7 11 15 19 15 3 21 12 4 25 25 20 26 9 22 21 28 19 17 22 14 12 4 8 8 15 13 10 19 26 27 1 21 23 0
18 7 12 1 9 26 17 5 28 27 14 0 8 27 7 16 2 28 16 24 25 6 3 3 6 3 21 19 20 9 30 26 17 17 15 11 3 20 20 24 4 1 23 2 9 28 28 26 2 1 27 27 28 12 3 2 0 26 15 26 16 30 14 19 26 10 11 20 23 26 5 22
11 10 24 7 24 10 9 4 15 20 28 19 23 2 29 14 16 30 4 30 29 16 29 16 19 13 29 10 27 11 8 0 17 30 17 6 5 7 19 18 15 19 28 30 30 21 6 12 25 26 29 16 21 24 2 4 19 6 8 3 10 28 26 9 15 5 27 5 13 12 15 1
20 20 3 18 26 26 28 29 17 19 7 29 1 17 21 25 6 4 4 1 4 17 7 4 6 16 26 2 27 4 25 30 24 2 30 30 10 10 8 30 14 29 23 18 7 4 4 29 12 8 23 19 21 26 16 4 22 25 30 28 26 17 6 25 25 14 12 4 27 23 26 21
24 8 9 20 14 10 26 23 1 28 20 1 8 18 20 25 1 7 6 3 10 2 5 14 20 19 30 5 10 8 28 9 4 29 16 18 6 13 4 16 10 5 24 11 1 16 15 1 27 26 19 22 24 13 8 14 27 19 14 29 21 8 30 18 7 2 12 28 3 17 27 4
7 4 10 28 23 28 25 30 14 22 22 5 18 6 9 19 6 21 13 26 18 28 5 4 18 9 15 1 16 10 29 23 30 20 0 3 28 28 9 27 8 9 9 2 6 9 14 9 23 0 5 9 15 15 13 9 2 13 22 5 23 5 8 30 30 23 21 1 15 15 6 24
18 20 2 9 2 25 24 24 1 7 12 9 2 24 4 20 26 4 28 12 3 6 23 11 9 1 20 6 12 11 6 19 26 30 13 29 2 21 18 12 15 28 8 14 21 23 7 3 24 13 11 9 17 13 8 16 8 20 18 17 19 29 0 12 3 26 26 28 6 20 7 21
2 4 19 20 20 1 5 23 30 23 11 7 15 8 8 9 25 7 16 25 24 21 15 17 24 16 15 7 0 22 23 2 7 28 15 24 30 12 13 30 20 10 6 22 24 14 19 17 18 18 11 1 25 6 22 21 10 14 30 11 13 16 0 16 10 27 27 22 21 10 7 4
17 3 0 8 25 3 30 27 16 26 4 20 0 6 24 4 2 6 29 14 3 22 16 9 19 12 1 29 8 13 30 22 29 25 3 8 28 13 0 13 26 21 6 25 30 13 4 15 13 12 20 7 12 26 2 22 2 22 7 1 4 24 9 27 20 25 18 20 6 29 0 3
0 12 26 10 16 28 20 22 19 3 27 28 24 12 16 14 17 28 22 26 30 15 29 16 17 26 0 6 24 28 26 30 26 17 23 5 2 20 3 26 13 5 22 11 22 11 3 18 15 14 28 6 1 19 20 14 12 24 26 0 8 6 30 9 20 2 30 19 15 4 6 10
17 16 25 12 10 9 21 16 20 21 10 5 27 21 7 24 7 26 28 13 0 17 20 12 1 24 0 18 26 12 1 1 10 28 28 9 14 30 0 19 20 13 29 5 26 1 6 24 18 13 26 15 2 17 28 4 28 26 24 0 5 11 18 15 8 9 18 4 20 30 18 3
16 19 28 1 6 27 21 20 7 6 21 29 16 24 16 27 5 13 21 4 11 26 6 26 7 19 6 21 19 17 19 3 6 22 27 12 18 30 15 5 27 24 5 7 2 26 27 3 4 6 26 24 29 5 25 16 28 20 22 9 19 26 14 15 10 9 8 6 22 10 11 24
4 6 6 25 26 10 2 12 8 7 0 29 5 26 3 15 4 28 24 24 20 27 6 18 26 22 9 5 10 19 10 8 23 15 1 14 2 23 6 16 10 15 18 6 19 12 1 25 20 24 5 15 17 18 6 24 1 15 30 17 29 8 18 12 15 16 1 6 17 16 10 7
15 30 24 2 24 28 22 0 9 23 4 20 30 0 24 6 17 4 12 14 23 1 14 24 15 15 1 3 24 22 16 20 0 17 24 13 8 5 11 5 18 13 3 12 15 3 30 20 5 19 10 19 19 13 18 1 2 15 2 21 22 18 16 27 11 23 17 2 18 13 5 29
21 7 3 13 20 30 25 1 29 28 0 22 14 23 2 9 12 28 12 16 5 24 12 12 12 8 23 24 3 13 19 2 24 17 3 20 18 22 28 0 26 22 0 23 25 0 6 19 18 6 0 25 0 4 4 25 28 7 5 0 5 13 28 2 3 21 15 18 19 20 16 23
26 28 21 13 29 15 18 3 30 23 13 16 1 15 6 12 28 24 13 26 23 18 27 15 21 23 28 22 5 14 1 5 20 20 27 27 19 21 14 8 17 5 22 20 0 24 5 24 14 30 9 21 22 16 0 9 28 5 30 2 18 9 12 25 22 13 3 22 24 6 19 22
18 9 8 24 22 12 30 22 3 13 14 26 24 1 23 24 14 16 11 5 12 3 2 12 3 27 7 6 10 12 13 12 8 9 27 26 19 16 20 19 10 16 30 11 9 0 0 25 3 23 21 26 16 1 13 12 10 6 26 0 14 11 7 26 7 8 11 15 22 27 4 21
24 0 24 28 21 1 10 21 2 15 7 30 21 26 27 24 8 21 9 15 8 18 3 16 15 22 23 13 27 22 27 0 28 28 10 24 4 21 2 12 4 5 12 30 25 23 13 14 15 5 7 28 12 1 2 11 1 24 5 17 12 5 4 20 7 0 21 15 0 11 1 4
2 23 0 26 20 16 18 29 17 10 3 19 10 15 18 7 16 30 0 6 10 16 17 25 9 12 4 16 28 14 2 12 1 29 29 4 9 7 30 25 11 22 27 16 1 24 22 25 26 14 9 20 5 1 24 16 27 24 10 4 11 4 0 26 4 25 21 18 16 20 17 20
