73 73
13 22 27 0 30 24 16 5 10 8 4 13 7 4 3 12 19 10 28 22 11 29 13 19 24 4 13 12 13 28 17 25 10 19 23 15 18 9 23 23 26 13 7 19 15 28 3 6 9 7 24 14 13 11 5 4 15 19 14 25 4 21 27 6 12 27 18 8 22 20 6 30 25
16 16 5 16 25 0 16 26 7 21 2 5 22 24 21 0 19 19 1 2 3 27 8 7 3 27 20 16 29 15 12 21 9 27 3 19 22 9 15 25 24 30 10 6 8 1 30 29 5 15 26 22 30 11 2 5 23 28 12 25 21 13 29 22 6 5 16 16 1 6 30 24 7
27 13 10 2 18 22 5 30 10 20 27 18 8 4 23 5 14 14 5 14 28 18 12 11 1 4 2 1 21 18 3 28 19 7 30 18 23 3 30 22 15 11 7 2 28 13 20 3 28 16 29 11 13 0 28 13 21 12 22 3 7 11 22 13 28 16 2 4 18 4 6 12 20
11 2 26 7 9 21 28 20 3 0 10 4 23 4 15 9 14 4 26 2 9 14 20 20 1 11 5 1 26 1 4 14 7 24 15 24 27 8 30 22 0 30 1 10 9 21 18 14 11 26 22 29 26 28 9 29 19 20 7 9 24 19 28 12 24 25 23 11 24 24 24 3 12
3 17 29 25 24 8 2 20 12 20 27 0 11 19 28 10 21 10 17 18 18 21 7 3 11 11 23 16 24 0 17 13 24 27 15 24 14 24 1 13 29 28 12 21 11 9 7 11 17 22 2 23 20 7 10 29 16 24 18 21 0 2 28 13 19 11 27 7 2 26 12 6 9
5 15 8 29 26 3 8 1 24 28 5 22 1 3 30 24 22 10 7 4 1 2 30 21 5 23 23 30 26 18 21 10 15 19 19 29 17 13 21 7 23 6 5 13 29 0 2 15 0 2 22 6 26 6 5 27 17 17 2 12 15 5 27 10 10 25 6 4 30 22 30 20 17
7 6 19 15 22 24 15 5 9 30 24 16 25 25 17 22 10 30 26 7 12 2 13 8 11 9 29 17 4 27 26 16 26 10 26 26 28 18 18 10 30 4 20 29 0 4 23 23 16 2 13 13 6 8 13 1 25 12 19 29 27 16 29 26 24 28 23 11 30 15 18 13 5
2 19 17 23 27 23 14 20 13 15 4 18 30 18 30 24 9 6 21 7 16 7 17 19 29 26 4 24 26 23 15 26 21 1 5 18 27 15 4 25 8 4 13 17 14 18 1 30 0 8 4 18 22 5 11 14 20 13 1 6 26 20 22 18 26 4 21 10 26 2 29 10 3
9 6 19 3 23 14 10 17 5 26 0 25 9 26 28 20 16 7 29 27 11 25 4 24 8 18 28 21 22 8 17 2 19 16 7 18 6 8 0 16 17 25 25 29 1 9 6 0 16 10 29 29 29 0 10 29 20 24 19 13 15 11 23 26 21 0 9 11 21 9 6 17 10
11 11 10 13 25 9 15 13 3 16 16 10 19 4 15 5 10 10 28 3 11 26 22 25 18 27 24 15 23 1 1 18 3 29 28 14 17 4 15 4 18 9 22 15 10 24 6 0 19 8 25 13 8 3 9 5 4 20 29 29 30 12 15 1 28 12 14 7 13 27 12 28 26
23 9 12 1 24 10 12 6 8 30 3 20 20 1 27 18 4 14 25 16 24 12 23 9 10 25 10 10 27 22 4 4 8 29 22 24 23 16 17 16 0 15 25 7 24 2 22 17 11 22 16 12 13 24 11 15 9 23 28 17 18 20 18 10 2 30 2 12 2 0 4 25 22
4 20 25 20 30 16 3 28 8 3 1 14 30 0 20 13 28 7 6 19 19 30 23 30 8 16 30 16 0 3 14 30 0 27 11 29 16 24 15 12 20 11 27 30 28 14 13 19 15 24 22 0 22 14 6 15 14 6 25 4 4 29 9 5 8 9 19 4 25 20 30 7 27
4 16 21 21 28 19 6 22 2 3 16 25 4 5 30 12 4 30 3 12 16 10 0 13 8 17 21 5 2 5 25 3 8 17 4 7 0 10 24 28 13 11 29 26 20 15 23 3 1 10 0 23 15 4 1 28 27 27 0 7 14 13 19 29 14 2 17 20 9 11 12 1 12
7 23 20 2 20 22 18 5 27 9 30 10 19 9 1 9 11 15 16 1 16 26 14 18 28 3 0 27 6 12 4 24 6 29 3 23 29 17 4 9 23 9 2 29 29 30 6 25 3 16 10 5 28 3 2 6 29 10 22 8 9 13 14 12 29 26 9 5 29 29 26 10 2
2 21 13 19 23 0 1 28 7 13 30 20 25 29 21 29 7 19 1 4 22 27 12 8 1 15 8 20 27 12 24 6 27 27 27 24 24 3 8 3 15 13 29 20 23 20 3 28 7 29 7 12 18 19 15 13 20 0 6 22 4 8 19 2 22 16 25 5 15 30 24 28 9
17 20 22 26 0 8 5 12 8 13 5 25 22 6 21 6 26 23 9 11 15 13 5 8 12 14 29 18 30 11 29 29 20 3 16 1 11 26 2 16 5 1 19 9 22 25 0 22 0 2 13 27 7 4 10 5 27 19 24 27 18 5 11 24 17 11 20 1 11 3 28 28 20
9 16 4 30 7 13 11 19 4 20 18 2 26 28 23 12 30 24 21 6 24 0 6 1 27 18 7 26 15 11 18 15 14 11 25 19 3 1 25 22 9 18 9 23 12 24 0 11 10 0 20 22 9 10 3 27 8 12 11 12 8 1 4 10 22 11 12 18 27 4 13 27 12
3 7 11 16 1 1 11 12 23 3 18 10 19 24 5 9 27 21 21 21 1 2 22 8 5 11 13 7 19 15 25 5 25 26 24 16 27 30 0 19 25 0 11 15 9 23 22 9 23 25 4 13 24 25 4 10 24 13 26 23 7 25 11 18 12 9 29 24 30 6 9 14 0
22 13 5 17 8 11 4 12 7 3 18 7 24 15 14 22 19 29 11 26 19 27 7 19 19 0 11 25 10 8 18 7 10 30 10 8 6 30 5 5 30 30 25 22 18 21 1 22 21 19 6 15 28 27 1 17 4 3 16 13 9 1 28 18 22 15 29 28 3 13 13 22 5
23 18 8 19 11 26 4 30 27 21 2 25 20 19 0 3 15 19 24 19 8 9 29 24 2 26 2 12 28 3 28 1 10 6 9 4 9 1 29 18 13 9 0 2 6 26 14 3 22 6 5 17 8 10 8 20 9 8 21 24 19 30 16 16 11 3 21 23 16 10 24 1 14
10 7 1 2 29 9 2 7 12 12 21 5 2 0 19 12 25 3 2 15 13 9 14 13 26 21 10 17 1 17 6 7 18 9 30 23 16 7 25 22 18 12 0 22 28 19 3 22 26 3 5 9 30 23 11 5 22 10 11 4 23 21 26 25 15 17 27 18 14 8 7 21 29
23 26 16 18 30 6 12 28 19 22 17 9 3 22 4 17 29 21 30 18 14 25 19 4 9 26 22 2 29 12 29 17 7 29 27 19 7 5 28 22 26 11 18 10 7 22 25 15 5 3 8 13 18 30 11 26 8 22 1 8 29 8 16 22 2 20 26 20 0 20 22 19 17
11 26 10 24 29 4 22 24 26 9 12 23 3 20 12 20 27 8 8 21 8 2 12 10 11 6 20 16 30 9 25 29 14 1 20 29 14 30 12 0 17 1 10 2 29 30 14 18 14 22 0 7 17 14 20 14 1 7 15 23 16 14 0 16 6 18 27 15 26 30 2 0 28
0 27 8 6 2 1 22 29 0 10 8 6 28 26 18 30 11 2 23 16 5 14 21 26 22 18 23 17 28 10 6 28 26 0 24 26 28 13 27 23 26 17 6 14 9 23 9 8 5 15 23 1 2 12 11 16 4 19 23 17 12 11 22 24 21 28 22 11 30 30 25 3 20
19 26 2 9 3 20 23 23 20 8 29 5 30 19 4 13 19 15 23 17 8 2 26 0 27 4 2 5 3 26 29 10 15 14 30 17 27 19 16 11 18 9 3 18 17 6 26 11 12 6 16 0 20 2 23 29 6 17 9 20 13 13 7 16 23 3 21 28 12 8 1 24 2
25 26 1 20 20 24 28 1 20 22 13 7 19 12 6 25 28 9 9 21 1 17 25 21 28 6 17 14 20 17 5 25 4 4 19 10 15 1 26 8 12 15 4 30 10 12 20 22 2 2 28 26 15 0 0 9 11 7 27 23 27 12 16 19 8 17 3 30 4 0 20 28 10
20 11 21 29 27 8 27 14 29 11 4 0 3 27 1 3 26 0 5 1 29 8 26 2 21 26 7 30 8 0 28 21 25 28 23 4 4 25 19 11 5 7 11 29 14 7 17 27 4 9 27 12 20 5 9 9 16 11 17 29 18 4 2 3 17 13 28 19 6 4 17 3 11
23 20 19 5 15 15 26 18 20 22 28 19 3 20 16 26 4 23 16 29 1 10 1 3 2 12 17 11 26 18 0 23 18 24 10 10 20 29 4 26 7 13 22 6 23 1 3 20 13 15 16 5 11 3 24 6 29 6 27 0 19 2 19 9 21 26 5 3 4 17 19 7 8
14 30 28 20 23 1 14 3 19 3 1 18 7 20 3 0 2 29 15 25 10 7 30 23 8 4 27 7 7 18 27 27 8 16 2 3 26 6 20 22 10 5 10 1 14 28 30 16 6 8 20 30 21 21 30 18 22 9 10 18 11 29 6 2 22 22 27 17 4 12 28 17 28
24 12 28 2 26 8 30 17 10 18 26 1 13 8 2 30 0 17 21 6 11 11 27 17 1 22 8 5 0 29 20 25 10 7 10 30 10 22 16 9 24 17 6 8 19 12 22 30 18 24 30 23 9 30 3 1 24 23 18 13 8 18 27 21 3 11 20 0 11 29 2 11 9
16 16 26 12 24 4 15 11 13 19 25 0 30 26 13 25 18 19 2 12 19 15 19 17 17 28 17 14 9 11 16 9 1 22 26 30 22 30 15 3 6 25 9 5 28 27 0 0 30 6 13 9 20 12 24 6 10 16 20 26 15 10 4 18 5 30 22 22 11 6 14 7 19
24 1 16 27 22 25 3 8 1 0 21 16 20 19 10 10 24 27 7 10 5 27 20 2 7 17 17 5 17 13 23 29 9 15 28 28 29 24 14 15 10 5 12 5 5 12 17 18 25 21 7 14 16 14 19 22 17 8 12 25 21 1 4 11 1 18 17 20 16 21 24 28 22
18 20 18 12 25 25 13 18 29 30 22 1 15 22 17 23 2 28 19 11 13 1 16 7 14 13 18 4 22 19 26 23 16 18 14 30 29 24 25 19 15 3 0 1 17 9 28 29 26 11 11 8 6 25 15 14 2 29 30 30 9 30 22 20 9 13 26 22 19 20 0 3 15
3 19 3 15 11 14 0 15 3 17 18 30 9 21 30 16 27 25 29 21 27 2 25 7 12 0 14 6 8 22 17 1 24 6 24 0 3 22 15 5 17 0 24 30 6 15 8 22 27 11 25 2 26 30 26 18 22 22 25 20 15 14 25 13 9 13 11 13 23 10 11 0 18
11 12 24 20 25 18 7 28 23 20 7 1 29 24 4 17 23 14 21 25 15 15 22 27 10 24 9 0 0 9 19 2 10 3 20 18 29 16 18 19 25 21 25 5 21 22 27 5 28 1 13 11 4 2 11 0 0 24 4 27 22 3 28 26 19 28 21 22 1 2 4 14 8
10 2 0 16 28 5 30 22 9 23 22 23 27 3 29 10 15 18 26 19 25 25 28 25 8 1 27 30 19 19 3 25 17 24 29 0 17 15 2 15 24 9 21 4 11 1 16 27 12 5 2 29 9 11 24 14 18 10 14 21 11 20 21 28 24 17 17 18 15 13 24 2 3
19 23 11 28 10 23 2 24 14 18 20 21 27 6 2 21 5 1 18 20 21 10 3 13 18 19 7 15 12 15 23 8 11 6 27 11 22 6 5 30 1 22 26 12 7 26 28 5 25 24 4 21 30 11 7 13 13 13 26 19 21 13 11 29 29 11 0 10 8 0 17 10 19
27 20 3 21 5 4 13 22 2 7 14 24 7 20 0 20 7 7 3 30 6 13 2 20 14 18 23 11 0 4 7 18 24 27 9 10 15 21 2 30 3 25 28 22 15 21 12 12 3 14 14 0 12 18 27 4 25 25 8 10 21 25 4 0 18 26 16 20 3 3 3 26 12
16 22 24 0 8 15 8 16 5 2 15 22 26 12 15 25 9 17 20 29 29 1 23 30 7 5 1 5 1 30 18 24 6 0 3 26 20 6 14 12 13 5 30 16 20 13 16 6 23 8 15 26 25 22 6 30 5 24 8 27 18 4 11 0 9 13 17 17 18 29 20 5 12
24 23 26 26 16 1 8 23 1 7 6 7 27 12 2 11 2 3 25 21 13 21 21 7 16 2 7 13 17 15 25 8 3 16 1 24 30 5 28 1 4 2 18 14 10 19 25 6 12 9 18 6 8 16 25 29 20 2 19 2 11 20 1 15 5 8 2 24 22 1 22 19 0
24 11 1 6 28 19 6 10 10 17 0 6 16 20 28 4 7 18 0 0 1 19 2 23 6 3 11 22 24 18 3 21 8 1 0 25 7 16 1 28 9 28 19 11 8 1 25 23 27 23 2 8 18 13 14 14 2 17 22 13 15 16 20 29 18 15 16 13 28 16 27 29 1
20 2 7 7 29 19 20 12 4 25 23 12 13 11 25 30 22 9 11 8 22 30 11 5 16 6 3 1 0 29 18 24 10 6 25 8 3 25 21 18 17 9 27 19 12 9 29 10 4 24 29 24 5 22 26 28 15 5 7 8 12 3 11 14 6 10 6 14 7 2 17 15 15
19 23 2 19 9 20 21 15 26 20 30 6 1 12 14 30 5 3 18 11 10 14 9 0 19 27 14 5 0 16 7 26 12 7 1 3 15 24 27 4 23 14 8 13 1 3 7 0 18 23 2 7 5 19 17 11 4 15 16 18 23 12 17 30 22 28 16 7 17 10 15 2 22
11 10 12 28 4 14 27 14 14 5 7 25 29 19 1 13 17 2 12 14 17 29 24 12 2 24 11 22 27 1 17 15 13 7 6 15 18 18 29 29 7 25 12 26 1 28 18 4 14 19 22 13 12 2 10 6 18 19 25 1 18 16 24 29 4 29 25 25 26 9 22 12 26
3 13 23 21 6 1 3 29 2 29 17 6 14 2 10 8 25 20 25 6 10 7 8 16 8 28 13 17 8 11 30 9 13 14 29 8 3 29 6 19 4 8 19 15 4 10 11 30 19 17 1 23 15 18 27 23 0 0 27 18 10 3 18 4 23 0 11 9 4 15 16 10 25
6 10 6 7 2 29 3 6 21 13 10 15 4 10 8 12 20 8 2 0 5 26 9 11 25 5 2 3 0 15 26 24 5 16 10 0 11 30 7 9 13 12 6 25 22 22 25 15 2 17 19 11 0 8 30 23 29 15 2 20 4 15 17 13 20 8 2 16 15 13 14 13 28
28 25 29 27 0 0 30 16 29 10 28 7 15 29 9 5 4 17 28 10 8 23 28 15 3 21 13 29 4 14 1 18 10 27 6 23 5 16 7 29 6 1 7 1 13 1 24 22 21 28 18 28 13 22 3 29 25 30 8 17 11 30 2 24 6 25 12 22 21 10 18 11 2
11 16 10 21 2 13 2 5 18 28 11 10 0 18 15 27 18 2 8 10 18 22 1 30 15 0 6 18 20 14 6 24 20 10 13 9 23 15 30 10 5 15 11 21 6 0 29 11 1 16 1 9 9 15 3 6 14 16 12 7 9 7 13 13 29 1 25 24 23 21 27 12 30
4 21 0 27 0 23 24 14 8 11 4 10 27 17 15 2 2 4 25 26 19 12 10 13 17 25 20 24 19 17 18 6 12 23 22 15 1 8 26 11 8 18 10 11 17 12 0 9 30 9 18 21 17 19 5 28 15 0 13 0 29 21 27 27 14 14 9 16 22 13 22 20 8
17 11 0 27 10 15 25 20 16 0 12 8 8 6 2 15 6 11 29 26 19 12 21 12 30 17 20 3 22 21 18 29 10 27 27 25 8 0 9 1 26 3 22 14 21 10 21 24 17 7 17 23 11 15 3 21 22 16 28 22 25 3 23 8 17 6 20 12 24 16 18 14 13
16 23 1 29 6 12 26 12 6 8 30 7 23 12 3 8 23 25 15 26 17 11 21 13 22 14 0 23 22 27 15 10 17 25 27 30 15 5 24 6 15 24 12 7 13 21 26 16 26 25 11 9 30 10 9 6 25 2 12 23 0 2 30 18 22 9 29 12 9 8 29 14 27
29 17 10 18 6 30 18 27 12 2 25 24 23 21 11 25 10 1 23 26 9 20 29 17 24 12 23 3 14 1 0 24 19 24 22 17 15 17 0 14 18 4 11 29 0 26 4 14 9 14 15 16 22 3 10 12 19 17 7 24 13 26 3 30 15 6 1 14 28 28 11 7 20
7 14 23 10 2 18 9 18 14 19 29 30 30 4 18 10 14 21 10 22 23 21 18 27 30 20 14 5 25 25 11 10 9 24 17 20 15 27 29 13 30 6 17 25 5 21 2 5 9 5 12 24 2 7 22 10 6 23 25 19 25 16 6 17 1 9 10 30 11 22 17 24 24
24 1 30 8 14 27 11 7 22 2 4 2 13 29 28 22 14 18 25 3 1 17 23 17 0 18 8 6 9 20 4 1 23 8 22 15 16 4 2 25 24 30 0 8 4 22 25 10 14 2 8 16 2 22 11 1 24 2 27 5 29 8 11 9 30 11 19 20 12 4 18 26 1
3 28 11 25 11 21 26 0 19 4 20 1 14 13 10 5 30 3 23 9 11 2 1 23 10 21 20 10 24 16 12 3 28 5 16 20 18 17 13 0 23 23 6 1 0 14 11 21 29 9 30 12 16 12 17 16 14 19 12 21 19 25 19 3 0 18 30 1 29 25 11 3 15
3 5 12 2 22 15 9 12 3 26 26 9 1 22 15 30 18 26 6 20 19 4 27 0 6 20 8 14 20 14 3 23 1 26 23 18 12 18 18 15 18 7 0 20 28 19 25 30 20 4 3 0 4 3 0 11 16 14 23 4 18 29 21 20 23 1 5 21 5 30 12 28 23
30 12 27 27 24 1 5 1 3 17 0 6 21 30 24 14 23 11 18 5 22 11 16 0 29 6 14 22 9 2 4 27 29 26 22 8 17 27 15 6 19 1 26 4 7 24 16 30 16 12 9 23 29 25 10 1 25 3 23 17 30 11 22 0 11 3 5 15 6 6 15 23 13
22 28 26 1 19 11 30 22 9 21 25 27 10 6 13 14 22 23 18 19 17 29 0 28 17 27 29 3 8 7 12 8 1 0 21 8 3 26 28 12 25 21 29 17 1 18 11 13 26 27 1 7 14 14 28 2 1 18 28 0 11 11 22 11 13 17 27 27 17 25 27 29 22
8 24 5 10 23 1 19 0 22 2 7 30 18 7 5 11 26 20 9 15 28 21 17 21 5 14 15 0 5 5 13 25 3 21 5 0 3 1 12 26 16 12 10 9 29 9 9 3 6 27 11 3 16 28 21 10 12 5 15 19 10 7 22 2 3 11 22 18 0 3 17 19 3
14 29 23 15 28 9 2 15 29 4 29 26 13 22 4 0 22 1 19 21 15 3 29 7 8 25 24 2 19 11 26 7 14 25 21 18 27 6 24 27 5 26 20 30 19 17 17 12 19 25 17 11 26 4 11 1 15 1 1 16 21 7 16 23 8 26 24 24 29 19 30 14 18
27 10 26 13 24 23 2 2 24 5 8 26 10 27 8 8 1 10 24 13 6 14 6 19 7 3 15 25 30 11 12 6 24 11 24 8 7 15 24 27 0 1 18 6 19 5 28 12 18 12 30 27 15 5 5 3 26 1 3 30 4 21 7 12 11 4 27 12 7 25 12 6 23
7 7 19 12 11 12 24 26 13 5 20 16 17 8 0 24 15 10 0 25 21 21 26 12 12 23 14 8 8 22 23 7 28 26 18 22 0 5 27 18 27 0 14 13 9 21 21 22 20 4 26 11 15 3 17 18 12 3 16 27 3 16 1 5 0 10 12 23 0 28 3 26 8
19 7 0 23 30 16 17 21 9 18 6 21 9 7 5 26 19 5 15 18 18 4 13 26 21 27 4 1 18 1 13 3 16 12 12 29 20 9 27 20 24 24 6 20 6 26 9 26 26 28 23 19 2 27 15 26 19 3 3 4 14 30 23 14 22 13 27 29 29 24 9 29 17
8 6 4 8 21 15 17 12 0 24 27 0 10 21 19 0 10 27 11 15 3 11 26 0 2 18 23 24 8 13 11 23 9 21 21 15 4 18 26 4 26 19 6 3 20 28 2 27 5 20 20 22 6 14 29 12 5 9 7 17 6 8 15 20 23 2 10 30 25 6 0 19 6
16 8 25 27 5 18 21 13 10 14 27 13 12 17 28 24 8 26 21 11 5 18 11 28 16 14 4 3 30 6 11 25 18 17 27 22 17 28 0 11 18 12 30 16 6 21 18 2 27 1 5 22 9 12 7 30 18 3 9 19 27 13 3 23 6 1 30 17 11 30 4 16 0
26 9 28 18 14 5 16 12 19 28 25 23 2 2 8 9 20 21 19 22 8 20 28 14 16 8 21 4 25 9 5 20 24 30 11 15 15 27 0 17 8 30 17 10 3 30 29 28 20 29 7 21 11 29 28 1 11 11 18 1 3 27 15 23 25 1 17 7 16 13 10 20 22
23 7 30 17 22 15 9 24 8 16 19 2 8 25 15 10 13 14 22 13 10 15 12 11 9 1 12 3 5 15 2 23 9 14 20 5 28 28 17 2 24 4 6 26 20 0 2 3 10 1 0 16 16 30 8 20 12 22 29 15 7 23 23 8 1 5 3 16 27 11 3 21 7
30 17 28 27 26 18 30 14 24 26 14 13 29 14 2 14 16 26 30 20 7 19 4 20 2 27 9 29 20 1 7 23 10 30 2 26 7 18 27 1 17 1 15 1 30 17 1 12 4 27 16 21 4 20 29 4 5 12 7 13 15 18 7 19 2 2 4 17 10 4 14 23 18
6 9 17 12 26 5 7 16 9 4 29 23 29 4 16 23 8 29 0 9 0 15 2 29 3 22 27 2 10 3 8 19 20 6 9 14 6 2 14 28 2 28 19 8 26 22 5 12 14 22 20 20 2 18 18 22 13 8 15 26 27 12 18 17 30 8 24 18 23 25 3 19 15
0 17 21 29 24 9 19 4 7 22 25 4 11 28 14 8 29 13 23 8 0 8 15 11 28 3 26 21 11 1 2 25 14 30 18 29 0 5 18 7 15 1 0 7 10 19 26 2 8 11 9 19 2 28 0 25 7 25 3 16 0 19 6 25 22 3 11 27 23 6 6 25 23
1 23 0 16 29 21 21 15 5 29 4 8 19 13 21 6 20 14 29 9 30 21 25 7 9 0 16 16 7 8 22 0 28 6 18 13 0 2 1 8 27 15 21 26 22 27 5 9 3 1 22 13 8 22 25 9 19 23 15 22 0 13 18 23 22 27 12 18 15 19 17 17 17
28 1 2 24 14 16 18 25 20 20 24 12 26 15 6 2 28 6 4 12 27 3 23 2 6 14 19 30 13 0 16 23 23 14 18 9 7 2 20 18 12 10 30 4 7 30 24 2 27 15 14 14 2 24 22 9 3 16 15 0 6 19 20 22 28 20 10 14 15 6 28 20 23
20 25 13 10 2 9 3 1 22 7 24 18 5 4 1 19 19 3 20 0 9 30 2 8 19 14 18 9 23 19 23 1 8 12 12 24 22 23 12 1 20 22 23 10 5 27 1 16 14 5 9 19 17 25 2 13 10 17 28 16 3 0 23 1 26 5 4 1 2 11 3 23 0
