76 76
5 7 18 4 16 25 15 26 22 11 8 24 11 13 18 0 9 1 11 30 12 22 23 0 6 5 18 30 3 23 18 5 3 14 1 28 21 2 18 25 24 10 12 5 18 11 19 3 10 15 20 15 29 8 12 15 8 19 30 9 5 7 21 7 14 30 21 26 27 13 19 19 18 16 20 18
22 22 4 10 27 25 28 22 26 1 24 20 11 14 2 19 30 27 25 21 28 3 9 11 23 21 2 30 24 6 14 0 20 15 11 29 11 17 22 6 24 18 3 11 14 14 14 26 3 4 5 15 21 19 15 18 20 9 17 15 28 15 27 12 13 4 19 26 6 7 16 16 20 4 19 1
8 9 20 21 9 28 29 18 9 16 13 5 6 9 12 8 18 21 21 16 9 24 28 22 17 21 0 17 26 30 11 25 6 19 24 7 27 11 26 4 13 15 15 14 25 25 5 8 0 21 4 30 28 28 13 8 7 30 4 30 10 0 11 13 22 8 8 16 26 12 4 1 7 30 10 25
22 20 16 21 15 4 4 17 23 8 26 23 27 27 25 23 3 26 24 11 27 4 18 23 16 6 12 20 0 30 5 14 11 18 12 0 5 13 17 3 19 4 2 23 29 0 30 22 22 11 12 15 4 4 6 10 0 1 0 5 19 21 11 10 29 30 22 27 18 2 25 8 27 11 26 25
13 12 17 13 13 0 26 2 8 23 23 21 14 14 12 16 16 6 23 1 10 19 3 4 9 26 20 21 18 13 8 16 9 7 18 1 3 5 14 8 10 22 6 3 4 10 17 2 14 14 28 15 23 8 15 8 11 28 0 7 7 16 7 13 0 8 16 5 11 24 27 25 2 15 1 22
28 2 29 12 4 20 29 26 9 4 18 18 7 3 3 9 29 6 15 30 30 19 18 19 14 8 23 30 6 4 26 12 16 18 22 3 17 21 8 22 25 26 15 17 2 24 17 4 22 25 25 3 14 30 21 3 4 7 29 28 9 10 15 21 13 10 17 29 10 19 11 6 2 11 3 28
23 0 11 30 11 6 17 0 26 0 13 21 19 11 22 29 26 12 23 0 28 7 13 25 22 21 22 9 24 2 26 26 29 24 26 2 15 13 16 15 2 5 27 26 5 21 19 16 10 28 2 13 20 1 10 12 26 12 21 30 24 23 19 22 5 2 30 1 16 20 4 17 0 12 3 2
11 7 3 18 0 18 4 12 13 25 12 14 24 30 5 0 16 15 25 23 24 15 17 6 1 11 9 11 19 10 16 4 11 26 9 5 10 15 23 27 15 22 30 30 0 7 24 25 15 12 4 6 10 19 11 23 12 25 24 6 8 29 2 1 21 25 23 7 0 19 26 14 13 23 3 27
6 24 0 20 12 7 3 10 6 0 3 6 18 12 9 22 19 1 14 30 21 16 29 4 27 4 25 7 28 8 18 3 3 19 6 6 8 16 6 2 11 9 4 5 2 27 23 21 7 17 15 23 14 23 1 13 10 16 14 22 17 25 1 24 13 21 0 4 16 15 30 6 13 8 16 11
1 7 10 25 15 15 24 11 6 10 30 26 23 11 29 22 29 28 16 6 1 16 7 23 29 9 26 10 21 20 3 4 5 15 20 18 20 12 12 1 1 13 27 15 7 11 9 17 19 9 28 9 1 14 27 28 6 12 21 14 15 29 11 17 25 24 12 17 19 25 20 13 15 15 23 12
9 17 9 14 21 2 11 29 24 14 0 11 26 28 12 3 20 19 16 19 26 20 5 25 21 13 13 8 24 14 10 27 8 20 16 7 16 8 9 7 19 17 9 21 8 23 21 8 8 19 25 13 26 16 24 20 9 0 20 5 17 21 13 2 23 10 12 16 24 3 17 15 22 9 10 22
29 9 15 7 3 17 29 25 10 16 22 21 0 7 22 14 13 17 25 6 21 19 21 26 17 5 21 26 26 7 18 17 27 18 27 7 19 18 14 29 24 1 28 14 17 8 9 3 3 10 26 29 8 7 17 14 0 5 6 30 3 1 25 19 30 26 27 26 29 19 5 0 14 29 20 19
0 18 10 22 26 17 17 2 10 25 14 21 10 22 4 9 17 9 23 1 16 20 6 17 23 10 9 22 7 7 28 13 0 25 14 8 14 21 4 22 13 0 24 22 9 14 29 9 2 25 25 14 12 12 16 22 3 6 27 16 22 12 18 16 7 9 30 15 5 19 9 21 1 30 8 2
6 21 17 6 30 29 0 29 21 13 24 5 3 8 7 23 28 0 24 15 10 19 17 14 4 20 19 3 17 13 17 28 17 17 2 4 28 22 27 12 22 4 8 26 16 14 15 9 17 11 24 27 3 28 4 17 3 29 2 7 16 11 8 3 21 1 14 28 18 25 16 11 6 5 14 25
21 10 16 29 6 11 18 10 4 15 13 3 11 27 7 27 16 4 16 1 11 29 4 26 12 14 7 8 19 3 27 5 24 2 19 17 16 27 3 19 9 8 15 24 9 7 10 6 6 8 13 7 12 15 12 18 4 27 23 9 22 5 26 10 4 15 8 10 29 1 9 14 28 23 15 21
18 28 30 25 29 22 23 8 20 29 19 7 13 26 19 10 24 1 12 24 29 11 19 17 16 12 19 17 26 14 2 5 24 14 12 25 3 1 3 21 19 3 30 27 11 19 26 14 26 21 2 17 24 4 21 25 17 18 26 15 24 16 22 8 5 23 5 15 2 11 3 9 22 29 13 6
13 11 27 3 21 18 28 27 21 20 9 14 13 27 23 21 22 19 21 7 17 16 17 14 14 6 26 25 25 2 29 2 29 6 18 14 7 26 18 11 30 26 14 13 9 26 16 15 13 20 0 28 8 13 14 7 25 22 6 9 15 10 22 12 13 22 4 11 9 1 11 7 12 4 7 18
18 19 3 26 28 2 17 12 0 24 6 7 7 9 24 2 21 17 26 22 15 24 25 28 14 30 3 21 28 25 9 15 23 1 10 3 25 27 10 30 20 24 8 3 8 16 24 10 12 17 16 0 9 12 19 24 29 16 12 11 16 6 30 2 16 17 27 12 27 3 2 29 29 29 12 22
17 9 9 1 11 19 25 9 4 23 27 2 30 15 19 15 25 19 4 14 30 12 22 6 23 4 7 12 28 5 8 7 15 24 15 7 22 12 8 0 3 26 18 18 12 25 30 7 30 0 25 1 25 24 2 14 25 19 5 19 28 16 8 30 21 8 30 11 8 16 0 7 7 14 19 2
20 10 16 27 2 25 24 3 12 4 11 2 22 28 29 10 4 4 6 24 25 23 21 3 18 28 6 20 27 28 17 6 24 20 6 13 17 23 20 1 10 11 12 11 9 7 7 21 7 9 25 18 4 29 15 4 10 20 26 15 17 26 30 20 4 20 24 6 28 24 21 0 25 6 18 6
10 21 6 10 1 11 5 20 25 5 24 27 14 21 12 9 8 29 23 30 24 22 13 27 30 8 19 15 7 4 1 23 27 5 10 2 14 11 29 8 3 19 4 14 19 12 18 4 26 19 30 21 3 7 20 0 14 24 19 6 21 26 18 16 2 17 23 11 19 15 19 27 30 7 30 5
27 29 2 16 16 16 20 0 13 11 24 2 2 19 1 16 8 12 1 20 16 0 27 26 10 4 26 15 6 18 18 6 12 25 9 11 26 20 25 19 2 18 16 8 24 10 8 12 26 29 19 12 3 21 1 18 18 0 14 0 16 0 5 10 26 14 2 17 28 4 14 25 22 27 15 17
6 12 14 28 22 2 12 7 12 27 6 9 24 17 12 21 8 16 21 25 16 2 26 12 6 26 17 0 6 8 26 15 9 6 0 28 17 21 13 28 3 17 5 21 28 1 15 5 28 24 23 29 29 1 21 19 21 29 18 30 6 6 29 4 12 25 26 21 24 8 1 30 18 6 2 25
29 7 24 25 28 2 20 10 26 25 18 4 4 15 18 8 11 24 22 25 11 19 27 3 9 21 4 17 14 0 12 25 29 26 20 16 0 19 15 0 2 25 0 15 1 29 10 5 20 25 8 11 25 26 27 10 11 30 0 17 19 15 10 8 23 25 19 18 11 25 21 8 22 21 11 0
8 7 5 19 24 4 25 11 21 20 11 26 3 24 5 22 16 13 7 29 4 23 29 2 24 14 27 13 20 13 15 4 0 5 3 6 10 16 24 17 1 27 5 3 7 7 19 4 10 11 14 30 8 0 8 6 10 9 6 17 12 25 12 5 5 14 13 23 3 18 10 13 16 20 16 6
25 13 0 23 1 6 23 15 9 8 22 22 13 26 27 28 0 10 15 29 3 20 23 15 25 5 2 18 15 4 7 21 27 29 5 16 9 28 5 29 4 8 7 1 18 29 11 15 27 18 2 8 2 30 19 1 6 15 23 9 18 30 16 11 11 4 14 20 28 21 27 13 30 21 0 2
2 19 9 25 15 3 0 22 11 11 27 4 15 1 13 12 28 12 21 8 11 29 17 16 22 1 26 7 27 17 0 12 11 20 8 27 2 6 26 13 21 24 9 21 28 6 12 14 11 16 15 14 24 17 19 30 21 9 23 18 4 19 12 1 20 3 19 5 12 13 18 11 25 27 21 10
28 7 21 19 4 11 27 3 4 5 13 17 5 19 1 3 13 21 22 17 9 0 2 7 16 19 10 22 29 9 9 15 17 1 1 17 27 25 9 22 28 6 30 21 15 22 15 28 25 8 26 16 13 16 15 7 14 8 22 14 11 5 15 21 22 13 17 9 18 2 19 0 1 1 1 3
4 0 11 30 25 3 21 18 4 7 23 28 25 30 22 9 1 21 22 11 30 29 8 5 13 14 6 20 2 21 27 24 29 4 29 30 3 2 13 0 25 8 1 21 10 22 14 7 23 21 21 30 9 11 3 13 30 22 29 12 4 0 21 7 4 26 29 27 30 7 26 30 11 12 21 26
0 5 20 10 5 15 16 0 15 21 16 2 12 5 24 6 3 15 19 4 0 10 23 26 7 15 1 22 15 13 28 17 29 7 3 8 11 23 11 27 18 8 24 10 19 19 23 30 23 11 28 3 17 8 8 7 19 22 0 26 19 14 14 22 17 17 3 5 0 25 16 6 2 28 16 3
6 4 10 17 13 9 11 23 1 27 9 3 25 19 30 14 21 23 22 5 30 11 19 22 21 18 24 26 19 14 21 18 17 1 27 20 23 3 1 27 21 15 17 15 10 27 8 3 5 22 18 23 8 8 1 9 26 17 16 25 12 13 16 24 11 30 6 14 16 18 29 19 23 26 28 21
25 20 26 5 19 3 15 13 11 20 18 22 28 25 23 0 3 15 26 7 25 18 6 20 8 28 16 11 5 15 21 18 4 16 20 14 29 1 20 9 9 2 0 20 15 10 26 26 8 19 20 18 6 8 22 30 17 15 30 29 28 5 21 11 22 9 15 21 15 11 9 14 22 29 22 22
25 29 16 18 25 2 14 18 28 17 19 14 6 7 23 28 16 22 9 16 27 15 5 28 0 15 7 6 30 22 29 8 25 4 14 15 10 6 18 26 23 18 29 22 18 24 0 16 27 19 5 6 10 12 16 28 24 14 7 15 24 19 19 16 16 8 20 10 7 30 2 7 29 25 22 20
20 17 19 6 30 29 3 6 29 7 27 19 24 24 29 4 2 11 4 1 3 25 28 16 9 5 8 18 3 21 12 24 23 5 11 1 7 5 17 10 14 12 29 0 5 13 11 17 25 24 17 0 16 19 27 17 2 16 13 23 23 9 23 5 25 21 7 9 12 19 0 12 27 30 25 28
3 15 16 3 25 20 18 6 11 23 30 10 16 2 20 29 29 22 21 0 11 19 25 7 17 28 27 0 26 7 4 20 12 8 28 4 27 18 18 24 6 16 17 6 21 0 19 30 23 4 29 8 11 7 9 25 14 30 16 2 12 14 1 13 17 8 14 2 28 24 2 18 18 25 9 9
10 27 1 5 8 1 4 22 30 29 5 27 8 22 6 28 17 14 17 22 8 2 18 14 15 23 30 5 17 9 13 2 22 17 11 14 25 19 0 27 0 11 23 23 1 4 4 16 27 19 16 7 16 8 24 23 12 0 23 22 0 17 15 29 9 19 28 21 27 19 29 4 26 3 22 23
30 8 0 9 26 26 11 9 16 16 4 4 21 19 3 21 25 9 0 16 26 2 27 10 28 3 0 22 13 1 8 30 2 30 1 18 18 13 16 11 30 10 13 23 5 14 2 24 2 26 1 19 5 4 22 8 7 16 16 4 3 2 3 27 16 29 11 28 13 1 30 13 23 26 22 29
7 7 2 24 25 16 29 20 0 26 12 19 6 13 14 22 18 29 24 26 15 14 1 10 22 29 29 19 12 28 0 15 16 12 8 22 25 26 2 11 6 20 7 25 24 7 0 13 24 17 21 26 23 9 18 23 10 4 23 19 7 17 3 3 27 8 2 24 26 2 0 0 15 8 29 18
10 30 9 22 10 30 19 28 10 15 30 27 8 5 16 6 24 16 13 8 26 27 22 13 3 15 28 27 20 5 21 20 16 15 29 2 10 17 26 27 21 9 24 23 22 17 8 21 29 0 18 7 2 14 3 12 21 3 2 25 29 12 12 29 11 19 8 29 9 22 26 26 20 13 1 7
0 25 20 24 17 2 8 14 15 27 14 23 27 12 17 4 22 14 18 0 0 5 5 21 23 20 4 28 17 6 28 16 27 8 28 28 16 21 22 10 16 21 1 18 23 5 4 7 1 26 21 16 22 5 1 5 3 2 1 28 30 6 26 13 0 12 26 5 27 13 16 13 19 1 25 16
10 22 0 2 26 21 3 23 28 1 24 18 17 13 1 20 15 6 25 11 14 11 29 7 9 8 2 24 28 13 18 24 0 26 17 1 25 18 4 27 12 23 19 27 16 20 4 4 29 28 27 3 0 26 13 22 28 5 9 17 28 9 2 11 30 24 28 30 14 10 3 8 23 29 5 25
4 20 8 28 26 1 2 28 18 24 26 7 11 14 3 26 11 10 3 4 0 30 22 20 24 26 29 12 24 14 19 8 9 19 24 7 4 19 28 15 10 19 0 27 24 29 30 21 12 23 30 26 19 7 28 15 8 22 14 15 15 12 19 26 11 28 1 28 24 3 19 18 30 20 16 1
17 10 26 22 5 5 24 27 28 17 29 15 3 7 12 19 19 11 10 19 4 14 28 17 2 8 2 12 12 18 21 6 15 9 13 27 0 7 25 24 24 19 9 13 2 6 1 20 26 16 16 25 26 16 2 24 4 20 4 17 24 14 15 20 15 21 10 10 14 30 7 29 18 13 16 25
21 8 28 23 23 25 26 0 2 18 10 7 3 8 9 18 21 20 13 14 6 12 25 23 6 22 23 3 28 8 16 11 23 2 9 4 2 20 1 24 23 30 22 2 25 28 14 28 10 25 13 13 27 4 22 26 27 27 24 25 29 20 16 0 25 2 23 14 0 17 22 25 20 16 25 1
24 1 22 25 20 8 0 2 10 18 18 25 27 25 21 23 10 16 6 2 24 1 19 2 6 14 19 1 0 7 15 24 21 7 22 24 23 20 9 0 26 14 27 22 29 5 24 16 14 1 28 26 3 6 21 4 5 17 10 2 30 9 17 18 1 25 3 8 9 0 7 12 25 19 29 25
9 22 30 21 24 20 2 12 30 23 27 13 0 16 17 28 21 19 14 22 25 12 5 20 3 25 16 22 25 8 20 24 29 19 23 1 26 16 29 10 15 16 22 8 28 27 5 9 20 25 28 16 3 8 30 15 18 1 8 2 4 23 20 18 18 16 6 12 25 20 26 25 20 15 19 12
28 13 1 29 0 16 11 0 10 19 3 4 27 11 15 21 17 12 19 3 7 12 25 14 0 9 14 3 20 13 28 17 16 30 18 16 29 4 14 23 30 22 27 17 16 14 10 10 14 9 26 20 19 5 28 23 27 4 20 29 2 9 2 12 7 1 22 26 14 21 1 26 23 6 10 13
23 17 26 5 5 22 13 19 6 21 22 5 1 20 27 21 5 18 18 11 27 26 23 0 28 25 9 8 24 14 25 11 29 4 7 14 11 25 16 5 12 0 7 4 4 2 23 29 28 16 16 1 24 14 18 29 16 30 21 7 19 16 25 13 17 26 6 2 5 24 15 17 7 10 11 4
28 1 8 23 28 15 26 12 15 25 20 27 13 29 15 27 2 25 16 2 28 2 11 2 18 9 27 14 14 19 29 21 23 2 8 17 6 16 22 7 4 5 10 0 10 9 0 12 30 2 12 9 23 9 24 20 10 22 6 16 10 5 16 26 27 24 23 13 18 27 21 19 12 21 0 23
6 8 4 0 12 13 11 28 18 18 23 0 8 5 17 13 19 8 28 11 11 22 3 5 22 6 23 3 11 14 0 24 26 11 25 28 16 21 29 7 24 11 23 30 23 13 11 28 15 21 7 7 0 26 5 3 7 14 13 7 30 4 2 7 5 7 30 1 19 3 7 23 26 30 24 0
0 5 8 1 9 29 11 5 5 8 18 30 14 14 4 15 29 18 1 5 26 9 12 16 21 19 10 0 24 8 11 5 25 18 18 11 30 11 14 18 9 22 1 29 13 16 16 20 11 13 27 1 9 24 3 11 14 8 11 29 12 20 15 20 19 10 27 19 22 27 21 19 22 25 3 13
4 29 25 11 11 12 5 21 27 10 28 11 7 3 3 11 15 5 16 4 11 8 16 30 14 14 10 6 26 14 5 23 16 4 16 29 1 22 25 22 5 6 24 6 28 24 3 13 4 5 4 21 10 22 27 10 29 13 1 5 0 12 0 9 25 14 27 12 18 24 13 6 28 27 25 23
13 6 4 21 27 22 24 13 16 12 23 26 5 15 15 9 1 6 2 25 23 26 16 10 16 13 3 2 25 22 9 0 8 7 4 14 27 29 29 1 24 16 28 9 22 24 5 4 22 24 4 8 17 25 10 25 0 4 2 0 19 24 14 5 21 14 7 5 9 8 16 5 29 8 3 17
7 23 7 4 19 2 15 21 16 23 11 21 20 29 30 30 11 11 13 24 15 7 13 6 28 12 6 1 18 19 16 20 8 15 3 5 30 27 9 19 22 2 1 27 12 13 16 19 15 8 0 23 29 8 11 1 19 7 18 10 8 23 1 5 12 24 8 29 19 1 21 26 6 0 7 1
14 24 18 20 12 25 7 0 8 18 1 9 19 21 15 26 10 24 11 18 25 8 22 11 19 0 26 15 29 11 30 9 17 23 20 16 28 7 28 14 15 10 18 3 1 4 13 27 0 1 13 23 16 20 8 29 13 0 30 24 29 20 12 16 2 1 19 11 6 10 18 15 21 4 7 3
3 26 20 8 16 15 11 27 27 27 2 1 19 16 20 2 15 28 2 1 19 1 13 9 9 10 8 12 22 16 27 25 2 16 19 1 1 23 9 0 2 30 11 26 18 12 9 11 25 28 11 18 23 22 11 6 28 23 27 30 26 15 19 11 14 4 29 12 18 14 6 18 24 18 15 29
12 20 29 19 12 11 10 29 30 25 4 17 1 21 3 17 2 4 24 20 23 7 19 15 11 26 17 28 7 8 30 6 22 23 21 3 3 26 1 2 21 3 9 4 9 14 1 25 4 24 24 8 12 4 25 28 10 28 0 28 22 7 2 23 21 19 28 27 4 20 26 2 11 28 17 2
12 8 0 28 10 6 6 23 27 24 27 1 11 2 22 27 23 7 15 23 21 18 12 1 4 17 1 0 20 12 23 21 14 20 8 25 8 7 30 10 22 30 18 4 24 5 24 15 30 13 28 23 19 9 13 12 17 28 30 18 19 30 20 21 10 25 19 8 8 2 2 22 30 13 12 9
24 6 13 24 1 4 20 13 12 1 9 7 1 4 2 1 26 2 29 30 27 5 27 7 10 26 9 12 13 16 20 8 9 14 19 1 29 13 0 24 2 6 9 27 7 28 2 12 18 17 17 13 27 3 20 15 22 3 7 16 8 6 24 14 0 19 10 30 11 15 16 5 25 3 7 27
3 12 24 11 23 23 18 7 30 7 2 5 23 11 22 24 30 24 27 1 16 27 26 13 15 7 21 6 6 5 12 30 21 28 16 1 14 7 13 11 14 17 27 29 27 3 21 12 5 8 28 26 6 4 1 17 29 15 3 15 21 25 2 15 24 26 2 23 8 18 10 18 2 17 2 4
1 4 18 17 9 17 6 7 30 11 17 11 8 23 29 6 21 13 6 1 30 16 10 23 23 8 5 22 30 2 19 0 21 5 8 20 13 23 3 30 6 25 12 21 19 24 6 12 30 9 2 30 20 4 18 8 27 24 1 0 9 17 26 18 22 28 5 22 18 3 6 17 15 18 2 23
16 16 30 7 10 17 24 16 10 27 24 28 15 16 20 26 17 6 24 0 14 21 6 30 1 11 7 20 7 8 29 3 14 28 26 13 19 20 3 9 1 15 3 6 9 3 21 19 25 13 30 29 26 2 19 24 28 1 6 25 2 18 9 9 2 24 5 18 9 17 5 25 18 15 22 2
4 2 19 21 21 1 13 27 15 9 20 17 6 20 28 27 27 23 25 6 27 7 20 13 22 19 22 27 15 9 22 25 13 29 3 26 28 17 17 11 8 11 25 26 12 10 18 13 14 20 0 5 26 30 10 26 4 3 23 29 0 14 29 1 20 0 23 29 30 19 12 29 28 16 28 5
3 22 30 11 19 15 29 2 24 30 15 3 9 25 15 12 6 30 16 27 1 15 2 15 12 26 12 10 13 13 26 23 13 25 18 22 26 18 22 9 2 16 4 18 30 17 14 21 11 5 4 16 1 4 14 18 5 24 1 16 21 16 4 0 29 23 5 11 30 20 18 8 13 0 21 21
1 26 17 27 23 11 25 20 20 5 6 4 14 23 7 12 23 24 22 4 8 21 8 6 17 28 30 19 26 29 13 26 10 24 30 3 16 12 11 4 30 22 5 25 13 0 26 24 28 5 25 5 6 25 25 0 10 19 5 29 29 26 2 16 20 22 8 1 17 24 17 14 15 14 12 15
11 28 28 3 21 22 10 6 23 5 24 8 29 23 30 11 19 14 5 10 29 9 9 1 16 2 12 6 10 1 28 11 6 8 22 7 27 4 30 13 23 17 3 1 24 22 14 13 21 16 28 6 24 27 18 6 23 22 16 9 21 17 18 12 20 23 10 12 14 29 0 5 30 0 24 28
19 29 0 17 22 19 18 16 28 2 4 5 1 24 22 24 17 8 14 8 22 10 22 3 29 3 24 7 26 16 16 4 25 4 17 1 17 4 25 1 1 21 1 8 7 11 1 10 7 10 25 10 9 5 16 1 19 2 26 23 23 24 26 17 24 6 16 22 23 20 22 14 1 5 30 4
8 28 27 30 0 17 16 1 10 17 21 12 9 11 24 0 17 23 0 5 27 0 12 7 1 25 6 23 6 23 29 20 7 23 19 27 4 2 3 3 29 19 9 9 16 16 25 29 22 20 13 25 20 9 19 29 6 15 26 3 26 5 20 17 0 8 19 22 26 17 17 8 6 15 9 19
24 2 30 4 1 16 1 16 5 25 27 10 5 0 23 23 9 13 25 18 24 6 4 29 9 1 0 11 15 13 22 2 19 2 23 8 19 2 3 4 8 23 6 7 16 21 30 0 22 13 8 20 26 12 12 25 29 1 12 11 24 7 10 17 13 25 29 15 14 19 13 30 13 26 22 3
1 30 23 13 5 22 11 12 20 22 4 11 10 16 18 3 13 21 1 26 25 2 1 18 19 18 9 2 16 13 27 29 20 18 27 16 1 10 18 21 19 2 25 24 6 0 4 28 19 23 13 27 14 18 7 25 17 13 19 11 7 26 5 15 4 24 21 6 2 13 17 28 28 11 2 6
30 3 9 17 4 27 16 17 19 22 14 28 27 7 5 2 26 30 12 30 27 4 13 1 17 21 20 26 4 11 26 4 19 10 1 26 14 8 20 4 27 19 9 28 2 6 24 25 24 6 14 11 13 27 21 23 3 20 6 5 30 17 24 25 2 20 27 1 28 16 19 15 12 29 15 12
22 1 29 26 29 22 9 0 29 3 8 14 10 23 0 9 8 12 9 25 4 16 18 30 23 4 19 14 22 28 15 25 30 10 18 2 5 29 21 23 8 22 7 9 25 27 10 14 6 4 3 22 12 26 5 18 19 23 30 2 19 19 8 14 5 25 29 10 1 13 0 3 22 3 11 30
22 19 28 21 2 30 30 12 25 13 19 7 9 25 24 10 10 11 24 23 11 19 6 12 11 28 23 0 16 24 6 21 2 22 0 24 19 16 2 25 4 29 15 20 19 4 25 28 5 30 9 29 13 20 15 4 19 5 11 12 14 7 22 10 21 14 17 13 0 11 22 7 30 0 15 16
10 4 20 0 0 23 10 17 6 22 20 24 14 2 26 6 20 2 21 22 21 5 28 18 8 15 9 6 22 26 14 14 7 5 9 9 3 28 10 28 1 7 28 1 25 1 25 29 22 0 30 21 23 29 25 4 5 17 7 26 9 25 13 13 8 11 9 7 7 13 27 26 5 17 21 1
0 0 15 24 28 14 21 22 1 8 12 17 24 0 6 26 15 5 6 6 9 8 10 8 27 20 27 27 5 9 25 23 17 22 20 25 5 18 21 8 9 22 7 28 19 9 12 5 26 14 23 3 24 6 20 27 30 12 14 6 28 5 8 17 14 12 0 26 5 16 12 6 7 30 25 2
22 24 15 15 21 1 2 6 28 24 5 24 30 14 15 25 5 19 18 30 23 29 17 8 23 0 14 28 27 1 26 6 13 4 24 21 29 1 12 17 18 10 14 9 28 23 18 6 0 10 4 14 18 19 20 3 4 8 15 0 4 11 16 12 21 7 16 4 15 0 18 14 12 7 1 27
