77 77
22 13 11 22 13 18 6 23 14 14 1 11 7 1 8 7 15 2 27 9 26 14 13 25 10 12 5 25 14 6 1 29 20 2 28 3 24 25 17 11 0 17 0 29 8 20 15 10 24 10 14 15 10 17 25 11 13 21 4 6 7 11 24 3 18 0 30 11 1 6 22 8 0 30 17 29 8
10 1 11 9 1 20 17 9 2 3 23 0 20 30 4 15 14 10 10 21 3 16 13 5 2 9 15 4 16 14 15 19 0 10 14 5 13 4 23 24 3 21 6 1 21 24 6 18 4 10 20 1 18 19 9 21 10 15 30 3 1 4 17 6 6 8 2 26 3 10 28 26 27 4 17 30 22
9 8 14 25 2 12 0 26 14 0 8 14 16 8 30 5 6 29 17 22 25 5 15 17 6 4 8 26 14 15 15 12 30 30 3 7 10 27 30 29 29 28 19 24 11 15 0 21 20 22 29 25 14 7 28 23 1 29 9 16 23 12 19 18 28 6 4 21 9 7 1 11 15 19 24 14 24
27 18 30 10 1 6 11 22 5 25 8 17 2 28 13 30 13 1 10 17 6 1 10 15 22 7 6 21 6 26 17 14 6 19 8 10 9 24 13 30 1 13 26 1 5 0 4 0 20 15 12 1 14 20 17 26 25 9 15 5 16 2 11 13 19 25 7 27 22 28 14 14 30 29 25 9 28
26 17 2 5 25 21 19 24 13 17 28 10 27 4 4 29 11 10 28 30 5 17 9 5 17 13 10 3 4 24 24 23 18 8 3 19 28 20 19 12 14 8 18 22 15 9 26 27 25 25 25 17 19 27 24 30 29 25 18 1 0 25 8 9 9 26 20 6 1 18 27 7 27 9 20 6 30
25 4 12 29 0 16 22 7 2 13 0 5 7 20 27 24 1 11 9 14 0 6 24 22 6 23 23 11 29 19 27 14 21 27 12 23 23 1 5 23 9 28 15 10 18 22 11 7 17 19 7 1 30 8 17 11 11 21 0 24 1 7 6 9 1 29 8 21 16 15 3 4 1 3 4 3 17
25 11 5 4 28 16 17 10 19 14 18 22 7 9 11 21 12 0 12 0 22 7 4 5 23 15 24 19 25 16 11 17 2 4 17 23 4 26 18 10 6 14 5 20 10 23 5 19 15 9 15 14 25 7 13 27 10 6 20 17 26 1 8 0 27 3 26 27 30 21 7 22 6 15 7 8 13
22 30 7 21 20 28 7 1 10 3 12 19 25 22 5 29 8 30 1 28 15 30 10 23 2 1 22 10 2 8 10 29 17 10 23 25 26 11 3 26 17 24 4 20 3 26 19 1 3 11 6 23 3 17 4 22 21 25 30 15 28 0 16 17 5 4 28 21 8 13 18 18 19 8 21 14 9
12 20 21 27 21 19 8 15 6 9 18 14 30 15 12 1 4 16 4 5 0 25 14 29 22 7 13 1 24 11 17 20 4 6 26 8 21 5 22 30 17 27 10 28 8 21 18 2 10 29 17 3 29 23 0 15 19 6 15 15 12 6 8 3 21 27 24 6 20 8 7 28 23 14 28 9 16
20 25 11 3 25 30 7 0 28 0 11 26 7 6 20 16 19 15 0 19 22 28 4 20 16 28 11 16 11 2 2 26 15 3 29 28 3 24 5 25 7 4 25 5 1 9 6 16 8 30 25 11 2 17 18 12 2 14 30 18 28 25 9 1 29 28 5 18 20 30 27 29 28 17 25 12 4
28 21 10 8 22 2 22 16 13 20 27 14 13 8 13 17 30 16 19 16 30 25 16 12 20 15 5 20 24 0 8 8 27 10 15 13 26 2 23 15 27 2 23 26 24 12 19 14 22 16 23 10 9 18 17 9 7 6 18 3 9 2 9 30 30 3 25 4 7 27 16 16 15 28 27 10 0
0 5 16 15 8 22 18 24 16 4 16 11 27 28 17 7 6 29 19 17 21 11 1 6 11 19 21 3 4 7 13 22 5 11 2 12 23 3 25 10 23 12 14 10 27 28 21 14 14 28 26 1 25 9 24 15 27 9 24 6 13 12 30 28 5 1 1 15 30 17 14 24 27 23 18 18 12
12 6 25 10 26 1 21 0 11 26 11 16 24 29 10 1 22 29 6 10 25 23 4 27 23 6 13 20 30 14 11 30 2 2 18 8 15 14 29 8 17 13 5 11 25 16 30 29 11 15 10 27 26 21 5 3 12 17 20 4 23 1 25 27 27 2 18 14 2 24 5 23 4 28 27 4 20
29 5 10 30 8 28 22 25 0 11 28 23 10 16 10 6 10 25 4 9 1 14 18 13 14 11 11 3 13 13 3 5 10 23 8 25 12 7 9 17 14 22 28 16 0 10 4 27 28 25 21 13 10 17 4 20 12 11 13 5 17 6 24 26 18 14 15 28 17 25 13 9 29 27 8 5 26
4 4 29 6 3 23 13 16 25 17 14 8 4 14 20 14 22 17 10 6 29 5 2 8 20 20 5 27 26 10 28 19 24 25 16 7 27 2 21 30 28 27 0 29 13 17 26 19 29 9 29 18 17 2 29 27 15 15 16 2 18 28 26 11 26 0 29 26 14 11 3 0 24 29 24 3 20
7 25 21 27 29 9 8 12 21 22 28 14 21 23 20 20 10 19 1 8 2 25 13 30 13 30 12 4 11 21 5 27 2 12 18 1 8 5 8 23 18 12 19 11 9 11 29 1 8 12 2 7 0 20 17 1 17 9 6 7 28 0 20 5 26 12 21 13 12 23 11 28 11 0 24 12 27
3 1 19 15 2 2 10 16 24 0 3 2 12 7 22 13 25 22 13 29 4 10 3 4 7 9 29 0 28 4 22 28 16 21 7 25 26 4 14 21 4 8 4 7 12 5 23 14 3 23 24 15 25 11 19 0 4 17 17 1 7 7 27 21 9 10 20 11 7 4 15 24 19 22 8 6 24
16 5 0 2 26 2 18 14 0 28 1 21 5 6 28 10 18 0 28 26 15 29 7 8 11 1 24 28 28 11 11 29 28 8 17 13 22 17 26 16 29 6 17 8 16 3 28 9 13 4 0 28 21 2 10 16 9 26 10 22 26 24 14 26 29 18 17 1 1 10 2 23 6 22 1 29 26
1 21 23 0 4 18 13 24 3 21 30 18 24 13 23 23 17 0 25 13 15 28 29 21 6 25 25 17 17 27 9 27 14 17 0 5 26 29 21 25 21 19 0 25 1 17 4 0 12 25 13 0 29 3 7 26 8 29 28 29 9 5 20 22 16 23 17 22 3 2 22 9 15 27 26 7 15
1 12 5 15 18 7 4 26 15 5 12 9 13 29 27 21 29 12 11 19 3 22 19 12 28 29 21 25 29 9 9 26 14 30 24 20 16 7 7 25 28 23 21 23 3 19 1 15 5 5 15 20 9 1 21 9 15 21 12 13 22 29 9 18 10 7 16 23 10 4 0 28 7 1 10 14 1
28 15 18 25 5 13 18 17 10 7 13 13 4 0 20 8 12 27 25 7 17 17 6 24 15 22 1 5 28 13 18 25 1 25 13 9 7 9 25 29 28 8 30 9 17 24 2 10 22 27 14 9 0 15 16 1 21 20 0 1 16 22 18 20 12 19 11 26 19 27 13 8 21 7 30 3 5
26 29 30 4 21 25 17 15 12 16 16 8 24 27 20 25 17 14 21 20 3 6 21 1 3 5 22 17 1 21 15 11 25 5 3 8 28 4 18 11 16 7 27 27 28 12 30 26 3 30 13 14 10 12 13 12 8 8 2 27 24 4 23 28 16 5 23 9 14 15 17 11 1 29 24 22 9
25 23 30 24 30 2 12 6 0 12 6 12 13 24 16 1 25 4 21 1 29 21 30 10 19 7 12 16 7 18 2 22 20 3 14 21 20 28 14 5 27 13 5 26 20 22 14 2 6 20 30 4 19 0 18 30 3 15 3 13 20 4 17 30 18 16 17 23 12 19 3 28 19 23 2 20 19
23 8 3 16 14 4 30 2 12 1 24 6 24 14 11 10 19 14 14 5 1 20 1 1 4 28 23 19 13 10 16 1 16 10 28 1 7 0 19 6 14 24 22 19 19 25 1 7 5 24 30 7 30 16 30 11 21 20 18 22 22 23 19 21 4 14 13 12 18 14 10 1 8 20 27 1 11
20 14 20 23 16 23 29 18 3 19 5 5 30 2 3 24 8 9 25 19 1 11 14 3 4 13 0 10 28 0 10 20 30 9 30 8 22 9 4 12 20 25 17 24 14 30 28 8 30 21 16 28 11 22 5 16 3 18 24 21 30 16 12 13 18 26 7 20 19 17 9 1 1 6 7 14 22
27 26 20 10 9 2 15 12 12 26 30 29 5 4 23 10 12 22 30 14 11 16 19 16 15 24 28 0 18 13 15 24 21 19 30 10 27 16 16 7 5 12 20 29 23 1 19 8 30 23 23 3 11 13 8 24 11 27 30 4 27 11 7 6 12 7 5 10 17 4 6 13 8 8 13 1 5
9 20 25 29 4 17 7 23 9 14 16 16 0 10 29 26 23 17 11 29 17 17 2 14 4 0 24 3 19 12 24 17 8 15 18 24 11 12 13 2 30 12 20 13 21 27 20 20 1 23 8 3 3 18 10 5 15 3 13 28 4 13 29 20 22 20 10 15 2 18 7 4 1 1 24 12 12
5 16 23 8 25 17 28 25 1 1 15 4 22 10 22 17 7 21 3 30 17 24 10 19 16 8 20 25 26 9 21 27 7 22 8 15 26 27 26 12 18 22 13 4 11 8 14 1 7 27 3 27 9 19 0 17 12 10 30 14 23 22 15 24 17 16 19 12 24 26 4 1 19 22 4 6 5
5 5 16 19 10 19 30 30 1 12 14 29 27 15 13 4 19 24 6 22 18 15 19 14 27 29 17 25 13 20 29 16 23 9 2 8 2 14 9 4 7 6 29 13 10 3 14 2 15 13 16 24 12 9 27 1 21 28 24 25 10 24 26 18 19 6 2 2 5 18 10 2 9 30 14 17 2
10 22 26 30 0 12 3 2 29 21 19 2 23 0 29 21 19 5 26 15 11 21 28 27 20 27 19 6 15 15 16 23 15 21 7 21 23 20 8 21 0 30 20 11 14 14 9 7 24 10 13 28 4 29 11 21 16 29 2 16 26 14 27 11 30 12 14 18 11 6 10 18 7 27 26 4 10
22 13 30 2 16 5 6 27 1 11 23 1 27 7 26 24 29 1 11 24 23 19 3 17 26 26 2 1 16 6 18 1 21 21 0 14 3 25 19 12 1 17 3 27 19 12 20 19 3 14 16 15 24 21 8 12 1 8 7 30 30 27 11 21 11 20 21 27 30 20 20 8 5 21 16 18 17
20 7 16 15 13 0 2 22 24 5 18 25 24 17 16 16 22 28 19 8 30 12 30 22 8 13 0 6 24 14 0 17 18 19 10 17 8 5 12 16 10 26 5 12 5 2 27 23 15 5 9 0 4 8 9 21 23 28 5 8 2 25 7 1 21 21 30 17 27 2 8 21 4 7 19 16 7
30 16 14 15 11 10 25 6 13 16 5 13 28 3 3 2 15 2 25 6 24 7 24 0 17 18 9 13 26 2 16 5 3 28 12 30 9 19 6 12 23 23 4 17 0 24 23 21 14 3 11 30 30 24 1 29 1 22 6 4 19 12 30 30 19 18 24 23 22 19 17 0 5 10 29 21 5
20 4 17 15 2 5 27 9 3 9 28 13 12 4 18 0 0 14 5 10 9 0 27 13 22 2 9 16 2 24 11 23 6 17 5 6 17 6 26 1 0 16 29 20 14 2 17 25 26 2 22 14 3 30 24 29 28 20 28 30 24 29 28 24 12 29 20 8 20 27 15 11 24 3 15 0 8
27 3 12 16 17 13 13 20 20 22 27 12 19 13 30 16 2 11 24 10 27 5 14 29 17 8 4 23 6 8 4 29 8 17 18 9 21 19 26 12 13 5 11 13 19 1 2 14 5 30 26 14 19 18 22 2 4 29 23 25 15 2 11 20 28 0 15 26 17 16 0 3 24 26 3 18 28
10 6 5 19 21 8 7 26 17 18 22 3 18 28 4 28 11 14 27 28 21 26 24 16 2 3 11 16 21 25 7 30 30 21 5 5 28 16 4 22 25 8 24 4 15 6 1 10 23 25 15 2 28 6 18 27 19 28 4 5 16 14 21 23 9 29 11 30 16 22 10 9 8 4 5 4 8
23 19 17 17 26 14 23 20 2 18 9 3 20 3 22 1 9 1 18 23 30 19 30 1 28 27 18 3 24 0 27 28 9 29 21 11 1 20 21 15 2 20 8 23 8 10 4 13 12 0 27 24 23 21 16 16 28 15 30 10 29 15 26 23 3 28 4 20 12 1 5 16 1 27 18 18 17
18 2 18 22 21 7 20 6 25 21 16 24 16 17 13 15 17 30 18 5 20 2 27 25 11 10 21 5 3 13 14 30 29 20 13 22 1 0 13 15 9 0 28 24 21 19 27 24 24 7 23 28 4 26 10 26 20 1 15 17 15 4 8 17 18 27 29 24 20 21 4 24 25 4 6 18 27
14 30 6 18 4 14 29 22 19 3 16 26 19 20 14 4 14 13 16 19 12 12 29 2 11 0 8 14 27 30 7 16 11 26 2 3 3 11 21 17 13 29 29 18 21 29 12 29 27 3 1 10 19 30 13 27 13 12 18 28 16 14 10 8 30 14 5 23 0 24 17 2 2 5 13 27 5
1 26 9 0 16 25 26 7 27 25 19 22 30 13 8 24 15 14 8 0 2 21 12 22 1 7 12 28 24 8 26 16 12 6 0 14 7 22 29 0 17 28 6 9 3 28 9 28 0 13 22 17 20 3 15 19 16 17 25 15 4 6 7 5 25 9 25 13 3 5 22 6 20 19 18 11 27
5 6 30 26 15 29 29 6 27 25 23 9 30 4 19 4 8 12 22 30 10 19 0 10 4 4 5 10 11 23 3 26 26 14 0 24 11 25 30 4 13 2 9 18 10 10 17 13 29 5 11 13 14 30 20 13 4 9 2 1 30 12 24 24 28 20 18 26 10 12 20 28 27 18 3 0 14
19 8 18 7 0 18 20 29 12 27 9 13 2 9 0 19 10 26 5 14 3 12 4 15 9 6 24 17 0 18 12 11 16 30 4 10 26 29 7 7 19 20 13 28 1 22 5 22 1 28 30 7 7 20 7 0 9 22 10 4 22 10 25 11 10 24 26 16 14 24 0 4 3 6 6 13 6
25 5 18 30 1 26 17 16 11 4 19 25 3 5 29 17 10 18 28 2 27 27 15 0 8 23 12 14 11 1 4 1 29 2 25 26 13 27 14 19 19 13 12 4 18 23 9 11 6 16 19 24 29 30 14 24 10 23 23 20 29 24 3 26 13 18 6 8 12 12 8 5 11 12 23 14 5
1 27 15 20 0 18 8 6 30 20 25 20 30 8 3 23 27 15 25 27 25 20 22 5 25 25 6 26 20 30 20 7 11 5 24 19 23 17 8 20 3 23 7 15 15 23 22 7 24 17 16 4 19 7 25 0 15 25 8 20 1 2 17 27 13 27 1 19 22 7 19 10 1 28 2 1 19
30 18 16 28 13 29 15 29 5 14 2 8 30 26 11 4 13 1 5 25 3 23 19 24 10 30 10 25 21 0 3 30 14 12 22 26 28 7 1 18 24 20 17 6 10 23 10 11 9 7 21 24 5 1 2 15 19 14 15 27 7 1 7 8 4 11 24 8 9 1 6 22 23 16 13 25 14
12 28 3 19 15 19 20 21 0 27 27 22 1 0 13 2 25 21 20 9 13 6 15 22 11 8 17 13 9 15 4 5 6 14 13 17 14 22 19 4 2 20 14 16 8 28 7 12 14 11 28 14 10 22 22 7 26 1 13 6 12 11 23 13 24 6 2 29 29 12 27 10 6 2 17 3 27
16 17 0 16 25 1 12 13 11 29 23 4 4 6 20 16 9 15 26 23 18 10 23 17 3 30 2 16 13 18 7 26 2 21 24 25 24 2 24 15 4 3 7 22 29 27 18 19 29 25 8 26 30 28 11 15 11 3 17 8 29 14 18 6 9 26 30 26 15 28 4 11 17 16 19 12 15
6 12 19 8 11 2 9 6 10 16 9 8 6 5 19 27 13 2 14 4 5 27 17 27 7 25 9 21 12 16 14 11 1 7 19 18 30 28 19 24 20 14 18 15 21 22 15 20 16 11 3 27 8 16 8 25 21 18 4 20 18 16 3 27 2 27 13 29 30 4 28 18 23 8 4 21 11
19 6 15 18 30 27 1 25 4 7 17 7 20 14 21 23 22 3 2 6 1 25 18 27 17 25 22 9 19 4 28 0 2 26 30 1 29 18 23 10 22 14 12 28 2 16 7 1 30 5 13 5 21 18 23 1 21 8 9 3 27 11 16 13 30 7 16 1 24 18 4 5 25 17 1 28 2
14 25 26 28 23 2 8 9 17 28 5 27 1 16 13 27 29 28 13 17 6 4 2 26 21 29 18 24 28 22 26 25 17 15 5 2 21 25 4 20 17 21 24 16 17 5 24 2 13 3 9 16 2 3 1 9 13 13 13 13 18 27 14 6 27 29 1 3 1 8 0 24 26 6 3 22 3
13 11 16 20 13 5 0 27 6 23 26 12 16 8 6 29 11 22 1 29 20 16 0 22 30 12 29 24 4 17 7 23 15 16 4 13 28 12 24 1 1 11 26 1 5 12 1 21 16 23 22 2 27 11 16 28 7 10 14 9 4 25 8 2 15 28 0 16 11 13 30 9 23 23 0 12 18
24 17 29 28 2 21 7 30 9 14 3 2 10 3 15 5 22 2 26 7 3 28 9 19 25 22 11 0 12 4 25 4 2 26 26 9 4 8 14 12 10 5 21 21 14 28 29 14 23 22 26 2 29 3 4 25 0 22 6 23 22 23 29 2 9 8 26 13 7 6 6 20 9 29 15 16 20
15 2 22 27 24 17 29 6 24 23 18 28 26 4 27 4 19 26 13 4 13 15 30 22 20 28 1 5 8 26 15 22 30 14 6 12 16 8 9 1 7 19 2 10 27 15 1 23 14 28 3 25 2 21 15 13 23 28 1 23 18 19 16 4 19 9 16 18 2 7 21 1 24 1 4 12 14
1 26 16 16 21 9 2 13 8 17 3 5 16 2 11 6 11 17 24 20 2 13 21 28 20 7 15 10 1 13 1 17 4 8 8 26 14 17 9 18 20 30 15 5 18 30 21 29 22 17 30 25 3 21 21 14 12 27 8 16 24 17 2 27 30 10 18 25 0 29 11 12 1 1 20 16 7
0 12 25 25 3 12 7 1 12 15 27 19 2 28 27 15 20 11 5 6 0 15 11 9 4 18 11 5 20 12 16 23 22 18 15 24 21 10 9 21 26 28 29 22 15 11 22 23 23 24 6 11 0 8 18 0 5 15 19 25 12 24 3 24 8 27 24 15 13 21 10 5 28 27 2 26 9
16 4 13 14 7 14 2 15 17 7 30 30 17 15 29 15 19 20 1 3 15 2 19 5 17 8 21 2 1 6 20 29 24 0 0 0 9 30 22 4 28 4 24 24 13 6 10 17 4 20 2 10 13 25 22 28 8 13 26 22 19 26 17 7 1 2 12 11 10 28 16 15 6 21 13 0 27
25 4 6 6 13 11 14 6 19 29 6 12 12 30 24 11 9 3 1 2 14 20 26 29 10 23 11 25 17 23 26 4 26 11 9 2 27 13 22 1 9 15 5 30 19 20 14 23 7 1 19 20 15 5 15 17 14 22 17 2 0 14 3 19 27 20 19 25 6 21 16 12 29 6 30 22 4
20 18 15 29 14 27 21 26 0 29 10 10 16 21 18 26 14 15 16 22 9 1 7 19 8 10 22 16 20 24 29 25 24 23 13 18 1 29 23 8 7 6 6 27 2 5 3 5 18 2 21 17 24 0 18 16 25 18 19 5 7 14 22 22 27 27 9 9 15 8 15 29 18 16 16 16 7
0 23 29 16 28 10 14 18 9 17 24 23 10 11 5 7 25 30 0 20 28 22 22 13 18 17 2 9 1 8 19 18 18 0 26 24 4 14 28 23 15 0 11 10 1 2 17 18 4 30 8 16 2 16 1 23 10 27 13 29 23 4 29 9 12 3 10 10 3 16 15 14 22 28 9 7 10
4 18 23 6 30 30 22 27 16 5 24 12 17 19 11 27 24 7 0 10 20 14 20 16 0 23 10 29 7 20 6 28 25 1 11 27 30 13 24 9 17 29 24 25 14 16 22 16 6 26 5 7 0 15 2 11 11 6 13 29 23 5 3 4 22 23 8 5 0 9 19 16 1 14 19 13 13
12 4 17 24 29 11 26 26 24 13 17 7 15 28 25 9 22 8 20 19 17 3 19 7 18 20 9 11 4 26 26 30 25 5 2 29 5 27 25 27 8 0 27 24 6 11 30 8 24 27 5 23 15 19 7 16 30 25 12 7 0 13 0 17 20 28 3 7 28 20 17 2 27 5 30 20 17
9 3 29 17 6 1 18 2 26 13 1 11 4 2 21 19 21 7 21 21 0 27 20 9 6 1 4 13 16 0 4 29 14 14 28 13 30 25 27 13 29 13 0 28 11 25 11 22 9 30 0 7 22 14 28 29 10 18 9 25 5 2 21 22 7 10 11 8 1 21 14 12 3 10 19 24 21
30 14 25 28 1 20 16 5 2 5 4 18 30 24 3 24 17 24 18 13 6 11 17 21 22 26 27 26 5 19 8 23 14 28 13 13 16 6 30 25 13 23 22 8 18 28 20 14 6 7 16 8 30 28 0 15 6 29 29 23 15 8 22 2 21 26 29 23 5 8 0 16 19 13 2 26 5
15 22 18 4 30 9 14 15 29 25 6 9 14 14 9 14 10 16 28 10 14 17 15 28 27 11 3 28 19 5 15 20 29 9 9 6 17 22 23 9 29 0 14 0 24 20 22 11 26 3 3 8 19 16 23 5 1 28 9 3 25 22 24 17 2 9 1 21 9 4 29 18 9 26 29 3 23
22 0 19 4 6 8 14 29 16 4 22 17 20 18 6 16 16 15 21 28 22 14 22 19 12 17 11 0 6 25 3 1 12 23 15 3 13 1 19 10 24 6 23 13 10 13 24 20 4 2 13 24 21 10 26 8 4 21 14 2 18 27 29 8 5 23 25 2 29 4 15 13 17 22 6 27 8
18 7 25 20 19 20 12 26 28 0 25 11 14 30 10 13 23 10 24 24 16 5 26 27 30 22 17 9 19 2 11 23 23 13 7 20 23 29 0 22 22 7 20 2 9 26 26 17 17 11 3 6 2 28 26 10 25 25 1 26 23 11 10 25 25 19 6 13 12 25 29 11 1 7 25 17 24
17 17 30 15 0 18 18 21 8 2 30 24 3 25 0 12 12 24 21 28 12 26 19 3 30 19 2 11 3 18 14 25 15 24 28 11 13 25 14 29 23 11 0 11 8 12 3 4 11 1 18 11 13 0 25 8 1 21 13 1 18 8 4 13 18 1 11 10 15 29 8 29 30 30 24 25 24
19 17 17 26 11 21 14 4 2 10 22 4 28 25 6 20 12 29 22 18 28 0 20 25 3 7 18 20 13 0 19 5 28 8 17 11 6 2 21 15 19 16 8 30 5 15 7 30 7 13 17 1 9 18 22 6 21 22 9 25 15 7 15 28 3 25 26 28 6 24 13 28 25 18 2 11 22
9 8 8 13 8 6 25 24 28 26 19 5 6 10 9 12 28 20 2 6 2 16 2 28 13 2 17 1 10 29 7 20 21 16 15 25 9 12 10 22 25 1 24 4 24 20 25 25 27 29 23 14 23 26 21 14 9 8 7 20 13 28 12 19 15 6 1 11 2 1 27 6 27 7 21 17 8
4 8 12 22 26 4 3 2 0 25 4 17 26 0 20 27 29 13 14 26 5 0 24 1 13 11 10 8 3 12 3 20 18 4 12 6 22 15 22 18 0 28 6 13 24 17 0 27 8 22 5 13 3 17 11 6 15 2 22 7 20 9 4 14 15 30 21 5 28 14 17 16 9 22 14 13 29
10 24 14 0 21 21 12 6 9 4 21 13 25 14 6 11 10 15 12 15 13 17 29 17 18 3 19 22 8 6 24 11 2 21 3 20 3 23 15 1 6 5 12 16 2 24 4 19 7 27 21 14 1 7 23 0 19 23 4 3 1 11 27 11 3 21 23 29 11 3 16 17 7 10 30 4 18
20 8 27 21 21 3 7 20 26 22 18 17 24 10 13 19 15 19 17 11 15 1 20 10 30 10 17 10 10 22 20 23 12 5 15 21 30 0 19 0 1 4 28 6 17 5 8 2 8 29 9 3 29 17 25 2 2 28 25 17 4 20 1 4 20 16 16 14 20 11 24 17 26 19 22 18 6
29 24 3 5 17 26 17 15 21 28 19 28 23 10 12 7 19 30 7 19 8 3 3 24 6 8 26 16 20 12 7 8 27 16 18 3 30 21 10 0 11 7 21 30 6 24 24 13 2 20 26 7 8 22 15 6 30 24 10 4 26 6 8 5 7 9 7 30 3 23 25 22 6 24 17 9 16
25 28 2 28 15 4 3 10 6 13 0 1 19 24 10 26 18 17 10 5 15 21 9 24 17 15 9 12 23 25 24 7 13 21 30 0 13 14 18 21 3 7 25 3 0 24 7 29 12 0 20 18 3 22 8 8 1 13 2 10 20 18 18 26 11 30 22 16 2 0 6 26 3 14 26 16 3
19 26 7 3 28 4 15 12 5 8 15 22 29 20 0 10 8 9 14 4 7 1 10 16 1 21 5 30 9 12 29 28 12 9 2 21 23 14 9 6 17 22 22 5 9 3 16 7 0 7 6 19 7 22 29 10 17 18 28 15 21 6 27 15 11 11 8 6 4 9 14 29 16 9 26 23 3
21 21 26 7 20 3 15 15 10 7 6 28 0 14 27 9 12 15 29 8 30 8 11 13 20 22 10 13 14 17 7 12 29 30 16 14 14 11 10 1 2 3 13 2 21 24 16 25 24 7 17 2 25 0 22 29 21 15 22 17 26 7 6 27 14 23 14 24 11 7 19 9 2 1 29 9 22
22 9 1 12 14 1 10 11 7 1 19 27 21 2 12 8 6 7 29 18 10 10 11 12 1 8 6 13 24 20 16 28 27 26 13 0 28 23 24 12 18 19 18 9 20 0 9 24 20 1 10 14 2 10 0 3 29 30 17 18 10 25 19 1 22 19 0 0 30 29 24 7 1 6 0 2 22
