81 81
0 28 25 7 25 4 28 20 4 29 25 12 10 1 21 26 0 24 8 14 6 4 7 7 15 12 3 22 0 17 7 25 6 5 26 18 30 0 30 11 20 16 2 0 4 5 29 10 5 15 25 1 30 25 10 0 3 17 24 18 25 21 13 3 26 18 17 22 22 25 19 9 7 1 0 25 5 3 8 10 17
15 9 18 26 17 27 25 17 2 13 24 21 17 15 3 15 27 24 26 30 1 18 27 11 7 28 27 2 1 9 23 25 0 29 13 9 4 14 24 28 11 19 19 13 3 16 17 19 18 0 19 27 8 0 28 23 21 28 5 27 4 29 22 9 6 14 17 28 3 12 12 14 3 17 15 12 25 21 14 17 3
1 11 0 29 3 15 5 14 30 15 11 0 29 30 23 20 16 2 10 28 15 4 19 25 22 24 26 12 14 19 20 8 14 0 8 4 25 21 6 28 22 30 22 24 17 28 0 26 10 13 11 4 30 22 10 29 22 15 2 4 28 10 5 16 12 13 24 30 30 30 18 17 15 5 8 18 16 15 15 8 6
20 11 20 24 29 14 22 28 0 17 15 19 10 9 1 23 28 21 29 1 28 13 16 15 12 6 25 30 8 11 10 12 30 27 1 6 21 16 18 9 15 21 2 26 12 3 6 6 0 0 25 4 24 14 27 20 26 24 9 14 4 14 20 29 22 7 25 16 28 2 8 1 18 20 24 1 9 3 17 0 25
15 22 27 30 30 30 0 13 5 2 14 7 0 21 14 12 11 30 30 26 19 29 2 5 29 29 8 27 12 16 13 2 6 26 0 21 7 1 8 16 22 14 30 8 9 20 25 1 13 22 25 11 8 28 28 5 28 0 29 23 21 8 14 5 17 22 23 27 15 20 1 28 15 3 6 30 11 3 3 11 26
2 13 19 23 2 27 14 26 14 11 25 25 19 6 22 15 12 24 5 12 18 24 13 22 23 19 1 8 3 23 29 11 18 19 24 22 27 0 7 17 9 23 10 13 19 10 20 13 7 21 2 5 13 28 24 2 9 29 7 27 19 14 12 2 1 7 17 9 20 22 11 17 30 1 7 9 19 10 26 19 2
1 12 23 25 14 3 22 9 26 5 21 27 2 2 27 0 17 1 25 6 1 10 19 15 15 14 14 9 28 19 8 26 23 15 23 12 0 11 15 27 13 19 28 13 3 30 3 8 8 4 14 4 27 28 20 18 29 30 11 25 29 22 18 17 23 22 16 16 10 6 7 20 4 4 13 11 15 26 7 16 22
24 6 0 20 10 18 8 5 8 1 28 11 2 28 24 16 1 12 23 22 19 2 30 15 27 8 23 2 21 8 28 13 4 28 19 30 25 16 28 1 23 12 30 7 25 9 29 6 20 29 2 28 4 27 15 20 1 30 29 25 2 3 2 11 17 3 7 27 8 13 27 25 16 17 21 26 27 3 25 28 18
1 24 28 21 18 13 3 9 29 30 25 26 23 28 25 21 15 21 23 30 30 24 12 2 12 28 15 9 19 2 9 17 17 15 3 6 24 25 6 5 5 26 23 7 22 24 9 30 21 5 2 5 19 9 9 30 28 9 4 27 5 17 11 11 28 6 20 11 21 19 28 30 24 28 19 25 3 21 29 0 16
28 17 5 1 12 4 14 14 2 20 10 16 25 20 0 4 26 19 25 14 0 18 9 17 20 28 2 19 15 16 22 14 11 19 20 0 22 4 8 22 16 5 27 12 3 24 10 13 12 17 7 26 4 30 13 24 24 21 30 3 12 29 25 25 2 11 9 30 30 22 9 11 6 0 17 3 21 16 2 1 11
16 23 21 1 7 0 17 0 13 26 20 19 7 9 28 11 7 2 8 27 3 29 22 26 21 1 0 4 23 28 21 11 19 7 3 4 27 6 18 21 12 14 12 11 0 23 19 26 6 26 8 14 23 27 11 16 0 12 2 23 18 15 4 9 26 3 14 3 30 11 26 13 20 16 30 12 21 12 20 3 12
9 17 7 30 8 0 21 24 10 23 13 29 12 10 4 12 22 4 6 19 7 1 15 29 5 11 27 10 18 23 22 11 15 3 11 11 17 5 13 11 14 18 8 15 24 0 10 21 24 8 12 8 24 27 8 14 20 17 13 1 20 0 12 4 11 0 26 0 13 9 25 16 0 27 4 10 22 18 1 28 0
15 14 7 16 0 6 22 25 28 22 28 27 8 20 2 6 4 1 13 14 18 4 22 26 15 5 6 25 22 23 13 23 2 0 24 3 0 10 24 16 28 29 23 14 22 28 20 6 9 16 28 30 28 5 22 9 15 17 16 4 7 10 29 16 7 26 9 1 13 9 23 10 28 29 20 13 28 29 28 27 2
8 22 27 19 9 5 4 23 18 14 7 26 19 0 10 28 26 15 15 27 29 0 0 1 18 20 23 15 16 12 24 11 3 14 24 12 4 6 13 12 1 14 0 1 24 18 13 26 21 14 13 19 9 6 18 9 27 8 30 12 6 25 19 18 26 12 2 13 17 11 20 4 16 10 21 30 20 10 21 6 21
21 13 12 27 26 19 24 13 14 14 25 15 20 25 8 25 2 2 10 30 24 24 24 16 8 23 15 24 15 2 12 20 21 14 8 22 25 14 23 19 23 26 22 12 3 0 9 2 30 6 14 4 2 11 22 20 5 18 18 5 2 16 15 1 24 23 30 9 25 9 1 0 23 13 8 6 16 8 11 22 15
3 1 19 21 6 16 29 5 21 3 16 30 0 10 3 21 28 23 0 3 18 9 6 3 0 25 16 0 4 28 22 12 8 0 0 10 13 3 7 23 9 5 16 7 23 4 1 2 15 7 7 21 28 16 8 30 6 25 26 6 16 26 13 13 7 29 27 26 7 8 15 3 26 15 25 15 13 13 16 26 28
23 17 9 14 27 26 26 17 13 22 18 4 14 3 26 3 6 17 22 12 13 27 22 10 1 21 11 30 28 15 28 20 19 21 3 8 7 29 18 20 12 29 18 11 5 16 24 26 27 26 21 2 19 20 14 13 25 23 27 26 2 19 23 10 28 7 17 21 24 23 24 3 18 27 6 13 7 6 25 8 18
6 7 26 8 3 13 29 17 26 5 26 25 29 22 5 8 25 10 27 21 5 26 27 3 1 16 25 25 25 17 17 16 20 1 25 20 22 14 21 17 27 18 21 22 5 15 11 13 13 7 0 7 2 14 7 6 27 12 4 18 10 4 20 6 0 1 5 25 10 11 3 18 2 14 22 5 10 28 17 2 13
12 21 2 24 4 9 17 15 28 28 24 17 12 22 9 12 2 11 29 29 13 29 26 22 20 28 0 5 14 30 25 28 23 0 5 29 3 5 26 4 15 25 27 23 12 11 4 10 14 4 16 5 25 0 0 16 4 11 19 15 5 11 6 30 19 7 25 20 4 22 6 7 27 21 9 2 25 3 5 16 1
17 7 12 8 27 10 8 12 11 18 8 25 8 5 6 6 20 12 11 29 1 16 12 17 2 17 12 11 17 13 29 0 9 28 20 14 22 16 13 30 16 7 25 14 27 26 6 1 11 19 21 19 26 25 16 25 30 30 30 26 19 21 20 17 15 20 15 22 10 12 21 5 3 22 6 23 1 14 2 30 26
19 1 15 0 17 26 2 29 25 5 27 3 15 13 19 14 22 1 7 10 24 28 11 9 2 20 29 11 2 23 30 27 29 2 22 29 12 10 4 20 26 17 10 19 7 3 0 18 15 6 2 23 10 2 12 8 6 26 22 15 11 8 16 19 21 16 13 19 11 23 12 21 7 29 19 24 15 3 10 26 16
30 8 26 15 12 13 17 11 1 17 22 2 15 5 5 29 17 30 28 18 17 28 20 29 21 17 6 21 15 7 28 14 27 0 23 21 11 9 23 15 4 2 17 0 25 28 5 21 6 22 14 6 4 15 30 6 16 4 2 21 15 19 3 30 3 12 22 6 27 20 28 17 7 0 24 8 27 14 28 17 30
24 2 15 14 2 27 16 3 11 6 17 13 16 21 12 23 19 21 11 11 19 23 3 14 2 0 7 14 1 13 0 24 17 12 15 2 15 9 11 16 0 20 9 16 6 28 5 6 15 8 22 20 29 18 5 13 27 20 25 22 13 12 23 29 5 26 12 30 9 19 11 24 14 5 10 17 9 1 22 30 23
10 20 20 17 4 7 20 12 22 17 5 6 18 24 23 15 1 1 28 27 1 25 12 12 21 17 16 7 8 13 22 22 11 6 23 6 18 22 7 3 25 6 26 5 27 14 7 7 8 14 6 12 17 6 29 25 9 10 9 19 26 30 2 3 2 24 18 24 9 25 25 12 17 11 1 30 12 8 7 8 8
23 24 16 13 26 9 11 2 15 10 3 3 24 27 30 1 2 2 9 12 11 27 19 19 25 2 9 13 21 22 2 2 30 26 23 16 11 22 6 4 19 18 29 7 4 26 23 8 8 6 0 1 29 10 22 25 7 30 6 15 24 10 3 28 23 7 17 17 15 11 28 25 9 12 27 9 2 28 19 24 11
2 1 0 28 8 6 23 22 9 4 28 24 3 19 2 4 18 20 1 29 26 24 6 15 8 22 27 8 20 20 15 3 17 21 14 15 15 28 22 29 8 30 6 19 22 28 18 4 12 19 24 27 21 2 2 22 7 29 2 26 12 21 23 29 15 15 21 20 18 4 9 12 5 24 0 2 21 30 2 28 16
19 20 28 14 23 1 24 2 28 19 19 17 24 20 16 0 6 17 18 27 25 17 17 11 7 0 15 15 3 22 1 4 10 12 15 17 25 26 20 25 15 0 11 27 23 6 29 20 3 10 20 1 29 17 16 26 22 27 5 7 18 6 19 3 25 28 28 1 11 7 15 15 10 3 30 22 11 7 27 19 1
30 27 23 25 3 3 15 0 9 8 13 13 29 28 9 21 16 28 4 9 10 8 18 28 0 12 19 10 19 8 6 19 1 10 30 8 11 15 15 16 5 14 18 23 17 20 23 23 14 0 2 18 4 13 29 4 4 9 30 6 19 1 19 4 28 4 11 28 11 22 8 28 5 26 22 25 21 27 4 9 14
19 2 0 17 25 17 17 22 23 29 9 23 3 5 30 24 25 18 2 4 27 28 21 2 28 23 3 29 0 11 3 1 30 0 25 30 26 10 10 21 25 9 11 23 2 17 1 2 17 30 22 24 6 2 23 2 28 7 1 13 24 24 16 5 9 16 27 11 15 19 0 6 10 1 4 1 14 0 22 30 4
22 30 29 4 7 8 15 8 23 18 15 8 19 21 8 11 15 10 28 15 22 24 0 6 9 29 15 9 16 26 15 30 7 0 22 15 11 27 29 22 13 11 19 23 1 4 10 1 5 27 12 17 4 14 10 20 13 30 4 3 10 15 17 24 14 23 7 4 25 13 30 26 15 25 14 0 23 23 8 25 27
17 23 20 29 16 11 5 21 11 9 10 2 28 6 16 7 2 10 0 19 5 12 9 21 9 4 30 9 17 0 19 10 2 19 24 21 27 23 17 26 4 19 20 15 5 4 25 24 27 11 15 6 5 28 8 26 9 19 29 23 0 27 24 0 6 30 28 22 7 11 27 24 15 4 3 4 4 7 3 13 17
16 12 13 26 6 7 10 16 1 25 19 0 7 9 15 12 18 6 9 18 20 6 11 17 2 9 29 22 4 17 2 15 20 29 29 0 15 29 12 15 29 10 5 24 0 17 8 6 28 20 5 8 18 30 28 8 10 23 24 3 10 18 30 5 22 17 11 14 17 10 24 29 5 25 17 20 3 0 8 10 10
21 15 28 24 14 20 20 10 18 26 30 15 9 0 27 23 17 17 2 25 18 28 6 2 15 10 29 19 29 25 5 8 9 10 29 15 22 30 3 22 10 20 7 11 12 9 26 23 16 16 19 8 8 28 15 21 11 17 2 11 5 13 19 12 15 10 20 30 20 16 7 17 17 7 17 10 17 0 2 8 12
17 30 26 11 6 5 25 21 18 2 17 26 12 23 18 20 26 27 4 1 19 29 22 9 4 23 25 8 20 25 27 7 26 27 8 26 9 3 12 3 18 10 16 5 21 25 1 2 19 20 15 29 12 22 11 29 18 20 22 1 3 9 22 24 0 8 11 4 21 10 13 22 0 23 1 9 17 21 13 29 5
18 9 8 2 8 25 3 10 8 22 7 27 12 14 22 4 29 4 10 12 11 13 18 13 14 17 9 9 30 24 27 9 22 6 15 8 16 24 14 1 19 17 22 2 2 27 30 30 30 4 8 5 16 30 12 21 3 23 1 13 18 8 3 12 27 19 2 26 26 26 29 9 25 24 13 13 8 21 19 9 29
18 16 4 17 26 11 22 3 25 17 2 8 15 25 11 13 9 27 26 21 22 17 21 7 23 6 9 14 1 25 28 19 5 17 5 1 2 13 9 19 13 16 14 15 30 25 1 6 25 27 25 14 12 6 7 7 7 5 25 6 12 29 14 26 6 29 23 8 25 12 8 20 22 17 23 22 18 13 28 9 25
0 23 13 1 6 21 3 6 27 25 17 12 26 13 29 28 3 10 23 12 10 3 9 10 28 23 6 30 4 10 14 16 5 12 1 0 8 9 0 23 14 13 23 13 2 8 19 17 29 7 10 10 3 9 30 10 21 18 28 25 5 5 3 2 29 17 22 19 29 1 21 0 0 16 30 7 4 4 28 13 12
14 30 11 22 29 3 19 10 30 23 3 17 17 7 29 8 6 5 24 21 7 27 4 21 7 8 11 2 17 26 7 11 19 17 25 19 19 25 23 6 1 23 1 20 0 30 9 27 8 5 29 10 12 29 27 11 14 2 16 5 3 7 6 9 21 26 3 4 6 10 6 17 20 7 16 6 25 6 3 0 6
8 9 28 8 17 23 8 17 28 11 28 1 15 5 14 23 16 14 27 24 5 10 27 0 12 29 4 12 8 24 17 4 9 4 19 0 20 12 13 20 10 23 29 15 23 17 26 5 29 23 16 20 9 30 20 24 24 15 30 29 24 23 12 2 13 12 11 11 17 21 6 14 12 11 19 18 25 24 7 17 25
2 14 15 22 6 25 18 18 16 18 4 6 14 1 11 17 19 28 13 19 12 19 8 15 22 0 8 2 30 8 11 0 13 14 15 27 3 11 13 18 17 19 25 1 22 3 26 23 21 25 8 9 17 11 9 19 29 14 25 21 23 4 18 27 9 11 19 15 17 19 0 24 13 10 9 13 7 24 7 12 1
28 5 20 12 22 28 6 28 19 29 27 4 2 26 29 13 21 16 23 8 6 28 3 27 17 1 3 24 21 11 10 1 4 26 15 10 12 30 12 2 12 8 13 27 14 8 26 11 7 6 7 12 9 1 6 21 14 2 1 5 4 1 22 8 17 8 25 8 0 6 26 11 26 20 14 0 3 1 14 28 29
22 30 15 10 0 10 6 1 24 24 20 4 15 13 20 2 9 4 18 14 24 11 18 27 0 4 26 12 1 13 12 27 19 24 18 0 24 10 0 6 12 11 25 26 14 13 7 18 14 22 19 9 19 20 26 19 22 6 26 4 0 9 26 5 8 16 24 4 21 23 4 12 10 23 6 6 2 26 9 22 20
23 17 29 8 3 5 16 11 2 19 6 28 3 12 21 19 19 5 26 21 17 29 8 2 5 14 27 30 10 7 30 7 2 30 5 30 15 3 26 12 0 9 5 14 30 3 13 3 10 7 9 26 13 14 17 18 28 11 0 0 16 12 12 23 5 6 30 25 14 5 14 22 11 1 9 28 1 5 26 30 28
21 3 8 28 28 18 27 6 18 11 29 19 30 15 15 10 6 11 25 12 6 18 29 17 1 13 13 9 7 27 0 2 14 18 14 6 18 7 7 24 24 20 27 16 20 28 18 0 4 26 0 7 12 25 20 11 26 14 5 22 27 5 18 25 5 11 9 27 15 12 30 7 29 22 16 27 16 6 17 6 6
18 8 2 11 23 3 4 3 23 14 5 12 7 0 28 30 11 26 20 20 2 25 29 6 25 2 27 13 5 16 21 12 19 25 18 30 25 25 18 0 29 24 25 24 4 19 27 11 23 27 10 11 22 4 21 0 18 7 4 14 17 2 21 12 2 25 20 24 26 23 17 4 29 27 19 12 9 20 12 23 1
3 10 16 11 6 5 11 14 28 6 9 26 18 2 0 13 21 3 28 14 21 19 22 0 2 1 24 29 16 24 24 7 21 12 6 29 0 10 8 7 29 28 8 17 7 27 6 24 15 20 1 1 6 3 12 21 11 7 1 6 19 10 28 20 19 14 23 2 27 24 24 9 19 13 7 15 30 15 18 17 26
22 4 21 13 20 14 3 15 17 17 11 7 23 0 16 5 17 22 12 8 25 9 0 10 16 30 16 27 21 29 5 22 7 27 11 7 24 8 0 19 15 27 14 8 25 14 19 10 10 22 5 12 1 2 1 6 18 15 14 2 23 22 13 10 8 14 8 16 27 20 18 23 13 8 10 23 22 7 10 14 21
29 7 27 11 1 29 15 3 23 16 17 7 26 29 2 30 1 20 19 27 15 9 0 19 26 26 6 3 11 15 20 0 10 1 4 23 6 21 30 7 20 9 27 28 10 12 21 14 19 15 16 2 6 23 21 6 17 4 0 8 3 6 3 5 6 29 6 21 29 21 11 21 8 24 29 5 11 23 22 26 23
12 17 16 3 4 7 24 15 16 4 30 2 1 28 2 5 21 27 28 16 4 18 25 28 0 18 19 30 4 1 4 12 27 1 9 28 14 1 21 2 26 6 0 18 11 25 7 22 20 18 0 1 0 7 11 1 18 2 26 16 30 1 15 13 30 27 0 16 30 28 1 19 14 20 1 22 11 3 12 19 29
13 19 30 4 23 13 21 26 28 26 19 28 19 19 11 19 13 26 21 17 18 23 3 5 28 1 22 17 23 12 8 12 7 25 24 5 5 13 16 30 3 0 21 26 22 25 28 11 6 25 7 10 30 12 13 6 19 14 19 6 15 17 1 14 8 19 20 1 21 30 16 2 25 7 1 18 22 3 21 21 15
30 16 3 17 11 16 29 14 13 25 19 12 14 19 17 10 30 8 21 4 28 13 27 29 26 25 27 4 20 12 1 10 14 27 21 25 3 10 30 22 25 21 18 3 25 14 19 4 10 2 6 1 9 16 23 24 12 0 28 18 25 0 15 15 14 25 20 30 15 9 8 6 17 29 4 10 4 12 17 28 28
8 23 30 15 13 29 13 8 4 28 27 14 3 1 9 25 22 8 7 3 20 22 11 7 29 17 19 21 26 25 20 18 30 7 27 21 12 21 18 5 16 19 13 29 7 19 19 0 13 22 24 8 26 17 24 3 3 17 24 18 26 27 7 21 4 30 14 20 28 0 30 15 20 14 10 8 6 3 0 4 9
21 5 28 30 25 28 5 16 13 15 20 6 28 22 15 20 25 19 27 22 3 5 22 27 16 21 10 17 2 9 24 10 27 6 1 21 2 24 14 16 13 30 14 17 18 14 16 10 27 9 15 28 6 28 18 21 17 30 30 9 17 27 15 0 6 2 24 14 13 26 16 16 2 20 21 5 28 19 4 4 1
9 14 1 22 0 21 17 18 30 24 24 14 1 16 17 4 17 30 22 17 13 24 25 30 23 21 15 13 4 23 1 16 1 19 29 20 17 3 11 1 14 17 12 15 21 6 2 25 23 26 17 22 25 18 10 14 22 1 21 8 16 12 13 19 19 22 17 4 22 14 7 23 3 14 7 22 30 19 16 25 8
25 0 19 11 27 8 26 19 15 8 10 20 21 30 1 29 20 4 2 24 1 24 1 8 11 18 19 3 22 17 18 13 12 21 22 11 6 24 27 1 6 27 25 29 17 29 26 24 19 5 6 19 20 9 0 15 10 5 26 29 17 15 10 24 26 2 28 23 12 30 11 20 26 6 23 10 26 20 17 29 22
15 27 16 25 24 4 0 5 6 2 16 17 25 30 5 2 7 17 6 8 12 11 20 10 26 22 0 14 24 22 30 15 18 0 19 22 2 13 16 20 3 13 23 0 0 14 29 23 14 6 19 9 12 30 21 18 29 15 10 25 30 28 25 28 22 19 3 16 26 0 10 18 21 27 28 6 23 9 30 2 6
29 9 21 21 27 11 26 24 21 12 15 8 20 6 16 28 3 22 23 16 4 22 3 15 27 7 24 28 15 23 25 14 10 26 10 0 19 12 4 3 8 0 29 19 2 10 6 30 14 30 28 2 0 26 29 7 26 29 10 29 28 16 23 0 13 21 14 17 12 7 3 27 21 25 24 4 16 1 25 7 17
22 6 19 25 8 20 4 1 23 30 5 10 16 10 24 0 28 15 24 18 11 7 2 7 1 21 9 10 21 24 20 24 10 18 12 9 17 27 7 1 23 23 22 18 1 19 17 18 7 2 25 30 20 11 20 4 18 2 0 25 18 7 13 12 5 24 27 8 13 14 0 21 26 0 7 2 8 25 10 18 23
11 14 18 14 17 3 26 13 15 29 21 30 29 5 0 29 20 19 29 23 21 6 30 1 0 13 26 0 14 19 10 7 28 1 13 13 20 6 24 29 25 11 3 12 10 8 6 8 8 24 20 24 10 10 5 17 17 23 12 16 14 5 0 5 26 21 10 23 5 16 13 23 30 17 14 30 22 18 22 19 13
9 0 6 17 0 27 20 13 17 4 11 23 26 17 24 22 1 5 27 8 30 12 19 22 18 24 21 5 5 24 29 19 3 20 15 1 4 17 18 5 23 16 4 28 18 30 23 18 26 1 14 5 18 27 19 3 20 5 22 3 26 14 25 1 25 19 17 23 10 11 25 19 2 11 25 16 15 13 1 6 30
29 10 22 6 14 9 6 10 23 2 19 11 17 23 28 5 28 28 13 6 4 20 8 21 3 17 10 30 0 8 0 27 29 20 11 26 17 0 2 8 4 27 15 26 7 7 16 18 30 11 20 2 2 16 10 24 29 30 14 12 11 23 3 13 9 18 11 18 9 17 3 21 17 20 29 25 9 26 3 12 7
22 25 23 27 23 22 14 18 18 6 5 1 23 21 10 6 19 26 28 13 0 23 20 30 23 0 7 16 30 23 22 3 3 19 14 17 6 22 9 23 25 26 16 30 21 20 8 8 29 19 12 20 10 29 14 3 3 28 20 25 16 28 2 22 10 28 22 11 8 7 16 8 10 11 18 15 29 3 7 9 25
2 7 29 4 29 15 12 10 2 17 14 12 10 2 15 23 20 1 10 10 6 28 19 21 23 24 21 3 6 21 29 16 5 8 22 21 24 14 7 25 14 27 17 21 23 2 14 21 13 18 30 29 17 9 25 15 26 25 22 30 12 20 25 7 0 6 8 21 18 13 20 25 23 11 24 5 20 28 8 27 6
16 13 15 2 25 15 6 28 21 30 7 24 3 17 28 2 12 15 3 2 14 5 1 29 8 27 19 11 18 24 9 15 27 9 30 1 28 12 24 4 24 23 25 21 6 3 11 21 30 24 13 13 12 8 11 19 5 19 7 21 9 15 8 8 18 12 9 2 14 2 18 4 17 7 21 15 15 2 0 1 12
5 21 4 10 22 11 29 15 5 1 27 13 19 23 10 10 7 11 25 14 17 3 19 22 8 22 28 23 9 6 21 19 20 24 12 21 12 5 7 6 17 30 3 8 30 3 22 4 11 24 2 20 4 19 30 10 30 15 13 18 3 18 25 7 14 0 3 16 20 20 19 7 8 8 3 2 18 7 29 11 3
13 23 30 18 30 2 11 30 6 5 6 26 10 6 18 26 12 0 17 11 18 26 7 29 23 19 13 22 20 7 16 6 5 3 29 16 17 28 10 1 9 4 18 20 14 30 20 4 4 17 16 27 15 26 8 27 4 9 27 12 18 0 1 12 11 0 28 9 8 23 13 14 15 22 18 10 8 27 9 2 21
21 2 29 30 17 21 5 15 22 20 19 17 15 4 15 13 10 15 0 30 1 4 3 14 26 12 9 8 5 19 6 17 23 22 7 6 14 5 19 24 23 19 24 29 25 24 4 5 20 28 25 16 30 5 23 2 0 29 18 23 18 27 22 11 11 29 5 22 2 13 15 25 1 18 1 3 28 12 1 17 27
9 1 17 21 8 24 23 14 2 20 5 4 28 0 0 9 17 18 23 4 15 30 22 27 13 8 9 25 13 9 27 6 10 20 10 22 29 10 17 17 16 28 29 16 2 6 24 4 25 22 5 6 20 1 6 22 1 30 20 3 29 11 11 29 24 28 20 29 0 24 24 0 5 21 24 14 7 30 29 1 1
23 6 17 3 27 27 18 7 26 26 21 8 20 2 29 13 17 14 9 16 10 18 27 26 23 16 15 14 26 2 12 15 26 6 27 28 27 27 16 14 20 5 28 22 21 1 29 14 23 2 29 25 2 5 9 7 20 12 7 19 7 9 24 23 12 0 1 9 24 24 30 23 20 8 23 17 7 16 20 23 18
20 3 22 18 15 25 20 23 1 11 22 27 6 11 0 27 16 5 25 18 6 10 13 19 27 3 20 30 14 15 2 23 1 0 26 26 3 28 16 18 6 28 10 6 0 3 28 24 18 28 8 25 0 29 7 28 5 20 26 8 6 5 21 3 3 21 22 1 14 23 22 20 9 16 13 9 10 9 6 25 21
11 22 15 25 10 21 26 1 9 18 18 10 20 12 7 20 24 13 24 4 21 24 18 15 13 0 28 22 7 10 28 21 28 29 6 28 8 1 4 17 24 7 19 22 15 13 16 6 28 21 4 23 13 17 15 23 6 17 27 2 16 5 19 14 11 17 23 30 13 20 7 3 23 30 9 3 8 7 27 20 18
24 23 2 3 17 27 27 29 19 0 8 30 30 13 18 10 19 0 26 10 26 16 16 19 11 1 30 29 15 9 22 1 12 17 26 12 8 18 22 0 7 3 28 23 12 0 26 16 9 28 9 28 13 20 19 23 18 0 10 30 30 21 17 26 10 28 16 16 20 17 17 23 25 20 16 24 3 21 30 15 16
5 1 28 14 5 11 3 30 12 7 3 3 4 23 11 18 14 15 21 30 28 30 0 3 24 1 13 18 24 23 1 13 13 4 4 6 21 17 18 21 22 9 9 4 17 8 3 17 18 19 7 29 14 3 5 8 21 25 6 4 23 18 29 12 19 1 8 29 30 9 29 2 7 3 29 16 17 11 30 2 14
30 20 26 14 11 21 18 9 2 15 19 3 22 11 4 18 8 16 21 0 8 27 23 27 10 14 15 1 17 26 23 15 15 24 11 20 3 4 12 25 2 3 21 29 2 16 0 8 22 10 14 16 22 8 20 10 3 27 13 16 27 3 3 25 24 27 0 17 21 23 17 23 9 9 20 28 28 20 1 24 28
28 26 30 2 21 17 19 28 4 5 18 14 14 12 9 3 15 19 5 1 12 9 0 6 28 27 15 23 22 22 27 9 16 19 30 11 22 17 23 1 18 2 9 28 2 9 19 10 22 30 19 18 7 6 12 3 4 28 21 17 27 23 19 10 26 26 29 27 17 3 25 11 18 23 17 20 9 20 10 27 8
28 25 27 3 11 2 7 22 21 14 26 7 24 20 27 21 4 11 1 30 12 28 23 23 9 8 14 14 23 19 3 12 3 29 6 25 15 10 14 5 30 9 2 9 17 10 11 27 25 29 0 23 30 19 9 5 18 2 18 29 16 16 24 9 29 10 28 8 29 22 7 2 9 15 5 23 26 21 27 19 10
1 9 13 14 10 7 8 17 2 25 8 27 5 29 13 4 0 30 1 11 19 16 3 23 21 22 9 8 24 27 12 7 29 14 23 18 18 11 8 28 1 30 2 7 14 22 13 5 26 20 23 9 18 6 12 5 14 2 23 23 10 28 20 6 28 1 30 12 28 22 4 8 25 28 10 24 29 17 18 18 18
29 24 6 16 18 0 26 18 20 18 15 17 21 12 3 8 22 13 4 3 7 28 14 12 1 26 5 12 23 21 12 30 5 29 22 9 23 13 16 6 18 19 18 18 25 23 10 2 19 5 3 3 22 1 1 23 6 12 26 14 29 8 22 9 4 14 29 18 9 19 25 13 14 28 23 11 6 10 14 30 28
7 9 17 4 17 0 30 30 20 19 4 1 18 16 1 15 17 26 10 13 22 23 2 19 29 0 6 26 20 27 4 27 7 8 26 2 2 1 18 23 6 5 3 24 7 15 21 14 9 0 18 15 30 6 5 16 21 11 12 2 29 16 13 25 29 0 9 3 20 15 26 18 25 17 24 14 3 14 0 11 5
10 0 1 14 6 13 23 9 28 6 3 7 9 8 28 21 7 3 15 3 14 14 21 29 3 20 24 23 11 26 1 7 15 3 15 14 14 13 17 16 23 3 28 10 17 12 23 10 18 10 11 25 18 12 24 2 23 4 13 11 11 3 22 30 18 17 17 15 27 6 3 27 28 9 18 15 29 30 11 12 19
19 0 8 13 21 7 19 12 4 24 16 12 6 26 29 20 28 25 22 10 11 13 14 1 15 25 7 8 1 3 14 17 26 9 29 26 7 7 13 6 19 16 8 2 24 27 8 17 25 14 14 1 9 30 22 25 4 22 22 3 30 17 13 24 29 7 21 24 18 20 22 27 22 20 26 2 20 2 12 26 28
