85 85
21 14 26 8 24 0 13 24 19 26 0 29 8 15 0 5 25 23 9 14 2 3 0 2 23 2 6 12 10 11 10 26 6 29 14 4 15 20 27 2 29 24 5 11 2 29 5 18 19 13 24 17 11 30 22 20 21 9 27 12 3 6 3 24 20 6 9 15 2 2 16 26 30 3 3 9 6 27 28 11 22 7 14 2 24
18 27 12 22 16 29 1 7 23 18 24 12 7 1 9 8 9 10 19 5 15 13 2 8 28 10 1 7 11 10 29 18 4 4 23 22 1 27 15 23 9 18 19 17 10 14 22 23 27 7 23 23 16 21 24 29 7 19 18 21 15 8 10 21 14 13 17 14 1 17 7 27 15 9 27 13 2 7 7 23 3 12 6 26 10
22 0 9 1 5 16 26 8 3 19 10 27 29 21 20 28 19 25 9 29 28 3 17 14 22 8 28 12 11 5 2 15 19 20 11 29 26 20 1 22 4 9 20 1 13 8 6 4 5 13 20 10 5 17 8 18 4 2 30 10 3 7 11 14 14 13 8 10 10 14 19 29 1 18 1 13 16 29 16 7 3 20 19 22 23
17 16 5 7 25 18 5 24 7 16 18 9 21 25 20 20 5 10 20 20 14 11 12 0 27 6 21 23 14 20 25 26 17 6 23 29 30 0 11 2 12 18 29 27 21 26 30 24 18 23 15 4 27 14 12 30 2 30 26 0 29 23 9 9 7 14 28 17 16 2 27 5 22 1 5 4 19 30 27 3 3 22 17 11 5
1 4 3 7 0 9 2 9 18 18 17 7 27 30 2 20 24 18 1 22 20 24 14 14 19 0 13 22 5 25 18 18 24 26 5 0 1 18 0 9 1 25 14 12 22 26 16 22 17 29 30 24 0 0 7 8 0 30 7 12 12 21 13 3 28 16 10 30 10 12 26 1 18 17 7 19 27 14 25 4 6 23 3 3 21
5 16 18 1 2 28 9 29 23 12 25 18 21 1 15 30 9 30 2 15 9 22 10 14 5 18 23 24 18 21 0 2 29 18 7 15 29 12 9 19 14 20 30 6 15 27 20 27 11 26 23 5 5 20 27 6 3 25 14 2 8 10 19 22 4 19 27 5 12 29 7 5 4 3 24 23 16 10 30 26 25 6 8 7 7
27 21 0 22 27 29 9 25 9 13 1 17 16 15 19 21 23 2 21 3 3 12 17 0 24 18 9 4 16 0 28 18 18 26 13 28 23 24 19 14 17 23 14 14 2 17 13 15 14 27 29 21 15 25 25 1 1 21 7 1 24 7 29 15 6 1 6 1 8 20 22 28 1 5 14 26 4 28 14 9 27 18 18 13 11
25 1 30 10 24 6 25 10 12 20 26 0 26 18 6 20 3 19 7 29 26 13 17 8 16 23 7 23 29 1 2 22 13 7 19 4 19 28 8 10 8 4 28 5 26 8 4 12 5 18 1 2 17 13 0 19 27 29 0 11 28 26 3 13 16 1 18 25 22 3 6 20 16 17 16 8 23 29 29 30 21 26 30 13 4
9 27 30 30 9 10 18 10 6 13 9 12 28 7 17 21 5 5 21 18 7 7 18 0 1 16 24 7 27 2 16 25 6 21 7 11 22 23 13 27 19 9 0 18 4 16 7 25 5 9 27 18 10 26 13 14 20 0 13 12 16 16 4 1 9 16 19 10 10 6 13 12 9 11 17 0 2 8 20 10 29 10 13 17 0
6 28 27 14 17 23 26 30 19 6 7 8 1 22 19 1 10 27 7 16 22 11 17 21 21 15 20 11 23 8 7 4 28 6 8 30 7 14 27 13 17 26 20 13 7 14 4 14 20 15 20 15 6 26 2 25 7 9 4 23 26 22 16 12 18 6 14 22 26 18 20 21 18 25 26 0 29 19 2 26 17 19 19 3 13
11 23 28 5 10 25 26 11 28 20 19 12 7 29 27 12 5 18 6 7 29 21 1 16 9 27 2 1 17 26 1 5 2 10 14 0 22 24 28 8 1 6 10 20 18 4 16 8 20 10 23 11 30 25 13 29 10 29 8 1 28 6 9 8 11 2 21 10 20 15 22 28 18 15 22 3 17 17 24 2 19 25 21 10 21
8 3 14 3 25 29 5 12 16 3 16 20 9 8 4 30 21 2 11 27 29 9 7 7 30 30 23 28 30 28 8 10 25 23 27 27 7 14 5 29 14 0 5 3 12 5 8 23 18 10 15 20 6 27 12 19 25 4 25 28 6 28 6 10 3 13 3 24 15 21 28 7 30 28 10 8 17 19 25 8 30 13 28 3 13
27 29 11 11 6 15 20 27 22 8 23 25 6 23 27 4 12 3 21 9 7 17 9 8 10 23 18 15 10 17 26 4 26 14 28 2 16 23 28 4 26 1 7 0 17 29 2 13 18 17 25 11 9 0 15 21 19 28 20 29 29 5 30 16 20 24 15 29 1 24 27 30 19 20 2 3 13 13 18 30 15 10 18 11 20
17 29 22 10 18 24 2 1 25 16 1 12 30 28 13 6 29 8 8 28 25 3 13 19 27 3 28 16 21 21 1 20 19 23 14 10 3 21 5 23 25 1 0 17 3 1 13 30 9 25 10 22 26 30 27 14 12 8 30 3 12 24 13 7 26 8 4 12 20 30 18 15 29 2 7 25 12 0 25 27 4 20 15 17 24
24 1 24 10 27 2 26 29 1 22 28 17 19 30 27 28 24 3 29 19 30 16 7 22 3 25 13 27 20 11 10 12 9 26 29 14 8 29 23 16 18 30 13 9 25 3 30 14 6 11 10 10 27 23 11 12 24 9 5 28 13 5 21 18 26 30 24 15 28 11 13 2 2 8 27 2 12 14 7 17 1 21 21 27 3
12 22 1 10 21 5 0 0 29 27 23 19 9 9 5 16 21 18 17 22 5 19 16 7 9 8 12 3 18 28 5 17 14 13 13 25 13 12 3 20 12 8 7 6 0 3 1 30 13 19 5 11 12 30 22 22 26 1 19 26 12 24 3 21 23 23 5 22 3 29 8 21 11 1 20 13 30 25 12 24 11 11 13 8 14
12 22 24 8 18 30 25 18 16 11 20 8 14 11 4 19 27 9 21 14 0 22 14 7 29 28 5 0 29 28 30 12 7 10 26 11 4 16 3 18 28 4 30 27 2 16 21 20 25 17 15 4 21 22 23 16 19 4 23 0 25 11 11 3 4 18 8 27 2 11 3 20 2 2 28 2 13 21 19 28 17 6 24 3 2
1 29 12 28 13 23 6 25 3 7 24 28 24 7 26 18 24 2 23 21 2 14 21 2 16 18 17 22 18 27 28 13 4 19 22 25 30 10 20 19 16 26 6 11 4 29 23 30 26 9 0 11 27 7 29 30 8 21 29 15 3 10 12 22 1 13 16 6 0 28 12 26 4 21 26 29 29 5 12 29 12 27 8 30 24
28 9 20 20 13 0 3 18 30 0 8 11 14 23 22 1 4 8 21 1 9 6 9 7 15 4 2 0 24 16 9 4 1 11 20 21 1 19 12 4 10 17 17 12 13 14 10 28 17 8 13 21 0 24 18 29 22 5 23 26 0 13 27 27 13 10 8 16 6 17 15 21 18 22 27 20 3 27 6 14 27 5 4 22 11
10 12 0 1 16 8 18 22 20 19 0 3 13 9 15 26 2 5 12 8 20 7 7 18 23 0 5 14 0 8 5 27 27 21 23 5 9 7 6 28 22 3 5 25 3 3 3 27 17 5 20 25 1 7 22 7 0 0 4 16 4 25 30 3 1 22 12 25 30 24 18 24 10 7 5 24 25 23 0 22 22 8 0 20 16
4 9 5 19 13 12 13 11 26 5 20 20 25 2 10 5 15 17 23 25 17 7 28 19 1 17 19 7 20 12 28 28 14 30 26 9 21 11 22 19 3 20 16 7 30 26 21 19 5 22 10 17 21 8 28 7 20 25 26 28 18 18 26 7 20 3 3 2 5 12 19 4 19 22 27 10 23 10 10 2 20 18 14 26 6
9 7 10 22 17 20 23 6 1 16 29 0 1 30 25 30 7 28 4 1 3 14 25 14 22 17 6 17 15 17 26 1 24 26 4 29 29 20 27 6 22 27 0 18 5 12 10 15 14 26 19 30 21 16 12 28 6 12 4 10 27 24 18 3 8 13 8 23 1 28 16 18 22 23 23 25 6 27 21 8 15 26 14 8 22
22 12 18 10 29 29 25 27 29 23 24 30 13 15 9 14 2 8 2 7 0 17 12 8 15 4 26 27 16 9 3 28 12 21 19 24 11 5 14 10 19 26 19 4 5 19 7 5 14 17 20 2 3 23 27 21 9 29 11 30 19 2 21 9 20 26 0 27 9 28 19 19 30 22 13 30 5 25 9 14 29 7 15 24 12
14 10 12 30 1 19 27 29 16 28 27 20 14 15 7 12 17 9 13 1 18 24 8 18 12 4 5 20 22 3 13 2 29 9 17 6 0 15 27 4 3 18 20 24 17 1 14 9 21 19 17 22 25 6 12 0 9 21 12 26 9 0 13 21 23 11 7 16 30 9 21 19 10 18 10 21 19 6 13 24 25 0 1 22 10
12 1 14 28 25 7 11 23 16 5 29 23 4 6 14 20 8 1 11 25 17 14 27 21 7 18 24 8 29 28 1 0 5 26 15 20 14 3 30 13 15 28 5 1 18 3 23 8 12 14 14 22 30 7 26 29 17 25 22 17 10 3 24 19 19 8 12 5 20 15 11 4 17 2 18 2 30 30 30 22 3 1 0 12 28
15 0 9 3 15 22 17 16 4 3 16 8 24 7 1 10 7 9 7 16 9 5 13 11 18 29 21 28 11 25 10 0 9 26 4 1 24 11 25 12 11 11 1 6 23 15 19 21 20 10 20 19 18 12 3 4 25 3 8 14 15 21 17 10 27 1 9 16 19 15 10 4 1 7 9 1 8 19 23 29 24 11 6 19 9
20 13 26 21 11 2 30 12 18 16 20 4 7 29 6 12 14 9 19 17 16 16 27 4 11 25 16 5 20 25 5 1 17 27 10 15 21 20 14 26 4 17 19 12 12 28 11 11 3 1 18 13 16 21 17 27 12 21 3 1 3 4 24 19 21 23 23 24 18 30 6 2 7 22 12 1 4 6 2 19 27 30 0 13 15
22 20 19 7 1 12 15 7 20 28 16 14 4 26 12 27 10 24 28 5 6 27 3 16 17 2 8 28 13 27 13 0 1 4 0 12 30 10 22 18 27 14 25 12 20 9 22 29 10 19 7 27 8 27 17 17 30 3 4 21 24 3 18 1 2 2 18 29 7 25 23 18 18 21 11 29 19 18 16 5 1 14 10 27 30
25 25 1 21 5 6 20 7 9 11 30 9 3 23 28 4 29 24 25 25 22 17 22 0 2 28 11 29 14 6 27 7 21 16 25 2 3 18 30 7 26 16 5 11 3 13 6 18 20 15 8 22 6 15 13 0 24 25 0 28 29 3 23 23 28 2 12 19 4 19 24 15 8 26 17 13 26 1 24 12 1 29 17 0 5
13 10 4 7 25 6 18 19 10 17 3 14 9 22 6 5 12 5 10 29 25 12 24 27 21 3 19 22 0 24 27 18 5 9 11 29 28 16 4 5 12 20 21 8 25 0 3 10 8 17 21 5 13 29 11 9 21 25 7 20 30 15 27 2 27 1 22 13 7 24 7 22 2 20 1 11 7 0 24 27 3 20 1 17 21
7 14 6 16 25 5 4 9 25 6 16 20 27 13 11 0 24 3 4 1 0 7 23 13 29 10 2 13 14 28 1 12 29 1 2 6 14 12 26 30 8 14 30 21 26 24 4 19 29 6 20 0 24 18 13 22 20 21 17 20 7 18 2 29 24 26 20 19 11 27 25 18 14 19 27 7 15 28 22 17 29 9 15 14 26
17 11 28 13 22 10 5 25 9 8 22 16 30 21 11 2 9 16 17 5 18 19 15 23 21 10 15 26 29 5 23 8 25 9 19 22 13 11 7 3 0 28 1 27 2 11 13 0 10 5 15 8 12 6 17 6 1 14 6 18 29 26 3 10 18 20 11 16 17 18 5 13 22 20 6 6 16 12 1 26 17 3 11 28 6
3 6 9 27 17 12 13 26 13 18 3 26 5 20 2 21 11 7 25 24 1 26 14 1 6 9 21 24 18 3 15 13 24 27 24 17 29 21 21 0 17 6 5 10 12 30 25 2 27 10 3 1 4 6 17 15 30 7 11 26 15 12 4 22 2 11 16 30 3 21 6 7 21 5 24 2 3 23 29 18 12 4 6 22 27
11 11 10 8 11 11 19 15 4 0 27 0 19 10 15 29 1 28 28 9 26 23 22 28 17 23 13 9 7 28 5 6 3 3 25 5 23 5 30 0 2 8 6 22 11 22 8 0 28 29 14 25 25 3 9 28 27 21 1 4 16 12 14 28 24 17 22 5 21 4 10 13 28 28 27 10 18 27 10 27 6 18 19 17 12
11 1 23 12 17 21 8 29 20 11 7 17 24 19 4 1 5 0 8 11 4 30 10 0 11 13 0 28 23 1 28 18 14 7 20 4 23 12 22 23 26 1 25 0 28 28 29 15 13 14 5 8 8 24 10 27 16 18 16 15 25 23 30 6 22 14 25 28 1 12 6 17 19 30 29 13 1 11 27 16 18 30 8 7 16
27 7 17 17 11 30 25 8 19 23 20 10 21 17 25 4 12 17 17 26 22 23 5 2 29 26 6 11 24 13 26 3 28 14 1 8 1 7 2 21 22 8 13 21 12 10 13 26 26 18 0 30 30 24 14 7 14 28 13 8 5 28 24 4 28 7 12 12 21 2 4 27 3 10 30 28 15 4 20 15 17 21 6 25 2
19 2 18 11 23 19 4 30 25 17 10 20 18 21 29 5 7 19 1 16 4 29 4 12 22 10 23 13 7 3 7 8 17 18 16 4 27 29 20 3 1 7 22 28 11 5 23 22 6 29 0 5 5 24 20 18 7 18 25 24 7 18 28 23 0 17 20 6 14 19 4 23 30 6 5 1 9 7 18 28 8 1 15 9 9
20 30 18 30 15 21 28 1 5 19 13 27 11 21 2 22 2 13 2 21 22 12 28 14 5 15 9 0 30 0 6 27 6 1 5 17 18 21 16 12 4 26 12 25 25 0 18 20 7 9 13 4 2 6 18 14 15 21 13 17 4 19 25 26 10 24 30 5 4 14 10 27 12 3 23 8 2 18 27 22 2 14 2 26 9
2 20 7 15 13 7 27 16 23 20 13 14 18 3 5 30 9 16 8 6 15 9 12 15 19 22 16 18 10 10 10 24 9 8 8 9 16 12 3 22 6 9 1 27 27 26 19 16 1 3 18 13 11 27 23 0 8 24 20 12 30 22 30 4 19 20 1 5 21 30 3 18 2 23 29 4 7 3 5 18 11 5 12 18 1
7 17 26 15 17 26 8 10 29 15 15 8 9 6 24 29 20 1 15 9 19 24 20 30 13 20 14 11 20 19 5 26 15 30 15 8 16 27 25 2 17 9 21 9 16 27 25 20 27 22 0 7 6 12 14 28 4 6 4 7 29 4 7 7 24 3 12 21 21 13 22 16 26 22 14 17 22 10 5 4 7 6 19 17 6
23 23 13 22 24 10 18 23 24 2 7 7 21 2 26 4 4 22 5 24 8 23 9 25 22 15 3 9 5 20 5 29 14 27 6 7 26 11 25 2 18 16 5 1 18 12 0 28 26 15 26 16 9 22 5 9 27 18 21 21 29 30 17 14 11 10 13 0 7 29 6 20 22 10 17 30 8 2 0 6 11 11 1 17 26
5 18 29 0 21 4 21 3 26 7 13 3 3 16 7 30 18 3 12 9 10 24 11 29 7 8 8 27 28 6 23 16 15 6 3 24 19 7 12 19 7 26 10 11 11 19 15 21 6 29 2 29 4 10 9 23 14 13 2 29 14 23 25 22 13 3 4 25 15 30 24 30 20 21 3 26 19 12 11 15 5 3 3 14 17
24 13 7 12 24 4 19 6 25 1 8 28 27 11 0 2 30 29 30 29 24 2 3 20 29 22 8 19 25 21 26 21 9 20 9 1 17 22 0 26 27 23 8 8 25 29 30 12 5 23 30 30 21 30 29 30 22 3 23 28 2 2 20 23 26 1 27 4 3 11 21 21 26 17 0 0 22 5 2 26 6 30 24 10 0
17 17 30 1 24 27 25 30 20 26 5 16 2 30 8 27 11 24 12 2 17 16 20 5 29 1 30 24 3 12 28 25 29 9 19 25 1 12 30 6 20 20 1 20 13 21 14 9 7 13 12 26 19 19 16 14 13 27 8 22 17 6 14 15 14 8 15 29 6 7 2 9 14 4 10 24 16 23 28 16 25 3 15 27 12
8 28 9 3 7 4 10 19 14 10 8 16 17 7 0 15 2 29 10 2 11 5 5 2 5 19 22 12 26 17 26 28 12 24 8 3 9 22 25 2 8 15 9 9 1 21 3 7 19 18 17 30 24 17 13 6 12 15 9 12 28 30 30 16 0 10 10 26 0 10 7 22 14 7 25 23 7 27 11 18 27 3 7 16 4
24 9 1 5 11 15 16 10 15 27 14 28 12 17 20 19 24 15 23 8 21 11 26 11 2 13 26 16 24 6 17 0 20 0 13 0 8 21 4 18 1 23 12 11 1 16 23 7 26 22 19 17 8 26 0 10 29 12 24 20 18 15 0 20 7 26 26 18 20 1 25 14 14 20 5 30 30 3 12 11 3 5 30 0 24
22 15 25 10 6 19 29 19 16 20 20 17 26 19 27 20 9 23 7 10 12 23 6 7 14 17 21 9 3 22 28 20 28 5 0 22 12 11 25 1 15 10 1 3 3 17 6 11 25 0 10 19 1 28 28 30 24 15 29 15 13 20 26 8 7 0 8 2 13 22 29 23 18 16 24 24 19 17 30 29 0 20 15 11 17
26 22 7 11 8 3 1 9 16 8 8 26 20 22 7 15 13 6 21 5 3 30 17 25 10 11 10 9 5 9 12 29 24 25 1 16 4 0 11 15 24 24 7 8 1 10 29 28 1 26 1 5 3 18 19 2 21 26 0 1 30 8 17 4 9 29 3 8 16 16 2 19 19 14 13 9 15 6 15 20 15 9 29 12 4
9 23 28 3 7 7 23 0 17 11 7 0 26 29 27 20 18 18 6 0 27 2 7 11 30 0 24 30 3 15 18 10 10 16 11 7 23 17 11 6 6 20 28 29 26 18 23 12 12 15 29 2 23 8 13 3 1 25 21 30 9 29 7 20 2 19 28 24 19 3 30 9 25 9 15 12 15 2 4 23 19 20 17 6 8
26 29 4 10 9 30 6 25 30 6 11 29 1 23 4 22 15 8 26 16 0 15 19 25 18 8 30 8 19 1 23 21 5 23 6 5 29 6 22 11 15 15 18 15 12 15 18 0 27 25 28 17 0 12 28 17 14 28 5 26 11 26 15 16 3 20 6 13 2 15 21 9 8 0 28 0 20 8 14 21 3 18 27 3 23
0 4 27 27 29 12 9 2 3 17 30 29 15 27 29 13 17 10 5 26 17 11 13 13 5 14 29 7 1 17 6 28 10 4 8 22 23 9 4 0 15 0 2 4 30 3 17 23 15 22 30 27 27 11 4 17 2 26 28 28 9 21 25 7 14 27 12 25 19 28 18 9 19 13 18 15 4 3 1 16 25 23 12 16 16
2 20 30 10 5 8 19 7 9 19 18 20 28 6 17 3 15 1 16 0 1 27 1 30 14 21 24 14 25 15 15 13 7 0 1 27 29 4 0 16 21 9 2 25 4 8 5 1 25 3 19 21 13 19 22 19 2 4 28 3 30 1 28 24 7 4 16 18 13 27 19 14 9 20 18 22 17 10 30 23 3 30 20 12 23
16 4 3 15 5 23 22 18 29 2 21 1 12 8 18 8 11 4 22 10 8 12 6 24 30 11 30 19 27 8 9 19 11 14 30 9 19 6 8 8 18 20 1 24 13 6 12 30 11 13 29 13 29 23 20 0 20 19 2 14 28 22 6 4 13 23 18 7 19 23 2 25 16 7 29 0 8 23 11 26 3 26 24 22 1
22 17 23 16 8 17 18 4 27 13 14 4 25 21 26 20 27 1 30 6 7 3 22 11 26 1 3 2 8 12 18 2 17 2 24 7 25 30 10 30 19 6 5 14 12 16 24 25 7 0 28 1 12 13 27 26 21 3 18 11 0 6 5 23 3 11 16 15 14 8 2 17 6 23 23 13 17 5 21 30 19 3 0 2 26
29 3 13 16 16 20 12 21 20 12 26 20 20 19 5 14 2 23 27 30 20 8 18 13 19 8 16 20 4 8 0 29 15 0 1 17 16 25 25 17 2 24 8 6 24 8 22 22 28 8 11 0 23 15 16 25 25 21 26 7 8 12 29 8 20 0 0 19 6 7 15 18 2 30 28 4 22 30 25 23 6 3 26 7 7
10 24 25 27 15 23 23 9 0 21 23 16 24 3 21 14 29 0 27 30 15 18 24 29 3 1 14 5 30 21 6 25 24 2 1 4 14 25 20 3 14 17 4 25 15 13 18 27 7 8 5 1 28 0 25 29 3 6 10 8 15 17 2 12 23 30 18 9 5 9 10 24 21 3 7 4 28 28 1 19 14 27 24 23 8
2 0 29 28 11 17 12 17 3 30 1 17 30 14 13 0 18 7 13 17 17 10 23 9 12 9 21 5 19 16 25 1 12 16 21 6 28 24 23 29 26 20 13 12 16 0 23 16 12 21 1 29 4 27 22 15 24 28 8 22 20 21 30 30 1 3 16 15 24 21 18 11 17 13 20 20 4 18 7 5 7 13 24 19 16
2 30 25 3 17 8 23 20 8 25 25 4 16 11 15 5 2 2 22 17 7 7 10 14 16 11 10 13 27 14 20 11 18 10 8 25 16 7 10 1 3 12 2 2 15 13 2 27 20 17 24 19 20 17 1 9 12 26 3 22 27 2 15 1 20 26 23 28 21 30 14 19 4 29 18 8 19 25 14 5 9 24 14 3 14
13 2 17 28 9 20 8 16 15 21 0 30 19 6 29 19 27 25 3 8 11 25 25 9 16 21 29 1 30 5 21 29 27 13 27 13 29 2 30 24 17 22 0 7 30 30 21 11 3 2 15 13 5 18 15 12 9 25 3 1 7 17 1 2 8 9 25 15 27 3 16 3 27 6 8 19 24 24 28 28 19 9 30 5 21
25 18 12 0 8 9 6 15 29 30 19 16 24 27 21 14 9 21 9 17 29 15 30 29 11 16 29 23 9 19 13 20 4 30 22 26 13 30 25 21 11 21 9 24 17 7 18 18 2 3 0 29 16 8 1 25 10 21 27 9 11 17 13 20 30 11 20 23 25 10 18 2 8 27 22 13 7 27 23 10 21 15 27 23 6
2 11 0 17 29 26 2 11 20 3 17 9 8 25 20 7 9 16 7 6 16 29 10 17 26 27 19 8 9 2 6 13 20 4 25 24 10 3 0 2 20 12 18 22 24 28 27 25 25 28 7 6 28 9 1 4 7 26 25 18 6 15 1 19 4 27 19 0 29 0 17 6 24 27 29 30 20 23 0 30 7 26 12 0 22
20 9 19 11 14 1 12 6 18 6 12 20 11 10 3 1 4 10 27 12 9 7 26 18 1 27 20 11 14 9 13 15 11 3 30 4 5 7 1 24 28 3 18 9 9 4 23 27 25 14 27 15 21 22 12 2 19 16 5 9 12 9 26 7 13 22 3 13 21 19 26 19 11 15 4 6 13 12 24 12 15 28 6 28 10
23 4 27 3 11 16 17 10 24 24 14 14 14 3 2 3 0 7 23 12 3 27 7 1 11 7 12 16 28 17 27 26 13 30 21 16 15 15 2 16 21 19 18 7 5 29 22 16 25 19 30 24 2 18 1 7 18 15 27 17 0 7 3 9 19 10 24 7 21 30 1 16 5 6 7 4 23 25 23 19 15 28 1 14 2
22 20 24 19 12 15 20 10 20 23 3 1 14 7 20 28 25 7 13 5 22 10 0 14 15 11 10 30 28 19 14 28 10 7 29 10 29 23 22 6 20 29 0 9 1 8 18 13 29 30 18 5 3 1 20 4 30 2 27 16 2 22 26 20 18 30 16 24 22 14 10 11 9 13 6 10 12 20 22 1 21 29 29 24 28
5 20 19 9 10 25 20 27 6 26 30 29 26 4 6 29 30 14 14 3 13 9 5 22 18 23 9 10 1 3 18 7 10 16 16 16 17 29 22 28 4 9 21 16 19 26 11 11 30 11 7 7 10 10 19 6 18 24 17 20 10 24 2 23 7 7 29 1 4 3 17 27 12 28 21 5 8 7 21 26 22 3 22 26 13
0 10 13 25 29 8 12 1 11 16 16 19 1 11 3 22 12 23 4 27 17 10 28 4 25 17 26 7 6 6 23 29 2 27 22 13 11 26 6 30 11 18 22 22 15 14 4 3 24 23 11 9 26 5 8 16 11 4 12 18 23 25 12 14 1 25 28 1 21 14 15 26 24 1 10 20 12 8 1 25 24 29 29 22 18
28 27 6 2 29 16 21 29 0 27 27 17 26 22 16 25 21 13 12 25 0 11 4 21 29 18 15 18 2 30 1 10 28 6 19 26 28 1 15 5 2 19 28 3 22 17 1 8 18 29 10 29 1 10 29 4 15 13 10 16 29 29 26 28 15 26 22 6 17 15 14 30 19 19 25 0 17 23 8 4 17 20 19 10 25
0 7 19 9 0 26 30 23 30 2 14 28 18 24 18 3 18 9 20 26 19 29 21 17 28 4 28 26 8 23 4 25 8 24 20 7 17 26 30 2 0 6 18 9 6 28 15 22 9 20 10 5 30 23 7 7 9 19 19 23 6 28 4 21 6 25 19 2 10 27 3 29 21 1 9 19 15 8 28 9 28 5 25 23 19
24 8 28 14 15 22 26 20 12 16 4 24 17 12 4 7 30 5 25 19 20 20 8 3 12 21 21 10 25 21 20 8 17 10 25 9 18 9 17 7 25 16 4 20 15 20 28 18 16 19 12 9 23 23 9 24 20 10 24 22 15 28 24 9 19 28 11 24 4 5 6 16 17 17 20 0 24 2 28 19 21 12 21 11 12
30 30 9 10 7 21 6 23 12 13 13 19 15 12 26 7 7 4 27 21 3 21 17 19 5 27 15 4 19 12 0 18 18 2 7 26 22 19 3 20 5 26 28 2 22 7 21 28 2 22 29 30 30 1 22 18 27 15 9 24 9 6 13 30 1 22 23 14 8 2 25 0 10 4 15 18 3 21 10 1 1 14 2 1 30
10 29 23 6 28 4 28 12 20 7 11 15 14 27 3 14 1 19 4 5 17 16 24 27 12 19 20 4 21 19 29 27 6 19 27 2 19 5 7 28 11 0 14 27 2 2 22 2 11 26 3 23 25 21 24 8 28 30 0 10 5 21 19 13 30 8 23 1 18 29 12 30 22 28 0 24 10 16 24 22 27 22 5 0 0
30 1 21 0 29 10 20 27 1 5 7 11 13 0 9 30 15 19 6 12 27 21 29 23 17 11 26 30 11 13 2 4 18 19 8 22 23 30 19 2 16 17 0 3 24 19 8 30 13 29 6 3 21 17 19 26 17 7 10 24 18 29 1 30 17 12 17 7 24 20 15 24 9 20 11 3 25 25 6 9 22 6 0 14 22
0 4 1 26 6 14 14 22 7 7 24 24 30 10 25 22 30 12 26 12 15 16 28 7 1 18 29 1 24 17 2 5 13 27 18 0 17 29 13 27 27 1 0 13 8 10 6 16 19 4 22 4 28 20 20 2 29 25 13 11 30 0 1 22 24 3 30 0 3 12 10 28 11 20 10 21 19 10 11 17 8 19 27 27 18
4 11 11 18 11 18 3 23 19 13 26 6 6 17 16 24 3 12 26 4 6 20 21 15 21 2 11 20 15 6 25 15 3 0 18 29 23 16 23 20 3 17 25 26 27 2 12 4 25 1 9 6 16 21 11 7 2 11 2 17 28 16 20 13 19 3 25 30 22 23 25 20 7 14 9 24 29 19 28 8 8 28 14 23 24
16 8 12 5 12 3 1 25 30 22 11 28 10 5 22 16 28 22 4 5 26 10 11 21 29 15 23 17 4 5 15 14 9 14 5 11 12 9 28 15 24 28 8 5 11 26 5 0 23 6 27 2 4 13 11 18 15 13 29 10 11 16 14 16 9 1 19 11 29 25 2 2 1 1 6 6 24 26 10 15 22 27 30 4 30
12 9 11 13 10 29 17 17 24 16 0 29 16 25 10 1 19 13 12 1 5 26 10 13 14 27 25 12 15 26 15 23 1 24 18 22 25 4 1 18 16 10 26 4 22 18 13 23 23 29 10 25 21 19 17 28 10 16 15 20 19 12 26 16 0 22 21 26 13 7 15 12 17 3 18 9 6 30 16 23 27 26 15 12 26
5 27 17 1 22 7 11 3 1 17 10 25 18 16 10 10 17 30 13 11 29 12 10 8 6 15 3 23 13 26 29 17 30 24 6 11 5 2 18 16 0 26 14 20 18 13 27 7 26 15 15 0 6 13 8 12 15 9 20 19 19 18 7 20 7 29 16 4 5 13 1 25 22 6 25 0 19 10 20 0 9 20 4 12 25
12 7 19 14 2 26 26 20 4 21 16 29 5 3 14 0 2 11 0 27 28 13 25 0 10 12 27 11 28 10 23 14 10 25 9 25 16 12 13 11 18 16 17 20 24 2 9 9 19 0 13 22 1 1 25 2 29 15 30 15 4 7 24 19 0 12 30 1 0 27 19 10 30 19 5 3 6 20 25 14 12 6 29 25 7
11 13 3 9 16 8 7 11 23 16 18 13 4 21 29 22 26 15 13 7 24 28 6 21 0 18 3 29 15 26 0 5 1 11 20 22 1 29 27 27 15 15 25 14 1 17 8 18 6 29 27 14 22 3 12 5 22 14 12 29 9 3 27 5 20 25 12 11 7 18 7 2 13 25 21 6 3 17 5 26 30 21 14 13 11
4 30 5 17 0 16 17 13 11 27 5 27 15 2 5 19 23 12 23 20 17 2 22 2 16 24 0 3 13 3 23 15 19 5 13 25 5 18 30 27 23 21 24 28 22 0 28 1 10 5 12 10 7 10 29 5 6 0 29 28 24 0 5 18 2 0 10 10 2 1 13 25 20 8 24 8 16 18 21 23 25 5 18 21 7
20 26 26 25 17 2 22 1 11 6 24 1 3 19 0 29 30 8 3 24 6 15 1 28 2 14 18 7 21 22 18 30 2 20 25 9 5 6 24 4 25 14 1 11 25 6 17 7 20 30 8 12 3 3 18 28 5 2 10 8 30 11 12 13 7 9 5 21 30 22 25 13 23 0 11 8 17 17 10 3 13 17 14 3 29
27 5 26 15 18 24 29 0 12 28 14 0 16 24 4 10 3 21 29 15 29 30 20 16 14 1 8 10 29 15 28 28 9 14 7 29 20 8 16 4 10 16 26 26 23 17 21 30 22 19 5 22 12 27 11 21 20 5 20 2 11 29 18 18 11 21 12 25 30 2 9 23 3 17 7 20 19 3 12 24 0 4 8 23 10
23 1 9 22 17 10 26 15 29 6 12 14 15 23 4 13 30 7 30 28 15 12 14 0 2 25 20 0 22 30 27 16 28 17 17 23 4 3 12 22 25 30 27 3 1 9 21 12 5 9 23 8 14 6 3 26 8 22 15 30 11 0 1 16 23 0 17 1 29 13 7 1 7 6 6 30 9 26 9 7 6 19 19 0 26
28 13 10 21 19 17 0 18 4 16 24 10 15 14 14 15 26 16 28 7 5 18 28 14 9 21 20 10 4 27 0 28 20 15 4 23 10 26 1 22 2 3 6 14 13 2 25 8 11 18 6 5 7 18 5 16 18 14 9 5 4 17 10 29 28 6 17 7 14 24 17 12 9 10 29 1 2 29 13 24 12 7 7 7 6
5 2 15 16 5 30 13 9 7 1 1 16 0 3 28 28 23 6 2 30 22 21 17 18 4 15 30 26 29 13 20 30 8 24 12 16 8 20 25 3 2 7 21 15 9 12 19 12 28 0 8 5 15 13 15 6 30 13 20 19 8 0 3 5 18 26 25 0 21 4 25 18 21 4 24 26 5 30 7 14 7 15 21 1 5
