87 87
13 18 13 1 15 16 20 1 14 16 11 5 7 24 29 25 12 25 5 14 10 14 18 29 27 2 20 17 10 24 18 23 17 11 6 12 9 17 29 15 6 26 3 1 9 8 18 25 1 20 29 11 25 20 6 28 2 9 20 19 5 7 20 12 18 2 14 3 9 3 20 27 23 26 26 25 25 28 5 6 25 0 20 1 6 13 21
15 29 30 26 23 15 28 17 9 21 4 24 18 30 6 22 12 20 27 24 8 25 23 15 25 2 13 26 7 23 24 17 25 18 25 10 15 29 15 29 23 2 23 26 24 22 2 8 12 2 10 28 3 16 25 23 9 6 7 7 7 17 25 15 29 8 5 6 19 30 22 17 22 3 2 18 18 21 30 18 21 23 5 10 16 22 17
18 13 2 24 4 12 4 12 5 2 23 30 23 18 20 7 15 25 5 21 0 27 2 14 10 21 1 8 16 20 12 20 14 10 1 6 28 7 21 2 25 26 27 27 29 22 8 25 7 22 21 26 30 6 6 20 12 23 16 28 2 21 27 6 29 30 9 4 29 14 3 2 24 10 0 2 18 27 19 0 16 17 12 10 3 19 28
8 26 1 6 2 16 4 14 11 13 4 17 15 19 7 13 17 28 0 25 12 21 10 26 7 24 14 9 13 10 4 7 22 14 3 6 10 18 16 18 12 6 6 5 10 0 9 30 24 10 14 21 17 26 12 11 6 28 18 16 11 0 3 3 20 6 15 27 20 5 28 27 26 12 28 4 29 1 3 14 19 18 20 22 17 23 10
23 2 22 29 22 25 16 0 0 8 15 20 10 18 1 4 19 29 5 22 17 25 13 21 25 8 14 0 10 23 19 30 8 28 12 17 22 20 1 11 29 21 20 4 30 10 28 29 13 19 17 12 24 10 8 19 28 29 7 9 10 3 23 16 18 2 8 5 13 29 5 1 1 0 11 6 6 25 27 11 2 24 27 6 4 18 18
9 12 25 17 15 8 17 30 0 12 6 22 30 25 16 5 5 20 13 4 16 24 10 16 10 4 9 28 11 8 18 0 11 20 5 17 25 21 7 19 30 10 21 17 13 30 14 25 28 20 18 3 8 25 3 2 13 30 28 14 22 15 30 16 5 29 14 12 3 3 1 28 28 15 14 26 27 19 17 1 6 14 11 4 18 23 11
6 8 20 27 2 29 15 1 25 23 23 18 21 11 28 14 20 14 13 30 30 15 29 24 5 0 9 7 16 30 21 27 4 15 9 13 26 23 14 16 0 4 2 20 15 29 1 9 1 18 26 9 8 18 9 18 17 12 19 4 7 14 18 27 23 15 14 13 24 3 30 4 14 19 5 30 16 6 22 0 21 26 8 18 20 26 13
5 5 6 22 28 28 18 6 7 14 28 6 11 10 23 17 30 14 4 26 7 14 28 15 0 1 14 8 14 25 3 9 12 15 1 24 20 6 12 1 14 5 24 3 13 1 3 0 8 5 14 9 9 18 30 25 8 11 28 15 13 6 7 5 5 2 10 3 21 24 4 4 0 7 21 21 9 11 2 26 2 18 11 26 19 7 22
30 10 26 15 26 13 24 25 0 27 5 2 4 11 21 14 23 8 7 24 9 17 7 22 9 19 23 26 20 18 23 5 11 30 2 17 8 20 21 11 24 30 18 13 6 1 25 16 27 24 15 0 4 7 6 16 2 8 7 11 22 8 5 26 8 0 14 3 16 18 16 13 9 15 3 5 27 23 24 3 12 12 28 25 2 21 13
24 25 8 5 4 3 7 30 4 28 16 13 12 16 23 16 11 0 15 23 17 11 0 17 27 11 0 5 18 10 23 30 15 11 2 16 24 2 30 24 28 28 22 27 1 6 23 14 24 17 13 17 23 12 3 26 3 26 23 4 11 9 10 29 12 16 18 25 20 5 5 22 15 9 6 29 20 3 28 6 0 23 5 11 12 15 30
24 30 15 5 13 3 16 16 1 18 24 28 8 10 0 19 24 22 14 2 1 1 3 13 0 1 12 11 16 19 6 11 20 23 4 0 3 4 5 21 19 2 5 24 14 10 27 3 6 26 28 2 30 27 20 15 26 26 29 26 6 28 13 9 19 25 23 0 9 5 22 30 18 1 29 22 29 24 18 25 15 28 5 29 30 8 21
15 24 13 0 8 25 21 25 0 22 9 2 0 6 23 6 19 5 23 17 4 19 23 6 1 19 25 8 14 8 4 6 3 1 26 23 22 7 10 16 20 30 7 11 16 28 27 24 14 25 18 21 10 28 4 12 13 20 15 0 3 20 16 3 7 23 1 11 28 12 9 7 15 16 11 2 5 16 20 11 5 11 12 18 8 7 4
20 23 22 8 17 3 8 11 20 8 20 22 24 17 21 23 7 21 3 17 1 16 20 28 4 29 14 13 25 29 5 19 11 11 21 3 13 15 29 19 10 27 16 5 29 16 28 4 22 1 18 17 14 17 23 17 8 27 13 29 22 2 19 13 1 5 26 25 7 8 9 12 12 11 25 28 9 30 21 18 25 7 4 18 15 23 22
11 11 9 14 20 9 1 6 28 23 13 3 9 8 4 15 4 26 22 6 18 22 7 21 1 11 5 9 25 25 17 18 10 8 0 28 27 28 22 6 5 6 0 15 30 22 16 0 19 28 29 11 0 30 30 21 25 20 24 10 18 15 13 14 27 6 12 21 10 25 24 13 24 20 3 18 9 25 25 8 1 24 9 17 24 26 9
17 12 18 16 8 10 5 7 12 2 13 21 28 6 19 7 19 30 24 13 12 15 26 25 14 20 21 8 24 10 6 29 25 14 24 26 23 13 2 4 7 10 8 18 24 24 8 20 1 14 26 14 27 6 19 11 9 17 5 15 29 19 24 2 7 8 1 7 29 16 14 0 3 18 12 13 28 19 22 6 21 26 21 15 20 20 27
21 17 26 3 17 10 18 22 23 6 8 15 7 12 3 29 30 8 12 12 24 5 27 2 15 29 27 7 20 3 23 8 2 22 3 17 22 22 8 13 0 7 14 23 0 15 18 15 16 7 5 15 6 28 15 29 28 2 5 4 27 28 8 15 18 12 12 27 30 8 18 25 26 15 14 28 5 13 5 7 18 4 11 24 13 28 18
4 7 5 8 10 19 26 27 29 2 11 2 25 29 20 24 8 21 6 15 8 17 12 10 18 4 10 18 10 14 27 24 23 20 5 20 11 17 4 16 26 8 21 30 23 10 11 22 4 20 9 3 18 14 16 19 4 15 18 4 19 11 19 0 14 13 14 13 14 26 4 18 25 3 27 21 20 16 8 27 20 26 17 14 13 2 26
26 25 8 26 20 7 29 0 14 25 5 3 29 20 27 27 18 3 8 15 17 1 30 17 25 25 18 15 14 25 4 2 15 25 21 2 19 25 1 8 14 9 20 22 24 8 19 12 7 18 2 3 21 29 21 10 16 30 22 20 19 0 13 27 19 9 30 1 4 29 23 29 12 13 6 20 24 1 14 27 29 15 23 16 14 12 6
3 2 22 24 17 20 26 22 5 24 11 4 1 9 11 21 18 2 4 4 17 26 10 12 26 11 11 2 21 21 15 28 17 9 9 19 23 2 27 6 2 10 5 17 9 11 8 12 20 28 28 0 24 14 14 8 24 3 20 11 30 9 18 19 6 28 12 27 13 19 27 29 5 18 14 3 15 16 2 16 22 8 14 14 6 20 19
15 1 22 22 20 2 16 29 16 11 2 6 16 0 11 22 28 12 30 1 3 30 29 16 11 2 9 14 0 19 2 19 2 8 26 6 10 29 0 22 17 18 25 6 24 7 4 23 4 5 4 24 26 20 2 4 17 7 0 2 23 5 24 19 28 17 10 14 12 7 19 6 18 15 5 25 24 14 23 8 23 8 24 29 20 9 8
28 2 1 29 26 1 20 13 26 3 2 8 18 4 3 22 3 12 17 17 5 0 11 26 20 16 11 28 5 10 18 30 5 7 13 9 26 10 18 7 17 25 8 12 8 0 10 11 18 8 3 0 16 19 23 29 8 15 23 17 27 25 7 5 13 27 10 30 18 4 27 11 16 1 30 27 0 19 17 11 16 11 21 10 24 2 14
2 8 8 27 1 17 10 0 27 8 11 23 3 2 6 25 19 11 18 1 1 27 10 9 15 26 4 21 22 30 12 11 25 14 29 26 8 24 28 13 10 19 16 23 10 27 26 23 12 30 26 15 16 14 17 30 8 26 21 5 6 6 10 17 10 30 26 14 27 19 17 25 16 24 14 0 22 30 6 3 30 6 24 7 27 17 21
15 3 15 19 14 22 15 14 27 30 24 5 23 18 14 26 30 5 28 11 23 18 28 22 14 16 24 5 6 27 7 10 6 4 13 1 23 16 10 14 26 16 0 24 3 18 6 21 7 2 16 14 14 1 24 16 8 12 21 19 4 5 20 13 26 17 13 22 20 12 0 11 14 0 24 20 16 8 21 12 22 4 1 26 0 19 16
14 21 1 23 9 15 5 0 25 26 19 0 20 12 24 29 11 1 14 26 27 24 2 25 2 0 2 20 2 22 10 28 11 0 24 0 14 18 19 30 26 4 13 12 27 11 22 7 9 2 22 22 26 0 12 0 2 18 14 14 18 13 23 18 4 9 7 2 22 19 21 1 26 25 4 24 3 0 3 12 18 28 21 13 20 4 11
14 20 4 4 14 15 19 16 6 11 29 18 7 20 17 15 18 22 20 30 13 12 15 24 0 12 19 7 30 29 8 5 27 14 20 26 3 2 26 30 26 24 28 19 11 2 10 19 30 8 20 15 7 25 21 8 17 18 1 16 23 26 12 29 21 4 24 12 22 15 21 26 24 8 29 28 21 6 11 10 27 23 8 28 3 21 30
21 10 26 17 5 21 10 30 21 15 20 11 7 10 28 22 0 19 4 29 17 12 27 22 12 6 17 26 24 29 13 25 23 7 13 17 29 8 6 6 28 25 19 9 2 16 8 19 28 23 4 17 21 10 8 26 2 14 14 1 28 1 9 8 23 30 13 25 8 10 2 2 23 2 11 3 5 8 29 23 14 16 21 9 15 20 29
28 28 30 10 23 19 25 23 7 5 26 22 25 13 14 14 18 9 7 30 19 1 23 12 23 27 8 4 25 13 13 15 1 30 23 29 28 13 2 2 25 22 24 10 17 0 3 0 3 10 3 26 17 9 18 30 1 17 16 28 16 15 7 9 6 13 20 14 8 6 22 21 22 11 19 2 7 5 1 19 12 23 6 30 9 29 9
0 11 16 28 18 6 5 2 26 19 12 14 19 2 25 17 10 4 3 16 6 25 20 11 22 28 2 8 6 11 10 24 4 15 12 8 6 9 12 30 4 7 13 11 8 25 16 20 24 28 6 10 14 0 21 21 30 2 1 30 28 23 27 26 6 20 1 10 0 2 26 30 12 25 16 27 2 22 18 6 20 29 3 20 17 12 21
16 4 7 14 26 25 9 9 18 25 23 29 0 17 16 3 1 12 21 7 21 10 18 29 20 8 4 15 25 7 7 17 14 15 28 24 3 15 12 26 27 5 2 5 27 18 2 20 3 30 9 21 24 7 27 10 7 4 9 15 0 14 28 6 20 29 1 9 26 19 19 4 19 29 9 18 12 2 24 26 12 22 4 24 19 20 13
11 14 22 25 12 20 6 18 24 5 2 22 10 6 14 1 20 3 29 22 25 10 17 25 21 3 1 18 25 7 18 27 27 6 26 25 16 15 6 21 26 15 17 1 26 23 2 14 5 5 24 5 27 24 16 8 3 15 25 0 22 22 22 1 9 1 20 14 24 21 25 2 24 20 16 21 4 21 11 12 3 28 20 19 14 23 15
22 9 18 13 2 26 24 7 0 9 18 7 26 13 21 26 29 0 12 5 18 25 17 20 24 7 3 19 12 21 25 17 12 18 3 11 13 7 5 6 18 20 25 14 4 5 21 17 19 14 11 14 8 29 30 22 5 26 8 8 5 24 25 10 0 21 26 20 13 2 30 1 16 11 21 22 6 3 30 19 3 27 24 22 26 5 4
23 15 27 12 5 29 19 26 8 28 15 3 18 3 30 17 28 27 20 13 3 13 25 12 11 3 6 27 7 13 3 28 24 25 14 28 10 3 4 19 20 0 13 4 4 3 9 21 19 24 4 8 12 30 17 20 0 26 21 5 16 27 22 24 6 5 21 27 1 22 12 11 7 23 26 27 17 25 0 30 11 19 27 9 13 0 14
1 24 9 9 10 29 30 13 6 9 25 24 14 6 2 21 20 26 2 8 25 28 23 16 19 28 11 18 27 30 20 22 25 29 26 20 3 29 28 28 7 27 0 8 6 14 2 17 23 25 17 10 7 18 1 1 23 0 22 4 3 5 7 20 28 10 24 24 14 9 15 9 10 0 10 29 0 20 25 13 21 26 21 16 11 20 22
1 3 8 1 6 22 0 0 10 14 18 20 27 30 19 16 5 24 13 12 10 3 2 14 19 13 9 12 19 25 19 5 14 23 4 12 15 15 7 7 14 24 2 12 7 24 18 26 1 19 27 1 27 9 13 7 4 5 15 20 24 17 21 3 20 11 26 2 10 1 1 22 24 20 15 23 22 30 2 11 8 21 0 16 30 1 18
1 28 3 8 24 2 9 30 15 2 16 20 9 20 10 5 27 10 12 7 17 29 13 0 21 2 2 25 12 11 22 8 1 22 14 5 4 11 18 6 30 19 11 17 14 14 18 19 12 26 27 7 11 20 12 22 7 16 3 26 3 15 13 14 30 16 12 7 19 21 30 15 23 24 21 10 18 29 23 14 13 0 9 30 0 12 20
29 2 4 8 23 11 17 25 16 10 11 14 9 3 13 28 3 7 18 21 26 9 14 6 21 12 10 15 29 14 6 27 25 9 0 23 25 27 1 23 0 9 29 20 22 3 30 17 4 30 24 21 3 17 5 21 21 14 13 27 6 15 0 25 22 26 4 28 20 14 14 20 15 7 5 4 23 24 22 17 2 0 0 10 28 30 16
5 2 20 21 29 3 12 10 25 3 2 11 19 28 18 27 23 23 5 29 26 18 0 15 12 19 23 24 0 15 6 12 5 6 8 11 22 19 3 6 2 5 9 30 20 17 11 14 10 7 2 6 11 21 24 19 30 23 13 3 6 1 4 27 0 17 8 17 14 18 16 16 26 9 26 16 15 26 26 6 26 29 12 16 23 6 8
23 25 21 13 24 22 25 30 14 22 13 29 7 15 25 15 11 1 26 19 16 26 4 3 13 18 9 20 26 10 15 27 8 21 20 2 21 18 3 30 23 17 1 21 8 3 19 23 21 20 22 4 27 22 8 30 29 11 2 14 28 1 27 2 30 3 27 10 16 19 18 4 11 26 16 17 6 28 15 0 7 1 24 27 20 5 26
20 18 12 15 7 24 9 22 28 17 25 13 20 30 19 29 12 22 25 23 27 16 6 4 6 28 26 2 10 29 5 9 9 13 7 23 26 17 10 18 25 10 14 12 4 17 2 16 24 5 14 2 19 24 11 7 30 17 28 16 24 12 14 3 20 14 17 19 20 19 1 13 27 25 12 30 10 11 5 21 0 0 9 12 8 26 17
13 21 9 17 19 6 13 13 26 21 4 9 26 26 17 4 26 23 23 27 8 7 23 9 2 15 26 15 0 22 4 11 12 18 23 23 13 8 4 28 23 6 4 24 1 16 4 2 13 22 17 1 17 0 12 2 12 10 3 3 14 3 10 19 3 21 26 19 0 27 3 24 5 2 18 0 9 28 21 24 18 7 19 2 25 23 4
14 14 9 5 30 25 8 14 5 7 8 27 1 1 25 13 28 16 14 21 11 10 26 29 12 7 7 8 26 7 18 29 2 5 7 4 18 9 16 6 8 13 6 1 7 8 26 8 4 19 20 2 24 16 2 24 10 24 17 12 5 9 22 13 17 26 26 19 29 23 5 7 29 23 23 20 10 8 24 12 15 3 16 29 9 13 10
19 14 3 8 26 29 3 6 16 24 6 0 9 6 1 30 15 29 14 1 17 13 22 18 2 3 23 13 19 20 25 25 16 29 7 19 27 30 6 10 27 27 5 3 16 21 23 1 12 6 30 4 18 22 12 29 0 17 0 1 10 29 15 23 13 13 21 4 1 23 10 7 1 3 18 30 24 2 24 26 10 8 18 22 0 29 0
6 3 7 22 16 14 13 16 30 4 18 6 27 23 27 3 28 9 0 24 7 0 28 14 7 28 28 0 29 28 23 5 27 3 9 18 0 21 3 27 27 30 2 30 27 5 29 3 12 4 30 19 7 23 6 29 15 14 11 11 0 8 19 11 24 19 30 4 0 26 21 11 24 3 29 0 25 12 0 0 25 21 8 10 14 29 6
7 27 5 18 15 13 30 10 18 24 23 26 22 4 14 18 8 26 25 2 3 20 3 15 15 27 8 8 13 15 8 28 1 27 6 15 28 14 7 19 20 20 30 14 0 21 0 8 0 12 10 8 7 15 22 12 28 12 7 15 27 18 28 19 5 0 23 4 10 11 25 8 16 8 30 6 15 24 20 5 10 14 25 6 18 9 2
18 6 23 10 25 7 2 2 0 3 14 28 1 4 0 21 20 24 18 14 13 21 28 15 13 23 15 29 16 17 1 28 24 24 21 29 10 3 1 30 24 0 3 19 25 9 22 11 19 29 24 12 10 4 5 7 11 13 16 11 10 2 19 9 2 1 20 25 23 5 14 6 19 27 0 21 30 7 11 13 3 5 4 23 23 0 29
18 22 25 20 17 1 19 24 29 8 9 8 22 15 10 17 25 30 9 3 2 28 23 12 1 5 15 18 7 1 26 0 8 30 4 28 8 25 7 2 4 13 10 18 16 14 23 11 19 29 5 21 1 23 20 21 17 22 24 19 15 19 23 4 11 7 15 25 0 28 4 0 3 25 0 28 27 13 15 14 16 30 21 20 5 27 6
18 5 7 2 0 17 25 16 17 27 25 30 22 28 6 14 2 18 30 21 27 14 22 30 21 2 16 16 7 7 9 6 2 29 9 8 9 7 9 20 22 3 10 14 18 24 20 3 14 30 7 8 3 17 20 18 25 19 1 10 25 22 29 3 8 22 0 16 16 29 18 10 1 30 26 29 30 7 6 9 23 29 15 26 20 28 17
19 16 9 22 24 20 5 9 15 25 11 30 0 25 7 1 20 17 8 14 16 12 27 20 23 20 1 30 2 0 12 3 20 30 14 25 6 27 9 30 20 21 11 1 20 20 10 1 20 6 7 6 22 4 4 21 23 0 25 7 10 16 29 8 19 18 19 17 7 9 8 25 0 7 0 5 22 13 27 15 3 21 25 12 15 3 6
19 5 7 22 9 14 17 23 19 17 27 28 0 28 25 0 30 3 9 10 12 4 9 2 30 24 21 3 21 25 17 3 1 10 15 13 28 28 8 7 14 30 27 1 2 28 18 10 15 17 20 27 6 22 26 5 25 4 30 18 21 11 5 15 20 30 24 10 30 22 18 24 1 27 0 30 30 0 18 15 12 10 21 19 5 28 30
9 9 26 13 21 20 6 2 25 8 3 27 19 8 4 26 21 25 1 19 24 6 8 8 27 9 12 26 2 23 6 20 24 2 13 28 4 15 11 17 18 15 19 13 22 12 0 1 14 15 17 28 29 28 25 22 12 23 24 13 18 18 13 18 19 7 24 4 14 4 29 27 27 25 25 20 9 15 1 17 17 28 12 28 13 25 8
12 7 19 24 17 16 27 6 12 3 16 30 8 8 18 23 15 23 17 5 29 24 11 23 18 24 5 21 3 12 5 19 12 0 26 30 24 17 2 30 1 12 24 6 27 12 10 26 17 19 16 7 10 7 5 6 3 9 16 9 28 6 8 2 11 17 1 6 9 21 20 17 29 27 13 23 7 10 23 7 12 13 3 24 16 4 3
1 8 5 17 15 20 28 17 8 20 13 25 9 19 10 11 23 7 7 11 23 10 8 18 19 12 6 27 1 0 25 15 27 16 30 23 26 12 2 2 16 6 21 29 15 19 17 4 5 10 0 19 6 26 22 5 24 7 14 19 8 30 4 2 28 0 1 12 13 9 25 30 13 16 12 23 27 10 19 19 29 7 16 12 16 6 20
0 14 4 0 27 27 21 9 23 6 12 15 17 4 28 16 3 23 13 24 1 9 26 23 8 18 26 15 2 11 17 15 18 16 19 22 28 1 1 26 23 12 4 16 27 22 9 2 16 19 3 23 29 11 9 7 0 17 11 15 21 2 28 18 0 4 1 13 9 11 8 29 22 6 8 16 2 3 9 28 7 9 25 24 28 8 0
20 30 0 10 23 23 4 24 13 23 29 20 8 20 8 19 10 25 7 7 30 13 6 12 9 6 29 12 28 3 0 9 5 11 3 30 26 9 6 16 14 6 1 16 3 29 28 8 28 19 5 23 6 10 26 12 24 0 17 19 21 0 11 20 30 29 8 16 11 5 19 19 14 28 25 28 27 13 26 12 14 29 0 21 21 14 22
28 14 15 24 8 24 0 16 4 28 6 21 26 10 6 15 12 16 27 8 18 8 6 4 23 25 6 0 30 17 4 30 25 21 27 2 27 22 23 14 8 4 15 5 16 2 20 27 4 15 0 21 30 16 14 25 29 6 17 27 16 25 15 28 24 17 15 28 9 22 22 29 6 30 7 3 1 9 12 14 0 24 22 3 0 12 0
10 5 30 16 15 7 13 17 20 26 8 21 29 0 15 6 19 18 21 25 5 0 23 28 9 15 3 20 1 28 5 7 0 14 29 14 22 27 12 18 26 5 16 12 8 6 28 20 3 29 11 4 26 29 0 5 23 0 3 0 14 14 0 13 30 29 3 24 6 0 19 10 28 18 23 2 17 15 6 10 16 17 15 3 24 20 21
6 19 22 21 3 11 15 23 28 2 24 29 22 6 3 2 8 14 19 22 8 8 18 26 23 20 22 21 8 26 30 21 13 6 22 4 16 15 21 6 17 14 13 10 1 17 20 18 0 6 9 29 9 1 20 19 3 27 16 25 17 18 25 13 13 12 13 6 29 2 10 4 9 19 22 25 19 17 7 4 3 26 1 12 18 21 29
15 11 29 17 13 9 23 24 17 18 16 1 6 8 9 13 18 20 26 8 23 5 27 22 4 30 11 13 11 30 30 0 19 16 20 21 0 29 14 8 25 17 12 9 9 30 6 23 23 1 27 23 19 4 27 28 27 14 6 23 3 11 17 16 21 13 16 1 26 17 11 23 27 1 0 6 13 19 28 10 0 6 12 15 0 22 8
6 22 4 21 27 12 15 25 6 2 6 2 11 27 2 8 2 21 12 9 0 18 10 6 2 5 8 6 30 13 26 21 5 14 15 27 26 17 6 14 15 17 16 2 11 15 13 5 17 15 14 6 9 1 14 5 22 26 14 28 24 3 18 14 15 24 1 12 13 27 13 27 16 15 9 15 16 19 15 0 25 27 23 21 21 22 22
22 24 4 21 23 4 27 12 24 24 15 16 23 0 13 1 19 11 10 0 14 27 17 5 19 17 20 7 28 11 22 7 21 5 7 22 17 3 22 25 14 3 1 9 1 8 30 17 26 13 8 23 25 25 27 13 20 18 6 19 1 13 10 6 22 29 10 16 8 8 18 9 29 20 3 5 1 18 11 1 28 21 6 2 13 18 28
8 19 30 26 18 10 13 27 30 23 13 20 22 30 17 15 25 7 16 20 24 11 13 30 21 0 16 12 25 20 16 15 28 4 0 2 12 12 8 5 7 5 6 20 10 10 25 28 26 15 18 20 3 7 17 26 12 1 28 29 8 17 26 26 22 17 29 6 19 29 29 22 0 28 7 9 8 3 8 3 28 12 0 3 29 16 25
20 11 8 19 23 0 10 14 25 15 16 30 16 0 5 6 10 11 22 30 19 17 12 1 1 1 16 0 4 16 1 21 26 3 18 30 5 8 20 21 7 3 24 14 1 27 15 0 24 27 0 5 7 5 26 7 29 2 24 26 8 5 6 30 22 14 12 5 20 30 9 23 6 25 1 19 15 24 23 30 29 1 15 27 3 2 9
20 24 15 6 10 2 16 0 24 21 12 9 10 12 20 4 14 27 6 12 6 29 26 26 18 0 22 14 15 26 0 7 7 15 17 0 15 21 26 0 22 19 5 13 1 9 28 8 6 3 20 8 2 24 8 26 7 25 1 27 4 23 13 22 13 18 13 22 19 5 10 4 26 7 7 1 11 9 6 30 17 4 22 9 10 20 27
20 6 1 19 7 7 8 14 7 7 20 1 2 8 21 19 26 20 14 19 1 30 7 4 16 1 9 28 15 1 0 25 13 27 5 23 16 16 16 11 12 20 16 18 17 1 0 21 27 16 5 27 15 8 16 27 19 5 9 26 8 0 7 4 30 12 15 22 22 12 11 21 28 3 13 7 8 23 30 5 28 23 27 15 15 5 18
0 29 18 13 18 1 1 2 30 24 13 12 24 20 12 26 9 4 23 0 20 4 0 26 12 9 20 18 5 29 6 18 28 1 16 17 19 7 1 7 12 13 19 6 7 4 18 14 0 3 12 12 22 24 0 16 14 24 15 11 19 3 0 26 27 8 24 20 12 8 9 19 18 18 20 8 4 25 15 12 23 11 16 19 10 19 6
6 11 27 4 4 26 22 18 21 23 4 6 5 15 13 17 7 26 1 12 21 14 0 27 13 6 29 16 26 27 12 13 21 29 25 15 1 14 5 18 23 3 11 9 11 20 12 0 11 29 28 19 27 27 1 15 23 4 28 15 4 24 2 27 29 14 13 26 13 5 19 2 2 8 30 4 8 12 5 23 24 16 18 29 11 20 25
9 4 17 19 8 10 11 12 14 22 24 11 22 15 1 0 1 14 3 29 3 2 25 16 23 8 28 2 15 21 4 8 21 3 25 10 0 28 22 14 25 27 26 5 28 15 1 6 11 6 27 14 20 14 19 13 2 20 7 23 1 29 9 1 15 7 18 16 14 11 27 11 10 22 17 15 22 10 20 18 17 4 22 13 11 7 14
18 14 1 24 5 7 10 3 28 6 15 3 17 11 28 22 1 21 16 16 6 8 1 22 30 22 19 14 22 27 17 22 8 0 19 2 6 22 24 10 12 29 2 1 22 4 7 12 22 19 14 28 8 5 5 14 17 30 28 1 0 6 28 27 22 29 0 20 0 2 5 17 22 23 9 11 22 26 19 9 8 11 30 28 4 10 25
23 23 10 6 28 8 0 12 13 13 25 12 29 15 8 8 20 23 10 8 23 1 6 24 29 7 6 23 4 21 8 23 3 7 27 28 5 0 15 16 5 28 6 5 18 21 24 9 23 12 20 4 11 25 12 22 20 20 6 10 22 15 24 3 4 19 28 3 30 21 20 21 28 10 24 10 26 23 4 8 16 10 9 7 2 19 22
11 15 8 22 6 16 17 27 16 28 24 19 27 29 26 30 15 19 14 27 30 29 11 30 20 6 29 9 24 19 17 6 23 24 28 9 6 7 22 12 1 14 21 1 4 27 10 0 21 24 4 1 26 19 18 22 20 9 30 17 28 20 28 0 16 20 15 30 3 0 16 21 23 26 7 20 24 10 8 12 16 3 9 24 11 20 22
8 10 6 21 20 8 3 19 23 11 23 15 2 28 27 17 19 18 22 1 7 10 8 25 6 27 0 25 2 5 24 15 0 29 3 14 25 0 11 22 21 11 10 7 29 16 6 3 26 9 12 8 15 2 8 30 4 8 10 15 17 2 19 22 3 8 28 11 6 9 4 3 20 21 18 26 9 23 12 1 16 1 5 25 17 28 7
14 3 12 6 17 16 30 7 15 11 19 26 8 0 21 1 4 25 26 1 3 1 21 22 9 22 8 29 13 14 17 10 7 11 22 4 28 2 20 3 18 30 7 1 5 12 16 21 24 12 3 20 15 12 25 6 19 30 20 25 23 24 23 3 21 18 27 9 30 23 0 27 17 23 15 10 28 18 0 5 26 28 2 25 10 4 26
24 20 24 30 8 30 15 24 19 15 30 0 19 10 26 19 19 26 19 20 27 2 8 21 7 0 6 13 11 23 21 13 19 8 20 17 23 26 11 18 11 15 2 4 3 0 12 24 29 25 9 6 0 14 0 1 15 5 19 2 4 22 23 8 14 23 1 16 15 18 18 10 10 23 5 17 26 18 5 5 27 27 30 16 9 15 23
26 15 16 8 13 12 23 21 6 26 14 25 7 28 20 21 5 21 23 19 6 5 0 28 27 6 4 22 0 7 13 3 1 3 10 12 3 9 0 16 29 3 27 23 15 13 25 20 1 28 11 6 10 11 11 10 0 26 20 5 0 17 1 18 10 15 12 14 15 16 26 21 9 15 15 10 13 10 4 1 8 14 2 28 1 8 18
27 8 8 21 30 18 12 27 14 5 22 21 15 23 18 21 10 12 25 30 25 14 17 13 26 7 13 27 4 29 16 0 15 5 28 5 29 2 20 15 15 27 28 16 18 7 19 6 30 21 13 29 4 12 13 25 7 30 11 24 10 10 30 20 3 27 22 28 23 30 20 27 1 22 16 7 28 30 13 24 28 15 21 16 28 5 26
24 29 10 25 22 10 29 3 13 1 1 5 23 1 30 22 10 21 15 5 29 25 11 23 27 29 23 21 21 5 15 6 0 25 10 20 15 3 26 2 25 6 15 7 7 19 16 29 11 29 28 6 17 14 13 24 2 14 19 24 27 9 19 21 24 11 12 4 17 12 14 4 16 13 17 16 26 5 23 9 6 13 15 21 11 5 24
15 14 28 24 30 0 13 30 8 2 5 2 3 17 28 22 0 28 18 1 0 14 29 17 18 25 28 6 7 6 28 14 16 17 6 26 10 21 9 23 15 13 3 19 21 25 28 21 14 4 14 10 22 7 5 17 29 4 10 10 26 21 14 6 7 29 24 29 10 0 10 5 27 9 10 23 21 21 19 1 8 10 5 6 14 10 15
1 27 29 10 10 6 24 9 9 4 29 26 14 0 26 6 1 9 20 18 6 9 4 18 8 14 15 2 11 13 22 23 24 11 22 18 28 2 16 10 16 14 5 6 14 20 19 17 7 16 30 9 7 29 4 27 2 5 14 11 16 23 0 11 26 10 29 17 11 8 12 27 22 3 0 25 18 11 22 13 10 15 6 7 2 29 24
16 12 21 30 13 3 20 7 30 11 20 3 25 16 22 4 14 27 9 13 15 15 26 10 3 4 7 12 11 21 3 8 3 1 2 18 12 17 28 20 0 2 6 30 26 13 8 7 7 25 7 6 10 28 26 27 12 24 30 24 19 29 0 17 28 19 24 16 15 6 29 17 23 15 6 3 29 20 8 10 27 29 11 27 28 16 15
28 11 5 9 28 27 9 25 27 5 10 0 24 25 24 30 25 0 21 10 15 4 29 23 16 13 24 12 17 16 14 30 27 9 7 13 13 2 7 4 19 30 29 1 7 5 12 2 28 10 28 15 12 22 17 18 9 12 14 8 29 10 0 14 15 10 17 21 16 8 14 11 14 18 20 27 27 20 26 13 25 30 8 13 18 3 25
27 30 12 30 3 17 4 15 7 23 18 6 15 4 6 0 24 9 15 1 10 0 4 10 25 30 8 29 11 1 1 15 15 30 0 12 10 20 30 14 0 27 11 21 16 4 16 0 28 0 16 6 5 0 30 23 11 11 6 16 1 23 3 20 2 13 9 20 3 14 19 18 23 11 18 23 11 27 18 16 25 13 11 22 18 27 0
20 23 22 29 25 12 9 17 21 0 18 7 27 10 15 11 30 27 4 22 20 25 7 25 15 15 18 21 14 17 21 3 24 3 2 23 8 5 16 0 30 18 29 9 3 4 27 27 11 12 29 10 0 4 4 10 29 9 0 16 26 10 15 11 28 11 11 18 10 30 3 9 1 13 22 21 3 7 8 20 10 26 18 9 24 19 5
7 10 18 13 25 5 24 7 10 18 20 5 0 25 17 1 2 26 11 17 18 8 21 26 8 21 6 10 8 2 0 24 14 19 15 10 24 24 6 23 5 3 29 17 29 11 15 28 12 18 30 6 13 23 6 0 23 28 1 25 18 11 28 2 7 21 8 2 12 11 11 24 18 25 10 23 23 1 10 27 15 10 27 21 13 26 7
18 0 23 24 19 21 23 11 2 1 10 22 3 4 30 7 9 11 24 5 5 16 25 11 2 7 5 23 23 25 28 28 19 17 18 10 20 17 4 16 22 22 23 17 26 8 28 21 3 17 4 30 17 2 29 21 1 13 8 8 8 7 14 24 12 25 15 4 17 24 24 17 16 5 11 9 4 20 28 14 28 25 5 4 15 16 27
10 28 1 17 22 27 22 7 10 20 23 26 2 15 24 5 23 12 23 14 15 4 21 2 3 26 17 21 17 25 16 0 4 7 17 0 20 0 9 30 10 30 7 20 24 24 21 2 2 4 6 9 19 3 10 18 14 22 21 25 27 9 29 12 25 0 26 22 9 19 26 26 8 2 2 22 0 18 9 6 8 26 24 13 24 20 21
20 24 21 20 30 5 28 11 13 3 19 22 4 24 5 30 9 12 6 30 11 27 10 18 5 26 25 16 5 28 8 5 10 16 8 11 22 6 4 27 10 13 14 8 17 11 21 30 13 13 12 23 17 12 12 6 23 27 2 15 26 0 1 9 21 16 25 17 28 15 13 28 11 10 9 16 10 7 9 16 17 30 3 18 29 5 26
23 17 3 19 23 0 28 13 3 15 19 28 21 13 23 23 15 0 5 5 7 2 4 20 25 24 26 7 12 30 1 19 11 16 27 7 12 22 2 18 0 16 16 23 12 4 22 22 2 17 1 25 27 16 27 1 8 30 5 3 21 25 12 21 14 5 21 7 2 8 17 17 18 1 28 20 6 28 30 30 8 9 13 2 25 10 3
