91 91
19 13 9 19 20 7 28 15 15 30 6 14 0 24 29 25 1 1 3 18 21 14 7 3 9 29 3 3 0 19 11 23 17 3 14 13 14 22 1 2 6 2 14 28 11 2 13 15 14 5 5 4 10 10 29 28 23 27 19 27 7 13 4 6 22 7 14 3 2 0 28 10 7 17 26 16 10 24 7 23 16 5 29 26 23 22 1 29 22 12 22
11 19 22 2 19 7 17 19 0 3 6 23 22 25 6 3 24 28 7 2 18 26 29 20 21 15 9 16 10 22 24 15 26 12 17 4 30 5 16 13 25 28 6 10 9 17 6 4 26 27 8 24 12 3 18 11 6 21 19 23 13 14 13 29 9 29 28 15 21 14 27 27 13 20 1 27 6 0 26 18 13 0 8 13 6 3 2 25 15 7 20
28 23 15 12 3 24 28 6 17 16 0 0 14 17 7 17 14 1 15 13 0 21 4 5 25 27 24 0 21 28 4 19 0 0 25 17 5 15 28 23 11 7 18 10 1 29 8 24 11 14 0 13 0 3 16 13 9 15 18 2 15 6 14 10 14 6 0 2 24 3 18 25 10 7 3 12 5 9 5 10 7 9 10 3 13 17 29 20 20 29 24
30 4 25 30 18 23 18 2 6 22 0 25 5 2 19 29 10 3 22 28 11 13 15 21 2 21 9 24 30 18 3 27 11 21 6 22 25 24 5 18 14 14 12 3 6 2 10 22 12 18 11 2 7 5 19 7 15 1 12 24 15 9 17 12 27 20 7 23 21 4 30 15 22 15 21 8 2 28 26 12 24 18 20 21 0 20 23 21 24 19 25
15 11 18 0 28 17 16 8 17 9 16 19 12 9 15 23 20 4 1 10 0 27 16 2 14 28 10 12 26 29 3 9 1 6 8 3 26 10 14 17 0 6 21 8 5 13 14 8 0 5 14 4 8 24 1 30 12 21 29 28 6 8 15 7 2 5 29 2 27 23 9 22 22 16 21 29 6 22 10 14 5 5 7 4 20 24 2 25 0 26 15
25 2 10 1 2 23 19 28 26 24 22 10 7 7 26 13 26 30 27 4 14 9 1 25 25 3 23 17 9 17 15 26 30 29 16 3 8 17 20 3 5 12 9 24 23 9 24 24 16 1 16 25 1 11 9 29 14 6 14 6 9 17 18 4 24 7 18 21 17 24 4 10 7 27 4 1 2 20 21 26 1 17 7 23 24 2 16 18 16 30 13
21 26 22 12 19 25 2 7 19 25 12 6 25 4 30 29 10 21 10 16 7 2 21 27 22 8 17 2 19 18 23 8 26 3 2 15 29 28 21 30 10 10 24 11 23 1 28 20 7 13 29 3 6 26 8 22 13 9 27 15 16 14 29 29 6 11 28 18 5 10 8 19 13 19 29 21 1 2 21 10 29 26 1 16 14 5 25 19 25 10 25
13 16 2 20 16 2 11 20 9 27 2 25 4 14 6 24 7 19 20 20 11 21 3 4 3 10 10 17 2 17 28 7 16 20 27 12 10 30 15 2 13 17 19 28 1 21 15 10 23 17 24 29 9 8 18 13 18 20 11 17 14 1 15 12 19 7 16 28 15 22 8 14 10 8 11 19 18 12 28 19 11 2 22 29 4 1 29 29 2 25 15
16 19 3 5 28 4 7 16 25 21 5 19 19 2 5 28 7 25 17 16 18 15 5 21 6 8 6 21 29 20 26 22 11 5 10 12 22 29 24 16 3 12 9 9 21 14 30 5 27 4 10 28 18 25 2 6 9 23 10 23 20 2 24 27 21 20 7 27 29 16 2 13 3 10 2 23 30 12 0 10 3 21 15 7 1 27 11 18 28 17 25
24 3 6 13 19 11 6 26 3 9 30 0 25 14 27 27 8 14 22 8 5 10 18 20 26 27 5 0 12 23 1 25 29 29 15 1 13 24 24 16 11 22 16 18 22 24 18 9 22 20 5 29 5 10 18 17 21 21 16 5 20 11 14 21 22 25 27 18 2 8 9 29 18 25 8 11 23 16 11 9 27 5 4 18 15 4 7 24 14 21 30
25 26 17 15 10 1 18 25 16 13 6 12 11 9 12 14 9 6 19 30 9 4 27 2 8 28 15 8 22 28 6 13 20 9 21 1 14 26 2 24 13 29 17 27 5 2 6 0 5 15 9 5 26 4 12 14 17 15 23 7 2 8 11 9 8 9 5 2 19 24 20 8 19 7 25 21 28 25 11 16 12 10 17 3 11 3 23 15 4 8 10
12 22 7 10 3 27 14 25 28 11 11 2 23 10 5 7 16 25 3 25 6 5 26 20 17 22 30 20 30 4 23 6 9 8 2 6 21 16 0 1 19 7 23 0 14 28 6 9 23 0 20 2 1 15 16 30 23 16 27 13 20 12 14 0 1 20 4 19 19 24 25 4 15 9 24 25 13 17 16 13 9 23 18 9 10 18 0 11 18 26 9
23 7 11 14 21 3 23 0 30 11 25 17 29 22 6 3 1 28 22 3 20 13 6 4 20 9 9 12 12 18 12 6 27 1 14 21 5 13 30 4 7 3 7 14 29 18 7 13 12 2 4 18 23 13 27 12 17 19 23 22 24 0 14 2 11 2 0 8 12 18 8 23 8 25 5 30 16 24 15 18 6 29 17 28 9 13 17 7 8 11 6
8 15 26 15 29 30 12 9 16 3 0 26 22 16 8 29 18 21 26 20 17 6 16 8 7 17 21 18 3 23 17 24 26 10 1 28 14 27 0 3 11 15 28 8 10 16 9 27 21 11 10 28 1 5 2 13 7 3 26 13 22 25 30 15 15 23 2 22 5 13 26 11 20 21 27 5 9 24 12 16 17 25 1 5 30 18 13 5 26 29 10
25 4 18 10 10 24 25 29 24 25 17 24 13 30 25 2 2 26 17 23 8 25 30 5 10 21 21 25 11 29 30 12 10 13 23 20 18 19 30 8 24 15 18 15 8 30 29 19 4 26 22 14 21 25 7 4 0 25 30 22 25 17 13 6 2 24 4 12 13 22 16 27 10 13 2 17 9 30 13 12 27 19 25 21 20 8 17 26 26 30 19
1 15 8 1 19 7 25 24 25 10 7 14 22 14 27 15 23 15 20 25 9 7 3 22 4 13 21 22 21 23 0 16 29 19 27 1 16 22 26 14 16 4 9 20 20 10 15 5 1 20 17 18 19 1 5 7 28 27 12 19 28 22 15 4 26 17 5 14 3 21 7 15 4 20 24 4 28 23 24 18 27 11 27 2 27 0 29 23 17 26 12
18 16 12 23 1 6 19 7 17 30 21 26 2 21 12 1 20 0 2 12 2 27 17 21 1 30 26 20 28 12 23 0 25 30 23 20 30 5 11 2 8 7 29 12 17 23 0 16 1 21 29 16 21 10 27 17 20 5 22 14 11 2 28 23 23 22 9 10 5 16 15 9 14 27 10 17 20 13 14 24 10 18 10 26 22 0 27 2 4 28 1
9 20 19 15 8 20 17 13 26 13 0 12 23 15 30 12 25 27 9 3 21 11 25 5 9 8 6 10 25 16 8 10 5 6 4 0 25 1 17 16 18 20 22 14 5 20 17 7 9 0 12 12 7 3 27 19 16 3 20 10 12 22 30 27 21 10 4 19 1 23 10 8 14 10 26 2 2 1 2 7 4 15 2 2 6 24 22 15 13 14 1
14 27 3 29 10 1 5 18 25 14 10 23 12 14 1 24 8 19 24 11 0 6 12 27 29 26 8 5 21 5 10 27 1 15 6 28 14 8 19 17 28 13 17 14 17 15 29 27 19 7 12 17 17 30 26 30 16 17 11 8 0 10 5 30 24 5 5 23 5 0 6 22 13 4 9 7 29 3 7 17 18 7 20 25 20 19 15 10 22 17 4
19 1 0 26 17 18 6 22 10 27 11 0 29 28 3 2 20 29 16 4 26 7 18 5 9 1 18 13 23 16 8 19 6 6 0 19 4 15 5 28 21 18 4 28 12 27 20 6 23 8 20 12 3 14 19 30 24 14 1 9 7 19 18 21 20 18 23 19 1 10 3 26 19 0 17 7 13 24 17 22 16 24 24 18 17 25 8 16 10 12 2
29 14 1 26 5 27 13 26 22 2 2 8 14 22 21 18 27 0 16 19 18 20 25 14 1 10 17 3 21 26 6 10 27 16 27 23 27 11 14 17 29 1 14 6 5 11 7 28 27 27 28 7 30 30 29 26 14 26 17 24 0 24 14 27 8 5 28 13 10 3 24 5 8 3 15 21 7 28 20 29 12 7 30 28 17 15 25 8 11 2 12
26 20 14 14 8 9 12 13 5 18 30 19 1 15 8 2 4 3 7 24 3 13 7 19 19 29 20 4 28 19 26 7 30 3 20 16 17 1 6 2 6 24 27 11 22 27 22 10 5 23 9 5 27 0 24 17 8 30 0 14 12 14 29 16 23 21 9 9 15 8 10 24 7 25 12 28 29 20 21 5 22 23 15 20 16 7 24 25 3 12 20
1 21 5 24 28 25 10 6 4 26 15 7 7 30 5 3 2 29 13 16 0 18 18 25 9 0 4 11 1 8 10 3 12 30 19 21 24 0 10 2 30 28 20 2 10 17 0 30 7 2 9 30 12 23 22 27 21 15 30 29 18 8 28 9 5 9 24 5 20 28 1 27 25 0 1 26 9 17 6 14 6 6 28 4 28 1 22 3 27 20 21
1 10 1 14 0 6 14 16 11 24 2 28 20 10 24 17 6 11 29 18 14 12 25 10 23 26 0 27 3 5 7 11 26 10 4 26 0 0 5 30 19 17 28 15 4 28 14 14 21 26 11 18 4 18 13 24 8 4 1 7 20 25 22 27 14 16 0 5 11 27 6 1 7 11 19 3 15 28 15 6 22 26 15 24 0 13 30 16 18 9 21
22 1 2 12 1 3 2 0 19 24 5 7 19 9 19 14 23 20 6 15 6 7 7 17 14 14 2 21 4 10 1 18 12 9 17 29 22 29 19 29 8 21 1 21 5 8 24 30 3 13 23 24 30 29 7 17 4 18 13 15 7 27 13 11 22 9 6 27 29 1 11 19 15 4 6 6 2 14 28 21 26 4 27 13 25 12 29 0 29 18 0
17 2 23 11 16 17 8 25 3 20 13 7 9 7 1 11 4 20 12 27 5 9 23 9 11 14 4 6 19 28 2 4 10 30 4 0 18 7 15 7 0 10 1 27 20 12 0 6 18 25 28 12 15 4 19 3 16 17 20 7 14 2 5 30 6 28 7 29 7 17 12 2 16 14 21 19 26 1 14 11 4 13 19 1 1 17 1 12 28 15 27
11 25 5 15 9 12 9 30 7 29 28 6 29 29 21 30 1 3 11 15 2 0 18 5 25 23 18 13 10 13 30 20 21 3 28 19 24 30 26 8 16 26 26 25 12 12 22 5 3 23 14 19 4 27 29 24 5 18 4 7 5 15 7 28 0 20 0 18 21 2 2 17 15 30 28 14 4 24 13 2 7 13 19 3 8 21 28 11 13 22 20
5 2 3 26 22 9 6 25 21 3 27 26 27 14 20 13 26 9 13 24 21 16 18 2 29 28 2 5 7 29 11 24 12 8 23 23 9 11 14 11 25 14 20 15 6 3 8 21 8 4 3 28 16 6 12 30 9 25 3 11 5 28 0 21 2 1 2 28 2 27 29 21 12 5 0 26 15 26 11 13 16 24 8 27 2 9 30 5 24 7 27
23 24 7 7 24 13 25 2 2 17 30 11 11 6 20 18 15 19 10 21 17 15 10 8 4 9 14 4 20 29 7 5 6 4 24 15 27 27 1 21 3 2 28 29 11 30 2 23 25 16 9 2 16 26 30 9 5 25 24 19 4 4 25 5 5 19 13 24 28 11 10 19 15 16 25 30 0 14 29 25 5 28 23 18 25 21 16 9 17 25 18
3 8 19 10 25 29 7 0 27 11 14 28 27 24 3 26 19 27 1 21 30 13 14 24 23 5 26 12 22 5 0 24 7 17 29 11 19 30 9 23 13 24 5 27 26 10 3 26 4 1 24 14 30 13 30 20 23 19 8 30 25 19 27 23 5 5 15 26 15 17 0 18 26 19 14 30 13 1 16 19 28 12 28 26 7 2 7 22 14 5 18
21 16 27 1 18 7 9 24 8 28 20 21 5 6 13 7 15 4 12 4 18 14 11 30 27 16 19 26 12 8 3 30 8 9 8 17 13 14 11 26 0 10 25 7 25 15 7 10 4 26 17 8 27 28 29 14 15 6 17 16 17 21 24 5 21 23 2 5 24 28 2 5 15 8 30 14 12 13 9 2 2 17 15 25 24 12 4 14 9 18 23
25 27 8 29 23 18 23 11 8 25 5 5 23 17 2 24 7 1 4 17 12 7 23 4 3 6 17 11 3 0 21 20 4 18 10 16 1 10 4 0 2 15 3 21 26 8 18 23 2 6 16 9 8 28 3 9 8 2 28 9 16 10 23 18 20 27 15 3 28 12 10 21 30 26 17 21 28 0 10 6 1 28 29 12 17 14 27 28 14 28 6
6 20 3 13 21 14 10 0 30 6 18 9 10 23 20 20 27 20 30 25 2 9 15 2 9 12 8 11 18 24 12 30 16 9 17 4 1 6 5 3 13 21 12 12 7 1 1 10 21 3 9 7 25 23 3 6 0 4 3 8 18 11 24 0 10 21 5 7 15 1 11 13 25 0 9 6 15 12 28 24 7 5 25 26 24 29 5 4 4 16 18
17 21 29 6 0 11 8 2 30 8 8 8 3 29 27 11 29 18 25 16 25 22 7 27 7 19 26 0 18 27 4 11 19 29 29 18 27 30 18 9 1 13 7 3 2 15 10 13 3 28 29 4 30 23 16 11 0 17 26 25 13 22 22 5 22 15 7 13 23 23 29 13 9 5 13 4 11 9 12 4 18 0 25 0 8 28 20 7 7 26 26
3 13 1 13 12 23 22 10 5 2 9 16 24 5 14 17 10 11 28 6 22 10 17 16 15 10 2 14 14 14 20 16 9 7 0 1 26 1 3 26 6 14 21 16 18 7 4 12 22 1 28 5 6 5 17 30 26 18 14 21 17 7 21 21 3 8 13 15 27 30 8 23 6 24 10 25 15 26 19 4 8 9 28 19 12 8 20 17 19 23 10
1 28 1 1 30 27 24 26 10 2 29 9 1 20 3 2 0 29 7 0 14 17 16 27 22 21 20 0 25 6 14 4 28 15 14 17 4 15 2 10 20 29 28 8 9 22 7 19 6 4 12 13 5 2 4 5 8 12 4 11 19 10 12 30 25 4 24 14 20 5 22 14 10 15 5 21 27 2 21 4 12 26 27 28 27 24 26 18 18 29 13
11 2 12 17 25 0 22 0 18 13 8 28 4 6 23 25 22 25 18 21 22 10 24 18 29 17 8 30 23 2 6 5 19 19 25 10 9 23 26 5 5 2 9 9 25 22 7 19 12 19 21 18 23 28 12 17 17 22 25 13 12 16 28 26 23 6 3 29 0 6 12 24 14 0 3 20 5 16 16 8 30 14 17 26 24 12 27 4 15 1 5
9 24 26 14 16 9 7 13 13 12 0 22 7 8 2 23 0 12 29 16 28 28 2 5 13 4 20 29 4 18 10 2 20 13 16 2 2 24 21 14 13 24 8 29 27 30 26 3 18 12 25 16 18 18 1 29 8 9 7 10 29 22 7 12 13 11 26 22 2 19 17 4 0 6 14 23 10 24 5 9 15 25 10 5 23 4 16 18 16 10 13
7 16 29 7 9 12 1 18 11 10 29 4 4 12 13 7 19 5 6 6 16 28 5 13 21 16 5 11 6 29 2 22 0 13 16 18 5 19 12 30 3 9 14 24 0 23 28 24 10 5 18 21 19 24 13 19 11 17 15 1 21 4 2 12 23 8 20 17 12 15 18 15 28 0 3 27 23 2 17 28 10 28 19 16 12 6 3 22 21 22 19
2 17 3 7 21 8 16 1 30 10 26 23 20 1 30 10 12 0 16 30 5 2 1 22 19 6 22 11 5 30 6 16 6 19 2 9 26 17 4 29 24 17 7 23 1 11 9 16 11 2 24 30 4 14 14 3 13 9 5 10 11 15 28 11 21 4 0 19 20 16 3 23 11 6 13 1 24 10 1 25 3 10 3 9 18 23 4 10 9 22 15
1 16 16 13 17 10 14 7 21 9 9 16 2 15 16 26 21 22 19 0 22 22 27 13 30 22 18 9 16 1 28 15 9 30 20 20 19 11 5 25 29 17 15 18 10 3 3 19 24 14 11 16 4 8 23 13 7 25 18 11 16 11 0 30 3 27 9 15 6 16 28 1 19 9 18 3 20 2 9 27 14 14 30 9 11 21 22 13 19 19 24
11 19 1 1 24 11 9 5 24 30 23 29 0 25 10 13 14 12 12 14 23 5 21 4 28 12 1 21 4 9 0 19 11 19 17 3 11 13 17 24 23 6 10 11 17 5 27 30 18 15 0 3 19 16 18 3 22 18 23 13 17 23 27 15 30 13 2 0 12 14 13 16 4 7 13 14 3 9 27 11 2 20 9 28 16 4 25 3 7 26 14
2 21 21 18 3 16 18 11 12 30 30 19 6 21 27 16 22 22 24 12 27 20 29 9 7 3 5 26 11 22 28 18 8 19 19 20 1 8 23 16 4 9 24 9 29 6 22 15 16 13 21 13 5 26 12 8 6 28 25 26 27 27 29 13 3 0 27 0 25 6 29 30 11 17 13 22 12 20 7 8 21 11 18 0 18 15 18 21 30 19 26
9 17 25 9 9 16 16 21 6 25 2 8 21 13 0 16 27 18 25 8 27 26 19 24 25 12 22 28 4 8 28 21 10 6 8 30 20 2 3 5 15 20 12 15 22 16 8 29 20 2 5 15 21 12 15 7 7 13 19 3 4 22 10 15 17 14 12 28 13 2 2 23 20 7 4 22 29 8 24 16 7 22 17 27 1 30 29 17 5 19 14
19 10 14 13 27 9 21 23 5 18 6 13 14 19 5 30 20 6 23 16 21 9 25 14 9 27 0 24 26 21 14 22 30 26 9 17 8 23 14 15 15 21 12 8 19 14 8 0 14 8 6 30 12 23 30 17 28 8 27 14 7 27 21 7 10 25 18 10 17 9 26 14 30 17 20 27 16 20 10 27 19 25 29 9 9 15 21 10 13 1 4
14 3 15 25 24 16 13 11 16 13 11 19 22 5 2 3 13 24 13 15 12 2 7 23 5 15 28 15 20 5 6 9 20 30 15 14 16 3 21 22 10 29 12 0 19 25 26 24 9 26 2 9 29 26 2 3 14 11 1 11 8 22 28 28 4 29 21 4 16 6 11 4 26 2 15 6 4 8 23 29 9 13 7 17 2 3 1 18 18 1 8
5 19 10 7 3 14 12 18 3 22 16 27 24 3 21 4 19 24 30 1 0 6 19 20 14 23 26 12 6 7 24 3 29 10 10 8 8 21 8 7 9 16 22 24 18 18 9 2 0 1 25 30 10 14 14 7 30 20 22 1 24 24 20 10 4 7 13 14 22 16 1 12 4 10 11 9 14 29 30 6 3 5 4 26 14 30 19 4 9 24 11
10 26 5 4 23 27 17 3 19 5 24 11 5 16 22 13 20 7 4 10 0 0 30 23 19 23 18 19 6 14 14 30 1 13 25 21 8 24 10 9 10 7 5 25 12 1 30 17 17 29 4 5 29 0 27 26 5 29 18 15 15 11 27 1 25 0 21 1 28 12 18 10 14 24 25 16 11 19 25 28 14 2 21 18 26 27 1 12 2 13 8
9 12 17 29 30 0 17 12 30 19 4 19 12 26 23 29 20 0 15 1 9 28 26 8 26 23 26 12 10 6 11 22 13 11 4 1 28 14 9 9 0 8 3 17 9 11 9 0 19 26 9 25 0 24 24 20 5 16 22 29 13 26 19 20 23 20 1 11 27 28 14 27 13 9 26 28 29 30 0 0 3 24 5 23 1 9 3 25 1 12 28
21 7 25 20 13 24 18 8 27 25 6 7 1 29 23 24 23 25 18 23 8 17 24 5 6 23 23 30 8 7 25 1 9 17 11 0 21 11 29 10 29 11 10 17 13 0 23 16 30 24 29 29 2 24 20 21 3 24 10 19 30 18 7 10 25 19 26 15 2 3 2 14 30 18 17 21 0 13 9 2 10 2 0 10 11 3 13 19 9 30 22
16 21 8 17 18 14 17 30 13 21 19 27 18 12 15 27 2 29 17 9 23 22 10 15 28 16 13 27 14 5 26 0 27 17 11 16 30 20 3 4 27 13 7 21 4 6 15 13 17 16 24 24 27 27 20 29 23 3 6 28 29 17 19 19 3 14 23 14 17 19 2 25 2 15 6 19 0 27 23 20 16 16 16 18 22 22 27 8 1 26 16
22 19 30 7 10 20 8 4 25 15 25 7 3 27 18 9 28 23 20 15 26 25 14 2 17 22 17 17 12 28 8 1 14 24 7 5 26 6 9 13 18 30 19 17 29 6 3 9 18 14 8 28 22 5 13 8 21 17 15 25 16 10 6 2 18 29 30 7 11 28 23 10 8 2 11 11 22 26 7 17 26 28 29 6 20 12 19 5 12 19 30
8 11 9 7 15 25 16 27 5 25 26 20 22 25 14 16 11 10 25 11 12 17 29 26 25 18 8 26 0 4 22 28 24 25 17 26 28 14 1 13 0 3 26 9 11 11 10 0 1 29 6 9 30 6 8 11 2 21 26 11 19 10 17 1 20 2 17 4 18 4 16 15 30 14 5 9 15 18 11 17 25 19 22 16 3 20 27 18 8 19 26
17 9 10 6 19 27 17 8 0 22 19 17 26 11 29 27 2 9 25 8 28 5 27 5 0 14 2 7 4 9 2 30 8 21 1 17 2 14 5 3 21 4 16 30 0 13 6 5 0 26 24 2 13 26 9 7 0 30 17 1 18 27 25 25 20 9 11 8 8 17 5 20 26 8 23 11 11 9 15 22 28 22 30 19 30 4 4 25 17 10 19
18 11 24 7 8 10 27 14 3 29 20 23 29 29 18 26 12 14 25 11 21 4 8 5 12 21 27 23 13 12 18 16 23 21 3 0 13 11 29 13 14 19 23 27 6 1 11 0 1 1 6 12 15 15 13 10 30 24 19 7 3 26 29 24 0 28 29 7 6 24 3 14 5 12 16 29 14 22 9 6 25 24 7 2 0 19 3 22 20 20 2
6 26 1 10 28 7 1 27 0 29 11 18 6 8 29 21 13 30 2 22 11 17 0 23 27 19 28 9 2 1 25 26 8 19 25 12 29 23 24 11 1 19 18 25 4 24 12 3 18 22 2 22 23 4 22 5 0 7 5 3 6 10 6 20 1 29 16 0 28 29 11 17 15 19 2 8 7 24 7 21 11 28 6 5 10 13 0 22 12 5 7
2 29 5 8 10 20 11 29 6 11 2 0 29 23 0 4 24 18 14 8 23 14 7 19 11 11 24 8 12 13 13 12 6 3 19 22 29 17 12 0 6 5 26 8 23 25 18 7 21 24 2 25 18 3 7 28 20 30 14 14 3 20 28 23 11 13 6 0 3 16 15 23 15 29 22 11 25 30 27 11 24 28 24 21 9 29 2 30 28 27 24
28 4 6 13 26 23 19 21 5 2 17 21 24 1 4 23 15 15 0 6 11 27 26 8 14 5 18 10 23 22 1 27 9 16 19 27 20 17 18 19 4 26 1 27 0 14 20 9 20 14 22 6 15 0 0 30 29 12 12 0 26 17 23 1 28 1 11 17 21 29 12 3 1 2 28 30 22 28 1 13 17 19 30 9 20 25 7 25 20 13 26
5 30 29 1 20 9 16 1 30 5 21 27 25 3 27 13 12 15 23 19 8 11 4 25 11 2 12 21 17 4 11 11 25 24 7 21 24 4 8 1 20 16 10 7 4 30 9 4 12 23 4 23 2 23 16 28 2 9 9 29 17 4 22 4 15 12 8 7 15 12 18 15 0 12 19 22 16 25 24 10 7 7 4 4 8 11 15 3 15 2 28
13 24 16 7 8 15 5 29 20 26 23 24 13 21 12 19 16 20 9 14 4 12 16 1 16 9 24 18 27 2 11 11 13 16 24 11 6 10 13 17 18 16 29 4 23 12 3 30 3 15 28 18 4 25 3 25 13 6 10 17 12 5 20 17 21 26 26 4 13 19 10 8 4 5 0 28 18 27 24 23 4 20 7 18 30 13 18 12 11 7 27
24 7 23 20 2 11 9 26 15 11 3 24 26 28 30 11 1 19 14 25 26 10 28 30 5 25 22 15 16 28 28 25 26 0 18 13 25 18 19 27 22 24 14 14 4 7 2 30 5 21 8 19 18 22 25 28 10 12 30 0 0 8 17 14 17 12 22 0 6 5 17 20 22 3 6 26 30 5 8 21 11 3 10 9 8 27 8 30 7 9 13
17 4 7 24 23 0 10 16 12 5 30 15 13 5 22 17 14 22 11 8 1 7 27 12 26 12 9 1 28 3 26 4 3 18 24 15 2 10 21 30 2 8 16 25 27 6 12 27 0 26 5 0 25 22 21 5 1 29 2 13 16 23 27 19 4 29 7 0 11 4 28 3 19 26 4 6 7 7 20 23 0 4 22 29 24 25 17 7 14 17 17
19 24 9 12 6 21 1 29 3 11 3 2 1 28 6 12 16 18 10 2 13 12 0 4 0 13 14 13 6 6 13 27 5 28 23 21 10 18 27 11 17 28 5 9 11 18 24 0 26 10 14 16 8 17 27 13 11 30 19 27 9 23 25 28 6 27 11 7 9 15 18 27 25 11 11 12 29 3 29 16 24 22 30 29 20 2 30 30 13 10 21
2 14 18 15 29 12 25 28 24 8 0 25 14 12 8 3 4 6 3 16 4 24 14 19 17 10 27 0 1 11 12 22 23 18 9 2 10 12 29 22 29 30 25 15 28 11 25 24 3 26 8 30 13 7 26 28 15 23 10 0 10 0 23 26 19 9 16 11 28 11 2 21 29 3 4 27 19 2 24 30 4 9 25 11 30 0 12 14 19 6 30
17 15 17 5 17 25 28 1 6 28 25 3 24 21 29 7 12 4 15 8 30 9 19 17 19 11 11 1 5 25 13 24 12 1 4 25 9 10 8 17 11 14 17 11 11 20 25 23 12 20 4 23 16 0 20 9 4 5 25 1 14 1 0 18 14 28 15 23 9 2 20 9 26 16 16 9 14 5 25 15 5 24 1 22 21 30 25 26 19 16 0
16 15 23 24 6 1 26 8 15 24 17 0 7 1 10 28 22 12 20 15 20 23 15 23 27 2 21 18 28 11 11 27 15 17 24 2 1 18 13 7 29 19 2 21 18 30 28 3 12 7 27 22 11 11 4 8 17 0 6 9 11 8 15 15 29 9 2 2 25 29 17 12 14 20 19 8 24 19 16 10 4 25 16 14 4 12 3 14 14 9 19
0 13 27 26 28 2 16 13 17 9 22 20 26 8 11 17 17 23 16 4 11 7 19 14 27 22 3 23 22 29 20 26 25 18 9 12 12 25 12 26 23 17 26 13 12 16 16 15 9 17 3 22 23 19 11 9 26 18 1 26 4 23 4 17 30 23 16 23 13 0 9 24 18 15 26 4 11 1 16 12 10 28 27 10 9 18 23 20 28 28 23
27 27 5 10 30 7 11 13 25 20 11 14 25 15 8 30 2 1 7 24 3 1 16 2 5 18 21 1 8 14 7 12 16 6 17 12 22 19 8 23 8 30 7 13 25 21 7 11 15 5 17 28 7 7 18 26 16 18 2 7 4 6 9 26 12 22 18 18 14 3 23 26 19 18 14 17 10 12 27 29 12 1 4 18 21 7 3 12 19 9 11
25 20 21 19 16 19 27 5 13 26 18 23 27 8 1 15 15 9 27 3 17 20 7 8 19 1 30 18 9 13 2 4 26 14 29 25 21 7 16 21 0 20 26 6 7 11 13 0 24 19 2 23 2 21 25 14 20 9 23 12 16 7 10 20 27 18 17 28 13 27 29 15 4 2 12 15 1 30 19 2 21 29 7 30 17 3 13 4 22 28 26
12 29 4 25 29 13 14 16 21 30 8 25 23 7 27 24 6 12 0 2 25 7 15 4 4 24 3 19 8 19 13 14 19 15 0 8 8 8 11 27 8 22 14 3 8 27 15 22 26 20 22 28 14 18 21 2 2 4 22 9 3 14 18 3 6 24 16 11 4 25 4 29 2 10 9 1 26 20 25 6 23 25 23 11 17 0 1 15 22 10 25
10 14 29 29 22 23 25 29 1 1 13 13 27 7 25 24 17 29 15 6 12 30 28 0 26 28 0 23 10 10 30 4 24 2 20 17 3 3 25 16 11 26 3 12 17 1 11 0 10 6 30 15 14 0 3 21 15 13 13 2 29 2 19 1 17 23 10 22 28 6 15 22 29 13 23 27 17 30 6 1 29 13 24 7 26 18 1 19 30 11 19
3 0 0 18 0 10 9 14 29 6 3 7 6 2 1 17 23 3 15 27 19 20 21 30 11 17 10 4 26 21 18 20 7 22 21 10 22 2 1 3 12 23 20 29 11 26 3 17 16 1 1 14 25 4 20 8 6 26 8 19 10 18 26 2 24 4 0 11 4 28 7 23 18 27 7 5 18 13 18 13 23 22 0 0 11 11 27 13 10 28 29
10 14 10 27 16 18 3 21 15 15 25 11 15 17 18 0 24 25 30 17 0 7 1 12 7 17 28 9 25 3 2 2 8 14 30 15 17 24 13 5 2 7 12 9 29 10 0 20 7 22 30 23 12 18 18 18 24 29 13 27 15 18 10 19 20 4 20 14 28 13 9 16 9 25 24 14 0 8 23 25 7 12 21 20 3 18 21 22 9 16 30
29 13 5 19 4 18 19 27 25 19 19 21 2 7 22 10 12 23 29 21 25 14 20 18 8 22 28 13 7 30 0 0 24 29 6 2 7 15 6 20 7 8 22 29 16 22 13 22 6 27 20 26 18 8 16 27 16 12 2 3 27 23 30 1 12 19 22 13 17 5 1 4 5 6 20 0 1 3 8 29 29 29 8 16 2 12 8 2 9 25 6
29 28 12 30 5 9 24 8 7 27 12 25 21 6 9 18 30 28 6 5 8 2 8 19 6 19 2 4 20 26 23 18 30 4 2 25 4 28 23 15 17 25 27 1 10 11 22 1 2 6 29 5 13 14 15 25 17 15 25 17 23 27 4 0 6 14 17 20 20 30 8 18 4 26 6 27 14 27 15 30 4 4 22 12 17 30 23 0 17 5 20
15 10 4 9 3 2 20 1 4 4 3 20 3 26 28 22 22 17 15 3 16 21 0 12 7 7 17 15 18 0 6 4 25 27 17 19 1 9 10 6 15 16 20 21 26 23 27 15 16 1 29 4 29 13 15 12 4 28 15 30 1 18 13 17 15 16 26 18 12 21 24 23 30 12 27 25 16 30 22 30 21 30 8 1 25 22 22 1 2 13 17
14 7 22 1 7 23 18 7 2 23 27 23 2 10 28 22 18 20 7 26 22 10 5 2 30 1 20 12 4 19 10 24 18 28 30 16 28 3 14 7 20 6 11 0 24 16 27 6 30 5 5 4 3 7 13 18 14 9 24 12 11 9 23 29 10 15 16 5 24 4 17 6 10 30 7 13 7 15 10 24 3 23 25 27 26 12 15 7 10 12 10
20 10 5 1 12 7 8 3 17 26 11 1 12 1 25 16 7 14 12 28 21 29 6 23 29 21 8 18 5 23 13 2 2 29 14 24 28 1 19 19 26 7 15 7 9 15 10 22 8 29 29 15 27 16 15 9 19 24 20 13 20 30 24 23 4 1 17 28 0 26 19 9 22 11 19 20 15 8 25 18 29 10 22 11 0 1 9 6 29 8 11
30 18 16 5 21 21 8 7 21 25 6 13 24 24 14 24 6 29 28 2 4 24 8 5 28 21 26 4 30 4 16 4 26 27 0 8 13 6 16 20 22 9 12 1 24 23 24 10 26 20 6 5 22 16 4 6 4 12 10 21 14 4 15 18 15 4 8 7 2 29 27 13 15 4 5 19 2 30 11 26 22 9 26 30 3 11 26 4 16 12 9
18 18 18 11 27 11 3 15 7 0 8 28 27 15 10 11 28 9 12 21 0 9 7 8 4 10 7 13 17 6 0 12 7 28 26 18 3 24 29 2 16 5 28 13 29 6 18 28 23 29 29 13 9 10 17 16 30 21 8 11 30 15 21 30 30 1 18 13 0 5 4 9 6 0 19 20 17 8 4 30 3 24 14 3 25 10 13 17 7 16 27
7 26 25 3 27 7 27 17 15 1 13 12 25 18 25 12 17 11 24 30 8 4 0 26 26 3 21 10 25 0 0 22 11 7 25 4 6 0 2 6 24 29 26 8 25 29 17 29 10 8 30 0 5 10 28 18 18 12 1 17 17 23 16 1 29 23 2 7 5 22 11 13 10 12 22 7 17 9 4 4 21 25 2 10 22 30 25 29 3 8 26
28 10 30 25 16 14 17 13 0 3 16 19 9 25 26 2 23 3 18 22 2 18 0 20 24 20 25 16 27 12 13 23 19 12 29 10 26 15 2 16 25 26 19 6 27 27 0 15 17 12 30 9 4 28 30 1 17 6 23 8 14 0 28 21 29 3 23 17 28 27 0 23 10 2 17 3 21 25 3 8 7 11 21 7 7 13 2 21 2 19 6
2 2 10 1 21 21 24 21 6 21 5 26 0 21 15 2 19 7 27 0 24 20 13 12 4 9 12 25 1 12 2 28 28 1 30 0 28 16 14 3 6 17 2 8 7 24 29 16 26 20 5 12 6 21 13 15 14 17 16 21 9 27 13 10 9 24 15 4 18 27 10 3 0 2 18 0 27 25 14 9 22 19 4 25 15 10 29 22 12 15 27
11 17 4 20 2 18 17 2 19 30 8 26 6 11 20 27 3 19 29 16 5 13 7 6 9 11 11 12 25 16 21 18 23 11 5 23 20 11 13 15 12 0 4 28 15 4 7 2 11 3 0 23 4 29 0 10 17 9 24 4 8 7 12 13 11 29 20 4 6 12 21 27 25 9 29 6 22 13 28 28 4 23 13 25 12 6 5 8 4 14 10
28 22 28 7 17 30 6 3 8 6 10 30 23 8 25 3 30 28 21 16 17 25 13 18 27 14 29 22 2 17 16 28 25 20 10 10 18 18 11 11 24 2 15 23 15 13 0 6 5 6 0 6 14 27 0 20 21 8 7 16 24 18 22 29 24 28 29 7 8 0 18 13 0 27 30 7 11 28 22 25 29 7 6 21 17 14 0 22 27 19 27
12 18 12 22 28 6 15 17 28 28 19 11 26 23 13 22 21 27 23 2 8 10 21 9 23 24 24 10 2 11 7 20 18 6 7 20 3 18 16 18 2 21 11 29 23 7 18 22 2 16 22 3 6 21 16 12 7 8 26 1 5 20 22 1 12 23 12 23 4 6 23 29 5 5 23 14 5 22 22 13 6 14 11 0 12 7 19 14 12 12 27
5 8 21 22 7 28 7 5 2 4 29 24 13 16 25 30 17 29 0 29 30 15 23 29 18 15 18 11 4 10 8 23 11 27 28 3 21 0 21 20 19 0 21 12 9 21 7 14 28 16 24 11 25 12 30 4 29 2 4 30 15 9 4 14 1 27 30 26 23 7 28 2 13 9 27 19 19 7 4 27 14 25 13 7 26 18 5 19 27 10 27
5 29 12 8 8 23 17 17 27 6 0 27 23 9 26 27 21 24 19 8 6 5 18 2 11 5 2 10 28 19 9 17 7 12 2 16 18 21 24 11 30 18 27 13 17 5 6 22 21 13 11 16 30 30 10 11 6 4 12 5 14 22 13 0 4 19 20 2 25 8 5 22 11 5 5 11 15 23 21 24 20 0 20 24 2 20 22 23 25 6 16
15 24 12 21 15 19 25 23 20 29 9 18 9 5 15 1 11 28 11 8 20 27 8 17 27 13 8 8 17 5 7 12 29 15 26 0 28 29 28 12 11 6 10 5 13 9 24 13 30 27 6 30 29 21 2 16 2 29 2 6 26 14 3 8 8 22 9 13 15 23 1 15 2 10 22 18 23 29 23 24 4 10 4 13 22 29 7 10 0 14 8
11 3 19 3 24 27 20 27 30 8 29 27 27 13 19 25 25 26 14 14 16 13 12 3 10 9 14 16 20 21 5 18 1 27 7 24 29 2 9 6 20 22 2 28 5 3 17 28 28 27 19 9 16 28 10 6 14 18 17 28 16 20 28 21 23 20 22 4 16 25 12 16 20 9 13 16 25 14 7 19 11 2 21 18 19 10 23 10 17 29 18
0 6 13 7 20 10 2 26 17 2 6 8 21 16 9 7 2 23 13 30 9 18 11 22 16 2 23 23 29 12 28 12 1 8 1 22 7 1 29 11 11 13 25 13 10 26 19 20 27 1 21 25 23 14 23 26 12 7 26 4 16 2 20 12 21 8 10 28 14 21 11 3 24 30 12 6 28 5 15 19 25 18 24 1 13 0 13 15 24 4 2
