92 92
15 28 12 24 29 17 13 18 10 2 3 6 16 26 25 5 8 18 11 27 0 26 0 5 2 28 23 0 16 4 2 13 30 24 14 24 3 13 27 28 10 4 2 5 22 11 19 25 17 15 4 9 25 13 19 10 18 21 18 8 30 7 7 0 6 23 16 3 16 23 21 12 11 28 26 15 30 12 27 19 22 8 23 9 29 1 2 18 14 17 25 11
16 3 3 10 23 14 21 4 18 9 28 15 7 25 16 20 22 6 21 13 19 0 3 13 5 17 2 24 18 2 22 14 4 4 13 9 26 3 24 11 12 14 14 18 1 13 7 24 29 9 0 10 8 21 5 14 11 23 22 28 7 18 28 30 22 23 10 11 7 11 21 1 19 14 17 15 1 26 23 15 1 26 2 0 17 12 2 25 13 24 12 4
10 29 19 25 9 0 13 2 8 14 27 4 13 20 17 28 2 9 12 3 29 17 27 25 12 29 2 15 8 3 25 24 16 8 10 23 10 19 12 7 2 13 20 9 15 30 2 22 9 2 28 4 11 1 8 2 21 3 0 5 27 9 1 24 8 13 7 22 11 16 26 20 1 6 11 27 17 18 18 7 13 21 18 26 4 0 29 27 12 9 5 1
5 20 12 22 24 20 10 14 28 20 25 24 21 13 4 0 8 2 11 6 4 9 12 15 23 23 28 20 9 17 30 29 9 22 7 28 25 15 6 8 8 20 9 0 16 21 0 28 26 17 10 16 2 29 28 16 19 4 30 23 14 10 16 15 6 23 20 14 30 24 25 16 2 15 18 29 13 18 1 23 30 13 28 22 5 24 15 1 0 20 29 10
1 24 19 20 25 13 24 18 12 11 18 25 16 27 19 3 22 14 21 29 8 2 8 26 3 25 13 30 4 27 11 9 19 13 13 5 30 6 22 24 22 23 15 15 7 4 5 26 14 3 30 6 1 14 16 12 29 14 19 2 28 0 16 11 20 27 28 7 3 28 17 25 5 3 18 16 1 16 17 30 26 3 19 1 14 3 13 11 2 20 5 30
7 8 16 24 4 5 30 26 20 1 11 27 7 22 29 14 21 8 23 30 24 13 22 23 4 2 12 30 8 4 22 23 28 15 2 30 16 20 1 25 24 9 6 15 17 11 3 22 0 7 8 25 1 13 19 22 8 30 1 8 28 19 2 28 13 21 27 30 4 25 7 26 19 10 5 13 1 22 11 29 28 16 23 11 9 7 23 8 9 1 9 17
8 5 1 3 3 17 7 0 5 2 8 4 17 13 13 28 0 20 6 16 14 11 26 28 11 3 18 26 30 11 18 27 20 14 16 4 27 26 11 12 10 1 27 17 17 6 0 17 8 4 4 11 0 11 10 16 12 15 24 23 28 19 29 9 2 16 4 28 8 23 20 1 8 27 0 28 5 12 11 0 28 8 22 28 3 13 9 29 22 10 16 2
29 25 14 10 21 28 18 5 16 29 30 2 28 2 18 25 16 8 26 25 25 16 20 22 14 7 0 19 29 11 11 12 11 6 7 6 12 30 15 3 7 2 12 27 11 15 6 15 17 30 14 25 18 15 17 1 1 7 1 5 6 8 15 28 28 3 20 18 23 29 25 15 22 14 29 22 3 5 29 5 26 2 17 29 17 2 12 28 24 3 10 30
30 19 25 18 23 8 29 11 18 19 22 0 17 27 3 26 25 17 4 16 16 6 18 16 25 9 28 20 16 28 28 26 17 3 11 27 16 1 20 26 21 30 4 9 0 14 30 9 22 23 3 3 22 20 13 0 21 7 5 15 15 7 29 20 1 12 15 8 6 4 14 23 12 3 15 5 6 21 12 12 20 28 26 11 6 3 4 7 22 10 17 9
19 16 26 28 7 12 9 27 27 22 10 10 13 22 15 11 2 1 3 16 27 11 10 23 21 17 30 6 8 6 29 5 27 4 22 1 10 17 12 29 9 6 3 7 30 7 17 0 28 11 14 27 19 4 18 9 14 18 0 8 12 2 17 21 19 17 1 29 28 24 30 22 11 14 21 26 9 27 26 22 25 4 19 10 29 24 19 6 21 14 4 30
26 30 29 18 10 0 30 1 8 8 18 3 4 27 29 0 28 6 25 17 5 5 24 29 29 11 29 6 9 26 7 24 21 0 17 26 10 14 6 11 9 1 12 14 27 6 6 10 13 25 17 6 26 4 23 20 24 4 21 4 11 20 25 23 18 23 17 10 1 11 30 12 30 18 12 27 22 19 30 30 19 28 24 25 6 16 13 22 14 20 15 22
7 21 10 2 8 13 6 20 8 24 15 8 6 21 22 23 29 12 19 15 28 5 27 15 8 8 1 14 10 7 6 11 12 4 13 19 28 6 10 21 14 20 9 25 15 29 4 22 20 4 10 0 18 1 28 26 10 13 14 7 19 2 19 18 16 9 10 5 10 24 12 28 10 3 9 10 25 22 7 2 20 17 6 17 25 10 22 0 17 0 25 26
15 8 21 25 14 17 17 27 22 12 12 18 1 30 23 9 2 9 18 30 30 12 2 27 9 15 25 7 3 30 17 27 17 29 23 26 25 29 3 13 24 9 13 26 21 22 13 4 26 8 27 8 13 10 20 18 29 20 25 15 27 20 10 12 1 21 21 3 10 16 30 10 17 6 14 9 29 22 9 20 0 10 7 30 25 5 28 5 23 25 3 0
19 13 11 22 10 25 1 21 16 21 14 25 13 0 17 21 0 28 8 19 23 1 19 0 6 26 5 20 11 16 21 19 26 8 14 14 20 12 2 30 30 4 19 7 25 1 24 26 10 29 18 12 15 14 0 11 6 30 2 12 20 10 27 30 4 24 18 13 14 8 25 3 12 18 2 13 10 4 20 19 12 6 25 23 13 3 18 7 2 21 22 27
0 15 1 27 11 7 22 4 22 21 14 25 1 28 20 0 12 27 30 2 10 20 4 17 6 25 24 21 20 21 13 7 10 29 18 25 7 29 10 15 18 13 19 12 22 0 18 7 13 5 16 22 18 12 12 4 8 26 23 27 2 17 6 0 25 12 9 27 29 1 19 25 22 10 10 18 29 25 30 11 3 27 8 23 22 14 7 24 13 6 3 2
21 25 19 3 22 8 10 2 1 8 17 15 5 1 16 2 8 25 26 9 22 17 10 5 1 14 20 30 2 1 1 19 15 12 13 27 7 28 8 27 17 6 12 18 12 24 13 29 0 25 0 30 4 15 24 0 25 14 11 5 21 24 26 28 19 0 10 12 20 8 1 26 30 18 15 6 8 15 18 16 20 10 22 23 28 7 15 26 24 20 3 4
7 29 9 20 29 17 7 29 12 7 0 21 4 27 4 3 4 12 16 29 20 2 19 4 1 4 13 1 22 25 24 18 2 21 26 9 29 12 0 27 5 5 1 19 28 29 12 15 29 11 10 16 23 29 7 19 10 4 0 28 16 17 16 8 27 6 4 15 3 20 3 7 18 16 28 30 0 7 26 20 22 23 30 15 7 10 24 0 7 0 1 3
14 25 24 19 3 15 13 29 30 8 29 28 26 3 21 28 20 14 24 15 27 13 29 13 5 10 23 9 23 22 27 8 25 25 19 24 29 2 9 27 28 25 9 8 12 13 19 5 6 0 24 23 12 11 21 1 15 19 3 18 26 30 19 18 18 15 17 6 10 4 29 2 21 17 5 2 17 1 23 5 20 9 26 25 5 15 8 25 2 9 2 0
5 21 28 24 12 14 22 30 10 10 13 6 4 12 9 4 11 19 7 7 28 8 12 13 14 16 23 16 16 17 4 5 13 15 25 28 29 6 19 11 28 21 4 11 27 0 10 25 23 29 4 1 3 27 21 26 5 17 17 17 10 28 7 23 3 15 25 4 14 26 24 7 22 7 22 25 5 20 22 30 10 20 18 20 28 4 22 22 27 25 3 25
29 7 30 0 10 15 10 28 27 23 10 18 12 1 18 27 25 27 17 19 2 27 29 9 18 26 1 28 4 9 24 10 10 10 16 2 6 23 14 5 2 12 21 21 12 18 29 20 15 1 15 0 25 0 24 9 1 12 12 15 28 25 11 1 14 16 18 20 12 3 23 30 19 3 2 11 20 20 19 7 1 23 29 2 27 26 23 14 22 24 9 22
14 18 16 2 7 0 12 12 9 12 17 20 26 20 30 15 18 0 0 19 27 10 13 5 21 4 9 20 10 19 15 3 10 8 8 2 9 30 20 10 28 23 10 17 28 19 10 6 23 30 29 4 3 26 13 4 21 13 12 23 28 24 27 27 27 30 23 26 24 23 30 23 1 13 9 28 24 25 20 29 12 8 19 8 5 30 27 3 21 10 29 22
30 22 25 19 19 11 10 27 12 21 2 12 18 7 18 17 25 13 20 16 18 11 27 26 13 30 22 26 2 19 3 7 21 15 2 5 12 24 17 22 0 12 27 7 25 9 13 13 12 28 25 6 5 26 24 9 26 22 28 8 5 4 12 30 16 26 21 20 16 1 12 25 9 3 20 2 21 22 9 3 22 4 3 17 13 0 0 25 23 21 8 2
28 16 11 30 25 18 6 26 19 0 1 1 5 26 8 1 11 22 21 15 4 24 3 5 10 30 6 23 25 10 23 23 5 15 18 26 22 10 18 16 12 18 29 17 0 3 30 10 26 7 1 22 11 17 8 23 26 22 29 5 24 6 4 13 5 17 30 20 0 24 5 30 14 19 21 22 21 7 22 12 25 12 30 1 9 27 20 14 28 10 19 16
10 23 13 26 6 13 29 11 8 14 2 19 5 21 27 27 4 16 16 0 13 9 22 6 6 23 17 2 13 24 19 20 4 30 12 7 27 27 24 6 20 22 16 7 14 5 1 2 9 16 10 20 1 10 10 20 24 12 7 11 19 17 22 0 26 4 8 25 13 27 23 5 10 13 1 23 17 9 25 17 9 13 24 30 8 17 18 0 18 4 21 6
15 24 16 4 10 28 10 30 12 2 27 13 14 13 10 6 0 22 14 27 22 11 1 24 18 11 0 20 15 3 17 5 21 15 17 2 3 6 4 30 1 6 16 29 4 20 1 3 15 1 13 15 11 6 17 14 29 20 4 29 18 7 15 18 11 17 10 8 30 6 4 5 12 5 14 28 8 0 0 20 21 17 23 18 22 15 22 6 1 2 18 26
27 22 23 17 20 1 25 9 17 15 8 19 11 12 1 22 15 5 5 24 8 1 15 28 23 26 24 8 23 11 27 2 24 4 19 19 3 4 26 22 8 1 30 22 8 7 24 16 25 16 16 4 1 30 30 22 16 21 29 3 25 26 7 22 20 24 2 19 30 22 22 27 3 28 28 21 15 6 8 20 11 24 13 12 9 0 10 6 29 16 15 21
19 2 1 21 16 0 22 8 7 18 16 20 30 13 8 2 25 10 17 29 16 25 2 8 16 19 10 2 20 5 17 5 22 19 22 22 11 30 10 20 23 16 19 28 4 8 1 28 12 19 24 14 3 11 9 21 19 5 26 24 21 15 18 9 24 19 0 12 23 23 8 23 3 25 11 2 4 23 2 19 4 12 16 22 8 20 2 23 0 30 0 28
18 17 19 29 13 25 19 24 15 26 17 8 22 22 11 7 15 16 26 13 5 5 1 7 0 7 6 28 24 29 4 24 1 10 8 3 6 0 2 20 5 15 17 6 2 10 10 18 4 3 24 26 5 8 5 0 18 3 29 1 27 12 0 7 4 15 17 2 7 30 12 15 18 24 9 17 8 9 17 1 24 27 9 1 4 22 7 9 16 26 11 15
24 19 15 27 14 17 13 7 6 29 10 25 18 1 19 9 12 14 1 0 20 6 25 10 22 16 20 8 9 4 3 10 25 25 24 29 14 14 25 2 4 14 20 2 30 26 17 11 15 17 28 22 20 7 22 16 16 3 18 26 27 14 23 25 1 24 23 19 26 3 25 15 0 24 21 0 8 30 25 0 30 8 13 28 12 14 16 3 24 12 29 26
7 20 5 28 19 23 19 16 25 8 2 0 14 12 11 7 8 5 0 23 19 26 15 7 15 29 7 25 27 12 3 7 16 22 5 14 30 7 10 5 4 11 22 6 22 28 27 25 10 1 17 24 30 2 10 3 2 13 22 13 6 9 2 20 25 5 1 0 7 17 25 1 9 21 12 15 20 23 6 5 30 10 23 3 0 22 4 1 6 28 15 19
18 5 5 27 27 15 0 20 9 5 17 15 27 17 1 24 25 22 12 4 1 5 3 13 12 4 12 10 7 23 5 25 12 27 14 21 26 24 12 4 5 25 26 5 13 18 29 18 14 12 24 2 5 27 12 11 8 26 12 17 27 10 21 15 11 21 13 15 25 22 14 5 12 8 27 5 7 13 24 20 11 3 26 15 6 21 23 26 14 22 4 21
2 19 21 0 18 28 20 6 3 26 4 10 13 13 17 13 23 28 25 20 19 20 26 18 7 29 17 4 2 2 5 9 24 0 14 24 29 19 18 19 6 0 18 20 1 18 1 10 16 6 5 20 7 0 1 5 1 11 0 8 13 30 23 7 10 27 27 28 6 13 13 19 26 0 1 25 29 24 4 13 2 20 21 12 26 0 29 6 8 22 10 22
14 4 9 27 15 24 0 27 20 18 19 1 8 28 30 23 3 14 14 21 27 9 7 30 22 22 8 5 11 15 18 21 24 27 22 23 23 6 26 7 17 7 27 20 24 7 21 24 13 15 20 7 26 6 15 15 11 9 19 7 27 30 28 25 11 9 14 11 30 10 28 18 0 29 14 28 24 18 25 26 14 16 20 19 13 30 29 28 6 18 14 25
3 21 30 20 5 0 27 11 27 1 6 18 29 18 17 7 13 7 21 3 20 3 29 23 25 18 0 18 7 2 26 3 4 9 20 29 4 20 29 16 3 9 7 28 10 23 6 13 5 25 19 8 14 13 27 22 11 23 15 1 13 22 26 26 18 30 14 4 27 6 8 0 3 11 15 9 5 7 0 10 19 4 5 16 4 25 24 2 26 4 27 7
27 8 3 21 21 7 23 8 2 28 18 0 1 9 13 26 5 15 0 24 9 23 3 9 6 18 1 2 3 17 17 29 15 13 14 18 28 9 0 28 25 21 13 4 22 10 9 15 12 16 9 16 26 29 13 5 25 19 2 24 3 19 20 5 23 13 24 18 5 4 15 14 1 19 3 27 21 1 15 4 5 29 3 2 22 19 12 6 15 15 23 27
2 8 9 23 24 11 14 2 18 7 27 18 10 29 15 9 22 24 19 4 28 30 29 24 19 9 29 7 0 1 7 20 17 2 5 5 12 28 12 16 0 2 8 23 2 10 27 0 26 27 21 20 9 18 15 1 27 24 17 15 20 8 29 11 24 9 12 8 18 26 24 28 18 18 24 1 28 8 4 19 24 10 28 13 10 8 0 14 2 17 5 27
12 10 21 26 16 19 3 18 22 23 28 13 9 23 10 16 13 13 16 20 20 11 19 13 17 1 17 5 29 12 1 3 15 25 22 17 11 26 21 24 6 24 9 6 23 23 21 29 25 25 6 20 26 3 17 18 23 5 9 26 18 27 28 14 2 23 29 14 4 2 7 25 1 7 26 15 1 11 30 13 15 14 29 10 16 9 22 25 2 1 14 17
16 18 16 24 21 25 15 0 10 15 29 10 16 14 19 26 5 9 0 19 27 13 6 28 29 27 15 13 25 4 17 16 11 10 3 15 16 10 30 2 3 23 23 25 18 11 27 26 17 27 14 12 22 1 5 18 12 29 23 2 28 1 27 7 6 9 0 19 25 12 22 7 20 17 5 9 23 29 5 21 20 12 4 0 14 12 7 19 23 8 20 18
8 20 27 11 28 10 16 4 14 24 29 20 15 6 13 25 8 8 27 11 24 0 0 26 26 22 25 16 24 16 20 17 23 15 2 29 12 13 8 15 21 20 21 0 7 27 8 27 18 3 28 18 18 24 29 6 3 23 21 24 26 9 18 23 28 30 13 2 12 11 9 27 4 12 10 20 20 28 13 9 22 24 20 19 1 17 5 20 21 7 26 29
17 0 5 6 18 18 2 26 19 13 2 20 7 26 0 25 12 23 26 19 9 30 17 10 28 29 18 4 3 30 5 30 19 19 11 2 29 27 30 0 20 22 30 2 27 26 0 28 21 18 1 30 20 9 22 7 19 29 15 29 25 23 29 29 15 4 8 12 28 14 20 9 26 25 7 17 6 15 16 8 1 11 4 11 17 16 30 17 2 22 7 18
16 3 16 17 15 24 9 18 9 18 19 4 3 10 5 6 25 5 25 18 7 23 12 18 13 15 25 14 18 7 1 12 8 3 6 23 15 11 18 21 5 3 15 12 27 5 24 23 20 22 10 30 2 10 29 23 19 18 4 10 4 15 23 9 11 28 3 1 20 1 24 30 6 11 14 16 29 28 17 25 30 0 20 1 12 20 0 13 29 10 19 0
10 10 14 2 26 28 1 6 18 10 8 8 18 24 6 16 24 19 27 5 30 9 16 28 21 2 2 27 16 20 27 22 24 15 22 6 13 4 29 15 20 25 29 12 8 29 19 2 3 7 6 27 26 30 9 23 29 4 22 21 19 9 3 0 8 18 21 10 1 15 30 9 18 22 26 22 15 7 17 19 1 26 15 3 20 18 21 7 13 24 5 28
21 21 2 5 10 11 12 19 2 0 2 30 25 24 11 3 30 15 7 20 8 22 8 12 1 20 5 21 6 13 20 19 9 26 30 4 12 30 0 3 30 3 12 0 21 19 24 3 14 23 3 2 18 11 1 27 9 23 18 3 21 9 14 5 28 15 26 0 23 19 29 21 0 1 0 13 8 16 17 14 13 10 7 9 3 7 27 8 20 5 14 13
21 14 19 0 13 27 15 24 27 22 12 18 10 29 30 21 5 6 21 18 8 6 18 19 6 30 1 4 7 24 16 21 7 11 15 29 22 12 26 25 28 7 7 15 3 28 13 22 27 5 3 6 6 5 19 19 3 24 28 29 20 27 25 14 19 8 11 11 5 17 25 20 4 5 21 23 18 5 29 30 4 20 17 3 15 20 21 23 19 19 20 30
28 9 15 10 13 15 30 27 3 22 12 28 4 14 26 29 17 29 21 25 7 0 1 4 12 24 28 9 27 3 29 15 19 27 25 4 11 22 1 26 8 4 2 8 16 30 3 20 2 11 27 14 29 22 18 2 2 20 3 4 18 2 25 9 14 0 17 14 23 13 19 30 9 24 2 7 2 27 24 4 8 1 10 11 30 30 12 29 4 5 30 15
9 22 6 14 3 23 28 6 2 24 3 3 15 20 26 14 18 16 25 11 19 26 26 6 22 29 3 16 10 27 17 18 24 15 29 2 14 2 9 1 24 21 20 2 19 18 2 25 12 5 8 18 16 0 28 5 6 26 23 23 5 27 25 16 24 20 0 23 13 6 24 19 11 1 9 28 15 17 0 18 23 21 9 19 17 17 25 8 6 23 24 15
12 30 24 5 1 15 6 6 22 30 7 2 17 4 3 24 14 16 12 18 5 10 16 6 18 10 14 17 5 24 10 29 30 16 28 27 7 24 27 24 9 19 9 6 20 7 24 12 20 21 27 5 28 9 9 27 29 3 8 2 8 30 8 28 8 5 16 14 27 17 20 13 5 1 27 26 23 19 25 24 26 18 12 1 6 30 2 30 14 12 10 2
20 22 22 20 30 10 14 3 30 14 29 11 25 23 4 4 10 22 11 10 26 24 23 13 21 25 11 24 1 16 25 26 4 28 14 7 26 8 26 11 3 27 7 23 17 14 10 12 0 20 8 24 15 23 29 30 20 8 1 1 23 4 26 16 1 15 28 13 29 12 20 19 15 28 23 15 12 7 26 20 11 17 25 27 17 27 4 9 21 29 20 25
13 1 25 21 14 22 17 8 16 29 23 3 27 22 22 2 18 6 24 19 9 3 9 19 21 26 6 26 7 26 7 21 9 5 24 20 17 16 30 29 17 28 28 12 27 29 24 3 6 3 13 15 8 6 22 30 14 7 23 17 22 20 19 14 22 7 17 11 21 28 0 23 17 25 11 19 17 26 13 30 20 12 6 1 11 12 5 30 27 22 4 27
6 16 8 6 30 14 21 1 19 6 16 0 25 16 18 29 10 4 27 25 26 20 14 11 28 15 13 29 29 27 25 1 0 20 23 24 12 15 18 13 6 4 23 4 19 7 20 18 29 7 7 12 16 25 2 16 4 29 24 23 18 15 2 25 20 25 27 13 18 29 0 27 28 22 21 26 9 15 12 19 17 12 11 19 18 23 22 17 22 0 10 2
10 13 19 3 10 18 8 12 18 17 20 2 11 5 29 21 11 27 24 1 22 25 17 4 3 11 11 24 13 16 10 10 7 0 10 16 3 9 3 18 27 6 15 14 1 23 14 24 12 25 7 28 0 26 18 17 21 20 6 16 17 0 20 22 21 1 15 3 0 25 27 7 28 7 4 21 10 28 17 25 5 30 12 11 0 19 7 10 5 6 12 22
15 21 13 21 25 29 29 8 16 3 10 4 19 23 16 1 6 14 2 4 7 30 7 22 15 13 27 25 2 7 25 14 21 26 27 17 19 26 14 11 22 17 19 30 8 22 3 28 11 15 29 23 29 18 23 1 8 7 24 28 4 3 3 11 15 13 2 16 19 30 12 26 1 26 25 13 18 27 10 27 17 26 26 9 8 25 17 27 23 5 29 30
25 24 22 19 21 2 26 29 25 24 23 4 22 24 27 12 26 9 28 13 2 0 9 21 11 19 8 25 4 3 1 4 7 2 25 1 14 17 8 27 18 9 3 29 11 15 27 1 25 8 30 22 18 1 20 20 22 12 25 28 6 30 6 21 8 3 19 18 10 27 16 10 19 27 18 27 4 23 28 5 3 0 24 0 27 20 18 13 8 13 6 16
23 1 14 6 2 24 20 17 13 30 25 8 11 21 0 10 29 19 9 24 21 18 4 16 0 7 20 10 5 23 0 22 29 18 18 28 7 1 7 17 18 30 6 30 25 5 9 15 16 12 4 23 16 5 21 3 12 15 21 26 7 6 22 17 6 5 30 29 22 2 0 11 9 9 12 0 0 7 28 24 8 30 9 13 13 21 7 4 13 4 26 23
8 1 16 25 6 26 24 2 5 26 7 20 8 20 7 24 22 1 19 23 2 2 3 5 20 25 29 3 17 20 21 21 18 30 25 14 0 17 6 9 12 1 28 6 22 9 2 23 13 26 19 13 27 8 6 4 16 28 26 24 10 21 24 20 23 10 20 5 21 4 30 11 19 17 7 25 18 6 8 29 30 10 17 15 17 25 27 26 0 3 19 26
1 11 24 11 17 16 6 25 16 17 5 5 4 24 25 21 21 16 5 0 13 24 17 21 26 21 30 29 4 1 26 14 22 26 3 16 12 2 10 9 1 16 23 19 29 29 30 21 27 20 13 25 13 11 25 11 21 18 12 25 8 28 0 30 5 15 15 9 6 1 0 21 7 25 27 0 16 17 21 15 14 10 2 29 3 11 4 4 18 27 12 3
1 8 24 12 29 0 17 2 3 8 9 9 28 8 4 0 16 12 24 26 20 1 5 16 5 22 30 18 30 27 11 25 7 26 23 9 27 28 15 23 21 28 1 22 29 18 14 22 12 2 0 12 6 5 20 17 15 19 4 27 14 15 19 28 3 3 11 20 7 2 26 25 21 16 9 25 26 30 30 30 10 13 12 16 3 5 11 8 22 3 23 19
26 26 10 12 4 6 4 4 26 28 16 28 30 18 3 18 10 21 27 18 5 7 9 28 0 21 30 0 22 11 7 26 7 3 3 10 26 19 15 3 2 4 0 1 26 12 16 16 14 10 20 28 8 16 8 21 15 19 9 9 16 8 24 30 10 28 23 15 28 7 15 19 25 22 25 13 10 9 16 13 9 25 9 6 9 1 1 24 14 6 7 12
14 20 8 10 14 9 11 6 30 9 7 10 29 17 9 9 10 0 25 0 19 14 7 24 8 9 15 13 12 9 24 27 1 12 6 12 7 8 3 15 20 7 20 26 25 13 18 12 7 2 28 22 5 1 8 14 29 19 11 11 12 29 24 9 15 18 26 25 14 23 30 21 8 6 11 16 11 22 13 9 1 21 30 0 15 8 12 8 26 10 20 2
13 7 18 21 24 17 1 8 14 18 9 23 23 1 18 17 1 0 13 26 9 30 19 28 6 9 14 30 8 7 26 14 24 8 0 14 4 7 15 21 27 18 28 3 30 21 20 28 8 21 9 29 16 17 27 15 22 5 20 13 1 21 8 30 26 24 27 0 10 6 4 13 28 27 1 15 8 11 6 11 6 30 23 10 3 30 4 10 15 22 21 15
11 5 15 8 15 27 4 18 28 17 28 30 13 11 21 6 10 3 3 21 28 0 25 9 21 17 11 12 13 26 2 25 9 25 25 27 22 23 25 25 7 0 12 2 27 17 27 3 29 29 22 30 20 15 15 11 6 19 11 13 17 12 7 0 17 24 0 15 20 0 10 29 4 18 16 2 0 27 11 1 9 21 21 20 26 5 1 21 9 12 26 3
0 13 29 20 7 29 7 1 16 5 30 7 0 20 19 29 6 11 12 16 29 28 13 30 15 14 17 22 22 26 9 12 28 19 21 20 1 6 3 27 19 28 16 27 22 22 12 27 26 9 10 24 20 10 26 1 20 25 0 9 10 13 21 3 28 20 9 22 15 24 8 22 30 19 26 22 8 25 21 18 1 3 19 28 1 27 15 9 18 22 10 15
11 28 3 21 1 10 14 25 17 28 21 4 17 27 20 3 21 16 4 9 15 30 28 6 4 4 24 23 7 17 26 20 18 5 24 13 7 26 29 26 27 11 0 29 23 22 13 26 15 20 21 30 8 6 7 21 20 6 13 12 19 28 18 30 25 22 8 6 21 19 25 22 23 3 18 6 14 23 1 30 10 19 23 12 3 22 28 17 13 24 17 13
25 23 28 19 11 26 25 27 7 3 27 18 25 15 3 4 16 1 13 19 25 0 19 15 13 19 28 6 13 15 11 17 26 0 18 2 17 4 14 27 20 28 24 9 8 15 16 18 1 3 12 20 4 11 18 4 29 6 9 28 24 4 19 1 23 9 21 5 11 29 3 24 26 26 5 14 7 30 10 30 16 29 25 1 20 26 15 19 29 5 19 19
3 7 21 20 21 22 8 18 19 5 25 29 2 20 19 27 21 28 26 25 8 27 2 25 18 25 30 6 11 23 11 3 12 8 26 11 27 3 19 17 29 23 7 9 23 22 19 5 0 18 2 10 18 13 26 9 26 29 28 22 4 20 22 13 10 7 10 17 20 23 10 5 20 27 1 25 6 23 28 30 28 14 5 27 6 13 11 18 26 1 22 25
10 6 23 17 25 11 23 5 7 6 1 12 0 24 18 17 11 11 1 9 5 16 27 9 20 17 16 25 23 20 24 4 7 26 17 18 3 27 2 10 14 0 8 28 15 30 10 22 9 27 21 16 6 18 9 25 17 27 3 17 19 25 25 0 18 4 30 16 12 7 25 7 29 16 23 20 20 13 3 1 8 14 16 24 12 21 19 25 19 17 3 4
12 28 7 6 12 20 24 10 14 5 25 4 27 13 30 24 2 20 13 17 29 9 8 9 28 24 2 19 28 7 22 29 29 22 25 16 4 8 21 23 30 8 29 10 14 22 2 25 26 27 13 24 7 4 15 19 21 4 5 1 8 7 6 2 15 29 21 13 5 10 11 23 8 19 30 18 16 7 26 4 0 13 3 19 19 27 27 3 5 15 3 6
6 24 2 9 29 2 26 27 22 12 23 17 5 30 6 24 3 13 19 15 0 21 10 6 7 4 10 13 22 6 5 3 22 29 11 24 1 29 8 13 8 19 21 14 9 20 0 17 30 6 1 30 5 18 21 3 27 17 0 22 8 5 22 22 14 12 29 5 1 23 14 4 26 9 25 19 24 29 17 6 26 20 22 28 18 20 13 6 14 16 20 29
3 5 27 0 14 22 30 26 18 10 23 0 22 8 4 19 2 6 25 6 22 13 3 11 28 9 13 27 18 8 4 24 17 13 18 7 29 17 10 29 7 8 13 1 21 0 2 25 12 25 0 10 27 4 20 7 29 18 22 11 17 7 8 1 8 18 21 9 13 2 27 22 17 16 30 14 18 6 4 1 29 9 10 25 29 18 14 9 21 21 2 4
2 20 8 29 24 18 8 28 22 14 1 0 22 12 16 26 25 0 2 7 1 24 14 15 28 30 27 21 9 7 21 21 23 2 13 27 14 27 29 24 27 20 6 20 23 16 9 26 11 13 7 9 10 10 16 28 30 5 21 17 12 20 7 26 13 23 12 4 4 13 21 13 24 11 0 25 25 20 19 4 26 27 17 7 13 12 11 0 24 28 15 20
5 25 29 1 25 30 26 8 14 1 17 27 29 10 20 17 3 10 25 14 12 2 26 7 4 19 25 26 8 17 4 15 29 18 21 14 16 22 20 29 25 17 0 8 10 7 24 22 5 1 26 15 25 7 15 18 13 30 17 8 2 26 11 16 30 3 12 5 19 12 18 21 0 24 19 13 19 24 8 16 17 5 18 23 19 17 10 16 26 4 27 30
2 17 1 3 9 29 15 24 4 22 11 3 6 16 14 17 4 12 14 27 29 1 23 13 24 14 23 28 12 12 11 5 1 8 13 23 21 3 21 23 18 4 16 9 18 16 13 2 21 13 27 16 11 3 8 4 2 25 17 8 25 14 1 6 8 17 13 29 15 17 14 18 19 20 30 13 3 20 22 15 20 15 11 30 17 28 0 7 30 8 5 12
28 18 19 22 3 10 6 26 24 29 8 17 15 12 9 24 29 25 22 24 19 11 6 7 24 16 5 26 12 1 7 8 20 5 6 23 4 28 19 27 19 23 8 18 28 19 24 14 30 28 2 0 23 0 25 14 24 22 2 6 7 0 30 22 13 17 25 16 21 9 2 9 17 10 12 2 15 19 28 16 18 20 4 23 22 11 27 11 29 12 4 13
26 15 20 9 19 26 6 6 5 25 1 23 20 30 27 25 0 18 24 16 14 11 2 12 21 22 28 23 10 16 18 5 25 11 22 17 26 28 25 18 16 17 15 5 29 30 10 13 28 30 25 16 0 11 7 5 20 10 29 10 1 7 28 13 21 1 28 11 14 26 19 21 8 8 7 21 24 29 17 29 5 0 17 18 7 22 27 21 20 6 17 11
0 1 15 7 16 29 12 22 0 8 22 25 25 23 24 0 19 10 29 27 6 8 30 3 17 9 21 6 9 24 7 29 13 14 13 0 14 26 14 26 23 13 26 28 21 19 25 23 27 27 10 30 20 22 0 23 25 18 14 30 2 23 11 15 18 24 3 11 12 19 28 1 16 12 0 10 28 1 8 16 6 5 0 25 18 24 9 11 8 16 3 12
17 24 30 4 21 16 3 3 6 29 7 22 29 5 28 27 16 26 2 23 30 2 1 20 23 14 8 2 21 0 15 8 2 24 24 19 19 15 20 27 16 29 28 13 8 16 21 18 19 4 16 1 9 9 16 1 26 2 30 3 8 0 14 25 13 15 9 5 6 23 7 20 0 23 23 3 18 15 29 1 11 19 22 24 13 21 10 18 4 5 19 23
18 9 19 10 22 0 13 12 9 27 4 1 30 26 6 21 0 17 4 12 28 25 23 9 6 8 8 17 12 9 28 24 24 3 30 20 15 10 0 0 15 15 1 6 1 16 9 14 16 14 25 8 11 4 4 9 17 22 25 25 5 30 17 15 18 22 21 6 24 1 23 19 0 27 17 28 5 3 5 6 2 19 6 7 10 3 26 27 15 0 22 13
23 6 5 19 19 19 0 15 6 26 13 21 1 5 21 22 24 13 9 8 6 19 18 28 6 20 14 28 12 1 4 15 15 20 27 14 28 13 6 17 17 18 16 25 17 24 18 5 25 19 21 20 1 4 8 27 7 20 17 3 6 23 27 20 2 26 14 17 25 18 1 13 4 16 11 2 21 11 19 29 26 0 2 15 6 21 21 3 19 18 16 5
25 13 11 2 11 29 28 5 20 16 5 22 20 24 6 0 25 18 16 9 26 23 13 23 24 27 23 17 2 4 27 16 5 11 24 22 11 26 10 22 1 14 4 26 15 15 6 22 29 0 2 2 25 10 14 28 6 8 22 18 14 16 3 6 24 18 2 24 19 16 24 11 17 7 0 29 10 0 4 11 20 23 15 21 5 24 26 12 25 1 9 12
15 25 30 13 13 11 25 20 29 0 26 14 12 28 28 27 22 7 9 3 2 29 30 13 23 11 1 3 16 28 2 12 17 19 26 17 20 23 22 12 5 0 25 27 13 0 14 10 10 11 21 9 23 21 15 18 8 18 18 7 19 15 2 21 27 8 1 14 25 14 18 1 13 21 29 24 23 1 0 23 24 16 3 6 6 18 10 21 28 27 19 2
15 15 15 15 27 21 7 13 3 1 4 18 3 26 24 15 24 8 5 14 5 15 1 11 1 14 11 8 3 3 16 27 0 29 8 2 0 20 29 24 24 19 30 22 5 9 25 23 16 14 28 19 16 14 5 27 24 25 29 1 11 30 17 22 9 15 17 18 25 6 0 15 15 11 30 19 12 27 10 23 30 1 5 1 20 5 7 26 11 26 6 24
21 12 26 4 30 12 5 0 11 24 17 23 30 26 16 10 13 19 7 12 6 9 4 5 14 15 0 1 21 17 29 6 13 23 28 18 5 4 15 19 24 6 18 22 15 5 1 28 10 19 24 23 28 2 13 22 25 30 23 22 28 22 24 16 21 19 20 2 4 18 0 24 8 13 7 3 29 1 19 2 6 18 5 14 14 14 30 10 29 20 30 12
28 9 18 2 16 12 18 9 11 12 2 6 2 4 20 27 1 11 15 2 17 22 4 10 9 15 2 4 3 7 11 27 30 26 16 17 6 17 19 27 26 8 4 23 22 8 24 1 23 0 14 2 3 1 28 28 28 14 0 19 6 3 23 6 16 29 18 7 20 15 30 1 15 20 30 21 13 15 14 27 23 14 1 30 12 24 19 19 28 13 18 30
16 27 5 14 4 14 17 7 24 25 11 13 8 20 6 6 5 26 30 10 12 2 1 15 29 1 16 26 13 17 4 8 11 4 5 26 15 1 7 2 25 6 29 28 11 30 23 26 30 23 21 1 0 16 22 5 27 17 19 19 3 3 22 13 8 9 14 29 20 17 5 12 15 13 11 14 1 22 4 26 8 16 26 5 24 21 4 28 28 20 25 30
25 10 2 3 28 9 2 24 28 29 24 21 0 27 13 16 25 14 2 11 13 6 27 9 26 11 18 24 4 29 29 25 19 13 10 30 11 26 18 5 6 19 18 17 14 25 22 19 10 12 15 2 24 10 21 15 21 7 15 14 27 8 27 29 9 26 16 8 11 28 28 13 29 4 4 22 29 21 28 12 9 15 22 27 16 26 0 15 11 9 8 20
25 9 2 25 5 21 27 17 12 3 2 0 14 30 24 20 17 1 19 3 1 10 24 20 28 5 26 8 14 16 21 16 20 14 0 13 20 22 24 1 19 1 12 6 6 30 21 4 15 29 9 8 0 9 10 0 24 18 16 15 4 29 14 10 28 23 28 1 4 13 0 10 18 15 20 21 7 19 13 3 12 15 2 14 7 0 12 12 4 12 1 4
2 21 11 17 29 6 5 25 4 13 26 30 13 17 15 30 14 2 19 12 5 15 26 26 25 14 25 9 23 11 26 11 7 17 29 3 16 27 22 26 3 8 6 1 29 15 15 30 13 11 12 3 19 23 26 16 1 28 18 25 13 15 26 10 8 13 10 27 23 6 18 6 26 27 24 13 19 25 24 1 19 14 5 4 6 25 25 1 12 5 21 24
11 20 6 30 7 9 27 21 26 19 26 16 0 15 17 28 22 0 19 1 24 11 10 22 19 4 17 4 4 1 18 28 6 19 29 2 18 9 0 19 10 13 27 24 28 30 4 2 0 13 26 22 1 7 4 9 1 17 6 20 29 22 0 23 29 6 1 21 21 17 12 15 5 14 17 5 18 1 29 22 7 5 19 5 13 14 29 13 13 24 26 14
16 27 13 8 20 13 10 5 7 29 19 2 19 9 25 23 23 23 9 27 1 18 14 14 14 0 24 3 19 19 5 1 26 18 10 6 13 2 0 20 25 27 23 26 15 14 23 13 12 29 27 12 9 1 16 27 20 7 13 18 14 13 13 17 19 25 9 9 22 18 0 5 25 13 3 9 30 16 25 29 21 19 12 21 2 22 7 23 29 19 28 21
7 11 13 20 7 26 20 9 9 17 5 23 21 29 18 21 19 29 10 13 29 22 25 28 6 12 26 9 7 4 8 3 6 21 12 8 14 28 1 17 23 24 28 28 6 5 22 11 26 18 20 14 12 27 20 12 29 26 13 29 9 0 2 15 1 1 23 10 24 21 30 12 0 4 18 28 10 23 5 2 29 24 25 25 29 27 13 20 8 25 27 9
27 15 7 27 11 9 10 16 12 23 1 5 0 8 18 1 30 16 17 10 20 20 7 24 26 1 28 21 29 13 25 20 0 16 5 9 25 6 12 29 27 26 2 20 4 30 14 2 25 5 1 17 12 29 12 14 14 5 25 18 3 17 24 1 11 27 5 12 3 17 11 24 24 15 6 10 24 4 18 25 12 15 30 13 14 29 13 25 24 5 7 3
12 19 29 16 4 23 16 21 21 3 3 26 21 21 12 11 12 2 5 23 24 17 25 17 24 3 23 16 1 18 24 4 20 12 13 19 12 15 10 19 21 11 17 11 19 0 22 16 16 24 25 6 28 24 2 11 22 19 22 4 9 3 17 3 7 8 9 6 18 10 7 0 30 28 2 23 24 2 5 29 7 8 17 18 12 14 5 24 25 13 20 15
