96 96
11 7 10 1 17 25 24 7 22 15 23 12 17 20 16 16 13 11 24 20 7 15 18 18 14 27 11 1 8 13 15 2 21 8 20 8 25 4 13 9 13 10 9 24 28 3 26 8 11 12 22 8 17 28 30 27 4 28 15 14 28 15 20 12 12 13 22 11 13 25 6 0 14 17 21 29 9 3 14 5 2 15 4 4 29 25 28 18 1 18 24 5 17 17 2 10
5 20 23 23 8 30 14 2 0 28 14 2 6 14 18 21 20 10 26 2 15 2 26 13 25 9 26 28 30 1 27 16 25 23 15 8 26 17 29 14 7 27 27 21 26 28 9 14 28 5 25 25 8 27 22 20 16 18 8 10 21 26 15 17 23 19 30 1 3 9 8 23 2 11 5 22 0 4 26 21 19 6 7 14 15 15 25 19 18 14 21 22 18 3 11 27
6 20 17 18 11 0 2 0 26 26 12 27 10 21 30 30 5 16 24 1 6 0 20 26 16 17 15 19 29 30 13 21 7 23 26 8 2 20 24 22 3 0 24 9 8 30 30 3 21 6 24 3 16 12 1 24 15 6 7 0 16 2 7 9 6 28 14 12 28 26 5 26 28 15 21 8 3 29 9 15 9 28 0 5 15 22 8 10 9 21 18 24 25 13 16 18
25 21 30 19 0 14 29 15 19 3 5 8 10 20 19 2 1 25 9 27 12 29 9 6 18 15 4 3 0 8 25 20 6 5 17 0 24 2 21 30 7 14 14 12 12 21 19 30 7 15 0 6 12 18 10 20 19 9 26 14 16 9 16 12 29 5 3 3 13 18 12 17 28 13 12 16 24 5 1 7 0 14 8 5 11 18 13 3 2 1 20 25 27 28 16 9
5 27 4 3 26 18 21 10 22 17 20 22 26 6 29 2 2 28 11 19 23 21 25 12 17 23 27 7 8 16 23 20 6 17 25 6 20 1 16 29 17 4 9 1 30 26 25 9 10 3 4 23 30 15 0 7 5 8 7 20 9 2 8 9 20 16 17 8 30 16 25 26 12 5 0 16 15 5 22 28 10 15 6 28 10 30 8 22 24 27 18 20 19 28 28 11
19 8 9 16 14 2 26 3 27 7 2 29 23 26 16 24 15 5 13 3 25 4 5 29 24 23 22 2 7 10 16 8 25 25 17 13 10 10 23 2 10 8 4 27 15 11 17 9 12 27 4 26 19 9 26 13 12 27 1 2 27 4 10 22 30 11 29 0 24 23 19 6 1 14 24 12 13 3 25 5 13 19 8 15 16 24 18 28 13 20 11 23 11 24 2 6
11 11 8 9 20 0 2 4 16 6 8 26 4 15 8 28 26 26 20 3 8 12 21 4 29 7 20 8 11 3 30 17 2 27 14 27 18 18 13 5 19 11 26 28 25 29 9 15 5 29 24 17 6 10 16 2 22 3 30 0 24 29 28 20 11 25 18 29 28 30 29 24 21 11 24 16 5 0 1 6 4 15 9 18 8 23 22 12 6 13 2 3 18 10 27 26
4 24 6 29 2 10 14 13 20 19 14 17 1 10 27 2 11 21 21 10 20 3 28 19 9 3 13 12 18 8 1 0 14 24 22 8 16 8 17 6 18 22 22 19 15 0 1 28 18 17 21 22 0 15 27 1 13 14 20 18 30 6 26 1 19 27 9 26 23 0 24 17 17 2 5 24 11 29 10 18 9 16 6 17 1 30 12 28 21 10 6 6 3 29 10 0
6 14 18 30 9 25 3 4 24 7 13 25 15 14 28 13 6 4 15 15 23 4 10 2 3 0 19 20 9 3 15 3 2 6 8 2 25 30 3 27 3 2 7 9 28 13 26 2 4 15 19 1 9 22 12 6 17 21 1 11 29 14 13 14 17 18 28 29 13 15 9 1 30 18 23 21 3 0 7 18 27 5 10 23 29 21 1 0 2 13 3 7 11 7 6 8
30 25 24 18 27 20 9 4 4 17 22 14 13 14 11 27 6 22 24 6 21 3 19 2 24 29 26 23 28 10 11 16 28 1 21 13 4 2 27 16 30 10 28 0 15 0 0 2 21 29 13 12 6 9 2 15 17 26 29 22 9 16 13 17 20 30 20 27 5 14 10 2 29 3 11 13 1 16 6 25 10 28 8 19 27 6 2 4 2 3 20 20 3 0 3 11
22 25 28 13 13 26 24 14 5 19 6 25 21 25 30 22 28 11 5 6 21 12 14 17 30 28 24 17 5 29 19 30 29 11 12 20 4 8 20 9 13 12 18 20 3 20 2 14 2 9 26 23 20 15 27 4 8 8 28 21 7 21 4 0 2 16 7 29 19 3 13 28 12 2 25 15 7 10 29 2 14 23 13 8 13 24 14 9 13 14 16 30 11 19 6 11
7 4 5 3 13 16 27 7 16 4 24 6 10 10 16 16 9 21 1 7 24 2 25 18 21 14 11 22 4 24 19 30 19 7 29 26 16 25 28 19 2 26 30 5 20 22 1 7 1 28 4 10 26 10 12 22 16 30 23 29 18 30 27 10 9 10 6 8 27 29 28 9 0 14 24 12 9 1 27 21 27 8 22 30 22 30 6 25 7 22 2 13 6 29 26 12
26 15 4 15 17 22 10 16 6 13 22 11 0 19 2 29 9 29 28 26 20 3 5 9 11 7 24 17 1 22 8 8 3 6 9 13 30 10 18 8 19 5 8 30 30 6 20 28 18 9 27 5 2 25 8 5 10 17 15 0 23 5 26 6 24 23 25 21 5 10 21 26 19 17 30 30 19 21 1 23 20 13 20 23 3 21 12 22 29 2 15 4 7 27 6 26
18 8 4 10 26 26 19 20 15 23 29 23 13 30 8 29 25 30 17 10 4 7 20 16 7 16 9 18 17 25 19 24 29 0 24 8 5 22 26 26 18 19 0 30 1 14 27 12 28 6 9 20 6 28 26 2 16 15 11 10 3 18 26 15 26 29 14 13 16 4 20 21 0 29 18 21 13 30 13 26 13 14 20 8 24 0 23 6 3 5 5 27 22 3 25 3
15 18 23 21 14 28 23 9 6 28 4 7 24 26 17 23 18 30 13 15 5 6 29 8 0 26 0 27 5 6 14 19 19 6 26 12 23 19 10 8 6 13 19 20 6 25 16 1 23 9 17 1 0 29 9 16 23 12 12 11 6 10 1 8 10 26 30 19 29 15 27 17 8 6 1 18 26 21 18 3 29 7 28 11 7 4 20 17 17 4 4 2 2 22 19 29
5 28 5 1 19 24 6 22 6 16 15 17 7 7 30 24 9 8 3 0 19 18 18 12 7 9 20 27 26 8 12 14 11 8 12 3 6 28 15 15 0 8 5 4 22 11 22 17 28 16 13 15 12 23 19 30 8 6 27 11 22 0 29 18 22 15 18 16 16 5 10 21 6 8 26 3 16 4 1 25 1 2 14 8 26 5 28 6 25 11 3 29 20 12 0 8
20 2 17 15 15 9 29 20 16 29 1 27 3 30 30 29 25 22 22 24 23 21 9 27 19 11 14 29 29 2 28 23 15 23 6 19 0 9 10 16 12 3 12 11 14 0 14 28 15 5 30 17 17 17 28 11 22 3 10 7 9 16 26 11 19 19 15 20 1 13 7 27 20 3 22 18 20 4 14 21 8 20 22 15 28 21 30 27 4 17 13 13 5 19 9 4
1 14 20 25 4 7 22 9 20 3 24 1 9 16 4 24 3 20 26 24 24 1 29 29 13 20 12 1 19 12 29 23 27 1 16 11 7 12 20 17 13 19 20 3 19 28 6 7 24 12 15 16 27 18 16 14 5 8 19 4 24 27 16 22 10 23 10 27 11 1 30 30 7 16 14 15 27 28 24 14 18 12 7 23 8 14 2 3 6 6 28 17 21 17 6 0
18 18 19 14 1 29 18 2 17 9 13 10 19 16 3 20 1 30 12 13 8 22 5 26 2 19 11 24 27 28 14 30 24 25 16 16 27 8 19 14 16 20 1 9 13 29 24 14 10 19 7 22 28 27 6 5 10 14 19 27 28 4 8 14 27 3 20 12 21 15 28 2 10 16 5 7 2 30 18 22 18 16 23 21 26 1 13 24 14 15 26 30 16 29 12 24
22 6 5 12 7 1 25 2 0 1 29 30 26 2 12 4 2 15 16 26 6 7 14 23 29 12 22 13 20 10 17 27 0 30 4 9 29 28 15 24 2 11 26 0 28 8 28 2 1 24 13 26 14 8 2 23 26 3 16 20 23 27 28 9 7 23 10 8 12 23 4 29 0 5 8 15 14 8 0 6 19 15 6 7 13 24 25 21 1 15 15 23 28 17 13 6
18 8 4 29 20 3 22 30 23 13 29 22 16 10 13 0 23 12 11 24 10 29 27 24 29 12 7 27 19 27 16 30 5 1 8 8 12 30 4 19 0 23 24 5 20 27 30 2 4 3 0 28 7 16 21 24 9 25 30 23 30 2 16 10 8 1 24 1 2 16 6 7 27 5 24 29 10 13 29 29 2 0 12 25 13 29 8 26 19 21 22 29 21 21 19 6
26 18 12 5 27 15 12 3 28 8 21 18 25 14 27 12 5 6 9 21 2 27 15 2 16 17 17 10 15 15 23 27 11 11 22 13 12 21 18 26 30 7 20 23 14 25 17 16 27 1 11 13 4 4 27 6 8 14 26 18 11 12 21 18 8 0 25 6 0 17 13 4 11 1 22 6 28 19 1 6 17 29 5 6 14 28 1 26 29 14 3 3 27 27 23 16
26 1 4 5 4 4 7 8 11 16 26 15 27 14 10 10 8 17 7 2 18 25 29 2 28 24 8 25 30 29 1 15 15 18 7 25 4 19 25 7 10 10 0 17 27 26 1 29 11 27 20 23 28 5 8 27 26 23 24 1 3 29 1 9 11 29 22 7 24 12 8 20 18 27 7 25 8 25 16 2 13 21 2 20 7 3 16 6 3 8 24 21 3 22 28 13
18 1 12 6 3 21 6 14 25 8 29 28 4 18 9 1 20 13 20 28 11 25 22 9 30 5 26 9 13 4 16 26 1 0 24 10 20 23 3 3 19 3 29 15 9 22 1 28 8 25 12 10 16 10 3 3 25 5 2 3 21 1 10 9 15 28 18 21 3 17 23 30 0 25 28 14 18 18 7 18 17 6 27 18 11 22 9 0 10 20 2 18 18 29 3 13
6 17 20 24 8 12 21 11 24 20 8 18 13 26 21 15 3 26 4 24 0 15 15 30 25 21 25 17 16 22 27 6 27 27 26 7 17 27 26 13 8 7 16 9 25 22 21 14 28 7 22 12 22 23 10 24 16 8 26 19 27 24 16 25 3 10 11 1 4 3 5 10 18 13 14 27 3 4 11 20 17 2 9 11 25 25 27 29 25 24 10 20 18 4 11 2
30 27 23 7 1 5 2 1 4 27 17 15 25 16 7 18 15 6 6 6 19 15 30 16 1 17 4 20 25 6 14 2 26 16 9 9 20 9 26 3 17 13 5 10 14 0 9 26 0 22 15 23 9 20 28 12 1 30 18 8 5 29 20 28 11 1 15 26 16 20 20 18 28 30 20 10 11 12 26 12 6 18 15 14 8 13 5 28 17 14 25 7 0 24 12 1
7 24 12 10 12 18 13 28 26 21 4 20 11 8 4 24 6 12 25 28 13 23 27 15 15 28 19 16 21 28 29 4 7 14 3 27 25 1 3 12 20 21 16 21 8 0 22 10 6 4 14 10 21 27 29 18 4 22 3 30 20 18 22 21 23 13 22 7 0 27 27 16 9 25 3 9 26 26 24 2 21 16 16 7 23 9 4 18 5 21 1 1 1 13 5 26
20 6 8 28 26 15 6 19 27 10 18 1 23 1 27 7 2 5 9 1 29 25 26 30 3 11 11 2 27 24 26 17 12 6 1 16 6 8 5 15 29 0 6 6 21 21 6 28 24 27 25 15 1 2 21 4 21 10 7 13 24 4 10 3 20 8 6 18 13 17 27 16 30 15 13 13 9 9 1 22 16 12 21 27 2 14 21 28 13 7 6 0 17 18 4 17
1 4 30 8 9 5 28 27 14 5 21 3 0 23 28 25 9 13 24 20 10 26 0 12 3 23 25 13 9 28 2 0 25 17 15 24 26 21 23 2 4 12 1 0 11 29 7 29 22 22 23 11 22 3 29 14 21 28 26 4 29 7 11 4 26 24 15 28 20 25 3 20 1 12 11 8 21 29 3 15 27 2 17 7 19 3 30 21 13 5 22 22 19 21 14 9
12 6 19 30 11 18 19 17 19 0 8 4 2 27 8 22 15 30 18 1 1 7 10 22 28 0 0 25 23 27 0 7 18 10 8 26 13 6 19 19 30 9 28 5 27 2 18 29 24 16 2 12 10 2 19 26 2 24 24 11 27 30 28 16 30 4 2 29 25 26 8 18 2 27 7 13 30 24 4 27 11 2 28 26 22 17 16 24 18 9 21 15 2 29 4 27
21 21 3 27 9 25 20 7 25 5 8 7 14 1 1 19 26 11 5 27 10 21 15 19 14 14 8 2 7 18 18 12 19 11 22 10 27 25 15 30 17 3 22 16 30 28 5 4 3 1 22 21 14 4 30 23 13 4 0 16 15 5 23 9 13 6 30 7 2 15 0 23 19 23 6 2 28 29 3 15 29 5 11 23 17 27 16 29 6 22 1 16 16 7 13 5
26 13 6 19 18 5 28 12 30 30 24 1 8 16 27 13 24 0 30 2 26 22 16 18 30 2 10 7 11 25 5 7 0 15 10 4 15 21 26 8 15 2 3 30 17 7 22 3 7 18 25 26 3 23 22 7 26 19 23 24 8 23 4 25 8 15 1 0 14 0 18 29 10 14 28 12 9 5 17 21 6 11 7 22 18 29 2 16 19 28 17 5 20 29 22 11
29 7 4 25 28 26 7 1 29 24 5 3 7 7 20 28 16 0 2 12 26 18 8 26 24 30 21 1 9 22 0 1 23 9 15 18 23 3 4 21 10 26 7 14 10 12 18 29 28 4 18 23 22 29 11 18 23 7 30 17 3 15 27 5 2 10 16 0 22 8 22 9 11 26 19 27 23 28 10 23 9 20 17 28 10 20 23 29 19 7 17 27 18 0 13 22
2 22 10 17 5 17 16 18 12 29 4 4 24 30 8 26 19 14 7 0 9 22 1 4 26 27 26 8 14 12 30 9 9 26 27 11 21 3 17 1 19 14 19 17 25 9 20 30 8 9 3 19 6 0 18 12 4 13 5 18 2 23 18 7 21 23 26 23 12 0 16 29 10 14 3 7 16 6 7 5 5 20 21 9 11 18 30 6 17 3 2 28 13 2 25 8
9 16 19 30 19 19 23 3 7 22 12 7 9 28 29 2 25 24 18 26 0 9 18 1 15 30 4 14 1 9 23 14 15 9 5 5 4 23 19 9 26 29 15 16 16 29 25 10 12 30 1 23 7 23 5 25 6 14 23 11 1 10 21 22 22 28 18 23 7 13 11 4 5 4 1 25 22 0 11 11 2 29 11 23 22 20 22 12 29 26 11 25 21 18 3 14
12 16 30 7 28 11 18 10 14 26 25 26 23 26 19 24 6 1 22 6 17 3 2 6 1 18 17 19 4 1 23 16 12 25 25 29 25 28 14 4 3 26 0 12 5 21 7 23 7 12 0 6 0 9 0 0 11 16 10 25 2 2 11 14 11 27 0 16 21 8 2 3 17 14 12 27 1 25 14 13 27 11 8 10 22 16 6 14 1 13 18 25 28 11 15 10
14 12 27 19 14 9 21 5 11 17 0 14 27 24 22 2 12 4 18 1 22 27 15 29 1 25 10 20 8 4 27 26 5 25 11 23 29 0 23 30 17 9 28 19 22 23 27 20 27 5 30 30 15 29 9 15 30 28 28 28 17 3 22 24 14 7 28 4 15 9 2 14 26 25 14 2 30 29 2 13 8 28 21 20 3 27 24 14 3 14 13 11 23 1 8 16
1 0 4 2 17 7 8 23 18 8 11 4 29 9 5 1 24 28 7 21 12 9 28 29 9 0 8 25 9 8 18 15 14 10 13 4 5 9 7 6 23 18 15 9 4 6 22 28 25 17 6 11 23 2 29 8 21 27 27 10 18 14 19 5 19 0 2 23 25 20 21 20 26 14 0 27 1 26 4 26 13 24 23 17 10 15 5 23 2 29 26 17 15 19 18 1
13 28 0 15 19 12 10 5 25 19 27 21 8 21 0 19 18 8 6 14 22 18 3 0 9 16 14 9 24 3 21 21 22 21 26 26 19 1 7 14 20 5 3 9 21 5 0 8 20 26 9 15 23 28 2 28 18 26 10 11 0 25 20 9 2 1 22 21 19 14 7 23 8 20 25 11 21 15 24 0 18 28 12 20 21 12 3 0 14 3 26 13 0 15 25 19
19 24 18 1 9 11 27 4 0 6 27 3 7 0 5 30 24 28 5 4 9 18 18 16 9 1 0 21 3 16 4 13 4 14 17 2 18 12 28 13 6 29 18 6 29 25 7 2 10 19 8 21 17 21 30 16 28 5 5 3 21 24 29 25 27 19 12 14 0 4 30 25 29 4 1 11 1 12 28 10 16 17 12 21 13 28 29 25 4 6 1 7 16 14 10 26
26 12 16 22 13 9 12 3 25 26 27 3 2 12 15 24 19 15 17 16 16 2 9 0 18 16 1 15 21 18 12 12 21 17 19 21 30 4 16 1 9 18 0 2 7 3 29 0 19 4 29 6 0 26 14 19 19 20 3 2 17 10 13 15 28 0 16 4 24 8 24 27 15 29 29 24 12 9 18 27 1 6 3 29 4 25 9 16 22 30 17 9 7 15 16 17
7 10 3 12 4 19 8 23 28 25 15 6 1 23 5 5 24 4 19 12 0 21 29 2 11 16 5 25 6 0 24 0 1 7 24 0 30 8 3 27 11 2 27 26 25 9 4 21 26 22 23 24 28 14 29 16 15 7 26 9 10 17 1 24 8 26 21 15 0 14 13 27 18 25 10 0 10 11 4 28 14 14 19 3 27 29 3 24 17 9 18 6 5 6 19 15
16 26 12 16 25 21 12 6 13 0 25 13 3 15 1 20 28 5 12 0 20 27 23 26 24 19 11 28 20 3 25 1 12 9 3 3 17 15 2 15 28 24 21 24 0 18 12 0 20 26 19 16 18 2 10 23 19 11 1 2 29 26 3 22 30 5 19 5 26 24 1 15 17 27 25 26 30 28 2 0 11 21 7 13 8 11 10 3 1 9 23 1 28 12 8 23
16 0 10 29 20 0 7 21 20 5 11 22 11 22 14 15 12 21 18 21 0 11 6 23 20 21 4 16 29 6 14 14 10 2 25 10 19 15 18 28 8 26 8 28 12 1 28 0 20 13 16 6 25 10 1 19 6 0 1 15 26 9 17 29 30 13 19 8 15 9 14 6 30 3 6 14 14 9 16 6 7 9 18 20 2 28 30 12 10 28 18 1 13 5 4 0
22 4 19 7 4 29 24 9 0 10 6 10 4 0 10 7 19 4 30 18 22 24 4 21 29 9 17 3 5 21 24 18 22 27 13 11 27 13 2 26 22 23 21 9 4 7 24 18 11 20 2 0 21 9 10 7 6 4 12 15 7 7 20 0 21 18 29 8 12 16 20 26 3 8 18 14 19 14 3 13 27 14 18 18 21 26 8 5 8 5 5 25 19 13 28 29
11 2 29 4 25 11 22 28 12 22 20 3 0 8 21 12 9 6 11 24 18 15 11 22 18 27 7 9 16 20 20 20 3 4 8 6 21 23 15 1 26 29 4 24 5 30 10 20 29 30 3 14 29 20 24 21 12 28 8 16 26 7 17 26 17 6 28 8 20 0 27 19 13 16 25 23 3 4 9 18 11 19 9 7 21 2 0 15 8 25 28 29 15 6 19 13
6 6 29 27 18 16 29 17 25 19 20 21 25 1 27 23 28 29 2 26 5 15 19 16 21 22 27 30 9 2 21 12 19 13 16 27 13 17 6 24 26 11 16 11 21 19 15 30 11 8 27 15 16 18 18 7 4 11 15 5 0 11 4 19 30 23 0 8 1 16 27 12 24 10 26 24 13 12 11 5 2 21 25 15 0 9 17 18 0 27 19 11 5 18 23 5
18 24 1 30 2 24 23 11 27 26 18 7 14 25 17 20 13 19 30 11 18 19 5 18 20 19 11 30 5 4 9 7 1 19 2 0 16 15 28 0 11 18 13 2 20 26 16 17 13 4 22 0 28 1 7 24 13 25 22 30 1 0 9 4 7 9 17 0 18 24 8 16 14 21 13 6 13 26 23 21 10 14 17 6 9 13 9 25 20 8 0 30 1 10 23 11
10 2 14 22 2 6 11 3 20 25 17 13 15 3 5 20 0 25 10 13 30 30 24 12 26 13 18 24 30 30 8 29 21 23 9 20 17 0 24 27 24 5 21 20 5 27 24 18 24 29 6 3 21 22 19 19 28 30 7 27 17 28 8 14 10 3 14 5 14 30 11 17 15 19 30 9 9 3 7 20 7 23 19 9 10 28 19 10 12 7 24 25 12 24 30 0
25 0 24 17 26 19 17 14 14 26 29 10 20 6 26 24 29 30 29 8 17 3 10 18 19 24 13 12 26 9 6 18 19 15 27 30 15 7 3 15 17 9 13 30 23 25 5 28 8 15 28 14 11 3 24 2 26 1 22 27 3 14 11 29 6 22 30 11 3 12 26 10 0 21 8 1 7 28 4 30 27 0 24 29 8 10 23 13 2 6 11 7 19 12 21 29
8 21 13 29 2 14 1 27 29 12 16 23 13 27 20 13 9 11 2 27 28 30 1 23 21 1 10 5 13 23 20 14 6 14 24 10 7 15 21 24 21 30 3 10 21 18 28 15 13 18 8 29 17 22 29 26 23 1 14 26 5 24 19 29 9 3 13 22 20 17 10 5 25 3 26 26 29 27 30 5 3 2 15 17 5 21 14 1 8 0 1 18 2 11 4 16
16 12 0 24 28 16 22 20 22 10 5 9 7 22 12 29 15 26 14 17 7 19 2 6 5 7 3 13 21 28 17 19 19 21 12 20 3 20 21 19 24 13 13 25 30 12 14 14 27 24 22 12 16 13 24 21 27 5 28 17 24 13 17 30 23 5 18 4 21 18 8 16 5 8 27 11 23 5 0 15 6 29 7 30 20 26 11 13 14 29 30 0 4 7 18 30
14 2 19 7 22 24 17 12 25 26 26 2 9 3 22 28 1 7 13 24 15 4 25 19 24 23 8 18 22 9 12 17 9 5 27 1 6 20 19 15 21 2 0 12 1 1 4 27 2 16 28 1 13 26 6 16 17 23 19 18 20 9 4 15 9 20 10 0 2 24 25 0 8 3 9 4 29 19 17 2 13 21 10 2 17 9 4 30 24 11 12 6 25 13 23 19
26 1 11 17 29 20 27 27 26 30 16 26 22 5 12 15 3 11 8 15 16 1 25 14 13 29 23 22 22 0 19 21 23 4 18 4 5 10 13 10 11 27 6 11 18 9 8 3 20 17 19 22 11 8 28 26 19 4 9 16 4 6 25 21 18 29 4 9 10 19 24 18 9 15 22 0 3 15 27 8 16 1 14 29 29 21 4 8 14 9 15 10 25 23 10 18
29 8 8 9 30 11 5 10 7 4 21 27 28 23 27 9 30 26 13 26 6 23 0 24 29 11 30 25 8 26 16 24 10 25 9 13 2 28 26 13 10 9 13 30 16 5 24 6 11 7 11 6 8 30 11 17 7 23 22 20 25 2 20 3 30 8 9 6 21 17 3 5 19 19 3 10 14 29 4 26 27 25 29 18 7 0 5 15 16 1 28 1 6 6 10 12
30 8 26 12 18 22 11 24 29 0 1 27 3 16 26 18 18 14 28 15 14 8 9 4 12 19 16 17 24 19 16 2 20 26 19 13 23 12 17 0 19 18 13 30 8 14 30 13 13 13 17 2 10 28 11 28 1 18 7 16 11 23 14 22 30 27 7 27 15 23 16 29 12 22 11 3 25 18 15 4 4 9 20 9 29 3 12 28 9 10 28 6 25 12 15 5
4 13 12 0 7 19 9 6 16 6 15 0 16 25 30 27 26 10 8 27 15 21 21 27 28 20 4 4 14 6 27 24 3 26 0 20 26 2 1 8 0 14 7 13 22 11 0 23 8 0 5 27 10 7 13 19 3 20 9 15 22 2 15 16 16 2 2 18 30 23 21 2 27 13 26 1 30 25 28 27 4 7 23 2 9 23 5 8 15 28 23 25 28 3 0 27
6 15 25 18 0 16 24 22 13 10 23 19 20 27 26 15 26 30 6 30 5 29 18 19 4 13 14 20 24 7 25 3 20 8 8 23 20 4 22 17 21 2 6 30 5 3 18 1 3 25 7 10 12 15 24 18 29 16 17 22 16 4 5 29 21 25 15 17 1 7 21 3 8 24 11 21 9 26 9 18 24 15 0 12 28 16 21 20 1 26 22 5 25 9 28 18
28 4 29 9 12 30 8 10 20 30 9 12 7 0 2 6 15 25 9 19 7 6 18 3 3 10 13 8 7 26 28 20 28 0 30 28 27 19 28 6 8 11 6 2 9 24 6 6 15 14 15 16 4 9 28 6 4 2 21 3 6 17 19 12 11 20 29 26 3 4 29 24 11 3 1 12 14 1 17 21 9 2 10 22 11 1 12 2 23 19 7 21 20 9 6 22
14 1 25 4 22 22 8 1 28 18 19 17 16 2 2 9 12 3 7 23 0 9 10 12 5 0 19 25 27 22 19 16 3 9 22 20 11 25 15 2 0 24 13 16 29 28 2 3 23 7 11 24 6 13 18 10 19 11 27 11 11 12 24 27 4 20 4 11 16 23 26 2 0 15 15 2 2 4 28 22 30 30 18 23 24 21 2 13 12 26 18 3 18 22 16 1
17 23 29 27 19 8 8 2 11 4 25 22 18 24 16 27 1 11 9 30 20 26 25 11 19 5 3 4 23 1 24 12 21 10 16 7 20 24 28 6 0 27 8 15 0 11 20 25 28 0 9 12 2 21 12 1 9 25 23 22 2 18 5 27 0 11 9 14 12 13 14 10 9 21 8 8 12 19 30 0 7 23 4 12 2 16 3 1 0 9 24 8 2 19 15 4
4 25 0 25 1 15 3 8 1 20 0 21 27 6 5 30 4 0 13 5 27 11 15 3 27 16 13 25 2 25 1 28 27 19 17 2 25 18 18 7 18 16 24 10 12 5 22 23 17 29 21 23 20 0 27 18 21 10 2 6 18 17 19 0 14 20 10 5 28 9 29 9 14 7 24 5 14 17 9 11 22 23 7 17 22 11 26 11 1 12 5 7 30 20 20 8
26 24 1 27 20 0 11 21 29 11 15 15 13 2 15 13 9 0 17 4 13 23 7 17 29 10 23 22 16 25 11 16 20 17 1 21 7 2 14 13 22 1 30 12 0 30 9 2 29 6 12 14 24 28 8 7 30 11 24 3 8 5 28 28 30 28 3 16 8 27 30 14 12 27 27 13 22 0 8 9 30 13 22 5 0 30 16 12 13 2 1 26 5 26 2 3
2 30 9 16 11 1 23 10 0 20 9 0 29 14 3 18 30 5 25 27 5 3 26 3 17 16 17 30 2 29 25 14 3 8 7 19 9 5 30 3 11 27 26 24 13 15 20 18 15 9 13 3 28 21 8 28 5 4 27 10 27 14 11 27 3 20 22 24 29 22 1 29 10 9 4 24 27 11 0 17 3 21 23 7 27 28 9 3 15 0 12 0 14 20 26 3
0 6 23 22 23 9 0 24 1 15 26 24 9 15 23 6 5 28 13 29 29 14 27 2 27 27 22 13 11 18 27 0 29 7 11 14 5 18 5 11 27 11 15 1 24 2 30 17 6 23 18 27 16 27 10 10 0 19 2 3 21 12 7 14 8 25 28 27 0 27 10 22 22 28 5 13 20 30 12 13 22 15 9 22 30 17 7 2 18 26 4 15 20 6 9 25
12 30 2 16 3 25 23 24 17 5 3 7 24 11 20 12 15 29 11 27 9 17 23 14 1 20 4 25 18 18 30 19 14 21 6 13 18 4 10 20 12 8 14 29 25 10 17 18 7 25 24 23 8 23 20 29 25 5 26 13 18 1 18 11 3 21 16 14 1 11 15 6 18 12 18 6 20 27 25 26 10 4 21 5 16 15 1 25 0 15 22 20 2 1 14 30
11 3 23 7 7 30 23 7 25 25 27 6 13 28 14 14 13 24 11 15 2 27 3 16 29 13 0 2 30 6 14 16 18 11 12 27 5 2 28 10 22 1 27 20 11 29 5 26 19 21 9 26 22 16 29 12 14 1 29 20 15 18 13 4 19 5 8 16 2 20 2 22 7 19 17 11 29 14 6 1 16 4 27 26 21 6 26 11 24 16 4 9 4 25 24 0
16 3 2 17 13 16 4 18 12 27 4 18 28 23 22 10 11 23 5 22 4 7 28 16 30 4 2 21 17 11 9 17 3 27 24 9 13 17 0 27 30 4 21 22 2 5 25 14 5 16 10 8 26 12 4 15 30 29 24 28 18 8 27 27 27 5 21 30 4 5 23 14 13 30 5 15 8 17 5 5 6 14 24 11 13 15 15 10 11 14 15 28 5 22 17 25
4 11 27 3 13 1 22 23 23 2 6 4 4 15 24 5 2 11 7 21 1 11 29 0 29 18 30 14 7 19 29 17 15 11 16 22 9 25 12 3 27 25 22 25 14 30 26 16 9 0 2 21 25 10 8 18 6 17 8 9 3 8 3 2 15 12 9 25 17 6 27 23 3 1 25 30 12 3 21 23 23 8 1 23 18 10 27 5 27 22 9 14 20 29 16 21
29 9 27 0 0 21 12 22 23 4 9 22 13 8 24 6 26 24 11 7 17 19 9 24 16 17 5 2 23 29 27 2 22 9 18 30 3 22 22 21 11 2 25 11 9 23 3 10 28 11 25 13 26 7 28 7 24 0 25 6 13 17 23 8 3 17 28 30 13 19 28 24 27 9 1 25 30 0 13 1 21 13 14 23 10 29 18 21 28 16 14 7 2 15 19 19
15 3 9 5 0 7 18 9 21 15 12 22 4 5 5 25 4 26 30 26 5 26 1 20 30 22 19 12 7 2 27 22 7 27 30 5 6 12 30 15 21 28 18 9 14 9 28 30 11 25 10 22 17 20 26 26 20 23 5 25 29 28 26 2 4 10 13 26 23 21 11 2 28 5 27 2 27 5 7 28 27 10 6 23 3 17 28 11 1 11 20 10 16 12 10 8
22 30 1 17 13 26 10 15 17 21 23 19 19 7 6 26 19 22 8 12 20 13 25 18 18 13 8 25 20 20 29 8 21 9 3 25 18 20 6 14 12 6 28 12 29 18 22 10 27 27 18 28 15 21 23 5 8 5 3 3 8 23 15 13 16 8 8 29 25 18 3 11 2 1 13 20 18 6 7 22 25 11 5 3 24 18 6 13 6 5 25 22 14 17 3 17
19 22 13 6 17 5 23 2 25 25 27 27 26 27 15 9 8 18 20 10 3 27 5 3 7 20 21 23 5 27 14 21 8 26 27 29 8 19 2 17 20 6 22 29 20 9 15 2 17 13 18 29 29 3 28 23 3 30 21 29 5 0 15 1 12 16 7 17 8 22 26 14 12 1 2 1 27 23 5 26 25 17 4 0 9 9 29 4 17 5 23 28 20 15 3 30
17 16 27 1 6 18 15 24 9 28 26 18 27 18 3 30 6 16 24 29 26 13 26 12 29 9 25 4 30 30 21 4 16 1 3 7 17 30 18 6 21 4 26 21 15 24 12 12 3 21 20 10 25 20 25 10 26 0 27 1 2 1 11 19 30 21 28 19 3 12 3 30 24 28 19 8 28 13 25 30 28 20 21 29 18 3 17 10 10 4 4 8 11 19 21 9
15 8 11 25 17 0 30 2 17 26 11 22 5 20 2 23 15 29 11 12 26 24 16 19 9 21 27 28 27 30 20 5 10 8 13 15 24 16 12 27 16 30 4 28 5 22 1 14 15 10 24 13 12 17 13 13 16 21 23 0 0 29 10 10 12 14 12 17 23 2 18 7 16 2 21 28 25 12 23 10 8 7 27 23 12 30 15 26 25 6 20 16 5 4 21 0
3 19 30 10 24 23 8 2 18 14 14 15 19 17 10 16 11 10 17 22 15 19 3 13 5 26 18 22 10 5 9 25 23 23 15 16 11 17 17 27 27 25 21 6 10 4 17 14 13 2 3 7 26 12 9 16 15 9 29 30 8 12 8 9 2 28 12 12 18 12 7 27 4 14 21 22 9 7 30 4 26 5 9 11 11 20 13 3 22 27 6 17 24 18 20 24
2 13 14 8 19 6 14 23 25 29 28 23 15 3 16 8 21 24 4 1 11 12 22 21 27 17 11 25 24 16 20 7 3 26 13 28 30 0 11 13 4 22 20 24 14 14 4 0 25 2 23 21 16 10 12 29 5 19 16 6 12 12 4 4 7 17 22 0 18 12 21 21 30 18 3 21 18 6 10 20 30 18 17 2 0 19 26 28 12 5 13 5 0 18 11 25
4 12 21 10 26 14 9 4 4 12 28 23 2 10 17 23 19 3 22 14 0 10 24 7 24 16 4 26 24 11 16 8 9 18 20 11 28 18 20 1 21 4 26 23 12 6 27 3 17 3 14 1 27 24 2 14 6 7 27 4 21 5 22 6 10 26 17 14 9 2 26 15 18 11 4 21 26 2 13 18 25 3 21 12 28 11 9 21 29 20 4 14 8 29 26 0
4 16 29 22 26 24 6 20 22 15 14 11 22 13 12 18 13 2 19 8 6 12 6 0 20 13 8 21 16 26 25 10 13 14 27 21 14 27 9 27 2 28 26 10 9 7 11 15 20 21 26 25 3 10 17 5 5 15 17 20 25 6 20 20 5 16 4 7 13 11 12 17 20 29 18 28 1 22 3 23 9 4 19 3 15 1 5 18 24 0 28 11 21 23 17 28
21 6 14 22 8 9 8 28 26 19 20 16 13 13 20 3 30 10 10 3 16 29 17 29 18 23 19 25 13 28 2 8 16 22 18 7 5 24 11 5 25 1 29 22 29 1 25 21 16 27 25 21 26 12 15 15 17 22 30 23 29 15 11 7 17 3 15 4 2 18 14 26 15 13 17 28 25 0 22 11 24 13 24 21 16 21 10 1 26 24 12 19 29 14 10 27
0 27 13 26 19 1 7 24 0 1 22 2 13 12 0 13 19 6 8 23 19 16 11 13 18 10 2 26 5 27 13 30 26 5 11 2 25 23 23 3 6 6 18 5 9 20 20 1 7 19 7 14 30 23 26 5 23 5 18 22 10 5 11 8 29 5 24 20 1 14 20 21 28 6 12 19 7 14 1 10 2 24 25 26 2 11 23 2 3 23 26 24 30 17 12 9
18 3 20 0 15 16 20 18 25 10 30 11 27 3 19 28 20 28 13 4 8 16 19 16 2 9 3 21 5 5 7 25 16 27 27 11 11 13 3 23 2 20 29 12 11 27 15 13 7 24 26 28 2 18 29 22 13 8 24 5 4 13 23 7 22 10 17 18 8 13 23 29 26 19 25 8 26 15 25 30 7 4 8 13 0 26 25 4 27 0 5 21 14 29 20 22
7 14 13 1 14 25 10 0 8 18 3 25 23 19 7 16 30 6 30 8 11 5 16 12 23 3 9 5 6 1 19 7 9 13 22 28 21 27 27 17 23 1 12 22 17 20 27 23 26 28 10 0 30 12 6 15 21 7 0 2 1 15 2 11 19 10 13 16 25 3 8 26 7 13 4 6 4 14 22 26 22 6 24 6 14 28 0 16 12 8 25 23 16 22 16 12
24 13 1 7 27 11 20 13 10 2 0 4 19 7 29 9 4 1 11 16 27 1 6 2 12 4 7 14 22 8 27 14 24 25 21 6 9 16 13 16 24 5 8 25 20 0 29 10 5 4 14 28 10 10 24 20 22 8 27 27 24 27 19 26 11 7 30 7 15 7 4 1 5 21 0 1 29 20 15 21 4 23 0 10 29 0 21 8 7 28 10 10 7 27 16 15
5 29 5 0 7 6 17 22 22 12 5 12 27 14 7 5 13 1 10 7 1 7 25 17 10 8 28 8 3 15 23 14 14 11 2 11 24 23 12 12 0 13 8 28 11 4 11 5 0 29 28 18 18 3 23 9 21 20 10 11 11 10 4 21 10 3 2 25 15 8 20 21 5 12 6 10 16 28 11 18 20 22 26 29 8 4 12 23 20 25 11 20 6 1 23 18
30 8 1 7 7 4 15 26 22 6 13 11 24 28 13 21 10 29 29 6 24 9 1 17 12 4 0 13 15 3 24 17 6 10 19 1 16 29 30 18 30 25 1 3 27 4 30 16 27 26 3 27 1 25 16 24 16 20 17 16 24 10 29 5 6 2 11 8 18 5 21 30 29 16 6 14 0 16 1 26 28 0 8 14 29 1 29 4 10 11 22 6 5 1 2 26
1 20 11 27 8 20 26 4 19 1 8 20 10 7 0 26 29 16 25 10 10 30 1 16 22 15 10 10 11 16 16 16 10 0 6 3 11 24 17 6 3 26 14 8 5 23 16 20 21 16 29 17 28 5 3 21 15 6 14 10 21 18 17 18 8 20 14 12 17 21 5 5 5 25 8 30 11 19 13 2 10 7 17 2 26 26 16 25 28 13 14 5 8 13 20 25
22 25 2 23 15 0 16 12 8 23 15 16 24 3 9 15 23 25 29 21 13 1 20 26 5 10 18 0 18 18 23 0 21 28 0 23 11 29 12 28 12 2 0 12 0 20 18 17 16 17 29 5 9 5 5 29 19 22 11 26 11 19 13 29 18 6 30 3 3 6 10 1 1 21 17 15 2 5 23 3 5 23 5 3 19 22 12 27 1 18 1 5 12 7 13 11
27 22 8 16 2 4 16 6 2 30 13 24 27 20 20 4 15 13 6 14 13 15 8 14 9 3 30 28 24 20 16 27 18 16 2 9 16 6 27 26 16 30 5 1 17 13 15 26 19 5 25 12 2 3 15 27 9 22 6 21 30 27 0 27 18 27 10 24 21 24 21 11 9 20 0 9 13 6 17 30 10 16 1 1 6 29 16 22 19 25 18 11 25 17 28 26
12 14 13 29 27 8 30 23 17 29 26 27 18 15 1 29 0 26 3 4 20 15 19 13 11 12 19 24 23 13 19 5 17 25 22 19 16 17 0 7 16 13 0 3 13 3 4 20 21 14 22 25 8 22 11 9 14 18 28 3 3 3 18 17 7 24 8 6 1 15 10 13 12 26 9 6 20 8 10 23 4 1 6 5 6 0 10 21 1 6 21 29 19 13 26 13
30 20 19 19 22 22 5 4 16 22 5 24 0 10 3 25 6 16 17 30 29 29 28 29 12 28 16 11 11 22 1 16 18 1 27 1 29 16 6 24 14 1 3 29 9 25 2 0 13 18 3 22 26 0 7 5 9 27 27 29 28 22 25 11 20 12 12 14 3 29 3 4 9 9 27 6 15 3 25 8 1 18 12 8 30 12 9 10 29 29 20 16 3 15 23 19
15 7 29 22 2 10 26 2 12 12 17 16 21 24 29 18 13 17 17 16 19 27 14 30 14 6 3 30 6 4 10 22 26 18 1 28 11 11 25 26 0 7 2 28 5 5 11 17 24 9 14 9 27 2 30 15 17 19 14 11 3 22 9 1 2 6 28 13 14 15 13 29 14 3 13 28 20 7 10 16 21 20 21 29 21 11 16 17 17 5 13 9 12 30 21 8
0 9 1 20 28 22 20 22 18 8 10 17 28 22 18 22 22 11 30 4 20 10 8 14 0 6 0 21 21 23 26 1 10 24 15 13 27 9 27 11 5 14 13 13 2 26 11 15 17 11 16 1 13 23 12 13 17 16 12 25 16 29 28 12 20 3 12 22 9 3 5 19 16 18 19 22 29 17 21 15 16 18 5 5 15 1 30 21 17 10 15 20 1 5 9 30
9 23 28 12 10 15 28 29 22 30 8 11 5 26 29 17 21 26 24 16 18 17 14 10 16 1 22 24 7 3 11 29 8 30 10 19 13 17 0 4 6 21 3 17 13 0 18 16 2 18 25 14 20 19 22 10 22 18 0 22 4 19 7 16 9 4 25 27 4 9 14 19 1 6 5 10 29 23 25 17 20 23 8 21 18 27 10 26 10 17 19 29 14 5 4 23
25 26 16 11 27 5 20 30 15 21 23 2 14 5 1 7 12 24 13 13 26 1 6 15 9 23 12 4 25 0 10 25 8 23 14 27 25 14 14 18 0 7 5 19 5 23 2 3 4 14 26 9 10 0 16 20 17 9 3 2 22 12 14 9 24 3 1 2 16 11 0 16 11 27 11 0 15 7 4 14 25 6 10 8 19 26 25 1 10 7 30 6 18 0 6 14
29 3 6 13 9 10 19 25 19 11 10 25 15 22 26 23 19 27 12 5 30 9 17 23 7 8 19 12 0 12 12 18 27 12 9 15 6 18 5 14 25 2 8 0 11 25 28 2 16 20 26 1 13 20 15 17 6 30 6 24 1 22 8 13 13 7 11 23 21 15 18 16 30 16 25 13 30 27 17 26 10 23 4 12 30 0 2 26 8 5 2 8 25 21 2 14
