15 15
10 14 12 17 1 29 8 0 26 8 19 6 7 1 0
2 11 8 1 7 17 3 29 7 17 13 8 6 30 19
8 20 18 0 27 11 2 23 7 29 14 23 21 26 12
12 3 7 5 18 22 9 19 3 22 25 30 21 4 1
11 10 5 12 26 3 17 21 22 7 1 5 24 27 17
19 2 10 27 25 14 26 19 16 2 3 24 18 26 21
4 15 17 19 27 4 12 15 13 13 17 20 1 10 17
10 30 21 7 23 29 20 16 1 23 14 29 1 5 7
19 10 22 17 28 22 16 3 30 12 20 2 23 24 17
10 6 25 9 4 14 11 14 9 8 16 12 28 13 28
21 30 7 26 10 1 20 13 22 12 2 7 22 25 5
19 5 9 23 8 28 21 7 5 14 19 27 2 13 23
24 19 14 5 23 8 26 9 25 16 1 19 2 5 22
4 8 22 3 30 19 27 20 19 5 22 29 2 28 24
23 13 14 5 0 28 3 23 29 5 10 8 16 6 13
