16 16
15 27 16 21 19 2 26 12 11 3 28 12 28 9 27 1
6 25 26 24 18 9 4 10 28 12 3 28 15 24 15 25
14 29 5 9 20 12 21 29 4 3 22 23 16 19 0 9
29 2 1 7 2 16 22 30 11 4 3 14 5 6 8 30
15 13 16 14 18 12 22 14 21 26 14 11 13 21 25 20
28 27 21 8 15 27 21 23 9 13 1 14 5 27 6 27
15 18 17 13 11 8 8 29 12 16 9 4 30 30 26 21
6 25 12 22 6 6 29 29 21 8 4 3 25 6 27 13
5 20 1 7 14 28 2 21 14 0 24 22 30 9 29 10
29 2 28 24 14 1 22 25 18 9 28 13 28 29 5 15
27 1 22 27 11 5 16 23 5 12 12 3 30 21 30 15
22 8 30 19 0 10 25 17 20 9 29 6 0 25 5 12
1 2 9 18 18 8 8 17 21 15 20 30 24 24 15 14
21 17 4 18 30 0 10 15 3 12 7 22 17 4 8 2
5 28 22 0 11 2 17 23 1 0 21 13 7 12 30 1
23 24 25 28 23 26 21 2 1 0 5 11 23 28 15 0
