19 19
23 26 8 7 23 5 26 20 25 10 6 1 5 5 8 1 27 1 29
9 6 7 8 26 13 8 10 0 23 30 7 18 25 16 14 12 20 0
27 4 6 20 25 23 13 10 18 30 14 2 4 7 10 6 12 12 5
27 9 29 1 9 4 19 24 5 26 21 10 27 14 2 13 0 5 13
5 24 5 4 4 21 19 20 17 7 27 28 8 8 25 29 10 28 13
3 1 19 11 2 15 15 18 6 16 0 8 15 4 2 18 6 10 8
3 16 30 25 7 11 13 23 5 24 16 19 20 26 11 16 19 1 3
11 21 13 16 28 13 11 4 15 28 15 24 14 9 1 0 7 2 2
12 2 16 18 6 25 0 29 29 17 2 21 14 2 0 25 5 26 4
4 25 22 20 12 15 2 21 4 27 18 8 30 25 5 4 9 12 25
16 0 30 23 2 6 22 14 30 6 26 28 11 7 18 30 0 19 23
17 13 6 12 21 18 3 19 17 14 21 26 4 5 15 29 17 18 26
19 6 26 21 6 18 14 27 0 11 4 12 20 12 23 28 6 7 20
15 28 25 7 17 20 16 20 25 25 7 24 2 24 16 30 28 25 2
0 8 18 4 15 9 25 13 17 30 27 21 0 4 8 21 13 6 8
4 10 23 17 5 7 10 30 30 9 22 18 21 28 15 9 21 0 2
9 19 28 20 10 18 2 28 23 17 7 18 17 3 23 30 3 30 24
23 0 15 28 0 23 7 22 12 8 13 26 6 24 23 19 21 26 4
4 3 23 12 6 2 22 6 1 23 8 4 0 13 23 18 16 8 1
