20 20
23 4 29 6 7 7 3 21 30 19 19 23 6 13 1 0 23 10 23 6
19 12 10 6 2 26 8 18 17 15 8 17 12 27 11 6 17 1 9 14
22 23 9 5 1 3 9 10 5 0 2 18 5 27 0 7 12 7 20 13
30 11 13 17 8 5 12 22 0 20 25 3 19 24 2 15 4 9 10 8
23 8 19 9 9 10 22 7 29 8 13 10 28 18 26 21 9 14 9 25
3 28 11 5 11 28 20 26 24 29 4 5 17 22 17 27 29 15 6 28
18 24 26 22 15 29 9 18 20 29 17 25 11 21 16 26 29 0 15 16
26 26 30 2 22 2 4 21 12 20 0 23 24 20 16 3 18 14 7 0
25 12 28 2 11 12 15 27 20 25 1 30 3 30 9 4 22 0 10 1
7 16 23 10 19 16 0 24 1 3 23 3 28 12 8 16 7 8 20 26
7 9 10 21 27 14 24 11 7 23 3 18 30 29 5 12 23 6 0 26
16 7 9 29 8 28 22 27 8 24 5 10 1 13 3 2 0 17 3 21
16 12 15 14 29 15 16 10 29 14 10 10 11 19 20 29 8 22 18 21
22 29 26 3 26 0 18 16 7 12 1 15 3 29 2 20 8 28 20 27
8 20 10 28 9 17 11 4 19 8 29 17 24 21 18 1 20 16 11 5
20 21 26 14 23 18 4 20 17 20 4 15 9 6 4 17 20 27 16 14
3 24 14 30 3 20 3 27 25 15 6 7 9 29 22 8 14 19 0 5
7 8 21 16 23 9 3 17 22 23 29 10 8 19 2 14 11 15 19 15
11 23 14 8 22 6 1 20 17 18 6 11 9 23 0 21 24 5 19 21
25 15 0 6 29 8 27 13 11 11 7 10 29 25 12 23 17 20 25 15
