21 21
17 8 16 26 22 17 25 8 24 28 20 10 0 15 22 6 11 17 27 5 6
11 21 12 25 9 21 7 24 21 14 14 1 11 9 30 16 23 5 17 20 15
21 21 18 1 10 5 27 1 20 24 15 18 11 17 10 26 7 28 5 17 1
30 14 13 23 2 4 15 30 4 28 20 17 23 17 27 11 10 21 25 7 12
17 22 24 8 2 0 24 20 6 10 21 1 17 30 27 3 7 16 28 10 26
1 13 20 18 26 1 19 29 8 17 6 8 24 4 26 11 30 20 22 15 5
22 10 12 24 21 19 15 1 1 17 18 14 24 14 13 10 21 17 7 11 11
4 17 26 0 16 6 5 9 14 2 28 0 13 27 29 30 5 13 22 28 10
28 16 30 6 18 2 18 25 27 24 25 1 14 24 11 14 26 4 29 15 26
8 24 27 11 4 14 22 2 25 26 22 9 14 24 23 14 29 13 1 3 22
30 20 16 7 29 27 6 5 18 15 7 9 21 22 4 30 22 4 21 5 14
26 3 23 15 20 3 5 25 28 3 9 3 29 7 4 9 21 3 29 29 18
30 28 13 6 5 3 24 10 17 21 4 17 8 25 29 24 4 9 21 24 11
29 14 26 30 23 9 23 13 6 29 19 14 10 13 26 22 23 12 12 7 6
24 1 28 10 15 13 19 15 16 20 13 22 28 8 3 10 26 7 26 5 13
7 6 1 18 26 30 0 22 28 27 18 16 29 16 22 30 20 28 30 19 17
10 21 13 1 2 7 25 17 2 26 21 29 10 21 7 15 20 24 28 22 29
29 30 9 12 16 13 25 4 1 20 23 22 21 13 27 12 8 17 1 12 4
15 1 18 5 27 16 24 18 22 23 12 28 5 20 9 4 18 9 2 11 29
15 18 9 29 10 30 23 29 13 5 4 20 11 14 13 27 24 11 21 26 9
0 5 7 26 20 11 25 7 0 15 14 23 16 4 30 16 19 7 29 22 29
