22 22
8 8 4 4 17 9 29 0 29 0 19 26 15 7 7 8 24 1 26 11 18 0
16 26 29 5 27 5 22 30 9 11 18 5 6 10 20 12 3 23 4 15 18 22
4 4 9 27 11 3 1 12 12 19 23 1 28 3 13 18 10 24 7 22 18 7
22 22 28 24 19 30 11 9 13 22 21 1 27 25 21 14 14 25 7 26 12 10
23 11 23 20 10 27 2 26 0 19 25 27 9 27 30 5 4 17 30 11 3 5
17 8 19 10 1 19 8 22 4 2 10 14 23 9 6 8 4 3 29 29 28 0
13 26 4 0 1 16 10 3 11 28 15 0 3 13 9 8 23 26 8 25 18 21
14 16 10 0 4 14 30 1 16 14 19 16 24 8 4 10 25 20 27 12 26 28
26 26 10 2 20 9 10 28 22 13 16 18 4 9 20 15 26 7 15 23 3 21
13 15 16 0 25 0 12 22 4 11 2 3 25 24 2 27 20 26 10 22 8 0
2 13 18 30 6 8 24 25 30 4 6 5 26 20 10 2 5 29 23 4 8 24
23 16 21 13 15 7 29 2 15 29 5 5 21 1 27 3 16 27 0 9 17 24
27 3 28 25 19 20 22 21 0 30 27 19 1 23 1 14 7 17 27 24 15 26
18 3 10 8 7 1 22 20 4 11 13 18 6 1 12 17 6 14 4 17 17 16
5 23 6 18 16 2 19 5 13 29 13 26 22 18 6 5 24 3 21 8 21 2
19 11 23 3 3 8 23 10 4 25 9 2 27 10 24 30 1 12 14 18 27 29
29 24 17 6 0 3 19 13 11 10 15 24 30 20 6 24 20 1 3 2 13 18
16 7 27 1 7 19 23 19 5 5 0 8 21 2 24 10 12 29 7 3 21 28
4 11 4 15 18 11 25 20 16 23 0 23 11 30 8 18 22 9 8 24 2 30
2 24 2 29 9 0 16 5 4 16 6 5 7 5 9 4 14 30 4 23 17 22
1 25 12 30 3 15 11 15 7 18 8 18 12 12 15 12 27 26 22 24 2 10
3 19 3 14 12 14 16 24 3 23 15 23 15 15 29 22 19 10 1 9 29 12
