23 23
28 7 22 9 14 30 22 21 11 7 12 26 10 9 21 23 7 30 16 11 22 14 24
10 6 29 1 2 3 18 12 19 5 22 26 12 4 23 27 4 20 30 2 24 2 9
26 16 8 23 7 24 13 30 9 27 18 22 3 4 15 3 22 21 14 6 22 16 1
7 24 21 2 26 29 16 9 6 12 24 16 8 22 2 13 29 7 12 2 23 25 1
5 12 28 26 1 20 26 10 24 12 29 1 1 22 2 5 2 19 3 18 15 26 18
6 14 23 9 0 4 15 17 9 0 27 22 8 18 28 30 4 8 6 26 5 3 5
10 4 19 27 3 9 8 5 20 5 11 17 24 26 16 5 1 13 7 9 25 7 19
1 25 29 12 26 21 9 19 14 27 2 0 22 19 8 4 18 28 30 2 12 20 17
30 14 16 27 0 8 8 29 17 13 25 23 12 8 22 21 23 10 5 20 0 18 5
24 5 11 30 23 12 21 27 24 7 26 20 0 7 18 0 17 20 28 15 22 22 28
22 14 5 21 26 12 4 24 12 20 12 27 1 9 30 1 30 15 12 22 3 10 26
18 19 16 26 10 24 28 19 5 28 6 19 9 23 17 12 30 10 4 17 5 24 8
24 2 0 1 21 26 10 28 24 30 3 5 29 14 15 25 18 18 23 1 11 10 19
18 12 2 29 29 13 22 5 6 19 20 21 27 29 21 5 15 11 3 15 7 17 4
22 3 17 19 14 3 11 9 22 21 4 14 24 5 6 26 13 22 4 17 9 12 1
14 16 21 15 7 8 18 17 18 23 5 20 11 10 2 5 19 3 5 22 13 10 25
15 23 0 30 30 7 6 6 13 12 17 2 11 12 30 27 30 14 15 4 4 18 26
19 7 29 30 2 12 15 29 26 12 23 21 8 28 14 2 7 23 28 11 6 6 1
28 21 12 13 30 5 29 24 18 22 7 19 13 12 19 4 20 0 23 9 29 27 18
23 8 4 27 20 5 12 5 21 25 18 24 16 26 5 16 1 23 7 0 17 18 22
7 1 16 28 24 10 18 2 29 21 2 9 22 9 28 17 26 26 10 7 17 0 19
16 11 19 24 22 4 24 19 23 22 18 7 19 21 20 21 29 28 25 8 22 16 1
5 4 6 0 23 29 7 12 5 11 11 22 10 29 15 9 14 4 8 22 13 13 5
