26 26
21 20 9 5 3 22 25 2 20 20 1 23 0 15 29 8 5 9 4 5 15 22 24 20 21 14
15 4 28 30 0 20 13 8 14 1 18 14 22 16 28 18 30 16 2 28 10 30 26 20 29 11
18 26 0 16 5 14 4 16 11 29 14 1 2 9 17 14 11 18 27 20 14 21 16 4 27 14
17 28 8 9 6 22 10 8 9 0 20 8 17 19 1 3 23 16 18 29 29 5 13 17 27 10
3 1 22 4 21 14 6 13 12 30 22 11 21 25 15 13 6 24 15 6 5 28 5 9 3 19
22 26 6 4 18 21 0 11 27 4 4 5 27 12 18 20 20 17 25 24 1 3 23 14 30 23
11 16 28 21 11 2 29 20 20 10 15 10 28 27 6 16 3 12 28 24 28 23 28 10 30 13
24 0 2 4 0 0 3 21 1 0 5 21 26 10 16 27 24 10 6 4 3 22 11 28 24 2
29 9 20 26 19 10 22 18 4 21 13 25 22 19 19 29 17 5 1 10 7 21 29 3 5 23
20 16 27 0 20 25 23 26 17 3 24 25 8 20 4 20 28 6 27 25 18 14 12 24 11 23
24 24 30 16 28 28 2 10 19 19 4 24 21 6 13 21 30 14 10 22 1 0 19 8 20 2
24 17 2 24 7 5 30 4 16 19 8 3 7 21 30 7 17 30 20 3 9 17 16 3 12 20
18 6 22 10 21 26 30 6 5 20 19 8 21 25 11 19 30 30 16 24 12 6 18 22 16 1
23 12 13 18 0 25 22 17 4 12 13 6 27 4 23 23 15 21 17 4 6 12 15 15 16 25
16 17 3 17 9 2 15 18 24 5 11 22 11 22 27 16 17 16 26 14 24 6 26 21 18 28
11 7 0 7 24 1 27 9 25 22 14 1 20 19 1 16 19 12 3 28 15 20 5 1 15 11
16 18 29 29 26 19 6 23 3 3 13 24 3 5 1 1 3 19 30 12 17 19 26 30 5 7
24 8 15 3 23 11 12 2 3 30 28 12 30 29 20 23 1 14 12 1 25 20 2 13 17 10
28 23 13 1 24 15 6 17 26 0 27 12 28 29 11 2 16 20 17 12 23 19 14 29 19 21
7 1 10 21 23 13 27 6 25 27 18 19 9 0 23 2 25 5 5 20 16 3 30 27 15 7
4 8 16 6 20 0 19 13 9 21 14 28 0 9 6 26 28 7 3 20 14 19 14 1 5 20
15 29 5 7 7 30 29 13 14 18 7 1 27 14 1 4 20 4 21 25 0 4 3 15 29 15
15 12 8 20 4 8 3 20 20 13 28 30 16 5 0 26 17 15 10 27 23 16 18 15 3 3
14 2 14 17 16 25 0 30 29 5 27 26 24 19 24 0 21 13 29 7 10 19 28 0 17 12
11 0 16 3 21 12 14 19 0 13 20 10 16 11 2 24 22 29 22 21 18 9 27 5 7 11
18 24 18 5 3 17 28 30 12 2 14 23 20 19 27 12 2 18 14 10 10 16 5 0 3 19
