27 27
14 1 4 9 25 9 20 0 4 3 15 0 2 8 15 20 25 26 1 7 21 12 15 27 16 4 28
14 12 30 10 14 15 18 28 9 25 9 23 30 4 5 11 28 6 13 14 28 3 27 22 28 14 22
7 2 13 25 1 1 19 19 30 30 11 11 28 20 30 28 28 9 13 8 13 29 27 30 17 6 24
9 23 24 24 30 17 24 23 4 16 4 2 2 5 10 20 2 6 12 20 28 11 9 25 4 15 21
5 7 3 14 19 6 6 28 13 2 10 29 4 23 20 22 13 6 25 29 10 18 27 30 7 10 23
22 20 16 2 4 6 8 19 27 7 15 8 4 26 25 3 16 22 14 9 10 5 5 28 29 3 6
0 28 27 7 18 23 21 13 22 6 5 1 28 21 11 4 28 24 5 28 3 2 12 3 1 16 24
3 21 29 25 13 2 7 16 30 21 7 12 11 28 12 0 27 28 29 13 23 21 11 10 0 6 18
20 24 4 24 15 16 8 14 13 26 26 22 25 12 17 2 12 18 16 0 8 24 17 28 10 15 18
0 14 6 23 10 24 23 27 29 20 5 27 20 3 6 1 14 6 29 9 13 20 16 27 15 8 4
27 16 7 23 0 15 23 28 23 28 17 5 9 11 11 11 12 25 12 21 16 4 6 28 11 30 13
30 16 3 20 20 9 26 21 21 27 5 17 25 21 24 4 21 5 18 11 10 0 17 17 21 3 19
17 8 4 11 16 12 18 10 24 22 24 4 4 15 8 28 1 6 9 26 20 18 15 12 9 22 23
22 25 11 17 29 28 30 20 22 0 29 27 3 21 4 10 4 20 2 21 14 6 19 19 14 6 25
22 26 10 10 10 21 26 11 17 11 5 25 20 9 9 30 29 9 7 1 23 30 7 9 9 14 29
18 10 12 11 15 26 20 0 6 16 15 27 19 0 2 22 19 30 21 18 17 0 2 14 20 19 22
23 16 5 20 8 20 20 25 23 5 14 9 2 14 15 26 4 9 3 14 10 20 11 12 26 10 10
29 6 3 11 24 18 15 5 11 22 1 13 0 9 9 12 23 24 30 29 21 0 12 14 10 5 29
7 24 28 24 2 20 24 7 10 6 8 14 17 17 1 26 10 17 8 2 26 3 19 29 6 4 2
7 12 17 4 19 29 17 23 15 2 9 3 20 16 12 29 8 13 22 29 1 10 4 30 18 17 9
12 16 5 24 19 1 17 15 0 5 28 0 30 6 9 14 25 25 16 26 9 7 10 2 17 30 12
11 3 25 4 5 28 20 2 30 22 4 13 25 6 5 16 30 26 5 19 8 8 3 27 20 1 21
19 3 20 1 21 24 10 27 30 13 30 28 14 19 30 0 4 14 15 20 10 30 18 10 20 12 15
21 20 12 6 11 19 16 9 9 22 6 16 19 24 19 16 27 17 30 4 17 25 0 13 26 25 6
14 12 5 16 11 2 1 15 5 8 29 5 0 10 22 8 1 21 8 3 29 2 5 6 21 27 16
14 25 6 29 28 22 6 21 27 15 26 10 30 12 25 21 1 24 10 25 21 9 16 27 17 13 28
15 2 20 30 24 9 8 14 20 29 7 24 25 24 27 3 19 9 5 12 9 25 25 0 23 27 20
