28 28
14 25 18 17 0 20 14 20 30 20 5 5 4 12 3 6 4 2 28 22 17 23 8 3 5 1 30 3
9 17 25 20 11 22 22 0 18 20 16 16 2 26 23 6 4 3 24 5 28 3 28 21 13 6 3 3
27 24 6 14 5 9 6 19 15 4 27 13 26 1 21 30 19 10 13 4 14 1 1 7 14 4 7 5
18 24 7 13 19 7 0 21 6 16 19 5 12 25 16 13 5 15 0 16 28 22 3 18 8 10 22 11
27 16 17 22 11 4 6 18 19 7 30 23 16 23 27 17 6 24 6 24 12 30 26 2 14 26 24 30
15 2 14 15 18 20 24 17 16 28 16 9 27 15 12 25 12 1 6 24 29 15 28 27 20 5 1 10
16 14 12 15 24 2 10 24 17 26 28 28 2 30 3 5 6 29 13 21 4 9 27 29 6 5 26 26
11 8 10 8 23 29 10 24 14 12 2 4 0 5 22 0 19 0 22 0 7 19 30 24 23 20 30 10
29 22 20 23 19 9 6 8 20 11 4 15 7 20 19 9 29 14 2 12 18 19 15 30 11 8 2 20
26 14 16 13 18 8 15 10 19 25 28 18 25 13 24 15 13 7 30 5 27 4 2 15 5 14 14 15
27 16 6 23 13 19 16 19 4 3 1 17 12 5 24 1 9 26 15 30 16 4 8 26 14 7 15 25
27 24 14 9 6 16 11 10 19 21 0 9 18 19 0 27 7 13 3 18 7 8 11 5 3 27 1 28
10 27 9 15 2 8 27 2 10 30 21 5 9 23 15 30 6 21 22 20 1 22 27 19 28 26 27 1
26 30 25 28 27 15 24 8 6 5 9 2 25 10 9 25 12 7 3 3 6 9 6 1 4 14 0 24
25 20 3 16 6 11 5 26 15 9 9 4 19 1 20 8 8 27 3 19 5 20 5 0 28 15 3 9
2 21 24 3 17 15 13 30 20 21 29 14 3 12 22 29 14 27 30 3 6 1 10 23 28 13 8 3
2 6 29 17 30 19 18 11 20 2 28 9 9 29 29 6 2 11 18 2 21 26 6 7 13 2 27 10
13 17 20 21 6 25 4 28 15 11 25 9 5 22 8 26 28 15 23 19 14 18 29 17 0 15 20 19
9 7 17 24 5 24 9 26 26 23 1 29 10 15 3 4 30 7 5 1 3 22 20 21 22 20 28 28
12 11 21 20 6 18 14 8 0 5 23 18 19 9 28 30 4 4 15 17 11 18 5 10 5 15 24 6
2 9 4 19 3 28 28 10 25 15 23 8 17 11 10 1 24 1 3 3 1 12 17 8 19 16 4 14
6 0 27 3 13 20 22 12 27 29 22 1 23 4 9 21 23 16 13 19 28 9 28 21 4 12 14 14
9 15 15 23 19 4 0 6 26 6 12 5 20 23 5 19 0 22 20 16 4 17 27 16 23 21 24 5
27 0 23 23 19 25 6 24 28 26 16 26 11 21 2 21 15 16 27 1 8 29 14 29 20 5 23 8
9 19 5 1 22 20 4 0 23 11 20 16 25 27 23 3 19 2 10 18 3 24 13 11 5 27 17 22
3 23 4 21 3 7 30 27 9 20 22 30 29 5 10 20 22 8 0 20 0 28 3 8 0 12 25 0
19 11 0 25 18 16 2 16 4 26 23 30 25 5 7 4 24 5 21 15 30 26 14 1 30 28 26 9
23 27 9 7 4 17 18 4 21 10 12 2 0 16 18 21 25 4 0 6 17 24 6 14 14 17 4 26
