32 32
30 20 12 14 11 22 20 15 2 29 19 2 1 4 17 16 11 24 30 12 0 6 9 7 27 18 12 29 30 14 1 30
6 7 1 27 24 8 21 24 28 26 0 0 30 5 20 26 3 2 28 24 29 2 8 7 19 7 25 11 8 0 12 17
11 17 4 27 1 3 13 13 30 29 9 16 24 18 21 12 23 11 16 7 30 15 14 1 16 5 13 4 24 28 21 22
17 2 24 16 3 3 29 11 14 7 29 15 6 25 30 22 23 12 20 8 28 13 15 29 6 24 25 19 10 30 5 22
28 4 16 7 13 15 17 4 30 17 0 12 16 10 3 18 19 7 8 29 3 21 22 7 9 17 13 29 18 0 15 9
2 19 23 0 5 19 28 21 10 25 6 7 3 24 12 26 13 26 3 23 30 12 30 10 24 9 4 1 6 13 28 30
25 3 16 12 9 19 25 7 18 15 1 28 11 11 29 0 16 14 9 22 24 19 24 18 27 6 0 4 5 17 0 13
11 9 14 24 19 10 15 10 9 3 19 27 6 30 14 9 5 25 10 5 4 29 17 19 13 13 28 18 16 5 9 12
4 1 8 30 30 11 30 1 9 28 3 8 21 18 30 22 30 16 7 16 6 28 8 0 28 7 10 18 8 26 28 22
18 7 13 18 5 30 15 18 16 2 17 15 29 4 1 2 1 1 3 18 27 10 9 29 13 26 17 15 22 8 11 25
27 5 25 4 5 19 6 6 25 6 1 12 25 3 15 3 21 24 11 15 13 12 20 20 16 13 6 4 14 29 14 9
17 20 4 16 27 6 11 6 16 18 29 28 23 7 0 21 30 19 15 21 26 8 2 0 19 5 27 25 19 6 8 28
26 21 28 28 22 18 16 29 7 29 30 4 8 9 27 15 28 28 7 1 21 5 11 30 20 3 11 23 25 8 2 5
22 6 7 30 0 20 30 29 26 11 0 9 6 22 25 15 28 12 25 21 5 15 21 0 11 30 6 16 12 12 16 17
1 12 1 24 16 29 26 12 16 4 4 30 4 10 23 3 26 8 18 27 18 16 20 17 18 16 30 4 5 13 9 25
16 4 3 2 19 20 2 30 12 21 23 30 20 5 8 7 19 4 9 6 14 0 25 4 1 24 16 24 14 23 6 19
24 18 1 6 29 26 19 10 4 20 10 22 2 13 17 13 5 21 11 18 15 3 26 0 9 7 8 15 16 22 9 0
26 22 17 18 30 17 6 20 29 22 2 25 17 27 25 28 20 7 6 2 2 5 3 11 3 3 18 29 15 22 18 25
22 2 7 14 8 25 30 2 14 7 15 0 17 29 11 4 10 14 18 0 11 22 16 15 29 14 7 27 22 9 28 20
16 7 26 0 19 27 10 15 21 30 8 10 30 22 14 30 24 18 10 10 15 23 0 27 11 15 4 5 17 27 2 21
4 19 26 14 10 8 14 1 7 5 4 28 5 12 4 27 10 13 14 28 10 6 9 0 11 24 10 10 20 16 23 28
27 29 24 5 6 19 24 19 30 3 5 30 23 13 13 9 2 21 14 4 24 0 14 10 17 28 25 23 25 0 9 6
6 18 20 29 6 20 30 0 6 16 1 28 18 20 13 28 22 23 1 28 1 1 14 5 17 18 20 19 20 22 15 3
26 6 21 15 18 6 10 5 9 14 21 17 8 21 4 5 24 23 30 1 10 16 21 7 3 25 27 13 15 15 9 25
1 13 26 2 12 27 27 6 14 12 6 13 5 30 11 8 11 2 4 28 3 20 12 3 1 25 20 21 14 9 22 4
17 12 26 20 15 19 15 19 10 10 1 27 9 3 9 7 14 22 5 19 27 21 28 5 24 18 24 8 22 28 28 20
14 30 8 17 11 18 29 27 28 30 15 4 5 7 8 8 14 14 10 7 29 2 18 17 17 26 26 8 18 22 14 17
22 26 14 3 25 7 12 30 0 10 3 9 21 0 5 12 14 0 18 16 8 6 20 25 24 19 16 21 1 21 25 19
5 13 19 2 30 8 27 11 28 20 7 4 5 5 2 0 17 2 18 7 26 28 6 30 27 27 0 9 23 9 0 7
10 1 23 11 30 12 7 19 26 4 26 0 9 9 7 16 10 14 12 12 22 27 26 20 8 11 10 25 15 17 17 5
12 2 10 12 5 9 18 28 9 28 2 5 28 7 20 29 21 12 13 12 16 27 26 14 20 5 22 5 4 14 27 14
4 6 24 4 16 2 22 1 2 18 10 20 27 30 14 8 3 18 29 9 22 22 29 15 26 0 20 2 16 11 3 25
