39 39
19 26 22 17 24 9 3 25 4 1 22 4 12 26 10 16 19 29 10 20 14 13 17 13 10 2 20 16 15 18 21 5 11 15 17 20 4 15 7
0 3 10 19 0 7 4 26 26 2 30 19 30 29 24 2 17 14 21 10 23 2 19 20 20 13 9 5 19 20 14 8 30 14 3 22 6 19 22
17 7 23 20 20 4 12 15 27 21 0 14 15 29 23 4 7 24 29 12 22 9 28 4 2 26 28 4 7 5 1 21 30 7 14 8 8 16 16
15 14 0 18 24 16 23 29 29 3 20 10 14 22 28 27 13 28 22 12 18 8 13 21 14 27 17 15 10 18 3 23 13 14 0 19 5 2 14
29 3 20 0 5 18 27 13 0 25 28 18 29 4 11 3 7 16 29 24 0 1 6 28 17 29 4 19 1 20 9 20 16 14 11 8 5 4 15
14 20 1 12 7 15 17 8 8 20 20 8 16 27 25 8 28 13 12 7 18 21 10 15 20 30 19 5 1 24 26 9 9 9 2 17 11 17 13
7 11 13 3 26 14 15 4 7 2 30 27 17 16 29 25 8 10 29 2 2 21 2 18 9 0 16 26 26 13 15 24 29 17 28 30 1 2 17
26 29 11 18 14 24 24 19 12 29 8 27 29 29 14 20 24 5 19 20 5 27 28 10 22 11 18 13 5 10 19 27 28 4 4 26 21 12 3
21 2 15 29 30 10 17 27 13 7 22 8 26 20 3 4 20 15 19 0 20 7 29 3 13 13 13 8 12 16 2 18 26 11 15 5 5 23 28
10 24 2 1 25 10 14 15 25 14 27 29 15 5 24 26 6 15 18 24 27 10 1 5 14 19 2 11 21 12 4 4 12 16 13 13 20 9 0
24 29 29 4 25 27 13 8 28 0 19 24 24 11 5 28 1 25 26 3 22 5 24 3 22 25 7 13 2 21 17 14 11 19 2 29 14 26 23
2 7 9 2 9 16 10 24 0 12 7 2 0 29 13 17 13 27 6 4 14 29 29 6 14 1 2 18 4 2 22 13 16 14 13 2 23 8 4
22 9 6 8 22 16 18 8 18 6 28 17 22 24 0 7 18 2 4 26 19 30 2 28 21 5 15 14 21 14 3 10 5 16 6 23 2 17 0
6 9 6 30 0 21 19 20 18 23 21 7 25 30 11 6 6 13 7 16 0 15 9 8 6 2 5 1 22 19 1 30 3 27 9 13 28 25 4
26 18 16 30 2 15 3 25 6 16 21 22 7 29 5 28 11 2 25 23 19 25 8 26 28 30 14 4 2 24 30 21 17 21 14 22 22 21 27
2 22 14 15 11 20 6 27 28 12 4 29 30 29 23 29 4 18 30 23 29 11 23 27 4 17 17 1 20 13 1 8 5 27 6 18 11 5 1
23 3 21 9 1 14 2 23 0 11 3 16 3 15 13 17 22 16 4 1 25 9 26 0 10 5 10 22 15 21 4 20 23 27 22 30 5 24 3
7 20 19 3 19 16 9 7 24 7 9 5 12 11 0 17 17 3 15 27 21 15 21 12 3 5 24 11 29 23 3 25 30 4 24 20 7 6 25
4 15 16 9 6 16 1 6 17 1 26 8 30 25 23 16 17 4 16 21 27 17 15 27 24 25 7 10 22 29 6 4 23 27 27 2 23 3 15
16 29 10 2 17 9 5 4 17 15 28 0 29 23 12 22 18 18 6 15 10 22 7 24 13 14 18 13 23 16 9 30 0 2 8 5 30 21 1
8 14 0 21 12 5 12 28 29 19 15 0 2 7 22 17 17 29 0 15 3 4 28 12 4 15 0 17 6 8 25 22 23 6 7 1 22 10 11
18 8 5 19 21 7 1 21 14 6 9 0 12 16 23 5 4 21 16 22 4 0 10 24 29 14 3 21 23 8 20 20 11 12 0 15 19 0 3
29 0 15 5 30 30 29 19 11 14 20 29 19 3 12 12 27 4 24 3 25 1 5 15 15 20 16 16 4 4 2 30 1 7 1 19 6 9 26
15 27 27 5 23 6 17 22 19 6 22 21 9 14 17 30 18 1 30 13 16 17 20 23 24 3 6 29 28 17 27 9 11 11 15 15 22 11 15
17 14 23 25 20 6 2 28 4 22 23 3 6 29 5 15 13 3 9 3 29 27 20 27 2 20 8 3 24 9 0 26 18 26 7 6 6 7 5
24 24 16 28 4 29 6 22 22 24 9 26 28 16 24 9 5 12 14 9 5 15 8 9 24 2 2 24 11 26 1 17 19 27 25 5 9 5 21
9 27 20 9 11 10 18 27 24 28 29 13 4 4 28 25 7 3 19 15 18 12 13 28 16 25 9 22 17 11 28 6 4 22 29 10 4 2 15
24 3 0 28 4 0 7 7 8 28 14 0 10 19 6 17 11 15 6 14 29 25 15 10 28 16 1 26 22 4 8 2 15 30 13 10 2 6 21
23 29 25 13 6 24 10 22 28 14 8 25 4 17 28 0 28 13 7 5 19 1 1 19 5 4 20 25 7 3 4 6 26 2 5 6 3 28 29
4 23 19 30 22 24 27 14 13 0 13 4 28 27 4 30 28 28 6 28 2 18 15 19 14 9 29 29 1 2 1 25 7 14 5 1 27 27 25
30 20 8 0 23 18 8 21 10 1 15 13 7 14 25 7 17 15 3 9 19 19 5 28 25 28 22 25 20 0 30 12 16 22 19 28 24 5 7
5 4 18 24 20 23 20 27 27 23 17 12 17 17 22 7 4 0 17 18 20 3 17 29 26 1 8 15 24 22 19 5 24 18 16 1 9 22 4
26 12 19 16 7 2 8 26 17 0 8 19 15 12 11 27 6 15 21 21 2 13 10 16 13 12 27 20 25 7 13 5 10 12 14 10 5 11 25
18 18 21 9 24 14 6 15 19 5 30 26 9 17 1 20 13 2 20 2 20 14 10 12 30 6 13 2 14 20 20 3 17 1 2 3 0 26 24
11 16 6 10 30 23 16 28 2 29 12 30 13 25 21 19 10 28 16 12 14 23 11 0 18 9 26 27 23 23 27 6 12 6 4 2 29 0 11
11 12 2 28 0 26 3 4 5 4 14 3 25 6 27 24 13 6 21 26 11 3 7 27 29 19 1 16 23 3 2 18 28 16 3 1 0 29 8
21 3 10 9 15 3 19 20 24 10 25 4 7 4 5 2 8 10 27 4 23 29 26 20 10 8 21 27 27 14 16 26 8 26 8 28 1 14 11
12 10 13 12 0 6 14 8 2 17 5 26 24 30 20 6 4 7 20 15 8 9 9 24 9 16 0 14 15 1 27 18 19 12 24 13 14 18 14
3 12 21 9 1 4 7 13 26 11 30 7 7 16 2 3 29 26 2 20 12 25 27 1 10 20 5 10 0 17 12 26 2 20 19 9 30 0 21
