40 40
23 21 12 9 11 4 19 4 29 8 18 27 1 28 8 19 22 6 7 0 0 17 13 0 14 11 23 13 25 12 1 18 19 1 8 24 5 5 4 16
11 20 13 15 28 13 19 6 17 19 12 12 20 17 14 30 10 0 12 22 14 0 18 6 29 11 11 27 8 11 20 23 11 21 17 28 27 13 16 18
22 1 1 21 0 16 2 22 4 29 14 1 29 23 26 1 1 14 14 1 13 26 13 23 14 24 6 6 19 24 6 30 28 23 24 9 15 1 26 17
20 20 7 27 17 0 4 30 18 28 3 0 6 16 5 20 15 7 5 29 16 26 3 29 23 23 29 9 22 28 9 6 19 12 15 28 6 19 0 16
2 26 13 26 10 18 13 13 0 24 7 16 15 27 20 26 14 26 0 19 16 9 30 4 29 7 29 30 10 9 22 10 7 17 0 22 0 7 5 18
27 27 1 11 22 24 20 25 30 15 12 7 5 29 0 27 11 7 6 1 0 25 1 2 4 12 6 19 17 11 13 24 24 6 0 25 10 25 9 26
30 6 20 12 3 25 9 24 27 13 16 16 27 20 29 17 17 8 11 20 7 25 27 3 19 4 1 26 16 16 29 17 17 2 28 16 7 26 3 21
6 11 18 10 16 20 11 11 8 14 9 3 29 26 0 30 19 10 13 22 19 23 15 13 14 10 28 15 27 6 25 11 28 23 4 15 13 10 30 18
28 20 1 3 24 10 24 20 2 5 0 7 17 0 15 4 8 23 19 15 29 1 30 30 1 30 15 10 0 8 20 21 26 4 9 30 28 26 14 12
25 16 23 21 21 30 0 14 17 14 5 13 23 4 25 21 9 29 0 5 15 9 30 19 5 4 30 6 4 14 22 3 28 1 20 1 8 29 20 3
18 10 10 25 21 10 29 26 10 17 19 20 25 12 10 14 13 29 3 4 6 6 18 22 1 0 21 26 25 5 15 11 27 6 30 16 2 0 20 16
15 9 7 10 13 21 17 25 9 7 25 11 7 22 27 12 22 10 11 10 27 21 20 25 15 6 13 5 1 9 2 2 17 4 10 3 15 27 20 26
2 5 12 4 5 27 13 16 11 10 28 9 0 0 16 19 14 26 28 17 7 29 18 25 9 0 0 17 29 14 3 0 11 28 5 14 24 4 23 24
24 12 20 22 14 26 0 6 20 4 11 24 25 7 19 26 1 4 8 9 8 29 27 19 14 22 3 28 26 6 2 26 21 1 5 16 14 11 28 22
26 28 21 7 2 23 13 27 2 27 25 1 28 12 30 21 15 19 16 26 3 14 20 21 16 12 9 24 25 23 26 19 10 2 27 4 28 21 8 6
11 10 11 5 13 1 27 1 11 30 27 11 2 0 4 11 7 4 3 22 22 17 12 28 26 9 24 23 24 5 30 2 25 3 3 2 13 24 12 12
3 13 24 28 12 11 11 27 30 29 18 20 27 5 15 16 26 3 8 28 18 18 17 10 2 9 28 7 3 27 10 23 11 2 17 30 9 25 3 15
3 27 18 28 21 11 4 3 17 5 3 30 3 4 20 2 27 12 0 15 13 30 28 21 10 21 30 30 26 3 26 4 15 3 4 25 25 19 26 16
15 7 11 3 12 28 2 22 13 21 29 24 21 23 0 16 20 9 21 28 24 29 18 14 29 24 15 8 2 10 28 16 14 4 6 20 21 20 14 17
14 5 6 2 24 5 21 8 6 3 29 14 6 3 15 0 29 27 12 23 0 20 2 6 2 11 2 30 21 1 22 17 27 3 1 5 25 27 4 28
27 21 12 22 30 21 2 17 26 27 25 1 18 20 11 7 4 7 5 2 26 16 14 5 26 10 8 28 24 30 9 13 7 21 14 26 21 21 1 23
1 30 0 20 18 17 2 0 21 19 18 28 28 29 3 14 6 14 10 20 23 16 15 18 17 8 15 12 3 4 29 10 13 14 20 29 19 1 21 16
30 1 30 17 28 10 21 12 21 7 25 1 10 2 3 0 22 29 16 8 12 2 13 28 2 27 11 15 2 4 12 21 28 22 17 30 14 30 24 2
8 27 17 27 18 25 2 28 6 24 19 1 14 13 5 12 21 6 4 14 23 21 21 25 18 24 1 1 5 13 6 14 29 5 11 30 13 15 1 17
2 1 23 8 27 27 16 11 27 9 27 2 29 3 10 21 15 16 16 0 13 27 11 24 14 11 29 3 27 2 6 30 15 27 11 1 13 16 20 13
2 22 16 9 1 13 19 9 12 27 22 7 16 8 9 4 6 13 30 25 9 11 13 18 14 23 26 13 27 0 7 7 14 23 11 12 15 0 8 6
2 18 10 27 17 3 1 3 18 29 11 12 5 4 25 12 1 4 7 30 5 7 28 13 4 29 1 21 10 7 23 8 5 16 24 9 13 29 16 2
22 6 6 4 4 9 11 30 8 12 11 6 20 12 25 19 14 8 3 24 0 12 27 1 16 19 5 22 1 3 14 3 2 26 5 28 20 17 12 29
14 19 26 27 17 15 27 9 4 10 7 5 12 18 10 16 12 30 13 7 12 0 8 18 13 3 8 30 19 12 29 30 8 25 7 29 22 29 21 10
13 3 22 16 2 23 0 9 2 12 20 29 24 16 8 30 27 7 6 6 21 16 11 6 25 5 28 17 19 27 3 2 15 0 16 16 6 15 29 18
24 2 22 0 1 17 1 19 10 26 6 16 4 8 22 20 8 29 4 3 24 27 19 29 23 14 16 18 24 27 13 10 3 3 22 30 7 25 15 8
9 4 11 22 26 29 16 24 1 22 13 22 18 21 0 22 14 6 26 10 18 7 8 19 13 13 13 28 20 14 17 13 2 6 5 15 5 27 3 30
5 2 5 0 26 28 26 0 11 29 22 19 11 19 23 28 14 20 3 4 18 27 29 1 1 24 25 30 14 25 15 15 20 14 21 25 1 16 18 30
2 24 10 28 2 21 0 9 26 12 9 21 18 0 28 3 23 27 26 26 18 16 29 6 2 5 2 28 27 11 22 23 13 17 29 26 10 8 23 16
29 7 23 10 6 5 11 10 29 17 27 8 28 30 10 10 10 1 4 2 23 15 19 0 5 7 28 5 1 29 28 6 7 10 10 7 10 26 22 2
16 15 6 23 7 21 25 29 2 27 25 26 23 25 25 27 25 8 26 8 18 3 12 23 27 24 30 14 29 21 27 23 9 6 25 12 14 6 20 18
14 29 2 18 22 10 28 1 29 30 19 0 25 9 10 17 11 22 23 27 20 27 7 23 26 4 23 10 17 5 26 9 11 18 25 30 29 13 0 23
1 9 1 15 26 15 11 30 23 20 13 21 9 20 13 22 10 12 19 22 9 17 19 21 27 8 6 20 19 27 4 3 28 19 24 12 28 18 2 5
28 23 17 8 18 4 22 15 20 6 18 6 5 17 30 19 8 30 30 16 14 17 3 19 5 23 12 6 22 11 27 19 11 19 25 19 22 0 23 8
0 18 20 9 26 28 18 22 30 19 11 23 30 15 14 23 16 7 10 6 28 20 8 25 16 18 23 17 27 14 29 1 6 2 4 30 13 6 21 25
