41 41
14 12 14 22 20 23 26 29 14 28 19 12 19 12 22 13 8 1 4 9 25 4 16 10 4 28 14 16 15 30 25 25 16 19 16 15 24 4 6 26 10
19 7 20 7 14 17 30 29 17 19 5 7 22 18 3 5 19 20 19 11 11 3 19 10 5 18 17 27 20 29 24 18 2 20 24 14 26 10 11 3 0
13 4 19 3 11 11 9 25 11 7 8 8 12 8 3 21 9 24 7 25 22 14 28 27 8 30 26 12 15 22 29 7 21 3 7 27 9 13 7 28 25
10 3 6 19 28 15 15 14 9 3 13 11 27 9 29 15 0 2 22 28 18 1 23 23 24 8 19 1 1 13 0 7 4 12 30 26 20 18 23 21 15
20 16 5 2 9 20 7 6 17 4 18 25 23 26 15 4 30 4 12 22 20 1 4 29 14 21 30 23 26 19 1 17 7 0 25 6 3 26 27 15 9
21 12 19 17 30 17 24 30 7 17 0 23 1 7 28 7 4 16 8 2 7 21 13 2 27 10 25 8 27 20 20 20 17 8 19 15 26 4 14 8 27
1 29 24 18 10 28 28 19 29 25 18 27 0 27 19 29 14 24 13 28 16 14 19 14 10 30 21 7 27 21 24 2 16 14 26 18 29 18 4 17 24
5 4 22 9 24 3 10 2 30 15 25 16 26 2 26 11 17 28 14 24 23 16 19 25 10 1 9 6 12 15 16 12 25 13 16 26 8 4 19 6 24
27 2 14 15 11 10 2 15 17 27 7 23 11 25 22 12 5 12 6 6 13 11 5 18 5 27 14 11 4 1 25 20 25 26 4 7 12 21 15 17 28
28 3 25 25 29 11 24 28 19 16 25 19 27 29 21 26 12 7 28 27 19 22 24 14 26 10 19 3 27 5 8 3 17 18 14 14 24 21 26 26 22
19 28 21 14 18 19 18 28 15 20 3 30 22 22 29 13 23 19 29 2 7 14 5 21 30 1 27 22 18 2 3 6 22 24 4 24 5 5 0 7 29
18 15 19 12 19 8 11 19 13 24 18 8 14 5 28 21 1 3 17 20 29 11 22 15 4 3 24 16 27 5 11 25 16 6 2 11 30 29 12 4 26
28 8 1 1 27 7 13 30 14 11 18 2 29 21 22 15 9 22 1 14 15 3 18 18 10 30 29 13 1 29 24 14 13 20 15 25 27 3 14 0 27
1 7 24 8 11 1 10 23 19 24 13 22 23 0 10 6 28 18 9 1 25 19 28 11 10 21 13 17 7 18 26 4 10 27 4 25 11 8 22 13 4
0 30 16 19 2 27 15 10 15 0 15 13 3 4 8 1 13 2 15 17 11 9 18 29 1 15 12 0 2 25 15 9 1 21 27 15 13 4 12 2 30
2 1 16 7 12 5 14 19 25 29 30 8 6 13 21 13 9 29 2 23 18 13 24 10 12 14 21 6 27 12 3 17 27 21 9 4 16 9 1 19 6
8 5 27 26 12 15 0 5 7 28 12 7 10 29 9 24 5 22 2 20 6 16 27 11 29 29 7 29 30 12 8 30 7 20 12 18 18 11 25 1 9
23 24 13 26 15 18 23 7 27 26 2 4 3 13 27 19 28 9 8 4 13 24 19 26 22 4 4 14 5 12 29 2 5 26 17 21 21 23 23 22 11
6 17 6 0 17 26 16 21 8 22 9 18 20 23 14 5 9 22 11 12 20 11 29 27 2 25 7 9 30 24 10 26 13 16 24 29 18 21 7 29 12
17 9 29 29 2 24 16 26 28 18 20 11 8 2 5 2 18 19 10 20 23 17 11 5 18 25 6 29 8 7 26 2 3 30 10 19 21 24 27 18 4
1 0 6 23 29 24 13 15 21 7 8 10 12 14 30 25 23 23 18 2 17 29 3 30 13 24 5 27 23 8 10 20 2 6 0 20 24 13 0 2 10
0 25 1 29 17 3 27 19 0 3 23 1 11 23 27 6 19 13 2 27 1 6 30 29 13 26 9 25 14 20 26 26 21 20 23 30 23 12 0 15 24
16 11 6 1 6 19 5 9 0 26 4 5 13 18 1 8 1 29 14 13 10 22 2 30 6 5 22 26 25 1 29 6 27 18 6 15 26 27 30 19 24
27 18 19 15 2 11 17 8 28 4 23 19 1 7 25 12 24 27 4 20 8 2 6 28 15 26 14 3 11 4 14 27 21 29 27 28 1 14 13 19 12
26 27 29 11 18 15 2 4 24 17 18 13 7 30 20 23 18 28 21 9 2 28 21 29 30 22 10 29 26 12 19 1 24 14 15 16 26 11 13 19 11
16 22 1 26 18 23 25 5 1 6 23 17 8 28 12 17 5 11 20 13 5 10 10 0 21 8 4 8 30 29 25 17 17 25 9 12 28 30 26 23 23
26 20 3 22 1 30 24 27 28 0 7 10 12 4 19 2 23 8 4 6 10 5 13 1 18 28 14 15 14 18 30 16 6 23 17 20 29 4 6 5 5
29 13 17 27 10 5 24 28 21 8 19 8 13 12 21 25 1 20 4 28 22 30 18 12 13 5 12 23 26 22 18 18 24 22 20 23 11 15 29 26 17
16 26 19 1 24 8 9 17 20 12 6 8 3 26 9 10 15 8 5 4 10 2 25 19 20 4 23 0 24 0 5 4 28 25 1 22 3 22 22 3 21
22 30 12 4 20 12 8 9 27 9 30 14 2 14 14 15 5 29 20 27 21 26 4 23 8 27 20 4 21 18 22 17 3 0 21 12 16 5 15 13 11
5 19 10 9 13 11 1 24 15 4 20 27 8 18 10 20 14 16 5 26 6 16 14 18 19 22 30 27 19 21 18 26 7 23 19 12 6 21 21 23 7
29 13 24 15 4 27 12 8 4 13 29 0 15 16 9 7 3 10 23 22 23 14 6 26 26 2 21 21 3 28 16 14 3 8 17 21 30 20 23 18 4
22 15 26 6 21 27 7 0 6 26 25 18 9 13 26 0 6 15 18 26 10 1 7 7 14 19 5 17 26 14 21 21 29 15 17 24 27 19 3 23 17
25 29 23 26 5 7 26 11 30 27 15 28 4 9 13 6 28 5 25 28 23 18 13 1 27 8 21 8 18 25 24 9 16 22 16 27 20 17 22 0 24
10 24 24 17 22 0 22 11 11 1 11 15 8 3 10 1 23 15 3 23 21 7 14 4 15 7 4 0 23 24 9 21 7 28 7 11 30 28 6 12 15
22 17 1 29 20 18 0 16 9 28 12 3 2 11 17 3 29 21 16 27 13 2 6 22 28 12 4 5 0 19 2 17 19 10 25 30 13 26 5 29 6
18 16 21 30 18 4 0 4 10 30 30 15 12 17 28 8 29 21 3 27 25 24 13 26 27 22 10 26 15 19 6 13 10 16 21 8 11 14 25 0 18
13 15 5 27 30 13 8 9 22 22 7 14 7 15 17 10 20 0 19 4 27 7 30 3 6 3 30 6 7 10 24 28 4 28 2 9 8 28 12 20 21
26 8 22 17 22 21 22 2 24 30 9 19 28 18 15 22 27 0 23 25 15 21 21 9 6 10 1 4 17 2 8 10 18 3 4 14 23 25 23 15 0
19 24 1 21 30 28 29 3 7 1 1 16 2 22 1 28 18 29 14 20 26 8 17 3 10 20 4 28 26 5 10 16 15 25 5 27 16 4 20 6 23
4 27 28 27 2 30 30 10 12 20 10 18 8 8 21 17 24 7 23 17 24 15 3 13 29 30 21 28 12 24 10 24 29 21 29 13 30 24 4 2 30
