42 42
2 14 25 0 6 13 10 13 28 27 7 14 30 10 19 2 28 28 22 11 20 4 12 18 0 12 4 3 13 18 26 24 14 11 29 10 25 29 24 29 1 11
15 16 28 10 12 10 2 21 30 4 26 25 29 17 22 17 24 28 17 6 11 21 1 17 3 4 6 2 19 1 21 26 8 17 20 23 6 28 20 26 0 1
10 0 4 19 0 6 4 17 10 26 13 8 3 12 26 13 5 1 23 9 20 5 21 24 30 29 12 26 25 6 24 13 13 8 5 3 15 30 19 8 5 24
29 22 7 16 15 11 15 1 24 6 27 3 21 6 20 1 27 13 23 17 3 3 12 28 7 10 20 29 23 18 5 15 12 5 23 20 24 0 22 1 21 24
21 17 22 25 25 13 23 4 2 29 18 24 28 22 14 9 24 29 4 8 10 29 22 29 27 24 19 16 21 16 4 3 27 13 30 21 2 7 3 12 13 30
8 27 28 8 13 23 29 17 1 22 2 6 20 7 11 21 19 19 26 4 26 8 8 9 17 17 2 0 13 28 9 20 13 27 2 29 17 26 8 15 29 1
0 4 10 24 5 7 1 15 7 4 0 28 5 14 18 15 30 8 21 16 15 26 2 20 2 21 17 3 15 1 0 19 28 14 6 22 10 3 25 30 18 10
17 12 26 1 20 25 28 25 24 26 1 10 27 29 1 14 12 24 7 27 16 22 27 16 8 27 4 5 7 14 15 2 2 14 7 19 22 2 15 18 2 18
2 21 29 18 11 29 13 4 17 8 9 24 24 3 9 7 18 20 1 0 27 20 21 1 5 17 29 5 20 10 10 27 6 1 20 7 23 1 27 9 10 2
25 24 7 27 7 17 0 9 22 21 18 28 30 11 15 18 24 1 12 27 11 21 2 24 9 17 19 18 18 7 11 0 6 25 6 17 23 3 12 2 14 13
21 23 4 28 29 5 15 2 3 3 24 8 13 2 17 16 14 25 3 22 20 26 20 20 18 3 26 11 27 7 24 16 19 21 1 30 28 3 30 24 9 27
22 3 24 4 21 20 3 5 30 19 16 19 5 5 12 8 20 26 24 3 10 21 12 30 12 8 7 25 24 19 20 1 12 28 18 16 27 16 8 29 29 14
26 22 12 7 27 12 13 9 12 21 4 26 26 10 14 29 15 17 28 7 27 14 4 24 10 6 25 19 22 13 9 21 30 10 22 17 27 19 12 22 4 0
11 16 28 3 21 11 0 9 11 7 25 7 0 30 21 1 16 25 15 27 4 3 6 20 15 0 30 21 0 14 4 8 2 18 19 11 15 27 2 16 27 20
5 13 29 24 14 19 14 6 5 11 20 6 18 8 2 6 3 3 9 21 23 25 14 19 25 12 24 28 21 9 5 12 2 23 10 0 3 19 22 12 28 12
28 0 9 14 6 7 13 17 7 21 6 9 8 17 19 24 20 0 11 22 27 16 2 16 10 26 6 9 2 15 4 29 16 9 0 22 14 13 0 2 2 14
22 13 28 14 19 24 10 16 6 22 10 25 4 20 28 24 22 1 17 30 12 1 26 12 29 25 16 16 21 28 26 3 25 17 11 7 20 3 3 12 12 24
1 14 7 13 5 5 21 3 16 3 7 7 14 19 11 10 19 27 23 23 26 22 26 21 8 30 14 26 11 14 11 29 22 21 14 15 19 4 21 16 3 22
22 22 3 19 24 17 8 15 29 16 28 26 11 1 13 12 29 7 4 14 7 0 23 6 24 13 21 21 0 17 3 29 3 24 3 4 15 19 17 1 11 14
7 28 23 0 24 19 18 11 29 12 2 16 10 19 8 28 1 24 24 2 3 17 9 19 27 14 3 27 19 14 24 7 10 20 18 2 20 6 22 27 26 0
12 13 25 23 23 18 6 17 12 14 27 22 18 0 18 23 10 24 27 2 8 24 9 10 24 9 19 6 12 23 23 30 14 26 15 23 0 15 13 21 6 3
27 24 28 26 30 30 9 30 28 16 27 25 28 9 7 13 9 10 29 23 10 27 8 3 24 19 2 8 15 0 21 30 23 27 24 22 28 1 21 7 30 0
16 29 12 27 0 23 25 16 19 12 2 1 15 4 3 27 12 10 15 22 18 22 17 26 14 2 29 16 25 12 13 16 15 7 15 25 30 8 17 28 14 24
22 24 20 23 10 20 27 5 19 29 11 0 15 7 27 10 6 27 23 1 18 15 8 22 26 25 23 7 30 7 21 6 0 20 4 17 23 25 23 7 13 1
7 2 10 22 20 5 18 24 20 27 19 1 2 5 24 28 4 28 0 6 17 22 20 27 23 22 20 8 18 19 16 14 19 6 1 24 4 17 10 21 1 5
15 28 20 24 21 14 20 27 9 8 21 26 27 29 25 17 26 0 18 17 3 25 21 22 15 6 20 29 20 28 23 16 21 6 14 23 1 13 28 26 0 8
1 0 1 13 26 15 21 0 0 19 25 25 13 10 30 26 13 4 0 8 19 11 2 20 10 15 28 1 15 19 25 15 4 1 19 2 16 19 10 26 2 23
24 10 10 19 30 18 9 5 4 3 10 11 17 13 9 8 10 13 22 27 0 28 22 26 11 27 26 7 27 0 6 23 17 18 5 26 29 2 26 11 20 20
12 24 28 23 16 26 25 6 10 10 4 27 10 21 1 2 0 17 23 23 2 9 19 6 13 30 25 13 27 27 10 0 0 19 2 25 7 13 22 10 14 0
12 9 6 19 7 26 6 23 9 28 29 4 2 1 13 30 1 12 24 7 26 7 9 14 24 17 18 8 4 7 14 8 23 18 5 13 17 2 6 21 25 25
15 5 28 0 7 9 2 2 21 23 4 24 11 11 18 30 3 10 2 5 5 27 19 22 25 18 26 9 15 27 10 24 17 22 0 25 24 18 1 12 20 8
7 2 5 21 16 21 23 19 3 11 21 27 23 24 25 22 2 12 8 28 23 26 8 18 10 9 2 6 30 30 9 29 14 5 5 16 6 10 28 5 24 6
28 5 0 9 15 22 9 19 26 6 14 3 3 5 7 21 8 12 22 4 10 21 7 25 9 16 1 12 9 28 5 15 7 30 29 2 18 14 15 8 13 28
28 7 18 14 0 9 26 23 2 25 0 1 21 19 30 29 17 29 7 10 22 1 21 29 29 2 13 30 18 14 16 1 29 2 21 3 7 16 12 2 8 6
10 2 14 26 26 28 5 15 26 3 4 10 20 10 29 9 17 14 11 7 26 17 0 28 8 7 20 6 9 4 8 24 4 6 7 15 17 28 13 17 6 17
29 25 29 2 9 12 14 9 7 10 29 10 7 28 22 22 6 3 30 24 25 5 20 22 21 26 13 3 30 18 25 2 22 25 18 12 6 17 16 26 3 9
4 23 22 21 17 29 0 10 0 0 22 4 23 15 20 5 2 18 6 6 0 15 6 18 1 14 13 3 8 16 4 23 24 18 18 1 0 25 28 2 7 10
14 8 17 7 26 28 1 24 28 20 29 14 10 12 19 20 0 5 26 9 5 27 12 21 23 26 30 13 2 9 4 29 14 23 10 18 21 25 19 11 0 10
10 8 0 28 21 11 19 12 14 19 28 7 16 13 27 18 3 27 11 9 23 19 29 0 19 12 5 22 17 30 13 25 7 5 1 13 27 21 1 3 21 24
24 2 17 22 9 13 13 29 2 26 14 19 21 17 23 20 22 23 23 19 15 28 23 11 15 9 8 27 19 22 21 26 0 1 15 17 29 15 16 8 28 4
5 1 20 17 12 16 29 2 19 16 10 24 28 11 19 9 30 23 3 21 11 20 15 7 28 8 6 27 13 25 30 25 27 22 5 13 18 9 12 1 16 21
6 23 29 30 8 4 28 3 26 10 7 28 1 29 18 6 8 29 18 12 24 6 22 16 4 21 13 8 1 12 14 20 10 28 8 26 14 5 22 3 12 27
