49 49
18 16 27 15 5 14 23 1 22 8 14 15 24 21 8 13 4 12 14 24 17 28 8 12 27 11 15 21 19 26 17 14 2 15 24 5 18 19 27 1 23 18 27 6 22 2 28 26 10
22 28 6 13 18 25 3 9 23 11 11 24 7 20 1 12 8 22 30 1 22 1 20 17 11 25 20 26 4 11 14 20 3 19 6 8 20 14 11 27 7 17 13 13 6 30 8 12 12
26 13 18 14 14 11 17 11 10 19 23 8 13 26 9 13 20 30 23 11 5 10 18 19 16 12 4 6 20 8 21 1 28 7 30 18 19 17 27 28 26 13 3 30 23 14 2 11 1
18 12 28 14 24 9 4 6 27 4 17 8 20 27 26 15 29 23 1 30 24 22 24 13 1 14 2 13 6 19 24 15 28 2 6 18 29 5 15 14 4 14 18 24 5 19 8 26 9
18 16 21 24 18 11 0 9 14 8 16 10 21 26 14 6 30 7 14 22 16 10 17 21 29 16 29 17 25 4 5 1 26 17 24 12 27 21 22 18 8 5 1 28 8 22 13 13 20
26 13 3 20 20 20 21 6 3 22 25 16 23 5 0 8 15 9 14 13 9 5 5 30 11 21 18 14 17 11 16 18 0 1 27 6 28 21 28 11 16 22 25 13 9 29 14 28 14
21 14 30 24 30 28 21 3 3 10 24 6 5 26 8 18 25 8 4 19 13 24 24 10 17 26 13 8 20 12 15 10 13 0 24 26 5 13 23 20 28 4 13 20 10 11 28 30 17
23 22 2 14 24 24 16 6 14 24 5 19 10 19 25 2 1 18 3 4 6 4 20 25 9 28 9 13 15 1 20 26 20 30 7 21 9 12 19 9 11 10 23 22 25 30 7 11 7
19 27 6 22 8 16 28 7 2 26 30 1 26 26 2 8 4 27 7 24 28 30 17 20 7 16 8 18 4 16 16 4 20 17 11 12 9 19 8 18 28 20 28 11 13 19 19 12 30
27 21 30 2 16 4 0 25 2 24 8 30 27 20 22 28 20 0 25 26 16 22 0 13 3 0 11 17 11 6 30 7 9 8 24 18 7 13 16 17 22 7 5 18 2 29 1 1 22
14 1 14 10 23 23 22 29 5 19 17 24 28 20 14 8 5 25 13 10 28 10 28 5 3 8 20 18 26 24 4 5 4 27 4 3 0 30 28 25 11 6 30 22 30 30 21 4 20
8 24 13 27 21 29 10 6 22 30 18 16 1 3 16 24 16 9 16 21 3 16 10 7 9 5 29 27 2 8 10 9 28 0 20 12 5 25 5 9 12 14 27 25 9 21 1 0 18
11 18 11 28 16 15 20 14 6 19 18 27 7 3 15 23 17 1 17 14 15 26 19 7 16 13 24 17 11 26 29 28 21 22 4 7 9 5 25 10 10 4 9 3 25 30 3 22 4
18 29 10 19 8 26 0 17 19 6 18 6 27 22 12 14 26 21 16 12 9 13 29 3 14 8 4 4 2 4 28 10 1 8 2 13 27 23 14 22 1 1 26 4 5 8 24 0 25
4 1 3 10 7 19 10 6 8 27 26 24 14 17 14 23 8 18 25 14 20 24 30 6 29 30 22 21 8 3 10 26 27 3 18 12 23 13 27 7 26 9 3 1 19 11 29 1 24
24 29 2 3 25 21 15 24 22 27 23 1 22 12 20 9 13 2 10 15 3 21 3 11 18 26 9 18 4 8 27 25 29 18 27 15 14 1 6 0 3 28 8 22 3 17 18 19 7
16 15 0 16 9 27 0 3 1 24 30 24 4 18 6 2 3 11 19 22 26 30 29 3 22 7 3 24 29 21 12 23 15 22 27 0 9 21 29 11 17 27 3 9 11 4 12 13 22
12 23 14 21 24 10 12 10 13 8 24 21 3 8 19 17 1 12 11 30 14 18 9 9 11 22 13 3 12 10 6 8 21 22 15 13 14 5 10 22 26 22 26 3 1 11 23 13 17
1 13 14 27 6 20 26 12 10 17 9 20 9 8 3 11 5 8 27 1 3 29 26 17 21 21 1 18 1 14 26 17 27 18 12 28 12 1 24 27 11 3 30 24 10 24 23 12 14
23 30 29 2 12 18 11 28 15 25 19 5 19 20 7 3 16 14 8 12 11 13 7 28 7 9 22 13 0 17 10 8 0 7 29 15 7 24 26 27 0 7 26 12 21 11 20 28 3
20 19 10 15 19 1 19 12 0 9 12 7 13 9 22 12 12 0 30 0 17 5 9 5 23 5 4 12 23 17 2 24 12 13 15 4 21 1 19 4 27 15 10 26 7 13 26 20 1
15 22 1 13 23 7 1 7 14 28 2 26 15 27 9 28 27 22 3 10 10 12 6 29 29 16 25 1 19 21 21 4 15 9 1 21 20 9 29 9 18 16 17 29 0 2 0 23 12
8 4 9 13 6 16 2 1 22 29 27 8 6 22 0 28 5 23 8 8 11 2 30 3 17 6 23 27 3 16 30 17 10 1 26 10 1 19 26 0 21 8 2 26 20 4 6 16 24
27 19 16 1 25 11 18 17 16 16 16 7 4 2 3 11 8 27 13 17 23 2 11 6 14 17 4 25 22 18 2 17 3 19 20 0 13 13 10 15 16 27 10 18 20 28 27 10 3
5 13 21 16 13 17 6 13 8 18 2 7 29 18 13 30 1 18 2 27 28 20 0 1 30 28 27 16 13 11 22 30 18 14 3 17 1 28 21 18 5 29 10 26 22 15 23 18 13
18 15 25 16 0 10 20 27 29 2 8 13 5 10 25 7 22 30 14 3 3 28 9 13 12 7 8 7 23 20 1 20 6 2 26 18 16 0 18 2 20 24 20 16 25 12 22 18 3
10 21 8 30 22 0 17 0 28 9 29 10 7 14 9 28 18 17 22 27 29 3 27 20 1 19 26 13 3 9 7 7 30 12 7 14 25 10 8 26 3 21 25 13 25 24 10 28 30
30 21 24 4 5 27 22 14 29 23 22 17 4 1 1 12 10 5 27 9 21 9 23 17 24 4 28 6 22 21 16 27 3 29 13 24 30 29 7 7 11 8 16 14 24 21 30 20 4
1 19 29 9 10 24 26 3 13 9 17 24 28 3 22 26 16 16 14 6 6 24 17 14 10 29 11 21 26 18 20 26 10 30 5 10 28 16 11 18 20 0 26 28 14 22 30 7 4
17 22 29 4 5 17 25 5 4 28 24 9 7 29 19 5 20 28 10 25 3 22 12 12 1 24 19 17 16 3 23 10 26 1 0 19 30 13 5 2 8 6 7 19 5 27 10 21 17
0 6 21 14 16 7 7 20 18 6 25 17 1 30 13 27 26 9 15 11 7 16 23 19 27 6 6 29 10 4 3 3 1 12 15 23 4 27 7 14 8 19 3 4 13 18 21 30 17
23 28 12 23 14 15 10 2 8 5 12 4 6 16 10 3 15 19 21 17 21 30 20 14 3 16 2 15 29 8 23 7 6 21 30 20 23 2 20 10 8 24 26 13 25 16 27 19 9
2 1 12 1 21 15 26 26 30 17 4 17 2 1 28 0 24 23 29 2 19 5 29 21 10 27 0 3 6 9 23 4 29 16 7 4 29 28 9 17 0 7 8 19 18 5 16 23 9
8 24 17 1 7 8 7 14 17 9 13 7 14 26 30 28 11 27 12 16 16 27 14 2 19 13 17 24 5 28 20 1 0 15 30 14 23 16 10 20 13 12 13 27 24 10 4 4 7
30 0 18 4 28 21 9 11 21 25 10 12 15 23 25 9 3 11 26 16 29 15 28 0 6 22 7 13 29 30 30 11 10 25 19 7 21 19 7 22 26 25 16 23 17 26 6 17 25
26 16 18 17 15 7 15 21 15 17 8 2 9 27 0 3 18 5 29 7 1 10 20 21 16 21 30 3 16 27 23 13 30 28 11 21 28 5 7 20 14 14 30 20 10 13 23 9 1
15 25 23 9 24 27 25 23 20 18 29 7 22 13 22 17 7 15 20 12 5 0 10 15 23 6 22 8 15 17 7 25 0 1 8 1 27 29 7 19 21 11 23 23 16 21 19 3 18
30 14 13 24 10 19 6 14 25 7 16 26 22 12 10 23 2 10 2 9 17 4 30 24 6 3 22 30 14 1 14 2 27 11 22 17 11 27 24 9 10 1 16 24 2 19 3 16 29
8 30 13 16 11 16 24 15 5 12 13 19 25 18 26 1 15 9 30 3 7 18 12 3 10 3 10 7 25 4 17 15 4 20 11 8 11 29 21 30 6 2 18 15 23 0 4 11 2
1 1 19 17 3 10 25 28 28 12 23 1 19 10 1 9 21 10 0 6 24 20 16 8 12 27 2 10 6 29 11 2 15 15 7 2 27 0 24 19 16 13 0 19 19 9 26 18 27
6 9 16 11 27 23 5 17 16 2 14 0 5 9 15 17 27 7 28 11 15 25 11 17 0 8 13 13 15 6 29 14 19 0 19 1 7 7 13 28 14 7 22 28 26 24 24 1 26
18 24 26 19 19 27 20 19 28 21 3 18 29 24 22 21 7 19 23 1 5 12 0 23 10 3 22 2 9 11 12 2 8 13 19 29 1 3 8 21 2 2 5 29 1 16 21 23 16
22 10 30 8 9 4 6 17 3 25 20 20 9 13 11 19 9 3 29 21 5 16 30 21 13 18 25 5 20 12 0 5 27 26 1 27 2 21 15 0 12 15 1 0 19 6 20 4 8
24 5 27 11 9 12 23 12 22 4 3 6 17 10 1 21 23 4 21 5 1 6 15 8 21 22 18 24 18 26 15 8 13 25 12 3 2 7 11 11 0 19 29 3 30 25 28 9 8
5 5 30 29 1 7 5 8 21 26 26 19 6 13 16 10 24 5 20 23 23 10 11 14 12 9 30 2 0 13 24 6 16 21 27 15 27 13 21 12 24 17 23 28 5 14 22 22 24
20 11 16 25 4 13 3 22 15 0 0 15 14 29 30 22 1 18 18 3 10 21 22 0 7 10 26 6 25 15 3 14 10 20 15 29 3 13 10 10 22 26 19 30 14 28 20 21 9
20 15 14 16 18 17 27 30 23 3 21 26 9 10 2 29 30 19 16 4 6 14 5 4 27 3 16 23 13 27 22 22 23 29 16 30 28 0 11 20 11 6 5 0 28 6 23 19 12
9 24 30 21 20 28 13 25 21 22 22 12 27 18 27 16 13 27 9 0 28 27 14 11 6 23 19 4 22 13 13 4 15 29 8 24 16 16 30 16 0 3 23 21 9 2 20 7 2
20 0 23 2 4 7 8 6 3 25 22 30 0 3 2 24 19 16 12 6 27 12 1 24 9 30 24 29 15 29 12 29 5 15 23 2 3 26 22 26 29 28 15 23 12 30 19 7 14
