51 51
5 22 22 23 8 20 11 30 0 23 10 23 12 5 12 10 2 15 21 6 3 14 12 13 5 29 22 22 20 7 14 17 4 1 8 0 2 17 25 27 26 2 18 25 13 1 1 28 23 7 17
1 18 29 17 28 5 24 0 11 19 10 2 28 7 15 4 29 7 12 6 16 12 7 21 28 22 12 7 25 4 2 28 16 6 16 30 19 25 0 22 0 6 22 20 2 29 24 3 25 5 4
9 19 20 12 16 27 19 3 27 4 19 3 25 21 20 25 17 2 28 19 9 16 11 29 25 16 4 1 18 13 2 9 23 30 29 7 13 9 22 27 30 6 11 23 20 22 25 27 3 21 2
30 7 11 25 13 21 11 2 1 27 1 12 27 18 14 12 6 24 23 12 5 1 24 19 8 15 23 10 4 23 23 27 0 1 14 2 18 21 5 5 23 19 14 8 23 8 28 0 16 10 23
30 5 26 18 13 18 28 27 13 25 13 30 8 28 15 11 0 20 15 29 19 2 9 19 30 30 5 30 26 14 16 15 16 15 0 8 21 2 30 30 5 5 7 3 21 18 0 14 5 9 2
8 29 21 27 24 8 10 8 7 10 8 12 9 7 3 3 29 4 18 27 11 26 23 16 14 4 11 27 10 1 2 7 13 18 20 29 0 15 15 13 1 19 3 29 27 4 28 13 16 8 19
19 20 6 16 4 10 2 2 0 21 7 18 11 19 21 0 15 11 1 19 27 30 8 1 29 14 9 30 5 16 0 24 16 21 16 15 16 2 2 14 11 8 27 10 15 5 9 29 11 14 27
17 6 26 13 10 7 17 13 10 24 16 24 30 13 25 30 11 7 10 8 22 3 3 3 7 27 9 8 15 27 16 21 2 28 5 29 21 17 29 15 28 28 22 24 9 16 27 29 20 30 2
1 2 17 27 11 19 24 19 0 18 13 3 2 6 17 14 8 21 9 30 2 2 2 29 6 2 24 23 24 11 29 5 27 18 18 5 1 2 0 22 30 3 0 28 7 10 21 0 13 6 28
0 6 18 22 0 25 21 5 13 12 15 11 8 25 10 7 19 3 29 8 10 13 3 30 20 29 20 13 12 12 25 1 17 30 6 20 6 3 24 6 18 6 7 23 6 10 8 22 30 20 0
27 2 2 12 29 13 26 27 20 1 24 22 13 5 15 21 2 2 3 21 26 14 16 26 29 28 3 16 16 23 26 21 5 25 1 20 18 1 8 25 16 17 3 4 30 29 26 24 26 9 29
22 17 25 6 9 21 6 14 21 23 20 13 13 8 5 22 1 4 30 12 17 17 30 10 18 12 7 0 20 17 25 4 2 20 18 6 20 10 21 13 25 14 18 14 25 9 0 5 29 21 0
28 19 2 22 18 16 22 22 4 27 9 5 26 25 14 28 16 20 0 5 2 30 11 2 9 4 18 5 7 6 26 1 1 13 3 23 19 27 17 22 20 4 6 4 12 1 8 17 9 5 15
14 30 17 23 14 3 17 12 5 6 8 8 26 6 25 15 30 9 16 14 11 2 21 28 5 5 10 8 2 16 16 6 13 6 28 19 0 1 23 27 14 26 23 9 13 9 6 1 3 23 30
8 19 28 19 22 28 26 5 27 25 5 11 24 15 3 13 1 24 25 27 15 5 14 18 23 18 24 15 17 5 9 29 5 19 10 10 30 26 1 26 4 27 21 30 21 2 16 0 21 3 5
21 9 12 14 12 10 14 23 8 10 18 1 13 3 0 16 9 20 15 8 21 16 29 4 23 29 17 26 18 7 16 16 11 10 17 19 19 26 24 16 15 23 10 5 9 11 7 5 20 0 16
7 10 24 7 29 21 21 21 11 19 30 13 22 7 2 17 10 28 14 28 28 11 20 3 8 3 4 22 24 16 28 11 29 14 29 26 19 2 12 6 19 12 26 22 25 19 20 15 9 2 22
30 11 5 10 29 17 13 9 11 26 8 1 2 19 9 5 21 20 26 20 18 6 9 19 14 17 22 11 10 20 13 20 28 20 0 18 0 7 12 6 21 29 3 13 23 30 5 0 29 5 12
17 30 28 4 1 25 1 23 29 15 6 0 11 9 17 6 2 11 13 24 15 17 1 16 8 11 25 27 27 20 1 15 24 7 15 0 11 21 14 27 15 24 23 16 4 21 19 16 18 11 5
26 25 1 8 1 13 28 29 0 26 14 26 0 15 20 8 11 10 4 14 12 4 14 11 19 0 9 15 20 3 15 18 11 12 9 19 5 20 21 10 23 29 22 6 4 17 6 1 6 21 29
11 17 15 22 19 18 28 25 10 29 21 2 8 16 18 9 11 27 13 26 12 12 8 11 1 26 15 11 7 4 10 11 2 3 10 18 5 19 17 21 17 15 30 16 20 27 21 9 14 13 17
17 11 5 21 7 11 12 28 21 0 27 17 25 26 20 17 21 21 18 10 19 13 4 10 22 0 9 28 19 8 17 1 12 5 17 4 28 20 0 14 4 9 2 0 27 3 20 3 26 1 21
10 28 1 16 3 3 12 27 24 26 14 4 11 14 7 24 17 10 19 11 3 7 25 6 26 25 17 0 28 20 2 7 16 24 16 25 27 16 1 1 25 2 10 5 27 5 19 25 6 21 29
27 12 11 1 11 24 15 11 3 30 13 15 11 21 28 4 1 9 27 18 1 27 26 28 5 28 28 6 26 6 29 3 9 21 3 0 14 22 19 18 17 9 7 29 17 24 1 14 16 30 28
5 2 26 18 5 18 5 9 20 8 24 24 22 6 27 7 2 15 7 15 13 14 2 16 20 8 4 19 13 20 22 15 20 30 19 9 14 10 26 12 28 2 2 17 23 5 18 4 24 25 16
1 13 12 8 23 13 16 19 25 25 5 21 16 18 2 19 3 16 25 12 30 29 23 1 12 29 7 1 6 26 0 10 14 23 12 14 20 16 19 16 0 3 14 0 28 19 0 5 26 17 24
7 29 0 29 19 11 27 14 6 28 8 8 6 21 5 14 6 20 13 26 23 26 9 10 15 3 2 10 3 20 27 3 22 3 26 17 27 29 14 6 1 6 13 11 4 20 29 11 23 20 25
17 17 1 21 18 4 12 26 25 20 28 27 1 2 0 1 19 18 1 14 24 15 21 0 4 24 29 14 14 8 19 18 14 12 30 27 26 12 0 14 26 0 6 18 22 17 21 27 19 7 8
28 5 10 1 30 10 25 4 24 19 19 3 24 24 24 7 7 3 9 21 1 21 4 20 23 14 18 21 20 8 20 29 6 8 22 4 27 21 30 14 13 26 27 2 26 23 9 1 26 14 5
7 15 28 16 17 10 18 7 16 17 1 10 1 22 24 21 23 20 29 21 1 25 17 27 28 24 2 15 26 5 8 9 25 2 30 20 19 9 4 23 9 14 26 30 7 2 30 9 28 18 5
29 11 19 28 8 15 6 5 8 13 3 22 1 29 6 25 21 11 23 22 20 12 15 16 16 20 5 20 8 29 25 29 16 12 2 10 9 17 21 22 1 11 24 18 14 21 18 29 1 26 8
2 6 18 26 21 5 25 9 26 12 17 16 23 8 30 16 4 11 23 29 28 13 10 3 28 2 2 28 0 10 11 28 23 21 16 17 6 13 25 8 16 20 0 6 4 24 14 2 27 27 7
15 22 7 29 28 28 16 20 25 10 28 11 10 10 24 11 4 12 18 15 18 5 7 8 6 29 13 5 16 13 5 19 19 23 16 16 11 15 13 6 9 10 9 13 24 10 6 25 25 6 17
9 2 7 13 11 16 29 18 11 29 28 24 29 7 21 12 23 0 29 20 7 29 29 10 26 0 26 23 3 4 9 9 19 15 1 20 19 13 12 4 18 20 13 27 3 26 9 29 30 20 12
3 24 16 8 17 25 3 1 6 11 29 30 16 4 14 8 19 27 5 21 13 9 30 26 5 0 25 29 22 26 14 20 28 5 15 24 4 26 24 27 9 6 23 26 13 13 24 7 0 1 5
29 21 22 17 30 28 8 13 30 18 16 20 4 26 20 1 14 3 12 21 13 4 27 0 25 20 29 2 24 28 3 17 29 13 28 8 24 17 4 26 2 2 13 28 8 13 11 12 30 25 13
0 17 28 8 21 23 22 24 12 6 29 22 22 6 25 26 19 1 8 22 10 14 15 25 17 1 5 21 26 20 11 29 25 17 28 11 7 16 15 25 28 27 15 0 15 10 20 20 11 14 10
22 21 1 23 16 23 19 7 7 23 10 9 28 3 28 21 21 2 24 15 22 11 17 13 14 29 29 20 26 17 25 15 9 29 22 7 2 9 13 22 21 16 22 22 11 16 28 24 6 1 17
28 1 11 6 5 9 12 10 27 16 28 0 25 3 28 14 29 28 28 15 13 24 3 14 18 6 3 24 1 6 6 16 5 8 16 19 16 30 10 30 12 3 10 15 8 25 16 30 25 12 11
6 5 6 23 13 3 7 13 15 5 26 10 9 24 2 25 29 24 1 16 16 14 15 24 5 11 0 30 15 8 0 20 27 2 6 26 2 11 25 27 21 6 2 26 14 24 4 3 19 1 9
25 5 26 14 2 21 6 24 18 22 2 20 14 9 20 24 17 26 23 20 11 30 16 30 8 9 30 7 22 1 21 5 5 9 5 10 26 11 8 20 9 25 13 0 24 24 10 4 7 11 4
14 2 27 16 12 0 14 13 30 1 14 14 26 8 14 12 6 13 25 8 17 2 2 30 4 9 18 8 16 1 13 28 26 30 24 6 17 15 3 16 11 6 24 18 8 24 7 8 15 2 1
5 8 18 14 24 3 11 10 15 24 20 26 20 7 10 15 26 2 17 14 24 16 12 15 1 17 15 3 21 14 17 3 15 19 30 24 3 25 4 22 22 15 4 22 24 15 23 13 13 10 11
11 28 26 11 12 8 18 21 1 1 3 18 6 22 4 14 30 9 22 23 21 26 17 6 23 17 13 12 7 6 21 18 22 2 3 1 15 29 30 8 21 21 14 29 9 22 7 1 27 9 9
2 10 8 7 27 4 10 16 2 21 26 25 21 24 14 6 1 16 6 18 17 24 25 20 11 24 29 15 13 26 27 5 0 7 26 3 2 1 17 15 4 1 9 15 4 7 1 9 0 24 21
29 10 8 25 1 14 3 15 27 14 0 0 25 11 21 28 5 10 22 12 12 23 14 16 4 2 11 19 3 17 24 15 15 30 19 8 21 21 7 1 5 13 19 29 4 7 20 22 27 14 18
19 25 0 2 6 13 20 30 27 18 23 5 4 20 14 17 18 4 20 18 25 21 16 9 0 28 12 8 7 30 29 26 11 18 20 28 6 22 29 25 13 22 21 2 25 4 20 30 20 28 26
13 23 0 22 5 27 17 17 2 5 10 29 29 16 16 1 22 0 2 30 19 11 16 3 21 29 13 23 0 4 20 1 9 5 21 2 2 11 22 29 0 12 26 19 18 20 2 8 16 13 9
14 8 3 18 5 11 26 11 0 17 6 3 21 2 12 2 5 22 17 10 30 27 11 7 26 7 17 2 1 22 10 14 0 13 12 21 18 2 28 17 26 11 20 29 21 16 2 11 5 20 20
26 14 30 29 16 15 22 18 21 27 10 26 25 19 10 17 22 23 26 16 0 10 14 29 26 6 6 13 7 30 3 1 7 20 11 3 5 27 9 26 22 13 4 22 3 2 26 3 1 14 18
9 19 26 1 18 28 29 15 10 17 16 14 5 8 9 19 15 14 29 5 13 16 5 9 15 25 7 4 16 11 26 3 27 26 7 16 9 0 10 15 4 10 9 20 28 1 26 25 7 13 28
