52 52
18 24 27 16 18 19 13 25 17 0 3 5 8 27 12 14 28 28 24 10 30 2 3 9 21 3 4 25 30 22 25 9 13 30 6 25 21 24 9 20 0 3 19 1 23 22 1 6 8 22 7 26
25 11 13 17 18 3 6 27 30 11 10 15 28 12 9 28 21 1 29 22 9 15 1 23 12 16 17 23 30 10 24 22 4 19 0 30 24 0 23 4 21 19 11 0 26 3 15 21 9 15 24 14
6 11 24 18 30 6 16 24 18 5 13 15 9 13 18 19 18 25 26 14 18 1 19 14 22 29 8 9 0 29 22 18 13 28 2 29 11 1 16 4 21 28 22 9 24 17 3 18 24 8 4 0
9 10 6 25 15 0 14 22 18 12 13 10 23 10 18 16 3 5 18 15 3 5 17 28 16 16 14 1 16 3 29 29 17 18 11 23 3 16 6 30 29 14 7 15 2 7 22 0 8 0 23 17
17 14 3 13 20 1 5 6 16 26 21 15 17 30 13 4 22 1 20 7 26 13 26 4 23 5 11 6 6 10 30 10 17 23 7 20 2 30 10 23 27 4 8 4 4 12 26 0 27 7 18 20
8 24 17 29 25 20 5 7 21 1 15 6 10 19 29 3 7 29 1 29 14 22 30 21 8 26 29 10 5 14 11 18 15 13 17 13 24 10 9 9 12 3 25 26 12 7 16 9 22 5 6 10
22 22 14 21 6 28 8 25 24 9 18 2 10 14 24 14 20 22 7 21 19 20 0 11 23 4 26 23 19 5 8 14 20 27 13 1 7 24 20 16 2 1 12 27 29 1 20 24 26 4 9 27
21 6 14 19 26 15 5 20 26 24 5 5 0 3 11 10 21 5 27 15 23 21 4 27 4 10 14 25 8 24 26 30 19 18 29 4 21 9 1 10 3 29 30 26 13 30 21 30 16 11 20 17
29 0 4 19 25 26 19 19 5 11 15 19 28 28 25 0 2 8 16 1 14 15 15 22 6 30 26 6 8 18 13 24 5 13 5 9 27 12 30 5 26 21 13 19 7 25 9 16 27 17 20 2
6 12 24 0 29 23 15 20 24 21 5 24 21 25 2 27 28 1 17 25 8 18 3 11 16 8 8 4 1 21 10 19 28 8 20 5 14 14 6 7 10 15 30 21 28 4 5 13 27 18 18 19
16 12 0 14 24 10 11 5 17 30 29 19 2 16 4 24 24 8 9 20 4 27 14 16 18 20 15 11 8 26 29 27 26 6 27 15 9 6 19 29 28 13 1 11 25 12 26 12 17 10 27 27
3 18 15 20 14 13 18 12 18 20 9 20 2 11 27 19 26 25 20 25 14 11 27 23 25 19 8 22 2 21 12 13 17 29 21 26 20 11 0 20 4 18 1 22 4 8 24 10 2 1 3 12
27 21 28 22 13 6 28 11 12 22 11 23 24 11 29 10 7 25 4 4 4 3 3 1 9 6 8 17 22 2 21 13 19 9 20 16 30 28 22 26 24 10 9 25 16 4 26 10 8 16 17 21
1 4 25 19 28 25 25 8 13 29 7 22 13 28 19 10 5 4 29 8 26 6 26 18 3 0 16 21 28 23 30 16 6 28 22 6 7 10 29 10 5 6 29 14 21 19 17 16 10 25 10 11
5 4 20 20 0 5 17 23 20 8 23 24 29 27 22 14 28 19 18 10 24 11 28 3 17 20 27 9 13 7 12 19 25 13 12 8 26 18 25 27 13 15 24 23 2 18 23 15 0 2 28 21
16 19 22 1 9 17 10 21 15 1 26 9 20 29 9 26 5 14 8 18 14 1 3 26 25 24 23 17 27 26 4 1 20 28 28 0 9 4 0 2 4 5 21 26 4 10 20 24 24 1 30 14
12 27 2 18 24 9 6 12 19 25 24 18 15 22 0 8 18 12 27 2 29 3 0 17 30 11 25 17 13 25 2 17 20 30 4 22 7 8 21 19 17 29 3 8 23 6 13 26 1 3 10 6
26 27 18 28 0 25 0 18 24 29 8 18 2 29 23 15 6 13 8 23 29 27 20 6 11 8 9 14 17 11 19 17 18 26 1 22 12 29 19 25 5 23 30 3 15 7 9 10 12 20 7 27
6 5 15 1 20 29 11 27 14 8 16 10 17 29 10 18 20 14 18 4 11 17 8 27 5 28 20 21 0 29 30 27 6 8 7 20 17 0 26 7 16 28 12 6 9 25 14 9 7 0 25 19
24 9 8 11 30 16 0 25 20 4 21 13 13 12 10 9 25 23 4 4 26 13 26 8 15 12 25 19 3 15 14 15 2 29 20 28 26 18 0 13 6 10 8 10 29 6 12 16 24 12 25 28
2 26 15 30 23 20 8 4 25 12 19 25 29 26 26 28 0 6 12 9 23 29 16 2 16 28 8 15 22 20 3 17 5 2 13 10 13 28 6 13 1 22 12 18 18 14 25 17 12 25 3 27
18 9 8 3 25 18 16 29 20 11 25 30 1 2 30 24 30 13 16 13 9 8 26 26 24 23 15 19 18 0 27 22 23 29 19 2 24 28 23 26 8 19 19 6 25 15 10 24 16 3 16 11
25 1 15 12 23 5 19 26 30 9 15 24 0 1 25 13 24 15 14 11 9 10 14 3 14 1 19 23 24 25 3 23 24 25 17 15 20 2 19 21 11 13 23 17 5 6 5 11 14 19 25 26
1 23 21 8 22 28 15 21 3 8 23 10 18 23 7 8 16 22 28 9 28 19 27 23 4 27 10 23 28 20 21 27 30 12 17 3 6 20 2 14 26 22 0 14 18 6 5 15 1 20 20 25
0 13 16 25 6 25 1 1 9 26 14 6 28 6 18 1 9 4 30 29 9 8 3 15 15 9 17 0 3 2 9 21 16 15 19 26 18 8 17 13 28 21 9 3 20 10 0 11 5 14 7 12
13 24 5 3 28 10 15 12 0 19 12 24 5 24 25 18 6 21 30 13 8 19 23 27 7 15 14 27 20 22 8 25 16 21 6 13 30 10 0 7 24 8 8 1 21 19 5 3 22 26 29 18
9 24 0 9 1 23 20 21 30 13 16 12 19 13 15 5 3 24 21 30 14 25 11 7 16 6 11 5 24 25 16 14 2 25 14 3 21 13 7 6 28 10 5 24 8 29 8 24 26 24 10 9
6 15 16 1 8 22 2 7 7 29 23 6 14 11 6 5 18 23 28 15 19 20 18 7 30 10 21 8 3 5 19 28 11 9 13 18 24 17 19 7 20 13 27 29 3 25 9 22 4 0 18 2
7 22 0 8 30 8 27 23 1 8 0 3 11 22 25 17 3 15 25 20 17 30 27 0 11 5 23 1 9 10 22 0 29 2 2 0 16 3 5 11 5 15 5 4 18 7 7 7 6 22 5 5
29 28 19 24 25 6 21 12 10 3 29 4 14 4 7 6 9 23 4 18 21 25 26 26 11 4 19 3 10 26 11 19 30 5 24 18 11 15 5 0 24 24 10 18 1 24 27 25 9 22 12 8
11 12 8 17 26 25 0 28 8 5 14 29 17 24 1 23 21 28 3 29 27 23 26 16 28 13 8 20 18 27 6 14 12 2 13 29 22 17 13 16 28 8 29 15 15 14 28 20 13 7 28 26
8 7 1 25 10 8 3 25 16 0 30 21 6 16 16 13 12 13 21 8 11 14 9 2 10 6 29 26 16 22 29 14 17 10 8 9 28 4 24 1 13 17 27 11 15 30 5 14 9 20 6 19
22 4 7 7 25 12 7 14 24 10 16 18 20 5 6 6 24 25 13 17 9 23 3 19 21 28 22 30 17 8 27 5 27 22 22 6 20 30 16 13 26 23 9 14 24 28 27 28 2 1 12 18
10 28 13 20 22 28 5 26 28 9 20 26 3 10 20 1 13 26 28 26 10 0 4 24 21 17 30 12 27 28 27 8 11 16 9 4 30 22 24 18 13 6 13 27 11 7 25 2 5 12 9 12
4 20 26 4 16 17 28 7 24 2 0 21 23 16 10 14 14 8 0 6 25 6 27 20 14 10 6 11 12 2 21 25 15 0 17 28 18 8 30 23 11 3 26 19 13 17 20 5 19 30 25 0
17 4 2 14 21 20 11 29 10 2 1 9 11 15 6 8 14 14 16 30 12 0 14 7 26 3 30 25 25 13 6 17 18 9 28 3 20 14 10 3 5 16 25 15 16 16 6 28 24 16 4 2
11 2 26 19 8 1 10 9 8 11 25 21 3 19 0 3 26 8 21 25 1 30 30 22 1 29 3 25 27 13 12 12 14 18 0 6 27 13 24 6 28 1 7 8 6 27 28 3 6 21 0 3
4 29 3 6 28 12 25 20 30 27 4 25 22 20 16 14 28 6 19 8 16 2 13 10 17 10 9 25 22 30 0 30 24 15 9 1 0 23 28 30 6 10 1 9 6 12 19 6 8 22 19 11
20 13 10 1 2 6 23 25 17 20 3 28 9 28 11 13 9 6 2 18 23 22 2 20 23 13 19 25 30 13 0 1 23 17 30 11 25 11 30 15 5 17 28 18 6 0 2 27 12 8 4 17
17 28 18 13 20 0 10 21 21 15 19 5 24 26 3 27 0 26 8 18 13 26 6 26 2 1 8 2 10 17 11 19 12 18 14 6 21 19 12 30 11 1 14 11 25 0 16 19 30 10 9 14
29 15 29 6 30 14 6 8 25 18 19 8 29 21 7 20 7 30 11 8 10 19 12 21 27 4 4 22 0 1 5 15 11 3 29 2 16 10 1 18 20 6 1 5 10 19 24 22 12 17 20 6
13 28 22 6 5 24 21 12 11 7 1 29 23 22 1 21 23 23 27 28 5 10 16 4 17 21 28 30 6 11 21 8 18 10 14 24 12 12 6 17 13 1 0 4 11 23 22 20 22 28 4 10
7 30 4 9 26 0 1 30 27 14 10 1 2 2 30 23 20 23 26 12 15 6 28 14 27 25 0 3 21 1 23 25 15 12 8 24 19 13 13 1 24 1 20 21 11 29 17 2 27 8 24 30
14 23 18 16 10 29 8 16 22 23 15 24 3 29 17 17 24 5 23 19 8 2 29 20 28 8 13 7 22 17 26 13 16 21 5 6 22 1 22 28 23 25 21 30 22 26 1 29 22 14 15 12
8 17 14 26 29 20 8 16 19 3 27 8 29 29 24 25 25 15 12 15 9 9 18 30 2 30 23 2 13 17 24 12 26 3 25 3 30 0 13 28 27 30 1 17 23 6 28 6 28 25 12 6
28 29 25 26 14 17 30 29 5 5 28 9 20 2 20 12 21 15 16 22 29 12 16 11 12 8 23 1 6 27 17 28 28 14 0 14 13 5 12 10 3 17 26 25 1 9 29 10 24 25 12 29
20 28 0 8 25 29 25 17 6 5 10 1 3 25 9 25 16 5 25 10 14 27 3 16 13 14 18 4 3 13 12 3 4 30 10 10 19 0 9 8 25 6 1 24 10 15 11 14 12 1 4 5
14 2 16 6 29 19 2 21 12 9 28 4 22 17 18 24 2 15 18 2 7 24 6 0 12 23 24 25 11 15 28 1 30 18 2 26 21 21 3 30 7 15 16 0 8 8 14 26 22 9 16 11
19 14 24 16 29 5 17 12 9 24 18 4 15 11 14 1 24 6 29 29 8 23 4 24 17 2 20 15 23 0 28 18 4 20 11 13 16 23 17 26 17 23 18 30 5 24 13 13 2 10 27 7
16 1 5 6 3 10 14 23 24 24 29 29 16 14 11 27 20 22 2 11 29 21 11 1 16 23 25 24 25 7 11 3 9 7 19 28 0 9 19 3 16 4 13 21 3 18 16 10 16 24 4 10
7 3 20 0 17 1 26 27 24 6 8 23 10 27 29 27 0 23 30 4 30 9 27 23 8 20 2 25 18 11 27 19 27 25 27 29 17 23 5 7 13 16 8 0 10 24 2 20 17 22 25 3
30 25 26 2 19 8 11 3 12 17 14 24 18 29 27 6 13 14 11 9 24 27 7 26 8 24 25 15 12 2 5 0 20 0 22 16 13 26 14 18 28 18 8 26 2 3 2 13 17 7 11 7
