53 53
11 24 1 30 22 7 25 29 2 13 11 26 7 29 25 7 28 30 5 16 16 20 12 3 23 1 5 3 19 9 6 30 13 15 21 5 22 6 14 18 17 13 19 6 29 26 28 23 29 13 4 9 7
22 8 25 15 28 26 26 1 13 16 28 19 24 27 23 7 15 27 18 1 6 19 8 28 0 17 26 3 20 9 22 30 21 27 25 1 5 10 27 17 8 15 18 14 25 21 8 20 9 25 2 13 23
24 26 15 6 2 29 15 0 26 24 23 8 17 3 13 28 2 21 30 7 24 28 1 5 24 21 25 12 22 21 28 3 28 30 22 28 23 29 26 21 6 18 3 30 22 21 20 27 4 6 16 4 2
13 16 14 25 8 23 21 12 14 29 20 30 25 15 23 22 9 23 8 3 17 29 15 14 13 4 13 26 10 17 8 30 13 28 6 4 18 21 4 5 25 26 4 8 6 13 21 21 20 11 18 23 21
3 13 4 5 19 3 28 8 13 17 2 13 8 27 15 21 16 25 8 21 24 1 28 30 11 28 2 16 21 16 21 30 7 8 24 20 6 16 13 28 5 23 16 22 0 24 16 14 20 10 23 19 10
14 29 21 5 5 12 5 29 16 3 19 22 1 7 19 25 10 17 22 27 3 26 12 25 3 17 5 9 30 10 13 15 26 24 15 3 23 23 15 14 28 0 29 12 11 28 5 14 5 23 23 15 17
29 7 9 25 5 17 10 9 26 30 15 16 4 9 1 11 0 25 12 30 8 7 27 16 17 23 13 2 9 18 2 15 20 19 26 26 10 15 19 15 25 26 7 22 24 12 20 23 27 4 1 15 12
26 28 20 15 22 28 16 8 22 27 25 12 30 14 19 29 24 13 19 14 21 9 6 4 17 8 29 3 21 16 20 29 8 22 24 18 21 17 23 2 15 20 23 13 24 19 25 22 3 15 8 10 0
27 2 15 27 9 10 26 11 28 1 15 2 6 22 3 1 14 14 6 10 16 28 22 2 26 18 23 25 6 20 6 13 24 13 9 21 0 18 24 22 15 8 21 4 8 28 18 19 17 11 14 28 16
8 13 29 19 22 2 4 18 25 28 17 19 28 25 13 27 4 2 3 4 26 30 19 7 11 19 2 8 13 23 15 25 4 4 23 17 24 24 2 1 8 10 7 23 0 8 14 28 20 10 5 20 11
24 20 4 5 27 10 21 4 8 21 9 25 29 15 12 10 24 30 15 24 26 4 3 2 17 5 25 6 16 24 27 27 14 28 28 19 28 19 23 15 25 22 7 18 23 24 6 1 22 12 13 13 14
1 3 23 23 16 15 18 27 22 7 5 26 1 2 6 4 12 20 25 27 22 11 20 3 12 0 21 1 16 4 20 6 17 28 5 18 24 15 13 21 2 14 3 2 27 16 29 1 21 27 16 13 19
7 5 26 21 2 29 16 13 21 24 17 19 1 24 4 20 16 7 10 4 6 22 5 0 12 14 16 28 29 16 5 8 25 9 17 20 2 17 14 4 6 16 21 26 18 7 15 23 1 2 11 0 10
21 22 20 1 6 29 4 10 22 24 14 5 16 6 29 21 10 29 13 3 1 11 11 26 24 11 25 26 1 13 25 2 16 6 0 18 30 24 24 18 18 5 25 15 0 13 10 21 4 23 27 14 9
8 0 12 3 0 19 16 8 6 12 25 16 11 2 27 30 24 17 24 23 17 1 30 2 19 13 7 7 5 5 21 6 18 1 5 13 21 18 15 20 0 26 30 11 4 2 23 29 20 10 26 30 27
13 10 28 7 10 19 16 30 22 1 21 14 7 3 22 6 25 3 23 2 7 10 26 22 0 13 18 6 24 16 17 13 25 5 30 12 13 2 16 8 21 22 21 7 12 7 19 2 12 2 12 15 29
2 2 12 28 22 8 26 28 28 4 0 8 4 29 19 18 21 5 13 16 7 27 13 11 2 10 30 7 13 13 16 3 1 26 25 26 12 30 11 25 29 4 11 17 18 18 30 4 20 8 25 21 18
16 16 21 2 26 1 25 6 17 27 13 27 8 1 9 23 22 7 30 2 19 11 24 9 8 2 6 30 7 2 6 22 13 9 12 17 5 27 13 6 27 1 9 28 13 19 20 29 12 17 29 19 10
20 5 19 13 2 2 5 29 13 7 3 18 15 19 9 8 27 30 23 9 3 7 5 28 0 18 10 4 11 7 15 2 16 30 18 13 1 22 2 18 17 23 18 28 4 28 23 20 11 20 25 27 5
20 9 3 16 24 6 15 26 14 30 27 6 15 22 3 24 23 19 13 8 6 23 20 8 11 20 20 14 12 6 2 30 0 17 14 10 26 21 20 7 6 3 0 20 2 24 13 10 3 19 28 21 25
14 14 9 6 4 14 17 18 30 19 2 21 28 4 28 21 16 0 28 8 18 25 26 15 2 21 15 5 10 8 0 30 17 5 15 21 10 8 21 29 21 23 2 4 25 23 14 7 17 25 17 3 7
11 13 2 22 13 26 20 18 4 14 20 6 4 18 17 25 29 9 20 19 12 19 12 21 10 9 1 27 11 28 17 0 4 5 16 4 4 15 30 19 23 9 16 21 14 10 18 29 14 0 12 6 18
20 15 11 5 14 17 19 30 26 6 24 9 3 23 28 17 5 27 1 13 3 28 30 2 0 12 11 22 24 25 16 23 7 13 14 0 21 18 4 13 27 9 6 30 12 16 27 15 28 27 20 24 25
28 8 5 5 2 6 3 19 21 13 18 1 23 0 23 23 4 0 23 6 3 11 27 26 17 0 5 2 28 19 4 24 1 30 0 25 1 25 19 7 11 30 2 15 15 26 20 1 27 7 13 7 23
10 5 12 23 4 14 1 22 30 12 25 30 23 10 10 15 21 2 7 23 11 2 12 16 15 17 28 8 10 19 29 20 11 30 23 0 29 17 29 8 10 27 9 12 15 20 18 0 9 5 2 14 26
8 0 21 27 3 3 17 2 29 19 20 23 11 30 12 11 15 11 20 19 8 19 3 10 22 0 1 23 26 27 29 6 19 2 4 23 19 29 25 17 2 15 14 7 17 12 24 23 18 23 29 8 26
21 16 9 13 23 11 21 28 9 0 20 27 10 15 28 23 20 1 22 3 19 16 23 28 21 6 2 19 7 13 3 14 11 30 22 22 28 24 2 14 21 6 21 3 1 17 18 19 9 10 9 14 4
17 8 7 10 28 12 13 15 20 8 16 20 14 14 28 22 4 15 18 23 17 0 23 21 10 28 9 16 0 24 24 13 4 1 3 2 28 11 4 26 12 16 18 13 29 20 0 30 20 3 26 6 10
15 21 3 20 19 11 8 20 0 1 18 24 26 7 30 7 12 6 6 14 29 7 7 0 17 6 30 1 12 9 5 6 4 20 23 22 15 28 29 24 18 23 16 19 22 23 17 7 30 8 13 20 20
13 12 23 12 12 29 30 16 17 30 22 17 4 1 10 27 16 12 16 1 16 5 19 26 21 2 25 18 18 16 19 4 27 9 22 19 21 21 25 11 4 20 9 14 13 1 8 21 28 15 10 3 2
20 30 20 12 5 12 2 10 10 25 22 18 20 0 17 12 17 22 15 29 28 11 18 14 10 22 0 28 7 4 18 10 26 24 14 20 23 12 28 23 25 9 8 14 26 9 23 13 18 23 30 6 10
19 8 11 9 14 16 3 18 9 1 25 24 17 30 21 26 10 0 11 15 14 6 28 12 5 4 7 5 27 29 5 9 6 9 26 24 16 20 1 24 19 19 24 11 16 6 26 7 9 13 22 15 13
27 4 14 18 19 24 2 15 11 19 22 25 17 23 23 18 19 23 30 14 15 6 20 10 22 10 15 23 27 13 2 28 17 16 2 0 2 1 10 6 10 23 3 25 23 26 15 13 26 17 29 0 22
0 6 0 0 18 23 13 6 13 6 2 7 6 21 11 4 8 18 5 7 29 3 11 30 27 10 10 16 19 3 10 20 7 29 23 4 21 16 11 13 27 10 26 12 26 18 2 16 10 8 29 29 18
17 9 18 19 7 18 14 22 15 26 26 4 5 18 14 25 25 18 28 28 7 17 16 7 9 28 21 10 19 16 0 30 27 19 3 10 8 17 6 7 15 24 25 26 1 29 30 9 26 0 24 18 4
17 8 22 25 11 16 17 8 5 15 18 19 10 17 2 15 13 4 6 28 5 1 26 2 20 21 28 15 12 22 13 26 8 14 8 20 17 29 22 28 22 8 28 15 11 28 28 18 22 21 16 24 15
18 11 16 23 16 30 3 2 13 13 22 18 28 17 11 12 18 24 9 7 28 7 6 18 2 26 28 12 28 20 12 0 4 2 3 0 12 8 23 25 22 29 0 18 24 8 0 8 7 5 16 6 30
7 24 15 22 0 9 4 2 8 30 17 4 14 21 16 26 7 14 2 0 25 28 12 10 13 29 6 21 2 7 0 0 22 8 27 29 14 26 7 21 5 24 8 7 16 15 24 23 4 16 1 24 21
8 13 7 30 4 3 21 4 16 14 1 18 29 12 1 24 14 28 1 1 15 29 13 30 25 2 12 14 11 24 24 25 23 19 27 6 3 19 6 30 11 14 28 7 13 11 30 23 11 25 17 6 15
0 5 17 29 9 13 8 15 22 7 14 6 0 11 3 21 23 2 26 14 7 19 8 19 3 0 21 4 22 16 6 21 10 8 5 8 0 11 0 27 29 23 29 21 22 25 27 11 30 13 16 28 5
13 2 16 8 23 1 1 1 14 9 28 19 30 10 23 22 10 17 17 20 21 2 16 20 13 25 7 17 28 6 23 12 9 21 19 20 3 30 11 20 6 29 21 21 6 23 11 17 6 26 8 25 15
12 30 27 27 15 22 10 13 25 29 6 12 12 17 20 3 13 0 14 29 19 24 7 4 14 0 17 25 8 2 23 1 28 1 4 13 22 23 26 8 7 29 30 12 21 22 8 25 12 16 7 14 7
17 8 19 7 12 17 27 2 28 21 18 23 29 17 1 30 29 10 30 12 7 10 28 27 17 13 27 28 16 25 3 14 21 18 22 11 3 17 22 5 8 23 4 16 7 14 16 5 2 6 4 1 1
0 23 13 4 18 22 23 24 12 6 28 3 24 29 28 23 12 17 13 9 3 22 14 1 21 18 4 21 7 0 28 14 20 20 30 0 26 7 14 16 21 12 30 29 10 20 18 21 8 26 0 27 13
11 2 16 12 19 10 25 1 0 6 0 26 7 7 11 6 21 26 26 0 13 12 1 29 12 23 3 13 6 20 28 21 13 19 19 20 15 10 12 6 5 19 17 17 13 25 3 22 3 20 13 19 8
25 3 20 16 20 8 21 14 25 9 8 2 29 11 4 16 26 6 23 21 9 28 12 11 30 21 28 11 19 20 16 1 2 13 0 17 20 5 15 29 1 30 13 17 5 12 15 25 23 18 29 10 3
23 24 1 1 23 25 7 8 16 21 11 9 18 6 30 21 3 12 9 16 28 21 25 25 11 17 27 8 11 25 11 9 25 25 25 2 21 21 19 0 18 7 6 11 18 12 15 3 6 26 20 17 19
13 6 9 4 1 22 1 6 20 17 2 26 8 29 14 13 25 29 12 30 22 27 2 8 21 30 20 18 14 13 0 2 9 3 23 7 13 16 16 11 25 29 5 15 14 28 0 8 0 20 15 4 14
0 18 21 16 16 2 14 9 11 7 24 25 5 0 15 3 29 24 23 23 20 12 18 11 26 24 26 6 4 23 5 8 2 0 8 30 10 14 19 2 4 6 5 21 20 10 6 1 14 6 2 9 13
21 2 3 6 4 17 2 18 3 18 28 25 10 8 19 27 9 8 27 24 22 11 30 21 6 21 7 16 16 8 2 15 16 21 4 26 2 17 30 4 22 13 9 26 15 4 15 3 11 12 21 17 7
2 20 25 20 22 16 15 7 3 3 14 0 20 29 7 3 17 23 29 10 0 2 20 2 21 7 8 10 14 28 5 16 9 13 11 25 27 23 6 0 6 16 25 23 19 24 27 25 29 25 4 18 6
14 25 6 30 16 28 17 22 11 5 25 4 24 16 2 21 27 6 13 11 9 15 19 13 11 8 14 1 18 3 30 2 29 17 7 23 12 19 19 12 1 6 13 3 2 30 12 7 18 6 30 4 14
24 20 0 4 21 27 20 25 2 14 26 29 7 20 11 21 0 21 15 7 29 1 3 1 22 28 12 22 3 30 23 29 9 16 21 19 21 0 17 6 20 1 13 6 13 21 4 1 5 4 15 26 16
