67 67
0 11 7 23 28 4 12 1 2 8 26 27 10 30 26 25 12 13 12 5 30 24 1 4 17 16 14 9 10 0 5 29 7 17 30 30 6 6 1 28 19 18 26 23 14 23 15 15 23 17 0 19 13 6 3 5 28 25 24 4 10 19 23 17 26 3 18
25 12 29 9 8 1 2 4 15 2 26 11 24 8 5 12 22 7 20 22 25 7 16 4 2 26 25 8 11 17 6 9 0 10 18 6 0 11 27 1 21 30 5 15 28 18 29 3 12 0 5 3 15 14 4 25 17 12 2 28 26 7 4 23 23 15 5
22 8 16 20 3 21 22 10 17 5 18 21 23 26 18 4 14 2 1 28 3 1 20 8 12 19 24 1 10 19 10 28 2 9 30 12 19 11 18 28 29 9 27 25 12 21 10 26 25 13 1 27 23 26 26 8 7 15 10 15 22 28 25 7 14 0 26
18 24 27 27 1 5 7 12 23 22 9 30 27 5 16 1 24 26 6 25 23 15 28 5 4 12 20 5 9 0 25 18 9 2 22 21 18 8 10 21 8 30 21 6 22 3 3 11 8 29 5 16 10 2 21 5 27 18 29 22 22 25 2 22 9 20 6
25 21 22 27 5 30 0 8 17 5 23 18 1 12 4 8 8 22 23 15 24 23 4 13 7 9 0 20 2 28 21 7 24 26 1 4 20 0 15 18 29 8 8 18 29 0 5 7 2 7 18 23 23 24 29 25 11 1 2 26 18 1 4 9 30 19 10
28 4 9 3 7 0 9 25 16 29 12 10 28 15 6 21 9 20 18 15 2 7 14 22 28 28 12 7 4 16 19 10 28 6 20 12 7 7 16 4 27 24 15 26 3 12 17 11 21 18 9 20 10 26 6 22 0 4 15 5 3 13 22 7 14 20 5
2 28 15 29 14 17 27 9 7 6 28 5 25 9 17 14 24 6 28 15 11 25 30 5 14 22 20 18 12 2 7 9 3 24 17 9 18 2 10 10 0 17 3 19 11 20 18 5 29 21 17 9 23 1 30 21 8 15 0 30 22 24 5 9 29 4 12
16 19 10 26 21 25 15 11 6 7 14 14 25 19 29 15 24 15 6 18 20 29 19 28 30 4 25 17 3 12 27 16 2 6 16 12 6 25 4 11 25 14 28 3 20 8 5 8 20 5 28 1 1 3 9 23 8 4 26 24 3 11 19 10 7 0 0
4 5 0 8 24 21 11 14 1 7 3 28 21 7 9 21 30 10 27 17 18 17 5 29 28 5 18 10 5 20 5 4 5 19 13 2 9 11 4 5 30 10 6 7 22 30 13 22 30 0 1 24 10 8 2 9 21 20 23 19 19 5 20 4 13 19 3
8 26 15 3 26 1 19 9 6 27 5 10 27 18 12 5 28 22 21 21 19 2 20 8 30 8 26 3 27 5 22 11 12 18 2 17 6 6 25 22 13 24 10 30 25 6 22 20 9 4 3 10 6 16 5 14 30 15 17 28 12 19 18 2 12 3 15
14 6 30 28 8 11 5 21 8 3 6 11 17 4 1 16 15 26 23 11 0 24 28 7 21 29 15 27 0 6 4 2 18 3 27 15 23 2 4 2 25 19 3 28 15 19 30 16 26 11 9 6 25 0 7 4 26 1 3 9 28 5 10 1 21 7 27
15 4 5 13 18 30 12 3 28 4 24 19 17 16 1 2 18 19 10 8 7 29 5 22 5 22 16 21 25 16 21 1 23 25 4 24 5 3 13 8 4 3 26 6 18 29 11 16 22 14 4 10 7 30 2 30 9 30 17 17 5 17 0 28 21 25 2
2 10 9 0 11 14 14 15 23 27 19 23 3 24 14 4 29 18 5 8 3 15 14 23 1 28 25 25 10 1 26 7 11 4 4 17 25 21 6 30 28 14 1 26 9 30 27 28 17 16 5 4 0 20 2 27 17 19 8 20 23 15 18 25 7 13 2
30 5 4 26 3 5 21 6 4 24 1 7 6 14 20 25 1 12 10 0 2 0 27 17 3 4 29 19 10 7 21 6 5 28 5 11 22 25 19 11 9 24 10 30 7 2 24 3 27 14 25 16 6 5 10 20 14 12 14 6 27 25 30 3 21 1 11
16 8 25 23 21 23 29 5 6 15 11 23 2 25 27 12 19 3 11 1 29 16 19 14 27 28 14 21 10 3 20 11 9 21 28 22 3 3 0 13 24 29 9 30 21 4 27 1 8 17 11 17 26 28 21 4 1 8 28 15 2 6 16 3 5 1 29
27 28 2 11 25 24 4 11 10 27 5 24 9 16 19 8 12 15 16 17 2 14 13 24 10 2 14 16 20 0 8 10 13 7 12 26 17 5 16 1 29 7 6 5 21 24 19 7 14 11 5 18 11 30 16 23 22 0 0 2 30 1 22 28 4 20 15
21 28 22 4 10 17 23 18 6 13 15 13 25 20 12 23 14 9 0 17 4 21 29 20 18 24 19 28 5 19 8 5 30 19 10 3 7 4 3 30 27 25 20 29 12 13 13 5 26 19 26 15 1 8 18 22 4 24 8 2 6 16 9 28 17 18 15
4 29 12 4 24 29 15 11 13 28 27 18 12 10 24 17 7 20 26 9 29 5 6 2 28 21 9 27 26 14 18 7 8 29 14 13 21 26 17 27 25 28 25 11 19 23 8 26 26 24 19 29 0 25 19 26 13 22 15 4 26 10 23 7 27 30 5
25 21 22 21 0 0 10 26 3 0 20 13 12 24 15 17 27 2 21 16 15 0 13 7 20 9 19 18 26 21 30 2 26 27 14 11 25 0 18 1 10 29 19 18 7 4 4 29 12 28 1 0 18 25 16 4 18 15 19 18 6 18 7 17 26 16 15
18 0 0 26 8 10 3 28 3 25 14 0 14 8 27 6 29 0 18 6 23 13 7 5 14 15 16 10 30 2 15 30 10 24 17 16 28 4 0 15 26 1 14 15 25 8 3 15 20 0 21 23 20 2 27 17 0 5 5 20 5 8 26 8 27 27 26
26 22 20 20 26 28 2 24 16 24 11 19 13 28 17 10 28 28 18 1 1 0 18 16 24 27 10 8 11 5 0 23 21 6 7 11 9 1 23 0 9 7 5 23 17 22 12 29 2 0 19 14 15 28 19 7 4 11 1 15 30 4 28 25 14 1 26
4 7 16 11 25 8 13 29 5 26 13 12 3 5 23 15 7 25 8 27 30 11 7 26 12 19 5 1 19 15 7 30 26 0 16 26 18 2 7 20 27 24 18 10 30 6 9 6 2 10 28 23 1 6 7 19 26 15 11 20 14 6 17 24 6 22 2
16 10 19 30 10 13 1 30 6 11 28 9 15 30 27 3 22 4 14 1 14 20 11 7 3 11 11 15 17 29 23 10 5 3 29 1 25 7 1 22 22 1 0 5 27 30 8 19 4 28 7 14 20 8 11 17 20 0 27 16 16 16 15 19 18 19 21
7 18 28 8 19 6 24 16 26 23 29 28 15 30 23 21 5 18 25 7 8 5 27 22 0 2 14 26 17 30 18 13 20 4 21 24 18 27 14 4 26 18 9 12 22 21 13 21 11 11 4 18 7 18 13 13 14 5 5 11 28 25 24 12 28 1 30
20 12 2 8 8 8 28 24 13 0 16 20 20 19 21 3 18 12 21 2 11 30 12 26 13 5 5 4 13 28 23 12 9 29 6 14 17 10 22 22 22 5 6 4 27 6 19 27 3 1 10 22 20 4 3 10 0 23 15 3 30 30 13 22 24 6 20
14 14 19 3 17 8 8 21 29 11 5 11 9 26 1 13 5 11 30 21 18 25 4 19 9 27 8 6 28 3 7 11 7 12 0 3 1 26 8 8 20 15 25 18 23 11 1 1 18 8 5 9 26 9 28 23 19 30 19 25 29 6 27 12 23 17 27
23 30 20 18 4 24 21 26 29 17 25 13 9 21 16 27 24 7 3 7 15 30 29 14 8 19 11 23 18 12 26 28 28 24 20 19 20 26 28 26 4 8 11 5 28 4 11 5 15 7 14 24 20 10 23 30 23 24 10 3 11 14 22 1 4 6 13
20 8 3 23 14 8 17 5 20 4 24 20 4 5 24 3 11 21 27 9 20 3 23 23 3 12 14 19 24 4 3 15 15 1 19 21 13 6 17 13 18 18 13 8 21 14 28 22 4 9 13 17 28 19 15 9 4 25 25 25 15 9 15 14 16 30 28
11 5 29 6 1 4 1 28 29 7 11 6 21 21 17 25 16 10 23 5 23 3 3 25 5 18 20 11 23 23 27 5 20 24 11 11 20 23 27 25 3 28 20 14 16 24 22 16 23 20 16 24 6 16 18 11 23 30 8 12 26 23 14 1 16 27 5
29 16 5 0 17 13 19 26 9 23 1 4 23 29 8 22 29 4 12 12 30 29 9 5 26 10 29 6 29 26 15 21 18 5 9 4 16 11 12 9 10 20 7 26 29 24 7 15 13 27 5 6 13 11 22 28 28 28 22 4 2 17 2 2 15 22 22
25 23 21 26 10 26 9 30 3 11 22 22 22 19 12 1 6 11 29 17 14 0 20 30 17 20 10 30 2 23 0 24 1 27 30 15 12 24 0 18 15 30 28 11 11 11 20 24 13 3 27 17 5 11 22 7 11 13 16 16 9 7 13 22 27 4 7
13 1 25 27 10 1 23 28 13 8 20 17 20 28 17 30 21 9 13 10 29 3 19 7 14 11 28 28 6 7 13 24 22 9 17 3 27 21 15 30 24 30 12 15 26 4 18 6 18 25 10 14 0 8 9 16 29 6 10 1 21 28 25 2 29 9 20
12 24 18 11 9 12 20 12 23 9 0 18 0 30 1 1 7 17 0 20 4 19 28 13 17 16 2 4 24 18 27 22 4 27 22 4 4 20 21 19 28 25 2 4 16 10 0 15 7 1 6 28 16 17 2 6 4 1 28 20 8 20 30 7 23 22 4
13 15 2 16 6 11 0 0 8 9 14 0 0 25 17 13 21 27 8 30 9 7 11 11 28 4 3 3 20 17 3 20 13 30 5 20 30 18 4 21 7 21 14 10 30 7 26 1 10 6 8 10 26 3 19 10 19 4 9 14 6 7 11 8 0 26 15
6 28 21 30 29 22 21 8 23 26 16 28 21 25 14 21 18 24 3 8 5 2 7 23 9 3 10 23 11 16 9 15 22 1 13 25 30 25 13 21 18 6 4 11 1 17 20 26 4 26 2 24 13 27 14 28 22 8 3 11 21 14 1 25 11 6 17
24 6 15 26 14 11 26 20 29 5 21 16 2 15 5 5 15 4 25 22 23 20 16 30 22 17 8 12 14 22 0 1 0 9 7 26 19 9 10 13 21 14 17 8 3 16 29 12 9 30 30 12 15 0 26 3 25 16 3 27 24 4 7 14 13 19 27
13 27 2 0 30 0 27 17 11 8 8 7 30 24 24 29 17 8 25 6 22 20 13 23 21 25 6 2 6 7 25 7 18 29 23 25 6 15 6 4 20 15 21 18 14 20 16 19 6 9 12 4 19 26 13 25 19 14 28 19 8 19 11 7 18 24 25
11 30 3 13 21 25 7 12 18 4 19 2 30 19 10 25 19 1 13 12 13 30 7 16 25 15 17 28 12 11 5 1 12 24 26 27 18 5 21 8 7 17 24 14 23 26 28 10 19 15 29 5 25 5 28 25 0 18 20 21 21 26 21 16 6 19 9
24 7 18 26 12 30 9 16 29 8 15 11 29 14 17 8 14 28 23 6 2 20 29 9 0 17 22 24 9 20 25 5 6 7 14 5 5 10 26 25 4 19 25 3 9 10 2 29 10 14 16 15 24 13 13 28 23 3 8 14 16 1 30 4 16 19 16
18 10 18 18 0 27 0 28 17 24 19 24 14 26 18 28 8 28 0 12 19 6 10 19 24 7 27 9 17 13 26 27 22 16 27 23 27 30 1 19 27 16 12 7 10 17 4 18 16 3 7 27 8 20 1 23 23 1 4 3 9 23 22 27 21 28 3
4 17 15 6 11 0 16 18 6 15 26 2 19 25 11 4 23 1 7 28 3 30 9 24 29 15 1 12 21 4 8 15 14 18 0 23 3 13 24 27 8 1 22 24 6 9 7 9 4 22 11 23 18 15 13 19 27 4 7 18 27 19 2 15 28 24 9
21 20 3 9 0 1 19 22 17 16 17 4 24 14 9 27 30 3 30 21 15 7 3 22 6 15 18 0 29 16 7 7 7 23 16 11 30 14 10 18 2 2 10 2 22 22 11 25 9 14 16 29 30 14 9 17 13 1 10 23 14 1 18 27 23 9 11
29 12 4 5 14 24 6 27 29 13 19 29 13 5 22 18 21 0 22 30 21 3 7 23 20 17 5 7 16 11 4 16 19 15 10 28 4 24 17 21 0 6 15 9 20 3 3 8 0 7 23 22 0 22 5 18 6 5 18 27 30 0 24 8 22 23 22
18 2 2 5 25 28 13 2 1 26 11 22 23 24 26 24 22 23 19 23 12 25 12 9 21 24 18 25 29 19 8 9 21 3 24 17 13 11 22 7 11 1 25 27 20 17 8 7 7 15 24 29 16 0 30 8 29 27 18 27 15 6 2 18 13 26 26
17 9 10 14 19 18 13 25 12 11 24 1 16 6 22 28 26 6 12 23 11 0 30 10 28 26 27 11 25 12 11 14 17 17 2 10 28 18 19 24 18 15 1 8 23 8 12 0 22 17 6 22 7 0 10 0 15 26 12 21 28 0 20 30 13 1 15
9 18 12 30 17 20 8 5 14 26 8 7 5 10 15 20 29 13 6 24 3 25 8 21 16 4 10 23 8 29 0 13 13 6 9 15 20 9 13 30 4 6 21 18 13 8 12 1 11 13 16 4 17 17 2 27 6 11 3 19 9 9 16 29 9 2 18
8 29 20 22 19 20 27 6 30 7 11 17 12 24 4 27 13 1 28 23 30 7 10 13 17 19 17 20 24 6 20 27 0 13 19 30 13 28 11 2 27 15 1 29 0 8 14 22 28 21 14 10 17 13 20 13 5 0 6 14 23 15 4 10 28 11 7
0 6 26 15 21 30 8 6 1 23 16 8 4 29 9 10 28 27 7 5 22 0 18 14 14 27 12 12 28 28 2 4 9 23 26 13 28 23 15 14 21 18 24 16 19 5 14 1 26 26 0 12 16 21 21 16 30 5 19 0 6 3 8 5 29 13 27
29 16 8 25 24 17 11 17 17 7 7 17 29 3 27 4 20 24 11 1 11 21 26 28 8 4 18 16 30 30 0 13 10 25 11 24 2 21 19 19 21 30 7 9 18 19 18 11 2 17 13 12 14 4 29 17 26 16 14 27 9 13 20 11 16 1 30
5 20 22 14 20 2 4 19 25 27 22 10 9 12 21 15 9 10 10 9 10 24 15 30 16 29 19 12 16 14 28 3 8 22 26 18 2 16 30 13 0 1 9 3 0 22 11 4 1 1 13 25 11 25 24 9 8 12 6 12 28 10 13 6 1 1 27
8 29 21 29 5 23 13 8 11 5 11 22 13 17 25 1 29 9 22 0 11 17 29 29 24 0 29 19 28 9 23 7 24 17 19 19 20 21 18 2 29 8 3 12 16 10 28 8 28 3 22 9 25 6 0 25 2 11 8 2 17 5 18 6 6 15 22
3 28 7 16 1 15 11 16 14 7 4 19 23 27 24 24 11 17 9 22 0 12 2 14 17 25 5 15 26 10 1 0 26 2 4 20 27 3 18 19 1 28 14 7 30 24 7 30 3 24 8 20 1 22 10 3 30 27 10 21 11 12 9 18 0 14 16
14 10 24 20 3 18 20 21 24 7 18 28 5 17 23 29 13 11 16 16 17 9 5 28 2 8 22 11 2 0 30 22 9 10 15 7 29 29 20 16 29 5 2 12 4 17 19 11 30 25 16 21 28 0 1 13 0 30 29 9 22 13 18 14 2 12 27
11 25 18 18 22 3 4 25 22 12 9 29 21 2 3 10 9 5 30 27 15 30 8 29 8 7 10 27 19 28 11 24 22 11 17 29 23 18 18 9 9 24 28 21 19 20 30 18 26 18 11 20 6 7 2 17 9 19 28 23 11 13 24 12 20 25 25
4 19 8 28 11 17 30 13 7 24 6 27 20 30 27 25 28 28 0 7 9 3 26 28 15 25 22 10 1 4 1 0 13 24 29 16 10 20 18 17 10 0 29 28 7 5 22 16 17 0 1 17 9 13 1 15 2 11 3 18 3 5 26 19 9 10 24
4 22 10 22 26 17 16 26 28 28 22 14 27 2 15 16 15 24 6 1 30 5 0 12 24 20 25 5 27 19 3 25 14 18 17 1 26 7 2 7 3 10 30 25 26 26 24 25 13 25 4 13 23 27 23 4 2 10 0 21 18 3 2 17 3 15 24
2 1 18 17 23 25 10 29 29 13 24 4 6 25 27 12 16 11 30 1 24 10 4 23 16 13 2 29 9 24 19 25 18 24 16 22 20 25 14 5 12 30 17 26 21 27 29 16 11 9 26 8 0 0 17 10 4 22 28 19 2 1 12 2 29 7 5
7 30 5 29 27 26 26 10 1 10 30 6 24 25 6 30 30 14 29 28 9 16 2 11 8 10 0 25 24 0 8 21 28 3 7 24 18 26 17 11 26 20 23 20 8 0 8 12 0 5 6 13 2 3 5 2 0 26 7 26 20 11 14 24 15 25 27
23 6 11 5 23 26 28 11 12 5 24 0 9 3 5 7 16 3 21 27 25 28 15 9 11 13 26 28 12 16 2 26 8 21 28 13 27 22 16 10 6 13 23 10 16 10 5 7 16 4 24 26 9 17 8 24 13 1 19 20 24 16 0 26 29 30 2
4 0 28 27 4 8 21 9 28 2 7 14 9 4 11 5 26 15 20 18 24 29 14 28 23 9 17 4 0 8 5 6 0 1 21 30 6 30 4 1 5 18 30 22 2 9 15 22 21 13 28 19 28 18 11 19 12 13 19 14 18 17 20 25 2 20 16
15 28 21 16 30 0 28 9 28 3 3 22 0 4 6 1 2 8 28 15 16 19 13 19 3 11 5 3 1 12 1 0 2 19 26 8 28 21 14 10 2 0 15 13 25 8 5 16 17 30 16 20 10 29 16 11 7 0 28 25 1 12 25 30 14 22 15
16 15 4 14 6 21 15 19 15 18 2 18 14 23 19 9 9 30 17 6 23 27 20 16 29 11 24 26 21 16 10 25 14 19 3 16 18 14 3 0 14 30 17 1 14 11 16 27 23 6 19 3 6 17 15 20 10 4 16 4 3 26 14 0 13 2 21
10 7 26 24 7 18 18 25 24 11 0 4 16 4 21 26 16 28 12 23 21 4 12 2 15 6 9 21 2 7 9 13 17 0 7 30 23 26 9 27 21 10 6 10 30 28 9 11 22 15 7 5 30 28 9 25 20 26 5 9 18 26 21 20 11 21 13
12 29 10 6 4 4 11 19 24 7 13 16 18 3 18 16 0 30 23 27 9 2 11 17 20 9 30 22 4 12 7 18 3 8 23 12 23 14 8 8 27 4 23 17 29 7 30 15 30 3 23 24 27 24 28 18 25 3 9 1 3 13 24 30 26 20 14
16 1 25 13 15 5 16 29 12 21 23 11 11 29 4 24 15 11 23 30 10 15 9 9 18 15 11 30 6 25 24 17 13 11 17 21 16 18 28 25 29 25 7 14 7 7 14 23 18 22 30 1 9 0 24 8 12 14 23 12 27 27 28 12 22 30 21
30 18 11 3 4 17 25 10 0 30 18 0 17 17 10 14 8 15 11 7 6 14 20 18 3 20 7 27 23 8 1 20 19 3 2 9 30 3 29 27 21 24 9 26 29 13 4 2 19 19 18 8 1 14 27 27 6 23 11 6 1 4 29 25 28 9 20
23 1 0 25 12 7 18 5 16 29 2 24 3 13 17 0 22 0 25 14 17 23 16 24 14 18 23 14 28 24 12 17 29 29 29 27 27 19 9 25 1 18 6 0 25 16 27 5 8 28 0 4 4 28 29 30 15 12 18 13 15 21 12 5 1 30 5
