68 68
24 18 30 0 18 14 22 13 16 21 29 27 17 17 21 3 22 1 23 12 23 14 9 0 8 2 29 17 17 10 16 29 0 25 28 5 7 6 5 29 18 24 19 18 14 23 4 26 12 27 20 17 2 19 21 14 3 14 21 21 4 1 2 16 14 29 5 24
14 4 26 25 17 12 30 29 15 6 25 20 23 10 18 14 20 5 10 11 13 0 6 30 7 18 17 30 19 24 18 19 12 24 3 0 13 9 4 8 30 28 24 2 16 17 25 2 20 18 20 15 14 2 14 3 13 6 26 30 29 16 19 29 12 6 25 25
23 0 2 26 10 29 20 18 2 22 11 29 1 30 21 2 12 23 19 28 29 26 8 5 4 20 13 6 20 12 4 13 4 11 14 17 9 28 6 25 22 29 19 17 25 28 4 29 17 30 14 27 1 14 22 16 13 4 24 19 12 29 9 1 26 24 27 23
0 28 6 24 2 0 16 11 3 30 13 13 25 26 0 21 7 29 16 7 13 15 2 0 19 9 9 4 27 28 1 22 26 6 14 18 24 15 3 26 3 7 3 2 16 0 17 20 25 8 1 12 27 8 21 23 9 27 30 7 9 3 19 29 1 17 30 22
11 28 14 20 19 16 20 21 16 27 10 1 5 17 13 24 4 1 23 21 20 0 27 28 2 4 5 9 26 19 28 8 26 22 26 27 4 25 20 7 3 26 9 3 4 27 22 9 2 1 23 10 23 5 0 24 27 8 0 4 21 24 5 16 4 16 10 23
6 17 23 19 27 13 2 11 7 7 20 30 18 20 13 26 26 23 28 28 23 23 18 13 19 14 25 21 22 0 23 14 12 16 30 14 18 13 24 9 17 30 17 7 14 10 16 8 6 18 3 27 11 16 12 19 11 22 23 2 29 20 20 3 4 25 13 19
9 23 1 21 6 13 19 21 5 19 20 5 29 13 17 12 24 3 29 17 0 12 14 12 10 11 19 23 9 27 18 1 15 6 8 7 13 1 16 6 10 10 4 2 20 21 8 19 2 14 25 8 4 18 10 27 3 15 17 4 11 27 0 14 19 2 20 6
2 20 23 28 28 1 6 27 8 3 12 24 16 18 13 3 29 22 4 0 25 5 14 24 28 10 9 12 9 15 17 23 1 10 19 7 4 12 21 18 10 27 5 12 14 16 25 2 5 5 19 11 17 24 4 27 22 18 13 24 28 0 0 24 14 27 24 26
3 16 14 6 1 18 8 4 15 17 16 4 2 0 4 3 29 20 8 22 0 14 23 22 22 17 13 8 3 14 3 11 4 29 2 17 12 18 17 9 20 20 16 27 9 21 14 21 15 19 16 24 14 5 7 3 7 1 30 1 8 18 21 22 15 26 16 29
21 19 22 12 24 21 13 12 6 22 21 3 24 10 28 4 20 12 18 8 15 15 27 29 5 10 23 29 8 18 3 17 14 3 11 25 4 8 22 13 28 20 19 0 28 25 19 10 13 1 25 11 4 4 19 9 26 20 7 14 3 20 13 1 6 29 21 13
22 21 15 12 30 22 8 7 30 26 11 29 26 2 6 11 13 9 8 4 26 10 9 12 21 30 16 15 30 11 25 29 2 25 6 27 16 30 17 30 20 19 24 7 11 29 30 23 20 21 12 7 8 13 3 27 25 10 17 28 29 12 3 16 18 9 2 3
19 26 5 1 14 14 22 19 0 13 7 20 17 1 24 14 16 29 24 7 4 25 13 21 12 0 3 2 20 0 19 23 8 11 18 25 18 16 13 27 30 27 23 14 14 7 2 0 7 15 7 16 27 20 12 0 24 8 10 14 6 25 13 29 29 5 25 19
9 27 23 22 28 25 1 29 15 3 16 7 23 3 4 0 11 5 27 17 13 9 14 16 10 22 10 1 18 17 8 21 5 4 19 2 17 17 2 28 24 23 9 26 15 28 30 5 2 9 14 28 1 1 17 18 11 16 14 30 28 6 11 5 25 22 23 3
29 16 17 24 22 4 18 27 20 24 8 8 22 4 14 17 27 0 2 11 27 1 24 6 13 26 25 22 0 22 24 13 16 13 18 21 20 23 1 7 2 9 18 3 7 7 2 30 11 1 23 16 2 26 26 9 16 23 16 23 18 8 30 13 19 17 18 22
6 5 28 22 10 11 28 23 4 19 18 17 9 8 20 22 16 5 12 15 23 22 13 30 25 28 24 15 30 17 28 5 21 23 19 27 18 1 29 18 5 3 20 9 30 8 10 29 23 17 22 18 7 13 11 19 24 19 3 7 12 29 5 17 14 11 2 29
9 12 16 2 29 20 14 29 20 4 17 10 15 19 25 11 15 4 4 26 5 7 20 22 14 12 21 23 29 2 29 27 21 14 25 19 3 12 1 3 30 21 17 22 7 3 28 17 30 2 20 5 21 0 27 8 2 19 21 11 13 23 15 16 16 7 19 28
12 6 28 27 9 2 25 0 14 3 28 12 22 8 4 2 24 0 9 20 0 7 11 29 14 19 5 17 16 2 7 1 14 13 15 3 7 9 12 8 1 19 24 2 20 9 5 8 29 9 4 20 14 12 21 26 9 8 19 24 13 21 6 4 19 26 13 18
23 25 9 5 30 26 4 12 5 14 29 8 0 11 3 4 12 3 23 23 14 15 16 26 11 13 24 11 26 24 17 18 25 30 29 7 23 20 28 1 11 27 15 25 5 13 19 16 9 26 10 18 5 21 2 13 5 5 16 2 1 6 25 14 24 5 21 27
11 6 16 30 0 14 23 12 14 20 8 18 5 17 14 10 7 29 14 7 25 17 6 21 11 16 10 14 7 4 23 24 1 16 23 5 17 30 14 6 27 28 13 18 15 25 25 29 18 3 1 29 5 13 29 15 4 2 16 17 19 21 27 13 15 27 9 12
7 30 24 15 1 9 8 12 12 5 1 15 25 8 29 4 15 7 14 9 4 25 11 10 12 23 29 0 5 29 2 23 28 22 15 29 2 28 13 6 17 29 22 9 0 6 28 10 19 1 29 19 16 16 27 16 26 19 27 13 29 13 0 3 15 24 25 8
12 21 27 28 9 29 20 1 29 20 30 26 18 27 15 0 23 7 18 24 7 24 23 6 13 7 19 5 11 12 0 21 5 21 23 7 2 14 25 24 29 10 30 27 24 26 2 17 4 0 7 6 2 1 25 16 12 5 0 7 12 6 16 21 16 21 7 6
7 20 28 16 22 21 25 22 6 13 5 23 24 18 2 15 3 14 25 11 8 19 1 6 13 21 12 21 26 16 15 28 17 21 21 12 2 29 10 6 11 15 9 23 22 8 15 30 23 3 9 15 10 25 14 4 2 7 11 5 14 4 27 24 4 0 28 2
27 14 16 15 6 27 25 28 5 3 10 30 6 8 19 27 11 23 11 1 5 4 21 3 17 16 25 25 16 9 7 28 8 16 0 20 0 12 8 5 30 16 23 30 11 7 21 12 13 12 23 7 26 20 11 27 23 1 3 2 10 27 1 18 12 26 23 5
19 1 6 15 17 5 2 17 6 22 13 22 0 5 21 15 10 30 12 25 22 11 7 7 27 1 10 24 9 6 19 18 29 5 12 13 24 27 16 12 23 9 10 8 6 8 1 3 5 30 19 0 8 28 26 1 12 13 29 24 19 10 18 13 9 30 1 5
11 6 9 2 17 20 28 21 17 0 24 14 1 2 2 0 30 19 25 19 29 20 8 11 18 21 9 8 20 27 21 23 30 6 26 23 7 4 18 9 0 1 16 13 20 27 18 0 0 4 9 1 21 30 26 22 7 16 30 17 12 27 23 11 17 17 29 14
12 17 30 3 25 0 17 13 14 23 7 1 20 21 16 14 22 2 28 8 30 2 16 26 16 9 23 0 20 2 26 5 29 9 2 6 12 27 8 18 19 15 17 18 19 6 19 30 24 9 27 2 23 22 17 21 26 17 9 5 5 21 18 24 22 13 14 30
20 9 24 6 2 2 28 23 19 30 26 12 23 14 3 11 7 28 30 21 5 23 17 9 4 5 6 28 5 21 1 15 21 8 20 5 28 1 26 18 3 27 18 2 23 30 10 17 5 28 30 6 5 11 4 17 1 1 21 27 20 17 4 9 11 19 3 6
2 19 16 2 2 20 29 10 15 26 10 1 25 17 18 14 22 22 7 2 25 28 8 24 13 30 22 25 27 10 15 15 12 19 0 27 9 25 1 3 23 18 15 23 6 18 10 10 16 11 19 22 0 9 13 4 11 21 29 30 10 19 14 19 24 26 26 6
23 13 14 11 25 21 24 14 0 4 17 18 19 24 19 1 7 28 17 23 28 16 6 7 5 11 30 22 9 28 16 10 6 11 4 8 23 15 29 24 15 24 13 23 14 25 6 26 28 30 21 12 30 12 17 30 10 22 6 18 4 21 26 19 21 0 29 2
13 21 30 15 5 20 9 1 29 7 25 25 2 27 29 11 7 25 28 7 16 27 12 8 0 16 23 15 1 2 25 9 25 3 8 0 30 5 28 1 3 24 20 23 8 3 28 28 27 8 28 5 8 24 29 13 18 28 1 5 5 5 12 20 27 30 6 12
27 27 9 25 8 12 21 10 4 30 3 8 4 18 5 21 22 10 13 9 10 9 2 14 2 13 25 20 29 3 20 1 25 14 26 8 19 29 21 15 26 7 10 8 24 5 25 27 1 18 22 19 25 11 11 25 1 9 29 14 1 12 18 6 25 26 18 6
18 13 21 29 0 29 3 19 20 3 22 30 15 19 5 28 19 21 2 14 25 16 14 29 17 7 30 14 9 28 29 4 13 1 15 28 10 23 19 2 20 27 5 21 14 0 7 10 7 9 16 14 19 11 12 8 2 14 28 24 10 17 11 13 3 1 7 26
12 20 26 17 4 8 18 24 1 13 14 14 7 17 28 1 28 7 4 1 12 15 28 8 28 18 9 18 23 21 3 20 19 9 10 4 23 10 21 27 24 2 12 7 16 0 26 15 15 25 23 11 13 1 10 10 22 7 24 0 26 25 15 16 26 24 4 27
7 1 24 17 14 6 29 16 8 15 28 20 2 5 5 14 18 30 4 3 19 7 8 27 17 20 13 4 26 30 16 27 12 18 28 17 13 18 27 24 16 4 9 11 6 25 1 9 25 0 28 23 21 22 26 30 7 17 7 15 6 22 30 3 21 0 4 21
29 21 27 9 0 11 20 25 18 13 24 3 0 24 27 18 5 27 2 0 27 12 8 29 3 6 6 24 27 1 29 22 3 19 7 29 25 12 6 11 7 19 17 24 24 0 7 10 23 9 13 29 20 17 17 28 29 27 10 18 2 3 0 11 4 17 19 28
23 10 30 25 16 16 0 7 29 10 19 24 10 17 3 18 12 27 4 17 8 19 27 4 13 28 11 0 8 1 10 18 20 13 20 25 30 4 20 10 24 7 22 28 21 29 14 28 10 8 17 8 1 10 12 3 24 10 1 28 3 24 11 28 13 29 25 10
20 30 20 17 29 22 7 20 12 13 19 16 26 12 25 27 0 6 9 8 7 0 5 18 5 30 22 12 10 27 21 0 23 4 4 15 16 19 13 13 25 16 29 23 23 0 13 23 26 2 1 24 9 16 14 0 5 7 1 25 23 5 11 23 18 16 4 28
7 17 7 8 27 14 2 27 5 21 8 10 16 14 19 8 18 26 20 16 20 2 5 9 2 23 8 11 18 22 3 17 9 23 28 9 30 6 23 30 20 11 13 27 13 15 24 26 17 0 12 3 13 2 28 24 19 20 17 1 28 22 2 27 10 14 28 3
14 28 9 15 20 0 13 17 6 18 15 7 24 19 25 13 26 13 14 28 18 22 25 26 19 17 17 20 29 24 27 2 9 9 0 9 3 30 22 20 12 26 12 2 10 1 11 19 5 24 11 17 8 9 3 10 11 16 5 21 3 8 29 9 11 14 27 15
4 15 20 25 29 20 15 11 12 19 10 0 18 25 15 12 20 2 27 1 9 17 19 12 21 12 4 14 0 25 28 10 9 21 29 4 22 21 8 27 24 7 0 20 8 26 23 6 10 2 14 21 3 13 3 23 1 24 30 11 28 13 19 22 28 23 10 9
1 13 2 3 1 3 7 21 5 26 13 10 30 25 14 5 23 2 17 9 15 3 8 27 27 17 12 11 10 24 21 12 17 4 14 8 28 1 26 12 1 29 5 8 21 14 22 18 21 29 10 0 4 15 19 29 18 8 5 9 22 13 8 28 20 25 15 26
9 10 27 20 5 5 2 11 5 25 22 5 1 9 21 18 5 14 16 12 11 29 6 1 20 26 2 20 25 23 24 27 2 10 7 26 15 4 27 2 3 19 24 14 20 9 27 11 11 16 19 21 4 25 30 16 15 16 25 1 19 5 15 26 11 17 0 0
8 25 29 17 14 6 8 0 27 9 13 16 16 29 14 21 12 28 29 13 28 29 18 13 23 14 7 23 11 1 27 28 16 13 6 23 24 5 3 11 8 9 17 25 27 7 25 21 8 6 13 27 0 12 30 8 8 8 26 2 11 15 18 17 3 6 15 6
16 8 4 4 13 12 11 13 18 11 18 16 4 1 25 26 29 1 21 9 2 13 2 18 27 1 27 19 5 16 15 29 25 16 9 17 3 15 23 23 21 9 16 16 0 28 10 10 15 8 9 24 7 14 1 0 3 16 10 13 21 5 1 14 13 18 11 22
27 24 15 23 27 24 26 19 19 21 12 22 11 7 20 21 8 22 11 16 6 7 9 20 27 6 30 25 4 11 30 28 29 9 20 14 14 30 26 12 17 20 5 9 24 7 17 28 9 14 25 1 22 12 26 28 30 8 19 2 17 1 4 22 30 9 18 17
10 4 12 5 6 6 19 11 19 7 11 21 4 25 3 13 2 28 1 26 9 10 2 7 22 9 25 11 6 21 0 11 30 3 23 23 25 24 15 25 15 2 17 25 16 22 22 24 11 13 27 17 20 17 25 28 5 30 16 27 20 17 1 9 16 17 24 21
8 10 20 10 22 20 16 3 4 20 19 29 21 27 30 18 27 3 0 29 6 29 1 2 18 8 11 21 27 19 10 27 11 1 6 5 2 7 23 23 11 21 7 2 21 29 30 2 18 27 20 22 7 4 0 16 25 28 2 18 10 14 18 8 22 9 8 18
4 28 18 24 1 27 10 16 14 20 26 17 15 9 13 0 28 25 11 17 27 0 27 18 18 21 21 22 6 4 28 6 5 21 27 20 29 7 16 18 26 11 7 12 2 14 10 2 29 4 0 20 20 16 23 0 21 29 25 8 11 30 0 24 28 3 26 19
1 10 20 21 18 10 6 5 22 24 12 18 1 5 9 4 11 3 15 2 7 21 9 13 0 28 30 28 10 0 12 13 1 14 21 27 16 1 20 1 26 4 17 14 17 23 9 4 0 4 20 6 16 25 21 22 27 25 19 29 10 17 6 3 2 6 29 4
13 22 23 26 1 2 27 3 2 15 28 17 13 7 5 19 16 16 22 17 0 18 10 5 0 6 7 23 17 14 6 3 0 20 13 25 23 5 30 7 11 3 24 11 24 10 6 19 22 3 3 21 26 29 21 1 3 4 19 29 23 24 23 3 8 19 1 7
21 17 13 27 15 8 9 21 4 25 7 19 1 18 20 28 19 29 23 21 23 1 12 21 20 8 27 10 24 17 11 0 25 3 22 20 24 29 23 2 9 21 1 18 11 3 16 11 28 23 9 29 15 17 22 2 8 14 20 0 0 30 5 25 24 28 25 1
11 27 9 21 2 27 25 16 22 5 13 12 20 18 7 6 16 18 18 11 18 3 4 4 9 22 11 2 24 0 25 0 13 5 29 29 30 8 25 26 3 27 9 4 13 8 24 22 3 19 19 4 2 26 11 21 20 4 4 1 9 25 17 24 16 13 23 22
15 22 14 7 9 24 2 0 23 12 15 8 23 8 26 26 26 14 26 16 2 29 2 26 12 18 0 19 20 22 27 24 20 11 22 30 25 20 4 29 17 15 28 30 13 5 13 12 15 29 1 20 14 16 6 6 0 26 18 30 17 11 21 8 9 20 4 20
1 7 21 1 1 9 22 24 9 16 22 10 16 2 9 15 30 2 6 29 26 27 28 0 9 30 13 30 1 11 9 5 22 25 1 21 12 9 11 22 9 14 8 25 26 6 11 19 2 21 5 28 4 23 5 11 17 13 23 15 17 1 20 19 29 23 14 27
13 7 8 16 6 7 8 22 11 11 21 11 0 10 3 5 16 19 9 8 8 5 6 12 19 5 15 30 7 11 13 2 13 15 29 27 11 30 27 15 27 22 9 21 5 4 6 17 8 13 17 9 15 8 14 9 11 6 9 6 6 23 4 20 23 9 13 5
30 9 7 5 0 29 7 12 30 14 7 16 0 11 8 7 4 28 17 6 6 24 29 11 8 8 12 13 14 15 4 30 6 9 9 30 11 26 10 20 14 6 14 10 15 10 12 24 13 22 28 12 6 7 9 18 4 12 9 8 24 1 26 25 16 8 11 28
25 2 18 1 2 14 23 2 16 6 27 9 6 10 11 10 26 25 29 6 9 24 24 23 25 15 2 27 10 9 0 24 2 13 12 29 3 0 6 24 30 16 5 10 19 20 1 14 19 9 24 7 24 21 4 21 17 23 17 1 16 20 22 2 26 21 1 25
19 27 9 20 8 24 5 6 24 27 7 6 10 6 3 4 10 30 20 21 23 17 10 29 22 28 28 26 24 23 14 8 11 19 13 18 25 29 20 13 20 20 24 16 4 22 28 24 4 8 10 18 25 29 10 9 13 16 4 24 1 20 9 20 9 12 23 24
14 25 10 12 19 21 21 7 29 29 18 21 19 6 12 20 30 7 10 5 1 11 2 5 12 16 8 0 22 26 29 13 2 8 10 21 17 16 23 5 2 5 21 6 1 21 18 24 12 20 22 14 28 14 28 24 5 5 16 2 21 26 10 0 9 0 15 1
27 25 14 19 3 1 29 28 21 9 15 7 7 30 12 29 14 9 10 5 20 16 0 30 27 14 10 26 11 9 20 29 7 0 13 26 4 2 15 10 11 10 24 26 4 7 12 5 28 14 25 26 5 11 14 28 20 9 14 10 27 8 30 9 11 5 4 22
13 21 18 4 24 1 13 26 16 18 26 5 5 17 25 3 17 6 16 9 12 13 21 26 22 20 15 19 6 26 16 21 0 23 20 13 14 0 8 3 7 7 13 30 17 6 19 10 2 5 20 11 0 5 9 10 7 19 3 18 20 5 23 12 10 22 2 24
29 25 16 26 0 18 0 17 23 18 0 10 17 9 1 4 12 24 0 3 17 4 5 25 1 9 7 25 8 2 22 18 20 25 13 13 11 30 13 0 19 29 19 8 19 24 14 9 29 8 0 8 23 15 1 14 15 3 19 21 6 26 5 16 30 6 23 10
18 24 10 16 23 19 15 24 6 3 13 30 12 8 3 14 27 24 2 9 0 17 10 6 11 8 18 2 1 10 21 16 11 7 24 22 25 18 18 3 0 5 15 29 7 25 29 27 16 7 18 28 10 19 19 23 8 25 28 25 18 29 3 13 5 14 27 11
1 26 20 19 0 0 30 8 17 19 27 10 21 15 21 25 5 21 7 21 5 3 22 28 30 7 5 12 25 16 3 16 2 1 27 10 13 28 1 15 13 20 20 6 30 8 28 21 18 23 6 4 6 13 19 3 3 17 1 13 10 10 15 26 24 16 4 2
17 10 0 1 21 19 21 3 23 6 26 1 25 5 17 20 7 29 20 19 11 16 0 19 28 6 15 19 10 12 12 4 10 12 14 13 29 24 22 20 2 10 26 11 8 17 10 13 19 30 30 13 12 15 29 15 17 24 30 15 21 30 26 30 16 4 18 4
16 28 12 17 30 27 26 9 21 19 24 27 20 2 29 28 17 25 24 15 18 22 4 10 4 10 9 7 12 10 10 23 25 25 6 10 23 19 11 23 10 15 8 26 12 3 0 7 11 20 28 3 23 6 30 22 10 15 22 16 3 12 25 28 17 4 23 3
24 14 11 3 22 6 29 22 16 0 5 8 24 29 9 27 10 3 7 20 14 12 21 18 20 22 4 14 0 24 20 5 24 17 11 29 28 11 2 28 3 27 5 29 8 2 23 17 4 20 24 9 23 17 20 3 27 2 9 24 18 7 12 9 24 4 13 27
9 5 23 7 16 1 20 0 0 24 30 8 18 26 1 17 6 2 17 18 25 29 6 0 11 14 20 10 14 28 24 25 26 17 20 1 18 23 20 24 28 21 22 11 25 9 14 1 4 3 5 5 3 5 20 19 8 28 3 14 5 9 13 23 19 30 11 16
