69 69
14 27 26 6 22 16 6 0 28 12 28 25 24 8 17 4 13 25 21 30 28 7 24 16 8 27 28 8 30 20 5 1 8 8 23 18 22 1 13 25 18 20 4 11 25 30 26 14 15 15 4 29 12 13 1 30 6 0 15 8 23 11 20 30 11 6 11 5 26
10 7 19 30 27 21 6 4 25 22 24 17 10 9 26 21 24 28 21 16 23 9 9 6 2 0 27 18 24 0 11 24 19 22 0 0 25 3 29 19 25 30 2 25 27 13 30 14 6 17 1 23 11 10 14 11 2 8 1 9 19 23 24 3 0 11 21 19 15
4 6 23 13 16 29 4 19 27 1 29 29 15 8 22 6 3 26 11 10 14 13 28 22 29 11 16 8 1 12 23 15 8 21 2 10 1 27 19 29 18 22 27 20 17 30 4 11 22 29 4 9 16 24 29 3 18 2 7 19 5 10 3 25 9 1 18 4 18
22 11 2 8 4 16 16 0 5 29 1 22 25 6 26 27 10 28 4 24 22 22 7 12 26 25 22 15 0 23 15 20 3 11 21 9 18 27 9 28 18 24 22 18 8 4 19 26 9 9 4 26 12 22 19 9 15 4 0 6 3 25 3 2 1 23 25 1 2
24 2 9 7 30 6 29 30 13 10 7 26 25 5 14 13 11 0 10 19 22 22 8 12 30 18 20 29 11 16 24 9 20 27 24 9 7 7 1 20 24 0 11 24 20 13 18 3 25 23 17 0 22 30 10 10 26 13 13 3 7 16 23 4 0 25 20 18 4
11 24 23 21 0 12 0 6 8 21 5 21 15 14 27 14 22 25 28 12 28 18 2 2 14 15 19 4 24 29 12 24 12 7 3 10 29 26 26 1 16 25 14 28 22 5 25 4 11 6 9 23 27 27 1 12 4 2 3 11 5 19 12 3 10 18 30 25 10
27 8 17 25 29 3 10 25 26 14 19 21 19 26 26 27 16 6 30 19 28 23 10 23 7 23 25 13 1 3 12 29 18 26 19 14 0 14 28 18 5 10 8 4 6 23 21 2 27 30 7 27 17 1 11 21 28 19 6 16 16 24 23 20 27 2 29 0 8
1 20 24 8 30 30 7 19 25 18 23 23 8 15 18 12 27 3 16 0 13 29 24 5 12 15 29 13 21 20 20 10 4 23 12 7 22 20 30 16 22 3 30 10 5 6 26 12 15 27 16 19 18 6 28 9 3 16 30 18 12 29 4 1 20 3 9 10 15
12 8 30 9 8 11 28 15 28 5 21 12 27 25 20 17 17 21 12 9 22 11 28 4 25 6 29 9 5 26 25 3 7 14 9 16 24 17 22 0 17 24 10 10 25 6 21 12 15 17 18 6 4 25 0 11 22 19 11 13 11 22 12 3 16 7 12 5 5
14 29 18 5 16 11 8 3 6 9 11 22 5 25 3 1 0 0 23 5 3 20 23 2 21 14 11 27 29 21 1 24 18 8 6 9 27 9 29 26 16 19 13 19 21 18 20 17 6 25 27 28 14 14 28 15 30 24 0 13 17 15 15 20 0 20 13 26 17
8 23 16 19 3 18 6 14 9 21 20 15 16 28 2 27 14 9 1 1 19 28 1 0 26 17 19 28 21 2 18 20 4 1 20 22 13 9 16 28 7 7 26 16 14 25 9 27 13 1 19 11 0 24 3 15 28 19 27 6 22 14 1 10 8 24 0 13 22
8 25 21 20 22 26 18 25 9 27 24 29 23 0 24 24 28 18 12 21 2 18 7 2 2 7 11 3 17 6 25 23 5 20 17 16 14 5 22 7 26 17 11 18 16 7 4 21 7 6 24 13 1 0 14 22 0 5 3 8 13 13 17 12 8 18 11 4 18
4 7 15 9 11 1 20 12 13 16 17 30 21 17 29 30 23 30 29 15 24 28 1 1 7 18 13 0 8 29 10 21 27 25 26 5 20 0 22 4 6 9 6 2 23 19 1 23 5 1 17 2 11 25 23 18 15 24 12 16 26 9 17 1 10 6 27 22 9
18 15 17 3 7 5 18 6 18 3 9 20 10 5 16 17 28 19 19 11 3 1 7 22 27 16 14 14 14 13 15 20 30 16 2 20 16 24 4 13 22 1 15 15 24 29 7 20 15 0 6 28 30 10 11 16 2 28 3 11 1 22 22 17 12 19 12 21 11
22 24 2 25 7 22 16 0 30 16 2 19 10 19 29 21 3 7 26 10 14 28 20 15 10 18 21 1 10 22 22 5 17 12 10 3 20 0 12 9 5 22 4 3 19 12 10 14 29 17 1 15 16 24 22 11 11 20 21 4 6 14 18 20 28 0 22 6 0
15 6 0 24 19 29 16 24 11 29 16 18 7 12 4 6 30 9 6 10 24 21 6 20 2 9 7 15 1 5 5 22 19 6 25 3 4 24 7 15 27 15 4 9 6 5 18 21 21 7 4 29 28 18 0 10 1 3 17 4 0 22 12 23 1 13 26 14 29
27 14 10 7 4 30 16 19 30 29 19 19 11 12 4 24 3 1 0 27 22 9 9 11 22 7 21 28 22 15 6 3 27 20 12 6 26 21 15 25 19 10 2 8 29 16 14 2 11 3 30 18 27 17 2 7 0 30 5 25 10 28 3 23 20 20 29 15 18
22 21 7 27 26 0 26 22 5 20 23 13 20 8 6 23 16 16 0 21 13 5 19 14 17 17 3 16 22 7 27 12 19 1 4 15 15 12 29 20 21 22 28 17 12 19 27 0 15 22 18 28 16 8 25 18 4 0 4 6 28 8 11 13 7 29 2 28 10
22 27 19 29 15 21 17 24 21 3 28 1 14 10 10 16 22 18 24 29 9 10 5 1 2 1 29 8 12 4 29 7 8 30 21 10 2 19 7 11 5 28 11 11 14 6 10 23 0 8 12 24 25 24 22 30 6 4 6 13 6 17 6 19 27 15 20 21 2
23 17 25 26 3 22 14 6 13 6 10 12 22 9 12 17 6 5 3 19 28 2 27 28 1 11 22 5 23 27 23 23 1 18 3 30 18 22 6 5 26 8 11 19 12 18 25 22 12 15 6 28 2 19 15 11 14 26 18 3 7 26 17 0 17 13 24 24 3
19 8 25 12 3 12 12 27 18 23 17 15 23 29 13 4 0 2 27 17 20 25 12 0 15 30 1 14 17 19 30 16 2 29 17 19 18 14 13 30 5 23 25 20 24 23 30 5 17 16 8 21 14 15 8 4 14 30 18 10 30 0 20 9 10 9 23 29 23
4 18 19 20 12 30 21 22 1 17 9 30 5 6 19 5 2 9 3 10 3 3 30 9 13 9 23 14 26 24 15 23 22 1 15 5 20 22 7 26 17 17 23 18 29 1 0 29 19 19 20 21 2 1 7 12 15 29 4 17 12 23 13 9 14 10 22 11 23
30 19 28 10 28 16 5 21 6 1 6 29 20 25 26 10 5 18 20 9 11 7 20 2 2 20 18 30 24 6 23 11 2 17 29 21 3 18 2 24 16 23 26 27 1 26 13 0 1 13 15 9 8 24 1 21 20 2 13 18 27 25 11 11 17 9 2 11 26
9 2 1 12 24 21 8 22 4 1 28 15 15 8 21 13 4 17 1 16 12 26 14 20 11 2 4 17 17 2 12 27 12 25 19 14 23 3 8 7 21 1 15 25 8 13 13 14 13 13 11 5 30 11 27 0 4 30 16 18 16 11 11 16 4 7 23 8 21
19 26 23 8 20 4 17 1 6 29 1 16 22 0 30 7 14 14 7 7 27 23 13 8 4 23 19 23 19 22 3 11 5 13 16 28 0 16 8 22 6 15 15 8 15 13 1 2 24 7 25 27 25 17 0 28 23 7 14 19 12 30 7 18 0 19 25 20 26
23 22 13 13 10 14 3 26 7 20 4 11 18 6 0 18 4 29 29 29 18 28 16 9 21 26 16 4 1 9 11 20 8 25 25 24 18 8 23 22 30 5 8 26 8 2 23 13 6 13 6 20 29 27 23 5 0 19 29 4 12 23 24 21 21 22 13 23 2
17 23 29 8 3 30 28 8 30 11 25 10 8 24 6 25 29 1 3 5 26 1 10 2 17 0 14 21 23 3 19 10 30 24 8 9 8 0 30 20 6 8 27 12 17 13 19 9 27 11 10 10 4 27 28 30 28 5 0 19 2 4 14 3 24 13 10 3 2
0 22 6 14 9 0 17 14 8 21 18 14 11 0 5 27 2 24 15 27 13 21 25 23 2 17 16 22 11 27 16 26 3 14 18 3 1 8 24 24 3 18 0 3 4 25 4 27 6 26 27 7 4 16 15 17 5 24 15 5 16 5 25 25 3 28 22 25 29
27 28 23 29 1 1 3 8 5 12 8 27 16 25 26 18 12 17 12 24 30 30 25 26 19 5 3 12 12 15 14 24 12 16 22 22 14 29 5 5 28 1 14 6 6 0 23 7 17 24 13 26 12 10 29 9 22 22 0 26 11 3 30 21 9 4 25 19 10
12 3 0 27 13 5 21 4 10 13 6 11 0 5 11 23 16 9 27 10 18 25 2 4 19 13 29 6 12 13 15 10 19 3 3 13 16 28 4 24 10 25 6 28 10 4 25 11 0 1 14 2 23 21 2 18 4 17 26 22 0 13 27 27 8 22 27 20 17
5 30 27 19 9 15 2 22 1 30 12 10 26 20 3 19 26 2 24 27 24 5 0 4 17 12 13 27 26 3 25 12 8 29 14 7 3 12 22 10 2 2 10 10 28 24 12 11 20 4 17 5 15 19 26 25 24 27 21 18 12 18 21 4 18 17 13 27 14
14 6 21 8 19 13 23 10 3 20 3 29 14 5 19 0 15 1 9 10 30 10 22 4 19 26 9 16 30 30 24 24 1 28 14 2 5 13 2 26 12 4 16 12 21 5 17 22 9 22 10 29 5 11 18 16 10 24 2 10 26 17 27 5 26 20 5 21 11
17 0 8 12 30 13 3 16 13 30 21 21 25 26 25 13 3 25 14 6 15 19 9 5 29 5 21 14 14 18 0 1 24 20 6 3 27 0 0 22 6 7 16 16 20 5 13 21 7 3 12 24 17 29 9 5 19 28 4 26 2 21 18 13 0 10 21 24 23
2 12 11 23 3 3 20 18 0 22 11 13 20 27 4 21 20 11 11 30 9 3 0 1 19 21 5 19 15 10 1 17 20 27 19 8 19 7 27 27 27 21 25 13 20 27 7 26 16 14 24 6 8 26 18 20 17 28 4 3 22 23 19 0 18 21 25 11 20
3 10 7 16 18 21 25 0 2 9 26 22 18 2 18 21 3 10 17 29 28 27 22 17 30 29 24 13 11 1 8 15 27 23 29 21 15 12 30 18 7 5 8 16 8 12 11 23 0 20 25 27 14 14 2 0 15 22 9 7 9 24 25 11 23 19 20 16 5
13 4 27 4 22 10 12 10 25 28 24 30 22 18 11 10 3 5 14 19 2 23 29 19 3 3 21 23 25 13 9 0 20 6 6 29 3 21 23 26 5 13 18 16 28 11 19 2 11 10 26 23 13 7 26 13 27 10 7 30 20 14 17 24 10 9 20 28 27
1 10 20 22 6 27 6 1 27 4 3 29 20 30 22 20 10 23 16 30 13 15 13 10 9 7 24 28 18 8 14 12 2 16 8 0 18 16 28 14 10 3 24 2 23 24 3 16 30 0 17 0 28 29 20 4 6 9 22 13 10 12 5 22 3 19 3 26 14
29 29 4 23 21 1 23 24 28 18 22 5 4 19 26 26 0 23 29 12 16 24 24 27 22 20 29 2 6 1 5 21 5 29 28 9 11 11 4 6 15 4 30 3 18 9 2 22 14 25 18 25 29 5 26 4 30 27 15 0 7 19 11 18 14 18 26 7 4
24 11 24 14 10 4 29 0 19 12 17 22 22 3 27 15 7 25 24 4 5 5 25 12 29 15 25 10 23 21 5 8 0 23 13 30 30 24 9 23 17 6 21 1 29 16 19 15 16 9 9 23 21 13 23 4 3 15 28 14 1 9 6 27 13 14 5 4 4
2 16 2 6 30 18 7 24 28 18 12 6 11 12 3 4 1 27 26 5 28 27 27 19 18 6 29 26 10 18 3 25 0 20 17 8 20 30 15 5 0 25 6 30 3 24 5 0 8 15 11 9 27 11 17 1 13 9 6 13 3 4 8 17 30 15 27 2 6
13 0 24 7 8 4 11 6 27 3 9 23 26 4 0 22 30 30 15 27 17 0 8 27 25 26 23 0 20 0 12 24 1 3 14 7 17 21 1 14 8 22 4 1 8 28 26 6 30 9 19 27 4 0 26 0 30 15 20 23 16 12 27 11 7 21 1 10 16
19 22 15 28 15 14 23 30 14 22 25 12 12 21 3 28 30 29 11 3 12 15 13 7 8 26 29 5 13 0 28 26 24 10 2 26 20 24 1 30 27 22 9 1 14 25 18 19 15 19 19 4 20 26 26 28 29 0 14 7 11 18 14 13 28 2 23 15 28
23 9 6 22 12 25 28 30 28 5 11 19 20 15 0 6 3 29 6 22 8 17 12 1 15 9 6 21 6 10 8 23 5 15 24 10 24 3 21 22 10 17 17 30 4 9 22 22 1 24 14 6 18 3 3 21 25 23 19 10 16 23 6 1 28 30 0 28 29
0 25 18 26 1 20 28 15 20 22 2 7 4 7 7 3 19 30 11 22 13 28 10 0 4 1 29 19 24 25 6 6 10 24 20 29 19 4 14 18 23 7 9 2 5 14 19 3 29 1 2 19 30 10 24 14 7 30 3 6 12 28 30 24 2 20 22 22 16
3 5 4 28 22 17 22 18 5 1 4 1 15 20 14 2 2 10 24 10 12 25 16 8 12 5 4 16 9 2 23 14 8 19 6 26 0 8 9 7 10 29 8 26 26 28 28 27 25 7 1 17 13 25 24 9 30 2 12 14 24 17 24 16 13 28 12 24 7
17 21 4 22 18 13 18 0 12 14 21 2 6 9 10 9 14 14 7 28 29 4 1 6 6 25 21 27 24 24 23 21 21 12 14 0 12 7 6 12 4 6 23 21 18 17 29 27 8 13 15 24 18 17 27 16 14 23 18 21 28 0 4 7 27 1 19 19 27
17 1 1 29 6 20 10 20 28 16 11 10 4 3 27 21 12 26 9 26 12 3 23 0 29 17 5 1 21 9 10 23 26 20 7 12 26 30 27 15 5 21 2 18 1 11 3 11 20 24 12 22 2 27 27 29 15 8 18 27 19 7 28 20 8 8 30 16 30
26 26 23 17 3 21 11 18 16 4 27 4 10 1 21 28 15 9 28 25 14 26 16 29 20 30 30 28 20 25 27 0 3 20 10 4 28 3 15 4 0 21 13 0 2 12 6 9 19 1 30 0 7 22 20 17 10 23 29 12 1 28 19 5 4 5 9 16 21
16 0 30 1 27 29 29 14 20 20 26 20 4 21 29 20 25 18 11 2 8 19 9 21 25 9 28 28 5 3 23 9 4 30 1 10 4 3 29 11 13 26 19 10 5 18 7 12 19 20 9 0 16 0 4 0 16 10 26 9 16 23 12 17 0 13 19 1 23
6 1 19 28 4 7 21 9 5 6 19 28 11 21 24 11 18 17 30 21 26 29 3 10 7 7 22 20 6 30 17 0 14 5 28 15 29 13 12 7 26 22 7 12 24 14 20 10 12 7 29 16 7 26 9 1 6 18 12 18 2 13 16 22 4 26 13 13 11
17 0 15 2 13 1 12 16 21 10 20 25 0 12 10 20 12 10 10 17 29 15 7 6 1 3 8 30 21 3 12 8 4 30 11 19 9 4 30 7 28 9 27 24 14 17 10 12 10 7 27 7 30 12 12 17 6 17 7 28 12 17 28 22 16 16 29 2 20
4 18 18 9 14 11 21 26 0 17 29 20 20 8 28 22 15 5 9 11 24 18 14 8 13 17 7 10 4 1 10 9 6 12 25 4 28 8 0 4 13 8 11 23 3 6 25 8 27 12 7 1 12 14 11 14 27 19 14 19 2 27 5 19 4 15 3 16 21
9 25 14 5 5 7 10 12 28 23 30 3 2 25 12 16 16 5 27 7 24 5 23 18 30 14 29 22 19 4 28 4 11 19 24 26 9 3 8 8 12 21 7 23 4 7 14 21 18 20 19 18 3 5 16 27 4 18 14 10 15 19 30 17 25 11 7 12 9
12 19 25 4 1 15 28 28 8 15 6 8 30 7 22 0 10 6 30 30 24 17 23 3 22 0 6 0 24 13 13 3 8 3 0 7 10 16 19 26 3 27 22 14 3 6 15 9 5 21 20 20 2 30 26 30 7 27 9 26 15 6 13 13 2 8 16 17 24
27 12 8 26 27 23 8 15 15 2 27 24 18 8 14 28 12 17 2 10 29 21 27 15 28 15 19 26 20 4 19 15 29 13 8 14 20 3 12 15 8 11 14 20 29 15 2 20 28 17 30 18 27 11 3 7 13 6 19 18 6 27 18 4 4 12 19 0 16
13 13 29 0 13 29 30 9 16 30 6 24 15 21 26 9 14 21 19 28 0 22 10 23 19 4 4 15 18 6 11 19 18 26 4 17 21 15 3 21 18 7 8 28 21 29 7 4 1 21 7 17 17 21 9 23 22 11 25 20 23 12 13 21 12 14 18 23 8
2 10 12 3 23 3 29 4 10 18 16 26 18 8 5 0 14 14 20 4 20 10 16 1 19 23 27 15 15 8 19 19 21 3 5 2 13 19 6 18 28 26 20 22 12 7 9 29 21 8 17 3 13 17 29 6 19 10 21 30 21 1 5 24 16 16 4 25 19
14 20 7 19 11 17 29 14 18 3 12 7 20 29 11 25 19 3 12 29 27 10 9 15 0 5 1 5 10 15 16 19 19 16 6 11 0 29 13 30 4 9 17 10 25 2 22 27 21 15 19 8 25 0 0 26 26 0 6 23 26 30 4 13 11 11 26 14 23
30 28 28 20 0 11 25 30 30 22 7 25 27 21 10 16 5 26 10 13 7 6 7 14 26 11 12 26 20 28 20 6 28 13 19 18 27 26 24 14 24 20 14 14 28 7 12 17 22 20 23 19 7 12 29 25 15 27 3 8 11 9 5 22 22 1 4 25 7
4 21 0 16 22 0 29 30 17 14 0 15 28 10 27 19 18 10 26 14 24 22 17 6 20 3 15 27 24 30 3 9 7 15 2 28 27 27 29 28 12 18 16 18 24 26 15 4 15 13 11 28 2 20 7 21 27 11 0 9 9 23 23 29 3 6 30 2 14
17 23 14 0 22 21 13 12 23 6 7 0 19 27 4 4 4 15 24 5 14 13 18 11 9 15 26 14 25 11 30 30 1 0 11 21 12 28 18 7 21 1 8 22 1 10 15 19 15 14 20 8 28 13 27 9 23 28 23 10 15 21 13 29 16 22 9 5 19
30 18 20 9 12 3 21 5 30 29 2 26 13 15 17 20 10 19 12 5 24 27 24 19 9 29 11 16 17 3 22 16 30 3 21 7 19 0 29 20 9 29 7 17 18 20 26 26 10 23 22 28 6 2 22 14 21 29 5 30 14 21 13 10 21 11 8 9 20
2 4 3 16 7 30 15 1 28 18 30 11 20 24 6 7 16 24 28 10 15 2 8 5 11 16 21 3 7 22 11 8 30 26 21 6 3 25 19 29 30 13 19 24 24 19 4 28 25 12 6 26 29 6 18 18 17 19 6 22 28 26 29 1 20 20 9 21 17
19 25 11 27 26 4 28 14 22 16 18 8 10 7 8 21 29 18 20 16 27 23 15 3 21 17 24 3 15 3 12 12 21 20 6 24 10 6 16 19 11 29 18 26 24 30 30 22 17 10 30 21 12 12 18 21 11 23 25 26 24 0 20 19 23 10 22 24 14
21 23 1 5 12 17 29 14 18 27 13 8 13 2 7 24 5 2 12 26 30 18 3 2 23 13 6 15 24 3 19 23 4 25 20 27 28 4 23 12 1 2 25 24 13 30 10 14 30 7 10 19 26 19 23 7 10 21 27 0 25 16 24 18 30 14 15 5 4
1 17 20 16 23 5 11 17 24 17 16 22 12 6 26 30 9 10 7 28 1 2 19 1 3 30 28 9 13 28 20 30 12 21 17 6 14 24 3 26 10 25 0 23 17 16 12 26 12 8 10 19 29 13 10 4 10 11 21 9 7 15 6 2 29 25 10 1 15
13 23 22 19 26 16 22 17 30 17 9 10 13 26 28 11 9 10 29 1 19 30 22 8 11 18 14 29 16 5 28 9 21 2 11 26 28 19 3 9 21 12 4 19 30 24 25 3 17 20 27 13 3 4 26 11 18 18 0 11 11 15 9 23 20 23 4 9 11
13 18 4 11 6 26 23 19 14 18 23 3 11 11 10 20 0 24 20 2 18 16 15 20 16 29 21 7 16 19 24 21 13 11 12 27 25 22 22 18 12 24 1 12 5 13 19 2 3 2 30 2 16 11 6 7 27 10 2 5 7 19 27 27 20 30 28 11 29
5 6 1 30 13 8 13 19 17 22 0 16 16 25 27 9 0 26 18 25 25 4 1 10 19 2 28 12 6 20 19 28 24 23 23 2 12 6 14 13 4 23 29 19 18 30 17 3 14 1 22 21 26 30 10 12 6 24 23 9 2 16 4 18 16 27 28 7 21
