73 73
26 21 3 14 11 18 1 20 30 6 5 18 3 28 25 8 27 22 20 16 26 8 28 0 5 5 16 28 1 28 1 6 27 28 23 15 24 8 27 19 10 5 30 5 12 1 6 5 4 10 4 23 8 13 23 20 0 2 20 14 24 12 8 15 8 7 23 26 18 12 12 20 4
25 24 0 25 16 20 24 10 14 18 30 7 3 0 4 19 21 29 15 24 6 21 10 4 5 7 22 21 14 13 4 12 23 20 21 10 12 10 27 12 30 28 27 23 19 1 2 28 24 6 13 30 12 6 4 15 10 1 28 21 20 21 4 18 9 24 16 11 22 14 20 26 6
26 22 14 26 26 8 18 14 30 13 13 20 13 2 1 14 0 21 29 7 25 14 19 8 29 19 17 2 23 29 18 23 0 7 29 29 3 29 15 24 4 13 21 9 4 6 3 7 24 1 17 1 3 14 23 15 19 4 15 16 23 14 3 3 4 2 12 20 30 1 27 20 19
3 27 28 7 5 14 11 22 8 15 0 20 20 8 23 1 23 29 17 22 15 26 17 16 25 12 25 22 21 22 27 6 6 10 20 2 7 23 21 16 14 22 0 6 6 24 26 10 8 4 30 2 10 1 3 4 20 25 9 24 7 5 0 26 29 26 28 7 18 24 7 8 23
18 0 6 1 23 23 9 8 27 14 3 7 25 12 8 25 12 28 12 21 3 9 8 9 0 6 30 20 19 2 19 21 30 9 15 19 13 19 8 1 27 6 13 0 30 20 19 4 6 30 29 8 24 24 28 1 11 25 25 0 27 8 11 17 23 0 17 17 18 5 11 20 5
7 27 26 15 5 15 0 7 22 28 23 21 23 5 6 29 6 17 18 27 3 29 18 16 21 2 19 26 21 20 14 3 10 5 10 15 17 12 1 22 14 6 2 1 30 3 28 6 10 17 18 10 6 14 20 8 8 16 28 19 24 1 22 10 23 20 15 7 21 21 22 0 11
10 15 24 3 19 20 29 11 27 18 9 20 18 7 23 0 30 25 2 10 15 13 7 5 25 17 12 27 24 17 22 14 26 9 10 2 29 7 9 6 0 1 25 28 12 26 9 14 7 13 29 3 18 30 9 8 16 19 13 27 20 11 9 6 21 2 16 18 5 1 8 19 30
1 22 11 11 19 5 8 12 20 6 17 8 7 4 0 9 10 6 23 15 25 10 27 11 23 0 25 20 30 16 20 13 6 6 5 1 12 8 1 14 21 15 6 0 26 14 9 25 28 4 28 0 11 0 23 29 24 20 26 1 9 26 24 0 1 2 9 18 12 21 27 2 21
28 26 18 26 3 20 21 14 21 14 2 4 6 23 4 21 18 7 0 8 14 2 22 28 10 23 0 20 27 6 22 16 26 29 23 30 20 15 2 30 1 29 14 1 5 21 5 21 6 6 18 22 26 14 29 23 15 23 6 20 15 7 1 21 26 20 19 7 0 30 3 1 1
8 22 24 20 17 17 6 5 28 5 0 30 11 22 27 21 29 10 5 12 26 19 16 13 12 8 25 30 16 7 27 8 16 8 25 24 22 4 13 23 18 18 2 7 10 1 25 3 6 22 17 10 9 30 24 8 1 27 23 12 25 9 28 21 1 13 9 12 24 2 28 8 24
19 17 6 18 1 23 13 23 25 8 30 16 16 29 7 12 25 26 19 16 14 17 15 29 9 19 5 27 30 18 6 2 4 26 15 16 28 12 29 23 28 24 9 0 1 5 15 22 30 10 11 17 21 16 11 8 1 27 8 13 29 16 1 9 3 14 29 6 17 9 15 7 12
9 22 10 4 28 21 13 24 5 1 21 12 16 17 13 1 10 6 21 4 14 2 9 29 19 28 6 2 29 23 0 12 27 24 28 14 11 28 16 28 8 24 20 17 15 28 19 16 23 11 21 10 12 9 15 20 9 17 15 27 12 27 1 8 27 11 20 14 1 25 13 11 0
4 26 21 7 8 23 24 7 26 2 11 4 19 21 22 19 9 3 18 28 20 11 16 1 12 25 4 20 1 26 18 5 6 16 11 19 22 7 29 16 8 22 24 1 30 29 19 18 28 15 30 17 23 15 21 27 22 5 0 18 14 18 7 25 16 30 14 10 22 16 21 20 29
28 12 0 6 16 6 15 12 7 14 26 3 22 25 28 28 12 9 18 3 2 25 8 24 15 14 4 19 12 24 16 22 21 12 17 18 30 14 13 14 18 15 5 21 30 11 24 7 30 4 3 30 16 4 11 23 11 11 8 1 23 26 2 14 11 19 24 19 12 12 15 28 17
1 24 1 14 16 9 26 5 29 8 11 30 2 1 2 2 9 2 18 18 7 16 12 2 11 8 19 12 14 8 7 10 11 12 20 11 5 22 17 3 18 17 12 30 24 25 19 11 11 2 6 3 24 3 11 2 2 11 8 5 17 10 8 29 18 11 30 5 12 13 2 16 27
28 5 21 5 22 24 28 2 15 30 3 4 9 15 6 4 21 27 0 2 6 13 1 11 4 0 26 14 4 11 15 1 1 29 27 27 19 1 10 17 21 0 0 12 11 16 22 5 3 12 18 13 22 14 1 2 3 20 27 6 19 0 20 20 9 4 15 22 5 21 30 15 26
4 7 20 19 2 0 16 18 30 19 22 19 22 0 7 4 12 3 19 5 10 23 13 22 7 9 10 20 23 3 29 22 20 14 3 13 24 29 13 9 13 10 1 2 17 29 12 18 21 16 19 16 17 3 30 17 21 6 27 17 8 22 19 26 11 26 29 8 20 7 23 6 22
30 14 7 10 0 20 23 5 12 9 11 14 22 4 1 9 8 19 13 19 23 27 19 3 4 8 21 20 12 5 22 19 26 19 25 30 28 10 12 28 14 4 1 5 21 4 0 24 24 13 14 27 4 16 14 25 1 17 20 1 14 22 21 13 7 2 11 17 6 8 21 15 14
4 0 0 18 27 26 24 9 12 1 16 3 1 12 19 3 10 1 11 20 23 30 23 16 2 4 11 4 24 17 12 24 9 11 22 19 0 14 3 1 10 0 2 18 5 28 3 12 20 6 15 7 23 23 8 30 4 10 6 23 19 12 1 27 25 11 27 13 3 20 9 6 25
19 12 24 19 3 27 13 9 15 3 1 8 20 5 14 29 18 27 7 1 16 21 14 23 20 23 20 7 3 12 6 18 4 9 24 23 20 11 21 9 10 12 18 15 4 23 23 5 17 7 26 17 26 13 16 14 20 26 14 21 25 18 28 3 17 20 13 14 22 21 20 14 2
8 26 5 27 22 5 13 26 26 30 14 12 30 12 3 25 30 24 22 12 18 20 20 1 4 6 8 21 2 28 11 10 15 15 15 30 0 13 10 5 3 0 20 18 12 14 5 12 10 4 19 22 1 24 22 6 24 15 15 25 25 13 2 8 9 10 7 0 30 1 21 5 10
27 9 20 12 22 2 21 17 19 9 1 22 11 3 21 14 19 7 26 12 29 27 9 4 16 25 15 26 28 13 4 4 3 10 18 28 30 25 3 12 20 28 21 9 23 24 27 14 17 7 9 26 12 17 15 24 22 26 24 9 7 16 7 25 11 7 15 21 2 1 5 19 28
17 7 16 2 1 26 29 28 2 29 26 5 4 0 25 17 14 7 5 25 27 26 2 18 17 1 17 16 8 7 4 3 0 3 4 9 25 14 7 1 0 22 28 25 15 13 21 13 30 27 24 11 21 25 18 17 12 16 30 10 9 21 7 12 23 10 22 6 21 26 1 9 19
20 20 15 24 8 17 21 27 5 16 25 27 15 6 27 14 5 26 1 29 21 23 11 14 1 19 5 9 17 23 1 8 18 18 30 25 14 28 21 20 24 16 25 20 23 29 10 5 4 25 1 15 12 21 9 7 8 27 14 5 0 4 26 26 17 27 19 30 30 15 11 15 28
6 19 4 28 6 26 21 22 29 30 6 23 22 5 11 28 30 21 6 1 7 16 15 13 7 27 13 8 25 24 6 16 10 7 14 22 28 10 20 29 11 20 3 7 20 17 12 27 22 24 26 15 24 27 1 24 25 18 28 3 26 1 14 8 28 9 16 23 0 9 26 3 26
1 26 1 30 16 23 1 15 19 30 11 27 18 23 29 26 14 28 9 18 3 12 30 30 15 6 27 11 17 0 6 13 5 8 26 3 30 5 7 28 6 23 8 8 27 7 11 29 19 7 21 8 5 19 6 25 19 9 21 8 28 0 5 7 29 6 15 8 12 22 9 4 20
22 1 11 11 25 5 0 6 4 22 22 1 8 2 27 18 28 9 3 13 24 21 22 15 3 28 9 4 7 18 16 3 30 23 25 3 7 9 1 17 17 15 12 16 0 7 21 2 15 20 0 5 23 3 30 7 26 11 2 18 22 13 23 16 17 23 19 2 2 23 9 30 12
28 17 17 1 13 3 19 14 14 25 3 21 8 14 24 1 14 28 14 21 20 0 29 16 9 6 22 26 5 11 6 18 27 24 23 7 14 16 3 27 22 22 15 7 18 1 18 2 24 3 15 25 13 27 16 22 30 30 2 1 28 15 4 25 29 11 9 15 3 28 13 18 22
8 13 9 25 14 3 14 0 20 0 5 20 7 15 6 19 4 13 9 22 13 26 26 1 13 21 16 12 26 13 6 16 14 27 7 1 7 5 29 22 25 22 27 25 22 2 10 16 14 23 23 18 18 22 6 30 17 1 4 13 0 23 21 25 2 22 22 10 24 19 15 11 18
30 6 30 22 27 26 14 1 23 13 20 18 4 3 21 27 6 8 18 27 26 15 17 20 3 13 6 6 28 9 14 29 6 9 20 3 14 3 27 22 13 2 11 28 25 25 17 19 10 26 11 14 6 5 0 25 1 15 12 19 9 18 19 18 16 1 12 8 16 25 14 13 6
29 30 30 15 9 19 0 1 23 23 12 1 7 28 3 28 8 29 0 23 6 26 10 29 30 3 6 14 24 2 17 8 30 14 22 15 15 19 12 30 27 28 4 5 6 14 3 4 3 10 20 21 30 18 19 8 5 26 1 20 3 9 26 6 9 26 21 26 16 10 11 24 15
25 3 17 29 29 27 14 5 20 27 2 27 17 5 29 4 0 26 7 28 29 20 10 10 19 6 11 6 25 4 29 7 26 9 4 17 13 30 28 18 4 13 18 18 26 8 5 30 10 1 18 12 24 13 20 23 7 6 14 1 3 5 8 10 28 12 30 26 29 18 20 8 8
22 24 11 16 4 17 12 11 28 20 6 6 3 26 21 5 27 14 13 14 28 29 23 18 29 14 30 0 0 14 9 29 12 20 29 8 16 17 30 20 24 1 11 26 27 4 23 4 2 8 20 14 21 29 1 27 17 23 6 2 5 25 7 28 17 22 16 11 17 27 29 10 6
20 0 23 4 12 13 29 17 13 7 9 24 10 25 5 14 19 28 1 20 1 11 5 24 7 30 18 10 27 25 21 22 7 30 30 20 8 11 5 16 21 6 10 20 22 22 24 15 4 14 30 1 8 6 0 20 6 0 21 0 25 26 12 10 17 8 16 4 28 9 17 23 3
29 28 1 27 16 4 3 19 16 11 25 19 8 17 21 11 14 26 17 6 29 16 1 16 19 22 4 26 27 30 20 27 15 30 11 6 26 13 20 4 2 17 28 13 23 29 11 18 22 26 3 13 27 27 15 22 16 15 13 27 15 9 27 17 1 27 5 7 21 1 11 7 17
1 11 11 29 13 8 13 26 19 2 3 3 30 11 9 7 24 17 27 6 24 13 22 29 30 11 9 6 11 11 17 22 28 10 10 25 10 30 12 1 8 6 30 5 12 20 25 21 19 22 18 12 7 7 4 12 4 17 7 13 26 29 22 12 5 22 15 29 19 7 23 13 23
21 2 9 18 16 5 9 25 18 10 9 30 10 4 8 17 1 25 4 28 23 18 12 24 0 21 2 7 3 26 6 3 24 8 9 15 7 20 20 0 27 23 10 5 8 17 12 21 13 6 26 26 0 24 5 12 20 25 30 14 15 21 12 28 14 7 15 29 25 20 10 23 13
4 0 25 8 10 5 13 21 1 13 19 27 26 21 30 16 14 13 29 17 26 20 9 24 7 20 5 19 21 19 15 29 3 10 11 18 19 17 24 0 5 8 13 7 19 21 21 1 0 22 17 12 11 8 14 24 23 3 13 3 20 5 4 28 27 16 10 19 2 4 29 9 27
18 30 27 27 26 19 18 29 23 23 20 11 19 3 26 13 11 27 17 6 26 12 20 15 16 0 1 11 3 19 29 25 16 5 13 2 2 16 9 28 30 17 18 28 26 29 28 17 19 16 14 2 16 13 3 3 0 4 22 17 12 15 23 2 20 19 13 7 18 5 6 23 26
27 20 24 10 22 30 27 15 22 18 12 0 9 14 6 23 11 23 17 25 21 22 25 13 8 26 27 20 29 12 16 11 14 12 10 24 16 17 24 19 30 28 28 25 19 26 19 22 27 22 9 20 25 21 21 4 10 30 26 30 12 22 4 13 17 21 23 28 25 26 18 16 18
11 0 11 20 27 8 6 11 25 23 18 7 25 9 14 4 6 2 12 7 6 2 29 26 4 3 4 17 27 28 13 12 14 26 25 14 15 14 2 18 18 29 15 9 22 21 25 2 4 8 26 23 25 19 29 6 8 26 10 11 3 21 26 18 7 2 11 30 14 4 25 29 22
1 22 12 7 3 11 8 27 24 23 7 28 11 11 24 17 0 24 13 7 6 28 16 17 2 2 29 27 0 15 16 1 18 9 18 12 4 13 9 20 4 18 27 24 11 8 9 14 22 7 8 17 4 21 8 22 19 6 14 13 23 1 2 17 26 1 15 3 28 22 2 16 29
2 17 8 29 23 8 22 5 15 25 6 19 14 1 11 22 13 0 21 25 17 16 4 11 2 25 26 10 12 28 25 16 21 17 9 16 13 11 2 6 13 20 27 14 12 11 11 14 14 6 8 22 9 24 27 9 21 9 30 13 4 5 30 2 5 8 8 27 19 8 27 7 23
14 9 24 8 17 29 6 12 16 9 26 7 30 1 7 16 1 7 17 11 0 3 9 0 5 10 9 10 18 11 22 22 18 26 29 16 16 10 24 7 3 14 30 14 30 15 8 26 2 13 26 6 19 4 15 6 15 14 9 2 5 20 28 29 28 5 18 5 17 23 23 26 17
12 5 28 18 17 24 29 18 1 22 1 5 28 26 28 13 11 29 19 17 11 1 29 6 16 3 2 29 24 24 6 30 30 12 27 23 22 23 11 6 12 6 3 8 4 18 21 2 22 10 18 6 2 30 30 2 21 14 28 27 16 10 12 7 15 2 4 13 20 13 5 6 0
12 15 9 8 13 23 10 4 2 13 20 11 1 14 18 16 4 23 5 2 18 14 19 6 11 4 13 8 7 27 27 16 18 8 8 17 19 29 16 18 25 21 27 18 26 20 15 10 27 30 26 21 0 9 4 8 23 9 19 11 20 18 14 19 1 24 12 12 29 17 28 7 5
17 2 24 3 20 3 27 11 26 17 27 12 7 18 11 27 7 2 26 27 0 16 5 19 29 9 9 20 30 25 19 21 13 13 7 12 1 28 2 3 0 27 20 9 0 9 5 27 9 15 6 3 18 30 14 8 5 27 27 10 21 3 25 28 30 20 8 26 28 17 16 30 10
5 27 29 10 0 2 3 16 4 19 24 3 4 23 27 8 17 18 15 22 22 20 19 1 4 18 15 15 17 8 9 10 8 23 12 25 5 14 29 9 18 28 2 25 28 7 9 11 15 1 2 1 14 23 5 27 20 17 23 3 9 28 3 20 29 19 6 3 14 15 18 11 19
11 15 16 18 7 5 14 18 28 2 1 12 22 1 2 1 14 23 25 26 14 24 28 17 21 0 9 17 13 18 11 18 13 30 29 1 8 6 14 1 10 24 3 13 26 26 17 29 11 19 10 0 30 0 20 0 18 25 3 8 9 0 14 4 15 23 9 21 28 3 15 17 20
6 0 4 30 30 16 7 14 1 10 15 13 7 23 22 26 7 7 12 15 16 9 7 6 14 10 20 19 0 27 9 30 11 15 4 7 24 15 9 17 25 4 13 17 25 13 22 14 3 11 20 24 19 0 26 17 25 21 25 14 20 28 11 11 1 10 20 6 30 17 23 8 18
20 26 26 24 12 3 0 14 23 25 25 28 28 10 26 23 28 25 14 25 29 23 26 10 21 27 23 8 26 11 22 5 9 0 27 24 4 29 24 2 12 24 18 16 5 27 23 29 16 23 16 22 22 24 12 20 29 15 3 4 10 8 0 4 15 2 4 3 10 7 27 15 28
22 24 21 15 15 16 11 6 26 20 19 14 13 8 6 14 30 21 13 0 12 22 28 25 28 22 19 28 11 25 2 20 26 30 16 1 6 6 30 18 24 29 1 0 28 25 9 10 9 22 20 0 11 17 17 19 21 20 3 23 3 13 10 22 25 14 11 15 21 8 4 15 21
15 24 4 29 27 29 24 24 13 2 4 20 2 12 24 26 14 1 12 0 9 20 0 12 3 10 26 12 3 22 17 11 5 8 6 5 8 1 16 19 4 29 25 0 6 8 7 14 17 5 12 4 27 20 9 7 30 9 3 27 30 13 20 5 9 28 14 29 30 1 21 8 2
10 22 5 9 24 12 19 21 26 13 26 9 17 1 21 14 4 29 5 22 7 22 10 16 29 15 10 29 27 8 4 21 7 1 20 11 30 10 30 17 9 9 23 20 5 28 10 12 18 18 17 21 13 14 9 27 5 6 22 16 20 8 4 9 3 15 20 28 15 8 13 13 23
6 11 17 0 11 21 2 12 14 14 25 20 24 22 2 3 24 2 21 7 10 10 14 22 26 18 5 17 27 20 7 25 11 28 19 30 24 25 18 27 1 7 23 29 28 8 22 10 1 29 18 14 9 28 27 5 15 27 4 16 14 26 17 23 14 26 20 10 17 3 17 8 28
14 22 1 26 20 1 30 23 27 7 16 17 27 3 3 18 22 27 23 19 21 12 26 9 22 1 7 26 13 3 28 29 4 15 9 1 15 21 17 14 4 3 16 8 0 29 4 5 10 12 4 18 7 24 2 30 1 11 6 17 22 30 24 3 4 11 22 16 1 11 29 24 20
20 1 11 6 20 1 3 25 11 15 30 18 5 5 6 20 26 14 18 11 14 25 4 6 1 25 8 15 29 1 27 1 1 29 24 29 9 28 16 11 13 24 8 23 17 25 11 10 7 29 12 13 23 16 29 22 29 23 18 11 18 21 19 25 13 24 3 25 24 22 19 29 7
17 9 1 2 2 18 7 23 2 16 13 24 21 12 25 28 19 16 8 24 1 9 6 22 14 29 24 25 9 24 18 14 3 2 6 8 27 20 23 13 5 16 26 25 15 22 30 23 15 28 3 12 3 20 17 19 1 14 0 11 30 12 13 30 5 20 19 19 18 25 21 25 0
28 12 17 5 12 6 24 7 28 3 8 29 6 9 25 27 11 3 10 5 26 10 2 2 27 25 11 11 19 28 13 0 21 3 30 14 13 13 19 28 4 5 14 25 23 12 11 26 23 10 7 20 17 17 7 9 24 9 13 17 30 1 11 7 19 17 11 25 27 16 1 3 12
21 10 13 28 26 4 7 17 23 12 28 28 10 16 5 9 11 12 24 21 22 30 19 26 26 16 9 3 19 1 0 1 2 25 23 14 16 2 20 9 0 6 25 4 6 26 23 28 23 6 4 11 1 15 3 19 27 9 5 30 8 14 11 15 16 29 9 7 24 28 9 16 20
30 4 16 26 12 22 23 14 0 2 25 21 22 15 12 10 1 19 10 7 9 23 5 22 19 5 8 25 13 0 21 5 28 27 17 7 15 29 26 14 28 10 20 9 19 7 17 27 26 29 28 30 1 6 23 25 5 15 13 10 8 27 15 30 28 21 0 0 14 8 10 4 26
25 26 13 24 25 2 18 12 25 16 24 20 19 20 0 11 11 25 12 1 14 17 13 11 12 2 21 6 27 17 10 4 9 24 6 9 15 27 24 19 9 28 21 8 13 14 4 21 26 5 0 19 12 29 0 29 24 1 3 8 8 29 0 12 17 13 24 2 29 6 22 16 28
15 3 20 29 18 4 30 16 8 15 16 5 19 2 2 28 22 1 23 29 15 21 25 24 4 8 2 16 23 9 13 30 2 29 2 27 3 3 1 3 30 14 29 5 11 5 19 28 14 29 26 26 25 5 14 19 17 3 1 22 18 21 6 4 24 6 23 24 22 8 28 28 6
29 2 10 17 22 3 8 23 14 18 15 5 11 19 1 29 1 17 10 0 14 30 2 6 24 29 16 10 7 2 27 26 19 15 0 12 5 3 23 28 13 20 27 18 2 25 18 12 8 24 10 1 28 11 8 25 6 11 2 22 6 30 2 23 1 23 16 27 6 18 24 12 29
12 19 28 28 1 10 7 13 16 4 29 6 27 11 12 17 12 5 25 0 28 8 12 0 19 14 7 19 5 0 21 10 9 14 2 6 2 3 21 24 27 29 10 10 20 18 13 16 14 1 28 2 15 6 1 30 3 2 16 0 8 28 23 11 10 2 5 15 12 29 2 5 11
29 10 11 7 6 21 21 17 6 0 21 27 0 5 18 8 25 11 12 9 11 17 2 29 10 0 21 1 26 29 1 23 11 18 23 10 13 21 21 28 29 24 18 18 27 6 3 11 2 2 4 7 11 20 10 17 25 14 27 5 27 15 7 29 10 24 18 21 4 16 23 11 14
4 17 16 21 30 0 20 25 21 22 1 22 17 11 9 22 22 28 25 12 21 5 21 0 17 28 1 13 25 21 1 0 15 29 14 11 13 6 21 24 21 13 6 19 25 1 19 13 2 19 10 11 17 22 20 18 29 3 15 19 13 3 7 22 7 18 26 8 0 10 4 5 21
4 28 24 24 0 10 11 18 23 22 28 15 13 14 26 16 20 15 26 25 15 28 4 13 24 21 22 4 17 27 24 24 11 26 27 10 20 29 14 15 1 21 29 2 9 18 13 19 23 9 16 8 9 2 9 30 1 4 25 28 12 16 18 8 8 20 7 28 8 6 1 5 10
5 14 27 11 15 12 30 20 8 19 15 6 24 15 24 3 15 16 15 5 20 18 6 27 8 30 4 24 24 22 27 30 20 21 22 14 4 4 24 23 2 25 7 27 18 15 1 0 5 23 24 9 9 12 22 0 8 26 3 10 23 6 13 1 8 2 15 4 29 26 26 29 30
16 8 10 26 6 26 5 13 28 10 12 16 25 2 18 12 29 16 14 18 24 9 27 5 23 10 12 13 9 5 21 3 9 10 10 28 19 9 19 6 4 14 27 0 4 29 12 5 29 21 8 0 14 9 10 4 17 27 17 8 2 12 5 16 22 25 17 7 27 6 2 30 28
0 16 11 13 5 30 8 18 26 14 13 7 28 19 22 27 30 17 20 0 21 25 24 7 4 17 6 6 4 25 23 7 7 5 30 23 18 23 13 10 0 24 1 28 19 21 20 10 29 29 22 16 26 30 17 8 23 21 4 7 8 27 24 5 15 19 14 27 10 27 28 20 25
22 22 26 23 10 5 23 8 17 0 9 0 22 5 25 11 23 23 19 19 21 7 8 27 8 13 17 3 25 13 19 20 30 18 16 18 5 18 20 25 29 15 7 27 3 7 28 29 10 13 15 18 11 27 12 3 26 21 23 29 1 17 2 15 3 29 11 19 9 4 29 23 29
28 26 26 19 27 28 29 16 26 23 13 29 2 4 23 27 24 6 14 5 24 6 25 12 30 16 4 5 15 14 22 29 2 3 29 14 15 7 19 27 3 17 12 12 5 26 18 26 12 5 28 14 21 15 22 11 11 14 0 13 21 12 30 8 17 6 2 14 4 30 1 10 17
