74 74
18 12 8 6 30 8 22 13 26 8 12 14 7 28 15 23 19 14 6 22 30 30 25 30 19 30 25 15 5 5 30 8 12 5 22 20 11 16 30 30 25 24 26 12 0 3 4 23 15 21 12 1 12 16 19 16 28 26 1 24 2 20 27 8 14 16 28 18 18 30 11 6 3 12
7 25 9 26 1 18 9 2 6 22 18 15 23 0 22 10 4 9 23 23 2 15 28 24 2 5 16 16 8 24 5 14 20 5 28 5 2 21 27 2 28 18 8 14 19 28 11 22 24 28 16 29 11 13 23 16 16 27 20 28 11 1 11 24 25 29 27 28 22 28 14 24 10 29
24 3 7 8 24 6 14 29 30 2 17 19 15 25 18 6 5 13 20 8 26 28 5 18 3 6 8 3 17 6 13 17 7 1 23 15 28 18 0 7 14 9 6 3 2 23 20 1 2 3 28 10 29 30 30 6 22 9 26 7 3 6 8 18 10 29 25 30 29 4 4 25 16 2
28 29 14 20 0 26 23 29 4 6 11 17 26 23 17 29 11 29 13 28 9 28 8 19 30 14 22 22 1 23 11 16 23 13 8 18 6 7 18 2 13 15 25 7 7 13 25 6 20 23 28 26 26 23 23 4 11 12 30 12 16 26 19 29 14 26 20 23 25 15 7 1 8 27
14 14 26 23 29 29 22 20 0 10 18 8 11 14 18 8 27 18 11 2 28 22 25 7 16 30 2 5 30 11 20 4 16 5 6 25 14 23 13 23 7 23 28 25 4 29 25 20 15 2 27 13 1 6 6 19 19 26 3 4 15 21 10 17 19 12 11 17 14 2 26 21 24 3
15 7 28 30 6 27 22 29 30 21 0 1 23 10 28 24 15 1 22 17 11 15 24 20 14 16 3 11 11 25 7 19 22 29 17 9 14 2 23 15 3 26 13 0 30 0 3 16 11 4 7 21 8 23 22 27 7 4 2 0 21 17 2 30 18 2 24 16 2 16 9 26 13 2
17 11 22 29 28 6 1 26 3 0 25 28 5 30 0 5 23 17 3 23 24 17 20 20 29 15 29 6 29 25 0 16 7 18 16 11 20 9 23 11 9 10 22 1 18 29 25 11 4 10 24 21 27 26 21 19 10 6 28 4 3 8 28 6 8 11 9 29 13 27 18 25 27 24
3 16 2 27 3 23 2 21 14 15 15 6 5 7 17 1 23 30 27 6 21 14 21 27 16 13 8 18 18 5 25 18 8 28 9 30 5 13 20 13 6 19 30 4 20 4 20 5 11 16 21 15 23 21 22 22 22 16 4 11 5 0 1 18 4 29 8 10 27 11 14 15 29 29
28 6 30 21 18 2 25 9 9 29 10 18 14 3 25 2 1 13 30 29 4 0 14 9 15 6 24 4 6 2 13 0 11 8 30 22 20 20 11 7 0 16 21 20 5 17 10 18 12 17 8 8 19 8 27 12 27 4 28 20 17 12 25 14 16 24 5 13 13 12 27 11 0 22
27 27 13 6 24 15 29 17 20 18 23 8 13 3 30 28 22 9 1 12 1 24 0 25 26 26 27 6 14 11 20 2 15 1 8 23 20 16 2 19 24 6 22 9 7 24 21 15 1 17 19 17 27 22 0 10 16 4 9 7 5 26 0 20 20 8 11 8 9 22 11 12 27 15
9 24 4 22 27 10 11 23 22 26 30 23 13 27 27 21 18 2 28 24 17 12 25 13 23 3 21 17 10 20 7 6 1 13 1 22 25 14 17 5 8 30 15 6 17 30 11 1 6 8 27 18 7 18 0 9 2 28 1 12 6 18 7 27 4 9 15 27 12 4 27 10 3 25
13 2 22 0 14 25 20 6 22 1 3 8 29 27 30 18 25 1 24 29 6 12 10 12 1 14 7 2 30 24 7 1 2 30 7 16 21 24 11 7 22 29 30 22 17 19 12 22 14 19 24 4 16 1 30 22 0 4 21 14 12 14 17 29 3 18 25 20 29 19 30 11 6 1
7 8 21 28 20 30 29 2 10 18 25 30 11 24 29 29 4 24 1 28 6 10 23 7 2 0 9 4 22 2 2 19 9 14 0 6 11 1 28 18 16 7 6 26 9 30 30 1 20 16 2 25 16 11 26 5 17 5 15 28 28 6 14 10 16 1 4 23 6 23 22 22 12 2
23 1 13 30 12 0 15 4 0 22 18 25 4 19 12 24 5 15 30 30 20 26 14 5 2 3 5 7 17 12 21 16 24 20 21 0 27 29 24 11 13 23 10 21 1 17 15 20 15 26 15 13 17 8 14 17 9 12 11 0 14 19 7 7 9 16 11 12 25 24 9 10 0 27
25 27 21 1 12 30 27 18 3 3 5 21 6 12 2 29 22 19 7 22 23 7 27 23 13 8 10 28 30 29 1 19 8 2 29 21 10 22 4 15 7 1 14 22 5 0 9 17 12 4 5 11 2 29 7 2 23 8 16 22 22 13 9 30 29 25 18 4 11 12 8 20 10 22
1 23 20 16 21 18 21 30 27 18 24 6 7 6 9 12 13 30 6 15 24 10 6 29 11 28 5 23 28 25 18 23 7 27 1 10 3 23 16 2 19 3 28 19 14 29 13 18 2 1 20 27 20 19 3 0 26 6 28 12 19 19 30 10 7 4 14 13 17 4 29 26 24 7
13 16 29 15 0 12 1 30 17 29 3 0 16 25 9 25 1 30 18 16 15 25 0 2 29 25 5 30 18 4 0 8 13 9 0 15 7 8 21 16 13 17 24 26 29 23 25 10 6 9 1 12 5 22 2 29 12 8 13 27 4 12 18 16 4 15 21 0 11 6 9 7 12 5
4 1 17 14 13 28 10 7 7 8 15 5 24 5 19 21 23 29 5 1 11 30 3 7 24 19 26 25 18 27 25 22 10 7 10 9 23 7 30 0 23 22 21 26 23 9 2 6 15 18 7 17 2 19 25 9 6 20 13 8 5 15 18 29 3 2 22 6 15 10 20 16 8 23
21 18 10 23 15 0 21 6 22 8 27 1 28 20 1 8 18 28 24 0 3 6 10 27 9 10 10 24 12 28 6 18 9 12 15 13 5 9 23 17 10 27 9 28 0 7 17 30 1 11 27 7 30 13 13 6 13 28 6 27 19 14 2 5 21 10 1 27 14 11 8 6 9 9
24 22 27 8 10 26 27 30 18 17 23 13 5 27 20 21 0 17 3 30 24 0 3 4 5 27 29 20 19 30 3 19 2 15 24 2 2 14 29 8 2 5 11 15 19 13 27 23 3 18 24 22 13 10 16 0 1 21 0 25 4 16 13 21 18 2 0 16 21 0 25 29 21 24
20 7 3 25 9 21 8 26 5 7 28 14 0 25 19 20 10 22 0 15 9 21 0 15 17 14 24 15 3 0 22 0 2 25 27 12 4 22 17 0 15 15 4 25 15 18 17 3 7 12 3 6 26 11 23 24 2 23 15 24 2 24 23 22 1 5 30 13 30 17 7 11 18 26
13 7 26 24 29 23 23 10 19 24 14 23 21 8 24 23 24 6 0 28 1 4 6 22 2 6 6 27 15 1 15 11 19 27 27 26 3 29 13 26 7 14 27 29 30 28 7 8 19 20 28 6 28 28 25 26 24 16 14 30 15 3 4 4 11 5 20 21 7 8 2 29 24 22
16 17 17 22 21 1 9 20 17 25 16 19 18 17 1 12 20 18 28 21 9 23 4 0 19 20 30 28 26 26 9 24 5 28 15 10 4 0 18 15 28 11 2 30 2 21 0 7 5 23 15 26 25 21 26 6 12 22 23 26 13 17 15 10 17 22 0 10 25 7 8 30 15 1
19 14 13 16 2 11 3 22 1 24 26 20 22 12 18 8 13 26 0 1 3 3 24 23 20 27 9 12 23 9 21 2 7 18 4 12 23 12 15 19 6 25 28 24 25 24 20 30 4 1 21 25 14 27 29 28 0 27 17 25 23 8 7 4 17 21 10 29 22 15 5 1 12 14
12 9 13 26 21 13 1 2 20 28 1 10 26 13 8 23 19 6 21 0 16 19 2 29 0 19 8 30 9 12 16 5 25 29 10 12 19 25 6 11 3 25 25 12 0 29 28 0 9 10 15 11 10 28 29 8 17 21 30 29 21 18 14 15 10 27 21 11 30 0 26 6 24 2
23 14 30 13 8 30 23 27 26 22 8 4 14 8 23 24 1 21 5 19 3 5 27 24 12 29 30 20 2 11 2 12 15 17 21 30 13 22 14 29 17 13 5 24 28 4 16 21 17 8 13 18 18 22 14 28 17 11 19 20 12 1 19 26 29 23 8 13 7 26 20 18 6 18
2 12 18 19 12 11 30 12 21 15 0 5 20 29 9 14 13 8 26 3 6 14 16 4 0 26 25 0 9 25 17 15 12 9 24 1 22 9 24 28 16 24 18 4 19 11 16 14 13 24 14 23 16 29 25 15 19 25 13 17 20 3 14 19 19 10 4 12 24 14 16 18 27 8
16 30 21 21 27 18 16 25 11 26 7 27 8 26 20 30 24 23 3 17 10 23 23 22 23 4 0 27 0 30 13 22 14 28 26 20 17 29 14 22 27 20 27 30 12 3 2 13 13 11 0 25 4 3 1 0 4 24 16 20 23 22 6 30 25 3 30 25 11 15 24 15 5 5
3 9 23 26 0 4 4 5 29 0 24 27 7 2 22 1 12 7 0 11 9 0 9 13 2 12 4 14 28 13 4 21 8 28 2 6 6 26 8 29 1 18 4 18 27 23 18 3 7 29 30 30 30 11 20 27 28 30 4 7 11 30 29 28 5 26 25 6 11 28 4 17 8 29
1 28 23 7 20 24 0 26 19 29 14 3 5 20 4 19 13 27 1 5 19 25 25 2 17 21 10 4 0 17 1 26 6 8 25 27 10 24 12 28 13 11 13 25 22 2 14 22 1 9 4 15 2 13 3 11 18 19 24 27 11 24 29 17 24 12 29 30 1 21 20 4 1 6
20 28 14 6 3 0 11 9 18 21 11 7 25 9 22 23 9 13 14 30 22 13 4 26 13 11 24 26 13 0 17 6 25 1 12 20 2 21 8 14 16 3 14 5 19 23 5 10 30 27 6 28 23 0 26 8 11 9 30 22 5 16 2 8 28 10 20 28 15 21 17 14 12 12
17 24 16 20 28 30 29 13 3 19 23 19 20 9 15 14 29 15 29 1 20 7 17 21 5 18 30 9 1 15 25 30 24 10 26 16 8 3 5 10 26 18 20 18 12 27 25 13 28 30 22 9 30 28 7 4 21 21 10 23 6 14 9 5 19 4 0 4 12 15 6 1 7 13
7 11 12 19 12 18 27 15 4 27 4 15 1 16 18 30 30 29 17 14 25 25 22 26 25 3 3 4 11 15 4 9 30 23 18 16 25 20 19 14 8 4 13 25 4 1 21 23 18 24 4 9 23 20 11 7 4 2 30 16 24 18 14 3 12 30 30 9 2 0 2 7 25 27
24 0 29 12 11 22 2 21 19 30 5 17 30 27 9 7 13 24 3 11 30 23 24 5 2 6 26 5 0 7 7 1 8 2 5 0 1 7 2 3 28 4 23 30 3 30 19 19 5 19 18 20 2 1 27 28 10 2 4 10 24 3 8 17 22 30 0 17 3 1 13 0 25 7
0 23 1 9 28 9 17 11 21 16 3 7 12 3 26 7 15 23 19 25 21 27 19 1 17 1 6 19 27 5 7 24 22 17 13 17 18 21 20 28 3 19 10 12 19 1 3 30 28 8 23 16 28 9 25 14 25 13 3 21 21 22 29 8 13 8 17 18 11 1 21 15 17 4
4 23 30 16 22 5 27 18 0 24 1 24 24 23 19 1 28 24 3 2 27 30 5 18 6 15 27 15 20 11 17 29 18 7 30 1 7 3 7 16 13 20 3 4 2 15 0 13 22 26 0 10 4 12 18 16 20 11 10 8 26 0 15 14 17 9 5 20 21 5 21 6 19 1
3 3 8 14 18 15 19 10 5 18 21 16 17 27 7 9 6 23 1 21 10 15 6 30 24 7 27 2 7 18 13 28 23 16 12 21 16 14 8 18 8 28 12 8 24 24 30 14 21 21 29 29 30 2 12 0 29 10 28 25 16 18 24 8 18 12 7 13 5 27 24 9 8 0
22 18 23 19 1 22 22 18 8 24 15 20 2 19 15 28 12 7 13 1 17 4 19 14 4 7 20 18 0 23 25 22 24 5 7 14 26 1 17 19 28 25 7 8 14 22 19 1 20 6 14 2 5 8 7 8 25 26 27 24 30 9 3 3 18 27 21 29 4 18 15 6 10 0
22 3 10 21 18 1 2 2 8 29 22 6 0 24 20 28 22 1 13 11 30 6 1 11 1 3 12 3 22 12 12 7 18 5 4 10 26 26 27 1 20 15 5 2 26 4 18 6 7 12 29 22 28 5 6 24 12 10 2 18 20 29 20 3 28 0 6 19 15 27 7 4 13 23
6 30 30 30 28 29 24 4 23 1 2 21 6 19 22 27 17 11 4 5 12 10 2 7 18 12 8 5 5 19 26 26 4 20 14 12 20 30 13 25 11 25 15 16 8 3 14 3 3 28 12 19 29 2 12 23 6 22 6 30 18 4 1 1 24 9 17 9 5 27 17 28 15 3
9 24 19 22 23 11 22 3 21 18 26 9 26 8 1 28 5 0 5 17 13 11 10 16 12 20 2 15 25 13 7 4 5 13 6 11 20 20 27 9 11 19 24 18 25 7 3 18 2 18 11 12 23 22 8 14 6 24 27 27 21 26 9 1 4 5 3 28 7 1 6 30 15 30
28 5 1 29 26 11 17 16 4 29 18 19 0 8 12 0 18 9 14 20 20 0 13 29 15 13 20 21 27 20 20 2 2 19 4 18 10 25 9 14 6 6 0 7 28 18 20 11 12 13 30 18 25 19 30 15 5 14 23 24 27 12 25 28 28 16 18 23 12 4 24 8 2 10
14 9 23 18 5 14 18 3 26 7 0 10 9 1 17 15 3 10 19 18 7 22 21 27 19 30 18 6 25 25 29 29 5 19 18 2 6 29 19 7 18 0 30 16 5 23 25 28 14 2 24 13 8 11 13 13 0 20 28 8 3 9 20 29 27 29 19 8 15 29 21 27 28 8
5 5 12 28 1 4 20 0 10 1 27 29 6 11 1 6 28 2 0 12 30 16 14 7 18 24 1 24 21 1 6 10 5 2 2 8 14 16 15 8 29 23 18 20 10 10 18 4 9 4 16 21 4 25 6 9 29 25 27 24 30 11 24 12 0 4 8 14 4 19 1 25 4 16
6 20 17 16 29 9 28 15 5 0 9 17 14 13 12 22 9 19 14 1 12 10 20 15 21 14 20 21 25 1 30 17 3 15 17 3 14 5 12 8 4 13 23 2 6 15 13 24 20 0 3 4 0 16 18 27 30 13 27 28 25 12 1 23 16 7 6 0 16 17 23 17 3 8
9 12 24 24 24 2 1 0 25 2 3 24 18 30 29 11 17 4 18 10 23 23 15 27 26 21 8 3 19 14 4 18 6 1 21 21 2 14 0 13 10 14 0 29 9 29 9 12 11 6 13 19 24 17 12 9 30 22 0 25 15 23 10 26 22 22 22 27 13 26 29 30 5 6
11 7 7 27 28 11 18 6 6 25 1 23 2 17 18 2 21 17 28 4 7 18 4 20 13 3 14 17 11 21 12 4 2 7 29 19 9 20 16 9 4 7 4 5 28 28 19 25 28 0 5 6 16 13 27 19 22 15 22 3 6 28 19 26 12 21 27 9 15 30 6 18 25 29
9 0 24 2 17 7 27 1 16 21 4 23 0 21 1 25 29 2 10 5 30 14 19 8 29 24 3 15 14 12 10 8 26 25 7 22 20 19 25 14 21 5 0 27 25 20 30 15 11 18 9 26 2 1 30 3 18 13 27 6 21 27 29 27 1 5 28 0 17 27 18 3 13 22
13 26 1 13 6 4 17 24 8 18 12 2 8 8 26 17 9 29 5 3 7 20 3 7 11 26 7 5 29 18 20 9 10 10 0 4 11 29 8 18 20 28 24 26 12 18 10 15 23 9 1 18 0 30 21 23 12 26 15 5 11 21 5 28 25 5 11 4 27 7 25 17 27 7
14 8 10 8 29 11 2 7 16 27 9 15 19 10 6 19 17 17 21 2 21 2 8 23 1 10 0 29 8 13 0 6 23 3 11 26 14 11 15 23 28 11 0 3 28 16 11 4 13 11 10 11 0 3 1 27 21 24 23 4 9 16 24 27 8 23 1 12 29 5 29 30 20 17
22 8 12 16 15 21 21 17 30 9 24 26 16 19 14 25 19 29 26 24 11 7 22 30 10 6 19 16 17 9 24 29 15 9 10 15 30 19 29 12 24 24 9 23 25 18 1 15 1 9 5 10 17 19 4 19 17 16 6 12 9 11 12 25 13 29 7 4 10 14 25 27 14 24
25 12 10 1 0 10 18 2 3 3 11 26 22 9 2 18 6 29 0 10 26 8 13 19 14 18 23 0 8 3 28 19 7 5 29 5 19 5 20 28 19 19 30 5 3 4 12 22 19 19 19 8 27 18 16 2 21 17 7 12 24 21 23 20 18 4 23 22 19 13 19 5 16 7
4 11 12 18 26 7 14 30 7 24 6 9 7 10 29 14 30 17 4 18 5 22 0 24 28 30 12 11 26 12 25 22 4 12 20 22 27 9 2 7 3 15 4 22 5 3 14 14 30 22 14 24 16 6 23 5 23 3 0 16 18 23 27 1 3 21 16 20 18 27 3 26 30 13
2 29 28 6 24 10 20 23 29 14 15 20 21 26 4 18 11 15 21 29 11 22 29 1 29 5 20 20 29 19 0 28 29 30 15 26 1 25 23 27 0 18 30 9 10 29 13 17 22 24 0 15 23 8 30 20 16 12 11 13 14 9 23 15 19 23 21 0 16 17 19 19 17 15
3 2 9 13 10 4 4 11 18 8 16 27 29 6 6 15 8 5 18 9 19 0 12 21 9 23 6 12 17 15 26 26 24 4 8 15 20 2 1 21 20 19 5 25 9 9 18 0 15 0 21 22 12 20 23 15 9 27 12 16 1 24 26 4 1 25 21 21 1 27 2 24 29 30
30 16 9 8 25 3 12 28 30 3 4 4 6 29 7 10 28 18 17 13 14 6 8 8 25 5 4 4 13 6 6 23 25 21 0 10 16 26 23 18 17 23 16 4 12 20 18 0 7 12 23 25 1 17 16 21 4 18 8 28 9 22 29 6 3 21 17 23 18 10 23 13 9 24
11 9 0 6 13 28 0 30 2 1 14 6 19 20 17 5 12 18 29 24 2 10 4 12 4 19 17 21 20 27 26 19 20 16 29 25 29 23 5 23 23 13 17 30 25 4 23 19 23 25 5 16 15 14 24 20 18 3 19 17 1 15 12 2 5 14 4 13 14 3 14 10 19 5
5 7 18 13 20 18 23 16 1 12 2 8 29 7 2 14 12 18 7 19 29 10 24 14 24 23 22 16 11 19 17 30 14 21 23 12 5 23 28 22 19 13 17 22 26 23 25 21 18 22 27 5 7 10 14 11 19 19 22 13 16 16 27 26 7 5 20 28 3 13 29 27 13 30
7 16 7 20 28 8 15 22 17 21 3 23 9 17 17 18 18 22 25 16 15 2 25 2 14 6 30 19 7 4 30 2 11 22 26 21 24 28 24 0 5 19 9 17 17 28 18 22 30 30 27 3 24 7 13 15 17 23 20 19 1 26 15 28 30 8 13 12 25 17 28 1 4 28
22 23 6 13 12 18 18 6 20 8 30 6 3 7 29 15 20 27 13 24 10 6 29 2 4 25 12 28 10 12 23 12 15 15 14 26 6 21 19 25 13 22 20 27 30 26 7 5 24 25 28 28 17 20 27 11 5 19 23 12 6 4 3 22 12 11 8 0 3 1 26 24 8 7
22 12 8 23 30 24 25 28 6 23 21 12 17 29 12 1 26 8 26 22 11 0 27 25 1 16 24 6 30 14 2 3 0 1 10 5 7 29 10 25 19 2 22 23 4 28 29 5 14 5 29 26 1 23 10 15 10 0 10 19 11 9 11 16 10 7 29 10 5 19 21 17 6 3
17 8 18 22 13 16 23 0 21 28 7 27 10 4 23 6 27 16 29 5 6 6 26 3 13 13 20 15 12 13 5 30 21 2 19 30 8 20 6 5 30 10 30 14 13 10 20 1 26 29 20 16 16 2 8 9 10 17 19 12 5 17 4 13 25 11 3 0 4 28 30 4 10 15
1 7 4 24 0 6 24 24 6 22 14 7 1 29 8 6 27 10 28 19 7 30 25 13 28 2 23 16 28 9 14 23 5 13 22 19 24 4 5 15 17 29 8 8 26 13 29 3 23 25 21 4 4 17 13 21 23 17 26 8 7 12 11 27 16 0 24 0 5 21 17 0 25 6
12 15 7 16 1 5 15 12 25 2 0 30 6 17 6 4 1 26 27 13 4 25 10 5 5 18 20 2 27 18 9 22 8 14 7 12 28 17 6 8 6 2 27 25 17 15 29 20 17 30 4 16 11 16 21 26 3 25 25 14 0 19 16 16 13 11 19 9 14 9 30 4 15 14
11 17 17 25 9 25 25 16 24 22 17 2 21 28 16 30 3 2 8 24 20 13 22 2 21 8 22 7 14 2 16 28 25 20 13 8 27 29 23 3 6 24 10 13 20 8 3 4 0 7 2 20 8 15 7 15 15 25 6 25 20 22 28 27 4 0 15 7 28 25 3 20 13 14
18 15 6 21 11 17 7 9 17 5 21 22 12 4 11 24 10 4 15 8 15 25 10 2 14 22 23 8 8 17 14 12 24 10 29 25 28 21 20 2 2 9 2 28 12 1 18 28 27 18 5 25 8 27 1 29 1 1 13 5 30 16 18 23 29 12 26 21 21 24 2 5 1 21
0 16 28 29 23 4 2 15 2 2 12 23 25 26 11 5 11 18 24 14 16 4 27 13 22 0 24 25 2 12 30 29 1 20 10 5 26 7 18 21 20 28 8 6 6 20 30 14 30 9 15 0 20 10 16 12 12 26 26 15 23 8 0 23 9 5 12 7 2 6 13 19 26 8
18 25 10 19 5 26 4 26 1 28 28 20 0 9 26 27 17 10 14 18 25 4 16 4 7 20 15 28 6 23 29 7 24 24 29 10 4 25 24 5 29 26 8 22 3 2 7 23 3 2 1 7 30 4 15 30 13 5 25 24 5 23 9 26 26 19 21 24 25 16 27 18 14 4
30 24 19 26 11 1 6 3 26 11 19 23 8 14 4 30 19 7 19 10 3 14 11 3 14 21 20 17 26 19 14 17 24 15 29 1 2 17 22 13 14 8 26 15 7 30 22 26 12 3 2 1 2 26 3 30 18 21 24 17 17 1 21 26 16 23 21 30 17 3 10 17 25 16
1 30 6 12 9 20 2 3 16 10 23 20 22 29 14 6 2 8 26 24 6 15 11 16 2 3 7 1 4 25 27 21 2 10 16 20 14 21 17 7 26 7 13 4 18 12 18 10 5 29 15 16 20 15 20 17 25 2 26 7 14 16 19 24 24 7 11 20 10 13 14 1 25 27
2 7 16 15 11 2 8 17 17 28 1 19 23 29 6 4 29 20 0 13 8 5 24 13 4 14 6 22 14 3 14 17 3 28 23 25 18 8 11 5 25 6 17 4 5 19 23 29 22 27 3 11 0 16 13 21 10 25 8 8 17 14 18 8 21 19 21 1 11 19 16 24 11 27
28 21 1 19 7 23 5 16 0 28 8 28 18 13 15 12 6 7 9 8 14 1 3 18 21 6 0 15 11 20 6 27 19 11 24 19 16 26 25 27 25 13 16 1 15 9 9 20 16 2 4 15 22 24 7 3 8 25 1 29 2 9 8 2 26 8 18 1 7 20 16 30 7 10
16 16 12 2 7 4 27 4 29 25 3 8 12 23 4 18 22 4 20 13 8 30 25 19 9 22 18 20 22 30 25 19 8 20 19 12 20 2 29 29 27 23 28 15 28 18 26 23 18 24 14 9 13 11 8 2 17 17 2 14 13 30 19 22 10 4 11 9 8 9 16 8 28 24
18 19 16 10 29 14 30 5 12 20 29 1 11 28 15 25 2 19 6 9 15 2 27 2 8 1 16 22 22 22 8 19 22 19 6 25 16 1 13 4 5 26 24 4 16 4 18 5 8 14 11 6 13 1 14 2 11 16 23 2 26 11 15 29 26 10 8 12 11 20 7 22 15 8
