76 76
18 25 25 28 21 5 1 24 8 3 0 14 1 20 2 17 6 12 21 5 21 14 13 14 26 20 7 13 11 20 11 2 30 9 17 3 19 12 23 10 12 27 20 15 25 9 8 12 7 15 13 10 24 21 7 2 30 14 13 17 6 21 21 30 17 11 3 23 23 15 21 9 27 27 6 29
29 24 25 8 13 26 20 13 5 20 3 1 15 8 27 4 1 25 2 16 2 28 7 24 5 28 0 2 16 20 12 22 4 8 7 12 23 3 9 13 27 19 30 9 30 15 6 17 26 2 2 28 8 27 13 20 13 26 2 26 22 10 20 18 12 1 22 14 3 11 0 8 30 6 28 27
14 24 3 6 11 2 10 13 26 16 29 16 21 7 12 5 3 22 24 2 21 24 0 6 6 11 0 29 17 18 14 27 14 3 30 3 22 23 5 22 2 9 5 29 2 15 5 22 18 22 8 21 6 18 7 6 10 29 18 3 9 11 3 13 22 2 11 4 15 16 9 0 8 10 23 19
28 25 5 4 19 2 26 9 26 27 0 22 23 24 11 15 16 23 13 3 7 28 21 18 13 11 17 8 12 18 26 2 10 22 29 10 29 24 12 22 2 22 6 12 4 21 27 13 12 23 7 2 3 26 12 0 15 11 8 21 30 13 19 22 29 18 2 6 3 17 28 17 28 3 11 21
15 26 30 30 21 17 16 14 27 14 18 0 21 8 0 1 14 9 6 24 21 12 2 29 29 28 24 24 10 15 30 7 30 16 3 21 14 12 17 16 19 26 28 28 5 12 30 0 16 4 5 23 2 12 19 24 19 3 26 0 5 18 7 18 22 24 2 22 15 19 27 7 17 25 14 3
14 26 14 14 17 7 16 4 8 6 13 5 14 21 11 0 28 13 3 6 3 19 0 29 27 5 2 13 13 20 7 28 27 19 23 19 23 30 6 18 0 30 5 20 2 16 11 16 9 19 11 16 24 10 10 9 8 19 18 30 22 8 8 18 15 28 21 5 29 10 17 2 19 17 23 7
14 27 6 19 29 12 13 16 23 9 17 28 5 5 18 17 2 24 20 20 14 21 8 28 29 12 3 17 28 6 28 7 1 19 29 4 19 20 26 18 10 3 0 19 27 11 3 0 24 4 10 28 11 18 18 21 11 9 21 26 30 7 18 9 28 5 20 2 16 20 5 30 2 0 13 16
21 20 16 12 10 17 19 11 15 16 1 6 5 22 0 12 27 17 11 1 11 18 15 26 17 5 23 6 14 21 24 27 27 10 28 26 10 17 17 0 29 18 17 18 16 3 8 15 10 5 27 17 17 13 20 28 11 21 16 8 24 28 19 0 7 9 19 21 16 21 16 18 7 15 14 5
14 15 8 15 20 8 1 24 28 7 20 16 9 23 28 9 8 3 17 13 29 19 14 29 10 23 9 9 5 20 4 12 17 12 15 5 0 0 6 6 23 23 12 20 3 30 2 21 26 9 17 22 14 15 14 7 30 6 26 28 23 3 16 4 16 25 13 4 17 23 17 0 22 28 29 17
25 20 14 10 10 23 5 30 3 23 7 14 6 28 23 17 12 7 2 2 12 8 27 15 0 20 3 11 23 29 4 24 10 28 1 26 18 30 21 23 2 24 27 23 9 9 26 28 27 8 16 6 17 13 28 12 1 3 20 14 30 12 5 23 0 20 3 28 22 13 18 4 30 6 16 5
27 4 7 7 5 22 16 27 10 30 27 28 9 22 2 20 15 25 28 14 19 20 18 22 28 25 13 18 23 9 30 0 21 6 16 21 28 8 16 22 30 20 18 22 6 0 1 3 12 25 2 3 16 13 1 9 13 11 26 18 0 23 25 4 13 21 28 19 4 10 28 18 20 29 12 3
25 20 23 22 23 24 19 17 8 1 6 15 19 0 12 4 1 22 1 30 20 1 14 4 10 7 19 23 24 4 29 4 14 15 15 27 0 12 0 7 29 3 10 4 25 23 12 30 13 4 5 28 27 5 18 22 4 5 25 16 25 13 5 3 25 3 3 15 23 28 13 16 4 28 6 28
17 24 9 5 29 12 0 30 5 27 12 11 23 22 20 24 24 6 4 2 23 12 26 14 14 7 16 28 29 3 20 18 20 23 4 12 1 25 15 1 9 3 13 3 25 21 9 18 30 21 23 29 21 29 29 25 17 15 5 22 30 18 23 6 5 16 18 21 24 4 10 21 6 12 0 8
25 9 2 23 12 5 29 17 6 1 13 15 9 1 3 17 20 22 22 14 25 0 18 27 26 22 3 16 19 14 9 25 13 27 11 20 26 8 15 0 15 30 1 4 21 4 23 25 24 11 9 5 11 23 25 0 25 12 9 5 7 7 15 30 19 18 25 21 20 28 29 18 23 18 28 30
11 19 27 11 19 26 25 22 26 8 23 6 2 25 6 18 6 18 14 24 7 22 22 3 17 9 3 26 27 26 23 22 4 29 9 23 12 22 26 24 1 16 1 13 20 9 27 8 16 12 28 1 22 0 7 30 29 2 21 27 15 6 16 28 29 4 24 14 2 0 23 8 30 23 14 23
4 17 12 24 12 2 26 29 2 30 13 11 26 10 27 27 3 17 3 6 11 10 11 5 15 7 24 22 23 7 21 14 12 5 7 24 9 18 16 7 1 28 4 2 8 17 10 24 11 29 1 4 18 16 27 11 11 0 2 8 16 5 9 30 19 20 22 18 9 0 7 19 8 20 28 29
1 17 27 12 15 30 28 9 16 19 19 20 1 12 8 26 17 1 21 14 1 0 25 1 28 28 30 1 11 5 15 13 12 16 19 2 11 0 14 0 29 25 16 22 5 19 17 15 8 7 30 17 30 26 26 16 4 24 7 21 3 5 27 19 17 10 2 17 5 23 15 6 29 14 17 16
30 22 7 21 5 26 12 23 23 9 5 11 21 8 2 11 13 15 1 2 15 26 24 6 21 5 5 27 2 11 14 24 5 17 14 18 0 26 11 27 25 12 24 19 5 28 5 1 29 7 22 14 30 1 23 29 8 21 9 8 22 10 10 26 24 19 29 0 15 3 1 27 6 7 18 9
6 5 8 19 10 26 29 12 11 20 25 28 0 0 22 12 6 0 20 14 13 20 0 2 9 23 17 12 24 30 0 24 0 29 16 2 17 10 20 10 19 8 11 27 10 12 27 23 2 8 7 9 10 27 28 3 15 9 12 18 16 20 23 14 1 10 17 24 2 7 22 2 1 12 10 21
15 21 26 4 1 7 8 4 2 1 0 11 9 16 1 16 27 3 20 8 19 9 6 10 19 17 2 15 14 28 25 26 8 18 28 2 25 30 12 14 8 29 13 28 27 21 2 22 26 29 14 19 6 17 13 26 30 0 17 16 1 28 29 18 10 2 24 28 27 25 6 20 25 9 27 20
28 12 14 17 26 3 12 25 24 30 22 11 23 20 20 27 7 28 7 22 11 2 13 23 10 29 5 14 24 20 19 11 11 30 1 17 18 3 9 17 18 24 14 23 22 12 23 21 13 2 21 15 14 0 21 17 4 20 12 27 13 29 27 7 15 17 24 28 21 29 3 20 27 29 25 6
8 28 25 6 28 27 15 5 9 8 13 3 25 16 13 20 10 3 21 14 14 2 2 3 30 3 28 9 6 16 15 22 23 28 15 4 30 14 5 22 23 7 15 20 30 13 1 20 25 3 15 23 16 9 22 17 2 16 13 2 15 5 27 24 25 10 28 18 9 28 16 27 19 22 17 16
9 16 6 10 1 20 10 10 13 9 27 18 8 28 20 8 1 10 5 24 7 19 6 28 19 30 25 16 16 15 16 0 27 6 18 12 30 8 26 3 19 25 28 25 14 1 23 11 27 14 11 16 24 27 12 3 13 18 5 4 2 25 28 13 19 17 6 29 5 18 26 5 10 27 29 20
19 12 28 29 9 27 8 4 28 15 15 27 27 7 17 24 17 19 13 1 19 16 11 15 12 21 13 12 10 25 7 22 8 23 9 1 14 9 28 18 20 18 24 0 24 30 10 3 19 8 17 18 25 8 15 0 0 26 13 18 1 23 1 10 12 13 2 29 12 20 7 20 18 10 5 4
21 20 3 10 5 11 8 9 15 29 5 4 4 9 14 18 13 18 24 29 21 3 15 22 14 19 9 12 19 9 18 0 24 30 12 26 6 1 8 14 20 16 3 15 9 20 24 5 6 17 0 26 14 9 15 9 26 8 4 6 4 2 14 12 5 2 23 7 22 9 16 27 27 27 9 2
14 23 28 9 6 4 11 14 15 0 30 2 6 5 21 20 24 29 11 1 10 18 20 14 8 27 10 8 1 17 6 4 2 17 13 26 9 18 11 16 23 22 6 28 27 24 16 5 5 7 18 14 11 8 24 4 3 9 22 26 0 16 8 1 30 19 5 22 29 15 24 23 2 21 24 6
3 24 23 8 13 12 0 13 5 27 25 2 3 18 25 23 17 16 14 7 19 9 15 8 23 17 21 6 10 13 25 5 16 30 8 8 20 25 9 20 6 18 19 0 10 16 20 16 16 3 12 9 6 0 27 28 29 15 12 1 25 22 8 5 16 18 27 17 22 2 7 26 15 20 9 21
29 9 14 8 15 5 18 28 15 11 28 18 4 30 19 28 2 21 5 25 24 7 20 29 18 29 0 27 20 8 14 6 11 1 27 4 9 15 2 20 27 3 22 30 9 2 8 14 8 16 27 5 2 0 17 30 13 7 22 25 1 13 10 2 12 5 30 30 23 10 7 11 12 3 28 10
7 21 21 15 13 12 15 19 21 14 8 4 8 30 30 19 28 14 0 14 11 26 3 10 9 18 22 26 14 1 5 30 16 5 5 0 11 17 16 4 30 0 29 30 29 9 27 17 15 21 22 8 28 29 13 7 0 22 9 27 0 14 11 12 30 15 8 5 26 3 28 13 30 14 24 0
6 21 26 8 6 25 12 19 16 14 13 7 21 20 14 26 6 17 4 28 19 14 19 7 26 30 7 24 20 6 11 6 19 5 14 9 19 28 25 6 24 30 27 16 29 16 17 10 15 4 1 13 25 2 28 18 21 12 4 2 20 17 12 15 10 27 26 23 24 26 7 10 0 10 25 14
10 14 30 10 5 16 20 15 29 9 9 5 10 18 5 23 22 19 5 7 1 2 7 0 2 13 8 2 8 23 17 2 29 22 27 19 18 19 19 27 0 23 19 28 25 13 18 8 15 11 18 18 9 0 1 2 24 14 25 0 26 8 14 2 2 21 15 14 7 30 15 22 3 19 24 9
20 25 22 4 1 10 17 6 5 23 4 1 17 14 16 15 16 22 29 30 4 30 4 10 4 2 1 28 5 20 6 21 14 23 13 2 4 25 4 11 24 11 9 5 11 8 7 13 28 18 10 26 1 7 30 22 2 28 13 30 5 8 0 21 27 7 13 11 6 21 18 12 30 12 22 13
16 26 11 18 27 2 15 3 20 20 3 11 23 23 15 0 8 16 30 23 25 1 17 27 29 7 7 1 15 18 22 22 12 4 21 24 14 7 8 6 7 5 19 19 18 24 20 24 15 14 11 20 29 15 12 6 20 7 13 26 18 6 8 3 24 29 15 11 5 13 0 9 30 29 10 7
26 16 16 21 24 28 10 14 17 15 9 2 20 13 3 9 28 21 7 25 12 8 12 30 3 12 2 9 23 6 25 18 15 18 0 3 14 25 26 18 7 8 23 20 11 7 28 20 10 30 12 13 13 20 25 20 7 18 27 16 20 24 3 13 23 6 27 29 29 29 5 21 20 27 7 1
17 5 29 0 13 29 10 7 2 22 7 18 8 24 14 6 1 12 14 25 14 8 9 20 24 7 25 3 23 19 14 22 17 10 10 5 14 20 27 5 5 20 9 4 22 2 24 24 4 25 3 19 22 14 21 22 9 30 27 28 0 5 11 6 14 20 9 15 24 22 7 3 26 29 9 13
28 6 19 28 13 16 21 5 0 20 25 17 0 23 13 23 19 7 1 23 16 16 8 26 0 23 7 27 12 29 2 4 15 27 12 20 4 21 27 8 9 29 1 17 29 28 12 19 26 6 9 0 2 4 28 21 27 4 8 10 9 17 6 26 1 16 5 7 24 29 14 4 15 7 19 17
18 16 22 3 27 4 20 30 8 2 7 8 13 24 0 9 3 30 3 2 27 30 3 23 22 3 1 13 16 22 26 13 26 20 28 5 29 18 29 3 23 3 8 25 0 11 4 27 25 30 27 2 23 19 17 27 16 1 17 14 19 4 18 13 15 10 22 16 25 9 25 15 27 6 24 3
29 5 17 24 25 15 18 17 17 10 7 24 19 23 1 21 24 10 10 30 22 16 28 4 18 27 25 10 9 23 26 8 28 16 12 7 13 27 0 13 0 17 17 15 19 10 4 6 10 10 11 8 9 9 30 2 3 13 4 17 18 9 0 19 3 15 17 21 23 4 15 5 23 1 24 28
4 26 17 3 4 9 29 11 15 2 9 27 24 12 28 17 19 15 0 3 25 25 21 8 20 16 4 19 24 26 9 9 2 11 30 12 0 16 29 21 28 19 10 27 9 0 1 28 0 14 26 16 19 29 5 28 27 19 4 6 30 14 18 6 24 6 6 22 2 29 14 7 15 26 4 29
16 29 8 10 0 26 18 8 9 3 11 19 8 1 4 10 9 15 26 25 25 7 3 28 11 28 27 12 6 0 17 0 21 23 16 10 7 23 1 22 6 16 13 21 12 30 11 21 15 27 30 16 22 27 26 19 14 9 9 18 22 11 9 23 27 1 3 28 12 12 4 2 9 8 24 2
16 19 28 18 29 8 19 19 23 25 29 24 9 16 22 16 15 15 2 25 26 24 27 3 25 4 15 26 18 22 25 25 10 11 1 1 14 26 29 0 13 27 9 28 12 28 15 1 5 20 8 25 3 25 3 30 20 18 5 29 26 29 18 22 14 16 22 9 8 6 12 29 1 21 15 5
13 0 29 26 11 2 12 24 12 6 3 17 10 14 4 23 7 13 15 1 16 15 22 19 7 19 23 16 25 24 30 25 22 3 30 13 19 21 4 15 25 7 28 6 26 28 29 7 29 2 23 10 12 29 28 7 15 30 30 8 24 28 25 22 15 19 8 18 13 13 21 11 19 7 16 0
6 7 8 21 18 22 21 7 27 25 0 26 26 28 5 29 6 12 7 28 1 5 30 3 22 0 24 8 28 15 9 28 28 14 1 9 5 5 7 9 26 17 16 4 14 7 4 29 20 6 29 25 11 27 18 5 12 10 26 15 29 19 15 6 4 13 2 8 11 14 25 13 25 19 27 22
25 14 18 17 28 27 25 5 27 23 14 17 2 15 2 9 8 3 11 15 6 13 19 7 23 7 21 21 8 18 20 8 22 7 13 22 17 20 29 2 13 28 14 16 11 0 7 24 27 13 11 18 14 11 28 12 23 26 1 10 26 19 15 12 19 23 5 17 19 8 11 7 7 11 13 6
1 12 24 19 19 24 6 17 16 22 8 27 15 0 10 27 13 7 0 9 3 10 14 2 4 11 29 14 3 10 28 0 8 20 15 11 4 16 20 4 11 7 9 26 11 12 0 28 17 4 15 25 18 28 20 29 19 28 10 28 12 5 23 7 28 20 19 19 23 16 3 21 0 29 8 22
22 10 25 12 29 15 4 27 30 10 3 14 23 10 10 12 14 23 22 26 11 12 10 20 5 30 6 27 21 2 26 18 24 10 25 12 10 7 19 27 13 27 25 27 8 1 14 3 3 13 7 15 12 13 23 13 6 13 23 20 4 14 30 30 24 13 24 5 19 6 26 1 26 7 21 17
17 13 27 7 26 12 16 8 16 28 12 29 16 12 22 26 30 23 6 8 27 14 30 30 2 14 13 6 30 15 28 28 21 6 8 9 30 10 23 8 9 24 15 24 15 23 10 12 8 16 22 18 0 4 15 26 2 13 22 11 16 6 22 18 20 20 22 19 5 5 14 10 5 10 8 28
29 13 4 28 5 10 15 5 26 15 15 16 19 25 22 8 4 16 7 4 20 29 10 9 15 27 2 4 18 8 3 9 6 4 16 14 13 21 24 13 16 30 14 3 25 12 12 9 18 25 18 7 28 8 24 25 24 24 11 13 2 15 11 13 6 2 23 23 6 17 7 18 10 12 1 18
29 24 3 7 17 22 0 6 7 0 27 29 8 16 19 23 6 3 26 2 27 10 17 21 4 11 6 26 10 27 12 29 0 29 21 14 12 13 30 25 27 2 0 4 22 25 13 19 25 10 21 8 13 7 29 16 20 11 12 10 5 25 7 26 20 9 16 7 17 13 8 15 25 18 28 9
16 17 2 27 21 14 19 4 2 23 28 28 29 27 20 0 20 19 9 1 10 24 0 26 6 14 12 15 10 15 6 23 30 25 9 18 9 17 16 8 10 16 23 10 22 6 22 20 20 20 9 1 15 24 21 27 3 13 10 2 29 24 12 27 4 0 28 18 1 30 13 13 12 29 17 16
2 13 21 5 13 18 11 21 13 4 21 3 22 1 15 11 17 17 15 22 15 17 23 25 20 5 18 7 26 9 9 28 26 10 21 16 5 14 3 2 2 21 2 3 14 14 29 29 6 17 17 27 7 30 9 15 27 18 29 12 13 2 12 1 12 30 21 30 30 1 8 13 13 5 20 26
22 28 28 30 8 24 16 23 29 0 8 29 20 26 2 22 8 27 22 15 20 28 28 25 13 20 8 28 18 23 19 8 2 25 11 29 13 21 6 15 7 15 24 21 30 6 7 24 26 7 30 23 13 17 15 6 17 19 21 14 0 24 18 22 25 2 21 24 10 23 28 26 2 5 18 17
13 1 4 19 9 3 10 23 17 26 20 25 29 5 9 13 1 21 3 15 11 10 25 2 23 13 25 17 2 25 13 7 1 14 20 30 29 7 17 6 4 23 9 24 17 13 7 14 9 18 2 18 3 10 21 21 2 22 17 30 20 4 6 15 10 20 16 0 15 15 20 17 30 8 10 16
15 19 24 0 10 24 9 8 16 5 24 12 22 11 13 11 30 13 13 11 22 22 18 24 23 26 12 23 17 12 26 24 7 5 29 21 26 8 27 10 9 28 26 0 8 20 3 11 2 29 16 28 22 13 15 1 30 13 25 26 30 7 6 17 22 27 4 22 3 28 11 0 3 29 9 8
19 19 3 2 13 14 13 22 28 20 7 29 20 23 0 6 4 8 25 29 7 7 21 26 28 9 23 6 28 13 25 7 10 18 13 26 15 19 17 2 29 3 1 27 26 0 15 2 2 21 12 20 5 6 22 8 4 15 22 8 6 0 10 19 13 17 11 23 26 13 15 17 24 13 3 21
29 7 17 28 21 26 24 20 30 23 21 22 25 19 21 1 30 6 15 18 14 20 21 0 14 19 29 27 11 1 13 3 18 19 23 27 29 15 23 10 30 2 11 7 7 15 9 0 21 13 9 12 10 22 29 12 18 0 29 3 0 2 20 13 13 15 17 9 27 16 24 27 18 6 29 15
18 13 7 3 13 24 21 26 12 12 20 19 3 3 1 4 26 0 9 26 15 1 30 5 6 8 13 12 20 16 18 30 22 0 9 17 4 29 22 14 1 12 2 5 15 22 23 5 14 15 26 3 6 19 29 22 3 15 9 23 12 15 25 19 23 27 19 3 1 18 19 17 5 13 26 22
8 11 21 2 28 4 22 14 8 1 5 19 23 12 30 30 28 2 26 0 26 14 17 30 20 16 30 10 14 4 10 16 12 4 10 24 16 21 14 12 1 8 30 26 17 23 2 6 4 14 25 0 2 18 24 19 22 21 1 9 17 13 21 0 17 13 13 6 12 1 19 19 25 27 12 0
26 25 16 22 15 20 27 22 16 3 5 6 5 9 10 8 5 10 22 7 0 13 12 8 4 5 5 3 17 1 20 9 20 7 16 18 4 8 18 12 28 16 30 2 4 22 12 21 8 26 17 7 16 7 30 0 14 27 20 27 28 16 7 12 16 30 30 2 20 10 0 21 26 28 0 27
15 1 21 4 8 6 9 25 5 18 17 11 1 18 17 16 4 3 14 29 19 17 22 12 27 8 27 6 30 12 18 22 2 21 3 27 6 19 12 5 21 19 5 24 19 6 5 13 21 15 27 3 0 8 11 5 0 20 13 21 5 21 12 3 26 22 7 23 30 2 23 9 8 23 12 10
4 17 29 21 16 0 30 19 8 7 18 3 7 5 0 30 16 27 0 17 28 20 2 14 11 2 10 6 25 28 21 22 19 25 6 0 5 16 7 29 16 3 27 25 2 20 30 6 19 26 1 22 12 7 28 10 8 25 22 14 27 1 12 28 9 10 9 6 24 2 15 8 0 2 22 21
23 17 1 12 2 22 1 9 14 25 29 0 23 28 27 21 29 28 27 30 17 23 20 16 10 22 4 24 12 13 7 13 29 0 29 23 21 19 3 11 26 16 23 0 9 17 27 1 1 29 7 24 11 18 29 4 20 12 13 30 23 3 24 13 23 12 7 24 18 16 11 4 21 20 19 13
9 10 30 6 28 24 12 7 27 19 21 20 18 26 26 0 8 29 6 16 24 1 19 21 22 10 18 16 18 6 0 16 6 15 7 20 9 2 1 6 16 9 8 25 29 27 22 8 5 7 6 15 20 6 12 18 6 24 27 15 20 13 6 14 1 1 14 20 26 12 28 5 5 13 29 17
24 0 21 28 18 2 23 16 22 17 20 4 28 5 29 8 12 10 5 24 6 10 2 30 18 24 12 22 19 14 8 3 21 6 25 4 22 16 4 23 25 24 14 18 14 15 4 10 17 0 28 15 6 11 12 0 29 22 29 11 0 29 19 26 3 2 17 9 28 23 11 23 28 8 30 22
25 15 5 1 26 29 22 10 16 3 27 5 10 9 27 21 13 22 19 30 22 1 18 18 2 28 11 19 6 11 5 30 13 15 28 24 21 0 26 15 24 15 11 12 18 21 18 19 27 13 25 25 21 18 29 1 26 28 25 10 12 2 19 15 12 13 10 12 24 3 2 26 6 4 4 1
2 4 25 22 9 7 18 0 29 19 15 21 4 26 20 4 3 5 4 0 11 25 19 8 28 2 6 12 30 16 28 9 15 28 0 0 1 1 9 4 3 27 27 2 21 30 15 17 13 5 28 12 3 28 0 20 22 22 15 19 10 18 27 10 26 21 12 5 10 6 19 13 5 28 19 4
21 27 28 9 28 28 22 16 1 22 16 0 19 19 13 6 22 18 11 23 27 12 18 7 9 28 21 21 4 6 16 4 1 19 7 19 30 27 23 16 26 19 23 3 14 14 26 28 29 30 19 13 28 9 25 13 10 7 8 10 12 22 12 3 16 13 13 16 12 14 9 20 21 18 2 20
29 29 5 28 4 17 4 23 13 18 7 4 8 21 19 10 5 4 25 21 9 21 4 29 3 26 19 11 19 26 11 13 19 27 21 30 21 23 11 19 24 29 7 23 16 30 1 17 11 20 7 14 8 5 20 2 16 15 5 0 23 9 15 29 16 2 2 21 5 12 29 23 27 1 13 21
8 17 20 20 12 20 13 4 21 13 10 8 1 27 24 7 29 9 8 19 22 15 27 2 3 15 0 14 28 5 26 16 2 29 11 10 25 16 28 22 25 14 6 20 21 15 4 18 29 3 19 12 19 3 30 23 5 26 4 5 13 26 17 14 26 4 24 20 25 17 21 25 1 30 12 19
16 26 29 4 3 28 11 16 22 5 1 11 14 10 7 29 10 24 18 8 4 3 18 0 29 8 25 22 10 6 27 13 28 25 25 4 9 23 28 14 11 27 1 26 24 19 22 28 25 0 22 17 5 11 24 30 5 1 0 12 8 19 27 12 3 26 19 6 29 16 19 10 30 13 11 8
0 6 10 16 11 7 28 17 26 21 6 23 5 29 14 16 17 13 5 23 10 9 20 4 18 13 24 8 17 18 30 21 24 29 30 4 2 18 30 3 15 7 3 1 19 7 26 14 0 12 27 0 9 25 10 7 1 0 17 29 9 30 29 7 18 12 5 7 6 4 22 22 6 21 11 20
16 15 10 8 17 18 30 20 20 1 3 0 30 13 7 19 17 2 24 29 29 6 8 27 7 21 9 10 28 23 26 20 19 0 16 11 25 9 22 19 24 4 12 28 8 20 0 25 29 2 19 14 28 9 17 16 28 23 28 6 26 22 6 17 29 30 23 14 20 4 26 22 6 27 10 28
0 8 27 21 20 3 9 25 25 25 24 5 16 8 25 15 30 10 26 23 11 25 6 24 11 3 18 3 19 2 2 0 6 6 1 27 16 9 27 3 27 14 16 13 11 27 9 1 11 6 10 20 20 17 17 9 21 5 19 8 2 18 12 26 25 3 13 12 2 10 11 0 22 0 13 12
17 23 20 24 23 2 30 1 17 11 5 30 20 17 25 2 14 30 29 19 6 25 11 20 27 5 22 3 6 16 26 24 19 10 14 27 3 4 7 30 3 17 11 22 6 8 25 4 2 17 20 28 4 11 27 9 15 20 17 20 2 13 5 28 10 16 16 25 7 28 28 11 15 5 2 9
14 16 5 21 22 1 20 8 12 2 5 10 19 0 5 29 16 15 5 5 10 1 21 15 12 6 5 12 11 5 17 19 11 19 18 17 25 22 17 21 17 21 7 7 3 28 20 27 29 27 28 26 24 23 27 24 14 27 30 15 21 12 0 16 25 3 17 9 5 13 11 15 14 27 21 14
15 18 10 21 2 19 17 21 28 6 27 16 6 22 27 18 19 22 28 6 26 10 19 13 26 8 29 1 19 17 2 29 28 21 23 25 8 9 18 7 0 29 21 19 4 26 15 21 23 30 30 18 30 15 9 0 30 30 4 7 21 14 26 9 12 3 2 4 12 16 4 17 6 23 29 4
