79 79
8 16 11 29 20 14 0 11 14 1 25 21 12 28 13 0 21 3 2 21 18 11 24 9 26 19 23 20 15 1 7 29 24 1 24 11 29 21 28 5 5 2 3 2 7 3 7 22 12 18 13 8 7 30 4 6 22 19 18 0 18 1 20 19 27 27 9 29 7 30 3 18 17 13 16 19 20 15 16
27 15 18 22 4 5 8 2 0 24 28 21 20 3 6 2 24 17 14 1 24 17 0 13 7 17 18 25 11 21 1 18 29 6 8 14 0 8 7 30 1 19 23 1 15 3 9 23 15 26 30 16 6 22 10 29 2 10 5 6 23 28 13 4 12 7 26 10 28 25 23 30 25 16 1 21 19 2 17
15 27 11 30 27 8 7 12 6 24 11 10 1 22 6 1 9 6 5 23 9 3 7 7 9 22 6 27 9 1 23 17 20 25 1 10 15 16 29 12 1 15 18 17 15 14 9 9 16 21 26 6 1 20 25 21 27 3 14 11 3 7 23 27 24 27 18 24 30 12 5 15 2 10 20 5 27 0 18
7 12 30 26 17 12 0 0 19 14 2 5 12 2 16 2 23 28 11 25 24 14 13 7 25 29 18 2 5 26 8 28 18 4 30 2 24 3 6 11 22 14 8 28 6 26 1 18 7 10 4 9 25 15 1 9 18 14 1 22 25 22 2 12 4 17 4 0 24 26 24 15 26 21 5 20 30 5 22
3 17 14 30 3 14 10 19 11 20 0 0 30 27 27 30 22 5 7 5 6 6 21 24 28 30 10 17 13 22 21 17 20 20 28 15 14 10 11 21 3 26 22 5 16 16 13 21 25 20 26 8 0 12 29 2 21 16 28 20 17 25 29 7 22 13 27 30 19 29 0 8 23 19 18 9 23 3 2
27 0 11 16 18 20 13 1 12 3 7 2 2 9 25 12 17 4 0 25 9 0 10 21 0 1 14 25 20 16 9 0 5 9 22 6 17 22 5 9 9 13 13 12 9 14 24 18 24 2 3 13 17 29 18 24 5 13 19 15 2 1 16 27 16 22 1 5 10 7 2 25 7 25 17 13 2 7 8
17 26 15 25 2 13 1 5 14 21 22 20 25 8 8 28 2 4 12 9 24 9 20 14 17 0 11 7 22 26 16 0 3 19 28 0 21 22 30 4 24 19 8 2 12 1 0 8 7 2 30 4 30 28 30 22 26 18 23 17 3 20 30 24 10 30 9 29 0 18 3 14 16 21 26 4 27 2 28
21 28 27 26 2 23 15 16 4 27 16 6 26 10 23 4 25 19 8 19 26 8 26 0 25 11 6 16 4 2 4 18 3 4 22 7 4 21 8 26 29 2 2 16 24 11 6 15 2 29 20 22 3 28 28 11 30 8 29 26 25 14 21 28 8 28 4 10 2 0 7 5 22 26 12 22 2 5 26
13 24 27 18 4 10 5 11 2 3 23 28 6 10 17 30 18 0 21 9 30 3 13 2 5 5 14 17 7 9 15 19 30 14 14 29 10 2 14 17 6 10 7 16 5 11 22 29 14 16 8 13 24 24 23 12 25 18 27 8 28 27 5 11 19 4 17 28 29 30 4 9 30 17 13 9 14 14 9
21 13 1 29 7 19 14 19 28 19 28 25 21 11 13 26 22 19 2 22 16 4 21 12 6 17 17 23 9 6 13 8 7 18 16 25 12 6 17 11 23 15 12 15 9 12 21 3 26 11 14 14 11 22 8 11 12 19 7 29 29 0 29 18 14 21 8 3 4 17 19 9 10 2 12 10 11 3 15
13 8 1 0 3 19 17 19 24 30 20 6 16 5 3 17 16 0 3 16 19 22 18 18 30 29 0 21 5 30 13 7 28 1 0 7 15 5 12 14 16 7 28 2 10 19 15 10 7 15 23 20 27 27 25 7 15 27 3 20 30 16 4 14 24 12 23 18 16 8 23 9 22 15 23 16 25 11 29
20 21 30 29 8 20 5 3 12 23 23 19 13 13 21 19 15 13 30 22 23 8 10 24 3 2 11 20 25 7 16 14 13 26 23 24 7 24 14 23 1 12 26 11 15 11 25 30 9 12 11 13 0 27 11 12 30 12 18 16 29 27 20 11 5 5 5 18 20 14 7 21 12 17 22 26 19 17 7
25 16 27 28 7 26 29 30 17 24 0 17 24 6 15 20 10 16 16 14 3 8 0 11 5 1 12 7 9 26 4 20 18 4 24 21 10 8 10 21 26 25 21 13 27 11 5 28 23 16 16 14 1 4 26 23 13 17 17 22 2 3 2 20 23 8 9 14 28 6 9 3 24 27 9 19 3 18 0
30 14 25 5 19 16 9 15 15 2 26 24 3 1 24 17 16 4 14 8 5 20 27 24 10 15 8 22 0 3 24 18 9 9 1 4 20 26 12 25 15 1 27 16 22 24 9 1 1 8 21 26 27 9 30 23 30 3 12 9 23 16 4 26 14 26 19 30 30 13 6 4 30 26 0 28 25 5 9
17 24 25 4 2 17 24 8 30 19 14 24 4 8 18 25 30 19 4 21 7 19 1 4 2 21 13 16 16 1 23 30 12 5 23 21 23 7 15 9 14 13 30 25 13 19 26 5 25 5 18 30 25 0 13 22 4 6 28 27 18 9 23 19 7 16 6 23 17 4 24 25 28 22 7 18 9 25 8
12 9 27 25 3 16 15 4 27 5 25 16 21 14 2 19 14 9 12 10 16 5 0 24 10 21 0 4 28 13 26 29 30 6 14 26 0 11 4 24 6 11 15 30 4 12 22 27 11 21 22 11 29 5 13 8 30 8 24 28 2 4 29 9 17 20 2 4 24 7 10 19 14 3 4 26 23 5 10
0 12 14 12 4 15 0 14 0 9 30 16 26 3 10 13 25 9 12 22 20 10 21 4 9 21 1 12 28 27 1 16 11 24 17 19 13 24 23 2 16 24 3 7 30 8 19 8 30 7 27 2 9 3 17 29 5 9 2 26 28 1 8 23 23 10 1 9 12 17 1 2 22 14 15 15 3 10 3
17 20 3 9 2 19 5 10 16 6 25 17 25 21 26 27 25 2 9 3 7 9 0 25 18 22 10 1 14 7 29 19 0 2 1 9 22 21 21 17 22 2 13 29 7 22 2 1 29 18 9 18 17 25 17 24 19 4 3 29 24 17 12 25 27 2 25 29 7 13 28 5 9 3 10 7 20 19 8
14 27 5 14 24 24 24 28 4 25 0 2 6 6 25 19 11 23 26 6 7 4 20 16 0 2 15 3 6 23 3 24 9 5 7 29 13 0 2 8 19 1 1 19 22 18 25 6 24 2 10 5 19 26 2 24 29 8 14 6 12 7 12 2 29 4 13 14 7 15 5 20 6 9 7 26 11 10 9
21 14 6 4 13 22 13 16 18 18 15 9 4 17 0 1 26 22 29 24 7 4 26 5 26 4 30 7 19 13 3 17 12 27 27 27 19 10 20 13 6 19 27 18 28 20 13 11 27 16 20 12 3 21 27 20 18 22 27 3 19 16 23 14 8 26 21 4 21 28 17 6 28 14 25 11 1 26 4
11 23 8 10 17 26 24 14 23 30 15 3 4 23 17 15 10 6 10 1 29 1 20 9 2 6 12 27 29 19 13 3 17 29 26 14 15 9 29 16 8 13 20 10 14 0 15 26 23 8 20 24 17 29 22 12 30 11 13 23 13 13 19 20 18 4 24 22 12 15 20 15 4 25 19 14 2 3 5
8 5 2 7 27 17 26 29 10 22 13 13 7 8 14 12 6 1 6 18 8 17 1 14 17 29 19 26 25 26 2 4 3 1 27 27 21 23 21 18 11 2 16 26 0 3 15 25 7 6 25 14 23 3 26 14 30 19 8 10 16 14 27 4 14 3 30 30 7 12 24 12 20 27 8 30 29 1 30
29 16 21 29 7 25 15 15 4 17 29 4 21 4 30 17 13 26 20 26 14 18 15 4 16 11 17 26 15 11 11 25 22 0 3 12 5 3 11 2 23 16 11 28 16 21 18 15 20 4 17 14 22 27 20 12 8 29 2 6 19 14 26 12 22 11 8 6 22 11 29 18 15 26 29 12 26 30 16
10 17 0 27 22 1 19 13 8 30 5 26 6 8 15 6 17 2 10 28 13 15 25 10 12 0 20 16 2 1 8 14 5 12 29 15 21 11 3 15 24 22 1 5 14 25 26 28 13 7 24 10 3 6 25 4 25 17 1 10 0 1 22 18 29 13 5 10 3 1 21 27 11 11 4 6 22 29 16
21 24 24 25 17 10 3 2 8 6 30 18 22 14 12 3 15 9 26 21 16 22 29 28 28 8 17 21 5 13 6 12 17 2 13 13 7 11 10 25 17 27 10 3 11 20 17 0 29 19 7 24 0 24 21 2 9 7 24 22 21 13 23 16 20 13 8 17 29 22 8 17 16 23 14 30 5 2 10
19 3 7 8 9 29 26 27 2 2 29 27 1 11 23 23 13 24 7 9 5 22 2 11 8 15 13 4 25 23 30 25 29 14 11 17 17 5 13 27 25 14 0 16 13 13 2 4 4 27 0 2 24 17 25 19 30 3 13 17 15 22 15 24 26 11 13 21 20 22 25 19 26 11 27 16 18 8 6
10 16 0 30 6 3 27 20 21 26 22 15 16 21 23 4 22 23 6 25 24 21 17 3 22 4 24 21 17 5 16 2 6 26 30 16 28 17 5 25 8 16 28 30 10 20 14 1 5 28 17 24 2 24 27 19 0 11 12 24 11 9 11 14 1 12 14 18 28 0 14 27 1 26 1 22 14 16 15
22 16 1 22 22 20 28 19 17 9 7 17 16 0 23 19 17 4 14 16 23 20 29 24 29 27 27 3 17 18 8 29 17 13 9 3 24 23 18 26 17 3 28 22 3 3 24 10 8 28 9 27 19 28 24 14 4 0 19 29 8 20 21 8 11 5 29 6 3 7 2 23 23 8 21 14 18 12 24
30 0 3 18 1 3 13 7 25 10 22 7 12 16 23 1 24 25 8 18 19 0 2 0 2 19 25 19 18 4 9 15 11 12 16 17 17 30 30 5 24 15 9 4 5 24 11 8 8 24 18 22 22 29 1 0 24 10 16 3 26 12 1 2 4 11 11 18 3 22 10 12 22 12 6 24 5 27 21
6 29 0 19 5 13 5 29 12 16 27 15 22 8 7 16 12 12 16 2 7 23 25 19 10 6 25 17 2 4 19 5 10 4 27 20 6 25 30 29 20 7 11 20 15 17 6 12 16 6 5 10 4 9 5 7 6 14 24 26 3 20 14 7 4 9 29 25 21 6 30 1 13 25 29 27 3 23 22
14 0 15 11 1 13 0 8 3 0 26 12 25 16 2 3 8 20 20 15 30 5 28 7 8 29 15 28 30 2 23 25 13 7 16 29 4 9 13 12 4 12 2 24 12 16 22 20 3 6 22 28 12 25 20 1 0 2 1 29 14 4 1 16 4 4 0 1 12 23 2 17 14 13 20 3 30 8 12
28 1 30 7 26 26 17 5 7 26 9 14 26 13 9 7 10 25 2 18 19 4 21 12 15 6 7 24 3 5 22 22 29 0 16 30 12 0 27 0 9 4 0 30 6 6 19 12 12 5 25 25 1 20 24 19 9 21 6 3 30 10 28 7 0 2 29 7 4 14 5 17 5 13 26 3 9 25 26
18 22 28 13 5 18 3 3 22 4 13 26 14 29 15 27 24 12 6 12 2 29 27 14 12 3 5 21 7 26 29 7 25 30 1 3 16 25 18 5 15 6 7 26 1 24 16 2 3 27 29 16 23 5 18 24 9 22 28 6 23 23 13 8 5 12 28 21 18 26 14 7 29 28 2 17 0 16 3
0 0 8 18 1 0 29 30 9 23 9 27 7 21 2 17 5 2 27 25 0 5 29 11 16 17 0 12 1 18 15 21 22 22 1 2 6 23 2 28 3 22 13 7 6 30 15 9 5 23 20 12 26 5 10 10 4 5 0 1 15 0 13 29 20 25 2 20 6 7 24 10 8 7 17 17 4 18 26
8 24 4 30 12 18 14 0 29 29 19 30 0 5 1 27 2 3 17 1 4 27 28 22 29 12 11 17 16 13 6 17 4 19 23 30 11 1 8 8 13 5 23 21 2 20 21 26 7 13 18 20 27 9 22 5 1 14 1 25 21 2 29 0 18 2 26 23 19 30 7 5 21 10 2 3 2 24 3
7 8 25 13 16 13 8 7 24 1 27 23 11 23 28 25 1 4 30 9 7 14 28 9 7 24 26 1 19 15 19 18 30 5 10 1 25 0 27 21 2 11 29 5 15 1 3 10 17 5 6 22 1 0 28 8 21 27 23 21 9 30 3 17 14 9 28 5 21 27 26 28 19 28 11 24 13 7 11
13 30 16 0 14 20 24 26 4 15 12 19 12 13 11 7 30 3 30 20 13 29 1 27 21 26 21 9 0 1 23 5 5 3 1 5 3 6 23 16 3 27 17 8 26 19 11 25 8 25 16 28 30 26 4 8 2 13 30 15 21 7 29 30 23 24 30 29 10 10 23 1 22 18 26 11 19 18 14
19 15 29 7 2 5 8 8 3 24 27 28 10 30 13 6 6 0 26 26 29 1 10 19 23 19 18 16 0 29 8 21 21 11 1 11 27 22 22 1 16 7 4 19 1 11 4 2 29 25 18 29 5 11 3 24 17 18 6 26 17 2 30 6 19 17 2 8 14 20 26 21 19 0 13 17 16 6 19
30 3 2 27 17 26 0 28 27 25 29 15 13 14 26 16 4 24 13 21 28 13 27 27 23 13 7 28 10 18 5 28 2 11 8 21 13 14 14 9 16 7 27 28 22 20 3 29 29 8 30 2 2 27 16 21 30 20 11 11 2 22 12 2 26 11 12 10 11 22 12 10 18 3 6 19 12 17 4
28 21 16 21 14 15 24 30 11 2 6 13 23 23 11 17 11 25 17 20 1 22 15 23 27 19 20 21 23 15 6 28 22 3 29 22 18 28 7 18 29 18 14 15 24 0 9 26 24 5 6 18 30 17 16 28 30 28 8 10 5 8 12 19 28 4 6 27 6 19 10 12 28 14 1 11 25 5 3
6 9 9 20 20 16 13 2 1 9 18 30 11 18 29 3 7 14 16 0 25 18 26 3 23 24 4 1 23 16 29 25 0 15 22 19 25 1 23 17 28 1 16 7 23 21 6 13 9 17 3 27 3 18 2 23 19 8 13 14 7 29 9 2 20 19 2 2 8 18 9 9 2 11 30 17 10 8 8
16 16 8 24 20 11 22 17 10 18 8 29 18 21 3 13 16 23 18 13 17 5 12 13 19 10 26 25 22 25 14 15 20 5 24 7 1 24 15 20 11 15 12 25 27 6 29 28 20 21 3 10 18 1 8 17 23 12 2 9 28 27 8 4 4 8 6 17 23 20 24 5 23 9 18 4 19 12 13
9 0 11 23 20 24 12 30 18 22 14 6 28 5 27 15 10 21 29 21 6 0 10 28 12 18 14 0 25 10 27 27 7 24 9 13 12 8 22 18 1 19 2 1 20 0 25 8 4 3 0 8 5 7 8 14 21 4 30 29 9 19 4 26 16 10 23 0 30 18 0 20 7 4 19 4 4 20 30
15 23 12 15 14 7 2 10 12 12 7 9 24 21 18 23 1 10 8 25 13 22 20 18 15 11 27 16 7 27 9 15 29 3 9 27 12 4 24 24 22 15 11 21 24 4 7 4 12 4 0 26 8 21 17 6 15 21 1 13 21 17 16 0 17 2 27 4 11 6 22 7 18 7 20 1 0 30 18
10 9 21 4 26 30 11 24 19 24 27 6 15 25 0 9 23 14 13 8 9 26 17 28 13 17 19 8 27 26 7 28 25 23 17 5 23 18 22 27 16 26 4 0 30 6 17 27 10 15 27 14 15 25 5 25 25 11 19 22 18 24 28 28 24 21 14 28 21 1 20 28 6 3 12 2 29 8 2
23 12 13 6 21 7 29 2 7 10 10 26 14 2 4 2 21 4 23 15 25 9 18 12 7 28 23 0 5 30 29 2 9 15 14 12 15 12 16 15 29 9 14 3 15 15 22 0 2 5 23 24 3 26 29 17 16 1 4 13 5 6 20 24 9 23 23 19 23 25 9 14 8 17 5 13 3 20 8
19 20 19 8 29 25 21 23 28 23 27 9 6 22 26 23 13 27 25 20 6 27 22 13 26 9 1 9 10 18 7 0 22 18 20 17 25 14 7 29 20 7 4 10 6 12 9 17 8 14 17 19 26 6 15 15 6 20 2 14 26 6 6 13 2 13 0 7 12 25 21 18 30 4 1 28 8 7 13
23 1 0 14 8 21 18 10 24 26 4 19 11 5 24 1 10 5 22 13 28 29 25 3 4 23 9 7 0 8 23 6 13 14 9 25 5 14 12 9 10 13 23 26 2 26 15 24 1 23 1 19 1 25 0 18 16 30 17 5 5 22 27 6 4 14 25 21 21 6 27 21 6 8 27 21 18 26 7
0 26 26 28 20 30 3 10 2 15 4 18 26 10 4 5 16 7 30 19 2 11 15 20 1 2 24 22 29 24 30 0 4 9 11 22 25 0 0 25 10 10 21 11 3 22 15 14 11 3 23 10 6 12 18 17 0 28 26 20 28 14 20 2 24 13 1 22 6 0 26 5 15 1 18 15 0 13 16
4 10 20 1 18 19 20 24 15 15 21 18 10 25 21 26 29 1 11 11 19 29 26 19 15 3 5 2 10 28 29 8 11 26 11 20 6 11 8 20 30 24 1 16 28 26 13 26 12 16 25 8 26 17 18 5 29 1 23 11 20 8 13 7 4 13 19 26 24 1 21 25 12 11 6 6 6 26 12
1 4 8 28 29 18 18 3 3 11 29 7 30 11 25 20 11 20 1 10 3 24 26 13 19 9 28 10 30 29 25 27 28 18 12 16 25 6 25 7 24 8 23 30 22 27 9 8 12 4 18 10 2 1 10 3 11 12 19 12 6 7 25 28 14 2 11 3 28 17 0 2 29 4 25 17 27 30 11
25 15 28 12 13 23 30 27 25 5 26 10 28 26 24 28 5 2 22 12 17 5 28 7 28 3 12 27 21 5 26 13 15 8 6 1 4 16 11 15 8 5 21 21 13 22 1 17 1 2 18 30 17 2 19 3 22 6 29 14 28 10 18 0 0 13 4 8 21 14 29 7 25 17 11 16 21 19 4
13 9 11 14 26 27 3 0 2 18 10 20 13 15 29 28 11 0 5 7 12 17 6 15 12 28 27 3 6 13 11 20 6 16 2 7 22 26 25 4 11 0 9 23 10 23 0 22 14 13 24 24 1 4 28 30 8 5 13 22 29 19 22 15 19 15 4 14 26 10 8 21 8 3 14 22 22 1 16
3 0 30 2 14 23 30 16 8 26 6 9 20 27 23 7 24 27 28 14 3 21 28 4 19 10 24 17 1 16 13 2 2 20 11 21 2 18 30 0 2 27 23 9 5 0 5 26 1 12 30 6 9 19 4 7 19 3 18 17 30 27 28 7 19 17 8 20 4 21 5 16 8 8 27 25 29 20 14
9 30 17 5 24 12 3 22 10 18 29 29 8 26 20 22 7 4 15 16 29 19 5 27 2 3 25 7 0 2 20 21 27 27 30 16 22 23 17 17 30 23 13 22 21 13 4 29 27 5 13 7 28 9 23 29 8 11 22 30 5 1 21 9 22 25 25 25 19 3 30 21 13 7 7 14 17 20 19
21 15 26 8 8 25 24 28 9 2 12 3 24 24 21 2 26 29 5 11 22 0 19 27 24 27 0 27 15 16 10 23 21 25 0 18 16 22 16 1 3 24 20 0 26 7 20 16 11 13 7 11 7 29 9 2 8 20 8 20 3 9 13 8 28 4 20 8 0 0 13 2 21 22 17 3 12 17 25
3 18 16 10 25 30 30 9 21 14 4 14 25 19 16 14 21 4 30 1 23 12 28 11 19 29 26 10 29 11 20 11 4 30 15 7 1 6 11 16 1 15 14 4 18 18 4 3 14 27 1 10 15 30 23 30 0 6 8 6 12 25 24 27 30 5 14 4 2 28 3 5 22 7 12 8 9 5 22
9 11 17 29 6 11 22 5 9 13 19 15 4 20 5 3 30 13 12 23 30 7 23 26 9 23 25 23 25 27 27 1 30 3 16 24 11 22 28 7 26 28 30 19 17 22 20 19 9 20 29 24 17 9 7 28 13 17 7 30 5 28 3 1 20 0 8 15 25 13 14 17 9 9 28 6 22 18 14
30 7 26 10 23 12 19 3 4 8 2 8 9 13 19 20 21 2 22 10 21 16 5 14 0 6 17 15 2 22 24 10 5 8 13 11 5 10 5 2 29 18 27 7 27 3 7 4 14 8 24 28 24 15 1 12 23 2 29 9 27 20 0 8 22 28 4 17 22 30 19 10 11 2 29 8 5 30 23
28 28 21 17 4 12 0 0 12 11 26 9 30 9 0 18 5 0 11 10 19 7 11 3 11 10 1 29 16 10 29 22 19 11 9 4 12 0 14 27 8 17 11 20 16 29 4 9 29 9 7 21 25 26 14 12 24 10 23 15 0 21 4 21 8 29 16 30 26 17 2 30 12 17 29 21 22 5 19
0 4 6 2 13 0 5 8 7 1 27 20 30 26 5 1 12 9 17 7 19 15 7 10 25 0 5 18 26 11 23 19 0 0 6 7 9 1 30 23 21 22 19 29 6 23 6 1 20 0 16 21 4 10 11 7 17 23 30 13 17 13 9 17 30 8 4 19 16 11 17 1 10 11 4 17 2 6 20
18 18 15 16 15 21 27 3 16 8 0 16 7 18 14 14 13 17 14 30 10 27 7 26 5 14 10 5 29 3 19 9 15 30 5 22 18 2 18 4 8 12 26 16 8 19 23 23 8 10 28 10 2 21 19 16 20 6 6 4 24 24 13 12 13 0 2 14 10 26 7 29 19 14 19 1 28 0 30
17 21 4 7 6 29 15 0 4 13 20 5 13 7 23 11 18 9 8 0 19 14 24 3 7 0 1 28 18 4 28 21 14 27 13 12 29 18 11 20 25 4 29 6 7 19 6 11 16 4 24 22 29 23 6 11 25 16 23 22 29 5 30 7 11 17 19 18 22 2 3 23 7 24 1 29 19 30 29
16 5 14 6 20 14 9 20 21 14 1 13 17 9 19 18 8 24 26 3 9 29 8 3 0 28 26 7 28 29 2 29 30 19 15 1 23 5 30 20 12 15 27 14 4 3 10 25 15 19 8 19 24 25 25 7 25 7 0 16 12 4 12 15 25 5 1 27 2 17 24 20 15 19 13 26 0 15 0
28 2 10 9 1 5 26 23 21 10 28 3 17 8 16 3 21 12 13 3 30 15 11 16 4 27 21 21 0 19 17 21 17 17 22 2 30 5 24 12 9 19 23 11 25 28 14 27 27 7 17 11 11 17 5 1 21 29 5 1 25 4 9 10 14 7 1 23 29 6 16 30 26 18 10 2 11 5 21
22 3 16 4 4 23 29 21 26 25 23 26 1 15 6 5 23 13 29 26 1 8 0 1 6 12 2 8 17 18 16 27 21 5 25 19 5 15 29 6 9 20 0 29 9 15 11 4 19 7 18 10 28 19 26 20 6 30 9 3 14 16 28 2 3 9 13 20 28 3 17 3 1 20 21 11 11 7 2
6 15 18 28 3 15 5 18 29 21 20 10 23 9 13 4 29 19 20 1 24 5 5 2 26 17 15 23 4 25 18 18 15 10 16 1 13 25 29 6 26 15 16 13 11 17 28 27 0 6 24 30 22 6 24 28 7 17 13 16 20 2 25 19 1 10 29 3 25 30 8 3 30 11 2 16 25 28 22
12 26 11 8 29 4 6 28 27 26 2 12 9 11 19 5 19 2 13 19 26 21 10 2 17 24 4 10 4 20 22 24 30 24 13 6 26 23 9 1 3 22 17 20 24 16 1 10 30 16 13 17 21 6 23 13 9 8 7 0 17 10 11 30 11 22 26 4 3 8 21 0 15 11 21 24 28 6 27
10 3 21 1 8 27 12 0 15 28 24 1 24 13 21 5 7 22 7 0 22 28 0 23 5 28 4 23 28 26 13 15 3 11 8 16 25 30 19 26 11 26 23 2 30 23 21 27 25 6 12 18 11 21 25 30 10 6 27 3 25 0 13 5 28 11 26 22 7 29 19 19 30 26 5 30 11 16 9
28 10 25 23 12 15 30 16 19 3 20 11 29 29 2 1 9 10 4 7 18 6 25 24 4 30 3 29 19 13 5 16 26 2 0 0 7 20 9 9 9 10 10 0 10 8 27 18 4 20 21 9 1 17 4 18 27 23 20 23 30 29 5 15 5 29 11 24 13 26 8 3 28 26 7 14 13 14 30
16 2 21 0 23 19 0 6 14 29 15 2 20 15 18 27 14 18 27 11 4 0 7 7 4 13 19 24 23 24 8 3 10 19 14 1 24 7 10 9 15 6 23 26 15 18 23 20 1 15 15 27 11 21 1 12 2 4 24 17 6 7 17 10 29 17 21 2 22 11 2 14 12 14 1 17 9 19 14
4 0 7 15 4 20 23 21 15 20 15 6 10 11 24 17 14 9 7 9 23 11 13 17 1 5 9 5 21 11 12 7 1 30 10 5 1 25 22 10 10 11 29 28 11 11 1 15 10 5 2 15 24 19 9 29 27 2 13 4 0 23 23 1 9 2 22 9 17 14 8 11 24 19 6 23 19 6 18
28 28 13 22 6 13 6 6 22 20 24 19 0 8 15 0 10 29 27 8 23 8 28 3 14 12 9 15 30 5 16 18 25 21 21 8 8 10 24 6 17 23 29 11 13 0 17 14 19 16 6 17 28 11 14 21 6 27 17 13 3 21 22 23 13 24 14 28 19 20 5 11 26 9 4 15 26 20 19
16 0 26 25 2 12 28 1 12 12 6 8 9 29 27 28 1 21 22 25 7 5 19 18 21 22 1 6 1 25 27 12 14 26 24 6 14 28 16 6 9 23 7 10 22 29 2 6 19 13 27 10 28 18 3 5 22 7 1 20 18 9 4 17 11 5 16 24 30 6 9 20 4 6 27 22 25 17 22
6 21 14 18 2 0 2 10 24 23 0 18 27 6 9 8 29 12 12 18 10 0 1 21 13 16 3 20 1 6 27 21 9 23 3 29 13 25 1 11 10 18 10 15 3 29 15 30 15 10 4 3 30 5 20 19 29 5 11 24 29 3 28 18 15 15 2 12 7 6 28 18 26 14 13 28 21 17 24
4 11 15 0 11 26 30 24 24 5 24 11 26 10 13 19 19 7 19 1 12 11 30 14 7 5 27 17 25 27 26 13 6 7 11 29 15 5 27 13 6 2 22 10 13 20 16 11 16 8 11 18 19 3 18 15 13 7 0 19 28 2 16 15 9 24 8 17 26 0 9 14 17 8 27 20 14 17 23
8 13 15 20 26 25 8 3 1 22 27 30 13 6 16 17 16 30 8 0 4 16 21 10 13 5 27 27 13 28 13 6 24 26 2 2 1 3 24 28 5 10 21 16 4 24 14 2 20 0 30 9 28 24 29 13 17 26 14 6 26 7 9 30 14 21 5 15 28 10 18 12 27 13 5 4 23 13 7
16 16 12 24 25 16 7 13 10 8 30 5 29 18 5 14 3 26 1 25 18 3 11 27 11 24 5 30 1 24 1 9 2 3 29 28 8 4 21 19 26 17 19 0 16 16 18 8 15 27 29 9 15 12 24 1 14 19 23 26 19 25 30 23 1 20 27 26 5 24 2 28 18 7 18 10 19 0 20
4 12 22 18 6 25 24 29 20 20 18 30 17 28 15 10 30 10 12 13 25 0 5 27 3 18 17 17 6 11 29 19 10 27 28 3 30 24 27 4 4 13 2 6 18 27 0 4 29 21 25 25 14 27 1 14 11 13 29 9 0 12 27 5 19 9 20 18 18 24 16 15 10 27 22 24 5 24 12
