82 82
16 9 23 14 26 12 5 21 29 6 21 28 0 11 10 12 9 11 3 7 4 22 25 14 25 1 24 9 7 13 19 9 28 28 23 6 18 24 12 11 12 5 4 15 30 13 14 14 17 8 7 9 13 8 1 12 19 0 12 22 27 26 16 2 26 8 17 7 27 3 16 6 26 18 27 26 6 4 21 7 11 2
27 13 18 17 25 5 23 22 21 2 6 18 29 12 27 9 28 15 23 25 0 27 6 5 23 26 29 14 15 3 22 29 0 12 5 22 0 3 12 13 5 9 14 5 24 4 14 17 10 12 3 14 19 8 15 24 8 21 15 9 13 1 26 15 6 5 16 14 29 5 19 19 15 11 24 28 3 6 17 1 13 25
21 16 7 6 25 24 30 28 2 22 0 21 23 16 22 5 22 14 27 10 8 3 1 13 25 5 12 12 6 21 10 16 3 13 23 23 0 20 27 18 14 29 8 22 19 19 15 21 1 27 30 13 13 7 30 8 21 6 15 10 23 21 2 15 2 22 9 6 3 23 14 24 5 2 21 19 7 11 8 7 9 19
23 29 28 17 24 22 15 19 20 17 23 4 27 22 15 27 20 3 17 4 21 7 21 14 20 9 10 29 4 22 24 23 10 24 10 8 20 1 10 2 23 7 2 14 17 12 12 3 6 9 27 7 7 18 15 23 19 24 5 27 26 15 1 17 12 0 10 24 1 10 15 12 6 24 10 24 9 19 15 13 6 18
8 3 17 18 16 26 26 15 15 4 13 2 20 7 6 5 20 18 14 4 17 15 9 11 25 16 16 9 24 20 3 8 18 12 9 9 25 5 13 11 0 11 7 27 10 7 30 17 13 8 23 12 19 12 9 26 0 2 11 7 13 1 6 16 19 24 19 1 29 30 5 23 21 20 22 22 28 12 11 12 13 7
0 29 30 28 4 22 19 17 12 30 1 28 7 18 16 26 20 28 4 21 16 26 18 21 17 21 27 6 23 16 12 26 27 14 30 14 12 7 7 15 4 23 8 19 5 6 7 21 22 3 29 6 9 2 2 1 19 3 28 15 25 13 18 18 24 14 9 13 7 27 14 20 28 11 16 23 8 23 8 26 3 4
22 14 24 28 9 23 8 18 4 21 13 16 8 0 12 21 20 16 28 22 7 21 1 8 18 30 18 14 2 9 4 9 2 3 4 3 5 0 12 29 21 27 10 12 23 24 10 22 1 11 21 9 24 0 8 2 12 10 17 15 26 19 6 11 19 20 21 4 12 18 12 27 3 17 9 19 20 11 18 30 25 5
28 17 4 4 5 16 12 21 23 27 2 13 29 5 6 29 3 0 26 1 8 0 22 29 8 13 29 16 4 21 20 19 11 13 4 24 21 30 11 16 21 8 23 6 14 18 17 2 21 29 26 0 2 21 0 6 23 18 13 12 1 11 15 7 28 23 16 27 17 22 4 19 24 16 12 16 7 17 14 29 14 4
26 4 12 4 1 19 14 4 2 10 14 21 6 1 16 25 8 6 25 3 30 15 0 6 2 9 8 9 23 10 7 21 5 5 6 16 24 18 23 19 28 1 16 8 29 12 17 9 21 13 0 17 22 28 16 14 24 16 1 10 30 2 4 14 15 17 9 17 22 24 11 2 16 10 29 4 11 6 27 23 9 15
22 28 11 13 12 6 8 21 7 2 24 2 29 22 24 10 7 27 20 10 8 16 18 28 1 25 29 6 8 27 30 20 18 20 24 13 18 26 15 29 15 21 8 27 1 14 10 16 11 4 17 20 3 25 30 8 6 26 28 3 9 11 27 9 9 25 20 4 21 1 2 19 30 28 6 30 21 6 26 27 8 22
22 20 26 13 21 28 17 29 21 5 13 24 10 17 3 16 12 18 4 22 22 7 20 18 5 6 15 11 26 24 20 13 25 8 24 15 12 13 20 2 6 29 14 21 8 5 18 24 10 22 1 14 5 27 19 9 3 18 24 21 24 11 10 12 20 9 7 11 17 5 8 16 15 9 12 4 20 25 30 21 23 27
13 13 7 4 14 17 18 3 28 9 30 18 6 11 2 10 3 11 4 0 30 9 2 15 14 26 12 2 22 16 25 9 17 2 27 23 7 14 2 7 18 29 20 28 22 24 24 1 16 13 6 19 14 12 30 29 16 28 20 0 0 29 30 0 20 18 20 29 21 28 3 27 4 27 1 19 16 6 30 17 14 22
29 16 0 4 19 12 3 21 5 5 30 5 24 5 24 2 22 29 8 28 30 18 11 23 17 21 8 16 11 21 1 7 19 5 6 2 0 28 11 21 13 30 1 8 16 20 5 6 11 26 17 26 6 27 5 3 21 8 9 16 30 12 14 9 21 4 0 13 5 0 20 28 10 25 6 10 19 2 0 29 27 7
17 15 23 1 1 6 6 4 21 1 26 13 1 2 29 22 9 26 28 17 22 19 30 6 22 13 5 14 19 18 23 17 10 11 7 26 19 9 6 9 19 15 5 5 26 21 11 10 0 14 13 4 10 6 25 20 18 7 2 26 15 29 14 13 26 12 21 24 2 29 22 5 8 5 11 28 25 5 23 17 16 28
27 17 28 5 7 18 12 22 30 1 10 27 1 3 22 23 25 15 6 13 3 7 15 12 22 4 13 1 0 20 6 12 26 22 23 13 24 20 2 13 17 14 22 30 16 26 9 22 25 18 6 26 26 0 22 6 1 2 19 20 30 20 3 18 14 23 9 21 11 8 21 30 27 8 20 15 19 6 8 2 1 9
20 10 11 2 24 8 28 29 30 6 13 4 26 27 2 22 7 21 30 28 30 23 13 26 28 8 4 15 21 27 9 15 11 15 9 29 23 6 20 9 24 27 21 23 2 0 18 25 18 12 1 3 16 6 11 22 11 13 26 10 18 3 11 19 15 20 29 17 8 18 8 7 7 18 4 17 15 15 18 4 1 6
9 3 18 26 3 4 26 4 12 5 2 16 17 2 10 22 10 16 9 20 15 30 12 9 23 13 28 26 30 8 15 20 2 23 4 17 24 15 6 9 16 18 4 13 0 25 17 1 14 30 9 3 13 4 22 22 0 15 2 0 7 30 4 19 8 11 8 1 29 25 26 6 3 17 27 24 8 1 12 19 18 5
13 23 29 2 18 23 18 18 4 7 28 19 30 17 10 2 15 14 25 27 29 25 0 9 14 17 4 30 12 19 9 5 28 1 10 7 29 6 21 23 1 9 26 11 23 24 0 6 27 5 11 20 23 30 30 17 20 28 23 19 0 7 1 17 1 23 0 21 20 13 25 16 26 21 30 10 10 11 18 27 10 19
3 29 26 20 12 12 5 22 18 23 25 1 11 26 11 1 22 2 27 11 23 13 24 0 1 5 8 7 22 21 16 22 24 12 3 12 3 1 9 30 10 13 26 1 8 26 7 17 1 16 15 16 0 21 6 15 25 7 16 10 5 24 25 19 3 23 5 4 22 3 20 29 18 4 8 9 9 29 3 8 28 2
15 20 27 25 27 25 7 18 19 15 21 16 28 14 23 7 21 29 8 23 2 25 7 17 5 26 1 21 0 10 14 14 7 6 13 7 1 18 2 19 2 2 30 11 7 25 22 17 0 8 29 27 25 0 15 23 15 27 15 0 6 6 29 21 25 17 12 23 30 6 17 25 8 21 10 11 14 3 11 6 4 23
13 0 3 19 29 29 26 27 19 26 18 17 22 30 24 7 26 12 21 17 29 4 20 24 14 28 18 24 12 22 25 5 22 27 16 8 25 27 24 25 20 21 4 25 27 28 3 12 13 7 29 2 24 30 6 30 14 8 26 27 19 2 0 7 25 8 6 0 13 14 16 0 1 10 6 28 13 5 16 8 30 4
10 20 8 26 0 22 0 17 3 6 7 7 4 29 16 19 1 19 28 13 19 2 2 25 24 4 15 9 4 24 7 30 15 25 5 12 15 22 26 8 24 27 22 26 9 24 19 9 12 10 20 23 11 21 3 25 8 20 5 16 29 14 5 6 27 9 19 24 6 18 6 12 22 30 24 1 28 26 4 20 30 8
28 16 25 1 0 18 7 29 25 28 9 12 4 26 20 29 6 28 29 7 0 1 10 8 20 9 12 1 4 16 4 23 29 21 1 11 0 15 23 27 27 13 7 8 22 6 11 30 7 12 26 26 7 23 28 2 11 19 3 29 8 12 13 30 17 26 3 1 2 4 10 22 2 10 30 15 0 28 29 2 8 0
8 24 19 27 18 15 24 10 4 5 9 8 29 7 5 19 17 13 11 26 21 22 3 28 23 20 17 8 0 13 16 30 24 3 5 25 21 2 7 30 19 15 18 1 8 28 23 0 18 26 17 23 9 0 6 15 12 28 22 14 25 0 8 14 0 0 8 9 29 24 4 25 14 21 26 21 13 17 7 22 16 26
1 23 16 4 8 23 14 14 23 28 4 21 11 25 21 0 14 10 9 11 16 30 19 2 13 12 8 21 7 2 10 12 1 27 29 26 9 6 12 26 22 2 30 19 29 28 4 5 19 1 17 15 19 5 16 20 23 15 12 2 11 27 18 19 11 10 29 21 14 2 30 4 20 11 19 16 13 28 30 3 20 11
16 1 0 12 20 17 3 25 5 22 11 15 5 4 1 4 25 6 22 15 0 14 8 22 0 12 8 30 24 14 26 20 24 27 6 0 27 16 4 19 1 4 28 15 10 4 15 28 4 6 1 19 7 29 29 3 10 4 7 23 26 18 24 4 27 5 22 5 4 14 15 12 1 2 8 29 9 28 12 9 19 27
17 18 3 24 4 7 15 7 16 29 5 10 18 23 23 24 23 28 23 26 19 13 16 23 0 0 4 27 18 15 29 30 3 30 19 2 25 15 28 29 25 21 6 25 5 20 30 14 7 10 0 30 4 9 17 21 5 8 16 3 27 27 20 29 3 1 19 3 29 23 21 25 21 9 25 4 12 22 24 4 16 20
4 25 3 22 28 27 19 24 30 15 21 6 21 23 3 28 26 2 1 12 23 6 14 17 11 29 29 13 7 14 23 23 2 10 12 26 13 27 21 12 28 19 26 19 17 30 19 14 15 12 8 30 9 17 9 19 16 24 26 6 0 1 10 22 25 23 15 9 18 1 2 2 12 4 18 1 4 17 21 24 22 9
22 27 15 16 30 23 29 20 0 14 25 25 9 28 6 28 19 13 19 1 28 29 10 21 29 17 27 20 29 11 16 30 13 18 5 28 16 12 6 19 11 20 16 24 26 8 16 28 20 8 0 4 3 28 24 19 21 0 26 30 28 24 28 10 15 25 18 27 10 8 30 28 30 5 17 7 22 17 0 2 15 20
4 12 16 2 26 2 29 13 13 8 21 26 3 5 16 29 27 14 21 16 3 22 28 19 0 3 24 9 26 6 28 1 22 0 18 0 1 13 27 19 25 14 5 0 19 10 30 18 19 14 14 24 22 4 7 28 8 3 1 28 7 11 19 29 28 4 11 4 26 2 8 23 19 2 30 1 30 1 14 16 27 7
4 21 18 11 20 9 23 9 27 7 10 8 26 11 22 23 2 21 28 13 12 24 1 23 23 27 28 7 8 2 26 13 29 30 3 21 17 19 27 18 12 3 7 7 8 25 8 28 24 15 8 16 28 0 2 3 14 24 5 21 22 12 17 12 14 25 14 6 2 28 15 16 17 30 25 12 14 0 18 30 13 28
4 20 5 12 4 18 5 14 27 19 20 7 11 11 25 22 30 6 14 24 25 25 0 6 14 16 17 3 18 14 2 12 21 19 24 4 7 3 25 8 26 12 25 6 15 8 14 13 16 17 10 26 18 16 27 25 5 4 26 30 23 3 17 7 24 11 24 23 30 28 12 18 24 8 1 12 11 3 9 8 21 12
27 0 25 22 17 6 20 11 26 28 12 6 15 5 24 7 8 29 12 9 4 11 7 19 9 18 3 19 23 7 0 7 0 4 0 20 9 12 24 21 9 3 14 16 27 21 13 16 20 18 16 7 3 10 26 21 25 2 29 12 28 20 26 26 28 3 14 8 25 19 2 16 15 16 10 8 25 14 5 25 4 8
12 19 5 26 23 17 14 20 11 14 27 27 17 11 0 19 26 1 2 12 18 23 10 30 8 24 5 20 2 4 2 18 19 7 17 16 21 7 13 21 30 28 10 29 25 16 7 17 15 14 23 28 6 29 19 30 14 6 26 27 0 28 14 5 12 20 22 24 6 25 26 1 15 15 20 6 9 3 4 3 13 22
17 20 10 28 13 28 27 12 17 0 17 24 14 2 13 18 17 26 7 30 4 29 13 18 30 1 9 14 3 8 18 21 7 26 24 0 18 26 30 22 12 25 6 17 28 16 29 27 1 16 14 21 0 5 22 7 13 5 12 27 3 18 9 22 28 17 4 4 7 22 18 30 23 22 18 19 8 12 12 3 13 29
21 4 8 19 12 28 22 7 13 27 11 27 3 20 7 25 5 2 19 19 0 24 0 30 17 28 18 30 22 27 8 28 11 27 18 24 2 19 26 25 10 19 0 25 10 16 4 16 16 5 11 7 17 5 9 4 3 30 0 10 0 16 18 7 18 23 18 8 30 6 14 24 5 8 20 22 5 23 15 3 23 21
11 9 10 29 3 11 2 3 3 19 19 30 12 30 16 4 8 9 0 14 28 11 6 24 22 2 18 4 8 22 20 15 1 21 21 23 28 27 29 15 29 13 10 1 22 25 14 28 30 26 14 22 4 16 23 21 26 12 21 18 25 21 14 28 28 29 13 9 18 13 15 30 29 19 1 2 16 20 15 9 4 8
10 16 16 3 15 13 8 16 10 16 16 6 12 9 28 29 24 18 26 27 13 17 14 4 1 18 19 14 29 22 8 26 7 25 30 30 18 9 12 26 6 6 20 4 5 14 13 11 6 19 17 20 7 20 26 20 11 26 6 9 21 15 30 30 7 10 30 10 7 5 4 5 26 4 28 3 0 30 27 6 18 1
24 1 21 17 11 28 13 4 28 18 3 29 19 4 18 28 12 24 12 29 15 30 29 2 29 16 27 29 25 4 13 0 1 4 10 22 4 0 17 0 17 5 13 0 30 16 7 2 1 18 14 17 2 5 8 24 4 27 1 8 12 2 2 29 18 30 2 8 5 30 3 10 13 19 11 8 9 9 14 30 7 22
14 15 10 21 20 4 30 22 22 7 29 9 10 16 4 9 25 23 27 7 4 29 7 26 0 21 9 3 23 2 18 24 2 29 17 27 14 0 20 18 1 13 16 2 7 13 15 3 6 9 1 16 3 20 4 10 5 15 25 5 9 21 21 9 21 16 2 1 7 0 8 1 25 9 11 7 17 18 11 29 17 2
12 9 13 28 2 30 19 14 9 28 1 11 29 26 24 2 21 12 21 2 14 26 24 8 29 17 24 23 19 25 2 17 15 24 29 7 21 25 12 14 10 27 23 3 5 13 17 23 9 29 23 30 5 15 21 5 5 4 27 4 9 27 16 9 16 21 13 17 10 26 3 30 6 2 4 7 7 18 1 18 26 16
21 20 13 16 6 11 26 28 1 29 15 11 18 8 14 18 30 7 2 16 24 10 11 26 8 23 0 28 23 19 9 0 5 23 5 20 21 26 7 1 27 0 7 10 5 21 1 10 13 28 14 1 1 18 15 11 14 18 26 3 24 21 12 6 1 28 5 16 12 21 22 20 22 21 12 21 18 5 15 12 19 1
25 12 7 3 19 18 8 15 2 4 21 0 22 0 18 24 2 12 24 14 4 3 20 23 16 24 18 16 4 6 5 3 1 20 2 21 12 11 4 23 11 18 0 18 16 23 27 19 21 7 13 29 11 26 14 4 3 29 23 11 16 6 5 17 9 27 9 6 7 11 27 8 9 20 3 27 2 23 30 20 29 17
21 8 17 2 1 29 11 27 8 13 26 12 1 27 29 25 1 10 15 1 26 27 9 23 29 22 13 4 30 11 7 18 17 17 0 8 10 0 15 20 16 23 15 9 19 19 1 23 4 27 1 30 22 14 9 1 11 17 0 6 7 15 17 12 5 10 13 10 13 8 17 25 24 17 21 23 1 30 26 19 8 24
8 7 15 22 6 0 12 7 17 7 13 1 14 9 2 12 24 5 28 15 5 6 8 4 2 8 21 24 25 29 25 11 4 24 18 30 25 21 6 28 26 30 6 1 20 4 27 6 1 30 6 2 15 19 4 16 27 6 4 25 28 28 26 22 5 11 23 0 21 3 14 18 25 1 16 2 26 7 23 30 1 10
11 25 4 16 7 4 26 23 1 4 17 22 1 29 7 8 20 3 18 24 20 1 5 18 26 14 13 13 12 27 14 29 15 24 0 3 2 19 20 25 10 24 11 29 9 22 4 7 12 2 9 13 26 1 26 9 6 2 16 7 14 28 12 9 26 14 21 28 25 29 5 0 2 26 5 28 22 29 16 19 20 9
25 30 9 2 16 14 13 24 9 12 25 24 0 7 25 5 24 2 2 13 9 5 7 21 21 21 6 23 14 11 14 11 3 27 8 25 6 24 9 8 0 5 10 7 14 15 9 3 10 30 11 23 5 0 29 29 29 24 30 20 29 28 2 18 2 11 1 20 12 27 23 5 25 12 11 5 18 20 24 27 19 13
4 13 1 4 19 7 26 18 15 27 29 28 30 25 18 12 2 10 10 21 24 11 24 24 16 15 29 4 12 11 4 2 7 9 24 9 30 9 30 5 17 10 12 21 24 12 8 18 2 5 3 0 27 2 13 19 24 3 19 15 17 24 11 13 9 18 4 14 2 27 4 24 9 22 4 13 4 17 1 0 17 29
19 13 20 22 11 29 28 30 11 2 8 28 3 3 28 4 11 26 2 5 12 13 13 22 5 1 21 29 23 9 16 9 10 29 11 25 12 8 1 18 0 4 30 18 18 24 23 15 21 1 11 2 3 3 22 9 23 23 21 9 18 22 22 7 15 6 27 25 27 25 17 15 29 11 16 28 29 27 13 18 7 26
13 3 21 8 5 6 7 10 13 4 25 11 13 3 4 5 17 30 5 2 27 19 9 26 19 11 7 24 13 4 18 7 18 22 29 1 9 26 20 4 21 14 3 19 20 9 26 30 4 9 6 23 4 19 28 6 4 22 4 9 25 20 24 30 22 19 24 5 25 30 25 24 30 16 29 24 18 24 5 14 13 12
7 9 12 19 26 28 13 26 16 27 26 28 17 16 20 11 4 12 7 26 29 2 27 4 28 4 8 2 19 16 22 25 25 26 7 29 22 23 1 2 24 10 24 13 24 21 17 9 6 22 14 12 21 23 11 4 19 9 26 0 0 22 19 18 27 10 24 24 18 16 14 23 8 16 17 17 22 29 27 19 1 9
17 11 21 1 12 19 3 22 7 29 21 13 28 26 7 18 23 6 24 16 24 17 2 16 25 7 9 3 23 19 11 18 25 22 4 8 28 3 16 30 10 14 9 5 27 6 17 23 28 13 13 11 15 16 16 25 23 26 17 2 11 20 27 19 15 0 15 8 30 24 2 14 16 23 0 0 3 27 26 1 3 13
9 17 4 4 22 25 27 28 5 4 4 5 13 24 22 9 21 11 6 6 2 3 2 2 5 23 12 18 12 29 1 27 14 24 16 24 12 27 7 9 6 12 21 30 7 9 26 27 29 29 3 21 21 18 12 3 1 17 13 12 9 25 12 21 30 16 8 11 27 18 25 27 26 29 7 22 1 28 14 21 26 19
2 21 14 16 24 23 23 3 19 26 19 15 18 5 13 23 12 8 13 6 26 6 24 6 10 3 25 3 2 28 3 21 0 17 16 18 3 25 5 8 10 9 6 19 24 6 0 5 10 6 7 7 12 23 2 20 12 11 2 7 14 5 11 5 0 7 28 16 26 4 3 22 29 15 11 24 19 18 3 14 0 5
4 30 6 19 3 21 4 12 7 3 3 2 20 0 3 27 16 29 8 7 12 30 1 7 17 2 27 28 1 30 3 22 15 10 17 27 23 24 6 27 5 26 14 20 17 29 10 23 30 13 1 15 12 23 4 7 15 0 23 21 24 24 9 25 10 25 2 13 23 20 24 20 9 28 8 9 3 25 24 12 24 7
0 11 13 12 0 13 8 25 4 6 1 15 23 24 28 12 21 20 5 27 30 28 17 6 28 24 7 20 11 18 15 2 20 19 7 3 12 21 26 20 30 19 9 14 24 16 15 8 27 18 7 1 0 8 1 6 6 18 9 23 16 14 27 18 24 8 11 28 1 5 21 1 23 30 16 5 21 5 15 2 26 30
28 14 8 21 22 23 4 7 24 8 23 14 28 17 19 0 15 29 17 19 13 13 1 16 2 28 29 1 21 23 22 26 3 19 16 30 6 18 15 0 18 27 17 8 9 30 21 3 21 12 22 29 14 28 15 3 20 13 23 4 8 29 11 3 13 13 23 3 29 9 17 2 27 0 2 8 6 28 28 16 21 9
25 16 14 5 11 22 7 6 12 13 4 1 21 10 21 8 13 7 25 21 24 22 6 5 0 27 18 7 10 6 20 11 30 3 17 9 5 15 22 7 3 7 10 28 8 5 24 8 14 7 13 20 13 6 19 11 24 15 19 11 7 6 18 17 5 8 28 23 14 0 12 0 20 3 23 6 1 10 15 2 25 28
0 18 30 5 20 3 1 5 15 22 11 26 4 1 15 28 9 21 20 12 3 25 25 10 9 11 5 18 9 22 28 7 21 30 12 27 30 2 23 4 10 5 23 1 14 28 6 26 20 26 30 22 16 4 3 2 16 26 16 24 0 26 19 2 26 2 29 25 28 21 23 9 29 20 22 24 11 19 9 5 22 12
14 8 26 18 21 2 22 1 3 2 23 20 11 30 7 29 27 19 13 14 5 3 28 9 6 5 10 12 30 24 5 20 16 16 14 18 11 19 19 19 28 9 22 15 30 25 15 4 22 19 3 4 18 29 21 27 21 9 11 19 26 5 3 5 4 0 0 27 30 2 0 8 11 30 29 22 13 27 22 6 25 29
2 27 12 1 16 28 25 7 5 14 15 18 19 23 24 25 21 13 17 14 22 27 24 15 14 22 27 14 23 18 5 12 23 5 11 4 18 18 21 7 12 15 14 28 24 13 13 8 6 27 7 0 3 12 26 3 8 3 30 18 17 10 7 15 26 24 4 16 28 21 6 3 1 16 7 7 10 16 6 3 15 8
28 16 17 4 26 2 23 2 15 4 15 11 18 8 28 5 10 9 21 12 13 28 6 24 10 23 3 18 25 3 3 8 11 0 28 4 24 25 21 14 18 8 24 23 19 8 6 22 26 7 6 29 9 30 29 2 1 28 20 14 20 2 5 10 5 25 1 26 18 21 27 20 9 11 17 28 22 16 5 10 15 24
8 24 23 30 0 15 30 0 6 0 17 21 20 26 11 9 23 3 22 18 7 19 15 17 11 11 29 8 15 15 9 24 17 30 8 25 4 8 28 20 16 27 30 26 30 15 2 16 22 19 7 0 30 3 5 0 24 2 15 7 19 29 11 23 22 0 10 3 28 13 20 17 24 25 17 24 6 14 29 5 24 2
20 10 28 18 7 3 15 15 24 8 7 1 26 7 20 1 13 20 25 24 15 18 15 24 1 10 16 4 30 19 26 30 30 27 8 22 23 30 0 22 13 4 11 12 11 4 13 10 1 4 16 25 14 5 14 3 2 13 27 24 8 1 30 11 30 22 18 7 4 2 7 27 9 24 22 25 22 7 2 5 30 10
0 6 1 20 8 28 11 29 13 27 17 29 27 16 9 19 16 3 12 21 9 30 4 12 16 6 10 25 19 25 23 24 12 2 12 19 27 7 24 27 11 24 6 20 8 11 27 0 2 16 18 19 26 15 28 5 22 14 8 15 21 30 7 14 29 0 19 14 17 27 12 3 6 26 5 6 10 16 3 23 24 26
10 22 22 14 29 15 23 28 0 24 6 5 29 20 28 29 29 27 25 28 25 30 2 26 10 4 6 19 23 7 23 5 22 10 6 15 18 1 10 21 1 7 27 20 24 24 1 18 27 13 7 29 10 6 6 27 22 17 15 5 4 22 20 8 9 22 27 7 17 6 7 26 11 7 15 6 2 11 6 6 28 24
25 30 29 13 17 9 16 10 11 4 13 13 29 20 5 4 3 14 27 0 0 29 22 13 5 30 18 9 24 13 28 6 1 9 12 14 29 28 3 25 23 16 25 11 5 2 30 25 10 14 8 9 1 27 14 26 15 21 25 30 2 27 11 7 4 11 18 20 29 27 20 17 5 6 25 12 7 6 14 15 16 23
16 13 19 19 19 21 28 5 7 24 17 12 24 0 27 30 1 4 0 18 14 16 8 9 26 26 21 30 27 10 30 3 15 10 26 15 0 18 16 5 21 0 6 2 2 13 24 14 2 25 21 16 4 8 19 2 27 10 3 17 21 17 24 30 24 26 26 26 11 13 21 21 3 12 5 7 27 18 12 1 16 20
8 16 28 25 17 11 23 23 5 23 23 12 12 12 2 16 26 8 6 16 6 9 23 1 0 1 17 6 27 3 6 16 2 11 2 29 27 10 20 24 14 16 10 14 27 14 28 18 17 5 30 22 30 5 17 14 13 15 0 1 10 1 2 0 25 1 17 22 11 11 8 20 1 26 8 6 30 13 13 20 13 11
9 19 11 15 11 15 16 14 30 6 14 15 5 12 12 1 17 15 17 7 21 21 27 10 21 0 10 26 2 1 21 19 22 12 22 11 13 8 18 7 13 8 23 21 3 5 29 24 22 30 13 10 17 15 30 26 26 16 19 13 17 17 17 27 19 29 24 14 14 14 25 29 15 22 20 25 15 23 28 22 1 17
30 15 19 21 12 2 12 0 27 8 19 2 22 9 4 5 21 29 6 21 21 1 13 25 23 29 21 19 3 19 30 9 0 27 13 7 8 16 20 19 27 14 8 23 29 29 30 30 23 26 14 19 13 5 10 14 24 20 26 11 13 5 2 24 23 21 4 15 7 4 9 20 8 23 24 1 28 16 24 28 6 24
21 13 3 0 1 30 6 8 26 25 2 23 13 23 25 14 12 21 21 18 12 25 6 23 14 17 27 6 0 10 7 6 30 1 27 14 12 18 18 23 27 23 11 11 21 13 14 5 20 18 6 23 20 13 18 20 6 19 30 24 10 2 16 15 22 28 28 30 19 8 3 19 8 10 2 20 6 13 14 2 9 30
8 24 8 21 0 14 27 17 1 4 1 13 4 30 14 29 29 14 7 10 6 27 22 8 24 12 24 0 22 26 12 25 11 16 11 6 13 13 28 8 29 0 10 0 3 2 1 29 26 19 25 5 23 9 6 16 19 26 27 6 11 21 3 7 22 16 1 11 27 0 9 22 18 22 26 6 27 2 27 30 7 1
30 2 2 21 12 25 0 23 20 13 10 20 5 19 22 30 19 4 17 21 12 11 6 11 26 8 16 23 3 29 5 29 25 15 8 26 26 11 9 0 17 4 22 5 6 12 19 11 25 11 22 1 27 24 28 15 13 7 9 7 23 8 11 22 6 29 16 4 18 9 5 6 15 2 23 21 15 21 18 7 10 1
8 13 1 24 16 15 11 29 25 18 3 20 4 29 10 24 30 6 30 16 25 4 25 28 0 3 21 7 11 19 5 16 5 28 19 3 14 19 2 22 4 22 15 17 17 25 25 18 17 8 17 23 20 4 19 18 19 12 24 29 6 4 7 4 28 7 22 8 7 0 8 28 10 27 16 15 12 9 3 16 0 23
19 11 27 29 18 17 22 10 23 0 23 13 20 29 29 14 26 6 24 4 7 11 26 1 2 21 4 21 7 24 23 20 20 17 12 20 8 22 8 8 19 11 0 6 30 19 21 9 17 19 13 15 20 28 1 10 1 13 29 24 20 14 0 0 23 8 30 17 18 29 29 27 15 13 29 25 27 7 5 8 9 9
25 13 28 12 4 3 7 0 10 25 25 7 22 21 27 2 10 13 3 3 19 20 26 7 9 5 10 0 15 13 17 27 24 11 29 13 3 22 0 11 3 29 21 29 6 11 2 5 8 11 21 15 8 23 2 8 10 5 6 14 25 15 21 20 12 4 2 15 10 16 27 11 5 4 14 19 24 17 29 15 6 12
4 22 20 25 3 15 24 22 15 4 21 1 15 11 30 5 26 18 11 2 11 16 26 25 17 0 22 20 21 29 6 15 27 19 10 12 5 15 4 17 28 20 2 18 28 12 30 25 15 10 12 13 20 26 23 1 28 24 26 10 21 3 4 9 30 24 5 24 22 10 4 26 20 8 8 22 23 6 26 13 12 3
23 25 26 18 8 7 28 4 13 13 24 8 9 29 4 30 27 27 20 15 11 12 24 21 20 7 29 14 9 17 9 6 10 22 5 24 9 11 24 4 16 9 14 22 23 12 10 14 9 8 20 30 24 10 24 7 5 13 5 29 2 26 14 23 11 24 27 20 25 3 15 30 17 19 7 23 10 9 28 18 23 25
15 3 3 19 23 8 30 9 16 11 15 24 20 1 22 18 29 15 25 16 28 6 23 5 26 6 7 22 26 30 28 10 2 10 9 18 16 10 8 14 27 3 8 11 10 29 3 15 18 0 30 12 18 20 25 2 23 19 29 16 2 4 26 26 26 3 24 12 21 8 13 3 18 17 14 0 18 28 27 4 30 8
20 17 2 21 23 14 15 23 5 4 16 14 29 14 15 20 16 18 10 2 22 27 16 5 30 11 8 23 18 15 21 13 17 15 29 7 29 8 12 7 0 16 8 5 25 4 15 21 19 7 13 25 19 8 18 8 29 1 18 0 11 25 24 14 1 9 2 18 15 24 19 27 9 28 19 27 10 28 15 23 18 24
27 2 15 24 18 3 30 4 18 16 12 22 6 30 11 2 14 2 26 23 28 17 21 24 10 13 21 3 19 19 13 14 30 5 2 7 16 28 25 12 7 22 30 8 26 14 7 18 5 28 25 3 9 22 24 8 5 10 0 8 1 4 0 28 14 22 4 24 22 25 0 13 18 17 4 2 13 3 30 16 19 23
