86 86
18 2 18 14 8 22 20 28 17 7 25 3 16 4 24 16 15 30 14 24 25 10 27 13 2 22 17 26 29 17 10 29 29 24 22 15 24 24 3 20 8 5 12 6 25 12 22 5 4 14 16 25 19 13 0 0 0 10 26 0 29 8 23 3 15 6 12 21 26 29 15 7 11 17 8 9 24 1 20 27 8 19 20 24 12 13
12 3 20 4 27 26 9 6 13 3 3 29 0 8 6 21 18 13 29 9 30 2 12 5 0 21 21 9 5 19 3 21 0 8 2 5 25 22 18 12 28 23 30 1 14 2 29 17 22 23 24 2 16 8 7 19 30 0 30 28 26 19 3 26 12 10 8 4 16 2 8 19 0 30 14 18 20 27 8 22 30 21 0 8 18 14
29 10 8 4 24 21 19 7 14 1 0 15 6 26 23 16 5 26 7 8 14 0 10 3 28 20 8 2 14 16 23 22 17 27 27 24 29 21 25 14 5 21 12 9 7 9 30 0 10 6 18 15 16 8 19 10 26 17 20 17 8 28 23 30 21 15 28 17 6 2 5 11 12 12 14 6 21 0 18 5 19 15 2 29 24 17
2 22 9 10 15 14 16 24 11 22 13 4 9 30 21 26 3 17 21 23 15 29 10 2 1 17 22 30 13 16 21 10 10 12 18 26 8 14 2 26 14 6 0 30 30 27 8 12 13 2 29 13 1 29 29 25 2 10 29 24 20 3 3 7 4 5 27 13 21 3 12 11 16 20 2 29 25 8 0 8 9 0 5 0 10 25
13 20 12 7 12 21 2 19 27 11 18 9 30 22 17 16 5 0 7 6 5 23 21 26 6 18 7 26 26 3 29 26 10 15 16 21 18 25 28 0 5 24 12 5 28 5 1 13 18 26 25 0 25 12 10 26 6 6 8 14 24 19 6 20 12 3 22 29 30 6 0 14 1 11 18 3 8 29 9 8 28 12 10 4 14 22
7 7 15 2 29 26 4 19 30 8 6 15 3 8 9 30 27 25 27 26 7 1 14 12 12 17 23 25 2 5 16 16 26 16 7 14 13 25 3 20 16 9 25 20 14 13 10 5 11 28 9 0 20 20 20 7 2 10 19 4 12 21 23 27 26 6 26 13 24 14 19 6 29 3 10 4 21 7 8 22 0 6 5 12 10 9
1 27 8 19 27 7 4 28 21 20 10 17 18 28 28 23 19 1 3 23 9 26 22 23 23 19 25 15 12 25 8 18 1 12 14 30 0 18 21 12 27 0 7 27 26 25 24 9 4 2 9 24 2 9 7 7 14 8 4 4 2 3 14 11 28 25 26 7 5 3 5 1 25 26 2 21 9 2 30 29 9 16 22 10 25 5
20 11 1 4 17 17 12 29 1 15 13 18 5 9 19 14 30 18 2 9 18 16 8 24 13 7 10 20 14 8 8 9 30 7 2 2 19 19 1 13 3 1 3 16 23 1 21 29 2 3 2 29 26 29 30 15 21 5 5 12 0 18 25 21 18 1 25 17 0 16 13 17 18 21 14 0 29 25 12 14 7 20 10 10 22 22
0 2 16 2 4 8 8 5 0 28 15 16 28 19 19 29 2 16 13 5 2 20 9 21 1 10 21 14 23 10 12 7 12 26 5 8 12 9 26 8 24 24 12 16 29 26 0 0 23 26 20 17 10 9 5 4 11 27 30 25 11 0 19 14 21 12 1 11 6 27 11 20 19 2 26 8 7 24 28 23 26 12 22 11 29 11
13 25 12 0 24 10 10 4 20 18 19 1 13 29 14 27 28 14 26 24 6 23 24 3 9 13 1 18 3 28 5 13 11 7 10 21 17 11 12 4 10 17 9 13 25 12 28 6 23 19 20 27 30 18 8 23 18 3 13 2 1 19 25 13 14 23 13 16 26 30 2 14 17 0 13 27 24 27 19 10 29 22 28 16 10 1
30 29 17 8 17 28 7 3 4 28 28 17 22 2 21 9 24 11 24 11 10 13 28 18 8 25 3 8 28 15 22 3 17 11 10 5 3 23 11 6 28 12 6 26 20 30 19 5 15 4 15 21 14 3 10 26 23 25 13 9 4 19 11 23 28 17 22 28 6 22 11 20 15 9 15 14 12 26 25 4 11 2 7 7 21 8
17 1 7 4 2 10 19 29 22 0 18 20 27 28 6 4 6 2 13 0 12 25 20 30 18 7 0 5 13 9 9 10 10 8 5 3 30 6 14 19 2 4 21 0 14 23 25 27 22 19 13 19 13 10 7 2 27 18 18 3 1 8 8 8 25 5 10 21 3 28 6 11 7 21 12 23 6 14 7 4 2 24 14 1 8 14
7 6 10 11 27 21 2 9 22 28 28 11 22 13 30 2 25 29 7 28 1 5 6 16 16 26 21 18 20 19 3 2 4 15 26 30 24 26 13 8 4 18 0 18 20 29 28 10 17 1 22 28 16 23 12 1 1 13 10 23 26 6 14 8 9 26 15 10 28 12 13 20 4 15 8 16 15 5 13 26 5 25 12 19 18 19
2 17 22 20 10 11 22 14 6 17 11 30 9 5 24 25 29 17 24 10 9 5 9 2 22 8 17 13 5 3 22 17 17 20 29 21 2 24 27 24 0 19 2 10 21 26 5 26 14 25 1 24 30 21 2 8 5 15 3 26 13 5 14 18 2 7 23 17 26 17 8 21 18 16 25 13 30 13 17 4 24 3 14 13 19 12
25 6 0 11 20 0 9 12 5 3 24 10 1 25 28 21 9 20 18 15 14 7 13 25 10 18 7 30 23 18 25 21 19 25 12 28 1 22 16 4 30 9 12 0 15 25 23 27 2 16 26 24 19 13 10 3 0 20 23 19 28 7 15 19 10 0 3 28 12 2 6 2 1 24 24 2 16 22 12 9 1 3 22 26 4 9
24 2 25 29 18 9 25 14 8 1 3 7 3 11 19 3 29 19 17 21 8 4 28 9 21 15 15 12 17 19 20 11 19 22 13 7 18 4 6 24 26 12 20 1 10 28 15 19 14 5 10 20 16 17 24 15 21 18 21 6 19 27 17 24 29 16 25 21 10 18 29 15 11 15 10 6 4 28 6 23 24 2 20 21 13 13
8 19 19 27 6 5 3 24 17 0 30 17 25 5 21 29 16 15 11 1 17 8 4 0 28 29 27 3 10 2 24 24 12 26 11 23 3 26 4 0 30 15 0 18 1 0 26 2 3 23 24 20 22 25 4 15 1 29 28 15 4 15 14 0 28 18 23 0 24 5 27 12 30 2 0 29 20 5 13 29 27 11 1 16 30 19
6 3 24 18 2 21 23 2 2 12 21 24 10 0 6 29 22 29 2 15 14 28 19 24 13 25 7 3 7 21 6 0 10 22 11 20 12 6 18 15 22 11 16 3 12 26 23 0 2 22 10 9 7 27 12 25 5 23 19 18 28 2 3 30 8 9 22 9 0 11 17 18 16 1 26 1 14 16 1 1 1 2 2 29 9 13
14 17 10 17 5 25 22 27 28 19 25 23 15 25 7 4 1 4 8 7 5 19 22 23 13 8 11 8 24 26 26 10 20 7 4 1 11 0 23 4 3 1 5 29 14 14 24 30 24 19 19 25 27 22 21 17 5 10 5 3 2 10 19 7 0 10 17 13 29 15 21 16 1 8 18 30 24 24 15 21 16 19 14 25 29 10
0 16 16 7 18 29 5 28 6 11 11 21 29 19 12 26 29 13 9 13 18 23 13 29 25 8 12 29 22 27 23 23 10 8 6 23 0 19 17 2 11 25 20 17 6 13 0 4 12 17 11 8 16 23 26 9 17 16 10 10 21 23 25 19 5 9 7 17 9 0 2 5 7 26 25 17 16 30 16 7 0 17 19 25 12 8
17 7 20 22 19 22 18 11 17 28 24 27 29 11 17 19 18 9 25 0 18 20 20 21 12 4 24 27 28 9 24 4 4 11 10 15 9 8 14 28 17 14 25 7 18 22 2 5 29 29 16 4 2 27 11 16 13 4 27 11 17 3 7 12 12 4 30 26 26 20 14 16 1 28 18 16 10 20 18 8 6 18 4 9 25 29
29 12 3 26 30 29 23 15 22 2 16 8 9 0 6 21 27 26 1 28 17 12 13 8 5 7 11 17 24 1 1 0 2 14 19 10 0 6 15 2 27 0 14 2 28 11 9 4 21 5 10 18 28 12 8 4 5 19 7 1 28 18 11 9 12 0 4 5 25 12 23 13 6 6 25 30 26 14 20 27 15 8 3 21 3 13
28 13 28 14 25 12 13 21 18 1 17 19 24 27 4 2 6 4 23 29 10 25 16 10 25 11 27 18 12 7 30 16 23 24 14 7 5 1 26 14 30 18 22 5 28 4 22 7 3 30 4 10 10 26 4 22 21 2 14 19 4 28 8 18 1 25 10 22 15 19 3 10 13 24 7 27 11 3 1 13 5 1 27 7 2 15
26 13 2 21 0 24 19 24 6 19 2 22 17 25 12 22 11 3 9 20 6 11 29 23 29 5 5 27 27 17 9 12 5 20 3 22 23 10 10 23 27 29 20 14 27 12 14 14 0 29 13 23 0 3 28 10 28 25 0 1 0 22 28 29 20 14 23 0 28 18 19 7 17 15 17 21 1 19 19 18 1 1 5 5 10 23
18 15 26 18 27 4 27 13 2 13 7 16 25 18 2 24 12 12 6 12 7 9 25 24 30 5 16 7 30 23 1 14 20 23 29 5 2 25 26 15 7 15 15 22 16 27 24 26 10 17 9 28 21 13 16 29 13 26 8 10 12 20 16 13 16 25 6 14 12 12 21 26 29 17 0 5 24 18 19 5 7 6 28 2 4 30
23 15 21 6 27 30 0 27 1 14 3 10 13 28 5 15 18 2 2 13 22 11 13 7 19 24 18 10 4 18 3 27 17 2 10 17 23 29 4 5 8 23 17 30 1 23 13 26 18 21 25 1 30 7 14 3 22 19 18 22 0 27 8 17 27 2 3 2 14 14 12 9 9 9 4 12 27 24 8 8 17 30 20 6 8 0
4 6 5 29 12 4 14 12 21 12 1 2 21 29 28 12 10 10 25 13 22 7 12 17 30 29 21 22 12 6 3 21 5 10 10 12 6 10 10 1 8 3 20 27 23 8 12 29 2 13 8 25 26 2 29 3 12 1 16 2 23 6 11 25 12 29 19 28 22 26 19 28 0 17 0 9 13 8 7 26 5 13 4 17 16 23
19 24 0 17 28 22 26 22 23 8 5 23 14 4 17 12 13 10 27 28 21 18 8 4 12 6 7 12 8 21 28 19 25 21 28 9 27 24 17 19 9 17 5 23 12 20 28 15 14 9 5 14 25 24 12 14 13 11 5 28 26 12 19 23 26 10 1 23 7 9 0 15 16 13 25 14 5 2 4 15 3 19 20 6 19 26
13 23 27 13 5 16 25 20 30 13 19 3 0 0 26 12 1 19 27 6 25 22 7 23 26 14 18 27 1 9 14 11 3 24 4 29 14 6 27 30 12 26 25 12 2 17 12 9 5 17 29 11 13 5 22 23 19 18 10 27 18 11 28 20 0 2 17 15 6 20 13 30 20 14 16 7 7 22 15 15 29 22 7 11 18 24
5 2 15 23 27 3 26 18 8 21 5 24 5 24 25 16 28 21 0 21 7 4 25 4 24 17 24 12 4 22 16 18 16 4 11 23 7 20 8 21 6 11 2 14 9 13 18 29 24 22 19 11 15 2 19 24 20 19 4 20 8 24 29 10 22 3 4 30 14 22 6 0 12 21 24 26 16 17 15 22 4 2 5 0 4 18
7 29 25 10 24 1 27 12 7 3 2 7 28 23 0 4 13 30 14 3 18 29 12 29 28 3 24 24 16 25 20 0 10 13 24 9 11 0 23 6 13 28 30 14 5 3 23 1 24 11 10 12 17 22 29 16 11 11 27 27 30 13 28 27 12 7 9 10 22 15 15 11 10 14 12 8 29 28 10 20 30 26 7 18 13 3
3 18 24 28 16 18 21 24 14 19 22 12 0 9 23 30 23 27 7 11 2 20 27 13 5 22 28 4 2 1 6 26 9 14 19 29 21 13 17 28 7 17 21 8 2 10 30 26 2 27 27 30 17 0 21 27 16 27 20 5 6 6 27 23 29 9 28 13 6 5 29 10 4 12 24 26 27 15 2 5 17 27 3 19 28 25
20 18 20 15 30 8 21 22 17 9 21 14 12 6 8 3 11 27 4 2 12 25 14 24 13 18 17 8 24 27 21 21 30 12 24 25 18 3 20 28 1 18 16 8 20 8 1 12 27 21 1 5 19 20 8 17 8 26 22 25 6 10 20 12 30 1 18 25 4 4 2 16 9 25 6 24 9 26 30 10 8 30 2 24 5 30
14 6 20 20 23 15 26 18 7 23 0 8 21 19 7 7 21 28 13 6 11 8 28 24 25 7 15 0 30 28 7 10 2 26 12 15 0 16 0 17 13 17 5 4 10 25 13 15 19 15 21 8 6 29 6 12 19 7 11 23 12 23 10 26 4 23 20 13 6 17 6 0 21 6 11 7 9 27 14 12 21 28 25 7 26 5
1 10 17 29 19 4 9 10 29 6 28 8 6 30 5 11 3 10 0 3 16 22 9 3 30 1 11 20 14 3 23 18 9 7 15 11 0 12 17 1 13 21 24 7 25 2 18 14 17 11 13 27 3 30 29 2 11 7 9 8 26 23 16 15 26 28 3 9 12 2 26 14 2 6 28 1 9 26 12 12 29 19 19 30 4 8
11 21 11 27 23 1 13 18 9 21 5 0 29 29 24 6 21 16 0 8 9 8 3 28 8 20 18 14 12 8 25 23 29 21 19 6 11 7 0 16 4 8 30 27 21 12 20 20 14 17 27 29 24 6 22 8 17 17 12 24 18 3 19 14 0 27 7 18 22 13 0 10 10 14 29 12 27 6 1 7 21 29 0 10 13 13
1 24 12 26 4 2 1 29 27 11 16 23 20 23 13 23 3 15 12 3 30 0 1 3 8 7 17 8 29 7 26 12 11 0 22 14 13 11 0 27 7 1 10 4 30 5 25 11 8 15 10 2 6 13 23 1 5 16 23 23 27 29 24 24 21 12 23 11 26 12 2 20 4 3 18 12 7 20 24 30 2 17 21 22 7 27
9 18 15 5 2 26 27 3 21 22 18 10 30 24 10 1 25 26 0 16 25 16 29 16 25 12 4 30 0 26 25 13 2 14 4 7 4 0 13 16 22 14 4 0 30 30 13 27 9 10 20 10 2 29 22 17 17 17 27 10 10 25 13 24 15 23 23 14 30 22 16 16 18 11 30 2 4 16 26 19 26 20 24 17 4 23
12 8 6 29 5 15 28 15 28 19 24 24 30 25 27 2 7 26 19 7 24 24 19 4 16 12 3 12 6 23 2 2 23 2 20 2 16 28 2 24 17 20 6 0 18 11 4 21 5 30 15 5 28 23 2 20 15 3 0 10 15 23 1 28 24 27 17 19 30 3 21 13 30 22 26 15 4 10 8 3 15 24 6 6 24 23
5 26 9 23 23 3 10 24 25 1 19 11 30 24 27 21 18 3 3 24 17 25 2 25 8 12 14 19 7 13 3 28 13 11 28 27 26 6 10 29 8 0 30 19 4 8 12 6 30 9 8 0 19 20 1 23 11 3 12 2 29 13 1 28 1 23 14 10 2 25 25 8 9 18 10 25 6 28 30 2 29 21 22 11 6 12
7 1 1 23 29 2 24 15 9 5 24 6 24 29 21 28 5 14 10 12 28 19 23 17 15 19 8 24 14 18 2 16 20 30 16 4 27 2 6 4 20 18 13 2 27 19 15 10 12 30 11 22 18 5 11 21 16 5 29 5 0 15 21 28 12 26 0 23 4 13 16 4 7 15 10 30 4 4 6 12 4 24 11 29 11 3
17 19 23 25 6 3 14 10 14 18 17 4 25 0 18 20 20 28 20 5 15 27 25 1 1 27 16 21 26 3 7 29 0 0 18 19 15 6 6 25 20 23 10 29 4 25 19 13 11 27 8 4 17 9 24 6 21 11 10 2 23 19 27 7 24 14 14 1 21 17 11 10 13 4 6 24 18 18 22 19 20 8 2 7 28 6
23 10 17 25 2 28 25 18 5 14 2 4 3 20 4 13 23 25 26 12 21 0 6 30 27 5 17 26 26 24 25 30 20 27 22 11 5 17 16 1 0 1 22 29 22 11 25 26 29 17 6 19 16 20 4 21 19 6 26 0 28 17 24 2 12 14 13 12 24 8 11 18 9 8 24 12 28 13 12 19 8 28 24 6 18 13
3 14 2 0 12 24 11 13 19 7 16 17 19 0 27 5 3 2 27 27 23 10 22 25 8 22 25 19 0 9 18 11 27 9 15 25 23 11 3 20 30 15 15 8 26 25 28 25 5 20 25 24 5 4 29 4 17 10 24 27 15 9 28 17 19 21 21 1 23 16 28 11 1 18 29 14 2 9 0 0 28 30 15 7 16 28
4 0 0 0 14 20 20 26 26 25 16 9 15 5 27 19 22 12 14 17 29 2 3 29 0 28 22 26 14 0 29 14 15 24 13 22 3 18 7 3 20 17 19 13 24 1 5 19 27 19 1 23 29 28 15 30 28 9 22 19 20 18 2 6 28 10 12 14 4 4 7 4 24 27 13 7 11 3 26 11 24 28 26 19 27 11
18 6 26 13 21 6 13 27 27 14 18 20 15 0 6 10 2 22 28 0 29 2 20 3 25 14 9 27 9 5 21 4 6 22 25 0 14 1 8 20 21 27 1 21 5 21 21 0 20 2 8 15 5 21 6 3 21 16 17 0 6 2 17 26 3 21 12 12 20 22 6 13 17 0 7 11 6 2 4 23 10 3 15 0 17 25
14 3 18 6 30 4 27 8 1 28 0 26 21 24 5 26 30 22 13 14 7 10 10 22 26 4 12 4 13 24 15 28 10 18 30 28 5 1 20 3 2 27 18 2 27 22 3 12 2 1 3 8 10 11 16 29 24 8 29 21 24 2 20 10 14 4 26 19 5 7 21 22 14 18 24 2 5 8 26 19 20 3 29 15 16 24
11 21 25 9 29 13 0 16 7 15 20 16 10 23 19 15 20 28 2 2 1 6 24 27 19 7 0 24 10 13 20 4 4 27 21 29 8 16 17 13 16 2 29 17 29 10 28 8 14 21 21 20 28 0 2 27 8 0 2 25 18 14 23 8 30 17 11 18 17 3 24 17 17 29 14 12 1 10 11 20 30 12 25 3 17 13
13 14 27 8 1 22 22 22 5 25 28 23 4 5 8 16 3 15 29 28 28 14 12 5 0 1 9 19 25 11 5 25 23 5 22 17 7 29 9 28 1 5 12 16 6 29 17 7 13 3 0 24 7 10 16 27 22 4 18 0 7 19 12 12 28 26 5 23 19 23 2 6 23 28 1 18 19 3 8 24 19 3 8 3 19 22
5 27 13 25 2 27 4 23 28 1 24 6 17 25 6 2 16 21 12 25 5 12 20 6 1 17 30 24 3 9 15 1 12 7 18 30 29 21 26 13 21 14 30 6 12 4 21 15 11 23 21 12 10 20 29 9 19 30 29 20 17 19 22 16 21 6 23 29 3 0 28 4 12 29 22 19 13 0 17 16 8 11 15 28 7 7
1 12 27 10 19 18 5 30 19 7 19 15 0 1 0 22 5 19 22 29 17 6 28 1 6 15 10 7 23 23 28 21 7 14 4 20 22 30 27 25 2 21 16 21 0 6 2 10 21 2 7 21 27 1 0 5 23 1 14 23 25 21 28 13 28 1 19 5 26 14 2 11 17 11 18 15 21 9 23 28 12 9 27 22 1 2
20 28 27 16 9 13 23 26 17 25 15 24 4 29 14 0 28 1 6 16 7 19 27 23 8 30 7 6 7 20 9 29 4 21 17 11 28 28 3 3 6 3 0 1 5 29 0 13 25 25 11 11 9 17 16 19 5 8 6 30 25 30 25 0 17 27 11 23 15 2 26 10 19 28 13 2 20 23 12 20 16 11 10 28 16 0
28 22 6 21 2 8 2 1 0 24 7 13 3 23 28 3 1 10 7 28 19 1 10 24 12 15 27 24 3 25 15 7 0 15 5 25 6 5 11 26 22 11 1 10 0 29 1 6 24 25 4 7 30 11 2 4 30 10 20 29 23 24 6 13 22 9 5 23 12 10 8 24 17 17 1 27 17 12 14 20 29 22 6 28 10 27
18 9 19 23 7 3 17 29 0 10 25 14 20 27 3 9 25 4 6 9 21 2 8 20 22 23 27 27 6 11 17 28 19 25 9 2 0 0 10 4 13 17 28 13 24 15 9 7 9 21 7 10 1 3 0 23 17 20 23 25 22 0 3 22 10 13 29 12 8 4 6 28 10 1 9 14 1 27 7 4 25 23 21 30 15 15
3 8 28 13 18 5 11 18 11 7 18 11 8 14 10 7 9 23 15 5 22 10 11 17 18 26 14 8 28 1 1 24 1 13 2 6 18 28 11 30 0 18 30 8 28 23 14 20 9 14 28 7 27 18 17 2 20 3 11 6 11 12 4 6 21 6 16 12 24 26 20 18 11 28 19 17 30 17 27 7 21 5 4 18 12 3
3 11 6 9 30 8 7 9 1 5 27 25 10 25 0 6 26 0 30 27 3 22 14 24 12 9 17 9 7 15 30 28 5 8 7 24 14 9 7 6 6 11 14 14 26 4 14 0 11 2 18 17 9 14 13 25 14 13 10 15 16 4 26 0 13 4 22 21 0 1 14 11 22 6 10 21 2 5 17 12 25 1 27 13 0 18
15 7 5 13 19 2 26 2 9 15 16 27 9 6 29 1 6 14 15 13 12 6 17 23 8 12 18 5 15 12 15 13 29 3 18 15 4 12 2 26 21 1 19 22 3 5 22 4 15 10 11 6 21 26 25 29 27 0 16 4 27 19 20 0 4 26 23 3 27 25 29 7 14 17 11 17 24 30 26 15 5 23 6 26 16 23
2 17 11 8 21 30 29 22 6 8 28 11 7 23 8 14 7 15 30 1 26 28 29 1 1 7 23 18 22 6 26 20 8 18 18 16 18 13 17 12 4 21 19 9 0 8 14 7 9 30 18 18 30 28 28 21 16 20 22 10 20 15 29 20 3 15 13 12 10 15 7 12 3 22 25 9 15 28 19 18 2 0 3 3 11 8
0 15 6 27 6 24 20 6 2 20 19 5 15 11 4 10 21 8 22 25 5 23 4 26 0 2 1 23 10 9 7 25 29 11 9 5 8 29 7 18 2 11 5 0 22 3 21 27 19 28 0 25 16 18 22 0 23 6 27 13 14 25 13 1 24 13 11 19 23 11 19 8 20 3 21 27 27 14 2 8 29 4 5 23 29 7
3 25 21 10 29 26 26 17 15 11 8 12 2 4 8 9 22 13 11 20 13 1 25 23 15 24 6 7 13 20 18 2 13 28 2 21 14 19 23 28 20 4 14 3 4 9 21 18 5 17 9 10 24 11 6 9 28 4 3 9 28 23 11 13 1 30 6 5 14 1 21 17 28 4 5 20 17 30 22 18 7 28 16 7 16 9
10 28 20 15 1 0 9 21 24 29 29 22 14 11 28 14 20 17 24 5 8 22 27 25 18 24 10 13 11 26 3 17 26 0 6 17 12 25 22 29 25 27 0 6 23 22 23 14 9 18 30 9 13 24 28 26 7 14 30 1 12 20 9 30 9 7 22 18 2 11 18 7 10 19 0 16 10 10 27 5 20 29 10 26 19 7
2 25 10 17 19 24 24 23 23 21 22 18 14 24 7 5 5 20 7 26 26 30 13 2 7 17 19 1 13 25 27 27 20 13 18 0 11 1 18 5 27 24 6 14 28 1 28 14 17 0 12 1 9 24 7 19 12 13 22 1 11 13 22 22 30 18 18 22 28 22 15 0 25 5 0 28 17 0 22 13 12 27 15 27 4 17
11 29 21 12 26 29 28 29 2 25 22 23 4 11 0 13 4 10 23 14 2 8 6 25 11 1 23 9 0 15 27 28 28 2 28 19 27 16 12 21 15 9 24 16 17 16 10 4 15 21 3 7 23 27 12 22 26 10 0 1 23 21 23 27 26 16 29 11 3 13 0 11 21 9 28 15 20 3 29 6 8 10 29 22 17 17
9 27 21 24 22 25 13 5 8 11 9 16 6 5 26 6 5 6 13 18 20 0 3 14 7 14 16 8 13 30 9 13 25 6 19 3 15 12 4 22 21 2 20 24 3 30 27 5 15 0 15 25 28 19 10 14 0 0 7 23 26 26 10 29 7 27 24 25 26 8 24 22 6 7 28 7 16 5 30 12 9 10 23 28 1 19
7 13 10 29 24 4 6 16 6 8 10 18 15 10 3 3 4 16 17 23 20 9 26 1 2 4 30 29 11 17 27 9 1 24 20 24 24 7 10 12 19 29 8 22 1 23 14 14 28 5 22 6 0 3 21 14 7 10 6 3 26 3 17 20 22 9 10 28 17 21 2 15 3 24 28 17 0 22 25 12 0 5 27 9 3 12
21 14 10 29 4 11 26 9 5 29 24 4 25 4 10 26 29 29 24 8 30 19 28 17 29 12 11 22 9 30 0 3 20 6 3 15 14 15 3 12 2 25 8 5 26 0 21 19 3 14 27 10 12 10 28 27 8 24 20 7 16 19 9 19 23 18 16 9 12 20 19 27 5 12 6 14 6 24 19 3 2 4 13 21 9 5
10 21 12 28 2 27 9 3 20 12 28 2 8 26 27 10 3 1 11 3 2 11 17 4 9 30 7 12 21 16 16 13 10 1 28 13 13 10 25 4 15 7 29 10 3 22 20 2 28 0 11 20 6 28 8 12 19 26 15 29 7 17 15 0 13 30 6 30 15 20 25 8 0 10 28 10 28 27 15 25 28 3 26 8 24 14
3 5 12 17 5 11 0 24 14 14 1 13 29 1 30 8 2 24 17 26 7 21 20 28 24 26 5 11 19 27 12 18 15 30 25 1 10 2 0 26 21 29 24 14 0 15 28 9 14 7 15 23 30 27 18 2 20 28 26 23 7 24 4 7 24 10 16 24 2 25 7 4 12 16 15 30 3 30 5 25 20 17 5 21 4 22
21 10 9 29 2 10 20 30 5 14 10 21 8 7 13 10 9 26 25 5 15 29 5 21 0 6 4 22 18 28 12 19 0 28 8 29 8 3 3 6 13 24 23 26 28 2 2 17 18 2 5 28 16 6 12 14 9 13 24 16 15 14 0 14 16 11 4 22 30 20 14 27 19 14 12 3 23 16 25 24 26 22 10 3 6 14
19 26 11 23 20 28 1 15 17 23 22 6 21 26 8 17 4 21 14 10 5 16 25 29 0 1 0 0 10 22 27 0 30 6 24 11 3 1 17 28 7 5 17 15 16 10 11 19 9 26 14 18 24 17 24 7 6 21 25 10 20 24 18 18 15 7 28 12 29 12 7 17 22 9 13 26 15 12 11 18 7 24 18 14 14 3
1 19 19 30 25 12 7 8 8 12 5 24 9 5 7 16 18 17 9 12 19 8 24 17 21 5 12 27 17 3 18 21 25 24 16 17 21 2 23 2 23 3 29 26 3 10 14 16 6 9 30 18 0 9 14 20 10 7 29 9 1 21 26 16 13 8 13 11 13 22 8 4 6 18 1 1 3 6 19 10 28 5 29 23 2 19
3 21 8 1 26 27 0 2 7 15 7 7 16 16 7 9 25 24 12 22 25 27 19 12 21 30 14 27 1 13 28 24 29 28 28 14 22 30 22 14 25 3 4 17 12 29 18 9 11 20 16 28 5 3 2 6 13 16 29 16 1 22 23 11 23 8 19 25 13 10 22 30 11 22 23 30 24 24 24 24 11 0 20 1 14 1
10 22 12 19 16 20 26 28 30 22 18 20 2 22 11 17 7 4 2 15 13 19 5 24 16 23 14 18 5 11 26 4 17 15 7 7 25 14 19 11 21 14 15 1 9 21 25 17 7 20 26 17 7 11 27 12 2 9 28 25 14 26 4 0 17 21 0 2 24 8 12 8 19 2 16 8 7 17 26 25 27 9 25 16 8 24
0 5 20 15 1 25 11 0 0 27 5 24 13 0 23 25 4 25 10 22 17 30 1 14 11 13 28 24 14 9 4 4 30 19 7 13 10 19 20 27 8 4 17 7 5 20 9 6 15 19 3 9 14 30 0 8 3 7 20 9 22 2 11 13 2 18 29 13 8 27 10 28 21 25 1 5 29 24 22 15 30 21 30 25 9 9
16 19 4 27 26 19 27 1 27 11 20 11 15 13 27 15 12 26 27 26 8 14 24 18 7 3 7 30 15 24 4 26 21 10 15 14 3 6 12 11 1 26 19 23 15 3 14 19 2 3 13 9 22 10 21 15 1 26 2 18 28 28 30 10 17 12 27 23 14 10 27 13 23 19 25 9 22 23 19 26 19 13 3 24 2 22
15 8 12 11 15 2 4 19 7 19 28 15 4 23 15 11 11 12 28 8 13 14 12 16 20 17 18 12 16 30 27 26 11 19 25 1 7 29 16 22 13 19 27 4 16 4 19 25 23 28 28 15 26 6 14 2 7 4 5 28 11 11 26 22 20 21 8 30 0 6 1 20 7 27 6 30 17 23 17 30 17 22 24 27 29 3
10 9 23 12 7 11 3 18 17 13 26 1 10 28 1 0 22 28 15 7 21 13 12 25 29 16 19 30 9 6 11 20 30 6 9 20 9 3 6 21 17 21 0 9 25 4 14 10 25 2 21 3 16 19 14 21 19 27 2 25 7 26 21 25 28 22 30 13 9 5 26 11 23 29 20 24 9 29 28 20 17 17 8 17 12 27
1 26 8 14 19 18 13 21 9 23 20 30 28 3 1 24 11 15 3 11 1 4 3 11 3 0 23 24 16 19 23 27 11 30 13 11 7 17 2 2 25 2 15 5 3 22 2 3 25 26 24 23 6 23 27 21 25 11 17 21 14 24 6 28 5 5 3 14 24 5 21 23 4 18 26 7 15 15 18 21 23 11 3 3 13 25
28 12 15 14 10 25 25 17 2 1 23 4 4 0 28 18 11 16 1 16 12 21 23 8 21 0 27 7 14 18 27 4 19 29 13 0 13 24 24 20 7 22 24 5 26 26 5 12 2 2 25 21 15 18 1 4 18 26 20 11 19 2 14 22 4 18 9 8 11 3 14 28 30 17 18 7 15 20 15 27 1 13 12 16 16 15
18 25 24 1 29 22 12 6 14 22 11 17 10 0 4 4 10 16 23 5 8 6 16 9 11 4 13 7 30 9 5 28 22 22 13 30 7 12 29 28 10 17 8 1 24 9 11 15 18 0 5 9 2 15 9 16 9 14 22 18 1 15 11 23 21 3 22 13 14 19 1 0 14 8 18 3 17 9 1 15 21 22 14 8 29 5
15 3 16 15 5 8 1 2 20 9 2 23 1 13 15 26 3 19 9 5 12 11 12 8 7 3 24 26 1 5 24 16 2 29 22 30 23 17 3 4 19 11 3 14 10 9 2 25 0 22 8 19 6 30 12 11 4 3 2 27 1 6 27 13 4 6 9 22 30 6 12 18 22 8 19 16 28 25 2 4 8 9 19 15 11 15
17 13 25 6 10 9 10 17 15 30 20 24 24 8 1 14 26 14 27 2 30 21 29 0 26 10 10 0 21 9 18 11 24 11 7 14 22 13 18 30 15 22 20 24 21 30 5 7 5 20 27 30 21 15 3 14 11 19 9 17 7 23 16 0 10 12 12 22 14 29 6 20 23 12 25 28 21 20 0 9 15 14 8 16 26 22
19 14 6 9 29 8 2 14 17 9 3 14 12 23 21 21 1 26 16 24 27 26 4 15 18 27 9 1 28 9 1 12 27 15 4 18 18 25 14 16 11 12 20 6 4 6 14 13 5 29 17 30 23 4 24 14 18 11 7 10 12 11 0 6 22 24 2 0 26 11 28 9 6 0 6 23 13 15 18 14 15 26 20 2 19 24
28 3 1 4 18 20 25 11 19 24 21 23 6 27 19 20 28 3 27 15 24 4 8 9 25 0 23 1 29 0 20 0 5 3 16 14 28 18 21 1 6 20 23 19 26 6 30 12 10 2 6 29 6 25 11 25 15 12 10 10 16 16 14 3 11 16 12 3 23 1 4 1 19 13 30 30 0 18 28 3 23 9 10 26 12 5
11 9 5 19 27 21 19 19 2 16 20 10 5 11 9 14 1 20 22 4 18 13 17 20 12 8 5 6 0 28 9 23 23 17 7 14 6 9 4 12 18 2 5 20 7 30 10 7 4 29 8 9 14 17 27 25 15 17 16 25 3 24 25 13 13 14 29 16 7 25 18 0 6 18 7 12 25 25 27 22 25 4 30 20 19 22
23 3 29 23 30 8 28 20 5 21 26 20 3 24 13 7 27 17 25 4 4 19 11 28 30 13 27 24 14 9 10 18 13 12 10 14 22 17 25 22 4 15 2 20 13 1 27 28 2 2 29 23 1 16 0 25 6 10 16 5 19 22 24 22 2 30 22 14 6 4 16 25 6 19 26 30 16 6 30 1 23 0 13 30 17 7
