92 92
23 16 26 5 21 4 30 5 15 12 9 1 24 12 13 7 19 2 3 10 22 25 27 7 17 29 7 19 24 20 26 12 3 5 18 24 29 25 27 0 29 22 21 22 2 0 18 16 3 3 10 25 4 27 2 27 3 29 15 21 26 26 13 26 18 16 1 25 23 0 18 16 3 7 20 12 15 27 5 14 8 16 8 25 11 12 4 11 11 29 28 27
1 6 23 25 29 8 5 17 24 28 24 4 25 2 19 20 0 28 25 7 6 26 3 27 3 7 5 16 4 28 5 27 24 13 20 29 9 7 24 12 20 30 6 25 8 17 14 8 11 13 11 18 9 8 14 29 12 30 27 16 24 9 13 3 10 16 28 3 3 26 24 25 0 28 4 29 10 22 0 16 22 29 15 3 13 1 16 26 17 25 17 22
21 7 22 18 21 21 18 0 23 9 23 11 10 2 5 16 27 9 27 17 8 8 13 18 13 18 14 20 12 13 8 0 22 2 14 16 10 24 4 3 2 13 21 17 21 22 13 19 27 24 0 12 0 20 20 20 20 18 24 19 10 5 8 18 9 11 5 15 26 11 16 12 27 0 0 7 10 5 13 2 9 10 6 19 4 10 29 12 7 20 28 13
27 9 15 3 5 10 15 17 23 28 16 26 12 4 22 19 16 26 27 10 13 23 25 26 2 5 12 29 8 12 13 18 7 10 1 9 30 15 1 13 22 27 2 3 2 11 15 22 16 17 19 18 4 20 25 4 6 3 1 3 11 16 15 6 6 30 16 6 22 20 13 11 24 1 17 27 5 10 15 18 20 14 25 29 24 20 17 17 29 15 15 17
5 12 19 5 27 5 22 4 20 24 30 2 8 1 2 9 25 3 7 30 20 7 6 11 19 28 30 27 13 12 16 4 6 4 0 17 27 23 9 29 15 25 3 30 0 14 2 16 17 3 27 15 14 2 26 16 17 29 18 27 26 12 25 1 7 30 1 30 23 27 7 25 8 16 1 9 6 24 0 16 8 21 17 6 4 24 30 2 16 24 4 13
11 18 30 0 8 1 26 18 8 6 29 20 10 25 6 14 28 10 20 27 6 20 24 24 6 19 1 25 1 4 21 9 5 16 2 14 3 29 10 25 26 20 27 0 4 12 6 4 13 6 26 20 0 7 13 25 15 15 1 19 28 26 14 14 18 22 16 6 23 27 8 23 0 10 30 26 19 19 0 8 24 10 6 5 14 14 2 0 27 5 17 27
12 23 15 6 6 28 22 4 23 28 1 20 29 9 26 24 15 26 11 0 18 9 28 28 2 13 9 18 28 10 14 10 30 3 2 4 18 6 3 11 27 16 19 18 16 18 3 22 27 12 18 11 10 12 28 2 4 25 0 15 10 1 0 24 14 6 5 13 15 25 15 23 13 12 1 10 3 19 11 4 2 6 11 1 1 15 1 28 6 2 17 26
10 1 18 22 19 28 26 6 11 2 17 2 20 13 26 8 20 6 25 18 26 30 3 13 7 26 18 16 26 3 16 0 29 7 5 7 21 10 20 22 0 28 14 6 7 23 29 1 16 1 11 22 15 4 0 30 6 16 4 30 22 0 22 2 6 5 4 0 25 19 8 16 17 19 24 5 29 22 22 14 23 26 11 28 23 18 27 11 0 1 25 25
26 17 11 30 8 23 2 29 24 23 25 0 15 20 28 1 13 0 24 8 5 8 14 17 8 2 25 9 9 20 6 26 8 25 2 1 29 14 16 21 26 10 9 11 2 27 6 24 6 1 11 18 5 10 20 1 22 8 30 4 30 28 1 23 1 17 3 13 21 10 14 13 29 25 25 5 2 15 7 15 3 25 21 0 1 26 12 25 20 17 23 24
9 22 4 7 26 21 28 24 19 22 12 23 13 7 12 26 26 18 29 6 26 8 20 25 10 7 30 1 18 17 12 0 25 18 12 16 20 25 19 14 18 3 15 30 23 14 17 16 2 20 29 5 30 20 25 20 30 21 21 20 28 22 30 5 0 2 22 2 8 22 6 17 27 18 26 20 15 1 6 19 8 25 8 21 1 7 23 11 4 20 28 5
27 30 21 3 10 15 6 20 8 23 3 24 4 5 19 18 7 15 28 10 9 28 2 11 6 21 18 3 9 19 3 14 26 20 15 3 0 1 2 5 4 4 14 5 29 14 5 7 13 20 4 25 25 15 26 27 18 14 3 17 28 12 29 24 1 18 24 25 11 0 21 14 19 7 28 15 14 19 15 27 4 29 6 9 5 4 3 26 8 2 0 14
4 26 18 18 29 26 2 11 11 29 26 21 26 20 20 2 16 29 26 17 2 3 0 20 17 4 19 4 6 5 30 18 7 15 22 23 21 20 25 29 10 4 23 6 21 28 30 2 12 25 17 15 30 30 18 19 26 27 8 5 27 23 19 15 14 20 2 20 7 24 3 16 19 19 19 30 17 15 8 16 16 19 1 10 12 16 0 3 16 7 3 7
28 30 28 22 13 16 0 29 17 20 19 11 18 9 3 2 27 1 20 26 26 29 30 5 26 22 22 7 18 2 2 29 4 20 11 7 12 0 5 20 23 19 23 20 26 4 22 17 25 25 12 6 9 25 7 9 4 5 17 1 10 3 1 26 8 29 9 9 15 15 13 22 9 8 16 26 5 1 7 20 1 28 7 23 27 12 21 6 26 12 21 19
19 11 26 17 24 2 30 21 11 28 20 9 23 12 2 11 28 26 11 6 21 8 1 4 5 25 19 12 17 18 22 7 8 21 3 22 7 10 8 12 22 24 12 0 9 9 25 4 6 12 21 0 29 24 0 1 15 3 21 19 1 17 30 23 10 15 24 6 26 14 5 2 24 26 25 17 24 6 26 14 21 26 17 5 10 11 22 26 3 14 20 12
10 30 24 7 12 17 20 29 23 7 9 23 25 8 9 29 28 29 26 8 2 13 6 21 29 15 20 12 20 3 22 27 7 2 29 0 22 6 8 19 25 29 5 15 7 3 18 2 16 6 13 0 10 13 20 23 13 24 19 16 9 21 8 12 5 5 23 6 23 17 14 3 29 24 18 8 22 3 26 28 9 27 16 11 12 13 5 23 22 21 0 29
7 13 13 11 6 9 0 30 16 23 1 10 29 6 13 17 6 15 5 4 29 16 18 12 5 5 14 10 21 29 29 3 25 5 28 17 8 10 8 12 28 30 3 10 15 25 22 13 12 12 18 22 23 5 15 11 21 23 29 21 13 25 5 18 30 13 14 0 17 16 29 13 23 0 14 14 24 27 6 24 24 14 27 10 29 29 20 0 30 5 28 6
25 28 24 0 9 3 25 7 23 24 29 7 10 28 6 30 1 27 2 10 18 25 6 11 28 13 21 0 19 0 3 4 26 7 28 11 22 30 8 15 0 29 15 25 23 10 18 5 11 29 12 30 2 29 10 26 16 29 24 20 14 24 1 15 4 3 14 11 21 29 15 23 24 15 23 29 30 8 27 19 10 24 29 21 24 0 29 0 22 8 27 11
30 15 24 15 25 13 7 16 5 6 22 14 23 28 29 20 2 2 8 23 18 29 3 4 28 5 29 15 19 3 24 27 11 28 6 3 18 27 1 24 11 21 3 29 9 16 24 18 15 5 11 3 11 14 25 1 23 12 20 7 12 19 19 28 29 10 28 18 23 9 5 14 24 5 5 8 16 19 13 29 25 22 13 23 3 1 19 9 8 7 25 15
7 20 0 11 21 26 19 21 25 22 22 6 9 28 1 17 2 12 17 22 8 23 30 11 22 10 1 5 24 10 15 10 25 24 6 1 26 19 10 13 22 2 2 15 10 21 8 6 17 19 0 26 18 24 8 28 4 5 21 5 6 8 26 28 19 21 14 22 10 9 25 6 15 1 13 22 10 20 9 15 1 18 12 5 19 22 0 3 1 9 6 10
5 10 2 26 22 17 22 4 18 3 30 1 23 14 12 2 26 9 11 19 2 8 7 6 30 11 10 28 28 22 26 27 9 11 29 27 3 4 19 24 26 17 30 3 2 1 8 3 22 21 23 20 1 0 4 21 2 2 16 18 16 29 16 1 20 20 27 7 28 0 22 7 15 18 25 6 13 4 28 5 18 14 10 29 7 26 18 24 27 19 22 18
3 2 15 30 12 26 28 11 0 22 23 17 5 5 17 13 17 23 19 13 20 15 18 28 4 22 28 24 24 13 30 29 20 11 14 16 19 18 29 29 16 13 11 8 26 0 4 17 14 7 5 2 4 16 23 16 10 20 3 7 17 17 4 20 9 22 23 28 1 29 2 21 26 28 2 22 24 10 16 28 23 5 24 18 23 27 23 20 14 15 9 15
25 27 13 22 8 26 25 11 14 14 12 18 5 4 7 16 13 13 28 23 5 20 12 5 3 29 27 8 30 30 22 3 11 17 26 27 29 4 27 3 0 23 16 24 19 14 7 21 19 29 10 20 27 26 11 22 23 23 21 0 12 11 7 0 23 16 15 14 26 4 26 8 24 18 25 29 16 0 15 12 30 15 2 18 14 13 28 0 27 18 26 29
11 22 22 11 29 16 6 14 14 14 27 4 25 17 12 23 20 20 21 15 15 18 19 4 13 0 24 28 1 1 25 21 6 15 11 8 27 25 21 12 21 29 25 5 19 13 16 20 7 25 26 14 0 6 27 28 22 18 1 28 9 17 17 6 4 18 3 5 6 27 14 6 5 12 0 8 4 2 12 9 13 14 27 2 26 10 29 6 28 21 25 10
7 17 0 10 29 28 11 2 22 6 4 1 26 8 3 4 4 3 30 23 18 7 5 26 18 26 22 27 16 27 10 1 12 16 13 24 25 24 26 4 6 14 11 12 30 2 2 15 9 0 6 18 0 28 8 19 23 22 30 28 6 29 18 10 14 27 30 16 12 26 7 25 7 5 2 9 20 10 2 6 27 15 6 14 21 10 0 19 5 18 19 21
12 2 15 17 1 30 16 6 25 20 30 28 23 5 9 17 23 29 13 28 28 19 26 28 21 17 28 19 19 12 0 14 0 18 27 2 19 11 7 4 17 17 0 5 19 24 0 16 2 21 19 28 7 27 6 22 17 12 18 16 13 6 8 14 17 20 0 2 29 6 17 7 13 27 25 28 15 29 21 9 29 15 29 8 25 19 9 19 9 15 22 26
25 26 0 3 10 23 30 0 2 10 28 24 23 11 21 16 25 6 24 21 7 16 23 22 28 9 14 17 9 30 27 21 19 11 1 18 12 13 11 7 11 25 28 8 24 21 25 23 1 1 12 21 22 17 30 6 3 24 4 4 5 16 1 14 25 22 29 4 24 30 5 20 13 30 1 19 3 14 7 9 14 25 10 0 9 2 6 7 17 25 17 16
15 22 26 17 24 29 24 10 15 5 1 16 23 20 15 1 21 12 0 24 2 14 25 23 12 0 22 25 21 3 1 15 13 28 29 9 3 21 0 21 3 7 14 19 1 12 10 3 12 7 5 5 15 9 2 12 15 26 27 27 28 29 12 20 18 19 30 28 21 10 17 29 29 26 14 29 7 20 2 4 2 2 22 22 26 14 11 3 26 1 1 10
17 8 19 12 19 26 20 26 26 29 7 10 13 30 12 10 1 4 23 10 9 9 1 12 6 10 21 22 22 26 24 19 29 3 16 12 2 18 25 25 15 8 16 15 16 14 6 11 25 24 19 9 30 3 2 18 20 1 8 0 17 0 9 15 12 29 8 9 23 16 3 18 3 28 23 0 10 25 21 24 23 3 20 22 16 0 16 10 25 16 7 7
25 0 19 9 19 29 5 16 1 2 8 10 5 26 10 9 14 7 21 14 10 1 13 21 30 20 16 4 21 26 4 21 8 23 14 20 16 9 0 22 3 29 20 21 26 26 5 15 5 5 0 25 10 11 25 9 15 2 28 14 17 27 25 2 24 4 30 23 10 27 17 26 2 16 7 22 25 13 6 30 11 17 7 10 21 1 3 22 23 27 24 2
30 1 14 13 10 16 20 1 3 27 1 22 7 11 26 0 8 20 26 15 16 22 4 24 20 20 14 28 11 20 16 1 22 8 1 27 1 2 2 15 19 11 3 18 10 9 4 16 29 4 24 30 0 20 7 7 1 2 17 13 27 29 29 15 29 8 26 10 23 24 7 6 28 27 2 24 9 25 24 8 29 15 28 4 14 20 30 2 15 1 11 27
26 22 6 27 6 7 28 9 5 7 28 23 20 1 9 29 30 17 6 22 8 21 22 30 13 20 0 2 16 29 21 8 20 23 28 13 7 25 11 28 15 15 14 14 18 1 23 16 30 0 16 17 1 16 4 21 12 19 21 19 29 22 23 25 7 11 27 24 30 29 27 25 9 10 15 19 27 12 7 23 13 14 6 2 26 3 14 25 3 26 21 13
25 5 19 17 6 2 28 7 19 11 29 25 13 16 6 20 18 2 22 17 1 28 27 21 28 5 24 23 2 17 27 24 19 25 16 15 28 15 27 29 27 26 5 26 3 1 9 16 0 2 18 4 11 24 3 0 8 16 21 25 21 8 10 0 7 7 10 1 12 28 30 7 20 6 24 14 21 11 23 27 27 7 16 8 7 24 3 24 2 15 4 26
8 20 15 7 1 7 8 28 18 27 21 15 28 19 19 27 8 4 28 24 15 29 7 1 26 17 15 6 28 15 28 26 9 26 4 30 4 5 8 14 27 29 6 19 23 8 21 0 26 29 26 11 20 0 6 5 16 7 0 4 23 27 1 1 17 15 5 0 26 9 22 19 22 23 29 0 4 4 0 23 12 26 7 1 28 22 22 25 18 12 24 0
0 5 20 24 14 15 13 14 17 14 30 29 27 13 17 5 9 22 0 22 10 11 26 9 6 21 10 3 28 1 0 28 28 3 24 9 12 17 27 23 18 6 24 23 29 26 3 0 24 1 12 27 17 16 6 14 13 6 28 4 18 1 7 11 3 16 16 10 27 5 19 2 18 9 8 14 8 29 6 25 17 13 29 14 7 21 13 12 19 0 21 2
20 20 11 22 15 6 8 18 1 14 12 17 10 27 29 19 17 10 2 30 20 14 27 5 24 21 0 6 13 19 15 2 16 18 12 6 29 29 22 25 28 5 3 27 27 29 23 0 2 1 19 20 0 22 19 9 8 18 27 15 17 30 13 4 0 11 7 11 4 15 0 0 27 14 20 30 8 24 24 24 29 6 12 16 2 2 8 22 11 20 23 26
14 10 19 0 8 14 22 6 6 20 15 20 29 30 24 9 6 4 24 21 21 14 17 16 29 20 19 19 9 16 17 20 5 5 4 29 19 15 16 14 18 4 13 9 27 19 26 4 5 29 29 13 7 25 25 2 3 30 26 21 19 11 26 23 22 26 20 3 10 28 1 20 13 22 25 29 0 24 23 28 4 10 11 11 13 6 14 8 11 29 18 1
3 20 25 22 30 21 25 17 25 28 10 7 1 28 2 16 7 24 22 24 25 24 7 11 21 4 2 26 21 0 29 12 8 16 9 4 0 26 28 20 19 7 24 1 0 24 3 4 18 21 23 30 26 25 28 16 17 9 14 12 26 14 21 12 8 3 8 9 25 12 27 1 7 9 11 10 21 1 3 4 13 23 1 22 5 2 5 1 2 8 3 17
30 26 28 22 2 25 5 18 5 9 23 26 16 21 3 21 23 17 6 10 5 20 22 0 26 30 2 25 17 15 25 30 25 7 23 27 6 5 30 23 16 24 14 27 26 7 29 28 1 28 1 7 25 22 24 0 29 11 10 14 1 1 11 11 9 27 5 4 22 1 18 7 7 4 25 1 2 19 13 2 13 4 16 18 1 26 4 29 26 4 11 22
27 29 8 16 2 15 21 23 18 1 10 29 22 1 20 2 16 11 13 1 14 24 4 8 10 3 8 4 5 22 19 12 12 8 11 2 12 6 28 21 30 5 1 27 21 16 22 15 7 8 1 10 22 11 25 30 19 19 18 27 20 12 2 1 28 23 7 9 27 5 9 20 14 19 6 14 27 19 22 14 23 5 26 14 29 24 11 18 0 5 15 19
2 9 4 16 15 14 15 6 23 18 13 2 11 18 19 19 24 17 26 22 4 0 24 20 7 2 15 7 22 9 30 17 7 9 11 15 17 5 7 28 10 15 2 14 2 12 14 4 0 22 17 10 18 16 19 8 23 17 13 3 12 4 8 18 24 24 13 21 9 30 8 23 19 19 5 24 7 17 29 10 7 4 14 8 11 20 17 29 14 27 21 7
29 15 6 15 9 12 19 6 18 24 5 20 7 14 0 8 27 4 23 21 1 20 25 29 27 16 19 19 29 0 13 5 14 3 8 2 30 14 8 28 14 2 8 24 12 27 3 30 5 25 21 23 16 22 6 0 30 28 11 25 12 24 6 20 13 26 20 2 0 13 8 17 28 21 11 7 2 28 1 24 8 18 29 14 13 19 9 30 27 9 26 28
11 28 17 25 6 29 3 25 21 28 21 21 9 30 15 25 8 25 1 0 10 24 6 25 21 24 1 26 16 19 6 27 7 14 21 4 22 10 28 22 30 4 19 7 22 27 17 15 15 19 26 9 17 10 1 22 10 8 1 28 25 30 18 20 16 5 2 21 9 24 25 29 13 20 0 30 24 13 17 22 6 14 14 2 12 19 10 10 6 4 6 0
26 25 18 4 23 25 9 17 20 27 10 4 13 7 9 29 13 27 11 23 3 5 26 10 22 23 24 25 22 2 14 6 17 20 12 26 29 0 29 25 16 24 25 26 9 13 27 27 9 0 21 2 23 0 0 17 1 26 20 2 15 19 6 8 23 2 10 21 9 23 19 6 10 24 24 15 27 25 19 2 8 25 1 28 8 24 24 22 17 27 12 22
28 10 13 15 20 27 29 10 19 29 16 0 3 15 5 16 9 7 21 4 8 27 11 0 3 26 22 29 4 13 18 29 14 22 16 29 0 11 0 15 25 11 27 30 29 30 16 9 0 12 25 16 21 30 0 17 17 16 13 23 24 13 18 23 14 0 12 18 0 12 3 7 29 24 7 25 2 30 23 19 19 23 1 17 8 13 25 22 16 15 19 30
24 15 0 30 3 24 26 21 24 20 19 19 4 13 29 27 13 16 2 2 15 17 18 30 23 1 22 12 6 10 25 0 20 22 12 11 2 26 1 22 2 4 27 19 30 24 27 20 15 22 10 0 16 15 6 3 7 5 25 23 27 25 16 13 12 25 7 0 13 28 15 30 2 25 1 12 24 16 26 5 3 2 15 24 29 13 9 29 26 1 24 27
24 24 4 4 30 22 10 1 19 19 11 28 17 0 10 10 18 20 10 25 19 30 4 5 7 23 1 18 9 21 2 25 19 24 25 10 15 22 15 9 0 30 25 6 1 18 29 18 5 3 25 8 12 1 3 19 2 20 22 14 4 5 18 18 21 14 15 29 14 30 16 22 25 28 29 2 22 10 1 13 6 16 20 4 3 8 6 23 19 28 2 21
1 15 29 26 7 23 16 27 23 2 15 2 10 26 14 13 25 14 20 9 17 15 20 10 5 15 6 14 26 7 24 28 15 22 22 3 0 22 30 4 14 0 28 6 0 20 2 1 3 14 16 13 16 30 13 20 1 13 10 26 1 14 29 0 13 15 30 0 30 17 29 0 6 0 6 6 14 19 19 16 4 9 18 22 11 11 14 17 27 23 20 9
22 10 8 5 15 25 19 30 3 22 12 11 18 25 10 0 28 20 6 25 9 2 3 24 6 27 5 5 17 16 19 12 27 17 27 19 3 8 16 28 20 12 9 28 22 26 6 13 29 22 12 1 18 8 13 5 14 8 4 20 26 18 21 22 19 12 12 20 10 3 3 0 25 9 23 24 23 17 1 14 6 9 15 3 12 2 28 11 29 17 6 23
16 6 26 7 20 29 3 4 28 29 21 13 27 27 28 18 26 15 5 9 22 10 9 22 28 9 6 2 10 15 11 28 26 13 29 20 7 25 24 28 25 23 20 4 2 0 24 2 21 1 8 8 30 25 14 3 20 28 9 6 26 22 11 11 5 6 19 24 11 11 1 22 9 19 19 6 16 14 17 18 14 17 22 28 22 20 2 3 21 27 24 12
27 5 30 24 4 20 24 4 29 20 29 7 3 16 26 20 14 1 20 9 8 13 10 9 14 5 2 4 20 9 13 10 21 20 10 18 5 7 17 2 14 27 5 0 11 21 27 10 13 20 5 8 2 8 6 28 27 23 2 24 11 23 19 10 19 29 21 15 20 17 5 1 2 27 10 26 9 1 2 14 6 25 16 0 15 5 6 10 11 15 30 7
20 18 1 30 21 23 5 8 19 25 26 25 26 1 7 29 2 14 27 25 22 27 1 27 29 13 14 28 1 29 0 8 16 14 14 2 24 8 20 17 27 23 23 11 15 27 4 7 14 1 28 1 14 6 6 25 13 7 22 12 10 12 1 21 15 25 1 7 27 29 23 11 1 9 6 12 23 5 3 8 0 10 22 17 9 20 12 6 1 20 5 27
30 22 13 26 30 10 18 19 28 25 30 20 6 15 5 7 3 24 5 11 0 30 24 18 10 19 10 17 21 23 18 17 9 21 24 15 25 20 4 22 26 14 25 6 27 8 10 27 11 3 10 4 15 9 9 11 6 28 10 11 14 29 7 22 11 20 12 24 21 12 24 17 27 13 21 20 12 19 1 1 7 20 16 5 10 16 15 16 8 1 10 25
22 28 27 17 26 10 7 7 6 28 6 14 29 30 17 7 10 2 10 26 0 21 5 25 29 0 28 5 6 8 17 26 16 15 5 27 22 21 6 16 24 3 5 22 21 13 5 15 8 30 13 21 20 1 5 30 20 2 28 12 21 14 26 18 1 23 26 11 18 11 11 10 21 27 22 24 5 9 18 3 22 14 14 28 3 6 11 13 17 13 14 22
13 21 28 16 5 25 6 18 8 14 1 29 30 22 19 3 15 11 15 14 7 4 5 21 6 28 8 1 4 14 29 0 0 4 30 24 2 2 30 5 17 10 9 20 12 17 7 19 26 4 23 9 13 0 9 13 27 24 27 20 13 14 26 8 2 0 4 4 16 12 22 1 11 20 27 24 8 1 11 29 18 7 21 3 20 22 6 5 25 8 21 19
23 19 20 19 26 7 11 1 0 13 11 15 26 7 7 12 13 7 22 26 2 3 13 18 9 2 23 29 1 4 6 7 17 20 1 11 3 23 23 22 1 21 24 5 15 13 16 23 8 8 17 18 9 10 4 5 7 21 6 12 28 24 16 14 2 4 11 10 22 16 4 5 12 17 13 23 17 3 18 22 3 25 18 21 14 22 22 11 11 27 11 16
20 16 25 3 14 1 20 13 3 6 5 9 15 15 22 18 12 6 28 21 24 19 26 19 22 22 21 26 9 30 29 14 16 7 12 12 29 15 15 16 14 10 22 20 10 10 6 11 11 3 29 20 17 26 3 20 23 13 24 8 5 7 6 22 0 30 4 20 19 1 20 13 29 16 17 11 6 14 26 1 2 15 28 30 2 12 20 23 10 15 6 17
16 26 15 4 13 11 3 25 3 14 4 12 23 25 28 9 11 27 25 22 22 25 27 27 23 28 27 2 28 6 5 20 7 5 6 3 7 21 10 3 7 16 15 15 22 18 26 27 10 5 7 18 12 15 16 9 25 8 12 16 23 21 13 18 20 2 21 13 19 19 10 6 30 30 30 23 21 4 2 25 24 29 22 16 6 22 30 11 1 8 24 10
22 27 15 1 8 2 18 27 20 11 18 23 20 4 11 4 15 29 23 21 25 27 8 0 11 0 25 13 5 12 26 15 13 13 23 8 5 23 25 1 3 7 16 19 13 8 26 11 22 8 3 11 21 28 30 11 25 6 20 6 8 14 8 5 26 0 24 11 3 28 12 14 20 5 19 18 25 6 15 28 27 27 17 25 8 21 29 3 10 26 2 24
25 0 22 14 9 10 3 19 6 0 29 23 14 20 30 15 27 29 0 3 9 20 2 0 9 22 2 2 0 7 16 7 16 7 7 1 15 1 10 24 6 1 13 2 4 29 4 1 6 9 29 14 22 26 4 26 6 25 10 1 14 1 3 26 30 4 13 0 20 22 6 14 8 5 19 23 23 25 29 0 11 5 25 22 8 21 6 17 10 19 20 9
14 16 11 21 28 7 24 2 12 21 6 6 12 10 1 19 4 22 10 10 27 1 11 24 26 2 12 25 15 6 11 20 16 20 13 29 10 8 4 3 8 30 12 10 9 22 29 15 7 5 21 25 23 3 20 12 16 11 7 7 5 6 11 25 20 18 22 15 10 10 29 13 13 3 12 5 15 13 24 10 6 13 7 14 30 13 15 19 8 24 18 26
14 30 22 11 19 7 26 0 1 0 26 3 24 26 7 10 16 18 20 17 24 13 27 3 4 6 1 8 11 9 28 2 10 20 30 24 5 10 28 14 12 9 16 11 25 5 0 10 24 0 6 30 28 23 10 7 13 2 20 25 19 30 30 11 0 14 11 6 8 15 18 0 5 13 24 6 0 8 5 9 0 16 28 15 28 2 23 15 29 16 9 23
25 27 22 13 12 7 0 25 1 24 12 17 15 23 3 16 26 30 16 23 3 2 8 2 1 1 6 7 8 15 3 13 16 0 27 5 9 9 18 12 4 15 10 3 30 12 6 16 1 27 13 9 24 28 26 8 15 9 8 26 0 28 14 24 23 12 28 23 7 12 21 8 13 22 17 2 1 25 22 14 29 0 26 24 10 23 26 0 28 26 7 20
23 15 2 16 10 1 15 19 3 3 19 4 15 0 25 16 12 27 8 4 28 2 27 11 5 19 24 8 30 29 16 8 3 16 6 28 4 5 17 26 22 25 27 12 21 23 21 21 26 27 27 26 18 19 29 11 24 22 23 16 18 27 0 22 20 19 20 11 16 21 4 14 16 30 20 6 10 13 9 22 30 27 20 17 21 15 4 4 9 18 6 4
30 3 26 24 5 24 8 17 21 24 23 1 2 15 17 9 11 6 14 28 22 28 29 1 15 16 6 18 2 30 5 18 7 30 11 5 3 12 17 9 23 30 0 23 15 4 20 21 15 20 29 28 22 15 9 20 27 9 29 3 16 27 23 27 16 29 13 19 28 25 2 10 27 4 5 15 17 17 29 13 3 20 20 6 15 16 13 24 11 6 9 11
17 9 1 15 3 5 25 5 9 10 21 6 22 23 4 29 23 12 7 7 11 29 27 6 6 18 7 5 23 17 23 29 22 7 20 8 25 11 17 14 6 28 16 5 26 17 14 6 6 19 1 0 5 23 13 23 25 2 20 24 21 8 4 4 12 23 3 14 2 1 17 10 21 29 26 2 13 23 1 14 10 28 24 23 19 0 7 6 16 2 25 26
29 10 29 21 21 13 30 8 12 10 27 15 22 30 0 28 0 12 14 10 29 24 5 0 20 21 17 19 6 6 26 29 4 9 21 3 24 0 14 24 29 19 12 26 10 13 15 6 30 3 13 23 0 3 14 24 10 26 10 18 9 5 12 10 9 25 24 30 28 19 25 14 8 23 0 14 7 22 5 27 0 22 7 22 29 26 5 28 20 24 6 6
30 13 7 22 4 26 28 18 12 4 9 6 11 27 2 24 19 25 25 5 19 18 24 19 22 30 16 2 11 2 17 9 30 25 5 20 29 15 23 2 11 1 7 6 10 13 22 29 21 8 9 20 24 28 27 0 3 13 19 1 12 13 30 28 25 14 9 16 5 16 26 19 16 27 29 24 7 19 7 27 4 20 26 0 17 21 23 27 2 5 1 5
16 10 15 14 6 11 27 1 9 11 25 20 19 3 28 23 26 5 29 20 3 17 12 11 7 27 30 22 7 1 6 29 4 5 30 8 19 1 21 12 15 21 7 10 23 3 1 7 18 27 4 19 25 18 5 4 21 2 12 19 25 30 0 6 4 17 6 13 18 7 18 15 10 3 1 14 7 29 2 3 26 1 6 29 13 2 13 8 23 2 28 29
12 23 16 1 2 9 9 2 21 1 21 1 0 1 23 28 14 17 20 29 9 4 3 5 19 3 8 5 26 12 16 9 16 28 6 12 6 1 12 30 19 29 7 12 23 6 20 4 6 15 21 14 5 5 8 11 11 13 6 3 1 18 5 1 29 4 1 8 11 3 8 12 19 17 3 2 10 18 16 26 18 3 30 9 25 16 12 16 3 1 7 19
23 13 2 3 16 10 30 9 1 7 8 19 12 7 22 18 24 11 20 24 17 7 15 19 7 11 2 11 14 16 22 3 2 5 21 13 3 10 27 19 22 29 7 23 15 21 16 2 18 14 11 14 26 21 26 10 9 16 9 25 0 14 30 8 3 15 30 2 23 27 9 20 2 27 10 20 27 1 0 30 19 14 15 18 23 28 0 17 24 14 17 4
25 12 28 26 27 24 29 25 23 16 3 11 18 14 5 4 6 30 30 4 20 6 9 10 5 29 2 5 15 11 11 3 9 24 12 18 28 15 18 12 28 27 27 10 14 19 3 15 30 28 1 27 12 19 20 10 0 18 5 2 3 20 1 28 7 23 19 20 9 13 11 23 16 9 9 14 26 17 15 19 13 21 13 11 16 6 8 26 14 24 9 0
3 1 28 26 8 6 30 8 9 17 7 1 8 26 12 5 27 7 12 16 25 4 12 5 19 21 29 17 1 16 19 21 15 7 26 29 23 4 9 10 27 5 11 20 29 16 20 17 13 3 2 30 9 4 1 27 7 21 10 0 15 5 16 30 30 21 3 11 3 29 25 0 23 15 2 12 28 5 17 12 22 11 1 22 8 14 4 4 3 1 22 11
9 0 28 6 11 28 25 8 24 17 13 16 4 10 19 4 0 22 19 19 30 28 28 8 27 27 30 30 18 12 14 17 14 4 24 27 1 21 11 20 3 6 23 27 12 17 30 10 7 29 4 8 21 28 26 22 6 22 17 16 25 21 12 11 4 8 25 29 16 24 27 10 12 22 29 28 15 9 3 3 6 8 24 2 29 24 11 7 8 19 21 13
22 11 2 17 22 27 26 13 12 25 18 28 17 3 26 24 21 19 6 24 17 0 16 6 23 22 30 5 20 30 0 19 9 7 30 18 15 23 8 25 10 4 16 21 7 11 21 28 11 11 6 4 29 17 3 11 1 0 23 15 21 6 7 9 6 12 11 5 18 21 26 1 0 12 11 8 16 11 12 19 17 20 5 21 16 15 28 3 10 27 13 0
9 12 4 1 29 19 26 16 28 28 23 2 28 9 24 15 3 29 10 23 27 8 21 23 4 18 1 1 26 29 18 9 24 28 4 15 29 26 20 6 23 6 21 17 3 20 18 7 24 28 13 17 0 5 8 24 16 10 19 29 17 23 21 17 30 1 3 29 26 9 0 0 12 26 2 11 28 1 30 28 18 10 26 14 12 21 3 28 23 27 2 13
17 30 26 8 0 24 4 17 17 3 12 21 15 9 1 25 1 22 15 10 24 10 7 3 9 12 5 13 20 17 29 28 13 12 16 9 0 3 21 17 22 24 3 6 8 23 12 13 13 24 21 7 12 30 28 28 12 0 10 11 13 4 9 26 1 10 1 28 12 8 29 9 6 8 20 6 26 25 4 15 9 12 17 4 12 24 23 19 13 6 12 15
7 20 4 27 0 9 14 25 23 10 28 13 4 18 26 0 4 18 11 1 14 6 11 3 26 13 30 19 19 30 4 1 28 19 12 26 10 7 6 29 12 19 8 30 22 13 3 30 16 29 23 1 0 7 6 14 9 22 8 14 13 16 11 4 13 10 3 23 23 9 14 2 16 15 26 12 1 21 6 30 24 9 22 9 2 23 3 26 2 22 6 27
29 14 12 10 20 23 10 21 10 0 27 27 21 26 30 6 6 22 12 16 17 18 6 21 24 21 0 1 25 6 23 1 18 18 19 25 8 24 10 25 1 19 22 5 24 12 3 2 18 30 21 15 5 5 12 20 3 21 14 6 15 22 4 3 6 14 28 9 29 18 22 8 16 28 13 20 19 13 14 26 30 26 0 18 25 12 16 17 26 22 9 13
25 1 13 20 18 21 0 3 30 25 21 17 9 12 21 12 0 9 10 21 3 12 2 5 14 9 9 14 17 26 19 28 9 6 11 10 11 19 25 24 21 4 1 28 15 22 9 29 8 23 5 14 11 14 23 20 5 21 18 14 19 19 26 16 10 11 14 29 0 15 20 23 15 6 10 27 10 6 0 15 7 9 11 2 30 25 28 9 24 5 6 27
0 17 19 19 0 13 22 12 13 10 26 6 24 6 9 12 0 9 0 9 1 24 29 23 25 26 16 7 18 6 21 16 16 5 12 29 19 14 9 16 4 8 0 5 18 3 0 4 8 6 28 2 23 13 2 11 13 12 4 28 10 4 2 14 26 14 29 23 2 7 14 6 28 1 20 10 10 8 3 17 4 3 10 28 30 25 17 6 3 15 4 20
16 3 22 19 21 1 29 6 17 7 18 7 23 19 0 19 24 12 0 0 11 4 2 12 1 4 15 25 13 24 8 4 25 0 10 1 7 19 21 28 20 5 22 5 21 4 5 0 9 22 9 4 2 15 21 18 10 21 26 4 7 26 14 20 29 26 24 15 10 11 18 30 4 2 1 30 5 1 30 16 20 19 13 26 8 7 13 28 15 17 26 17
19 18 15 15 30 6 25 19 14 24 13 26 19 13 11 27 27 0 12 24 10 11 14 15 21 28 10 27 23 16 22 25 10 4 5 10 15 3 18 12 12 19 29 4 7 12 9 20 12 12 6 20 3 12 28 2 28 15 20 15 23 25 20 21 20 19 17 15 25 21 26 14 4 9 13 28 19 4 7 24 11 26 23 2 24 9 27 26 27 22 28 4
12 5 0 8 9 20 21 14 2 0 16 28 28 12 20 22 5 30 25 7 26 1 1 3 16 27 10 10 30 3 22 24 29 22 15 5 15 27 25 16 8 12 30 0 8 17 23 21 23 0 15 0 19 26 16 5 0 3 5 5 27 19 17 20 6 30 20 22 23 26 1 5 12 16 3 4 26 5 1 27 30 8 29 21 29 2 3 13 30 3 22 10
10 30 25 13 24 5 2 25 4 6 8 30 7 17 15 29 14 19 16 20 29 19 28 1 15 1 6 3 28 1 16 23 16 3 15 18 22 20 2 21 6 21 19 10 26 26 9 14 18 28 25 25 5 30 25 14 24 21 4 21 22 22 4 27 7 15 24 22 13 12 0 7 28 29 13 5 7 9 25 5 30 18 15 13 26 26 28 16 10 10 16 24
7 23 5 25 15 7 18 17 4 25 16 15 27 10 14 1 17 3 10 3 10 13 12 0 10 25 12 24 18 4 10 26 30 11 14 21 16 27 9 11 16 17 10 20 4 8 26 14 4 22 11 11 20 15 16 6 6 0 6 9 16 28 23 5 8 10 6 6 16 29 22 12 12 8 28 21 7 30 7 30 24 15 26 5 20 3 16 18 29 7 10 11
11 9 30 25 13 3 29 20 14 26 24 25 12 0 23 4 22 3 20 30 3 23 29 3 1 29 12 14 10 14 14 13 18 21 10 23 17 2 8 19 16 3 18 17 5 14 28 14 14 16 13 18 28 19 29 9 11 27 16 12 22 11 23 25 23 10 27 23 13 6 25 17 30 11 5 18 11 19 29 26 0 18 16 4 1 6 20 18 9 30 30 17
15 9 21 11 1 13 19 23 2 2 3 10 21 21 15 19 12 19 19 4 15 1 19 22 21 7 24 27 24 12 11 30 17 15 19 17 13 1 26 0 5 15 14 1 7 1 13 10 13 27 24 18 4 7 0 29 10 21 8 9 5 16 30 9 7 15 3 27 3 24 30 22 26 2 8 7 6 21 6 11 12 3 2 17 6 19 15 12 18 28 21 7
20 17 27 1 19 8 12 5 28 27 10 27 7 24 16 26 13 9 27 15 19 20 5 3 18 22 4 10 16 23 16 17 16 2 30 9 0 30 27 4 14 24 24 3 21 17 21 19 3 20 6 10 13 18 4 21 29 4 10 15 18 22 17 26 30 17 0 1 15 22 14 10 3 17 29 6 5 12 19 16 4 4 5 4 16 13 3 2 11 20 8 27
7 4 17 10 17 22 8 7 15 15 29 26 12 19 8 21 6 15 1 30 8 24 7 27 3 22 28 25 15 5 4 11 0 29 18 25 24 3 30 13 12 0 27 0 23 24 12 0 27 6 25 24 5 17 23 14 18 17 16 26 11 23 16 18 26 15 3 12 25 14 27 6 30 11 30 13 2 10 17 3 8 11 5 7 14 29 28 1 14 15 9 7
26 13 29 22 0 9 26 18 29 25 14 2 2 18 26 0 1 12 21 28 1 27 11 29 20 7 3 6 30 30 29 8 27 0 25 19 12 19 0 7 0 10 18 5 16 30 27 19 1 29 0 22 18 19 20 18 9 22 19 23 17 5 22 1 8 0 17 25 7 20 25 1 1 2 1 24 6 11 26 24 14 25 18 6 12 20 4 4 24 7 25 4
20 24 27 29 4 14 19 18 24 13 26 15 12 0 30 20 8 11 14 28 22 7 17 5 13 12 15 11 5 13 26 26 6 13 14 29 5 1 23 29 26 26 14 25 18 12 1 19 11 23 24 16 4 1 25 19 28 14 2 24 17 17 7 25 7 25 26 30 25 30 5 15 18 14 3 29 25 11 18 29 16 14 22 2 18 12 25 18 13 13 30 8
22 17 13 9 9 20 1 5 12 1 18 5 16 1 30 19 4 1 20 15 14 20 0 0 18 16 4 15 5 20 18 26 11 16 8 13 30 10 1 13 11 2 9 30 25 1 18 5 7 2 13 21 18 11 24 14 2 20 30 26 14 8 0 3 19 4 12 4 11 5 15 7 16 7 20 1 20 25 4 4 17 10 4 6 13 4 16 2 30 15 13 25
