95 95
9 23 24 20 10 24 25 6 5 9 5 14 3 27 18 0 23 29 21 24 15 14 11 28 27 6 5 28 26 23 15 5 26 26 1 24 30 8 5 10 2 12 20 19 23 5 17 6 13 21 7 6 17 2 24 9 12 19 3 0 19 27 30 30 27 5 10 22 27 1 3 2 15 26 17 21 18 7 30 10 0 0 21 26 25 28 15 4 22 5 3 20 21 2 3
10 5 18 27 6 27 10 25 24 0 30 21 1 9 22 16 20 19 9 29 1 7 8 8 5 5 6 15 25 2 25 7 26 24 5 16 22 8 4 1 22 17 25 6 14 18 20 19 12 15 30 21 12 29 8 12 17 12 24 24 9 29 0 30 11 27 0 23 10 4 12 14 24 26 27 20 6 11 2 10 14 2 18 20 12 9 26 23 16 25 5 6 3 4 10
27 13 5 22 21 21 6 7 14 21 16 29 4 26 27 8 14 26 9 4 2 14 9 28 1 2 5 24 29 4 6 3 21 9 24 3 12 30 8 8 23 19 23 17 14 19 0 24 19 28 28 9 28 26 8 30 9 19 11 1 15 6 11 17 24 29 14 6 10 22 10 13 17 5 5 16 14 30 11 25 4 1 7 24 6 2 25 22 17 13 22 24 4 5 24
28 6 15 2 21 20 24 3 24 18 30 8 25 18 2 9 0 26 5 4 14 13 29 1 10 13 9 27 24 19 10 24 28 29 13 14 28 14 27 0 14 8 11 12 9 28 12 7 21 19 3 21 30 10 30 23 27 2 5 3 29 5 6 6 9 22 21 11 2 12 21 23 24 14 2 11 22 20 27 14 9 12 26 28 2 13 7 6 30 19 5 9 3 15 10
23 20 27 10 5 10 27 21 20 0 3 0 9 27 30 0 19 0 7 4 27 22 4 15 13 25 9 17 10 29 29 0 29 26 8 6 18 8 10 18 14 22 27 28 7 25 6 27 8 20 25 24 2 14 22 7 25 30 5 30 16 26 17 24 14 3 8 21 29 8 8 10 29 28 4 16 14 8 12 10 25 13 14 13 7 0 6 22 29 14 9 4 15 5 25
6 21 6 24 28 11 23 27 10 1 5 25 2 15 9 0 12 2 17 16 28 24 15 17 9 13 24 13 5 5 3 19 9 10 6 8 21 3 23 23 29 26 26 6 12 10 24 0 17 14 23 16 19 8 21 3 14 1 0 16 21 4 26 13 25 1 9 24 22 29 29 15 30 26 13 0 1 6 25 12 18 28 11 17 27 28 20 5 6 28 4 15 25 12 19
23 2 2 9 18 12 0 27 30 12 6 20 2 2 26 9 4 2 22 5 27 7 2 25 23 7 24 24 20 2 20 21 23 11 9 19 29 14 28 1 12 29 21 1 0 8 9 17 2 11 22 30 26 7 13 29 25 27 21 3 17 16 4 21 29 21 26 5 30 3 0 0 21 12 13 14 16 0 1 4 5 25 16 5 21 14 16 4 22 5 28 28 6 12 7
2 6 0 5 5 1 2 14 0 16 3 30 22 27 27 27 23 26 14 14 8 4 26 19 7 17 9 19 24 6 10 0 30 30 26 17 23 26 23 30 19 1 25 17 0 3 30 7 11 20 8 21 4 19 11 12 13 8 23 17 25 12 23 6 6 19 18 10 0 27 25 11 4 16 21 27 28 4 19 6 16 29 13 16 15 17 10 30 18 0 11 2 1 30 26
1 7 11 20 20 27 9 11 1 15 12 27 9 9 18 1 30 4 15 10 15 24 6 24 11 0 27 4 17 18 26 2 17 4 25 11 10 4 6 8 17 29 5 3 13 26 20 16 20 14 19 20 23 8 7 21 15 10 9 12 29 21 27 15 27 4 24 28 14 3 7 21 5 9 13 23 6 29 7 14 8 27 13 2 5 15 11 7 24 19 23 11 8 7 0
8 19 5 11 5 0 3 27 30 10 13 25 15 1 5 0 12 13 3 27 16 22 24 8 12 27 13 8 2 27 15 15 0 14 24 30 22 11 11 23 18 19 16 3 25 30 28 18 19 3 0 5 11 9 9 6 27 11 30 29 23 0 1 4 19 17 23 12 26 21 28 30 22 15 12 24 6 20 15 8 10 8 15 30 2 16 13 14 16 16 28 4 22 11 10
3 13 21 13 26 7 26 24 0 22 18 12 24 19 25 0 14 12 22 14 9 16 7 10 14 7 26 12 4 0 10 2 25 1 8 30 9 4 15 12 11 27 9 7 24 23 15 30 24 5 3 20 6 15 2 30 29 6 0 12 2 10 21 5 6 12 8 30 26 0 10 20 9 22 17 5 19 18 16 27 0 6 14 26 12 22 27 26 7 27 8 14 11 28 5
22 28 26 3 17 10 0 29 1 25 3 23 25 17 10 25 26 0 28 20 20 26 6 27 8 22 12 4 6 10 2 2 20 13 3 14 2 23 15 15 12 3 23 16 24 17 29 14 13 6 10 28 29 5 27 30 8 2 6 9 6 8 20 22 7 28 0 13 3 18 23 15 10 29 7 30 27 5 3 10 15 7 0 26 9 26 22 13 18 11 29 30 3 20 20
19 26 29 27 22 17 16 26 23 2 16 24 29 29 28 27 30 4 21 19 13 17 15 28 0 13 15 19 13 29 6 22 23 30 20 9 18 9 4 24 23 7 24 22 9 16 12 21 24 10 12 11 3 9 27 16 4 19 5 4 27 8 2 10 0 7 5 14 2 23 21 7 22 7 20 7 0 28 5 20 14 7 19 5 18 29 14 20 9 29 28 8 18 6 19
4 28 7 12 9 7 9 9 21 30 26 27 22 11 27 18 11 4 19 29 26 23 6 10 18 27 2 30 7 12 1 25 14 27 14 12 9 18 27 22 16 25 7 9 17 24 0 24 16 18 28 15 11 26 28 4 14 9 13 2 18 29 29 21 22 10 26 1 12 22 4 5 24 2 15 4 7 30 28 15 26 12 24 1 19 25 24 15 23 28 2 18 16 19 8
13 22 26 7 7 5 3 23 12 21 29 20 28 2 21 1 17 3 26 22 19 23 28 27 0 30 14 29 27 9 12 10 0 0 18 1 23 1 9 11 2 11 23 12 27 21 2 5 0 3 8 20 26 20 27 19 10 1 5 14 26 20 20 7 8 23 25 18 2 26 1 24 28 8 8 6 15 4 16 13 27 28 21 19 21 20 9 26 14 24 21 21 20 12 6
0 19 0 1 24 16 2 18 30 22 10 11 1 3 18 6 15 27 28 9 26 1 14 15 19 12 6 8 3 10 23 1 10 22 4 10 20 9 10 4 29 16 21 26 29 12 2 11 26 25 29 11 28 11 5 2 23 19 27 27 25 27 16 2 0 19 11 4 22 14 18 19 10 21 9 16 16 16 4 3 13 12 21 1 26 18 21 6 29 28 13 24 19 19 0
19 11 9 1 29 10 2 7 4 23 27 6 23 19 15 6 2 26 7 30 6 6 24 19 5 16 0 23 24 15 2 20 22 25 28 12 21 0 2 8 13 26 2 9 7 1 1 5 12 14 25 25 1 17 28 11 4 30 14 12 1 15 18 2 3 20 2 16 19 9 10 24 28 5 25 19 12 0 10 18 4 29 22 5 18 2 4 24 0 9 24 6 2 8 3
5 27 30 3 25 16 4 18 6 20 11 16 18 2 7 3 24 27 25 13 0 5 29 19 1 3 13 0 23 5 2 23 30 23 14 8 23 11 5 23 12 23 30 28 11 30 4 26 4 2 3 14 18 27 1 4 3 11 11 18 21 2 9 11 15 14 23 17 15 12 11 9 6 15 5 11 3 0 23 4 1 28 21 12 11 15 14 1 21 3 11 16 22 18 12
26 14 28 17 13 20 25 27 10 4 27 10 13 9 26 21 2 11 9 21 19 26 22 15 27 19 22 28 14 27 11 22 1 15 29 12 24 30 20 13 19 8 1 8 26 25 6 7 30 2 24 25 6 14 9 8 2 24 3 20 6 23 27 22 19 22 28 7 23 8 4 18 3 8 24 29 22 2 18 26 11 11 23 29 5 30 21 12 8 21 30 14 22 17 15
7 18 19 19 9 4 14 10 3 27 6 17 5 24 8 22 0 20 15 23 11 30 25 11 20 30 2 16 1 21 20 8 17 30 14 30 25 27 11 27 25 15 17 2 25 7 13 2 4 17 29 0 21 2 4 0 14 17 25 8 8 11 30 19 5 17 11 29 10 0 14 14 18 9 22 17 28 22 11 18 13 6 3 9 9 30 3 6 12 10 1 11 13 7 27
5 14 26 12 24 0 18 23 6 18 25 23 10 25 29 3 13 16 26 24 2 30 30 0 6 6 20 6 8 26 2 30 29 23 7 21 2 6 6 11 19 30 19 11 30 28 3 26 3 4 21 2 26 4 27 17 17 13 16 13 1 26 25 11 1 14 14 16 23 6 1 27 12 22 25 9 19 18 13 2 22 25 25 16 8 28 8 24 3 6 9 7 16 8 30
30 5 5 24 9 1 5 23 27 2 7 27 13 6 25 17 9 2 3 22 2 26 22 13 12 1 30 29 12 3 27 9 2 24 27 30 29 17 24 9 17 30 6 2 0 10 6 26 14 20 16 22 17 8 21 25 0 1 2 11 18 8 30 10 0 6 7 12 8 17 20 3 18 27 28 3 28 8 10 24 11 19 12 11 28 26 7 29 5 29 22 6 20 30 15
4 30 10 30 23 10 24 6 25 16 24 5 29 19 14 21 24 15 4 17 6 4 12 29 10 9 7 18 15 11 9 9 0 21 26 12 14 15 24 13 10 0 0 8 0 3 4 28 25 26 13 20 29 12 21 3 8 16 9 10 3 16 0 18 14 13 1 18 21 2 10 28 6 25 18 6 30 14 28 25 8 30 6 10 15 20 10 23 22 29 21 3 7 4 25
22 24 8 24 21 28 10 20 3 9 28 26 8 21 16 3 9 20 18 20 9 15 6 2 13 18 24 11 20 26 28 14 10 9 5 13 5 4 4 27 21 22 20 13 4 21 2 25 6 5 27 15 21 15 12 17 0 20 28 14 19 10 18 5 24 30 4 3 21 2 18 19 0 12 6 28 5 16 21 4 5 24 26 30 28 28 12 10 1 7 4 0 12 20 26
8 4 11 30 0 18 15 21 13 17 15 30 18 28 4 23 17 20 23 17 18 17 16 27 14 24 19 27 5 27 13 2 8 5 22 26 13 12 29 16 13 9 12 11 10 15 7 28 14 28 2 0 18 9 4 8 10 24 4 11 8 23 14 14 26 30 15 10 15 28 13 12 30 8 8 30 27 21 30 18 26 27 27 1 17 16 2 0 9 12 8 18 22 23 20
16 14 20 19 12 12 28 4 23 10 6 19 2 2 4 23 3 14 13 23 19 22 5 23 15 23 14 24 5 14 26 26 5 13 30 6 29 2 26 8 3 26 20 5 7 13 4 26 20 17 4 2 27 3 27 25 23 24 9 24 10 15 8 1 22 7 3 2 21 20 4 20 12 21 26 30 18 17 4 26 14 6 21 9 23 11 19 14 24 27 12 4 2 29 1
6 13 4 20 25 19 27 18 7 13 9 10 9 30 17 17 12 17 15 12 7 5 26 1 14 14 0 12 17 10 6 17 0 19 1 26 4 15 18 5 1 2 11 17 0 20 13 17 17 16 0 29 25 17 24 14 14 9 8 2 21 4 7 21 25 7 26 16 27 12 0 19 24 30 25 6 18 22 11 4 20 5 16 23 27 19 28 3 17 2 26 22 1 22 4
21 1 1 18 28 14 19 7 12 21 20 9 27 8 20 28 27 23 5 3 14 28 14 12 11 26 21 10 26 5 1 26 23 16 29 21 15 29 20 13 20 30 24 22 9 7 29 22 9 21 3 28 3 7 19 24 4 11 2 24 13 17 21 26 26 16 1 14 12 10 5 19 30 1 7 23 2 19 18 14 16 8 14 18 4 24 3 17 11 29 8 5 13 11 18
25 22 3 10 14 9 27 15 16 19 6 5 28 8 15 6 4 9 23 25 29 20 22 6 27 24 6 21 18 2 19 27 28 8 1 8 0 4 17 5 5 10 22 16 22 29 30 29 19 4 6 15 26 22 22 2 3 21 18 25 9 24 11 15 5 8 21 21 5 30 16 10 6 21 7 7 15 3 4 28 22 11 28 16 20 10 22 19 2 2 7 27 19 6 24
13 5 7 30 28 0 29 18 0 2 21 24 30 17 18 3 7 4 22 24 28 22 16 3 27 10 22 19 2 4 3 21 1 15 13 6 28 28 14 22 8 2 26 26 13 28 16 21 4 14 5 22 20 7 3 11 30 8 26 20 15 5 3 29 4 17 14 8 14 7 2 11 15 21 12 30 13 13 15 6 4 5 22 25 24 11 9 4 16 17 2 29 0 17 17
9 22 6 11 18 5 21 2 17 14 15 24 28 27 16 12 2 10 19 8 13 2 30 12 6 2 30 29 19 11 14 15 7 14 26 13 4 16 23 25 22 5 17 24 14 26 3 11 7 11 7 1 11 14 27 17 14 14 22 26 5 21 2 5 27 0 9 22 16 19 10 15 21 13 25 22 4 16 16 0 9 23 6 13 28 6 15 18 8 15 19 2 2 12 4
29 6 8 30 3 6 23 18 30 12 12 28 1 20 19 17 4 14 19 19 19 27 28 3 27 20 21 30 10 27 20 28 27 5 28 8 15 22 13 15 4 13 4 5 28 15 17 8 28 21 15 10 5 10 19 15 8 27 19 7 7 0 3 6 17 25 10 14 19 1 25 0 5 17 9 1 12 22 13 5 11 17 22 12 24 5 14 12 3 19 7 29 1 0 15
4 11 26 6 1 28 30 3 25 7 0 24 14 1 24 24 14 24 27 0 2 27 5 1 1 13 4 26 10 27 8 20 15 29 16 3 20 12 0 13 20 25 24 12 2 30 12 2 4 14 13 27 22 30 18 10 11 24 18 9 14 17 21 22 1 17 15 30 20 3 24 16 13 28 10 13 10 0 14 28 27 15 6 5 30 3 27 26 9 28 12 5 20 29 16
21 13 4 23 18 21 11 10 13 15 10 15 24 2 11 1 24 29 15 19 23 24 16 29 17 0 30 28 15 8 5 2 17 20 28 19 16 29 14 20 11 27 16 4 13 8 30 28 20 11 3 24 12 16 1 23 20 22 21 7 17 13 0 5 13 25 26 17 13 9 26 25 20 8 22 29 4 20 18 0 23 30 19 13 16 1 22 16 22 17 9 12 1 3 25
23 7 14 26 26 22 2 18 10 19 13 4 10 20 5 28 20 20 16 3 13 6 18 16 18 4 26 11 19 3 12 9 26 14 23 7 24 8 12 13 11 7 11 20 19 25 30 29 1 30 9 10 19 20 23 2 24 17 12 8 3 16 2 14 16 29 16 15 11 24 11 20 25 12 4 0 7 25 4 18 17 6 1 0 27 8 17 10 28 11 30 0 7 2 29
3 11 26 27 0 9 26 9 21 30 10 30 16 30 10 18 1 21 13 5 17 18 14 29 24 4 9 22 22 25 23 2 9 5 28 14 12 26 25 9 25 28 8 19 14 30 22 19 15 25 9 27 8 4 27 18 3 26 27 14 29 25 25 5 28 4 2 3 25 26 30 4 12 24 6 16 19 23 16 9 24 14 13 5 22 11 22 11 14 30 4 14 30 27 22
8 30 12 16 29 4 2 25 18 11 16 19 16 27 3 12 25 5 2 2 13 26 22 10 1 29 4 15 4 30 15 29 24 16 10 18 19 26 14 26 6 4 2 7 11 2 15 23 14 26 29 8 22 15 17 19 8 22 16 27 9 26 28 0 28 15 5 24 18 25 27 5 28 5 11 1 12 10 24 12 17 23 23 11 6 17 4 23 18 10 8 23 22 28 21
24 12 6 18 22 21 17 16 30 2 12 7 29 25 12 13 21 4 6 24 21 6 21 28 14 17 8 22 15 3 12 3 23 27 28 28 24 1 5 1 28 3 27 13 24 11 18 25 18 25 8 28 26 14 29 8 14 6 20 15 6 20 22 25 24 15 23 25 3 21 2 6 26 15 9 5 10 9 0 11 21 19 26 22 26 20 14 8 29 1 18 21 24 25 4
18 19 24 22 7 5 23 3 17 25 6 13 28 0 10 24 12 14 13 20 1 20 10 22 5 21 27 18 0 9 8 22 22 14 18 23 13 12 21 10 6 15 17 21 2 21 26 5 7 15 3 14 5 4 9 7 19 3 25 1 13 26 30 21 0 8 23 13 12 15 6 15 19 30 17 27 25 2 17 12 6 4 4 11 3 23 14 3 24 13 23 22 12 0 9
8 18 25 29 19 29 4 2 8 18 3 3 20 25 22 7 30 4 30 6 29 22 22 6 2 23 15 26 19 2 7 16 24 2 5 10 13 25 0 23 3 29 27 7 18 30 12 3 25 29 23 22 23 10 20 3 30 19 28 20 15 29 10 19 3 10 25 1 2 14 28 15 15 19 28 11 13 25 2 29 18 5 8 19 26 6 1 14 14 26 27 23 5 10 0
18 12 14 30 1 25 5 11 7 26 25 23 6 5 13 1 24 9 27 23 1 15 1 12 15 19 26 19 0 10 18 23 29 27 26 14 24 15 10 12 19 10 16 29 7 20 10 18 16 5 24 29 20 11 19 19 4 26 8 28 25 1 24 10 0 26 12 18 29 15 30 20 4 11 1 3 23 28 10 10 29 27 16 25 24 21 2 15 17 3 1 10 27 9 17
26 8 14 22 16 26 6 8 11 19 14 12 8 28 11 10 21 2 9 10 21 15 7 7 25 4 30 12 16 26 18 16 17 3 10 23 13 5 28 14 21 3 15 11 17 7 28 21 17 30 29 26 13 10 24 19 2 24 1 1 14 29 14 14 4 8 2 20 19 25 19 18 21 3 29 13 12 6 8 0 10 11 23 18 20 18 6 12 19 22 15 17 12 18 2
9 17 1 28 30 24 15 26 6 8 22 9 3 5 0 30 20 17 28 9 28 8 23 15 8 10 24 24 7 27 20 9 20 22 14 24 1 3 17 17 21 30 19 6 16 25 11 23 14 24 1 1 2 28 3 26 28 11 16 5 5 10 14 22 26 1 17 4 11 10 12 19 18 11 26 27 16 6 15 18 3 12 21 16 2 25 7 16 19 12 5 1 13 25 26
5 6 12 27 19 26 30 18 12 13 19 8 6 15 10 2 21 27 2 21 7 17 9 19 18 2 3 2 12 13 12 17 20 9 30 7 4 6 11 3 20 8 4 28 5 9 26 20 3 5 17 25 30 15 13 17 26 15 27 1 30 13 16 0 2 3 21 10 17 24 26 27 4 12 29 28 25 25 18 26 17 12 4 26 4 9 1 14 15 10 0 25 22 26 6
21 22 19 19 14 10 15 29 21 2 5 17 0 5 15 2 10 28 14 8 18 7 18 15 29 9 11 14 0 11 30 1 10 11 29 5 14 13 13 15 24 30 25 14 18 9 29 25 8 30 18 17 6 11 10 29 3 19 2 14 10 30 8 21 21 26 1 22 24 1 29 28 21 26 17 25 6 21 19 12 4 2 24 24 21 12 29 1 25 22 4 26 26 3 14
12 15 1 19 19 10 14 26 4 6 6 15 5 27 10 12 28 6 25 23 8 10 16 12 16 18 12 21 28 2 20 18 2 22 19 28 27 6 29 8 28 29 12 14 0 20 17 27 11 6 16 20 7 19 1 29 24 2 25 8 9 6 28 30 10 1 8 23 24 8 25 18 17 12 19 3 26 11 23 25 9 29 16 2 20 6 29 11 17 4 28 3 27 28 20
10 29 0 9 16 3 12 21 7 1 6 2 10 16 2 26 12 0 16 11 13 26 25 0 4 7 29 3 3 23 17 5 18 11 4 9 9 27 26 24 14 15 28 2 2 11 14 30 28 0 6 0 20 0 17 17 28 13 25 0 16 2 13 28 18 25 15 8 14 23 19 26 16 25 0 5 24 4 19 22 8 20 4 28 8 15 11 1 6 12 25 19 20 11 4
4 18 18 2 25 2 25 8 3 29 19 14 27 6 19 14 4 14 7 16 0 6 23 20 20 2 0 12 18 10 20 10 5 8 27 15 11 4 0 27 27 23 25 26 22 10 8 4 21 24 10 29 24 18 4 20 12 20 20 17 14 22 14 13 2 10 16 18 4 29 21 28 4 28 29 13 7 7 17 14 5 14 30 18 19 28 0 26 29 8 6 9 20 21 3
23 6 10 23 18 17 10 8 24 8 4 25 17 17 16 13 4 9 15 7 6 27 12 9 19 4 2 4 11 25 20 12 6 8 18 25 1 9 0 11 11 30 30 8 19 6 15 1 8 6 29 4 26 16 28 15 2 1 23 6 3 30 17 17 14 26 6 18 5 0 18 10 16 9 5 30 1 3 20 24 25 23 18 23 17 5 20 25 16 18 4 23 3 24 12
9 18 24 21 13 18 11 0 8 9 18 27 24 18 15 6 7 1 20 13 14 25 3 25 14 7 18 25 15 29 12 30 30 25 20 14 19 12 16 24 26 2 4 9 25 7 10 10 15 24 4 5 17 14 4 16 10 16 15 22 26 29 16 28 7 6 17 1 16 11 10 27 28 16 23 28 28 30 12 8 6 10 25 10 11 8 16 1 19 5 13 1 15 29 6
24 8 21 20 14 22 18 0 27 11 27 16 17 3 7 1 2 19 17 16 26 10 6 16 12 6 25 11 28 12 9 8 12 8 19 25 18 19 0 24 5 2 4 1 9 21 21 4 12 23 21 5 13 6 11 24 4 8 9 12 25 20 21 8 20 16 11 29 15 4 20 21 11 25 28 13 26 5 19 25 17 6 27 10 29 28 18 22 19 9 3 15 4 5 9
3 15 3 7 10 2 1 8 9 24 10 25 19 20 4 5 13 14 12 7 3 6 2 23 28 17 3 29 30 24 6 22 24 19 30 22 7 17 13 4 23 1 15 15 3 6 16 7 11 28 16 22 11 18 19 11 24 22 11 13 4 27 1 22 7 7 1 11 1 2 17 2 15 19 4 4 14 26 10 27 23 25 7 18 12 27 4 4 3 12 10 6 18 2 4
12 3 16 8 1 29 7 10 28 2 27 13 3 10 18 13 25 3 12 29 9 28 27 21 8 5 25 28 11 20 11 21 6 18 3 6 21 7 4 22 24 2 1 0 17 24 27 21 20 0 13 17 1 4 0 8 22 29 28 1 29 7 14 9 30 20 2 7 18 5 21 21 28 27 9 2 15 29 1 15 6 8 23 29 2 14 11 24 7 21 21 2 26 1 11
9 2 29 3 28 16 3 5 12 13 13 16 22 25 5 19 26 0 27 3 6 27 10 8 21 30 8 1 23 29 19 1 13 1 15 11 8 12 8 11 20 7 24 18 1 4 25 4 19 2 28 24 2 30 4 16 21 25 6 4 15 2 2 25 10 15 8 22 8 7 6 2 15 5 23 0 8 16 5 30 28 20 10 17 28 19 5 29 3 12 1 10 16 1 2
24 29 8 23 13 2 14 5 17 11 15 1 30 11 2 30 4 18 30 3 14 4 1 0 28 3 19 22 5 10 12 8 22 5 30 17 26 11 12 8 16 4 15 17 24 18 3 4 17 17 1 6 12 27 25 24 24 21 21 29 21 14 19 10 16 8 15 18 23 9 15 17 20 10 14 2 20 16 30 0 10 12 27 13 2 24 30 23 24 3 26 28 27 17 26
10 14 27 9 21 5 27 16 5 9 11 16 15 13 11 30 11 23 4 14 20 19 10 20 19 3 14 3 11 13 10 1 12 16 23 6 7 5 11 26 21 26 1 10 26 7 11 1 27 19 17 28 29 10 27 18 24 18 18 22 2 29 21 1 3 23 23 29 17 11 29 12 30 13 29 9 5 29 3 21 18 11 11 0 4 27 4 17 11 23 1 6 1 19 7
10 28 12 8 4 7 2 22 2 24 0 10 5 4 21 1 20 4 15 26 28 23 27 18 6 15 9 7 15 14 17 25 6 23 29 15 10 11 12 26 6 3 8 27 20 16 27 24 7 14 17 26 27 30 6 16 4 7 9 12 21 13 18 4 17 3 26 23 13 14 1 9 19 6 16 4 14 0 8 10 20 9 25 27 15 0 29 15 27 17 4 12 2 12 24
5 5 14 26 18 16 24 15 14 28 5 5 22 16 5 12 21 0 18 18 18 6 29 26 20 16 6 25 10 11 30 0 0 13 5 4 19 17 23 4 4 2 17 27 22 12 16 29 4 23 25 25 2 13 22 30 25 3 21 2 25 29 2 16 1 22 14 4 25 11 28 14 2 24 18 20 28 23 21 26 12 11 16 22 1 1 10 6 11 28 8 24 29 9 29
20 30 19 3 16 4 12 4 6 30 7 15 24 10 9 23 30 27 30 13 1 24 7 7 15 26 19 28 1 5 12 8 1 4 2 22 19 2 30 7 8 28 14 26 18 27 28 24 16 3 19 23 13 5 14 14 4 17 0 17 18 20 30 22 5 3 30 22 27 3 24 15 19 5 11 22 28 26 2 22 6 9 0 3 11 20 6 29 17 30 18 7 1 9 29
13 0 18 9 12 6 11 23 18 25 4 0 27 29 8 7 18 29 11 6 14 9 13 8 12 13 30 12 1 3 24 28 0 11 28 19 18 10 17 26 24 14 1 9 18 28 9 21 18 5 10 30 4 21 4 14 28 26 25 21 23 4 27 2 5 9 8 25 7 10 17 1 13 4 3 14 7 5 3 9 25 24 11 30 1 15 28 30 1 25 4 13 25 24 23
9 19 5 21 0 5 11 27 14 23 24 25 13 10 3 14 30 17 13 27 27 29 30 10 5 20 20 5 14 30 18 8 2 17 17 16 5 15 3 9 14 20 11 21 20 27 3 13 3 4 12 21 17 19 18 30 25 1 26 7 13 23 4 6 24 11 23 22 18 11 15 28 5 25 24 15 6 13 23 19 19 4 4 17 26 19 4 13 20 11 5 1 14 7 19
19 17 6 22 12 28 22 22 15 22 24 2 9 26 11 13 15 27 30 2 28 25 8 20 27 1 5 3 7 28 24 9 29 20 18 19 8 2 4 30 22 20 1 1 18 12 19 25 10 16 27 28 22 20 15 11 17 3 7 7 21 10 26 13 19 5 12 29 28 21 16 25 16 17 13 1 25 26 7 10 24 2 9 22 25 15 17 2 4 2 14 18 0 20 2
28 8 8 29 12 14 19 14 3 12 12 1 7 4 16 11 15 4 25 23 8 0 6 26 24 2 27 16 17 22 24 15 11 4 29 21 12 4 5 2 14 8 30 24 21 10 9 14 23 28 22 21 23 8 15 7 13 8 27 24 10 15 16 10 25 5 29 10 23 26 17 14 20 22 24 8 12 18 28 7 26 25 9 11 2 7 18 25 25 17 6 11 28 12 24
11 21 24 23 15 30 27 17 29 26 22 1 22 9 17 1 17 14 28 25 8 28 7 9 26 24 26 14 12 0 9 5 30 26 28 24 22 1 21 30 21 11 2 18 1 14 20 25 5 19 16 9 26 9 1 27 29 5 8 10 14 5 29 28 8 30 26 19 5 7 30 27 25 14 18 29 21 21 15 16 27 7 21 16 25 2 0 24 3 8 11 26 18 15 5
7 18 6 16 27 24 17 15 17 7 30 9 1 20 14 6 11 9 4 5 4 6 12 9 15 29 5 22 25 21 4 22 24 11 6 29 17 1 14 17 5 1 26 15 24 14 9 14 10 19 21 14 26 16 15 9 2 11 7 15 24 0 5 8 28 28 3 13 29 10 21 23 28 14 16 2 15 21 5 23 28 29 28 15 24 0 0 17 8 26 27 10 26 28 29
3 28 14 14 2 9 28 20 17 0 7 2 30 13 1 27 25 18 4 29 26 15 12 3 13 20 15 6 23 4 22 16 10 6 17 14 18 5 24 30 15 5 14 0 9 2 10 0 13 29 13 18 13 25 16 28 15 7 13 30 0 2 9 6 18 18 25 5 13 24 9 4 21 24 25 3 23 2 29 2 16 15 11 24 8 1 9 24 17 1 15 28 13 6 11
11 27 11 19 19 11 15 10 23 19 6 0 28 29 27 17 30 30 11 18 22 1 28 5 12 26 13 24 5 5 20 6 27 29 12 19 2 26 30 21 7 18 1 6 14 3 14 25 29 2 15 16 1 2 12 14 12 12 28 0 24 13 26 4 4 0 22 26 10 22 13 9 29 10 18 11 16 13 27 14 16 8 16 13 9 7 14 7 24 0 17 26 3 12 11
8 5 16 7 16 23 15 0 16 23 29 10 15 12 21 24 3 1 7 27 27 24 7 9 2 15 28 12 20 13 0 21 8 8 0 23 12 6 16 8 26 14 5 24 4 28 19 18 16 16 9 18 29 14 20 15 11 20 3 25 0 1 2 16 4 22 10 29 1 29 26 9 29 18 29 9 1 1 11 17 23 17 23 5 6 19 6 29 3 8 19 27 28 15 25
0 14 10 25 15 2 30 28 27 4 2 24 1 9 15 28 12 13 29 16 3 16 23 7 18 30 11 5 6 3 22 7 30 3 27 26 17 16 13 16 2 18 5 11 15 7 4 13 9 19 25 15 2 26 29 19 2 9 22 15 12 26 16 1 3 27 20 22 16 8 16 14 3 3 22 19 4 12 26 20 1 13 23 21 18 4 27 19 26 19 29 27 17 22 15
23 5 24 29 27 6 18 13 29 7 21 11 2 0 9 8 2 15 18 11 14 11 10 23 13 16 2 7 22 27 8 19 17 9 18 22 21 15 19 10 23 21 9 5 4 0 21 5 29 20 16 26 20 1 22 17 20 13 17 18 12 30 26 4 4 4 27 3 18 30 23 19 5 22 11 27 7 27 21 19 28 22 15 3 14 23 9 28 29 21 29 23 9 10 12
12 19 15 1 13 12 12 8 5 20 16 28 0 25 6 29 29 9 13 27 0 8 2 6 13 7 29 8 8 20 9 5 3 8 11 28 16 6 6 0 4 6 10 30 1 25 13 23 12 19 9 22 9 13 12 3 27 9 4 22 30 18 7 2 2 0 10 9 14 14 10 19 4 24 19 0 20 6 19 2 8 16 11 16 14 6 22 19 5 23 21 17 21 1 14
6 3 16 25 20 1 1 28 10 25 6 0 27 16 13 15 1 25 19 20 17 8 18 5 23 11 5 8 30 29 12 25 8 7 19 6 29 19 14 7 17 5 17 12 3 4 8 25 14 15 13 29 29 22 24 9 8 19 14 3 14 6 19 5 12 20 15 23 27 20 18 21 8 12 15 14 0 30 22 19 26 7 25 21 28 2 16 13 4 22 2 11 7 16 28
12 15 1 1 3 7 4 16 29 8 0 30 12 13 18 25 13 16 1 20 17 21 0 10 23 6 0 6 0 8 8 6 11 17 18 20 23 24 22 25 5 4 27 6 18 11 30 27 18 6 10 29 24 19 11 1 10 5 28 22 19 21 19 6 10 20 25 11 7 11 30 5 22 8 30 20 25 11 15 15 16 20 27 3 21 10 20 25 20 27 27 25 5 17 27
8 19 18 29 2 23 26 23 11 18 15 18 15 0 7 6 10 17 6 1 4 13 5 26 19 24 26 16 24 15 10 23 13 24 19 2 1 26 20 3 7 19 9 13 24 1 7 23 0 10 1 21 2 3 23 27 13 19 5 14 27 28 18 24 12 15 12 4 13 27 3 29 10 6 1 29 7 26 28 8 11 10 14 23 24 17 27 0 30 27 24 22 30 12 1
13 27 3 20 24 9 8 18 30 25 26 26 9 16 27 8 1 28 14 15 21 10 6 1 25 28 27 6 30 23 0 21 24 25 18 0 21 25 12 17 27 19 7 28 3 6 17 15 14 1 11 21 4 16 2 25 23 27 8 2 0 13 13 6 11 25 27 5 9 27 10 17 19 12 19 30 13 6 7 19 12 5 25 10 7 29 9 2 30 30 22 0 4 16 13
4 20 30 18 6 12 6 10 10 19 17 13 25 10 0 5 24 13 15 24 13 17 11 17 4 25 3 3 24 13 14 0 21 30 21 16 8 10 13 18 5 7 7 11 22 1 25 10 19 15 30 20 6 1 23 26 24 2 30 15 26 16 30 8 11 5 22 12 28 23 15 28 1 28 4 7 18 18 8 24 25 0 9 5 18 26 1 15 27 21 1 20 30 25 17
16 0 6 11 18 0 9 20 25 20 5 18 3 24 7 4 28 20 30 11 30 10 15 8 9 24 5 16 15 23 25 3 29 18 13 5 23 4 21 29 28 26 15 2 25 19 9 27 11 2 28 21 17 17 15 21 10 13 23 3 25 5 2 30 19 8 4 1 17 25 22 1 15 14 3 30 0 3 1 21 22 19 26 3 2 30 15 24 2 3 6 20 16 8 11
4 9 17 5 26 30 7 2 7 2 6 24 5 20 24 10 27 17 28 6 29 29 26 10 26 4 13 16 12 24 11 6 2 7 19 28 13 24 21 9 17 1 16 12 12 16 21 16 2 21 28 24 8 29 28 7 20 0 15 11 4 15 10 24 27 27 10 20 26 24 24 19 22 29 30 6 14 24 1 6 25 0 2 6 29 8 10 2 11 12 7 20 14 7 6
15 7 19 15 24 10 4 14 27 13 17 14 15 3 8 23 27 22 15 28 0 29 4 12 9 24 0 4 17 13 21 21 4 25 27 1 18 23 11 11 5 28 28 30 12 30 3 22 17 23 10 0 1 2 24 19 15 11 29 18 28 24 25 9 28 18 14 16 6 13 1 15 5 25 29 22 27 26 23 28 3 16 10 8 15 28 13 6 12 28 23 12 25 10 6
11 18 13 17 27 25 9 19 11 10 13 8 12 19 21 2 3 7 11 10 4 25 27 23 23 28 12 8 13 18 29 24 0 19 26 15 10 22 26 11 0 11 3 22 9 28 10 26 29 27 29 23 26 28 10 27 20 26 7 8 6 17 5 6 30 8 27 2 4 14 11 13 29 11 19 24 4 26 28 25 1 13 20 19 5 11 3 15 28 2 12 28 9 6 27
21 6 20 4 12 26 10 14 11 19 30 5 18 28 4 28 18 11 7 9 15 9 9 18 20 4 19 19 9 26 8 21 15 23 2 20 16 20 4 12 26 28 1 30 21 0 23 6 20 8 16 26 11 23 10 30 23 11 15 1 14 24 24 19 3 21 22 14 27 6 16 14 26 11 3 23 5 18 21 11 23 25 14 20 27 5 5 30 5 20 9 21 4 16 22
11 4 20 19 28 14 16 5 13 4 9 12 18 4 27 9 4 25 16 12 7 27 15 23 24 14 10 20 28 10 20 24 17 16 16 7 25 9 3 21 14 29 4 13 2 10 3 14 21 1 4 9 28 7 25 1 5 4 15 0 10 6 11 9 10 23 0 11 13 2 29 17 28 25 25 6 22 12 18 18 9 1 24 29 13 5 9 6 14 15 8 10 15 22 10
12 1 5 24 26 6 12 5 16 6 21 25 15 14 9 8 28 30 15 25 30 16 0 28 24 19 24 8 19 19 22 4 6 14 14 7 30 8 24 6 9 7 13 0 15 2 28 23 26 24 13 15 21 18 26 24 2 1 14 2 24 21 16 4 19 5 5 21 13 27 6 7 2 8 9 2 29 5 13 3 25 21 27 6 16 19 22 4 20 23 26 20 26 17 6
24 12 8 12 22 0 21 9 7 25 7 14 12 19 13 18 0 0 11 13 10 11 19 4 2 15 0 13 22 23 26 17 3 9 0 11 28 7 19 27 15 30 20 2 13 5 3 29 29 4 22 29 14 19 9 23 0 11 23 19 10 10 29 12 7 4 29 24 23 23 13 23 20 6 17 3 26 23 13 14 0 22 2 20 0 28 5 3 15 17 24 10 3 1 29
23 14 13 16 24 11 9 19 14 12 30 11 0 19 7 2 19 21 21 30 1 3 3 24 3 8 19 21 20 7 9 11 25 26 25 8 8 9 2 18 14 30 18 3 16 3 0 18 16 11 13 4 4 26 4 26 22 7 10 12 11 16 10 23 3 5 0 15 26 9 18 21 19 22 13 24 10 9 30 0 17 25 1 0 10 6 24 23 0 9 1 1 6 0 26
21 21 8 29 10 14 17 17 7 27 12 1 3 29 8 14 28 27 9 14 10 5 14 22 16 26 9 10 10 6 16 17 22 18 2 18 25 10 29 25 30 15 23 15 15 9 12 8 8 9 2 29 27 19 15 3 12 1 19 5 21 1 0 16 16 6 16 11 16 2 22 28 15 24 6 23 12 17 3 3 3 7 27 3 10 11 0 11 11 4 30 5 3 30 29
2 26 5 4 28 16 15 22 27 23 25 21 26 29 19 12 12 14 21 27 7 30 16 30 22 18 25 3 22 4 18 9 5 28 30 21 1 14 23 25 6 21 9 3 23 11 7 6 1 11 28 0 1 6 21 3 8 22 28 10 6 29 23 9 23 14 26 26 22 5 21 1 10 26 14 8 9 24 13 7 16 25 7 12 15 15 28 11 22 2 10 23 26 29 14
16 1 8 28 5 14 23 28 28 15 20 30 13 14 30 2 5 1 16 21 0 12 8 15 1 26 25 18 3 21 18 2 25 28 0 10 30 13 3 16 30 12 2 10 11 18 26 2 3 1 6 16 25 3 3 7 29 8 21 3 18 25 20 8 0 8 3 18 15 21 14 10 21 21 29 20 7 3 27 6 29 22 20 15 30 0 14 15 6 2 16 2 3 26 2
8 14 4 16 11 9 13 4 25 7 13 9 9 4 20 26 6 25 28 9 30 6 16 17 12 22 15 12 5 30 19 11 11 30 20 28 21 23 19 26 21 2 7 6 18 8 17 2 13 29 11 9 23 13 0 8 25 3 25 3 28 7 3 25 5 14 27 5 18 24 11 16 18 26 20 26 22 21 4 15 10 24 8 29 17 6 20 11 15 8 14 25 30 30 10
21 6 24 17 8 20 26 0 9 17 21 26 29 4 1 21 15 15 2 15 8 20 5 7 27 8 17 13 6 5 20 30 9 20 17 12 11 20 27 27 5 24 9 19 19 16 30 18 4 4 24 0 27 11 24 1 4 28 26 13 30 9 21 3 30 0 21 8 20 27 1 8 22 22 27 4 11 21 24 2 25 6 29 22 4 9 0 18 13 24 12 30 2 10 29
18 10 27 11 16 14 20 9 11 2 24 29 5 9 4 13 10 29 16 19 21 5 27 28 4 17 9 10 26 4 16 4 17 7 8 13 9 16 10 30 19 29 17 0 20 18 27 14 12 2 21 16 18 13 15 8 17 14 4 29 21 11 21 1 13 29 10 18 26 6 20 2 0 1 2 18 29 22 3 13 9 21 10 2 10 29 3 22 6 12 11 22 15 17 5
2 17 15 9 8 24 16 12 3 0 16 25 20 5 0 28 8 16 9 6 7 0 9 29 8 25 11 25 8 1 10 26 14 11 9 30 28 26 22 12 22 6 4 20 13 3 21 25 2 28 18 18 5 28 5 24 12 14 0 19 2 12 16 4 22 14 23 12 5 19 9 13 7 15 10 21 26 28 29 24 3 21 1 0 19 1 3 4 21 7 6 15 0 19 1
28 17 16 27 15 13 11 9 15 21 13 26 23 16 9 3 26 5 26 22 30 9 0 9 13 30 10 0 25 21 24 25 26 22 17 28 8 2 10 7 30 14 0 26 13 21 8 24 19 4 10 3 4 19 16 6 1 15 21 5 9 17 13 20 22 28 28 24 30 14 10 15 8 2 28 17 9 26 4 9 8 3 26 7 2 15 20 24 22 23 6 9 2 27 16
24 8 20 14 13 8 8 22 28 29 8 5 6 24 14 17 26 29 20 21 20 2 16 21 1 19 18 26 18 14 13 17 11 25 22 17 26 15 23 20 12 12 18 15 4 15 9 25 24 17 22 2 0 10 1 20 0 4 20 8 15 12 10 7 9 4 25 8 4 1 13 27 1 30 7 4 12 4 26 10 30 23 10 23 24 2 6 22 24 20 3 21 24 1 4
9 1 29 11 29 15 23 28 24 22 4 9 8 7 10 30 29 23 3 0 2 27 1 18 14 11 30 20 3 27 28 13 5 26 10 29 17 22 20 2 20 24 12 5 26 21 21 25 26 20 5 29 4 19 20 18 12 30 28 8 23 7 26 24 7 19 8 15 13 19 25 4 30 12 8 11 5 14 1 29 7 28 10 11 17 12 5 7 4 9 0 7 26 11 15
