98 98
1 21 5 6 12 28 21 16 3 12 12 27 25 21 9 17 6 5 13 19 21 18 5 5 5 14 6 17 2 11 16 19 23 19 28 13 30 17 0 20 1 27 5 23 6 30 24 14 5 10 14 12 25 5 2 9 27 28 2 1 21 25 9 23 25 7 30 6 7 1 1 29 21 19 6 29 28 12 23 30 15 16 1 14 23 24 6 10 17 6 11 0 14 15 23 23 25 12
22 19 23 10 7 12 23 7 23 9 19 13 24 24 22 14 26 1 30 10 23 10 15 15 21 25 18 30 28 21 25 19 30 13 5 19 29 6 23 3 28 4 15 5 25 8 6 16 8 9 19 0 6 7 17 6 1 26 29 16 2 5 23 0 0 1 21 0 4 29 20 27 4 19 8 19 15 0 19 30 29 13 10 0 20 16 2 14 27 0 6 11 19 10 27 20 12 28
30 16 22 13 17 30 5 3 29 28 7 17 4 5 20 8 26 25 18 27 25 11 18 23 27 13 19 7 25 13 6 28 28 29 2 30 15 13 22 1 4 9 2 24 17 26 25 26 24 12 16 11 4 5 6 22 9 5 12 22 23 12 3 21 6 5 8 17 28 7 25 9 3 4 18 19 14 25 5 1 21 27 29 0 14 25 10 11 25 4 29 15 29 27 2 20 18 1
19 24 13 8 29 17 30 21 9 8 6 29 13 17 1 12 18 2 10 4 15 24 15 3 11 6 8 2 8 8 1 23 29 19 0 26 7 10 11 22 11 1 13 0 12 19 27 26 30 22 10 2 27 29 8 29 3 9 13 8 26 5 16 9 29 25 17 12 7 25 0 25 30 29 16 23 18 10 25 13 14 17 16 15 3 19 25 24 30 16 16 24 20 26 23 14 4 7
20 2 30 29 21 6 14 2 24 10 30 27 17 23 23 14 29 28 29 30 12 8 5 13 12 1 19 2 24 1 8 24 17 23 5 24 30 15 18 10 3 5 4 5 19 5 21 19 0 28 26 0 14 16 23 21 13 25 24 12 9 9 8 20 9 4 27 25 22 1 24 10 20 19 30 9 22 5 21 22 23 0 13 9 24 21 23 25 16 19 29 3 21 17 1 17 21 3
28 29 25 9 13 16 16 24 23 26 9 11 23 28 30 21 30 2 24 23 22 1 13 19 26 2 5 10 19 15 29 4 3 9 4 10 15 17 30 25 29 20 7 1 26 8 2 9 19 25 24 0 7 4 11 25 4 10 11 1 6 12 3 23 26 21 1 14 28 22 11 7 14 29 4 28 4 3 30 2 2 7 0 22 27 9 17 8 2 18 30 0 28 18 12 21 21 25
15 24 9 21 5 6 24 1 20 19 0 5 10 1 13 10 23 9 16 26 15 17 11 30 7 3 23 1 23 5 20 2 28 15 27 21 16 25 2 16 25 5 8 7 21 5 0 20 14 14 22 29 3 19 19 23 11 7 14 16 29 15 14 25 26 3 24 20 22 11 22 8 14 25 27 27 0 15 25 26 17 9 23 4 19 8 3 9 30 1 22 11 4 16 1 7 19 30
5 14 5 19 18 25 2 0 6 25 13 26 17 1 0 0 16 21 6 28 29 7 22 1 10 28 28 20 15 6 2 1 18 6 24 1 1 7 18 15 27 17 30 18 17 2 2 2 26 4 2 7 20 24 29 0 28 25 11 13 21 18 23 5 9 25 3 14 26 9 5 28 23 11 30 20 17 29 25 14 3 12 22 0 6 18 5 14 8 8 5 23 8 26 5 13 24 18
24 5 15 15 29 12 22 21 12 7 30 8 7 7 3 6 11 0 16 18 4 14 6 23 14 3 14 2 6 7 3 22 23 25 8 19 26 25 4 25 30 30 14 8 14 25 30 28 10 7 18 23 3 14 2 23 25 15 0 27 20 14 25 6 22 14 23 8 30 29 21 11 26 26 19 1 6 8 26 23 4 6 12 29 13 6 4 17 1 28 25 18 6 20 0 7 13 16
10 4 4 22 25 18 23 1 24 16 30 8 10 24 21 14 2 9 25 16 20 14 18 5 26 19 28 12 3 29 14 17 19 10 22 17 23 27 18 16 6 26 17 26 15 14 7 9 5 29 18 5 4 25 17 2 16 8 21 14 17 10 30 9 15 30 3 28 12 21 30 27 21 9 8 4 18 16 5 17 4 23 1 11 17 11 6 13 13 24 9 14 4 21 14 5 1 1
15 9 0 27 12 20 0 10 17 30 29 26 20 10 30 17 14 2 27 7 10 14 15 8 2 11 12 18 27 26 22 19 21 25 17 20 0 10 22 10 22 4 13 22 17 7 16 29 19 30 14 27 15 21 20 2 3 17 29 28 12 29 27 12 25 21 13 8 29 10 25 6 17 19 25 8 3 2 16 2 8 20 16 20 14 2 8 3 7 9 1 9 3 27 5 1 21 15
14 20 19 21 15 9 22 19 18 8 14 3 5 0 25 27 18 2 11 5 29 15 2 23 7 9 1 29 13 17 21 0 1 7 30 22 24 9 19 2 4 29 20 10 4 10 8 28 10 28 19 28 17 26 3 2 16 0 26 30 14 4 20 1 14 12 28 10 25 21 16 24 8 28 0 9 1 13 5 17 27 20 2 29 15 8 28 28 19 1 8 5 21 3 6 25 1 20
28 0 17 25 29 17 27 25 20 9 11 2 5 20 23 13 18 21 25 26 16 16 29 3 12 4 28 24 7 22 11 19 0 20 5 24 9 21 1 8 18 23 30 14 11 30 30 21 8 1 9 8 27 25 16 4 2 0 2 19 11 21 30 26 28 16 16 0 7 14 17 28 6 3 7 22 12 8 11 5 6 1 25 26 22 18 21 13 13 5 19 2 23 18 28 27 11 2
6 6 6 8 2 24 4 18 22 27 9 19 1 16 9 1 4 5 1 9 5 4 23 26 7 18 10 3 1 19 24 18 26 6 2 9 6 28 26 20 20 23 29 22 0 19 25 18 16 7 21 6 15 23 10 20 19 1 2 13 15 2 2 25 10 5 9 27 7 15 5 20 15 9 1 28 8 20 16 15 29 14 0 12 23 21 0 9 4 17 0 29 27 3 13 17 14 22
29 10 11 20 20 19 14 26 11 6 1 9 8 21 23 4 17 1 15 10 9 5 25 21 16 23 29 6 28 1 11 7 21 11 28 23 22 22 3 15 7 10 8 1 18 17 20 12 15 23 26 25 21 29 14 17 24 6 10 12 2 13 28 3 21 15 20 13 16 21 14 12 24 4 13 23 1 19 16 5 20 20 6 13 23 9 8 20 0 22 7 29 21 10 21 27 11 26
12 1 9 30 21 15 23 16 0 8 18 5 30 17 19 18 3 0 22 15 24 18 13 26 28 19 10 7 13 29 4 9 7 21 17 2 20 4 1 22 19 4 9 9 19 15 1 1 12 12 6 19 12 23 4 10 21 9 17 21 21 9 24 29 28 22 25 14 25 7 24 8 28 27 21 18 6 18 7 4 9 17 6 28 22 2 21 15 11 15 12 17 14 0 27 7 21 28
28 23 5 13 18 13 30 23 27 28 0 11 8 6 4 24 2 15 1 0 2 4 3 26 6 6 10 9 20 30 19 18 8 29 9 3 13 23 11 25 12 2 2 9 18 7 19 10 12 16 29 8 0 4 12 6 16 30 6 5 16 3 3 22 25 25 8 4 28 21 28 22 10 14 12 23 7 17 15 11 17 18 1 4 19 19 25 6 15 15 11 26 15 11 23 7 4 2
0 0 20 15 19 19 21 26 11 25 2 28 27 2 9 9 11 30 29 6 11 22 18 22 9 11 6 18 4 22 6 25 1 0 14 3 11 4 6 10 19 6 8 16 29 9 22 15 4 18 20 10 22 11 1 15 28 2 3 0 1 8 25 19 19 10 2 16 6 8 17 26 30 0 10 21 7 30 7 18 30 28 16 3 21 24 19 5 15 10 20 29 0 2 13 19 1 15
14 25 21 2 19 23 27 9 4 4 6 29 2 14 22 27 19 19 1 27 6 13 17 16 13 11 30 15 3 3 7 24 23 27 5 5 19 19 2 22 26 9 13 7 11 19 7 25 29 26 19 23 8 21 8 20 2 2 0 9 15 26 27 29 10 6 17 23 4 0 22 29 5 3 5 0 3 19 14 29 24 26 10 0 18 27 1 14 13 16 15 25 10 30 18 3 10 28
30 2 19 5 9 28 27 24 5 22 12 4 25 3 18 18 20 17 21 11 18 23 20 29 9 20 28 9 5 24 22 7 3 10 29 23 24 5 19 4 5 23 27 23 22 18 14 19 30 2 18 1 4 22 0 14 30 29 4 2 27 15 13 13 26 26 0 25 6 5 5 2 18 21 3 29 5 18 14 30 21 13 27 15 20 1 28 28 12 16 25 7 8 4 1 6 25 7
8 7 14 26 12 27 29 6 16 27 0 19 0 14 29 18 11 24 23 21 15 6 4 25 7 30 29 7 14 13 26 7 12 9 29 17 22 2 29 25 27 11 14 8 19 24 9 7 27 11 3 20 29 15 13 22 6 6 5 20 13 8 5 3 23 29 13 17 30 2 5 11 29 29 3 30 27 19 1 22 27 19 29 24 7 13 6 14 9 15 18 8 14 23 3 3 28 13
11 13 21 10 11 11 3 0 26 6 29 9 20 18 12 27 20 21 8 30 30 2 20 5 17 25 22 20 11 8 26 11 5 2 29 18 16 10 20 7 23 26 30 10 8 1 6 24 18 14 12 9 26 10 19 17 21 27 28 14 19 27 7 5 13 16 29 1 19 16 12 22 5 12 3 5 9 26 29 13 5 29 1 27 25 3 15 30 30 28 17 18 7 3 6 20 29 0
22 22 14 25 15 6 16 3 20 4 15 3 21 3 14 21 12 14 4 22 5 4 0 1 22 16 20 28 18 29 12 23 18 6 6 18 20 20 7 16 16 27 18 6 17 30 18 30 7 14 14 14 20 29 3 11 7 2 2 24 14 30 18 21 7 24 24 9 19 29 29 6 21 11 12 15 20 7 16 11 25 1 22 22 0 27 23 10 4 3 10 17 24 30 5 16 29 9
6 2 29 30 13 5 29 0 21 0 17 15 21 24 16 4 13 30 23 17 3 10 17 21 12 3 29 17 16 5 12 25 29 11 27 22 12 20 2 6 0 20 27 1 25 29 21 7 25 9 17 3 1 29 17 22 30 6 15 24 2 9 9 12 13 2 12 9 17 29 1 8 13 16 1 9 6 0 13 5 11 2 18 24 17 11 23 22 9 20 19 3 11 19 24 17 26 13
5 2 6 28 20 9 22 8 8 16 8 21 26 7 28 16 14 27 22 2 16 23 2 10 9 14 12 7 11 14 28 14 0 23 17 6 19 10 23 8 10 20 17 11 15 15 18 17 26 5 20 11 22 20 3 28 9 16 11 11 1 29 26 8 22 13 14 24 17 25 4 9 3 17 9 0 4 9 18 8 9 19 20 16 14 16 13 27 19 21 11 18 1 1 5 28 6 24
1 7 30 12 26 12 2 0 1 23 17 2 0 3 26 21 26 6 4 22 30 3 6 28 25 3 2 29 8 10 5 1 4 12 1 27 8 5 13 5 17 5 11 26 4 28 0 6 1 24 11 4 20 29 10 7 17 16 27 29 18 9 9 2 3 9 1 9 6 13 9 5 0 3 1 9 15 28 20 7 24 10 17 29 24 2 17 19 24 9 19 20 19 28 28 19 30 24
14 16 1 15 11 12 6 3 3 12 23 11 1 16 1 27 22 22 23 2 22 5 8 18 20 3 13 20 16 27 28 12 26 22 9 25 6 4 24 9 23 24 13 10 12 16 15 24 29 7 18 21 4 9 30 21 1 2 26 23 30 22 15 25 3 15 27 26 22 19 14 4 23 22 14 13 25 1 11 10 18 11 7 25 5 8 5 15 13 12 26 22 22 21 10 0 7 2
8 4 29 19 5 12 28 25 14 21 23 20 8 4 15 30 29 15 2 7 5 23 22 14 13 3 18 10 12 29 22 28 14 6 11 21 25 0 2 3 1 19 11 9 6 1 28 27 29 27 2 20 12 4 14 22 13 4 20 12 26 20 28 19 1 8 7 0 12 6 14 16 29 17 14 15 0 23 9 14 10 11 19 2 12 0 13 27 26 15 28 22 27 9 26 23 25 20
10 7 15 5 16 20 13 26 24 3 12 26 17 7 11 27 4 22 13 6 29 6 14 20 11 13 7 11 11 10 15 12 19 14 28 15 29 10 28 13 1 20 18 13 2 4 17 26 27 26 25 0 26 15 3 22 27 12 20 15 29 20 9 29 0 27 24 25 16 27 24 14 25 12 9 8 9 25 10 7 28 5 19 19 24 0 8 8 21 11 26 14 22 5 8 16 25 10
27 21 21 9 15 17 30 28 24 21 18 25 2 28 5 3 9 12 24 2 20 5 5 28 9 11 7 12 8 16 0 3 27 13 29 11 16 24 27 17 17 8 27 27 5 10 26 19 18 11 18 1 23 21 23 23 1 25 13 14 20 13 8 26 13 29 23 30 22 30 27 15 10 1 8 22 25 23 14 27 20 6 7 9 3 18 18 16 6 4 10 30 27 2 7 9 22 22
16 4 5 10 4 26 24 27 11 0 3 24 3 15 5 5 1 30 3 24 2 22 25 24 15 7 10 11 1 18 30 27 4 12 4 28 29 8 26 29 16 19 7 16 3 20 29 30 6 9 23 19 22 10 27 20 30 11 14 13 9 0 19 26 22 4 18 0 25 14 17 27 15 4 12 19 12 20 23 19 10 4 27 12 19 10 24 8 6 24 15 8 26 9 25 10 11 28
0 19 21 19 30 4 1 20 20 23 7 4 19 20 28 30 4 25 30 18 23 15 11 3 15 4 25 6 27 21 6 11 10 19 13 0 1 28 1 18 7 21 25 27 14 18 20 28 11 13 2 4 22 29 18 17 0 8 13 8 9 29 25 5 17 17 30 13 4 7 5 15 8 6 17 12 1 8 5 19 2 8 28 6 6 21 20 29 6 22 0 25 6 2 3 30 10 3
30 7 16 4 8 19 1 23 21 4 19 1 16 11 19 26 3 21 19 18 18 6 21 3 24 9 6 30 14 29 26 26 18 6 10 9 24 1 21 28 22 10 7 0 20 3 28 19 30 19 20 24 15 2 12 13 28 21 12 26 21 20 24 23 26 11 6 4 16 11 18 1 4 0 30 25 21 27 7 29 9 23 16 0 7 14 0 29 15 20 1 4 12 12 1 15 29 3
14 16 24 9 18 10 11 10 20 10 1 3 6 26 3 25 12 12 10 12 24 17 22 4 12 24 4 24 21 17 28 6 15 22 13 29 6 10 20 9 29 23 18 2 7 2 17 6 28 16 29 5 26 23 5 27 26 27 6 8 7 14 11 4 8 10 3 26 11 19 16 29 6 4 22 12 2 6 24 28 5 26 2 24 12 0 21 15 17 6 6 13 10 5 8 2 4 23
17 13 23 18 13 11 24 20 20 19 0 22 25 9 25 8 15 11 9 30 16 5 23 8 10 17 27 7 0 14 19 17 25 10 23 28 28 2 18 7 30 23 21 24 9 25 14 14 29 18 6 3 9 16 13 20 14 15 7 24 24 5 3 15 6 13 12 20 13 23 23 5 15 19 7 5 26 6 1 16 12 2 20 24 0 6 14 28 20 21 5 21 3 6 8 15 28 12
12 12 1 23 29 18 29 12 15 7 17 11 23 19 25 25 23 20 27 5 30 21 22 30 25 29 25 10 28 15 28 27 19 0 4 16 1 29 5 6 30 15 8 2 2 28 26 30 23 15 27 6 20 25 19 28 6 7 5 26 17 27 22 16 27 17 2 7 26 30 3 6 8 4 7 12 17 22 22 5 9 18 12 25 21 24 19 15 29 12 0 25 26 20 27 12 19 17
6 16 13 8 16 18 10 15 5 18 7 9 15 13 8 0 14 29 6 25 28 27 2 19 16 29 15 19 26 12 4 6 22 19 0 12 5 18 14 29 23 21 4 6 3 5 6 25 25 30 28 21 28 11 9 21 27 13 11 6 11 28 14 8 23 23 15 27 23 30 15 0 23 10 28 24 21 16 27 24 8 16 8 17 21 30 23 10 0 18 25 25 22 27 10 23 11 19
3 14 9 21 29 14 17 29 11 17 27 19 5 24 3 0 21 10 9 26 7 19 22 2 15 2 18 17 15 14 22 2 12 15 30 1 14 1 15 22 10 19 11 14 7 21 23 2 24 8 11 1 15 16 23 15 8 30 15 6 13 2 21 20 30 17 29 15 27 16 11 19 22 21 10 0 27 21 20 13 11 21 4 27 29 2 14 19 18 23 1 23 21 23 17 0 26 16
6 23 22 27 18 14 28 24 28 12 21 17 8 28 3 24 18 20 16 8 30 29 0 0 16 24 9 22 11 11 9 17 17 12 30 15 2 18 5 8 21 13 15 19 30 20 4 3 0 15 23 28 18 3 21 19 14 26 9 3 28 26 3 29 29 21 29 3 15 11 20 15 0 1 9 6 28 21 22 3 29 11 1 17 3 13 28 14 11 26 25 28 0 30 19 15 11 2
2 7 17 24 8 20 26 18 29 16 26 12 17 8 1 23 19 30 21 19 16 12 15 20 10 1 7 3 20 25 29 21 27 9 14 18 10 17 25 6 15 10 17 16 23 13 4 25 7 3 14 24 13 1 18 30 13 18 17 2 28 1 16 13 8 16 14 28 25 9 19 19 26 25 4 30 22 11 7 2 3 11 29 1 3 2 6 30 28 13 22 26 13 30 23 22 1 23
9 3 11 8 23 5 10 1 22 10 11 2 3 30 14 30 16 23 18 20 30 4 11 26 20 20 24 10 12 21 30 20 25 15 28 11 9 8 22 3 24 16 15 27 6 20 13 3 13 7 15 29 7 20 28 22 16 29 15 5 21 13 19 8 21 4 23 21 10 24 21 3 28 27 6 22 25 7 6 11 4 29 22 22 28 5 28 24 28 0 14 26 19 14 4 30 16 11
22 30 19 5 23 10 15 16 25 30 4 18 19 19 15 15 12 30 26 10 10 6 27 10 18 21 2 7 20 0 5 23 24 27 11 29 21 5 18 7 23 15 16 24 25 3 24 28 5 1 14 13 2 15 18 30 5 1 20 6 15 8 8 9 6 5 9 27 13 13 4 6 15 18 24 19 10 4 18 6 11 21 10 16 9 12 19 6 17 25 7 24 1 6 30 22 8 1
25 10 20 5 4 30 12 18 21 30 7 20 7 27 17 18 25 8 30 8 16 19 10 12 15 1 13 7 14 3 18 25 29 24 20 6 13 1 20 4 20 4 0 18 1 12 11 1 15 10 25 27 13 13 24 9 7 7 6 17 15 5 28 19 24 12 27 9 0 7 5 27 16 0 26 4 26 1 15 20 14 2 28 20 28 0 22 20 29 30 15 4 23 26 15 14 20 0
23 12 10 28 22 19 15 19 0 7 30 27 18 11 6 9 0 29 12 28 19 18 27 28 23 25 3 22 28 7 30 8 5 7 18 21 22 21 18 22 0 9 23 10 0 24 9 11 13 22 11 9 24 3 0 26 4 20 19 2 5 26 8 11 25 21 16 4 14 10 15 19 23 9 18 26 25 23 25 15 27 4 20 26 18 12 2 11 0 15 0 11 22 12 12 0 12 4
8 23 0 20 1 25 14 6 14 9 20 11 27 23 10 13 18 11 14 28 17 10 25 27 22 25 29 29 19 24 28 19 1 3 26 18 14 26 1 8 27 12 28 12 3 23 0 11 25 8 16 26 6 24 8 30 28 8 21 12 16 3 1 28 20 0 8 29 7 16 7 6 9 24 20 22 30 6 6 29 1 19 16 14 30 26 2 1 23 9 2 23 6 28 23 25 1 13
10 10 11 12 27 9 11 19 19 12 11 25 13 0 25 4 30 25 19 18 0 23 21 16 21 12 10 14 12 29 7 5 9 12 15 0 16 26 23 4 13 15 5 26 22 26 16 14 22 0 23 30 29 24 14 28 22 13 17 17 28 7 0 5 11 5 14 4 11 16 25 12 19 0 8 0 10 13 11 20 30 11 3 21 27 30 22 24 28 27 22 22 25 10 4 27 4 2
17 29 21 13 26 4 29 18 3 0 9 24 8 10 5 18 3 2 27 30 27 28 25 19 24 28 22 5 7 13 8 30 15 21 24 10 29 28 24 1 8 1 1 11 27 5 19 30 10 19 23 27 15 17 25 27 22 15 15 18 4 9 16 22 17 17 1 2 27 30 1 13 20 25 26 9 17 28 15 28 18 10 26 5 25 30 1 15 25 6 0 15 17 1 7 2 2 7
1 1 26 30 7 10 1 4 30 8 14 16 29 22 12 11 15 29 23 25 16 10 19 26 20 27 29 0 18 14 22 22 29 10 16 27 18 26 19 12 22 24 24 3 9 2 0 24 13 16 19 30 19 11 2 11 17 3 24 16 21 3 3 13 18 21 24 29 12 1 16 26 2 13 26 22 19 7 3 17 23 12 7 19 24 21 21 14 14 20 1 14 11 17 13 24 16 8
27 26 27 11 3 4 18 1 18 4 5 17 20 9 1 28 2 13 29 8 0 16 19 12 19 13 12 23 25 14 0 26 27 26 14 1 18 16 6 29 23 6 3 15 9 14 24 20 6 1 29 26 7 2 18 3 10 16 2 18 27 16 3 5 20 25 7 24 2 25 21 7 6 23 2 11 17 6 1 23 27 0 8 6 19 16 13 16 6 12 18 5 12 17 21 12 19 26
22 18 1 19 8 24 21 15 25 7 23 26 10 0 0 9 25 5 11 20 0 15 11 4 6 28 9 1 19 10 0 24 29 26 8 8 0 15 10 2 16 1 0 19 24 21 20 29 8 4 0 2 10 20 25 7 12 4 11 10 1 28 30 16 30 29 20 3 28 5 20 20 25 16 2 27 14 22 18 24 11 26 19 6 19 24 13 22 1 10 16 6 14 30 21 26 26 24
24 5 29 20 20 10 23 25 26 26 26 6 15 14 16 29 0 22 18 22 27 20 27 16 28 12 28 22 17 23 25 18 19 0 13 2 16 28 8 3 18 23 22 17 3 10 7 19 0 26 10 15 16 13 9 8 3 10 14 17 13 11 18 24 19 26 21 30 28 24 18 10 30 27 30 17 25 14 13 10 27 5 7 2 23 28 23 28 3 24 20 21 4 19 1 4 19 2
30 24 0 19 26 4 4 30 5 23 21 27 0 2 9 18 16 13 25 23 12 28 28 14 21 19 30 7 4 20 3 0 9 22 21 15 23 26 7 2 2 29 16 8 14 19 7 6 1 14 3 15 10 27 17 3 22 7 23 28 7 13 30 16 21 14 7 26 18 18 29 19 17 19 21 29 14 11 7 13 29 14 1 5 6 21 0 11 30 24 7 13 26 16 12 14 7 29
27 24 10 17 2 1 28 17 17 12 3 30 2 24 4 14 11 10 25 5 1 24 17 0 3 3 8 21 18 4 4 30 26 7 15 11 11 13 1 24 20 10 25 9 7 14 13 6 20 21 18 1 22 6 0 3 5 27 24 27 26 0 30 26 13 23 11 7 27 6 16 14 18 21 26 16 21 3 17 4 20 25 11 19 12 22 13 27 26 22 26 8 13 18 8 12 30 12
1 22 28 14 12 21 22 14 28 7 30 13 2 17 17 12 28 12 2 25 16 11 4 8 19 21 30 24 15 29 3 1 28 6 24 4 21 12 26 6 26 26 19 27 13 12 16 4 1 1 21 14 21 19 13 15 13 10 7 26 2 29 0 5 0 25 21 24 26 20 10 2 26 14 4 8 29 14 15 17 16 14 13 0 22 24 8 4 0 29 24 13 18 21 28 0 21 10
15 1 13 9 2 14 5 17 18 5 25 14 26 6 21 21 20 10 0 8 16 7 1 13 8 28 6 15 2 12 29 10 28 11 18 13 15 17 23 19 18 17 5 29 6 13 25 9 7 26 0 28 6 23 26 22 7 14 14 1 20 14 24 5 22 8 4 4 30 22 3 20 16 30 25 19 5 19 27 10 26 23 6 11 1 7 6 0 23 9 27 12 9 18 4 20 28 7
23 1 1 22 17 14 16 14 12 5 2 11 17 13 6 3 15 11 8 30 19 26 12 16 7 2 6 16 10 22 27 0 7 26 1 5 10 15 7 17 16 9 10 2 12 25 24 6 18 14 26 29 20 11 5 7 9 14 6 15 24 0 12 10 1 17 3 3 24 20 10 28 22 15 8 9 18 22 0 25 15 26 7 21 6 21 24 27 17 12 3 28 14 26 22 18 9 4
25 18 3 30 25 22 7 1 2 15 27 22 19 9 5 8 7 27 4 28 27 6 13 3 29 12 22 18 15 18 9 14 5 24 1 26 0 7 2 5 16 25 1 29 8 0 26 16 23 29 6 13 1 9 19 5 19 25 14 14 30 17 1 27 21 16 23 19 6 20 20 21 28 18 16 1 3 22 30 6 11 5 27 2 23 22 10 8 17 1 13 19 2 5 18 3 27 3
1 23 30 6 13 22 0 11 23 15 21 30 9 6 5 29 15 5 6 18 29 26 20 25 14 11 12 3 18 21 23 1 20 24 15 18 19 20 9 30 19 4 14 15 13 16 29 16 20 3 8 6 25 21 16 1 21 26 10 11 8 11 2 18 19 22 5 25 28 3 25 8 10 10 7 12 14 29 28 22 30 21 5 12 18 13 1 6 7 29 20 2 29 18 22 23 12 30
16 27 6 2 18 22 3 11 8 18 17 2 13 12 29 3 26 7 19 22 0 30 4 8 2 18 11 15 25 16 25 12 29 16 24 22 4 23 28 1 26 23 29 6 28 13 2 8 8 30 7 15 7 13 7 17 19 3 12 8 17 4 3 1 4 27 18 25 22 25 2 29 18 3 17 5 4 13 10 21 20 22 27 17 8 24 8 12 26 19 29 16 14 10 24 30 26 20
11 26 12 23 21 17 18 12 6 15 21 18 25 18 1 10 10 7 28 20 14 8 11 15 10 2 8 25 18 18 10 20 0 24 9 9 28 23 0 20 17 19 12 21 19 3 7 20 16 21 1 3 6 25 2 15 8 0 9 1 10 8 15 10 26 17 7 14 3 30 20 28 16 30 22 22 12 22 23 7 23 22 28 19 5 24 19 26 30 25 28 7 25 8 15 27 1 5
28 20 19 13 2 0 6 19 22 16 28 9 12 15 29 25 17 26 0 3 4 14 13 1 7 25 27 11 20 30 22 19 2 2 23 18 7 4 8 21 20 6 11 21 29 27 30 24 14 12 1 19 4 18 27 24 29 16 11 0 22 12 4 23 25 24 24 12 18 1 14 2 3 4 9 7 2 19 19 4 18 23 2 6 28 16 27 4 16 0 3 11 10 9 1 9 29 17
22 29 26 4 22 6 8 1 16 4 4 7 29 16 20 25 13 3 17 6 29 10 25 0 19 24 26 9 23 16 0 1 25 12 20 9 23 23 20 8 10 26 28 8 22 25 24 20 0 26 26 14 26 9 29 11 11 8 1 12 26 0 21 27 3 5 28 2 14 26 4 28 23 9 26 3 14 7 3 3 27 16 5 21 1 4 10 4 21 5 14 17 22 12 18 22 8 6
17 11 3 11 23 15 1 18 11 6 21 13 15 21 4 23 2 10 20 29 27 26 0 5 3 2 15 10 10 30 11 17 15 13 2 6 23 29 6 7 18 14 26 8 3 11 16 21 25 21 0 7 24 2 1 0 11 8 16 8 30 28 12 9 25 5 26 11 21 10 13 27 24 8 21 10 24 14 11 17 14 26 8 15 12 22 29 2 17 13 6 0 3 11 12 20 1 27
0 29 23 8 23 5 11 22 11 11 4 14 28 2 3 30 5 7 10 22 11 9 19 5 12 18 14 8 18 29 4 2 12 2 16 30 8 13 2 11 12 9 10 22 4 13 21 18 1 21 26 15 14 26 4 11 10 24 19 18 15 6 28 17 17 8 7 11 0 14 20 26 17 1 23 28 18 2 4 9 18 6 9 19 12 26 8 4 22 13 10 11 1 18 13 6 25 6
23 12 10 4 24 8 29 19 15 21 3 21 29 22 16 27 6 16 1 30 28 1 0 2 28 13 6 26 10 27 21 10 27 0 22 7 4 22 26 13 23 19 12 26 15 22 5 3 6 1 8 5 16 23 25 23 7 26 23 4 3 29 3 21 17 23 22 11 21 4 28 27 6 14 22 5 28 4 11 0 21 11 21 16 23 19 9 16 6 19 30 1 6 1 17 23 13 15
20 1 6 20 28 8 7 9 12 25 27 14 0 11 26 23 7 12 28 23 29 24 10 2 9 11 19 15 23 15 7 21 25 15 21 2 25 29 10 30 5 30 29 12 12 28 14 5 17 9 1 6 28 25 17 20 4 7 26 9 19 3 10 29 21 15 20 15 5 25 4 25 30 0 19 8 25 23 0 9 23 8 4 14 20 11 0 25 0 21 17 29 0 8 28 15 30 27
19 18 5 29 0 8 15 1 0 13 27 6 23 18 22 17 19 15 26 1 16 24 25 6 12 22 6 23 5 16 10 16 2 5 5 1 0 13 17 13 8 25 25 5 2 17 23 27 5 18 9 8 10 5 19 10 11 21 9 19 6 24 22 19 15 15 3 29 3 26 29 12 28 9 28 16 7 21 0 25 4 16 3 4 22 4 1 3 5 26 0 7 15 10 10 26 9 12
27 10 14 28 24 10 24 21 22 0 10 23 13 29 3 10 5 16 7 21 22 14 1 28 11 2 21 12 2 5 3 1 27 27 16 16 16 16 9 21 18 18 14 9 11 22 29 0 2 26 28 19 25 12 14 21 22 17 30 16 10 4 18 13 14 7 7 10 21 21 15 11 13 25 3 19 11 25 1 24 5 23 7 12 22 17 25 2 19 25 20 17 10 26 6 3 8 3
19 18 1 24 23 14 8 20 20 27 19 1 4 15 8 18 3 6 10 27 29 12 20 21 8 10 3 7 12 4 9 25 9 27 19 1 16 30 30 22 20 19 11 19 16 17 6 4 24 22 24 15 26 10 0 3 11 0 26 3 27 22 22 21 20 24 22 3 24 0 11 20 27 2 22 26 17 25 25 10 15 18 18 0 29 15 25 5 9 6 10 1 29 24 9 3 29 14
24 5 16 11 26 27 19 1 6 25 29 10 7 23 11 3 18 4 29 20 10 18 24 14 22 30 7 4 21 2 3 12 6 0 28 9 27 26 12 23 13 25 14 18 26 16 6 11 3 17 26 12 23 0 20 19 17 21 24 10 19 24 17 29 3 7 2 14 2 16 5 14 11 21 13 16 27 25 22 20 27 28 9 30 2 24 5 29 3 12 3 18 12 1 12 8 5 16
7 28 4 3 19 7 19 7 16 26 25 22 28 21 2 19 0 24 7 4 6 22 19 7 18 11 5 14 3 21 15 6 12 9 3 2 16 1 10 21 18 3 30 8 24 30 20 14 26 26 13 26 25 5 30 21 28 12 4 22 14 2 27 9 23 20 6 12 4 19 9 20 26 0 22 9 27 21 16 15 29 4 3 18 23 27 14 1 8 24 11 26 0 13 7 18 19 20
10 20 14 12 14 23 20 1 7 25 17 14 13 24 13 3 19 19 3 24 13 14 2 21 19 27 8 26 11 24 26 18 23 13 8 18 16 13 5 30 8 14 29 14 25 0 2 15 2 5 12 19 18 13 11 15 20 7 15 16 18 17 16 17 27 10 4 12 7 0 30 2 16 17 9 0 21 14 16 1 27 4 3 28 17 9 19 13 25 16 6 28 12 26 23 16 1 20
7 19 20 29 27 14 13 14 25 27 18 18 21 10 17 6 20 18 9 1 25 25 2 10 9 14 4 4 13 14 3 24 18 1 30 15 27 24 6 28 9 19 5 12 9 0 27 17 10 11 22 8 8 17 23 16 26 9 17 17 30 17 8 1 17 7 2 10 25 10 24 6 11 0 11 16 24 11 22 5 12 27 9 25 26 12 21 25 27 20 12 22 3 11 8 11 27 18
2 15 5 13 13 4 29 28 0 19 11 11 1 30 7 14 8 7 28 22 30 21 0 25 21 28 20 15 16 4 8 25 24 1 30 19 27 19 27 24 28 20 15 25 24 24 9 16 28 6 28 18 14 11 25 11 24 0 18 1 8 19 27 7 3 15 6 12 6 23 2 26 17 21 11 1 3 4 28 24 24 3 10 30 7 24 4 24 26 8 16 11 23 8 11 19 30 19
4 28 10 0 20 11 15 14 7 29 9 20 17 30 28 17 24 8 6 16 22 7 3 0 6 26 16 7 13 4 10 18 11 24 26 21 16 20 14 21 29 8 22 26 2 30 0 19 10 15 18 2 20 16 14 16 4 29 11 6 10 14 10 3 0 17 14 24 20 2 8 9 13 3 19 18 28 11 19 28 22 18 27 7 17 22 19 7 15 9 19 23 24 2 9 4 6 8
12 28 5 18 22 14 18 5 27 14 18 28 28 5 13 24 16 7 5 5 19 15 5 13 29 27 15 9 14 6 22 11 18 6 4 13 20 4 19 17 10 18 19 28 7 21 25 4 0 13 27 20 8 14 22 21 20 27 4 26 8 8 22 1 6 28 12 6 16 9 27 27 28 17 18 8 21 2 12 25 3 5 7 13 0 30 25 26 7 19 17 21 21 0 23 1 3 4
26 13 19 7 13 28 10 30 13 18 14 11 6 5 13 11 18 11 8 12 30 27 24 23 14 30 13 14 4 0 22 7 19 1 26 10 22 3 4 8 22 23 25 5 20 5 6 2 27 22 16 2 28 10 29 21 4 17 20 19 18 25 21 9 28 19 14 14 21 26 20 23 7 10 29 12 2 4 18 24 2 28 11 9 9 6 4 25 4 9 29 21 24 13 26 8 0 4
30 4 7 25 17 5 9 23 16 12 3 12 23 7 7 25 2 1 8 5 26 15 20 25 7 8 29 1 21 12 9 4 9 19 6 16 27 26 19 18 18 28 9 30 7 6 21 23 27 19 11 10 26 4 8 4 12 27 15 26 18 23 4 19 18 26 7 2 28 6 11 0 4 2 15 4 9 7 6 21 0 14 16 23 5 19 15 5 21 16 11 26 24 13 10 9 23 16
2 28 22 5 7 13 1 3 10 7 7 14 30 0 6 18 5 6 16 7 21 21 1 21 22 22 10 1 6 11 16 25 6 4 19 3 16 29 12 11 30 13 3 5 26 16 12 1 19 11 19 19 0 9 4 24 6 1 7 22 19 29 4 27 2 19 28 9 10 12 29 27 28 25 7 4 19 9 11 30 15 13 11 8 13 12 26 13 2 7 13 13 4 27 21 18 20 9
3 11 10 18 1 30 1 28 28 21 15 22 4 3 5 5 29 15 12 20 8 24 0 19 19 0 27 25 21 19 9 17 16 26 0 29 27 30 8 28 5 23 23 28 20 30 2 3 5 19 10 30 26 19 8 5 11 4 22 2 11 8 18 18 24 20 25 24 22 10 29 7 29 7 14 18 28 9 22 16 3 1 10 12 2 12 20 9 7 1 14 30 26 12 11 25 26 3
22 23 1 21 10 21 28 20 16 25 23 5 20 7 8 0 0 6 0 22 12 18 19 12 21 10 2 28 13 16 26 13 23 21 11 14 18 12 20 8 8 26 7 19 30 24 19 24 8 18 20 17 19 30 6 15 29 24 17 7 1 21 12 25 15 25 15 15 28 17 7 28 21 17 27 26 11 17 23 23 16 16 22 26 3 22 12 3 9 26 11 9 21 12 28 4 7 2
0 17 11 14 6 23 17 6 21 23 15 1 30 12 23 26 16 13 30 7 29 0 4 13 13 11 16 25 13 23 8 7 10 5 18 5 0 10 22 15 27 6 15 9 9 4 1 3 15 14 13 7 9 10 24 4 29 29 22 18 9 9 16 30 0 21 8 20 3 30 29 7 2 14 9 8 17 27 15 0 0 22 9 26 25 4 3 15 15 2 12 9 16 24 3 29 29 7
4 6 2 16 28 0 12 22 22 22 9 30 12 29 15 18 20 11 18 0 25 28 16 8 19 24 25 6 5 27 16 16 14 21 7 1 29 5 4 10 21 15 25 11 2 3 17 28 16 21 19 29 15 27 5 15 29 15 8 10 27 19 0 5 12 14 22 10 28 19 16 23 13 25 5 24 15 28 29 22 20 26 21 28 0 18 9 13 7 6 9 27 10 14 14 15 23 12
21 27 4 30 17 5 13 30 1 11 16 14 29 4 30 13 5 17 30 23 2 22 1 24 2 16 29 5 12 8 5 26 4 20 30 6 0 13 20 22 13 3 1 10 28 23 6 10 24 10 5 17 24 26 7 20 4 22 22 30 7 1 15 5 11 29 0 1 2 21 21 15 8 19 24 10 21 21 17 1 2 24 23 7 22 11 27 9 28 25 21 4 16 17 27 7 3 0
24 2 0 5 26 18 17 28 14 1 23 20 3 1 19 28 19 15 6 4 24 19 17 25 27 12 23 14 23 8 5 30 22 10 20 4 0 0 22 20 11 0 7 22 23 27 24 7 16 8 2 25 26 8 9 25 25 15 7 19 26 29 13 23 24 8 23 0 25 12 6 24 18 11 15 13 5 13 7 24 8 15 28 24 11 0 7 8 3 18 9 24 21 4 12 0 2 16
26 12 12 7 4 8 11 3 17 10 4 8 27 27 0 26 22 21 27 26 9 17 3 23 11 22 15 17 28 10 11 12 22 26 3 18 24 12 4 17 2 14 3 11 14 30 11 28 15 25 19 1 29 27 20 28 18 26 8 9 29 22 12 29 27 23 4 6 1 8 30 11 8 21 7 18 1 18 1 24 28 26 4 21 11 10 0 24 15 1 2 12 2 13 16 9 22 5
24 25 8 10 23 28 22 28 6 10 7 14 10 21 26 2 28 23 0 25 28 25 23 7 3 29 13 30 26 29 18 24 22 10 0 14 10 11 28 16 5 5 21 21 13 20 5 4 21 5 7 15 5 0 24 10 25 26 4 23 28 18 7 14 9 25 10 28 3 2 18 12 26 11 6 11 21 20 17 3 29 24 7 6 20 16 18 7 11 28 1 7 1 20 0 3 19 20
25 25 30 24 22 23 7 1 13 14 23 20 3 10 17 21 9 1 23 21 12 17 7 13 14 23 26 4 21 14 10 27 25 5 10 19 16 9 29 16 27 18 29 15 28 7 30 27 28 10 15 25 1 17 1 8 25 9 4 19 18 11 19 17 8 13 14 2 6 29 0 10 10 12 6 2 25 19 17 21 16 17 1 0 3 21 25 27 12 27 14 17 29 7 10 14 21 28
15 11 24 5 3 11 7 7 16 7 23 22 5 4 18 19 19 14 18 25 1 3 26 9 16 30 30 8 13 15 26 28 25 14 21 24 8 14 18 1 7 18 7 8 12 7 26 30 17 8 2 22 0 4 2 16 7 6 18 6 24 14 12 10 27 30 15 3 10 2 28 14 17 13 29 0 20 23 4 8 4 7 13 25 24 0 26 8 25 15 27 28 16 24 2 5 18 11
30 14 10 1 3 22 18 30 25 4 15 16 11 29 28 11 21 20 1 4 26 15 9 3 22 22 8 23 0 15 4 0 26 21 7 20 4 25 19 20 26 11 22 7 20 30 29 3 13 26 8 2 4 17 13 18 4 16 27 19 26 3 4 13 16 17 25 16 5 5 13 7 16 30 7 8 13 15 12 25 4 25 22 26 30 25 22 13 8 14 25 3 1 13 12 18 13 30
16 4 14 11 27 10 13 15 22 26 3 29 19 19 15 6 0 1 6 1 12 28 3 2 21 6 14 29 5 19 17 15 28 27 15 18 0 14 26 1 3 6 26 29 9 20 22 23 7 29 15 0 8 1 1 24 10 3 1 1 5 28 1 2 28 8 13 15 10 15 7 10 10 2 4 22 3 12 6 27 4 22 29 1 17 5 6 19 11 13 26 14 4 13 12 9 8 11
2 19 2 26 18 29 16 23 12 22 18 22 19 18 15 19 7 14 24 21 0 15 8 4 12 13 10 5 5 25 10 4 12 4 24 6 8 19 17 12 14 8 24 1 30 22 21 27 6 21 9 29 3 5 20 24 15 19 21 21 5 12 25 15 17 0 4 12 21 9 13 19 0 1 12 0 2 22 3 30 12 25 6 10 9 13 26 6 17 4 5 15 4 23 6 28 21 19
19 7 30 22 4 27 4 27 13 30 27 8 9 14 30 0 1 5 13 23 29 24 0 16 21 4 24 21 4 22 9 22 26 11 21 10 15 29 5 26 19 0 4 9 22 22 27 27 26 22 2 13 10 11 21 2 11 10 25 1 4 3 3 3 1 24 0 24 17 16 9 13 16 8 13 14 15 24 17 28 0 14 13 20 13 16 2 12 0 3 1 17 20 26 8 6 0 25
15 13 1 29 19 5 29 10 17 19 0 30 10 21 19 22 21 26 12 27 17 24 3 22 14 20 11 6 29 14 18 19 19 30 14 9 20 0 29 21 21 21 15 23 9 22 12 25 12 5 14 1 2 26 25 28 4 29 30 24 10 9 4 11 21 20 28 16 5 4 14 22 6 19 25 11 17 30 21 2 0 21 15 8 16 16 28 26 19 1 5 14 8 18 5 30 25 7
2 15 20 13 8 15 11 14 5 17 28 27 1 7 10 9 29 17 23 25 15 25 19 16 26 4 5 9 5 6 5 2 16 28 15 25 3 5 24 22 0 22 2 3 28 11 21 16 8 30 8 15 22 25 10 18 3 4 14 2 2 10 4 26 6 9 10 20 13 19 24 30 18 4 25 22 5 15 7 27 16 8 27 12 0 3 30 24 23 13 3 2 28 7 27 4 29 25
27 18 12 24 1 27 27 28 0 16 14 18 26 18 4 12 27 30 9 23 16 28 4 13 28 10 29 7 18 2 29 26 28 0 28 26 17 17 12 13 17 5 11 10 4 23 16 24 27 6 2 17 11 5 28 14 27 20 0 15 0 22 1 2 30 25 10 3 28 29 13 23 14 4 25 3 26 6 20 14 2 10 3 8 24 10 0 28 27 6 25 3 6 23 28 18 22 18
9 21 30 11 15 22 16 22 25 29 9 20 22 26 23 27 1 14 14 6 3 2 13 28 7 24 6 21 26 23 9 13 11 19 27 21 1 25 17 30 29 22 23 2 3 6 23 25 16 30 22 0 8 11 16 10 14 13 5 10 3 12 28 8 22 16 24 24 11 25 26 5 25 20 10 24 2 21 24 0 8 16 12 21 11 30 11 8 25 14 25 20 22 10 16 7 13 29
1 26 4 23 30 30 20 30 6 24 29 9 6 16 1 11 5 8 21 5 26 18 19 27 4 6 2 22 24 26 9 27 7 2 2 29 17 16 28 4 9 29 4 12 23 1 4 18 7 14 6 30 21 14 26 20 4 7 4 14 8 1 14 15 16 11 4 23 12 29 22 24 26 13 29 22 10 8 2 13 11 29 10 23 3 26 17 17 2 11 9 0 26 28 11 30 9 13
