100 100
12 5 12 20 8 3 20 22 22 26 14 24 4 28 15 7 17 29 21 17 16 9 23 9 20 24 16 17 18 17 20 1 19 9 24 30 16 21 9 22 0 13 2 20 27 30 26 13 30 4 6 25 29 17 21 27 15 10 11 28 29 8 17 28 24 29 30 26 6 23 8 2 8 9 21 5 28 8 30 1 30 11 30 3 10 16 4 11 23 21 30 9 18 10 9 24 29 27 15 23
15 17 21 30 13 6 22 20 2 21 22 24 19 26 28 21 14 25 26 3 8 15 28 17 16 1 22 7 29 24 9 4 7 20 22 2 9 7 1 26 28 25 12 17 5 5 2 28 2 24 11 17 12 30 29 27 11 27 17 1 0 30 20 16 30 2 20 0 17 12 16 26 19 0 8 21 0 29 6 17 30 24 28 2 13 7 21 18 7 10 8 0 23 25 25 13 17 6 7 15
13 27 6 10 4 27 6 3 20 6 24 1 17 0 1 25 22 25 17 10 3 24 14 15 13 13 16 3 21 15 26 21 13 28 20 14 17 8 15 2 8 29 9 29 30 24 10 29 28 26 21 28 25 12 8 9 13 6 21 28 9 24 17 18 26 6 28 20 4 6 22 13 6 26 19 27 19 16 12 20 29 1 19 26 24 12 18 27 25 28 12 29 13 29 6 1 3 8 23 9
11 14 25 26 30 27 20 4 20 5 8 22 11 7 21 3 28 9 16 29 28 6 9 4 22 7 7 8 10 15 8 15 20 27 26 4 20 2 7 10 30 7 5 8 7 28 30 3 26 15 8 25 13 7 29 9 9 16 18 1 2 20 1 15 16 1 5 3 24 3 30 19 12 0 29 29 13 14 20 18 27 1 28 2 6 7 1 3 17 8 7 27 2 2 25 21 20 27 17 3
8 9 24 28 13 16 27 3 27 8 29 23 12 23 7 15 19 11 4 10 3 0 29 20 11 0 19 28 6 16 6 12 8 13 2 29 21 4 22 8 10 12 3 15 24 8 10 30 0 13 24 10 23 4 21 18 5 15 6 5 16 11 3 18 4 4 27 10 13 21 21 22 27 7 27 10 0 22 29 1 29 15 0 2 26 3 14 23 7 6 3 20 14 15 4 13 5 11 6 28
11 24 7 4 0 9 13 29 17 4 8 17 16 4 2 2 25 8 7 2 2 20 19 10 22 11 0 29 24 15 27 11 17 13 10 27 22 29 8 20 19 14 11 11 5 21 0 2 24 0 8 15 3 20 19 3 12 6 2 20 2 29 0 24 28 30 7 11 7 26 4 15 19 16 10 7 3 9 15 22 9 20 10 22 1 21 21 3 16 3 21 5 7 3 4 25 5 22 0 14
27 23 25 20 7 13 10 13 30 5 2 17 15 7 24 11 27 18 4 14 29 29 2 2 1 25 13 20 10 11 5 3 23 4 0 20 17 1 16 28 4 11 22 11 15 26 3 19 23 8 14 9 6 12 24 19 19 20 26 28 2 1 12 27 20 29 8 20 30 3 20 18 14 24 22 12 29 8 27 16 12 14 18 9 24 5 3 20 2 12 15 17 16 29 28 16 6 17 24 5
5 25 7 0 12 12 10 8 1 14 22 11 14 18 15 1 6 1 26 29 12 0 14 17 23 25 26 8 20 3 26 8 24 19 17 0 7 22 3 12 17 29 4 29 20 11 0 16 3 17 28 25 27 17 22 24 21 30 17 14 9 12 18 11 15 6 9 14 27 1 23 15 0 21 11 7 20 25 24 20 23 8 2 11 10 15 22 10 27 24 0 12 0 3 30 28 29 10 12 3
8 4 11 14 21 10 7 12 14 6 5 8 23 14 23 14 23 25 14 28 22 20 10 4 10 13 0 26 2 11 2 14 28 29 27 17 11 5 26 20 18 21 23 9 3 30 13 9 20 17 16 5 27 4 8 5 19 7 25 10 20 21 12 1 12 9 26 0 16 5 3 1 20 22 14 2 30 24 29 2 19 15 7 1 6 19 6 8 19 24 0 2 7 23 18 20 13 17 28 15
29 29 30 3 11 1 15 15 24 11 3 1 11 3 3 20 15 30 4 11 1 22 6 0 11 28 13 15 9 19 10 26 12 4 7 7 23 29 24 1 10 13 9 26 3 21 8 26 29 7 15 26 17 16 23 29 9 6 0 17 1 25 17 26 23 7 19 30 16 20 29 10 24 16 18 14 29 15 25 17 10 22 20 17 9 24 29 17 5 1 16 24 13 28 28 11 15 16 18 1
26 0 4 20 18 1 28 9 18 1 21 14 21 24 13 23 25 24 13 29 3 1 21 2 4 28 30 19 30 27 5 17 20 14 8 29 6 10 6 27 28 11 3 11 17 19 15 9 11 10 22 11 0 18 10 3 6 13 4 5 23 14 29 10 0 5 27 15 24 4 2 28 4 17 14 22 13 15 19 11 7 26 22 5 21 1 3 14 21 27 22 2 17 13 17 14 30 17 20 26
20 28 14 19 15 19 14 15 13 28 22 20 23 12 27 10 13 15 27 4 29 6 26 16 25 16 26 0 20 13 15 20 5 5 2 24 5 1 10 24 28 17 23 19 22 4 7 11 18 2 14 21 19 1 20 25 29 8 6 18 29 22 19 6 6 4 21 25 4 22 14 2 17 3 18 28 12 6 9 8 16 0 6 17 24 13 6 7 25 18 8 23 23 23 26 0 25 16 24 28
0 7 4 4 18 25 14 16 14 18 1 5 11 26 9 9 27 5 8 11 8 12 25 12 25 6 7 17 18 9 21 22 12 18 28 16 12 22 9 7 17 19 15 19 3 17 11 4 5 23 11 30 30 28 26 5 3 13 10 17 30 6 9 17 15 6 5 25 26 28 5 30 7 21 3 26 29 21 4 11 26 13 26 11 26 9 9 20 22 23 4 20 18 3 28 1 26 17 10 16
13 4 30 16 28 4 23 30 5 18 20 11 13 25 10 26 0 4 24 1 4 11 13 23 9 14 20 4 0 19 15 0 5 29 13 3 7 11 14 0 7 2 23 19 4 14 30 14 25 29 12 23 29 2 10 12 4 3 22 16 9 16 4 29 16 9 22 29 8 16 8 19 26 0 8 28 27 11 17 25 2 25 3 23 6 16 5 27 16 0 20 18 6 5 16 30 27 26 12 3
11 23 17 2 6 10 10 17 2 7 11 12 22 2 0 23 30 17 4 20 22 11 9 29 8 21 18 9 21 20 7 8 7 0 0 6 1 19 23 28 10 19 26 29 0 5 25 27 0 16 6 24 3 19 29 15 19 20 29 21 7 20 13 19 12 0 24 17 14 29 16 0 25 29 24 1 24 14 22 24 7 30 6 28 16 11 8 8 23 27 20 29 25 21 27 18 9 26 2 12
24 30 1 28 19 29 23 4 24 30 30 20 24 24 0 17 27 1 7 9 7 2 4 8 9 17 4 29 18 12 4 4 2 6 0 28 6 2 1 2 29 20 26 27 13 26 10 17 11 17 10 23 9 15 17 12 28 6 22 29 22 0 8 3 29 18 22 5 22 19 22 29 0 26 21 21 17 29 26 19 6 11 13 25 8 9 15 9 2 23 27 18 17 4 4 22 4 14 23 16
20 7 17 29 21 3 1 14 1 23 11 21 14 4 12 29 26 15 7 9 23 10 20 19 4 1 22 16 29 12 9 25 15 6 18 16 24 23 11 0 17 26 17 29 29 21 23 5 25 25 28 21 6 16 25 2 25 0 26 1 10 21 20 13 10 9 16 8 3 17 13 18 6 9 0 6 0 16 30 3 30 30 22 6 9 22 16 14 23 19 13 17 13 12 7 16 23 1 25 26
24 18 7 8 28 26 14 24 11 26 27 20 1 2 30 21 11 22 7 28 7 14 2 15 27 14 1 18 1 15 8 15 17 8 10 26 29 27 2 13 9 30 25 19 11 16 18 11 5 19 10 3 20 17 27 17 28 3 1 2 26 7 18 18 18 16 5 3 12 5 15 13 7 19 12 0 28 23 27 5 13 10 22 30 10 14 7 20 5 18 30 22 8 10 14 12 18 6 30 20
6 8 9 3 26 3 27 7 7 5 28 17 27 3 22 7 28 10 26 12 0 18 5 27 23 13 15 24 17 23 1 22 30 2 0 22 10 24 16 30 12 17 12 3 16 8 22 3 10 26 20 10 24 26 15 26 21 5 19 19 25 29 10 29 15 10 29 3 13 18 25 2 17 8 3 0 0 3 30 25 4 11 23 22 15 12 20 2 16 28 0 20 14 29 25 8 29 27 28 29
5 12 25 24 14 14 28 12 27 14 3 23 6 6 6 10 17 19 19 19 25 7 11 0 5 11 19 26 7 8 23 30 3 23 14 20 29 22 2 14 9 2 3 11 0 13 24 10 21 1 23 0 8 20 13 21 20 4 2 10 1 4 24 6 11 26 1 18 15 5 27 22 24 11 29 21 30 21 2 2 11 23 23 28 18 16 7 7 4 22 3 8 23 27 18 2 18 18 5 6
21 21 27 30 14 27 16 20 2 0 21 1 0 1 19 9 10 18 15 25 30 22 3 9 18 19 23 25 14 17 10 29 30 6 6 13 20 27 25 26 6 12 6 28 9 4 29 16 24 23 18 15 2 19 27 11 5 20 25 6 1 10 24 7 22 21 16 9 5 30 29 15 5 1 23 30 7 6 2 9 23 28 24 13 13 25 29 13 6 21 7 15 1 25 9 25 5 22 20 13
28 29 3 14 20 25 3 24 6 26 17 24 24 10 29 19 27 21 28 4 11 27 3 28 24 4 6 4 15 6 29 18 5 8 28 9 24 3 27 25 14 12 30 5 7 8 14 26 16 29 12 18 10 9 15 9 15 1 24 25 27 14 12 2 20 24 26 9 6 4 9 14 21 3 20 13 11 12 7 7 11 9 11 24 27 30 23 10 12 10 3 15 17 18 10 17 12 9 1 26
8 19 26 9 23 19 30 15 11 0 27 7 4 27 19 25 21 5 30 16 0 7 17 12 0 18 10 28 4 19 15 6 17 9 26 16 8 25 13 5 19 3 30 2 16 21 25 24 21 20 16 13 18 14 13 27 8 18 23 12 30 17 13 16 27 2 20 29 1 4 18 13 28 9 10 15 2 4 17 28 26 17 16 6 14 16 12 15 29 21 8 30 24 12 21 10 0 6 2 13
21 30 7 11 13 0 30 9 7 29 18 5 19 19 8 27 10 11 7 29 29 18 8 28 5 7 7 25 13 6 25 27 28 17 15 17 22 28 12 13 17 5 22 18 5 30 24 28 12 5 2 22 28 27 13 0 15 29 14 22 4 9 2 20 22 12 6 2 10 3 9 0 22 26 9 22 0 8 18 10 13 6 7 17 12 20 13 12 17 22 9 18 20 1 21 12 27 30 16 28
8 13 16 23 17 17 12 27 1 20 19 0 9 9 15 13 3 27 26 8 21 21 0 7 2 22 8 21 0 10 25 24 24 4 20 5 18 19 26 13 13 22 20 22 24 1 9 6 1 6 18 6 18 21 4 13 27 22 15 13 29 4 3 10 24 27 9 19 3 16 30 8 20 7 22 18 3 12 22 20 28 14 8 23 16 30 10 13 26 25 3 5 9 0 13 29 29 18 8 15
26 17 19 13 2 21 24 14 11 22 14 10 28 26 30 30 22 5 19 19 20 5 28 17 1 20 25 15 17 10 30 30 1 10 26 7 6 13 24 4 8 5 23 20 21 27 7 29 11 6 0 1 9 14 2 30 20 4 30 29 9 21 24 23 14 0 0 1 7 15 6 19 21 9 23 19 22 20 9 19 3 7 13 12 6 4 15 19 20 19 28 0 16 12 5 15 8 29 28 10
2 27 17 26 1 17 3 26 23 17 6 2 16 17 8 10 26 9 26 17 21 10 2 23 12 20 5 29 18 30 22 1 6 22 22 24 4 9 30 0 11 17 11 29 23 17 10 2 6 15 21 29 28 24 26 24 29 21 28 22 18 10 7 23 14 10 18 17 10 30 26 1 13 10 18 10 12 26 12 15 16 24 12 7 3 20 29 11 1 28 8 28 11 29 12 20 30 24 27 29
14 26 12 28 17 11 2 19 3 0 2 8 21 8 17 21 6 27 22 29 18 9 13 7 24 29 1 25 26 19 26 19 30 15 16 0 12 6 25 6 11 0 8 27 29 21 15 5 9 24 28 5 11 19 30 6 25 19 9 4 25 18 17 13 16 25 2 25 14 14 4 21 5 15 28 26 15 26 13 20 23 29 6 12 17 11 25 5 10 3 22 14 21 8 30 17 14 4 12 14
8 5 25 11 6 25 14 26 20 2 28 15 19 29 18 20 11 22 9 0 16 11 14 8 23 27 27 30 20 15 9 20 7 26 13 10 26 28 24 12 15 9 9 24 17 1 23 7 19 27 14 28 4 15 2 11 29 3 9 10 29 2 24 14 18 13 10 4 29 0 14 0 2 29 18 26 6 22 1 22 16 6 12 6 3 27 14 1 16 0 15 30 7 19 4 14 7 4 20 11
18 16 9 1 27 3 28 9 23 17 3 13 0 0 19 29 25 24 17 28 9 3 12 18 23 30 26 8 10 0 13 15 29 9 28 5 0 23 25 0 16 4 24 24 1 30 14 30 8 10 26 1 27 25 20 22 29 5 19 16 0 25 24 9 20 19 26 4 1 17 26 9 2 1 2 2 29 29 16 13 5 19 20 17 28 10 18 0 26 22 21 12 9 20 30 22 1 13 17 10
21 12 16 11 22 7 21 9 10 0 0 22 5 14 18 9 30 30 20 19 11 8 5 6 22 26 21 16 11 7 15 14 13 12 2 30 27 12 25 3 18 28 3 10 9 28 21 20 12 0 0 26 4 25 6 22 18 20 17 22 14 12 30 8 6 21 13 10 4 29 0 11 0 28 14 15 8 30 27 7 0 6 3 27 4 19 3 24 28 4 28 1 4 26 0 30 14 22 20 20
27 25 9 8 6 10 14 26 16 11 24 21 6 17 10 4 14 25 15 10 14 28 8 7 23 3 13 18 8 1 22 18 6 7 23 8 0 28 23 20 9 21 27 25 1 26 20 17 16 23 11 28 8 9 18 0 18 22 9 17 7 8 29 8 15 21 12 3 17 22 5 4 1 16 4 9 21 15 16 20 1 5 23 28 11 29 28 1 23 30 3 24 2 4 2 20 23 11 6 4
12 18 4 17 5 30 6 25 4 14 13 13 15 20 24 25 0 15 18 13 4 29 12 9 4 28 11 19 27 27 14 11 10 11 1 27 30 22 28 21 17 17 0 27 0 19 22 16 24 26 26 1 9 17 6 10 9 27 30 7 13 22 13 18 18 1 26 5 14 24 23 15 18 19 14 14 29 17 6 19 28 26 21 15 13 15 16 5 20 20 10 8 2 9 28 22 9 28 12 15
4 1 29 26 3 22 30 27 26 18 27 14 14 6 2 29 7 30 25 14 11 16 26 3 5 7 20 8 8 16 23 5 21 11 19 23 2 13 25 20 19 12 12 22 27 23 28 0 20 30 25 27 2 1 29 12 0 16 27 7 22 28 17 13 30 6 27 4 17 19 26 1 4 12 24 21 7 17 21 8 21 15 0 10 14 16 29 24 24 16 21 17 13 11 3 28 16 21 15 11
13 27 0 27 26 22 27 2 12 29 0 22 14 19 4 0 7 21 24 27 11 14 22 22 13 4 7 0 28 19 19 21 22 14 22 13 9 23 6 3 22 20 10 6 7 28 10 3 24 4 1 20 0 1 9 20 11 14 3 15 14 2 26 17 15 22 30 7 24 16 6 29 5 24 24 24 26 25 26 25 30 19 0 10 29 11 11 16 22 1 28 9 2 22 27 9 14 23 27 11
20 16 11 3 14 0 13 0 22 26 20 29 17 28 25 1 26 7 2 19 11 13 14 11 9 6 26 27 17 28 13 18 11 29 8 29 10 17 30 5 17 25 6 20 20 8 28 12 1 4 15 26 3 28 9 4 11 24 6 1 21 0 5 24 9 21 15 1 16 13 1 7 8 13 29 13 6 26 23 5 19 20 3 19 29 6 20 13 12 4 12 5 15 21 25 2 9 30 27 15
19 19 14 7 11 8 30 3 25 27 13 10 26 3 21 1 10 22 14 5 28 27 14 15 19 4 14 14 1 10 21 25 27 6 29 9 27 15 10 30 2 10 1 5 30 29 10 10 10 18 21 1 22 4 10 7 0 21 2 5 25 1 7 3 27 18 7 7 16 17 30 25 14 10 5 20 5 0 27 9 22 1 14 29 9 21 4 11 13 10 0 5 15 8 9 10 14 25 24 19
2 18 19 18 30 24 2 9 12 22 1 0 11 12 29 20 10 17 5 12 13 2 11 13 6 12 5 28 18 29 25 10 12 18 12 28 19 2 1 1 23 24 29 0 6 8 13 2 20 10 18 23 3 18 7 19 22 3 12 12 12 11 22 18 16 13 15 19 22 21 22 1 21 16 27 2 28 17 26 24 27 28 6 6 1 17 13 30 27 1 11 3 17 26 6 21 8 0 3 8
8 28 27 28 7 23 26 14 19 11 19 15 20 7 11 7 14 4 20 22 15 27 16 5 20 29 11 8 5 27 15 9 26 18 12 23 21 21 11 16 6 30 7 30 18 1 8 1 26 12 0 23 8 14 11 1 25 18 18 11 29 7 13 12 3 19 3 26 28 27 28 27 10 8 8 9 13 21 29 24 4 14 28 16 25 26 2 17 17 18 1 27 5 7 12 26 11 29 5 7
19 25 30 17 14 5 3 19 21 13 9 19 27 2 29 12 2 12 27 21 3 10 17 17 8 1 17 5 25 7 5 26 29 27 19 29 22 19 7 4 6 17 24 2 2 30 6 27 2 11 2 10 23 20 13 30 7 25 22 5 5 21 7 6 15 3 2 15 28 21 9 1 6 25 10 9 0 2 12 9 25 4 6 13 0 15 30 15 28 22 28 18 5 2 22 24 3 25 12 14
27 24 0 15 12 10 1 4 11 12 2 10 25 11 17 19 23 26 12 13 16 0 10 8 6 8 23 29 28 6 8 22 0 5 18 28 6 11 29 3 13 15 28 24 25 6 30 28 25 21 9 23 20 9 21 20 27 17 30 4 15 11 21 1 6 6 25 9 10 12 7 14 2 13 15 22 12 27 6 28 26 13 7 3 3 11 23 2 4 19 5 17 0 22 14 30 16 14 30 30
30 14 11 15 26 13 28 12 3 13 14 3 28 18 24 9 22 17 7 28 13 30 8 15 9 22 0 12 21 23 27 3 4 1 2 28 20 21 1 22 15 0 8 18 30 27 14 0 18 8 26 2 16 29 17 12 21 17 11 27 17 27 25 24 0 24 15 21 9 21 11 18 1 18 23 11 24 21 9 15 19 27 18 16 21 2 21 19 0 11 26 24 29 19 23 26 6 11 28 9
15 23 4 24 21 18 9 3 23 9 6 12 27 13 2 27 26 6 9 23 16 20 28 6 11 27 23 27 12 12 30 12 6 30 22 15 14 15 26 3 23 14 24 30 5 17 1 3 14 8 13 5 1 19 26 28 27 9 20 13 29 28 7 24 26 4 26 17 4 4 18 26 19 15 1 23 25 15 15 7 7 19 20 1 21 28 9 20 28 0 21 29 8 30 23 22 17 16 2 22
29 25 6 9 16 20 16 30 7 21 6 28 9 20 29 3 16 7 19 4 29 2 5 16 9 15 30 28 14 14 2 11 28 3 20 26 7 18 25 25 16 27 5 25 14 25 1 7 12 20 9 22 19 7 11 2 22 14 24 12 5 11 1 4 24 18 9 23 19 4 22 28 19 7 23 3 26 12 25 29 30 11 10 8 0 11 23 30 5 26 13 16 21 7 18 1 15 9 17 3
25 14 24 19 2 21 28 9 3 12 25 26 23 9 19 23 7 11 13 13 21 27 3 10 3 0 16 1 6 26 13 6 24 30 4 7 18 11 30 30 19 21 20 19 2 24 10 11 8 20 0 28 1 5 21 10 18 1 2 23 18 18 5 18 4 13 1 20 2 26 15 29 0 14 26 6 18 6 16 3 14 13 23 25 30 17 21 21 9 9 9 29 10 25 15 20 8 27 18 20
22 12 29 29 26 27 25 1 27 25 8 11 25 1 22 18 13 16 1 10 12 11 5 23 29 19 18 4 21 1 30 9 16 25 13 10 28 11 6 0 30 23 4 26 11 13 12 1 7 2 13 2 4 7 30 20 4 19 15 21 21 21 28 13 0 2 4 7 30 28 27 9 4 19 16 0 20 5 19 9 11 25 17 11 17 4 18 28 9 18 3 14 30 12 29 26 11 3 5 21
21 17 7 19 8 23 11 15 13 29 19 10 13 7 3 21 12 26 13 2 0 18 13 5 6 2 26 30 14 13 26 7 3 0 26 27 2 10 8 15 14 20 25 14 22 13 2 3 9 22 3 3 10 4 13 11 29 18 10 19 15 30 20 4 5 25 6 20 12 4 2 27 16 22 24 19 25 16 25 17 6 29 5 25 4 9 18 27 24 11 19 5 1 21 0 23 4 15 14 20
6 7 26 27 2 30 7 25 3 30 20 3 10 12 17 2 2 9 10 18 30 25 20 0 10 19 7 22 0 28 23 3 25 10 0 8 29 10 22 21 3 27 5 14 18 12 7 16 7 27 9 17 22 0 17 4 14 16 22 6 18 27 8 17 17 11 0 19 30 13 9 0 7 20 15 21 3 25 1 10 11 15 2 8 5 6 25 21 20 11 22 20 12 26 30 28 1 17 30 26
25 29 9 30 26 29 18 20 5 24 27 23 27 4 23 26 1 18 13 26 15 18 26 4 28 3 7 18 21 13 1 22 8 19 22 28 24 1 4 18 30 14 5 4 12 21 19 29 20 4 22 18 19 6 22 6 1 5 12 18 7 4 22 4 1 1 29 11 16 13 5 22 19 26 27 28 24 1 7 21 13 5 14 24 5 11 22 22 12 8 15 24 4 26 23 0 19 4 20 6
14 23 14 9 20 8 7 8 24 1 26 5 13 10 12 15 3 22 2 4 21 30 27 9 7 28 13 20 28 13 22 24 10 16 24 12 23 6 29 30 28 8 26 11 11 26 12 21 26 23 14 4 6 29 0 2 7 18 28 17 21 25 6 27 2 7 26 29 7 25 16 25 8 12 21 11 1 29 0 30 12 9 24 16 24 24 13 23 25 21 6 23 7 19 20 15 9 11 18 21
8 3 16 17 0 19 16 9 13 5 25 28 11 0 15 27 23 7 7 21 16 8 14 30 28 2 3 20 12 23 29 12 15 12 21 3 11 23 5 27 23 12 11 2 5 11 21 26 11 14 19 22 23 8 5 9 16 11 20 29 20 5 0 2 16 7 0 15 28 2 0 27 30 18 27 21 4 18 21 10 22 15 25 6 5 30 18 17 5 4 24 14 11 26 15 14 29 1 17 22
9 26 23 19 5 17 5 20 9 3 20 14 16 13 7 19 12 16 30 17 19 25 6 11 19 16 18 12 14 6 3 15 24 7 24 19 14 12 8 13 23 17 20 8 26 6 16 9 24 21 16 20 9 22 20 8 18 12 18 20 16 15 12 7 8 20 2 29 26 26 19 9 19 18 29 6 30 2 22 30 21 9 7 9 8 5 7 30 29 13 2 11 23 0 11 9 8 7 19 0
29 12 1 7 13 24 22 15 22 16 18 7 1 19 26 18 2 15 28 11 25 1 11 23 3 24 20 13 13 28 0 1 18 6 6 11 7 9 22 24 27 18 27 20 25 28 4 2 5 10 3 22 11 11 3 6 30 13 10 10 1 24 4 25 28 8 28 3 14 30 12 14 2 14 8 29 11 14 6 15 23 22 14 3 25 13 13 16 18 25 8 1 9 25 10 23 29 29 1 27
12 26 3 12 11 22 24 27 5 23 1 21 18 18 18 22 1 21 18 14 17 0 27 18 29 0 18 17 13 16 30 6 21 4 14 22 6 24 13 27 25 23 27 14 12 20 26 6 14 28 22 19 22 10 22 5 28 18 0 7 9 0 18 10 24 19 17 27 7 16 3 18 2 28 16 0 26 0 6 8 30 8 29 10 12 27 6 4 19 30 30 13 26 13 29 21 10 7 22 30
0 25 19 28 15 5 30 27 15 9 30 1 19 25 14 18 18 30 17 29 13 24 12 3 23 13 11 18 16 30 24 11 12 20 15 1 15 26 17 3 18 21 25 4 0 28 4 8 13 3 16 9 12 29 16 21 1 13 1 6 24 23 19 0 7 24 10 15 2 2 21 5 13 12 0 16 9 28 14 0 28 10 12 24 9 6 20 19 28 15 28 8 9 18 11 5 17 19 23 20
15 22 8 20 16 10 17 7 6 15 7 15 25 2 23 30 25 13 26 27 19 8 6 13 26 22 4 15 9 15 6 6 24 12 13 24 13 4 22 15 17 18 13 14 28 9 20 30 15 21 8 6 3 17 20 29 27 12 6 2 5 6 1 22 14 15 19 18 17 11 17 12 14 3 15 16 25 13 6 19 23 6 25 11 14 24 14 19 15 14 26 1 6 3 0 15 2 0 30 20
13 27 6 20 10 8 22 13 6 9 30 6 2 2 2 6 7 4 12 15 17 7 30 27 25 25 3 25 1 29 6 11 18 7 11 16 13 13 23 17 8 29 16 4 9 6 19 11 17 19 13 4 19 9 28 19 24 28 29 12 14 2 25 22 22 9 2 23 19 7 20 9 19 12 0 4 19 3 15 9 6 29 2 14 4 5 4 27 16 1 7 2 11 2 27 23 4 0 14 9
10 28 29 21 7 7 16 17 22 29 13 1 17 2 23 11 25 18 0 0 17 22 16 18 23 7 12 8 29 28 21 29 24 26 8 25 5 3 4 5 14 11 20 1 15 13 2 30 15 25 5 18 16 22 15 16 26 16 1 15 12 16 29 2 2 5 14 26 12 23 25 0 23 23 29 8 13 26 13 28 29 15 5 20 30 17 22 30 30 20 19 11 7 25 0 28 20 5 27 23
11 16 8 9 15 15 20 26 7 12 11 26 10 2 12 1 10 12 3 12 5 2 26 15 19 10 14 13 15 27 3 8 18 1 13 0 3 11 27 4 30 0 1 23 17 9 11 18 20 15 18 28 11 0 23 20 4 14 6 5 13 30 25 2 12 22 9 20 25 12 14 29 12 1 29 6 28 13 26 9 11 11 2 3 16 30 10 9 15 19 25 8 6 20 14 21 26 20 30 30
12 10 27 13 9 8 27 18 15 7 16 29 0 5 26 17 4 23 0 8 8 20 30 6 17 19 17 1 0 19 6 18 3 13 29 23 13 12 2 20 10 1 27 8 30 20 24 19 13 14 28 15 27 17 19 14 17 21 23 16 1 14 27 12 18 27 12 21 10 0 9 16 18 10 25 8 8 4 29 30 13 6 10 3 24 3 19 21 22 2 16 28 22 15 0 25 30 24 17 17
25 6 16 25 23 9 7 22 2 0 29 6 23 15 0 18 11 20 2 24 18 5 18 22 17 25 23 4 12 0 19 15 2 18 24 21 11 8 9 1 12 12 4 4 10 21 12 11 27 25 19 13 1 18 10 23 14 25 15 28 20 22 13 28 14 0 0 24 3 13 19 5 1 27 15 29 8 20 0 11 8 18 15 2 11 21 29 23 21 6 3 1 14 11 4 1 15 2 29 25
0 9 3 4 14 2 10 13 27 0 24 6 25 28 21 16 9 25 12 10 25 25 7 16 5 21 13 23 14 2 25 15 3 7 13 26 28 9 11 9 28 16 12 3 7 29 24 16 9 20 12 7 23 21 8 26 18 5 2 6 16 7 0 20 13 24 6 14 21 12 3 3 17 28 6 27 3 15 2 26 17 23 17 20 16 12 7 15 4 4 30 4 22 14 0 13 15 26 21 5
15 7 24 0 24 21 16 10 17 21 5 20 15 8 30 4 9 26 16 27 13 16 25 8 6 4 24 10 27 8 28 16 30 17 18 21 29 29 1 15 2 29 6 1 5 0 26 30 9 30 1 12 9 10 27 5 20 11 19 24 14 9 11 19 19 3 11 27 4 18 5 8 8 28 22 15 10 17 18 18 23 22 1 1 15 17 11 17 2 27 10 5 13 13 3 22 27 16 11 27
18 22 29 22 30 20 8 23 24 5 13 26 3 18 7 8 9 26 21 4 9 8 26 3 19 15 11 25 0 19 1 24 8 9 16 23 27 4 30 12 5 0 5 9 4 3 17 3 21 13 30 18 27 19 29 18 16 1 7 24 29 15 11 22 24 10 14 16 8 4 2 11 7 5 17 27 5 27 9 21 11 12 16 10 26 19 7 16 5 23 30 16 23 20 24 23 29 13 2 6
10 15 24 25 16 28 14 2 25 27 13 27 5 2 22 20 8 11 21 26 7 6 6 16 21 25 20 5 4 13 22 9 26 11 12 7 0 9 16 17 23 21 0 24 20 26 21 14 0 17 11 30 20 11 7 9 26 5 10 27 14 29 2 28 30 19 25 10 13 15 23 20 12 5 28 24 6 23 10 6 15 28 0 18 16 25 24 0 15 0 19 27 24 13 5 8 13 28 24 26
14 3 1 22 18 0 2 18 24 4 24 8 11 30 28 2 20 23 17 1 9 16 29 27 19 20 6 2 18 15 20 19 8 12 11 22 1 17 10 1 4 20 26 1 6 18 2 14 29 20 5 27 23 27 28 3 7 23 19 26 5 27 9 2 10 17 9 12 2 4 19 27 8 6 18 22 5 23 27 19 27 9 28 27 21 8 8 18 7 16 18 10 28 14 17 7 13 12 3 28
8 29 22 30 27 18 28 17 0 28 19 20 10 19 14 14 2 21 26 19 20 16 8 3 24 15 26 2 4 23 20 26 17 14 20 1 19 6 17 18 14 23 13 6 20 15 6 25 26 22 18 11 15 2 1 17 26 10 21 9 30 0 12 27 29 9 6 5 3 8 10 16 8 27 9 11 24 11 11 16 15 27 16 4 2 16 16 20 25 14 18 8 27 22 12 7 10 29 25 29
2 0 7 20 30 0 5 10 21 2 11 13 22 26 20 24 20 29 7 23 24 1 8 5 7 4 17 16 15 4 3 11 18 27 4 28 17 22 25 7 9 27 20 21 30 11 0 20 15 11 26 21 7 4 17 28 15 9 29 22 9 23 9 29 29 30 0 21 28 19 18 17 19 13 3 8 30 21 27 25 28 0 11 14 10 26 30 17 19 26 7 10 6 18 20 16 23 7 16 30
17 0 11 28 2 18 7 4 22 16 21 12 16 16 14 7 4 17 9 27 3 5 17 13 19 25 14 21 30 13 13 21 1 29 23 13 30 7 18 8 7 26 2 12 24 22 28 27 1 18 14 25 18 10 29 4 4 21 18 16 28 19 7 11 20 19 0 21 16 6 16 23 16 28 22 23 26 22 0 2 20 7 5 20 26 10 5 24 4 5 20 21 15 1 10 27 18 11 30 16
10 18 0 23 12 26 20 28 23 3 29 12 21 19 4 25 15 15 9 14 12 18 12 5 26 18 9 13 16 6 6 1 18 27 0 22 11 2 16 3 12 8 6 30 15 7 15 5 28 25 30 17 4 12 10 7 24 23 29 10 30 23 8 12 7 28 0 7 29 17 23 27 11 19 27 25 15 25 7 26 19 18 15 29 8 7 7 0 22 12 27 20 16 14 22 19 13 0 10 11
6 1 1 19 20 9 12 4 4 6 3 13 9 12 29 19 0 24 26 10 5 11 14 9 3 8 0 23 13 5 13 17 9 16 2 28 8 5 13 10 25 2 10 11 23 21 24 22 28 30 10 11 25 20 25 7 16 20 0 4 6 2 26 26 7 20 27 17 7 9 30 0 0 12 20 13 1 1 28 9 15 27 30 16 23 13 23 24 18 2 21 4 28 20 30 30 9 24 2 10
21 1 3 26 14 22 27 9 6 0 9 12 0 26 30 7 10 17 1 23 5 22 29 12 27 6 19 26 8 21 27 5 5 25 20 18 5 17 24 11 21 22 6 5 28 6 8 11 22 3 24 24 21 22 3 6 12 22 16 12 2 18 24 2 16 23 11 6 3 13 17 5 6 17 10 4 4 1 1 21 27 0 6 30 19 8 11 25 30 28 27 27 28 27 13 19 30 5 16 1
16 18 18 28 0 28 23 18 23 24 5 20 16 16 5 28 12 10 20 13 12 23 26 10 12 0 7 22 0 7 21 24 19 28 14 29 20 11 19 18 29 30 21 29 12 9 20 20 13 20 8 9 15 3 28 25 10 14 30 25 15 18 23 8 30 27 20 9 16 26 26 17 5 22 16 18 11 27 6 17 17 11 8 15 22 19 8 19 30 17 23 12 3 28 18 17 2 15 28 6
18 15 26 7 19 10 8 15 5 12 25 19 17 1 14 29 8 5 16 11 15 18 21 24 14 27 12 11 16 11 13 9 20 2 24 28 29 3 30 8 13 11 10 12 17 8 29 26 25 9 19 15 9 0 8 27 7 22 18 20 20 15 17 13 4 14 20 24 27 10 9 20 9 2 12 26 23 2 16 25 14 22 22 14 3 30 3 13 0 15 6 2 8 26 4 22 17 2 9 12
21 24 9 13 7 16 12 23 20 11 7 25 14 2 26 11 12 28 8 17 4 0 10 13 25 23 22 7 5 20 30 21 11 12 0 7 27 4 27 3 9 23 11 26 1 8 21 20 24 4 4 22 28 0 2 13 6 22 14 20 2 29 12 15 7 2 18 16 21 14 7 9 0 6 26 30 12 6 6 23 5 9 28 14 23 20 2 10 28 1 20 28 24 14 4 27 15 5 4 23
0 0 21 22 13 26 14 4 19 25 28 19 3 13 13 29 23 4 30 13 13 17 7 20 26 28 17 14 28 8 30 11 0 4 30 21 29 13 2 18 6 13 24 29 30 14 18 7 8 5 20 16 1 26 23 21 10 0 18 6 21 17 20 6 20 24 3 13 27 5 28 10 30 3 0 25 14 24 20 28 6 22 17 21 25 24 6 17 6 8 22 2 9 29 3 4 16 13 27 1
17 27 23 15 15 19 12 17 22 28 18 29 22 17 3 3 17 27 17 5 13 27 18 18 10 26 24 18 26 3 4 6 1 1 5 19 14 7 9 17 15 1 1 28 18 21 9 10 4 30 13 14 16 21 3 3 3 18 8 7 6 18 18 18 28 22 25 22 28 8 5 2 29 2 27 24 16 12 20 3 7 11 18 27 29 13 19 25 17 3 10 4 19 10 10 6 5 3 21 7
24 6 3 7 17 12 5 12 8 27 15 22 21 3 24 27 22 9 23 28 17 27 12 20 22 15 21 0 1 4 21 19 2 20 16 17 3 14 16 2 30 9 18 26 7 9 16 9 27 19 12 5 22 14 9 17 30 12 12 22 12 25 6 1 19 15 12 16 8 18 7 6 27 20 27 9 9 10 6 2 13 3 0 13 2 7 20 20 26 0 21 23 27 9 26 19 30 11 4 6
21 24 6 20 19 25 22 22 18 4 15 10 11 13 9 14 23 17 15 29 10 0 4 27 13 5 16 12 3 0 16 25 3 22 0 4 26 10 0 22 15 26 4 4 13 17 0 15 11 25 3 12 29 12 16 30 27 3 23 22 17 2 15 26 1 11 22 5 24 5 18 18 1 5 17 7 3 6 24 18 2 12 2 23 24 24 29 28 1 9 1 13 6 19 23 25 30 19 12 24
12 6 3 30 11 23 24 22 25 27 1 28 3 4 13 20 4 16 9 0 7 23 26 28 0 9 1 10 23 24 30 4 20 6 30 30 0 26 11 20 11 4 7 2 3 2 9 3 22 20 5 6 13 21 24 16 19 10 27 17 16 24 22 16 21 6 7 11 16 18 22 8 22 25 16 15 23 23 3 17 14 27 12 28 29 4 18 16 4 18 28 0 18 12 2 9 27 3 10 13
28 14 1 19 7 23 9 25 3 23 6 1 26 6 7 8 6 5 19 30 21 15 1 29 6 12 6 13 23 29 6 14 29 9 27 29 9 27 11 5 14 10 2 5 25 25 2 1 10 21 14 3 1 3 8 1 11 8 11 19 2 19 18 24 29 13 22 22 23 7 3 28 11 23 1 15 9 7 30 7 0 20 30 8 7 26 17 20 20 22 23 22 0 25 18 25 9 9 29 0
18 4 9 26 27 28 26 10 13 2 20 17 25 24 28 10 16 14 14 29 21 16 10 30 26 19 7 28 11 10 19 4 13 14 0 19 11 24 21 16 19 7 24 29 9 4 2 26 3 4 20 7 11 5 4 18 8 10 20 17 22 17 25 11 1 24 1 24 19 20 13 7 9 12 4 16 13 23 15 16 21 28 13 26 16 6 16 16 30 17 2 18 5 20 1 25 16 26 4 15
2 21 21 9 24 14 17 13 18 0 8 12 9 26 3 6 8 10 6 2 26 22 11 0 22 26 2 4 12 30 18 12 28 12 16 6 13 25 15 25 2 7 0 26 30 12 25 11 17 28 16 25 3 21 15 4 30 4 17 0 3 30 26 29 16 11 16 0 10 25 21 22 12 20 3 12 24 11 27 29 12 5 21 18 25 8 13 6 26 16 20 15 20 11 22 24 8 6 11 30
1 17 4 27 0 24 17 16 12 17 15 22 28 13 27 6 13 28 16 21 18 12 2 1 15 15 12 9 12 14 5 1 19 14 6 3 30 15 20 14 29 10 17 13 23 29 1 20 19 29 17 30 11 20 9 25 23 12 29 7 20 19 3 15 26 30 4 5 17 9 16 19 7 2 26 1 5 2 14 13 12 12 11 12 13 15 7 11 22 15 14 21 0 22 26 0 0 15 12 17
16 18 11 8 11 28 26 14 25 28 7 12 12 1 2 7 9 25 6 9 10 4 7 16 24 17 12 3 19 7 8 6 9 23 21 15 29 13 26 25 5 8 5 10 23 1 17 9 10 7 28 19 22 23 20 27 12 26 9 9 29 24 23 2 0 12 15 17 30 25 9 1 21 30 15 3 25 15 20 0 15 11 1 30 27 14 21 12 26 1 4 16 1 26 13 14 1 11 16 16
0 11 5 21 11 18 14 3 1 19 9 2 20 2 5 16 20 25 6 5 3 12 23 14 22 26 20 29 6 30 3 16 7 23 5 23 8 1 19 20 19 14 11 24 29 8 7 16 1 11 5 7 6 30 18 21 1 10 4 17 15 12 1 5 18 30 11 21 18 2 21 4 0 9 26 1 12 25 21 22 6 11 2 26 5 29 22 15 8 9 20 15 16 27 14 8 15 27 6 24
29 2 18 3 1 17 14 28 5 9 17 25 4 17 25 12 12 0 18 20 11 8 11 19 24 26 17 13 19 9 8 21 29 15 10 11 21 3 14 20 1 22 9 20 1 22 13 0 5 20 10 22 30 3 18 29 5 20 12 9 12 0 28 13 21 10 21 30 0 17 21 22 13 22 4 12 27 20 3 8 13 18 11 1 19 26 8 24 3 3 7 29 27 22 23 24 14 29 7 7
17 19 22 7 8 20 20 5 23 9 5 18 15 6 5 13 6 30 10 8 24 18 30 9 18 5 4 19 30 1 8 11 25 17 11 9 18 9 28 11 27 1 7 11 29 8 6 3 2 19 24 14 8 11 17 30 7 4 4 1 13 29 12 9 5 1 5 30 26 3 14 14 15 5 15 0 24 27 21 21 12 11 0 26 18 29 19 30 15 27 8 21 7 8 14 22 16 24 11 1
13 9 17 7 23 21 8 18 15 15 20 8 13 19 25 0 9 27 14 11 0 16 14 9 15 4 17 26 28 18 25 15 1 19 23 3 3 19 14 27 28 24 0 22 3 16 26 10 9 6 20 8 4 26 24 18 18 17 15 3 21 18 29 22 28 12 26 17 0 18 25 7 10 29 16 1 2 16 28 15 3 24 29 3 18 22 9 11 11 6 25 7 14 2 13 18 8 11 20 28
3 27 17 2 29 9 30 13 8 21 26 26 10 19 13 5 1 10 23 2 2 14 24 1 24 22 17 24 3 11 21 26 8 13 29 13 10 19 6 22 20 13 27 0 8 21 13 16 27 24 16 8 19 29 12 18 25 24 15 8 4 18 18 21 14 9 27 28 6 15 17 6 24 24 26 5 10 23 26 11 21 14 3 22 5 19 29 2 10 3 18 30 24 20 24 13 9 20 10 3
17 11 9 21 12 18 12 18 1 27 2 18 18 15 2 24 23 14 20 28 5 23 3 3 12 22 1 26 20 11 26 3 30 21 29 4 28 21 15 14 11 20 22 22 22 0 23 9 19 5 6 2 27 15 8 17 28 5 14 10 14 15 17 23 8 14 21 17 9 6 15 8 12 24 12 15 19 14 7 6 10 15 3 28 1 11 2 14 16 7 28 12 4 0 10 13 22 11 22 2
9 28 28 18 21 24 1 5 21 0 7 30 29 19 4 6 0 6 20 2 26 21 17 27 25 27 20 9 19 1 11 24 18 8 17 15 18 19 11 29 14 5 30 1 11 20 28 21 19 20 9 19 18 20 15 24 25 24 22 23 13 2 18 27 7 3 2 15 14 29 21 17 0 20 10 6 11 14 11 23 30 8 29 21 25 15 28 19 26 27 29 23 27 14 6 1 11 28 2 6
8 3 20 8 24 10 11 17 29 8 26 10 23 15 12 4 2 1 7 24 14 27 1 7 16 10 8 9 29 19 0 6 14 5 24 2 9 3 2 3 4 2 7 24 15 8 13 26 17 25 24 5 9 20 8 8 17 18 1 0 23 24 12 4 28 17 13 3 15 19 6 20 16 13 6 22 4 3 30 3 25 10 13 0 27 25 3 0 24 3 27 26 29 15 6 13 9 19 25 29
20 10 0 20 21 29 6 25 3 14 10 19 2 15 11 14 26 6 7 20 20 19 25 8 27 3 18 22 7 4 7 7 25 2 15 27 1 20 22 15 3 21 13 24 4 16 4 16 17 18 28 2 28 6 4 13 13 22 15 28 20 3 26 23 13 26 14 15 17 13 28 27 27 27 23 7 8 0 19 25 13 22 25 28 25 10 20 6 20 24 26 0 12 20 24 27 2 26 15 21
14 18 21 9 13 24 10 9 12 12 6 16 1 13 14 2 4 30 25 9 22 4 18 23 23 28 2 10 16 18 29 28 11 6 17 30 29 17 27 2 11 0 28 23 11 13 11 10 2 2 7 28 7 12 6 11 15 14 21 20 25 21 22 20 1 22 21 29 26 0 8 21 13 30 4 24 0 27 26 12 25 2 19 20 1 12 10 9 20 25 18 7 4 16 1 6 1 0 25 13
28 21 17 27 25 27 26 18 15 14 20 29 11 14 15 17 22 30 17 19 27 11 8 14 25 16 28 12 1 17 2 30 14 24 18 6 6 4 20 8 15 10 22 8 11 9 2 16 2 21 5 5 25 14 19 13 1 8 3 6 12 14 16 13 8 7 16 13 21 9 14 2 17 15 19 23 8 10 29 22 7 17 3 0 25 14 14 25 20 13 15 20 6 20 2 25 23 2 18 18
28 2 8 13 4 29 15 3 13 29 29 5 25 7 22 16 12 5 17 4 23 10 13 22 28 22 9 2 26 23 19 27 12 15 5 20 23 11 1 30 6 1 8 0 27 11 21 13 18 18 29 19 9 25 16 4 10 19 21 9 7 11 13 13 20 18 21 14 1 24 7 29 12 26 29 26 1 8 26 4 30 14 5 20 23 10 25 0 12 20 26 30 1 20 23 12 7 25 22 25
8 14 2 4 18 23 26 29 12 30 26 9 19 23 1 13 20 25 9 28 0 28 1 8 11 27 13 4 0 11 14 5 11 28 3 1 0 15 25 12 18 28 5 1 0 30 16 28 21 14 8 28 1 10 27 17 8 3 5 30 1 0 7 28 11 10 18 26 20 8 2 2 27 4 8 11 14 3 16 14 13 26 7 18 19 11 23 8 8 22 19 24 6 23 3 2 25 13 13 18
22 20 13 23 26 27 2 4 9 27 10 17 13 1 17 21 5 17 16 3 13 24 13 5 12 14 4 25 2 9 26 4 17 2 18 13 5 18 4 3 28 1 22 9 27 1 11 11 7 18 13 13 5 29 0 26 11 20 0 22 25 0 23 18 27 1 3 13 14 7 3 20 21 14 30 14 19 12 24 3 19 23 8 29 5 9 12 30 2 1 2 24 10 0 10 28 17 15 29 13
26 24 21 18 9 27 11 13 18 13 22 11 10 1 13 1 15 6 4 5 5 8 23 29 29 21 2 19 21 20 15 12 13 8 17 21 2 30 12 20 8 11 12 30 22 5 15 11 24 11 18 0 12 28 1 18 18 20 4 29 16 11 21 24 4 13 15 25 24 18 2 21 18 6 30 6 3 25 21 3 23 2 4 15 16 19 12 27 8 12 9 23 10 22 27 24 16 20 26 24
