18 18
21 6 15 4 19 16 15 13 8 24 13 19 21 23 22 10 3 20
4 22 6 15 21 20 30 14 0 8 6 4 1 16 15 10 8 22
16 0 19 15 0 13 30 15 21 11 6 24 12 25 12 28 9 27
22 3 27 4 17 24 18 20 4 2 10 7 1 9 26 22 1 19
2 17 23 24 23 3 21 20 19 15 26 5 25 30 14 0 14 13
13 7 14 10 23 14 26 4 6 22 17 16 30 21 21 16 22 15
25 20 30 30 8 1 2 17 4 18 27 9 3 7 1 27 11 22
30 19 19 11 12 23 21 15 13 5 27 15 18 6 1 9 17 25
28 13 12 9 27 25 4 4 2 9 4 29 26 5 23 16 23 30
21 7 25 15 7 11 26 6 3 7 26 21 7 14 7 22 8 3
21 23 6 24 29 4 17 9 6 1 22 15 15 19 22 4 6 5
17 7 8 17 25 19 16 18 18 27 10 7 29 15 10 19 30 29
8 2 10 21 7 15 29 2 3 16 2 10 6 25 11 5 23 21
11 10 14 9 2 12 5 1 27 2 30 28 22 25 21 2 29 11
18 21 22 28 7 6 15 3 12 9 26 24 10 23 30 12 30 16
16 9 27 0 12 15 13 26 15 28 20 7 15 29 23 22 11 30
1 23 22 18 2 14 19 29 15 26 21 7 30 8 1 17 2 11
2 20 5 25 5 21 18 5 2 11 21 12 7 30 28 13 1 0
