20 20
12 16 11 3 7 7 10 21 0 25 5 29 15 16 18 15 4 18 12 19
16 14 24 12 21 14 7 26 16 27 26 29 5 24 11 25 5 15 29 2
27 9 23 26 9 9 2 23 20 20 8 29 29 29 0 8 26 6 23 21
11 10 10 28 29 22 8 23 5 5 24 28 28 21 17 13 27 20 22 2
1 19 25 3 30 12 18 8 7 22 15 26 26 2 8 17 12 28 27 9
1 21 4 22 17 20 7 15 3 19 12 10 30 16 0 4 12 6 8 30
19 25 18 6 1 26 23 27 29 0 2 24 4 13 13 14 4 11 3 10
24 0 9 20 11 7 10 8 4 0 28 30 26 3 11 20 19 12 26 24
27 10 2 17 30 25 5 13 13 5 14 28 27 28 7 21 22 29 21 0
1 25 5 25 1 30 7 12 21 7 13 18 18 8 9 26 28 11 11 9
25 14 25 9 22 6 21 15 13 0 16 21 4 13 27 28 13 16 21 15
8 25 24 1 24 25 15 5 16 21 21 7 30 18 8 0 11 16 4 3
2 28 0 29 6 27 24 16 13 5 24 18 1 25 30 8 19 23 26 17
22 23 24 26 11 20 0 10 18 23 4 23 29 6 28 23 21 5 11 13
10 27 30 6 29 29 4 9 12 22 16 10 24 12 7 13 4 14 0 2
16 24 26 4 5 12 19 1 13 22 10 14 2 19 23 6 25 30 4 26
16 20 14 26 30 1 9 20 30 11 3 12 13 26 1 5 28 3 7 5
29 0 19 30 4 28 9 23 29 28 29 16 10 6 26 9 12 25 2 13
5 20 11 23 20 24 25 8 27 27 10 27 7 4 20 20 1 0 16 1
5 8 29 11 5 8 16 3 14 6 0 23 6 19 3 30 11 20 9 17
