22 22
21 18 1 21 20 28 20 27 25 28 0 20 20 10 30 26 4 13 22 19 5 13
7 13 29 10 6 16 22 28 29 14 11 29 30 27 17 21 16 29 13 29 18 7
29 12 12 27 21 20 28 16 29 15 15 14 25 16 23 5 28 24 4 3 13 30
3 23 2 23 19 26 15 19 2 3 11 9 29 25 9 4 21 9 0 24 5 16
28 12 29 7 6 15 4 6 25 1 16 14 8 1 26 11 18 26 26 28 10 8
15 21 29 8 14 15 21 28 3 7 16 15 5 5 1 28 9 14 7 24 29 29
11 22 27 0 27 0 19 21 28 20 21 22 2 13 24 1 17 21 0 1 16 2
23 11 29 26 11 25 24 20 12 18 22 1 0 11 21 8 14 30 18 29 11 10
22 9 28 0 14 0 25 5 29 16 23 14 1 0 18 23 27 30 0 15 5 8
10 25 28 27 23 13 20 18 25 11 0 28 5 30 3 16 3 20 21 25 23 27
26 27 1 21 5 8 4 17 23 28 8 28 5 13 16 5 0 2 8 19 22 11
10 0 10 5 11 3 14 23 24 0 24 20 3 22 22 19 25 13 5 23 21 1
27 5 3 23 22 12 6 14 29 7 14 0 15 3 3 7 10 22 8 12 15 30
24 20 27 8 15 20 13 24 28 30 25 5 23 9 26 21 18 27 12 21 0 2
0 30 20 26 5 15 4 15 27 13 9 2 18 20 20 18 18 25 17 18 18 6
6 16 19 14 0 7 22 25 30 23 0 28 24 8 18 0 15 0 10 2 28 4
4 12 26 23 14 24 1 28 10 10 21 3 13 28 1 23 9 26 16 1 24 20
29 27 10 2 21 1 18 5 27 7 15 22 5 21 18 16 12 18 20 25 22 4
5 10 11 19 15 30 15 11 17 14 20 10 30 21 10 17 18 13 2 0 30 20
23 16 28 27 16 27 30 16 26 1 3 24 28 30 2 22 22 22 9 23 17 12
12 0 3 8 17 27 11 25 10 5 14 3 23 13 4 15 21 23 4 3 10 18
13 4 23 27 1 21 8 12 26 15 30 6 3 1 2 13 7 4 0 17 9 19
