25 25
27 5 19 29 6 6 9 21 22 29 3 1 15 2 9 13 17 28 26 1 26 26 16 2 24
7 29 1 29 8 0 8 7 7 27 0 17 14 1 14 21 11 21 17 8 1 24 20 23 13
2 14 14 7 17 14 10 14 28 20 3 1 8 7 27 3 9 20 12 8 25 12 3 30 2
12 0 1 25 25 30 23 14 8 18 10 11 11 0 20 8 0 4 7 16 1 4 22 3 2
18 7 24 24 17 16 7 0 3 28 3 24 8 15 6 15 19 0 17 25 11 16 18 10 17
26 11 16 28 15 0 16 15 11 14 13 4 11 8 4 2 23 0 23 21 29 20 25 2 30
23 21 18 12 16 14 2 26 12 16 16 16 23 26 12 22 14 2 4 30 25 26 5 13 27
19 15 19 13 21 0 9 9 13 12 11 29 26 0 29 6 24 23 25 13 16 16 16 11 7
0 23 11 0 22 21 5 17 28 3 5 20 8 18 6 1 19 14 28 10 29 12 19 1 16
18 3 1 25 12 18 17 4 2 14 7 24 28 28 13 13 13 29 17 29 7 27 11 7 23
28 27 30 28 14 10 20 24 27 15 18 13 13 4 15 26 5 5 24 22 27 29 5 7 2
19 22 11 27 20 23 22 29 23 28 28 26 10 18 18 13 1 9 4 25 20 19 27 19 28
28 26 16 17 19 24 20 12 2 6 27 7 28 15 16 0 5 18 0 5 6 17 1 22 2
29 0 23 28 24 28 13 18 12 23 22 28 22 3 1 13 0 27 21 27 0 17 9 0 5
18 24 27 15 8 2 12 2 6 30 14 16 23 8 20 1 12 15 27 22 1 22 20 24 26
10 3 1 13 0 28 0 22 29 18 29 25 30 29 20 17 21 1 24 2 0 2 22 3 16
16 13 15 8 23 5 16 12 2 25 10 10 12 12 23 6 24 23 11 21 17 2 30 19 23
24 23 15 19 15 18 15 19 16 9 16 16 21 16 19 28 17 22 7 15 7 17 9 10 3
4 17 30 5 28 14 30 9 2 28 19 17 27 2 23 18 18 3 14 4 23 15 1 4 25
6 25 0 14 28 12 1 9 30 2 5 19 15 12 10 1 22 16 15 20 23 13 30 18 5
6 28 23 6 16 20 14 28 24 10 9 10 2 18 20 10 30 29 27 17 21 24 3 26 12
24 5 16 16 4 0 2 7 2 28 4 16 3 2 19 26 11 12 20 16 24 19 13 8 19
24 22 1 3 12 10 27 2 3 15 6 11 24 24 2 18 30 1 28 10 6 6 9 16 30
15 10 6 14 11 11 17 8 18 13 25 27 26 25 13 1 10 10 7 27 0 6 1 17 15
4 20 5 22 29 0 6 22 2 25 12 16 1 23 6 14 2 17 4 1 21 25 14 28 13
