28 28
13 16 5 7 12 21 14 26 9 5 24 16 4 8 22 10 1 8 0 17 15 15 9 1 7 13 15 5
6 20 14 23 2 10 1 24 3 30 21 3 8 18 15 28 6 7 10 12 18 18 27 27 22 14 26 11
18 25 26 1 18 12 22 20 17 17 7 10 16 15 16 4 16 18 14 6 2 30 29 7 2 7 0 27
25 13 9 23 19 12 24 15 26 9 30 19 10 13 9 6 26 28 30 5 21 21 12 26 29 3 21 6
8 6 18 3 26 5 13 29 13 1 22 20 15 15 9 18 28 16 8 16 8 18 0 1 6 16 16 29
30 18 27 27 5 2 26 15 6 8 6 3 8 7 22 15 6 15 23 10 14 18 10 25 27 17 24 29
17 1 6 6 2 26 9 11 23 30 24 26 8 27 25 1 11 24 9 16 3 21 4 9 26 15 13 1
26 29 26 7 4 5 16 0 16 3 21 10 17 11 15 18 25 12 30 24 20 23 23 8 16 22 18 11
15 16 11 5 17 26 0 20 25 25 26 6 6 16 30 24 19 5 10 18 1 21 30 21 13 18 13 16
19 15 27 1 3 17 2 7 16 9 1 5 26 7 19 7 19 25 6 25 12 7 5 12 18 24 14 14
23 18 1 17 10 6 27 24 17 2 19 20 9 0 20 24 7 10 21 21 14 13 24 10 22 22 30 8
14 18 11 8 9 1 26 25 18 28 23 1 14 30 6 27 30 21 11 3 15 22 14 13 1 19 12 27
16 15 30 30 18 22 11 30 25 0 20 25 30 30 19 27 2 24 25 8 1 6 13 24 27 28 19 3
10 10 4 30 2 24 20 10 1 15 3 4 21 29 30 28 15 15 7 30 17 2 22 16 8 26 25 19
27 9 22 21 11 26 7 28 12 17 2 14 25 15 18 30 26 30 19 9 29 15 10 13 27 12 24 11
6 1 12 3 25 30 7 21 17 5 26 27 16 19 20 4 10 20 4 15 25 13 22 26 21 24 4 10
24 28 24 17 13 16 20 12 14 2 18 30 26 30 22 8 4 29 5 10 12 11 25 20 29 5 27 11
1 17 17 26 24 29 13 1 0 1 15 26 11 23 17 20 27 20 2 6 4 28 7 17 10 24 2 14
22 10 25 30 19 19 3 5 27 18 10 0 25 5 0 27 28 18 21 29 3 23 30 8 14 28 9 15
15 20 6 11 2 4 5 6 27 19 6 29 9 2 27 10 28 5 24 22 26 26 24 26 8 0 30 4
11 18 2 17 12 22 10 27 27 18 24 5 18 2 18 0 3 29 3 9 15 5 14 18 10 6 10 0
11 29 13 19 27 27 14 22 25 26 30 8 21 9 1 5 27 6 2 30 12 25 4 14 4 17 26 17
10 17 2 22 27 16 17 27 3 13 10 15 27 20 13 9 14 6 17 27 29 17 13 27 5 15 28 30
24 29 12 8 17 16 10 30 12 7 30 8 7 6 24 27 8 13 11 19 13 18 21 8 5 21 3 22
14 30 5 6 19 1 21 12 25 3 5 23 23 3 21 21 5 12 27 4 27 10 1 0 4 0 17 16
4 13 27 11 18 19 8 1 30 28 26 27 18 1 30 21 27 11 1 19 21 13 25 28 21 2 19 9
26 6 26 30 20 10 21 4 8 22 13 20 12 27 13 16 13 21 12 26 8 0 20 17 18 3 5 17
16 6 3 15 18 30 7 25 25 28 26 17 18 3 14 29 17 24 19 21 25 27 26 5 13 5 13 2
