30 30
16 6 30 12 28 23 2 24 13 20 7 4 12 8 0 6 14 7 25 5 9 23 25 18 30 28 29 9 14 23
15 21 26 4 20 27 21 4 13 18 0 13 9 24 24 25 2 6 5 15 5 29 0 29 30 14 17 4 4 12
27 1 7 6 16 18 7 5 3 17 27 2 25 26 26 7 21 18 29 2 19 27 9 7 21 16 28 16 29 14
19 21 3 19 14 8 10 21 25 14 6 14 10 4 24 18 26 24 4 28 4 16 3 24 9 8 11 30 19 6
20 12 4 15 9 28 18 2 8 17 0 15 28 3 10 14 19 20 2 0 13 9 18 9 21 6 17 13 15 15
4 4 18 13 10 6 21 12 9 10 25 22 14 6 24 15 7 3 11 0 25 30 23 29 26 8 10 12 14 9
29 20 13 20 12 15 11 7 19 15 27 9 2 10 2 1 14 16 13 2 20 15 14 21 7 11 6 21 16 11
6 10 0 27 13 17 22 21 19 7 12 4 11 11 11 10 28 13 16 17 17 18 21 3 16 25 4 0 10 19
2 26 15 3 25 4 13 13 10 13 0 27 26 3 23 25 17 27 19 24 11 7 9 27 15 19 14 9 12 7
3 22 19 3 21 0 10 22 1 12 8 21 23 25 24 5 11 4 14 25 13 8 9 17 5 4 24 28 0 10
21 13 12 28 12 6 23 23 3 26 30 30 20 9 24 21 3 2 22 16 13 28 2 18 17 9 13 30 24 0
14 1 4 13 15 17 23 23 27 25 2 27 6 19 28 29 16 16 20 24 25 5 11 6 26 0 11 30 15 26
17 17 9 22 24 27 29 19 14 13 14 16 10 29 6 7 8 16 21 26 13 4 14 24 24 4 2 13 26 6
21 8 29 7 3 18 25 15 24 10 20 15 15 14 27 7 16 24 14 29 2 3 29 25 17 3 24 20 21 2
13 16 13 11 16 9 12 25 0 10 23 23 8 26 27 16 17 23 25 9 28 30 24 12 14 20 5 5 18 0
18 7 20 18 24 21 15 29 9 8 15 15 26 0 18 20 18 12 7 30 23 30 11 5 25 28 12 24 24 27
12 19 26 16 16 30 4 0 20 11 30 4 22 11 30 21 4 20 3 27 10 22 14 17 2 21 2 20 2 30
28 11 18 0 17 29 4 25 14 17 5 25 13 28 14 14 29 6 20 18 3 3 21 10 19 20 14 2 10 10
25 6 7 11 25 1 2 28 8 25 1 12 20 18 3 26 16 9 14 20 21 8 26 24 11 22 3 5 21 28
3 27 8 24 22 22 29 22 3 23 23 21 4 22 8 12 19 15 9 5 11 13 20 18 30 10 14 5 0 0
21 2 7 24 22 3 0 3 14 11 12 26 17 4 11 3 11 10 22 22 30 0 26 21 24 18 11 6 15 5
10 25 22 21 2 29 8 8 23 6 13 17 24 10 16 4 17 1 2 5 1 27 3 20 0 0 20 15 23 11
7 11 28 27 29 2 7 15 23 11 17 28 21 4 28 21 0 7 10 23 17 19 21 19 8 21 19 7 14 4
11 18 0 19 14 24 3 10 24 24 30 14 26 1 5 25 8 15 5 20 8 26 0 28 5 13 15 1 15 22
15 11 20 28 11 20 26 11 9 7 16 22 23 11 10 2 24 30 4 14 3 23 18 29 16 13 25 16 8 22
9 20 18 16 9 20 17 29 4 11 24 17 2 6 20 26 18 0 24 5 17 11 14 24 13 11 20 24 27 21
3 16 9 4 4 14 10 19 17 28 23 25 6 5 27 28 12 19 15 30 4 19 14 8 1 15 24 24 3 2
12 4 1 3 17 12 21 7 26 4 24 17 6 25 3 5 23 7 29 29 28 23 7 27 23 1 19 12 3 20
17 14 22 9 25 16 3 8 2 25 29 26 9 26 10 6 21 19 24 0 22 22 22 15 0 12 30 12 12 29
17 24 27 30 8 16 4 25 17 17 12 25 27 4 25 4 26 9 22 20 30 10 25 25 4 8 24 3 14 8
