31 31
17 21 26 2 29 22 15 16 23 29 30 3 26 8 17 2 7 17 20 20 22 16 26 30 12 11 22 23 13 8 29
10 19 26 10 18 6 4 12 15 3 24 30 0 7 10 15 24 0 2 5 27 0 14 4 18 21 15 3 17 18 9
11 22 12 15 8 15 23 10 11 19 12 25 20 30 18 28 12 1 10 13 7 29 21 7 25 1 9 9 18 9 14
1 13 0 0 7 30 14 25 2 0 14 10 7 9 2 7 16 3 26 8 9 13 17 1 7 2 4 10 1 24 7
3 27 8 8 15 11 12 18 4 19 14 3 13 12 25 10 10 28 1 9 26 29 29 8 0 27 27 4 13 4 20
12 27 4 8 1 14 20 17 16 20 23 14 9 9 19 11 27 23 25 21 15 3 3 6 10 2 6 18 28 10 10
7 16 10 30 1 7 1 29 2 28 4 30 3 27 0 8 6 12 0 28 22 0 14 17 28 12 11 30 5 21 1
24 25 24 27 25 28 21 20 13 27 22 28 29 7 24 1 14 21 14 30 7 29 0 7 4 3 30 12 8 6 10
21 8 16 6 10 6 2 6 20 25 4 27 17 11 5 24 13 14 3 22 1 22 18 16 18 7 12 6 23 9 17
9 30 3 25 13 13 28 24 18 28 22 22 17 7 24 14 27 30 28 4 23 0 30 0 18 18 1 16 25 1 29
18 0 0 12 30 27 17 11 28 30 11 2 28 19 8 0 19 13 12 7 2 22 15 17 23 29 2 18 18 4 19
10 22 23 10 9 30 25 16 22 3 24 26 25 1 27 30 21 6 1 4 3 26 13 29 25 21 14 29 6 2 4
17 28 11 14 9 23 7 11 2 0 19 2 21 3 18 21 10 26 2 25 19 0 0 2 7 22 8 29 19 1 26
13 15 16 28 27 11 17 6 5 22 6 27 2 13 0 16 24 11 17 20 0 3 7 21 20 19 24 13 14 2 14
2 19 8 4 8 6 23 16 9 20 19 15 19 27 13 21 26 27 22 8 9 13 14 10 3 3 12 15 0 26 16
29 19 28 16 24 4 22 2 25 21 9 24 24 24 3 4 12 21 1 7 18 11 15 23 19 30 22 18 6 30 29
17 10 9 10 24 23 9 22 9 8 23 22 4 29 19 27 9 2 3 7 27 29 17 23 14 27 8 28 4 9 15
11 29 16 13 26 14 2 20 12 18 15 24 9 28 17 20 22 25 20 25 0 26 18 2 20 6 9 2 28 27 8
20 29 1 26 9 26 5 2 12 26 17 19 18 16 9 1 4 22 1 8 22 5 21 21 5 17 22 15 6 12 17
16 8 25 28 2 27 5 11 26 18 15 10 15 3 13 7 30 17 5 8 3 28 30 3 30 14 5 13 30 18 3
3 9 21 10 17 17 20 23 30 7 12 21 16 27 5 29 24 15 8 20 12 20 22 13 17 13 20 6 6 17 14
23 7 21 22 26 24 14 29 19 26 7 3 29 3 0 19 26 5 3 6 23 15 22 2 13 27 16 19 22 4 29
28 22 28 25 11 11 10 13 18 6 18 12 6 26 23 16 22 11 18 5 14 17 0 19 15 22 24 16 28 23 26
20 18 4 9 15 24 17 22 13 6 24 2 8 6 15 6 27 27 12 5 21 0 10 5 5 30 14 0 16 21 13
8 3 5 26 24 4 16 4 27 29 14 22 19 0 18 26 2 1 6 5 9 7 29 25 27 22 7 19 20 29 4
19 12 17 30 9 7 24 14 10 4 8 11 26 10 8 29 23 3 18 1 29 17 2 8 15 4 5 26 17 24 29
18 19 30 11 13 25 25 2 10 22 11 25 23 10 20 3 18 27 26 26 4 27 19 9 0 30 17 1 30 7 26
6 14 19 23 6 11 17 10 25 4 7 25 2 19 11 19 29 20 3 17 16 0 23 23 19 29 30 30 12 6 19
2 27 22 29 8 28 2 2 30 15 11 6 11 0 2 28 14 9 20 7 9 2 27 23 6 21 21 18 4 17 26
12 10 27 0 29 12 6 29 26 23 11 2 3 26 24 11 19 11 24 29 5 2 10 6 1 5 6 12 1 11 1
6 2 21 11 17 2 28 14 8 10 5 10 25 15 15 22 17 21 0 5 4 19 18 16 2 4 26 11 29 5 2
