33 33
26 10 19 17 13 7 26 28 30 25 12 23 17 2 8 27 27 16 14 27 28 1 20 23 3 13 6 3 8 10 7 12 4
14 5 20 0 15 7 27 17 13 12 6 28 17 8 10 6 3 0 24 8 11 12 20 13 26 25 2 18 3 28 29 4 10
5 25 14 7 24 30 17 6 27 15 1 20 9 22 5 30 5 21 4 16 19 4 0 29 10 15 2 16 10 9 18 12 27
2 19 25 6 2 1 8 26 10 15 4 24 5 27 29 10 19 9 10 2 18 10 10 0 2 13 13 26 27 10 2 20 13
30 27 25 12 20 29 19 29 5 29 5 26 11 2 25 14 12 4 27 16 15 16 5 25 0 3 2 19 16 26 13 7 30
3 13 6 20 10 3 24 20 30 0 22 2 21 30 24 20 23 28 29 4 5 25 12 0 2 3 0 16 25 18 29 28 30
18 20 5 7 10 26 8 1 17 18 21 30 27 22 28 16 18 3 27 27 21 8 17 18 24 5 4 28 7 21 18 20 25
8 22 9 15 10 5 26 14 6 18 21 27 1 15 18 14 26 0 18 5 27 23 26 2 26 21 14 25 18 29 26 21 3
9 17 2 6 23 1 2 24 17 7 29 23 24 27 22 20 7 1 15 20 5 12 23 16 6 17 10 9 12 11 23 20 15
14 23 15 2 3 18 3 19 28 0 16 0 21 29 10 27 16 22 2 14 6 7 2 11 2 28 20 11 1 4 11 23 19
24 30 15 9 20 5 30 29 13 10 5 21 15 19 4 28 29 23 16 29 12 16 25 4 14 15 27 21 16 5 17 2 5
20 17 12 29 25 21 17 27 22 14 26 16 24 30 28 9 20 14 11 20 13 6 20 1 9 22 12 2 8 11 14 28 7
20 9 11 25 20 6 23 17 15 12 13 6 13 11 10 15 5 0 1 1 23 8 17 2 4 18 3 11 3 9 21 28 7
11 13 16 26 5 27 14 9 29 0 15 3 19 18 9 25 4 14 9 27 7 29 1 16 18 29 18 0 24 28 27 4 5
1 4 18 6 16 12 17 28 6 28 18 16 8 4 17 20 24 19 25 17 7 17 3 7 10 8 17 1 9 5 5 26 4
3 4 13 11 20 1 0 12 2 16 30 29 6 12 12 22 30 12 27 18 17 17 16 20 26 6 24 11 27 22 6 8 7
28 30 15 22 28 8 22 20 20 3 14 30 27 9 15 9 21 19 16 27 21 27 13 19 16 21 4 29 14 12 9 10 21
27 29 21 5 22 15 15 14 14 27 21 4 15 29 0 23 29 21 2 23 7 28 8 11 21 1 22 22 23 21 24 14 23
26 2 28 15 23 15 13 8 4 17 30 29 19 25 16 23 4 8 3 19 26 14 23 26 7 12 7 24 14 25 14 15 16
12 8 1 0 8 6 11 15 16 15 5 17 3 20 0 12 13 0 22 5 23 21 21 29 19 4 15 17 9 24 26 20 19
29 4 4 26 29 4 0 5 6 3 7 18 1 16 28 13 20 17 27 5 19 20 2 12 8 28 9 10 4 9 14 27 16
6 14 20 18 28 7 13 21 4 19 24 13 3 11 23 17 2 21 28 13 16 21 8 12 20 25 5 22 21 21 17 0 11
18 25 23 2 13 16 0 23 25 19 1 0 30 16 4 26 4 1 26 24 26 30 2 19 11 11 14 24 12 9 4 20 21
21 30 5 3 5 26 6 18 17 12 10 10 20 24 29 14 17 7 20 25 24 27 4 29 14 15 11 24 13 0 14 12 15
9 3 11 9 29 8 15 18 24 24 24 9 3 1 20 6 6 29 13 7 3 12 13 2 9 21 13 13 9 16 26 24 17
17 10 16 13 15 26 4 22 7 5 10 0 16 0 5 18 12 23 28 10 11 25 18 7 18 11 16 7 10 24 12 19 27
23 4 17 20 29 8 10 16 30 16 27 8 6 18 16 29 20 16 10 2 8 0 9 15 11 15 15 1 10 2 24 10 15
28 9 26 5 25 25 23 23 28 11 27 7 23 20 24 20 0 13 18 0 22 23 16 1 20 22 11 6 25 27 24 6 5
30 23 22 9 26 22 11 24 15 17 24 3 3 15 12 22 12 20 13 14 22 17 9 26 16 1 21 15 17 18 13 22 8
2 22 3 2 22 27 16 6 26 9 20 4 21 2 3 16 23 15 3 13 16 15 26 6 13 7 24 8 28 11 11 15 11
8 21 19 17 7 12 2 16 11 25 16 24 3 20 22 22 24 23 1 13 8 28 30 28 27 5 10 4 0 24 25 0 14
10 22 24 26 0 12 29 19 28 24 25 10 10 0 2 30 16 14 22 8 0 22 27 3 11 17 6 23 20 15 16 28 25
29 28 26 28 22 11 4 11 7 29 8 24 13 25 0 11 30 1 19 20 1 25 7 25 23 23 29 15 19 21 30 1 4
