37 37
21 7 2 14 2 0 1 28 16 10 4 7 9 15 16 27 17 29 6 9 22 18 16 11 21 21 4 21 8 14 22 19 16 1 16 21 21
11 25 23 18 28 6 0 11 18 26 28 11 22 19 1 1 26 5 3 17 0 7 30 26 9 24 1 10 15 30 28 2 0 22 15 7 29
3 30 29 22 27 9 2 25 0 25 10 28 1 1 3 2 2 4 27 12 26 21 14 14 0 28 15 12 20 2 27 8 24 10 25 14 9
26 1 25 2 9 6 21 26 28 4 28 19 21 5 1 25 6 19 3 24 17 28 4 6 25 1 13 27 23 14 26 11 4 28 14 29 5
8 0 28 21 1 8 11 18 21 20 20 2 12 2 22 5 1 2 17 2 23 2 9 15 20 22 3 9 29 27 18 18 10 9 19 19 29
8 14 4 4 20 17 8 25 2 0 11 3 26 25 11 25 9 14 9 12 23 14 24 4 20 27 18 6 3 0 4 25 4 13 1 24 2
13 2 12 22 18 23 12 8 21 14 11 2 12 16 19 4 7 4 6 30 5 17 10 19 5 14 21 0 3 26 0 11 16 13 0 8 5
10 28 19 21 27 0 19 1 24 4 10 3 16 14 2 10 14 7 23 19 1 20 3 23 4 4 28 19 26 23 4 28 8 4 0 18 29
15 4 8 10 18 21 8 10 5 30 3 21 23 4 8 10 8 29 0 5 26 3 25 30 1 13 27 23 0 30 16 0 9 10 2 24 9
9 8 14 12 10 14 23 2 11 22 15 5 8 23 21 9 6 14 7 17 30 18 16 20 10 21 3 20 6 25 9 30 16 9 2 4 18
8 27 29 17 5 19 28 13 17 4 25 12 19 17 3 5 15 0 14 0 7 5 9 24 18 26 6 28 3 25 8 22 3 15 9 10 0
11 30 28 11 30 3 26 24 15 25 19 3 2 24 4 10 20 10 3 19 8 17 6 18 12 13 29 24 24 20 22 29 19 17 17 22 13
29 15 3 12 30 21 22 0 27 29 1 8 11 13 5 30 9 16 11 16 1 26 29 8 23 11 23 23 18 6 3 3 28 29 19 17 12
18 3 28 21 27 12 18 22 9 9 12 10 15 25 10 24 25 23 1 6 17 7 23 24 30 5 9 19 4 15 10 23 23 30 8 19 20
7 18 9 3 5 25 27 18 15 18 19 10 16 18 7 25 7 23 3 2 0 25 10 6 1 10 8 1 29 14 3 25 18 15 10 9 17
16 18 12 8 28 21 28 30 30 22 27 18 14 14 21 19 14 1 17 23 3 9 21 6 3 20 28 18 22 29 13 10 9 8 26 9 6
11 6 0 10 5 8 9 25 29 10 0 2 17 30 20 9 11 14 11 24 10 16 8 25 21 1 16 4 29 26 2 30 17 28 9 11 2
1 25 8 16 30 1 29 12 9 17 21 24 6 24 14 3 12 21 2 11 18 10 12 18 10 17 22 27 3 26 6 27 8 22 1 14 17
23 11 7 9 14 7 4 16 20 19 14 12 22 4 10 22 4 18 8 3 17 13 3 9 9 13 26 8 8 18 0 26 23 7 28 9 15
18 14 8 10 19 27 0 24 11 23 6 11 11 20 25 13 14 3 27 19 23 17 29 14 22 26 13 21 12 4 11 2 29 1 20 21 22
28 30 8 1 13 26 19 8 28 29 1 9 0 19 26 20 19 26 12 22 1 14 5 14 9 19 25 14 4 5 17 20 27 23 20 21 25
28 30 28 28 29 29 26 21 19 2 2 30 23 18 23 17 27 0 13 0 9 25 11 19 18 13 14 26 2 5 26 29 30 5 9 20 1
27 8 16 9 16 30 20 27 0 11 14 26 8 19 10 30 19 14 9 7 2 5 22 7 13 12 4 7 9 23 4 28 30 25 1 13 29
22 23 8 22 23 6 23 16 19 15 4 22 8 16 11 15 5 12 3 16 28 27 4 4 17 13 0 3 1 26 30 18 29 5 19 30 7
19 25 19 13 14 18 19 17 3 29 12 12 25 15 22 7 2 1 10 1 7 0 20 2 14 23 24 15 10 26 28 18 27 24 29 22 23
15 5 20 2 17 25 0 14 15 5 30 20 0 24 8 3 29 10 2 16 17 3 2 3 30 23 13 14 12 7 15 10 14 16 10 0 0
17 30 9 2 15 20 1 28 15 4 30 4 23 28 21 20 3 23 4 16 10 10 20 12 24 21 24 0 6 19 19 30 18 15 16 23 22
8 28 6 22 6 2 13 15 20 29 5 28 4 2 1 28 25 0 23 20 21 25 7 28 2 19 13 14 19 22 18 14 27 25 11 8 28
4 6 23 15 21 20 4 13 3 14 4 23 21 0 6 14 29 25 1 12 7 18 2 2 17 24 16 9 4 7 18 21 25 28 1 1 1
6 0 3 18 20 1 24 1 29 2 13 17 7 30 21 1 22 8 21 2 6 10 29 10 18 4 17 29 23 9 0 11 30 0 7 5 18
0 7 17 26 30 23 15 27 4 14 30 21 10 15 27 10 28 7 2 13 0 2 12 14 14 21 6 17 10 24 12 11 27 2 6 8 30
16 10 23 24 20 14 26 23 7 13 11 6 13 26 4 6 7 7 13 21 1 14 21 6 4 29 1 25 19 2 27 22 3 17 15 5 13
0 24 26 9 0 10 5 6 11 28 23 3 4 10 20 15 17 11 7 11 6 25 15 20 25 9 14 4 10 24 9 11 21 23 4 27 8
22 4 24 2 28 15 12 25 7 27 12 26 6 15 16 9 14 13 26 7 21 5 1 12 16 20 30 21 12 30 25 10 5 20 10 5 1
8 14 15 30 25 4 30 11 3 17 28 21 21 21 6 19 25 6 16 9 11 23 5 27 12 3 21 3 4 12 3 26 29 4 2 26 10
14 27 23 15 21 4 17 15 30 6 6 19 9 6 9 30 6 26 19 21 11 11 0 11 19 9 12 11 2 30 24 25 0 14 10 19 28
8 25 11 26 5 30 17 11 8 5 22 28 3 12 4 0 11 17 26 28 14 19 29 15 11 14 27 8 25 8 18 10 14 13 0 16 16
