41 41
15 24 21 9 19 17 9 11 25 3 9 20 18 9 12 16 2 1 25 2 18 30 25 27 6 20 4 21 30 5 1 6 11 18 18 1 6 27 26 16 28
21 7 22 1 25 18 0 29 12 13 28 18 20 13 8 19 10 19 20 29 19 20 24 22 15 28 5 5 10 17 9 29 13 19 8 14 24 22 9 12 16
25 12 19 23 21 21 2 17 6 24 9 18 8 5 14 19 3 25 15 25 5 6 15 16 14 20 20 10 21 21 9 23 30 15 7 4 23 1 5 19 25
4 6 21 27 5 21 29 5 5 9 12 18 4 23 16 12 5 2 10 5 2 30 9 22 11 2 21 19 9 7 23 10 3 29 5 22 0 26 8 23 18
25 28 10 26 0 23 26 9 27 27 21 3 24 16 24 29 29 12 14 20 12 30 23 17 23 4 17 8 11 9 23 11 20 7 12 18 25 2 29 14 14
22 23 7 21 5 19 0 1 0 24 29 22 4 26 2 19 24 11 28 9 24 4 27 29 18 21 13 29 10 4 4 3 11 10 0 3 1 0 28 4 6
25 3 14 30 19 11 30 8 22 11 16 20 19 11 27 7 28 14 11 7 20 0 7 4 11 8 8 8 17 22 7 3 14 12 25 8 22 16 13 11 25
16 21 14 15 15 26 3 0 7 23 5 7 27 11 12 15 24 4 28 1 22 9 18 6 3 21 28 4 2 25 19 12 22 2 2 21 9 27 24 28 1
11 18 19 7 8 12 16 22 7 16 24 21 15 22 3 26 6 1 18 15 23 29 19 8 27 27 5 29 22 14 3 26 7 6 26 25 11 12 20 20 20
1 4 27 0 10 23 4 14 15 18 18 1 27 26 3 29 7 24 15 8 19 30 12 11 12 15 9 30 0 30 28 6 17 30 0 18 8 21 5 2 23
1 12 16 28 0 4 10 26 4 10 30 7 10 23 5 28 30 29 0 30 30 19 14 27 12 23 0 22 20 13 17 14 9 24 12 18 5 13 13 17 19
11 18 28 12 2 18 4 29 16 27 15 24 13 7 14 20 21 8 23 5 21 0 21 16 19 4 18 16 9 13 14 10 11 21 22 9 23 15 26 13 24
7 23 6 0 14 14 28 23 7 8 3 2 15 29 3 16 7 20 24 9 25 6 5 14 5 19 22 22 6 7 14 11 10 12 10 4 3 15 15 10 19
19 27 12 20 0 21 16 11 6 23 8 26 14 11 24 12 14 0 23 0 5 11 25 14 11 17 14 18 17 1 17 14 13 4 20 6 10 15 27 6 4
0 10 9 0 8 9 22 13 0 2 16 25 0 13 29 29 2 6 8 3 25 24 29 30 18 25 4 29 16 16 18 2 24 18 2 23 26 4 21 10 22
6 28 16 3 7 5 6 4 27 6 0 2 5 5 7 8 5 9 2 22 12 7 23 25 15 9 0 7 19 5 6 12 2 27 15 5 8 15 0 23 9
14 19 3 12 18 10 29 28 23 21 3 23 15 17 14 24 2 4 21 20 12 5 30 10 15 25 5 27 10 25 23 7 1 19 17 29 2 29 19 14 26
10 1 22 10 3 12 15 19 11 27 7 23 4 8 10 6 25 30 24 22 5 26 22 29 12 14 19 7 20 27 22 19 2 15 8 28 27 5 6 11 13
6 26 3 29 24 1 8 18 1 12 30 27 27 16 14 0 29 10 26 24 22 19 12 4 21 4 20 0 30 22 12 0 8 19 15 28 18 9 3 25 2
1 16 5 7 14 27 26 0 0 29 29 12 30 30 28 15 7 20 11 12 17 25 26 0 24 17 16 8 18 18 20 13 18 23 16 22 10 10 23 8 27
20 20 10 10 16 12 13 12 7 1 12 21 23 19 3 22 14 25 17 25 16 13 22 22 20 18 28 19 13 1 1 11 28 24 16 30 25 25 18 19 26
16 13 19 7 17 13 6 12 24 24 1 11 17 3 3 20 7 18 18 16 4 28 19 24 23 17 27 0 15 12 30 1 16 29 4 17 29 14 12 8 15
9 26 0 4 23 15 14 1 17 0 16 13 10 27 29 16 27 26 23 18 7 30 25 0 24 13 23 5 12 21 23 20 10 10 20 28 25 27 14 2 0
8 12 16 29 17 16 16 10 11 26 16 13 14 0 22 29 17 27 4 21 2 11 7 8 21 2 29 8 18 11 23 7 30 26 4 5 25 4 4 15 16
20 27 18 15 2 20 23 29 16 5 14 30 26 8 1 3 30 6 12 20 30 30 14 4 1 28 13 12 9 9 30 2 25 29 21 20 29 26 6 29 8
21 2 7 15 10 2 17 26 29 30 24 30 20 0 0 7 7 2 21 14 26 16 13 30 16 28 26 4 2 5 25 2 2 7 28 6 13 28 16 20 12
17 6 17 17 24 10 10 27 0 14 5 15 12 30 9 28 26 19 28 25 14 9 24 1 11 14 17 18 25 29 29 1 23 1 20 17 26 28 21 24 24
7 9 3 17 14 28 5 0 5 0 19 3 17 13 1 24 7 7 17 14 27 1 6 9 0 27 20 11 12 25 19 28 14 9 11 1 21 26 22 2 23
27 9 20 13 17 16 25 6 14 14 20 30 27 4 24 1 5 6 26 1 10 20 13 28 8 3 7 3 2 0 28 11 10 8 8 19 14 27 2 16 11
7 22 0 28 20 28 1 5 6 11 12 8 9 16 14 21 24 13 10 13 25 11 24 7 22 8 5 12 24 6 19 7 24 9 23 15 20 3 7 29 25
23 29 26 16 25 24 5 5 1 0 19 9 17 14 28 20 17 5 30 22 10 9 14 15 0 4 19 28 26 11 14 26 6 15 4 22 19 18 9 6 13
21 6 1 25 17 14 29 15 23 17 27 12 27 24 0 8 4 26 13 20 16 9 1 3 0 24 26 9 0 21 19 15 11 1 20 9 16 8 0 3 6
18 5 0 7 13 27 28 11 2 1 29 5 19 21 27 11 11 13 7 21 18 1 5 11 0 3 21 2 9 1 20 22 15 23 13 16 30 23 25 21 8
27 1 15 7 12 1 11 17 18 26 0 10 23 4 2 8 28 26 4 10 21 1 14 18 14 11 1 28 8 16 26 26 13 0 21 1 27 19 21 3 21
26 3 7 11 23 2 7 7 22 14 29 3 9 5 30 12 13 2 2 2 16 10 9 13 30 20 24 26 20 2 0 30 3 14 9 8 24 12 15 11 19
0 7 4 16 24 15 8 13 7 4 5 3 18 1 22 2 24 4 20 15 4 8 22 13 27 21 19 14 26 23 28 0 23 12 18 30 3 3 1 24 17
24 6 13 15 26 9 2 30 3 20 2 15 22 23 5 22 8 30 30 29 21 28 3 10 2 17 10 2 3 19 4 2 27 18 1 23 24 3 24 0 11
22 24 7 11 25 4 30 14 21 5 29 27 1 25 11 5 10 1 29 23 9 7 30 6 29 30 5 21 6 16 14 13 1 14 10 16 10 6 20 14 7
22 20 6 23 19 5 25 22 16 29 25 15 20 1 8 11 5 0 16 13 3 21 12 12 18 29 16 15 28 12 1 13 13 14 28 7 20 0 7 10 22
13 24 28 20 5 6 19 12 29 12 29 5 2 12 13 5 9 17 13 25 15 8 19 3 29 22 2 12 10 18 26 10 26 20 0 4 23 17 7 25 26
4 0 16 21 13 12 7 17 3 2 1 10 8 4 27 17 9 23 4 13 22 12 28 4 29 27 3 29 21 11 13 14 14 6 13 4 29 10 7 22 0
