47 47
12 28 4 13 12 8 7 18 1 16 1 3 9 22 17 21 9 6 6 24 6 4 7 12 11 27 25 4 15 18 17 23 9 27 11 0 14 8 4 20 10 14 24 11 25 9 22
17 7 1 26 3 27 4 12 22 10 21 19 12 25 19 25 8 23 17 19 24 23 29 18 21 30 16 20 25 16 27 17 11 1 10 2 15 3 15 12 18 29 17 7 1 4 15
13 28 13 26 5 27 8 13 9 4 16 25 2 21 20 13 0 17 19 8 6 8 24 24 9 16 22 15 2 10 8 22 3 10 21 22 29 20 25 14 18 23 6 27 14 2 5
10 11 30 18 30 18 8 22 10 21 4 6 26 8 15 19 15 14 17 29 4 12 2 28 3 29 5 19 28 18 1 6 25 5 23 13 6 17 21 1 2 27 26 26 20 5 17
1 23 29 15 9 1 24 30 2 0 4 17 14 24 13 8 2 28 18 25 23 3 15 10 24 5 11 13 25 23 16 5 30 15 11 1 0 28 7 10 1 8 27 19 20 0 20
7 16 28 12 16 23 17 15 4 18 23 20 28 12 29 25 8 25 8 27 15 30 26 23 6 22 0 27 2 5 12 12 5 7 28 11 10 12 2 26 18 26 16 6 28 15 20
9 20 1 5 5 11 13 6 0 22 6 28 17 18 4 9 25 29 10 29 8 20 14 18 14 8 30 3 13 13 22 3 18 17 30 5 0 20 27 27 18 9 2 25 29 4 15
8 20 6 4 25 14 5 16 21 12 16 29 10 29 24 21 20 30 1 9 1 4 28 29 30 19 15 6 28 16 21 26 4 16 3 25 12 27 2 15 22 28 3 4 19 20 9
9 30 17 20 26 4 18 20 2 24 5 19 6 11 29 27 29 9 23 22 0 11 3 22 3 10 26 6 21 17 17 5 16 14 15 17 4 5 13 1 6 8 20 8 6 30 21
4 21 15 0 6 20 0 4 14 14 1 12 6 0 11 22 26 14 14 15 26 8 26 18 3 8 13 30 11 7 24 21 9 22 9 20 16 13 12 10 2 30 7 19 26 26 8
24 28 24 23 16 14 5 16 18 28 5 22 4 19 22 3 17 26 15 15 8 5 18 28 24 5 17 23 15 29 15 23 9 9 25 9 16 22 6 9 18 6 27 22 4 3 2
5 21 24 16 8 23 20 12 13 29 0 11 19 3 2 14 29 11 11 28 3 22 11 26 17 7 13 17 27 24 15 28 18 26 25 5 17 23 19 21 11 15 20 13 1 2 6
8 26 2 16 9 28 22 16 15 11 26 25 24 24 28 4 23 13 8 14 22 12 7 22 5 19 22 30 6 28 13 5 20 11 26 25 17 20 23 0 8 5 4 28 28 26 28
1 7 1 25 13 13 25 11 18 18 10 22 20 17 2 28 20 30 12 23 12 28 28 29 2 14 26 1 15 12 21 26 16 25 30 3 5 26 18 16 29 1 28 27 3 7 14
14 2 27 18 4 5 21 5 26 14 6 21 6 11 16 10 6 12 27 8 18 16 2 10 2 2 19 21 29 17 27 1 26 0 20 24 7 3 14 17 10 3 24 18 13 17 2
16 19 6 2 0 15 29 12 5 5 5 5 18 9 17 12 21 3 27 19 25 0 15 25 0 30 23 21 22 3 26 30 25 23 6 6 6 7 25 11 10 17 24 2 16 29 14
23 16 9 25 7 6 9 30 13 7 22 11 10 8 2 19 9 1 30 27 5 9 3 9 17 3 5 10 17 18 10 19 20 25 28 23 22 21 27 20 19 17 19 11 10 20 9
4 0 14 25 28 15 21 9 1 12 21 6 17 21 18 7 23 11 1 11 26 8 10 10 18 5 23 14 15 13 22 0 1 5 18 23 22 13 18 7 23 24 16 1 13 3 2
5 1 18 21 24 15 27 30 23 27 16 28 22 14 8 28 28 30 22 19 9 11 20 21 9 25 0 0 12 23 28 3 14 11 8 11 8 25 17 16 3 11 15 28 14 27 1
14 9 1 1 2 11 21 13 4 9 28 26 2 11 23 0 6 1 19 6 23 6 15 5 19 5 8 20 28 1 4 22 7 4 13 19 28 21 20 4 0 6 28 28 25 29 17
18 14 4 18 23 23 19 8 26 26 11 17 0 7 27 17 2 4 30 6 2 19 24 18 11 23 4 28 12 17 11 1 19 7 26 13 5 13 14 29 23 20 4 9 24 2 27
24 21 18 9 26 7 24 6 21 25 3 27 11 9 8 1 3 19 4 25 15 27 28 29 26 21 15 25 22 20 18 3 19 3 1 2 4 21 14 11 23 10 19 26 18 0 20
26 5 10 26 22 24 1 21 14 1 6 25 11 6 30 15 2 9 15 4 20 9 5 30 5 4 29 2 16 22 17 19 6 18 7 20 8 1 20 21 18 21 10 11 7 12 23
8 22 13 30 9 2 25 7 28 11 18 0 4 10 19 12 4 7 9 19 12 24 16 11 13 20 24 24 7 15 11 22 6 23 3 4 20 28 12 4 13 26 15 19 16 19 17
16 15 12 26 7 11 17 1 23 28 18 29 26 27 4 8 3 19 2 4 26 7 7 28 9 3 29 27 7 2 12 8 11 16 27 23 6 5 27 23 4 9 6 3 9 13 2
2 27 15 15 7 11 7 7 27 11 15 28 20 29 2 4 7 2 6 26 28 6 3 27 3 9 22 10 7 13 3 13 15 0 18 11 2 24 13 8 27 16 12 22 7 3 9
4 27 12 25 30 10 8 14 20 16 3 2 8 29 16 0 6 27 15 27 10 10 21 22 10 14 27 4 1 12 29 16 10 3 18 0 30 1 11 16 25 18 5 23 21 23 7
12 28 2 17 20 8 24 3 8 14 6 21 23 12 0 2 24 16 21 18 2 8 28 18 13 25 16 28 3 16 28 14 30 12 27 27 19 26 18 17 29 11 18 8 0 14 12
23 19 12 24 11 24 30 8 17 2 9 28 6 12 26 0 29 1 30 22 7 12 22 12 16 5 2 20 20 14 28 6 27 2 28 27 7 9 28 0 25 13 20 16 7 6 26
28 20 7 24 6 0 18 0 30 9 14 10 6 12 10 0 0 1 12 23 3 12 24 23 12 26 30 1 26 16 30 4 8 1 8 5 25 17 22 7 0 18 15 29 29 25 13
25 15 26 3 4 23 3 24 22 9 20 1 24 12 16 28 21 29 25 29 12 9 20 22 6 19 1 2 20 2 28 11 29 30 3 22 26 28 30 18 29 0 2 0 11 13 18
22 11 30 10 15 9 21 25 19 25 30 0 30 18 29 14 18 11 13 21 22 2 18 26 9 12 8 29 6 27 16 6 19 13 16 16 5 9 2 1 24 30 12 15 21 24 21
13 8 20 29 14 18 13 1 13 10 1 3 18 5 28 27 1 22 18 1 22 7 14 28 3 6 28 20 17 13 22 4 17 22 17 19 13 17 26 2 29 12 5 20 24 17 24
15 15 28 15 15 16 27 28 0 18 21 0 21 22 28 22 17 0 5 18 7 0 22 16 6 21 15 0 20 11 30 27 5 7 20 4 16 9 19 22 14 13 15 28 29 24 4
20 7 20 18 20 0 19 8 21 3 6 0 22 28 7 24 1 7 4 17 2 22 23 10 26 2 4 26 18 12 0 6 11 10 21 1 16 28 1 27 19 10 12 14 13 11 0
6 12 0 5 17 14 13 25 22 28 9 7 12 0 7 14 9 21 8 28 30 25 27 8 22 27 8 2 14 18 15 15 6 26 23 0 24 15 27 18 7 10 3 6 29 16 20
9 21 3 8 16 25 21 10 12 29 18 28 1 22 2 27 21 5 5 24 24 9 30 9 7 11 2 5 26 12 23 23 22 22 2 9 1 19 30 7 5 14 12 1 7 14 14
4 28 27 30 0 8 19 30 9 25 29 29 28 23 29 16 25 22 20 6 21 30 8 16 12 11 27 24 20 26 1 2 10 6 30 21 22 20 21 8 17 16 8 12 19 18 30
14 27 3 2 3 11 11 9 1 7 26 12 17 27 19 1 3 10 6 17 9 9 13 19 8 5 15 3 3 15 27 21 27 30 16 18 17 14 7 5 19 4 30 17 27 29 8
19 1 21 1 29 18 1 2 0 1 16 17 23 7 21 16 22 18 24 2 18 28 24 12 29 24 19 5 7 7 3 5 14 3 18 28 8 29 30 15 13 8 8 8 18 14 6
9 27 2 20 17 30 0 28 15 18 17 6 12 8 17 7 25 1 7 18 15 19 5 6 30 23 14 5 7 10 2 2 19 12 17 16 0 5 17 5 2 16 2 23 20 8 24
18 26 19 5 25 8 8 13 11 7 12 11 17 18 2 5 30 8 23 13 27 3 8 21 10 2 0 0 25 20 12 17 21 3 17 0 26 23 16 23 13 29 22 5 22 27 30
28 28 29 22 8 21 18 9 24 19 30 2 22 26 29 30 6 5 2 4 17 6 4 3 27 22 24 3 14 23 5 24 5 22 20 26 15 20 27 21 19 11 28 28 30 9 15
19 25 10 14 29 17 9 12 8 2 23 7 16 1 20 24 10 0 18 17 30 29 13 2 3 11 14 5 24 15 24 18 29 23 25 6 24 26 24 21 21 27 8 16 9 30 17
13 11 29 7 21 27 2 1 18 30 12 17 11 18 6 3 27 24 18 27 15 1 19 7 10 13 2 22 4 11 12 26 24 30 19 16 12 3 26 3 18 26 9 25 10 17 8
29 7 3 16 3 26 13 24 15 20 10 18 0 17 9 19 18 25 5 0 8 3 8 28 28 6 14 22 9 12 4 12 18 21 20 28 18 19 17 28 22 17 15 21 4 6 7
10 27 21 0 11 16 10 1 25 26 6 17 24 21 22 12 6 4 2 20 16 10 5 25 26 27 17 29 7 22 3 26 29 1 30 28 7 18 7 11 20 19 6 2 28 10 12
