48 48
7 30 12 21 29 14 4 13 28 25 21 25 17 21 9 23 29 20 10 9 8 16 0 18 14 29 30 10 2 12 3 24 19 8 22 20 19 24 18 19 14 6 12 16 5 24 10 2
4 14 25 22 30 24 9 18 29 15 15 22 21 5 29 7 25 9 25 27 6 25 7 23 23 29 5 12 27 15 30 9 11 7 7 7 9 14 1 18 13 29 22 24 30 9 26 27
3 2 5 7 17 19 8 7 12 9 11 29 6 22 22 19 18 14 10 8 10 1 9 7 23 21 17 20 27 30 20 28 24 1 23 6 11 18 2 13 30 5 1 17 0 28 0 23
3 20 14 12 25 26 22 13 20 6 24 9 24 11 5 20 10 10 13 29 5 11 9 3 9 10 21 21 8 23 16 13 2 15 2 12 19 10 4 15 26 15 24 6 4 22 16 13
1 13 3 26 22 20 28 24 0 10 10 6 19 10 24 11 13 4 1 9 5 11 13 0 15 25 3 14 29 20 5 5 26 20 14 20 30 13 17 13 14 25 18 2 22 1 3 9
10 6 10 21 23 10 8 29 17 10 16 6 27 12 16 12 21 10 30 5 11 14 21 1 0 27 10 7 9 14 24 26 1 12 30 26 28 1 30 10 11 4 10 9 1 23 6 10
20 13 15 16 14 27 2 7 0 2 28 27 11 15 24 13 19 1 25 30 26 21 16 26 21 26 1 23 13 9 22 11 28 15 25 27 26 5 8 24 6 22 1 0 8 18 27 9
21 28 18 14 22 13 1 18 3 11 1 21 25 26 15 26 24 13 1 18 11 21 27 3 24 17 17 10 10 23 6 29 7 17 16 3 21 30 21 30 17 12 9 8 27 5 5 9
26 6 12 11 26 28 11 2 19 6 26 18 2 22 7 0 20 15 12 7 13 3 10 29 29 30 21 25 6 19 29 21 23 30 21 19 20 22 1 28 13 17 29 4 30 9 3 24
9 30 22 26 4 29 1 14 17 25 6 22 29 22 22 9 15 24 0 9 25 1 5 18 29 19 16 21 19 26 27 13 18 20 18 18 17 13 14 4 15 0 7 24 19 15 2 2
1 22 30 26 7 18 6 13 7 18 25 1 25 27 24 14 6 2 3 25 22 6 13 27 24 4 25 22 1 28 9 4 14 16 16 6 15 4 9 24 23 28 13 14 3 20 13 21
19 27 6 29 0 17 27 30 21 0 16 2 9 1 18 18 26 2 4 21 30 4 10 18 15 15 23 22 30 29 27 0 18 11 0 20 17 14 19 7 23 21 1 7 16 8 10 9
19 26 1 25 5 7 16 12 22 0 24 16 21 24 27 4 9 6 28 20 17 23 19 19 1 27 19 18 13 10 30 10 26 18 29 11 24 17 22 5 14 1 22 21 8 26 1 17
29 11 7 11 28 13 8 9 19 25 18 6 21 10 6 26 4 3 19 10 23 20 4 21 1 17 13 7 22 2 8 18 23 0 18 6 20 0 24 29 6 7 22 13 0 25 9 5
20 11 10 23 8 23 17 29 15 17 22 18 29 5 23 21 7 18 29 22 30 24 5 6 12 13 5 22 16 21 15 15 13 2 24 19 10 21 27 27 6 14 18 8 20 10 5 24
24 4 10 9 25 26 11 2 21 30 4 0 19 21 27 5 6 30 23 5 17 22 4 16 16 26 24 18 23 12 26 7 30 2 17 17 24 1 12 27 10 27 0 26 22 2 29 20
4 30 16 10 20 9 26 0 5 28 4 13 10 26 14 28 4 19 5 14 9 8 5 12 10 6 22 5 11 22 15 25 2 15 12 24 21 29 4 25 26 8 13 9 23 25 25 28
14 24 10 25 3 17 30 15 6 3 29 28 1 28 13 12 15 6 17 20 24 0 14 16 4 11 11 23 15 14 2 17 0 0 24 1 27 3 4 10 22 22 4 2 2 23 25 30
20 22 2 9 9 28 19 19 22 30 23 3 27 29 17 7 9 9 17 29 16 16 0 13 23 24 19 23 11 6 16 11 29 11 16 19 14 21 5 18 29 6 9 13 22 24 23 21
4 17 29 2 2 9 28 1 5 5 5 3 30 7 10 22 27 12 22 27 3 15 25 20 17 10 6 14 5 16 16 4 19 17 19 10 8 17 30 1 29 21 22 21 9 15 14 28
16 21 24 22 10 26 8 4 4 9 4 23 4 4 15 17 14 9 18 23 14 29 20 4 26 17 21 10 7 2 23 13 13 1 22 17 5 23 21 0 26 1 4 27 9 10 30 4
15 14 15 5 20 20 21 5 6 22 0 13 9 1 27 20 28 4 14 15 8 15 17 26 5 22 22 14 24 5 2 6 11 21 12 11 30 20 19 12 24 23 2 14 6 22 15 9
2 21 17 15 15 18 2 28 1 12 21 12 23 11 5 17 22 10 0 13 20 11 3 2 2 26 20 29 15 17 14 16 11 25 2 30 5 2 22 28 1 3 19 22 12 3 13 20
17 28 4 7 5 27 23 13 4 9 17 3 20 23 26 7 24 19 14 5 4 12 15 14 8 21 18 27 7 20 18 2 10 30 22 28 22 15 2 16 21 8 20 21 28 10 28 12
28 1 30 22 10 3 27 21 1 8 7 6 30 12 24 28 5 26 11 5 21 2 23 14 22 14 7 24 20 20 0 2 3 14 6 23 3 30 17 21 21 0 17 27 24 5 3 29
14 6 14 2 4 17 29 22 25 21 0 8 11 6 30 13 6 19 9 28 0 10 16 30 10 20 2 26 21 21 18 1 9 20 1 18 20 8 1 8 4 14 12 11 24 27 1 23
7 12 30 2 19 0 3 15 29 12 30 15 13 12 0 8 30 28 20 11 12 25 28 11 12 18 12 9 2 16 28 17 16 3 6 24 24 10 22 11 23 22 18 25 14 19 20 4
8 1 23 26 9 19 19 16 11 28 12 26 11 11 28 21 9 29 28 12 22 10 3 18 17 3 2 24 6 23 7 21 5 13 10 2 16 11 8 8 16 6 25 18 5 12 19 11
19 20 2 26 16 17 18 20 27 7 25 17 25 28 0 20 8 9 10 19 0 11 23 21 12 29 16 6 29 6 19 10 2 15 19 0 9 25 17 16 5 3 3 19 12 22 7 14
24 6 3 15 12 6 5 6 0 0 19 9 22 4 16 22 25 20 11 5 23 13 9 17 24 18 26 9 3 14 14 6 5 14 24 3 16 19 7 6 9 30 10 20 10 1 19 11
3 16 16 7 12 8 14 14 5 4 12 22 12 20 30 4 7 3 20 29 18 10 0 14 25 10 2 14 16 23 21 23 19 14 1 24 10 8 7 15 1 14 1 23 23 17 7 15
11 6 19 27 5 29 18 2 29 16 5 29 6 13 19 20 1 16 4 23 5 22 20 15 2 9 13 8 15 28 28 27 10 10 9 7 22 11 26 8 9 28 7 9 3 21 23 20
13 7 1 3 24 13 16 13 15 21 25 15 7 18 13 3 22 13 9 23 1 28 14 12 8 13 2 25 18 0 29 8 1 15 16 14 3 23 23 23 3 11 0 2 29 24 5 4
19 24 7 24 22 23 7 23 8 14 30 22 5 7 19 8 29 28 26 26 21 12 11 2 23 17 11 11 23 0 7 23 21 11 29 7 1 21 19 15 3 28 28 7 26 18 25 23
29 23 2 24 15 1 2 27 8 15 30 1 23 16 24 7 9 11 27 13 17 21 30 29 10 6 14 21 20 21 30 6 14 6 13 13 25 27 1 3 27 15 8 1 25 13 5 2
22 14 0 14 20 2 17 14 4 13 8 19 22 28 11 19 0 21 14 8 13 5 17 29 21 16 14 16 13 10 20 2 7 22 30 5 20 0 22 5 24 11 26 16 27 9 8 21
23 17 6 30 9 18 13 8 20 10 4 2 27 25 16 21 23 8 19 6 2 0 8 0 15 26 29 16 12 27 30 20 15 18 13 2 17 1 18 8 8 21 26 18 10 16 15 22
2 24 26 29 6 3 26 9 11 15 24 17 23 2 0 29 6 27 3 11 5 18 12 14 13 26 18 25 5 14 1 11 19 2 1 5 6 10 2 15 1 3 20 5 9 7 28 19
19 19 28 8 26 1 5 20 20 11 17 19 30 9 26 6 1 8 6 10 15 23 29 23 1 9 18 14 17 26 0 14 23 3 5 19 1 18 14 17 28 6 3 21 6 29 11 8
12 9 9 7 24 14 29 4 3 10 5 30 14 16 20 20 27 0 23 14 12 2 3 6 0 8 16 24 15 9 20 0 12 11 11 17 8 17 3 18 0 3 12 22 2 17 30 3
22 18 5 21 7 1 6 12 1 9 11 15 9 16 8 22 9 19 14 3 29 9 9 5 0 21 29 26 23 11 6 6 7 12 30 1 11 28 29 2 23 24 28 25 17 25 9 26
9 28 24 23 23 15 20 5 4 30 26 12 6 11 24 24 17 9 25 19 16 24 19 12 17 3 22 11 25 13 8 8 12 13 2 16 6 17 15 13 1 10 27 11 21 19 28 3
22 24 20 25 24 7 13 3 8 1 7 25 24 7 7 23 14 27 22 1 5 20 7 17 28 8 25 13 23 9 12 20 13 9 12 28 27 21 4 24 4 21 22 8 1 24 17 27
30 30 13 14 6 12 3 1 19 6 13 25 27 30 24 5 25 10 23 28 17 5 30 26 5 18 21 5 16 9 11 18 9 2 13 7 17 27 16 4 12 17 28 7 9 8 10 16
18 25 27 8 29 6 5 14 1 10 12 13 8 1 7 26 6 14 15 9 27 4 9 10 23 11 14 24 22 30 7 6 29 14 6 29 28 27 5 14 29 4 30 21 27 28 22 12
15 12 24 21 6 22 26 13 26 10 7 30 17 7 20 0 4 20 10 18 22 2 28 15 28 6 2 24 27 25 14 27 9 1 14 20 15 19 12 12 30 23 13 26 16 29 28 0
25 1 13 6 19 10 26 5 26 27 29 8 6 9 11 24 12 14 17 9 13 12 18 25 8 11 8 9 27 4 12 5 5 0 19 9 8 17 18 26 13 21 1 1 12 12 2 21
0 4 28 2 9 5 15 26 10 9 25 3 25 11 19 8 19 14 16 28 12 0 10 14 17 22 23 26 7 13 27 20 6 11 14 25 18 18 19 5 27 30 8 2 10 23 29 1
