57 57
14 4 24 6 21 28 0 5 13 15 18 18 7 28 10 17 6 26 13 20 17 7 23 16 22 18 9 22 16 1 27 24 20 23 28 18 12 24 20 21 11 27 9 29 4 14 28 12 28 7 28 4 23 18 27 21 12
8 14 22 12 23 21 13 22 14 30 5 2 23 2 8 19 9 16 19 8 0 13 13 25 11 3 21 30 5 10 24 30 23 15 28 27 26 17 27 9 10 22 7 30 15 10 27 2 24 2 15 21 15 5 0 10 13
19 16 18 26 1 27 6 5 20 26 30 13 7 9 3 13 12 13 14 25 27 28 24 2 25 15 21 26 3 25 24 24 24 7 7 24 1 11 11 14 15 16 19 8 12 13 7 10 0 25 1 27 22 22 1 8 19
12 12 5 13 18 29 7 7 13 23 7 16 8 6 4 26 4 21 8 5 26 28 6 15 15 20 25 8 27 10 29 4 0 15 22 30 8 10 2 25 21 27 27 15 23 14 5 21 8 23 18 1 28 26 24 2 1
13 17 23 6 22 29 16 14 29 26 10 5 7 8 29 13 3 19 1 30 12 4 1 2 27 13 27 29 11 17 7 29 19 29 27 30 13 12 28 6 4 0 1 16 23 24 26 27 10 22 30 16 6 25 27 3 11
21 9 14 13 3 6 20 7 5 4 19 7 5 18 26 27 10 17 0 15 18 30 30 27 22 25 24 20 6 21 30 26 26 29 9 12 29 25 4 14 5 27 22 19 26 16 16 23 17 10 15 30 22 29 12 17 16
17 15 24 21 25 3 16 8 14 7 24 26 16 17 24 9 17 11 28 23 23 23 2 30 13 9 7 14 1 18 27 10 30 13 2 9 12 29 26 9 20 7 28 28 24 14 5 8 11 12 2 12 30 5 10 10 18
15 22 23 30 26 22 0 28 25 5 5 16 27 24 22 11 13 8 9 8 24 30 15 16 13 14 23 24 20 29 16 16 24 18 24 1 5 17 3 14 0 24 24 29 9 5 9 30 27 23 27 10 26 3 13 9 24
25 20 6 27 7 23 21 9 17 2 10 24 10 8 21 2 8 23 25 25 23 14 23 8 29 30 25 21 28 19 20 4 1 1 16 25 21 0 5 13 1 13 19 16 28 12 11 14 4 8 22 3 9 9 17 27 0
22 23 29 9 2 11 22 11 4 24 7 17 20 4 18 6 16 18 7 15 26 15 12 1 14 1 23 22 3 0 10 29 16 27 17 7 23 4 3 23 25 27 19 19 24 27 19 8 27 7 12 23 12 11 22 10 17
28 30 21 4 22 1 9 21 8 28 12 25 12 18 15 13 25 30 19 21 4 21 3 21 15 25 10 28 2 15 17 11 20 22 7 10 4 20 22 2 4 24 30 17 26 15 24 24 20 6 22 17 15 30 25 25 30
13 11 21 21 11 16 18 19 4 26 15 20 28 18 1 12 27 22 18 10 7 11 1 20 19 11 19 3 30 16 22 3 22 13 30 18 27 21 0 8 0 28 7 15 30 4 28 25 30 6 14 14 27 8 14 22 12
23 16 23 0 8 13 2 1 20 24 16 20 17 5 3 10 1 15 23 7 26 22 30 6 0 15 28 6 29 7 22 12 27 7 9 30 29 0 29 3 8 21 17 10 21 1 30 22 6 8 29 24 2 2 20 29 11
27 11 22 19 1 30 24 9 19 11 22 30 14 21 13 3 19 19 28 7 9 12 6 17 6 6 10 14 1 23 29 4 11 15 25 7 4 7 11 23 1 0 5 15 7 8 23 3 10 21 28 7 14 11 4 5 10
25 23 22 20 23 30 11 12 10 9 24 23 26 17 4 4 8 13 26 12 25 7 17 26 26 19 3 6 29 8 7 23 20 17 13 19 23 0 3 2 25 20 1 22 22 5 2 2 25 27 5 8 14 3 17 2 21
4 21 17 29 23 21 16 21 5 6 0 24 24 17 13 7 14 27 6 25 0 14 14 17 20 9 24 28 11 1 5 26 17 25 18 23 10 5 12 29 6 28 29 10 27 3 6 24 20 22 28 6 0 29 23 0 25
18 29 16 26 21 14 22 5 8 5 1 0 21 26 7 30 12 5 26 24 14 24 4 28 0 24 12 6 12 7 16 7 18 18 20 19 11 18 16 21 6 26 14 22 2 23 8 27 15 1 9 3 3 16 1 26 9
15 17 6 18 2 7 5 28 20 28 18 20 30 25 19 5 22 12 21 5 29 15 15 0 1 15 28 22 3 5 2 9 15 0 18 15 16 4 30 12 15 26 1 10 17 16 29 3 12 0 5 30 29 12 26 7 18
22 27 16 0 19 2 1 21 28 13 10 23 3 18 11 24 7 2 18 23 8 8 20 19 23 24 20 10 23 17 27 18 5 18 18 18 22 27 9 15 3 7 1 3 1 25 20 9 10 25 12 26 2 14 17 16 7
22 20 26 8 19 27 13 18 0 30 22 12 7 23 21 20 4 29 5 4 23 20 11 3 23 18 24 16 3 23 4 19 23 2 23 13 30 9 13 23 8 19 6 23 9 8 16 9 27 22 19 7 17 6 12 16 18
16 3 12 7 19 15 3 18 5 8 28 18 13 21 3 8 2 24 11 12 27 28 26 20 0 5 16 10 24 22 10 9 25 6 17 10 3 10 14 17 29 10 2 16 18 25 27 12 10 5 5 5 27 15 3 26 3
27 23 9 3 10 26 16 24 27 10 22 1 6 0 29 29 18 0 6 2 10 19 30 29 0 6 30 8 28 7 28 1 15 23 4 15 15 20 28 12 23 2 27 16 9 16 5 28 12 17 14 7 9 4 4 18 17
12 2 14 16 19 25 18 25 10 9 14 9 21 12 4 28 10 16 10 19 2 15 21 13 23 12 16 13 0 4 19 12 29 24 26 8 8 12 10 18 21 27 25 5 18 15 4 29 10 25 27 12 19 9 9 22 11
28 1 18 0 23 4 21 21 13 15 25 16 14 20 29 26 29 20 17 15 24 8 0 13 15 13 1 5 4 11 18 17 1 2 30 2 11 5 0 10 7 10 25 8 11 8 4 15 23 21 30 25 22 2 0 4 12
19 12 13 12 19 30 8 0 7 29 3 30 23 17 10 15 4 25 28 8 30 27 23 10 20 28 26 11 19 1 14 16 17 18 25 11 10 10 1 27 4 14 6 30 6 19 24 7 13 18 2 18 21 28 4 27 28
4 26 16 25 25 18 18 7 24 16 15 26 5 10 25 17 12 6 23 1 10 7 22 26 28 15 27 26 22 25 3 15 18 28 27 30 3 10 11 10 21 1 1 3 17 21 27 5 27 14 1 30 18 21 2 6 13
13 24 20 20 28 16 14 17 12 29 9 17 8 4 0 9 19 15 14 4 30 5 10 23 6 30 18 11 11 30 24 26 19 9 7 19 8 25 6 26 19 3 4 30 28 11 16 1 18 13 19 2 28 1 12 11 23
29 19 23 2 7 24 30 19 11 24 17 9 7 25 30 13 2 27 10 22 11 15 30 8 19 27 22 20 30 4 13 17 0 12 4 27 28 0 1 24 5 19 24 22 19 16 24 4 10 8 5 4 16 23 17 3 3
17 12 20 30 14 11 0 23 4 12 23 3 3 26 10 1 14 15 10 22 0 9 10 24 12 1 18 4 25 3 16 24 14 0 24 23 11 19 24 26 28 14 11 0 14 18 25 20 7 25 10 30 15 27 26 11 14
12 15 13 7 8 10 20 7 10 20 9 28 0 25 13 11 5 5 17 27 6 13 10 12 9 3 4 1 6 4 11 17 20 9 1 18 24 2 22 22 29 8 3 22 0 12 3 25 13 0 7 30 28 26 30 23 12
12 16 9 6 28 22 6 30 11 24 5 26 16 6 26 26 16 1 6 9 10 3 27 3 1 17 6 15 5 23 13 30 15 30 12 19 17 7 30 3 22 6 6 4 17 2 9 23 5 29 28 25 0 26 1 26 0
15 2 3 15 17 29 17 23 27 9 24 9 25 30 10 2 28 20 9 23 22 13 14 10 9 1 20 22 7 19 16 5 10 19 7 21 21 4 24 17 24 13 9 30 6 19 6 0 17 10 8 15 17 27 11 12 0
19 10 28 20 9 6 4 12 2 22 8 18 6 2 16 13 16 28 11 29 27 3 30 19 6 13 9 8 5 2 9 23 23 27 20 7 14 16 3 12 16 15 5 27 14 25 2 15 30 5 15 15 5 24 23 9 21
16 12 9 7 4 14 6 25 28 8 0 15 28 5 22 26 21 19 22 3 5 27 0 11 25 21 28 13 22 25 27 23 26 30 12 11 25 12 30 5 11 29 13 16 27 20 14 0 27 30 20 6 18 13 19 1 26
15 3 5 14 30 24 2 20 29 7 13 16 5 11 25 1 24 3 4 16 8 24 24 24 19 20 6 13 27 27 3 28 15 1 23 3 26 28 15 0 7 6 5 4 28 9 25 9 29 0 30 23 20 12 9 12 13
22 17 22 13 24 6 3 17 24 15 19 26 16 13 9 14 24 2 25 17 25 4 24 22 14 17 21 6 17 30 3 6 13 21 24 26 25 30 29 14 2 15 5 20 9 27 25 21 24 10 26 27 10 0 23 9 11
3 7 25 17 11 26 9 14 30 19 29 28 1 26 23 10 28 17 30 15 3 29 25 24 21 24 23 15 27 17 22 3 18 21 8 19 8 15 17 11 3 7 9 10 1 17 25 16 12 14 27 13 15 7 20 12 2
0 8 25 16 15 3 1 12 25 5 3 16 4 30 16 0 5 9 5 10 3 19 29 8 21 21 24 25 17 2 13 21 25 2 26 1 6 4 10 18 4 19 3 24 17 4 21 26 5 5 30 10 19 18 21 24 17
24 18 20 22 8 4 30 10 6 5 5 26 11 14 24 26 25 19 23 3 16 25 10 3 4 2 18 28 18 4 5 4 1 10 0 8 26 18 23 29 5 19 9 30 26 4 19 7 11 4 1 7 21 27 17 1 1
14 23 1 3 5 2 21 26 9 13 17 29 22 21 3 23 0 15 10 1 1 3 2 25 26 9 11 16 30 5 9 27 28 20 10 2 11 6 18 12 8 16 27 27 29 0 5 9 25 15 7 24 16 23 15 15 8
9 8 26 0 18 27 25 7 17 15 27 12 5 10 19 29 19 9 12 10 18 30 26 29 27 21 21 6 17 24 3 6 21 2 14 19 22 11 9 14 16 2 13 8 0 28 17 24 19 26 5 24 5 2 21 28 20
18 7 19 8 3 6 26 17 14 11 0 0 17 30 14 11 19 3 0 12 22 9 11 21 28 8 25 26 26 26 6 5 15 17 1 20 27 7 5 5 10 17 21 0 18 22 30 3 1 20 20 16 30 21 10 28 12
21 13 12 15 16 18 18 19 24 27 23 19 26 12 10 9 15 29 1 11 13 1 18 19 11 24 26 20 11 2 4 21 12 22 24 0 25 8 27 16 4 26 11 29 24 10 0 24 27 10 1 5 25 14 19 19 5
9 15 11 19 17 29 0 15 3 29 3 6 3 14 11 14 26 21 21 20 6 4 25 27 10 25 0 13 3 27 9 1 17 13 30 2 10 23 18 17 8 3 5 10 2 12 24 7 23 21 19 8 6 28 20 26 25
18 14 8 18 1 7 27 8 7 1 14 22 20 29 29 21 1 23 8 14 29 4 22 5 25 14 17 9 28 27 17 7 5 27 7 15 11 20 17 20 10 5 20 28 29 12 14 13 26 10 25 12 23 6 30 8 14
4 29 12 24 2 15 16 18 17 25 13 30 19 23 15 20 23 27 28 22 0 27 2 0 6 20 5 4 9 28 8 0 27 20 4 16 18 6 6 1 5 6 14 7 6 7 21 11 9 22 28 13 18 11 7 13 22
14 16 6 8 0 29 11 14 20 16 30 29 30 26 25 16 0 14 24 24 20 5 20 8 7 12 26 22 4 25 12 0 16 29 3 28 1 23 0 22 29 22 27 24 26 13 30 7 14 7 16 22 8 23 13 26 19
15 0 30 30 29 21 29 17 23 7 22 15 7 20 2 18 6 5 1 12 13 12 24 17 16 19 17 29 22 11 22 25 30 23 30 8 10 9 30 8 1 21 16 16 21 7 26 28 4 0 16 5 15 29 0 20 7
4 28 12 6 16 3 13 19 17 15 23 14 20 14 20 13 13 24 1 30 12 3 11 13 8 26 3 11 17 25 17 15 1 25 29 9 25 1 7 3 4 1 28 29 21 5 13 7 20 14 22 2 14 2 5 18 14
5 23 16 11 12 13 8 22 5 11 15 12 9 8 22 0 30 27 20 1 25 4 18 15 6 25 21 18 9 3 25 28 23 21 10 30 2 25 8 20 2 16 29 24 14 2 21 12 5 9 29 18 24 30 6 7 7
27 6 22 29 3 8 23 18 24 19 19 24 29 4 22 2 28 30 27 30 4 14 20 14 0 8 12 25 6 17 18 0 25 6 4 28 23 6 10 2 22 20 30 24 27 24 26 11 6 11 12 19 28 11 25 13 29
15 26 15 1 12 8 0 17 27 17 18 1 19 26 12 18 21 4 1 16 17 11 15 0 10 25 22 0 17 4 10 7 24 0 14 14 3 24 27 15 16 2 8 11 3 27 6 14 28 23 4 3 19 2 3 4 3
16 11 18 21 4 30 11 27 21 1 26 4 9 11 11 29 7 1 6 2 10 26 2 11 5 14 30 12 13 5 22 12 19 30 12 24 23 22 5 21 1 7 15 6 9 9 17 30 6 6 4 4 10 30 1 29 7
17 3 8 16 1 10 8 19 25 23 1 17 19 2 5 16 25 0 6 29 17 23 11 29 1 19 10 28 14 2 10 16 9 1 30 20 12 23 20 9 23 2 4 8 21 0 9 27 20 7 20 8 20 4 27 30 26
18 23 19 25 29 2 12 29 12 22 5 26 4 12 17 12 24 27 18 20 19 15 29 12 26 16 26 18 16 6 5 29 17 15 2 6 10 4 4 7 3 3 11 12 23 4 16 8 23 18 23 28 1 13 30 20 15
1 7 4 5 8 10 4 9 16 14 29 19 29 12 4 5 3 8 28 2 16 0 5 17 29 8 27 26 0 8 2 5 18 27 14 29 12 24 22 29 22 29 2 8 1 6 29 7 12 30 5 17 26 15 0 15 23
12 15 7 5 19 26 28 8 12 4 29 1 6 3 23 26 23 14 12 2 16 15 29 4 21 26 13 5 22 15 0 24 10 19 21 4 23 5 10 25 10 21 21 12 21 0 2 17 24 13 29 22 20 3 24 17 9
