59 59
22 25 0 22 19 0 21 30 18 28 24 17 16 2 5 9 15 5 29 6 20 22 27 27 10 13 14 17 12 16 27 23 22 27 1 10 23 2 22 0 5 23 16 13 17 2 29 24 8 23 30 5 15 23 3 27 2 5 5
13 24 10 24 24 1 17 27 24 12 15 12 6 21 18 1 4 29 7 10 20 8 25 5 24 12 11 18 18 4 9 20 27 23 9 14 19 8 12 10 20 18 12 5 17 14 20 5 25 28 1 18 0 5 22 9 16 10 13
17 18 20 22 13 4 9 9 0 23 16 30 17 16 24 27 6 14 7 26 17 3 15 20 17 27 20 23 19 9 28 21 13 12 26 15 16 29 28 2 18 10 12 10 4 30 24 8 0 25 30 20 24 19 12 0 9 3 15
24 15 9 14 3 27 6 12 13 19 9 3 6 27 7 25 18 29 29 27 19 7 24 20 18 13 17 4 24 29 10 13 5 20 13 27 18 11 21 24 17 18 21 1 27 6 12 25 9 27 23 21 20 11 28 30 5 13 14
3 29 7 30 25 12 12 19 8 8 28 4 28 29 28 7 1 2 4 27 27 27 20 28 28 5 20 24 30 23 5 4 23 0 17 12 24 3 4 6 27 9 9 8 14 2 2 29 16 4 29 27 18 9 2 2 11 6 23
27 17 7 26 13 29 7 24 18 15 3 10 5 11 23 22 22 19 16 4 27 8 5 21 6 2 8 20 21 8 15 7 5 3 15 16 29 4 16 12 29 2 7 2 5 6 10 10 19 3 22 1 10 22 28 14 16 9 25
10 19 24 18 16 1 20 5 17 10 3 1 14 9 21 1 16 17 5 6 4 7 9 25 7 15 10 9 22 14 30 18 27 4 21 30 22 5 5 21 30 12 21 29 19 20 6 22 13 19 10 28 23 4 22 23 18 16 21
8 12 30 2 27 9 25 22 25 7 9 25 6 16 17 25 15 28 20 29 27 16 19 23 29 23 12 28 7 4 9 15 22 8 18 17 4 4 0 25 28 24 26 26 4 28 11 25 14 14 7 26 15 24 6 18 0 19 19
20 7 22 19 28 8 17 27 10 23 23 21 0 29 20 19 16 4 7 0 8 27 28 1 2 9 24 6 21 20 15 6 19 29 26 27 8 30 7 15 27 6 24 10 15 11 23 18 20 30 8 29 30 6 26 17 21 28 8
7 20 26 1 18 20 26 30 7 18 20 18 26 8 2 25 16 29 10 16 8 8 12 20 8 14 20 12 19 27 12 26 19 17 19 16 8 17 2 2 13 16 11 27 22 26 20 4 8 27 30 2 23 22 14 10 28 13 20
17 4 17 29 25 4 16 13 27 4 16 8 6 7 26 7 24 27 4 5 6 0 11 26 7 30 25 5 2 10 5 25 20 8 24 1 15 21 19 1 28 21 17 29 2 22 20 6 23 25 19 6 15 18 21 13 15 9 28
16 5 26 4 15 8 10 11 18 7 9 13 2 22 14 25 3 24 10 17 2 23 2 2 29 16 9 18 11 25 27 12 8 1 18 27 15 0 12 6 2 13 25 13 15 6 1 30 23 16 6 16 8 19 6 12 10 16 30
4 24 30 8 28 7 26 21 20 3 6 9 4 14 26 11 30 8 15 22 13 30 9 30 4 23 28 9 22 20 20 14 5 30 13 29 10 4 27 29 30 4 5 26 5 5 11 19 13 27 12 4 23 29 18 24 7 25 3
12 14 28 30 25 12 16 20 6 15 13 17 6 14 16 22 29 30 18 4 26 3 14 17 7 28 11 19 0 6 22 26 26 19 5 11 20 27 10 0 0 25 27 19 24 16 14 18 12 24 5 16 12 9 0 1 12 13 29
27 22 19 6 5 1 17 7 1 9 29 19 20 26 5 28 25 26 0 24 1 8 11 1 27 9 11 12 12 13 1 4 4 17 13 25 30 15 16 28 22 17 25 13 18 28 6 6 2 8 15 28 29 26 2 1 21 7 28
5 24 20 23 28 23 9 28 29 26 26 12 26 19 18 27 2 24 16 12 15 14 13 17 27 8 2 6 30 11 11 5 1 26 9 24 28 3 1 6 17 6 10 29 6 11 20 22 18 16 19 18 2 3 26 15 15 26 5
5 26 1 19 13 5 10 29 18 16 28 6 11 1 14 17 0 5 18 29 26 15 16 20 3 10 7 19 30 8 30 12 4 4 5 19 12 25 7 10 26 7 21 30 1 5 15 10 25 20 17 1 3 22 16 26 0 18 22
30 3 10 23 24 10 27 10 27 9 3 28 7 24 19 11 18 7 27 4 23 27 25 6 2 11 16 9 9 24 15 7 18 9 2 15 20 3 25 12 26 4 12 19 25 10 14 28 25 2 22 20 13 17 9 18 0 12 30
16 23 4 29 8 12 27 18 16 30 28 6 14 13 6 9 24 13 7 24 15 8 11 21 10 8 15 11 11 19 7 21 28 5 20 16 27 21 5 10 1 26 1 26 13 12 21 2 27 27 16 12 5 4 19 17 26 5 22
3 25 27 19 22 10 11 14 13 29 0 2 9 2 29 24 0 8 11 10 26 17 1 0 26 30 21 29 11 30 0 0 2 30 19 8 21 20 24 21 23 9 2 3 19 17 16 26 21 9 16 17 30 16 1 15 15 6 30
24 23 2 8 9 20 10 16 28 27 24 8 2 22 11 29 0 20 10 26 2 1 2 16 30 17 10 9 9 4 5 6 18 30 23 8 25 17 23 24 2 19 18 7 10 26 1 2 4 19 27 14 23 13 4 26 3 16 6
24 6 5 17 23 22 3 7 30 21 24 23 22 11 26 14 22 1 6 25 19 14 11 6 28 11 1 13 17 11 27 8 7 7 21 19 29 1 12 14 15 19 16 29 14 9 11 1 22 6 8 9 19 29 29 5 29 18 8
16 22 2 29 5 8 2 7 0 21 0 6 22 7 21 6 1 14 1 26 29 5 16 24 11 22 21 19 2 19 20 10 30 19 22 29 7 23 24 27 3 8 13 16 8 1 8 8 10 17 21 11 19 6 13 29 7 7 19
9 16 5 8 3 12 20 15 6 8 6 1 16 10 2 29 25 21 17 22 20 22 25 29 15 25 13 25 5 16 27 7 23 5 27 26 7 16 13 14 30 16 15 27 27 23 10 4 28 26 18 11 22 12 8 1 24 4 3
22 5 24 28 0 1 29 23 12 13 27 18 25 17 30 18 7 27 22 4 19 2 19 2 26 26 21 24 2 18 9 4 6 5 0 16 22 8 5 1 5 10 17 19 1 4 2 29 2 2 4 5 27 12 26 2 3 8 17
23 16 15 30 16 25 9 5 13 21 15 8 3 14 14 14 15 19 30 27 6 18 5 9 4 16 29 27 29 24 0 22 13 21 23 11 23 1 26 25 5 7 1 28 10 12 28 17 13 19 23 23 15 0 9 15 28 19 8
18 27 0 7 14 18 17 9 30 8 17 29 29 27 28 29 29 26 29 26 7 15 5 27 9 8 22 11 19 20 1 20 19 6 23 17 3 3 8 23 21 4 13 22 12 24 10 22 19 26 7 9 11 23 13 7 14 19 23
11 3 29 13 24 2 27 7 2 6 1 9 23 21 26 23 15 12 9 22 8 10 28 27 17 21 2 26 7 0 19 27 26 19 25 3 14 22 25 19 5 27 17 8 18 16 10 19 26 26 19 14 22 5 11 9 25 5 8
3 4 5 6 17 24 1 10 28 16 15 13 3 25 19 15 13 15 23 11 29 26 5 7 24 2 11 16 30 11 9 16 10 11 8 6 22 1 29 30 21 15 21 14 20 0 17 19 23 1 4 29 8 9 22 19 26 7 0
7 20 20 29 25 22 10 11 25 7 11 25 30 11 0 20 30 1 30 0 1 22 25 26 21 14 9 19 7 7 22 15 20 18 6 0 13 22 1 1 24 14 21 11 7 28 22 28 28 25 22 11 20 6 6 21 19 27 15
15 19 8 11 19 4 0 30 8 4 24 4 26 8 5 6 29 7 25 12 6 22 29 10 9 3 2 16 27 11 19 3 20 25 15 6 28 16 2 22 12 5 27 4 26 23 16 28 26 3 22 16 30 11 3 25 29 26 7
20 20 19 13 1 27 28 15 23 29 17 25 29 18 10 8 15 17 25 14 28 16 24 4 8 7 16 13 29 3 10 16 25 26 17 30 30 9 3 24 26 19 4 14 0 22 9 23 9 23 21 6 4 24 30 25 19 15 14
5 10 12 25 5 24 20 6 0 29 17 17 8 3 23 20 25 30 9 17 6 24 18 11 30 27 30 27 28 6 0 12 12 12 3 1 27 4 18 18 12 8 30 23 22 10 26 18 21 19 18 30 23 17 11 10 26 24 14
27 21 22 5 21 21 15 2 22 21 21 8 25 20 12 15 28 14 29 15 4 13 18 18 26 2 9 26 10 13 21 22 12 13 20 28 26 15 13 30 27 10 30 24 0 14 2 23 24 9 2 6 11 15 3 28 28 9 23
25 9 26 4 29 10 6 1 23 1 4 13 6 10 14 16 6 20 0 13 11 22 22 1 17 25 25 20 24 7 22 16 22 1 0 8 19 18 25 18 19 1 3 26 18 28 21 24 18 20 7 21 9 15 7 28 28 24 19
10 25 25 4 10 30 25 13 16 10 12 26 12 29 11 12 30 8 29 11 0 17 2 1 19 6 9 0 13 10 14 12 4 22 4 26 3 6 7 21 1 21 8 14 5 29 17 3 22 22 25 9 30 3 24 7 30 6 23
17 4 2 7 21 19 12 21 3 2 11 23 8 21 13 19 18 13 3 16 3 1 5 1 3 25 6 12 27 24 26 6 13 15 5 12 7 3 17 24 9 15 20 21 17 9 28 17 2 13 6 18 9 19 18 25 2 8 14
7 10 4 25 28 10 27 25 4 13 29 16 21 30 5 15 27 14 25 22 23 7 15 21 26 11 24 7 13 8 16 23 16 23 16 20 8 13 27 0 10 12 16 5 26 8 6 25 14 26 10 30 4 29 13 26 13 10 3
25 11 4 26 6 28 11 20 8 8 3 20 28 27 26 13 10 23 17 7 17 8 19 0 12 23 13 12 27 3 25 20 8 24 10 9 22 8 17 26 1 23 26 14 17 25 2 3 0 20 16 8 13 12 5 14 10 19 0
22 28 6 9 17 7 9 12 3 13 1 10 8 16 6 6 5 27 25 6 15 13 1 23 4 1 24 18 9 11 10 8 0 16 25 26 9 1 4 16 19 0 20 27 24 24 8 17 29 29 14 18 3 28 11 28 7 11 25
7 8 1 16 27 15 26 1 12 14 25 4 15 23 18 30 26 8 17 19 10 10 13 28 15 23 3 8 1 1 0 4 15 16 10 2 16 2 28 30 30 0 20 9 28 2 7 22 10 8 24 25 26 2 28 26 24 24 1
5 20 27 24 28 0 26 5 16 9 19 3 15 2 15 26 19 1 13 17 12 12 11 14 5 2 25 9 7 13 30 29 16 15 24 20 28 1 14 3 6 24 12 26 0 12 16 28 6 26 21 14 18 27 26 24 3 22 12
16 7 17 23 25 8 18 1 22 4 25 9 17 4 10 10 10 15 20 12 12 30 28 4 23 8 19 10 16 11 7 9 3 21 18 10 5 10 5 12 16 15 12 20 4 28 0 11 25 29 29 16 1 17 11 3 4 30 14
7 13 9 0 30 5 9 5 1 29 8 29 25 10 23 14 29 29 22 22 9 14 0 21 28 24 16 1 25 27 26 0 22 21 28 2 29 1 2 8 2 21 10 16 12 6 14 19 1 30 21 4 28 17 20 14 24 19 29
20 13 3 27 10 12 17 7 7 10 13 15 28 20 7 5 7 11 15 30 22 18 15 24 26 2 8 14 17 4 3 12 2 29 14 24 27 12 26 29 29 19 13 28 20 23 0 30 0 16 3 8 3 24 13 13 30 28 25
2 22 18 13 5 4 8 4 25 19 20 12 6 26 10 18 26 20 28 1 11 11 3 13 23 17 2 19 30 6 3 12 30 3 24 25 1 1 30 15 9 6 3 8 10 4 28 23 20 3 0 22 30 26 10 10 0 24 21
25 7 1 13 14 6 8 30 8 0 11 23 16 24 9 12 16 13 2 3 30 13 23 3 16 0 17 0 15 4 12 22 6 1 8 8 26 18 5 17 11 26 18 5 8 24 20 16 14 14 11 16 2 7 23 4 0 10 22
6 6 24 21 9 3 0 21 0 7 24 14 28 9 19 0 20 5 7 19 28 7 7 24 14 21 23 24 0 19 15 21 15 28 18 27 9 26 14 1 2 19 28 19 23 23 19 12 10 30 25 29 13 11 27 1 18 27 22
3 9 17 3 22 3 14 21 26 1 19 9 18 6 5 4 26 4 23 2 22 26 24 9 11 11 17 16 22 0 24 26 28 23 17 0 26 28 3 2 24 5 13 15 20 20 11 1 5 10 21 14 5 7 7 3 25 6 15
12 15 15 2 30 4 8 4 17 24 22 16 7 6 1 19 3 11 9 17 30 30 23 20 18 0 8 11 15 12 2 22 8 5 13 4 11 17 5 18 14 24 27 10 16 1 27 27 26 18 10 10 20 6 20 15 14 13 4
5 13 19 2 28 13 13 28 16 8 2 7 19 25 8 15 0 5 5 24 1 8 23 22 25 0 13 15 0 6 9 26 25 14 23 8 26 5 30 6 2 8 12 14 11 1 1 15 29 3 2 19 30 5 4 20 15 18 8
23 27 19 26 2 19 5 10 11 18 1 6 16 13 24 10 27 13 4 4 4 27 10 13 9 30 26 21 6 26 5 20 6 29 14 29 23 25 19 28 3 11 25 0 7 14 14 10 29 0 19 29 9 13 3 30 22 28 23
19 12 25 26 9 2 23 15 23 26 1 0 13 18 4 16 5 26 6 12 12 11 12 0 7 0 21 12 25 23 4 8 10 20 23 18 12 28 13 7 29 28 20 2 16 4 14 24 20 22 0 24 9 15 20 10 30 5 0
23 12 16 16 17 7 2 13 15 13 25 17 6 6 21 25 11 12 29 7 15 19 10 29 2 8 28 9 1 25 28 29 30 10 18 27 28 5 9 13 2 25 2 29 11 22 23 3 20 26 15 19 13 1 15 0 26 2 26
29 22 0 0 11 14 14 20 28 22 29 30 23 1 4 26 0 30 29 15 30 23 8 6 30 11 1 22 29 14 0 5 10 19 29 26 0 28 22 10 16 7 30 0 6 29 23 24 20 27 25 30 23 28 13 10 13 6 15
2 2 5 2 13 18 17 3 10 13 30 23 6 28 13 27 19 9 6 5 16 15 22 16 19 9 3 15 8 0 0 27 2 29 30 17 2 22 21 25 13 6 18 8 12 30 0 22 3 3 28 18 3 30 13 16 2 6 17
29 24 21 22 27 10 15 10 14 10 21 9 23 28 14 4 16 16 16 16 9 15 8 22 17 12 7 7 0 19 19 12 8 11 13 30 9 1 18 23 21 29 2 14 3 18 30 11 25 21 10 15 4 29 11 21 22 4 0
7 3 29 16 12 0 18 15 13 15 27 4 12 13 23 17 3 29 20 6 20 5 27 28 11 22 19 18 24 5 3 20 17 13 16 25 0 15 1 21 25 29 4 18 18 19 20 21 10 8 14 30 11 11 24 25 25 4 19
15 22 11 22 22 19 9 0 0 29 17 16 10 27 15 21 0 26 30 7 0 20 30 17 9 22 12 22 6 10 2 27 10 1 27 24 23 25 13 6 11 30 22 10 18 3 22 18 0 29 9 11 19 15 10 5 3 19 15
