60 60
18 17 28 6 24 17 26 30 18 22 11 26 16 0 20 18 4 19 28 30 22 17 25 26 26 4 14 2 25 10 24 7 26 9 8 15 18 23 6 3 8 0 8 14 23 7 16 5 11 7 27 7 18 17 16 8 19 13 8 25
26 25 19 18 24 20 2 27 30 30 15 25 7 4 10 10 23 6 16 24 11 28 6 17 8 3 17 2 17 6 28 0 6 16 9 26 22 1 24 2 17 1 11 26 9 25 27 21 30 1 20 25 6 28 13 26 7 15 20 11
20 12 21 23 20 2 22 2 17 26 14 21 18 28 18 23 0 0 21 28 9 20 17 6 20 24 26 21 29 14 6 20 28 4 25 27 23 5 8 17 25 21 4 10 2 4 1 25 29 26 10 29 23 21 1 27 3 26 23 30
27 22 7 0 23 17 11 18 10 23 19 16 9 24 20 6 12 22 17 13 29 9 8 12 28 30 25 20 11 18 27 6 24 17 25 20 9 26 14 25 10 12 3 10 2 27 29 5 9 18 12 18 3 18 5 0 2 29 15 29
3 8 23 7 15 28 17 13 26 25 23 9 1 18 12 23 22 3 30 12 7 30 22 1 2 8 17 24 23 0 30 18 7 19 10 7 2 1 12 28 24 22 1 20 11 29 6 22 9 16 11 23 4 25 28 6 1 6 24 23
23 23 25 26 17 20 5 10 11 9 26 27 13 26 22 8 30 21 18 29 12 12 3 23 4 9 12 3 7 3 9 8 2 23 13 24 12 0 20 14 17 8 19 20 22 8 27 8 28 17 24 15 2 1 1 4 4 19 27 16
4 26 5 28 28 16 24 30 10 16 7 17 25 7 18 3 14 3 4 16 13 9 10 11 26 6 3 23 4 12 22 3 0 29 10 4 14 27 27 20 24 8 25 8 24 18 18 0 25 5 3 28 4 24 21 25 30 18 11 5
25 30 2 26 4 9 10 23 12 3 27 9 28 10 5 10 21 10 22 6 11 20 14 17 12 28 28 29 20 7 9 27 8 15 28 27 10 12 9 30 12 0 25 19 13 19 22 24 0 15 10 8 14 26 0 24 16 3 16 24
7 3 30 15 9 13 17 23 20 21 13 23 26 5 3 27 21 5 20 2 28 9 30 7 15 25 8 15 17 13 7 3 4 19 3 29 27 14 30 24 23 5 10 29 0 14 0 11 10 26 15 3 30 13 28 18 26 29 7 29
25 17 12 25 14 0 3 11 9 30 22 0 5 29 18 19 15 6 2 24 15 30 20 0 8 19 7 6 29 3 3 3 10 18 5 15 23 8 29 2 4 10 2 18 19 9 18 9 23 7 8 28 5 8 2 11 18 21 2 18
14 25 24 24 6 0 5 24 13 2 13 7 12 29 24 28 29 27 28 11 23 19 19 16 7 25 26 23 7 30 16 23 1 7 12 22 3 23 18 29 22 30 4 7 10 20 30 12 4 0 14 7 4 28 29 4 29 8 24 7
7 15 16 19 15 0 18 0 22 6 10 0 1 20 15 6 29 28 9 23 11 13 23 8 8 25 1 20 15 15 4 22 24 26 1 23 17 30 12 2 9 14 11 21 1 19 8 11 17 2 11 13 9 19 9 9 17 7 9 12
4 0 25 29 16 11 2 11 11 21 16 10 18 5 0 12 9 27 20 9 12 9 4 16 28 23 26 11 26 24 17 7 4 10 11 6 16 17 15 15 16 22 18 23 10 26 12 3 4 25 15 18 10 4 11 24 8 16 11 1
30 4 25 11 22 9 21 13 5 23 16 16 15 10 21 10 23 5 19 6 4 10 5 22 26 1 25 29 22 15 25 1 26 26 11 7 18 3 8 2 13 18 0 2 21 23 13 23 4 5 22 30 22 19 16 27 16 0 10 28
10 21 22 7 25 30 30 10 5 7 8 1 6 11 25 0 10 21 5 29 21 17 3 21 17 16 25 2 2 27 19 20 29 14 8 22 5 21 6 24 18 28 26 30 24 17 4 4 1 17 22 15 18 14 22 11 13 9 4 9
22 2 23 2 15 20 9 17 2 0 18 13 25 12 21 6 8 24 7 11 5 23 28 0 6 8 23 11 3 15 26 8 1 11 18 9 3 13 2 10 22 5 30 9 3 16 12 20 28 0 17 16 22 7 26 29 25 28 5 17
14 6 30 17 5 10 9 12 19 30 12 2 25 5 27 3 26 23 10 5 12 28 8 21 25 2 10 22 23 20 12 4 18 22 8 9 0 0 8 28 2 16 17 23 25 23 12 23 18 19 1 2 5 12 11 21 24 24 12 12
8 16 8 30 8 20 8 11 4 0 2 4 25 13 9 21 10 21 26 23 30 9 22 12 8 12 30 7 3 10 24 4 18 21 18 15 8 13 3 10 4 25 3 30 11 5 6 19 15 8 2 28 15 7 13 11 14 15 23 14
0 8 25 6 26 25 1 2 23 10 27 16 21 2 10 6 13 22 18 8 9 13 16 26 27 19 19 5 18 29 25 2 7 24 22 12 6 9 14 10 27 5 8 28 26 26 20 9 21 14 5 27 9 19 11 2 28 14 16 15
16 2 5 9 19 20 24 12 16 6 5 7 20 26 19 17 23 9 3 6 1 22 29 28 30 12 15 7 29 1 4 18 30 1 10 6 11 30 20 14 16 4 28 18 20 20 29 27 25 30 30 29 14 6 24 12 11 29 10 0
26 19 3 15 18 16 26 21 9 17 15 24 14 8 8 16 16 1 4 2 8 6 27 19 16 19 7 25 13 21 21 7 1 28 25 13 19 1 25 1 6 24 20 9 13 30 26 20 29 23 4 3 6 20 4 12 0 6 26 1
10 15 27 11 23 26 7 3 8 21 25 10 25 16 15 27 14 29 0 16 4 5 11 30 13 28 21 20 9 23 21 9 29 19 0 30 11 30 7 4 30 30 28 3 8 11 16 9 17 28 4 27 6 4 3 29 27 24 2 21
17 27 11 13 20 1 17 3 2 20 19 15 16 5 27 2 15 12 3 5 9 12 14 3 8 28 26 28 20 9 15 30 15 0 16 2 24 24 6 25 4 23 9 17 10 21 10 15 7 15 2 2 1 3 21 19 24 12 16 1
21 13 21 3 20 14 26 7 21 26 11 5 8 28 1 20 28 20 14 10 13 20 4 4 14 12 29 27 4 1 27 14 4 14 5 25 19 7 5 30 3 7 1 29 25 16 25 0 19 2 0 17 25 3 1 0 4 7 23 26
1 28 4 23 12 18 17 2 6 16 25 14 3 21 15 19 12 29 3 2 0 21 13 2 30 23 2 28 26 16 11 13 2 29 4 11 7 0 5 20 10 18 10 8 21 25 13 13 6 12 12 12 6 19 21 8 18 23 14 6
15 14 25 16 28 6 11 10 27 4 3 10 10 10 11 28 30 23 0 10 18 17 24 23 6 19 10 8 5 27 0 22 12 25 7 30 3 10 8 10 19 12 2 5 3 16 30 25 30 12 17 3 9 5 30 16 1 15 21 3
23 17 7 22 1 16 7 0 19 8 18 3 21 24 26 30 27 18 3 23 5 7 21 5 16 4 20 20 3 8 14 12 25 12 5 10 7 13 11 8 2 23 14 6 13 5 29 28 10 8 3 16 21 26 10 20 29 11 23 10
3 14 10 17 20 19 21 16 5 5 15 28 29 26 12 26 24 23 23 21 22 21 18 28 23 19 27 21 2 3 27 12 1 20 29 3 28 21 2 23 10 22 17 18 20 5 9 25 2 8 22 17 30 4 19 0 14 23 17 21
12 9 3 1 22 26 27 27 4 7 14 23 7 14 4 20 6 6 10 17 17 29 23 19 29 18 26 12 18 20 12 4 11 14 21 17 8 23 8 27 28 17 4 18 19 29 23 19 8 14 11 27 1 3 15 26 11 24 30 11
7 3 12 18 29 15 28 21 27 21 24 29 23 11 2 19 26 20 29 5 22 3 21 22 2 5 11 20 21 16 29 7 10 2 11 7 25 20 23 26 11 29 5 19 0 28 15 14 7 26 0 21 1 5 0 29 7 0 23 22
23 25 3 30 0 23 11 14 28 25 20 23 30 28 17 5 26 24 26 6 3 23 3 14 14 16 21 5 5 25 5 17 5 1 12 30 30 23 10 13 20 20 12 25 6 24 8 13 23 11 26 3 3 21 7 27 24 8 12 22
24 22 30 6 16 14 17 17 2 2 15 25 25 1 6 5 22 5 8 0 15 23 12 27 27 17 27 4 4 15 15 24 28 0 26 19 16 16 6 15 9 23 24 18 15 21 2 4 0 0 1 10 3 0 27 2 9 9 8 23
7 3 7 3 24 7 29 13 12 3 12 19 5 7 11 3 20 12 11 20 9 9 9 1 6 23 2 23 6 3 16 19 3 5 2 18 22 26 27 1 3 17 19 0 22 10 0 23 25 29 25 23 24 3 23 2 21 13 10 9
5 13 29 13 18 30 2 25 20 5 21 10 7 15 3 30 4 9 27 19 23 27 25 6 25 16 27 5 30 25 17 10 18 30 7 16 19 15 19 13 4 27 3 29 5 24 17 12 1 11 29 5 24 28 24 14 12 24 7 2
21 14 11 23 13 5 18 21 19 15 26 0 25 2 20 14 9 13 21 25 8 6 4 17 14 26 10 21 10 20 20 1 22 16 24 3 26 23 24 13 9 16 7 12 19 1 3 5 27 1 25 24 0 27 27 20 18 14 9 21
21 18 11 21 7 25 16 23 16 20 20 26 21 3 26 14 28 11 11 22 22 17 23 21 14 26 3 6 1 22 13 16 13 1 5 11 5 3 22 2 13 15 2 5 22 14 10 2 20 4 13 20 19 18 9 2 15 19 8 22
11 23 4 19 4 25 15 25 27 17 14 5 21 5 15 0 8 23 30 9 18 15 4 13 7 27 13 26 2 14 7 16 23 14 0 19 28 13 4 23 15 7 2 26 9 5 30 20 26 24 12 28 9 26 29 20 25 2 20 29
0 5 26 10 5 19 5 15 14 3 5 20 24 3 4 4 8 18 5 30 5 9 16 15 12 11 8 16 22 4 10 3 18 0 12 24 22 10 29 29 28 24 12 6 3 25 18 2 27 7 21 15 28 0 14 9 14 1 0 17
12 0 20 6 10 11 21 18 14 21 21 17 12 11 26 12 14 18 11 4 15 22 14 5 13 30 30 11 27 19 5 27 30 6 27 28 1 4 25 6 22 8 0 14 6 24 9 20 15 12 12 8 14 2 3 18 15 22 18 3
18 9 4 4 24 20 3 23 16 24 20 22 14 17 10 23 2 8 16 16 23 1 27 15 16 3 19 25 28 13 30 0 30 15 7 17 28 21 11 27 7 8 14 19 25 30 7 1 20 25 2 16 11 3 7 27 4 28 16 18
30 9 16 28 5 1 23 10 10 6 6 14 10 13 22 13 25 18 27 19 22 14 3 13 17 3 10 9 10 23 24 24 30 18 14 0 0 25 0 4 18 17 11 23 19 26 19 20 7 7 19 2 9 30 20 22 18 7 3 4
7 13 16 20 28 24 8 15 24 1 3 3 9 25 29 26 5 19 24 1 15 6 15 0 16 13 25 5 12 22 11 10 22 21 28 9 6 16 21 5 8 7 16 5 21 17 9 18 20 17 10 21 23 1 3 1 30 21 8 12
17 13 30 26 25 2 5 3 28 25 13 25 6 24 2 4 23 1 25 15 26 26 17 17 16 15 7 30 24 23 14 19 0 10 19 19 13 12 28 14 15 21 8 23 15 9 25 9 10 6 16 22 25 1 22 6 29 0 4 14
18 20 24 3 15 6 22 28 8 0 6 29 24 5 12 17 6 22 9 1 28 1 8 22 11 20 21 23 7 27 6 8 27 24 29 8 13 3 18 15 28 1 30 10 16 12 15 3 10 6 30 0 5 22 16 12 4 12 27 29
5 30 20 19 21 12 28 14 1 13 24 15 12 8 28 25 5 2 6 0 28 29 9 24 30 26 2 22 10 21 20 20 6 15 27 25 5 18 7 11 8 12 15 24 30 14 1 30 25 5 17 22 6 24 5 11 2 26 13 27
22 3 20 20 12 29 5 27 20 5 4 29 4 27 27 13 4 7 8 7 13 11 6 21 9 20 21 7 28 29 13 10 27 17 13 30 19 10 13 11 7 2 23 21 23 12 18 7 8 22 24 28 0 2 0 26 14 25 7 9
17 4 8 16 23 7 13 5 24 23 0 4 6 27 22 5 14 17 24 23 7 8 26 12 18 1 8 25 7 18 18 23 0 10 25 28 10 14 22 6 7 20 22 22 30 15 1 21 4 3 0 14 17 14 14 15 5 9 10 23
21 13 19 2 7 10 7 0 18 11 14 3 28 10 5 7 2 11 30 16 5 6 7 12 9 12 13 18 9 4 26 11 29 25 4 1 27 25 25 2 13 5 16 30 20 6 13 17 3 7 25 2 4 22 16 29 24 30 26 30
27 22 28 14 17 0 20 16 0 17 23 4 17 4 27 7 27 27 10 11 8 9 0 5 20 5 7 27 6 23 18 3 25 30 7 17 10 25 17 5 4 28 14 23 7 30 4 14 18 11 4 20 16 27 27 30 1 27 16 29
4 15 4 28 0 16 7 9 19 9 23 22 28 10 13 12 5 1 3 7 6 7 0 19 14 23 2 7 12 6 21 24 25 27 23 13 25 19 25 21 12 1 0 3 28 24 30 27 28 28 11 3 27 18 30 25 8 18 6 28
20 6 30 4 3 21 21 6 15 14 9 4 24 8 10 23 21 18 0 6 15 6 26 15 6 11 7 17 22 30 25 16 24 16 30 0 11 13 24 26 22 28 13 22 28 17 5 27 30 10 19 15 28 15 17 7 19 14 9 29
9 19 12 23 0 24 29 3 5 23 5 29 9 13 22 23 30 24 16 21 19 4 22 2 30 20 15 8 15 8 13 20 3 21 12 26 13 28 15 3 5 23 14 16 3 15 29 7 0 23 28 27 1 1 18 5 6 0 6 1
19 3 18 15 28 8 25 5 26 27 14 24 8 7 22 19 28 12 14 5 18 8 19 11 16 4 20 29 27 19 30 23 9 27 24 16 26 5 13 18 11 14 10 20 12 0 1 8 22 29 26 4 29 10 22 27 8 2 2 28
26 19 23 24 3 20 24 6 1 19 7 28 12 13 11 4 19 24 17 25 11 14 12 15 25 7 25 5 21 14 13 10 16 11 14 5 10 29 11 26 3 20 14 8 2 17 26 21 7 21 6 6 10 2 6 4 18 6 13 8
26 11 5 24 8 0 6 5 2 4 25 14 10 0 10 2 29 30 7 29 17 29 20 11 10 5 4 11 27 16 24 4 12 29 25 10 25 5 9 20 23 27 21 11 15 10 6 16 4 18 14 13 14 3 16 10 21 2 23 15
11 29 6 19 18 25 2 25 17 9 17 26 6 6 9 19 3 30 7 8 20 26 24 27 26 26 21 26 20 18 1 10 28 25 15 3 17 22 2 14 22 6 7 6 29 17 11 2 23 15 3 9 23 13 20 12 5 3 13 2
4 8 9 16 7 16 28 8 19 15 16 15 8 30 0 8 21 10 12 16 19 24 11 11 22 8 17 8 30 3 17 16 14 13 9 19 30 8 21 22 21 15 23 2 0 17 7 30 25 29 25 18 19 5 7 25 0 23 7 17
6 23 7 3 22 29 17 19 12 19 14 26 26 21 28 2 18 14 16 17 10 9 6 30 22 1 19 10 0 20 0 27 17 15 29 0 10 17 1 3 16 25 0 0 30 6 6 14 5 10 24 4 26 30 0 4 10 13 12 5
30 18 22 25 13 2 21 6 20 26 20 2 30 23 12 8 24 19 17 13 21 10 3 21 4 3 9 11 29 12 0 0 22 28 17 2 12 25 21 16 2 27 21 26 26 25 27 3 16 5 5 16 10 11 3 15 0 11 7 20
3 19 28 21 8 13 12 28 25 23 10 15 30 23 20 23 30 28 12 1 3 19 0 24 20 16 14 10 19 29 6 28 11 11 27 11 19 20 20 10 18 3 23 17 4 0 12 24 4 5 2 17 6 12 3 20 27 19 23 18
