63 63
18 19 24 17 21 6 16 27 14 16 8 14 20 7 0 14 20 15 29 10 24 14 2 10 13 15 23 24 15 24 13 13 20 3 21 28 18 29 25 19 29 5 23 6 17 16 11 4 1 6 23 3 5 25 4 2 25 18 0 6 14 19 30
14 13 10 11 26 15 17 23 21 11 28 7 19 23 1 24 21 25 20 3 7 7 28 10 3 17 6 6 5 4 17 4 0 6 17 29 29 8 27 16 20 29 21 4 27 19 1 15 19 19 11 30 8 5 14 0 30 5 2 25 29 1 24
27 5 29 19 22 27 25 3 22 28 4 13 0 20 26 5 28 0 4 19 22 9 29 17 13 16 29 20 0 24 23 2 11 17 17 23 20 1 23 22 15 21 19 6 20 5 12 8 26 5 7 3 10 28 7 6 12 29 11 7 23 12 18
21 17 24 1 16 22 5 30 5 22 9 17 2 15 11 2 11 4 3 13 14 26 27 1 27 8 30 2 15 17 21 0 20 14 30 12 4 24 23 24 15 4 2 12 10 29 0 17 18 3 15 7 23 25 7 29 19 30 22 4 21 18 16
0 16 22 3 7 14 24 28 7 11 21 15 9 19 10 25 1 11 25 20 10 7 29 3 18 2 12 30 16 21 7 6 4 21 14 9 16 28 4 19 13 28 26 19 27 30 10 15 26 10 6 24 9 27 11 6 3 16 8 27 23 8 11
23 20 15 19 21 21 13 22 8 15 1 14 17 6 8 1 11 14 2 16 20 11 17 6 12 22 1 23 12 23 6 23 30 0 30 1 5 17 25 17 29 7 5 10 3 4 6 0 20 11 10 1 12 8 12 25 22 15 4 11 13 23 18
0 10 3 7 6 1 6 11 26 15 23 10 30 13 2 24 24 28 0 20 2 22 19 29 30 12 6 23 25 4 22 8 7 16 16 25 20 6 16 29 0 15 22 24 24 28 2 13 2 7 5 9 1 20 13 28 2 29 28 4 1 13 7
1 13 24 6 13 15 28 5 27 2 15 10 17 16 23 14 17 21 28 24 0 29 9 21 21 0 10 28 3 18 15 28 9 19 27 3 9 28 1 23 27 29 3 10 7 4 5 5 7 6 5 27 18 28 18 27 25 22 28 27 25 8 18
30 21 25 19 29 18 7 16 29 14 21 0 1 12 26 16 13 5 21 17 22 23 27 4 22 10 25 17 12 22 27 11 3 8 22 25 9 24 26 7 25 5 14 26 25 13 9 13 5 6 10 0 2 10 19 11 0 2 5 13 17 24 1
24 1 19 4 2 29 26 25 1 24 29 19 3 2 23 27 27 9 9 2 2 14 4 16 2 5 14 25 17 13 9 20 5 19 27 25 20 9 1 28 13 28 17 12 24 9 1 15 9 21 7 1 24 3 4 11 11 9 7 17 1 14 21
10 8 10 23 7 28 18 24 4 13 27 12 26 21 10 17 21 26 27 20 7 26 21 12 24 27 9 10 22 19 8 15 14 3 5 20 28 23 29 22 11 4 7 23 5 27 5 26 18 15 4 0 7 26 18 17 9 17 10 12 8 9 23
21 2 3 30 28 18 23 12 13 28 25 25 23 16 29 18 8 23 21 0 8 11 16 7 23 12 7 20 11 19 29 7 25 9 2 18 22 16 7 10 9 0 6 14 16 28 25 29 26 13 25 6 8 2 22 14 20 29 23 22 13 26 27
26 25 4 19 12 13 25 26 29 21 8 0 2 6 7 26 11 30 18 8 9 27 13 22 16 13 23 13 2 28 16 22 16 10 22 10 24 18 0 8 11 4 28 12 3 25 30 20 29 14 7 17 23 10 22 10 4 26 14 8 8 3 1
1 11 29 29 1 10 14 5 7 9 18 28 13 16 27 20 27 26 4 13 16 6 30 22 9 26 0 14 27 10 24 6 7 9 18 22 13 30 29 16 5 23 10 29 4 27 7 26 11 5 16 10 22 26 0 0 0 20 28 9 19 19 26
14 27 24 13 2 28 14 16 6 28 10 8 27 3 5 15 16 20 18 23 2 23 3 24 13 3 8 30 1 0 15 5 18 15 12 28 6 10 18 7 3 24 17 22 21 3 19 15 24 17 26 9 5 3 4 26 7 30 23 27 29 12 26
17 17 0 6 9 16 24 27 14 27 25 0 21 18 27 2 5 16 15 22 27 10 5 16 25 1 15 17 22 17 29 29 21 21 6 11 3 8 17 24 1 8 24 24 28 27 17 28 11 29 27 19 30 7 14 11 29 6 0 22 17 22 25
14 11 25 12 13 3 24 13 8 5 27 25 28 27 5 15 21 10 12 21 21 18 3 5 8 29 4 26 10 28 30 29 23 24 25 15 10 5 9 18 12 28 10 14 7 8 26 4 6 2 6 29 19 27 11 24 13 30 20 0 13 5 12
12 20 2 26 21 19 19 12 27 23 1 9 2 19 3 7 30 30 5 26 27 10 6 28 12 1 30 15 2 21 24 28 28 28 9 16 27 18 17 19 7 8 2 26 19 27 14 11 14 10 29 3 28 29 14 30 21 14 9 3 28 9 9
20 13 7 7 30 16 25 21 0 9 30 1 10 21 24 7 18 28 13 23 28 25 20 4 0 6 7 29 27 22 25 26 24 27 11 14 25 14 2 5 1 28 10 0 22 23 16 8 20 27 14 18 1 18 20 23 14 10 1 11 20 30 26
30 4 4 2 25 16 5 5 8 11 24 24 30 25 23 10 20 19 26 3 9 2 23 19 12 27 24 0 23 4 26 14 20 20 16 0 11 30 0 2 23 16 22 9 9 1 9 22 13 14 20 20 19 30 14 7 13 12 25 11 1 1 8
26 30 12 4 5 30 30 2 17 25 1 16 28 0 29 12 28 5 18 10 4 2 7 20 19 14 4 13 20 9 6 27 10 16 1 3 4 19 14 0 12 27 4 4 15 13 0 22 15 1 25 7 23 12 3 4 27 3 26 26 25 5 9
5 14 21 8 8 23 5 23 17 0 18 20 6 30 16 25 27 7 10 6 20 7 22 2 21 11 3 24 19 22 9 18 24 30 0 30 0 1 18 18 23 3 23 0 3 27 19 14 13 11 20 24 23 20 4 22 1 15 2 19 12 23 8
21 23 6 13 3 13 1 14 7 26 3 5 9 2 6 5 1 23 4 17 2 2 19 16 6 27 8 21 12 29 16 8 12 9 9 13 12 22 7 30 1 29 4 18 19 10 29 15 25 22 0 3 7 2 10 26 17 5 6 22 23 12 6
23 1 17 7 2 7 29 2 20 0 10 8 20 7 16 14 17 10 15 18 22 23 7 24 18 9 4 30 14 2 2 15 11 24 17 17 7 25 13 10 15 17 13 22 9 16 17 25 7 28 25 6 11 23 19 5 5 9 15 16 10 2 6
18 24 23 8 23 10 22 2 2 1 27 18 12 2 28 24 16 13 28 17 19 25 15 13 27 16 11 23 15 11 20 21 30 11 20 28 7 29 26 22 14 13 26 16 17 23 9 26 1 24 6 13 29 25 16 2 8 20 8 30 13 22 9
9 8 2 28 16 8 13 6 5 7 23 5 2 13 14 27 24 27 3 2 19 23 12 13 4 13 15 21 28 14 30 20 14 15 27 6 0 0 29 6 15 28 3 4 10 25 14 23 7 3 20 25 15 26 7 20 30 27 6 26 14 0 16
11 11 0 27 0 29 4 25 2 13 28 8 30 10 5 13 8 16 28 25 24 26 0 14 3 6 12 24 20 0 16 29 1 18 27 11 3 11 7 28 1 3 3 1 17 13 20 3 29 13 30 14 16 23 21 3 16 13 28 30 12 23 4
9 22 15 21 3 12 26 28 11 24 28 23 21 4 20 2 23 13 24 13 2 4 19 23 23 19 4 6 0 29 20 1 30 14 20 9 5 24 3 20 13 12 6 7 30 9 20 26 28 14 21 19 5 17 19 23 19 11 27 26 1 4 18
5 26 13 12 18 23 15 30 30 18 28 17 16 15 3 21 17 21 6 12 8 16 11 22 27 5 3 10 2 19 25 23 29 11 23 20 2 14 17 29 5 4 18 22 10 8 4 21 11 17 12 10 30 14 18 14 17 29 22 20 7 0 18
6 27 24 2 27 30 8 30 12 8 10 22 5 19 9 10 19 19 11 8 23 14 23 10 16 16 5 27 28 27 19 8 6 11 18 12 6 11 2 16 7 9 1 5 3 25 25 6 26 24 8 27 10 23 9 29 23 24 24 23 16 7 7
4 11 17 0 16 15 22 12 20 11 23 26 7 28 20 0 4 24 24 9 30 28 20 13 25 12 10 14 21 14 16 0 19 19 0 14 20 16 9 4 8 15 16 2 15 13 18 17 7 17 8 3 26 3 8 18 15 14 3 13 28 0 17
6 30 29 5 28 18 27 7 16 0 3 16 3 13 26 15 18 23 23 30 1 18 22 1 3 10 4 8 15 15 5 26 24 21 23 5 20 25 25 26 12 20 11 30 25 24 3 19 26 12 18 15 21 1 18 24 15 24 29 7 27 27 26
23 21 18 16 25 12 11 20 11 25 23 13 20 29 5 10 25 6 14 12 28 18 29 28 2 1 2 15 9 16 13 18 5 21 7 21 28 25 6 16 21 7 22 26 15 19 23 9 10 6 21 5 8 12 29 21 5 15 8 11 21 1 29
26 12 19 26 24 18 12 4 2 21 28 2 24 12 16 30 16 6 11 7 30 10 16 1 12 22 24 4 8 25 18 7 16 15 1 29 18 7 22 22 10 20 14 1 9 28 9 28 11 3 11 5 21 25 7 12 11 4 5 28 8 4 17
12 17 10 25 13 4 26 7 5 12 20 14 1 19 5 14 20 3 1 20 19 23 13 19 24 5 15 19 3 15 5 24 29 20 14 1 21 29 5 15 29 11 3 18 28 2 14 11 26 3 18 20 20 4 21 14 0 15 24 11 30 16 6
14 5 2 18 17 22 17 25 24 0 21 30 30 30 19 9 15 16 7 26 18 3 4 27 14 0 27 17 7 1 12 5 4 13 18 30 5 30 5 12 8 3 12 10 2 15 14 6 10 0 30 14 18 20 10 24 20 3 11 22 13 26 23
9 8 24 21 27 28 6 2 23 23 24 20 15 22 26 6 30 14 23 8 11 17 0 8 1 19 1 23 2 12 8 18 0 12 4 11 21 3 28 28 28 27 4 19 9 21 23 23 23 29 30 30 22 7 22 2 20 17 25 19 0 8 22
8 30 23 28 6 17 15 11 13 13 14 23 16 7 6 9 9 0 17 5 28 8 30 17 21 5 20 2 16 0 2 15 16 16 30 12 4 7 11 0 10 9 27 21 4 19 28 17 5 3 13 18 5 7 26 8 24 10 18 25 13 22 1
9 15 26 18 13 9 3 27 14 3 16 29 0 22 15 30 4 19 22 16 6 18 13 3 30 15 27 5 14 16 3 11 4 28 5 20 22 7 11 0 5 8 24 24 12 4 23 0 25 11 23 5 2 14 21 10 22 13 15 17 29 21 29
3 26 7 15 27 5 29 7 2 17 13 21 26 6 7 13 11 18 22 0 2 8 27 1 15 23 13 1 7 22 1 0 3 22 4 27 1 28 12 23 24 19 16 5 12 13 12 27 16 30 21 13 5 7 14 5 0 12 24 13 26 12 4
30 10 28 22 26 10 21 15 29 25 29 21 23 13 18 22 24 0 22 18 28 21 10 6 24 9 27 11 2 12 1 27 11 5 9 10 11 4 28 15 25 12 28 24 19 30 13 21 13 18 26 16 18 12 10 18 29 11 0 20 6 14 5
14 18 7 3 19 27 8 1 24 5 10 29 10 14 27 11 3 0 13 12 4 30 15 4 29 19 5 6 24 26 1 6 25 4 0 25 1 18 18 4 7 16 13 14 12 7 11 0 23 8 7 0 19 28 17 10 9 0 23 11 24 14 27
20 15 28 16 3 0 8 6 18 25 27 26 2 13 13 26 20 16 29 15 30 19 15 27 18 14 29 6 12 3 24 16 26 3 24 8 21 9 28 26 29 3 12 28 25 3 22 20 22 0 7 16 13 13 22 20 12 5 16 23 6 12 9
12 3 28 16 30 16 26 17 22 2 23 9 11 19 29 5 15 26 6 12 5 4 22 21 25 8 25 21 22 8 27 13 25 0 26 15 15 30 19 26 3 10 22 30 23 2 20 12 6 29 3 18 17 22 23 12 20 8 8 7 18 24 22
16 9 3 29 1 30 16 16 2 10 27 20 3 24 15 29 11 5 28 18 16 23 10 14 22 30 13 5 24 27 20 25 4 23 6 23 4 10 23 17 28 18 28 10 21 18 15 20 25 10 8 13 9 17 30 7 12 9 17 16 14 4 10
9 5 21 22 10 19 22 14 0 14 7 22 3 19 22 29 10 1 26 5 1 13 23 27 27 25 12 6 1 10 21 2 6 2 0 27 1 9 26 30 16 10 3 8 15 22 0 16 0 10 22 12 13 13 25 0 22 27 24 24 2 18 5
19 16 24 11 6 22 23 29 10 24 4 21 9 8 2 20 27 20 6 8 22 9 25 16 8 2 20 30 2 19 14 14 8 14 19 25 1 23 16 23 26 26 5 28 11 21 19 26 21 3 5 15 7 20 8 18 6 4 21 9 20 18 1
17 2 10 24 1 4 8 25 15 14 10 23 21 12 28 29 3 28 19 25 26 24 26 20 30 30 25 9 9 14 15 15 3 16 27 8 2 2 5 4 9 22 7 10 6 0 28 10 3 24 2 30 15 25 16 16 28 17 8 4 7 19 5
21 1 6 19 7 21 18 1 8 5 21 30 21 3 24 26 5 25 6 30 5 22 17 7 22 12 4 5 12 16 24 1 28 2 22 6 14 23 9 6 25 1 15 0 10 22 4 15 10 24 17 16 23 0 18 30 19 8 18 10 16 3 26
9 11 11 8 10 4 28 7 4 6 19 7 16 13 1 5 5 15 5 0 12 28 6 15 20 1 6 19 5 25 29 19 21 13 11 2 17 24 9 30 10 0 30 14 14 7 28 16 0 5 16 21 24 7 7 11 13 17 14 2 22 4 21
23 5 21 21 7 24 7 5 12 17 30 22 20 10 8 14 23 25 19 18 0 25 3 0 11 22 16 7 23 23 27 11 21 24 23 17 17 3 24 4 24 29 13 0 9 13 2 14 25 21 0 13 25 18 0 29 9 25 4 13 26 10 23
26 13 15 0 21 24 16 10 4 22 10 7 7 1 27 3 28 0 24 3 11 2 11 7 24 30 18 20 2 0 14 12 13 6 13 25 20 15 24 13 3 11 17 30 20 16 26 28 10 18 5 29 7 29 1 24 17 12 8 2 30 3 11
16 11 1 19 0 4 6 22 1 11 13 16 22 26 27 15 27 7 27 24 17 16 28 28 4 30 30 8 2 6 10 24 8 6 4 6 8 11 30 4 21 13 18 5 23 9 22 15 1 29 30 26 10 0 3 3 29 29 12 24 5 26 25
29 0 21 19 18 9 8 20 15 30 25 22 22 12 22 18 3 1 15 8 25 9 11 19 3 27 6 6 20 4 26 20 28 29 8 2 12 15 7 22 13 18 19 5 20 2 28 6 14 18 11 27 12 23 23 10 8 16 9 23 4 8 12
23 21 6 7 25 17 18 2 22 26 22 29 1 7 20 9 23 6 4 1 11 19 14 0 9 5 16 15 30 15 24 12 28 28 10 17 19 15 14 1 17 25 20 18 0 11 8 16 9 15 29 29 25 21 23 12 23 28 5 17 24 4 13
11 23 17 25 2 21 12 12 23 9 21 22 3 4 14 24 8 9 24 13 0 12 30 24 30 0 17 19 22 25 27 17 0 18 2 7 15 24 5 9 11 7 2 4 23 27 11 26 12 7 27 6 28 13 18 4 5 18 14 30 1 25 0
25 15 5 12 4 27 17 14 22 26 9 15 15 11 24 0 3 4 3 6 6 25 24 22 27 24 30 6 0 7 17 9 4 6 19 17 20 27 29 8 17 22 4 1 28 7 8 6 0 13 15 4 16 18 22 21 10 1 17 3 18 20 7
7 17 15 0 9 4 27 3 4 4 19 8 23 11 21 26 18 26 12 20 19 18 6 25 17 11 16 16 27 20 19 26 6 7 7 4 28 17 25 23 29 14 18 7 10 30 15 28 24 0 22 28 11 28 21 28 18 7 14 30 21 0 17
0 25 22 14 13 13 16 9 19 30 29 13 26 15 7 10 0 0 25 15 11 24 9 2 16 6 12 10 0 23 2 23 13 10 0 27 28 7 8 17 9 8 18 2 4 19 11 11 30 1 1 11 14 12 11 5 22 8 6 9 4 5 28
22 16 3 3 20 30 30 13 12 5 22 7 4 4 15 25 21 26 7 8 10 28 23 15 5 6 22 24 19 14 6 14 4 23 24 18 0 3 25 12 9 29 7 10 23 9 9 22 28 27 27 17 28 5 17 18 10 29 2 11 29 4 17
13 1 22 30 3 29 19 17 30 20 22 30 25 20 29 1 17 17 18 7 4 3 12 19 25 19 12 5 4 6 14 3 24 8 8 28 21 24 23 7 9 13 5 9 10 3 20 12 13 10 0 16 30 24 0 30 23 25 14 26 24 20 0
28 25 16 28 26 15 23 7 18 18 8 19 27 3 25 28 17 29 3 30 0 19 8 7 11 9 28 0 30 0 29 5 21 9 16 5 15 11 6 18 21 18 16 29 16 7 14 10 5 29 13 14 28 17 2 14 21 15 7 0 21 4 7
23 7 11 6 5 30 19 12 15 11 6 25 28 28 29 17 30 8 19 13 18 5 7 9 22 15 28 28 2 21 9 17 0 11 11 29 26 3 23 5 13 19 14 16 5 11 20 8 18 10 28 6 28 9 5 2 20 0 27 14 26 15 3
