64 64
28 3 15 16 0 7 30 28 15 8 24 18 13 23 11 15 14 13 19 10 6 15 23 30 28 13 6 5 14 16 21 18 6 29 25 30 30 19 7 7 7 20 0 29 29 9 24 9 10 22 25 1 15 30 5 20 18 23 12 26 20 29 25 16
21 8 17 3 14 8 6 18 14 15 22 4 30 14 14 18 5 7 29 26 18 15 29 14 10 15 11 7 11 4 25 1 18 9 25 28 17 18 7 27 25 11 24 7 17 25 30 5 8 1 29 2 6 1 4 15 7 8 24 13 11 23 12 30
23 14 30 16 16 26 28 6 2 27 0 3 23 12 29 18 23 17 13 19 28 7 18 4 17 26 23 30 2 13 29 27 5 9 26 14 28 8 7 10 4 15 17 2 6 21 17 9 3 14 28 18 6 27 25 18 24 13 28 19 8 5 0 25
21 14 24 11 17 5 15 5 15 5 23 12 3 0 21 8 10 5 19 19 14 14 17 18 4 10 3 28 15 0 1 7 19 8 3 20 12 19 5 7 0 2 7 21 5 5 7 9 17 27 12 4 23 12 13 10 4 18 23 17 30 10 29 18
4 14 12 5 0 23 15 19 24 11 6 2 18 23 13 21 8 23 13 28 24 7 16 15 2 28 25 9 11 13 16 17 22 1 27 6 4 18 29 21 4 15 8 14 6 19 10 5 20 29 8 29 10 14 2 1 3 2 29 20 14 17 27 7
9 0 2 6 0 19 4 12 21 8 3 1 23 25 20 11 19 15 1 3 8 10 25 20 20 27 26 9 3 25 29 21 24 18 23 12 17 30 26 11 16 12 24 15 18 23 22 5 20 19 24 26 13 26 10 10 19 21 19 5 0 21 21 28
10 11 1 27 21 5 30 26 3 24 10 0 12 0 25 20 21 25 2 6 22 17 3 9 26 26 26 29 13 25 13 29 6 26 8 14 9 3 4 3 16 14 22 8 16 17 20 6 7 7 4 2 2 28 14 27 25 25 23 7 6 0 7 29
25 19 17 4 21 11 21 9 16 17 17 12 18 25 19 15 11 19 7 6 14 2 4 7 3 14 5 11 7 22 16 4 24 10 4 16 17 20 15 25 7 14 26 30 4 25 15 25 29 17 21 10 21 8 4 23 2 25 24 14 7 1 10 26
24 28 25 3 16 21 13 19 19 0 17 22 9 30 11 2 1 18 19 30 23 20 10 5 0 4 18 10 28 1 20 19 22 30 20 4 7 4 4 2 1 0 8 19 12 13 12 22 24 16 23 11 19 3 30 15 29 6 14 10 27 28 4 28
20 9 26 27 10 4 0 26 2 8 21 0 6 21 26 21 14 14 19 15 21 11 15 18 8 21 29 8 24 5 13 27 2 24 10 15 6 23 20 12 8 11 9 30 11 20 18 21 8 11 12 10 1 21 13 14 7 9 20 22 26 6 13 13
7 0 23 4 9 11 25 8 25 9 7 3 23 10 28 3 9 23 23 27 4 0 11 14 20 4 21 25 23 19 6 10 5 13 26 7 15 22 15 29 28 13 5 4 10 13 25 0 23 30 23 30 18 9 1 11 18 26 24 18 5 30 28 2
19 13 0 17 25 7 9 11 12 14 2 22 14 27 17 18 26 27 8 9 26 17 10 16 10 18 26 30 7 18 11 26 28 22 30 4 6 22 15 20 15 6 24 5 7 17 26 6 15 11 6 8 26 2 30 18 22 28 7 21 6 27 3 2
5 30 21 19 21 9 19 17 9 21 21 27 15 29 8 20 8 12 13 8 16 23 17 14 8 10 21 9 10 8 15 2 4 29 13 13 28 23 30 5 20 3 20 26 22 13 20 14 15 28 8 21 27 27 22 2 5 1 7 17 11 15 27 8
23 12 7 28 25 23 6 20 23 4 19 3 18 14 28 11 26 22 18 14 16 2 17 8 12 26 2 27 16 22 15 22 8 3 14 18 9 22 30 7 22 2 2 21 4 8 23 29 7 7 30 20 17 4 26 19 18 24 9 13 27 10 1 28
0 13 28 28 5 28 23 10 9 8 12 30 7 23 28 13 24 21 9 3 13 24 21 23 16 20 7 16 30 26 2 23 20 2 1 28 15 21 17 12 30 9 11 30 13 28 23 16 8 28 26 23 22 2 4 4 5 16 9 27 6 7 0 8
15 5 24 8 28 4 21 20 25 19 8 27 21 18 7 7 8 5 12 9 20 17 1 17 17 6 10 4 10 5 5 8 24 26 5 7 29 2 5 11 2 21 3 22 6 20 11 12 8 7 30 8 30 26 1 28 8 11 21 9 27 6 2 14
24 9 15 21 11 3 26 5 29 30 8 21 9 1 5 4 2 1 10 16 2 18 21 24 27 2 4 16 15 14 25 30 9 1 19 8 0 12 2 21 27 25 3 8 25 14 24 29 26 25 2 28 29 19 26 23 19 12 1 20 6 9 0 16
11 2 21 11 24 29 12 22 10 14 30 11 4 2 22 22 4 1 26 18 7 3 27 6 2 5 22 12 2 16 2 4 1 28 4 6 19 0 1 1 15 20 19 19 0 4 25 28 5 4 22 13 1 5 19 18 7 1 6 4 0 10 25 22
15 11 6 15 12 9 11 27 20 5 20 8 6 2 11 28 1 29 12 27 29 0 0 26 7 29 16 15 7 18 15 28 2 21 17 26 2 3 9 30 18 13 18 29 24 27 12 2 9 20 13 11 9 9 16 13 16 10 15 3 5 29 13 10
19 8 15 19 23 12 6 3 7 25 22 23 13 25 22 19 13 0 12 26 20 25 28 13 4 12 20 22 2 17 17 5 16 20 8 21 4 22 22 17 26 21 26 6 16 8 1 18 4 4 9 9 6 27 2 13 19 28 11 12 8 19 14 21
18 20 9 29 5 3 22 16 21 28 3 16 15 3 27 26 5 23 20 23 26 16 6 19 1 19 15 13 19 7 9 9 3 24 25 0 16 25 22 20 5 12 7 9 20 0 12 5 3 17 16 20 8 23 28 8 17 13 14 18 9 13 5 8
6 2 2 3 9 20 16 14 25 14 17 7 2 15 12 2 6 25 26 27 4 20 4 12 6 29 16 19 5 20 15 18 13 21 3 4 6 18 19 24 20 25 25 10 17 1 17 25 23 15 26 5 18 21 20 20 18 25 28 10 24 6 19 5
29 30 20 20 11 8 18 16 26 30 15 7 26 12 9 4 19 21 4 18 17 20 20 19 10 26 10 27 14 3 29 16 25 13 2 2 19 27 11 1 18 14 9 15 4 6 18 22 7 13 10 25 0 21 29 12 18 18 25 19 16 17 26 1
26 20 12 24 0 9 10 5 26 24 16 2 4 7 23 22 5 1 27 6 13 2 8 22 26 17 7 8 8 23 27 8 5 28 28 0 23 9 28 29 28 3 18 21 15 1 13 12 18 28 12 27 7 9 9 23 7 4 18 28 20 6 9 13
7 16 17 24 3 3 8 14 4 8 28 18 13 23 9 4 30 26 9 28 29 29 24 14 15 30 5 18 10 21 14 16 10 30 14 28 27 23 29 5 3 20 29 8 24 19 2 0 5 29 12 14 25 3 1 3 18 4 25 6 27 15 10 30
12 18 6 5 9 6 2 3 12 20 13 8 22 17 13 26 29 19 20 24 29 0 20 26 15 10 26 14 22 0 15 2 1 16 8 7 23 26 13 6 20 1 28 30 28 1 16 13 19 10 19 4 25 17 20 27 12 2 20 17 11 4 7 17
9 10 9 21 27 23 3 24 12 25 8 9 21 22 10 27 2 26 5 3 17 27 19 10 29 23 24 20 19 6 7 27 7 30 21 9 15 27 8 15 15 2 21 6 21 20 15 15 8 20 9 9 2 2 27 12 24 30 26 21 23 7 29 26
17 25 24 6 2 8 20 19 26 7 6 23 29 30 29 3 14 19 28 28 20 3 20 11 17 26 8 23 9 29 27 26 29 28 25 13 19 9 0 19 7 2 18 22 12 26 10 28 21 29 19 20 21 21 8 24 9 8 25 14 1 5 2 9
9 11 16 12 29 23 28 1 13 30 29 0 13 14 26 11 28 13 27 22 24 29 24 28 0 23 21 28 17 8 23 25 22 15 1 26 29 3 10 4 20 28 10 16 26 16 0 22 9 29 17 6 16 5 18 12 27 28 14 26 27 29 21 6
22 22 10 5 15 22 2 7 18 4 5 7 20 22 28 23 18 12 14 24 1 19 1 27 15 7 28 4 19 6 3 16 23 22 5 11 14 0 16 10 7 24 11 5 25 0 5 30 20 23 11 8 27 7 8 10 5 15 16 23 0 19 21 0
13 27 6 29 19 6 12 17 15 18 23 5 7 12 10 28 27 15 21 7 4 20 24 10 16 3 22 3 13 18 11 5 13 4 21 15 15 4 24 13 16 0 13 2 28 23 0 30 29 5 7 24 23 29 16 16 16 17 2 20 9 8 3 0
7 27 2 25 24 17 29 4 11 16 24 26 27 26 21 18 9 24 10 16 29 21 12 17 13 30 20 29 2 4 2 4 25 28 19 30 1 20 22 20 4 4 0 23 23 21 6 6 28 0 7 28 11 10 12 28 20 10 15 8 8 27 27 27
23 6 19 7 11 17 28 26 21 21 30 16 9 1 16 16 26 1 10 15 28 26 1 20 22 7 18 15 26 23 29 4 1 11 27 28 27 29 13 27 14 8 21 2 10 5 0 14 29 11 4 15 28 6 10 7 0 29 1 19 13 16 13 16
8 17 26 7 27 27 22 26 6 24 25 3 13 4 9 12 1 13 28 22 11 25 24 11 3 14 1 26 7 10 21 26 24 2 8 14 6 16 16 18 29 16 10 21 28 26 27 7 8 28 21 27 10 9 2 19 25 15 8 19 16 13 9 23
12 24 9 0 15 14 6 15 25 28 0 26 5 28 28 15 5 29 1 29 26 28 9 24 12 1 10 21 1 29 25 24 14 21 10 9 17 8 15 2 27 20 11 3 21 15 26 25 11 14 6 30 11 28 26 4 26 4 10 22 14 26 23 11
20 5 28 11 26 5 20 6 16 9 14 15 5 28 23 18 21 11 16 29 27 11 19 10 22 14 8 1 1 7 8 18 13 4 8 9 3 30 25 28 27 9 24 7 20 18 21 25 19 2 0 1 23 3 16 12 22 7 6 6 29 24 27 16
19 30 26 6 4 11 1 22 10 25 10 18 17 10 9 12 6 27 4 23 26 24 7 19 4 0 18 7 7 26 17 26 11 9 20 18 26 12 5 4 23 7 19 17 13 20 18 25 28 25 6 23 21 7 23 13 8 6 0 3 0 13 27 16
18 6 26 10 5 6 6 17 11 23 21 12 9 1 5 27 17 19 8 4 4 14 1 6 28 26 16 8 30 28 8 2 24 26 19 13 28 13 10 15 21 18 25 14 21 18 1 15 1 11 14 13 5 0 0 26 1 19 14 0 27 4 23 25
28 9 28 27 10 20 22 18 25 26 10 20 1 2 17 0 4 10 3 29 8 27 5 19 26 12 25 14 20 15 20 22 23 28 30 27 29 17 13 6 28 20 22 12 6 21 30 19 24 1 28 5 22 26 15 16 14 28 14 1 13 24 10 29
13 11 4 13 5 22 28 17 23 5 14 21 2 29 17 22 19 23 20 16 7 24 24 3 3 19 19 5 9 8 1 9 16 2 17 13 11 25 23 8 27 17 27 25 29 25 8 15 4 19 3 1 11 12 15 15 26 0 1 28 5 0 2 18
28 7 30 7 15 2 17 23 13 21 12 23 18 1 27 28 14 21 7 3 30 24 5 4 30 18 19 6 26 14 29 28 22 17 19 6 25 3 28 21 26 5 10 21 12 5 16 27 28 12 25 26 2 0 12 14 18 9 28 26 5 27 11 13
25 11 16 14 24 8 24 21 18 0 14 7 25 20 3 8 1 29 8 12 28 14 25 20 14 19 18 4 18 28 5 22 6 11 24 29 11 20 1 13 14 11 23 11 17 12 17 3 9 12 8 4 4 23 0 11 23 26 6 1 20 17 13 2
23 1 9 10 7 14 21 20 24 9 16 0 8 3 13 8 28 8 16 10 4 15 29 1 18 23 9 18 22 19 2 5 27 25 2 27 17 27 13 19 29 2 15 14 20 12 29 18 15 3 16 28 5 23 13 22 28 24 25 14 22 4 20 18
12 11 22 1 4 27 13 6 13 24 19 11 9 9 16 6 13 9 4 9 17 14 0 18 20 7 28 15 10 23 6 11 21 13 19 26 19 26 3 23 13 3 1 11 1 11 5 16 6 24 22 20 5 10 2 26 0 12 24 12 17 26 8 26
4 8 25 29 14 17 19 0 10 13 2 12 15 14 0 11 2 5 9 12 28 21 5 3 15 7 26 15 29 22 6 26 25 16 25 30 0 28 27 6 18 20 18 21 27 11 8 4 5 13 19 14 0 27 3 28 18 0 12 26 10 2 28 22
1 14 2 21 7 25 1 6 30 21 29 15 26 11 16 0 30 25 30 16 14 8 0 28 7 6 26 24 8 24 18 0 8 2 11 24 2 23 10 12 28 18 18 3 25 11 24 21 20 20 17 28 10 23 24 18 28 3 0 24 30 19 25 14
8 9 9 13 0 14 29 24 26 5 7 4 15 5 8 8 19 15 0 30 18 5 19 2 15 28 21 22 14 0 18 25 1 29 7 22 0 3 4 7 11 24 3 28 16 13 22 26 4 13 6 13 21 21 24 12 17 30 21 14 0 10 6 3
15 19 22 19 29 11 13 3 6 8 6 21 14 20 8 7 27 13 9 18 5 11 15 22 9 21 25 0 0 23 13 19 17 9 24 27 16 1 20 9 4 11 14 11 11 19 24 28 12 12 27 11 21 2 22 16 10 1 22 5 21 23 19 23
6 15 22 25 13 12 27 29 26 25 22 12 16 5 4 8 15 24 27 6 9 26 16 8 2 17 17 0 26 5 14 26 21 14 5 11 24 15 21 24 30 16 20 24 17 5 15 29 24 5 23 25 23 10 4 28 6 0 10 11 5 5 20 0
27 30 3 2 0 27 30 10 23 26 10 30 15 10 0 18 29 3 25 23 15 5 23 8 23 24 16 14 10 23 2 11 12 12 12 9 14 21 1 22 0 24 8 0 12 28 25 5 15 4 3 5 28 19 23 0 9 1 29 23 20 4 13 27
29 3 16 18 8 7 11 4 19 4 13 27 0 17 3 14 22 23 0 7 6 16 21 25 4 23 29 4 13 21 24 29 30 13 9 5 0 22 21 15 12 12 6 19 9 28 3 11 7 24 7 17 4 29 17 1 20 15 8 0 26 25 1 16
21 0 12 9 28 14 1 29 25 20 9 5 27 12 20 20 1 22 12 25 10 0 17 19 19 0 0 3 10 14 9 3 13 12 10 19 28 5 21 15 29 23 21 8 12 18 26 23 24 30 19 28 10 11 5 0 8 0 19 11 10 21 6 28
23 15 22 0 18 12 27 18 28 16 18 4 28 1 23 3 0 12 1 4 8 26 7 18 14 16 22 17 21 23 17 22 29 13 17 16 14 0 26 26 7 3 28 13 7 5 29 11 3 21 28 17 17 17 15 17 17 12 21 0 27 25 24 15
26 26 16 17 2 6 21 15 25 0 27 9 12 19 20 11 30 3 6 8 2 3 2 11 23 12 0 30 25 15 11 10 20 10 13 6 11 17 19 3 28 24 12 26 15 16 14 18 5 14 30 13 16 0 27 7 2 20 2 30 0 6 13 19
25 6 7 22 11 8 4 14 23 0 17 15 17 0 17 5 20 15 26 14 2 3 0 0 13 28 22 25 13 5 20 26 20 25 17 7 15 24 24 3 12 6 11 13 24 6 11 10 24 3 18 1 22 14 14 24 15 0 15 2 15 7 5 14
20 19 28 20 8 24 7 13 21 6 20 0 9 24 16 16 8 20 10 24 29 25 24 8 15 27 9 6 15 9 21 8 15 18 15 18 2 2 12 1 22 16 16 4 28 10 29 30 26 25 19 10 5 6 26 13 8 21 23 16 0 16 29 29
18 0 13 19 8 23 4 22 14 2 11 23 29 26 12 17 5 9 26 12 7 16 26 13 10 16 12 3 9 23 5 4 25 0 28 17 7 27 9 8 16 28 3 15 17 21 0 28 9 30 25 10 18 15 19 6 21 8 0 19 23 5 11 24
17 3 10 15 26 5 10 22 24 28 26 11 20 22 12 6 18 5 17 18 25 23 9 8 28 1 6 15 15 10 6 29 3 30 23 3 18 3 0 23 20 7 20 7 9 18 21 2 22 20 16 14 11 13 28 15 19 20 16 30 21 12 28 30
18 18 20 25 0 14 26 30 19 8 18 24 15 29 2 15 8 1 11 9 30 2 25 5 20 20 15 17 27 8 3 23 18 26 21 18 0 13 11 2 23 13 12 6 8 12 24 21 8 7 21 17 10 13 3 8 25 23 9 8 9 27 14 13
22 28 4 6 29 26 7 3 21 15 24 28 18 30 14 29 19 1 5 25 12 17 22 7 12 6 22 26 13 6 26 26 10 29 0 29 10 24 12 19 18 30 30 0 1 13 20 21 17 7 17 17 30 7 24 20 14 17 14 20 10 0 10 4
25 19 22 6 15 22 18 16 25 9 28 27 19 3 16 22 25 9 25 27 0 5 14 29 24 17 6 12 22 18 5 21 4 1 4 23 28 22 1 26 11 1 11 16 12 9 23 14 7 19 16 24 27 11 17 30 22 27 21 20 17 11 1 8
1 22 13 3 6 8 21 7 17 29 3 17 8 20 7 14 7 25 11 4 30 18 16 6 8 4 2 4 28 11 27 24 9 16 20 12 14 8 18 28 13 21 27 19 5 24 4 22 29 15 4 25 20 23 13 3 18 7 22 16 1 22 1 17
6 5 1 1 30 16 20 24 16 5 14 7 13 2 3 3 10 19 12 6 8 5 20 1 5 13 18 26 7 24 15 29 10 0 0 21 20 11 28 15 29 13 11 21 6 4 12 13 3 29 27 4 23 24 1 1 10 29 27 16 15 12 11 23
9 5 1 9 18 26 20 5 11 30 5 18 13 2 26 7 10 20 14 20 22 23 15 25 19 8 18 3 6 12 7 24 0 18 23 16 0 7 2 9 18 6 21 11 1 5 13 24 17 25 15 14 21 21 14 22 16 9 9 17 26 7 3 20
