68 68
29 17 29 13 3 27 30 10 7 28 4 2 14 6 22 28 7 23 15 9 20 10 15 27 16 30 21 30 16 2 27 5 15 5 5 10 4 15 17 0 1 24 4 30 10 4 9 4 27 2 28 23 6 7 1 19 20 5 24 1 22 1 13 8 21 27 5 27
28 22 19 16 27 27 10 8 18 16 14 9 3 3 15 20 29 11 1 14 8 3 11 23 28 0 15 30 13 25 23 29 14 12 3 4 24 0 19 1 6 6 30 26 15 18 15 14 22 17 22 26 27 28 29 30 17 0 24 14 10 24 30 25 15 9 10 22
19 18 27 30 5 26 4 8 29 11 7 14 12 0 29 26 11 11 17 10 8 26 9 5 22 1 14 29 22 5 15 16 29 19 13 28 11 12 11 13 9 12 26 13 10 24 24 9 3 5 26 23 6 10 11 23 18 26 15 23 4 1 19 7 3 15 3 19
7 26 4 5 16 4 7 13 17 4 0 15 8 20 7 14 24 4 22 0 28 11 10 0 1 3 15 4 8 16 2 25 17 10 28 17 28 8 25 24 27 23 25 14 9 15 14 27 2 19 16 1 21 4 6 21 14 22 10 9 0 23 3 1 5 18 1 3
15 4 10 3 25 4 10 22 7 14 28 7 29 3 6 2 8 16 27 30 21 25 28 13 15 3 3 4 5 23 15 6 16 15 14 10 30 0 13 1 24 22 24 10 2 16 18 23 24 14 7 2 4 5 15 18 12 12 7 18 14 15 5 0 23 11 1 5
30 30 6 16 25 8 14 23 30 0 26 20 20 2 6 8 15 1 22 13 3 24 13 25 25 7 29 17 20 26 27 19 11 25 3 28 1 8 21 27 16 10 14 28 16 12 28 21 12 30 4 14 6 1 18 0 12 18 23 4 13 17 27 13 28 22 3 23
24 11 27 12 20 28 21 1 20 18 11 16 2 25 5 9 26 0 2 30 30 4 18 11 11 29 10 17 1 27 13 2 20 4 26 22 3 13 17 17 16 16 24 23 17 12 29 25 9 0 15 3 6 8 17 15 28 8 0 19 0 6 5 22 1 5 0 29
0 1 18 5 22 26 13 9 25 19 9 27 26 20 27 25 29 30 2 29 8 14 14 11 14 23 30 8 26 15 21 14 21 9 5 26 13 18 6 11 15 14 28 4 27 21 17 15 26 18 0 28 21 23 23 5 16 13 0 22 22 12 12 4 13 29 1 18
1 20 0 29 10 22 17 19 7 30 25 28 1 2 21 30 16 16 5 16 28 4 12 8 0 12 16 19 3 15 11 2 30 2 24 12 30 30 16 24 10 11 1 8 23 18 18 7 9 5 17 27 5 3 15 25 21 7 22 29 30 23 0 15 5 24 13 30
22 18 21 27 3 15 17 4 9 1 23 29 15 15 26 0 8 24 4 5 2 13 26 10 19 15 12 9 18 17 29 23 12 15 8 21 19 8 22 15 3 12 0 22 23 12 2 4 27 13 10 26 1 19 25 21 12 11 21 27 10 21 10 9 30 1 20 30
12 18 19 28 18 16 29 15 3 12 17 5 18 6 26 7 13 15 28 4 7 2 12 19 12 11 10 7 20 30 0 4 23 9 30 22 22 16 20 28 0 23 26 16 23 21 24 30 16 18 3 26 0 12 2 12 30 9 18 7 22 29 6 9 0 28 18 17
0 29 13 23 9 13 17 30 20 13 23 12 19 10 27 30 4 7 13 2 20 21 26 8 25 20 13 21 10 27 15 30 11 27 22 24 6 12 10 20 12 19 12 7 11 12 17 4 12 0 10 24 18 9 14 12 24 9 1 5 4 12 4 4 19 6 10 26
0 22 10 4 27 30 0 8 11 19 2 30 25 26 15 28 24 5 15 8 10 28 30 12 26 2 26 6 12 13 7 14 0 13 18 21 8 6 18 3 25 5 4 2 2 6 22 30 14 28 11 13 13 2 12 10 19 5 24 24 11 7 20 4 14 0 16 16
28 28 30 26 21 22 22 23 12 23 0 12 8 11 24 10 0 3 29 13 30 30 5 13 0 11 1 2 27 1 21 2 19 25 1 15 28 20 11 23 28 22 11 19 12 29 17 15 21 15 17 23 13 22 15 5 4 7 2 29 19 14 15 3 18 5 26 27
16 26 16 1 21 4 22 19 0 8 16 1 25 4 24 25 6 23 23 8 20 11 11 17 17 27 17 4 2 5 25 30 13 24 22 27 21 5 6 26 21 5 16 14 14 2 19 9 20 24 30 27 16 26 25 8 4 1 19 28 7 26 11 24 19 30 26 28
28 12 13 10 4 6 5 6 14 3 6 5 10 11 15 11 19 4 17 18 5 21 23 16 30 3 24 5 28 18 8 13 18 5 17 7 29 26 30 16 3 8 17 13 23 6 10 12 20 20 27 12 2 23 6 21 17 3 23 21 19 12 2 26 30 14 3 19
24 15 13 7 13 24 24 19 3 11 24 4 21 27 7 10 29 18 25 28 17 7 25 12 16 5 28 21 8 12 23 23 29 9 23 12 23 29 4 4 10 16 24 23 16 17 18 20 29 17 2 7 7 23 0 30 1 3 1 5 21 18 3 19 25 23 8 12
6 20 7 22 13 8 6 7 9 23 16 9 18 5 10 0 24 9 30 10 8 28 1 16 7 21 22 7 28 6 0 22 19 17 25 0 0 0 6 15 29 9 16 8 23 25 2 16 10 19 10 17 2 11 28 25 5 15 12 7 12 19 27 10 2 12 11 8
5 4 19 3 9 6 13 5 16 8 4 30 24 18 2 5 28 1 25 11 22 12 21 1 27 17 8 16 21 29 3 14 14 14 12 9 5 21 29 30 9 26 24 3 4 17 16 16 4 5 18 14 23 1 17 2 1 18 18 12 17 27 19 28 6 7 18 22
6 4 11 25 1 26 3 24 16 6 23 10 29 0 10 14 4 10 18 26 7 2 20 8 24 5 11 19 17 1 7 18 24 6 11 18 26 0 14 12 18 13 16 27 29 27 26 3 20 16 30 17 14 1 16 14 11 0 1 22 27 10 14 17 26 8 17 25
20 9 25 0 20 7 22 23 0 7 17 1 21 9 20 11 27 29 14 12 25 1 5 2 13 23 28 14 7 21 7 15 21 15 13 8 7 23 7 7 21 9 15 2 25 17 25 16 7 16 8 11 8 27 3 17 29 25 27 11 7 25 25 16 4 29 2 10
12 11 18 20 26 9 15 18 15 24 21 8 29 19 7 3 10 30 21 8 29 26 16 14 16 25 2 0 24 7 12 12 28 9 19 18 21 25 12 24 25 9 27 20 6 13 1 16 25 8 4 25 2 22 13 10 19 2 30 8 29 18 16 12 18 9 30 3
18 25 24 18 1 19 0 5 24 16 21 17 7 3 3 3 19 29 22 6 8 23 7 14 18 10 14 0 18 29 5 12 30 21 22 29 1 10 20 27 12 1 23 17 0 18 20 29 24 18 26 23 20 13 2 26 17 15 16 29 29 25 21 9 1 13 28 9
0 28 11 11 4 9 7 17 4 16 17 27 20 14 29 1 5 12 18 4 27 28 4 19 30 26 19 7 10 17 22 15 10 7 17 8 14 15 22 27 14 7 28 26 3 0 26 7 4 2 13 15 1 19 19 18 17 29 22 27 28 26 20 6 3 24 1 6
21 25 9 24 1 24 12 24 12 28 5 15 30 0 13 12 4 16 25 19 7 12 1 7 0 12 27 15 14 7 5 6 8 8 10 6 11 27 14 0 28 24 11 15 19 23 30 2 26 19 1 27 12 12 2 22 20 4 27 17 24 4 8 17 20 6 16 26
2 23 21 26 15 19 26 6 25 8 18 30 28 10 19 3 9 30 18 27 21 18 21 30 17 3 17 27 16 12 22 25 30 26 14 25 17 22 27 16 26 16 17 23 16 26 9 16 26 28 10 4 9 10 2 12 5 6 8 13 27 19 27 4 7 15 25 13
3 6 8 17 0 24 27 0 13 10 5 5 15 1 25 14 15 9 2 5 28 1 14 2 11 25 17 1 12 3 11 28 4 29 16 13 15 21 23 1 12 18 21 25 6 27 25 14 19 4 5 17 6 1 16 19 25 18 24 5 14 10 19 2 27 19 4 8
21 26 26 2 5 26 9 22 22 22 27 3 15 8 25 1 28 6 18 11 4 30 26 23 6 27 2 23 29 22 7 25 20 18 16 22 9 11 22 15 15 27 10 10 24 21 8 12 4 2 0 14 7 1 29 20 17 17 13 29 0 8 1 5 10 9 2 29
2 24 10 11 26 13 22 15 16 9 9 5 14 29 13 21 30 28 14 15 5 14 12 21 28 21 21 27 14 3 3 5 9 14 12 0 16 27 0 0 3 19 17 22 24 3 16 4 0 21 22 16 0 17 0 0 18 30 17 22 29 8 30 10 28 16 16 19
10 30 6 11 27 4 0 14 7 13 13 20 22 1 16 3 28 21 18 16 16 0 13 4 15 15 27 15 10 3 5 30 21 5 2 6 17 9 16 29 17 29 21 12 19 5 20 0 20 30 23 25 19 11 3 19 15 23 22 6 5 3 21 3 10 16 24 8
24 28 29 8 13 9 10 26 1 13 18 9 7 17 13 1 28 4 11 22 6 24 5 24 30 22 24 9 22 3 16 4 26 8 2 8 2 11 24 24 0 19 30 8 18 13 22 27 1 19 5 3 12 16 13 2 16 12 14 30 21 24 2 16 12 23 8 21
7 12 15 18 8 14 18 15 22 30 13 30 17 8 25 21 12 15 30 9 10 9 1 2 26 28 27 22 27 27 29 20 27 24 1 3 4 6 29 25 10 30 17 21 16 8 8 19 21 28 15 25 27 13 0 19 7 17 10 17 26 13 2 28 16 9 18 18
14 18 19 16 19 25 9 22 20 9 30 28 7 8 12 7 25 14 23 17 27 7 1 18 1 17 22 8 1 9 30 26 12 1 20 18 9 2 16 21 11 9 11 14 11 13 19 15 1 0 23 8 13 9 20 6 0 25 24 10 7 0 30 20 19 4 12 23
4 24 10 24 17 12 1 21 20 28 14 1 5 6 5 22 9 3 26 27 16 2 27 26 16 8 2 26 18 30 26 21 4 12 29 16 10 5 14 16 15 4 17 23 3 23 17 21 24 27 22 18 15 26 7 24 23 2 5 10 29 6 28 23 15 24 25 27
18 29 15 0 2 11 23 28 17 12 24 25 2 7 6 24 24 21 5 28 25 10 27 25 9 4 18 18 15 6 0 14 13 17 8 0 10 26 15 15 17 16 14 14 10 22 4 11 30 0 24 6 19 11 29 18 2 8 29 18 20 1 15 10 23 12 24 20
29 1 24 29 15 8 26 20 3 14 22 18 1 2 24 4 5 8 6 1 4 17 25 19 0 30 22 2 16 28 10 21 2 17 5 25 6 22 3 3 26 28 30 5 15 28 26 12 1 6 27 0 2 11 18 5 21 29 29 12 11 28 0 16 0 6 4 12
21 18 1 9 18 26 3 9 14 0 17 8 17 11 16 17 15 8 8 15 6 5 18 27 20 6 30 9 7 21 14 23 16 4 24 7 20 11 26 10 13 1 22 27 2 19 20 14 22 20 13 19 5 13 8 30 19 20 28 1 11 16 19 22 9 24 8 16
10 28 21 9 7 23 0 11 4 16 12 30 27 10 13 28 16 8 0 26 28 18 2 6 27 3 15 7 0 15 19 21 11 2 26 12 7 1 17 30 9 14 22 16 13 8 26 22 19 6 5 30 13 23 7 25 13 10 5 28 4 21 23 19 20 23 23 0
17 2 25 11 22 22 24 22 29 11 1 26 14 9 2 22 30 17 0 8 8 28 19 6 6 22 15 2 12 11 8 26 28 29 9 9 25 14 16 27 1 25 20 13 1 28 14 14 11 23 15 12 6 19 27 14 29 20 27 23 3 19 18 21 25 17 3 13
16 19 1 15 27 0 6 27 1 6 14 29 19 28 13 14 19 26 25 13 28 7 16 29 0 18 30 5 24 8 21 10 15 20 0 20 30 3 16 21 30 19 17 16 1 7 11 0 28 12 25 4 11 30 27 12 3 13 21 14 29 7 28 28 11 3 7 10
22 16 8 0 28 10 3 24 18 9 14 3 6 25 19 8 12 19 27 28 18 29 19 25 28 24 25 12 15 26 9 19 23 17 7 2 2 23 21 19 12 20 17 13 0 2 2 29 5 21 21 24 10 11 15 21 11 2 30 5 2 30 9 9 5 18 28 16
23 25 3 6 5 12 19 1 21 12 28 23 10 12 4 25 25 24 25 25 20 10 24 5 5 21 2 30 12 18 24 27 28 28 18 13 6 13 30 26 11 4 0 8 3 5 29 22 21 16 2 30 14 11 17 19 4 1 8 1 20 19 29 18 10 24 10 9
2 14 23 5 24 30 26 27 29 2 25 19 15 18 9 25 21 25 27 17 17 1 18 25 21 12 16 8 0 17 20 29 22 21 0 22 18 1 5 27 12 28 13 26 1 23 1 4 5 18 10 1 26 5 12 3 2 11 20 15 16 1 22 29 3 15 29 0
29 21 6 4 21 11 6 14 26 28 20 5 6 25 30 5 18 5 26 6 10 18 8 18 26 11 11 21 15 30 15 20 16 26 14 6 26 20 11 11 15 16 24 13 13 27 9 6 17 21 0 17 1 13 1 23 15 0 10 20 12 8 1 28 14 10 20 0
19 12 11 3 23 14 27 24 9 27 5 29 27 24 12 6 8 4 2 2 1 22 18 19 13 17 2 13 20 16 28 9 8 19 18 21 19 13 5 12 19 23 20 7 15 24 29 10 10 5 13 30 11 17 16 1 9 2 6 16 20 27 0 21 7 24 15 26
2 22 3 16 21 10 11 14 23 28 9 12 7 17 18 24 0 10 27 27 10 13 10 24 29 15 29 1 11 15 27 30 7 29 0 6 20 11 20 5 5 12 10 15 0 28 5 17 0 0 0 10 19 15 6 16 12 25 20 30 25 29 7 25 11 1 10 23
7 23 22 28 28 6 1 20 11 1 12 13 29 23 14 29 1 19 1 23 29 19 19 13 18 2 4 12 22 3 5 29 7 9 7 20 14 8 9 4 11 17 7 2 26 21 21 1 11 15 17 14 20 6 29 18 4 10 14 9 0 28 23 22 30 12 24 3
22 6 30 14 2 19 3 19 18 4 18 8 3 30 28 23 20 18 9 5 5 14 1 18 29 14 19 16 24 16 14 12 18 25 16 29 13 14 17 14 20 11 27 28 27 19 20 24 13 22 23 19 9 28 2 15 4 4 23 6 25 29 25 14 23 7 8 2
1 24 7 18 16 11 24 26 9 2 19 1 4 14 6 10 30 24 0 17 18 1 10 22 27 15 24 10 22 18 8 7 13 19 2 18 0 17 8 4 17 2 26 11 14 0 2 15 4 13 0 4 20 15 2 30 20 24 20 20 11 7 22 24 20 9 26 0
20 23 17 18 17 27 15 29 1 0 14 14 2 10 27 21 21 28 6 14 2 15 21 29 27 5 16 26 6 16 16 3 4 1 13 29 9 3 28 15 28 3 7 25 25 4 5 24 3 16 17 11 26 6 4 20 17 9 20 3 29 28 6 26 8 6 25 26
10 12 1 21 14 6 5 11 0 7 15 5 13 19 21 22 6 15 18 6 7 30 20 11 12 13 21 3 3 8 29 23 28 16 1 23 23 22 20 16 8 24 21 28 29 25 5 18 23 15 7 7 7 29 23 10 28 1 30 4 23 20 15 0 23 29 1 30
0 11 17 2 28 24 18 0 7 10 4 18 3 4 9 16 24 0 10 22 6 7 22 15 1 30 20 4 12 15 14 13 22 22 16 0 0 13 29 25 11 5 10 2 28 13 20 4 29 27 29 7 16 19 23 13 24 3 21 13 21 21 14 3 9 18 23 7
13 4 26 17 26 22 20 25 8 20 3 8 21 14 27 11 12 22 15 25 7 28 23 27 30 29 7 0 13 0 9 20 27 15 14 11 24 4 10 17 16 4 26 14 7 26 28 14 1 25 14 25 15 29 1 26 8 28 6 10 9 30 15 24 9 21 26 26
10 8 26 18 21 20 10 2 4 28 4 9 20 29 27 14 2 25 22 25 23 16 10 2 1 1 10 30 27 23 25 7 25 30 11 6 30 14 6 8 29 5 12 17 14 11 30 18 9 2 10 20 3 15 14 4 1 21 15 4 29 2 11 26 2 5 12 28
4 14 3 23 0 29 16 13 9 25 5 21 4 15 27 14 26 23 27 17 13 28 3 29 30 25 2 22 16 6 14 25 29 7 2 12 20 7 22 5 30 11 29 21 29 8 2 8 7 15 11 28 20 29 21 5 18 16 6 0 30 15 10 21 4 5 18 3
23 4 17 24 20 26 18 6 20 30 26 0 5 8 10 24 0 6 3 28 8 10 12 10 11 4 19 16 26 28 10 16 23 11 18 6 3 22 19 23 7 29 8 15 17 14 0 27 3 11 29 24 19 0 23 6 17 26 0 0 15 11 19 15 5 27 26 23
19 13 8 3 1 15 12 18 27 7 5 11 22 10 26 3 17 20 21 14 13 21 21 11 23 19 28 25 13 3 2 29 13 21 8 2 20 11 20 8 23 26 17 11 8 25 26 27 23 16 22 18 9 28 26 3 12 23 10 23 12 5 20 1 25 2 23 23
28 22 13 30 6 5 28 5 27 15 15 20 10 1 11 2 17 28 0 23 14 6 11 21 20 1 27 19 0 6 17 1 25 25 29 29 8 22 15 2 3 27 26 6 13 11 23 17 13 17 19 16 22 8 17 15 10 8 12 18 19 22 20 3 5 25 3 2
21 24 14 27 14 3 14 23 0 24 22 22 13 24 5 25 25 13 17 0 14 25 27 11 3 29 26 17 30 20 25 11 18 19 26 6 24 0 17 14 17 18 23 16 14 30 27 14 24 20 26 2 16 4 8 18 19 9 14 19 28 0 30 10 29 4 20 10
0 30 24 18 13 19 7 21 18 2 5 13 23 26 26 25 29 5 9 14 23 28 13 26 19 19 23 16 7 6 2 21 22 2 0 29 23 19 26 15 23 6 8 17 30 19 0 9 12 20 14 20 23 26 9 5 17 22 16 28 15 2 4 4 28 6 24 23
21 26 22 17 3 11 28 2 17 18 24 26 10 26 1 6 15 23 11 3 27 23 18 18 20 7 8 20 20 22 28 20 17 14 28 21 2 27 20 21 2 9 30 30 18 26 21 12 15 4 21 10 22 5 14 5 5 30 13 12 9 22 13 5 5 27 8 11
29 29 29 29 11 22 30 24 22 7 8 27 4 2 10 18 0 15 24 26 7 0 23 28 28 7 26 17 22 9 1 24 28 3 21 18 26 25 16 2 6 15 15 2 13 18 12 21 15 2 18 15 11 16 16 26 15 21 3 8 30 16 27 12 22 9 10 27
16 28 16 20 4 5 21 4 1 14 9 10 4 2 27 26 21 27 0 10 1 0 26 8 8 17 4 19 21 25 17 17 16 22 1 10 10 27 30 19 10 9 20 2 28 13 1 1 8 6 19 2 22 5 17 21 5 13 10 7 10 0 22 25 17 7 19 9
7 8 26 2 5 29 18 12 5 27 9 9 28 30 17 25 13 12 17 6 2 11 25 23 10 23 19 17 15 20 16 4 24 11 19 17 17 1 10 1 14 6 29 20 19 15 23 9 28 27 13 14 15 17 7 25 20 20 1 26 30 7 19 9 4 10 25 23
22 7 2 21 21 4 27 7 17 17 22 13 27 16 20 21 30 17 18 28 28 29 30 28 5 29 25 15 28 0 30 29 20 12 18 2 13 6 19 0 26 25 16 6 13 13 25 22 11 13 1 29 12 1 0 0 15 5 9 1 4 15 29 23 15 10 24 14
14 10 17 8 20 20 26 11 27 2 30 12 23 2 10 0 10 4 24 22 22 28 11 2 6 0 11 1 7 14 29 17 24 20 9 3 18 9 10 21 23 18 12 29 3 29 7 21 16 1 23 13 21 13 10 12 10 22 20 18 14 11 11 1 27 25 23 13
2 25 6 9 17 22 27 19 24 8 16 9 16 8 8 4 7 24 14 5 29 11 22 8 16 18 14 30 9 14 12 1 11 8 23 30 14 18 10 8 1 22 25 18 18 14 3 25 13 3 19 22 18 5 12 22 8 12 28 3 19 9 23 20 0 22 0 28
16 9 25 21 7 14 19 9 26 19 9 30 28 10 16 11 16 20 10 24 1 7 19 5 5 7 18 20 30 21 25 8 28 17 0 7 23 22 23 26 13 14 1 6 4 24 4 27 28 16 2 7 24 29 0 25 20 11 11 9 11 2 25 5 17 28 7 24
