76 76
21 10 5 13 1 0 7 29 28 14 19 17 1 28 20 21 29 6 10 10 20 7 20 4 22 21 2 16 10 0 17 16 20 20 20 17 10 28 6 14 26 21 5 9 4 1 0 30 30 28 19 25 0 2 3 3 25 4 2 18 12 18 14 25 15 4 17 8 7 6 1 25 21 3 23 7
7 21 24 30 3 30 1 1 22 23 8 1 26 2 14 12 16 7 17 27 21 25 5 15 6 17 30 24 3 25 0 19 5 8 2 11 1 11 16 22 17 25 1 30 18 4 1 12 27 18 26 26 9 0 0 28 12 2 17 11 2 13 11 10 21 12 3 28 9 14 10 8 1 27 4 16
16 27 5 28 25 7 12 14 26 12 17 14 5 17 7 21 11 0 16 26 20 25 12 1 3 12 4 1 8 22 5 19 7 19 29 19 3 1 29 0 17 27 13 16 22 7 18 17 23 20 21 18 24 25 12 18 7 15 27 0 21 23 24 26 15 22 23 14 29 6 9 11 23 17 24 19
12 18 9 0 9 19 15 27 28 22 11 7 0 9 10 25 27 23 13 30 5 6 11 21 1 15 16 22 11 3 26 3 7 4 29 20 11 5 8 21 19 16 18 9 21 20 22 19 27 7 28 21 11 16 1 24 22 4 20 24 14 1 4 17 26 13 29 19 18 18 3 16 22 26 24 9
22 7 4 19 2 22 30 9 20 1 15 20 13 21 0 15 14 22 18 20 26 0 17 22 0 11 26 7 25 3 30 22 0 10 5 30 28 10 19 5 1 11 8 5 14 4 8 12 27 13 6 28 7 14 20 26 25 15 6 12 6 8 10 13 20 24 3 12 1 29 3 28 16 21 10 20
20 17 26 2 16 6 12 1 11 5 7 4 9 2 18 29 19 26 22 3 11 11 14 17 17 5 21 16 12 4 26 22 11 17 17 28 15 15 24 21 28 21 23 30 15 0 13 28 21 21 22 18 15 26 2 8 26 29 23 8 30 12 3 23 28 18 26 24 16 15 5 5 24 18 19 11
22 23 21 3 9 6 11 12 26 3 6 7 23 13 14 27 16 14 10 12 12 11 12 16 27 20 22 23 26 18 23 8 22 23 5 4 17 16 18 29 22 17 28 22 14 20 22 20 17 18 19 1 14 1 15 26 1 22 21 1 6 30 0 17 24 24 21 2 3 4 14 19 9 13 14 29
10 18 17 7 17 9 6 25 2 8 18 11 21 27 13 12 2 28 19 15 30 11 4 12 2 28 25 17 11 24 27 21 21 14 15 24 7 21 5 1 21 17 14 4 8 23 18 19 29 9 22 3 25 16 16 4 19 5 14 25 11 18 15 10 19 2 8 24 16 6 20 7 22 2 20 20
5 18 0 15 6 14 15 3 17 12 5 8 22 21 27 12 26 21 24 0 16 0 26 10 29 6 27 20 17 21 27 1 18 16 27 18 27 9 7 18 26 10 3 0 28 3 21 19 20 2 20 24 21 4 4 14 5 0 7 14 16 4 20 8 13 12 26 5 11 14 22 6 21 20 25 30
17 5 10 19 18 8 2 9 24 16 21 1 1 5 16 24 30 13 8 18 10 19 29 14 0 25 4 20 22 11 22 4 1 18 24 28 19 2 24 17 21 12 24 20 24 20 20 12 28 16 24 29 26 10 3 26 25 27 16 9 6 21 20 10 16 10 11 4 23 0 9 25 29 7 8 27
25 16 8 3 10 5 25 27 12 4 28 2 16 7 16 12 13 19 25 19 23 24 21 17 13 1 17 26 18 12 14 19 26 4 10 25 5 3 17 28 5 6 29 13 21 25 16 28 7 16 3 9 15 18 24 27 14 5 4 13 27 11 12 1 24 23 7 12 21 21 23 6 15 30 4 30
8 23 15 19 21 4 29 2 21 7 6 23 26 29 17 4 28 30 12 17 2 25 1 21 25 8 14 30 13 15 30 3 18 23 18 19 23 28 19 29 5 21 12 26 16 2 5 16 16 8 12 4 6 27 26 11 8 2 15 4 4 22 5 20 13 6 8 16 12 29 25 14 6 6 0 7
5 20 7 14 14 20 25 30 12 20 2 0 8 22 6 28 18 7 12 8 6 20 29 7 10 16 5 0 0 17 28 10 8 28 27 19 9 2 5 25 7 20 25 7 1 16 18 19 6 25 2 1 9 27 22 28 9 29 6 20 12 13 18 8 13 13 12 11 1 19 3 16 8 20 20 21
22 20 9 9 23 5 25 4 9 9 18 19 3 13 23 9 17 9 1 19 16 28 21 4 29 12 7 12 15 14 2 26 26 21 16 29 1 4 10 5 12 1 21 19 14 16 30 23 8 13 27 6 9 30 3 10 12 10 2 2 2 20 17 18 12 9 5 20 6 17 4 2 2 5 29 11
23 17 21 23 9 2 16 3 8 15 5 23 15 23 6 21 13 28 19 27 16 16 21 16 25 18 27 20 24 0 0 23 6 13 19 29 2 20 13 14 7 28 15 30 21 5 23 21 19 11 5 14 29 5 0 25 30 1 13 12 13 8 27 24 5 14 7 22 19 13 4 7 24 13 21 8
12 28 19 17 25 29 7 20 25 18 29 7 15 20 19 5 5 13 8 10 29 23 22 7 10 3 17 7 29 4 21 16 28 23 10 1 13 0 22 7 14 8 21 27 26 27 4 11 16 24 11 10 26 9 19 11 25 14 16 4 11 10 25 22 10 16 17 29 7 17 0 17 20 11 17 21
26 6 8 26 10 22 10 22 29 15 3 1 7 22 28 13 13 10 10 7 30 9 14 15 15 12 22 0 14 28 2 29 25 4 4 28 22 5 4 14 5 25 28 0 8 26 13 23 18 17 11 26 23 6 27 22 22 21 17 28 1 9 25 30 26 10 10 6 8 9 24 12 4 28 19 2
11 23 18 26 26 24 18 14 13 17 23 3 26 7 1 11 29 12 6 22 11 4 26 17 7 3 27 15 15 14 17 3 17 5 26 3 12 25 2 0 7 11 16 2 1 4 5 9 5 27 7 16 6 1 16 25 9 11 23 30 19 29 19 12 30 26 6 15 11 6 6 26 3 15 29 15
20 25 21 7 28 17 25 10 24 19 20 18 10 5 0 26 23 12 1 12 14 1 7 17 20 8 20 18 10 21 0 23 23 10 20 6 24 5 0 16 8 29 27 28 7 6 5 2 3 14 13 18 25 5 9 16 11 29 14 3 14 18 17 25 18 2 28 15 25 23 10 13 27 12 2 3
12 14 4 25 27 1 7 30 27 20 10 5 11 12 13 19 16 28 21 13 17 0 2 1 12 23 20 27 19 4 19 5 3 18 15 4 30 20 11 22 4 7 12 5 16 29 26 13 21 27 13 15 18 11 26 23 15 10 18 16 14 0 10 21 25 4 22 21 24 3 20 25 13 24 21 1
6 8 30 24 11 13 8 4 1 30 30 14 19 23 27 25 9 22 13 23 4 14 14 7 27 22 27 8 12 14 25 12 6 10 26 19 14 5 8 25 11 25 2 12 20 7 16 6 2 9 18 6 12 27 15 30 27 6 19 23 18 18 24 8 6 5 19 3 14 26 20 16 7 25 4 8
25 3 1 20 17 27 20 13 20 0 16 11 19 19 12 8 15 17 9 20 15 15 30 6 7 24 18 20 29 1 11 17 17 5 20 5 13 18 27 14 26 4 24 29 9 25 27 10 14 20 26 0 2 21 13 29 5 11 28 6 27 24 24 5 18 25 12 1 29 12 27 5 1 20 23 25
18 26 1 21 9 14 6 14 0 27 29 12 22 29 9 4 12 27 24 12 17 15 28 16 22 1 5 27 1 22 11 11 13 27 16 22 5 4 4 18 19 2 8 21 13 30 13 12 5 16 23 18 13 8 8 0 15 16 6 7 16 13 15 20 25 12 5 13 23 22 24 2 19 19 14 27
26 26 2 1 29 12 26 8 16 9 14 3 1 16 24 10 8 1 7 1 6 29 24 11 11 27 6 12 18 14 22 7 5 21 24 6 14 12 21 28 30 0 9 24 28 11 17 7 7 19 25 16 12 21 16 12 4 11 10 5 13 21 15 0 0 5 14 29 20 5 5 12 0 4 21 16
10 7 30 23 26 26 15 14 3 5 4 14 12 11 22 0 5 25 30 13 27 12 29 23 9 30 1 26 20 23 11 9 27 15 18 12 14 24 2 29 14 1 23 17 15 22 25 7 21 4 29 18 19 5 3 21 17 29 17 18 5 3 26 23 23 11 21 9 12 3 24 18 25 26 1 27
13 23 28 23 1 13 20 11 26 17 25 11 30 29 10 24 29 1 10 3 23 20 15 3 26 5 28 6 2 4 8 4 13 17 18 29 9 18 22 24 12 1 1 21 29 28 23 26 16 14 15 15 2 1 12 6 3 30 18 27 29 26 25 15 11 14 18 6 29 16 25 9 3 24 9 11
18 18 15 6 20 13 18 23 8 29 4 0 21 1 10 4 16 20 2 0 19 22 27 13 23 10 9 1 6 8 28 16 9 24 19 25 17 15 19 22 19 15 5 26 13 14 11 15 19 11 20 27 12 11 28 4 20 24 28 21 16 29 3 20 11 14 11 28 25 23 28 11 2 16 8 4
7 1 11 11 18 17 21 17 21 29 20 29 6 25 11 22 1 2 21 26 16 15 11 3 13 18 6 14 12 3 27 8 6 30 26 20 29 0 16 12 10 16 12 17 28 22 17 11 30 2 29 24 10 26 9 10 13 30 10 14 13 15 21 1 20 20 25 5 17 7 7 4 29 14 14 7
2 12 20 27 15 21 2 4 2 9 23 18 6 16 11 30 22 18 28 30 11 21 13 12 21 9 14 21 22 18 15 23 0 22 8 1 9 30 0 6 20 19 25 6 15 14 22 23 14 10 14 8 11 29 11 20 8 4 15 16 27 3 18 3 24 22 8 20 9 11 3 10 26 13 5 24
14 29 9 13 7 14 24 15 28 13 14 18 4 16 25 8 16 15 13 30 19 16 8 8 24 15 0 16 4 14 28 22 11 10 4 26 30 2 12 11 6 24 22 7 11 2 27 29 3 28 16 8 14 19 7 19 19 18 24 20 29 7 13 23 20 28 2 13 4 11 5 1 1 27 7 20
21 14 10 18 18 29 30 18 21 4 12 12 5 15 6 16 13 19 24 27 1 15 10 7 1 26 13 9 0 6 3 21 5 12 5 8 10 24 1 2 28 11 6 30 14 30 1 4 28 29 7 7 28 2 6 22 27 29 22 8 9 29 20 23 29 8 28 22 26 30 4 11 13 25 29 4
21 7 29 1 25 25 10 19 15 17 22 29 2 16 17 14 10 23 24 3 24 28 26 29 21 20 25 22 28 5 6 23 4 17 3 7 21 2 25 1 21 24 9 3 21 16 14 26 11 6 16 15 8 9 7 14 26 19 13 24 6 1 13 8 14 28 17 18 20 7 26 8 0 18 16 15
20 9 22 7 26 11 26 29 5 18 23 8 16 7 20 22 12 1 22 26 22 2 11 18 28 1 4 1 1 13 15 2 14 5 26 25 1 3 23 30 2 13 21 30 8 29 20 12 13 1 17 13 30 24 27 15 1 1 8 25 28 3 4 11 21 11 29 4 8 18 10 4 30 24 5 4
29 1 17 23 27 20 18 15 10 12 6 8 22 29 14 14 22 2 13 16 12 26 22 1 4 0 8 14 18 21 6 19 20 8 30 20 20 9 11 27 16 14 19 7 11 3 0 15 29 29 9 23 17 1 18 24 14 18 4 18 6 30 14 11 12 21 20 16 14 4 21 9 23 26 20 28
30 24 26 27 15 23 27 10 23 28 20 26 18 20 20 1 6 20 6 21 1 18 7 14 26 14 2 2 13 19 20 4 26 1 21 14 21 14 4 10 16 6 23 17 20 9 25 11 3 10 28 25 25 2 5 5 0 3 19 9 14 29 30 29 23 24 28 21 14 28 9 12 26 7 16 9
21 23 30 8 11 12 0 2 6 7 8 28 16 25 25 29 8 9 13 21 9 3 14 16 6 22 9 14 26 25 9 28 7 22 15 21 19 22 27 6 4 28 28 20 24 17 29 26 19 13 16 21 26 3 15 13 0 9 5 8 6 19 2 11 30 16 19 12 4 15 7 6 11 6 13 16
9 29 6 30 29 24 23 4 30 12 24 10 26 11 21 29 0 3 16 24 29 22 13 26 10 13 27 9 11 5 4 10 11 7 19 29 13 29 16 6 5 20 30 1 12 26 16 17 16 30 26 3 9 6 1 0 27 24 19 15 25 12 29 26 7 27 14 13 23 16 25 14 13 17 10 22
8 26 2 25 5 21 19 25 7 29 8 17 22 30 7 19 25 20 1 1 12 26 28 12 0 2 24 27 11 12 3 10 21 29 16 13 23 2 18 7 1 19 29 3 18 25 28 17 14 17 2 29 18 15 10 25 25 5 29 18 4 6 3 30 0 4 12 5 13 0 29 6 29 15 25 0
18 28 10 28 5 28 8 25 6 12 14 7 0 20 19 2 1 18 14 1 23 14 21 10 20 7 22 3 24 23 11 0 26 28 9 8 12 15 2 26 21 0 13 6 5 7 6 1 11 22 5 11 4 29 3 7 25 9 22 29 3 24 4 17 11 10 3 13 9 26 11 20 18 3 25 9
29 4 17 18 0 5 17 18 22 1 11 21 26 23 3 5 17 27 21 9 14 27 29 24 30 12 27 24 18 13 29 23 11 20 17 1 27 19 9 21 18 15 27 17 21 7 0 10 28 3 11 7 16 21 12 1 4 13 4 16 13 0 27 15 19 23 14 10 15 18 23 15 4 25 18 0
3 20 19 23 4 29 2 16 9 9 2 18 20 10 12 7 14 29 14 13 2 4 25 29 28 16 15 9 3 26 10 17 13 8 16 15 17 6 0 19 13 25 7 4 8 30 1 10 24 20 5 23 15 5 9 6 12 28 14 12 12 10 14 6 4 7 17 11 13 1 27 17 21 26 22 10
6 1 11 3 10 27 12 11 11 13 24 7 9 4 23 3 20 22 26 19 29 0 16 22 27 8 24 0 19 12 0 2 18 29 13 21 5 12 24 28 10 23 5 0 14 8 4 30 2 16 17 17 15 20 27 24 19 0 19 17 6 5 15 2 25 14 7 18 9 5 17 25 28 21 3 23
3 5 24 30 29 26 26 22 26 12 14 15 26 20 3 10 11 11 3 25 4 25 20 20 29 18 5 8 17 3 5 28 18 11 24 12 30 30 29 29 17 14 8 3 5 7 25 11 16 9 9 7 4 18 7 13 16 24 10 20 30 12 29 20 18 3 26 27 16 13 14 2 22 8 29 21
8 9 29 17 1 17 26 24 9 18 22 16 18 6 27 4 10 23 27 1 22 9 19 14 3 22 16 20 29 20 21 1 21 26 19 21 18 13 24 2 17 18 18 18 10 29 28 16 16 4 12 18 21 15 24 19 22 3 16 10 17 11 19 0 16 26 28 9 25 0 19 4 9 0 2 10
12 1 7 6 20 4 25 0 4 23 2 11 9 28 25 27 6 29 15 4 25 6 28 10 26 4 16 20 2 7 22 13 2 2 27 29 9 24 6 16 2 26 30 20 25 4 4 15 6 23 3 16 13 7 11 2 30 12 30 7 29 27 16 5 26 21 18 25 28 2 22 28 0 6 23 5
0 22 14 14 12 16 0 28 19 16 13 7 14 25 17 26 21 28 19 19 13 13 26 12 23 22 17 16 21 30 8 27 25 30 19 6 2 12 8 9 22 24 23 19 13 7 25 6 24 11 13 24 5 29 26 14 12 15 4 0 11 17 10 15 14 15 18 20 16 16 16 5 17 30 22 9
24 20 0 30 4 5 7 4 8 6 0 1 10 11 19 18 10 20 26 30 24 30 11 25 24 30 17 14 23 19 7 23 28 0 15 23 25 25 4 12 6 13 16 20 20 17 15 19 13 4 0 16 9 18 0 16 28 22 15 4 8 18 21 29 6 17 2 30 2 8 17 12 24 4 8 3
2 14 13 30 6 21 1 5 26 27 8 4 22 0 20 14 8 13 1 8 29 19 25 29 23 21 9 25 25 7 7 19 26 30 3 0 0 24 23 5 14 4 26 28 3 4 4 18 11 30 3 2 2 6 30 30 10 10 6 11 21 24 7 3 21 7 25 19 28 0 14 20 5 24 26 15
2 11 14 2 8 27 21 9 28 24 30 3 16 18 16 0 9 6 16 19 25 30 29 27 16 10 5 8 5 11 16 18 15 4 16 20 14 15 23 26 13 11 4 18 16 6 22 23 7 15 26 14 3 26 26 8 11 25 17 26 11 16 30 15 4 29 21 1 9 6 19 30 2 16 14 0
29 0 20 15 2 21 3 3 2 0 6 23 27 26 7 19 26 8 14 14 21 1 4 29 3 29 27 20 14 27 3 9 3 22 30 22 14 29 28 14 12 15 3 0 17 19 27 20 0 16 6 30 8 25 17 5 0 5 0 17 25 12 18 15 22 27 25 11 9 12 4 19 20 21 16 14
18 5 25 19 26 25 0 22 20 25 14 30 27 10 20 19 1 4 23 1 19 23 18 26 6 6 8 12 16 13 17 27 6 27 25 13 23 9 17 19 25 20 18 24 6 10 4 24 1 19 19 12 6 19 4 10 21 6 18 0 1 25 30 27 25 15 18 27 23 10 16 29 21 9 21 8
6 10 4 21 17 0 7 27 25 13 16 27 20 25 15 1 4 13 6 20 24 28 25 24 20 21 17 26 10 15 18 28 22 14 9 28 2 21 13 3 9 11 15 2 6 0 26 0 0 24 0 3 8 12 27 14 5 1 11 24 25 12 21 6 19 27 22 9 15 25 3 6 26 18 30 9
25 8 10 21 21 14 18 9 8 16 7 16 8 6 21 13 3 12 6 24 24 25 9 11 24 22 25 24 10 18 21 16 28 24 16 8 2 14 22 21 21 13 30 21 22 12 18 6 6 1 21 3 27 17 8 8 20 30 20 23 20 0 0 10 12 21 10 18 14 23 0 10 5 20 7 17
22 13 8 11 13 11 5 6 5 22 23 19 9 10 11 8 19 20 20 0 18 11 27 19 12 29 23 26 1 22 15 21 30 22 17 10 16 11 3 19 11 12 8 22 6 18 12 16 17 29 16 9 30 24 20 27 2 19 21 14 2 6 0 14 12 20 4 9 27 8 0 20 9 29 16 19
22 7 23 22 0 4 22 17 1 7 8 12 28 24 10 17 11 15 15 18 27 4 11 17 8 21 22 26 17 2 25 7 2 30 29 2 2 1 20 8 11 2 7 20 22 27 25 18 10 30 26 20 18 28 29 28 0 16 1 8 26 19 14 12 12 18 18 24 21 0 7 18 13 1 21 0
0 10 7 13 27 28 6 4 14 10 2 5 25 19 19 23 8 5 21 30 14 28 14 24 23 5 15 5 24 13 16 24 28 21 0 14 4 21 8 23 21 29 12 18 18 1 4 29 9 6 14 25 13 29 6 30 10 15 11 27 23 6 19 17 15 10 27 13 11 21 19 22 12 27 11 27
8 24 2 28 6 20 27 8 8 4 20 29 25 10 18 23 26 7 19 1 2 25 5 18 15 7 13 24 9 27 0 1 9 29 5 6 11 21 8 14 14 3 16 13 1 7 7 25 20 28 2 2 25 5 15 22 11 0 3 26 29 17 21 10 6 26 4 13 5 28 30 23 16 17 19 24
30 18 27 15 22 4 24 20 3 17 23 20 19 20 23 26 10 25 30 28 17 22 24 7 8 8 5 14 29 10 2 16 3 3 14 28 8 14 0 12 30 22 10 12 10 12 12 7 15 19 2 4 10 13 17 24 16 28 20 16 23 3 1 1 10 30 27 10 26 1 7 12 16 21 8 13
5 8 22 0 11 10 9 18 30 10 11 22 30 14 13 22 8 15 28 15 18 14 21 16 12 6 8 4 29 26 10 6 27 13 18 3 5 25 30 22 16 18 1 29 17 2 19 10 1 12 10 9 21 0 12 16 17 13 14 1 3 9 14 28 26 9 11 0 23 20 4 27 27 10 0 28
20 12 8 12 29 11 6 20 28 12 1 11 16 26 3 25 28 22 2 3 8 19 7 24 18 25 7 11 23 1 21 20 8 27 0 27 11 17 9 3 30 14 24 13 9 19 9 3 14 25 23 23 1 15 13 26 29 16 7 13 25 21 30 17 7 28 28 22 9 0 12 12 30 1 26 2
9 18 12 18 3 11 4 7 25 14 7 8 4 20 19 6 24 5 19 10 15 22 13 23 17 18 9 5 0 21 15 16 21 13 24 7 16 30 2 25 18 29 27 21 3 29 15 10 9 20 3 9 25 8 17 12 14 16 0 20 21 12 15 28 3 22 24 15 4 6 26 25 26 23 2 13
29 29 10 13 20 15 28 27 2 28 24 12 27 27 29 28 1 1 19 29 8 10 10 13 23 23 22 7 25 26 28 20 16 5 19 11 1 22 8 4 0 8 18 16 21 9 28 7 12 17 27 10 16 16 23 9 2 20 9 0 29 16 1 23 19 27 3 26 15 4 5 8 1 5 2 6
3 20 4 0 18 6 5 29 26 4 0 18 14 14 18 24 14 23 8 15 8 1 24 5 15 3 9 9 24 4 19 7 29 18 3 5 24 3 22 24 2 20 19 0 0 4 22 30 25 8 22 11 17 12 23 27 15 25 26 17 12 26 12 10 3 5 11 14 4 11 12 22 12 18 6 8
7 17 21 7 16 23 8 20 26 18 4 16 9 14 9 12 12 14 14 11 3 4 21 5 11 16 26 15 16 5 9 0 0 25 2 22 10 19 6 17 6 23 23 9 18 29 4 5 9 2 22 18 27 19 13 8 4 8 23 17 27 3 5 9 8 28 9 25 23 0 15 17 8 15 29 4
15 1 29 11 2 5 4 25 27 29 16 30 25 26 4 20 12 21 27 19 30 20 1 28 5 14 3 25 7 14 21 0 25 1 13 26 17 10 4 29 25 21 27 20 21 21 19 24 22 22 6 14 14 8 4 4 13 23 21 11 16 16 7 23 24 21 26 4 2 27 8 21 11 11 5 15
13 11 22 14 4 23 23 3 22 27 12 19 3 5 2 26 8 13 18 4 29 25 14 25 10 26 24 22 9 11 18 30 22 7 14 1 27 15 27 9 8 5 18 6 10 10 14 7 30 2 29 21 10 28 12 12 10 30 5 19 13 16 3 8 5 19 9 22 8 3 20 13 3 29 28 30
30 21 11 25 21 20 18 29 23 16 25 14 0 5 22 23 25 0 13 7 8 6 11 27 15 28 1 12 1 4 18 6 4 6 29 30 2 20 6 5 5 3 28 15 7 5 8 16 10 4 24 28 4 19 12 11 10 6 3 17 10 18 14 13 7 6 10 20 5 6 24 2 19 12 0 7
24 5 4 22 15 4 12 29 6 15 26 20 30 20 8 13 16 18 21 25 22 19 2 14 13 6 13 10 13 24 7 10 12 21 17 18 15 10 21 26 17 10 14 8 26 15 14 22 12 4 1 2 12 17 10 26 29 25 13 16 30 4 26 14 25 22 3 15 8 1 2 22 5 19 10 12
12 10 29 3 17 28 27 21 9 10 10 2 16 14 1 12 10 7 16 18 30 9 10 29 8 1 20 2 23 8 23 10 16 28 4 21 14 30 10 22 26 11 13 6 8 4 20 11 5 6 10 24 8 0 8 6 27 8 19 12 21 0 20 24 21 0 0 2 14 9 9 26 17 29 2 18
27 26 1 14 7 11 3 22 28 22 29 6 20 17 27 4 26 15 25 30 12 15 20 18 25 18 10 23 23 15 23 22 30 18 5 24 21 2 16 9 5 4 3 23 0 11 8 19 20 7 29 9 17 22 30 19 6 19 10 21 5 30 21 6 29 1 23 20 4 14 1 18 12 30 27 29
11 11 17 11 0 24 14 22 8 30 22 12 13 17 14 15 0 27 5 13 1 19 12 29 29 30 21 22 18 15 18 11 21 26 13 26 19 0 29 25 8 10 27 1 5 20 2 14 9 25 6 1 20 22 4 8 23 11 6 0 20 15 12 23 27 1 26 15 0 11 0 24 17 4 6 10
1 4 15 26 30 28 30 29 17 20 7 28 6 30 11 25 28 15 5 5 8 29 7 11 12 9 10 19 17 24 30 18 17 14 20 14 11 5 17 11 14 27 27 20 20 27 14 22 0 30 14 4 17 5 16 29 1 15 16 21 1 1 17 5 0 2 7 18 22 20 15 12 20 1 5 27
26 14 30 27 13 4 4 2 11 4 30 8 25 9 5 16 5 30 7 5 10 25 7 18 25 4 22 0 18 6 17 6 21 0 26 26 23 20 27 7 5 20 28 26 6 6 0 7 4 8 9 9 22 19 24 29 10 15 30 3 25 10 2 28 15 21 5 17 18 14 0 5 13 8 24 4
25 0 14 19 6 24 6 26 1 12 19 19 8 1 20 26 10 22 1 3 17 11 25 8 26 25 1 10 14 21 0 5 9 24 22 29 26 26 29 28 9 6 6 14 20 13 7 26 18 17 25 4 0 29 15 3 5 20 30 27 21 16 2 6 21 18 29 24 13 24 17 9 9 30 6 5
15 16 30 15 17 23 24 4 25 17 20 12 20 2 7 25 0 1 30 19 30 29 19 9 15 19 11 28 21 18 26 1 10 18 15 16 24 5 20 4 11 5 19 6 21 4 7 28 10 26 15 11 3 14 28 4 9 11 12 16 24 7 14 23 15 15 25 1 12 5 18 6 23 10 26 20
7 30 6 20 10 24 5 10 24 3 1 2 7 2 1 22 1 29 13 22 23 8 9 1 26 2 1 29 5 20 1 22 15 28 29 8 20 29 28 0 15 21 24 16 27 20 16 9 7 22 18 10 3 10 29 4 18 10 12 20 23 12 26 27 14 6 15 23 14 26 14 30 19 14 15 25
