77 77
30 5 10 14 4 16 16 17 2 15 7 28 26 22 28 19 30 16 17 12 3 5 28 16 25 27 25 13 25 20 20 28 13 7 5 28 7 15 5 26 20 21 4 9 18 16 30 3 23 16 25 0 26 24 15 25 13 25 11 14 29 13 7 0 16 16 4 17 6 6 2 1 14 25 4 13 7
7 16 16 8 19 18 7 7 24 18 10 10 13 25 9 26 13 20 11 25 11 30 3 4 0 5 14 14 26 9 22 29 24 27 27 10 28 5 28 18 2 26 19 20 20 21 1 19 2 18 8 14 7 24 12 13 21 24 13 28 30 17 7 17 2 21 18 6 6 7 5 0 22 13 13 19 6
26 12 8 8 13 22 0 17 9 2 25 4 21 30 2 21 30 16 26 4 30 2 22 23 1 9 24 20 12 9 7 2 27 1 1 11 8 0 0 25 21 3 26 6 29 10 2 20 3 27 9 17 25 12 8 25 26 1 16 14 21 5 21 4 21 23 23 7 29 22 16 26 18 28 13 14 0
11 16 0 13 24 28 14 5 27 13 11 6 28 1 14 28 21 26 5 7 25 28 21 9 27 21 17 11 24 1 20 28 0 18 2 24 28 21 10 14 4 18 23 29 15 30 18 29 26 6 6 5 7 2 10 30 2 22 8 5 20 19 5 23 11 22 5 25 11 16 20 24 9 9 14 17 24
26 17 6 23 8 12 8 28 8 22 24 9 21 2 2 20 7 14 11 0 30 2 1 27 5 27 21 5 22 3 3 2 19 23 17 26 9 16 2 20 7 17 14 11 18 2 16 27 13 7 1 17 22 6 29 8 12 23 29 29 21 1 9 8 25 6 8 7 29 26 1 22 28 10 8 13 2
22 30 16 1 22 12 11 7 19 20 27 8 17 14 29 8 8 12 9 3 21 2 24 6 7 18 18 29 26 29 2 20 25 9 15 20 19 26 10 30 28 23 1 18 25 20 24 18 3 17 19 24 27 9 3 3 25 23 26 14 13 26 5 11 12 16 25 12 29 5 21 23 14 15 13 11 0
30 6 4 19 7 4 26 2 9 25 2 7 29 14 0 12 23 25 15 12 0 10 7 23 25 13 6 8 21 23 6 17 7 1 30 22 29 0 20 25 13 14 19 24 14 16 7 15 7 13 6 0 7 20 7 21 22 3 27 25 16 27 3 19 15 5 0 1 7 14 14 22 15 10 30 24 30
4 13 7 10 24 18 11 6 4 23 3 3 25 25 10 30 12 0 29 29 10 0 0 21 30 7 28 25 24 9 23 5 24 0 23 3 26 6 2 21 3 11 10 1 13 12 30 23 19 23 21 2 23 18 14 3 11 11 6 10 30 29 5 13 5 5 21 26 22 14 2 9 11 2 4 5 14
8 6 11 0 20 20 7 26 23 19 28 4 27 30 22 6 25 25 2 9 10 22 18 10 29 11 14 25 7 30 28 5 24 11 0 22 27 5 19 0 21 15 26 0 2 12 19 12 25 9 30 6 28 28 0 2 26 19 7 11 7 17 15 25 16 14 10 18 8 21 26 5 2 14 29 22 16
20 13 11 27 5 4 3 27 12 27 20 7 2 0 21 11 11 11 20 6 28 6 2 28 25 4 30 3 1 10 16 14 2 24 26 13 3 15 29 10 6 14 24 11 14 11 28 22 25 6 7 20 13 16 18 5 11 2 21 12 25 30 23 26 22 7 29 21 5 8 14 13 14 18 20 8 23
10 1 22 29 13 24 9 12 18 30 9 24 17 19 16 23 0 26 2 4 28 5 6 11 9 28 20 10 16 5 18 16 18 8 28 8 28 24 21 22 22 22 8 10 6 6 25 11 5 6 16 13 9 28 18 17 2 8 22 30 30 26 10 18 9 27 28 23 12 22 7 28 0 7 22 19 17
18 2 18 4 26 30 25 20 10 18 16 1 15 10 30 15 11 22 30 4 11 8 4 26 10 24 28 27 8 10 29 10 16 21 2 29 22 18 0 25 11 1 4 9 24 13 9 5 25 11 0 30 11 4 3 1 20 1 4 10 21 20 17 23 30 5 17 11 9 11 23 14 9 26 22 4 14
0 16 15 18 22 23 0 18 21 3 18 25 15 25 14 9 11 5 26 23 27 9 30 15 29 19 10 30 22 8 29 3 8 28 11 3 23 4 14 9 27 3 24 29 2 21 23 13 27 19 19 29 12 1 26 21 9 14 21 13 27 2 14 19 13 20 0 14 9 15 19 23 29 5 7 3 11
18 26 28 20 17 18 23 16 11 18 16 11 2 26 13 26 13 8 23 10 12 22 15 4 4 18 22 15 28 0 3 1 8 22 26 26 21 1 28 15 4 25 20 26 9 17 11 9 22 25 16 4 12 17 8 29 9 19 17 5 27 19 18 28 3 22 22 1 20 7 25 19 4 1 12 19 15
10 21 15 21 30 30 11 18 28 11 12 22 12 14 13 1 2 3 18 14 26 12 20 16 18 22 30 30 20 7 9 18 8 26 19 13 7 21 1 0 17 14 18 1 20 3 7 26 10 11 22 12 28 12 14 22 6 28 27 27 29 22 20 17 19 1 3 16 25 27 11 10 4 24 24 20 19
23 12 18 12 26 25 18 16 13 5 19 6 17 21 25 27 7 26 9 0 14 14 16 4 30 1 7 2 16 23 6 4 10 2 17 13 12 28 15 29 11 14 0 26 20 7 13 30 12 5 16 8 2 4 21 25 9 27 4 2 25 1 19 30 27 30 27 3 17 27 28 16 3 17 24 21 4
21 21 2 13 26 9 0 23 22 4 18 10 26 12 16 20 1 11 25 11 11 10 23 15 21 10 5 23 16 22 0 24 7 15 7 25 13 22 28 3 22 10 21 28 29 14 22 11 10 16 14 26 12 20 18 28 27 21 10 23 30 16 20 22 7 18 29 23 2 26 16 30 6 17 7 16 20
19 15 21 4 13 9 10 29 15 18 4 30 14 25 21 17 16 11 29 5 29 15 8 16 30 22 12 28 16 21 27 23 13 12 9 11 18 19 12 25 4 12 12 0 28 7 8 15 22 3 6 10 24 12 13 14 5 2 23 17 2 25 28 8 20 20 0 12 30 6 3 26 8 13 21 13 7
11 19 19 21 19 19 1 7 20 13 6 9 30 19 30 21 17 6 3 21 20 12 25 11 13 22 13 15 25 10 23 23 25 23 20 29 26 17 27 18 4 20 11 13 16 26 27 3 27 20 12 23 2 12 28 4 12 6 17 19 8 7 23 10 16 8 22 7 10 11 19 19 19 30 26 20 2
23 26 29 9 27 28 9 7 2 15 0 2 0 11 4 6 28 25 6 20 26 10 17 1 6 10 19 22 20 25 20 21 20 26 7 26 4 18 25 18 25 2 1 10 5 5 14 27 3 4 0 4 4 29 7 16 26 27 17 6 27 25 0 1 26 15 6 14 15 17 27 25 25 16 18 13 6
24 13 3 9 3 21 28 22 20 30 22 19 22 3 7 28 4 26 4 22 28 2 4 16 22 21 2 14 4 17 5 28 3 28 11 13 2 9 13 28 19 20 5 18 8 6 3 23 17 8 23 5 0 19 28 12 25 5 7 4 16 1 14 7 9 6 0 3 19 13 27 6 26 26 10 0 18
6 10 28 24 21 22 26 27 26 30 20 24 21 12 13 6 25 19 9 4 0 27 15 16 10 1 27 18 5 16 17 30 8 6 12 19 3 0 16 4 13 9 24 8 25 14 5 12 23 7 25 0 18 23 24 13 22 8 9 5 7 11 18 9 5 28 7 22 14 25 27 30 22 17 12 8 25
14 10 30 20 30 3 8 3 23 17 2 10 7 11 6 19 20 28 17 27 7 1 24 9 17 1 30 17 0 3 24 29 27 0 13 10 19 8 8 17 10 30 1 3 18 25 29 10 27 12 13 13 21 24 18 16 7 2 17 28 1 18 7 20 18 17 1 24 29 14 6 28 11 17 21 15 9
28 3 3 23 13 22 18 21 26 23 21 20 16 2 7 1 14 0 3 15 2 6 15 1 25 27 17 26 15 5 23 21 6 6 25 23 15 23 22 12 10 28 29 12 12 3 27 30 22 12 15 14 11 18 0 9 6 19 22 26 18 5 24 15 8 21 20 26 5 22 7 18 12 16 16 6 18
16 0 21 20 6 15 30 2 10 11 15 6 20 6 11 5 14 25 3 28 25 1 30 1 15 0 1 26 4 17 28 30 25 27 26 20 14 21 6 14 1 3 4 9 7 19 10 7 22 22 3 4 30 4 9 10 7 25 29 1 8 24 7 10 2 5 23 30 21 13 22 28 28 17 14 20 7
7 19 13 21 2 18 15 10 17 16 20 4 4 18 9 19 29 14 26 17 11 18 16 21 18 7 12 3 3 8 12 25 1 24 14 26 6 13 14 2 30 24 5 0 7 16 17 10 15 10 21 16 19 1 0 6 4 25 25 15 5 18 1 12 3 22 7 28 23 15 21 25 29 2 7 9 27
15 14 21 5 0 18 16 12 5 13 6 10 28 28 2 22 24 3 30 7 3 11 8 2 17 23 28 10 28 1 22 7 6 5 5 22 1 24 14 18 23 22 30 25 25 2 25 23 27 13 12 16 24 30 25 12 11 4 3 13 11 11 21 11 8 19 24 5 7 24 1 24 29 5 13 22 26
23 21 15 1 25 13 7 25 21 8 13 14 22 13 13 13 13 0 26 15 8 10 16 21 22 3 18 26 22 6 3 5 4 29 25 26 11 26 24 4 26 1 14 4 15 1 11 28 1 12 17 27 19 17 28 17 5 5 27 30 16 6 1 1 21 9 20 7 15 21 15 19 24 2 8 23 1
26 6 20 6 28 0 0 0 16 15 20 6 12 14 8 5 22 6 14 9 25 25 2 11 14 8 1 2 0 22 18 8 3 18 1 13 0 23 25 10 4 5 22 2 18 13 15 12 2 7 25 9 29 16 11 10 5 4 13 24 12 2 10 20 3 28 10 19 19 29 18 22 16 10 17 9 22
4 3 25 15 9 20 8 13 4 20 3 11 28 12 16 18 13 7 16 13 0 6 15 22 3 10 16 15 7 7 28 5 24 29 5 25 1 20 16 11 11 1 0 13 14 11 13 0 0 16 24 12 20 19 23 17 24 23 22 5 17 24 2 26 24 23 14 20 21 27 9 12 15 0 17 21 14
5 20 13 17 2 28 4 6 8 14 0 15 30 19 21 16 12 12 29 22 23 21 2 3 11 23 0 14 29 20 16 16 20 15 14 4 11 9 6 30 20 7 29 11 18 16 10 1 0 25 4 24 18 21 13 27 19 2 1 24 15 0 24 20 14 29 12 24 29 15 14 11 13 3 10 3 30
13 29 21 13 18 15 11 7 9 17 29 23 9 8 29 15 28 15 21 18 26 4 30 5 6 8 3 18 18 26 25 18 22 8 11 17 26 14 7 18 6 6 16 22 14 1 21 0 7 6 18 1 12 27 21 25 11 7 14 28 11 24 28 9 19 15 4 11 28 19 19 14 7 4 23 2 14
6 7 0 10 21 23 20 29 22 15 25 11 18 12 12 13 16 30 20 9 6 6 7 30 10 29 25 27 1 28 15 24 4 5 2 25 20 18 13 16 29 27 10 12 7 8 1 6 22 11 5 12 2 5 11 23 15 23 18 19 16 18 18 9 2 21 10 6 22 10 18 5 10 30 12 7 0
16 0 22 27 1 27 29 17 6 18 24 8 4 1 12 19 21 28 24 18 26 3 2 16 4 9 15 7 17 8 4 24 19 5 24 7 26 9 5 29 12 1 11 21 0 24 14 18 0 20 24 17 20 19 17 28 23 15 29 17 16 5 2 24 17 12 27 12 8 10 4 7 23 7 9 0 16
28 7 1 5 2 8 22 14 17 30 28 19 14 30 13 10 9 11 21 21 9 3 5 16 7 14 21 24 22 2 25 20 2 15 17 14 25 11 8 12 14 2 6 27 15 13 15 28 11 1 16 8 15 23 2 13 2 26 1 0 23 18 27 29 27 29 21 18 14 11 18 29 7 1 21 25 10
21 7 12 1 14 15 14 29 13 16 15 1 1 13 17 28 20 7 24 18 10 22 9 27 12 2 2 7 25 25 26 22 5 9 8 12 15 5 23 10 20 15 16 21 28 11 28 30 28 28 12 20 18 18 2 13 13 16 28 0 8 25 11 9 16 21 24 21 5 10 28 20 14 19 3 29 14
24 7 18 1 18 3 28 30 21 14 24 22 10 6 26 13 11 11 8 6 8 25 20 6 1 10 17 16 11 12 24 16 0 27 30 5 26 8 20 12 22 13 4 23 1 2 6 20 18 21 5 12 11 26 22 9 18 20 11 29 26 16 27 16 10 6 16 10 3 28 3 30 20 23 0 20 19
27 11 4 15 30 23 14 17 0 24 2 1 2 14 11 13 21 2 14 23 23 12 12 28 28 24 16 7 25 28 17 7 21 19 10 28 29 13 30 7 22 20 3 21 9 16 10 25 26 26 23 14 0 0 1 5 26 20 3 21 30 25 0 3 20 27 20 7 0 5 21 5 26 15 3 25 15
13 17 19 2 6 1 14 4 22 25 30 7 5 2 23 5 5 27 17 14 30 10 6 17 3 21 24 6 16 11 29 11 11 5 21 5 17 23 10 19 26 7 1 7 15 16 5 8 23 15 21 22 30 22 15 21 6 5 11 24 8 30 6 1 10 2 29 14 2 21 25 12 6 8 26 1 24
10 15 4 2 23 26 8 13 14 6 11 11 14 12 14 9 4 23 4 3 29 27 22 7 27 17 14 25 16 20 27 0 19 17 28 11 29 7 25 11 21 18 8 10 15 14 14 4 26 30 11 30 1 0 5 7 20 4 26 3 25 15 16 23 12 24 9 21 29 3 25 16 20 10 27 29 3
26 25 7 9 5 6 11 6 23 8 14 21 3 26 2 28 1 9 11 22 17 0 27 28 12 23 17 20 12 29 25 24 0 22 4 19 20 10 21 23 5 7 29 24 3 4 21 17 24 3 9 15 10 8 25 20 25 3 11 7 27 17 3 13 18 13 24 19 15 24 0 3 3 14 23 10 17
18 5 26 19 25 17 14 17 18 3 14 27 29 6 28 15 29 20 1 17 24 4 9 12 17 12 26 12 25 17 5 23 16 26 6 17 29 25 20 24 18 20 24 17 1 13 22 17 10 4 20 11 7 21 10 6 13 22 7 17 20 29 8 0 21 2 13 17 19 19 8 18 1 23 2 24 13
20 0 1 7 1 8 27 5 18 28 7 18 23 8 25 20 13 16 11 22 1 23 21 8 25 28 4 29 7 30 25 27 18 30 25 5 6 13 28 3 10 27 28 10 2 7 4 20 30 19 13 9 17 21 0 29 18 23 17 8 8 2 21 18 24 12 7 2 4 1 28 16 4 1 25 24 1
9 20 7 21 1 23 30 5 27 10 26 6 24 26 0 18 24 23 24 15 26 7 18 23 5 19 14 8 0 22 13 10 8 13 26 21 27 3 20 16 9 6 0 1 20 27 2 25 15 3 12 21 18 20 21 25 30 16 28 1 24 3 21 2 13 13 15 12 3 17 2 14 20 23 14 6 6
24 21 28 28 18 6 5 3 15 22 7 25 30 20 26 4 27 29 10 4 22 15 14 27 23 12 30 12 29 0 26 4 7 27 22 30 3 28 22 22 18 6 5 14 15 27 10 21 23 23 30 20 10 10 22 23 19 28 13 3 19 5 30 9 1 23 28 21 9 4 9 12 20 21 0 23 1
29 29 1 17 11 2 18 5 24 4 1 10 21 9 2 1 11 5 19 17 2 7 12 9 16 21 24 16 2 18 13 10 9 16 11 27 27 11 18 20 29 4 19 24 13 11 30 18 2 12 18 4 27 12 0 18 8 16 25 29 21 18 13 5 6 22 25 24 30 23 16 8 25 2 20 20 9
10 15 19 30 1 28 30 30 17 29 0 9 17 11 18 21 3 1 15 18 20 30 22 26 9 7 4 6 3 26 22 11 13 5 16 29 20 7 23 10 30 30 14 26 2 2 6 3 27 5 14 8 20 5 20 9 18 15 27 15 27 1 13 15 0 6 14 11 24 20 7 21 26 0 0 20 20
14 4 9 23 23 10 12 1 25 9 29 14 4 15 23 27 28 17 3 15 16 5 19 27 3 25 14 17 3 0 7 28 20 15 24 11 3 24 8 14 9 9 29 3 14 23 22 30 10 20 1 17 23 27 11 12 7 20 25 16 24 4 6 22 7 13 3 23 25 27 21 29 11 22 29 1 16
12 10 16 12 6 13 28 14 20 11 28 21 28 4 16 0 13 8 11 1 28 17 17 26 26 15 9 4 27 23 2 14 7 19 3 30 2 11 30 15 6 13 9 20 9 12 4 11 28 19 24 24 4 7 20 1 26 22 27 7 28 0 23 0 4 5 25 26 10 2 14 18 21 3 1 11 14
2 4 22 7 26 13 2 22 24 14 14 11 24 22 20 18 20 11 5 29 16 24 13 10 26 2 5 13 20 9 11 13 10 25 16 15 18 9 14 18 13 2 15 8 14 29 15 12 3 18 26 3 15 28 25 12 26 21 23 6 16 20 23 2 25 21 25 21 30 13 19 21 24 17 14 5 7
8 23 29 21 8 26 12 13 18 28 16 14 1 8 3 4 18 29 3 10 13 11 5 22 10 0 30 9 27 15 11 13 19 17 22 27 10 0 27 2 24 13 13 14 16 2 27 3 0 14 18 28 21 1 24 27 13 28 11 29 17 6 10 14 15 7 25 28 17 1 25 3 13 8 10 9 20
17 21 17 16 30 1 22 5 0 21 30 6 29 6 5 25 16 3 13 4 27 14 12 2 14 6 16 3 22 12 23 15 9 0 6 3 20 19 28 20 14 12 29 9 9 11 16 16 20 3 19 27 26 29 24 12 16 2 19 27 5 0 17 0 0 19 8 15 15 7 12 0 24 18 23 6 21
24 4 2 27 20 29 14 13 19 23 8 22 30 11 14 21 30 11 25 1 18 22 26 18 20 2 6 6 9 5 4 29 3 30 28 15 26 15 25 20 25 20 24 13 18 0 20 1 23 18 28 0 10 8 7 15 17 2 23 25 12 29 1 13 19 29 24 15 8 18 27 28 21 17 4 29 6
22 21 8 6 10 23 6 20 20 18 12 12 24 7 7 4 0 29 20 21 6 6 0 16 8 22 19 11 13 30 28 0 30 0 0 25 28 19 4 9 18 6 0 14 21 0 5 28 23 10 15 23 8 26 15 23 15 20 14 27 24 10 15 12 18 14 8 10 17 20 25 18 4 7 1 7 12
16 28 0 19 5 27 3 3 3 9 30 24 7 24 20 22 9 6 22 25 24 6 10 3 16 12 2 14 28 25 28 14 26 7 12 15 10 11 24 13 16 15 28 29 30 9 13 20 3 2 16 13 29 30 1 4 28 23 21 21 19 29 2 21 2 0 2 18 9 12 3 15 15 12 1 13 8
17 9 27 1 17 21 7 2 4 9 6 17 27 4 4 2 24 4 30 6 20 7 28 22 2 5 22 30 19 8 18 1 26 3 7 24 7 29 8 5 4 19 30 1 8 16 14 6 26 19 12 13 19 27 8 28 10 28 27 18 16 10 12 5 1 8 17 19 21 21 25 1 23 1 26 30 18
18 19 2 9 23 17 6 26 20 5 17 11 11 3 17 4 27 6 24 24 2 11 29 2 17 12 10 5 6 11 18 29 9 28 9 8 21 23 22 20 16 30 8 11 24 6 6 1 22 9 23 12 21 6 16 8 30 19 16 23 6 28 28 14 17 4 20 14 29 20 24 5 21 9 17 12 14
26 17 6 15 14 16 7 3 26 11 13 25 26 5 9 26 13 0 23 16 17 17 0 1 13 21 23 21 18 29 6 3 2 13 30 24 22 10 20 17 11 23 20 9 29 6 3 23 12 6 1 18 13 7 9 17 4 18 5 12 25 29 9 27 10 14 9 23 17 21 21 0 11 10 12 28 25
0 3 29 9 29 1 13 22 28 4 25 11 4 19 28 9 2 5 5 4 29 19 8 10 5 25 3 20 29 4 6 1 16 7 28 10 27 13 5 1 11 2 14 23 26 20 15 11 19 3 8 8 14 17 0 30 25 17 2 19 22 30 19 19 16 18 24 30 20 25 19 8 24 30 28 9 27
21 26 13 23 10 4 3 11 5 13 25 16 21 18 1 25 7 22 12 26 15 21 6 8 1 4 1 29 16 21 5 14 10 28 13 0 0 22 30 19 12 22 23 11 18 23 22 7 2 4 29 15 10 10 3 15 24 16 15 10 3 29 29 4 25 3 11 13 4 19 7 25 18 21 11 3 1
23 11 28 18 19 1 21 0 30 18 26 13 7 14 4 25 17 6 8 17 15 5 21 15 3 12 14 7 3 12 1 17 23 8 20 17 9 20 16 3 29 15 16 1 0 0 19 4 21 12 7 2 13 23 17 8 24 3 15 26 27 16 2 27 13 7 14 23 20 11 27 20 13 27 18 8 21
28 11 29 27 5 20 12 18 17 3 25 27 22 16 8 29 0 4 25 3 9 5 8 2 11 22 0 16 21 6 30 4 24 8 26 18 16 2 2 28 4 0 9 27 4 20 25 19 23 22 14 30 19 1 29 15 23 21 24 16 3 25 2 18 9 21 28 15 7 13 20 15 16 17 17 12 10
17 6 27 2 6 14 17 0 25 4 19 11 3 17 24 10 2 18 11 10 12 17 20 20 7 29 12 15 12 2 23 14 2 30 17 15 23 2 24 17 3 25 22 14 4 8 16 12 12 26 27 9 0 0 6 17 26 29 1 23 7 3 29 30 15 15 11 26 23 7 1 13 2 5 6 12 7
29 7 16 2 7 17 0 6 3 20 29 24 11 17 6 29 3 6 20 8 22 26 24 3 9 30 28 8 23 16 1 8 23 27 28 7 16 20 19 26 9 22 8 14 30 24 7 4 5 4 7 27 18 12 15 25 3 2 2 15 23 3 13 19 11 5 1 6 0 18 21 10 25 3 7 25 18
23 6 21 23 16 30 10 27 12 7 17 21 6 14 21 2 12 7 25 18 7 14 7 26 19 17 21 12 22 16 1 24 15 8 0 2 24 1 24 5 9 14 2 25 4 6 1 20 24 6 16 21 10 12 25 6 6 5 19 16 29 1 12 14 8 25 30 23 1 28 12 12 14 16 10 13 2
12 12 0 11 11 15 27 27 5 1 28 29 15 25 14 6 21 21 5 7 14 28 22 6 23 11 6 25 4 3 28 1 30 3 25 3 14 3 15 28 14 8 22 3 19 13 29 29 29 15 6 16 10 11 2 19 6 4 8 16 29 24 4 22 9 17 22 17 27 23 18 5 5 19 20 29 18
23 16 7 16 12 13 28 29 10 10 15 6 27 24 26 30 22 17 4 28 16 6 12 29 13 24 26 29 15 30 22 12 26 25 2 3 15 24 12 24 29 30 19 5 14 11 0 20 21 21 14 16 12 6 1 29 23 0 27 10 14 6 9 26 2 15 15 9 20 4 22 6 30 3 8 13 17
28 0 20 1 29 24 4 25 20 11 18 12 1 9 18 28 0 14 16 29 5 21 16 1 23 2 0 9 21 4 11 11 22 18 22 23 12 9 13 6 10 14 18 4 27 19 10 7 24 2 23 11 19 6 14 9 1 14 21 27 5 6 9 17 10 6 7 6 30 4 3 14 17 23 24 29 18
2 3 12 14 22 26 3 19 16 9 26 17 12 11 5 9 10 0 3 20 20 20 10 14 15 17 28 7 8 25 7 18 0 27 24 14 10 10 25 20 5 14 8 24 28 15 24 17 27 22 10 1 7 16 29 24 9 9 25 23 2 14 30 19 17 2 27 6 11 2 4 6 11 24 26 3 21
26 18 8 24 6 2 0 0 24 27 16 6 13 20 6 4 5 25 19 24 1 7 2 0 21 18 28 25 8 6 12 10 21 23 23 13 21 13 18 21 20 19 14 6 12 10 11 22 12 29 17 24 28 19 9 1 19 30 15 5 26 12 30 26 30 23 27 14 7 5 26 7 26 14 7 16 20
14 29 30 24 7 1 17 13 20 23 30 1 5 9 29 18 15 12 30 5 9 0 21 1 16 3 30 25 16 12 30 9 6 14 14 27 10 7 20 2 1 13 17 16 5 17 7 26 4 2 20 26 9 5 16 16 0 7 6 28 14 26 21 20 19 28 5 9 14 11 2 2 2 6 16 26 3
11 3 28 1 7 14 24 14 4 2 3 27 27 20 0 20 4 8 0 16 26 8 27 30 11 30 8 25 2 3 4 28 17 2 9 30 1 15 16 1 5 3 18 14 26 4 15 18 5 26 29 7 21 26 28 2 23 7 6 19 18 17 16 23 11 26 8 11 12 25 8 10 11 17 5 1 5
4 18 29 4 21 8 22 22 8 17 9 9 5 18 26 21 24 26 1 5 17 30 8 25 23 24 13 11 6 1 27 12 22 13 14 20 22 28 23 23 3 25 11 13 5 5 8 2 16 11 2 23 18 5 18 18 5 16 2 25 10 1 6 7 25 29 8 13 12 8 18 30 20 10 29 23 21
7 18 0 30 2 20 17 9 3 4 17 17 7 21 26 15 11 26 13 2 30 8 25 2 6 14 8 22 15 19 15 6 26 1 9 14 26 11 16 12 29 15 6 11 26 10 19 7 13 10 6 19 9 15 14 10 4 16 22 9 11 30 8 30 13 11 29 22 29 17 18 4 13 28 17 24 27
3 4 27 21 13 12 4 12 13 11 19 5 18 0 6 2 10 7 21 13 5 25 25 12 0 24 0 21 16 15 18 20 20 23 10 29 9 7 29 0 20 16 16 27 19 6 12 5 1 12 2 21 10 29 25 14 26 18 15 9 3 17 22 21 17 18 13 25 0 29 14 19 13 8 8 29 30
29 7 12 29 26 13 19 13 15 6 22 25 27 20 5 25 13 14 3 7 16 27 18 5 0 3 11 23 4 26 9 24 14 23 14 21 12 6 3 24 24 15 21 19 22 11 25 18 3 2 12 26 29 26 28 13 30 0 8 8 27 6 6 4 29 0 29 13 10 16 1 6 19 18 27 21 5
7 3 4 20 3 16 27 26 11 14 16 15 0 3 5 8 28 17 14 24 18 7 10 29 5 20 4 14 6 27 19 20 27 1 19 10 1 29 15 3 8 2 12 14 11 25 16 14 12 1 19 15 15 17 1 22 25 4 24 26 18 2 30 30 28 1 21 26 13 13 14 2 17 25 0 12 14
