79 79
25 17 30 13 12 16 20 7 0 12 6 26 3 23 19 20 8 2 11 10 12 28 5 28 18 18 21 8 26 30 3 27 21 25 10 4 13 10 30 18 10 21 2 15 5 16 13 1 28 24 29 2 26 9 28 4 8 25 20 11 8 15 15 13 14 10 9 9 23 13 21 10 0 25 8 20 9 12 16
13 29 6 9 18 28 20 26 26 9 16 6 17 16 5 10 24 15 0 17 19 4 22 16 29 24 8 20 26 23 10 18 3 26 21 3 21 6 9 10 20 3 14 17 27 28 8 21 12 4 27 22 21 21 24 1 15 21 11 14 26 26 20 0 18 22 18 24 24 28 24 30 5 30 30 27 26 9 23
3 16 13 27 10 24 22 8 4 1 25 10 5 20 25 25 14 19 27 23 7 6 23 10 19 20 14 1 18 27 30 25 27 3 26 10 0 15 7 8 11 27 12 1 26 27 16 24 25 18 30 3 0 28 20 8 25 19 12 26 25 29 23 24 11 4 3 13 16 21 20 16 2 30 7 28 19 14 1
7 23 16 24 16 15 20 1 22 14 9 16 21 15 15 12 24 26 24 9 21 12 23 6 23 29 8 17 26 9 22 13 29 20 13 5 16 7 29 12 4 3 5 24 19 3 18 25 18 10 2 13 4 12 22 16 22 4 17 5 22 30 19 3 18 29 25 18 22 30 5 23 30 16 0 26 18 5 18
18 20 17 26 3 30 20 5 13 14 7 18 29 28 25 27 4 30 8 15 20 7 29 4 1 17 15 26 28 19 11 3 18 30 3 7 0 9 21 15 17 9 20 20 15 2 7 25 17 22 12 2 19 2 20 16 24 13 13 24 22 14 8 1 26 19 20 12 15 12 27 18 25 29 29 2 9 18 21
27 19 2 23 4 5 9 24 13 26 30 25 27 28 12 28 18 13 29 8 17 6 25 21 10 17 1 29 30 28 19 0 6 14 11 29 4 25 20 7 26 9 13 4 24 6 26 24 3 3 13 1 24 21 26 17 23 30 5 3 4 16 25 10 9 6 19 19 11 2 8 20 25 15 13 24 1 6 14
20 3 14 21 15 9 0 2 14 27 21 0 7 5 12 21 8 15 8 9 6 4 8 6 22 0 9 4 14 19 23 0 8 29 12 23 27 10 1 29 16 17 21 20 12 29 20 2 11 14 17 20 8 8 29 19 12 9 17 16 27 19 25 17 17 30 23 22 20 30 29 13 15 16 10 12 4 5 17
17 24 13 22 6 12 13 15 28 15 19 23 16 15 19 6 17 28 26 0 15 26 19 5 20 6 18 18 22 19 7 19 4 15 16 5 12 0 7 29 16 28 29 18 19 3 3 22 5 19 11 2 24 0 18 28 20 15 28 20 3 4 20 5 18 29 20 10 13 9 22 13 30 23 1 26 20 29 23
19 1 17 0 24 19 30 10 18 19 27 11 19 21 22 24 24 11 20 8 14 25 7 22 15 16 4 20 20 26 21 3 1 7 25 12 19 16 8 20 0 17 15 22 1 20 12 9 8 20 19 20 27 30 12 15 8 27 3 17 24 24 17 17 2 1 13 17 12 10 13 24 6 17 15 8 19 2 11
11 10 1 21 2 22 1 22 17 1 16 23 19 12 30 0 9 20 9 0 29 10 30 17 8 28 0 23 20 20 8 8 17 23 4 15 19 13 29 25 22 3 25 23 17 0 9 5 6 6 29 10 15 16 16 11 10 11 2 27 10 29 19 25 6 9 22 22 23 1 6 19 24 28 6 27 4 28 5
22 26 21 0 17 9 27 10 2 11 17 11 10 23 18 9 4 9 11 20 9 13 12 27 10 21 14 7 0 30 14 7 25 23 2 5 27 12 25 2 30 18 22 1 26 2 21 27 0 16 1 5 19 23 20 25 7 25 8 4 8 26 2 21 19 9 5 23 25 23 4 3 25 22 6 11 26 19 19
26 25 28 9 7 28 2 12 1 19 13 0 20 29 0 14 24 16 18 23 13 8 17 9 10 17 3 14 11 13 7 19 24 1 29 18 16 5 2 9 1 4 5 1 5 25 6 3 0 23 28 24 8 14 18 8 20 10 21 3 7 26 6 7 12 24 7 7 8 1 13 3 5 7 25 9 11 4 4
26 24 30 17 11 7 13 20 21 12 18 23 1 9 1 9 23 23 28 3 11 16 1 2 19 3 4 14 0 22 14 24 23 6 11 13 7 28 3 24 30 23 7 30 2 15 21 0 7 26 21 29 17 20 7 23 23 11 25 26 9 24 12 12 3 24 20 22 20 29 30 0 7 20 3 16 1 14 12
0 4 15 24 28 6 5 18 23 10 13 3 13 8 24 25 12 15 21 20 27 20 17 28 28 28 30 20 2 23 30 0 18 16 18 29 10 10 27 7 20 21 10 7 24 0 18 18 9 5 14 6 10 21 3 29 20 23 12 1 16 3 5 22 29 14 21 16 8 13 5 26 10 21 21 3 10 25 20
2 15 27 3 14 19 18 6 7 8 9 3 27 20 30 18 28 29 27 2 16 17 1 28 4 22 23 19 13 1 23 18 6 19 17 6 11 15 19 22 0 3 23 5 10 22 23 9 26 2 5 25 17 18 30 17 11 13 21 28 22 18 19 14 13 8 8 11 22 26 18 15 1 24 0 17 30 21 1
27 29 26 11 20 0 11 6 26 24 10 30 22 10 26 20 10 4 12 20 0 5 19 2 14 19 16 24 17 28 9 11 23 0 7 0 8 0 27 7 30 22 23 15 2 6 7 16 16 10 23 23 29 23 26 18 21 19 20 19 27 17 30 14 8 0 28 22 11 19 4 10 9 15 9 5 13 28 1
21 26 3 21 1 26 20 5 28 16 23 5 17 15 17 8 8 11 24 19 12 11 29 7 0 6 22 13 21 0 30 28 3 15 0 13 9 6 24 16 0 8 1 27 16 13 6 8 8 3 15 29 18 10 17 6 22 6 9 4 16 30 14 9 20 11 25 24 5 2 0 23 17 30 28 29 3 17 7
28 19 14 2 22 25 3 28 29 6 10 9 0 21 19 25 21 4 22 24 27 21 20 1 22 30 20 7 18 14 16 5 25 24 7 1 12 17 20 8 28 12 9 16 13 30 5 17 30 26 1 15 23 29 18 19 0 17 8 1 0 22 20 16 15 2 13 25 12 8 28 25 26 9 29 26 7 26 16
26 26 21 13 22 13 18 11 9 4 11 23 14 7 18 12 14 2 11 1 20 26 28 19 29 21 1 29 2 11 30 28 11 13 10 9 1 22 18 27 20 22 0 18 4 19 12 14 2 20 8 8 25 6 24 15 8 2 24 12 20 1 14 25 6 11 27 19 20 19 22 11 6 11 5 5 10 2 1
27 20 10 24 24 21 6 3 26 26 10 2 17 6 0 5 27 29 15 19 27 28 14 23 2 30 5 23 27 23 21 9 5 23 14 30 3 30 9 21 24 23 25 19 12 17 24 0 4 24 2 30 23 11 6 12 0 29 13 23 30 24 9 13 18 20 8 12 28 21 30 16 10 24 11 2 23 1 20
25 29 4 3 27 19 13 6 6 0 16 14 21 24 2 6 25 0 29 29 30 16 14 30 11 12 28 20 0 0 16 14 16 16 25 27 29 6 28 14 27 7 12 9 13 14 6 13 26 6 25 15 22 28 2 25 25 7 25 22 11 25 5 29 10 3 28 10 26 22 27 0 8 28 6 11 14 15 28
5 18 27 4 21 28 21 17 23 16 0 20 1 20 3 21 15 0 1 27 7 8 17 18 6 1 14 2 30 5 7 28 7 21 26 9 4 9 11 8 6 19 21 4 18 13 22 11 6 10 20 5 14 24 1 27 24 7 10 4 18 23 7 7 16 7 18 0 9 18 24 16 7 17 24 22 21 10 10
15 12 10 30 17 30 26 1 5 30 7 16 6 20 12 28 15 17 12 6 15 21 11 14 27 17 25 12 9 25 17 3 0 4 7 9 21 27 22 26 22 5 24 24 26 11 20 22 25 13 11 11 14 23 18 24 13 9 17 23 11 6 21 15 2 25 8 23 10 20 30 22 6 5 29 7 4 8 4
13 2 28 29 18 30 12 15 23 18 24 23 26 13 8 18 24 8 0 6 4 25 12 3 3 20 12 26 26 14 5 5 16 28 28 29 5 8 11 25 19 14 20 1 5 28 23 22 28 27 14 1 3 17 30 5 6 20 1 11 20 11 4 3 11 15 18 6 15 15 6 27 26 8 2 28 6 21 0
13 13 14 5 10 28 26 30 29 5 24 13 20 7 12 15 13 24 17 12 12 26 23 29 13 21 10 22 0 23 21 24 9 22 23 2 27 1 7 3 13 6 10 30 6 30 12 19 1 0 10 30 30 30 3 9 16 14 1 2 13 11 2 26 5 6 23 6 0 30 12 5 15 28 1 13 12 15 5
21 0 28 7 18 15 1 13 30 12 17 11 16 2 9 29 24 29 27 7 29 25 28 16 10 28 22 9 0 1 7 30 14 16 29 4 9 30 10 1 13 0 30 25 19 10 15 2 23 20 23 11 3 1 1 0 25 27 26 6 28 21 24 26 15 18 10 5 3 19 12 5 20 13 14 22 1 10 16
4 17 15 11 26 26 24 3 2 16 27 14 2 14 11 23 29 26 26 28 23 19 19 25 13 9 3 0 1 30 15 25 11 20 24 15 12 7 27 17 11 20 17 18 0 15 22 1 7 3 1 17 5 9 7 10 30 0 28 6 13 16 1 17 14 20 2 10 30 20 3 27 11 19 3 4 27 10 26
25 3 5 3 22 19 25 9 1 22 5 27 0 13 12 1 23 20 18 5 4 28 19 0 15 25 17 7 14 22 3 23 20 6 3 5 17 19 18 19 8 25 9 24 27 20 9 10 15 7 19 1 16 14 4 20 29 29 11 9 29 23 10 20 12 16 14 20 15 19 11 18 11 13 14 22 20 11 5
7 23 8 9 21 25 6 10 26 0 13 26 9 3 13 12 25 24 13 2 19 22 6 15 1 27 17 29 28 3 17 15 6 27 19 13 4 6 26 3 13 21 3 10 2 3 13 6 3 10 27 9 18 30 21 19 0 5 1 9 4 30 30 8 17 13 1 2 11 25 25 11 1 7 29 29 23 8 23
1 28 1 16 15 17 23 27 24 15 10 18 21 0 7 23 8 25 0 7 14 23 29 6 13 15 18 29 6 30 16 16 9 26 3 0 8 23 8 23 15 27 30 24 17 16 17 11 24 3 9 27 9 8 22 6 26 20 21 13 25 14 5 28 23 17 22 17 13 17 27 8 25 20 4 23 27 27 24
24 12 19 13 27 24 14 12 21 18 0 21 3 6 11 29 30 24 27 15 8 19 1 12 1 14 23 7 9 25 18 7 0 4 15 24 2 18 27 26 30 30 28 3 29 10 10 8 19 1 11 2 29 27 25 8 1 10 12 0 6 2 26 11 10 11 20 13 30 23 6 24 23 4 14 8 16 21 8
27 28 17 28 3 0 9 2 7 27 23 0 27 8 27 0 11 27 24 12 6 6 22 13 11 12 7 28 3 12 15 20 26 6 18 7 8 9 10 9 3 28 5 2 5 2 21 23 5 12 17 18 12 29 9 17 6 0 13 30 19 28 1 4 10 25 16 4 11 13 30 29 26 12 9 1 17 2 15
16 14 7 0 15 16 29 6 3 9 22 25 19 28 26 20 7 24 10 28 18 18 22 9 24 7 13 11 18 24 15 9 18 10 15 25 29 19 13 6 28 21 18 9 22 13 28 30 6 4 27 7 29 9 4 7 6 5 21 8 17 6 25 2 30 26 13 25 24 2 18 6 2 10 26 25 23 5 17
18 18 29 19 22 19 30 17 2 16 4 25 7 11 30 11 2 17 2 19 6 26 1 7 13 20 26 6 27 28 19 18 30 16 24 19 14 19 9 3 17 28 23 25 24 4 24 1 27 12 8 4 29 4 10 11 1 27 13 0 27 4 15 2 15 13 4 24 29 1 28 8 6 26 8 0 29 2 8
25 16 9 30 17 25 5 3 15 14 16 27 12 10 27 18 0 12 24 16 4 27 29 0 2 8 25 16 4 27 5 24 26 0 27 30 21 28 13 5 17 7 19 7 16 9 11 2 26 17 27 14 25 5 5 1 19 3 20 17 16 1 11 16 27 24 27 12 10 6 27 1 12 27 9 28 4 28 15
21 19 23 27 28 23 10 7 26 14 4 12 7 1 19 18 2 13 17 7 23 23 1 3 2 4 25 25 9 18 19 4 11 4 26 2 21 27 9 6 2 28 17 13 22 15 22 2 3 24 6 2 0 10 5 8 5 10 23 24 22 14 18 27 7 3 20 2 25 6 25 8 17 8 28 10 16 10 28
11 10 14 24 12 21 2 22 17 6 19 6 13 20 11 14 15 15 3 22 15 16 19 13 28 23 7 8 2 22 11 22 1 25 2 5 3 9 15 24 0 30 5 7 23 4 28 27 24 11 24 28 27 9 22 7 22 24 28 4 9 17 22 30 11 5 21 20 13 17 14 21 0 3 24 17 26 6 5
1 8 8 28 7 26 20 17 14 11 7 9 9 13 15 17 26 27 24 14 18 2 7 8 24 5 8 22 18 24 3 0 29 13 0 6 20 4 10 23 26 12 26 12 10 17 12 12 0 17 15 14 3 23 25 7 29 26 22 1 7 16 14 15 17 6 12 5 18 18 10 19 30 7 15 10 26 21 5
21 20 8 23 29 27 7 15 3 25 1 25 8 14 8 6 30 25 8 1 17 3 26 5 12 29 18 20 23 19 26 17 6 4 4 12 6 18 25 5 17 21 30 17 4 5 21 19 9 29 22 23 6 24 19 5 24 14 25 15 23 6 2 4 18 20 19 2 11 21 6 13 4 15 2 10 11 7 2
17 17 18 14 8 20 16 27 16 16 1 26 22 14 18 5 25 6 15 28 5 26 5 27 6 11 7 26 1 11 19 10 3 27 3 17 2 13 20 10 17 21 7 21 14 22 25 17 19 18 23 3 21 22 11 24 3 30 4 28 19 8 19 30 23 1 24 5 0 23 30 23 26 13 25 13 14 16 29
13 13 24 20 16 4 20 13 8 1 26 15 5 0 10 22 15 20 21 3 18 30 5 17 15 30 7 19 15 14 23 18 12 18 27 30 23 14 9 6 10 21 4 17 18 22 21 27 15 10 6 26 3 13 3 26 18 27 6 30 21 20 3 15 15 20 13 7 25 1 28 14 25 1 14 1 11 25 18
8 21 4 27 6 3 28 9 14 26 5 12 0 2 15 21 11 11 17 23 29 9 18 5 5 19 13 6 0 18 27 0 8 26 14 11 27 27 3 13 19 16 29 24 24 1 9 9 11 6 27 21 28 19 18 22 3 15 14 0 12 13 7 25 0 28 0 0 18 10 16 29 1 22 22 6 24 28 19
4 6 15 10 6 17 15 12 16 14 15 25 23 30 16 2 15 23 12 11 23 5 29 4 21 5 28 9 6 6 19 3 10 13 1 2 5 30 16 23 18 3 6 15 19 15 9 24 9 7 12 12 3 15 0 5 26 9 14 7 15 25 26 15 1 30 23 24 29 0 14 10 17 0 6 21 7 17 15
19 24 3 11 4 26 29 19 7 0 18 23 23 29 1 17 27 15 18 27 6 13 29 11 27 15 2 11 17 1 3 23 28 7 1 4 25 11 20 26 16 28 14 11 21 0 21 30 2 9 19 23 4 12 20 3 11 27 16 28 26 16 10 4 17 21 9 22 7 0 18 12 19 11 21 26 6 16 5
12 21 30 30 5 22 15 24 23 4 15 0 30 1 0 27 4 3 15 13 7 25 22 2 1 5 8 10 27 27 8 27 6 26 15 28 6 18 23 24 2 2 26 26 0 30 23 1 30 4 1 13 7 15 29 11 2 24 7 12 27 0 3 21 17 3 0 19 4 21 12 6 1 30 21 15 27 1 17
22 21 19 21 9 5 24 19 27 1 21 15 18 4 16 9 26 28 21 8 4 10 8 4 27 26 13 2 12 5 15 28 22 16 13 3 4 21 6 16 27 5 10 0 23 20 30 1 9 15 30 24 13 15 19 13 17 1 23 30 13 11 19 15 3 18 7 20 12 27 17 11 20 24 19 6 29 18 19
22 26 30 26 1 29 1 30 9 25 10 4 5 24 24 2 25 3 28 18 15 6 3 20 1 5 8 1 2 9 17 15 11 0 3 26 9 9 21 16 0 16 18 14 5 17 16 25 5 16 9 20 23 19 13 24 23 21 13 4 17 30 25 5 27 5 1 15 6 23 2 29 25 11 2 17 24 24 29
13 30 4 7 8 30 1 26 8 28 24 17 15 17 6 6 10 17 7 22 20 18 4 9 23 13 16 10 24 2 6 8 5 19 24 21 2 15 12 30 8 21 0 18 26 20 12 24 19 13 2 26 22 0 26 1 29 17 6 15 11 5 10 17 7 16 23 23 14 2 19 15 21 6 14 8 9 10 11
18 28 23 21 2 22 29 19 15 10 14 15 20 1 2 6 24 1 14 3 26 12 19 6 1 27 12 6 10 22 8 30 17 0 10 17 6 25 6 15 2 1 12 6 3 26 13 19 20 8 20 14 15 5 13 20 13 9 2 10 28 23 21 20 7 8 27 19 7 0 14 3 27 24 16 17 28 18 17
19 24 25 20 22 25 24 27 6 27 23 13 4 4 29 3 17 4 25 16 16 27 19 11 12 20 23 25 0 9 17 6 1 13 17 16 18 10 8 6 18 12 14 0 20 6 0 2 10 24 21 24 20 10 27 11 0 16 9 13 8 10 7 28 6 12 19 3 6 29 13 23 17 9 24 27 14 11 20
14 18 1 7 27 9 1 21 21 15 26 17 21 3 20 6 27 7 24 17 16 11 24 12 13 24 1 28 17 0 30 3 16 11 24 0 13 1 5 17 14 7 21 12 14 11 1 5 18 23 8 23 17 4 4 22 1 24 28 1 27 12 8 19 17 16 19 9 23 8 12 18 19 7 10 3 25 6 25
28 24 24 4 10 28 14 21 13 17 14 15 11 18 18 16 12 20 1 23 4 21 5 10 30 25 27 14 0 11 25 21 1 27 1 2 1 10 15 21 21 27 2 30 29 17 6 14 0 27 24 0 30 1 30 15 6 4 3 25 10 1 7 2 14 24 3 12 20 27 4 10 29 30 24 27 2 27 24
8 16 26 15 28 30 18 11 11 17 25 28 2 28 29 21 23 5 9 7 30 20 25 30 22 4 0 15 11 10 12 1 9 4 23 18 0 21 5 21 10 30 12 26 25 29 30 10 30 17 21 2 30 12 5 3 8 18 26 28 9 6 18 7 22 0 6 1 9 5 13 0 9 27 13 1 4 11 16
3 16 16 29 13 25 26 12 25 12 20 16 6 30 0 20 14 6 22 13 29 4 23 13 13 6 22 10 15 21 4 4 21 24 14 29 21 29 29 30 8 21 30 21 8 24 20 10 7 9 2 29 5 24 22 0 28 20 7 22 0 24 17 26 2 7 8 27 1 14 24 10 5 4 13 22 23 0 19
18 13 13 11 17 14 14 7 2 8 9 27 25 30 6 6 5 6 20 17 12 15 14 27 1 13 30 3 1 14 5 30 14 6 1 22 2 6 14 9 11 12 2 11 17 30 24 3 27 5 1 24 24 20 26 16 18 15 1 12 6 27 6 29 1 4 20 5 29 22 2 17 4 28 6 2 25 23 28
25 18 10 25 3 21 3 26 18 8 16 21 25 3 4 9 14 22 21 26 8 3 4 21 16 5 10 3 10 15 21 17 7 24 13 12 2 17 16 13 9 11 24 1 21 14 26 14 22 1 25 8 12 23 14 7 1 18 2 0 28 30 6 2 29 3 29 13 25 20 26 5 12 13 16 23 27 15 29
4 16 13 27 5 14 4 10 6 23 20 4 14 18 2 10 30 25 22 18 28 4 8 28 12 8 30 26 27 10 15 8 0 0 16 18 15 9 1 20 10 17 3 24 0 1 28 12 3 25 18 21 26 4 3 27 21 4 6 23 17 29 6 5 19 8 15 9 7 16 8 5 11 17 30 27 10 26 8
14 7 4 12 2 20 28 20 13 19 24 26 9 26 21 18 27 2 8 18 25 5 2 10 21 6 20 2 14 10 1 18 7 19 20 21 5 11 3 25 25 18 12 3 22 13 23 20 29 19 29 27 23 3 27 11 28 17 4 14 21 16 8 3 4 14 5 23 13 20 14 20 14 11 25 8 26 14 0
1 4 25 8 20 24 27 27 3 23 6 28 10 9 27 14 24 15 18 27 30 4 25 13 12 24 4 4 5 0 27 9 26 21 0 21 16 11 13 25 3 26 5 14 29 17 25 2 4 7 24 12 14 29 29 13 16 20 19 21 30 3 19 28 26 3 20 20 8 22 6 6 12 6 21 28 4 18 15
24 16 19 5 18 16 9 29 2 9 16 0 24 19 15 26 18 3 15 14 23 6 1 11 14 25 12 5 21 15 10 17 0 30 14 7 16 10 19 9 19 27 8 24 10 30 18 6 9 30 12 17 20 22 14 15 3 28 18 22 10 5 27 12 21 3 24 13 19 9 3 3 5 11 24 3 27 1 15
20 1 25 15 18 3 30 2 12 7 11 10 0 27 30 1 23 2 12 29 0 20 25 22 29 20 4 14 5 13 11 25 14 23 5 5 11 26 15 23 29 2 22 25 6 16 23 28 26 7 19 14 6 17 24 13 13 16 9 7 20 5 8 24 5 12 23 10 12 18 7 22 25 15 5 12 1 1 5
15 8 7 27 22 8 5 20 15 11 15 4 3 1 21 7 6 12 5 24 16 23 3 1 20 18 11 24 6 21 25 27 16 7 5 28 1 14 1 29 19 10 1 1 6 20 11 14 3 21 7 21 21 29 24 4 0 24 15 28 22 24 24 27 22 13 17 10 2 2 2 17 22 13 21 8 21 25 30
3 5 30 11 16 30 30 23 16 23 13 19 17 9 28 16 23 23 27 7 19 26 23 19 26 10 6 27 22 18 17 19 15 26 20 30 17 15 28 13 20 1 12 10 26 4 4 5 16 17 16 30 27 27 23 3 6 25 7 23 23 1 29 22 24 25 3 10 10 20 16 28 21 23 8 17 23 25 15
24 21 11 21 11 8 23 11 16 13 24 7 19 26 7 16 28 24 24 22 5 4 27 14 7 26 0 23 15 15 5 11 21 24 16 21 8 11 30 6 20 2 3 1 21 17 2 7 6 9 16 21 23 13 11 15 19 28 16 25 6 22 19 13 15 27 7 12 5 7 23 4 7 10 22 9 0 24 13
28 20 19 7 5 1 21 0 0 21 6 27 3 18 24 5 29 5 25 24 29 24 4 29 1 14 17 2 26 22 18 7 9 22 8 29 10 5 9 4 6 15 7 12 25 29 29 8 20 4 26 24 7 4 21 21 18 4 28 10 9 18 19 7 12 14 28 27 21 18 26 30 5 2 3 10 12 0 22
28 6 2 9 8 6 16 5 24 2 20 6 14 9 4 9 25 5 21 13 28 9 24 25 27 2 14 20 26 27 4 10 10 10 9 12 2 15 6 7 28 30 17 28 14 2 14 3 8 19 18 18 19 16 0 28 25 27 27 22 20 3 25 3 14 0 1 30 27 14 2 26 30 17 24 30 6 23 0
27 17 25 3 30 5 14 25 23 10 6 24 30 24 2 11 14 25 15 10 11 28 17 1 2 0 3 24 18 24 16 10 29 12 30 17 7 0 22 24 29 1 24 24 15 16 1 10 17 27 4 30 27 3 24 30 18 12 18 8 28 21 17 27 1 22 28 7 27 8 30 7 14 27 14 15 6 29 15
4 0 28 14 30 20 8 6 16 16 9 10 1 6 22 3 14 4 30 10 15 22 22 4 30 1 8 23 3 24 18 10 2 27 9 10 30 26 10 7 21 7 0 16 12 26 2 11 17 24 0 27 5 18 25 7 11 12 30 16 25 8 11 22 6 13 0 19 27 11 10 23 16 19 8 23 7 24 17
2 6 14 19 13 15 21 2 5 17 9 22 10 12 24 4 18 18 20 23 16 7 11 10 18 7 26 12 22 5 19 4 21 13 6 10 29 9 18 21 12 28 15 4 29 16 26 16 22 8 14 4 24 21 14 27 28 29 21 6 21 27 21 19 27 16 24 25 24 15 22 1 22 20 18 25 4 25 11
1 9 14 27 11 7 14 9 17 11 23 14 6 10 27 17 21 19 13 3 1 28 22 19 1 27 1 13 26 3 8 5 12 9 20 12 21 3 6 7 13 2 1 13 7 25 9 10 2 9 1 14 8 15 15 10 20 2 20 13 4 15 19 3 7 13 3 16 12 28 13 19 24 1 27 1 24 18 15
4 14 23 15 15 9 4 3 8 20 4 12 5 22 26 16 22 22 27 5 16 2 27 11 2 10 2 27 27 25 23 24 20 15 24 16 1 9 13 23 28 20 12 20 10 24 13 12 12 3 22 19 24 0 18 13 5 15 20 9 1 24 12 6 11 29 17 5 11 4 1 5 3 9 27 11 16 26 18
11 9 5 23 26 10 12 7 4 24 30 0 5 17 29 2 12 10 2 20 6 14 4 14 10 2 10 23 8 30 6 8 14 22 20 0 8 15 22 5 13 3 26 23 27 30 4 26 15 20 22 21 26 18 11 20 6 11 13 21 11 2 11 20 14 6 3 8 9 13 11 8 8 4 25 20 30 14 18
14 25 18 22 1 22 24 30 19 19 16 15 22 29 18 25 22 11 28 19 23 11 30 8 0 13 8 16 0 26 12 9 22 3 20 11 3 6 22 9 14 27 0 1 24 25 1 14 7 22 30 18 12 8 2 29 15 8 15 20 15 22 3 5 1 27 7 17 30 13 24 16 26 19 8 8 20 18 19
22 6 27 26 23 21 30 12 7 0 3 20 18 13 4 4 27 0 1 19 17 25 22 7 29 14 21 14 3 7 1 16 7 3 25 8 8 15 17 1 16 12 18 26 25 21 4 7 2 2 0 28 17 8 8 23 29 26 15 1 5 2 12 5 17 22 29 5 6 6 15 20 11 13 24 2 13 10 17
19 22 19 8 6 14 14 4 5 8 7 2 21 15 24 8 29 28 1 9 11 26 3 10 7 30 2 8 29 25 0 21 30 22 18 12 2 2 17 16 20 29 12 28 23 30 7 15 24 26 9 25 19 25 12 5 12 10 30 0 4 23 13 16 15 17 29 15 18 26 18 9 11 1 13 11 9 28 13
18 28 22 19 14 4 9 2 3 8 22 29 19 19 26 28 0 26 16 8 0 6 9 30 0 26 4 26 20 30 2 14 7 8 7 17 7 3 3 7 10 18 13 30 6 11 2 14 10 27 13 22 12 19 16 6 30 24 6 3 5 18 18 28 11 16 11 21 27 23 11 7 13 1 28 12 11 18 19
27 9 17 27 23 14 20 9 25 0 24 16 28 24 4 20 5 13 17 28 15 12 8 2 14 14 29 7 30 10 12 13 17 4 20 27 4 21 7 15 7 18 18 30 21 20 3 3 9 22 12 25 23 5 9 5 15 9 9 14 16 18 4 8 29 7 17 1 6 22 8 9 14 4 12 2 1 18 15
14 12 5 14 15 14 0 17 13 23 26 19 0 16 14 4 15 23 3 29 7 20 16 23 0 12 10 11 9 6 3 5 13 15 13 9 29 7 24 20 11 21 27 11 1 14 9 9 22 27 25 15 12 16 12 23 18 28 21 3 27 29 3 0 10 16 21 17 22 11 23 22 16 1 26 20 29 29 13
27 19 3 8 0 16 28 22 19 26 15 2 28 14 4 20 15 15 29 7 14 4 5 26 9 0 24 13 18 0 14 4 22 6 13 10 9 25 8 7 2 27 8 30 28 4 9 2 19 6 1 28 26 11 26 15 28 23 9 3 16 24 14 16 2 15 4 13 3 2 2 17 16 19 3 4 6 23 26
