82 82
7 1 16 19 29 22 25 30 21 16 21 3 24 21 12 28 3 9 15 8 20 26 2 23 23 13 28 2 1 9 0 20 20 13 29 10 9 5 18 17 1 26 30 30 28 5 10 21 8 19 14 2 20 30 10 20 20 22 18 0 30 27 0 21 23 1 8 16 6 5 20 12 9 12 25 9 23 13 0 19 1 20
12 0 5 8 16 18 22 16 9 3 17 5 7 1 2 11 2 11 1 9 12 29 16 13 18 8 27 0 16 2 1 0 19 14 23 3 30 12 20 19 19 13 5 16 28 18 6 16 29 8 28 13 28 3 0 18 25 12 11 14 18 29 13 13 12 19 17 28 17 18 6 19 1 27 29 5 6 28 17 8 18 25
18 14 26 8 22 13 11 2 21 5 3 3 17 24 14 14 9 12 12 4 29 19 7 29 19 9 12 24 19 7 27 13 16 14 10 13 27 2 12 24 11 15 11 23 6 3 23 27 30 10 27 3 20 4 0 10 26 14 2 14 3 7 21 18 4 16 13 21 20 30 24 0 11 10 10 14 22 5 8 25 18 8
14 12 5 4 9 15 27 18 20 14 18 19 18 9 5 29 3 13 30 23 23 14 18 9 8 16 19 7 14 18 9 13 24 22 21 18 7 28 24 27 0 3 8 18 20 26 4 9 9 2 23 8 23 15 21 29 18 11 24 23 13 0 19 16 10 25 27 11 8 28 16 28 4 20 2 0 9 3 17 22 22 1
30 28 1 22 23 1 2 28 28 1 3 4 11 6 13 30 6 13 10 6 3 3 0 23 26 0 6 23 12 7 27 11 5 17 7 14 13 25 16 21 16 20 12 16 13 26 27 24 13 17 22 11 15 2 12 18 1 5 10 4 14 29 28 9 7 10 20 29 20 19 22 9 22 19 11 28 9 15 25 14 15 2
25 12 14 23 25 30 6 18 27 27 5 12 29 16 30 6 11 21 24 27 26 4 19 13 28 16 26 30 0 24 3 24 2 10 4 16 15 7 27 30 5 3 26 14 13 19 6 4 27 3 25 27 22 17 30 13 10 18 0 1 2 14 12 16 27 11 14 14 11 13 0 24 20 22 21 29 25 3 9 9 24 19
6 7 4 26 28 17 4 20 12 28 17 11 24 20 25 19 4 30 7 18 26 11 14 11 3 11 30 29 15 14 29 21 2 29 29 11 30 20 21 1 6 2 6 15 28 26 17 1 9 23 13 16 24 13 19 10 7 17 26 13 8 22 22 30 24 28 19 8 13 23 10 3 7 2 13 1 15 26 15 25 12 26
12 20 20 11 27 0 4 10 1 25 22 8 28 26 3 30 11 20 20 17 26 21 25 17 17 25 20 30 16 2 28 9 1 9 18 14 9 25 25 4 27 22 10 23 5 20 28 17 30 2 9 29 7 25 14 24 5 26 21 19 29 1 14 25 2 18 13 26 18 30 9 15 22 26 10 2 24 23 16 11 5 17
26 19 6 8 28 24 13 13 13 22 19 6 25 20 18 6 20 16 30 2 13 26 26 19 8 2 28 6 30 14 18 23 30 19 30 24 16 24 17 19 16 3 15 20 0 6 15 22 9 23 0 15 0 18 20 4 17 19 13 12 30 12 2 12 13 30 2 13 25 5 7 22 14 29 25 23 27 7 10 21 2 11
16 26 6 3 18 20 11 9 16 3 15 16 27 23 5 29 22 30 22 6 17 24 14 8 9 28 13 21 25 12 13 3 14 12 30 6 14 16 21 29 17 5 11 15 18 20 3 27 28 4 15 25 9 6 17 1 25 14 22 11 22 19 22 17 24 13 12 21 25 1 28 18 12 21 29 22 19 10 21 25 26 30
23 24 18 7 26 24 30 14 25 16 30 19 23 7 21 24 20 18 9 23 7 1 3 13 12 16 0 25 2 14 10 1 30 7 23 16 26 1 7 3 27 28 24 17 5 10 29 19 11 1 23 0 9 13 19 14 22 3 20 11 5 10 3 20 12 19 1 26 3 30 22 25 5 6 11 3 9 19 4 18 13 8
7 18 3 29 14 6 15 25 14 10 5 11 1 16 22 4 12 18 16 1 27 21 9 5 9 18 10 14 23 0 27 8 27 25 20 16 20 20 21 16 1 9 17 18 18 0 28 10 7 21 2 22 1 25 9 3 29 28 11 9 20 20 1 15 14 20 29 9 23 18 9 22 19 21 8 27 18 17 9 24 24 6
30 20 14 1 3 4 22 24 30 2 19 25 14 5 17 24 15 8 1 14 17 25 3 14 13 6 11 29 12 5 15 2 13 15 0 23 11 11 2 8 23 27 10 16 20 11 26 0 25 18 15 6 12 18 25 3 11 0 24 0 25 5 22 0 18 30 7 23 18 23 17 17 22 8 1 10 13 13 7 13 28 15
19 2 7 11 21 26 13 0 23 19 27 8 27 5 17 22 27 30 23 10 12 25 23 27 12 7 23 19 17 22 3 14 1 10 19 4 5 19 4 4 30 6 25 23 7 9 23 5 15 18 16 20 17 9 26 12 10 13 19 12 6 17 30 16 2 27 6 10 10 14 7 21 17 22 12 3 30 8 28 0 8 11
30 30 9 30 21 8 2 4 16 17 16 4 30 24 9 9 10 14 18 15 3 20 11 10 7 22 5 3 22 2 26 0 25 10 29 16 3 26 26 27 15 0 20 0 25 7 28 2 20 4 29 17 14 24 23 28 9 18 18 28 2 3 17 9 25 29 14 9 25 7 3 9 27 5 16 19 6 16 17 19 23 30
5 29 19 8 11 3 19 2 19 17 28 24 11 28 12 1 16 9 3 13 30 24 20 13 21 11 19 12 23 18 18 20 1 4 3 27 26 16 8 14 18 14 19 20 26 30 0 11 26 7 20 16 24 22 29 25 22 6 24 30 27 18 20 13 5 12 1 25 30 5 27 20 28 8 6 17 24 19 9 20 19 5
2 25 3 20 10 29 30 18 25 16 28 5 28 14 5 27 7 7 28 7 4 26 0 22 6 18 14 17 28 29 4 8 11 20 25 9 30 3 20 2 18 18 18 3 19 19 30 29 4 20 7 30 20 29 9 13 2 8 5 16 18 8 20 1 22 1 4 23 25 13 30 20 4 28 21 25 20 15 28 6 16 11
16 30 6 11 19 6 5 0 3 22 10 2 25 12 25 9 7 10 2 7 6 22 10 12 5 30 8 8 19 0 17 14 23 0 10 7 30 10 12 1 0 29 26 17 16 26 4 16 24 18 5 20 24 6 15 5 7 30 7 17 25 4 29 1 29 24 19 13 14 9 15 2 28 16 7 3 22 12 19 29 7 16
4 2 0 7 11 29 5 16 12 4 5 28 14 28 5 5 0 20 8 29 25 27 3 30 2 8 25 0 18 0 12 18 25 26 29 20 9 2 2 20 16 0 21 8 25 14 29 30 15 16 11 21 19 6 9 16 3 1 12 20 25 27 28 30 11 27 17 20 14 26 23 16 3 6 18 8 14 1 30 22 8 20
23 6 24 25 5 9 2 27 26 13 3 12 21 6 0 6 8 27 7 3 24 13 16 11 10 26 5 24 23 25 25 3 19 25 29 5 11 5 2 2 5 18 7 8 10 12 3 13 28 14 29 15 16 25 1 14 7 1 2 19 3 17 9 28 8 28 20 17 8 6 3 12 28 10 8 18 7 29 14 28 2 7
21 29 9 2 4 6 9 2 21 0 19 4 6 28 16 14 23 10 27 24 13 20 14 11 30 25 6 23 29 17 1 14 8 14 13 28 11 0 11 5 14 22 6 18 23 4 2 3 21 17 13 8 6 22 24 28 20 1 24 26 11 5 23 5 11 21 6 24 27 4 23 4 13 19 3 11 16 4 15 21 2 10
18 22 17 26 3 24 2 20 15 15 27 2 22 2 23 11 13 0 24 21 0 27 16 21 9 7 5 13 5 7 11 6 2 20 8 24 28 5 25 22 16 22 0 27 12 29 9 28 19 14 1 17 6 29 21 5 7 8 29 13 11 29 18 1 11 26 27 24 3 13 4 10 7 18 5 20 13 14 7 1 23 7
28 18 5 23 12 13 6 16 0 13 15 20 8 15 12 7 30 3 16 21 22 16 4 29 24 27 29 21 4 30 23 6 2 3 30 18 24 25 12 28 13 30 20 5 23 12 21 6 19 17 11 16 18 3 20 15 23 26 22 12 21 27 3 15 20 3 3 24 15 3 26 25 17 4 19 22 27 16 16 5 19 2
30 14 11 9 22 4 22 11 18 8 7 29 18 27 11 15 9 10 7 30 12 0 9 28 22 24 28 3 19 4 3 5 28 4 8 18 1 8 18 24 27 22 28 28 12 13 18 23 4 4 11 8 14 4 14 2 15 1 7 8 11 18 5 23 29 13 8 3 13 14 9 20 20 17 26 23 11 18 20 27 0 25
8 26 29 11 19 29 2 7 30 27 16 14 2 7 12 8 13 24 23 18 8 5 16 27 4 21 12 13 14 26 26 21 25 8 21 1 23 10 5 15 19 8 4 28 10 24 24 6 30 30 6 2 18 9 2 9 11 1 15 8 12 28 9 23 6 14 28 19 18 7 8 19 24 0 22 24 22 25 8 26 28 22
9 6 6 22 5 19 16 17 8 9 9 20 20 25 12 3 1 30 20 3 20 27 6 9 7 30 17 27 18 0 14 4 29 13 26 26 23 21 0 14 20 22 8 13 14 30 1 10 30 4 14 18 13 0 17 13 30 7 15 27 0 4 23 3 4 22 8 29 19 26 24 11 2 20 24 3 2 19 25 15 7 30
5 25 12 21 27 3 17 21 8 12 9 12 21 2 13 29 10 16 26 10 20 4 4 19 5 4 2 2 0 28 3 13 5 5 5 4 18 28 11 22 15 26 6 27 10 15 12 21 17 4 0 9 7 30 19 1 8 7 15 11 28 29 10 29 4 0 8 30 28 6 7 19 3 8 12 1 24 20 19 9 0 17
29 27 7 8 6 24 20 13 17 23 20 15 13 7 5 19 24 24 9 18 2 11 11 3 18 24 24 16 7 27 19 5 20 13 11 13 30 24 6 17 20 19 7 15 25 21 2 5 19 17 5 5 22 0 1 3 29 17 30 18 2 27 27 21 16 5 13 6 6 25 4 4 7 22 11 22 15 3 18 13 23 0
16 16 9 0 18 4 18 21 2 22 26 4 6 8 17 24 12 17 20 6 30 1 1 20 24 2 5 8 20 18 27 29 29 24 10 14 29 2 19 4 29 6 11 16 6 29 7 8 19 5 4 14 20 28 14 15 22 26 29 16 20 6 17 28 19 12 13 20 22 28 5 13 17 14 1 7 16 13 25 21 29 9
26 12 6 26 15 24 29 11 24 2 13 29 6 10 29 24 19 15 24 8 28 6 30 26 21 23 12 24 24 30 16 4 7 5 0 30 7 13 8 9 30 12 13 16 21 12 16 7 8 4 11 5 13 7 21 28 4 26 0 18 0 24 6 1 27 5 6 6 9 27 25 29 20 25 24 9 6 29 28 15 0 19
7 20 23 0 21 26 24 20 18 1 18 27 30 16 1 22 0 27 25 29 1 2 2 13 22 0 12 30 29 27 2 19 24 6 14 11 4 27 30 12 4 15 4 1 29 11 25 12 3 11 18 27 25 6 11 24 17 0 12 7 13 1 19 28 11 25 19 26 9 25 16 28 4 20 9 20 2 2 6 14 5 13
20 11 16 0 13 29 1 10 19 20 18 17 29 24 10 3 16 29 8 20 19 30 18 10 29 7 24 5 14 22 24 26 7 16 10 23 4 30 12 12 25 15 6 25 22 23 22 28 27 22 27 19 9 14 6 10 10 7 9 23 14 3 3 27 28 19 12 11 25 19 24 29 24 29 4 15 10 10 16 23 27 19
17 30 8 15 20 30 18 21 6 5 18 4 7 22 17 10 14 6 17 2 1 28 18 11 2 27 30 27 16 10 29 7 15 8 30 19 29 19 3 20 9 16 17 19 0 9 0 10 8 1 27 12 12 11 12 2 15 4 13 27 5 8 15 13 9 19 29 27 7 6 1 26 10 24 26 21 16 2 29 16 2 8
18 17 8 11 18 8 0 26 12 20 14 7 19 11 0 6 24 10 7 27 20 30 0 24 8 6 26 26 0 27 5 28 15 19 15 11 22 9 5 2 7 30 28 14 0 5 28 23 26 16 9 30 14 4 7 1 11 1 2 19 18 29 1 16 5 30 14 5 22 13 24 2 9 23 2 2 16 11 18 21 0 21
0 30 4 22 12 23 22 16 16 6 0 15 12 15 30 21 3 13 18 26 19 10 17 26 18 28 14 24 11 20 28 11 22 21 11 16 14 28 0 10 15 11 22 21 9 25 13 3 9 22 29 17 15 14 19 30 30 22 2 28 8 30 19 29 26 5 22 2 10 24 24 14 18 19 6 0 22 11 30 18 12 19
5 5 5 27 23 19 16 15 21 7 23 14 14 25 7 16 13 25 25 23 12 28 28 18 12 11 0 30 24 7 12 26 22 10 13 24 13 22 9 23 2 10 14 6 28 3 12 14 0 24 23 30 8 26 18 9 16 22 6 29 13 3 5 25 18 22 21 17 4 4 22 12 18 29 6 29 20 28 22 21 11 2
8 0 15 2 18 14 9 1 1 22 28 10 28 4 29 28 22 0 14 8 22 30 2 1 4 21 10 25 24 5 27 22 27 18 17 26 28 26 7 2 10 0 30 23 1 29 13 12 20 12 22 28 23 0 4 20 1 21 23 25 3 11 0 20 17 11 30 28 0 25 5 17 7 21 4 22 11 4 4 29 5 4
16 18 27 9 6 18 26 22 25 4 3 3 19 25 26 14 26 13 24 3 10 22 27 23 22 10 12 27 9 15 7 14 16 17 22 16 12 5 17 30 20 19 2 21 27 24 3 16 29 27 1 14 4 6 20 25 15 19 19 29 1 30 17 1 12 10 16 4 23 17 4 18 3 28 25 28 24 17 16 23 30 26
16 3 24 28 0 10 11 30 8 11 21 27 3 21 15 3 27 8 26 11 15 17 13 22 29 27 14 6 17 4 19 0 18 16 16 27 29 20 25 28 14 10 16 4 30 4 2 14 27 16 23 14 3 16 7 27 28 13 8 8 9 8 11 30 27 5 0 23 7 23 3 23 17 30 6 21 27 7 11 19 25 18
15 0 19 20 7 21 18 0 3 24 26 7 15 26 18 3 7 18 16 4 11 25 23 29 30 12 15 22 13 2 26 23 21 16 6 25 8 0 12 17 23 0 7 25 17 24 3 24 11 29 0 19 14 27 26 18 19 14 13 4 27 23 17 30 6 19 6 26 24 18 11 12 0 21 26 21 22 1 3 24 23 10
8 4 0 28 22 25 17 17 21 28 12 28 16 8 14 30 15 24 2 13 8 8 14 30 14 27 19 28 24 21 9 1 26 13 23 21 19 7 5 3 30 25 22 12 2 26 14 18 1 22 13 11 24 1 25 4 20 14 24 6 4 6 28 29 17 7 5 12 24 20 5 16 20 1 20 4 19 19 18 7 14 14
1 7 12 0 29 25 7 23 18 15 9 27 20 20 6 20 21 24 27 1 16 14 26 10 14 6 28 27 29 18 13 15 12 3 14 30 4 5 3 4 28 27 23 8 23 1 20 28 5 19 23 21 16 8 22 14 22 7 3 28 17 0 14 16 19 10 5 6 19 30 5 18 5 19 5 21 9 30 27 13 5 24
28 20 13 4 4 19 12 16 8 26 9 20 17 7 20 20 14 7 25 2 12 5 28 13 10 28 10 23 26 11 5 16 2 18 2 6 14 13 12 13 0 2 18 1 29 10 5 5 26 12 7 4 12 4 22 21 7 4 2 19 11 25 2 14 7 26 14 27 12 15 15 25 28 7 22 10 17 0 19 19 20 27
15 25 10 10 0 16 23 20 10 27 25 27 4 4 28 12 6 17 9 17 14 30 9 2 23 20 18 8 27 29 15 2 12 20 1 25 16 0 15 12 29 4 25 7 10 22 10 30 17 10 29 29 6 17 2 0 10 27 2 0 12 27 13 8 29 26 10 30 9 24 8 26 25 4 17 20 7 2 28 20 18 10
5 17 2 29 20 30 3 14 7 9 21 23 16 29 3 14 14 2 14 10 0 24 19 17 20 18 19 10 8 25 18 13 6 0 30 6 30 0 7 23 3 13 17 13 26 9 28 5 19 25 11 17 18 27 10 19 20 12 6 20 18 15 24 17 13 14 18 14 15 11 9 5 8 2 10 11 20 18 30 6 1 5
19 1 2 25 9 6 14 2 25 4 3 18 9 13 30 13 11 21 10 22 1 8 3 16 10 6 17 4 18 3 7 20 9 14 4 12 9 21 22 23 30 22 0 11 6 26 7 23 3 30 28 9 17 18 7 28 8 30 23 0 1 23 16 18 30 23 0 15 26 15 3 13 7 16 27 11 8 17 27 10 1 18
28 8 17 7 24 24 21 1 24 30 5 8 11 8 20 30 11 24 13 7 26 28 26 16 16 17 12 1 4 12 15 25 18 20 13 19 2 27 19 14 1 0 22 30 4 23 12 6 18 13 13 22 16 20 5 13 8 21 30 26 23 9 25 0 10 16 20 16 2 16 20 11 5 23 30 29 25 20 22 20 22 20
27 19 2 14 16 30 10 17 1 3 29 27 7 29 22 25 5 24 24 14 21 4 13 15 5 24 16 16 12 7 11 18 13 30 12 11 12 14 15 11 13 18 15 17 27 1 17 1 14 23 15 8 30 22 24 19 26 27 5 16 3 0 29 9 11 5 15 2 14 28 8 20 25 0 21 11 22 11 20 11 22 16
10 10 7 21 15 15 21 9 5 17 29 10 30 16 1 8 27 7 27 4 6 4 9 29 22 22 11 28 23 24 24 6 19 1 23 15 30 10 20 29 25 12 13 3 13 24 0 11 24 2 29 9 2 4 23 20 16 0 25 12 13 17 12 8 4 22 17 14 25 0 17 17 10 20 19 5 29 13 23 25 22 26
6 27 29 7 30 9 3 29 13 23 1 12 14 3 4 17 26 2 15 6 26 30 9 23 8 5 3 16 25 16 0 10 22 27 16 24 30 24 28 5 22 27 16 17 7 3 3 22 20 8 26 9 24 20 9 27 23 22 7 18 5 1 5 4 16 21 27 22 13 25 29 4 14 1 18 15 20 6 6 9 12 30
0 3 19 29 2 2 7 0 14 30 22 7 2 9 24 7 1 18 13 9 6 27 9 6 9 2 19 19 16 1 3 14 11 7 0 14 11 30 15 18 30 12 19 14 18 8 23 5 28 28 22 27 23 20 12 2 9 5 20 11 4 17 8 7 28 14 30 2 17 23 1 11 0 21 27 26 27 10 7 12 21 0
1 26 14 15 16 16 17 27 3 14 7 20 7 1 1 3 26 4 10 0 11 10 3 28 8 26 9 6 22 29 20 27 15 24 27 12 11 15 18 17 3 11 15 26 20 17 5 16 6 0 10 2 21 2 30 24 16 25 27 5 19 25 17 3 13 29 4 9 6 29 8 17 1 1 2 13 29 12 16 17 26 30
1 1 28 4 15 26 21 5 15 3 15 26 19 19 8 13 13 20 17 15 4 29 1 0 1 23 14 10 30 4 6 5 19 8 30 23 5 1 26 15 27 4 10 23 25 23 17 24 3 0 18 1 0 25 9 0 29 22 24 30 8 20 23 10 16 12 2 0 27 27 3 2 14 13 2 18 27 24 28 27 27 11
30 14 22 22 12 14 26 29 22 20 1 10 30 4 21 15 25 17 17 21 12 26 20 29 28 21 2 7 7 22 10 20 4 14 3 24 2 23 16 1 4 17 18 7 13 5 21 19 30 22 11 18 8 14 25 2 1 1 18 22 9 28 12 12 1 19 17 8 27 2 5 22 9 0 25 18 14 0 25 8 22 28
30 16 28 30 6 22 23 2 30 3 13 11 2 28 16 20 15 29 26 30 27 12 14 26 4 10 9 27 18 15 28 8 24 25 0 1 20 11 14 24 0 14 30 10 14 2 1 22 28 10 7 7 7 27 20 29 30 13 13 25 8 0 25 2 14 21 16 23 27 0 1 23 27 1 23 14 10 30 18 6 2 6
12 17 18 5 6 11 12 30 6 10 19 30 6 3 24 10 9 1 25 24 11 22 29 3 25 13 2 5 27 0 11 26 22 18 11 20 26 2 12 19 29 13 8 20 26 2 12 8 19 12 4 20 20 20 24 12 5 11 19 25 25 5 16 11 22 18 22 22 12 0 23 3 21 14 15 21 12 4 8 7 5 30
29 1 8 13 24 28 21 8 28 0 29 17 1 15 18 27 25 5 14 1 6 18 24 27 26 12 10 12 5 27 8 11 27 20 29 8 1 9 2 18 11 9 29 12 15 10 10 4 3 28 17 9 27 29 24 18 19 14 29 17 26 29 3 1 9 10 1 8 30 16 28 3 1 24 25 11 23 24 9 0 20 17
21 0 16 29 6 19 4 1 11 26 24 2 9 28 12 17 19 11 9 2 6 17 4 28 30 24 22 24 9 27 8 19 1 12 13 26 1 13 0 8 26 18 8 21 9 21 13 5 9 8 14 21 26 5 12 3 16 18 8 1 6 29 8 2 0 26 23 28 1 30 3 1 8 17 5 0 9 19 10 28 19 24
30 0 16 17 3 9 15 5 7 11 2 30 5 12 18 30 10 10 0 14 3 17 8 23 16 21 14 9 25 24 1 0 4 24 9 16 15 5 23 22 12 27 29 10 24 22 7 6 13 8 9 17 9 15 22 30 2 27 23 0 16 29 22 12 22 29 17 22 1 17 13 30 3 20 18 14 18 9 9 20 13 7
12 0 1 29 3 23 27 21 3 14 22 29 18 17 23 19 18 16 25 8 10 9 16 19 5 24 18 17 23 12 14 5 27 30 0 7 14 18 2 19 23 15 25 12 12 3 20 26 7 19 30 1 12 19 28 18 1 16 27 29 13 24 18 25 26 8 9 5 23 20 23 12 25 15 13 2 1 1 28 6 9 29
16 3 1 25 20 11 1 27 4 7 14 7 30 1 8 7 2 21 24 18 2 4 9 17 7 1 6 2 6 13 24 19 20 22 3 22 6 28 24 13 2 24 13 7 3 24 10 26 12 27 22 18 29 20 24 23 10 17 12 22 21 4 16 5 14 2 11 11 30 30 16 17 15 23 29 5 19 8 29 25 12 22
0 20 7 18 13 14 19 27 5 16 4 15 23 7 21 10 27 11 17 6 16 15 25 13 25 23 20 29 18 10 7 4 30 27 1 26 7 15 5 9 6 20 6 26 10 0 21 11 21 29 21 13 8 16 25 28 5 11 3 20 26 1 20 19 25 27 26 17 1 9 16 1 25 10 30 3 29 13 7 3 11 30
13 9 16 28 14 8 26 0 2 6 14 15 25 16 1 14 29 24 12 29 22 28 24 24 15 28 22 5 19 4 9 12 2 13 16 4 19 17 23 30 11 19 29 8 17 16 2 3 29 8 22 0 19 25 12 14 30 8 20 1 6 8 7 7 24 7 4 18 22 15 6 19 9 27 1 27 15 28 29 23 1 25
8 18 25 7 18 18 21 17 12 22 26 1 18 17 8 10 3 13 27 26 23 7 21 15 29 10 10 18 6 24 29 28 3 4 10 7 27 16 2 8 1 12 12 10 16 26 23 6 26 23 9 30 23 5 4 12 15 13 15 12 0 21 13 13 2 18 23 3 11 14 23 14 20 11 24 16 18 17 14 23 7 19
3 30 11 1 9 5 2 0 24 0 10 19 25 25 22 17 20 30 8 7 22 7 26 22 1 6 5 22 25 24 7 28 29 27 14 27 27 17 3 2 16 11 29 25 26 7 9 1 5 4 17 2 8 26 25 10 18 15 3 17 16 3 25 28 3 6 17 8 1 27 4 4 9 16 19 1 19 0 29 9 7 26
17 2 22 23 25 2 11 15 14 24 11 4 20 25 21 6 0 16 22 24 30 11 29 18 22 3 14 0 2 8 2 22 1 22 27 1 26 8 26 0 22 28 24 8 25 8 23 10 8 17 6 20 0 27 22 12 28 6 18 14 9 14 10 0 29 26 25 26 24 8 5 20 20 8 22 13 30 16 4 12 22 22
30 12 24 30 12 16 16 9 23 23 20 20 19 1 14 13 17 0 8 30 19 1 8 26 0 15 24 8 23 5 9 26 19 14 21 21 22 13 16 13 12 9 14 12 22 25 3 16 23 2 3 13 0 2 0 0 27 18 30 26 21 14 2 26 6 0 28 29 27 15 29 15 29 23 1 10 16 27 24 14 20 29
5 5 8 17 16 19 23 0 19 21 26 24 16 27 12 16 28 17 19 9 0 23 23 17 23 7 11 17 30 26 13 10 30 0 25 13 17 22 11 12 9 15 29 9 17 21 1 17 4 4 27 17 23 22 28 3 15 23 6 10 4 4 19 9 26 14 11 3 11 19 13 22 18 7 4 26 5 16 2 0 26 30
6 12 20 18 21 26 29 29 18 12 18 10 20 24 23 30 5 4 25 14 14 23 4 13 21 22 19 8 8 5 12 24 1 8 8 0 10 11 5 18 5 19 18 13 4 15 28 13 3 23 17 15 0 3 23 16 5 30 26 6 27 26 22 22 27 14 20 6 7 0 10 21 11 28 6 8 4 13 6 27 27 12
15 19 0 8 21 11 25 28 18 17 28 19 22 7 11 25 15 30 15 21 5 18 4 5 30 11 18 1 2 19 26 1 1 28 19 5 21 3 14 15 16 11 20 29 23 2 12 28 17 2 12 2 6 21 24 3 16 16 18 22 22 26 23 19 21 13 30 3 28 17 6 29 13 30 22 27 9 0 18 14 25 30
4 9 18 1 4 22 2 24 6 1 5 14 11 19 7 17 15 3 22 6 28 17 25 20 13 10 21 4 0 28 23 9 25 10 3 26 1 15 9 3 20 15 13 3 5 5 4 15 6 11 6 11 30 20 13 3 27 8 11 21 26 23 27 25 19 28 13 8 5 1 25 27 21 28 16 19 5 20 11 14 0 8
15 25 5 0 27 26 7 17 1 16 27 3 17 29 3 22 9 16 15 29 22 23 0 1 23 4 17 25 3 15 29 27 3 5 28 23 21 25 21 16 18 30 12 28 24 1 14 17 7 12 19 3 27 25 21 3 7 3 11 0 28 7 13 13 15 9 14 5 11 19 14 7 11 21 15 28 25 4 11 26 17 7
5 11 1 18 26 17 5 17 4 1 4 9 17 17 16 16 15 9 19 3 29 23 6 1 15 29 8 0 7 23 8 17 30 13 2 9 10 23 22 3 20 16 13 30 3 10 16 26 15 21 14 25 28 0 4 8 18 26 26 16 6 14 7 17 6 5 25 11 20 12 15 28 12 10 27 3 0 16 6 3 18 28
26 30 17 19 13 30 19 6 18 24 9 12 24 27 10 2 20 6 30 24 22 19 7 20 27 12 16 25 11 22 23 20 8 21 25 18 17 1 18 11 11 19 25 24 10 20 2 21 17 25 7 25 6 14 5 3 26 22 12 7 29 23 25 30 10 21 24 19 17 19 16 5 2 0 6 29 18 10 23 7 18 25
9 17 14 8 25 30 13 9 2 10 8 12 13 9 27 28 22 4 21 5 1 1 27 3 13 17 10 4 1 26 20 12 10 17 14 4 10 7 28 13 7 13 2 21 30 20 13 17 15 21 26 1 15 9 9 21 19 19 17 10 1 25 19 18 9 3 13 24 22 3 6 26 30 6 16 26 12 22 16 21 11 30
8 4 28 14 6 1 16 10 5 3 6 28 17 11 22 1 25 9 16 25 27 14 28 3 18 14 24 10 14 15 7 1 8 29 5 6 4 20 8 9 15 14 9 6 3 25 19 11 30 16 12 14 22 16 10 28 24 4 19 18 29 19 9 23 27 18 8 28 21 25 6 29 0 19 28 8 13 8 30 10 21 21
22 3 11 7 30 19 23 24 5 3 20 8 12 22 18 20 5 5 22 14 18 14 8 16 1 6 18 30 11 27 11 6 5 7 0 14 20 11 27 6 14 0 24 26 9 18 13 27 4 20 6 11 28 1 19 4 6 15 23 25 25 19 28 9 25 25 12 26 27 23 22 19 29 1 4 25 19 19 5 12 19 28
27 4 16 8 14 8 30 15 23 19 13 23 23 15 1 21 9 6 16 5 11 28 9 20 13 30 28 29 18 11 9 23 23 3 21 11 6 6 3 1 29 2 3 12 26 9 2 28 25 21 20 11 18 9 14 26 26 8 23 8 15 20 6 24 12 26 8 18 5 27 22 15 9 15 29 28 10 4 5 11 20 17
26 2 14 8 15 6 10 9 25 8 14 0 17 25 15 2 29 9 3 8 15 15 3 2 3 16 7 8 10 3 0 21 10 10 17 12 8 0 8 16 22 0 20 23 27 27 30 21 4 20 26 21 19 27 24 17 29 17 29 0 21 12 20 14 18 29 12 8 24 20 18 5 21 5 19 16 21 17 7 1 14 6
25 15 19 27 19 10 14 6 28 26 24 11 25 30 18 17 30 15 20 26 29 14 16 21 15 15 0 16 19 13 11 25 19 8 18 27 22 10 1 3 6 27 1 4 13 13 28 9 7 21 18 13 24 12 0 27 24 18 4 13 28 1 21 17 10 17 7 6 9 21 14 1 2 12 10 28 7 18 23 29 28 1
30 27 8 2 27 29 19 16 19 9 5 5 8 17 0 30 17 23 11 2 14 16 9 29 11 15 1 3 5 26 5 6 19 2 22 29 5 0 20 12 24 27 9 1 0 24 12 13 26 24 12 0 11 13 19 18 17 30 15 3 3 0 1 23 19 10 12 15 22 22 26 15 29 29 4 10 2 14 10 17 3 4
25 18 12 9 16 20 15 8 9 12 18 3 1 12 3 8 16 16 19 30 21 28 5 2 23 7 0 0 21 11 25 0 30 30 28 21 12 6 30 1 5 21 15 22 11 9 22 24 3 27 26 0 25 10 23 2 23 14 8 23 7 7 22 11 24 20 16 26 11 24 15 6 29 30 15 4 22 5 10 3 3 29
