83 83
10 16 4 12 9 1 7 4 9 9 21 1 14 8 21 11 9 1 8 19 13 12 4 24 24 25 13 12 19 21 7 22 16 14 25 26 22 11 22 28 23 11 10 30 23 5 8 4 29 0 23 17 25 6 15 22 10 15 0 10 16 8 2 2 4 9 21 6 8 12 1 19 22 14 23 3 28 2 29 17 23 20 26
12 30 4 15 30 4 27 10 10 12 10 28 21 0 24 7 21 0 21 29 12 4 10 23 15 22 17 13 20 8 5 27 19 9 3 15 29 7 18 16 30 1 8 27 5 8 12 10 9 23 25 22 21 15 17 12 9 2 25 9 28 17 11 4 27 25 24 5 13 6 8 15 0 25 7 5 26 24 21 16 8 8 23
20 4 15 26 1 5 1 19 29 26 15 12 19 6 7 12 6 0 3 8 24 14 9 24 4 11 3 26 27 14 12 13 23 10 0 6 16 1 16 16 19 13 26 21 9 17 5 13 7 29 8 13 26 26 0 29 16 20 24 1 5 20 1 27 7 13 0 14 5 15 27 27 5 14 8 11 11 22 17 24 19 15 28
19 21 10 9 16 2 4 16 9 2 18 28 24 6 15 13 30 23 29 26 9 25 5 23 17 21 5 15 23 23 22 2 8 25 1 26 7 6 27 11 10 2 4 11 18 27 5 5 0 25 29 0 13 23 8 3 17 16 13 13 21 17 10 17 29 22 23 0 9 2 0 0 9 8 21 4 21 2 0 5 29 0 2
23 3 20 12 9 17 27 7 10 21 15 15 12 9 26 26 30 16 12 28 7 18 11 14 25 8 18 3 13 24 16 20 25 22 4 19 14 14 6 10 16 13 18 2 19 14 18 30 5 8 16 16 17 21 9 17 8 30 23 1 5 25 1 4 10 17 26 2 7 16 0 13 20 23 17 20 0 7 8 14 25 30 7
17 29 14 8 17 24 5 2 0 26 26 29 8 5 18 7 3 24 16 10 9 29 9 19 27 0 20 1 15 23 19 13 3 30 15 3 30 20 10 17 19 6 2 0 25 9 9 19 9 21 5 9 0 19 24 6 8 22 8 25 4 18 2 22 22 19 30 21 30 27 6 30 14 23 2 0 27 2 14 16 6 10 13
2 8 28 20 21 5 0 11 11 23 13 11 25 3 16 23 6 3 24 29 30 6 13 25 15 5 20 27 27 5 14 4 11 17 12 4 23 25 22 10 20 14 4 27 23 26 22 9 26 3 11 26 28 9 20 17 14 25 29 26 7 1 27 11 5 25 1 11 16 4 21 24 9 12 10 1 21 15 29 5 18 3 20
6 27 7 25 26 26 1 4 16 30 21 10 13 29 23 0 16 14 1 0 3 23 18 4 26 12 0 10 20 17 24 26 22 19 6 11 11 8 4 26 16 28 24 25 3 12 2 17 11 15 23 17 24 1 19 21 25 13 11 22 18 11 28 18 9 21 24 25 9 13 11 17 28 5 29 1 6 17 21 3 24 18 8
26 17 24 18 12 15 30 25 22 3 17 30 26 28 15 27 2 15 20 21 2 20 14 23 15 22 24 16 15 19 1 10 1 30 18 11 12 29 14 5 19 1 8 19 11 26 19 4 19 11 2 30 15 2 21 10 24 16 6 23 24 8 18 17 3 0 16 2 21 5 9 10 8 14 6 22 28 22 25 24 4 9 28
1 29 6 23 25 27 30 11 26 22 10 13 22 6 20 17 11 22 18 27 9 19 12 28 27 4 12 3 10 21 18 8 8 30 17 0 19 1 3 26 16 18 25 28 23 20 30 13 6 25 13 9 23 18 22 26 26 0 5 15 17 14 5 21 12 6 18 7 12 22 26 2 23 15 2 9 11 15 26 11 15 7 22
22 13 28 8 21 30 30 22 26 14 23 9 5 25 3 24 18 9 25 19 7 9 8 26 27 29 22 26 12 5 18 19 4 12 11 2 0 9 25 17 13 5 14 7 13 11 26 3 12 3 19 11 12 3 2 2 30 23 14 15 6 23 8 1 29 0 27 24 0 11 19 10 0 19 1 13 28 2 30 1 21 11 21
18 17 27 14 24 27 21 10 13 0 9 23 22 0 14 19 13 5 1 5 8 19 2 9 14 8 28 6 25 10 23 9 6 19 22 5 23 9 21 30 10 9 16 18 20 23 7 13 11 27 8 6 17 23 7 9 23 2 25 1 3 12 6 0 5 23 8 15 24 11 25 10 3 29 11 10 18 6 23 21 21 4 6
24 22 18 0 26 2 23 19 1 14 21 20 16 22 5 23 11 23 6 29 12 2 29 23 8 8 13 0 16 13 22 18 2 15 12 11 14 13 10 23 9 20 0 11 8 15 9 18 19 2 19 1 5 30 16 16 8 0 15 12 14 21 7 27 0 15 1 26 2 18 14 23 12 2 21 0 9 5 24 9 10 21 0
16 9 28 15 24 6 24 18 6 14 13 26 26 15 25 25 27 27 27 20 23 0 8 28 13 0 12 7 1 23 25 28 8 17 2 7 12 10 13 21 20 1 7 27 3 21 10 15 22 0 19 0 26 13 23 30 14 26 27 27 20 13 13 17 8 16 20 24 18 8 25 1 28 22 17 23 15 18 12 16 5 11 8
23 11 13 14 22 4 27 6 22 14 11 0 19 14 21 22 21 29 29 19 30 28 4 1 26 4 1 26 14 10 26 27 29 16 27 18 24 20 28 7 16 9 1 7 12 24 24 24 7 13 4 8 9 3 3 28 27 7 2 21 1 6 16 5 21 22 17 15 3 5 14 1 16 7 5 3 30 22 14 21 18 16 2
28 1 24 20 26 30 17 21 13 9 18 9 21 29 13 29 4 12 5 29 13 13 3 9 26 28 9 0 27 18 30 11 7 0 26 22 7 3 29 26 12 14 20 23 24 3 15 20 8 6 16 29 1 30 1 6 21 10 7 18 30 23 17 2 29 2 16 16 8 4 3 19 21 27 7 4 27 29 5 12 8 27 28
28 24 11 15 24 1 18 24 11 8 7 9 3 19 27 30 10 4 8 3 11 7 14 2 27 5 30 16 30 19 23 12 26 23 6 27 21 17 13 16 4 5 26 30 15 18 9 10 15 28 13 10 26 16 8 10 2 24 13 28 17 0 8 0 2 22 2 11 22 3 20 22 27 9 3 22 3 17 12 27 19 11 0
8 29 4 9 13 13 15 29 8 13 28 0 30 28 3 17 13 15 5 4 10 8 0 2 23 6 1 10 22 26 9 7 6 6 22 21 4 19 7 0 20 14 11 29 10 23 29 16 21 18 17 1 11 11 23 18 19 22 5 21 27 12 17 20 15 14 12 29 5 20 30 19 19 18 2 0 19 18 4 3 1 30 17
28 7 30 0 30 21 12 22 0 12 12 26 5 9 0 19 17 17 3 5 18 14 15 0 24 22 23 8 7 20 23 17 29 8 26 1 2 29 19 20 18 19 2 24 5 4 21 2 1 8 8 7 29 29 6 29 17 16 12 16 2 14 12 15 22 30 30 22 0 30 7 7 18 1 21 6 26 23 4 24 0 17 16
8 29 11 23 24 19 16 28 6 6 17 29 10 12 17 23 10 18 18 29 29 26 10 12 25 3 22 27 24 30 3 11 14 21 3 16 3 21 23 16 4 6 18 17 3 21 30 27 22 15 13 19 15 2 11 8 1 1 17 0 20 27 8 29 23 2 28 4 10 25 9 29 22 11 22 30 29 3 0 10 6 19 9
16 8 4 14 12 14 22 15 3 4 3 1 7 7 24 6 25 21 11 24 6 5 29 9 10 22 8 18 12 23 17 0 26 10 4 8 20 29 7 18 30 2 19 10 9 21 5 2 24 23 27 30 8 26 17 9 15 9 2 10 26 14 5 18 2 26 21 11 17 0 24 24 18 11 18 15 4 20 5 4 9 14 14
5 26 11 3 25 27 6 20 14 26 0 11 29 14 23 16 1 29 7 27 12 12 16 29 10 18 14 12 17 26 10 23 25 0 7 30 19 12 11 16 7 15 24 29 15 5 8 26 20 7 2 27 17 19 7 19 29 10 23 25 0 28 7 12 5 13 3 19 11 26 26 4 16 5 9 4 27 23 18 15 6 30 29
11 10 24 0 14 29 21 16 17 0 16 3 1 7 29 25 8 6 10 24 9 24 30 12 29 20 27 30 4 22 1 28 6 19 25 30 11 4 9 3 5 24 28 3 21 28 22 26 22 5 7 25 26 16 0 18 1 3 1 29 5 15 27 19 23 26 8 28 16 26 4 29 2 26 15 11 26 4 28 1 7 22 10
30 25 25 2 24 28 1 5 0 4 11 0 1 24 12 29 19 30 18 1 4 13 11 25 9 6 27 30 12 21 12 1 27 7 21 14 27 2 19 2 5 20 10 19 1 15 18 21 17 16 20 2 28 27 29 4 8 10 10 15 7 25 5 2 28 17 23 19 1 6 7 26 18 16 17 10 13 0 24 29 15 10 4
17 13 6 30 7 23 11 19 28 15 1 24 2 27 21 9 8 28 24 10 2 0 22 10 17 11 6 0 26 17 2 2 16 15 4 18 7 23 11 7 14 19 23 19 5 7 1 3 26 18 25 11 30 0 19 11 21 3 23 30 0 11 29 7 15 17 12 28 8 23 26 29 3 24 24 26 27 16 18 2 24 0 30
20 19 5 5 18 23 23 16 12 13 24 22 16 20 3 13 28 26 25 7 30 15 16 24 2 16 11 5 0 21 6 18 7 16 26 7 11 14 15 2 18 11 16 15 15 16 16 27 0 13 6 20 29 1 3 11 11 20 5 2 10 3 27 16 6 4 23 27 8 22 12 19 28 6 12 27 29 24 5 10 8 23 13
0 28 22 20 25 21 19 15 9 26 4 2 22 28 15 5 0 4 5 30 24 9 3 8 19 9 24 6 4 14 5 15 26 18 9 11 1 24 5 22 29 14 16 4 16 8 26 2 8 4 26 30 29 7 8 11 9 27 20 2 5 22 15 6 2 15 28 2 7 23 25 23 5 19 20 5 14 0 2 11 21 21 23
28 19 18 26 12 29 6 10 18 9 22 15 25 30 26 25 25 9 20 3 22 6 1 19 12 23 26 8 10 21 6 12 1 16 29 15 14 7 13 27 25 1 28 9 10 8 0 24 17 24 8 12 18 24 2 4 10 18 17 10 7 27 7 28 25 27 25 8 21 9 29 2 19 2 4 26 3 26 15 28 2 19 15
7 19 14 8 9 1 14 5 9 20 30 28 7 0 22 22 26 19 29 25 7 11 9 30 1 21 27 22 14 4 29 5 9 10 3 7 28 13 5 11 3 23 19 0 10 19 25 9 13 16 26 28 6 18 25 8 9 17 1 18 27 30 2 25 26 5 25 1 29 26 7 23 17 5 17 12 25 17 20 14 0 10 18
6 17 13 28 9 7 27 21 28 20 5 5 26 24 23 7 21 30 16 24 1 7 30 7 16 27 2 11 10 23 5 1 20 30 27 29 28 27 9 5 7 22 2 8 13 22 2 21 28 1 30 5 13 28 23 7 28 1 6 12 8 8 16 11 27 23 6 16 10 29 10 4 6 20 12 22 29 10 15 22 12 12 20
15 7 24 2 18 28 14 13 10 29 2 26 12 4 0 29 30 26 24 17 8 14 5 25 3 19 16 11 1 22 14 20 30 10 16 15 2 24 23 16 16 4 20 7 5 29 3 4 29 4 27 19 11 7 27 28 29 24 26 8 27 19 15 11 24 11 23 16 5 2 0 27 19 16 4 16 11 9 15 18 23 16 7
19 28 11 25 0 17 18 9 20 28 25 24 5 4 6 20 20 1 0 8 18 0 7 2 24 7 9 0 26 2 3 28 14 8 10 14 30 18 2 21 9 21 6 15 13 16 12 5 2 27 15 8 22 30 11 6 13 30 22 6 15 2 1 19 30 15 21 1 10 28 7 9 12 3 2 13 23 29 15 8 30 28 13
20 1 29 8 4 24 2 1 5 8 12 5 4 27 15 0 9 25 23 26 15 18 7 17 19 18 18 6 27 18 7 19 17 27 21 6 11 13 13 2 9 18 17 23 4 4 14 6 29 0 14 1 28 15 18 19 11 17 6 0 26 30 22 8 23 9 27 13 21 7 9 6 14 30 23 25 21 5 16 3 9 15 27
27 1 17 17 21 27 3 21 13 22 17 7 21 26 20 19 7 8 5 26 0 19 30 9 16 17 22 9 28 14 25 0 4 11 29 26 11 18 23 11 14 29 1 15 23 17 6 8 10 21 28 5 2 0 2 1 22 21 20 15 25 27 23 13 29 5 9 15 0 20 7 13 29 10 27 7 30 23 13 19 8 15 25
16 24 27 24 14 0 4 30 5 12 11 4 26 7 26 28 11 8 23 20 25 16 29 18 8 7 26 26 20 0 27 27 1 0 6 29 22 11 20 15 23 27 25 13 19 2 2 24 17 13 13 28 17 17 19 28 22 18 0 29 10 30 11 3 29 1 11 24 26 21 6 15 4 4 11 14 14 3 19 11 1 27 21
20 0 28 3 17 27 21 17 19 9 26 18 0 23 14 6 4 11 30 13 18 17 27 11 25 8 24 2 17 11 21 25 30 21 30 30 21 13 0 23 22 10 1 13 10 29 2 29 0 25 0 22 28 1 12 24 6 19 22 21 16 18 10 12 11 5 15 6 18 13 28 28 12 19 6 17 1 28 15 20 26 27 23
25 11 2 5 7 27 2 17 8 15 5 16 18 19 21 4 15 1 24 7 14 28 24 25 27 16 0 4 16 29 0 9 10 4 14 16 9 29 10 18 18 21 18 10 25 7 21 18 7 0 23 0 26 11 29 26 29 1 3 3 8 26 9 17 28 18 4 3 21 24 1 24 16 17 29 12 21 12 15 19 16 6 25
25 28 8 24 0 5 3 25 11 29 24 0 15 23 9 13 8 6 23 15 21 18 8 16 23 9 21 7 17 21 6 3 12 23 12 5 12 0 18 30 10 6 7 10 4 28 7 11 21 4 9 29 4 26 30 15 30 11 25 30 15 17 7 27 29 22 26 16 10 11 6 3 17 29 25 23 9 12 16 2 13 3 28
26 16 24 13 9 21 6 13 17 1 10 8 14 19 18 13 21 8 3 22 28 2 23 29 24 0 27 17 12 20 15 20 30 23 22 6 7 8 19 21 24 28 6 11 30 5 19 6 5 12 18 8 22 2 6 22 30 13 30 4 2 19 10 29 24 3 26 22 26 2 28 0 8 10 11 5 13 29 1 25 25 10 12
4 18 19 8 14 17 7 1 14 7 15 0 8 4 6 6 15 6 27 17 6 11 21 13 1 26 25 3 28 21 3 18 5 28 16 18 26 4 4 17 12 4 3 6 6 12 10 8 23 20 25 4 2 12 22 3 27 23 16 8 12 27 23 21 2 6 7 21 20 8 5 29 25 20 8 6 30 5 13 20 23 21 29
4 19 22 27 17 0 24 25 25 20 11 13 10 23 18 20 6 22 1 11 18 17 20 11 28 21 0 23 29 13 25 22 0 10 12 3 29 5 3 0 14 28 24 15 26 30 11 29 25 9 5 18 5 13 13 6 26 8 13 27 2 30 5 7 23 17 30 11 3 3 20 4 10 26 1 21 8 10 23 26 21 18 10
7 24 3 24 29 21 22 9 20 11 4 30 24 9 8 6 15 11 29 29 30 24 19 28 17 8 23 0 28 15 30 25 6 30 20 10 14 18 26 14 15 8 17 12 22 5 2 19 13 0 19 27 2 17 9 23 12 10 13 24 26 3 2 20 3 10 22 15 5 25 28 8 7 20 11 26 4 17 23 17 16 1 5
29 29 16 29 28 15 9 16 18 9 1 11 6 20 26 12 16 2 0 24 7 4 7 27 19 14 8 28 7 19 0 12 20 1 20 23 8 30 12 14 22 9 15 6 7 2 22 15 30 12 8 18 28 11 23 14 0 5 8 9 3 0 26 29 21 12 5 26 13 18 25 6 27 30 10 28 7 11 22 7 26 8 16
14 28 3 3 16 6 2 10 18 26 29 22 5 17 7 9 20 15 5 4 13 6 3 19 26 27 1 9 6 23 26 13 22 4 28 8 12 4 2 22 21 27 25 11 5 4 11 19 27 28 20 28 17 15 19 2 10 23 22 17 13 28 6 4 5 14 17 18 0 11 19 10 17 7 24 19 0 17 15 20 0 14 11
24 21 16 20 6 10 26 24 19 24 9 24 21 15 19 20 0 2 29 11 18 12 19 5 10 15 26 18 6 5 1 4 26 29 9 23 21 20 4 19 23 7 1 28 14 8 26 21 20 2 2 1 19 27 14 20 20 24 3 27 20 21 29 27 25 7 27 19 4 12 29 5 30 9 18 3 30 11 26 11 22 6 21
30 8 29 11 23 19 1 23 26 8 28 23 23 20 10 24 14 21 8 4 3 11 1 10 8 5 16 13 18 7 14 21 28 15 28 4 30 5 2 18 7 9 4 24 30 9 29 5 7 10 19 27 21 2 0 21 25 2 28 6 22 12 30 24 26 17 13 29 24 1 16 21 15 18 18 4 23 0 5 14 15 23 3
30 29 24 7 15 21 8 13 16 22 8 5 13 3 3 13 27 7 22 19 2 25 25 4 11 4 12 15 6 7 25 29 26 19 26 30 5 25 16 14 23 21 7 3 10 8 30 23 23 9 23 0 25 25 15 1 3 14 22 13 26 18 11 18 23 18 26 5 28 27 29 9 11 21 17 1 20 3 23 25 0 7 1
10 24 6 2 21 13 19 5 16 2 19 14 20 7 27 17 14 14 20 20 18 26 13 21 5 19 21 7 18 1 17 22 5 19 26 22 0 3 24 28 10 0 19 0 13 11 16 12 8 0 4 7 24 9 7 10 30 10 24 1 3 14 10 2 14 29 10 28 11 29 26 3 2 2 6 26 14 18 8 10 8 1 0
4 13 16 30 0 25 4 4 12 0 10 12 19 11 19 29 26 20 16 13 13 20 19 22 24 13 7 9 7 0 8 29 8 19 29 3 4 2 18 8 5 13 12 11 16 1 7 11 19 23 25 16 24 7 29 17 0 23 23 18 20 19 4 19 5 1 3 2 19 19 5 16 13 0 10 4 13 4 17 23 2 8 21
11 4 13 1 0 12 17 28 9 3 17 18 24 17 1 13 13 8 1 20 16 10 26 19 30 9 14 23 29 1 21 0 15 12 9 28 19 11 6 19 12 19 21 4 13 10 25 8 8 4 13 20 19 1 17 30 1 25 25 4 10 19 29 19 28 19 14 6 4 2 7 15 6 19 29 1 19 6 3 26 9 20 27
22 20 28 18 14 28 11 16 22 19 1 21 26 7 2 4 2 27 1 21 12 12 26 23 8 16 28 23 5 21 1 10 10 7 14 15 26 7 15 29 28 25 21 23 8 5 5 20 26 23 25 17 4 20 10 13 19 23 12 2 5 12 27 30 5 25 28 26 19 17 25 20 30 30 16 23 2 4 4 29 30 6 7
23 23 12 30 25 10 22 11 1 10 30 18 28 16 8 19 29 10 1 14 9 15 29 17 5 29 27 22 30 24 12 0 5 25 6 30 14 30 7 19 26 1 30 4 6 14 30 17 12 20 1 24 17 26 7 25 2 23 18 28 24 23 6 8 20 6 21 2 19 25 18 16 22 9 14 2 6 25 29 8 28 15 29
4 25 26 26 12 20 23 4 16 14 24 24 7 0 28 2 13 8 22 13 15 19 1 17 19 25 2 30 9 26 13 13 0 20 30 11 27 30 8 27 4 22 13 6 28 2 2 26 27 28 3 23 23 6 3 12 5 22 13 3 0 30 1 29 4 26 22 26 15 23 14 13 11 9 23 9 19 18 14 10 24 18 10
23 8 17 29 28 19 24 18 18 29 26 14 13 10 4 7 13 22 25 1 25 23 19 27 15 14 23 16 3 20 12 11 11 12 6 23 0 30 5 8 0 10 9 14 27 11 9 21 9 15 10 27 19 0 10 10 8 15 20 27 17 24 29 3 25 22 17 27 6 11 24 15 22 2 29 15 14 1 27 9 23 1 17
5 22 1 3 22 11 0 5 30 16 9 24 19 29 16 3 12 7 15 29 9 12 8 10 7 4 17 20 12 26 9 19 12 11 20 30 17 8 12 13 5 1 2 22 28 29 20 4 27 1 0 27 6 2 7 7 29 1 27 12 29 29 0 19 14 0 24 7 6 4 7 8 27 3 29 29 22 23 20 17 18 28 21
27 25 22 25 15 6 9 9 12 0 18 3 24 10 2 16 0 19 2 5 10 21 6 13 17 2 5 29 11 13 17 7 9 19 14 27 8 21 12 5 27 1 2 23 27 6 17 4 21 21 18 30 11 8 16 2 13 24 5 5 7 0 1 5 9 24 5 18 12 16 19 12 22 1 10 30 12 8 6 15 27 6 20
6 4 16 6 6 7 7 23 27 0 28 7 11 8 4 4 15 14 8 15 8 27 28 24 1 15 9 13 4 25 7 17 12 4 19 24 7 25 24 27 12 8 14 24 3 11 27 13 18 25 4 21 22 13 7 1 19 3 23 9 8 5 19 7 13 26 5 16 15 0 21 24 25 8 20 9 4 24 4 23 17 13 3
19 13 11 9 4 5 9 4 20 14 17 13 3 13 28 30 22 28 23 30 10 4 17 7 17 5 5 3 21 28 1 27 5 2 16 26 17 2 8 26 22 26 12 12 13 8 20 15 23 13 27 25 16 18 24 16 9 17 18 3 20 15 7 26 13 13 23 27 14 1 7 21 22 4 21 11 30 24 3 24 10 16 30
3 0 24 2 27 9 18 25 30 18 25 19 29 12 28 29 23 26 13 26 28 20 28 16 1 17 22 16 27 20 12 24 12 8 6 11 30 22 16 16 19 25 20 29 6 9 10 21 2 6 12 12 11 17 30 20 17 9 18 10 30 0 11 23 11 20 22 11 24 9 12 12 1 11 28 10 7 3 7 17 12 7 29
19 10 16 11 4 24 21 13 25 9 15 11 3 4 18 12 0 13 1 30 14 7 24 28 14 16 23 5 23 5 15 26 20 3 2 28 4 2 21 24 8 15 15 24 21 0 17 27 13 30 0 11 10 19 15 13 27 1 18 7 16 23 5 11 19 28 21 29 19 12 29 14 12 18 29 12 14 6 21 5 17 14 17
20 6 12 5 10 26 25 12 16 0 25 23 11 26 14 3 24 19 0 27 7 13 2 22 9 6 6 14 20 10 19 3 28 8 0 9 25 13 8 22 20 5 7 30 27 21 13 28 27 27 3 26 6 15 13 18 5 30 26 5 1 14 18 23 0 19 7 27 27 12 15 9 19 10 30 6 13 18 27 5 14 0 2
8 7 22 12 18 21 22 6 26 4 15 15 0 0 14 5 3 19 15 15 1 0 2 11 30 17 1 20 7 7 21 21 13 23 13 22 30 12 3 25 19 21 24 25 25 30 12 21 27 3 21 27 17 23 18 1 9 9 5 10 9 24 18 15 13 30 6 3 1 1 0 3 11 17 25 12 13 0 30 29 7 9 13
28 21 17 27 23 2 1 24 18 29 15 2 27 21 29 8 30 20 24 20 18 16 28 11 3 10 15 4 17 0 10 22 3 28 29 6 17 10 23 0 4 19 10 29 29 5 17 16 9 23 9 29 27 19 22 25 2 16 4 29 2 11 25 26 27 30 14 14 30 12 27 28 13 21 5 5 9 12 29 27 21 5 20
1 12 21 30 28 25 26 2 4 10 18 5 9 15 0 11 7 17 12 22 6 23 29 28 3 30 24 0 6 17 14 6 20 26 25 9 21 8 9 17 4 14 23 6 29 19 22 19 21 18 14 14 22 6 7 24 10 9 20 19 17 9 10 1 18 2 17 18 19 26 23 9 11 9 4 23 5 30 20 15 11 15 25
17 0 13 9 3 3 7 2 28 24 13 18 12 8 29 18 6 0 28 8 23 2 27 8 6 4 11 20 1 13 11 24 29 28 21 19 8 27 6 25 29 9 26 19 24 22 7 18 0 10 6 29 2 28 4 7 14 1 23 7 20 13 10 25 13 16 26 8 13 28 11 0 15 19 26 26 24 14 30 14 12 19 15
18 7 24 21 29 21 9 21 16 27 7 10 19 16 22 9 26 23 7 9 23 4 9 22 25 1 9 13 20 8 28 25 0 12 16 13 5 29 29 3 27 22 20 6 7 27 19 16 1 28 27 23 27 12 3 11 11 23 24 8 24 21 19 27 9 14 15 22 16 22 15 8 14 30 6 27 10 18 15 18 12 22 23
30 5 1 22 7 23 1 30 2 22 6 4 24 23 30 1 10 7 10 5 10 15 16 5 15 18 6 14 26 22 1 14 27 12 15 23 4 22 12 14 15 19 6 28 25 17 26 20 25 17 15 13 8 25 6 14 11 9 11 24 18 23 28 6 25 7 6 24 10 1 2 21 22 6 26 16 13 25 24 24 13 5 13
0 17 8 8 8 28 4 15 27 5 13 1 29 27 23 16 11 24 7 4 18 23 27 2 26 17 18 21 11 24 15 15 4 6 8 10 1 5 12 26 26 14 27 21 13 30 29 24 16 17 30 20 9 6 2 10 25 15 0 10 15 0 23 26 2 4 2 15 2 15 19 20 29 25 21 2 8 23 10 14 28 27 8
27 12 1 30 13 3 3 27 24 28 11 23 0 1 9 0 9 22 24 21 27 8 17 30 24 15 2 17 29 8 21 24 9 16 5 25 9 25 15 6 29 1 27 8 28 14 29 26 29 4 17 1 9 24 29 25 5 4 6 18 2 17 11 28 9 0 6 18 11 10 1 26 16 28 25 4 1 16 0 9 0 27 20
8 21 17 16 22 11 8 14 5 30 6 7 14 10 23 27 13 9 0 7 26 18 20 7 17 3 24 4 26 25 25 26 3 22 13 14 30 1 30 0 13 10 0 17 26 9 20 30 18 5 6 30 26 6 28 27 23 2 12 6 10 11 17 28 27 6 8 6 14 4 5 12 16 3 2 20 15 5 15 24 22 1 26
26 22 3 30 20 29 2 10 30 30 16 3 17 2 7 20 23 4 30 10 1 23 24 20 3 7 12 28 17 18 17 22 9 25 30 4 13 21 20 17 9 0 6 9 11 1 15 24 6 16 18 27 0 16 22 30 8 0 15 16 23 7 3 21 28 2 18 25 17 24 9 7 24 26 8 11 21 7 22 16 9 3 8
24 19 12 26 19 26 19 14 7 15 11 24 30 7 5 1 24 8 14 2 16 17 23 23 28 17 15 8 15 12 12 28 17 21 4 0 9 23 15 5 6 30 3 17 22 26 29 8 24 6 28 15 2 27 4 9 24 24 10 29 15 16 4 18 26 14 23 28 20 26 3 27 9 0 28 8 10 17 10 4 0 23 6
24 22 20 17 16 24 6 8 25 28 6 16 17 24 29 19 4 21 28 23 18 11 5 7 16 8 18 26 12 17 17 24 24 8 17 8 24 9 4 21 7 6 6 11 28 12 30 8 12 18 21 10 14 4 0 18 29 27 12 17 21 1 1 0 5 6 19 21 3 13 17 6 12 19 2 25 25 3 20 26 15 6 7
25 2 27 29 25 6 28 10 21 4 24 27 13 19 2 1 15 13 26 3 5 2 11 27 20 30 29 1 22 8 25 27 18 20 3 10 13 26 29 6 14 28 0 28 28 10 11 27 18 26 17 21 4 17 17 19 8 10 27 30 20 9 11 22 3 20 11 13 25 22 30 29 30 13 6 9 19 4 5 27 6 11 23
1 10 5 9 27 29 25 20 0 26 7 11 29 2 24 0 0 26 17 30 7 19 15 12 6 21 26 14 14 14 11 4 7 16 19 6 20 24 11 25 3 16 23 14 0 27 25 19 30 13 21 28 7 10 16 16 12 23 16 13 19 12 16 12 25 25 6 25 11 2 28 11 1 1 2 23 19 1 23 16 27 18 0
22 22 27 21 28 25 12 24 18 21 28 3 8 13 16 6 24 19 7 18 25 5 10 25 16 14 15 26 10 27 12 7 22 30 27 7 17 10 18 1 8 15 25 13 9 12 29 17 14 18 24 19 10 4 3 19 23 5 5 14 21 12 30 12 27 23 19 25 2 4 22 18 7 27 6 28 25 21 13 7 20 6 3
8 15 0 16 23 0 6 7 2 21 24 17 5 8 9 14 6 13 20 21 0 20 23 17 0 22 12 9 1 15 10 8 9 26 12 30 12 5 21 24 5 16 9 9 13 1 14 13 16 0 1 0 21 22 13 27 21 3 6 13 21 8 27 14 4 19 20 11 18 16 29 27 29 26 8 13 4 16 7 14 30 7 29
13 22 7 26 19 7 26 19 10 9 22 10 10 9 28 6 26 21 19 22 21 6 23 19 22 17 30 16 3 8 3 22 10 12 17 24 21 19 10 23 17 22 1 12 29 13 2 23 26 7 3 5 29 3 0 28 18 5 17 8 26 1 7 17 26 13 7 10 18 30 9 16 29 23 19 26 5 26 6 26 15 25 25
5 8 22 24 17 13 12 21 30 11 7 25 6 24 20 2 27 22 3 13 0 22 13 15 1 16 10 5 24 16 8 10 11 28 25 6 22 5 0 29 0 7 25 22 29 28 1 0 5 29 14 15 4 10 11 16 17 25 5 6 19 7 13 29 28 0 9 7 26 21 1 21 3 15 25 17 30 27 12 21 6 21 26
7 22 18 16 21 24 5 28 7 24 26 10 24 21 13 12 9 30 5 18 22 17 27 7 23 28 7 22 30 28 29 28 2 25 0 27 5 3 10 15 19 5 3 27 19 18 14 21 16 30 9 21 5 13 15 7 5 4 26 2 14 4 17 16 7 20 28 12 25 11 3 17 20 7 11 24 30 19 4 8 21 8 20
17 27 13 19 1 3 10 28 12 10 9 8 28 22 2 1 20 14 28 7 5 21 8 19 4 16 24 9 28 26 28 15 5 16 12 26 13 2 24 18 4 5 13 17 12 21 5 5 17 17 6 27 5 11 13 18 10 15 14 24 13 24 17 20 6 13 22 2 25 18 19 17 18 12 8 24 18 12 3 6 25 23 4
11 23 28 29 4 23 22 19 16 24 24 20 8 22 20 8 26 27 10 21 28 1 17 9 29 3 0 11 21 16 7 14 28 19 27 6 2 23 8 1 24 18 21 25 29 27 16 1 14 19 24 8 3 11 22 9 25 15 26 12 1 27 28 24 8 16 26 4 28 5 20 18 5 3 10 19 2 11 10 27 23 3 15
12 21 11 11 10 15 23 30 10 17 2 10 20 14 21 25 13 3 29 21 12 30 6 17 28 17 21 6 11 18 11 16 5 22 21 15 3 12 14 17 11 10 20 8 3 10 22 11 22 4 18 14 15 29 22 29 17 21 26 5 10 3 14 18 11 3 8 25 26 5 12 21 9 28 19 21 18 4 13 6 9 2 3
