88 88
29 0 30 10 6 27 11 6 29 2 27 22 24 8 8 29 13 7 4 2 14 16 19 21 14 22 3 6 5 11 27 30 29 7 14 19 21 14 3 6 28 28 8 27 17 8 6 14 7 26 11 5 28 5 4 15 17 26 11 18 0 23 3 13 2 29 5 20 7 30 0 9 27 2 24 26 10 26 11 20 11 28 5 2 9 4 30 21
24 6 18 5 24 13 3 8 26 19 17 29 1 6 20 26 7 1 9 23 27 22 17 12 22 2 14 1 10 10 16 20 18 26 17 4 25 22 18 0 4 17 15 6 5 2 4 24 13 16 19 28 2 23 6 18 19 15 13 8 30 27 26 27 16 18 22 3 4 12 1 16 7 24 27 21 20 30 6 2 14 16 0 24 4 10 5 0
11 22 18 26 28 24 7 19 19 14 4 6 1 22 13 0 29 20 11 14 30 23 27 23 27 27 23 16 23 0 15 8 30 5 21 17 2 26 16 6 10 6 20 10 18 30 9 2 0 26 1 20 15 30 28 29 2 13 14 15 21 25 10 12 3 28 24 1 29 14 30 26 9 1 13 26 26 22 14 6 30 22 13 26 17 22 26 15
27 0 6 8 23 18 20 9 3 25 7 11 10 5 12 24 15 15 23 16 24 24 4 6 9 20 0 21 23 21 18 7 2 30 12 16 4 25 29 20 22 15 0 6 28 27 9 20 10 20 27 16 13 26 17 2 28 1 19 0 7 12 16 29 9 0 14 2 18 13 4 12 29 1 7 6 17 10 27 8 7 0 6 19 11 26 30 14
15 11 19 29 25 30 5 5 3 12 17 17 11 6 14 2 29 14 12 25 21 0 9 21 21 3 3 11 13 23 20 24 27 4 29 3 21 27 10 23 19 26 19 14 12 16 30 27 25 11 19 22 29 2 22 25 23 25 28 20 10 27 25 20 18 29 7 24 4 24 2 18 27 11 17 4 25 20 22 8 20 17 15 27 0 7 27 6
6 20 20 17 28 8 3 11 26 11 0 27 20 22 12 2 10 19 14 7 2 11 1 26 20 16 21 14 22 17 2 2 29 19 15 14 3 15 12 17 1 0 18 16 23 18 5 21 25 25 14 18 17 30 5 9 15 17 2 27 2 27 20 17 6 14 27 0 7 24 19 17 9 10 11 5 4 5 28 23 26 30 16 17 26 8 24 0
29 29 10 7 13 12 29 9 11 7 27 17 25 5 15 1 5 15 11 23 5 23 0 7 7 21 28 23 4 26 5 15 30 20 3 5 25 15 22 26 28 14 9 19 19 19 21 19 7 24 8 26 16 18 14 27 29 23 24 6 25 25 17 1 6 5 0 29 11 24 30 1 7 8 0 26 6 27 20 27 11 22 16 2 9 24 29 22
27 7 26 25 16 14 7 1 6 27 12 22 11 4 30 28 23 0 25 17 3 7 19 5 18 9 21 27 16 12 8 5 25 7 9 25 18 5 29 17 15 10 9 21 20 25 5 27 12 11 3 17 21 6 23 30 21 3 24 17 25 27 17 14 14 4 16 30 7 13 28 27 11 24 30 6 17 14 27 9 24 29 12 24 7 13 3 29
26 9 27 17 18 6 17 11 30 4 20 29 13 6 19 18 22 28 14 24 16 15 25 4 25 23 25 1 21 27 21 21 5 1 30 19 15 0 26 8 9 16 8 16 27 21 2 4 9 17 9 29 23 30 4 11 19 22 8 18 22 23 7 17 0 14 6 13 3 21 28 29 4 7 26 16 6 12 27 24 7 30 30 2 18 1 15 3
8 8 5 6 16 9 14 24 25 28 28 4 16 24 17 3 15 18 21 3 15 23 28 23 7 7 7 4 8 20 17 20 6 17 11 8 18 28 1 13 29 25 20 14 4 24 29 12 14 1 1 28 24 4 1 12 15 12 29 0 18 30 21 22 2 10 9 4 6 2 10 27 22 15 5 16 3 20 15 6 20 2 24 14 26 10 20 12
12 20 0 8 30 8 10 25 4 0 12 8 27 5 2 19 30 6 19 3 24 7 24 8 3 13 1 9 8 3 16 22 2 21 30 30 3 22 6 9 1 1 24 9 3 11 4 26 10 8 2 22 5 7 28 16 16 29 10 29 13 12 2 18 15 28 23 22 6 0 22 25 20 1 22 19 20 27 4 27 16 6 5 27 30 20 3 28
12 2 19 26 3 18 10 29 18 21 27 26 14 17 25 26 8 23 23 12 3 15 27 13 24 0 18 15 22 10 19 7 5 12 15 15 7 6 5 26 17 22 13 12 15 16 21 24 17 20 18 28 6 1 2 29 5 11 19 21 5 11 16 25 25 23 2 24 27 15 26 16 6 16 28 16 24 30 8 6 2 29 25 26 19 8 29 1
2 7 28 2 22 13 18 22 3 19 20 29 19 14 14 27 25 13 28 15 22 30 3 1 1 20 17 29 13 14 24 28 17 10 11 12 25 15 6 18 28 11 7 4 16 8 15 29 29 3 15 20 11 16 0 3 25 2 27 14 24 20 2 4 21 0 21 0 1 4 13 30 25 15 14 10 30 12 2 22 6 10 12 9 19 10 3 6
9 14 0 10 6 2 24 28 4 18 6 4 5 7 5 25 9 19 29 23 28 9 18 13 20 6 23 0 6 1 24 13 18 3 2 19 15 22 11 26 13 10 28 5 24 29 21 14 23 5 21 26 11 26 4 9 0 15 9 12 29 28 8 8 11 19 27 29 1 24 18 18 11 6 15 9 19 0 26 26 13 10 26 24 20 30 11 30
4 1 25 10 7 3 3 0 21 8 6 15 15 10 16 24 6 2 10 7 20 4 4 9 14 17 17 0 14 25 17 3 24 28 25 1 27 30 13 28 23 11 7 23 19 30 8 6 10 14 3 1 16 3 15 1 10 29 30 20 22 7 22 14 15 3 30 28 13 19 14 11 15 0 18 13 25 4 11 11 15 22 6 27 5 12 4 10
11 11 4 22 29 10 9 14 30 3 3 12 14 6 2 9 17 17 12 4 13 15 13 22 21 7 7 28 24 18 6 14 19 28 0 15 2 12 18 8 23 17 9 5 13 0 4 18 2 8 9 14 28 4 7 0 9 14 12 6 8 4 14 19 16 24 2 20 2 0 18 14 22 5 7 14 27 15 18 4 19 1 25 13 24 11 7 8
30 18 3 29 12 29 27 9 0 21 14 27 0 22 17 0 23 2 28 2 18 19 29 17 17 3 30 26 20 6 1 16 15 11 17 8 20 6 20 7 12 14 22 19 12 26 25 18 22 12 26 28 28 13 1 21 4 30 6 3 25 25 16 8 2 29 1 14 19 19 15 12 1 28 1 1 15 2 6 15 4 7 21 17 24 23 22 2
29 23 23 6 27 18 16 4 12 23 7 24 9 18 22 18 16 11 24 14 21 14 25 22 16 22 27 8 15 8 16 6 30 30 19 26 26 26 12 15 23 6 14 3 17 6 23 21 8 7 0 19 25 20 20 25 2 26 21 15 30 16 29 10 15 5 7 26 22 16 0 23 9 19 23 10 2 7 17 10 7 17 30 12 9 27 29 18
5 24 9 24 0 20 24 18 10 2 8 19 0 29 20 26 23 26 17 29 6 10 23 1 7 11 28 23 20 4 25 30 28 22 27 0 23 9 17 30 16 19 20 9 8 6 21 27 2 28 14 20 5 11 23 28 1 16 29 17 24 16 9 7 7 7 30 2 2 19 25 12 2 21 7 18 0 28 1 26 18 0 5 8 4 16 16 30
18 12 24 22 23 26 29 14 22 17 2 15 22 15 25 14 14 17 27 14 3 22 30 13 0 7 22 17 17 3 22 20 16 17 2 8 4 24 27 14 29 28 28 1 0 15 20 3 6 14 26 12 1 7 20 20 16 23 26 28 27 7 13 30 5 10 18 30 18 9 13 10 13 4 19 9 27 12 23 23 0 26 15 21 28 18 29 9
19 17 12 4 29 3 23 1 3 6 6 16 0 24 18 29 28 5 27 6 10 27 0 4 2 10 6 13 13 25 10 5 10 22 24 20 14 12 1 13 18 24 29 17 13 6 22 9 16 29 21 25 9 17 22 6 24 15 14 24 15 19 25 24 20 4 8 19 5 19 12 9 27 21 20 22 18 10 6 22 15 4 28 10 10 26 29 26
15 29 17 0 1 10 29 1 28 10 19 4 19 30 3 22 27 9 13 7 8 17 28 28 15 9 28 10 26 19 27 12 29 1 4 1 2 13 13 4 14 11 29 2 18 27 1 15 2 7 10 24 29 3 25 30 8 10 2 12 25 13 18 29 0 28 6 7 14 28 12 26 24 30 19 21 13 10 28 30 30 18 26 0 16 9 20 28
0 20 8 16 6 6 7 11 6 1 7 30 18 3 18 16 11 17 17 8 0 9 0 12 10 23 14 8 13 22 26 0 11 27 14 29 6 23 11 21 26 16 13 25 20 5 27 30 18 0 6 21 6 14 27 29 14 1 18 17 22 16 4 28 28 7 19 2 8 22 26 11 0 13 5 25 13 10 15 13 5 22 0 28 5 20 12 9
6 13 3 15 14 5 6 0 24 6 3 17 12 7 2 6 20 11 28 27 15 21 3 22 0 6 18 24 4 0 13 15 15 7 19 10 28 0 27 2 21 22 19 15 8 0 16 4 30 29 9 17 22 22 13 25 30 26 26 28 21 22 26 12 1 26 1 4 11 6 15 21 5 0 17 17 12 13 2 30 13 14 18 29 21 1 27 0
8 20 18 22 29 0 0 10 11 22 12 4 0 15 2 20 7 23 0 22 28 13 6 24 1 27 7 18 1 12 3 23 9 21 21 22 27 15 11 0 22 9 10 13 13 9 10 6 29 23 30 15 28 20 21 24 21 22 23 23 14 21 20 24 7 15 21 23 29 17 22 1 25 16 24 27 28 19 27 4 4 5 11 17 20 19 20 27
1 13 8 13 20 21 26 17 14 2 8 18 13 12 23 5 12 19 25 18 30 8 24 3 2 20 16 2 13 4 24 27 17 6 22 3 27 30 28 1 19 18 3 7 13 29 13 9 30 6 12 2 10 12 5 22 18 19 23 28 3 23 2 29 0 22 7 24 29 25 28 16 3 24 16 30 18 13 25 17 24 4 13 11 14 13 24 5
20 18 4 29 28 5 6 26 30 23 25 22 30 15 24 21 4 9 25 26 16 0 21 22 23 26 12 27 15 7 25 8 19 6 27 18 5 13 29 3 19 1 4 23 2 17 29 10 0 22 15 5 21 22 4 17 23 29 21 22 4 10 29 23 4 24 1 4 6 23 25 14 15 9 4 18 6 8 7 19 4 5 26 14 19 30 16 29
1 17 27 12 23 2 8 0 1 23 11 21 3 18 4 17 12 18 25 10 22 6 24 14 15 16 16 2 6 13 27 11 25 3 24 25 10 19 9 0 14 27 8 18 22 28 16 30 10 18 27 17 11 14 6 26 19 4 19 27 14 26 13 18 8 22 19 2 11 25 0 3 9 1 25 30 8 26 11 27 14 21 14 25 27 28 18 21
3 14 18 30 24 29 19 9 15 7 12 18 23 1 30 29 21 27 13 20 14 30 4 30 23 15 17 20 21 13 26 11 19 29 21 23 25 15 5 15 13 0 29 8 16 3 21 27 17 6 14 18 27 2 26 0 12 15 11 9 10 17 29 30 3 16 23 26 0 20 18 3 11 28 14 23 13 18 1 13 20 18 4 14 29 12 21 27
22 24 1 18 29 19 3 18 20 10 1 5 8 21 17 4 8 22 1 2 5 14 7 0 10 27 26 25 22 8 19 8 10 9 1 0 14 13 16 23 5 18 26 8 20 30 26 8 24 27 30 25 28 24 3 5 30 14 21 26 10 4 15 0 19 12 7 9 20 28 1 16 10 0 1 21 14 6 14 13 1 16 14 17 8 19 27 24
23 1 12 6 21 6 16 28 16 14 24 4 0 28 13 6 26 6 8 8 29 11 8 3 5 30 19 27 10 25 0 5 10 30 25 22 16 9 12 20 18 24 17 12 28 15 27 0 7 24 25 4 28 1 20 21 4 13 10 2 23 2 25 15 22 18 2 19 7 5 17 18 29 26 12 27 26 29 26 5 11 14 4 14 25 7 3 27
25 6 3 14 28 22 5 22 15 29 28 8 2 11 5 15 22 19 12 18 9 26 20 15 5 13 0 7 16 3 19 4 28 16 5 3 12 22 3 6 28 16 26 22 9 7 1 12 12 30 0 21 0 24 0 1 8 22 4 13 24 8 22 24 6 10 8 21 19 26 17 15 12 14 6 13 5 22 20 9 20 17 18 16 19 4 2 23
7 3 7 23 5 14 25 20 7 29 10 30 17 16 6 11 13 15 4 11 12 30 5 19 7 12 12 18 1 21 12 7 21 24 16 7 1 28 18 24 12 28 10 2 16 1 22 5 1 22 23 17 14 12 25 18 15 15 22 2 10 29 9 15 21 17 27 15 19 3 25 19 15 8 14 14 12 1 20 13 28 0 19 2 9 2 7 10
21 30 6 18 7 22 13 14 1 22 3 17 29 4 11 19 23 24 18 30 14 19 20 25 8 13 25 20 23 5 19 3 12 27 29 0 3 7 23 28 3 11 16 5 19 21 9 12 3 20 22 1 15 4 22 17 10 17 23 8 14 27 29 11 2 5 12 5 9 25 25 26 0 18 10 24 2 10 21 15 30 27 2 30 1 20 24 1
11 30 12 9 0 3 20 23 7 8 21 27 13 1 5 0 8 2 28 21 27 18 17 22 6 3 3 12 19 16 8 11 8 24 7 17 23 6 8 12 24 9 2 19 8 30 4 17 10 9 15 18 27 20 28 0 2 19 17 18 26 6 8 18 4 17 5 8 28 1 7 6 22 23 9 22 22 8 12 14 10 8 7 16 27 5 3 7
8 5 24 3 10 16 1 3 1 13 1 24 25 12 23 13 15 19 7 29 21 12 19 28 9 22 12 25 15 1 13 6 30 9 5 25 18 23 13 0 4 17 15 24 23 28 7 8 3 18 17 13 12 8 10 24 24 9 20 2 24 6 12 9 29 13 30 25 5 22 5 29 22 13 7 29 29 10 17 5 0 3 24 1 26 21 15 11
22 29 5 16 12 2 21 22 4 29 0 15 30 0 8 15 15 22 4 3 19 26 2 16 18 8 28 17 0 3 10 14 10 10 24 27 15 29 4 12 6 10 18 30 18 9 26 21 16 7 1 12 14 25 10 2 6 24 11 15 20 2 28 23 19 27 17 19 26 5 5 27 19 19 14 12 26 1 18 6 13 8 28 24 1 12 0 0
14 16 29 28 29 15 9 25 15 23 22 6 7 20 4 2 25 20 9 15 25 27 24 5 9 15 10 26 17 17 21 7 27 6 4 11 23 3 3 13 13 27 18 2 0 29 19 23 21 24 14 20 16 30 19 18 12 22 5 26 20 13 6 12 0 21 17 7 18 25 9 20 10 12 13 9 14 20 10 15 15 27 24 21 24 9 11 5
14 28 17 16 28 2 18 3 24 1 30 28 30 16 22 19 25 21 2 26 7 0 0 9 11 26 16 5 13 0 14 27 7 3 16 23 24 1 15 15 0 29 23 3 5 6 3 23 12 9 5 10 7 4 2 12 30 8 4 17 16 16 19 8 12 29 29 9 24 9 15 27 3 17 30 24 29 6 17 17 26 4 3 20 21 8 5 20
19 11 10 20 3 5 15 25 9 26 3 30 15 14 29 5 0 22 28 25 12 4 5 10 17 27 7 17 18 27 16 3 26 15 12 13 27 13 10 12 26 6 28 22 13 20 16 30 25 15 1 0 21 26 1 11 25 16 30 21 23 1 17 27 19 27 7 22 22 9 8 7 18 12 30 11 3 0 20 28 27 22 21 12 18 9 5 11
3 23 29 0 9 12 13 26 2 14 30 30 16 9 23 6 14 22 22 0 14 29 9 12 28 25 11 26 22 0 11 15 6 15 15 0 14 5 26 20 2 16 19 28 19 12 0 7 2 8 29 29 24 25 28 13 0 16 25 9 22 15 7 22 11 2 24 6 22 27 17 3 25 17 26 22 11 16 7 7 7 15 2 25 30 18 17 8
19 24 17 26 28 30 22 10 21 1 26 16 11 8 20 19 20 17 16 17 11 4 5 9 15 10 18 23 1 24 29 26 6 3 5 7 3 19 22 19 7 6 1 27 16 5 26 25 12 19 5 20 1 27 26 22 19 13 15 24 6 28 13 29 20 14 9 5 11 7 5 17 1 11 2 30 7 28 10 20 16 30 14 29 0 15 27 1
18 29 4 5 8 5 4 19 22 0 30 7 26 6 28 14 15 0 17 2 10 12 18 24 23 11 18 11 16 0 23 5 7 15 9 1 16 14 13 27 6 11 20 27 1 5 13 10 11 23 9 12 25 27 27 12 9 7 10 6 1 29 28 19 19 23 1 7 7 19 26 1 1 19 22 5 3 9 27 27 21 20 13 12 3 18 3 24
26 14 3 27 3 4 0 3 25 1 16 23 10 15 27 3 28 5 14 0 3 17 10 16 22 15 20 6 5 29 12 21 26 14 19 30 2 29 14 25 6 11 15 16 11 28 29 25 26 20 7 14 12 18 7 21 7 0 4 19 4 12 25 17 2 23 1 29 3 11 2 16 30 21 29 30 14 13 0 25 3 10 19 15 28 21 8 27
8 27 9 0 13 14 27 7 26 27 30 8 22 24 0 0 25 14 14 13 30 8 13 30 10 9 4 10 26 4 10 23 30 28 3 22 12 8 0 27 8 7 12 25 20 15 24 22 16 0 15 30 28 17 10 20 24 26 25 28 19 22 11 0 25 15 0 2 14 15 28 17 11 1 11 22 27 1 28 23 20 20 3 13 5 19 28 11
16 26 5 2 21 21 2 18 30 0 11 4 9 22 18 11 13 19 12 26 14 29 23 26 9 23 23 13 19 20 14 25 25 21 4 5 16 29 6 0 17 1 26 21 9 12 8 26 5 2 6 28 28 7 16 28 7 11 25 12 5 28 0 20 17 16 5 30 15 8 0 21 27 1 7 29 9 24 26 15 8 1 6 4 9 27 10 29
27 7 22 18 2 3 12 5 23 29 15 9 11 4 27 27 10 8 29 12 16 0 5 29 26 0 26 6 1 8 6 6 17 9 21 10 25 30 22 8 14 1 21 20 18 30 5 28 28 10 0 3 2 2 3 12 25 18 22 26 19 15 22 17 30 1 2 10 8 13 28 11 17 3 1 27 0 23 2 15 6 23 20 27 27 8 27 6
30 7 2 0 24 24 2 19 6 22 18 0 11 30 17 5 30 6 23 18 3 3 14 20 26 10 10 25 20 9 25 9 13 10 29 14 21 14 10 0 0 7 29 18 9 24 5 29 0 23 13 21 6 6 5 25 7 18 19 4 23 4 27 26 17 11 13 8 4 8 8 12 0 24 25 6 15 30 12 30 12 30 22 23 7 27 18 7
27 1 6 16 10 3 21 0 29 7 20 16 28 12 21 26 23 29 25 14 11 28 15 24 4 23 18 22 13 16 23 11 25 25 8 26 26 5 29 25 25 3 4 9 29 26 28 12 26 10 28 6 17 21 20 29 0 19 26 13 29 16 3 11 12 17 19 23 9 11 7 15 0 23 0 0 0 11 13 23 29 28 5 18 1 26 22 12
7 12 5 22 28 29 19 11 20 22 9 10 30 21 24 13 27 28 21 10 20 5 25 19 14 24 13 23 5 21 9 27 17 13 1 21 9 30 24 21 22 24 6 2 2 16 6 15 6 23 0 21 21 20 3 18 18 16 6 29 29 6 4 8 26 6 3 29 6 1 22 29 13 23 17 29 6 6 26 16 22 30 26 11 19 8 23 21
27 19 18 14 9 13 19 14 14 26 25 0 25 27 28 9 5 22 26 11 13 23 29 0 3 6 11 17 11 22 9 17 21 1 14 18 9 24 6 16 3 29 30 18 18 29 29 21 22 2 2 5 8 25 28 30 3 17 9 16 16 21 25 3 4 2 28 30 24 21 21 8 0 18 5 8 15 20 3 24 30 7 24 25 1 21 1 21
25 30 21 0 27 9 13 22 15 7 26 11 10 27 29 19 23 21 17 20 9 25 29 12 18 24 17 7 14 6 0 28 3 13 19 16 15 25 16 16 19 3 24 16 11 6 28 9 26 15 8 30 6 16 8 7 28 23 24 5 14 23 4 20 13 28 16 8 17 10 21 21 25 6 1 15 2 13 30 10 22 16 21 19 26 19 26 17
0 15 10 1 5 29 27 20 23 18 22 2 11 21 15 11 16 3 12 19 26 30 8 16 5 6 17 2 8 23 14 14 29 18 1 7 16 12 12 9 6 28 2 5 4 28 4 26 2 2 15 13 7 29 11 14 26 22 25 19 16 0 15 7 4 2 27 4 9 22 16 0 6 20 17 27 23 22 18 22 10 5 14 22 12 17 25 16
16 17 24 8 24 23 29 9 4 18 17 16 12 6 4 0 30 13 17 0 9 23 22 23 14 14 7 30 1 16 0 12 12 10 8 15 18 2 0 7 29 0 20 16 24 22 1 8 26 1 5 19 5 28 24 23 27 26 15 23 28 0 30 17 21 28 9 14 16 25 2 1 2 30 19 22 16 17 8 17 27 4 19 1 17 8 22 14
24 24 9 22 4 4 27 12 8 25 0 12 9 3 7 19 15 23 9 17 28 23 28 25 29 9 13 3 14 16 24 1 30 6 25 23 19 20 30 8 15 27 6 16 29 5 30 2 28 2 21 14 11 1 14 26 28 17 24 21 1 26 20 24 16 25 24 3 25 4 16 28 26 6 13 10 0 27 17 7 5 25 9 14 20 14 29 19
30 6 15 29 24 9 13 10 13 10 29 4 7 30 21 18 28 29 14 11 27 29 9 1 18 10 2 29 23 21 27 14 25 3 23 29 18 20 11 30 6 0 20 4 20 11 2 21 20 21 19 16 19 3 8 20 6 25 16 15 27 11 27 17 22 18 6 0 11 0 13 18 9 10 28 26 19 6 11 11 23 19 21 11 26 5 23 9
29 25 2 10 26 0 17 3 18 3 7 4 18 8 9 17 29 22 26 17 15 28 11 23 11 17 7 29 12 7 21 16 15 0 2 0 27 28 24 8 0 7 3 10 11 3 30 11 3 5 3 22 11 0 28 28 24 21 3 18 24 18 11 16 3 5 3 20 1 16 16 5 17 26 24 1 7 18 30 12 22 13 12 21 18 10 5 13
18 4 27 11 17 2 22 7 25 27 19 16 17 8 13 2 15 20 18 23 5 0 17 27 22 6 4 7 19 0 15 30 21 0 21 27 8 15 20 20 7 17 21 15 5 14 30 20 30 17 13 6 21 13 13 18 17 16 14 6 21 19 16 21 5 11 27 15 20 22 19 6 19 24 21 14 23 7 12 27 26 17 3 5 10 5 3 15
1 10 17 4 26 16 10 12 27 27 25 16 18 1 13 23 19 15 17 29 15 24 7 9 0 27 20 25 1 17 23 26 18 7 6 21 9 20 5 26 19 12 30 4 2 26 18 18 7 7 26 8 29 13 29 20 23 21 4 17 12 12 14 15 25 30 8 19 6 29 9 5 11 26 18 6 15 24 22 25 29 30 5 13 14 11 16 25
18 19 24 25 6 25 9 29 9 17 0 28 7 17 18 9 15 19 16 19 17 30 11 22 12 15 17 17 28 4 25 22 25 12 12 11 21 0 21 8 12 29 17 19 3 14 6 26 26 24 24 0 24 19 30 15 18 12 7 7 12 5 10 30 22 26 4 12 15 17 16 9 15 24 1 9 16 5 28 29 27 21 4 21 17 26 12 27
15 9 19 15 0 15 11 18 21 24 16 15 15 21 2 12 10 11 6 27 21 23 28 26 1 14 15 17 13 24 9 21 5 25 28 25 18 29 24 13 8 10 21 6 26 18 8 10 24 0 29 22 28 17 17 2 21 23 4 13 26 24 28 0 2 18 22 21 24 16 16 22 14 17 25 19 26 7 0 13 17 26 14 12 14 13 9 7
25 6 24 13 30 26 23 13 26 9 13 8 27 6 22 16 2 10 11 20 6 23 12 30 28 8 27 25 14 25 4 0 29 8 2 13 10 26 19 26 9 23 8 18 17 19 3 29 6 17 1 10 10 5 18 11 6 3 12 27 2 25 1 12 3 4 2 4 6 0 23 2 19 22 28 0 19 28 28 1 6 30 25 1 8 30 0 15
1 23 28 24 28 25 16 25 13 29 5 5 13 8 26 22 13 4 20 14 6 2 4 24 24 21 7 8 23 26 10 3 8 4 19 21 5 23 1 8 25 15 14 21 17 17 30 8 14 28 20 24 5 6 13 0 27 4 27 8 3 16 28 21 8 2 15 2 30 13 18 17 15 26 4 3 29 30 25 21 11 20 29 25 6 29 11 22
15 5 13 30 9 17 29 5 15 11 23 1 7 8 3 0 27 19 25 8 5 29 10 20 28 10 25 20 26 11 20 9 16 15 0 17 10 4 20 3 26 12 4 22 19 21 30 3 14 22 26 19 24 16 17 8 17 10 21 9 11 5 11 29 2 21 25 26 27 14 26 1 14 16 12 12 12 1 29 0 7 6 30 28 11 4 0 16
2 4 14 29 25 2 3 23 6 14 15 26 29 11 2 23 26 22 5 13 25 20 10 15 1 10 4 29 12 17 0 26 12 26 18 2 26 13 18 1 6 2 14 18 21 26 20 24 24 17 14 17 8 3 16 19 3 29 29 12 20 2 1 3 2 13 2 11 29 21 27 6 30 20 30 21 4 22 3 21 28 17 0 7 1 24 24 30
2 15 19 17 14 27 17 3 24 19 6 5 8 23 15 16 5 25 25 30 0 27 6 19 17 4 13 1 23 22 26 13 3 27 17 27 0 11 27 29 25 5 24 0 16 10 26 23 24 29 18 18 8 18 29 26 21 16 27 5 22 23 10 1 19 1 4 4 12 25 17 28 5 25 0 24 28 30 2 23 27 6 26 17 16 17 25 16
2 1 25 8 1 12 6 1 30 19 9 18 18 5 29 23 29 15 2 26 0 10 1 12 19 24 1 25 7 13 25 10 22 7 28 24 25 15 24 22 27 29 11 12 2 12 10 8 13 3 25 21 21 2 25 30 5 13 0 11 30 17 25 17 11 25 8 23 24 21 0 26 12 16 6 15 29 18 27 27 22 23 9 10 16 14 11 19
27 13 17 14 18 18 27 2 4 0 17 22 16 0 11 25 29 18 15 26 29 19 16 17 12 4 4 0 22 12 19 16 5 11 20 29 17 23 16 18 23 28 27 2 18 25 11 2 12 26 16 7 25 6 29 6 9 15 6 9 17 1 10 16 20 19 25 15 17 11 18 26 12 23 25 18 18 10 11 6 24 16 5 18 23 6 10 1
24 9 1 11 17 8 11 27 6 9 10 16 14 10 2 25 23 6 18 11 19 25 10 0 10 21 4 12 17 13 15 30 24 24 7 5 6 11 19 24 1 9 23 17 6 8 19 24 4 29 6 21 13 7 16 19 28 27 0 9 14 29 21 21 18 18 15 1 28 17 12 11 26 20 13 27 0 15 9 10 26 23 30 21 14 24 8 4
11 12 24 22 16 8 29 0 23 0 24 9 5 11 19 18 14 12 29 17 18 7 29 3 27 10 15 18 10 22 13 12 4 10 10 14 5 19 22 1 12 15 24 4 10 6 23 9 29 27 9 16 12 21 8 27 7 6 26 7 0 11 23 29 30 15 20 17 19 6 4 2 26 11 1 6 15 19 13 25 5 7 28 16 8 12 4 9
14 19 27 30 0 8 22 9 12 28 21 1 28 11 29 7 29 27 0 9 13 28 17 9 4 12 13 4 17 17 9 30 15 3 7 26 16 14 30 29 4 12 7 9 24 18 10 4 1 15 30 24 23 24 15 10 24 14 10 2 4 22 28 19 10 1 19 19 1 6 6 2 24 0 27 21 2 1 4 6 6 30 28 4 24 30 14 12
13 25 15 10 7 29 18 18 24 28 25 27 10 0 28 27 28 5 24 28 24 15 28 18 28 21 30 27 21 3 27 7 28 24 14 9 5 10 18 15 8 13 25 12 4 1 23 7 2 17 27 27 25 2 2 3 27 13 29 0 14 18 9 3 7 12 28 1 20 12 13 22 15 18 13 7 9 22 21 2 12 21 17 11 24 17 18 11
15 20 11 21 30 15 2 5 1 6 11 29 25 25 4 0 3 16 22 17 0 5 19 10 25 13 22 15 12 8 19 16 1 15 28 30 23 8 22 10 27 13 6 6 30 3 13 16 13 12 2 21 12 8 0 27 5 18 27 1 23 12 18 27 25 27 19 8 14 28 10 20 2 19 27 10 25 19 22 4 9 20 29 14 4 4 29 26
16 5 6 18 13 27 2 18 6 7 19 27 16 24 4 8 13 17 22 13 11 29 26 16 12 13 14 20 6 4 23 19 20 17 27 30 14 20 24 27 25 6 17 22 8 22 13 30 28 10 23 12 21 5 28 25 14 28 25 8 6 23 1 23 26 1 1 20 12 6 11 10 27 29 2 24 12 19 27 1 29 15 22 18 12 4 19 14
21 13 27 3 1 15 26 27 20 20 11 2 10 4 15 0 9 25 12 25 26 19 29 24 14 30 8 7 3 6 24 5 23 20 18 30 0 10 21 16 3 5 25 29 14 10 24 1 11 21 13 26 25 30 12 10 3 7 9 4 11 13 1 5 16 30 18 23 16 6 17 5 27 12 5 12 1 24 13 29 16 6 14 0 16 14 23 0
10 17 23 2 16 2 16 6 30 23 11 20 1 24 28 28 29 13 10 6 10 6 10 17 3 27 12 4 16 30 21 9 22 2 23 11 28 15 20 26 24 23 1 1 14 30 26 18 22 12 6 1 5 20 0 1 0 4 3 29 4 4 23 29 21 24 19 10 12 29 12 17 7 12 6 17 19 5 27 29 26 28 17 12 12 26 7 13
24 15 23 2 2 0 23 1 21 16 15 21 15 5 4 21 28 22 29 11 21 4 4 19 13 17 11 26 14 9 12 12 23 18 0 3 29 7 1 6 3 11 18 28 15 13 2 12 25 12 8 28 0 18 17 7 10 11 11 28 21 22 19 22 21 21 6 2 29 10 30 7 25 8 26 28 7 30 8 21 18 6 5 24 7 29 12 19
14 1 25 19 3 19 18 3 8 15 23 11 4 7 7 6 15 14 28 17 26 28 25 8 11 10 16 25 22 13 11 30 12 27 9 15 30 5 2 24 2 29 21 16 0 14 22 4 14 18 16 21 4 26 11 15 10 21 1 19 10 7 27 9 13 10 25 6 30 5 9 5 17 5 12 1 14 11 22 17 26 24 15 24 2 4 21 27
29 26 28 16 13 16 27 5 23 21 16 12 5 28 22 14 0 20 10 14 10 21 11 26 6 11 1 20 14 10 6 2 2 17 25 12 6 7 19 3 9 20 20 14 10 5 29 16 28 29 12 19 1 0 20 3 24 15 28 20 17 21 10 3 30 2 9 4 0 11 25 7 18 22 16 4 22 19 16 19 4 2 21 16 8 12 11 16
7 1 28 24 23 17 1 28 9 20 10 14 18 14 2 27 13 8 25 9 20 20 16 19 20 13 24 13 28 26 30 25 16 25 28 0 14 26 5 9 17 29 16 1 28 24 4 15 4 6 21 26 21 2 6 17 14 30 8 23 26 21 16 3 19 3 30 27 1 11 11 12 19 13 3 30 10 30 1 16 5 14 17 27 1 12 27 11
8 30 29 10 21 14 25 12 22 26 2 7 1 0 2 3 21 9 12 21 23 25 13 8 28 16 13 27 25 27 19 2 20 16 22 10 24 16 0 15 19 29 18 9 3 15 1 30 3 26 28 10 23 28 0 4 24 12 5 1 9 4 27 2 5 15 6 16 14 25 14 20 25 14 10 24 4 20 7 25 0 15 22 5 23 11 27 21
8 25 24 27 25 19 10 1 13 21 14 18 9 15 16 2 18 29 22 3 5 19 6 2 28 0 25 22 30 18 29 1 14 20 22 25 5 15 12 24 6 0 19 15 29 29 9 6 4 8 1 3 16 15 23 23 25 13 22 8 30 17 8 27 10 17 23 28 10 4 21 16 4 1 24 9 4 2 20 1 1 2 27 13 0 19 17 14
7 22 23 13 4 13 8 0 7 16 29 3 13 24 1 6 7 26 12 22 15 12 9 1 19 3 17 29 24 20 17 18 6 18 13 25 14 21 1 22 18 24 17 21 25 3 28 26 3 18 15 4 24 22 12 16 10 20 27 7 19 14 24 23 18 0 8 10 19 14 19 18 13 0 26 16 30 24 21 5 0 6 8 3 13 9 30 29
18 6 23 21 13 15 29 19 15 20 0 12 1 11 18 18 11 0 17 16 13 9 4 6 20 5 29 25 21 15 12 2 3 19 22 10 13 24 2 8 28 15 0 2 18 9 10 7 5 25 7 27 8 26 18 30 30 18 5 25 27 4 2 21 24 24 11 7 12 12 22 12 8 12 18 16 8 7 30 25 0 27 24 2 19 22 3 14
16 1 23 6 11 28 26 4 23 12 6 23 5 21 30 16 3 25 23 10 4 21 13 22 0 15 15 21 0 1 19 21 27 14 22 10 12 25 14 30 10 13 26 4 21 17 15 10 30 20 8 13 3 18 24 11 23 19 7 1 18 9 12 27 26 3 21 7 1 0 19 10 20 25 0 4 20 30 27 25 5 15 26 16 8 21 22 19
27 2 6 6 26 27 23 30 3 28 1 13 0 17 11 7 13 17 8 21 29 30 4 17 21 12 26 15 25 11 26 10 30 2 5 28 22 17 4 6 23 0 10 5 30 24 29 28 10 7 4 9 21 6 12 22 3 7 27 12 6 4 26 26 19 12 3 17 23 18 17 28 11 11 26 18 9 5 30 8 17 0 6 9 25 18 15 28
7 27 11 29 0 12 19 27 23 2 15 19 26 25 24 16 26 1 25 20 6 8 27 16 15 2 17 2 20 9 28 13 19 22 16 14 27 1 27 16 13 1 15 29 26 24 13 29 25 17 2 17 10 29 29 28 27 14 21 11 9 22 25 27 21 9 11 1 4 30 21 6 9 14 15 14 24 2 4 16 6 13 8 17 18 7 28 20
16 11 18 12 19 17 24 21 14 25 1 6 26 17 6 14 8 24 26 3 17 6 7 21 29 7 3 30 14 12 10 1 21 29 4 19 2 20 27 9 20 4 20 30 19 15 24 16 30 4 17 2 11 24 13 17 4 24 18 22 2 17 11 8 12 27 15 2 8 12 6 1 12 22 18 4 12 12 20 15 4 29 11 6 12 12 11 6
