89 89
8 22 26 29 15 16 8 12 13 24 0 25 2 1 27 8 18 22 9 13 14 26 10 14 10 4 18 25 17 8 18 3 9 17 22 18 9 9 12 19 2 13 3 17 4 29 8 29 6 7 3 14 12 21 9 30 18 3 0 20 19 4 6 7 9 3 20 10 17 12 20 22 19 1 21 13 6 20 30 18 8 22 17 23 6 28 3 18 13
2 16 15 17 28 23 16 11 1 29 16 28 10 30 21 5 11 20 0 23 5 21 3 2 4 19 4 19 3 8 17 17 29 4 16 4 24 7 24 28 13 20 5 9 13 0 2 6 24 27 12 17 24 5 1 22 13 23 29 24 27 21 30 18 24 6 26 3 19 7 27 11 18 25 15 30 23 23 19 23 28 3 18 26 30 30 22 23 26
20 10 28 24 21 10 30 3 24 27 11 12 15 8 30 8 29 11 6 0 6 13 14 12 27 14 21 6 13 14 10 14 3 20 12 14 16 8 6 0 11 14 17 26 11 3 10 1 5 15 2 23 15 7 0 29 25 24 26 14 5 28 28 0 7 13 12 6 26 21 8 7 5 0 25 22 18 5 12 2 28 5 28 5 11 14 22 7 29
24 23 19 21 8 20 13 6 28 20 4 19 4 18 0 14 29 15 26 4 3 8 3 21 27 4 1 3 28 25 30 19 17 29 27 28 11 18 24 3 11 5 25 29 28 11 7 11 13 16 5 20 4 16 9 28 30 4 8 22 19 3 9 4 12 12 11 5 11 24 22 29 1 13 27 5 25 25 15 18 24 9 23 1 28 1 5 3 7
19 2 29 24 4 30 26 20 12 9 8 8 24 29 15 2 17 15 9 28 11 20 28 13 23 12 30 16 15 2 2 0 11 27 12 19 11 21 19 4 9 18 20 18 0 27 13 14 16 14 6 14 0 7 5 6 30 30 15 2 6 5 18 24 22 23 30 17 2 8 15 12 8 17 28 14 16 12 20 20 24 27 29 12 1 14 14 19 7
1 13 19 15 12 5 30 27 12 24 26 30 8 14 30 14 23 7 2 14 7 10 1 7 10 19 14 7 0 11 27 19 24 12 2 9 1 21 19 9 14 26 15 26 13 12 21 1 12 30 7 21 10 30 14 8 4 16 15 29 16 11 6 19 13 9 10 13 11 7 23 23 28 13 23 11 20 0 19 3 7 11 29 11 8 17 5 1 21
27 16 25 21 3 7 6 26 5 15 29 27 11 4 16 26 10 17 12 4 8 4 27 30 29 22 20 19 0 1 27 20 8 5 7 23 11 30 8 19 7 2 15 19 22 13 2 15 1 0 3 2 22 10 10 6 14 10 0 20 30 30 20 6 0 27 19 25 0 22 1 4 15 15 13 11 12 29 26 19 7 18 30 5 7 6 24 16 10
19 27 26 16 7 0 18 28 20 8 22 9 3 11 25 13 29 11 15 10 1 6 10 7 11 2 0 27 13 1 2 6 1 15 10 30 9 13 24 21 15 4 22 17 20 21 20 25 18 6 13 6 6 28 6 30 20 23 8 11 9 8 15 12 5 0 8 2 26 21 10 10 11 22 22 6 30 7 14 4 12 4 22 20 13 24 5 16 7
15 27 30 26 2 6 30 27 27 16 16 12 22 14 18 0 3 16 13 23 10 8 21 11 17 1 29 2 26 11 19 15 15 30 21 4 17 26 30 19 22 0 9 8 28 24 19 13 15 16 20 11 19 15 12 27 12 4 18 7 21 24 9 16 8 24 2 24 6 27 12 15 7 16 12 4 10 10 12 13 4 22 4 10 5 20 15 28 29
29 27 8 4 27 3 28 26 14 6 23 0 11 23 24 4 5 0 12 3 11 19 21 24 11 17 30 29 24 13 26 7 6 15 23 16 4 20 13 18 18 19 26 15 29 21 15 9 18 2 1 11 12 26 23 23 20 2 10 8 7 28 19 11 11 30 26 28 6 1 26 21 30 10 21 19 21 16 25 19 12 15 17 4 29 1 18 19 29
22 23 27 25 5 27 1 23 24 12 2 15 11 28 23 23 19 27 20 25 21 15 8 28 18 28 28 17 6 23 14 9 6 6 4 19 17 23 9 22 30 18 16 12 27 20 10 24 28 29 9 19 27 18 28 26 27 11 27 22 7 4 16 16 23 2 11 13 22 3 17 7 2 16 20 15 12 18 1 5 11 1 23 4 15 25 29 20 21
11 10 18 23 26 26 4 14 25 25 20 12 24 5 19 12 6 22 28 26 11 24 2 5 6 8 24 27 12 7 19 18 12 16 1 9 9 18 7 25 1 23 29 8 8 9 1 7 0 10 21 23 9 30 28 11 27 13 4 9 20 2 4 27 17 29 13 18 3 4 16 27 12 3 10 29 22 27 23 29 30 28 4 28 0 0 3 19 29
26 1 8 23 25 18 0 0 29 15 14 30 17 28 23 4 2 21 2 13 13 10 26 21 21 9 24 28 2 29 30 27 2 15 1 16 23 8 21 4 11 22 23 1 15 28 30 16 19 22 20 4 21 2 12 21 22 1 2 6 29 28 19 12 25 23 18 2 4 25 13 18 29 12 10 14 14 24 3 24 29 27 30 13 10 9 10 25 18
9 21 9 15 4 6 28 15 0 16 30 26 4 22 23 26 22 16 22 19 8 28 1 1 15 13 4 24 21 24 28 29 13 5 18 14 13 24 15 25 29 8 26 13 22 11 12 11 30 0 25 19 19 17 12 12 26 5 21 18 24 13 19 24 30 2 27 2 19 14 6 3 27 24 14 29 0 13 7 4 22 3 30 16 14 3 15 17 11
30 21 22 9 18 23 25 24 5 5 16 30 22 0 8 24 2 3 1 28 29 21 6 27 17 10 30 28 18 25 16 15 11 12 27 29 9 0 24 0 30 15 3 15 29 0 25 29 14 9 11 16 25 0 23 2 18 13 14 14 23 16 20 12 0 21 25 30 3 4 17 27 0 11 29 3 11 5 22 12 14 0 10 16 4 18 23 6 1
12 13 29 5 28 30 23 9 4 17 4 17 16 21 4 19 24 12 9 3 27 1 7 1 5 20 18 15 27 25 1 11 0 17 17 29 11 24 24 21 6 4 14 3 29 26 29 17 10 1 21 27 6 29 19 11 1 16 9 17 21 25 5 19 11 12 18 15 25 23 21 22 23 23 16 0 19 10 8 8 15 14 6 1 12 7 9 22 19
7 20 14 19 13 26 26 15 6 9 28 18 2 5 15 23 11 30 2 8 22 21 9 13 6 26 12 3 25 20 4 6 27 7 1 5 29 22 23 9 4 12 5 5 16 10 21 26 7 21 17 21 30 3 3 26 12 19 20 9 30 26 27 22 22 9 15 20 28 17 15 4 17 15 27 7 28 7 0 1 24 8 3 19 21 30 29 26 6
29 18 12 0 10 0 23 19 5 27 9 8 10 24 22 5 21 30 13 28 11 15 2 25 16 26 19 1 16 3 6 15 1 19 13 0 15 19 9 15 23 29 17 19 24 6 1 0 2 13 16 9 16 9 25 24 20 27 4 23 16 17 13 12 12 30 8 30 19 20 18 29 8 13 27 9 2 24 27 11 23 0 26 6 3 20 9 0 11
22 6 16 24 0 7 8 2 13 19 26 0 24 23 19 25 6 1 15 9 28 21 6 29 18 17 25 4 14 11 8 26 24 6 17 2 28 20 25 9 9 25 12 22 0 5 21 15 29 3 2 6 21 14 14 26 30 13 22 15 26 0 28 18 27 5 4 10 26 15 9 30 2 13 3 30 14 4 6 0 9 22 0 21 8 2 19 16 27
16 18 14 25 12 10 12 0 3 24 10 27 0 0 23 26 13 28 10 13 11 6 20 26 19 7 5 14 30 18 9 21 26 16 3 11 23 28 12 10 8 14 13 14 14 4 11 13 25 12 27 19 21 10 20 6 21 21 26 2 5 23 28 25 11 7 23 19 1 28 17 7 25 12 9 12 16 7 29 18 2 12 18 30 1 5 24 7 12
2 23 23 14 8 19 14 18 17 21 4 25 4 24 0 9 11 30 5 5 19 12 8 28 4 27 18 16 6 30 18 2 11 0 28 2 22 19 6 20 9 7 10 27 13 28 20 19 17 28 22 2 6 24 29 11 13 6 29 0 2 17 21 11 23 10 10 29 30 23 13 25 8 18 22 21 20 10 16 22 30 23 17 12 4 16 15 13 16
1 19 2 22 28 12 14 13 9 11 7 15 20 25 5 13 11 16 11 23 12 7 2 20 5 12 11 20 7 8 8 18 19 28 8 20 13 21 11 2 12 5 19 15 12 16 27 23 1 13 8 19 24 23 5 2 17 26 7 2 6 15 18 6 10 28 10 27 9 28 7 5 12 23 9 10 16 10 17 27 2 0 5 10 19 13 10 23 11
13 21 29 11 4 26 2 20 27 20 20 17 28 22 0 18 28 9 13 15 5 26 29 21 4 2 13 17 3 29 30 10 25 16 22 19 24 10 14 3 7 8 2 5 7 29 5 24 7 14 10 10 30 0 2 26 17 9 24 0 1 12 25 17 26 2 27 20 12 27 26 6 7 24 0 16 12 22 29 28 2 3 0 2 20 26 7 29 10
15 16 5 0 16 26 3 13 23 25 6 10 23 5 22 29 21 22 1 24 21 3 7 9 27 24 4 2 23 18 25 18 8 14 12 8 12 20 27 19 4 23 8 0 11 24 21 27 13 5 24 5 27 6 9 23 9 13 28 17 22 9 5 12 7 27 11 9 22 20 20 2 19 13 1 15 15 4 14 12 16 22 4 29 10 28 3 4 30
2 24 7 15 15 24 8 24 3 0 17 27 16 18 13 18 14 13 29 21 21 21 7 16 28 9 19 5 20 17 3 5 28 12 30 10 15 5 25 15 21 16 27 21 6 30 10 18 0 6 28 19 23 9 10 19 28 10 26 25 30 3 28 26 25 12 30 3 19 30 29 16 24 10 4 11 2 1 26 3 9 30 25 19 6 10 20 7 6
7 23 5 28 1 10 25 6 27 13 8 3 29 27 30 16 2 27 6 7 17 29 26 15 26 6 28 6 30 30 0 29 29 21 7 11 12 15 21 3 6 27 29 21 20 4 14 0 7 14 12 17 2 19 8 6 20 13 6 26 17 20 5 8 30 28 21 3 2 23 9 18 28 25 9 24 11 13 23 16 28 22 3 18 16 28 8 11 4
28 30 21 27 9 8 22 20 14 24 17 10 24 27 16 2 11 7 28 26 2 26 8 0 3 11 27 29 16 13 19 1 12 1 7 23 17 29 14 21 14 29 30 30 18 0 7 22 4 4 11 13 22 13 27 19 1 26 23 18 23 9 10 16 29 5 24 3 0 8 14 9 20 10 27 18 5 16 2 0 21 7 2 18 0 1 28 7 27
4 24 5 18 5 6 23 9 14 17 13 18 12 0 26 8 24 15 28 29 12 12 13 16 15 14 21 16 14 29 3 25 11 30 7 12 29 1 10 4 4 13 22 8 8 5 25 15 29 20 20 22 0 4 18 10 30 25 4 16 23 16 0 27 5 21 11 12 25 28 8 11 15 19 9 8 2 26 25 12 8 4 5 12 20 2 8 5 6
22 8 26 28 8 17 16 10 19 6 18 7 6 7 12 20 10 29 15 11 23 2 1 29 16 25 12 14 6 14 23 9 16 30 24 14 6 6 24 29 7 13 5 27 15 3 20 6 26 17 29 5 27 23 1 13 8 29 27 22 21 2 21 27 19 18 23 9 21 12 6 9 25 16 27 14 20 19 4 25 27 24 6 13 13 25 21 22 20
22 9 22 10 20 28 9 4 26 8 6 29 12 12 21 26 6 9 11 4 14 26 17 4 17 28 22 29 25 24 14 17 10 1 26 30 16 20 17 26 2 21 13 9 25 2 11 14 28 4 30 27 22 2 22 12 26 12 19 29 11 18 30 10 0 0 15 28 28 16 15 28 3 0 5 7 12 17 26 21 26 28 28 25 23 16 6 8 16
30 11 2 25 16 14 13 11 0 24 25 0 19 0 14 18 21 20 22 23 5 6 1 25 7 14 13 23 22 2 9 28 19 20 8 19 18 12 20 20 30 9 11 10 28 7 16 19 10 7 25 21 18 13 4 28 0 20 5 18 22 11 30 28 4 13 23 3 28 2 23 21 8 18 8 28 29 19 19 26 0 0 20 20 20 15 29 10 14
20 6 25 9 7 17 21 15 11 7 23 12 3 7 9 12 5 5 22 0 29 18 26 15 13 1 12 9 5 28 21 7 18 17 2 18 22 17 14 25 21 4 12 19 24 1 20 1 26 26 23 29 2 15 16 12 0 19 7 27 14 16 26 25 27 0 9 28 9 30 0 8 12 4 6 21 10 23 23 16 2 9 16 21 24 29 29 8 6
30 19 6 24 7 10 27 0 1 5 22 17 14 11 0 24 2 23 21 2 2 20 16 30 3 20 12 22 6 5 21 28 26 11 19 30 1 30 16 10 15 2 28 22 7 24 26 15 1 16 22 25 4 26 10 20 20 3 6 23 5 29 13 14 0 21 23 11 5 23 20 16 28 20 1 6 22 17 10 16 12 18 12 4 22 4 30 28 14
17 22 22 25 15 0 10 27 17 29 2 21 12 24 19 27 3 13 30 18 14 3 3 21 13 7 1 4 22 18 5 17 12 6 27 20 13 30 1 22 0 13 1 8 25 24 29 25 19 16 0 8 1 28 26 18 18 18 28 23 2 23 0 21 13 3 14 24 21 18 26 9 21 4 13 17 7 15 18 29 23 15 12 8 22 18 6 4 11
11 4 12 9 0 0 14 30 0 23 24 5 25 11 11 29 18 6 25 20 9 19 25 1 14 26 24 1 26 13 12 2 18 30 30 13 9 30 26 16 11 24 23 10 10 15 21 5 11 9 20 5 3 27 1 23 27 10 24 29 18 26 0 6 4 20 8 8 17 2 6 24 25 28 13 12 8 10 0 6 20 5 8 16 28 9 21 2 16
20 16 7 15 24 7 3 10 7 29 8 15 10 25 16 22 28 27 0 3 1 16 26 17 18 10 25 25 10 3 9 11 29 22 23 7 0 24 27 16 25 30 21 28 30 24 23 6 4 26 11 9 14 26 8 8 24 19 9 15 4 5 21 3 30 2 28 25 13 26 14 4 14 27 28 0 17 24 27 18 19 20 0 22 0 13 16 2 18
6 8 0 4 24 9 28 5 3 12 21 11 7 22 4 22 13 22 17 0 3 0 22 25 16 25 24 2 25 26 18 20 6 26 30 12 21 10 25 0 7 28 28 25 17 19 20 15 7 20 19 23 25 19 8 18 19 29 17 20 29 16 27 10 11 29 24 26 30 4 18 11 21 8 10 23 28 13 23 26 23 17 2 3 26 4 2 19 16
26 14 5 7 29 0 8 12 5 24 15 1 0 22 17 27 0 25 28 29 30 23 18 11 13 20 15 8 2 0 27 11 6 27 12 29 9 28 2 15 11 4 0 10 26 28 20 4 23 21 16 11 19 2 13 13 29 16 19 10 15 0 8 2 4 0 17 3 28 17 7 25 3 23 6 21 14 28 27 30 26 10 23 5 9 19 16 22 20
0 21 26 25 11 13 26 30 3 2 2 28 15 22 8 17 5 30 9 0 12 23 4 23 21 21 21 24 25 0 7 6 5 4 11 27 5 7 14 14 4 3 10 12 4 7 9 22 22 9 12 13 8 24 19 26 2 25 21 26 0 13 27 30 5 12 2 24 23 25 22 24 8 23 26 17 13 28 18 1 17 14 8 16 29 5 28 28 26
14 6 5 13 11 15 30 20 7 23 23 0 28 19 24 23 7 30 28 21 5 15 24 22 7 21 29 15 1 24 30 26 10 11 15 16 17 27 6 20 3 29 24 22 9 29 28 18 9 20 22 2 15 0 20 29 1 15 6 29 5 17 30 29 29 18 8 2 13 20 24 27 11 25 23 27 3 8 9 21 12 24 23 7 28 16 0 30 3
18 27 26 18 20 11 18 30 11 9 29 4 4 18 21 16 2 2 6 18 8 8 23 6 18 29 16 2 20 4 13 27 10 28 4 25 24 19 13 19 20 28 30 9 4 17 14 1 22 6 0 30 9 10 0 21 13 21 12 11 1 14 13 29 14 12 5 6 0 8 17 1 2 26 16 21 22 20 17 30 28 1 28 28 23 25 14 25 8
16 2 26 17 28 27 26 18 17 25 30 8 5 28 2 4 5 25 8 2 25 19 15 14 14 30 6 28 29 8 7 7 1 16 14 17 11 12 24 2 12 13 16 12 17 3 20 14 22 16 15 24 21 22 24 23 17 2 9 4 20 20 7 10 15 24 8 5 29 19 16 13 15 7 18 12 14 28 24 12 1 7 14 6 4 13 29 30 5
9 26 6 11 30 5 14 14 13 0 29 7 3 2 29 10 9 21 2 7 24 30 2 16 14 30 15 22 15 26 4 11 9 9 29 24 1 16 27 14 11 18 14 25 11 25 16 16 2 18 25 20 0 4 2 13 11 19 12 23 5 29 15 24 6 30 25 10 5 20 26 13 26 16 22 19 14 6 28 1 13 0 18 14 18 22 25 22 26
0 21 18 7 5 13 20 28 0 12 27 3 29 23 15 14 0 10 10 4 13 15 28 1 6 14 5 17 11 20 29 4 16 10 0 13 0 6 6 23 28 2 10 5 9 7 18 21 12 16 24 24 13 9 17 19 2 0 3 30 23 21 9 24 24 14 12 29 10 16 5 23 22 26 6 29 22 16 29 6 4 7 25 10 1 0 29 17 11
27 25 4 18 2 30 0 13 22 0 16 13 15 14 8 26 1 10 6 2 28 9 10 14 8 6 2 26 20 0 13 12 20 18 23 3 17 8 1 17 17 15 28 22 28 1 15 13 18 19 14 17 30 14 0 25 22 29 2 7 14 12 27 3 30 16 18 4 18 4 20 19 21 0 24 9 30 1 13 20 0 21 0 24 28 5 23 23 25
2 29 5 17 23 22 27 30 28 13 6 2 21 26 24 29 12 16 3 27 18 16 0 2 19 6 23 4 30 2 29 14 12 25 5 22 17 10 29 25 26 24 1 2 27 16 22 22 6 25 30 29 0 29 23 26 17 9 10 23 1 7 13 10 22 15 5 14 19 25 23 8 27 27 12 15 19 28 22 0 29 5 10 18 30 14 8 27 26
27 5 14 2 6 11 7 25 21 29 18 24 18 0 4 12 13 21 1 11 23 23 22 25 28 10 30 20 1 5 17 0 16 11 23 15 19 9 27 15 1 28 4 16 29 9 26 9 10 27 25 6 22 13 7 22 5 16 14 9 13 1 13 13 17 8 20 26 27 6 9 22 12 30 22 24 12 7 3 18 11 2 1 3 19 15 11 18 21
5 4 4 3 15 18 24 25 30 18 30 26 13 28 2 14 17 0 5 0 6 11 19 24 9 19 16 26 23 17 25 10 20 29 2 2 28 10 1 2 14 9 17 3 27 25 4 7 11 28 27 10 15 10 21 29 27 19 12 5 12 9 26 25 21 26 24 22 5 30 13 10 9 6 16 5 26 19 18 9 11 5 29 9 3 30 1 2 7
18 21 11 14 10 12 13 30 10 2 27 13 4 17 16 8 4 10 29 9 7 2 26 7 19 0 15 17 13 18 16 1 12 13 6 30 7 17 29 15 10 30 4 24 11 22 4 16 7 23 16 10 6 23 12 12 30 30 2 4 29 12 11 27 10 12 14 7 15 3 13 2 4 16 4 17 19 30 20 11 19 19 15 13 1 8 20 18 17
22 20 26 1 16 24 3 1 19 28 1 7 5 25 9 3 27 6 8 16 12 24 8 18 25 26 16 1 29 5 14 4 21 15 4 25 2 26 26 20 7 17 12 22 30 30 29 29 22 19 6 19 13 30 5 17 21 28 18 18 29 8 6 1 28 8 0 4 25 4 8 28 11 28 13 0 28 20 7 5 3 3 14 20 7 30 7 14 21
28 14 26 16 11 27 12 7 8 14 4 18 1 28 5 25 0 9 6 1 27 27 9 26 23 26 9 30 3 1 24 22 1 11 29 2 11 29 14 9 13 3 28 17 27 14 4 8 26 3 6 13 20 6 10 6 2 9 22 10 25 15 11 9 8 24 12 0 25 9 22 5 21 24 4 1 0 11 13 21 23 4 24 5 2 8 17 8 26
13 5 12 16 29 29 17 16 0 26 17 20 16 1 26 13 24 29 13 24 5 30 15 8 12 11 30 9 18 27 23 24 12 8 2 11 13 26 15 9 3 21 10 1 1 17 3 15 4 10 26 13 20 25 3 6 23 14 15 7 0 29 16 4 11 10 24 17 3 9 24 28 22 29 10 7 30 1 26 30 26 22 12 24 29 24 13 2 2
22 14 15 19 11 9 29 12 9 9 17 5 9 3 13 4 29 28 20 25 11 27 4 24 28 23 30 17 23 2 1 27 1 15 21 11 26 28 5 26 8 3 30 25 10 6 22 17 2 1 16 3 3 15 19 26 13 22 28 6 9 1 2 13 14 1 22 24 22 27 30 10 12 4 29 30 30 19 1 18 21 20 0 16 3 4 26 28 24
25 1 5 0 16 5 4 23 30 26 17 11 25 17 8 23 21 1 12 10 27 13 17 25 17 6 9 17 20 1 9 19 10 20 18 14 7 7 28 1 8 0 24 26 26 22 29 12 25 6 8 30 2 25 0 12 27 18 3 9 7 30 30 19 13 22 11 8 12 26 4 26 14 22 19 21 27 8 30 22 7 7 7 21 27 9 27 23 8
28 19 6 2 2 14 0 11 5 6 30 10 24 7 19 5 4 20 25 16 30 23 9 11 0 5 28 11 27 2 30 17 10 11 2 17 20 4 18 8 9 18 27 29 27 5 5 15 12 4 23 29 20 28 24 18 11 20 25 9 19 14 14 2 6 18 18 11 27 25 29 10 5 22 23 0 27 14 30 3 17 18 5 14 15 1 23 10 21
15 8 20 5 0 15 16 29 6 0 4 25 20 22 9 3 26 22 20 29 5 3 16 18 3 3 20 2 25 7 28 30 30 13 25 6 8 6 28 11 16 8 21 23 1 25 28 13 4 10 25 10 0 10 13 28 25 5 2 10 18 29 2 17 13 7 3 27 4 21 11 0 19 13 24 1 11 25 16 11 12 25 4 1 4 23 10 12 16
26 0 10 15 26 17 21 7 20 0 2 10 17 25 13 11 24 23 11 27 9 12 26 15 11 25 15 21 0 11 22 11 11 30 14 19 0 25 8 12 9 23 26 3 26 28 30 22 14 5 22 30 14 3 11 15 20 1 12 6 25 1 19 9 30 17 7 13 3 15 8 26 26 13 20 3 29 19 12 23 22 3 28 13 14 5 12 26 9
2 15 12 8 30 29 0 4 18 10 24 19 9 27 26 28 7 0 13 6 0 17 24 26 29 24 13 7 12 21 25 7 18 12 26 30 4 2 9 24 2 30 20 27 27 6 27 5 19 30 15 14 29 24 16 15 10 18 25 23 7 0 28 30 19 1 0 3 15 19 27 4 8 0 13 8 9 13 26 12 27 9 16 2 5 19 21 3 20
11 7 12 19 29 13 7 30 4 16 12 3 29 10 10 23 16 30 20 14 27 9 15 1 3 18 26 27 19 6 12 5 4 2 16 18 6 9 26 13 17 4 26 9 27 27 8 2 4 22 10 16 14 13 25 28 3 30 19 6 10 29 0 12 15 1 7 27 0 14 3 12 7 8 4 20 13 5 19 30 28 4 10 24 0 19 19 25 2
7 17 21 17 20 11 16 18 0 4 23 27 15 12 18 29 2 29 19 17 1 13 29 25 4 15 12 6 29 27 20 5 25 21 12 28 6 26 4 11 13 12 28 2 22 1 12 14 20 8 3 14 2 16 15 23 1 11 1 6 10 8 2 13 4 14 8 6 28 28 23 18 26 24 7 3 27 15 23 12 20 26 5 22 14 25 23 2 5
5 6 17 23 7 30 3 24 12 28 19 18 8 19 27 24 6 16 24 30 4 11 22 12 21 28 10 0 5 19 25 25 19 8 19 7 8 11 29 22 1 19 3 12 13 10 5 20 5 21 4 20 5 12 16 17 14 3 29 23 0 14 21 15 29 14 20 3 26 20 22 5 30 18 14 1 17 15 8 27 22 0 28 23 25 25 23 3 25
12 25 1 18 26 30 26 30 1 19 30 20 15 3 8 13 24 2 20 6 12 10 7 12 7 6 26 0 2 9 10 26 26 3 20 7 0 1 14 21 2 13 6 18 2 5 3 18 26 26 4 4 21 30 17 23 20 17 2 22 10 21 19 21 26 1 11 19 20 13 28 12 12 19 11 14 3 28 12 26 21 6 16 21 12 21 2 29 27
13 2 13 21 15 22 14 1 29 5 29 16 18 6 8 25 7 7 6 26 12 7 5 29 15 7 26 16 20 10 13 20 6 16 28 22 7 29 22 7 28 19 6 0 11 15 7 19 20 8 6 7 2 15 0 20 26 3 13 15 23 27 30 12 6 27 17 0 0 30 28 7 23 25 12 17 20 27 20 23 2 1 7 20 4 16 29 13 24
4 8 13 16 17 15 5 19 0 6 2 6 9 28 22 12 12 6 19 15 23 17 5 14 23 11 14 0 15 20 20 12 26 20 3 5 1 4 8 7 16 12 10 19 3 6 6 28 25 0 22 5 25 12 22 16 24 20 10 15 11 17 18 19 10 23 3 16 28 21 2 23 7 20 4 17 25 17 9 14 5 29 30 17 0 6 26 5 27
7 22 0 22 9 30 25 20 15 21 13 0 13 6 16 1 21 9 14 7 13 26 8 29 11 25 10 14 28 16 3 6 9 21 19 6 9 5 5 17 4 14 26 28 4 12 17 2 9 10 11 23 0 22 17 4 15 8 5 22 7 6 1 19 9 8 27 16 0 22 28 13 17 9 14 4 24 18 18 24 19 13 8 12 18 13 24 24 3
11 25 1 10 22 27 27 16 7 8 1 28 4 29 3 18 0 17 10 22 1 23 19 22 6 20 29 20 17 2 8 16 13 29 17 1 23 8 27 30 13 3 1 13 18 19 22 11 22 25 30 16 15 23 24 2 30 27 16 5 21 5 1 21 15 19 20 7 15 5 2 25 20 11 9 22 11 18 2 20 25 16 18 23 29 26 7 26 14
19 19 24 17 14 2 2 16 4 17 23 10 7 26 15 22 3 9 9 15 0 28 1 14 14 24 3 27 5 25 30 19 15 7 27 14 24 17 29 14 0 15 22 3 7 17 19 0 17 3 3 20 8 12 4 20 3 28 0 8 6 10 3 27 18 9 22 25 29 15 18 12 2 8 14 14 20 20 22 28 29 23 28 5 26 30 10 15 1
28 1 14 19 15 4 17 15 21 28 29 6 7 22 3 15 21 29 5 14 30 16 27 22 2 12 6 7 19 14 9 27 26 3 11 7 24 20 19 14 6 28 19 23 10 5 27 3 20 21 25 29 27 10 1 22 23 20 7 25 16 30 17 15 29 5 21 2 1 27 29 8 2 8 26 23 8 7 7 26 7 17 29 2 0 2 10 9 12
7 4 21 25 12 26 18 20 11 24 7 7 7 10 19 3 14 13 15 18 3 13 3 17 6 13 0 4 16 21 0 22 26 12 8 6 20 22 8 13 8 13 29 5 5 23 7 21 22 1 4 8 29 28 16 3 5 26 17 2 13 24 17 26 18 7 13 19 28 13 10 19 0 24 29 3 11 0 11 24 15 27 16 8 26 17 26 20 17
6 25 20 8 2 24 1 23 18 7 1 24 0 16 13 0 30 16 26 11 22 14 11 8 29 19 1 19 28 13 24 8 1 0 9 26 5 2 25 14 7 22 1 10 13 2 20 28 25 19 27 10 8 6 9 6 29 17 11 23 11 29 24 16 5 7 0 19 6 21 25 21 5 16 14 29 17 12 17 30 22 5 9 22 0 5 3 8 26
21 24 25 6 12 17 23 30 8 23 8 27 1 27 27 0 19 23 13 16 17 24 12 22 29 9 29 21 12 26 27 18 0 24 23 14 10 10 14 17 4 9 25 2 19 21 10 13 18 18 26 30 0 6 8 17 2 9 7 21 28 28 1 17 18 20 15 19 7 1 10 15 5 2 5 3 23 29 5 19 3 13 9 3 1 10 18 23 16
12 20 2 28 22 21 11 1 25 14 30 28 8 21 19 26 26 28 8 23 11 24 16 15 8 15 27 12 24 10 16 18 7 13 0 20 21 3 5 7 27 5 24 12 6 12 1 6 1 17 10 9 3 25 17 20 26 21 27 3 20 3 3 28 3 10 9 28 24 7 20 23 13 26 29 8 13 15 19 4 9 16 28 10 0 28 5 0 30
5 6 24 24 30 3 13 25 20 0 6 21 5 13 21 3 29 21 16 24 13 5 30 10 7 2 10 27 3 12 5 29 30 21 29 22 15 27 3 5 26 20 24 22 18 16 16 6 18 5 30 2 16 15 25 11 27 8 9 27 17 6 1 24 29 2 11 15 25 19 20 7 23 18 2 30 18 16 14 11 3 16 19 22 23 3 21 10 20
24 28 20 3 23 4 30 25 5 18 15 28 15 19 0 27 25 2 29 29 12 21 16 16 7 9 22 5 23 2 20 30 17 16 8 8 19 30 27 17 28 27 21 17 10 26 15 14 18 19 24 23 2 15 18 9 20 25 25 6 6 18 27 2 9 25 23 24 25 12 8 5 5 30 1 25 6 5 23 14 21 14 18 10 26 10 7 10 27
27 16 2 27 21 16 15 29 15 30 9 7 20 9 13 8 14 22 16 18 21 3 8 6 7 29 22 4 4 27 15 8 18 19 29 6 19 17 19 19 14 7 12 24 22 19 11 6 2 26 11 26 25 24 8 16 0 10 17 7 1 19 17 12 4 10 28 19 19 13 25 29 25 16 9 8 14 22 14 20 28 26 14 3 3 5 4 25 18
26 20 13 16 13 8 24 29 16 14 30 18 30 9 20 30 12 25 25 13 16 27 24 2 19 13 23 5 14 4 13 29 16 28 5 7 13 4 12 7 23 12 0 20 20 15 19 23 8 30 3 7 3 13 1 15 1 8 8 9 30 14 9 16 22 2 22 18 15 20 29 10 19 10 28 26 23 7 1 11 16 4 21 6 19 7 25 24 3
3 19 20 4 29 7 17 9 21 23 6 29 19 11 8 15 19 10 4 0 23 25 14 20 19 7 1 9 30 26 3 2 10 30 7 20 30 30 29 10 0 3 21 12 10 20 20 2 28 17 25 25 24 27 19 2 8 8 17 2 2 2 4 30 13 15 20 0 30 4 19 1 4 25 25 0 5 19 6 20 18 6 12 19 16 26 6 4 22
5 8 11 9 9 24 21 13 25 6 0 19 29 22 4 26 26 29 17 5 0 5 13 30 30 2 19 21 28 6 29 24 2 5 27 7 11 29 4 28 23 16 18 14 18 27 9 7 13 27 27 9 23 2 23 16 26 15 19 17 25 5 2 3 16 8 11 16 2 10 26 14 22 15 8 5 29 22 3 16 19 29 29 16 2 22 6 21 16
14 9 21 15 17 10 13 15 27 15 13 15 16 19 16 28 7 11 10 3 18 21 4 9 14 8 3 29 12 21 23 27 3 30 11 29 4 19 18 7 12 21 19 6 18 13 0 26 2 30 12 1 20 11 15 3 26 5 7 18 20 29 22 21 8 1 29 8 8 30 21 16 6 5 30 8 26 15 30 29 22 8 28 29 16 5 30 8 15
29 2 8 27 23 11 18 14 19 20 18 0 21 21 20 18 19 28 7 26 25 10 0 27 7 26 7 15 1 28 12 1 28 1 22 18 20 30 14 5 29 30 18 30 23 19 19 4 30 11 13 5 9 8 12 11 8 22 26 27 11 5 26 15 15 0 29 13 26 11 24 29 17 27 25 23 22 14 8 30 26 22 26 14 19 0 4 4 15
23 2 26 6 28 25 7 17 11 14 11 8 14 22 25 26 27 25 6 4 3 23 28 23 30 18 10 22 25 9 7 21 16 26 13 24 19 25 21 11 3 23 6 28 13 22 17 24 25 5 6 18 13 12 10 9 16 12 14 15 11 11 26 28 30 6 16 4 3 17 7 1 2 8 12 5 12 11 13 20 9 23 8 13 3 22 7 10 12
19 15 25 15 27 15 29 25 21 17 0 22 9 14 9 13 11 13 25 21 13 1 26 24 0 26 17 20 26 9 10 11 10 6 14 18 21 18 20 29 3 28 6 21 30 19 27 0 23 22 28 29 6 9 7 20 27 14 17 4 19 3 23 24 21 14 29 14 8 9 30 2 14 28 4 21 4 22 7 12 23 9 5 5 28 5 22 21 12
24 16 1 23 22 26 17 2 30 25 22 24 17 4 12 28 5 23 28 24 13 10 23 28 4 1 30 25 2 16 27 29 5 1 9 8 9 14 12 21 6 1 2 10 13 30 30 19 20 8 14 29 17 4 15 29 7 28 12 30 11 20 14 7 24 14 29 4 12 22 22 15 7 14 21 25 27 9 10 20 24 3 8 19 4 22 4 23 28
18 5 27 0 22 21 11 2 28 9 9 7 10 13 28 21 17 18 2 29 25 17 19 16 28 30 29 27 3 16 8 3 6 24 8 30 30 11 23 10 1 20 16 1 18 9 12 12 14 2 30 29 9 4 28 16 4 11 14 30 19 29 9 10 12 14 25 9 9 18 19 16 15 14 2 13 19 1 15 20 21 30 24 26 13 0 10 11 28
0 10 0 2 16 15 4 14 23 9 30 21 21 1 18 0 16 15 2 6 22 1 2 12 10 19 12 0 22 20 18 0 16 25 23 26 14 8 6 17 8 9 28 24 14 9 7 16 22 26 28 6 28 7 15 0 30 22 12 5 29 7 26 12 18 20 4 20 27 6 18 11 21 20 9 22 0 23 20 4 24 14 19 2 23 22 2 20 8
15 6 10 14 13 22 14 9 16 19 7 7 30 24 15 2 13 2 14 10 15 6 22 14 23 4 4 18 28 21 8 19 13 3 8 9 3 22 8 15 24 1 3 19 24 7 5 12 28 8 17 20 16 13 2 8 1 24 25 25 0 17 22 30 21 16 0 21 30 25 10 15 4 14 16 2 20 24 15 16 26 27 17 5 20 25 23 17 21
22 4 15 0 11 18 8 11 17 3 20 20 24 29 7 11 1 29 22 9 5 28 23 21 20 19 26 16 9 15 18 28 19 7 20 5 6 2 12 9 18 12 16 0 28 28 4 16 7 7 26 26 11 11 3 13 24 5 19 11 1 5 13 18 22 16 4 14 10 15 10 8 12 8 0 14 30 2 15 25 21 4 1 13 30 23 15 8 0
22 2 22 17 11 8 15 28 0 30 10 25 22 16 16 10 9 10 19 4 6 24 19 14 27 2 20 30 17 30 16 18 13 2 2 10 14 22 30 12 7 13 15 19 10 22 25 5 25 2 21 19 3 25 30 14 28 22 29 9 22 14 3 18 1 14 15 17 17 11 30 4 9 4 30 3 3 21 11 5 8 18 14 2 0 19 28 1 14
14 26 5 16 16 2 24 18 25 21 17 16 21 15 8 0 27 26 10 9 22 13 13 30 1 5 26 25 22 16 21 13 4 28 16 22 24 3 13 25 28 2 15 21 25 25 27 20 13 30 5 7 30 17 25 6 1 7 8 9 23 5 26 13 18 20 21 28 27 29 5 27 3 18 8 25 9 6 24 8 4 20 20 10 23 19 9 1 2
