90 90
2 17 5 24 10 3 11 0 19 15 6 20 14 6 24 30 1 24 21 28 17 14 21 2 18 16 20 22 19 14 9 25 29 25 16 27 23 14 3 16 10 11 19 13 18 1 2 18 22 4 18 22 13 3 24 15 30 23 6 19 30 27 10 1 23 18 24 26 11 7 16 20 6 25 23 10 8 28 14 23 11 21 1 7 25 14 6 13 12 5
15 19 20 20 30 12 4 20 1 19 25 3 16 19 12 13 20 5 12 30 22 17 18 28 19 25 29 17 16 16 2 19 30 14 1 17 28 14 17 19 1 26 20 24 4 4 18 20 12 29 23 23 30 14 5 1 21 25 25 18 16 5 5 3 12 5 13 3 4 3 29 27 25 3 4 4 24 27 13 22 13 7 7 3 15 15 3 30 14 30
1 27 8 11 18 13 6 13 8 20 9 24 1 19 29 12 5 19 0 7 20 11 27 21 9 26 22 24 7 16 8 17 11 9 22 15 18 12 2 24 28 26 27 12 8 0 21 3 6 9 1 10 19 28 10 10 15 7 30 23 25 29 6 14 12 6 6 19 0 30 6 27 5 20 10 30 28 5 9 5 16 9 25 6 3 11 1 7 8 20
4 26 12 9 24 1 0 20 24 10 22 26 23 15 19 2 28 28 30 21 6 19 5 7 25 21 2 8 1 14 21 4 17 28 4 21 24 23 29 1 24 18 15 4 30 3 13 15 24 25 26 25 15 25 4 5 15 21 23 4 23 8 2 28 13 23 27 14 2 2 30 14 7 5 27 19 7 14 10 20 1 30 10 1 24 2 23 19 11 18
10 9 22 7 25 1 26 23 24 29 8 26 9 23 29 24 22 7 28 20 3 29 25 27 9 19 1 23 13 6 19 16 28 6 7 15 11 18 28 9 14 21 14 25 22 4 5 25 17 17 22 13 21 26 23 7 0 29 10 16 16 18 24 27 28 21 12 22 4 4 4 25 20 6 17 4 3 28 17 18 14 21 23 17 26 14 11 26 27 1
10 6 4 24 16 28 9 25 17 17 3 16 1 20 24 22 5 10 30 9 13 13 11 11 8 14 2 4 28 12 3 15 4 27 23 27 15 27 28 7 13 10 10 12 26 12 22 8 4 6 20 16 20 29 26 5 23 16 2 27 11 15 13 30 25 21 25 11 13 14 17 14 15 12 1 28 25 19 13 21 18 22 0 8 18 26 25 25 14 1
20 1 1 9 23 12 18 14 30 7 23 12 1 4 22 28 27 17 17 1 14 5 4 5 14 7 29 21 3 10 22 23 23 30 29 24 29 9 14 22 12 20 20 15 28 8 3 7 15 11 13 11 12 5 21 21 16 21 16 11 9 15 28 10 16 18 6 27 4 7 30 12 22 24 23 24 29 19 4 27 2 1 14 22 5 20 4 7 26 18
28 8 0 22 26 6 12 19 13 0 24 29 7 17 12 1 27 11 6 29 10 29 29 6 1 13 17 16 12 13 25 21 20 3 22 18 25 17 8 17 12 1 7 15 28 4 26 22 19 1 20 30 16 15 12 8 6 24 24 10 5 6 1 25 16 26 26 0 5 0 8 1 20 23 30 7 26 1 27 10 16 3 23 29 27 16 1 26 8 11
1 23 1 2 22 26 3 24 20 6 11 8 16 30 18 8 29 13 14 23 2 5 18 5 13 23 23 19 17 3 29 19 12 29 26 13 14 19 3 30 9 19 6 27 3 1 24 6 15 9 4 18 17 25 17 16 30 16 12 6 10 8 6 17 6 14 18 10 1 0 20 8 21 20 16 26 25 30 29 21 4 3 6 4 30 11 13 12 22 13
20 18 0 25 28 24 29 28 0 13 14 5 11 25 22 13 4 21 13 26 20 30 14 2 15 16 1 6 2 30 7 3 27 0 26 0 13 14 22 10 9 23 7 23 0 30 23 16 8 23 26 17 7 14 29 16 27 24 8 2 7 27 26 13 13 30 18 11 22 26 11 14 6 13 6 15 13 14 10 29 10 20 14 27 1 28 21 20 12 16
29 5 4 25 23 12 5 30 25 29 11 6 14 30 26 5 16 26 7 28 10 0 11 15 20 16 1 20 15 24 9 26 19 9 25 18 29 17 2 9 8 10 27 20 1 14 18 20 15 14 1 11 29 21 27 29 20 1 18 9 21 10 17 6 1 27 17 28 6 6 24 22 11 29 3 29 21 11 6 25 5 12 24 7 21 14 16 27 26 2
0 4 22 28 22 27 29 29 8 17 22 11 7 18 0 14 1 13 17 25 12 11 0 21 25 29 14 17 3 9 26 21 6 7 4 0 14 5 20 28 20 28 21 20 19 27 9 6 4 2 13 11 28 1 2 14 21 24 6 2 13 7 25 28 15 29 1 29 13 24 18 25 26 10 21 10 2 26 2 30 29 23 11 13 3 10 14 8 5 5
9 17 17 24 30 17 24 0 30 28 18 4 12 17 29 23 10 20 4 21 22 9 9 4 28 3 8 2 23 22 12 15 16 27 22 2 29 5 17 8 17 2 12 2 20 11 18 26 8 28 14 6 2 28 1 12 25 7 12 5 3 15 15 29 10 14 10 5 26 5 19 23 10 3 21 15 18 29 6 1 9 30 20 10 15 10 13 24 1 13
1 10 18 18 7 25 22 9 23 29 17 29 26 3 29 28 23 20 19 12 13 12 14 13 19 11 25 5 14 6 7 15 23 25 18 18 24 9 2 19 27 23 14 6 4 23 28 1 25 3 10 24 14 2 28 16 9 1 17 9 7 24 26 24 22 14 30 22 0 12 7 7 10 0 30 29 7 20 28 7 30 23 11 10 23 15 25 25 21 8
23 12 18 15 23 4 1 15 29 16 23 29 22 16 26 4 7 22 24 19 10 22 7 21 8 14 10 13 28 25 17 18 21 3 30 3 25 21 26 3 12 5 0 19 5 15 23 11 17 22 16 22 9 15 23 23 17 18 4 5 26 26 11 17 0 4 16 7 18 23 3 30 27 8 12 3 3 6 16 25 15 7 1 25 10 7 23 8 16 6
25 24 21 13 7 12 14 21 18 12 27 13 5 30 8 7 29 17 29 17 22 10 9 29 3 3 29 11 19 4 15 1 24 6 8 22 18 22 2 15 19 4 28 22 11 24 24 24 2 1 22 7 24 12 2 22 20 6 0 27 30 0 5 14 6 21 14 6 24 19 6 14 2 5 24 23 22 19 2 12 17 8 10 24 1 26 18 4 8 22
13 7 29 6 8 13 16 16 19 25 26 18 18 30 5 12 1 3 11 21 5 4 25 10 15 0 29 8 29 21 10 18 16 19 12 17 8 3 26 19 18 20 7 26 5 26 5 27 16 10 5 9 27 20 3 10 17 27 30 19 18 23 26 13 2 13 18 16 9 14 16 13 15 8 17 30 4 18 6 15 3 2 6 8 4 0 27 20 9 29
4 0 18 15 11 28 4 1 26 8 12 15 30 16 18 26 22 21 27 14 27 11 13 14 11 21 15 17 9 30 20 24 7 8 17 5 2 26 0 10 0 25 16 4 3 7 2 9 10 19 4 19 14 12 12 29 10 23 18 9 21 18 14 7 11 10 15 3 15 0 7 29 26 26 26 9 27 12 15 5 3 30 2 21 28 1 11 10 28 25
22 25 17 27 10 17 12 30 15 3 17 23 30 15 25 10 10 29 17 23 26 4 8 10 0 0 15 30 14 29 19 19 18 18 22 3 21 17 2 3 1 27 27 30 18 3 8 15 0 28 18 0 0 5 7 23 0 11 30 12 25 14 22 19 4 24 18 30 21 27 12 8 8 15 23 2 18 15 13 24 8 18 29 16 12 5 28 9 23 8
12 15 28 22 29 11 3 7 30 13 28 7 25 18 29 30 9 30 26 18 10 30 6 25 28 6 4 21 26 17 29 26 20 9 21 10 14 23 13 3 26 22 25 3 23 12 6 2 3 29 18 20 12 5 1 18 22 10 10 1 4 23 24 3 30 29 11 5 10 5 11 16 1 7 11 28 17 27 29 22 5 25 19 28 24 15 8 21 17 3
3 4 2 29 12 28 9 18 20 16 14 1 10 28 14 4 17 8 19 25 24 25 5 5 7 15 5 8 3 6 21 10 21 20 30 9 9 8 23 24 13 3 0 29 4 7 17 27 8 22 30 19 15 9 7 19 22 25 4 8 19 30 25 27 23 4 9 30 20 7 18 6 11 10 4 10 2 1 30 28 4 2 1 1 9 2 7 9 12 27
18 14 10 6 28 10 22 8 11 16 23 9 1 27 4 26 22 1 2 3 16 27 13 11 21 20 19 4 14 21 10 3 27 12 13 18 4 28 8 9 19 18 24 6 27 22 18 24 10 17 8 11 3 8 12 10 21 4 6 12 22 15 20 10 27 11 0 14 18 21 30 22 3 21 13 15 29 6 16 1 29 4 4 20 15 22 18 14 10 4
9 6 30 14 5 17 29 2 4 22 25 25 30 20 3 3 2 29 29 17 13 28 16 0 9 14 10 0 13 3 9 3 14 28 14 27 7 9 25 8 28 8 1 27 21 3 28 30 22 0 28 14 16 16 9 0 9 17 6 9 1 0 26 7 12 9 28 19 10 26 10 20 10 29 9 1 0 23 0 12 6 23 28 5 10 18 29 15 13 0
10 20 20 20 24 14 20 21 4 28 29 6 17 6 27 7 6 13 5 30 4 16 17 30 22 15 11 14 2 23 23 11 19 24 5 24 5 3 26 2 19 22 2 29 5 28 30 30 2 29 28 28 14 18 17 6 18 20 14 6 7 26 18 22 11 8 17 19 2 1 17 3 12 30 13 20 9 26 9 18 14 16 19 29 7 21 18 10 24 5
1 28 14 2 12 16 0 20 6 5 5 15 10 24 9 18 5 2 24 22 2 7 26 15 18 26 29 8 19 4 4 18 25 18 3 2 30 13 4 16 25 8 29 25 25 16 11 8 17 27 17 19 13 6 22 2 28 2 24 20 20 18 21 22 13 12 4 5 17 30 27 15 25 15 17 15 13 27 29 30 3 24 25 22 30 15 24 30 27 15
28 5 22 13 21 19 11 28 15 10 6 13 0 8 18 14 8 28 27 28 21 15 18 20 2 23 16 1 10 14 15 16 0 16 16 8 2 5 16 26 30 9 4 4 10 29 28 29 18 17 21 6 13 3 24 9 14 3 20 6 15 14 16 7 22 10 7 0 4 26 14 30 12 17 29 18 15 27 1 21 7 29 2 3 22 17 27 25 23 28
4 21 6 18 0 0 21 28 4 16 14 8 17 6 30 14 5 24 16 6 26 19 27 21 13 10 5 17 30 21 0 0 0 5 25 12 2 0 24 23 9 8 5 11 17 23 8 11 29 0 6 11 21 2 5 17 4 7 21 4 0 29 15 22 16 26 13 21 19 12 19 28 20 18 14 17 25 19 29 28 15 5 21 2 0 24 17 2 25 30
29 24 22 13 15 22 9 18 28 24 23 7 3 11 20 27 25 17 0 12 11 7 24 12 13 28 0 0 17 6 22 1 0 3 27 7 19 21 15 24 14 20 1 14 9 9 12 24 3 19 0 19 4 23 29 21 23 11 27 16 30 3 9 5 1 16 25 14 15 30 21 0 11 23 5 8 8 4 30 13 26 7 0 14 30 21 18 18 30 19
16 1 18 27 2 3 5 21 20 12 27 14 11 20 21 11 11 22 29 13 9 4 30 19 16 0 23 15 29 3 13 25 13 9 16 12 18 9 0 4 14 4 0 17 8 18 15 9 2 25 3 7 10 30 15 10 30 3 20 11 29 16 6 21 29 17 30 10 7 24 23 5 30 1 17 27 15 11 2 29 30 13 10 18 13 25 24 15 19 25
22 3 6 8 15 4 1 9 12 28 15 19 28 5 7 0 15 4 6 29 25 6 19 4 25 19 28 1 24 20 20 11 25 27 26 11 17 1 11 16 8 23 19 17 28 7 19 28 14 5 26 10 4 17 13 30 14 15 2 19 13 13 20 10 5 7 12 15 11 13 20 16 3 24 1 23 23 22 19 21 27 3 8 4 22 30 20 23 26 7
10 20 6 30 21 16 13 13 9 7 24 1 16 21 6 15 11 20 17 10 30 28 9 20 12 16 14 29 7 14 24 28 30 25 4 9 7 4 30 7 6 26 23 3 23 0 18 13 29 22 14 25 23 18 5 9 19 26 23 26 6 28 21 7 7 15 6 1 30 26 11 28 8 3 20 7 0 11 19 4 26 22 10 29 3 16 19 2 19 28
8 12 30 22 14 6 24 8 6 4 19 15 5 30 18 0 0 19 11 23 4 21 2 16 23 28 2 6 26 2 5 29 21 6 29 17 20 18 25 7 20 20 1 27 28 14 28 18 7 26 24 7 3 25 7 27 3 22 19 21 13 26 26 24 26 2 12 27 16 13 14 10 26 12 0 2 12 28 12 21 20 16 29 4 17 26 14 14 10 27
9 21 18 17 26 3 15 29 23 25 26 15 0 26 16 26 20 3 28 11 9 15 0 5 2 25 7 27 21 24 29 28 30 19 6 5 23 9 23 13 5 19 6 10 19 27 15 30 21 12 19 0 13 28 18 23 5 23 12 3 28 9 19 26 15 17 7 6 14 3 15 6 11 25 16 10 30 30 25 25 1 29 30 18 15 18 2 10 24 12
0 26 28 4 28 21 12 29 0 26 3 27 10 5 6 13 27 1 4 30 23 19 30 3 4 11 15 13 20 8 3 4 25 24 16 26 22 3 30 9 2 7 25 16 25 13 5 28 26 26 7 24 7 16 21 23 18 3 20 10 7 16 13 25 30 25 5 27 30 28 9 24 7 15 8 15 8 12 9 29 22 26 7 12 13 18 8 2 14 13
26 19 23 24 28 20 24 11 9 20 28 0 28 13 28 23 22 4 1 10 21 27 8 16 8 26 25 22 26 28 19 28 10 1 9 16 0 10 27 12 15 13 14 18 19 4 29 9 22 28 22 8 13 18 4 24 21 16 0 24 16 0 20 26 14 0 6 10 26 23 8 24 11 30 30 23 24 5 25 1 4 12 12 28 6 12 12 5 5 14
16 0 1 15 13 8 25 27 26 3 30 12 16 14 18 26 8 23 3 17 6 10 9 17 17 1 11 22 22 10 4 16 27 19 6 27 26 25 1 26 15 19 20 9 30 8 12 7 14 16 11 23 1 29 21 17 10 1 26 28 19 6 27 28 10 28 22 4 10 21 5 28 21 16 24 0 23 24 25 24 26 24 24 20 23 8 8 1 21 30
16 22 27 0 24 16 18 7 12 26 4 2 9 4 21 14 8 16 23 4 17 21 6 8 0 29 23 7 13 4 12 14 2 30 5 6 21 21 28 25 16 29 25 6 1 25 4 19 10 27 18 16 12 0 7 29 14 23 21 3 0 20 4 8 21 3 22 10 27 20 6 23 9 25 5 0 28 27 3 30 22 14 17 10 7 22 30 7 22 18
26 14 5 1 4 1 20 2 23 25 3 14 28 0 1 12 0 0 28 22 14 9 3 8 30 2 30 7 28 5 21 24 22 18 30 22 4 0 9 16 25 11 13 14 6 4 2 29 11 18 15 13 3 22 8 8 0 8 12 29 25 20 10 1 6 0 5 2 23 5 2 20 4 20 12 2 0 14 23 3 18 11 2 3 16 8 21 9 15 8
23 20 12 11 1 17 6 6 30 19 28 17 5 10 11 19 5 21 6 19 27 24 22 22 29 29 6 11 16 4 18 16 3 22 0 29 7 30 10 10 4 20 27 30 5 16 4 14 30 3 28 11 27 5 24 22 9 23 20 13 2 30 25 19 21 15 4 15 23 25 24 4 1 29 24 13 13 2 21 5 28 22 29 11 14 30 14 1 5 5
12 24 14 25 20 11 1 17 22 16 6 13 23 29 30 14 27 21 25 15 7 11 11 3 9 30 22 20 15 12 11 26 6 26 29 6 17 17 27 8 11 20 0 6 4 1 23 14 21 27 7 19 13 15 14 12 25 16 20 13 12 13 30 30 18 5 20 12 24 18 20 1 23 10 29 6 4 11 12 12 14 11 10 19 19 8 28 27 3 18
21 16 11 19 5 4 24 12 7 12 5 7 4 20 1 27 16 19 11 29 5 19 8 4 10 10 5 14 13 25 30 14 15 13 27 7 7 21 0 9 27 17 17 6 22 7 20 12 0 28 21 18 0 5 23 12 0 24 26 6 26 14 26 20 30 26 21 3 30 1 28 25 1 15 18 20 15 16 4 10 21 1 18 27 26 23 17 28 22 22
5 10 17 23 6 21 30 26 13 4 22 26 25 1 6 26 20 17 3 18 19 1 11 15 26 11 1 8 22 16 24 14 16 4 2 15 5 11 1 19 20 23 19 12 14 26 26 15 8 0 14 12 30 5 2 29 19 14 7 27 5 3 22 24 2 14 10 15 13 10 27 24 8 21 24 11 1 21 16 7 13 17 1 2 20 1 25 10 11 22
2 21 20 16 6 19 9 14 27 23 4 14 25 22 8 2 5 17 9 24 22 22 21 17 24 9 9 8 10 12 19 4 13 28 4 9 23 22 3 15 11 30 0 22 17 22 23 24 2 28 19 8 23 23 10 4 9 11 23 28 8 3 21 7 23 15 7 8 23 11 22 20 1 29 2 10 26 10 12 14 14 20 13 17 17 20 13 26 14 16
4 6 23 26 28 10 23 17 15 13 19 6 15 14 6 14 9 5 21 19 13 22 14 4 16 28 9 10 11 23 21 16 16 5 19 5 2 2 21 5 27 4 29 30 11 4 15 19 12 11 10 27 27 29 2 29 3 5 10 15 28 30 9 1 18 15 20 23 5 29 20 14 22 18 7 19 28 19 26 25 7 20 29 13 13 30 26 12 27 0
15 3 8 7 9 0 13 12 8 13 17 0 9 8 28 11 26 1 0 6 2 5 24 16 0 5 20 2 10 11 14 17 21 12 13 8 7 28 28 8 29 1 30 13 19 13 18 23 13 24 8 1 0 2 18 3 1 7 24 22 1 10 16 14 6 17 5 7 3 21 12 14 18 9 22 25 11 30 1 5 5 0 6 19 9 4 17 17 30 18
22 27 10 17 15 27 15 25 9 16 29 30 7 0 5 11 9 23 7 6 12 6 17 15 29 3 14 4 25 30 24 11 20 23 12 1 14 30 1 9 19 29 13 20 22 7 17 11 14 26 27 7 13 21 25 26 26 8 13 10 30 1 13 1 4 30 5 18 11 9 24 6 7 10 23 30 0 28 26 3 9 0 19 14 6 8 7 24 3 10
22 20 0 29 5 12 27 28 17 24 23 2 6 0 14 15 9 16 10 10 5 19 29 8 21 1 20 18 8 19 10 28 1 28 3 0 4 11 11 5 19 5 23 7 12 5 18 10 2 10 10 17 21 21 10 5 20 29 29 28 5 30 25 0 10 20 17 1 29 28 19 30 6 19 30 17 3 21 11 4 4 30 16 4 19 1 18 9 26 11
1 3 17 25 22 8 18 10 24 27 28 4 13 2 26 10 18 24 2 13 13 18 8 22 28 15 0 28 13 6 10 5 29 30 6 6 9 0 7 11 1 1 17 5 18 12 16 27 1 12 22 18 23 1 19 12 10 25 23 28 21 30 27 8 10 10 19 22 5 22 30 11 19 5 20 4 19 4 30 14 30 1 7 14 18 22 17 30 5 8
14 4 3 16 17 3 13 0 29 12 29 1 23 14 12 28 24 6 29 17 25 26 7 5 25 5 10 19 13 29 21 14 0 19 22 2 15 0 4 26 15 7 25 16 15 17 18 4 18 0 5 24 21 11 22 23 1 12 9 16 22 24 0 12 12 4 2 23 27 9 24 13 12 16 8 7 9 30 9 23 18 30 23 23 8 10 17 14 25 1
26 8 13 16 30 29 0 7 16 19 0 6 1 15 0 26 2 11 24 9 0 5 6 2 12 0 3 11 9 19 8 15 18 0 25 6 26 16 4 10 19 15 1 9 9 9 0 15 21 11 28 13 25 13 11 10 21 19 15 21 12 4 27 11 13 10 16 30 10 0 26 18 11 8 8 11 27 18 1 6 18 11 11 4 4 21 17 20 17 8
17 8 9 8 9 28 24 23 10 22 10 13 7 3 28 27 18 18 10 5 18 4 8 28 20 19 30 3 1 19 20 11 12 19 19 28 29 2 18 26 9 1 19 5 8 19 0 1 4 6 24 28 3 7 15 9 27 6 26 7 25 1 22 9 16 2 10 29 29 9 25 10 7 7 23 2 30 2 26 2 9 20 20 10 23 2 26 21 5 20
11 1 24 16 27 19 26 3 8 13 16 24 26 10 17 1 2 19 28 12 4 24 17 25 24 6 17 18 13 17 28 16 3 21 11 16 20 0 3 0 18 0 7 22 11 10 22 7 28 26 29 9 3 19 30 11 24 25 22 0 27 30 15 6 6 22 28 16 16 17 25 2 3 26 21 24 8 5 1 2 9 27 20 10 13 19 14 22 11 28
15 9 12 18 11 19 17 6 1 25 19 1 9 3 4 23 4 24 6 22 22 22 16 21 14 1 12 6 9 14 22 5 3 24 22 15 21 28 12 14 0 23 27 1 14 26 4 17 17 15 1 14 22 19 23 11 26 9 8 23 8 30 19 11 3 30 26 20 10 22 16 20 23 21 26 24 12 19 18 28 12 5 16 21 16 17 6 25 1 25
18 19 23 10 22 9 10 24 3 11 19 6 25 27 3 8 8 7 2 15 5 11 16 30 24 9 9 15 18 9 30 23 22 19 3 5 25 11 17 9 25 13 27 5 30 25 7 26 27 10 19 17 21 12 14 11 30 4 17 22 11 21 25 21 8 23 12 19 3 22 14 9 2 14 7 8 1 27 27 29 11 12 21 4 13 13 12 16 17 19
5 21 10 29 14 21 27 24 30 26 27 27 23 24 18 9 29 17 27 29 14 3 14 21 0 16 7 12 3 24 0 17 11 4 23 9 15 14 2 24 19 6 19 16 23 12 10 26 8 23 3 15 27 6 22 30 18 30 4 16 23 27 27 26 24 11 8 3 15 21 16 23 27 27 22 14 7 10 10 30 18 2 20 5 16 14 24 0 23 1
25 20 20 11 15 8 23 9 18 25 27 30 15 19 14 13 6 24 5 16 6 6 3 4 10 7 9 20 13 5 29 28 8 0 16 4 18 16 24 3 23 20 0 28 2 0 29 14 3 30 13 30 3 30 29 6 10 30 10 4 3 2 15 30 8 12 27 2 4 25 5 19 24 26 23 16 15 0 15 19 8 27 4 8 9 8 21 14 15 23
27 13 12 20 15 25 17 27 2 14 9 16 3 2 29 20 8 15 10 10 13 2 18 23 22 18 19 3 30 21 0 29 7 24 24 2 17 8 30 21 3 1 28 12 28 21 9 14 28 15 1 10 6 6 14 26 28 29 11 17 11 14 29 30 7 9 3 4 27 27 10 30 26 10 19 25 15 25 21 25 10 11 0 11 23 23 17 21 20 4
7 25 29 6 25 7 20 20 9 30 5 18 28 9 18 13 10 25 20 30 27 1 0 25 14 29 29 29 12 4 18 2 16 21 14 24 13 24 4 19 10 19 27 24 11 29 25 15 29 15 17 27 29 18 3 4 11 17 23 16 17 23 18 25 30 14 11 25 29 29 5 25 28 29 13 24 27 14 5 25 11 12 16 8 0 23 20 22 15 22
14 24 7 7 17 23 28 1 13 10 27 30 29 29 24 1 29 28 17 4 13 26 27 19 3 29 29 10 5 26 6 2 12 14 0 7 21 12 8 16 1 6 9 15 20 30 18 7 15 7 2 8 16 11 2 24 24 2 7 29 19 30 14 11 20 11 0 5 14 13 2 5 30 0 3 1 13 10 4 20 16 19 23 8 9 16 29 22 24 11
25 17 11 14 8 18 28 4 0 10 1 29 0 28 4 27 24 21 27 6 8 16 22 1 30 24 14 0 11 0 23 7 4 13 8 8 20 5 22 25 23 26 27 1 21 11 29 7 23 2 19 9 8 3 14 16 0 13 0 5 26 20 29 3 29 22 12 6 4 6 24 29 23 21 21 6 29 0 13 5 2 5 13 16 19 27 2 13 23 19
20 1 4 19 4 24 19 29 24 11 16 20 0 7 26 21 8 9 15 4 27 20 21 16 3 14 26 3 26 0 9 12 12 26 3 19 25 4 20 6 2 0 14 8 19 18 14 18 7 25 17 28 1 29 25 13 6 29 27 5 2 25 22 25 4 19 25 3 25 18 18 2 26 10 15 20 6 25 16 28 23 4 7 27 9 9 16 28 21 5
3 9 5 30 4 13 29 15 3 26 22 6 12 19 0 22 12 16 26 2 11 2 19 23 17 10 29 27 15 13 3 26 8 0 1 22 22 9 15 21 29 12 3 28 12 9 27 18 4 8 23 6 9 2 0 9 10 23 26 5 28 24 24 4 20 4 4 5 23 18 5 25 22 20 23 19 10 14 17 18 6 23 30 15 6 27 28 15 21 27
21 28 18 10 23 5 27 13 11 9 22 19 16 22 19 24 12 11 20 13 17 22 0 3 29 21 12 27 23 3 13 20 30 6 15 0 5 10 15 30 27 16 21 28 10 19 16 25 13 30 9 21 16 10 28 10 30 19 13 19 23 29 18 19 1 17 30 8 13 12 29 20 6 29 14 23 3 0 1 21 7 10 4 16 24 12 12 9 11 22
9 2 12 6 23 17 30 21 29 6 14 10 2 20 13 24 28 24 9 10 7 27 21 26 22 18 14 18 10 5 9 24 13 21 8 5 18 10 9 29 9 28 11 26 13 23 1 1 27 8 17 14 18 27 0 10 2 25 29 6 22 2 20 16 24 29 16 18 7 26 29 29 19 29 14 25 22 20 19 4 1 24 11 5 8 16 10 29 19 16
13 26 30 22 9 20 3 4 21 10 3 30 19 17 12 2 0 17 23 8 19 7 7 3 17 14 27 15 22 27 7 2 19 7 28 15 26 22 14 1 28 7 21 29 27 25 3 3 9 28 30 24 27 28 9 5 23 21 26 23 19 19 29 3 26 17 2 13 9 22 21 17 21 9 22 25 22 13 12 23 8 27 15 0 8 8 16 0 28 2
27 14 16 15 20 4 12 18 1 13 7 7 27 18 2 16 12 12 4 21 24 23 22 3 4 4 15 19 29 23 24 1 25 11 0 11 19 17 26 22 8 24 23 30 21 1 1 22 9 14 28 10 5 26 20 25 20 8 14 6 4 5 23 29 1 5 4 21 20 3 10 1 15 17 0 16 27 30 17 18 17 16 5 14 29 8 17 28 19 28
6 19 15 10 11 1 6 9 6 22 18 6 14 5 24 16 6 24 28 30 15 11 13 1 13 1 6 7 8 18 6 5 18 19 25 4 17 28 12 26 2 14 8 10 17 15 4 8 13 29 16 15 23 6 24 18 19 21 24 17 2 14 20 11 18 4 26 24 28 3 3 25 10 21 3 24 6 1 12 19 13 30 18 5 23 6 14 11 12 20
10 12 26 5 16 2 1 5 10 30 7 4 15 4 6 28 3 10 17 27 26 27 12 7 20 13 18 5 10 27 28 26 16 21 0 12 28 27 25 9 14 9 7 15 9 19 17 5 20 19 18 19 28 25 29 27 18 0 29 15 5 17 1 15 30 6 18 28 28 21 7 24 27 19 8 8 20 22 26 12 17 0 23 5 13 18 27 2 15 24
7 29 27 6 24 23 5 8 20 8 4 30 2 24 17 27 28 1 24 5 11 29 21 8 6 6 14 1 10 0 26 19 14 4 1 5 23 15 30 10 3 11 9 7 18 1 1 3 30 5 15 10 22 25 21 11 6 27 23 4 1 9 12 23 25 6 28 29 14 24 10 20 26 1 3 25 3 14 27 5 15 0 11 18 15 27 9 7 12 5
22 21 29 4 0 23 26 26 29 15 24 11 4 15 5 6 17 3 9 26 20 12 8 7 3 10 6 30 25 12 26 19 13 21 20 23 26 7 20 25 8 19 19 22 23 15 18 30 10 25 13 6 24 4 28 6 12 7 29 16 13 12 6 21 19 26 10 1 12 3 3 18 28 22 14 2 26 3 29 5 27 10 8 16 21 5 22 24 15 16
15 17 23 23 11 14 2 8 4 19 0 7 28 27 14 23 23 10 4 29 24 26 1 17 25 17 1 30 18 18 25 29 10 18 22 14 15 21 14 20 15 2 16 15 6 10 23 18 22 10 2 17 16 17 21 23 9 29 29 24 17 29 9 0 22 16 9 18 17 10 29 8 15 21 6 30 3 27 23 20 26 10 14 5 25 23 22 6 9 8
20 20 25 22 19 27 28 21 25 25 9 18 27 25 19 14 1 8 14 19 0 9 28 23 6 1 28 19 6 23 24 28 3 10 22 22 28 18 10 6 15 28 15 7 3 3 27 17 20 4 26 8 28 22 6 27 22 19 9 17 1 18 25 30 22 20 17 17 28 17 28 21 16 16 0 0 14 3 5 8 16 21 21 8 21 16 19 28 30 27
7 6 30 20 27 16 14 15 0 4 9 16 25 18 1 9 0 10 2 5 6 26 2 8 20 14 5 6 29 18 20 7 10 28 12 18 11 28 6 9 29 19 15 28 19 6 26 27 18 3 1 18 1 8 5 29 19 9 16 28 8 9 8 14 30 27 23 23 19 0 23 25 8 8 20 3 1 18 5 0 8 10 5 28 4 0 30 29 7 7
7 11 17 1 29 2 21 24 5 24 12 8 5 4 20 8 30 10 12 4 16 8 25 10 1 17 8 28 22 17 19 21 17 13 21 18 14 19 30 28 27 6 5 28 1 24 9 8 3 26 1 8 23 30 10 6 22 10 9 11 19 5 29 9 29 7 18 6 5 29 26 17 7 11 3 26 29 18 5 10 15 18 17 20 19 3 23 27 7 20
16 13 29 30 7 22 30 19 8 22 28 19 21 21 22 3 12 10 3 7 22 12 29 1 2 21 23 28 28 28 0 5 3 27 9 25 13 21 6 26 14 11 25 23 23 10 17 14 9 24 15 16 22 5 13 6 8 11 26 5 19 4 26 2 10 22 21 16 29 14 2 5 23 26 4 9 8 21 10 28 23 21 26 14 28 23 24 14 3 9
9 7 29 4 30 30 12 23 5 28 6 0 11 30 20 0 10 13 22 2 5 29 12 29 5 17 28 4 8 6 0 29 27 27 4 19 27 19 17 28 23 9 1 20 25 26 10 19 25 9 7 13 20 13 11 24 3 3 24 17 23 26 13 13 22 25 16 19 27 26 30 12 18 14 26 1 13 1 6 9 10 17 29 24 9 21 30 30 24 30
14 5 6 29 2 15 23 9 19 6 5 30 18 6 7 3 19 4 2 30 11 6 4 28 18 20 20 29 27 23 1 26 25 9 6 25 7 24 0 28 26 10 30 9 0 8 8 16 22 10 12 5 16 20 1 4 0 11 1 20 17 7 17 6 16 20 16 13 30 1 6 16 2 27 13 16 13 12 8 24 2 20 21 15 0 26 10 18 30 28
10 12 21 13 11 25 5 3 6 20 29 26 29 8 7 24 18 3 27 19 26 13 20 8 28 5 5 17 0 30 15 0 11 27 15 28 22 6 6 3 27 6 5 20 11 25 20 28 2 16 7 7 30 3 17 21 26 14 14 24 5 18 7 4 24 20 17 5 16 6 24 13 5 21 6 14 23 17 19 3 28 10 26 15 5 27 23 26 1 9
15 23 14 12 27 22 30 2 10 2 20 27 5 12 1 30 15 0 17 3 20 6 14 25 28 27 28 24 24 17 20 15 28 7 21 11 8 11 8 10 5 22 8 23 15 29 11 28 0 27 1 0 26 29 17 3 16 14 3 23 15 16 2 28 8 5 13 26 0 26 2 10 18 28 16 12 19 29 4 16 26 29 27 15 7 23 27 27 12 7
29 9 11 9 4 21 15 18 28 18 0 15 0 15 15 1 8 28 24 24 25 1 10 13 20 23 25 27 7 11 16 8 23 18 21 5 20 23 22 25 9 16 13 15 12 3 10 22 22 15 0 11 20 25 3 28 16 11 5 28 17 23 5 8 23 15 13 26 14 7 18 22 27 4 7 23 25 10 17 5 4 18 12 19 25 17 2 21 20 14
30 27 19 13 10 19 9 29 8 20 25 24 24 6 12 20 24 17 1 13 5 16 5 30 28 4 4 28 1 22 13 25 24 10 0 10 11 13 3 23 0 26 24 24 16 22 28 5 21 11 15 23 6 25 24 7 5 30 10 27 18 8 17 11 15 14 0 29 7 18 13 22 23 28 5 24 18 17 27 19 22 4 13 6 20 18 6 10 20 26
16 0 22 29 29 6 16 9 6 24 22 1 26 16 13 15 8 13 29 4 12 29 18 28 11 2 25 4 21 13 23 10 22 28 20 27 2 0 23 0 11 0 14 23 8 9 7 16 28 9 16 1 26 21 20 3 5 14 21 1 0 0 21 15 14 24 9 29 27 24 22 1 19 23 26 16 14 4 30 0 30 10 27 27 3 21 22 27 23 20
2 10 20 15 3 10 2 27 7 14 18 8 26 2 24 22 19 26 7 0 10 14 16 16 29 0 11 17 0 21 0 16 4 17 20 6 18 14 27 30 28 17 21 13 2 24 0 2 13 2 10 26 27 6 1 29 28 17 10 5 15 30 5 1 29 26 17 29 20 11 5 30 22 27 11 17 5 3 5 18 11 19 7 2 20 2 20 2 15 8
0 30 2 9 10 26 22 25 20 11 29 5 27 8 0 30 10 18 0 1 5 16 12 1 29 19 14 23 16 1 26 25 6 10 24 23 9 8 22 20 9 30 10 11 6 0 6 16 3 17 10 2 3 18 2 20 14 1 8 3 3 22 22 2 23 15 26 2 11 18 16 18 16 26 28 19 24 14 10 20 4 1 4 24 25 24 12 5 16 10
1 22 19 19 18 18 14 9 20 8 19 21 6 3 8 27 3 21 4 17 4 0 1 9 20 14 24 25 30 28 7 19 6 16 21 13 29 7 13 15 23 17 10 14 19 24 11 13 19 21 10 21 22 14 3 5 3 16 19 12 15 27 29 20 5 25 6 1 28 19 28 23 16 18 13 11 2 10 1 0 11 23 6 20 13 20 22 29 13 8
18 0 28 12 22 21 27 19 9 8 26 28 11 19 27 30 14 30 18 3 12 5 7 25 20 19 9 11 5 23 28 0 11 4 14 22 18 4 23 21 0 24 15 10 18 27 16 2 4 8 9 23 16 5 29 27 17 16 21 10 13 24 17 21 26 26 15 19 12 17 1 21 3 11 5 27 26 21 20 13 22 0 20 13 24 30 28 1 6 3
10 8 29 17 29 19 21 7 21 0 12 1 22 17 26 18 3 10 27 24 17 28 11 12 15 11 15 22 12 29 22 11 17 27 27 24 24 10 24 15 23 3 25 23 17 28 11 8 18 17 18 27 13 7 20 22 2 22 3 28 20 19 22 14 4 20 11 13 4 1 6 19 6 11 16 28 29 8 1 18 24 2 20 0 12 0 15 10 13 6
29 18 4 30 8 18 30 22 29 16 19 24 22 5 9 15 23 12 19 20 28 2 16 11 11 15 30 18 27 8 18 30 22 23 19 17 3 21 6 16 25 18 11 10 20 8 21 20 3 26 26 11 19 19 4 1 14 16 3 18 13 0 19 9 11 25 30 17 18 7 4 0 21 1 24 28 19 3 0 25 20 20 12 6 3 15 21 2 14 3
23 6 3 17 24 17 21 24 21 18 27 3 10 16 30 4 24 0 14 12 8 23 18 12 5 19 9 5 5 6 24 9 28 24 17 22 20 30 7 20 13 4 11 7 3 5 20 1 29 27 28 12 3 2 17 12 7 26 29 20 21 30 10 7 29 22 10 4 7 3 6 12 13 5 3 23 30 20 25 19 5 8 6 16 1 23 3 13 28 11
7 0 12 20 29 2 21 26 17 20 0 5 4 2 1 9 6 26 26 14 7 21 22 3 16 30 23 30 2 3 18 26 16 9 6 26 6 4 13 27 1 25 6 13 19 6 11 1 7 27 0 26 24 7 25 1 2 18 17 24 14 28 30 16 20 1 9 20 8 17 5 3 18 18 18 1 8 29 2 8 20 6 25 1 5 11 22 13 27 20
