91 91
8 21 13 1 25 15 10 20 27 24 10 14 11 8 4 21 5 29 0 2 14 29 23 13 1 11 16 26 20 1 28 6 9 2 21 29 19 15 27 21 7 4 7 20 4 11 29 9 28 10 14 18 24 9 19 14 9 25 11 27 19 17 7 11 6 19 12 30 26 22 3 22 21 26 1 0 28 10 16 21 27 14 8 26 19 29 23 11 9 16 6
15 18 20 24 29 5 8 25 3 18 6 5 18 1 15 5 5 5 30 7 17 8 14 10 6 1 18 0 5 7 20 15 11 20 22 22 26 11 26 16 10 27 12 15 14 1 25 13 20 23 1 1 24 20 17 17 12 13 28 22 20 7 25 17 3 7 14 29 17 21 17 6 30 25 22 26 19 30 30 13 0 7 25 21 16 12 10 27 8 3 21
25 5 2 21 1 9 8 13 27 9 2 30 4 22 21 22 24 16 28 2 4 24 1 14 3 29 21 14 13 26 6 27 11 3 2 12 0 7 0 10 13 23 4 30 24 17 28 14 4 17 21 18 25 3 1 3 10 25 13 23 1 8 14 20 24 24 22 6 8 27 14 14 1 16 24 30 25 4 30 15 10 21 9 17 18 30 6 28 18 11 15
5 25 19 16 0 16 28 16 30 17 13 3 21 10 7 5 6 10 3 9 11 23 15 18 6 24 19 29 24 17 2 30 10 30 6 24 11 23 3 27 24 27 28 26 2 5 27 24 27 15 22 22 11 5 26 1 17 4 15 2 5 27 19 27 25 4 20 4 25 2 21 20 0 5 29 1 9 18 5 6 3 0 17 21 14 11 0 16 23 6 7
3 14 18 16 26 27 10 22 1 0 2 9 25 2 23 2 11 7 22 5 9 17 2 4 6 25 22 2 27 9 10 15 7 28 10 9 24 23 19 17 17 17 13 10 28 22 0 14 1 30 5 28 5 21 14 2 7 3 14 8 3 19 20 14 15 15 20 20 17 2 6 4 10 28 10 30 6 3 0 24 17 7 29 23 19 18 3 0 11 24 20
6 29 1 2 3 3 9 25 11 6 9 26 26 9 23 25 28 29 26 3 25 28 14 22 13 30 0 16 29 12 14 24 29 12 30 15 20 17 25 14 23 13 20 3 24 6 5 28 12 24 14 2 23 6 28 2 22 28 27 3 23 19 22 20 30 8 13 28 22 11 12 8 28 24 4 12 11 10 1 6 26 17 15 20 11 20 1 28 17 23 8
22 17 24 23 6 4 28 11 1 20 28 22 19 24 8 25 4 16 22 19 28 28 8 13 0 16 8 15 20 20 25 24 10 25 0 0 9 7 28 2 1 1 12 19 27 23 7 2 5 11 7 12 9 24 1 13 16 16 0 1 28 4 18 10 30 17 26 8 22 3 11 25 15 9 19 1 18 17 25 23 20 13 18 30 26 13 14 29 1 8 25
23 8 28 6 12 6 25 7 26 3 30 6 18 11 28 20 19 0 5 19 8 18 11 28 8 24 19 22 24 29 23 1 21 12 12 1 3 4 1 10 7 22 14 24 5 24 10 8 5 1 23 17 15 25 16 20 26 22 10 20 0 1 26 3 30 29 22 26 23 28 2 15 6 13 5 22 10 10 6 26 30 13 11 18 26 20 14 1 19 23 3
0 4 3 19 6 7 17 5 20 0 16 2 9 30 7 9 19 18 13 27 10 28 8 19 12 5 29 21 24 11 10 21 5 11 22 18 22 16 3 15 15 0 21 20 27 28 19 1 3 22 0 15 9 1 22 7 9 28 30 19 1 6 4 11 5 6 12 11 9 29 3 2 5 16 18 24 22 9 23 30 2 8 14 6 18 5 30 21 1 18 23
27 18 15 15 14 1 6 12 17 1 16 14 21 3 14 4 8 20 12 3 5 0 10 10 10 10 23 20 16 17 16 24 7 6 1 20 24 6 24 20 27 5 25 3 27 23 10 2 28 18 23 23 7 10 6 12 20 27 22 0 19 1 4 1 22 0 22 25 20 6 29 10 18 16 2 19 12 8 11 23 8 9 9 13 7 10 7 18 14 16 8
0 9 15 18 10 12 13 11 30 4 15 3 9 8 17 18 9 23 5 15 21 10 20 0 27 13 3 26 13 9 13 24 28 18 18 21 1 21 28 19 27 8 10 27 16 4 11 22 0 19 7 22 13 2 8 6 5 7 8 2 18 27 18 3 11 6 5 9 17 21 11 23 1 8 12 10 15 28 28 23 14 1 29 23 29 22 18 20 1 21 10
23 4 15 9 23 24 11 30 10 16 21 17 24 16 14 17 24 10 23 17 13 12 22 0 19 7 19 8 26 26 20 22 30 12 0 28 15 10 8 26 29 8 28 15 24 9 15 8 4 24 9 18 11 3 28 13 22 1 5 0 24 16 15 1 28 17 17 14 13 26 1 16 2 20 17 26 0 16 30 15 21 18 21 16 5 28 26 4 8 6 21
8 10 16 15 15 4 20 10 25 30 19 9 25 18 26 18 15 23 24 13 13 0 3 6 28 24 17 26 10 3 11 2 19 19 20 21 0 21 29 23 25 5 11 9 7 25 2 10 30 19 2 25 16 27 4 27 26 13 18 12 23 9 30 20 29 26 19 23 20 4 23 20 13 21 13 28 21 30 20 10 22 12 9 18 30 11 20 5 22 25 17
6 28 9 28 26 11 30 25 23 23 4 11 22 7 28 17 17 14 1 14 22 7 15 11 29 14 30 26 12 23 30 29 12 6 19 19 4 21 9 18 0 25 17 27 29 0 21 16 22 18 30 16 20 8 25 14 15 13 15 27 3 22 10 30 6 7 2 29 15 1 20 7 14 4 26 10 26 16 14 19 28 28 2 14 12 16 28 27 24 8 2
17 30 13 6 14 5 10 1 7 9 22 27 1 17 12 25 2 18 12 16 7 4 28 8 17 22 5 17 23 13 7 7 9 14 4 3 29 28 1 26 26 16 1 29 23 0 16 17 20 26 6 23 23 10 1 23 3 5 26 17 7 17 3 15 1 0 14 8 14 2 20 17 8 24 7 12 17 17 27 19 0 15 20 6 2 22 27 9 22 15 12
11 5 26 6 15 3 19 26 23 4 27 17 3 25 23 12 21 1 7 20 18 23 9 29 11 6 3 19 28 27 30 2 21 11 8 25 20 18 30 27 16 18 29 26 29 26 9 13 14 22 5 18 20 17 22 19 7 6 20 8 1 23 26 13 23 18 20 22 15 27 11 18 3 25 15 20 22 2 5 16 5 20 5 22 21 8 14 28 28 12 3
8 19 29 1 27 22 4 22 21 8 6 20 30 19 7 27 29 2 3 6 22 20 24 2 28 15 30 12 20 1 22 20 12 16 26 10 14 15 20 28 13 28 22 11 8 9 24 7 9 24 23 29 2 13 10 25 12 1 29 4 13 9 0 15 27 24 30 24 16 1 23 26 30 20 29 19 29 4 30 18 22 19 15 8 12 27 24 21 21 18 17
6 23 9 25 4 12 15 2 14 6 3 25 4 1 1 29 5 6 25 27 24 4 9 28 7 12 24 2 3 13 23 5 21 4 10 0 22 18 20 1 27 22 15 14 28 0 17 21 0 27 11 0 19 16 20 21 19 8 26 7 24 20 8 14 25 23 20 0 23 23 10 20 21 11 1 28 21 1 21 12 25 17 10 17 2 28 5 20 19 21 29
1 1 13 29 24 10 12 28 24 15 16 13 25 27 1 3 4 27 15 3 29 16 22 5 7 16 29 19 20 12 10 21 27 30 6 20 8 9 5 24 22 25 29 11 13 19 5 14 0 25 15 17 15 16 14 16 23 7 10 21 4 5 10 3 8 24 9 13 30 22 5 20 29 12 25 12 13 30 22 0 11 1 28 6 8 11 9 27 12 15 26
6 17 28 19 17 15 20 27 13 11 29 23 10 12 2 28 11 19 23 4 29 2 21 22 16 12 23 21 1 6 11 11 14 20 28 12 15 20 18 18 21 0 24 23 1 26 16 29 27 1 23 23 14 12 24 23 17 4 26 29 10 16 20 5 12 9 14 3 18 6 4 5 1 27 4 12 24 14 4 4 17 21 0 28 1 11 25 13 16 11 0
2 4 22 25 0 12 7 6 22 11 26 6 19 21 0 26 29 3 10 25 18 7 22 0 3 21 27 19 26 6 27 29 11 7 13 17 10 26 28 25 25 9 18 18 6 29 9 22 20 4 30 14 3 0 15 7 12 17 13 5 8 1 26 18 30 6 30 24 3 21 3 30 4 26 19 18 25 2 23 29 8 1 8 12 26 5 20 26 5 5 16
13 8 25 5 18 17 7 11 28 24 6 12 11 10 11 5 15 17 30 27 7 23 27 30 0 25 28 6 23 9 7 21 15 19 6 30 15 29 29 29 6 29 9 29 22 9 10 17 8 25 28 17 28 22 2 15 9 24 8 12 14 18 9 9 7 1 21 9 25 13 11 4 26 19 18 11 5 1 10 24 21 5 1 30 9 15 4 25 13 28 7
6 22 1 4 20 21 28 18 13 10 10 17 29 27 0 19 15 20 22 27 29 26 27 7 13 0 6 19 11 28 24 29 21 26 11 17 23 28 26 14 14 3 29 7 10 12 1 12 2 0 10 18 28 26 19 30 30 14 20 19 1 9 6 7 12 12 11 5 12 25 5 3 11 30 13 8 16 0 19 30 16 16 15 11 22 5 18 19 16 12 26
8 23 16 7 22 11 16 11 16 8 5 29 19 14 10 4 26 30 26 5 3 9 27 17 5 18 16 16 3 14 10 19 13 19 24 9 16 20 6 1 11 25 9 27 19 19 11 30 3 4 16 17 12 1 10 28 5 26 10 11 21 29 7 29 30 22 5 23 18 9 30 22 19 1 2 10 19 25 27 7 6 18 29 11 16 28 9 14 25 6 29
5 29 10 27 20 25 0 11 30 24 17 17 7 2 20 21 5 4 2 17 0 5 14 18 11 5 16 22 12 10 15 8 3 0 12 12 20 13 29 20 22 12 22 19 2 29 15 29 8 19 22 15 6 6 29 28 28 1 25 9 18 24 20 14 29 18 6 15 28 29 15 0 21 4 29 15 24 1 4 6 26 8 30 0 3 8 13 12 10 7 2
7 10 4 0 21 4 13 18 6 1 30 15 23 11 25 20 26 12 9 20 23 13 13 12 9 11 29 20 21 25 2 23 4 11 3 16 27 1 11 5 6 12 12 18 12 12 29 28 16 11 16 29 9 30 6 10 11 8 13 13 20 28 16 15 27 22 19 8 0 23 2 23 14 1 8 5 19 13 28 17 7 9 17 20 8 21 17 17 5 21 2
23 10 16 21 7 25 4 18 15 21 6 25 18 5 23 29 10 10 11 1 30 8 7 22 1 10 3 10 9 17 10 5 29 16 24 24 11 22 6 19 25 24 30 29 17 23 8 29 2 18 0 0 29 15 5 7 9 2 26 7 4 2 0 27 1 12 26 4 13 26 13 23 23 27 1 5 29 26 15 23 22 19 18 12 10 0 19 13 22 8 1
16 4 9 1 19 11 10 16 10 30 14 1 26 3 30 14 5 22 15 9 21 18 26 18 24 3 10 10 20 21 5 0 3 30 4 12 20 21 26 20 29 4 18 17 13 5 4 9 5 1 9 1 2 13 21 5 25 9 18 10 23 22 0 9 20 26 18 12 9 28 6 12 2 11 1 16 12 4 5 11 2 12 23 20 1 17 2 13 6 27 19
28 10 4 18 26 18 8 25 21 22 12 2 9 19 7 20 18 2 19 3 30 11 29 24 3 9 1 24 10 12 7 27 27 23 25 18 25 10 11 15 19 28 29 9 25 12 1 25 9 12 24 8 16 30 27 10 25 12 22 27 0 25 15 26 17 3 22 20 16 14 29 23 11 14 4 11 4 24 25 13 29 27 15 19 22 15 5 26 20 27 17
4 10 29 30 8 25 25 1 5 16 10 13 13 13 15 13 11 18 20 19 9 14 4 0 17 25 26 18 28 6 4 7 30 16 8 22 15 26 22 11 27 26 25 23 23 1 3 21 4 8 3 17 8 0 26 13 13 2 9 23 21 30 13 4 20 12 11 2 21 1 28 27 1 18 20 9 22 12 24 14 2 17 7 24 13 29 9 28 5 8 19
25 20 15 12 21 18 12 10 1 5 17 20 9 5 9 23 25 19 18 11 5 12 17 13 10 16 20 14 13 24 3 13 13 19 16 26 1 10 13 19 22 29 8 15 20 11 15 25 10 24 22 23 0 24 8 11 20 16 11 14 4 16 22 21 24 28 28 18 20 10 10 15 27 0 12 2 13 10 5 14 25 2 26 14 30 12 19 1 2 18 25
3 14 7 18 20 13 2 2 30 5 28 29 22 20 7 15 0 0 27 25 27 4 27 23 25 28 21 16 12 14 25 25 22 28 25 14 21 19 1 10 24 26 10 11 7 25 11 22 27 3 4 18 2 19 28 21 30 28 28 15 25 9 27 4 28 3 28 2 17 3 22 27 11 27 21 23 19 11 21 6 2 21 12 22 30 14 17 22 15 30 12
19 9 0 3 22 13 29 18 24 10 27 19 30 0 9 27 9 19 15 20 12 17 29 20 23 7 3 7 18 8 23 26 3 9 8 29 18 11 15 1 17 15 21 5 18 9 29 7 27 24 13 27 14 27 20 4 13 28 15 7 27 16 6 13 17 25 17 23 26 24 18 19 6 1 18 24 24 17 23 20 19 14 0 23 21 10 22 27 15 22 7
18 11 9 4 9 22 11 29 0 5 1 10 7 25 5 4 17 9 30 5 15 25 21 15 15 1 16 21 22 13 17 10 27 6 7 8 13 25 4 0 9 7 29 25 20 22 17 29 27 29 3 29 28 10 14 21 16 22 30 19 8 30 3 15 9 9 5 27 3 3 30 10 27 13 7 11 3 23 29 24 13 28 19 29 4 13 9 18 16 20 23
26 16 6 5 24 16 20 11 4 25 16 16 27 13 24 19 13 25 23 14 3 28 5 30 5 17 17 14 23 0 23 22 21 27 17 28 8 2 2 5 29 19 8 18 18 20 30 7 25 22 24 2 27 30 22 18 9 13 30 25 9 26 2 17 14 16 23 9 23 12 9 3 12 25 9 3 6 22 3 24 27 16 13 2 11 0 27 23 10 10 13
10 9 18 1 8 16 24 22 9 29 2 22 17 19 11 24 12 23 12 22 9 20 5 13 20 13 1 20 13 2 6 23 30 15 4 0 7 21 10 21 10 11 10 17 13 8 29 0 13 8 17 2 2 24 18 3 29 0 14 18 7 7 3 29 16 22 4 11 24 16 17 19 8 7 24 16 25 23 8 20 10 4 20 23 6 5 20 21 0 24 15
24 6 27 5 24 1 17 22 24 24 30 16 19 6 13 30 11 5 7 18 17 20 10 10 6 19 17 5 27 3 28 4 19 17 30 12 6 2 12 30 25 16 27 1 12 29 0 30 15 4 13 23 16 28 18 0 17 19 3 21 17 0 20 7 6 27 21 26 4 29 20 2 25 15 1 16 30 7 18 18 6 22 18 18 17 29 4 19 14 13 9
27 23 7 9 23 0 10 28 30 28 6 18 24 4 18 0 3 23 12 27 4 14 18 5 6 1 9 24 27 30 29 8 5 8 9 24 6 10 3 13 7 11 6 0 7 22 12 2 22 8 26 9 3 3 6 2 10 30 10 24 3 15 15 25 19 8 29 16 29 20 6 11 8 10 1 23 30 11 23 30 30 17 15 14 1 10 4 30 10 24 5
30 18 12 13 2 9 23 17 0 12 4 26 18 26 14 24 11 25 7 19 28 10 0 17 29 18 2 0 22 15 1 13 2 23 30 29 5 4 30 27 30 4 9 28 30 24 10 8 0 11 27 24 3 27 9 12 12 19 19 26 30 18 3 26 3 1 2 11 24 11 26 21 23 9 11 20 28 7 19 26 25 25 16 16 7 14 1 30 8 11 10
28 17 1 0 25 21 11 0 2 27 4 9 21 18 24 27 4 15 15 30 18 17 2 30 19 20 22 1 22 20 29 30 22 3 28 29 26 2 3 26 29 24 30 4 29 16 21 20 21 17 5 2 13 4 13 7 28 24 9 9 1 19 27 30 18 29 28 10 2 16 26 9 24 18 26 26 5 29 28 23 12 6 6 23 4 29 8 20 16 8 14
11 11 16 12 19 18 4 3 21 7 21 11 14 5 8 18 0 9 15 13 25 28 15 5 20 28 23 0 1 10 5 28 12 29 0 18 23 30 28 10 18 15 30 6 9 6 2 26 12 1 23 2 22 0 26 16 20 2 18 27 1 19 25 26 18 27 8 12 5 15 27 13 0 20 6 21 21 14 19 4 30 0 20 17 18 13 23 13 8 0 10
10 21 4 10 12 9 1 1 8 13 6 27 5 24 0 21 11 12 15 11 27 10 18 3 29 21 12 0 23 2 30 18 22 11 2 14 8 4 21 23 2 28 19 20 18 13 14 30 0 11 17 30 7 13 13 23 27 22 19 3 9 23 5 2 14 4 23 9 23 16 14 5 22 13 13 23 27 12 29 28 7 20 18 19 23 30 3 27 16 27 14
5 7 1 14 30 22 19 24 18 25 17 28 24 18 1 19 18 7 21 0 14 25 16 22 5 22 28 25 4 8 6 13 25 4 27 8 6 7 2 15 30 27 14 23 22 22 0 28 23 30 14 22 25 4 16 29 14 1 2 30 20 3 1 10 20 8 0 19 7 24 26 4 1 15 12 17 4 7 7 21 29 20 20 1 13 6 21 2 10 17 8
30 10 20 14 7 15 8 9 5 14 26 28 29 3 11 12 4 26 3 6 10 27 3 22 18 26 29 3 8 29 9 9 21 28 19 25 16 29 14 19 6 24 11 12 1 9 25 28 3 15 22 29 2 8 15 2 0 15 11 1 22 8 20 1 10 27 15 19 17 15 30 28 22 28 26 29 21 23 24 12 22 4 2 28 25 14 19 16 24 2 29
17 1 20 3 3 23 27 9 30 29 11 4 20 16 6 8 24 19 27 13 18 24 1 27 18 4 10 16 4 12 17 23 18 8 28 28 20 0 13 14 10 23 25 21 16 29 27 26 3 6 1 29 5 23 24 28 21 13 6 27 12 30 26 20 22 24 28 10 6 15 7 18 29 17 13 2 9 16 20 29 16 27 0 27 22 25 9 17 6 1 3
29 12 0 30 30 4 22 7 27 8 22 5 2 22 20 23 25 26 19 18 6 13 21 0 6 28 18 21 8 20 8 29 14 17 9 18 27 16 16 11 6 0 2 3 17 2 20 8 2 0 1 18 0 3 6 21 5 27 1 7 16 26 0 20 16 11 0 7 1 0 2 29 19 28 16 23 2 11 6 21 22 7 12 21 24 10 11 25 27 5 30
4 17 16 21 7 7 11 11 18 15 30 9 26 9 3 6 7 22 27 10 0 18 16 8 16 1 25 14 6 29 2 4 3 0 18 16 19 7 12 26 0 12 17 6 13 14 7 0 28 27 18 26 27 5 12 15 17 24 21 18 10 24 27 29 23 17 29 26 28 4 8 28 15 1 2 0 24 30 27 6 4 1 15 27 30 10 15 23 10 13 8
7 14 3 3 3 2 1 10 16 16 19 29 19 7 23 19 29 14 14 6 16 4 24 15 11 27 23 24 6 20 20 1 12 10 25 4 7 30 18 21 17 25 24 28 29 19 7 25 2 6 4 9 11 18 28 30 0 17 4 13 16 25 2 25 21 10 16 16 4 20 2 22 6 30 9 0 29 25 5 26 26 8 25 0 12 25 16 10 21 19 2
24 2 15 21 20 1 12 14 30 15 8 18 25 21 9 1 15 8 0 1 16 23 20 22 2 5 18 1 6 8 2 18 20 22 6 15 25 1 23 24 12 10 29 29 9 1 12 3 11 3 10 14 0 17 8 28 13 18 21 16 21 13 15 5 0 0 3 13 29 22 18 13 30 0 20 18 3 6 6 13 21 7 22 19 2 27 2 30 14 20 4
25 7 22 24 9 30 21 12 26 18 29 22 0 13 23 14 5 1 3 20 21 28 15 12 16 6 17 21 28 14 14 6 2 6 14 15 7 13 14 5 4 11 12 23 2 27 9 11 9 22 4 27 20 24 10 5 17 20 10 1 24 13 13 19 9 0 17 25 1 17 18 0 22 6 19 25 17 2 24 9 28 9 20 17 17 4 14 2 27 20 16
22 13 8 30 27 10 9 5 28 12 7 2 25 4 22 18 20 6 19 27 28 25 26 29 20 19 25 1 15 2 12 30 4 11 2 14 13 27 24 15 28 2 29 14 13 12 1 23 25 24 12 20 28 22 0 11 28 27 0 7 21 3 9 2 3 12 18 8 27 23 23 4 27 21 25 29 21 7 8 27 0 25 20 30 9 15 19 22 12 1 13
6 20 28 6 4 27 25 24 0 21 26 20 1 18 11 24 0 6 12 2 16 24 0 30 18 14 1 12 6 9 3 10 24 4 15 19 2 9 20 21 16 5 13 6 30 9 8 5 26 4 24 21 23 19 21 9 25 8 2 12 26 14 12 16 23 27 7 27 6 11 8 21 1 23 23 0 21 24 6 20 10 17 20 3 14 0 28 7 10 10 26
8 9 16 3 19 3 7 24 29 0 26 25 10 25 10 19 25 4 2 2 28 20 27 7 17 23 13 22 26 8 19 3 30 15 30 19 0 13 6 7 24 15 26 17 2 16 28 27 14 29 9 17 1 29 23 3 2 23 23 9 9 17 25 5 5 29 22 20 24 9 12 18 5 17 21 20 8 2 22 5 0 8 4 2 8 27 17 6 7 6 8
13 8 18 18 20 0 10 18 14 24 15 15 18 6 30 18 15 23 22 11 12 14 2 23 23 17 13 0 9 12 14 12 26 21 14 3 20 3 28 12 13 20 0 14 17 30 18 24 22 0 12 17 1 24 9 17 30 2 20 14 4 5 0 4 5 1 13 23 9 8 7 13 28 18 25 18 1 3 19 27 27 20 29 15 1 1 7 5 10 15 20
28 16 5 4 30 20 4 6 22 3 6 11 1 2 17 22 9 28 22 12 10 0 12 1 8 13 23 2 6 30 29 8 15 15 5 16 25 20 17 11 22 7 23 2 1 27 12 6 11 21 10 1 26 1 4 20 24 19 3 17 15 15 30 6 24 6 11 14 2 14 1 13 8 13 21 3 29 15 9 5 24 28 30 24 15 24 18 2 1 11 17
16 29 10 12 24 27 10 8 13 16 13 15 14 1 13 23 2 11 0 18 11 17 5 6 1 7 12 3 26 6 29 25 10 9 18 13 5 16 4 6 27 2 20 23 1 6 5 11 8 5 19 21 1 28 24 0 10 8 30 5 18 15 10 19 5 25 8 3 19 10 22 13 17 21 26 23 18 1 12 16 14 16 6 12 19 7 14 30 5 7 5
14 22 6 22 7 3 5 14 16 20 30 19 21 25 23 16 24 1 15 11 3 10 2 18 23 16 9 23 16 0 23 8 3 7 28 21 2 27 14 27 21 13 28 19 22 12 3 9 25 1 9 24 13 2 19 13 14 25 26 25 23 30 7 2 13 11 7 30 8 24 3 5 15 23 23 2 20 8 26 15 8 2 21 10 25 17 24 26 5 2 22
0 2 14 19 8 30 20 15 25 28 2 2 0 22 10 28 15 10 7 18 5 29 8 21 3 20 0 5 0 4 17 23 16 27 0 5 17 5 10 8 1 20 14 7 23 17 26 25 5 14 5 4 18 12 7 5 0 19 9 14 18 10 2 27 12 14 4 0 20 28 24 16 11 17 27 3 13 7 12 28 9 19 11 26 20 4 5 11 3 24 28
14 12 11 13 8 8 6 7 16 0 8 15 27 7 28 29 5 16 30 1 19 21 20 19 9 17 28 28 15 7 9 5 17 28 23 5 20 6 6 15 24 4 8 8 18 20 24 13 1 20 25 30 27 19 22 12 3 24 2 14 3 3 28 11 26 22 16 7 28 12 27 23 3 8 26 28 20 30 6 11 26 21 17 10 26 7 23 28 21 22 17
0 30 1 30 22 19 4 6 17 22 10 1 9 16 2 18 2 16 1 29 12 15 26 8 1 3 3 30 20 2 20 23 24 17 17 24 22 11 24 11 26 0 28 24 1 13 13 11 24 7 18 20 2 14 11 29 15 9 17 17 26 9 30 9 10 24 7 6 25 24 21 15 21 1 25 9 12 27 18 16 6 3 30 14 26 25 0 12 12 2 7
13 29 22 22 19 20 21 12 9 28 12 20 24 23 16 1 20 27 24 14 19 16 4 27 23 20 3 11 28 23 18 29 19 19 6 25 14 21 19 12 13 23 27 2 13 4 1 4 13 28 8 8 11 26 11 24 11 18 30 11 26 22 28 8 3 3 4 7 16 0 21 26 9 22 13 0 7 10 7 15 16 19 16 22 2 3 4 28 2 6 28
8 12 30 11 12 13 14 27 2 9 27 8 19 13 5 9 27 3 14 3 8 16 2 6 10 1 25 4 26 12 19 18 6 28 10 0 28 3 17 13 4 12 21 6 28 0 2 13 29 0 13 25 6 29 24 27 12 5 17 29 24 8 15 9 4 19 2 10 2 19 17 3 29 10 22 11 20 24 3 1 16 8 6 30 1 19 6 13 22 24 21
17 29 28 5 27 23 3 2 29 11 19 0 2 9 30 2 15 18 5 18 20 14 9 22 22 6 29 24 6 28 1 10 28 27 24 11 20 14 11 4 17 27 10 3 9 19 23 26 19 8 11 7 5 15 22 5 8 20 19 25 2 0 0 6 29 24 8 8 20 13 18 6 25 20 13 29 16 10 17 20 13 6 3 24 26 7 5 29 11 16 12
4 0 1 9 20 11 12 1 27 20 13 15 9 14 26 3 0 16 25 6 1 18 1 23 17 10 18 20 28 11 4 7 23 11 27 11 28 11 27 25 1 12 14 11 20 23 9 17 11 11 30 19 7 1 27 17 13 28 0 20 5 3 29 21 19 22 29 10 7 6 17 26 29 17 23 24 29 22 0 25 9 1 12 30 15 26 5 4 8 27 7
10 16 13 14 13 28 18 3 29 4 0 30 19 27 20 29 3 16 5 20 18 20 7 25 28 7 24 20 27 26 22 28 23 24 6 11 8 6 14 21 28 29 22 6 3 13 23 10 8 8 10 14 25 10 22 1 14 3 13 24 14 3 14 4 25 16 7 0 25 3 10 1 8 3 11 2 27 2 5 0 21 24 20 29 14 22 11 9 26 27 23
25 9 17 0 9 16 22 0 28 13 8 15 6 12 24 12 7 19 3 23 16 8 21 30 13 3 5 4 22 13 14 25 14 9 20 27 26 3 3 29 26 6 28 6 0 28 21 14 6 22 4 12 12 10 23 2 18 16 17 7 24 14 13 25 7 9 11 5 4 9 21 4 23 21 4 26 0 11 8 9 5 2 17 26 17 7 4 24 17 4 9
24 14 15 26 23 6 15 28 4 25 24 0 24 9 19 24 5 15 26 16 18 25 2 7 8 24 7 14 1 27 3 3 4 28 5 24 0 24 21 28 29 4 14 16 2 24 29 15 30 24 3 2 18 23 11 21 29 26 2 7 25 16 14 7 26 0 26 8 29 23 13 25 21 29 21 5 2 9 13 10 2 9 30 8 10 20 10 4 8 3 10
15 21 20 18 14 29 4 13 4 13 20 16 24 21 8 19 29 12 28 10 5 6 3 26 29 5 26 29 25 3 18 5 28 9 23 18 10 25 28 19 21 15 0 0 24 10 8 6 8 0 24 23 13 0 21 9 2 22 10 4 15 20 6 13 2 10 10 19 1 20 22 8 9 19 12 18 17 9 10 12 7 16 22 27 17 2 16 19 4 20 4
28 26 1 23 23 1 24 25 4 17 9 12 11 8 27 17 25 29 2 27 16 18 15 7 24 12 25 21 20 30 8 3 29 18 10 7 23 14 8 10 14 28 16 7 3 4 11 25 0 19 30 14 30 27 27 9 12 10 26 24 1 29 25 3 12 28 18 0 1 1 8 3 6 6 24 15 7 6 16 27 29 22 3 16 19 4 12 29 25 28 1
24 13 4 19 1 3 18 12 29 17 25 5 29 16 29 30 21 11 18 22 7 8 10 1 25 15 5 11 9 15 28 20 25 13 18 21 28 18 21 9 30 19 4 10 7 0 16 1 13 1 9 27 7 3 2 1 19 16 16 25 15 24 16 8 27 5 26 6 6 2 15 15 5 27 4 4 1 21 27 16 27 6 17 20 12 1 3 21 6 18 28
1 10 4 12 1 3 29 5 21 15 26 1 0 14 15 21 18 14 27 26 17 8 9 29 30 19 5 21 12 2 16 9 7 7 9 22 17 1 25 18 23 17 18 4 25 16 20 13 25 15 12 1 29 25 2 10 14 20 17 28 11 13 7 20 21 21 24 30 22 26 23 2 4 27 26 24 2 17 14 22 0 27 15 20 22 29 20 23 11 26 10
7 22 16 0 1 16 12 16 9 11 24 1 27 3 23 3 11 6 25 9 22 15 29 27 15 4 20 27 23 30 1 5 17 30 0 22 26 2 23 25 28 4 5 5 19 20 28 5 26 27 4 13 2 8 14 23 18 26 12 7 7 8 0 3 9 3 4 29 18 15 1 27 15 27 30 11 14 12 14 21 30 8 3 1 23 4 21 0 7 3 0
21 23 0 23 12 7 24 0 24 9 20 4 3 6 0 5 1 1 1 20 23 22 10 17 17 1 24 10 6 6 21 0 7 13 18 29 7 2 6 21 6 28 19 26 18 25 30 16 3 16 19 9 5 10 18 15 9 21 3 2 11 13 16 3 18 4 15 1 9 4 18 19 17 11 30 5 27 17 16 18 24 11 14 13 13 8 16 10 3 9 15
12 7 23 12 18 5 28 4 7 6 25 15 0 6 9 0 24 7 30 21 1 22 23 26 24 4 21 11 22 3 4 29 5 22 8 5 13 30 7 27 23 4 29 26 27 28 8 13 28 6 9 2 24 5 6 24 15 12 24 13 1 0 7 6 15 2 12 22 5 14 8 24 30 13 21 9 19 24 14 16 11 27 28 9 17 23 0 21 2 10 2
25 4 2 26 12 30 15 23 19 30 29 3 7 26 10 19 21 10 9 8 2 23 25 5 1 23 12 7 24 9 27 10 18 1 5 8 15 24 15 28 3 30 13 6 8 3 4 17 16 28 13 20 22 26 11 21 10 23 22 4 1 1 4 26 4 23 23 7 9 28 17 15 7 8 5 12 7 1 11 28 29 6 15 3 30 26 8 26 20 5 23
12 4 30 7 1 27 14 26 12 16 23 24 23 8 30 1 19 0 10 25 21 12 29 10 29 9 28 23 3 3 15 8 23 27 17 9 12 4 6 9 1 21 7 9 30 21 10 9 1 19 26 30 27 14 25 4 20 13 9 15 19 16 15 3 20 18 14 23 18 5 25 25 28 18 4 17 29 19 18 23 18 29 5 19 15 28 29 19 25 12 6
30 26 19 8 24 13 26 4 9 3 25 8 22 21 24 11 14 25 6 13 21 20 23 9 14 6 27 9 30 10 9 23 10 29 10 10 11 28 12 1 30 24 0 22 14 4 29 28 19 20 24 29 7 2 26 30 5 17 16 17 12 26 0 8 18 4 18 18 13 19 7 26 20 12 16 6 14 11 9 7 18 18 10 9 26 16 6 14 13 8 9
0 26 23 18 27 1 28 7 25 25 7 22 29 26 16 6 10 28 5 9 1 8 16 6 14 10 1 7 29 7 2 13 3 2 15 0 1 26 13 22 14 19 13 17 19 25 0 17 11 16 0 17 5 29 15 28 13 27 18 20 4 11 20 4 14 30 19 28 7 3 19 23 9 29 14 24 3 3 0 19 12 24 24 10 21 20 0 27 16 19 24
3 24 2 15 20 29 20 22 13 0 15 17 1 24 28 30 3 12 21 18 13 26 19 22 5 24 29 29 3 10 28 9 18 9 21 6 6 4 9 17 17 29 28 9 6 29 10 0 29 28 15 17 30 30 4 7 27 11 7 30 8 15 0 11 3 0 15 12 1 14 6 23 13 17 16 29 21 6 14 30 11 3 22 7 8 28 14 16 8 9 14
5 18 6 0 0 7 12 15 9 4 6 4 3 21 25 0 11 23 23 28 17 18 8 29 18 18 4 29 22 14 14 29 9 15 29 11 22 21 11 9 27 29 20 25 0 7 28 2 29 15 25 23 4 6 2 14 17 16 16 20 27 8 9 5 13 24 23 23 24 22 12 25 17 11 5 10 26 20 14 18 2 10 18 20 12 17 1 14 20 25 18
26 11 3 1 22 9 17 18 27 23 29 12 22 3 17 11 4 17 1 8 26 4 17 11 22 5 30 1 0 25 1 11 3 12 14 19 10 4 4 18 17 29 29 10 27 14 23 20 3 16 10 24 5 24 8 29 8 4 22 27 8 2 11 4 16 6 0 2 11 10 21 13 8 26 24 16 13 27 13 9 1 28 6 4 7 19 6 3 25 20 3
27 8 15 20 19 9 0 20 19 29 0 27 4 23 30 19 5 6 4 27 22 26 22 17 28 28 5 25 14 9 11 28 25 18 7 1 24 8 5 13 0 3 8 11 7 6 11 27 5 22 21 8 2 10 21 22 26 15 3 10 25 14 20 20 17 29 7 28 1 12 26 22 20 6 9 29 26 16 12 17 27 9 12 13 15 19 24 18 4 11 10
1 15 20 9 6 30 6 11 13 2 20 15 28 21 20 3 3 0 4 22 19 2 2 24 10 2 5 18 26 0 8 1 22 16 27 19 20 3 19 4 2 12 14 28 30 16 28 25 29 15 3 6 2 22 5 16 19 22 30 30 26 7 9 2 6 24 30 7 25 25 25 25 2 18 30 1 18 29 27 21 21 0 28 27 2 12 8 1 2 26 16
0 15 14 23 12 13 28 27 13 13 23 0 8 4 0 18 23 27 14 15 20 13 23 0 20 26 5 24 28 21 2 23 15 5 10 1 13 4 13 26 17 21 7 15 23 9 10 28 30 28 1 9 0 9 18 12 27 25 13 8 3 3 16 28 24 23 14 21 7 1 24 4 15 21 19 19 4 11 28 11 20 2 2 4 27 16 17 15 9 1 19
3 14 26 8 0 6 26 22 29 21 28 19 2 9 17 17 20 5 23 4 23 21 7 21 29 12 0 23 13 22 25 0 23 19 12 30 0 15 6 4 26 24 21 22 28 9 8 20 24 12 29 9 4 29 24 12 20 5 25 15 23 15 17 26 29 7 21 29 17 11 0 19 5 28 25 30 28 25 18 14 4 2 7 8 17 11 26 5 2 11 16
0 15 29 19 17 16 14 0 11 0 22 4 5 4 17 0 20 5 18 9 29 7 9 9 12 27 28 30 30 3 15 17 26 27 9 29 9 2 7 10 18 20 24 0 11 7 18 23 14 14 13 17 30 0 4 21 5 2 27 0 9 17 3 8 0 2 5 4 30 13 24 28 5 20 10 25 18 8 8 4 4 24 13 3 20 4 24 12 23 18 16
1 8 10 10 5 17 27 24 10 17 28 11 19 23 30 13 2 16 10 8 23 17 9 16 6 11 7 1 19 23 17 11 13 30 17 0 18 26 2 21 9 12 22 13 11 23 26 19 16 16 26 8 16 1 1 0 13 13 22 23 2 27 29 22 28 1 15 20 24 22 6 14 19 8 21 12 17 23 9 5 6 18 7 28 28 19 8 6 19 25 10
3 2 5 14 5 0 17 25 19 0 20 2 2 21 0 12 0 21 18 30 13 17 4 17 3 19 12 29 23 27 2 24 21 8 1 10 26 15 13 4 12 1 10 29 10 23 9 14 19 2 22 21 2 6 18 18 10 10 1 2 8 26 9 22 7 27 27 22 26 28 11 10 10 7 2 19 24 17 0 6 0 1 12 22 29 11 20 5 19 23 10
7 15 6 2 22 17 11 23 13 13 19 27 23 19 3 5 3 17 21 8 20 21 23 19 9 18 20 4 26 24 17 25 25 27 20 17 24 19 14 14 20 7 21 6 20 12 5 1 25 0 21 23 15 15 19 11 30 7 29 8 1 18 16 19 18 25 16 8 25 9 30 20 3 18 6 30 19 2 2 24 23 0 14 29 14 6 12 4 10 21 11
13 29 4 3 1 0 29 23 8 6 21 23 13 26 14 21 8 10 1 9 20 12 9 14 27 7 23 27 8 4 16 30 23 15 2 23 3 30 13 22 0 26 12 8 27 28 13 18 11 22 18 20 1 10 11 22 15 26 24 16 1 30 5 5 22 12 28 8 9 9 10 7 8 23 11 9 8 18 5 24 21 16 18 25 23 19 20 1 25 20 20
24 18 8 14 20 11 25 12 8 5 25 1 28 14 27 19 4 5 4 5 13 26 28 28 28 1 22 28 23 11 4 7 13 30 24 20 11 6 24 19 16 17 12 7 14 2 4 10 7 6 6 6 25 1 18 29 26 14 29 14 9 19 18 8 28 25 14 11 14 7 19 9 27 2 17 5 9 6 3 16 29 2 8 23 6 9 10 23 13 18 21
