94 94
28 22 1 9 2 8 22 20 5 11 6 7 23 23 6 16 15 9 19 23 24 28 8 13 27 9 16 4 1 7 29 7 10 14 10 12 28 9 26 30 25 0 29 21 24 6 2 13 29 20 6 16 6 9 12 4 11 9 26 6 7 27 2 10 16 19 0 6 20 10 18 30 7 6 1 6 7 5 16 19 2 18 20 9 8 17 4 12 9 11 11 19 3 26
10 3 9 8 25 24 3 17 4 9 26 25 29 1 25 26 16 21 10 6 3 4 9 0 10 28 0 29 15 17 28 20 5 14 7 24 1 5 3 24 21 16 29 26 18 25 5 8 3 24 27 25 13 8 3 28 11 30 13 23 25 21 20 24 0 28 15 7 0 17 10 7 10 0 6 27 12 10 1 13 16 14 25 2 26 6 3 20 12 9 0 16 7 27
30 7 22 19 2 13 22 29 28 21 19 23 26 26 18 26 18 28 26 30 11 24 28 22 14 29 17 22 2 19 25 19 7 21 28 29 13 3 29 20 28 16 17 23 20 16 6 18 28 17 26 14 9 20 1 25 22 8 6 3 18 12 29 27 7 10 21 0 23 9 21 6 12 22 14 14 19 3 7 3 22 0 11 1 10 10 23 7 25 9 21 19 21 19
14 27 8 4 21 7 8 24 0 2 16 24 10 22 2 19 27 17 27 1 14 23 26 18 21 2 2 11 17 5 29 22 1 30 17 12 9 6 14 12 16 30 7 0 19 26 0 8 28 17 16 3 25 20 15 17 0 8 17 30 3 13 28 14 16 11 26 5 27 24 28 26 21 30 23 15 20 12 26 5 5 14 6 28 8 0 26 23 24 6 20 29 8 25
16 10 21 30 19 7 15 24 29 8 6 10 14 28 6 15 11 28 24 11 25 11 25 25 21 0 1 19 21 23 23 22 24 30 3 24 16 24 9 13 15 12 16 19 5 4 15 30 6 23 26 22 12 30 1 11 12 10 18 24 27 22 13 10 4 25 30 14 29 0 15 19 13 9 30 24 7 23 16 10 22 22 29 24 30 11 20 27 15 27 14 3 15 12
6 19 22 20 18 30 9 21 22 14 11 22 10 19 17 26 6 10 26 20 25 30 18 28 27 5 8 28 29 18 2 10 30 8 5 7 5 11 26 16 26 20 26 3 18 17 16 13 6 3 13 10 7 0 9 20 20 30 10 14 25 14 12 13 14 22 12 29 29 13 9 22 0 0 24 26 15 23 1 21 27 1 3 30 27 9 5 20 7 25 2 6 22 18
13 8 1 19 20 7 17 10 11 4 12 29 15 26 29 21 4 25 11 24 21 18 4 5 5 9 11 8 0 2 29 14 22 0 4 10 15 30 13 28 22 24 24 29 10 18 24 8 2 16 23 27 0 17 13 23 27 2 29 12 28 11 11 22 22 7 28 24 1 28 26 30 13 25 12 21 15 5 12 5 14 12 29 13 8 2 14 8 7 6 16 4 20 26
27 11 30 25 26 0 27 1 14 23 24 18 22 26 13 14 0 20 2 15 25 18 15 18 14 21 21 28 30 24 24 25 14 14 29 13 18 22 9 27 14 7 29 14 9 30 1 19 0 17 24 23 14 25 22 24 22 11 19 10 14 6 25 24 29 4 14 15 19 15 20 0 22 4 8 12 23 14 15 28 21 9 22 21 19 28 24 26 10 17 27 15 28 10
3 28 19 6 17 2 30 0 17 29 21 21 13 20 23 19 15 27 1 19 4 6 1 25 23 29 17 5 14 21 3 21 12 22 9 26 16 30 7 11 19 28 11 23 14 2 29 6 22 24 20 17 25 17 25 17 6 29 25 2 0 22 19 20 4 1 26 2 0 15 23 15 23 16 6 3 24 1 6 29 2 23 6 21 19 7 14 29 17 28 0 22 16 26
4 0 29 22 15 22 3 30 7 13 10 19 26 6 0 21 2 23 0 11 4 2 23 30 30 9 20 0 9 3 27 12 24 19 25 22 14 12 3 8 27 14 27 29 13 3 29 20 25 18 6 23 30 12 21 15 30 9 4 0 26 30 23 9 21 22 24 14 5 28 3 12 6 17 19 7 19 0 26 12 13 4 24 1 19 27 6 10 2 29 28 2 20 12
3 13 27 18 20 15 7 13 15 3 6 16 7 16 12 7 14 11 28 17 26 24 22 26 13 2 5 21 30 13 0 26 7 8 8 19 25 0 4 3 27 22 28 1 16 3 21 15 2 21 8 14 6 3 17 20 17 27 22 17 29 2 30 26 14 5 26 6 21 17 27 10 1 25 6 16 26 16 11 22 10 6 12 28 26 7 12 19 14 0 1 29 28 27
0 25 28 12 6 15 27 21 24 0 11 20 18 0 13 27 7 6 13 26 12 5 21 26 9 21 23 2 18 11 5 4 28 22 26 17 3 4 12 23 20 10 16 2 19 18 17 14 29 23 13 21 9 23 30 23 18 19 7 28 3 22 22 18 3 11 23 25 2 3 10 17 13 18 13 18 19 2 3 3 6 11 17 7 26 9 17 5 9 24 29 27 8 1
22 1 19 7 24 14 13 3 8 21 13 10 23 6 9 7 29 0 14 27 1 11 28 20 10 7 25 26 6 15 18 27 11 11 14 5 10 6 14 19 17 29 26 30 18 2 21 20 2 1 17 9 17 26 22 2 8 25 30 13 25 30 6 29 20 7 17 26 15 19 15 21 26 14 22 30 15 0 8 14 10 2 3 24 15 12 17 12 10 28 2 22 2 26
5 3 12 12 30 6 8 28 9 24 21 19 26 8 24 24 12 28 12 4 8 0 7 2 8 29 1 14 30 27 18 10 15 9 20 24 23 28 4 0 8 30 23 21 12 23 8 24 21 30 14 29 16 8 21 9 20 19 2 19 11 22 23 4 1 23 18 8 18 5 2 30 15 19 26 30 20 9 4 18 12 3 25 21 26 26 27 7 11 20 15 9 12 0
26 18 17 22 19 6 13 12 1 20 18 29 25 0 27 26 1 30 5 4 30 28 0 9 15 29 10 5 16 21 17 3 4 10 27 25 28 27 7 28 6 19 24 28 16 2 23 8 16 5 11 26 22 14 27 11 17 9 10 20 16 26 10 15 2 28 28 15 19 29 1 15 18 20 6 23 21 7 16 15 21 20 6 11 7 21 10 2 22 19 20 28 22 0
29 23 1 26 18 28 21 22 6 7 22 13 14 24 7 27 16 14 16 9 18 0 26 9 11 15 5 24 8 6 18 20 24 16 24 15 6 1 26 6 4 26 2 29 8 5 25 15 15 12 21 21 22 25 18 28 15 23 4 4 26 18 20 19 11 30 24 17 27 3 3 0 25 8 7 14 17 5 26 26 30 25 4 18 23 27 28 0 12 17 0 21 29 27
22 5 0 11 25 11 21 1 1 6 12 1 16 8 8 11 20 13 27 13 3 28 24 19 2 2 7 12 26 7 24 26 14 22 0 24 29 7 2 28 0 9 19 21 25 28 25 16 15 30 30 24 22 25 23 9 12 0 2 18 4 12 16 19 5 8 0 2 0 0 17 27 21 14 15 10 14 20 13 21 23 1 12 22 22 17 5 27 19 5 22 6 16 28
0 14 21 30 20 19 5 7 30 0 9 11 12 16 10 6 4 5 12 12 12 20 28 30 7 1 9 24 11 5 29 18 21 24 22 27 4 27 7 5 16 14 23 28 1 11 19 15 18 19 2 14 29 16 25 15 8 3 14 29 23 11 10 24 18 30 23 9 19 2 5 20 12 23 17 24 15 25 10 6 5 26 16 12 9 7 7 11 8 18 25 26 3 20
27 10 9 14 10 1 22 26 3 29 8 20 4 9 9 19 14 21 22 23 14 14 18 20 6 20 28 10 13 4 28 23 29 24 9 27 0 21 6 18 6 6 14 1 9 24 30 6 25 14 24 24 16 25 15 0 10 24 27 9 1 4 19 14 10 20 6 16 14 11 3 24 18 23 20 11 21 10 1 13 25 8 9 19 22 16 10 15 20 7 14 15 14 4
21 8 0 12 1 4 19 24 12 12 7 22 3 30 11 7 9 15 1 9 27 10 29 13 4 13 1 16 21 7 4 7 26 0 27 18 13 8 21 3 3 4 21 16 15 5 28 30 17 12 6 22 10 6 24 23 29 29 18 16 23 19 15 15 25 6 12 18 12 14 9 2 16 3 18 13 16 12 13 23 27 11 21 5 13 28 3 26 22 5 28 24 18 10
28 16 6 22 11 21 13 30 8 18 27 15 27 27 25 30 22 24 13 1 21 12 25 27 29 26 28 4 13 18 6 11 15 9 16 26 30 28 14 16 14 14 3 9 15 10 3 12 26 5 9 6 10 21 3 3 26 6 25 24 5 17 15 3 30 8 21 24 29 1 9 16 0 7 15 19 8 1 21 3 8 9 23 1 0 24 21 21 11 25 5 29 9 28
29 23 10 19 30 8 16 25 27 10 2 2 0 29 3 13 25 2 8 30 2 4 14 19 11 25 19 19 9 27 30 17 10 28 9 7 4 29 21 22 24 18 17 30 12 12 24 6 29 5 20 1 9 30 30 6 14 22 26 7 5 10 0 22 25 16 18 12 22 22 29 12 13 8 15 13 6 15 25 27 11 4 8 20 12 19 5 20 7 18 4 8 1 23
8 26 17 16 30 20 20 6 26 26 13 0 16 16 25 6 5 8 0 2 0 24 5 3 21 7 4 19 19 23 5 2 1 30 1 29 18 19 7 1 21 24 8 15 29 6 28 28 3 19 1 1 14 21 12 11 20 30 6 9 4 24 27 3 8 4 19 11 16 11 29 10 0 16 10 4 28 28 16 7 1 26 14 14 29 5 24 14 8 6 7 29 8 11
15 28 12 17 1 10 15 0 15 24 28 20 10 5 4 4 18 0 18 9 10 22 11 10 28 17 26 3 8 12 10 12 12 14 8 23 30 28 6 15 24 25 5 25 17 21 27 29 9 27 13 5 9 2 4 0 2 21 22 26 28 9 30 6 14 14 3 19 3 23 14 30 19 11 11 9 9 23 30 12 4 20 18 6 29 10 26 27 29 20 21 11 4 26
8 8 21 26 8 23 15 15 27 18 5 29 20 28 15 14 5 4 11 25 21 20 11 10 20 10 7 15 3 28 18 16 23 19 2 28 23 26 14 15 30 15 4 27 24 0 23 14 28 6 12 13 24 0 2 0 21 2 8 3 2 8 15 1 3 25 21 14 29 19 2 15 27 7 1 13 13 27 2 8 18 17 16 11 10 22 9 8 10 15 24 3 25 22
16 11 15 12 28 5 25 5 1 14 6 0 17 17 12 30 20 17 8 12 10 11 18 20 15 7 29 16 13 1 10 14 0 13 23 15 29 24 1 3 13 10 6 4 21 17 19 30 17 8 1 30 23 12 20 21 0 15 24 11 29 11 5 25 30 4 30 22 10 10 7 26 12 2 1 3 9 22 22 13 8 18 13 25 3 14 19 20 3 10 8 3 1 24
7 7 23 26 3 21 27 0 24 11 29 7 20 15 26 3 26 17 6 18 2 8 23 22 15 22 12 7 25 5 11 30 28 7 8 18 5 8 0 12 6 13 3 16 25 3 0 5 14 14 20 27 17 24 9 16 30 16 14 25 3 1 9 6 5 4 11 9 1 22 26 22 30 10 19 23 27 29 13 5 10 12 6 21 26 18 24 13 7 13 24 9 18 7
30 3 26 4 13 18 23 16 15 4 10 10 0 20 0 24 4 14 1 5 29 20 5 29 12 30 10 6 7 2 27 5 15 11 23 6 3 14 19 16 1 9 14 24 19 30 13 15 8 12 21 11 14 26 27 8 10 15 15 7 24 6 0 2 11 3 13 18 7 3 10 0 26 22 15 3 10 16 20 5 26 13 22 6 10 11 29 1 29 27 6 7 12 4
15 2 17 16 4 20 28 27 17 5 18 9 23 12 17 15 28 22 28 7 20 0 8 3 8 20 9 0 30 28 6 17 11 0 3 26 28 2 26 18 23 30 22 24 3 12 7 13 1 18 29 5 13 22 3 6 12 22 7 1 7 21 28 22 27 20 4 23 12 10 8 20 16 16 20 5 9 29 21 6 23 24 22 7 4 27 11 10 14 11 10 20 11 23
22 7 27 21 17 2 19 5 16 5 25 27 8 2 6 16 20 28 2 5 10 21 16 25 24 11 21 16 9 9 13 3 1 22 4 9 18 0 0 14 0 2 18 29 19 25 16 21 6 1 24 2 27 22 15 8 14 6 8 20 18 22 15 8 8 0 6 9 16 1 3 21 2 16 27 6 27 8 7 9 21 3 7 6 8 23 29 9 22 17 13 1 1 6
28 2 26 7 18 20 22 22 3 21 3 22 25 3 5 17 27 24 6 5 12 23 20 1 28 10 25 27 27 4 7 13 30 23 17 26 2 10 16 28 21 3 1 10 26 5 18 14 25 24 7 29 29 10 25 8 12 23 12 11 24 17 9 4 5 1 18 30 17 4 26 30 5 17 5 13 1 10 11 27 1 29 29 28 21 28 18 4 14 9 4 8 27 8
19 1 20 8 21 29 0 26 16 6 1 2 5 22 29 18 27 9 3 0 8 17 13 5 21 15 20 26 18 7 6 0 18 29 8 6 12 25 12 29 1 5 8 17 21 1 15 14 6 24 22 26 16 9 22 11 10 4 10 0 6 2 6 22 2 0 25 7 23 19 1 26 6 4 9 27 27 28 15 24 19 22 2 28 12 2 26 4 8 8 27 14 26 27
23 3 24 3 23 2 1 6 13 13 1 13 28 29 0 8 24 19 16 30 9 11 2 3 26 4 16 12 12 21 24 18 11 3 1 11 14 23 19 30 0 6 6 14 5 15 22 12 21 26 2 19 28 1 1 21 26 23 11 19 27 15 9 15 6 1 17 22 21 19 5 3 5 24 0 29 17 25 30 20 19 10 14 6 18 22 27 21 9 17 26 28 10 2
25 23 15 11 10 4 26 23 19 8 26 7 3 30 30 1 8 13 23 27 28 19 12 19 15 26 10 13 21 28 3 25 24 6 2 12 7 27 3 8 27 12 20 30 6 9 26 2 28 17 15 5 7 27 2 14 14 2 1 4 16 24 23 13 4 26 12 2 5 9 1 14 2 20 27 15 25 2 20 27 19 26 7 13 29 25 11 0 10 27 6 14 13 17
15 7 24 15 1 27 2 30 13 0 10 0 27 20 7 11 14 0 26 6 18 17 17 29 6 23 15 16 14 28 2 14 5 25 10 12 26 23 23 24 1 22 5 5 23 27 11 17 4 1 7 0 10 26 24 22 4 13 1 27 12 2 12 5 18 1 18 16 18 6 29 22 21 10 16 3 6 10 30 19 24 12 24 24 19 6 6 20 25 3 9 11 30 3
19 21 11 18 4 18 7 13 0 0 0 12 26 14 30 0 6 3 17 4 7 20 24 19 9 10 11 4 13 20 21 26 28 2 0 18 10 25 18 6 2 5 15 26 16 5 11 24 12 14 28 23 22 24 13 0 16 23 26 30 26 14 26 2 17 30 24 28 23 23 27 2 18 26 20 21 24 27 30 21 1 3 26 29 24 12 22 19 7 7 22 18 4 8
3 8 3 25 19 1 19 12 12 21 21 27 1 26 25 17 21 15 9 13 18 20 10 9 29 23 4 12 20 8 12 20 30 17 30 1 1 24 18 0 4 30 16 9 9 12 26 8 17 19 20 14 23 16 23 1 28 22 17 4 18 20 0 29 21 26 23 23 16 30 1 30 30 16 15 29 30 10 29 3 5 30 13 4 5 2 13 22 1 14 27 6 6 30
27 10 17 7 14 20 18 10 8 11 20 7 21 10 20 7 27 25 9 24 4 1 1 15 27 9 10 8 20 3 0 10 24 1 9 18 26 0 10 5 10 15 0 1 30 27 0 25 16 30 2 1 19 13 12 6 20 6 15 20 15 28 6 4 23 26 21 30 27 26 30 19 26 16 13 9 0 25 4 14 15 27 0 20 30 7 27 15 28 14 24 4 2 19
9 9 6 22 16 6 27 19 8 30 17 10 20 11 12 15 26 11 26 3 21 26 8 4 29 9 3 4 3 21 23 17 0 10 30 26 2 28 27 19 7 15 25 19 0 8 1 21 10 20 6 3 20 7 19 16 13 28 29 13 7 1 22 22 6 23 7 29 1 18 7 19 9 1 15 15 26 18 19 30 18 12 28 18 2 14 13 0 5 11 22 22 6 2
6 15 16 5 14 28 4 4 26 28 12 0 25 3 22 6 17 2 30 2 3 15 1 19 1 24 11 7 20 4 26 17 9 10 9 17 1 30 2 2 28 29 14 12 12 27 26 22 11 12 4 8 28 16 19 2 29 21 21 11 4 25 25 23 6 0 27 21 30 19 23 11 16 19 18 3 21 1 24 14 20 11 12 3 20 30 2 28 6 18 19 11 13 15
19 15 7 26 4 27 24 20 1 17 23 21 18 1 1 18 18 16 22 15 7 0 16 4 1 0 19 30 29 17 3 28 19 29 30 29 13 24 26 19 18 4 10 22 17 24 25 15 15 11 22 0 6 28 9 17 14 18 7 9 18 17 30 15 13 9 20 9 9 24 16 24 6 18 24 7 6 18 13 4 13 29 28 23 29 12 20 11 24 11 2 17 19 4
13 1 29 11 0 5 17 14 24 16 5 19 24 8 18 7 7 28 22 11 27 2 13 10 18 22 20 26 18 1 8 13 4 11 26 28 4 28 14 6 1 0 25 10 12 11 7 3 21 9 9 16 30 23 28 15 4 20 21 5 19 6 4 15 7 13 0 13 5 20 5 26 25 12 9 25 2 17 15 22 27 21 17 13 19 10 2 19 10 0 29 6 8 1
5 13 0 19 15 29 6 18 29 7 17 12 11 10 29 18 16 0 9 30 11 9 9 13 25 28 4 16 3 4 26 30 5 4 12 26 1 6 25 2 14 7 4 12 9 10 16 14 29 0 28 1 18 29 27 30 22 28 6 26 30 3 24 24 1 22 1 22 29 8 13 20 8 0 28 1 27 19 19 30 27 16 3 13 25 23 1 16 17 3 17 4 25 17
10 3 28 0 29 12 5 28 3 14 29 9 23 25 20 23 5 14 17 1 5 11 20 0 27 1 0 28 5 17 28 19 10 9 12 6 8 9 21 23 2 21 24 11 0 3 20 1 4 4 29 14 19 9 22 29 28 1 5 23 0 14 21 24 3 16 11 29 9 7 1 20 2 3 27 17 4 3 18 14 3 26 16 24 3 25 9 7 26 25 23 3 5 19
11 18 8 3 29 15 8 3 25 8 10 4 20 30 30 24 23 2 7 28 24 9 2 18 13 7 14 17 11 20 5 20 28 13 18 14 10 0 22 19 4 21 14 11 23 25 5 13 20 2 23 10 2 17 23 11 26 26 29 22 12 23 1 26 30 30 17 1 17 6 19 1 25 28 28 15 21 10 27 10 27 14 29 1 25 13 6 28 2 17 2 18 25 23
9 22 14 23 28 1 15 18 7 16 22 13 19 10 5 10 25 4 2 19 20 27 6 8 22 21 18 28 24 26 26 1 30 6 4 15 23 30 21 15 6 0 27 4 30 19 2 25 16 0 12 21 22 17 4 18 26 13 18 6 7 10 19 4 27 8 23 5 1 10 26 3 8 29 11 4 7 11 24 22 5 24 29 30 29 13 21 25 19 25 10 15 5 4
19 20 14 7 22 6 2 30 21 15 1 14 26 20 30 10 2 14 11 15 30 9 24 16 26 17 4 29 4 9 14 26 29 11 20 8 15 11 4 30 13 25 4 23 12 13 15 30 16 7 20 9 3 24 16 28 26 20 17 4 5 4 9 3 20 26 23 6 24 16 14 5 9 17 15 23 1 29 14 15 26 28 27 16 27 15 29 10 10 7 5 3 16 29
8 9 26 11 21 15 8 21 19 13 18 10 21 7 12 25 28 5 16 30 26 16 25 23 24 29 28 0 17 22 2 3 3 27 20 12 3 15 21 14 1 20 29 19 2 22 13 14 27 14 2 15 9 0 10 8 0 27 6 30 12 29 29 25 26 17 25 30 2 22 18 18 14 17 10 0 25 15 8 11 26 14 10 5 0 9 17 16 9 18 4 5 1 9
29 16 28 12 1 9 22 11 9 21 10 29 22 1 17 24 22 13 23 6 24 6 29 26 17 7 14 1 7 9 7 0 13 1 28 2 2 16 12 27 15 28 23 13 7 7 2 23 14 18 21 19 30 22 22 5 8 20 29 5 22 2 7 3 22 15 14 27 16 29 23 1 14 22 19 0 13 25 25 3 28 25 24 27 17 3 3 7 29 24 20 28 28 10
14 18 22 22 21 8 22 20 0 19 15 23 19 20 17 14 5 4 17 1 24 7 9 7 5 14 18 22 24 19 19 28 11 24 29 13 22 11 10 9 18 27 20 30 18 10 30 8 7 27 23 9 11 28 24 12 14 9 17 12 6 9 27 12 24 2 3 23 18 11 19 6 14 20 23 1 0 4 4 5 18 3 29 30 5 29 2 15 4 14 23 6 24 9
5 2 30 10 2 22 17 21 0 17 9 3 1 21 6 27 12 25 26 7 25 4 26 5 20 18 14 8 5 8 15 27 0 15 22 17 15 18 30 28 6 30 15 12 18 13 17 5 5 6 5 15 15 8 8 2 28 28 23 5 8 30 18 5 17 10 6 15 15 3 9 23 20 6 28 6 13 7 14 6 18 5 19 27 28 6 0 5 3 10 29 29 1 17
19 9 7 0 24 10 28 28 20 14 2 13 2 25 6 1 8 27 0 29 11 27 10 10 7 26 16 10 23 23 22 4 0 9 23 14 5 20 0 22 24 1 20 5 0 9 15 16 6 15 7 9 18 5 21 20 25 24 17 8 2 7 4 22 18 6 14 15 26 4 8 10 28 14 22 25 15 5 3 26 10 29 8 23 3 17 13 13 16 12 2 1 30 16
11 15 6 26 30 22 1 15 1 19 14 2 22 12 17 1 21 9 4 27 23 12 24 26 16 30 0 27 27 0 9 6 13 17 9 10 0 8 3 26 21 12 27 13 11 26 3 16 13 12 23 18 14 28 4 7 10 11 2 5 24 0 5 16 18 0 26 10 18 26 24 19 17 8 23 15 26 22 24 2 7 30 25 7 5 24 30 3 11 29 29 1 21 20
1 26 26 6 13 5 27 18 0 1 9 22 20 29 7 3 14 25 29 9 17 4 30 24 16 30 9 15 1 10 24 0 6 16 30 30 5 8 15 30 28 10 17 4 15 1 11 28 13 27 26 6 9 10 5 3 14 29 30 9 21 3 5 24 26 1 27 10 16 10 7 24 2 15 17 14 7 10 29 1 22 0 9 26 19 11 7 23 30 28 18 2 7 9
21 28 22 23 22 15 11 27 28 28 30 27 12 10 11 26 12 26 12 22 27 18 20 24 15 21 8 24 12 10 29 9 28 12 26 15 20 21 8 19 22 10 21 28 29 17 6 20 21 15 21 3 19 9 9 13 8 7 27 13 7 13 9 23 24 28 8 20 0 28 4 13 23 28 21 11 26 16 24 6 2 22 6 26 1 15 8 7 19 2 17 27 26 19
27 0 17 6 20 1 21 21 17 4 30 30 5 3 23 18 8 19 2 19 0 9 16 19 18 4 25 12 5 0 27 26 26 30 27 27 22 18 14 24 16 21 28 6 21 9 22 0 7 2 8 27 16 21 15 22 23 10 1 25 20 19 25 12 7 6 2 10 18 1 4 29 2 3 16 4 28 5 16 10 21 12 8 20 21 13 13 4 10 9 20 27 7 9
12 27 15 14 6 25 24 14 9 2 11 15 26 24 9 30 11 23 26 25 2 23 26 22 13 27 18 29 22 3 13 25 13 23 9 8 25 27 24 9 6 0 12 30 12 10 17 20 15 28 0 2 25 22 26 22 21 22 12 5 28 18 5 23 29 30 17 23 8 7 10 20 1 9 10 25 18 19 1 22 10 8 27 24 10 21 18 11 7 5 6 2 11 26
11 20 20 8 16 17 20 20 17 5 12 24 30 23 25 27 20 0 16 22 22 6 24 18 21 9 4 28 8 7 24 3 4 8 27 17 19 15 19 16 11 10 25 24 24 26 18 3 10 29 12 19 19 24 2 7 13 9 26 30 16 21 9 27 22 9 26 23 17 30 29 10 7 19 10 30 14 9 11 24 18 8 11 21 1 26 2 5 29 1 22 23 3 6
13 30 1 2 30 28 30 13 6 28 8 23 25 25 13 22 29 29 6 10 19 6 25 18 27 8 5 3 7 2 10 26 22 4 2 0 28 3 29 30 3 16 11 30 27 15 5 12 29 7 18 5 2 2 21 5 29 26 1 19 16 5 12 25 4 2 29 3 26 24 0 8 22 1 24 28 1 17 24 8 9 14 2 23 22 23 1 25 22 2 9 3 7 0
10 26 17 8 14 25 9 1 8 28 2 20 10 29 4 23 0 4 7 7 16 23 29 0 19 27 24 2 12 15 2 5 28 3 1 4 27 0 7 29 22 18 7 18 28 12 10 15 2 13 1 18 20 11 25 6 30 21 19 4 2 9 26 29 2 28 7 14 29 23 15 9 13 2 15 7 30 26 5 18 4 6 8 28 17 3 15 23 25 29 30 3 27 9
29 25 6 5 23 21 14 23 19 7 14 10 6 5 30 10 13 1 28 19 28 16 23 29 26 23 21 2 28 15 16 3 17 11 23 8 23 19 18 17 10 16 6 5 7 30 13 0 3 28 28 11 2 20 23 5 12 0 24 5 25 27 20 19 26 2 27 21 11 27 13 19 27 12 3 7 8 26 24 23 9 16 16 21 15 28 1 20 1 14 24 21 6 21
30 5 13 14 17 1 15 15 27 11 24 8 26 2 23 18 16 28 11 3 24 10 1 28 16 0 17 20 1 20 7 16 23 3 13 18 18 2 10 20 6 2 29 1 24 7 18 20 30 9 26 22 0 11 10 16 24 30 27 25 15 19 12 22 28 21 9 21 17 7 21 12 20 18 11 24 26 17 7 28 30 2 18 1 6 22 26 3 29 23 1 19 11 27
27 11 9 22 21 27 23 7 16 16 22 15 5 10 18 26 14 23 12 6 9 7 26 23 17 0 1 17 4 26 20 7 25 14 28 6 2 24 20 29 20 13 15 8 0 5 11 23 2 8 0 13 5 27 7 9 17 0 9 12 13 4 21 24 12 1 17 9 23 3 14 3 20 26 13 9 16 15 10 1 20 19 28 9 21 24 29 25 1 9 12 21 21 16
13 14 23 3 25 25 3 14 24 8 14 21 7 26 18 17 2 6 21 25 17 20 25 19 29 24 23 2 19 3 27 30 24 20 12 11 15 2 30 7 17 21 10 15 0 23 20 6 13 3 2 18 26 16 9 20 5 0 25 9 2 11 13 20 17 30 17 13 30 4 30 22 12 29 2 23 29 14 16 28 29 26 22 8 27 20 10 11 0 30 17 13 11 25
28 17 13 27 25 14 11 1 9 30 12 7 10 3 4 11 29 16 28 11 12 7 21 3 22 29 24 17 17 23 7 19 4 1 23 20 10 19 16 12 27 15 2 5 28 11 12 10 24 7 14 24 1 2 23 9 15 22 15 30 11 5 13 21 25 13 24 16 22 5 21 16 22 8 29 7 2 6 26 18 17 22 19 29 20 28 17 21 3 24 14 21 10 7
27 6 17 14 8 1 1 1 27 23 3 20 25 6 4 1 24 4 22 1 17 28 19 25 22 8 28 10 26 27 18 14 19 21 29 3 23 3 4 19 23 15 11 14 2 7 20 8 11 27 5 3 5 30 14 15 23 29 18 14 5 27 19 11 29 23 3 2 3 15 19 15 3 8 23 16 23 18 22 2 25 3 23 22 13 28 24 12 30 30 9 27 14 3
3 30 1 10 16 25 6 5 11 10 0 7 13 22 10 8 0 2 25 24 6 19 16 3 19 18 6 17 4 14 0 3 13 0 29 14 23 18 30 22 22 14 18 16 24 28 24 0 22 25 27 16 1 15 17 26 20 3 15 15 8 22 21 13 4 2 16 30 12 3 28 1 19 4 21 24 12 4 2 29 17 22 24 12 21 26 17 6 18 22 4 20 13 15
23 3 11 30 19 5 0 9 14 2 12 9 23 9 13 28 30 8 3 25 22 2 12 7 22 17 14 9 0 6 24 29 20 11 14 3 18 19 11 9 24 30 8 11 14 6 17 22 8 4 20 20 26 18 25 28 22 22 9 4 30 3 10 3 12 18 20 4 19 14 14 24 15 13 13 1 22 14 7 22 27 4 4 28 4 6 23 3 16 15 6 22 2 20
19 5 13 9 22 27 9 14 19 18 24 23 4 3 13 17 5 3 11 0 23 5 3 2 30 17 17 21 27 21 2 20 1 17 11 8 24 4 12 17 12 21 19 23 21 16 12 17 11 28 29 4 13 27 9 19 0 20 15 4 21 10 28 7 21 17 7 8 27 11 8 16 26 0 16 4 4 3 14 9 20 24 3 17 3 3 27 10 15 18 4 25 4 4
28 27 21 17 5 28 30 0 11 14 7 17 3 27 12 14 4 2 27 20 2 1 25 19 0 24 16 25 20 25 9 6 26 23 5 18 27 30 14 11 1 26 1 22 26 15 9 30 10 19 16 14 6 6 4 26 30 13 23 21 1 19 23 22 1 26 28 24 16 13 24 4 9 21 9 8 29 28 28 18 9 19 2 2 3 27 29 29 16 4 22 9 1 3
3 1 8 14 21 4 19 8 9 19 21 21 3 1 12 19 9 3 23 12 25 16 6 1 14 16 23 20 2 24 25 27 24 16 8 13 22 22 2 17 22 14 25 8 28 15 5 29 12 19 28 27 25 28 26 22 9 28 3 10 11 4 1 30 6 19 13 1 13 8 12 2 19 12 25 10 30 21 7 5 30 0 30 25 2 12 29 23 22 1 12 10 7 8
21 6 16 16 27 13 3 16 20 17 16 12 12 17 5 1 14 10 22 17 10 15 13 13 6 2 2 26 23 26 6 26 18 11 5 20 22 15 20 5 23 7 26 30 20 12 15 17 9 29 23 0 2 4 18 12 10 22 21 13 23 27 20 0 2 18 29 9 14 25 16 12 17 8 5 26 21 21 7 1 12 5 7 4 29 14 29 30 8 9 30 5 16 29
3 27 11 16 17 20 5 3 26 18 23 16 23 13 4 10 4 13 12 25 8 5 30 3 17 11 20 18 2 10 8 27 21 23 24 23 9 25 0 9 24 4 12 26 28 30 5 23 8 17 22 23 28 29 24 5 22 0 15 18 22 19 21 7 21 25 4 15 24 19 17 13 23 20 8 21 1 12 12 27 5 18 3 30 19 1 10 18 23 9 8 22 30 30
2 9 7 19 18 5 4 24 21 29 0 26 12 17 14 8 3 29 11 27 24 8 17 19 25 2 17 24 6 6 13 23 2 16 8 0 16 26 9 5 13 16 25 13 22 19 5 3 12 22 20 9 0 13 6 24 9 6 5 22 14 20 3 2 25 22 16 8 29 11 11 28 13 10 17 16 10 13 30 14 16 0 24 4 6 25 2 3 19 23 1 17 25 14
23 4 14 5 29 5 19 7 9 10 18 18 6 10 15 26 28 24 3 27 21 2 26 13 14 12 10 24 9 7 8 10 17 5 19 5 18 13 26 23 21 0 15 2 5 12 3 17 10 20 29 25 26 18 13 16 10 29 20 9 25 7 9 16 13 30 9 11 17 9 6 22 10 20 20 2 27 6 17 3 22 1 1 10 28 4 19 5 11 3 17 2 12 16
11 18 25 2 21 0 25 4 16 18 12 12 3 26 0 4 7 14 25 21 15 28 2 1 15 26 19 15 30 1 4 30 26 5 29 13 8 1 25 28 19 19 30 22 23 8 16 30 20 23 18 3 10 24 29 4 4 3 6 30 7 29 9 15 23 26 26 4 6 25 4 16 15 24 4 16 3 30 12 27 12 8 2 25 1 5 28 29 2 6 11 22 25 17
14 30 2 29 4 1 26 21 0 2 2 17 6 3 28 18 30 8 4 25 25 21 6 3 25 16 27 2 19 11 21 8 14 10 3 25 19 11 22 2 13 15 12 4 24 21 13 0 3 30 22 16 26 3 11 29 5 1 27 25 20 27 18 19 3 9 27 16 13 30 7 12 18 17 3 5 21 6 30 11 21 23 30 10 7 24 18 3 4 22 24 14 7 9
13 8 14 25 8 13 18 17 21 28 15 21 28 8 25 6 12 15 12 13 30 8 10 13 1 9 29 15 4 13 20 0 11 4 19 8 1 0 5 16 8 11 13 5 10 4 14 7 21 6 18 15 11 8 13 23 14 21 26 1 22 3 8 5 9 6 25 25 19 9 12 14 2 27 30 8 23 17 1 16 0 18 9 23 27 1 28 0 2 2 8 18 15 25
11 12 24 6 29 1 16 15 6 16 18 18 1 0 29 25 3 5 25 18 3 16 10 1 12 16 20 21 19 13 4 26 11 12 3 28 16 16 26 10 26 7 21 0 23 16 30 17 24 17 8 11 24 26 30 22 28 27 17 13 14 17 19 18 29 1 3 2 4 11 30 28 23 11 20 4 5 19 1 21 13 21 16 26 22 23 9 22 1 13 15 4 20 5
15 25 16 16 29 12 3 9 17 27 28 0 0 10 11 12 13 28 26 14 11 20 23 11 5 15 1 10 26 23 25 0 16 7 17 16 14 24 29 14 7 17 15 14 14 13 25 27 15 16 19 9 20 22 18 21 23 2 18 20 24 27 18 6 11 25 19 0 2 9 29 21 10 28 0 18 22 6 2 11 14 7 6 17 24 24 18 13 29 25 12 23 7 23
13 17 3 0 19 16 23 24 19 16 29 9 4 6 3 22 1 29 6 19 11 19 0 4 5 3 6 22 4 8 8 17 19 19 11 2 11 14 21 6 27 20 0 28 4 14 23 3 8 23 5 24 17 22 1 29 3 9 30 17 11 24 12 7 1 26 4 9 0 10 26 29 25 22 13 15 30 22 23 21 20 18 9 5 9 22 26 9 13 7 18 17 29 1
21 21 27 29 13 0 4 27 2 0 19 1 0 1 23 12 22 21 30 28 5 10 16 12 9 0 0 3 6 8 25 7 9 6 10 1 28 10 8 0 5 11 9 30 22 2 19 0 20 10 9 8 26 18 0 1 7 21 10 17 13 13 25 9 7 22 22 21 22 5 14 11 26 21 24 10 21 0 18 21 10 9 21 6 20 12 4 8 30 15 25 10 0 21
23 20 30 9 17 6 14 24 26 20 12 13 11 4 18 11 24 28 20 21 26 19 6 3 3 21 20 27 10 4 19 23 9 2 7 1 21 7 10 29 29 17 19 13 25 22 19 12 16 22 17 19 22 2 18 5 4 5 11 3 10 14 8 18 6 5 11 27 21 14 14 1 14 7 18 10 6 15 17 12 22 29 22 8 27 2 15 27 8 4 0 28 12 8
10 25 21 30 16 0 6 9 27 17 19 25 16 20 21 8 23 25 14 3 1 26 25 10 3 28 27 15 25 0 19 15 24 24 7 29 17 11 27 5 23 3 1 28 25 15 28 0 21 13 30 9 6 20 2 18 18 11 11 6 1 10 3 21 19 1 1 24 11 4 23 23 12 25 14 24 12 6 19 14 15 16 6 20 12 23 1 6 15 4 14 9 27 8
7 14 20 26 26 19 4 25 24 4 0 20 11 25 14 30 29 6 15 20 16 5 26 25 28 3 13 27 15 13 6 7 15 11 22 18 22 0 7 16 30 4 26 26 11 28 6 14 6 17 9 14 1 17 12 29 5 17 6 22 7 5 6 28 1 18 15 5 20 26 13 25 26 18 2 24 1 24 14 0 28 14 7 9 28 6 11 24 10 0 25 16 24 2
5 30 7 27 23 20 8 3 14 13 11 30 6 16 22 18 6 9 22 30 12 0 19 12 16 11 29 6 4 0 15 17 1 8 6 23 2 19 9 17 15 28 25 17 6 24 25 16 21 11 16 1 3 21 15 16 16 8 19 4 6 27 16 14 28 19 13 13 11 28 25 20 16 5 20 27 19 4 12 27 17 29 11 14 14 4 0 15 5 0 28 6 26 26
30 25 11 10 0 6 11 7 18 25 22 0 15 13 27 23 1 29 29 27 9 24 22 3 24 30 6 14 4 3 30 7 27 11 20 30 2 19 2 9 26 27 5 19 10 20 2 8 6 2 22 12 12 2 27 17 24 1 7 21 7 21 30 10 4 9 5 13 18 11 23 16 11 24 15 5 24 30 16 10 25 22 7 22 6 30 26 3 26 16 16 1 18 16
24 11 27 0 25 24 0 25 28 8 21 13 26 29 3 18 4 7 29 14 27 18 28 2 28 12 14 25 17 10 21 18 15 20 3 2 13 0 23 3 27 19 21 22 12 15 2 26 27 3 27 9 21 27 29 30 29 23 7 3 8 8 4 3 12 10 26 25 1 0 26 7 29 29 14 6 18 29 30 24 7 1 1 13 21 22 24 24 4 11 27 26 6 16
25 17 23 19 4 17 27 24 17 11 14 20 9 26 16 13 14 30 0 7 3 18 16 17 22 20 26 30 18 19 22 23 18 24 20 30 7 7 24 20 30 2 3 21 24 13 3 27 26 6 23 14 29 3 5 2 9 29 30 15 25 24 22 16 26 24 20 19 9 7 18 7 9 7 30 19 30 6 18 0 30 17 12 7 0 6 26 3 14 22 13 29 18 7
30 15 8 9 18 17 28 28 5 2 18 4 8 20 21 26 23 28 26 21 9 9 17 1 30 27 9 0 7 28 24 21 17 20 12 10 22 19 20 20 16 23 6 12 15 4 0 24 30 12 28 8 0 24 22 22 10 2 2 18 30 7 30 9 30 24 16 3 25 23 15 23 26 17 7 23 20 5 16 22 22 30 8 29 30 24 19 17 19 11 3 25 26 14
11 10 15 20 6 1 23 1 29 16 23 9 3 20 26 13 0 2 14 16 12 24 17 8 6 27 21 26 15 19 20 27 16 29 8 16 28 8 22 17 14 2 10 1 0 27 13 1 23 24 0 19 23 17 20 19 26 22 0 5 9 30 29 28 8 10 28 24 22 25 12 4 10 0 15 19 25 28 8 19 29 22 1 16 2 29 25 20 24 28 15 26 7 17
2 12 16 30 24 0 18 21 11 29 24 13 25 27 18 1 11 24 25 2 6 19 27 13 22 5 13 27 5 26 6 9 5 3 19 29 21 7 27 10 29 29 20 4 9 23 20 7 8 7 12 20 28 17 9 18 20 3 21 10 22 27 1 3 9 0 24 12 0 12 20 24 0 9 10 9 3 29 21 0 21 5 9 20 16 20 8 11 24 30 1 28 27 18
30 11 9 25 8 23 25 2 29 19 8 13 26 2 12 2 23 6 1 22 13 24 7 18 2 12 29 6 7 27 19 23 16 0 20 28 19 8 23 14 22 0 4 9 2 15 22 7 0 13 1 6 15 19 15 26 25 14 23 9 12 11 17 4 13 5 2 29 14 13 14 3 26 14 12 26 6 12 18 16 20 22 24 25 20 28 9 3 1 23 25 1 25 5
20 9 11 21 0 16 24 21 7 10 0 15 18 17 18 9 3 6 25 26 11 14 3 16 23 16 2 5 21 11 29 3 1 9 5 17 28 28 4 13 25 22 27 29 24 3 26 5 21 22 22 28 1 12 14 14 16 21 2 6 1 27 26 17 12 25 17 12 16 19 4 22 11 29 5 13 13 29 27 22 29 19 21 5 29 9 26 19 4 30 9 7 16 2
