95 95
6 6 28 11 11 12 21 16 0 24 9 20 25 4 10 26 4 9 11 13 10 3 12 19 12 1 9 11 5 12 23 28 16 14 26 24 16 26 21 15 2 15 28 17 20 28 24 30 18 6 29 17 19 2 1 7 26 3 18 30 26 11 17 7 3 5 12 12 26 4 13 23 7 4 19 7 0 16 21 22 15 11 2 26 1 8 12 19 21 24 20 3 20 5 6
25 15 1 8 3 25 2 9 0 5 13 30 5 26 26 15 29 13 24 18 14 18 26 9 22 9 29 23 2 30 11 29 9 23 30 22 0 0 12 17 0 12 28 0 16 11 23 20 5 28 24 11 29 0 25 4 4 27 10 14 19 20 29 18 22 21 19 24 25 29 21 25 2 11 25 9 14 15 26 17 20 21 8 5 1 7 0 24 24 11 2 20 4 6 21
25 21 28 27 19 25 1 10 27 1 10 21 13 3 7 19 0 30 19 1 27 28 29 16 2 5 19 6 12 19 26 11 14 9 6 11 27 10 9 13 24 5 10 20 7 13 3 23 2 17 8 20 24 29 28 11 3 28 29 27 19 18 25 6 14 25 25 10 21 19 17 18 26 5 0 25 23 21 28 6 16 21 28 12 8 1 0 7 8 20 25 7 10 22 25
10 17 1 6 23 19 22 18 4 13 4 8 27 30 23 28 14 0 8 5 22 15 27 23 22 26 25 18 3 12 29 26 17 30 9 5 27 8 27 14 3 11 11 21 19 1 5 7 10 27 14 17 18 29 5 12 29 13 8 16 7 26 24 3 28 29 29 24 2 0 5 2 24 4 7 11 3 30 8 30 8 14 8 30 12 9 24 21 20 24 27 30 13 26 17
29 13 28 3 29 6 30 13 22 22 17 5 25 30 5 1 23 1 10 19 27 21 25 16 29 11 14 21 8 2 22 21 14 23 14 14 14 3 19 12 25 10 15 19 14 24 5 8 21 19 28 21 13 29 15 1 16 1 22 23 28 27 1 25 6 8 25 27 3 28 12 21 20 26 28 29 14 21 7 9 21 11 24 23 3 16 4 27 23 14 1 26 23 19 11
14 22 8 11 0 1 11 14 15 14 9 10 30 18 29 0 4 24 19 29 13 5 30 17 12 29 28 3 2 21 3 15 29 22 2 12 30 11 13 27 6 13 24 1 23 0 3 6 23 3 13 16 0 23 4 23 4 19 3 20 7 6 17 3 22 22 17 11 16 14 13 29 24 17 26 27 14 19 8 30 16 27 1 0 24 24 28 2 28 21 22 11 6 6 9
7 16 2 3 18 29 24 25 9 15 25 9 30 12 21 4 19 9 1 18 5 10 23 12 19 14 21 2 13 19 0 6 23 6 4 5 24 24 19 5 13 2 25 7 8 25 20 15 16 5 17 23 18 15 9 28 9 3 29 20 15 3 15 17 25 22 5 24 24 17 29 7 23 20 28 10 2 15 14 13 26 25 5 11 5 23 14 20 23 10 19 13 30 4 18
0 10 19 27 26 26 21 25 25 23 21 3 30 1 6 15 6 22 26 21 27 24 24 6 2 11 12 6 28 6 11 23 28 2 20 18 4 2 18 7 9 29 10 27 5 8 15 2 26 14 29 6 4 20 27 10 2 6 21 29 4 14 11 7 1 30 4 7 22 12 10 16 17 26 3 16 30 27 30 21 25 28 16 1 28 0 14 1 18 3 28 0 22 10 19
18 30 23 6 23 8 4 0 14 14 0 11 20 27 7 6 2 12 1 17 8 16 18 0 4 10 13 5 21 14 1 30 16 20 29 13 26 13 28 14 9 10 1 7 11 5 5 6 3 0 7 10 27 27 21 9 3 3 17 1 14 14 28 11 19 15 14 28 22 1 22 20 12 5 3 27 20 18 30 22 22 8 29 3 2 16 17 8 7 15 4 13 17 15 16
22 29 8 21 15 23 25 25 27 16 13 19 26 18 17 12 25 2 5 6 10 10 4 11 27 11 26 16 4 10 11 13 4 15 12 27 21 10 26 7 6 3 12 23 8 25 19 3 11 28 27 7 26 6 29 9 28 29 12 28 9 14 28 12 19 3 22 13 17 11 14 16 2 16 11 22 11 19 5 8 21 15 24 1 10 2 17 29 27 9 13 21 2 8 12
13 15 16 3 7 29 2 24 18 0 29 0 15 4 5 9 28 15 6 23 12 14 19 12 21 7 17 30 19 16 0 20 25 10 0 1 14 21 20 3 24 10 23 29 14 3 22 30 8 29 27 29 27 3 15 28 27 5 18 7 3 11 2 15 16 3 6 8 11 2 10 26 22 15 22 4 12 16 9 15 4 15 23 10 10 20 8 7 4 28 5 25 9 13 12
4 2 30 5 12 21 27 24 20 10 19 11 12 9 7 19 29 21 26 10 1 22 9 13 15 22 30 11 3 4 1 14 30 6 8 0 25 19 14 5 21 14 10 20 14 12 20 7 20 28 14 18 14 20 21 9 16 28 19 3 13 17 29 29 5 3 1 6 15 13 23 14 11 19 15 14 11 3 7 26 27 14 23 4 10 18 28 5 20 23 17 14 17 15 3
24 21 28 16 14 11 24 18 30 19 4 7 29 30 10 13 25 11 23 16 29 28 14 25 16 30 29 20 16 16 14 28 11 27 8 8 13 22 1 20 7 29 11 6 23 3 11 12 10 27 0 25 2 9 23 20 9 23 11 28 16 15 11 27 24 21 11 4 8 28 7 17 24 27 30 14 9 19 30 23 18 5 30 27 23 5 19 5 1 22 2 3 5 24 6
10 19 27 2 11 20 22 26 17 3 11 10 19 30 19 30 28 4 5 14 29 16 8 19 28 3 8 24 22 10 23 25 23 28 7 14 13 0 22 26 30 27 21 11 26 22 10 12 24 15 18 27 1 14 21 24 5 0 25 9 0 9 29 21 24 27 4 16 27 6 2 30 17 12 24 28 10 25 18 18 13 26 5 27 15 10 14 17 27 11 4 27 4 21 13
28 9 23 20 29 6 11 25 25 30 6 9 25 26 15 3 11 25 21 8 5 14 22 26 6 10 15 25 2 12 29 0 17 8 26 30 4 16 17 11 30 2 28 29 12 7 2 25 25 6 16 4 22 17 25 3 8 27 16 7 21 27 5 19 14 22 14 21 12 17 9 14 3 18 23 12 26 30 17 12 0 12 30 29 27 30 24 16 20 20 25 22 11 10 13
22 27 8 19 11 14 3 30 3 12 22 5 14 2 15 17 19 28 0 12 13 14 12 4 18 6 18 26 2 27 23 28 30 27 4 5 14 13 15 6 27 7 19 11 26 20 20 30 23 30 1 19 27 3 14 2 6 24 23 25 15 27 2 23 4 14 20 24 16 6 26 3 19 29 11 12 18 21 12 6 30 23 5 23 13 18 21 29 13 17 21 14 14 1 8
30 4 16 9 0 19 6 30 11 3 23 25 9 13 27 1 0 12 15 27 0 18 28 24 7 3 23 17 24 0 27 28 14 0 14 8 17 30 11 6 28 11 30 7 11 12 29 19 8 24 28 4 26 25 7 5 12 15 2 27 23 26 10 19 1 29 20 16 28 30 4 22 13 14 2 13 0 20 2 15 3 27 13 4 15 23 1 8 4 27 22 30 29 7 13
2 30 8 16 9 28 17 12 1 12 6 16 1 1 6 21 15 0 15 27 19 18 23 27 30 10 12 20 2 18 18 12 16 4 5 6 24 22 10 19 13 24 26 18 8 14 12 7 10 21 27 5 11 21 23 6 6 21 16 5 28 14 26 21 0 22 6 23 14 1 1 10 20 23 20 1 14 23 4 21 14 7 22 30 11 10 28 20 12 28 28 28 20 10 6
12 24 23 6 2 8 17 4 15 19 19 9 3 0 24 16 8 14 28 9 1 23 8 4 19 17 29 12 22 5 10 3 4 28 2 1 21 19 18 27 10 14 21 1 2 13 7 0 4 24 21 10 16 16 30 19 4 20 0 19 27 1 8 7 13 3 6 16 8 21 8 1 13 2 19 9 28 25 3 12 23 6 26 13 17 26 14 15 9 8 18 2 28 17 2
25 16 8 24 18 10 18 30 12 17 10 4 9 4 22 27 12 24 20 23 29 11 29 22 2 17 19 21 15 24 3 0 7 27 21 1 11 19 9 1 23 7 1 2 4 29 3 9 10 28 12 7 19 11 20 28 16 1 17 21 27 29 6 21 29 15 26 14 14 22 17 6 10 12 1 9 4 2 10 14 12 2 14 23 2 9 23 15 15 14 12 21 26 22 20
23 27 10 7 2 26 19 5 30 19 19 1 22 12 6 5 27 20 29 26 2 22 18 3 27 0 22 20 20 30 10 25 25 8 22 30 24 2 12 4 16 28 19 14 9 12 19 15 8 2 15 21 18 23 1 16 14 0 26 7 29 21 2 28 15 0 25 2 6 4 12 2 25 8 29 2 2 2 0 18 3 23 15 28 27 29 28 0 7 21 13 4 6 29 17
18 29 14 1 18 12 9 27 21 0 15 15 15 23 1 30 8 20 3 21 16 23 18 3 9 29 9 5 22 30 2 12 20 18 29 26 21 15 7 6 8 27 13 8 16 6 30 15 14 29 1 1 24 18 11 11 5 6 22 24 15 21 9 26 10 19 12 1 13 2 10 4 28 18 0 7 1 7 16 23 4 6 14 25 22 12 19 0 9 26 28 1 12 24 14
17 25 18 5 21 23 7 28 11 1 8 25 29 17 8 24 7 21 16 3 17 7 9 28 12 18 7 26 7 21 8 8 13 7 7 21 8 1 25 23 14 7 3 30 12 8 16 5 10 26 10 27 25 17 20 17 29 5 3 10 20 24 15 6 11 9 2 18 2 13 26 5 13 24 20 12 26 24 24 14 30 6 30 25 7 7 21 27 13 7 25 15 1 27 3
15 1 14 20 30 4 10 26 26 13 2 26 5 28 21 28 26 23 3 25 8 27 23 0 14 14 12 11 6 9 16 7 29 10 30 29 17 3 30 12 21 25 13 5 0 28 23 2 7 12 15 28 9 0 13 8 25 16 13 28 10 23 25 20 14 2 12 8 24 12 8 21 6 5 20 26 6 29 18 16 27 16 24 13 15 17 29 26 7 28 3 16 12 15 16
5 14 17 2 17 2 24 15 9 13 1 14 17 6 17 12 22 6 7 22 15 20 29 21 15 29 28 20 13 7 24 17 25 12 2 1 11 13 18 11 22 19 6 1 0 26 29 25 17 25 29 28 15 20 19 27 24 24 11 27 18 3 15 14 25 19 25 23 9 18 14 1 15 28 6 6 13 10 6 20 23 7 5 5 12 22 1 21 11 3 1 8 25 28 20
6 25 26 15 22 23 15 12 21 15 14 10 16 1 20 10 3 0 30 15 8 9 6 24 19 0 22 11 5 10 2 24 8 9 30 10 17 30 12 12 20 9 5 15 29 9 14 27 12 4 18 28 18 15 22 11 3 7 7 5 18 12 20 19 9 18 1 26 28 7 5 28 3 12 0 28 12 20 14 29 5 4 8 3 20 22 4 13 16 22 30 4 12 26 20
9 1 15 5 29 6 23 2 24 1 9 20 28 10 8 2 0 26 22 14 22 8 1 5 6 2 15 11 18 9 30 12 11 5 17 23 23 22 13 18 23 3 20 28 5 24 21 30 20 18 4 24 10 1 29 22 25 17 6 22 29 23 17 10 5 7 4 13 1 5 9 12 1 5 7 24 14 6 29 1 25 15 22 30 8 29 8 11 8 3 23 0 18 20 26
19 10 15 18 14 12 25 8 23 0 16 8 30 0 11 21 24 21 8 20 7 4 19 25 18 9 0 7 1 25 28 18 30 14 21 4 29 3 9 30 22 16 26 16 13 23 0 24 3 14 4 27 12 29 4 21 12 12 13 29 6 2 3 20 4 27 23 18 20 6 19 29 20 18 18 24 27 16 2 1 2 18 15 3 27 7 8 5 24 22 28 5 3 29 13
8 0 1 3 9 14 5 21 3 0 23 7 27 15 2 5 11 10 19 10 17 25 16 25 24 10 5 16 24 10 0 29 21 17 25 25 2 3 28 2 0 24 29 8 13 24 26 21 20 24 4 10 30 28 15 3 27 2 27 29 25 7 5 22 17 26 19 30 6 23 27 0 19 26 3 10 12 21 2 9 29 12 30 18 4 21 12 19 7 8 29 2 16 23 6
17 22 21 14 21 29 13 6 23 16 21 7 27 21 7 8 21 11 13 27 29 5 30 25 20 20 7 7 15 26 14 29 9 5 24 7 25 4 15 1 5 12 21 29 13 16 9 27 15 17 20 27 4 6 25 10 30 2 30 1 15 18 22 11 3 27 1 29 7 7 9 9 24 11 1 16 16 24 20 29 25 26 9 26 27 8 9 19 22 5 28 24 5 13 22
21 0 6 12 12 25 10 8 27 16 26 1 25 29 5 29 9 25 28 17 4 8 6 2 28 4 29 2 6 16 21 23 6 0 8 24 11 6 29 18 1 2 0 22 22 21 5 14 29 15 8 8 16 0 11 8 2 15 28 3 30 17 30 16 24 16 24 21 21 18 14 24 17 12 1 26 21 21 30 19 25 6 11 5 21 19 2 14 10 24 14 14 27 25 30
1 27 6 18 12 28 2 8 12 0 21 11 2 22 14 17 8 16 11 26 24 10 21 10 19 26 12 14 13 28 11 14 12 20 15 12 4 29 6 5 1 29 9 20 10 28 23 6 2 30 5 6 15 11 18 13 26 14 30 13 17 30 21 12 29 2 7 24 28 20 2 1 8 1 13 22 28 25 6 15 7 28 12 25 0 17 28 27 27 16 19 25 25 19 20
18 0 19 20 6 21 22 23 21 23 12 23 14 18 30 24 13 1 18 18 26 22 22 27 3 6 7 6 23 17 7 30 18 18 15 9 23 6 2 26 6 10 25 6 8 13 8 11 13 9 2 14 2 6 2 8 6 0 30 14 27 19 4 19 1 14 20 22 4 6 16 6 24 16 10 17 24 11 8 1 10 25 4 25 5 15 7 24 8 21 22 25 8 21 25
17 12 23 18 7 20 26 0 22 18 19 27 29 22 20 19 21 30 21 19 0 6 3 10 8 16 10 23 11 5 7 13 5 6 3 24 3 25 15 25 18 27 14 14 17 29 29 0 4 22 4 21 4 15 18 2 29 1 7 25 2 22 18 21 0 19 20 0 17 2 29 9 16 0 6 13 7 10 17 18 3 0 8 10 10 24 19 2 15 12 12 13 6 15 4
18 26 19 10 11 11 27 6 20 22 12 24 6 4 16 25 23 16 11 6 4 16 1 5 21 3 29 16 20 1 27 25 18 24 10 26 9 8 21 22 12 7 20 0 7 17 6 30 2 28 18 20 10 17 6 6 3 18 23 19 20 6 29 13 5 8 11 15 30 29 2 24 26 8 16 19 18 23 11 1 1 24 8 25 1 21 2 20 5 19 23 1 25 12 15
9 24 23 15 20 21 23 12 2 25 5 29 23 28 7 5 5 24 16 21 30 20 18 30 26 20 28 7 1 27 17 0 21 25 25 28 7 6 9 30 5 22 19 13 17 5 7 22 29 6 9 8 23 16 25 9 1 20 1 12 20 19 14 10 1 16 11 3 22 2 5 11 25 24 7 12 11 25 20 1 18 23 23 14 6 4 6 29 1 8 2 1 4 14 13
11 25 9 14 16 0 20 13 28 25 6 12 27 23 16 21 4 29 11 4 15 14 13 0 21 6 18 8 24 0 5 1 16 4 17 16 19 4 17 5 26 3 28 26 15 0 9 21 14 6 13 22 6 17 21 2 17 21 13 27 30 29 13 26 29 18 25 19 29 15 12 0 11 9 30 22 6 7 0 15 8 4 16 20 22 13 18 3 8 18 27 21 5 8 25
13 23 0 24 25 22 15 3 23 6 30 1 8 0 22 4 2 6 20 19 5 20 14 23 13 15 12 15 2 3 13 28 21 18 14 8 10 30 1 27 19 14 30 5 26 14 3 11 18 0 24 5 16 13 22 17 4 2 7 28 9 23 4 0 27 13 21 30 8 24 23 18 2 1 25 15 20 0 19 7 4 28 12 5 13 29 17 9 9 6 0 19 11 10 18
30 9 29 27 0 11 1 28 15 5 23 17 30 17 20 25 28 16 12 28 14 18 19 4 20 5 21 7 9 3 21 0 24 17 0 28 14 30 3 27 29 22 15 12 3 25 25 7 28 27 11 1 2 18 13 22 29 4 18 29 9 26 24 11 16 21 26 6 9 10 10 18 25 20 2 25 27 29 27 3 20 11 29 21 15 17 15 22 0 21 23 26 30 1 24
21 12 11 14 26 8 13 21 10 17 8 0 28 16 29 12 0 24 2 20 10 1 29 19 3 11 15 9 15 19 13 26 5 8 20 9 21 25 4 21 0 2 10 7 16 25 1 13 13 20 18 10 29 24 8 29 19 13 12 29 1 4 16 26 0 9 8 16 17 24 13 22 21 21 12 4 3 22 9 19 12 15 6 12 18 8 30 24 18 13 8 2 10 8 26
8 27 2 29 18 25 29 18 1 23 0 15 23 4 10 26 16 26 13 25 18 27 19 16 20 26 4 21 2 28 30 3 20 2 20 9 20 23 22 14 26 30 8 27 7 9 14 9 8 18 10 9 4 6 29 24 27 9 5 24 16 9 17 22 10 29 4 1 14 28 20 1 30 1 8 18 1 29 11 12 21 15 16 0 22 9 23 18 24 29 15 23 12 7 22
14 2 14 3 18 25 27 25 28 28 8 6 19 17 2 23 9 0 16 2 17 0 18 16 14 12 11 9 18 14 20 4 20 23 2 12 8 17 19 28 10 20 17 30 1 7 21 19 15 7 27 4 26 13 30 7 19 14 4 4 0 21 10 30 2 24 17 29 12 18 9 14 10 21 8 7 21 12 14 10 13 2 30 29 28 23 20 7 13 4 18 25 1 5 0
6 27 11 23 14 0 27 26 10 2 18 0 27 25 7 29 28 10 28 30 27 16 17 30 20 16 12 27 10 25 20 0 29 15 26 30 9 5 21 11 29 15 17 4 12 16 17 11 6 5 23 5 20 4 3 26 23 8 25 8 10 10 11 7 27 1 0 16 15 28 2 18 17 2 1 6 29 30 2 6 19 4 9 0 7 0 5 19 0 13 30 8 17 29 0
17 25 26 26 23 10 6 8 30 6 0 13 0 10 6 6 21 26 0 2 24 24 13 23 16 17 18 21 7 16 5 3 30 18 14 22 7 14 4 11 29 20 16 17 24 8 12 20 21 2 25 5 30 9 1 15 25 15 23 20 28 9 12 23 11 16 20 5 15 15 16 18 11 8 14 8 4 17 17 24 18 23 3 7 7 30 1 18 18 25 14 17 20 24 22
30 25 7 6 30 14 13 29 23 14 18 13 23 12 1 27 24 2 26 30 6 1 23 23 28 7 0 17 29 8 10 1 19 21 13 22 2 20 27 15 21 7 19 28 15 9 9 23 5 14 15 13 16 15 24 8 28 25 0 11 11 13 20 13 24 21 11 3 30 22 18 27 6 30 19 14 27 29 4 11 28 13 2 29 6 1 0 19 18 18 8 12 13 15 17
5 3 7 28 29 27 15 1 25 2 0 5 0 0 1 21 2 6 8 21 30 7 24 17 5 29 27 16 27 24 11 6 21 25 4 7 27 28 15 23 17 22 25 2 8 13 3 30 14 0 17 24 8 22 1 4 8 9 0 10 16 17 22 3 24 10 3 6 0 10 9 24 25 19 0 23 9 9 24 23 9 25 21 16 14 6 18 23 9 21 26 2 10 6 8
18 28 10 3 20 25 6 22 9 5 29 15 27 27 30 29 20 19 17 18 24 30 17 21 5 4 7 21 25 18 5 4 13 21 12 16 13 22 12 26 29 15 20 28 5 6 0 11 14 12 18 20 5 18 27 28 26 14 6 19 22 26 18 20 11 11 16 24 1 18 8 23 20 9 22 17 7 24 4 29 10 0 15 22 12 18 25 29 7 29 26 10 5 10 6
3 13 0 23 15 4 17 8 23 13 23 27 6 6 19 15 3 15 3 3 27 25 6 0 20 18 27 14 11 3 0 0 2 12 28 1 11 13 23 19 5 18 23 20 6 9 30 6 1 11 15 20 22 15 28 23 0 8 6 16 29 14 14 3 29 21 0 20 16 22 16 13 14 20 6 28 25 15 13 8 2 16 29 13 30 25 23 25 26 21 15 26 2 25 20
30 23 26 1 18 25 6 11 7 19 8 27 14 5 29 13 29 6 21 14 27 13 25 6 4 10 8 19 3 14 19 11 14 4 29 23 17 5 29 26 4 23 6 5 22 10 2 16 16 1 6 24 29 25 0 22 12 26 25 9 12 27 2 11 29 7 1 21 1 27 7 9 14 15 2 8 13 0 26 7 13 5 8 12 14 5 11 14 4 11 22 28 24 18 5
14 6 10 15 12 19 17 15 28 22 17 30 24 8 14 0 8 14 5 6 14 7 3 15 11 15 4 11 17 23 4 27 29 6 6 28 28 16 6 1 20 16 25 20 22 15 6 13 18 17 29 4 0 12 20 22 4 19 27 21 24 10 0 25 8 1 6 23 18 20 11 15 30 2 27 15 20 24 5 24 5 16 14 18 26 20 6 15 19 25 9 6 17 20 14
29 6 10 26 11 5 2 12 10 19 23 9 13 9 25 17 5 18 4 13 30 0 9 2 5 7 13 29 6 0 5 13 6 3 12 10 13 11 10 25 18 11 22 8 13 9 8 25 6 23 20 22 15 3 22 21 17 21 29 16 29 24 9 18 6 4 8 8 9 26 0 19 19 20 7 1 10 25 28 7 3 21 13 12 23 25 2 26 14 2 26 3 7 24 4
12 4 16 12 17 22 3 3 5 23 30 17 30 21 19 21 15 28 0 1 10 1 19 21 17 21 13 1 23 29 22 26 18 28 19 3 1 11 5 5 14 30 21 8 22 10 27 3 0 4 0 1 23 0 22 8 7 12 3 25 2 26 30 4 0 3 29 0 5 29 9 24 16 4 27 23 29 20 24 8 3 7 2 0 22 14 21 20 17 3 12 29 8 19 15
25 21 27 28 2 5 29 23 11 10 6 21 30 18 14 26 9 25 13 2 5 11 5 17 30 26 22 14 25 28 9 6 4 0 20 1 6 30 24 27 26 24 27 7 30 23 24 14 14 28 6 21 1 4 25 26 27 6 18 11 24 6 16 16 6 6 13 9 18 6 13 13 2 24 3 8 19 11 15 28 15 29 2 9 15 29 0 18 10 24 25 9 7 30 28
11 17 12 9 3 11 0 12 3 14 0 13 30 5 9 14 13 17 15 21 11 8 7 18 4 6 20 19 11 16 30 30 16 8 28 1 2 13 28 3 23 28 23 15 1 17 7 8 19 16 4 8 17 22 22 17 23 7 17 12 13 5 8 7 14 4 19 25 30 7 6 25 24 21 27 29 22 29 6 21 14 10 24 12 18 14 11 2 14 22 12 14 28 0 29
10 29 11 23 1 21 30 8 17 11 11 20 2 18 25 6 12 27 2 2 21 1 24 2 30 23 17 14 11 28 10 30 5 9 13 15 6 14 8 24 24 4 18 15 9 17 14 28 23 18 0 21 21 3 25 0 6 10 24 8 12 21 5 30 7 19 29 13 12 27 2 26 0 28 11 17 21 15 4 13 12 16 1 27 9 15 3 1 17 15 15 26 28 3 7
21 23 6 7 21 25 15 5 4 12 23 18 7 9 26 15 23 4 13 11 25 18 3 13 22 25 28 13 8 22 22 15 11 19 13 27 9 20 14 15 1 22 5 3 16 14 12 16 22 4 13 10 26 10 17 10 9 7 19 12 29 3 13 10 9 27 26 15 29 24 18 26 20 24 2 17 28 15 4 5 21 29 29 23 20 10 18 19 23 25 30 18 29 7 21
15 23 22 13 14 13 13 12 9 25 30 0 20 1 30 26 13 9 4 13 11 27 22 2 30 8 10 23 24 6 2 17 1 3 4 24 17 1 20 27 4 0 23 1 12 3 7 23 14 22 0 12 15 30 13 28 13 1 25 20 2 27 30 5 16 25 18 13 11 8 3 14 9 15 25 10 17 6 8 4 12 27 27 18 29 23 21 9 20 21 6 13 10 25 17
13 5 12 19 5 28 6 30 28 5 19 16 0 9 28 28 13 10 7 19 23 2 23 10 23 2 5 23 20 10 0 4 6 5 4 6 7 18 29 29 24 6 23 29 22 4 12 2 5 2 17 13 13 23 16 21 28 16 30 13 1 13 30 7 1 27 1 29 24 0 18 19 19 22 6 13 4 14 28 25 11 28 26 1 27 29 25 7 6 16 19 19 9 0 5
21 22 29 8 19 11 7 30 19 23 1 7 21 10 14 20 29 9 27 14 25 12 15 5 29 9 22 25 8 24 26 10 23 26 20 1 2 9 30 3 19 22 8 5 15 5 4 28 15 17 13 30 19 10 9 29 1 4 25 18 19 8 27 11 25 19 21 14 19 6 12 19 21 7 10 6 10 29 17 16 8 18 8 24 2 16 17 6 22 18 28 7 26 14 30
22 12 25 7 18 24 22 29 1 23 10 26 26 10 25 29 8 21 13 30 15 30 15 8 25 15 9 13 6 25 18 6 28 23 25 6 6 24 17 10 14 5 15 3 9 9 22 21 27 22 21 2 6 28 16 29 4 28 7 1 11 2 2 3 9 15 7 21 23 10 25 1 1 13 0 28 22 0 8 6 10 30 27 3 17 28 30 19 21 0 19 7 21 8 22
17 24 17 9 22 4 13 4 29 12 6 18 16 15 18 19 28 10 17 17 15 12 19 7 13 23 1 29 25 14 6 1 11 1 30 20 2 2 1 26 27 0 27 21 8 20 0 7 8 10 16 8 11 28 27 1 29 18 18 23 20 15 17 3 18 2 1 5 4 22 21 5 29 23 9 16 19 16 13 5 6 26 2 24 18 30 19 11 2 6 6 20 23 19 28
28 3 15 19 6 1 11 23 14 27 14 17 27 12 29 0 19 29 5 17 3 19 3 10 15 29 4 7 19 0 13 17 3 7 6 28 17 8 7 29 10 25 27 5 22 18 7 8 25 17 24 21 15 14 11 9 18 20 16 18 6 6 13 7 7 3 3 11 2 21 15 6 6 21 8 3 16 18 5 24 28 23 6 22 30 7 24 13 26 27 11 14 0 29 11
22 5 25 25 26 14 6 24 5 29 2 26 15 18 13 21 8 9 8 6 25 23 28 0 8 16 17 18 27 28 21 22 28 15 4 3 14 13 20 30 4 9 16 22 7 29 10 16 25 25 24 7 14 17 6 11 14 8 25 7 27 11 28 18 24 28 8 28 5 24 26 23 10 22 21 26 3 5 20 17 12 22 15 28 25 7 21 18 20 21 8 28 1 22 15
20 25 6 18 18 12 19 26 6 17 15 0 2 9 4 17 8 25 18 25 9 23 4 30 6 6 7 25 3 5 27 22 7 1 19 4 1 30 18 15 27 28 8 12 8 1 23 4 13 9 16 11 22 27 18 24 4 9 9 22 3 16 5 25 14 24 28 3 12 15 20 18 20 22 10 30 20 11 22 19 5 22 6 13 14 16 23 29 11 26 24 30 25 10 5
5 17 12 25 0 18 28 19 24 19 7 8 29 6 3 10 28 2 6 10 17 10 27 2 2 23 0 1 28 10 27 15 4 26 17 21 3 3 16 29 2 23 12 4 10 24 10 30 0 3 21 16 0 21 15 15 11 2 13 8 12 24 24 7 27 16 8 14 13 0 24 18 20 7 27 17 26 9 13 27 3 10 10 16 25 6 2 28 17 19 5 17 9 22 11
10 0 17 7 2 11 7 14 0 4 28 28 25 8 9 27 10 10 18 27 2 7 15 9 8 28 27 18 17 30 2 22 21 29 23 25 0 14 17 0 22 15 26 28 27 14 8 4 17 16 23 18 28 30 11 8 15 25 19 10 29 10 12 13 6 14 28 30 4 25 29 9 10 24 15 27 17 26 19 7 19 17 11 13 9 29 22 7 4 24 5 28 21 9 30
20 21 30 13 12 4 1 24 22 19 17 8 12 30 2 25 27 10 5 22 13 0 14 30 28 22 19 11 7 29 21 26 13 29 18 28 13 21 13 7 0 3 10 5 24 13 29 25 8 30 20 20 21 6 1 25 10 16 15 21 10 2 16 14 23 11 29 24 22 20 6 13 6 5 18 20 7 25 7 14 13 3 28 18 3 20 26 27 19 5 2 17 29 9 13
22 20 29 12 7 0 10 7 24 8 5 16 22 28 26 6 17 9 20 26 24 30 28 16 10 7 9 12 15 12 15 22 2 12 2 17 10 18 24 19 15 13 21 27 28 7 11 28 2 27 1 23 13 30 26 2 3 3 8 28 15 21 28 21 19 28 29 3 21 26 0 8 10 30 12 26 4 17 18 20 26 30 18 25 17 3 19 22 7 1 14 6 23 11 2
27 14 8 3 2 30 14 3 4 15 16 6 21 0 26 26 0 16 10 20 3 30 18 16 28 23 6 6 3 2 9 0 6 21 17 25 27 14 27 19 8 28 13 5 14 18 23 6 1 9 24 22 22 23 21 30 4 11 15 19 9 0 25 29 7 21 4 24 2 2 23 10 27 13 30 5 6 4 18 1 16 27 0 12 5 18 30 28 15 14 1 19 1 29 4
10 9 17 10 23 16 25 15 9 7 11 5 2 27 19 9 26 30 12 28 27 25 18 27 2 2 20 28 7 27 0 24 27 13 8 19 19 17 12 4 0 7 0 1 2 18 28 18 15 8 14 11 16 10 23 20 14 26 21 7 23 22 9 3 14 11 25 21 0 0 6 27 15 24 4 11 30 17 19 26 23 27 20 11 25 17 30 14 9 7 20 28 26 2 28
4 17 15 18 13 28 27 21 18 29 26 11 0 1 13 23 14 16 6 7 6 6 18 0 23 18 16 4 27 11 20 7 22 17 29 25 11 19 0 27 18 21 19 11 25 9 17 20 1 19 19 27 9 5 24 18 29 9 13 4 28 24 27 14 10 11 10 23 8 17 0 3 11 11 17 17 30 10 23 26 30 25 25 10 6 30 9 30 30 2 25 21 17 18 2
10 5 0 3 22 2 18 26 24 13 28 22 18 12 30 7 13 8 12 24 13 1 1 21 11 21 3 30 30 10 18 22 27 14 2 15 28 2 1 27 5 8 21 11 2 8 3 26 21 29 23 8 0 30 27 14 28 30 27 12 24 25 6 15 27 25 18 4 15 12 18 18 18 3 26 17 2 19 18 15 4 27 5 11 0 0 3 30 9 2 20 26 1 2 23
6 30 23 1 10 2 5 28 16 25 9 22 23 16 10 5 29 20 20 12 3 5 18 11 16 13 22 21 4 17 3 29 20 2 7 7 25 15 20 14 15 12 13 11 5 19 2 25 27 18 1 7 17 2 4 6 18 16 19 5 7 17 20 29 15 10 20 25 24 1 12 27 6 23 13 12 28 13 15 25 13 2 9 20 19 28 8 13 10 4 9 0 14 6 0
22 21 29 30 16 20 24 21 10 2 16 13 17 22 24 24 29 9 11 26 23 8 25 4 26 25 8 20 4 22 11 12 20 5 20 14 11 6 7 24 2 24 5 7 30 12 6 8 21 19 10 10 14 0 16 11 28 19 7 19 25 20 13 16 13 6 17 14 11 1 14 12 24 13 4 22 19 22 22 13 1 20 10 5 19 5 3 23 10 24 3 30 2 22 8
24 3 24 15 4 27 2 23 11 30 14 27 26 27 17 28 5 1 6 22 27 10 0 26 16 25 0 3 16 13 8 26 27 16 18 25 30 12 22 0 8 9 14 14 30 2 8 22 25 30 0 2 24 26 13 0 13 0 12 30 8 12 8 14 29 24 7 19 15 21 16 29 15 27 29 20 26 6 14 30 20 26 26 15 0 18 0 30 20 3 3 22 3 11 14
28 1 5 14 14 5 26 14 6 2 14 21 30 20 16 28 9 3 14 2 25 14 3 21 26 17 6 30 7 13 7 29 20 26 15 21 25 25 3 14 3 28 0 0 20 2 22 2 4 24 30 17 5 26 16 15 9 20 30 20 23 8 10 5 2 0 20 29 16 0 24 23 28 27 24 11 24 12 14 28 14 3 25 15 1 30 2 27 9 0 16 22 5 23 1
2 18 20 1 18 26 28 26 1 20 7 9 28 11 7 12 4 26 20 21 14 19 30 13 13 8 26 14 8 14 18 18 23 14 26 19 3 29 24 3 21 23 2 27 28 24 10 13 13 18 27 10 18 20 16 14 11 29 18 26 27 14 20 8 2 2 27 19 21 4 28 1 9 8 6 28 23 2 5 1 13 28 4 17 25 5 28 5 22 24 20 22 29 14 1
9 28 5 3 21 0 19 12 0 26 16 4 24 20 10 3 20 19 24 11 17 17 7 9 11 13 20 24 0 16 26 6 17 17 3 2 7 1 19 3 19 20 21 27 1 0 24 25 30 9 23 20 30 14 5 7 15 26 4 12 26 1 25 22 23 21 5 17 9 0 24 13 19 4 3 24 12 1 14 8 11 5 7 24 14 4 19 21 24 0 26 0 6 21 0
7 30 7 16 22 16 10 14 21 5 2 4 24 0 6 24 27 3 15 21 7 30 18 30 21 4 26 3 5 5 12 15 15 11 19 10 18 28 12 3 21 13 17 15 1 4 21 8 16 3 4 12 6 26 5 14 28 30 7 27 21 8 3 5 17 23 28 5 7 15 8 7 10 25 14 30 11 18 19 28 18 24 19 1 10 29 24 7 17 24 14 22 27 24 9
13 15 22 25 13 13 15 26 25 30 6 1 10 30 24 7 0 18 20 17 3 13 9 8 11 15 7 17 3 28 27 30 28 15 10 25 8 12 3 28 24 7 3 1 2 18 0 22 17 12 11 21 22 26 30 24 23 9 25 20 27 15 6 25 8 28 10 16 13 25 24 5 12 3 1 22 10 29 5 6 14 19 28 28 1 3 10 17 5 0 4 14 0 25 4
21 15 28 22 0 23 15 14 24 20 5 1 21 14 10 29 6 7 21 21 10 23 17 29 28 15 30 28 21 0 10 20 9 4 20 11 1 15 2 0 30 5 12 11 20 27 1 7 11 4 11 0 0 21 13 4 6 22 9 6 27 29 22 11 8 2 29 8 15 5 20 1 24 21 1 24 20 12 11 3 17 13 12 4 21 30 2 16 2 27 13 22 22 27 28
16 12 20 17 6 17 11 13 15 10 29 25 30 19 12 4 9 16 17 25 15 2 17 16 15 27 21 6 23 20 20 28 16 23 1 15 21 2 1 28 13 8 3 16 3 11 23 13 20 26 26 22 18 25 11 2 11 27 16 19 1 30 1 13 11 23 16 30 29 6 4 20 24 12 4 12 12 6 11 10 29 16 18 27 24 20 29 11 3 0 4 7 3 18 6
16 22 13 19 12 10 1 13 27 23 4 22 9 28 22 29 4 0 14 15 6 11 22 18 17 11 28 19 0 26 17 29 19 25 11 12 25 18 15 13 11 29 0 2 5 2 6 19 18 16 29 2 29 11 29 24 27 22 19 0 15 7 21 3 4 14 14 6 20 24 0 17 28 2 24 15 11 15 17 5 6 23 25 9 12 14 22 10 19 18 4 0 5 0 22
29 30 20 29 11 26 10 28 7 16 3 13 17 21 21 9 19 17 21 26 2 3 12 7 3 7 21 17 9 2 3 28 29 27 25 12 13 16 15 16 19 21 7 5 4 11 21 30 30 9 11 11 15 12 30 15 22 11 7 10 29 23 22 24 18 13 0 11 17 7 19 27 0 8 14 6 16 12 19 7 15 21 19 29 26 14 6 17 24 10 29 2 5 5 30
9 23 22 9 6 15 14 2 13 6 4 16 0 4 5 13 27 5 20 13 14 4 1 11 22 30 17 8 22 4 4 10 4 21 30 23 8 1 24 8 10 29 14 27 29 3 5 18 19 16 15 18 9 17 17 8 4 29 11 10 1 27 29 16 17 3 19 8 0 26 8 29 6 30 11 27 25 16 11 23 20 29 6 14 13 10 10 1 2 5 23 10 15 6 16
26 2 20 25 14 25 3 12 25 28 6 10 30 30 11 0 16 14 20 2 0 27 24 23 9 15 1 0 9 14 10 19 24 0 27 10 24 25 1 11 26 6 26 15 25 1 2 0 22 25 13 5 28 14 30 18 23 20 11 7 6 11 6 25 6 7 15 17 23 30 30 8 14 19 29 22 30 19 15 4 18 19 22 23 12 24 0 27 26 21 14 0 27 26 12
16 8 20 17 10 2 22 24 0 10 20 19 8 24 29 16 6 25 4 3 13 11 21 14 16 27 6 17 24 5 29 21 2 24 1 29 9 0 1 19 26 10 26 4 20 1 3 15 13 27 19 24 4 12 17 27 21 25 30 0 4 25 3 0 21 15 25 14 28 15 15 4 12 10 18 8 30 10 18 28 13 24 0 1 8 21 5 24 9 30 13 15 12 9 18
14 10 23 15 2 24 28 20 11 20 4 17 23 21 12 29 15 8 0 10 22 2 18 21 4 19 11 14 9 22 6 14 17 16 18 18 1 20 13 3 3 3 11 17 6 30 16 26 28 2 11 9 25 9 17 6 19 0 9 10 16 12 1 7 6 8 22 18 28 12 7 26 5 13 26 18 4 28 25 14 25 23 3 7 16 9 0 17 6 18 8 11 29 25 11
21 25 28 25 11 11 18 8 9 19 30 24 4 11 26 9 17 20 5 26 20 23 29 26 28 2 2 16 29 28 6 20 24 0 3 2 5 2 26 26 30 7 23 21 8 19 3 1 17 25 10 3 10 22 0 23 27 27 29 28 5 6 20 11 29 14 30 20 21 2 29 22 30 30 13 29 17 21 24 27 23 21 25 0 15 29 22 28 7 10 13 28 18 19 21
25 21 27 26 7 25 9 8 23 19 15 12 0 17 13 25 3 15 23 14 7 15 23 29 1 12 9 7 10 23 16 8 10 2 29 16 17 5 22 17 26 30 4 21 22 11 3 12 20 1 11 24 4 29 15 19 14 15 4 17 0 8 26 25 16 9 4 13 30 10 11 13 14 23 16 24 19 14 1 5 5 25 6 7 23 6 24 26 25 23 7 12 30 24 10
1 22 4 21 9 16 10 18 9 28 23 20 24 6 21 20 17 4 18 22 28 4 4 6 7 17 20 1 18 8 12 21 21 29 11 17 14 23 2 13 10 10 1 30 30 10 9 27 14 30 5 30 0 30 27 18 16 5 19 27 11 26 6 18 11 12 6 26 18 3 15 12 24 27 1 3 29 21 23 14 7 22 21 25 13 23 22 18 27 12 8 12 4 13 26
24 1 1 28 11 4 9 8 23 27 13 15 10 17 12 10 19 21 14 19 28 9 30 22 7 25 0 1 16 8 7 1 20 17 5 7 7 7 2 6 11 13 9 0 30 5 12 3 3 28 26 26 25 12 19 14 14 3 16 25 8 18 19 18 19 19 13 0 11 18 4 14 4 20 30 12 29 26 17 27 11 13 14 6 9 13 8 27 10 13 0 11 8 14 21
26 29 27 4 18 1 28 30 16 20 4 17 19 18 29 14 18 13 5 24 29 10 7 30 12 23 14 30 4 9 12 1 16 28 7 9 10 9 0 18 10 1 25 5 6 29 8 14 6 7 22 24 4 1 29 9 25 3 10 6 1 8 27 13 24 29 13 29 26 29 26 22 22 14 27 21 29 19 13 20 12 11 18 13 30 19 13 0 15 13 13 30 27 17 4
12 22 8 14 23 17 26 30 2 21 22 19 15 15 17 20 16 2 12 29 19 9 12 27 6 23 18 27 30 9 4 20 10 10 23 27 30 13 14 7 17 13 7 19 18 10 6 23 23 14 11 24 13 4 20 4 6 7 20 19 30 15 1 10 4 25 5 22 11 19 9 7 6 4 19 13 18 21 12 29 2 23 22 23 23 22 5 8 15 15 8 1 7 29 13
2 28 19 20 29 23 6 21 20 27 23 23 12 28 8 16 4 11 24 24 8 9 14 3 9 2 19 3 14 13 9 9 2 10 23 18 24 25 5 27 17 1 25 7 3 23 8 18 21 12 21 20 3 1 20 16 1 19 20 16 30 22 3 13 4 17 5 18 5 13 29 15 12 28 8 20 30 3 2 10 0 7 16 2 20 8 20 1 5 26 22 12 22 27 25
