96 96
21 1 4 12 7 12 15 22 11 27 18 8 7 1 2 24 3 7 19 4 8 2 19 6 27 19 1 15 21 4 7 13 8 12 23 6 10 25 19 22 3 30 29 29 22 19 21 16 8 6 4 8 14 17 16 4 13 23 7 28 5 28 22 2 15 14 23 29 3 2 10 16 10 4 29 19 30 14 23 18 13 6 17 1 11 6 14 26 18 5 13 27 23 1 4 16
8 12 22 13 30 21 1 19 19 17 1 27 19 13 19 11 15 30 15 1 18 6 26 7 18 1 7 10 0 14 15 7 8 13 8 12 22 1 7 22 21 14 12 16 11 29 17 9 28 29 5 4 26 13 18 30 10 18 25 23 14 23 30 23 21 14 9 1 11 1 28 20 15 28 20 10 23 22 10 12 21 10 24 15 27 30 13 13 8 15 6 4 3 30 2 0
15 1 26 3 0 27 15 12 12 9 16 28 9 22 19 14 28 24 19 16 26 18 21 12 13 7 0 4 27 24 14 10 12 23 3 4 15 23 5 8 11 23 2 22 30 25 1 17 28 6 5 10 24 9 0 20 13 18 12 20 24 6 29 20 21 22 30 9 23 3 3 30 7 1 11 18 17 9 13 26 20 19 25 7 16 30 16 24 0 16 0 3 25 7 28 5
8 12 14 26 5 28 23 11 21 23 4 25 16 0 11 27 7 12 2 2 8 26 5 9 7 10 14 24 16 3 5 26 18 29 8 12 29 6 24 4 9 18 5 22 22 17 13 17 6 9 26 23 16 23 3 7 25 25 22 27 23 22 16 21 6 2 17 22 14 23 0 16 13 2 13 10 3 0 9 24 16 15 21 5 7 26 26 22 14 20 24 25 19 22 25 2
12 10 12 20 25 0 2 5 0 20 23 29 19 15 14 0 9 18 15 21 26 13 29 4 6 25 19 28 0 14 8 1 15 12 13 8 27 23 17 7 11 8 15 10 9 14 3 10 23 0 30 0 21 16 12 1 14 16 30 23 3 5 11 6 5 16 30 27 4 27 6 9 18 4 12 3 12 22 16 15 16 28 1 10 16 15 10 9 26 6 20 0 23 12 25 6
20 0 17 26 5 28 1 3 18 0 18 2 20 7 30 18 18 5 1 25 28 28 24 19 22 23 0 26 18 21 6 30 16 6 26 18 7 12 1 11 17 25 5 19 11 1 20 14 0 0 4 9 13 23 25 28 13 0 20 29 5 2 28 11 17 24 0 11 1 3 28 13 28 15 8 27 14 2 22 14 5 27 18 15 16 6 0 24 5 7 2 18 17 2 5 3
12 5 7 1 8 11 20 2 17 25 28 2 11 25 27 12 0 28 23 23 0 15 30 9 13 10 27 18 14 28 8 26 22 14 11 23 29 26 20 23 16 5 29 28 22 26 1 21 4 18 27 16 22 2 15 16 0 4 18 14 6 0 13 6 13 24 3 15 13 2 2 16 9 9 5 27 15 5 22 7 26 29 9 5 16 5 25 18 20 21 22 19 1 2 4 9
29 1 10 19 10 0 2 10 1 27 3 8 25 24 5 17 26 6 6 22 2 12 29 10 8 19 27 17 20 10 26 7 16 15 8 21 5 22 19 15 12 23 27 30 15 19 28 22 5 8 3 11 11 30 9 8 25 14 17 13 21 2 30 25 19 11 6 10 15 28 14 22 27 18 21 12 5 17 13 29 22 16 22 27 21 10 16 13 3 28 18 2 15 22 16 15
21 27 7 15 8 27 30 10 1 13 12 25 26 23 25 2 7 5 27 3 20 13 6 29 13 19 8 17 30 13 18 27 23 20 26 17 19 26 7 8 13 29 23 15 6 11 27 30 1 27 28 23 1 17 27 8 22 9 25 24 16 26 15 13 5 20 5 27 19 23 29 24 12 27 19 26 11 3 26 9 3 10 26 24 18 6 25 15 25 20 28 10 22 18 27 25
23 13 18 19 22 1 8 13 29 25 6 22 18 3 4 23 1 7 27 17 24 29 4 29 18 13 21 17 4 21 7 26 20 19 3 28 24 28 11 4 23 27 7 14 11 28 26 3 11 5 20 1 14 24 12 18 26 14 10 1 23 0 12 26 19 0 3 19 16 9 4 26 11 26 0 24 7 22 30 12 26 9 15 29 25 25 3 27 28 0 9 19 14 9 4 30
21 19 13 0 22 17 15 12 28 15 13 22 28 15 30 25 12 29 10 25 15 19 3 21 16 22 18 2 18 0 25 17 22 22 23 17 5 11 13 25 19 27 13 8 0 22 5 5 19 27 15 25 3 19 12 4 11 21 18 12 8 8 17 19 5 29 9 9 24 18 13 9 24 10 28 19 6 20 8 11 7 20 11 0 27 22 29 6 10 15 5 29 6 30 0 27
22 25 5 25 2 11 10 4 30 3 3 23 21 2 23 26 0 9 11 30 22 22 2 15 20 9 9 5 18 11 9 27 28 1 4 15 7 28 29 8 29 12 21 23 12 7 7 14 23 15 27 12 9 24 4 25 9 10 27 20 29 0 3 0 7 11 9 0 27 29 18 4 14 26 11 5 14 2 22 12 29 17 28 29 18 29 1 8 24 20 26 18 2 9 20 24
13 27 14 10 2 26 6 14 5 13 27 4 17 27 13 1 21 4 2 12 12 28 1 19 19 7 19 7 15 20 1 10 29 4 3 29 13 1 26 5 26 22 29 29 11 5 7 2 21 9 9 12 29 12 29 24 1 28 1 5 8 11 26 20 24 2 2 2 24 1 4 0 13 17 20 10 7 23 21 27 25 10 16 12 18 3 6 10 17 27 19 20 3 19 24 8
14 25 25 18 30 26 2 9 16 0 25 5 11 28 14 2 8 27 22 19 27 16 17 23 25 9 16 24 14 17 14 22 25 6 23 17 1 5 26 28 18 21 6 5 30 17 2 11 25 12 10 11 26 12 12 28 21 2 6 11 24 6 7 28 22 6 20 1 0 6 26 6 27 1 17 6 19 11 0 25 27 7 7 8 17 23 18 21 7 10 18 30 25 11 28 3
0 2 9 10 5 23 19 22 21 20 2 11 29 3 21 3 19 5 30 25 0 24 5 27 10 21 19 29 15 6 27 24 14 13 27 30 12 0 0 0 30 28 22 17 13 20 25 29 11 18 1 12 26 19 15 16 15 18 0 0 28 20 28 4 2 16 13 30 16 22 1 11 5 28 21 30 25 10 28 4 23 9 20 28 12 16 4 6 18 8 23 15 14 11 7 17
23 9 30 24 26 28 27 20 17 11 19 0 10 3 9 15 23 3 2 28 11 6 12 23 16 5 21 20 24 19 16 20 1 10 28 5 28 3 10 1 6 14 3 9 29 11 13 18 19 28 30 28 12 6 28 8 1 15 20 5 1 23 17 27 14 24 5 4 8 30 22 23 1 25 14 22 26 11 16 5 8 1 2 17 15 13 19 14 27 21 16 17 19 8 24 3
29 5 5 6 14 22 11 30 5 1 15 28 9 13 5 4 5 21 24 0 14 13 14 5 5 24 18 2 15 17 25 19 18 0 6 25 11 26 6 24 20 6 5 18 10 0 14 8 17 12 1 1 19 9 10 15 12 9 10 11 23 9 8 30 7 15 14 21 26 1 18 10 24 7 13 7 23 24 30 6 7 18 30 8 11 12 3 30 26 29 24 8 21 26 17 18
0 7 24 28 27 8 7 16 15 11 9 23 0 26 26 24 19 10 0 19 25 30 13 3 26 16 18 27 5 6 3 25 17 5 24 5 29 10 5 25 23 25 15 3 20 12 22 16 26 6 3 18 24 6 14 20 14 13 7 30 10 27 17 6 20 3 13 10 11 10 6 22 15 20 2 24 2 28 1 17 12 27 20 5 9 14 27 17 26 25 8 26 1 19 16 23
10 9 18 7 22 9 3 14 13 11 29 24 24 30 3 9 22 8 30 1 5 29 24 4 1 10 8 6 8 14 30 6 1 1 13 12 5 19 26 25 4 7 8 2 19 12 0 23 17 19 14 27 29 5 12 13 12 27 20 6 20 28 6 20 26 28 27 30 22 6 26 20 8 18 5 6 17 17 10 5 3 4 6 10 3 16 14 19 0 7 11 20 9 7 1 18
28 12 25 9 30 23 4 25 14 20 9 5 11 20 21 11 6 5 29 1 14 13 27 29 2 30 29 24 20 3 4 23 11 14 29 14 14 21 0 17 21 29 13 29 5 14 9 0 18 8 3 14 6 15 2 5 23 30 3 25 20 1 30 10 16 7 16 27 13 17 6 0 30 12 29 28 5 1 18 19 9 13 27 15 30 17 0 4 23 17 19 4 17 0 5 28
21 21 8 10 16 29 12 9 1 5 15 10 20 24 13 27 19 9 3 4 16 3 1 14 4 27 1 8 20 25 18 28 4 4 0 13 24 8 23 11 26 12 28 1 5 25 0 21 16 8 4 21 14 1 18 25 19 13 8 29 18 9 4 22 23 18 27 19 12 18 9 12 19 10 2 1 21 12 30 1 15 20 10 8 29 26 15 13 0 8 16 10 6 21 10 14
25 14 25 4 2 10 13 16 21 24 18 23 23 29 18 10 15 14 1 21 0 24 0 25 18 29 18 28 20 0 10 10 14 22 3 12 13 18 19 14 26 6 28 21 18 15 30 25 5 6 10 23 7 23 22 8 11 6 23 1 4 7 20 23 7 27 13 3 25 4 12 7 11 24 29 17 15 19 12 9 24 1 30 23 12 6 14 12 9 9 9 4 6 22 25 12
11 13 19 17 25 20 19 20 30 26 26 17 21 1 7 8 13 20 14 21 20 18 14 23 28 9 7 5 29 13 21 12 21 11 10 13 26 4 11 27 27 16 0 25 24 10 18 6 27 12 28 7 9 26 7 28 19 3 27 10 26 4 23 11 18 3 27 8 18 18 7 18 21 22 27 26 5 25 0 30 10 23 30 29 13 2 25 23 3 3 27 19 4 4 9 14
30 5 8 23 6 3 18 5 24 15 12 25 17 2 3 16 11 3 5 10 11 1 11 16 3 5 9 30 0 8 15 14 20 24 17 16 17 15 15 19 15 28 10 9 16 13 16 20 28 0 24 9 16 7 6 12 9 0 29 25 24 14 3 17 1 20 22 29 29 4 13 7 29 26 30 0 5 28 12 17 14 2 4 25 17 15 5 0 25 12 19 22 13 20 13 26
12 8 0 21 8 12 6 14 27 26 2 23 16 10 1 6 26 26 20 2 21 17 11 11 23 14 0 28 8 6 8 25 14 30 27 14 16 20 5 13 30 15 29 14 20 30 23 24 8 18 8 13 7 27 14 10 14 2 18 5 13 6 1 2 0 9 25 20 28 2 1 27 4 16 21 16 19 5 16 11 9 21 17 21 11 1 4 24 27 16 22 5 21 29 10 16
2 2 17 26 15 17 11 25 2 6 21 17 22 29 17 20 20 2 19 19 1 18 23 27 13 23 12 22 9 10 5 8 19 7 2 5 27 30 10 21 13 26 8 11 5 23 11 2 12 24 3 7 25 28 4 1 12 8 25 26 25 20 24 30 16 12 11 10 15 26 16 0 11 25 30 24 28 22 26 15 11 24 6 14 21 27 12 16 2 30 28 12 24 30 18 24
26 7 4 9 1 14 0 27 6 9 21 25 11 12 10 23 30 7 7 5 22 27 12 2 19 14 4 24 29 23 28 29 25 28 8 1 1 13 11 11 16 6 26 22 27 13 3 10 4 5 22 8 27 27 20 25 3 25 8 29 24 9 14 22 30 20 16 17 24 22 10 23 4 1 2 4 29 24 8 9 28 3 8 15 0 23 11 1 0 16 10 21 26 4 15 17
6 12 24 17 10 6 14 12 27 8 9 3 12 2 3 19 10 14 0 18 22 30 11 9 24 5 16 12 3 0 1 3 20 4 0 1 5 10 23 7 22 20 30 28 18 16 12 9 20 25 5 8 3 1 0 21 20 12 6 14 19 26 8 26 9 18 24 6 0 7 10 3 9 0 6 9 20 27 11 23 21 30 21 24 0 3 29 1 1 10 5 24 6 0 10 7
22 23 5 20 11 11 24 27 15 16 27 3 17 5 27 29 8 29 16 9 8 18 18 22 17 5 19 2 18 2 1 26 16 14 30 25 7 16 27 1 29 24 17 5 19 5 3 17 16 6 23 15 18 20 4 28 14 13 13 4 16 20 20 26 30 27 19 30 22 12 10 22 6 8 19 12 15 11 20 7 30 14 25 17 22 20 12 15 1 30 29 11 6 17 23 22
23 3 22 4 30 20 8 19 26 16 23 7 17 4 3 5 13 13 19 3 3 4 7 25 1 5 17 9 14 6 7 9 23 17 5 17 21 22 2 29 26 8 28 8 19 17 27 1 8 11 21 3 22 20 7 3 19 4 13 21 14 2 14 23 26 4 30 20 29 22 20 15 4 12 13 27 15 28 23 30 7 29 4 10 17 28 6 0 21 0 8 30 19 9 27 7
16 3 27 11 16 17 18 16 7 20 28 4 6 15 24 1 5 4 16 2 6 26 26 24 25 8 13 27 12 16 20 26 17 16 1 6 16 28 6 27 10 26 10 29 9 14 7 15 10 12 4 4 5 11 17 8 7 17 18 21 3 17 18 2 26 22 12 4 7 2 28 0 15 10 25 15 20 20 0 13 19 17 2 20 16 22 15 30 21 18 5 18 3 13 7 5
26 22 24 12 1 10 12 27 24 18 7 0 25 21 1 22 19 25 28 11 8 3 6 13 9 20 5 29 18 24 2 30 5 23 30 27 11 14 16 11 30 19 2 22 26 10 20 15 14 0 10 30 8 21 14 18 22 27 12 2 30 20 7 25 8 24 4 27 4 1 28 1 9 30 20 24 11 0 1 9 16 14 2 27 25 8 0 4 5 20 6 25 19 4 14 6
4 28 4 30 17 17 7 18 5 18 1 19 21 13 4 5 12 4 26 12 8 1 9 6 15 10 1 24 10 6 10 27 4 19 4 16 30 6 4 11 1 10 19 4 3 1 26 8 16 0 22 18 19 8 17 25 21 30 3 18 5 5 7 10 10 2 9 29 11 27 2 12 7 7 8 18 0 7 16 16 24 10 11 12 9 23 20 14 3 2 5 22 27 28 16 22
0 1 14 5 20 6 3 6 25 0 7 12 1 16 16 22 16 11 14 21 4 7 30 26 0 30 6 24 13 25 18 20 1 7 28 14 13 7 21 14 23 13 8 22 28 0 12 10 29 18 11 27 21 14 13 1 3 19 10 19 12 26 26 12 27 5 19 10 18 9 12 24 25 17 12 0 28 16 6 18 12 10 16 26 11 13 21 23 4 22 13 24 13 16 18 7
5 11 19 19 18 4 30 3 21 30 1 9 9 15 26 26 21 1 21 9 7 16 21 25 29 1 18 21 19 13 12 8 20 30 9 23 1 1 25 7 25 6 4 5 4 14 9 2 17 10 23 15 15 19 6 23 18 7 18 9 24 16 19 23 6 28 0 5 2 22 3 24 6 28 22 15 14 27 20 18 17 11 14 27 29 26 12 28 28 15 6 14 8 13 11 7
11 13 17 28 0 13 19 2 16 5 6 30 9 29 29 22 22 3 16 14 19 11 22 16 0 23 24 29 11 1 12 9 19 17 8 4 29 5 5 28 18 3 13 20 20 17 1 12 27 8 22 29 6 26 24 16 9 6 22 7 15 22 28 16 25 15 9 23 1 26 22 0 22 14 20 19 25 3 29 8 22 3 15 20 22 30 30 4 27 29 0 23 20 26 10 23
30 7 1 19 20 8 11 29 4 10 0 15 0 29 23 0 13 15 18 16 23 17 18 20 17 27 8 22 13 26 20 11 22 29 0 16 3 5 19 27 6 18 30 29 11 17 18 26 27 11 30 24 2 20 6 13 19 3 25 27 16 29 4 13 29 7 14 17 11 26 29 8 8 27 28 21 24 0 7 11 11 29 8 24 20 16 9 10 11 13 20 25 2 2 18 26
2 19 8 7 18 26 9 1 29 6 20 3 25 18 23 12 8 11 18 19 11 26 30 2 24 9 18 11 26 10 28 17 14 6 14 22 19 14 22 24 19 11 8 14 23 14 29 0 10 26 23 8 24 22 21 16 21 22 5 30 25 3 22 1 3 26 13 5 3 18 17 6 9 19 23 4 6 2 9 28 23 12 24 21 18 24 12 12 23 1 1 24 16 21 9 27
7 5 9 5 22 7 27 25 28 27 22 11 22 5 1 29 4 20 13 1 4 19 6 13 2 22 0 4 5 21 4 8 11 30 7 5 13 8 22 8 5 29 22 29 7 11 1 8 22 17 27 14 1 19 11 14 17 25 18 1 24 13 11 12 30 29 19 4 0 27 5 20 29 8 14 27 20 4 13 15 20 23 21 17 12 6 17 28 9 17 12 23 18 0 2 2
13 27 5 23 16 29 23 27 25 17 26 11 6 24 7 11 22 0 13 28 5 11 18 8 19 12 10 1 6 4 21 22 17 11 22 14 6 30 11 4 0 6 4 28 25 8 6 9 23 8 13 16 13 5 19 9 24 2 28 7 21 6 24 9 24 20 6 28 19 13 4 1 13 12 28 27 3 6 22 18 28 26 10 24 17 0 29 19 26 24 17 28 8 12 2 22
27 8 9 26 1 29 27 21 27 16 1 7 30 10 9 10 24 5 3 14 4 1 6 23 20 23 9 0 29 14 20 26 2 25 16 7 8 20 3 2 12 30 13 8 16 29 5 26 24 10 22 16 10 10 23 2 20 22 13 4 27 7 25 27 10 16 25 4 25 22 2 0 16 28 24 6 18 23 14 19 23 18 29 8 11 18 20 0 13 26 3 11 1 20 9 28
26 19 16 0 7 30 16 9 12 29 29 9 30 20 13 10 26 29 7 22 6 15 24 0 17 11 16 23 29 30 29 6 1 9 28 27 17 22 21 20 21 11 13 21 21 5 16 24 14 25 8 26 26 6 0 28 11 24 5 3 27 11 5 1 24 19 30 14 20 23 12 9 23 23 16 20 22 22 10 9 17 9 13 27 2 29 11 7 14 16 22 26 10 24 21 9
10 14 17 22 20 3 26 9 25 0 20 0 16 5 0 9 15 17 10 12 5 27 24 29 12 8 10 12 19 7 7 29 23 15 26 3 8 29 7 18 11 23 29 26 23 6 17 26 13 3 7 8 23 15 4 8 27 19 28 5 22 0 28 28 30 10 23 2 13 17 9 14 13 3 18 9 28 5 14 19 27 20 10 16 22 12 25 14 20 27 5 18 3 18 9 22
3 1 1 8 28 2 12 16 0 21 1 10 5 15 30 1 14 13 15 4 27 3 10 4 6 18 10 20 14 15 0 7 20 21 4 2 17 11 1 20 3 20 3 21 9 30 24 18 22 30 15 22 9 3 16 24 4 4 14 28 3 17 21 14 18 24 30 0 24 17 12 8 19 22 11 22 21 8 21 28 2 14 9 29 15 17 27 30 22 22 1 30 20 3 13 5
11 19 2 2 24 10 8 17 9 3 19 16 10 20 17 20 19 4 24 19 6 26 30 22 12 12 3 1 7 3 8 4 10 7 0 18 1 5 3 17 24 2 2 24 28 17 13 14 16 23 26 29 18 17 22 23 0 26 19 13 13 25 14 14 15 30 4 2 29 5 20 10 1 14 15 26 5 11 7 28 19 17 2 30 5 23 25 22 30 16 30 29 21 18 30 29
3 12 1 10 1 5 5 30 21 19 22 12 28 19 18 19 0 13 22 15 24 2 13 9 18 13 12 2 29 20 22 29 5 16 15 23 18 2 2 20 26 17 22 1 16 11 15 29 15 19 6 19 17 2 2 1 6 23 5 7 23 6 24 20 11 16 11 13 5 17 11 4 13 17 12 18 10 0 25 4 16 26 23 24 10 15 12 11 15 12 13 17 27 19 13 12
4 21 15 13 2 28 20 15 22 26 28 1 14 22 20 16 25 3 23 14 6 6 25 12 19 3 17 28 15 23 29 9 30 0 2 9 24 21 27 11 6 11 24 26 1 18 9 30 18 15 2 22 4 27 21 12 13 9 27 21 8 26 6 17 12 18 26 14 13 5 17 20 22 18 12 26 19 12 20 0 16 13 22 13 28 14 13 14 22 14 30 9 13 29 22 29
25 18 4 20 18 14 25 3 3 14 5 13 21 5 10 8 6 28 7 12 26 7 30 4 25 11 20 26 10 23 13 11 15 2 9 1 18 0 26 11 27 28 0 28 21 29 15 28 24 25 1 8 29 10 22 17 5 15 27 14 25 4 2 14 7 16 18 24 21 24 30 29 22 19 16 11 24 19 9 7 3 11 24 6 4 24 20 15 8 10 20 12 24 10 2 18
30 26 23 5 19 0 1 3 10 20 23 7 25 12 27 7 20 20 28 29 2 26 12 4 9 3 12 28 19 8 25 1 13 14 1 10 4 0 27 4 1 19 16 8 10 23 19 10 19 27 12 7 5 7 26 14 14 4 3 18 14 26 19 12 15 4 26 19 21 18 0 25 11 8 0 17 10 24 4 17 2 28 10 24 8 29 16 1 18 26 17 24 3 19 5 6
27 20 26 14 28 23 24 13 26 25 21 18 0 17 5 7 2 19 17 30 7 20 5 6 23 9 26 27 5 14 17 17 28 20 23 12 2 7 21 24 21 9 25 23 21 15 14 30 26 4 0 28 23 3 26 1 18 18 18 25 29 17 8 12 16 12 15 22 1 27 10 4 13 26 9 30 27 5 28 25 9 24 2 30 15 24 26 18 25 8 15 27 30 24 1 6
16 3 22 9 28 9 6 12 8 11 18 11 0 27 3 15 27 17 0 23 28 6 18 30 26 10 8 13 21 21 14 6 8 28 2 12 19 14 21 26 19 11 0 6 20 25 15 8 15 28 10 15 12 14 17 9 3 24 10 27 3 23 28 7 8 8 1 10 8 14 10 12 13 26 23 4 3 0 25 5 2 21 7 15 14 6 6 30 9 3 2 1 30 22 22 14
19 30 30 29 1 19 30 26 8 23 15 14 2 11 14 29 13 14 22 19 4 27 21 27 29 13 16 10 15 30 17 16 8 27 8 14 29 16 2 3 5 9 26 19 12 25 20 6 6 10 18 25 8 5 18 5 5 10 30 20 23 7 2 12 11 12 8 23 0 6 12 28 19 6 0 1 5 3 6 29 27 7 18 1 26 1 19 0 5 28 15 27 0 6 1 16
24 17 6 3 13 18 9 30 1 12 27 26 23 1 10 18 21 29 7 28 14 9 6 0 15 10 28 28 10 24 18 10 24 30 17 16 14 30 18 28 18 5 13 21 18 21 7 16 5 10 21 11 6 3 19 4 21 7 7 13 21 7 1 19 23 25 24 7 29 26 30 30 2 17 28 12 14 19 18 26 11 7 21 3 27 22 17 17 26 21 5 24 9 18 1 23
10 28 25 7 5 0 29 16 2 0 23 11 16 21 30 25 13 27 2 30 4 11 18 24 21 4 10 0 13 10 8 23 10 8 25 30 2 12 13 20 18 16 2 8 3 6 19 11 1 8 9 1 21 24 4 30 26 29 14 15 27 13 25 9 24 27 2 3 1 12 7 0 9 24 4 12 23 25 5 3 14 25 3 23 10 23 27 7 12 0 5 27 22 29 16 15
25 15 10 24 1 7 12 10 22 4 14 28 14 28 14 19 14 15 15 30 3 23 3 19 6 5 24 20 13 12 5 2 23 17 7 26 12 25 2 27 29 7 6 21 0 23 17 6 4 13 22 8 24 6 27 19 8 29 0 19 16 25 1 24 30 1 23 12 2 26 22 24 20 12 9 16 21 8 17 16 14 2 21 17 17 11 16 23 22 20 5 0 3 12 9 5
20 14 23 26 10 10 11 7 4 28 20 26 18 12 22 28 26 0 26 22 22 27 18 20 25 23 6 9 7 3 13 3 6 20 18 14 3 28 7 25 20 10 19 1 21 20 27 25 16 17 10 8 24 12 21 14 27 27 12 22 14 7 2 22 12 10 1 16 18 28 10 9 30 28 23 22 11 3 24 8 10 24 27 5 30 10 23 30 9 15 19 2 25 18 19 9
6 20 13 23 4 26 13 10 30 16 27 15 28 0 24 18 13 5 25 22 19 5 4 23 14 2 12 22 1 20 30 14 24 3 6 8 17 25 6 3 6 8 15 21 19 8 15 28 22 15 0 2 1 29 1 27 24 30 5 14 22 8 14 10 2 17 16 1 19 23 6 14 9 1 30 8 12 23 11 19 6 12 5 4 5 23 21 10 20 1 27 2 26 25 29 23
29 29 22 12 1 27 5 25 13 8 21 18 29 12 5 7 7 0 7 14 11 9 12 9 22 16 8 1 7 16 3 12 14 25 18 3 6 12 17 8 22 7 9 21 0 10 19 18 29 25 25 12 10 6 4 27 8 13 19 28 28 18 13 28 10 17 12 26 2 30 29 11 20 4 1 16 24 8 30 3 20 18 4 6 29 30 11 19 8 12 5 5 15 22 9 15
6 13 24 19 9 29 20 25 23 4 27 1 24 5 2 0 23 21 16 26 8 19 12 28 23 24 18 28 26 22 21 15 22 24 10 20 12 16 22 27 10 30 25 18 10 23 4 1 9 19 4 16 22 12 19 1 21 0 27 5 2 28 2 5 5 11 25 10 19 1 28 25 27 26 14 5 1 15 23 16 28 26 27 30 30 16 25 7 11 22 3 20 25 8 1 1
26 28 2 24 30 29 21 28 23 4 1 28 20 14 30 5 24 5 0 20 30 28 11 4 20 14 9 19 21 30 1 22 10 0 14 8 24 2 22 15 19 2 29 7 7 1 19 0 12 28 28 22 14 25 18 2 21 13 11 30 27 11 11 12 2 7 16 27 18 25 21 21 25 27 17 1 8 24 7 11 22 14 23 20 16 21 13 11 3 28 17 6 25 16 5 12
7 1 17 17 16 25 13 10 20 11 29 21 7 11 28 15 23 29 12 4 3 0 27 11 10 16 27 23 3 13 16 28 3 5 4 4 16 22 1 27 27 23 7 1 28 7 7 30 4 30 7 8 1 17 27 10 17 14 21 15 1 9 8 18 8 28 15 30 15 5 26 19 11 10 14 27 28 25 30 21 26 16 5 28 21 12 17 4 20 3 1 24 21 29 4 7
15 4 26 0 7 8 17 26 10 1 21 26 17 29 7 4 4 29 25 0 2 11 13 12 2 27 6 5 15 11 17 20 24 12 29 19 6 8 24 21 3 21 4 21 7 23 17 27 15 21 10 23 13 13 6 23 12 11 0 23 5 1 20 30 30 23 0 27 5 21 16 0 4 15 20 28 20 22 21 8 20 9 0 1 27 16 29 12 21 15 1 8 5 27 23 9
0 19 20 4 22 14 24 2 20 14 26 18 22 27 29 13 21 2 1 0 9 7 28 2 5 7 9 10 25 16 9 4 17 17 15 30 12 12 14 25 19 5 2 15 16 25 11 12 3 25 8 29 20 28 26 28 19 11 20 16 23 9 15 22 3 22 18 5 1 21 16 18 11 21 10 13 14 3 18 25 29 4 9 0 17 25 12 14 9 13 2 9 1 17 18 11
23 18 21 10 17 25 26 22 29 10 2 10 15 5 13 4 14 23 24 25 5 28 30 9 13 11 30 17 3 24 17 17 25 15 23 27 3 1 12 23 13 16 28 23 21 0 10 15 21 28 30 26 19 20 12 16 3 3 1 15 24 7 17 10 19 6 13 17 13 0 6 25 28 12 27 15 8 12 1 18 7 2 25 1 23 30 10 24 4 30 29 28 14 10 11 26
29 8 28 25 25 13 12 3 29 13 29 12 20 25 28 26 25 1 23 23 26 14 4 14 10 4 12 17 30 27 12 13 22 17 0 27 23 24 17 25 6 17 10 0 13 20 10 13 29 22 5 13 18 1 30 12 20 13 14 20 20 6 26 6 13 12 24 12 14 20 26 24 11 24 16 19 11 12 26 23 4 28 24 29 17 1 14 3 21 24 24 12 9 0 12 0
27 12 2 14 18 21 20 25 16 18 16 27 3 15 17 13 5 5 17 28 2 11 24 14 28 5 0 26 27 8 28 7 5 7 24 17 13 22 16 6 20 13 23 7 18 17 21 12 19 8 30 20 30 2 6 23 14 12 7 24 3 16 10 22 27 9 22 20 26 4 25 16 21 6 13 28 29 17 21 0 14 16 23 30 27 16 6 3 17 28 16 15 9 20 5 7
4 10 30 2 25 7 22 29 10 29 21 28 8 13 13 25 0 27 20 15 5 24 26 11 17 9 17 1 0 10 6 21 23 17 9 29 14 29 18 21 5 19 3 24 3 1 21 9 10 18 30 9 30 9 23 16 4 17 25 14 22 6 12 20 14 18 19 6 19 27 29 29 11 11 25 9 28 19 11 29 27 27 12 30 14 8 10 3 4 26 26 10 6 4 1 5
28 13 22 13 17 9 3 8 7 27 26 29 14 22 22 5 19 28 3 20 27 7 0 9 16 19 25 8 14 30 28 8 29 1 26 26 29 14 30 18 30 9 28 22 9 14 23 11 11 4 10 20 10 30 25 11 28 15 30 4 3 29 28 5 1 30 17 4 19 2 19 2 0 18 2 12 20 6 0 29 28 9 11 28 18 30 26 25 3 6 12 15 14 13 27 2
26 1 28 8 10 9 18 22 5 23 19 23 10 2 28 1 21 20 1 23 12 2 2 25 3 22 21 7 18 24 29 28 25 13 13 15 0 4 24 20 12 12 6 12 9 12 8 29 26 27 26 13 12 27 3 2 26 30 0 2 9 7 18 10 22 13 30 11 19 28 18 26 29 29 13 8 20 2 2 16 27 13 13 8 27 15 8 2 20 18 18 24 30 18 16 15
13 5 20 28 7 20 15 6 17 11 18 15 7 5 27 28 1 22 17 6 2 19 25 2 16 25 10 22 0 15 7 28 12 5 2 24 29 2 26 17 23 10 15 2 24 15 30 19 1 7 8 4 20 2 15 28 2 9 8 24 9 10 8 27 27 11 6 29 18 25 28 11 13 0 4 19 16 23 15 2 23 12 8 6 7 11 1 1 12 24 3 7 14 1 0 20
23 2 10 16 24 18 11 17 8 15 5 12 17 17 18 12 29 21 29 30 29 29 20 18 3 10 13 2 3 24 29 0 4 8 10 17 10 17 18 17 30 10 26 9 17 1 11 19 25 22 8 29 12 2 3 24 4 16 28 11 7 2 17 17 4 12 18 2 23 17 8 21 3 16 27 15 27 16 20 10 0 4 22 27 20 20 20 10 22 5 18 1 24 11 5 17
25 10 21 12 12 12 15 17 11 12 29 0 19 9 7 10 1 1 21 12 24 13 21 18 21 4 20 10 28 16 17 12 8 30 28 12 13 9 20 10 6 9 18 15 12 28 26 5 14 13 1 5 23 19 6 18 8 30 11 2 21 10 11 7 24 21 0 29 24 15 4 18 3 24 9 27 1 3 14 2 18 21 6 28 4 15 22 0 9 0 27 10 7 3 24 4
5 22 10 26 3 6 8 16 29 25 27 26 13 24 3 19 30 26 22 22 6 19 30 21 4 24 21 3 27 1 24 24 23 14 11 30 23 17 7 17 2 24 20 6 4 8 17 11 12 8 16 4 21 28 14 22 19 5 29 2 1 25 28 10 3 9 20 14 13 11 16 9 22 11 27 5 3 8 11 17 4 8 17 14 0 22 28 30 2 9 7 20 26 22 13 26
13 1 25 4 11 16 2 26 0 7 0 9 16 22 1 27 23 11 14 14 2 18 11 23 15 7 21 5 25 5 9 23 2 11 19 8 8 30 12 8 12 0 11 11 14 3 21 30 2 17 4 11 30 15 6 14 28 3 18 22 27 20 2 6 11 20 11 5 14 29 9 15 5 5 12 8 20 29 30 24 24 25 2 6 10 25 2 20 30 30 14 22 7 15 9 27
15 8 27 5 9 21 20 26 24 23 13 4 5 8 27 12 6 27 11 9 7 14 20 19 2 6 6 12 17 2 0 9 8 7 12 22 7 19 20 24 3 5 28 3 30 5 3 0 19 21 11 18 18 8 20 5 14 5 26 6 29 1 30 3 24 24 20 5 17 23 10 13 3 1 25 3 3 8 11 8 9 6 19 11 22 19 25 27 26 15 4 3 12 25 11 23
25 15 19 13 12 27 26 20 8 5 26 16 2 4 16 2 5 19 19 17 28 25 8 8 30 2 13 14 17 4 25 6 26 14 24 11 26 19 11 3 8 15 0 24 23 1 12 10 27 19 17 26 16 18 1 16 13 29 14 9 25 5 22 25 21 18 29 4 11 22 28 0 28 18 27 14 28 0 20 19 18 30 14 28 17 24 30 4 17 30 6 1 28 21 25 24
9 14 1 10 15 19 1 17 11 22 6 26 6 5 2 11 24 22 1 21 25 26 23 27 12 4 3 6 25 15 14 25 6 4 6 24 10 18 12 23 11 9 7 10 17 23 26 5 21 26 5 27 25 20 25 27 2 26 5 18 7 27 9 1 17 6 12 18 9 5 8 29 20 21 24 11 3 6 3 9 13 30 18 13 30 7 2 6 12 7 16 1 9 6 29 15
7 26 18 25 26 15 19 29 3 2 3 15 21 6 10 1 4 15 18 4 17 20 7 17 26 20 30 9 29 14 3 16 9 9 6 28 24 6 10 4 21 0 7 22 27 15 0 27 29 20 14 18 21 6 26 30 14 17 19 24 18 6 21 3 20 19 13 27 21 14 9 16 30 17 7 29 18 21 1 17 5 19 8 3 18 3 21 2 29 9 8 20 0 11 0 25
3 4 21 24 14 21 2 7 27 13 11 24 20 21 27 0 5 6 14 5 7 7 10 1 3 1 19 6 15 20 9 27 20 15 29 6 3 23 14 21 24 6 27 0 25 30 23 3 30 17 3 14 28 18 11 29 26 24 11 5 0 8 28 16 11 9 20 11 23 27 6 8 12 6 29 16 12 25 12 3 28 8 0 15 24 23 7 15 19 16 13 10 5 4 3 8
25 1 9 1 17 28 8 18 20 5 23 6 5 0 25 9 23 22 9 9 15 25 22 8 6 17 11 13 29 22 21 15 26 14 6 6 26 7 11 15 28 27 21 17 23 7 9 7 27 6 15 13 5 2 29 10 0 12 5 6 14 12 1 30 2 17 15 24 8 22 3 24 27 15 21 14 21 13 12 0 0 1 16 7 5 25 23 27 15 4 14 19 23 13 15 10
12 11 1 8 27 19 27 8 10 6 19 17 19 12 17 26 3 27 14 25 30 23 17 26 3 26 3 13 9 8 14 2 11 11 24 5 3 13 15 29 26 6 1 26 5 21 26 23 26 4 2 13 24 15 0 16 26 18 16 0 19 2 12 4 25 29 2 18 29 21 21 9 25 4 30 3 10 21 24 12 24 26 17 12 25 15 25 22 6 11 1 23 14 19 28 26
1 3 16 3 12 14 9 23 15 21 4 7 6 13 14 22 15 11 0 8 23 23 18 24 27 17 5 19 23 6 1 0 10 12 26 21 22 19 0 17 4 24 7 8 8 28 6 26 22 15 1 11 4 8 7 26 28 20 24 9 0 25 1 1 9 16 7 2 19 14 16 5 7 9 29 5 21 18 8 4 6 12 4 1 10 0 30 19 19 22 12 8 20 8 10 17
25 21 1 14 18 17 21 4 22 8 4 22 3 12 7 29 6 5 30 14 22 14 16 19 23 23 21 22 1 7 26 21 15 18 26 29 21 12 3 23 9 22 3 7 10 12 22 29 2 28 29 5 13 21 9 22 8 25 9 6 26 5 6 25 30 0 30 4 21 8 19 9 19 21 23 25 22 2 13 2 28 0 23 11 2 5 15 23 4 14 0 22 13 13 3 5
21 2 27 16 25 23 0 12 28 20 28 11 19 22 14 30 10 4 16 9 9 30 20 19 11 28 1 7 21 8 28 14 26 30 0 7 30 16 12 13 10 0 17 21 2 8 10 8 10 6 7 17 19 17 29 4 24 19 28 1 22 20 26 11 4 24 19 9 6 17 19 15 17 4 30 9 11 9 13 25 11 3 0 7 22 25 26 5 21 11 18 1 26 12 21 24
21 11 12 14 20 18 27 25 13 9 7 14 8 16 3 16 18 4 3 29 5 5 13 5 0 3 14 20 28 10 4 8 20 21 25 22 25 21 22 11 14 7 28 24 19 18 5 6 17 22 25 14 3 18 27 1 25 22 11 28 16 0 9 21 20 14 15 19 13 3 0 0 8 14 13 1 3 25 25 1 30 8 12 11 22 19 11 20 26 21 20 14 2 8 11 28
1 11 8 5 30 9 25 17 11 30 15 5 27 1 16 6 23 28 13 28 6 5 13 25 29 11 28 4 6 10 11 7 10 3 3 19 15 26 22 5 24 19 23 5 7 4 7 23 16 27 6 24 22 30 1 13 17 2 11 22 10 24 20 23 25 19 28 19 24 11 21 19 10 21 28 22 25 15 17 8 19 20 24 6 15 7 24 10 26 19 11 18 16 6 25 3
11 27 14 14 25 1 7 17 8 18 4 17 4 12 25 14 14 8 11 6 22 18 12 12 18 30 30 14 0 26 15 28 27 12 24 16 11 17 12 16 15 23 21 16 25 27 25 7 10 8 28 8 4 21 0 11 29 14 28 20 10 7 4 1 27 17 15 25 24 11 23 18 16 18 19 2 25 23 28 7 25 9 6 10 16 13 9 24 3 11 30 3 28 14 27 7
10 16 9 8 11 18 22 18 26 27 24 18 29 2 22 29 26 29 10 19 26 7 2 20 27 9 13 4 7 19 13 29 30 2 10 7 12 9 20 13 20 4 20 1 25 9 23 27 17 13 0 24 20 20 10 16 0 12 12 29 0 10 25 19 5 8 7 21 16 9 28 13 25 1 3 26 25 5 15 17 25 29 13 10 2 27 27 21 19 17 19 27 17 9 3 8
25 8 21 17 25 18 12 28 22 21 25 21 19 24 5 28 14 20 30 11 2 1 0 11 19 13 13 18 27 16 12 25 16 21 13 27 21 26 6 15 1 1 7 12 12 25 12 2 28 22 8 20 17 16 27 27 12 17 3 26 22 18 22 6 14 26 19 15 19 12 10 18 10 14 22 16 14 28 9 20 3 15 10 11 9 7 5 15 14 18 28 17 27 8 15 24
17 0 26 27 27 21 4 14 26 28 30 30 19 7 18 17 11 7 29 22 11 0 25 6 19 9 20 26 17 28 23 10 18 2 14 24 27 0 4 5 18 10 19 24 16 30 5 10 4 16 2 6 26 20 22 25 10 19 30 12 6 30 11 3 27 11 4 19 4 3 5 10 24 15 25 18 7 13 18 24 23 6 23 2 18 2 3 21 4 15 20 13 30 19 1 15
24 8 11 8 13 21 14 20 25 13 12 18 4 7 8 12 12 9 26 1 8 10 19 2 30 11 10 12 20 7 2 1 7 1 5 2 9 14 22 21 17 9 26 24 5 24 1 5 18 7 2 2 22 12 25 15 4 7 27 7 0 30 20 14 16 9 4 22 14 22 10 26 1 8 3 23 6 5 14 8 26 6 16 6 9 24 19 26 30 14 20 1 4 14 14 14
3 30 30 2 3 0 13 15 13 13 15 15 4 1 27 25 0 18 27 4 5 15 19 12 27 14 23 18 10 13 14 14 5 5 17 22 10 16 13 13 23 0 29 15 13 9 26 30 28 9 4 14 22 20 5 10 13 6 0 20 20 26 9 5 4 6 17 29 10 23 9 23 2 25 9 14 27 0 14 19 17 18 30 1 17 18 29 13 11 20 4 25 25 7 8 6
3 24 0 26 20 5 12 25 30 7 1 12 16 25 3 22 25 26 4 12 6 29 13 15 15 8 9 25 28 7 19 18 24 7 29 1 16 0 4 8 8 8 4 27 10 12 4 13 7 11 24 11 25 14 15 1 1 30 0 3 29 30 20 6 26 27 10 25 24 11 15 16 1 11 1 15 27 10 0 5 19 11 18 15 27 5 6 8 17 3 4 6 13 15 25 19
0 9 21 19 3 26 20 15 9 24 13 13 10 7 26 13 0 21 28 5 12 25 19 13 9 14 17 4 0 23 17 26 29 12 26 27 26 23 30 10 26 27 15 3 21 26 28 21 4 1 22 17 16 9 16 17 26 19 2 15 15 17 15 9 6 13 19 22 28 0 19 18 23 3 12 16 19 20 4 26 24 25 17 2 7 26 23 19 25 8 8 7 6 3 30 13
5 18 1 12 13 16 4 10 18 17 21 5 30 6 1 15 15 20 30 26 6 2 21 0 26 13 2 6 23 29 3 12 18 29 8 1 13 20 14 21 4 23 2 11 19 1 25 10 29 19 10 8 5 1 1 13 11 4 20 0 23 5 26 8 26 18 14 30 11 25 12 4 12 7 24 0 30 28 25 9 7 11 13 1 21 4 17 9 4 6 26 15 17 14 6 29
17 6 10 1 0 25 29 17 19 27 30 28 23 22 10 15 1 17 12 10 24 17 30 13 11 1 14 9 7 18 5 15 30 15 15 12 5 2 9 18 29 22 23 27 26 8 30 6 20 22 0 30 27 15 12 21 29 3 25 11 3 12 12 27 20 21 3 13 21 4 7 30 16 2 23 16 3 16 7 4 5 21 11 16 4 10 23 15 10 19 4 13 9 15 8 12
