16 16
24 0 0 0 0 0 0 0 0 0 0 0 0 0 0 0
0 28 0 0 0 0 0 0 0 0 0 0 0 0 0 0
0 0 2 0 0 0 0 0 0 0 0 0 0 0 0 0
0 0 0 8 0 0 0 0 0 0 0 0 0 0 0 0
0 0 0 0 25 0 0 0 0 0 0 0 0 0 0 0
0 0 0 0 0 15 0 0 0 0 0 0 0 0 0 0
0 0 0 0 0 0 17 0 0 0 0 0 0 0 0 0
0 0 0 0 0 0 0 8 0 0 0 0 0 0 0 0
0 0 0 0 0 0 0 0 20 0 0 0 0 0 0 0
0 0 0 0 0 0 0 0 0 16 0 0 0 0 0 0
0 0 0 0 0 0 0 0 0 0 21 0 0 0 0 0
0 0 0 0 0 0 0 0 0 0 0 0 0 0 0 0
0 0 0 0 0 0 0 0 0 0 0 0 13 0 0 0
0 0 0 0 0 0 0 0 0 0 0 0 0 4 0 0
0 0 0 0 0 0 0 0 0 0 0 0 0 0 21 0
0 0 0 0 0 0 0 0 0 0 0 0 0 0 0 16
