16 16
17 7 17 27 20 28 12 23 6 6 20 19 14 10 10 10
29 14 24 0 21 25 5 20 14 6 6 21 7 28 4 10
0 14 28 20 19 20 25 16 27 25 30 11 28 11 28 10
23 7 8 13 1 30 20 29 14 29 23 17 4 9 24 22
14 25 23 2 25 28 10 26 23 23 12 21 7 12 19 6
24 5 4 3 29 4 29 1 6 18 27 6 6 21 22 29
10 14 16 15 26 22 1 20 6 10 24 9 9 1 9 22
21 0 22 26 13 18 22 5 18 21 16 11 20 8 22 3
12 25 9 17 7 17 16 0 8 7 10 14 4 5 21 8
6 24 12 15 16 10 15 19 6 8 5 0 29 3 16 19
30 17 27 15 28 12 11 12 27 8 22 4 28 9 22 28
14 21 20 25 4 21 22 26 18 29 6 11 1 10 7 18
4 24 17 26 13 11 14 14 14 25 30 17 27 4 10 26
27 9 7 30 22 28 22 30 9 16 27 22 13 13 8 7
15 30 5 6 27 14 5 5 26 13 18 24 17 7 23 4
19 30 26 27 6 28 21 8 19 1 0 9 15 7 23 22
