17 17
11 14 1 16 26 5 28 3 7 7 28 28 15 18 24 28 19
22 3 19 2 7 0 16 18 6 21 24 6 15 16 25 22 5
2 29 0 29 26 23 30 27 7 15 10 30 8 1 30 14 22
7 4 23 16 0 15 10 26 12 13 29 27 10 20 23 9 5
7 21 19 3 1 18 12 1 21 3 5 15 23 10 14 11 1
20 14 7 24 22 14 12 1 29 0 4 9 3 22 7 4 8
12 0 23 21 12 0 27 13 16 20 0 8 16 25 19 16 8
11 1 21 23 21 9 1 4 9 12 8 29 27 28 8 0 27
15 7 24 10 9 2 14 15 10 16 20 5 1 20 16 4 6
29 29 16 16 21 23 11 12 1 16 24 0 13 14 18 4 5
1 27 18 22 29 2 10 1 23 4 30 12 3 19 1 9 3
12 21 3 6 11 26 10 19 22 10 25 13 13 18 15 10 2
10 29 16 13 8 5 23 12 3 14 4 29 2 21 0 22 26
10 6 15 23 14 15 29 25 14 27 19 12 27 25 19 3 28
21 27 2 7 22 26 3 23 19 7 26 8 0 3 10 16 10
10 0 21 30 18 28 22 10 3 14 29 27 5 21 12 0 13
11 15 28 20 19 13 29 29 28 7 7 13 6 16 22 2 15
