18 18
24 28 4 3 16 21 8 10 0 26 18 25 8 1 14 16 23 17
5 21 16 7 7 17 17 9 11 20 30 7 4 19 15 2 18 10
18 4 28 16 3 8 12 7 18 1 14 25 25 10 3 11 3 22
3 7 6 21 22 9 3 25 19 0 7 29 14 1 20 14 29 1
18 23 5 21 30 18 8 27 28 29 10 13 6 17 23 6 17 24
27 4 19 1 2 9 28 17 0 0 27 10 24 13 6 20 21 0
12 7 23 22 9 4 11 26 4 16 26 21 30 26 8 28 12 9
10 21 9 25 29 27 17 19 3 19 14 1 10 21 13 24 27 1
18 11 12 24 2 12 12 19 27 22 1 4 14 23 11 27 12 9
0 10 17 30 17 19 24 23 28 13 8 20 23 2 18 6 18 20
17 4 20 5 24 17 9 3 11 28 10 23 25 2 15 20 27 9
6 11 30 21 22 11 14 5 0 0 1 21 10 30 12 18 3 26
12 20 1 6 26 25 3 3 28 19 30 29 29 10 28 12 0 19
26 4 28 10 10 16 5 5 14 25 18 4 13 28 14 30 23 4
21 13 8 0 13 6 3 17 6 7 16 5 29 23 12 21 27 11
18 11 29 30 24 4 14 22 26 26 0 27 21 24 14 8 2 0
30 12 28 3 20 27 25 12 9 3 12 24 23 1 27 13 22 7
3 16 6 13 26 4 2 16 2 11 24 26 15 0 1 9 22 26
