24 24
4 14 11 14 21 9 4 11 2 11 5 29 8 24 13 10 24 16 10 25 23 8 6 15
6 30 4 14 30 2 26 1 20 25 23 6 15 1 20 3 16 19 0 5 10 3 16 19
27 22 11 7 4 10 0 13 11 29 25 1 13 12 10 17 11 14 1 13 26 8 19 8
7 30 12 20 0 10 29 24 10 30 0 0 25 28 29 8 10 8 3 7 21 11 30 13
18 11 11 1 28 18 13 14 16 14 20 26 5 22 8 5 7 12 20 5 9 8 1 19
22 14 5 25 20 5 29 19 19 21 20 4 23 8 15 3 22 28 17 24 9 17 19 18
15 0 3 13 0 19 12 11 24 22 10 5 2 22 21 28 14 17 30 22 19 0 22 28
24 8 10 27 4 6 11 19 1 15 22 0 14 28 6 7 0 30 23 30 24 17 12 21
17 13 18 1 19 20 7 13 25 2 10 23 7 30 25 14 22 24 10 15 2 10 23 17
20 4 11 9 30 18 22 27 30 12 2 4 15 6 13 23 23 22 5 25 7 17 19 29
13 9 13 4 20 3 8 27 7 3 7 25 23 9 23 15 5 13 8 27 2 26 2 10
3 25 12 11 26 22 13 21 13 5 28 13 9 30 12 7 9 5 1 21 24 16 11 23
0 9 11 1 17 20 7 28 0 9 8 11 23 16 0 3 14 27 2 2 13 10 15 12
9 8 30 8 24 5 9 7 1 3 11 5 21 25 4 3 7 2 3 24 1 13 1 3
22 0 29 30 8 14 15 3 26 17 30 1 9 9 24 27 30 13 3 3 3 20 12 19
0 4 24 17 1 11 12 13 21 5 28 22 3 30 13 26 12 12 17 10 21 10 13 28
6 22 11 11 19 18 27 26 3 11 17 12 5 10 2 4 16 21 18 5 6 23 26 29
18 22 20 17 7 4 15 27 13 12 24 2 29 24 18 28 12 25 15 12 24 25 24 15
15 25 22 25 6 3 5 16 4 3 13 19 1 20 17 7 18 10 5 24 11 16 21 21
15 19 5 26 20 8 11 30 5 21 27 26 9 12 30 14 11 15 14 0 10 0 30 24
28 14 22 19 19 15 3 18 1 20 29 28 9 5 19 29 12 11 9 25 12 3 21 25
11 18 16 0 17 1 24 15 23 29 23 28 8 28 25 30 19 21 19 29 25 8 8 2
9 17 6 11 23 20 10 28 4 10 23 20 10 7 2 11 5 17 6 25 5 21 15 14
30 17 13 0 18 14 9 18 6 13 2 28 25 11 18 12 6 2 9 25 12 27 16 17
