26 26
25 12 20 0 8 7 15 5 16 8 5 28 18 2 30 17 18 28 11 8 17 24 19 23 23 2
10 7 9 7 27 30 2 9 0 14 6 5 28 26 6 26 6 2 24 6 4 2 2 2 28 23
22 21 19 16 21 8 20 0 7 18 9 12 29 7 9 6 30 25 1 23 23 22 24 18 4 27
30 5 1 27 20 13 9 28 9 21 16 17 5 14 29 14 19 22 19 4 27 25 21 2 30 16
21 28 15 3 5 23 10 19 23 9 14 27 13 28 29 13 9 18 26 24 6 21 3 20 25 28
1 22 1 4 19 3 6 13 25 13 15 22 3 6 3 15 6 26 26 29 11 26 8 15 4 28
28 12 30 0 24 6 27 15 7 17 19 30 28 19 4 17 3 13 6 23 8 7 16 15 23 22
4 8 19 21 4 5 9 5 10 14 28 26 22 6 11 16 25 13 1 13 0 19 20 11 10 28
5 9 13 8 2 26 7 24 28 22 0 11 16 24 20 7 29 3 15 28 20 30 2 2 10 1
15 8 30 24 6 11 30 11 10 8 16 9 2 1 15 21 3 6 18 14 6 21 27 16 11 8
4 14 16 15 5 2 3 0 19 28 12 18 12 25 15 5 9 8 3 14 12 1 13 22 19 29
1 2 9 29 9 25 0 14 30 12 5 19 30 27 15 24 6 10 29 29 9 16 25 29 29 19
27 22 3 30 0 1 15 30 17 14 16 13 24 12 1 27 10 5 25 27 0 12 14 26 29 13
20 10 22 6 18 28 12 30 4 5 20 3 10 26 8 24 20 13 24 28 13 22 6 19 30 18
12 8 13 8 16 1 5 27 17 27 28 25 23 15 18 24 4 6 14 7 6 21 11 2 30 21
29 4 29 5 18 22 16 7 19 14 10 20 3 1 15 4 0 23 8 25 19 26 16 3 18 9
20 14 22 6 3 18 9 25 6 4 7 17 4 20 13 8 16 10 13 30 9 15 18 10 4 8
21 6 10 17 0 12 19 1 29 6 8 2 11 7 20 3 4 2 3 16 12 17 4 23 20 13
10 19 4 13 20 20 8 15 11 16 14 20 7 9 26 2 29 17 15 20 1 28 18 24 23 26
16 9 14 7 9 18 3 17 16 26 7 13 25 2 1 26 13 15 29 1 8 1 15 5 3 21
19 27 5 0 1 20 24 9 14 14 15 26 20 18 0 18 3 22 16 17 24 25 23 2 8 17
29 17 15 6 29 12 27 15 7 20 20 30 11 1 26 22 11 6 8 15 22 3 26 9 0 0
6 13 11 21 3 7 0 25 21 21 21 28 18 3 26 0 29 18 2 23 6 14 11 11 5 23
21 14 30 6 13 17 2 5 12 23 14 23 5 26 8 28 9 7 11 24 3 1 12 23 1 29
13 26 8 27 17 14 23 7 0 24 3 6 16 29 16 19 29 8 15 14 22 24 28 23 30 5
28 11 25 3 1 21 19 28 14 14 17 27 5 25 24 29 12 7 4 9 15 16 20 27 19 20
