30 30
20 10 0 2 12 28 27 6 7 13 15 13 18 13 15 26 14 29 9 0 6 29 23 10 3 18 14 6 14 15
11 24 24 26 3 12 4 30 23 22 3 9 11 6 21 24 12 11 0 7 2 23 9 25 22 22 27 19 14 10
17 1 7 23 14 1 2 1 19 13 13 7 16 8 1 21 13 22 1 4 25 23 6 12 3 0 17 13 30 5
27 17 16 14 11 23 26 6 29 26 28 11 23 21 28 10 16 27 19 21 27 5 13 19 8 30 28 4 11 7
20 6 2 23 25 29 2 21 19 19 6 26 20 4 17 15 12 2 29 17 23 15 1 3 3 25 21 30 23 10
17 26 15 18 24 23 4 27 23 13 21 28 10 18 23 6 26 14 20 22 9 5 20 5 25 10 5 10 14 16
28 15 22 17 0 17 6 21 27 18 27 24 30 3 10 4 26 14 23 1 26 14 23 16 5 5 5 16 28 5
10 29 25 22 12 9 17 7 20 7 6 30 23 13 8 11 13 9 2 14 1 23 7 6 3 20 22 0 12 18
9 16 18 0 22 13 0 0 3 14 2 22 9 18 5 28 7 30 28 18 19 13 15 1 14 23 22 19 2 16
15 19 23 1 22 0 10 19 25 22 28 22 19 4 15 17 29 2 0 8 17 11 10 11 21 13 14 7 25 5
3 2 1 30 1 15 8 6 28 26 19 22 13 11 21 24 19 19 21 21 9 13 6 7 30 26 1 26 28 28
14 10 23 11 16 1 22 29 14 16 3 13 30 8 17 2 15 4 11 2 1 11 26 16 4 12 8 17 26 23
13 14 19 25 3 15 28 5 16 19 6 22 16 9 29 19 7 9 5 9 5 28 30 24 21 10 13 7 14 21
29 21 1 16 15 9 30 30 23 25 16 12 13 14 8 6 14 14 10 17 23 13 4 25 7 17 5 14 2 4
28 11 23 19 27 7 9 21 23 14 4 18 8 21 2 2 29 5 18 20 12 7 17 19 27 14 21 19 6 10
2 5 11 19 10 26 19 3 12 25 17 1 17 10 21 16 17 29 28 28 30 3 18 26 30 23 28 21 13 3
5 0 20 29 26 29 13 22 23 3 1 23 19 9 3 3 21 18 7 9 2 8 29 21 6 29 24 8 11 23
15 14 29 15 3 19 18 21 30 2 5 23 11 24 21 18 18 18 1 5 8 0 23 24 7 6 25 15 9 2
15 26 17 14 1 10 19 5 5 16 20 29 30 22 6 3 22 25 19 27 6 9 8 4 7 23 14 30 17 7
20 2 5 24 6 17 4 2 20 17 7 15 14 24 6 0 29 17 0 24 24 1 18 5 18 2 27 7 26 13
2 29 30 29 27 21 4 17 6 7 1 21 14 28 27 4 6 28 10 22 12 20 24 28 12 4 24 15 24 30
2 12 0 27 20 22 19 11 15 12 5 24 18 7 27 27 1 1 4 25 21 13 17 24 26 24 11 17 29 7
13 7 15 29 8 5 23 18 17 0 13 17 12 20 6 5 27 4 16 2 22 16 28 13 18 30 30 27 4 17
2 30 26 17 2 10 20 30 29 8 13 7 18 19 11 11 7 12 10 2 19 24 18 10 11 6 21 11 24 20
0 22 18 25 25 11 28 13 0 18 24 18 20 19 28 19 7 1 7 22 18 17 20 20 13 24 29 23 3 14
6 4 6 7 12 4 6 14 4 26 10 12 30 10 11 6 7 6 3 23 1 12 18 7 24 8 9 12 27 16
11 10 18 1 14 1 25 16 18 25 20 23 7 13 28 17 21 4 10 16 8 16 2 1 27 9 22 0 27 23
24 30 5 23 29 7 12 3 23 17 30 14 5 12 0 8 3 13 29 15 24 28 24 7 22 6 20 30 7 5
10 2 10 23 26 20 22 19 22 20 3 1 17 6 27 24 6 9 4 17 21 28 5 0 19 20 18 26 8 11
3 21 2 27 13 5 3 20 0 21 22 28 7 13 9 0 28 20 20 23 6 25 14 25 0 7 1 2 30 22
