31 31
6 4 22 6 17 0 1 20 14 17 26 30 3 2 29 0 14 16 2 2 30 24 25 27 14 26 11 16 27 12 10
2 3 16 5 2 14 10 25 20 25 19 4 0 28 23 19 26 9 27 23 4 4 8 30 23 17 25 17 13 12 22
25 5 14 23 14 16 25 12 17 1 10 3 3 8 13 7 9 0 27 29 5 27 5 17 3 12 18 22 25 7 14
27 15 27 5 8 11 7 26 12 8 17 17 8 15 14 2 24 16 28 22 21 7 8 18 4 24 26 20 14 24 30
22 8 24 15 1 17 29 6 3 23 29 30 18 6 29 8 22 8 5 28 23 7 8 4 10 1 1 23 9 17 17
13 12 26 6 6 18 11 9 24 7 19 16 8 6 10 1 4 15 21 6 13 28 15 17 0 20 30 22 21 8 25
15 17 18 0 19 9 11 19 14 28 30 16 20 11 12 30 0 3 23 4 27 29 7 6 19 28 21 28 5 11 28
1 23 18 27 9 24 26 10 27 22 30 28 8 0 16 2 19 21 6 12 13 5 23 25 26 22 13 1 19 28 17
22 8 29 25 25 26 8 30 11 19 5 0 10 30 28 30 14 0 9 19 0 26 25 9 27 2 23 12 13 18 25
24 17 20 8 23 3 26 28 9 0 8 25 30 18 22 15 24 7 3 7 11 8 3 23 29 1 12 25 13 29 21
8 11 28 11 17 27 15 0 4 14 16 7 29 20 1 11 30 0 8 9 9 4 9 7 28 11 12 5 12 4 6
30 15 6 2 24 14 9 2 15 10 24 17 19 29 2 15 22 5 17 0 22 23 19 25 25 25 22 4 2 8 29
12 22 19 28 9 27 22 8 3 22 7 19 12 27 24 0 10 8 28 26 12 20 25 6 1 11 25 9 14 1 4
15 20 26 27 6 10 18 14 0 9 28 21 17 18 8 3 25 28 10 20 27 16 26 16 29 26 0 21 9 11 3
15 26 27 22 26 18 1 30 8 30 2 23 9 2 23 17 4 7 7 0 19 21 4 30 1 4 11 30 11 24 25
26 25 2 0 18 20 18 2 13 6 13 16 15 6 30 22 26 21 22 26 7 4 23 16 23 8 12 24 8 4 18
6 24 0 21 6 21 2 15 3 20 27 6 7 10 9 28 3 13 2 28 23 29 17 10 7 25 25 5 22 26 22
1 14 5 15 29 17 6 1 8 22 13 6 30 4 27 28 21 23 9 8 29 17 25 13 10 29 0 10 26 8 20
25 2 24 25 3 30 16 5 8 16 7 25 14 22 12 30 10 11 23 28 5 13 8 17 23 10 8 22 10 11 24
1 24 3 2 15 3 22 27 0 19 18 29 1 18 4 13 23 8 29 30 30 28 14 21 20 27 21 28 22 27 27
0 26 28 0 29 6 27 12 24 26 8 0 25 14 26 9 19 11 13 18 14 12 29 15 10 21 21 14 23 19 4
29 19 27 12 9 17 5 24 30 14 15 19 21 13 30 14 15 18 19 23 11 26 11 16 1 8 30 9 29 24 29
17 24 25 23 5 13 25 10 30 23 18 28 15 24 22 16 16 1 22 7 3 17 28 25 26 4 29 15 9 24 10
2 1 27 25 6 21 25 13 28 16 19 15 6 15 0 22 20 19 8 5 17 13 10 4 7 3 3 27 1 6 30
23 2 30 8 1 12 11 15 9 0 2 15 28 3 20 6 10 2 5 6 15 13 14 29 4 30 25 19 4 25 28
11 25 10 17 0 12 28 23 24 7 26 0 5 18 29 12 30 19 25 6 14 20 19 26 26 4 19 27 2 13 12
8 0 6 16 15 2 27 4 1 28 9 28 20 3 18 22 26 11 16 12 13 4 13 15 8 4 7 2 4 20 14
7 7 6 11 0 20 16 1 5 30 18 8 7 25 18 8 27 23 17 28 1 19 10 17 10 5 16 5 6 11 9
30 24 11 15 2 28 20 25 0 23 25 26 7 14 26 13 15 21 20 17 21 13 26 29 16 15 4 5 10 19 30
21 20 20 13 3 29 10 4 20 20 10 0 28 4 19 9 6 3 19 28 8 15 11 10 23 24 13 3 28 30 5
8 7 8 25 5 14 3 10 23 5 10 8 20 3 28 16 6 6 13 27 17 24 15 24 14 13 23 12 25 6 17
