32 32
9 0 21 19 5 15 5 23 28 2 4 24 17 4 9 12 15 21 8 17 11 5 15 30 18 28 27 21 23 4 17 18
3 11 23 19 11 30 19 9 12 21 25 22 4 17 2 26 30 26 22 0 28 2 23 27 8 24 8 5 0 9 0 17
30 12 0 11 14 10 24 26 19 14 16 2 0 24 10 21 23 19 11 25 9 23 0 23 7 3 0 25 6 15 27 17
23 14 25 29 19 14 2 16 17 30 9 21 13 11 15 14 7 14 22 25 13 3 5 20 15 9 15 20 11 3 6 29
11 9 12 13 22 6 21 25 13 12 30 4 19 2 22 30 25 11 11 20 7 9 25 23 7 22 9 18 2 28 23 12
27 20 7 16 3 20 8 30 12 1 7 11 27 21 6 10 15 26 10 15 16 9 29 28 0 15 20 9 30 27 20 18
9 22 0 18 13 10 16 0 4 3 17 27 9 21 17 24 22 30 25 8 29 29 27 15 12 21 25 18 29 9 20 20
26 9 24 6 17 1 13 2 9 19 4 27 18 13 22 8 14 15 27 29 23 10 28 2 8 0 0 27 29 1 18 19
15 30 18 3 23 14 12 21 30 16 15 16 22 23 24 22 18 17 1 11 0 2 18 21 17 9 14 14 4 29 30 18
14 3 25 11 8 10 25 26 30 8 8 16 3 20 14 10 22 21 11 13 28 4 19 20 19 13 28 25 15 25 28 11
15 17 3 11 16 26 14 11 29 3 25 3 10 11 8 0 21 27 4 24 30 23 12 26 30 14 1 11 12 29 17 30
14 14 13 3 24 3 14 14 21 5 10 21 2 5 30 0 29 28 28 1 6 12 9 18 21 26 27 14 19 24 8 2
26 7 17 11 5 30 3 20 7 7 21 9 13 22 3 15 27 8 19 20 29 2 16 21 11 24 15 23 25 23 5 23
6 2 16 10 25 3 4 22 0 24 11 17 0 18 1 29 19 15 25 7 6 23 1 14 7 15 17 3 20 1 10 29
13 29 20 13 13 1 19 26 6 8 21 22 21 8 17 22 2 28 3 21 24 9 10 14 21 6 24 5 24 11 15 25
11 25 16 15 13 4 30 16 9 30 13 27 20 16 6 17 22 9 20 2 4 4 18 23 14 1 4 7 29 23 6 30
19 5 4 4 30 2 8 30 17 26 12 12 10 17 12 28 28 17 7 9 24 1 7 27 29 12 27 27 1 23 21 19
3 23 1 30 13 13 1 30 21 1 20 15 10 7 25 21 17 21 14 1 3 0 7 21 23 25 7 8 24 2 10 3
11 12 24 10 8 19 20 4 26 21 6 12 23 0 5 1 25 22 27 17 2 16 30 17 0 9 20 8 28 27 1 17
7 11 15 8 25 24 20 26 29 6 12 27 0 20 13 2 29 2 23 11 20 16 7 27 29 8 19 11 23 17 13 11
21 29 30 18 5 5 5 2 2 13 0 16 26 9 8 12 3 15 20 1 17 30 12 9 7 29 22 14 21 29 4 7
28 11 5 1 7 15 29 8 27 26 15 6 9 23 14 24 16 17 25 28 9 17 17 3 2 25 22 7 7 23 21 5
4 27 15 0 30 19 4 16 29 8 4 4 6 10 29 30 24 11 15 30 0 14 9 19 12 17 19 3 26 22 28 10
16 2 12 18 19 25 9 26 24 10 22 9 13 1 24 13 7 12 1 24 22 4 3 29 23 13 1 30 0 22 8 25
19 14 13 13 22 2 24 29 10 30 24 30 25 20 4 11 30 11 30 28 6 28 30 14 2 14 7 12 13 8 9 17
13 13 29 15 18 8 16 6 21 30 13 14 6 7 30 10 7 3 2 14 3 7 2 1 11 15 21 10 21 2 17 8
25 24 15 5 8 21 25 18 6 9 19 2 13 0 9 17 21 18 25 7 9 7 11 11 7 14 20 11 15 18 8 11
24 16 5 11 21 21 22 28 2 13 9 6 12 3 10 29 0 28 7 27 20 12 19 29 26 7 19 30 26 12 25 0
13 24 17 21 14 21 0 11 18 26 7 23 25 20 7 29 30 3 1 14 8 3 3 2 8 18 3 20 0 16 12 8
11 25 2 4 25 8 4 29 17 25 24 29 16 26 18 14 6 16 0 12 11 22 6 16 24 7 22 20 3 12 5 19
15 3 2 21 29 9 1 2 21 28 16 12 11 26 7 5 27 12 23 26 9 19 30 29 17 28 10 29 7 19 9 17
1 0 24 21 17 21 29 4 2 29 26 14 18 19 25 15 30 18 22 27 12 19 20 21 2 29 6 5 22 6 5 11
