35 35
4 4 21 27 4 4 16 10 13 28 19 8 22 9 17 1 24 13 17 3 27 14 6 10 21 9 25 16 26 4 3 21 17 5 24
15 11 15 1 0 3 13 27 8 1 9 4 12 30 14 24 12 27 30 5 30 9 3 5 23 6 20 8 30 18 12 2 17 29 5
7 0 11 28 12 18 8 28 14 16 3 3 9 3 16 12 5 24 15 17 29 25 2 12 24 20 10 26 27 18 2 14 0 8 30
2 17 5 3 23 3 20 0 18 9 25 25 16 24 17 23 0 0 6 18 29 20 28 3 0 29 10 13 2 27 17 21 13 22 0
24 4 21 9 21 27 9 2 22 15 25 27 10 12 3 10 18 10 10 28 6 16 20 0 21 17 15 15 2 5 20 8 0 29 8
3 4 13 23 14 19 17 22 8 22 11 24 3 28 13 2 20 9 7 28 26 11 25 16 17 5 12 19 24 13 12 25 30 14 18
23 19 25 3 29 15 11 0 20 1 13 24 3 28 28 18 12 24 14 14 20 19 29 0 0 14 18 11 8 19 25 13 14 18 15
15 28 9 17 11 26 20 12 15 25 3 26 24 15 18 14 11 4 3 17 28 5 11 16 15 10 5 24 15 1 6 13 6 19 28
13 28 10 1 27 8 8 30 13 29 13 4 8 15 1 23 8 7 4 28 26 27 0 3 2 28 8 6 22 4 14 19 13 1 2
30 15 11 8 9 22 3 28 22 11 12 15 10 3 7 25 1 19 26 12 5 4 1 7 14 0 18 18 25 20 13 27 6 1 17
30 16 27 10 15 18 16 11 14 6 1 17 13 26 4 27 0 7 5 8 2 10 19 16 17 27 26 25 2 11 4 26 10 24 20
9 3 3 23 14 5 15 23 22 13 17 15 11 2 20 19 17 20 20 22 7 16 13 17 4 28 6 8 29 7 4 27 8 19 26
29 29 21 21 28 12 11 12 7 4 9 26 16 7 21 3 0 24 21 19 24 4 3 28 21 21 2 23 7 9 5 8 21 24 16
0 13 5 17 4 28 3 6 20 1 20 27 0 8 30 20 23 3 24 4 12 28 18 17 11 5 10 25 4 18 26 17 7 16 13
12 2 19 24 14 21 9 21 6 5 29 19 10 10 9 11 23 7 22 12 0 12 7 23 26 2 18 15 6 2 0 20 6 18 25
6 26 12 30 3 2 21 2 22 21 9 24 15 2 4 27 12 20 8 24 14 8 2 17 29 24 27 21 9 7 16 6 6 30 6
2 2 1 2 11 15 10 9 9 17 22 23 1 19 18 13 1 15 25 13 15 4 13 3 9 0 1 1 17 0 16 21 14 8 5
22 30 22 6 22 3 29 21 12 8 30 16 27 22 15 8 17 0 15 30 30 7 5 11 0 16 20 2 4 25 16 20 18 9 10
16 28 30 3 8 0 10 22 19 8 25 2 0 6 2 16 15 8 4 20 7 24 14 8 16 20 25 6 22 0 15 14 3 23 30
30 10 27 16 30 16 12 12 22 23 27 26 13 18 10 2 30 11 15 27 6 9 18 19 29 1 23 13 16 6 1 24 20 8 7
17 14 15 0 15 30 25 28 18 23 22 11 25 15 6 19 5 20 11 12 2 26 22 17 30 8 11 10 3 22 7 8 25 28 8
0 22 7 7 26 2 20 9 10 25 7 24 11 10 0 22 22 5 13 2 8 14 30 17 0 18 0 18 22 0 17 28 1 3 11
3 21 30 15 7 23 26 17 20 0 29 15 8 21 21 14 7 6 5 24 27 5 28 9 27 13 20 16 10 1 23 28 11 12 25
2 15 25 9 27 15 19 13 11 29 19 28 24 9 5 30 22 12 5 21 7 6 23 8 3 13 24 28 28 28 13 4 22 19 17
25 22 27 2 5 24 6 17 12 10 22 29 21 6 23 10 3 18 11 0 22 11 9 20 5 23 27 10 20 11 11 4 23 5 20
21 8 2 20 4 3 29 21 14 11 23 0 5 19 15 1 0 23 27 20 8 4 28 9 27 14 24 4 5 8 1 17 6 17 28
8 8 11 1 5 21 23 23 7 17 10 12 3 18 15 0 28 25 30 13 16 20 9 16 12 22 18 8 23 16 4 0 11 2 30
7 25 22 6 15 17 14 25 19 18 15 14 14 4 15 8 18 0 5 0 2 17 10 12 23 20 16 13 21 3 0 20 11 17 14
11 9 6 9 11 16 18 6 25 23 22 20 8 24 6 16 25 24 3 1 6 19 12 24 10 4 3 1 26 25 13 11 2 23 4
3 6 6 18 14 14 14 29 14 26 18 25 25 0 6 25 29 13 26 22 15 26 28 17 29 28 4 28 7 18 8 19 19 14 25
4 14 25 7 10 23 1 6 7 25 5 29 8 13 3 18 10 11 8 14 21 13 13 27 18 17 13 7 6 27 1 5 26 18 23
15 14 3 18 14 28 13 7 21 2 29 9 26 8 17 22 1 4 27 2 25 20 26 4 5 14 26 13 22 25 12 3 21 28 8
1 15 22 16 25 8 21 23 20 7 26 6 12 3 16 25 7 19 24 16 15 28 21 24 19 24 27 21 13 29 12 22 17 0 8
0 2 20 3 21 12 26 3 26 16 2 14 15 29 22 23 17 0 5 24 10 1 12 0 8 11 6 27 8 4 15 21 30 17 30
11 26 29 29 27 21 30 2 22 19 6 22 19 14 10 17 5 2 21 26 25 4 7 21 6 11 4 22 29 7 30 9 26 15 12
