36 36
22 30 21 29 10 9 1 20 29 6 23 3 15 0 10 20 26 12 1 23 14 5 15 30 5 26 6 27 11 23 12 19 2 21 20 24
3 8 16 15 22 28 10 2 11 24 18 24 5 0 8 2 16 8 27 13 12 21 6 29 10 21 25 10 1 27 5 23 24 26 15 15
9 21 28 26 20 27 23 29 11 17 7 7 19 16 8 20 29 2 12 15 6 4 19 6 4 10 18 2 21 23 1 30 2 23 7 4
22 22 7 9 16 16 16 21 27 18 8 0 6 26 24 14 4 19 21 9 8 15 25 10 8 3 7 18 16 11 3 30 8 28 11 4
30 22 19 22 21 27 4 13 12 22 6 15 24 0 16 16 13 5 23 10 6 0 13 20 6 18 29 26 23 15 29 20 19 4 21 28
29 28 5 21 30 4 6 21 1 17 2 28 23 29 11 4 18 5 4 3 0 23 2 26 3 21 24 28 12 5 5 26 13 17 5 1
5 4 21 3 2 29 15 26 28 10 9 9 9 13 6 7 22 1 20 6 23 13 6 15 1 18 24 30 2 5 18 11 9 24 21 0
14 5 22 29 0 15 25 2 22 30 0 15 18 18 1 20 22 20 11 6 3 21 29 8 21 29 22 28 27 25 21 24 23 26 17 17
24 1 9 2 4 6 1 3 3 19 12 15 19 20 7 10 30 11 10 11 7 15 9 4 23 19 6 21 0 13 25 15 13 17 19 10
16 0 21 13 8 11 24 3 19 0 10 17 4 8 12 27 2 27 28 11 20 7 19 7 3 3 21 19 18 10 28 15 4 26 2 4
30 16 18 12 11 1 19 23 1 27 13 28 27 16 13 10 4 6 3 30 18 17 5 9 30 16 17 9 30 0 22 22 8 25 5 11
13 4 25 30 12 16 10 18 1 16 11 19 17 30 26 20 25 12 2 19 17 25 27 9 30 19 7 29 27 28 14 2 14 5 21 0
20 1 25 1 25 21 9 15 30 22 0 30 1 17 1 11 28 5 10 19 0 10 29 24 15 4 1 16 4 24 3 20 4 23 14 0
10 20 0 6 7 16 25 21 7 9 8 22 0 3 15 9 13 26 30 26 16 17 1 6 26 20 19 20 17 3 17 26 6 26 19 15
4 12 19 28 9 12 25 8 21 5 29 30 3 8 27 1 27 18 5 4 21 18 24 10 1 0 19 17 15 24 22 6 7 0 11 20
20 30 25 26 27 14 22 22 7 4 26 5 0 4 5 14 21 17 2 29 17 26 28 8 28 7 25 27 13 19 8 7 22 24 20 24
25 21 29 21 18 16 7 14 14 15 17 1 0 16 2 27 3 1 13 10 7 14 2 1 15 1 11 20 7 17 27 19 7 0 7 7
10 21 30 24 11 21 22 25 7 26 14 5 5 25 22 21 24 10 18 9 7 3 24 29 18 0 2 25 8 8 7 13 25 30 7 12
9 25 7 13 19 21 30 9 19 15 16 13 1 13 17 13 30 0 14 8 10 26 26 24 18 19 21 17 18 19 6 30 5 14 8 15
20 8 23 20 6 8 8 3 29 20 3 5 23 28 6 30 15 14 20 0 21 19 19 24 19 14 13 13 22 1 8 16 9 22 29 25
26 8 16 0 20 30 1 6 5 16 11 27 0 15 2 3 7 28 23 1 7 11 3 5 19 27 3 9 18 16 23 3 5 20 23 6
4 5 7 10 28 8 7 15 24 22 26 16 14 27 9 11 14 16 12 19 29 15 1 11 15 1 13 22 30 18 5 15 16 5 7 10
17 22 14 15 4 30 14 26 1 22 0 18 15 8 8 24 3 2 19 26 28 20 30 23 10 2 9 13 9 18 25 20 12 1 2 17
23 16 9 17 16 11 24 10 11 24 20 26 28 17 12 6 26 8 7 25 15 1 24 14 16 8 9 11 13 25 21 3 13 3 18 2
3 26 14 10 1 4 24 9 23 19 5 28 10 14 20 8 6 0 6 5 30 1 16 1 30 17 6 18 21 26 12 2 24 29 15 26
20 15 23 11 0 22 25 14 1 8 0 1 14 22 7 16 0 12 22 24 21 10 1 28 1 14 13 30 0 13 26 17 0 30 14 21
2 2 8 28 26 7 1 0 12 6 7 6 16 2 19 8 12 29 11 3 2 18 29 23 16 18 2 26 28 7 15 12 28 12 23 4
26 10 10 20 25 4 5 12 18 4 29 2 22 19 3 26 18 15 14 26 15 3 16 11 22 30 17 10 4 26 10 10 9 24 4 4
15 22 22 5 2 12 5 29 10 13 1 12 12 11 5 17 20 25 29 15 2 1 30 24 26 16 2 19 11 22 29 5 24 18 13 1
27 27 5 28 17 27 1 4 28 28 2 18 12 28 8 13 18 14 11 1 5 3 30 24 11 22 27 4 19 20 19 9 18 15 14 22
30 10 29 18 2 5 10 16 1 23 28 11 1 21 2 14 0 13 12 26 23 29 10 20 24 30 21 11 8 1 29 18 15 9 4 12
2 21 20 13 13 27 12 15 17 9 0 29 26 1 22 13 14 10 12 1 25 29 29 25 2 1 30 0 17 1 27 1 21 4 7 20
7 22 14 28 24 28 7 11 10 14 27 18 23 20 10 4 17 30 27 21 26 23 13 29 6 30 13 12 25 3 9 30 16 0 15 23
25 21 19 10 27 11 10 4 4 15 23 11 22 20 18 21 13 18 9 20 18 30 13 8 23 6 27 4 25 25 9 19 30 27 21 24
14 3 6 8 6 27 21 21 7 18 4 7 27 16 28 12 2 22 18 29 17 2 14 18 7 30 25 1 4 24 7 0 8 18 2 1
11 28 30 15 10 16 11 16 24 13 19 30 23 2 4 3 8 17 23 21 27 28 13 20 4 1 27 28 6 18 8 14 28 30 10 18
