45 45
15 3 17 2 12 13 9 13 0 5 13 9 5 11 0 7 29 4 17 11 20 22 5 3 15 6 28 3 24 9 23 21 5 0 10 11 30 4 7 1 10 27 28 13 5
28 26 14 18 6 29 15 20 6 13 8 3 24 25 12 21 2 16 13 12 4 16 4 7 0 27 15 3 13 17 27 26 24 23 30 14 0 14 27 29 0 29 25 13 10
27 19 3 14 22 22 1 19 0 7 4 19 21 20 12 1 6 28 24 13 23 16 24 7 2 5 8 22 24 22 8 4 27 21 6 14 6 21 22 22 13 15 12 29 22
9 11 23 3 3 24 3 22 13 26 6 11 8 29 25 25 5 9 3 27 15 10 17 13 22 3 23 16 17 20 25 4 3 2 7 9 1 13 15 0 13 25 12 15 14
1 8 12 4 25 17 15 0 12 18 20 11 1 14 5 21 22 8 5 3 6 16 20 4 1 7 23 11 15 20 9 20 24 24 17 24 29 27 2 18 15 25 20 17 27
22 12 25 9 17 28 22 0 4 3 17 5 7 23 17 23 22 10 20 9 21 7 5 15 13 8 22 13 18 1 21 9 4 13 20 19 30 14 1 20 29 17 3 29 28
28 26 14 27 23 19 15 22 26 22 14 12 25 2 17 13 22 1 7 16 24 0 18 28 5 27 26 20 12 7 20 15 22 4 16 29 18 9 3 18 25 22 20 9 13
23 8 11 14 4 6 16 23 6 2 17 30 5 3 10 29 26 21 1 25 2 13 6 2 0 16 16 16 28 17 9 15 18 19 13 26 11 16 30 20 6 14 27 11 24
17 27 9 1 0 15 20 8 15 30 0 1 4 13 22 4 13 27 21 30 3 22 1 8 12 30 20 0 27 21 17 27 1 5 18 11 10 8 3 17 11 2 11 7 9
29 3 10 27 15 3 21 23 15 21 14 23 11 2 9 29 2 6 11 3 21 9 7 21 3 7 15 28 13 19 15 10 21 9 15 22 24 23 28 28 9 9 21 29 3
30 12 0 29 27 23 21 11 6 3 27 23 11 22 17 10 11 20 28 19 6 27 14 16 19 23 11 22 5 28 13 5 5 9 18 16 9 13 17 22 0 24 17 19 25
12 0 24 0 11 10 28 23 19 12 17 7 13 7 25 9 30 30 10 21 10 3 26 3 23 9 13 28 21 9 25 2 5 19 14 11 5 14 1 19 14 14 0 3 19
28 11 12 30 6 18 18 25 27 15 0 21 13 2 12 9 12 16 22 27 5 28 24 15 7 16 12 5 6 3 15 19 26 13 13 18 6 19 25 11 20 30 8 29 21
2 17 30 17 6 16 3 24 27 11 5 7 1 18 20 15 17 29 5 16 11 21 29 24 11 18 26 6 14 3 4 12 17 4 16 27 25 5 0 16 28 8 0 11 28
5 14 3 11 7 7 20 29 26 17 9 2 7 26 20 24 6 0 23 4 15 23 28 30 9 28 20 6 20 4 3 1 29 28 7 6 28 21 7 2 26 24 2 0 4
12 10 6 0 28 9 10 2 23 13 28 19 9 5 18 21 16 29 23 1 17 21 21 5 11 6 7 23 23 10 4 29 27 4 21 30 8 21 12 8 28 30 11 3 30
12 27 20 13 22 10 11 21 16 13 9 29 25 24 15 7 5 10 1 20 22 7 15 5 20 10 10 16 20 17 23 9 24 30 6 21 12 15 11 17 13 14 22 7 29
9 0 5 19 14 23 24 6 27 29 4 8 1 6 2 20 1 25 17 15 12 24 2 0 12 12 2 22 11 16 15 12 9 10 27 8 0 12 18 6 22 9 14 2 10
9 10 5 0 0 22 21 18 8 16 2 16 11 26 9 4 20 12 28 21 24 18 12 4 9 16 19 17 7 13 5 3 6 6 23 15 10 16 9 26 8 18 23 12 5
16 1 28 19 10 19 17 16 13 11 0 19 30 12 26 0 18 12 22 27 30 23 26 5 29 16 21 20 14 17 1 27 18 5 26 6 18 6 1 16 1 4 20 17 8
1 0 8 11 13 10 13 7 6 10 26 27 4 24 16 25 11 6 8 7 4 12 17 8 24 8 12 23 29 8 14 7 8 2 22 14 19 10 22 15 24 10 16 24 16
20 21 17 18 12 6 20 18 16 6 0 4 17 7 2 29 14 29 24 2 22 15 25 9 21 27 29 1 20 28 15 17 9 12 9 24 29 11 27 23 9 5 12 18 13
6 3 26 14 14 20 3 0 9 21 20 1 0 6 20 0 5 2 11 4 7 9 7 8 21 25 17 15 14 8 29 27 24 18 21 27 28 11 12 19 2 1 10 12 5
5 12 24 23 0 19 3 6 2 27 11 12 6 22 10 17 19 5 25 3 8 23 23 20 10 5 13 30 8 19 18 15 3 6 20 22 23 24 14 4 9 16 21 1 23
6 10 10 15 18 20 18 1 21 15 0 14 19 22 18 6 18 0 0 22 30 25 29 3 18 10 20 25 9 27 23 0 23 20 15 9 16 11 13 0 19 17 15 13 19
5 26 9 30 9 5 13 19 26 30 17 16 8 0 10 15 5 19 1 13 27 25 26 19 16 25 18 19 13 10 29 8 17 28 22 28 7 6 2 1 5 16 28 30 19
25 21 12 14 13 25 23 20 20 2 15 11 6 1 30 11 3 1 27 10 0 11 30 16 9 27 1 7 10 20 18 9 10 1 5 23 13 10 19 25 17 26 27 29 1
27 13 14 16 20 16 0 5 28 3 10 7 14 9 0 2 16 1 19 10 4 2 20 30 5 7 15 6 28 7 27 1 7 28 12 0 11 30 24 25 22 30 21 29 1
19 0 18 23 19 23 1 15 12 27 6 18 0 5 27 26 27 23 30 30 24 21 27 1 13 30 6 17 3 20 18 25 25 27 28 24 7 20 30 12 16 19 14 11 19
4 27 9 18 26 28 21 29 14 9 11 13 0 21 26 4 24 4 16 22 6 28 20 9 13 3 15 1 10 27 17 16 1 21 6 7 25 23 0 6 2 8 22 26 5
5 6 17 3 19 24 30 0 26 6 7 7 28 23 21 28 13 10 21 3 24 30 24 21 22 25 10 26 20 2 2 3 30 15 18 16 10 8 0 11 14 29 14 10 16
10 12 13 0 20 10 19 12 8 5 14 19 3 8 1 21 29 6 8 11 30 13 28 26 28 23 1 27 16 16 17 14 2 27 28 13 23 13 24 14 28 20 4 20 11
27 23 22 8 6 6 20 9 18 27 23 8 15 20 15 16 30 8 28 30 28 4 26 10 13 30 8 2 14 9 9 10 20 9 7 24 22 18 12 20 3 19 2 8 1
6 5 16 18 12 7 26 25 12 24 2 2 11 24 12 1 0 18 23 29 28 12 30 25 29 22 17 18 20 17 1 10 15 12 27 8 9 4 10 15 20 2 28 14 5
12 11 9 1 18 12 22 11 11 15 20 16 8 8 11 14 5 1 29 2 19 30 19 30 25 23 14 29 5 28 0 1 24 14 9 7 12 20 11 0 1 24 12 4 10
26 2 0 8 14 3 9 29 24 11 16 20 23 28 12 24 29 5 29 28 4 1 21 20 22 30 15 26 25 7 14 15 4 15 6 30 4 24 14 6 6 18 30 2 27
5 7 23 0 19 0 25 18 20 4 1 5 30 21 12 18 20 18 22 1 10 19 19 23 8 23 14 2 5 11 2 24 11 10 11 9 20 12 20 10 5 11 30 20 2
5 7 27 26 25 2 11 0 19 5 8 9 25 15 25 9 26 11 26 25 12 15 19 17 0 25 1 30 19 16 13 13 17 23 22 13 27 9 21 22 12 0 15 16 2
0 7 0 14 27 1 12 28 5 29 21 4 12 13 10 6 0 3 6 17 12 21 25 15 3 21 20 2 5 2 17 28 30 15 1 15 30 28 22 19 20 7 25 0 10
10 12 21 20 6 17 19 15 18 7 25 25 14 29 25 10 10 22 11 1 15 12 12 5 18 29 15 2 16 8 5 27 30 6 7 30 3 1 1 13 13 23 10 21 21
11 19 0 26 6 28 2 20 6 11 25 15 7 9 11 19 12 21 28 26 9 6 20 27 25 11 13 26 5 23 20 16 4 5 19 5 28 13 27 12 19 23 11 8 11
27 10 16 11 12 2 16 1 18 6 19 5 4 23 19 21 15 4 20 2 13 0 12 24 21 19 8 5 25 9 15 20 1 3 22 26 3 2 30 1 20 10 11 25 13
15 20 3 13 5 28 30 20 8 7 6 29 21 12 14 16 7 25 21 8 23 22 7 11 26 1 30 13 24 17 16 0 19 26 26 7 22 3 23 29 19 19 15 25 23
12 5 20 22 21 21 25 3 29 8 23 24 22 17 26 6 26 5 29 18 3 4 27 20 23 27 19 28 15 19 25 8 28 6 26 16 19 25 27 21 21 5 16 10 10
27 25 8 0 13 29 7 6 19 21 28 1 20 7 29 28 18 29 21 14 21 8 25 23 24 22 22 18 12 21 6 12 22 17 10 28 19 0 28 0 14 17 25 16 2
