46 46
17 3 3 14 11 3 16 21 20 20 22 12 30 12 24 22 27 13 5 5 30 12 6 26 12 2 22 9 13 21 0 16 27 26 5 30 29 6 1 28 7 21 22 2 15 28
14 13 25 27 2 29 26 16 7 19 4 20 20 1 25 6 30 26 1 23 24 7 3 17 6 19 10 3 14 3 22 16 3 19 7 5 29 6 21 25 19 24 27 19 29 30
21 26 23 19 27 29 15 21 10 20 27 12 3 8 2 8 19 23 13 30 6 4 4 21 3 20 21 12 11 0 8 23 9 0 3 1 20 9 10 18 13 21 15 6 6 22
19 5 20 0 14 26 26 22 2 13 29 30 4 4 9 5 16 9 9 15 20 16 0 10 27 5 25 28 22 29 18 30 4 11 22 12 25 14 5 20 11 8 25 28 24 7
24 16 25 9 0 29 8 7 28 5 17 1 8 22 6 11 25 7 20 27 19 21 0 23 13 29 5 6 25 18 20 7 3 1 21 10 6 1 5 20 11 16 28 14 1 11
9 30 29 6 30 16 3 25 1 28 7 8 19 8 17 16 19 25 14 1 16 7 26 12 23 0 22 19 5 19 0 20 21 14 10 10 3 13 8 14 11 21 2 16 3 9
5 0 26 6 14 20 12 11 20 15 2 22 21 20 24 30 2 8 0 27 13 13 4 19 28 3 3 22 30 15 30 26 11 29 0 23 9 9 20 10 17 7 21 20 23 10
6 19 5 27 10 30 12 29 14 7 5 9 29 2 15 20 12 11 5 25 19 6 17 6 5 27 5 1 0 18 19 5 15 24 14 10 5 12 6 12 18 30 12 28 10 5
8 15 23 26 16 26 26 19 14 20 5 17 23 22 17 23 21 28 12 4 28 23 3 25 5 30 5 27 9 12 15 4 26 14 14 15 29 18 30 17 23 4 5 8 1 3
18 22 30 17 2 4 13 30 20 22 4 12 13 17 22 7 0 25 22 3 17 22 17 4 18 16 19 21 26 4 13 9 15 21 25 0 7 1 27 20 24 28 16 0 17 24
14 4 14 9 11 25 2 15 0 18 21 2 6 24 7 18 18 7 8 13 21 3 16 6 25 15 6 19 24 15 12 13 16 24 3 5 14 13 26 8 9 24 14 28 22 0
29 10 25 30 28 1 12 21 24 29 26 12 16 9 19 10 13 24 24 28 28 14 0 7 11 17 20 17 7 23 26 16 27 24 19 26 6 4 29 13 10 16 14 24 7 22
13 25 24 5 27 9 19 27 7 23 8 17 28 17 2 21 17 29 16 28 7 20 5 1 13 6 28 25 24 22 5 2 1 17 16 30 7 28 9 19 8 16 20 1 27 19
13 15 6 9 29 30 23 24 8 14 8 8 27 26 23 11 7 19 10 30 10 10 0 7 9 23 19 28 8 12 18 8 22 27 21 1 30 1 24 16 17 1 0 11 13 4
11 12 14 13 17 19 19 17 1 4 24 1 3 28 9 26 25 7 17 0 7 30 28 5 8 22 22 23 6 28 27 29 16 26 6 9 2 9 28 16 25 25 28 17 21 15
15 5 1 30 11 3 2 5 19 25 7 9 21 17 10 9 10 22 24 9 11 18 3 16 27 28 8 0 8 1 30 4 14 7 30 7 10 13 27 25 21 30 30 17 7 9
24 26 20 24 30 21 17 16 7 30 5 12 16 2 25 3 19 1 14 8 15 13 12 24 19 22 27 5 12 12 22 27 11 13 18 21 22 20 19 28 22 22 18 13 28 14
29 26 9 8 10 9 20 20 1 1 1 5 30 15 17 30 23 8 14 5 21 9 14 29 20 15 25 19 15 24 19 4 27 5 24 14 6 22 28 4 25 30 28 19 20 6
23 13 2 4 11 3 28 24 28 7 25 0 26 3 17 16 2 16 26 21 27 2 1 18 25 21 22 27 19 6 16 10 25 7 8 10 18 28 6 23 14 24 11 26 5 29
15 23 20 2 19 23 6 15 28 15 30 1 4 21 24 26 0 29 24 2 13 15 16 16 27 25 4 2 28 24 15 15 8 10 4 8 11 15 2 20 22 25 19 27 12 4
7 10 5 27 27 10 11 30 19 0 4 30 29 20 20 9 23 12 13 27 6 10 6 14 18 11 9 29 7 14 1 20 27 13 10 18 26 5 14 11 11 10 0 5 20 7
24 22 30 0 21 6 30 5 8 14 7 15 22 27 17 13 23 30 22 21 6 19 13 28 3 30 15 13 25 3 21 24 21 30 30 27 15 15 18 18 20 8 7 2 18 15
1 11 29 25 6 8 30 26 0 3 21 26 1 0 7 15 24 12 30 26 2 11 20 14 17 21 0 13 27 1 2 0 26 25 20 8 14 9 5 17 6 11 24 3 18 21
21 27 26 8 21 1 16 4 22 1 28 23 1 10 20 18 5 24 17 22 20 3 7 14 14 6 29 19 14 14 26 23 30 14 2 24 28 24 10 23 28 26 4 23 22 19
9 29 17 28 23 12 30 0 19 29 20 9 17 21 6 21 4 21 2 13 10 29 9 12 6 8 4 20 25 3 13 24 13 3 22 4 5 26 0 23 14 6 20 6 29 6
25 2 2 12 29 14 10 26 23 22 7 12 19 10 27 23 25 2 14 17 26 29 23 2 19 0 19 9 13 16 8 20 20 25 6 30 29 3 11 23 13 25 6 5 15 22
4 28 26 23 3 8 22 20 3 1 1 26 3 30 27 8 26 7 8 12 20 30 20 20 21 29 11 15 29 6 21 17 10 17 28 3 25 28 6 23 11 8 17 24 7 4
29 22 14 3 25 20 8 21 22 9 27 24 15 0 22 28 12 13 1 0 30 11 13 22 17 3 4 9 26 22 27 4 25 4 19 24 9 26 6 12 14 0 18 6 8 7
6 15 25 29 7 10 12 12 0 6 9 9 23 27 30 23 17 24 17 28 8 16 20 15 13 29 1 6 7 3 15 23 16 10 9 8 11 28 23 21 12 21 19 30 16 15
29 23 14 2 0 1 24 0 18 14 23 3 9 12 12 15 8 23 22 17 30 17 0 5 16 6 11 1 26 5 29 20 25 27 10 10 29 2 17 1 3 23 27 19 18 27
8 8 28 25 11 23 6 28 15 22 29 23 3 0 22 24 5 3 22 17 24 4 26 22 9 18 28 17 25 23 26 10 11 23 17 8 27 10 24 2 24 27 17 22 8 3
28 19 14 4 9 25 13 18 4 15 5 5 28 5 30 25 20 24 6 3 24 13 24 16 22 27 21 22 26 27 21 25 15 28 3 19 4 15 8 10 22 2 22 21 29 14
12 16 14 16 15 27 10 15 15 17 26 23 26 20 25 24 16 15 25 0 7 28 6 19 11 13 1 21 28 3 17 29 13 11 7 24 3 25 18 15 27 3 22 17 4 7
3 30 4 17 2 1 18 16 3 12 22 7 22 17 12 17 16 27 1 7 2 2 26 10 23 14 15 9 6 26 25 2 4 14 5 3 25 8 17 30 13 10 15 21 12 19
9 1 29 23 26 20 11 25 15 25 16 8 14 0 9 5 12 19 12 22 30 9 6 17 11 8 19 21 23 1 13 1 2 0 3 3 21 17 26 13 16 21 12 25 6 10
23 8 23 23 6 16 5 26 5 25 25 9 9 29 14 26 8 0 10 9 5 5 20 1 21 0 27 15 28 24 14 7 16 11 22 9 0 25 17 6 6 15 4 16 4 14
22 18 27 4 2 12 4 0 28 6 4 11 19 21 18 26 16 10 16 1 15 11 2 20 3 5 20 13 27 27 18 21 7 20 30 15 26 11 4 10 4 7 30 18 29 30
6 29 3 16 21 29 10 10 5 14 18 29 7 8 19 1 12 9 10 12 18 13 19 19 2 18 1 2 20 3 23 18 15 0 4 20 0 1 23 15 12 29 6 5 9 1
27 8 15 8 26 20 13 7 20 10 27 11 3 5 14 7 4 21 14 27 14 8 13 6 0 22 30 7 0 2 14 23 10 2 18 26 29 20 19 19 25 12 7 17 17 6
10 9 14 13 3 6 25 22 17 15 25 21 5 6 8 4 4 17 12 0 7 11 11 28 7 4 24 24 24 14 10 13 22 25 14 5 18 28 16 25 2 3 6 28 5 0
29 0 21 28 27 15 2 17 21 22 10 17 11 29 28 1 18 9 23 22 13 30 28 4 2 24 10 14 4 12 25 21 17 16 2 4 2 1 7 3 17 12 21 23 12 12
0 5 6 9 4 15 9 1 3 2 29 29 9 6 11 6 21 11 4 22 14 0 7 13 16 1 16 16 26 4 29 27 4 26 17 12 1 9 14 29 25 2 18 4 8 12
10 18 10 18 22 9 25 13 7 27 10 23 10 8 8 30 13 12 1 4 9 21 2 25 12 0 29 20 26 0 29 8 16 3 8 13 28 28 12 4 13 16 28 5 28 10
28 20 11 21 9 26 24 1 5 4 9 1 9 29 30 15 8 12 21 1 6 27 0 29 16 21 0 19 10 4 15 12 12 17 14 2 21 26 13 12 23 29 9 12 7 22
26 24 24 10 17 20 29 5 27 4 21 7 13 21 21 11 0 9 14 10 1 13 23 14 24 30 21 22 29 5 26 9 26 25 4 24 6 24 1 25 4 24 27 1 11 8
8 22 4 22 15 5 27 6 0 20 24 29 24 14 21 0 29 13 0 18 22 12 4 7 27 22 20 21 25 30 12 19 27 27 18 20 30 8 6 27 29 20 24 7 14 26
