49 49
11 8 2 18 28 19 13 29 14 26 0 9 7 1 7 7 17 17 3 15 7 25 24 15 13 25 16 2 4 5 23 8 29 16 0 12 29 13 25 26 28 1 25 27 15 3 28 22 26
11 29 23 28 23 25 22 28 14 29 11 11 8 24 25 24 27 13 27 23 26 25 23 20 28 13 10 13 29 16 26 2 20 16 23 18 21 24 29 24 11 25 23 10 22 1 4 30 16
15 15 14 9 25 15 18 11 26 27 7 6 24 9 16 22 26 25 13 23 24 10 28 25 12 24 4 19 8 3 18 6 5 21 15 8 19 12 22 11 4 25 15 18 10 13 1 29 10
8 8 29 27 11 25 7 19 22 27 9 5 11 3 1 8 2 28 28 8 7 7 18 17 1 6 23 14 20 12 22 2 4 9 22 27 2 25 13 28 20 19 12 6 11 18 0 5 25
11 21 15 23 24 12 25 12 14 19 27 17 25 14 11 18 23 2 4 29 18 9 9 11 7 6 9 10 20 1 10 29 10 11 5 7 6 8 14 12 6 27 12 14 14 17 9 21 21
20 15 19 9 23 4 20 24 1 19 19 11 14 2 23 24 30 19 5 3 11 3 8 4 28 10 5 26 6 17 10 19 10 27 18 30 0 19 14 6 18 22 7 1 22 19 4 5 17
10 0 0 4 3 24 8 20 26 21 3 18 1 14 6 24 6 8 22 30 27 11 3 3 29 20 0 24 11 12 22 28 20 8 15 28 22 23 12 7 12 11 26 12 9 11 9 21 3
7 5 0 10 6 13 9 27 28 2 26 6 22 10 3 10 16 16 13 3 24 8 22 13 9 1 23 7 3 0 9 19 14 23 8 24 11 15 21 24 8 16 26 16 26 14 0 22 16
13 2 18 2 28 25 20 11 16 28 5 21 16 2 7 22 0 6 14 12 13 24 3 5 19 22 29 5 0 3 3 17 12 7 23 8 14 12 2 4 16 20 21 5 2 28 26 4 21
3 26 13 11 10 15 6 6 25 6 19 22 10 27 8 19 9 25 8 5 27 25 7 17 21 0 17 23 28 19 24 20 2 27 10 25 13 20 2 6 4 18 30 6 15 4 28 24 29
28 28 7 26 0 2 7 25 24 16 28 24 21 4 17 6 26 15 1 4 21 17 12 30 25 13 8 3 22 10 28 29 16 23 20 18 28 1 5 16 20 10 1 11 15 25 10 18 18
24 12 19 23 30 26 5 26 19 4 20 10 5 26 25 7 11 24 5 20 20 1 19 30 13 25 25 22 16 2 26 22 10 14 11 7 9 11 6 4 23 18 0 24 14 24 4 5 13
16 19 30 18 11 7 16 22 26 20 5 28 15 9 23 8 4 21 18 10 19 11 22 28 22 2 2 26 10 3 6 8 7 6 17 30 28 9 8 5 20 13 27 28 6 17 14 8 10
18 10 7 29 2 7 27 22 3 21 26 0 1 19 9 30 20 14 19 3 9 25 7 28 16 8 27 29 21 0 3 4 26 9 7 29 3 13 14 14 18 26 25 29 1 22 16 23 8
0 7 6 4 25 15 22 0 6 18 6 12 0 9 5 25 11 5 6 5 13 25 10 21 2 19 30 15 16 15 26 25 10 2 13 26 15 22 20 29 2 22 10 30 20 13 25 26 14
16 4 25 9 25 24 21 2 25 25 27 15 14 18 1 10 4 6 5 2 24 22 30 30 12 28 9 17 3 26 2 29 2 21 1 30 8 26 19 3 14 13 18 7 4 30 18 3 1
7 7 1 4 29 10 20 1 12 6 22 23 10 0 26 0 2 23 26 6 22 13 24 15 13 9 20 20 17 20 26 18 11 24 17 22 3 21 15 5 8 4 22 13 30 12 21 24 28
12 10 3 8 10 3 21 5 14 9 7 4 13 14 23 13 4 2 5 22 16 6 25 4 12 3 27 19 26 19 17 25 16 10 7 24 15 13 14 13 1 25 3 10 2 3 1 9 30
25 20 23 12 18 22 13 6 15 0 0 17 2 10 9 11 6 23 20 14 7 17 21 2 22 24 21 12 13 20 17 19 12 14 16 13 3 7 6 7 22 9 8 11 26 25 19 29 10
11 25 28 27 23 1 6 17 26 28 5 10 14 13 2 25 27 18 11 20 29 30 26 27 10 13 26 18 6 9 13 2 30 1 28 4 17 15 7 18 14 24 30 2 1 24 20 4 14
8 22 14 10 23 20 26 20 27 12 27 21 18 7 15 3 28 13 8 4 22 12 0 29 8 12 16 25 19 9 15 18 18 2 7 15 17 4 9 24 2 8 29 14 7 2 25 4 15
6 28 20 20 26 14 20 27 11 14 5 6 11 19 18 0 21 21 23 25 1 4 29 15 6 12 15 7 27 2 2 30 21 23 24 15 13 15 20 13 18 22 0 29 3 4 1 18 5
24 5 10 20 1 8 24 19 2 17 25 17 27 18 25 7 20 18 9 24 18 14 9 17 23 22 3 2 16 30 15 20 24 21 13 8 5 15 28 18 8 24 14 14 17 7 10 29 19
14 26 8 14 28 14 25 26 4 9 8 27 19 12 9 18 24 25 17 24 24 1 12 29 30 20 15 12 21 5 0 23 14 9 8 19 18 7 8 25 11 21 23 6 6 12 26 22 17
30 11 9 12 1 30 18 5 11 10 11 19 17 18 18 24 21 17 28 0 26 25 1 15 26 9 18 23 25 30 10 13 7 2 24 4 8 13 2 10 11 0 29 28 14 17 22 5 4
3 30 4 30 1 21 7 18 11 2 4 21 21 22 8 23 14 29 21 16 24 3 3 28 17 13 13 23 12 21 21 21 13 20 17 6 8 24 4 23 30 9 5 29 15 13 19 26 23
30 14 29 9 28 25 30 22 5 24 29 30 30 7 4 6 13 22 13 9 23 26 14 27 7 26 12 15 14 17 2 25 18 4 6 12 10 24 4 14 12 8 17 3 26 8 1 1 25
8 16 18 27 20 23 8 17 26 2 15 12 27 0 12 5 18 13 11 21 10 26 26 25 1 16 8 26 3 13 28 30 26 4 4 10 3 25 8 13 2 0 21 19 20 11 5 26 8
16 1 5 21 13 17 26 27 28 22 3 8 29 27 21 10 9 16 20 10 20 2 1 9 10 23 25 18 28 30 10 16 15 10 27 5 1 17 12 21 6 16 30 21 8 16 6 6 23
13 6 23 28 25 18 16 23 15 2 16 4 10 25 2 19 28 28 21 24 14 24 20 22 0 7 11 14 0 26 8 24 20 18 7 4 25 5 2 26 19 28 27 9 14 21 4 3 30
14 17 28 12 23 15 5 8 19 22 15 11 7 21 12 1 19 22 7 18 4 6 20 30 26 13 17 9 28 0 27 30 9 24 6 21 29 9 20 12 16 0 6 23 1 2 17 6 25
27 19 8 0 17 13 9 14 30 30 8 2 25 21 7 10 18 4 14 23 26 21 9 11 21 6 26 8 1 11 8 27 6 13 3 17 11 29 29 24 14 11 19 3 16 8 28 18 26
21 27 2 16 4 27 3 29 24 0 10 18 14 12 17 26 3 10 23 7 17 10 21 3 22 4 22 11 7 30 13 14 2 28 19 3 10 9 14 0 23 27 30 10 11 16 20 23 19
19 29 6 0 5 14 3 13 27 26 12 17 28 22 21 24 0 10 30 25 1 20 2 12 22 4 16 18 17 30 5 23 10 19 18 27 28 15 28 3 15 13 6 19 7 7 11 14 29
0 0 19 22 19 26 12 13 23 25 10 7 26 7 28 16 21 25 21 3 21 29 23 21 29 7 0 27 17 8 3 2 1 15 13 22 6 1 8 20 29 23 25 29 7 10 29 14 24
5 14 13 27 24 26 19 0 29 3 11 4 6 14 30 9 30 17 23 22 14 18 26 8 13 8 18 22 20 16 9 3 25 18 9 18 10 19 9 25 20 5 26 28 29 24 17 20 24
4 8 8 28 16 22 14 6 16 22 21 4 30 1 20 6 9 12 30 29 23 4 0 5 21 0 22 22 6 16 18 28 5 30 19 2 27 26 1 21 17 5 4 27 16 1 0 2 24
15 20 29 8 1 29 27 0 11 22 25 17 3 21 10 16 25 9 5 17 5 1 15 18 1 20 28 13 28 7 16 15 30 18 2 2 1 3 13 3 1 20 16 14 28 8 26 6 22
2 23 22 25 1 16 10 14 13 22 8 9 1 28 4 19 24 20 18 20 13 1 22 16 8 18 18 29 7 3 13 8 13 14 25 15 21 22 7 29 10 26 20 28 14 29 25 20 27
1 19 4 3 18 4 2 13 4 25 7 19 8 14 9 24 7 13 10 23 9 27 21 6 11 20 16 26 19 12 20 16 12 22 3 25 18 18 2 25 9 18 3 16 1 10 14 26 3
22 23 10 2 30 21 15 15 3 21 17 11 24 21 3 3 22 3 26 29 16 18 2 21 20 8 26 4 30 17 4 20 25 3 4 8 30 19 20 21 29 3 18 27 1 11 19 21 16
2 16 7 19 17 15 3 28 17 22 22 18 11 15 25 7 28 9 6 5 20 6 0 6 12 21 16 27 1 2 16 24 23 4 27 8 18 30 26 18 8 8 22 19 7 18 14 20 14
20 23 0 9 3 17 26 15 20 1 1 30 7 10 1 17 21 26 5 28 30 15 8 27 18 0 8 7 21 3 24 5 12 0 0 5 23 22 28 1 24 17 21 1 20 26 17 0 29
2 1 12 30 27 5 2 4 11 18 13 13 0 23 3 4 9 20 19 30 25 16 17 26 29 30 18 11 14 8 3 15 1 10 5 21 24 20 11 7 25 7 11 10 21 5 10 13 29
29 3 30 12 11 7 19 6 29 28 4 26 20 19 16 1 2 29 25 9 11 2 8 0 15 3 19 21 4 30 9 5 19 15 15 27 26 19 12 12 11 17 15 6 24 15 10 27 24
21 21 22 1 22 24 3 4 0 27 11 5 10 27 7 20 6 24 26 10 24 30 22 1 23 27 17 2 16 11 10 12 23 30 22 12 23 11 19 10 27 17 26 14 9 18 2 26 12
2 3 20 17 29 27 8 30 16 28 29 10 20 13 25 25 14 6 23 30 0 5 26 4 21 15 15 0 27 21 22 15 0 14 9 20 13 11 15 8 20 25 25 10 25 0 25 6 23
4 15 21 0 0 5 26 15 30 16 30 5 21 11 13 24 17 5 28 9 24 21 20 11 29 9 6 30 14 11 22 22 11 25 9 19 13 26 16 13 17 7 13 26 22 17 24 10 21
15 16 12 14 30 4 21 24 11 4 25 4 18 28 0 28 25 17 11 3 18 25 18 18 27 7 16 2 29 11 11 28 25 27 1 26 7 22 12 5 5 6 7 24 26 13 5 26 15
