51 51
13 23 5 7 6 23 14 8 29 29 15 10 2 6 14 7 2 1 26 1 30 18 29 16 15 8 17 26 5 22 23 7 22 4 10 4 20 18 21 30 21 8 24 30 9 26 12 18 23 21 23
29 0 28 14 12 5 14 23 18 7 8 23 30 29 27 21 13 24 23 13 6 22 21 10 3 24 0 28 23 0 23 22 17 15 30 11 12 15 20 25 2 2 24 1 13 26 21 18 7 12 6
19 2 21 20 18 30 8 30 1 2 29 16 3 9 13 17 8 22 18 0 10 4 13 11 22 29 17 8 8 29 27 7 2 6 23 27 0 28 23 13 10 18 11 4 3 26 10 15 10 14 24
13 14 30 9 2 10 27 22 17 18 3 20 14 18 24 17 16 24 21 0 20 1 29 0 12 11 22 13 13 17 6 25 22 26 27 1 20 8 19 8 1 14 23 27 20 28 5 20 13 29 26
3 26 11 4 3 14 11 18 10 14 4 25 3 0 30 1 20 0 23 4 14 6 9 24 4 19 28 23 2 28 7 25 25 28 26 18 12 11 28 21 24 29 17 7 2 30 19 1 29 3 29
27 21 20 29 11 1 13 11 13 14 8 20 7 18 12 7 9 1 6 12 24 7 14 25 16 19 26 6 28 27 6 21 2 21 0 29 6 12 1 10 16 13 2 14 19 2 2 2 15 11 17
18 2 12 29 11 7 18 17 15 18 2 18 19 13 14 28 11 24 12 26 26 12 4 24 13 29 23 9 2 13 4 16 0 0 0 3 5 7 26 15 25 6 29 5 22 17 2 11 22 10 8
24 21 10 15 26 4 8 5 28 3 15 16 14 27 2 0 27 20 15 25 9 1 11 26 22 12 3 15 30 22 26 4 12 9 3 26 16 30 11 28 6 25 28 8 11 27 27 10 8 28 22
30 28 0 5 26 25 29 8 27 14 2 1 21 28 4 2 26 23 0 14 8 26 29 25 7 24 29 1 11 30 18 29 12 18 4 11 17 18 12 22 12 14 25 27 12 8 29 18 29 25 20
14 24 26 18 20 14 22 19 8 12 22 17 9 3 14 16 21 9 10 16 23 13 15 15 5 3 30 23 24 1 25 7 22 22 19 30 29 30 20 7 8 2 29 9 22 1 7 21 9 19 22
10 18 23 17 21 10 6 3 3 4 15 12 17 15 4 22 12 15 3 22 15 7 21 6 11 28 17 17 6 3 8 6 24 11 12 9 30 15 4 20 20 17 20 3 15 3 22 4 21 13 19
14 8 12 25 25 8 19 7 21 18 5 24 4 13 11 1 14 21 30 16 20 9 28 18 16 10 5 5 15 17 21 16 2 7 15 5 28 0 14 17 22 20 26 11 18 5 3 12 14 3 26
4 19 28 6 11 14 28 6 8 26 7 0 24 5 22 23 10 14 19 18 0 25 18 4 4 29 14 8 26 19 25 26 7 29 27 10 12 19 16 10 3 25 29 14 19 13 8 28 26 21 6
10 25 23 11 30 3 3 8 30 28 7 27 9 26 9 11 6 2 12 22 15 4 16 24 10 6 3 30 7 29 21 28 22 12 19 13 7 28 24 24 26 8 8 3 11 19 8 11 5 26 1
7 12 20 0 27 2 0 11 8 19 20 15 2 10 4 11 27 17 2 2 8 17 30 7 23 20 15 1 15 24 20 27 20 14 3 2 19 23 23 7 20 10 27 9 1 18 20 21 3 1 3
0 22 15 24 24 2 28 30 19 25 2 29 27 2 2 0 18 20 26 4 27 0 9 24 22 29 9 26 4 10 29 6 17 30 29 0 15 4 22 21 20 13 18 18 24 3 17 27 16 3 8
6 22 5 4 24 16 8 6 28 25 5 17 9 20 0 14 18 12 1 14 0 13 0 18 24 17 13 24 24 14 22 30 30 16 12 2 5 9 5 4 22 16 17 17 10 5 25 27 24 22 20
21 2 1 23 4 20 10 9 10 30 13 22 26 2 0 11 5 12 4 13 30 10 25 28 4 8 26 7 28 26 14 30 27 27 1 11 25 19 18 24 22 2 16 23 1 6 14 15 14 21 19
3 23 28 17 12 20 11 0 2 20 27 17 2 10 16 0 5 13 15 25 1 14 26 29 29 22 12 30 6 3 26 20 5 10 11 19 6 30 9 28 19 6 6 7 1 25 9 12 25 17 27
11 10 7 18 20 27 18 10 27 2 3 13 5 26 6 4 1 1 30 3 12 19 29 9 14 28 10 22 26 17 12 29 0 12 8 12 21 28 11 2 23 7 23 30 10 3 9 6 20 7 19
22 12 22 22 28 13 5 12 22 10 10 26 7 27 3 29 12 28 29 5 17 3 22 5 30 27 26 24 25 29 12 28 4 25 4 8 0 1 13 28 6 5 11 4 23 17 25 4 26 3 20
18 27 4 9 29 7 10 18 5 29 1 21 26 21 22 11 9 6 12 10 9 12 6 2 18 30 22 1 24 4 0 24 28 21 0 5 14 11 14 7 7 27 11 8 22 0 24 5 27 13 17
11 4 10 9 24 4 17 15 5 2 10 7 6 26 6 15 14 5 5 15 27 11 21 4 25 27 28 25 18 25 3 1 4 24 6 0 30 22 2 17 20 18 27 7 22 8 0 13 18 12 6
9 5 25 10 14 3 21 9 16 14 4 11 7 18 4 28 3 28 5 0 4 30 7 19 20 5 11 22 30 23 7 9 1 9 27 3 21 17 4 25 11 27 26 12 12 23 28 8 24 0 28
28 17 28 20 23 17 9 4 20 24 26 23 10 27 15 28 15 9 5 16 29 1 26 15 0 28 21 20 27 28 18 26 15 13 16 4 29 3 15 12 29 2 22 19 0 9 11 22 6 4 22
26 6 30 26 4 14 23 6 8 24 21 16 14 29 14 8 27 26 16 24 15 5 29 3 11 8 10 5 21 26 18 29 22 11 19 11 22 2 18 15 28 13 26 26 26 0 5 27 20 16 27
12 11 23 27 4 5 15 29 30 19 7 23 19 23 7 22 28 15 9 21 29 12 8 16 21 14 24 17 26 10 20 11 9 17 2 2 6 13 24 3 21 10 15 2 14 18 9 4 6 14 10
27 6 7 9 5 27 21 23 1 9 13 0 6 26 23 8 1 23 30 21 28 28 21 10 15 20 4 12 12 11 24 18 24 10 11 20 15 22 24 9 23 23 26 28 6 4 18 30 20 2 13
5 19 29 8 0 17 20 6 11 25 1 3 13 13 9 7 27 15 11 29 9 16 29 5 23 22 1 15 24 10 12 6 16 7 3 12 29 5 23 17 17 17 17 18 3 29 6 19 24 11 24
17 25 21 3 26 11 27 13 4 3 21 26 23 19 25 27 7 13 3 3 20 15 29 16 5 9 25 12 16 12 16 30 0 19 12 22 7 11 7 5 8 19 5 29 30 21 21 30 6 10 24
7 16 15 24 3 5 24 25 11 30 20 10 8 21 11 12 26 5 30 13 15 25 13 6 0 8 12 19 17 5 12 4 19 29 21 11 0 18 0 0 9 27 18 20 12 21 4 21 8 3 13
24 3 5 18 17 7 23 7 16 15 20 27 12 16 0 17 27 14 12 10 3 9 28 11 11 17 0 24 21 15 19 22 17 10 25 14 16 4 0 16 6 5 9 6 1 23 2 1 12 26 9
29 28 12 22 22 17 13 3 27 30 14 11 27 17 25 9 9 29 20 23 18 30 4 10 16 16 21 21 1 20 4 7 20 3 12 19 15 25 6 23 25 29 23 28 6 0 2 13 11 5 30
12 4 19 27 18 20 7 0 6 29 13 1 22 9 22 16 24 16 25 26 22 23 19 12 7 12 11 15 15 28 10 24 15 8 30 22 10 21 22 0 21 1 12 22 29 1 8 13 19 18 4
10 23 30 24 20 2 16 22 11 4 13 30 15 2 20 22 6 15 18 9 27 3 19 10 10 14 25 16 17 25 9 23 12 4 29 0 5 21 12 13 14 14 26 29 28 9 17 28 28 12 3
10 7 6 3 26 14 16 10 28 28 13 11 29 20 4 9 20 26 4 17 26 29 23 7 21 15 10 22 7 26 0 18 12 23 13 14 29 13 0 7 28 10 9 1 6 3 24 25 27 19 13
20 1 15 30 30 1 19 26 23 5 20 19 4 23 7 4 17 23 14 11 16 0 3 7 17 8 15 26 14 19 5 12 18 5 14 11 17 12 26 14 11 20 9 9 14 27 18 9 24 18 14
26 4 23 17 6 21 9 26 5 13 6 13 2 24 10 0 3 27 24 10 29 0 30 14 14 7 15 0 1 30 23 6 6 12 7 15 21 13 30 5 10 8 16 5 18 11 1 19 18 10 9
22 6 27 13 13 0 12 1 6 28 19 22 21 16 8 24 24 18 20 27 6 22 15 27 25 8 27 30 24 18 14 20 30 29 17 10 0 13 1 26 5 0 3 5 22 14 0 21 28 7 28
19 17 30 9 19 23 14 11 16 25 11 7 17 30 14 8 8 10 5 20 4 29 27 19 1 28 3 27 23 4 8 22 23 25 15 20 1 0 8 10 6 15 2 13 23 27 5 25 17 29 17
26 3 24 25 23 17 21 10 4 26 1 18 4 13 20 25 5 3 2 0 17 25 0 5 17 28 20 1 13 23 29 12 11 14 23 3 9 21 22 27 19 6 3 14 6 8 21 7 10 26 5
3 27 24 4 27 0 9 4 15 4 24 11 20 21 17 6 10 14 17 30 7 0 25 18 9 19 4 20 9 1 2 8 18 5 6 8 7 15 1 15 21 4 9 7 1 15 21 26 20 25 1
13 21 9 29 21 3 12 3 20 20 15 14 10 23 10 15 13 15 20 6 23 28 3 24 18 4 25 8 18 27 6 25 6 29 3 12 12 14 25 4 16 7 20 13 26 19 19 9 5 11 2
18 20 21 6 19 27 22 11 20 26 19 11 5 18 27 5 8 29 11 21 3 10 22 19 13 21 24 18 30 14 22 9 4 11 1 22 17 20 0 8 27 14 26 5 28 12 14 17 0 26 9
13 22 25 11 19 19 1 29 0 9 4 19 19 16 9 15 30 0 26 18 16 24 7 16 7 21 24 18 1 19 9 25 16 25 26 13 23 30 9 12 4 9 9 13 16 5 11 7 8 24 20
1 14 6 1 13 12 27 7 6 20 2 26 30 20 14 1 17 30 17 11 0 19 24 18 19 27 25 11 24 27 5 10 14 20 23 29 18 1 6 4 13 25 3 7 20 8 18 27 22 9 25
25 8 20 25 18 13 17 3 5 1 9 25 14 17 1 28 25 16 3 1 0 29 23 9 23 6 16 14 10 10 2 6 7 7 4 27 30 9 3 16 24 22 25 27 3 24 29 17 11 10 30
30 3 20 8 16 10 4 15 28 8 28 10 24 30 24 15 30 7 14 27 8 15 2 1 10 8 27 17 6 3 27 28 17 17 18 5 17 30 29 18 9 11 5 20 3 2 4 1 6 28 18
10 15 13 15 11 3 25 18 16 13 9 4 16 22 14 9 14 19 6 12 23 3 7 25 3 4 15 16 23 23 16 18 29 29 19 30 2 12 26 6 23 21 28 10 13 1 13 3 12 13 19
24 26 22 23 22 12 28 14 27 20 20 2 20 9 13 28 19 25 25 26 16 13 19 8 29 18 3 9 16 23 20 0 30 27 11 4 2 0 14 6 25 21 21 7 18 15 26 8 1 4 23
30 8 0 9 7 21 23 21 7 30 1 25 15 12 20 11 3 23 23 2 5 30 4 20 12 2 28 19 23 30 24 15 8 21 29 16 24 30 5 17 25 14 3 10 3 30 4 13 15 18 4
