53 53
9 14 11 3 29 16 30 21 26 8 22 21 7 16 30 23 14 5 10 10 11 26 24 2 26 29 18 7 4 28 7 16 22 2 29 24 15 6 5 10 23 26 6 23 20 12 29 2 27 21 16 8 14
30 24 17 13 30 28 24 29 4 10 20 1 12 19 1 2 13 8 9 22 13 13 22 8 10 5 30 5 19 30 12 17 24 6 4 10 14 21 16 8 5 22 21 19 15 5 2 24 3 24 27 11 26
13 29 6 19 14 3 21 9 18 27 8 28 6 23 21 18 28 2 2 26 3 16 11 19 18 12 20 30 15 21 6 28 3 25 30 12 30 17 14 7 2 8 18 11 13 22 24 2 27 1 16 11 24
2 14 27 24 2 18 12 12 29 4 20 23 12 30 5 5 6 16 6 18 25 4 0 25 21 26 2 29 20 6 8 17 11 27 9 19 7 18 11 4 12 11 16 16 4 19 4 4 4 0 21 0 2
1 24 30 5 22 26 25 15 21 19 14 16 13 15 25 7 7 13 10 19 8 26 7 10 8 4 19 15 4 10 4 13 15 8 14 1 4 2 0 29 23 22 12 26 13 14 19 24 20 17 20 16 0
22 19 19 13 3 26 4 4 12 15 6 13 23 13 27 19 12 5 26 5 9 17 12 27 23 29 26 21 7 20 9 1 14 10 13 16 11 4 9 24 9 16 27 15 5 10 19 9 18 26 27 27 9
20 9 6 0 19 14 25 11 21 2 10 20 16 21 22 28 1 25 7 23 30 28 5 18 14 30 27 24 20 21 11 20 0 30 1 7 10 11 1 17 12 23 4 19 30 19 21 15 5 20 18 27 10
17 21 8 5 18 11 3 12 20 8 12 11 10 19 13 10 29 13 15 3 13 22 15 30 28 17 26 15 18 21 11 5 3 9 25 20 6 27 2 12 24 1 1 26 23 1 9 7 9 4 16 1 27
16 28 30 11 7 11 2 4 18 0 24 7 22 8 24 17 13 11 3 4 3 30 13 5 19 22 19 25 27 3 11 12 16 23 6 1 28 6 29 21 5 4 19 13 1 5 14 2 10 23 25 12 27
21 7 0 27 23 5 3 27 28 11 26 2 7 23 13 7 30 13 18 11 22 28 20 6 27 18 27 9 27 16 21 15 17 21 14 27 15 13 19 19 27 11 13 20 13 11 7 15 13 23 30 24 17
15 19 11 1 16 11 20 21 8 6 14 23 20 1 29 23 9 22 14 0 10 10 15 22 26 27 5 22 8 13 2 2 18 3 29 5 8 4 25 26 8 11 26 8 10 0 29 1 4 6 2 5 20
11 20 2 22 22 27 11 5 7 4 3 28 17 6 25 12 29 23 7 2 14 23 20 26 11 21 4 25 13 17 5 13 0 25 2 10 18 30 27 4 15 19 4 26 25 27 16 27 1 26 24 1 17
21 15 8 6 22 28 1 22 28 1 26 29 27 26 21 18 0 14 30 17 4 2 20 15 5 5 7 11 3 20 13 18 29 28 29 16 28 12 26 21 30 29 17 28 14 29 26 22 5 24 17 30 21
9 10 23 17 15 0 24 30 11 6 28 14 26 21 30 18 0 10 16 24 15 19 26 25 12 4 8 6 9 14 22 18 16 29 20 16 15 14 0 22 23 15 4 13 27 12 25 14 6 21 8 16 17
20 0 7 30 7 29 26 22 3 9 17 2 1 23 12 26 3 24 10 20 30 22 27 27 0 21 14 6 26 10 17 2 27 15 7 2 8 6 19 0 8 13 10 9 22 6 2 2 27 20 28 26 30
9 12 29 19 1 4 13 26 6 6 11 20 3 12 12 4 9 18 30 13 26 10 0 4 17 26 7 21 9 9 0 7 17 15 18 15 4 27 12 2 0 29 12 21 22 7 12 27 1 3 21 17 4
21 0 20 13 8 3 1 3 21 25 8 15 18 4 11 10 8 7 2 10 5 26 12 5 22 1 7 19 30 0 14 7 23 11 16 28 5 8 23 29 20 23 23 21 2 25 0 8 27 20 22 27 27
2 22 14 7 30 8 12 25 16 27 28 23 3 10 26 1 25 3 25 6 12 16 29 14 30 10 20 10 10 25 14 3 5 8 14 14 9 19 24 4 0 0 1 27 22 20 18 13 10 13 5 24 10
27 28 11 3 23 0 2 17 21 3 7 29 13 11 28 19 25 26 9 27 28 17 17 17 19 1 29 1 13 22 20 27 4 16 21 29 2 23 11 27 18 25 22 11 14 7 18 19 12 8 1 6 24
3 21 20 28 3 9 12 7 6 26 24 20 0 17 8 7 26 21 8 18 10 0 19 22 4 4 24 10 17 24 26 9 11 4 22 4 19 13 1 10 11 19 8 23 21 19 13 16 6 7 18 21 25
1 25 20 17 20 8 21 18 19 0 17 22 18 29 13 9 22 24 18 7 28 29 28 0 25 2 27 13 15 9 4 7 14 4 19 23 4 0 11 22 2 23 0 7 10 0 8 22 14 16 0 2 21
28 18 23 22 25 19 8 17 28 3 6 10 9 0 13 9 19 18 9 7 30 24 6 19 19 19 19 10 6 0 16 7 26 9 6 12 6 9 6 10 5 5 21 15 1 3 7 9 29 11 3 21 25
3 12 16 23 20 27 8 0 20 7 18 26 2 4 20 28 4 21 9 28 0 0 18 22 12 15 14 16 11 20 0 1 2 0 26 30 7 4 3 13 20 26 28 14 18 30 22 3 8 20 25 16 10
19 16 28 19 27 12 17 1 12 10 12 11 19 2 13 10 14 6 13 21 30 26 30 0 3 29 29 18 30 8 29 10 25 9 7 25 11 17 19 20 5 0 7 14 17 14 0 26 0 5 3 30 24
24 25 8 27 23 13 25 2 27 29 1 17 9 30 9 13 16 14 15 1 19 19 5 30 10 21 25 12 17 27 2 9 0 19 21 14 24 0 13 6 9 28 4 20 27 29 6 29 21 3 1 2 7
22 27 13 23 12 18 16 1 24 5 28 4 29 26 26 2 2 10 27 26 20 5 27 9 2 14 22 4 28 29 7 9 24 27 19 16 1 7 27 26 29 14 5 13 30 12 7 28 17 26 4 17 10
19 8 22 13 15 8 23 27 23 25 6 16 27 12 3 0 10 15 23 26 15 0 23 10 2 16 5 15 2 27 10 9 24 22 20 10 9 22 6 28 17 20 26 22 18 6 25 19 27 13 23 15 2
11 6 28 24 1 26 26 3 26 11 1 28 26 7 22 16 29 15 9 23 16 12 0 3 21 9 21 14 12 29 2 8 5 11 9 10 25 20 12 4 10 27 10 18 0 4 10 12 4 17 28 20 17
4 15 30 14 11 8 19 15 20 12 17 25 27 0 8 12 27 20 4 21 5 28 4 13 22 0 19 26 2 14 13 13 13 28 18 13 10 16 23 24 11 23 29 13 6 24 29 4 28 22 2 1 1
5 0 20 14 2 11 1 23 23 4 2 21 4 29 0 24 17 29 0 16 20 1 26 29 5 20 13 8 25 21 29 28 7 16 15 26 2 24 26 18 21 5 25 23 9 22 9 12 23 8 15 0 22
10 7 18 29 25 4 5 19 18 1 28 21 23 6 25 9 10 30 8 18 29 8 20 1 9 1 21 9 13 22 21 0 12 14 22 29 15 23 22 22 3 20 16 11 0 23 24 2 8 10 2 30 5
22 11 1 13 7 19 12 29 16 12 10 29 20 27 8 7 28 24 13 12 21 19 6 27 30 17 11 24 8 12 17 26 18 13 26 19 2 26 1 22 14 29 10 22 9 24 24 7 30 11 7 14 15
3 15 12 27 27 25 4 7 1 13 0 26 8 1 18 25 28 16 29 19 26 12 3 15 29 6 29 20 22 21 17 10 8 5 15 23 23 19 30 23 13 23 26 25 22 20 7 23 8 18 1 21 9
9 28 12 30 12 3 23 6 0 7 27 26 28 16 19 18 30 30 13 13 1 15 8 16 27 14 15 25 15 28 16 29 12 12 27 11 1 20 2 4 21 5 15 14 13 23 3 22 15 5 5 26 18
6 20 13 24 0 26 20 21 10 13 4 25 10 11 24 26 3 17 14 16 27 16 30 2 17 17 24 12 29 13 15 30 20 7 26 27 16 6 26 21 15 22 3 12 0 27 13 26 2 6 25 16 5
0 30 14 26 3 17 6 1 10 25 10 19 26 20 20 8 18 17 26 1 15 4 10 4 12 24 23 2 16 11 5 9 13 0 23 3 2 11 1 26 1 25 19 29 1 27 23 17 2 22 26 8 10
18 7 29 9 18 2 9 6 22 5 3 16 11 25 16 29 29 24 12 23 4 18 21 22 25 13 26 27 11 1 2 23 9 10 4 27 15 24 26 26 21 24 28 20 23 23 28 1 2 14 6 8 12
11 15 12 20 27 4 14 21 5 7 19 11 30 18 20 27 3 4 0 13 2 28 2 17 13 17 12 7 6 11 25 27 18 12 27 8 13 23 26 16 24 10 22 27 2 29 2 22 17 22 7 12 5
7 9 4 10 29 2 14 8 28 5 24 7 18 22 20 12 28 27 24 4 2 3 21 16 22 24 2 20 28 16 10 14 18 22 7 10 15 4 16 7 21 22 23 16 1 2 30 8 19 12 30 23 14
7 19 11 30 18 24 19 10 7 12 5 7 13 14 17 1 22 24 12 24 4 16 11 22 9 10 24 24 22 22 29 11 21 4 29 10 18 13 9 20 6 22 5 26 19 24 29 4 9 25 22 22 30
0 28 10 15 1 2 13 13 12 26 26 9 3 11 27 18 21 27 11 4 17 12 13 27 2 29 18 27 29 17 7 30 14 30 12 17 0 15 12 30 16 14 7 13 16 4 18 15 28 16 27 27 8
8 23 18 4 14 28 19 5 9 13 30 0 21 20 3 18 14 9 18 25 7 28 15 10 15 11 12 15 18 14 20 13 23 20 24 20 26 17 0 15 15 6 23 13 11 5 11 16 27 20 16 30 7
30 30 27 25 11 30 26 0 16 1 16 14 25 1 25 9 14 25 5 7 9 6 25 13 18 17 28 2 16 26 16 24 0 25 4 8 8 28 5 22 24 13 0 9 18 19 30 15 30 6 11 5 22
27 16 29 10 25 9 21 27 3 17 0 17 17 11 0 2 3 19 15 28 9 19 22 23 18 18 13 15 0 17 0 19 2 9 11 26 2 5 20 22 27 5 8 13 20 8 10 10 30 29 13 27 2
27 27 26 7 12 2 3 25 11 24 23 27 6 15 0 24 6 7 11 14 21 18 10 22 7 0 2 20 29 12 12 17 0 1 27 25 19 3 3 25 1 6 17 5 18 3 3 18 19 9 28 2 4
2 4 30 23 11 2 1 17 15 30 18 10 14 18 18 20 8 7 11 13 4 1 12 11 23 29 22 5 7 11 20 16 20 22 22 8 25 6 27 3 23 0 24 1 11 26 27 11 6 13 21 7 16
15 8 0 16 24 22 21 30 17 8 25 23 30 18 5 7 26 19 21 8 2 23 5 17 6 25 8 1 17 21 9 30 26 20 21 8 9 18 8 10 25 27 28 18 1 25 29 30 3 5 27 19 9
1 6 8 20 7 11 13 16 19 2 14 2 11 28 7 24 23 17 20 2 17 23 29 13 14 3 29 9 19 25 21 23 28 4 16 0 29 25 27 15 13 1 21 15 2 21 15 8 17 14 9 26 0
4 17 23 13 4 24 14 27 0 12 1 21 1 0 10 14 27 12 4 3 0 13 24 5 20 14 8 16 4 8 14 11 26 0 29 25 18 17 21 3 13 0 7 0 12 24 1 12 29 4 8 2 1
6 13 16 0 26 3 3 8 3 24 1 24 9 0 5 9 30 11 11 4 2 2 14 2 28 16 26 27 30 8 8 28 3 19 28 25 7 4 27 9 24 5 23 29 18 30 3 9 0 12 27 7 21
17 16 21 28 7 19 27 18 23 1 19 12 26 29 3 22 15 25 28 12 10 18 24 2 4 25 30 29 22 19 23 11 17 20 25 25 9 1 0 19 8 24 6 28 3 19 7 22 29 30 23 20 30
19 13 20 16 2 10 2 29 5 16 1 24 13 4 27 25 3 24 26 11 26 17 8 9 6 13 13 19 11 2 18 7 23 21 7 26 23 20 25 14 21 12 26 28 13 28 15 0 16 15 22 17 21
21 24 16 7 27 1 11 29 5 22 18 4 13 5 6 4 30 1 20 18 25 4 0 5 10 3 0 12 6 22 9 18 9 20 28 20 11 7 21 18 30 12 18 17 23 14 20 26 16 7 22 4 15
