61 61
23 19 15 29 12 30 22 4 3 15 9 15 24 5 24 1 16 11 10 20 20 16 21 17 8 2 10 25 8 18 8 2 6 12 1 18 5 16 15 25 21 23 7 5 10 26 7 20 25 27 0 6 12 16 7 14 30 8 29 21 24
24 30 20 7 28 7 2 14 13 14 26 2 3 29 29 23 2 16 9 17 28 30 21 1 29 1 8 25 27 29 5 14 13 30 17 20 14 15 13 18 13 15 18 5 13 7 19 10 4 11 17 15 23 7 15 19 20 27 4 17 3
5 13 21 7 2 30 0 29 26 28 0 14 21 16 24 16 4 3 4 29 25 24 26 16 15 27 27 15 8 1 26 9 16 8 7 10 6 12 8 27 5 28 10 8 21 27 20 15 10 9 25 27 13 24 4 30 26 15 30 8 15
2 18 5 0 16 8 1 30 23 19 7 6 24 25 6 16 28 25 19 14 15 26 1 21 15 30 28 17 28 20 2 26 12 4 18 14 29 22 29 20 14 30 23 25 2 3 17 15 22 20 16 11 13 19 2 10 26 20 26 21 9
7 18 2 26 5 2 2 8 17 3 7 22 27 14 11 8 20 6 4 13 3 28 24 28 5 27 18 13 11 8 25 16 0 8 10 16 27 6 8 27 19 18 30 4 24 0 15 1 27 11 20 9 24 13 6 15 25 18 16 29 1
1 11 10 7 6 9 12 30 16 24 19 1 2 11 27 2 19 6 23 6 16 1 11 0 1 23 18 27 27 0 19 2 10 27 13 17 0 28 17 6 27 10 24 16 21 10 30 6 3 21 29 8 20 1 3 0 10 7 12 10 5
14 20 9 7 7 21 17 14 12 10 12 29 5 2 28 18 30 9 24 6 4 0 17 24 12 2 27 28 22 30 29 12 17 22 7 15 28 22 12 19 27 30 15 6 22 16 26 7 5 14 20 19 25 8 2 18 14 15 1 2 27
26 3 21 6 13 21 27 20 25 9 15 22 5 24 22 26 3 28 2 7 6 9 29 3 27 22 8 2 20 23 8 18 14 14 9 13 28 16 22 19 18 11 28 25 13 11 4 15 13 28 10 27 17 6 3 13 24 7 5 15 5
12 22 20 22 28 19 25 23 11 28 21 28 13 28 11 13 11 18 17 3 23 2 3 15 16 9 29 8 30 18 16 3 19 28 13 5 26 0 13 19 21 21 9 5 11 9 0 29 16 4 16 29 13 25 19 30 20 11 17 9 6
30 11 20 18 23 24 13 15 17 4 6 13 10 17 17 21 16 25 15 16 18 15 27 24 3 18 10 8 27 7 24 14 28 22 25 29 28 6 6 4 16 16 9 28 2 28 24 17 24 12 16 12 29 15 14 15 15 17 29 1 18
30 30 25 2 8 26 22 8 8 21 21 17 30 24 29 16 11 28 5 13 23 12 28 18 5 22 12 28 24 3 24 20 10 16 16 5 28 27 22 25 29 3 5 27 9 5 23 19 5 17 6 21 2 13 30 26 19 25 21 10 12
1 22 15 7 7 20 30 9 28 18 12 1 6 5 7 13 29 13 1 14 25 28 28 13 6 8 29 29 10 8 0 9 7 23 23 28 4 13 24 17 4 22 18 24 23 17 6 21 12 14 5 11 22 22 16 26 3 2 23 13 15
11 6 13 19 29 4 30 3 13 25 20 29 10 26 13 2 2 17 6 18 14 8 4 1 24 4 14 30 20 7 22 1 1 7 9 9 16 12 1 20 21 16 2 29 18 15 18 24 9 26 13 10 24 13 15 12 11 13 23 19 3
28 28 9 28 21 11 28 0 23 5 8 2 21 25 26 26 5 25 0 16 17 21 0 3 20 0 18 16 25 7 19 11 7 9 15 14 8 2 22 9 21 26 30 1 19 6 3 4 19 19 16 29 2 8 23 13 24 14 14 9 30
25 25 19 27 23 12 29 9 12 3 8 5 23 13 18 1 20 14 11 21 28 14 15 17 27 11 26 12 18 27 16 11 26 27 15 3 4 21 18 22 13 12 22 2 14 18 10 9 23 18 4 15 9 14 0 0 9 28 25 5 14
11 14 21 11 30 0 11 28 23 2 8 27 12 16 10 29 9 16 4 23 9 3 1 7 14 28 10 13 30 10 26 25 15 11 22 14 17 2 2 6 12 6 0 22 24 21 12 12 25 7 8 13 8 7 22 8 4 1 27 30 11
29 29 10 2 17 20 2 15 17 2 1 3 26 1 13 18 9 10 26 6 22 28 26 15 27 5 8 21 12 11 29 24 15 4 6 9 24 28 4 19 11 14 3 23 23 14 5 15 10 12 3 23 18 3 13 17 9 13 21 11 30
5 8 21 18 25 7 5 19 13 15 16 20 4 0 8 30 3 3 14 22 26 13 30 0 15 19 21 11 20 12 14 19 0 25 7 1 25 4 15 11 11 2 11 17 28 20 11 12 1 30 9 19 11 14 1 30 24 19 11 8 16
21 4 4 23 2 24 23 12 6 5 12 2 23 20 8 24 29 8 18 11 5 16 14 3 8 3 15 24 9 22 18 18 19 26 6 12 30 3 0 20 3 22 29 13 22 7 1 13 2 20 18 25 15 18 25 23 0 10 13 20 4
8 29 24 8 14 11 20 10 10 0 23 10 26 29 20 12 28 2 18 16 24 4 25 11 22 8 2 1 28 13 28 15 28 21 17 11 5 2 15 4 4 3 23 15 0 26 15 19 0 13 5 23 13 21 25 20 9 26 4 11 17
26 3 12 8 1 28 8 6 12 12 29 21 2 29 0 1 11 5 15 25 10 11 12 10 7 18 2 13 5 30 5 15 2 28 25 28 11 18 4 27 24 27 19 10 9 20 19 20 28 15 21 16 23 27 21 22 18 4 30 4 17
26 5 10 21 18 14 29 6 29 4 12 3 3 17 22 24 7 8 27 12 16 12 1 29 27 21 16 20 23 8 25 1 10 24 2 17 26 26 11 17 15 20 24 24 23 24 3 14 2 12 8 16 25 4 28 22 19 16 10 2 4
29 14 23 21 9 25 16 11 8 24 13 5 17 29 14 10 21 24 23 8 10 1 10 22 14 12 0 16 24 15 21 11 9 18 18 3 25 26 12 13 19 13 27 2 25 1 1 10 26 16 10 1 21 17 21 1 29 26 18 0 19
21 1 12 21 20 1 4 19 1 25 24 23 21 11 28 29 5 5 18 23 3 17 11 20 11 16 22 9 27 18 8 25 2 20 15 25 22 25 30 9 16 26 25 28 6 3 16 13 30 15 26 25 15 30 16 14 19 14 15 16 30
0 19 6 26 10 23 12 15 22 28 2 2 19 16 5 8 16 3 3 23 19 1 13 25 28 27 29 4 29 30 9 22 11 19 8 30 11 17 2 27 2 11 0 23 4 27 30 5 23 25 12 28 24 25 5 5 20 14 26 6 18
28 12 29 18 6 7 23 20 27 10 22 19 17 2 23 22 27 14 15 20 29 11 28 27 14 30 16 1 28 27 3 26 15 3 9 16 12 27 7 16 13 14 12 8 10 9 26 16 4 1 20 24 29 0 29 8 21 30 1 13 8
13 6 27 19 10 16 13 10 30 12 0 4 4 19 30 0 0 16 0 5 6 11 7 19 5 0 7 23 7 13 22 17 15 18 22 8 26 18 14 24 29 27 27 15 23 29 21 1 16 6 20 1 18 3 6 19 15 20 30 10 29
1 29 6 26 5 27 3 26 17 26 13 17 20 28 7 20 12 2 12 3 27 20 1 22 24 10 13 20 3 23 4 1 23 16 27 20 21 7 10 22 15 17 23 26 12 10 15 14 30 26 9 10 20 0 6 9 25 18 15 8 26
5 8 30 17 0 14 21 7 2 18 20 16 25 24 16 11 26 29 13 27 22 20 29 7 23 7 27 8 7 13 24 23 6 16 16 1 3 11 0 20 4 10 0 20 12 5 1 4 12 14 25 2 14 21 3 8 10 25 5 17 27
3 25 13 23 10 28 29 20 0 17 25 19 22 9 24 5 4 1 2 23 20 24 8 11 11 1 21 18 16 25 29 23 21 22 11 14 30 18 14 7 30 4 9 15 8 2 19 22 10 7 15 14 21 12 12 7 0 25 4 4 21
8 14 12 29 24 28 19 28 20 28 10 16 8 9 11 23 7 30 27 7 6 29 16 7 29 0 27 8 12 6 3 13 20 13 11 22 2 6 16 28 0 29 9 18 30 22 23 0 14 21 6 19 11 23 13 16 11 27 11 22 14
29 27 18 7 9 21 22 3 19 1 16 27 27 5 22 21 11 0 0 22 0 8 9 13 24 23 11 15 15 17 10 1 26 17 19 3 12 12 30 28 9 4 22 30 10 10 14 17 1 18 27 18 0 25 17 30 4 14 10 25 17
4 17 24 30 15 9 16 21 9 17 2 22 29 29 28 2 9 29 21 14 27 26 29 11 5 8 23 13 10 16 13 21 1 15 22 15 13 4 29 10 15 10 2 15 24 4 7 14 11 17 23 4 8 30 23 25 15 23 24 30 17
28 29 19 15 18 23 30 16 10 27 22 12 18 5 19 22 26 4 17 22 23 7 17 30 18 8 18 24 1 9 10 4 17 30 7 20 2 30 19 10 11 5 30 24 14 30 21 4 4 29 0 28 11 17 10 27 24 18 11 26 21
20 3 23 18 0 26 23 12 28 9 3 15 13 11 29 7 28 17 6 19 30 29 20 6 5 6 22 4 4 0 8 16 12 5 6 28 22 18 11 10 17 27 8 30 13 12 9 16 23 24 30 26 30 14 23 25 10 13 12 6 22
14 21 28 28 12 2 16 6 15 9 29 8 30 18 8 30 11 14 21 1 28 0 14 11 12 19 28 10 12 10 27 13 5 15 25 25 25 21 30 19 29 26 23 29 16 9 1 6 27 2 18 29 27 29 20 9 22 7 17 23 30
13 6 7 14 11 4 11 27 5 27 24 23 28 21 12 9 29 15 19 3 28 13 19 1 0 20 3 10 13 2 22 28 26 21 5 26 2 8 20 19 23 15 19 3 26 14 9 5 18 8 27 14 6 28 24 22 0 11 18 4 17
0 0 20 22 1 27 8 4 25 10 22 9 4 30 16 16 26 30 30 9 18 4 26 19 24 18 0 10 10 18 17 14 6 11 4 12 22 19 24 1 4 2 24 19 16 11 23 28 18 12 21 16 11 11 28 4 10 27 3 21 2
9 8 27 10 12 25 9 27 20 2 4 0 20 22 18 4 1 1 21 30 10 5 0 19 9 5 26 8 23 21 10 13 22 10 25 13 18 3 19 10 21 3 11 0 29 16 0 26 8 14 28 27 1 9 5 13 19 15 21 21 7
23 25 16 18 1 14 1 11 13 9 15 21 5 7 25 1 4 1 22 4 26 18 10 29 8 18 19 4 28 12 12 13 7 3 23 3 17 12 9 19 28 26 15 27 25 28 15 25 12 11 8 22 24 25 21 12 6 22 14 21 8
13 29 30 1 30 11 3 2 23 16 27 0 2 22 2 2 10 15 6 4 0 3 1 11 22 26 16 15 22 15 4 2 0 30 21 4 24 6 5 4 11 4 21 28 22 2 12 29 2 10 6 27 15 20 23 14 29 2 1 10 25
3 27 30 6 4 29 1 6 3 28 20 24 27 6 22 11 8 19 21 13 11 19 23 1 13 8 22 8 17 25 12 13 17 6 17 23 29 25 13 10 20 18 13 1 9 15 27 21 29 11 19 11 9 29 17 27 24 12 11 14 16
2 4 20 22 11 27 25 29 13 4 12 7 0 8 3 7 10 4 8 23 2 21 23 24 2 17 29 1 13 18 17 1 26 7 7 18 30 17 24 5 0 17 8 22 7 21 27 20 30 26 25 17 24 18 1 11 1 9 23 19 5
30 18 11 4 12 22 19 26 3 27 1 6 8 14 22 26 14 12 25 25 21 6 27 21 13 24 27 10 20 28 9 18 14 3 3 21 29 5 2 28 22 2 11 3 8 7 8 14 1 5 13 17 3 19 26 29 0 13 13 19 3
21 21 3 17 5 20 21 23 0 29 5 10 16 4 19 5 20 1 28 14 19 5 22 2 22 6 14 24 27 7 25 5 18 3 20 28 1 22 6 18 24 26 19 20 9 3 20 9 12 8 24 28 5 22 13 2 2 21 29 18 25
12 15 3 25 6 18 14 27 22 7 0 6 24 9 9 9 20 10 5 1 4 2 7 21 28 0 13 12 20 9 11 23 29 9 7 18 27 4 4 11 27 30 24 26 24 4 3 13 4 3 20 5 9 11 11 8 23 2 16 6 15
17 3 30 7 0 10 21 22 28 14 0 15 8 7 2 24 24 24 3 27 18 29 9 10 23 28 24 10 25 11 13 4 16 7 9 26 20 14 22 4 19 20 6 27 27 19 19 20 13 24 15 19 3 25 0 1 1 5 18 24 11
18 17 30 14 3 22 27 10 15 29 18 23 19 27 25 13 26 1 23 26 21 0 16 21 18 24 11 19 4 0 9 5 15 15 25 28 19 7 29 16 9 28 7 24 14 10 4 19 4 28 5 23 14 29 20 20 2 25 18 0 9
9 15 10 6 1 6 8 2 30 30 18 20 5 1 29 0 16 18 23 8 28 17 12 25 14 1 20 11 25 28 14 30 2 19 10 1 4 18 24 17 2 30 3 24 5 2 25 9 16 4 21 18 30 20 26 5 17 12 8 12 22
20 6 20 22 3 23 12 4 0 12 28 11 25 14 22 26 16 18 5 24 2 28 25 27 29 3 2 8 18 9 4 5 5 13 23 13 24 7 22 1 4 14 19 13 20 14 8 9 0 11 12 13 29 7 1 6 9 30 4 8 28
12 14 20 20 24 17 23 12 22 22 26 9 6 21 24 25 15 3 24 26 7 13 10 27 9 10 12 28 2 13 10 0 5 8 10 21 1 19 3 25 7 1 9 4 4 30 5 12 3 6 30 16 17 19 28 27 15 1 1 20 8
19 3 13 22 15 21 30 0 12 25 16 16 19 27 10 14 12 4 23 7 24 23 19 19 0 18 16 23 2 10 24 5 16 6 2 30 4 28 12 5 11 8 25 4 25 15 19 4 11 0 19 6 2 9 20 0 21 12 6 6 25
10 21 23 6 19 10 24 14 11 29 24 14 5 19 27 3 10 5 21 14 16 5 28 1 8 12 30 8 4 6 15 14 8 27 13 27 24 16 23 12 24 4 1 0 26 4 8 25 17 0 15 11 11 24 15 1 27 26 27 19 5
12 12 9 0 1 30 30 9 10 29 12 24 14 22 21 25 29 25 12 22 3 1 13 15 5 3 17 29 1 6 15 25 3 6 0 28 23 20 2 24 21 16 1 9 30 17 0 6 11 28 26 19 0 3 26 0 30 4 2 27 12
6 13 11 9 0 25 17 30 0 9 21 10 0 23 8 13 13 26 30 6 25 18 16 24 26 10 3 13 11 23 9 16 13 22 27 29 24 9 9 24 26 9 9 26 9 24 3 8 29 0 3 16 12 15 17 4 27 21 18 22 22
7 16 22 7 8 13 23 25 3 2 5 14 17 27 2 6 13 23 30 3 17 23 15 20 24 4 5 28 24 11 20 12 21 26 0 18 6 3 14 18 26 3 12 29 24 15 7 20 18 17 23 21 28 0 14 25 28 9 30 29 4
14 13 21 26 20 20 22 21 0 28 29 18 28 27 24 0 11 27 12 5 8 12 1 12 5 20 16 20 19 11 26 20 13 1 6 30 4 2 9 17 27 9 11 5 25 25 12 12 29 11 13 16 19 19 16 9 11 20 25 10 12
2 5 28 23 29 3 7 26 10 3 8 14 14 5 9 9 24 26 10 24 23 28 16 19 0 27 4 21 26 20 5 11 24 22 18 2 19 6 22 10 22 0 28 23 20 30 26 3 24 16 1 23 17 13 18 21 3 14 23 6 7
13 16 20 4 1 5 12 30 13 4 1 4 8 23 14 26 7 26 17 30 10 20 20 14 19 11 10 22 17 2 16 6 17 24 25 23 13 22 5 17 11 25 30 25 20 24 27 22 4 21 23 30 12 8 25 18 2 6 16 18 9
17 26 14 10 26 26 19 14 14 20 14 24 16 25 17 7 9 23 19 8 3 6 15 3 29 24 24 10 22 12 1 8 3 14 26 0 3 17 5 21 8 6 0 18 9 8 6 6 22 14 20 29 13 17 21 7 8 17 14 8 15
21 19 21 30 8 28 10 10 8 28 28 7 15 24 11 6 15 17 2 24 3 26 7 6 6 13 18 9 13 3 11 5 5 13 28 20 28 3 24 9 19 5 2 11 14 13 22 30 24 24 28 29 14 28 5 12 10 14 0 1 25
