65 65
14 18 3 15 12 7 6 3 2 19 3 14 26 18 27 21 4 0 1 27 26 19 9 19 28 0 28 22 26 14 9 12 8 26 24 30 7 9 8 27 28 2 18 13 4 25 28 5 0 3 6 10 11 0 23 21 16 24 11 16 6 8 24 8 5
8 20 23 8 12 29 27 6 28 8 15 22 23 29 22 24 15 15 12 16 24 8 18 11 8 23 28 18 16 27 18 1 2 13 6 27 11 25 25 18 28 27 27 19 16 11 28 5 12 6 22 27 15 21 1 17 28 28 18 2 7 27 23 8 8
0 21 12 29 14 2 12 0 18 17 16 2 8 14 18 17 8 25 28 12 9 13 19 9 11 29 3 11 30 22 12 0 29 29 21 7 10 13 0 9 19 22 13 9 16 18 5 3 18 21 29 8 17 11 20 13 29 11 19 4 16 26 30 19 20
26 8 20 29 4 27 8 28 17 4 17 28 27 10 26 14 22 1 11 27 12 15 30 2 9 19 24 17 0 14 1 8 0 26 23 7 14 2 19 1 16 17 13 3 22 2 15 11 26 19 16 28 22 13 23 24 4 27 8 14 2 13 30 9 11
1 1 9 30 15 1 26 15 24 8 8 27 4 27 27 0 23 12 10 7 16 23 20 9 20 25 8 9 7 2 30 13 1 1 16 5 5 20 27 21 1 22 25 16 18 20 5 25 19 27 26 6 22 10 1 15 6 7 21 23 4 3 7 18 25
1 16 9 17 0 19 6 27 30 1 0 26 4 26 24 26 30 23 18 26 15 7 11 16 17 25 20 7 13 6 12 23 29 3 22 20 0 7 3 8 5 16 29 29 7 13 11 5 19 8 11 11 29 10 1 19 5 12 28 20 2 2 4 19 11
20 17 3 7 25 29 0 5 10 11 13 4 30 20 14 22 4 14 22 15 22 21 2 14 6 10 23 12 3 13 28 5 6 27 17 17 4 6 30 21 21 20 20 1 15 2 3 16 26 25 29 29 30 1 11 30 14 30 22 30 12 20 17 16 20
23 18 1 18 12 11 20 16 13 16 0 11 18 0 8 4 7 23 20 19 15 9 17 20 16 3 8 29 28 7 15 23 14 8 1 5 28 0 30 30 6 28 3 30 23 24 22 8 25 15 7 0 5 6 4 7 17 10 2 28 8 30 24 29 3
30 11 20 10 14 18 11 19 17 30 21 24 21 8 10 14 19 24 6 27 11 6 27 1 5 28 16 8 16 23 1 21 15 21 13 26 19 15 18 23 16 17 25 21 15 20 3 12 10 3 19 12 27 28 2 26 20 19 22 10 24 24 14 11 15
26 21 14 8 18 29 11 22 9 18 24 7 20 5 8 7 30 10 18 27 7 12 23 12 18 12 10 26 23 21 5 27 7 26 20 4 13 25 21 9 23 0 13 14 2 3 8 27 6 11 1 25 26 4 12 5 13 10 5 29 8 21 10 15 20
2 30 22 19 26 18 18 20 14 16 20 1 28 14 19 22 17 0 10 27 8 8 13 18 5 9 18 1 10 26 24 4 29 9 23 6 2 23 20 13 4 20 30 10 14 23 20 24 14 11 25 21 30 27 20 13 4 21 14 16 18 16 25 16 9
1 7 17 4 25 29 20 5 16 14 25 2 19 29 26 29 10 18 17 27 18 6 30 24 15 5 28 13 11 13 24 6 25 28 13 0 21 17 20 0 26 16 16 16 17 24 28 6 11 11 7 6 13 16 18 20 23 10 11 6 8 19 15 27 29
11 19 22 1 15 9 20 25 24 19 1 24 30 0 19 14 18 12 0 3 14 7 23 20 28 18 28 22 23 18 14 29 12 12 22 0 11 27 7 9 24 11 11 10 26 1 2 4 8 15 2 25 23 5 8 29 15 29 26 18 28 6 3 4 15
13 14 0 10 2 17 24 30 0 13 18 29 20 7 30 11 10 11 7 19 9 25 13 19 23 17 2 18 11 27 23 21 1 16 18 18 10 7 0 21 25 25 5 5 18 9 7 20 15 12 28 24 2 15 28 28 1 22 29 16 6 0 18 3 1
10 29 4 27 13 6 26 23 6 4 3 5 30 27 26 30 30 26 21 11 16 19 27 12 0 27 4 16 1 3 10 23 28 15 23 26 17 10 26 11 14 4 1 21 26 10 18 25 28 13 19 3 8 27 4 30 25 24 9 17 26 27 16 26 13
10 2 3 29 9 6 5 14 4 21 13 26 8 10 28 28 29 0 5 14 11 25 3 9 20 27 3 5 0 23 9 13 1 28 18 13 8 26 0 6 15 25 19 17 15 29 28 8 4 17 21 27 3 16 20 24 1 5 25 18 8 6 13 7 13
3 11 23 24 28 14 19 22 16 24 13 6 21 19 9 13 3 12 10 21 22 20 20 23 10 0 4 21 19 30 26 27 25 0 19 26 2 6 5 17 8 30 28 14 11 6 27 0 22 26 29 8 21 5 11 17 22 6 22 18 15 30 30 22 9
17 21 2 12 10 13 18 28 28 18 21 25 27 23 9 23 3 6 22 13 2 4 27 1 30 13 12 30 24 18 17 2 16 20 6 7 19 7 5 25 28 22 24 29 7 17 4 17 20 17 25 22 17 20 16 28 14 12 10 26 5 16 10 30 4
23 20 14 10 11 16 2 0 24 2 3 2 12 9 19 0 23 16 27 26 10 5 17 7 1 5 3 12 3 7 11 29 2 4 1 19 30 1 24 9 18 22 7 30 28 8 6 18 11 0 25 16 28 22 10 12 11 2 17 27 0 1 14 16 15
15 6 2 29 9 6 21 7 19 28 20 19 23 0 3 19 25 28 11 1 8 21 26 22 21 5 19 23 7 30 18 4 29 15 11 4 27 27 24 1 15 21 7 3 22 9 18 9 1 17 13 0 17 7 16 7 26 10 20 20 6 15 8 13 22
17 21 4 26 17 17 26 7 10 4 4 7 26 20 24 10 1 27 4 19 0 9 21 20 9 9 27 22 30 25 19 9 8 8 3 12 19 29 22 2 23 8 17 23 6 17 14 0 26 19 9 0 0 12 16 11 20 4 6 3 10 18 27 2 14
16 4 27 22 12 29 5 27 2 16 27 22 29 27 12 2 1 6 22 13 21 7 27 17 26 13 0 0 29 2 6 8 12 14 16 17 14 23 14 16 26 25 16 23 23 9 22 5 14 17 1 15 5 14 27 7 16 21 16 18 22 18 10 25 29
0 27 30 27 14 17 19 13 24 16 27 7 25 2 16 22 28 0 16 8 3 13 4 13 17 16 8 3 14 26 8 26 15 24 12 27 18 17 13 19 9 15 30 15 20 27 22 1 18 11 14 23 5 0 10 17 23 0 14 0 23 8 19 4 19
4 25 18 1 28 23 29 19 25 27 4 24 1 3 8 4 22 1 12 30 14 25 6 8 28 11 14 6 29 23 26 10 21 27 13 2 10 9 29 10 27 9 20 10 28 2 25 15 13 18 20 14 4 10 3 9 11 8 16 5 12 20 29 26 23
29 3 8 12 0 26 23 28 9 27 21 22 16 22 27 2 19 28 12 0 17 30 2 7 15 3 10 7 14 15 0 21 20 5 5 23 8 12 7 18 28 30 6 29 24 22 18 24 15 17 18 1 7 14 7 25 6 1 11 11 28 22 9 24 30
14 30 14 9 28 2 23 26 27 3 13 18 29 5 13 7 29 13 29 2 15 16 3 8 4 9 1 4 16 5 8 27 15 24 30 2 15 17 6 2 21 28 10 25 23 22 23 14 20 19 18 19 26 21 5 20 6 24 20 6 16 29 1 1 2
28 15 12 29 21 3 30 22 21 0 7 27 19 27 22 9 19 25 26 12 1 4 3 0 13 12 17 1 17 5 15 10 0 6 18 7 29 9 5 24 22 3 23 11 26 24 21 8 18 18 25 24 26 20 17 20 22 29 4 27 9 8 18 8 28
24 26 27 30 27 28 21 14 28 24 17 3 24 30 27 10 16 2 27 4 0 1 26 25 22 21 0 14 12 21 28 27 17 11 0 16 24 22 13 22 22 11 3 21 6 3 26 29 10 13 24 21 4 1 17 7 13 2 10 24 20 7 17 4 3
15 28 23 21 23 6 18 7 13 10 24 11 15 20 17 6 4 24 25 4 11 22 18 27 3 12 27 24 27 12 25 27 10 16 11 1 19 4 19 8 10 5 23 7 21 27 8 17 28 4 29 17 16 16 26 9 16 16 26 8 23 26 8 13 11
24 0 26 21 28 20 4 21 24 20 15 23 3 9 19 18 11 19 22 14 7 13 3 6 11 17 20 4 26 25 8 30 12 17 17 1 30 15 5 25 10 10 11 7 17 14 20 18 20 14 28 17 17 5 30 8 26 25 12 22 14 15 17 7 14
22 3 4 19 1 8 1 4 30 0 18 11 7 29 10 27 12 4 25 30 11 23 23 14 10 0 13 11 21 25 28 10 23 13 0 2 1 9 24 8 23 14 22 0 8 20 27 24 10 3 5 22 23 2 13 17 7 17 20 3 29 8 1 19 5
9 25 10 14 21 23 13 19 24 10 20 19 17 12 1 14 17 13 0 0 17 26 13 12 16 21 0 24 29 9 9 23 0 22 0 1 25 12 15 17 23 9 26 22 0 23 29 30 18 27 15 0 18 4 27 6 12 21 27 17 5 12 23 3 10
8 6 5 18 22 25 12 22 21 14 12 7 23 30 24 7 5 2 4 11 14 8 17 8 21 1 24 22 28 23 24 27 16 27 6 21 27 14 6 17 10 20 30 26 28 16 19 28 16 21 17 25 18 1 26 0 2 12 24 27 30 10 9 3 4
30 16 24 13 30 12 17 10 5 13 27 28 29 18 1 23 18 0 30 12 18 5 24 15 0 2 27 11 11 4 8 13 21 14 2 15 4 29 14 25 26 15 27 30 14 21 23 2 21 20 16 7 17 21 22 28 27 29 22 4 3 14 25 27 9
10 16 28 2 9 9 27 28 1 3 12 28 7 18 26 2 10 14 26 30 7 22 21 4 18 15 27 1 27 28 4 11 30 19 30 16 26 18 16 11 2 16 16 26 19 18 0 6 16 12 10 23 15 4 23 8 21 5 6 15 16 21 22 13 29
10 1 18 18 27 18 7 5 3 16 12 12 20 21 24 23 9 6 21 0 2 24 7 9 26 22 30 21 28 17 5 30 24 18 0 2 20 26 18 14 22 9 13 12 13 5 25 0 14 13 28 9 28 7 21 10 26 11 14 13 21 30 20 1 23
11 16 8 8 11 30 22 18 10 12 5 16 23 22 3 5 9 10 3 6 12 27 17 17 22 9 17 26 4 3 27 11 1 18 13 8 13 20 15 7 8 28 6 10 26 0 1 22 21 0 13 30 14 1 23 11 27 6 0 8 19 25 22 21 12
9 8 16 3 11 13 8 11 30 4 20 19 25 12 6 3 7 8 20 23 13 6 22 3 18 20 4 0 15 23 0 9 20 10 25 15 10 16 6 28 11 26 15 30 13 6 22 27 21 28 21 26 15 9 21 26 24 18 25 14 30 25 10 1 26
25 29 0 14 9 8 11 2 28 26 1 4 18 23 8 19 4 13 16 28 26 2 23 22 19 20 15 12 16 26 1 24 15 3 6 26 5 26 6 25 18 10 9 23 7 5 13 29 1 22 25 17 30 8 26 2 9 7 7 22 7 15 1 14 21
21 17 26 29 27 23 3 13 26 15 17 23 25 28 3 25 10 27 12 2 6 1 17 8 4 1 3 6 15 5 17 26 25 22 13 8 23 15 26 30 30 11 23 7 24 27 17 2 13 22 5 8 16 13 15 8 5 2 23 27 24 29 21 11 29
19 3 21 6 22 30 26 26 26 22 9 5 16 6 3 25 8 17 25 1 1 0 12 15 27 30 17 9 17 4 11 13 27 28 16 11 16 0 8 18 6 28 7 26 24 9 26 3 25 20 21 9 25 12 16 24 28 2 17 9 30 18 13 4 4
3 9 16 7 6 2 24 0 22 14 2 3 5 5 13 17 15 19 22 12 23 1 5 22 23 6 15 2 21 18 6 27 9 15 13 5 24 9 18 16 1 6 14 18 7 17 23 20 22 20 1 21 30 30 18 26 9 27 23 1 4 7 29 9 30
1 0 28 21 19 3 17 5 9 30 2 12 11 7 10 15 25 27 1 0 3 8 30 12 1 23 3 18 0 10 8 17 12 26 10 28 18 11 22 26 8 25 13 5 7 9 12 23 15 10 30 4 11 17 12 1 22 30 14 11 5 4 7 10 4
0 20 19 11 10 1 27 5 15 10 28 12 3 14 29 11 23 12 29 18 25 4 1 20 5 1 4 24 12 24 12 5 2 21 23 14 3 14 21 26 8 27 2 27 21 15 4 30 29 9 12 14 24 30 10 23 9 23 4 6 27 7 23 21 26
0 2 19 25 4 2 14 27 15 22 1 8 18 23 2 17 8 20 21 5 5 0 16 8 16 3 24 21 9 8 13 14 24 16 5 16 6 24 20 16 28 27 29 24 17 14 27 7 17 10 8 26 28 12 28 5 10 12 20 24 11 23 26 17 2
29 9 26 25 16 29 23 18 28 25 3 10 4 26 30 26 10 21 9 15 5 30 23 0 25 5 26 23 28 20 24 25 30 29 11 20 18 29 14 22 9 10 15 10 23 26 12 27 18 17 15 1 30 7 24 13 2 25 19 12 5 16 7 18 27
1 2 23 0 15 26 28 11 18 6 3 18 16 30 28 20 9 23 27 25 11 4 17 9 0 20 21 8 10 14 7 16 11 23 3 15 19 23 18 4 16 27 20 0 9 21 0 25 27 1 8 11 5 11 14 25 17 27 9 16 29 12 28 7 25
1 7 24 16 6 22 30 8 18 23 28 8 13 5 8 13 29 20 10 11 15 22 5 9 18 18 28 17 15 20 6 9 26 8 14 9 17 8 8 30 19 25 18 2 18 19 28 20 9 8 2 19 19 14 22 7 22 23 7 28 16 0 0 8 0
3 6 8 4 0 28 7 10 14 5 11 18 20 8 21 4 10 18 1 2 17 15 19 11 24 26 22 15 8 8 14 18 25 4 22 4 25 22 24 6 0 15 3 13 21 26 11 26 10 10 3 21 14 12 13 20 0 21 16 4 11 17 13 20 17
2 11 21 19 1 27 5 0 29 26 20 0 1 17 19 23 16 0 0 5 5 3 21 13 8 3 20 15 8 20 30 27 18 5 22 16 22 2 28 30 10 10 21 22 0 15 17 24 28 10 1 1 12 14 29 23 25 29 12 22 9 27 26 7 25
6 10 25 28 4 20 12 28 24 15 23 20 18 1 1 24 14 24 14 2 14 11 16 25 2 27 15 29 0 12 30 20 23 25 1 16 14 25 29 2 30 28 27 26 1 23 6 28 6 20 8 7 30 23 20 4 0 4 1 25 26 4 18 19 20
21 21 24 7 17 2 2 20 22 27 24 20 1 15 0 2 4 27 29 19 18 6 5 20 15 11 22 27 4 20 29 19 12 18 19 30 11 4 15 3 19 5 18 29 12 5 11 20 24 24 18 30 20 3 10 13 8 19 8 6 4 2 13 6 21
17 7 18 3 0 30 6 12 20 26 19 14 5 26 17 13 27 17 10 1 3 23 3 22 22 27 12 9 18 9 24 0 25 28 14 10 3 12 27 16 11 29 4 26 19 19 1 11 11 15 29 2 7 30 1 6 26 10 14 13 11 4 1 16 6
0 23 23 12 8 7 20 27 18 30 5 24 11 17 29 23 14 29 23 14 12 12 24 13 25 15 0 3 5 4 2 3 29 7 29 30 12 4 22 0 7 10 17 7 18 0 30 17 10 24 5 15 30 23 4 5 24 19 13 5 13 11 16 11 26
1 3 24 16 25 25 15 22 5 14 24 22 20 13 18 11 20 24 28 18 23 19 16 15 28 0 16 22 4 9 6 26 12 2 27 28 25 8 9 14 12 10 3 0 27 8 1 17 21 8 8 10 20 30 0 21 23 16 24 12 23 21 29 5 7
24 16 21 25 9 15 19 15 30 20 30 1 25 27 5 20 17 11 4 17 29 7 22 26 22 5 14 7 30 11 3 7 13 2 27 4 23 14 6 8 27 14 19 17 0 19 24 29 2 3 17 30 25 19 17 15 2 17 29 24 8 13 25 3 21
16 17 12 15 20 4 25 11 1 17 9 13 2 1 17 2 6 22 22 10 15 25 30 24 30 0 4 16 24 11 18 5 10 10 29 22 5 17 3 26 25 5 30 5 17 24 12 30 12 16 16 0 12 1 16 13 18 9 2 14 9 17 29 19 29
15 17 0 0 26 16 1 6 7 7 9 5 18 13 19 4 25 4 16 30 21 2 14 5 22 3 26 25 15 26 27 4 28 12 3 22 1 2 12 9 29 27 9 8 22 16 25 13 3 5 4 4 13 0 21 16 7 22 21 13 9 7 1 7 29
12 25 6 1 22 29 24 28 12 14 11 1 29 15 14 30 28 11 6 21 14 28 28 28 30 15 18 23 17 29 2 5 0 29 23 11 9 15 13 15 7 30 16 18 6 15 26 24 2 10 12 19 9 1 24 16 25 4 26 4 23 20 12 23 21
7 23 10 21 1 23 10 7 3 30 7 1 5 8 0 30 24 10 1 28 26 30 20 6 26 29 14 16 6 4 2 4 5 10 7 18 26 3 22 14 26 12 20 3 27 17 7 26 30 8 5 29 4 7 2 2 8 10 17 17 12 1 16 28 12
29 24 7 12 21 11 9 28 27 5 19 24 18 19 17 3 5 20 6 6 12 23 21 1 17 28 0 3 30 11 28 9 20 23 25 15 11 27 19 1 28 12 7 23 10 16 7 10 22 28 23 17 6 28 20 22 0 22 22 4 9 2 17 17 20
18 19 23 0 18 25 7 18 28 20 15 20 22 19 16 24 14 27 13 2 12 5 14 25 7 5 23 3 11 16 17 4 30 16 18 29 17 26 6 24 4 11 24 19 6 6 15 14 22 29 16 20 10 13 25 27 22 8 22 5 21 15 21 2 19
8 17 0 19 13 29 9 11 0 11 27 1 1 9 8 28 4 6 13 18 30 15 28 2 26 29 18 14 10 4 27 30 4 10 14 10 23 11 26 30 18 20 20 24 30 5 17 7 21 19 7 5 30 10 4 2 4 0 12 13 30 30 2 25 8
14 23 29 11 29 0 0 29 9 12 28 10 22 11 30 16 25 16 8 18 0 28 27 26 12 7 6 6 20 2 9 14 23 27 12 18 27 22 14 9 26 19 5 24 25 12 1 18 21 20 4 30 5 19 26 12 4 16 19 24 18 29 23 20 2
29 27 7 17 21 27 8 26 23 15 25 30 28 14 1 28 30 0 29 11 12 19 0 2 14 14 23 24 18 15 6 14 29 1 15 30 7 29 4 21 6 9 28 28 28 21 25 24 10 0 22 22 6 27 3 4 24 24 19 2 18 22 25 5 22
