66 66
24 1 21 13 29 25 22 12 13 12 18 30 15 7 22 15 18 10 6 9 13 17 17 12 30 10 10 16 29 11 10 28 7 24 11 16 6 13 20 18 20 5 8 3 3 13 23 23 20 7 14 23 22 4 26 29 0 13 5 18 29 14 15 25 23 30
4 14 24 6 20 8 11 19 8 22 5 2 19 6 11 9 17 7 0 30 3 0 5 9 3 11 2 25 12 21 5 12 22 21 0 19 3 15 10 17 18 30 21 22 24 4 17 1 0 21 18 26 0 21 1 1 13 0 1 23 0 25 20 22 25 27
2 16 11 11 30 3 11 24 3 3 12 13 19 23 29 16 4 22 11 27 8 4 19 20 4 9 5 19 16 27 14 25 12 25 17 30 13 18 28 25 27 22 18 15 15 7 9 11 16 20 23 27 19 24 17 5 10 23 13 15 3 5 1 25 1 16
4 24 5 23 14 1 7 23 7 29 7 28 30 2 14 18 4 29 30 20 4 12 20 18 15 24 21 0 27 15 9 10 17 9 2 24 17 13 9 29 3 20 2 15 27 20 28 10 23 23 6 2 7 18 22 11 3 28 7 15 27 7 4 6 10 16
14 19 1 9 26 28 25 9 3 19 4 8 0 26 9 28 22 2 23 22 24 6 16 25 13 14 15 24 25 22 18 25 12 7 18 8 21 29 12 11 13 18 17 27 25 13 10 27 29 2 2 6 17 17 3 10 27 26 7 11 27 24 9 12 1 14
14 13 19 16 0 23 22 23 28 10 15 1 0 22 25 24 11 4 12 13 25 29 7 1 6 12 12 3 0 20 7 2 29 10 29 24 6 20 22 15 13 14 22 28 8 11 0 27 29 10 10 9 20 21 0 9 17 29 17 13 1 27 4 4 15 14
21 2 5 6 28 5 27 11 22 30 6 3 23 3 29 23 17 19 0 23 8 4 20 1 10 20 19 14 19 6 11 30 28 14 1 27 5 21 20 10 26 28 4 8 7 26 21 15 21 21 11 15 21 4 14 19 15 9 17 19 27 9 27 23 5 27
30 14 2 17 16 15 30 14 9 22 16 5 9 1 11 1 2 0 13 22 24 23 17 9 20 10 13 8 27 28 23 0 24 9 7 6 0 24 6 20 0 4 10 6 29 4 1 11 15 0 21 9 9 6 1 21 14 14 7 18 3 23 2 28 19 26
5 23 19 28 7 22 18 22 29 28 27 25 6 12 9 3 21 29 21 22 7 6 9 12 8 6 8 6 1 1 14 3 28 13 11 10 26 11 3 0 14 18 26 4 13 1 28 22 26 9 0 27 15 24 7 18 6 14 12 12 30 27 20 13 2 15
28 20 10 10 30 18 19 23 2 24 19 12 23 18 23 15 24 18 5 17 4 21 4 14 10 2 3 26 14 12 28 18 6 14 23 3 10 9 15 2 28 17 20 22 20 24 4 12 8 1 12 20 20 24 30 3 5 30 2 14 26 8 2 17 11 22
25 13 17 4 13 2 6 16 14 25 21 6 5 17 27 16 23 0 18 30 28 10 0 14 12 6 10 27 24 4 3 6 21 16 15 9 11 29 24 0 23 7 12 10 5 12 30 11 26 21 17 12 23 29 30 24 19 13 2 1 2 30 10 19 9 16
4 18 7 24 27 11 8 7 0 10 18 6 29 17 15 26 2 28 4 23 1 16 4 5 29 3 30 0 29 10 14 5 20 0 27 8 10 13 20 28 14 24 13 10 22 2 15 24 12 22 10 13 0 19 8 18 11 21 18 2 21 23 9 25 12 23
5 19 4 7 28 19 6 3 21 26 4 16 7 26 18 14 24 27 2 11 6 14 3 16 24 12 24 3 8 3 30 28 8 13 0 29 30 16 7 22 3 28 18 0 12 29 20 18 21 19 12 20 30 6 29 24 8 13 18 7 21 1 30 14 12 12
21 21 18 0 12 30 21 21 17 17 30 23 6 25 27 24 10 12 28 26 18 20 10 29 12 26 30 11 27 25 23 30 30 15 30 9 17 3 1 24 29 7 18 16 15 1 4 9 1 14 20 14 25 2 15 27 2 26 0 21 30 26 2 9 3 12
16 22 9 23 15 19 15 8 15 0 30 2 13 13 21 1 15 7 1 11 27 3 15 5 7 11 20 11 9 10 23 24 20 1 2 3 12 28 17 25 12 11 19 21 0 21 19 28 13 18 25 2 25 30 25 0 0 16 5 8 9 1 17 5 7 26
3 24 27 9 18 27 2 3 4 16 9 6 24 20 10 30 7 2 23 27 25 10 7 25 28 21 29 16 5 14 4 21 24 26 19 6 19 16 13 15 14 16 20 8 18 25 17 17 15 29 23 30 6 21 30 19 17 2 25 14 3 24 21 12 11 19
15 1 26 9 15 9 23 2 3 17 16 15 16 29 6 2 26 5 4 3 4 27 26 7 15 14 20 26 20 1 7 3 6 7 17 30 8 12 6 24 12 18 29 21 13 10 28 28 24 7 5 12 4 23 11 21 20 17 11 18 19 10 22 23 10 4
18 22 4 22 9 18 29 4 28 6 18 6 16 20 27 27 19 21 30 25 7 19 13 30 8 27 30 11 14 2 14 20 17 9 8 25 23 19 25 27 3 28 0 6 26 2 27 15 25 9 11 6 28 18 19 24 20 29 20 13 26 3 28 10 18 9
27 28 11 13 30 12 16 13 22 23 29 17 29 23 0 21 19 29 13 4 7 8 0 13 20 21 20 2 12 29 26 23 14 10 30 30 9 7 28 19 16 7 12 27 28 23 4 20 7 0 11 3 27 2 30 19 10 13 30 23 6 2 12 3 14 12
8 7 7 11 27 8 27 22 27 18 20 8 22 8 5 3 6 4 1 29 25 18 28 12 27 14 0 11 7 8 13 5 12 9 11 23 23 7 15 29 22 7 17 30 4 3 20 5 9 20 8 10 2 17 27 25 29 27 12 1 26 10 14 9 24 21
19 3 23 19 23 22 12 18 24 0 18 24 10 8 14 14 21 5 26 5 11 16 16 6 24 29 29 4 20 24 25 5 27 18 7 9 29 18 4 27 24 3 22 30 4 30 18 18 19 14 25 28 16 28 13 7 26 9 28 22 29 8 13 8 19 21
11 9 1 3 18 22 15 12 24 12 25 30 5 29 16 2 23 21 24 0 0 13 22 29 11 6 12 28 10 16 26 4 14 20 24 24 4 18 26 28 11 12 24 19 11 9 1 28 29 12 2 10 6 16 3 19 25 2 7 8 14 14 8 19 27 4
16 23 15 27 9 25 4 12 2 14 19 15 28 0 26 3 1 12 25 16 25 23 9 2 1 30 9 10 19 19 27 20 28 28 8 14 22 3 14 22 29 14 0 0 10 25 13 1 7 11 29 5 6 8 21 5 6 11 25 6 16 12 19 0 10 3
7 5 14 16 23 0 26 13 8 9 10 28 7 12 3 8 13 12 10 11 30 15 5 20 13 15 29 8 17 28 1 16 11 5 24 13 8 2 2 26 19 8 20 16 9 14 30 21 16 8 9 22 4 19 18 3 15 25 22 0 16 10 17 3 11 6
2 22 15 6 16 30 23 4 30 20 28 7 7 19 21 19 7 14 26 22 9 21 9 19 28 13 19 4 27 14 27 21 5 26 25 13 22 10 14 16 27 0 19 9 2 6 13 6 2 26 2 13 11 11 14 2 27 23 21 28 24 12 24 26 7 25
27 7 22 2 1 15 22 19 16 14 12 0 4 0 22 30 14 16 2 7 25 15 8 3 17 2 29 12 3 30 6 6 2 25 12 11 0 13 15 11 19 11 14 20 28 8 27 22 20 0 19 22 22 25 18 11 23 30 24 12 19 8 23 19 16 8
29 15 22 9 2 9 10 21 18 28 7 6 13 29 5 9 29 7 20 5 3 5 4 24 16 29 16 14 8 13 0 0 12 12 3 0 17 13 6 29 19 2 4 28 25 18 3 9 23 30 13 1 20 10 28 10 9 9 9 30 6 20 20 3 22 20
18 6 11 11 16 26 30 20 24 3 7 10 0 30 20 25 20 13 22 10 23 7 1 2 8 10 15 9 29 6 1 4 1 29 4 28 15 24 0 21 21 13 25 26 27 8 30 14 30 12 25 4 29 19 7 4 17 16 7 15 20 0 3 20 28 10
30 24 23 3 21 26 18 28 19 6 5 3 8 28 4 2 1 28 28 2 13 20 6 11 23 2 20 7 3 0 10 19 9 22 9 21 25 25 19 7 2 6 19 10 12 10 16 5 13 13 1 7 3 12 5 25 23 27 22 20 2 10 15 14 18 11
8 17 24 6 20 23 10 30 27 16 17 27 21 3 22 25 24 27 26 5 26 14 13 22 8 30 7 18 16 10 29 1 14 1 2 19 3 6 15 26 22 14 22 19 25 12 10 28 30 9 26 25 9 11 26 9 29 2 9 3 23 30 17 10 19 8
13 5 12 25 29 16 18 25 28 22 11 3 8 30 23 7 15 7 26 7 3 15 8 29 2 9 15 1 12 11 15 4 1 24 0 2 26 12 29 4 15 18 1 21 4 2 8 26 6 10 17 13 0 29 1 24 25 8 28 15 8 10 22 1 1 25
18 23 6 29 4 22 17 29 1 27 17 24 24 2 28 14 11 5 22 30 1 3 24 7 24 4 4 29 27 29 18 21 7 2 19 8 7 13 3 21 7 29 11 15 9 11 13 5 28 22 6 18 26 6 12 18 13 14 26 19 7 7 30 8 4 22
30 9 10 21 23 18 19 26 28 22 19 12 13 5 2 10 19 2 25 2 18 5 26 7 3 12 24 6 23 5 13 0 17 7 7 11 0 16 21 23 30 26 3 7 26 4 2 5 9 14 9 4 5 12 17 28 15 25 9 6 30 22 23 2 17 18
6 7 27 29 20 2 3 8 11 15 23 24 15 13 28 1 29 13 26 9 12 5 8 8 25 1 21 3 2 24 20 26 10 19 15 7 4 19 3 2 14 13 28 16 6 6 14 30 2 9 3 22 10 22 2 25 4 3 17 8 5 22 24 2 26 29
8 13 11 20 12 22 2 30 7 26 13 24 1 29 9 14 13 30 26 29 13 20 8 18 21 23 14 28 14 10 11 27 3 15 7 23 8 26 7 20 14 14 3 20 27 4 6 3 9 7 1 25 11 16 13 4 22 30 20 7 7 30 8 3 28 17
20 29 17 18 6 13 29 16 22 17 19 8 3 8 19 18 5 23 12 4 14 28 21 11 12 27 0 4 0 21 16 5 13 1 23 2 27 17 8 19 10 16 2 20 14 17 9 6 22 17 0 12 26 1 28 6 13 14 19 3 5 17 26 1 15 5
3 7 28 29 18 1 4 7 15 11 16 6 9 17 11 5 15 6 5 3 10 0 15 27 22 12 1 6 1 20 12 12 18 22 25 6 6 26 19 23 11 30 15 11 2 17 10 16 23 30 8 27 27 29 5 28 21 14 5 16 19 0 7 15 5 20
17 30 14 15 14 11 5 20 17 18 0 1 7 16 0 26 19 29 9 2 30 1 6 0 3 26 27 18 17 12 15 19 22 1 26 19 16 9 8 19 17 13 4 11 5 19 4 5 4 8 1 0 4 6 18 23 16 4 13 2 2 5 28 26 10 6
13 28 10 0 21 9 1 11 28 27 24 25 9 4 26 18 16 10 14 27 7 9 12 7 17 1 24 27 23 30 22 30 1 18 12 21 15 8 17 17 2 27 13 26 27 22 6 18 5 1 16 20 24 4 13 10 0 10 8 24 10 19 10 4 9 12
18 19 4 22 18 2 28 11 22 28 17 18 18 14 0 24 23 10 24 20 2 14 13 22 21 26 4 11 7 6 18 19 30 18 2 8 23 20 14 10 26 20 3 24 12 13 9 1 29 26 0 28 11 8 7 27 16 14 20 30 25 11 15 5 10 24
30 21 15 15 27 18 23 0 23 8 23 19 27 20 25 13 12 21 23 2 14 6 26 7 20 17 29 30 6 15 29 11 11 11 24 25 24 27 26 28 3 6 22 23 1 10 28 21 7 16 17 6 7 1 18 13 1 2 15 3 27 22 18 11 27 1
29 1 7 11 29 29 1 8 1 15 6 28 27 6 28 28 5 3 25 18 23 19 6 28 20 6 10 12 12 24 23 19 23 13 10 26 12 8 6 24 24 16 11 13 21 4 24 29 9 13 16 9 6 26 9 10 23 15 2 27 18 18 15 11 24 7
6 16 14 29 10 27 23 10 4 3 10 14 20 14 2 2 4 11 16 29 25 5 1 4 15 4 11 18 10 28 17 3 14 9 2 0 16 23 23 30 3 23 0 26 2 10 22 22 21 27 1 11 24 4 27 24 20 16 3 3 5 15 23 14 28 22
28 12 19 14 27 28 18 30 9 16 12 13 1 30 7 6 22 20 22 14 5 21 17 24 9 16 30 18 8 5 27 15 13 11 5 12 17 30 27 26 9 24 9 20 6 19 29 7 30 13 26 15 13 27 19 3 11 6 22 25 28 24 9 5 25 8
8 24 29 17 12 29 29 14 11 27 21 22 16 6 9 22 21 23 15 10 6 11 7 30 6 22 12 24 17 1 27 26 3 7 10 30 18 19 3 25 2 25 13 20 27 28 0 16 7 27 15 30 1 6 15 18 10 22 9 0 28 9 16 18 14 2
0 17 30 6 27 16 3 25 15 7 9 26 1 9 23 6 1 8 7 8 29 30 3 14 1 15 8 2 18 0 26 18 4 10 23 28 10 6 4 23 27 23 0 16 26 26 8 14 25 26 7 29 7 17 7 0 13 24 16 25 21 7 16 15 8 14
15 27 8 22 0 25 0 0 24 29 14 27 24 12 23 13 16 8 2 15 21 3 29 9 11 6 27 19 3 2 5 25 0 15 27 28 0 5 3 3 1 17 5 9 16 11 30 8 8 3 29 0 13 28 11 1 20 10 17 16 25 18 8 19 1 17
20 13 5 29 12 19 1 17 12 9 0 2 14 9 5 3 10 18 20 9 12 25 15 23 23 10 4 17 17 26 5 26 2 16 15 3 0 11 6 6 4 15 21 27 26 10 26 8 6 2 30 5 16 0 8 14 6 28 21 5 21 12 20 11 8 30
25 24 29 25 6 14 11 0 17 15 20 13 22 13 7 16 15 8 10 18 6 24 9 20 10 23 19 28 12 6 13 0 11 12 3 2 3 28 29 10 9 25 7 0 12 22 8 1 27 10 30 19 7 28 8 28 0 25 30 25 10 5 18 17 14 3
5 18 6 0 4 0 6 9 25 27 4 4 22 6 17 9 9 24 18 28 10 21 12 27 24 11 4 0 28 14 19 20 3 7 2 30 27 8 26 10 12 30 9 6 19 5 16 12 27 1 25 18 28 27 9 5 0 11 30 2 7 15 0 14 24 20
4 11 2 19 7 25 10 2 8 14 0 28 22 2 15 13 5 21 17 11 17 17 16 23 2 25 16 21 12 27 4 18 11 19 17 19 18 6 13 27 29 27 16 13 4 9 5 6 22 2 5 4 4 3 8 10 8 7 14 17 29 3 10 20 12 30
4 24 19 18 20 6 10 5 17 29 7 4 22 1 4 23 0 7 2 21 14 23 24 14 30 24 5 6 30 13 29 20 0 23 18 13 25 6 0 24 12 6 28 10 13 29 9 23 4 14 26 22 13 6 25 14 15 0 10 22 21 26 10 14 23 25
27 18 10 4 24 25 21 23 29 17 10 29 9 1 30 5 29 6 23 22 28 17 29 12 24 25 11 27 14 12 0 18 6 6 24 9 22 7 4 3 28 26 26 12 13 28 21 21 0 1 9 28 22 13 2 14 20 5 2 0 0 27 11 15 21 11
6 26 28 30 13 28 9 19 25 6 2 10 23 29 12 4 3 15 15 18 28 7 29 28 20 14 5 8 18 0 0 8 25 28 10 22 17 1 27 1 29 30 12 13 0 24 8 9 2 5 14 27 13 1 3 0 1 0 2 26 12 8 12 3 24 28
27 15 4 23 2 29 14 15 14 7 6 13 19 14 17 12 27 23 8 17 30 3 0 8 11 29 16 12 6 14 4 16 5 13 11 20 16 2 17 9 10 25 2 3 24 7 18 28 25 13 27 2 29 27 3 9 23 0 3 3 9 18 17 7 22 13
22 27 3 25 18 16 1 30 4 26 18 9 19 3 5 22 16 4 25 26 14 10 27 21 14 6 19 27 10 20 6 28 26 22 24 15 16 8 29 27 29 30 6 3 15 6 16 28 8 21 1 24 30 9 20 4 4 8 27 15 8 17 11 17 13 19
21 18 30 7 24 30 3 13 8 23 22 0 20 5 9 30 17 15 22 11 16 13 9 3 17 6 17 28 16 23 15 11 20 4 20 6 20 6 30 30 20 24 16 4 12 4 22 5 0 14 6 24 5 2 19 10 2 23 17 10 15 8 21 15 12 1
17 0 3 24 4 23 28 16 3 27 16 3 14 15 23 18 29 8 19 11 27 0 16 26 22 5 14 23 21 9 11 19 25 22 15 21 17 4 20 27 12 24 3 27 4 7 29 25 27 10 9 29 18 27 9 18 29 19 17 7 23 27 30 30 21 0
22 1 19 18 4 19 4 1 13 19 19 14 10 30 17 28 19 16 8 12 26 26 4 18 16 8 15 29 9 28 13 4 23 5 9 13 27 4 4 16 24 26 13 3 26 18 18 26 6 30 17 20 21 29 18 9 24 30 4 6 10 20 17 28 15 3
15 25 24 21 9 20 0 7 27 22 6 14 10 25 28 4 17 19 3 14 16 2 23 29 2 0 23 21 9 5 23 1 11 3 15 22 28 23 15 18 23 1 10 11 15 18 7 15 8 24 8 14 16 26 7 21 19 5 8 20 10 29 1 25 26 9
4 11 19 20 8 27 6 16 6 15 1 20 28 4 9 17 19 18 11 2 22 20 20 12 2 27 11 4 11 30 6 27 23 20 14 13 11 1 20 6 4 25 3 29 15 22 9 23 19 5 5 0 7 26 14 25 16 26 17 2 19 14 14 29 3 29
18 13 5 1 10 23 15 28 14 11 20 6 30 19 9 29 19 16 29 5 13 1 21 23 21 7 27 14 22 24 29 6 3 26 8 15 12 17 22 19 7 19 28 13 4 18 4 12 1 15 8 27 28 27 12 1 15 24 18 16 1 26 1 23 24 27
12 6 16 20 27 11 10 13 3 8 28 7 6 11 13 5 18 21 5 7 19 7 9 25 13 4 12 2 12 14 5 14 26 19 14 15 23 8 15 22 24 5 19 10 12 28 17 2 26 26 9 12 10 24 11 16 0 12 26 4 17 8 16 19 21 5
4 13 16 14 29 27 8 13 16 20 23 5 18 5 25 20 24 15 16 27 28 21 23 16 18 8 28 12 18 16 13 13 11 18 2 12 26 30 13 6 13 25 13 27 29 17 3 16 0 8 25 11 8 10 8 0 3 21 13 30 26 20 18 0 27 30
9 9 5 15 23 23 29 24 1 6 1 13 12 15 16 0 9 15 4 5 23 27 0 18 1 18 30 8 24 8 6 22 17 16 19 6 22 26 27 18 8 22 20 19 10 25 24 0 13 19 13 10 2 14 19 11 2 28 0 2 29 19 8 30 4 9
21 21 26 12 8 2 18 26 16 9 27 7 0 3 16 21 19 30 2 15 29 19 15 26 20 1 27 20 6 7 20 9 1 1 13 2 26 25 10 25 13 25 9 13 18 13 18 10 4 6 18 28 7 20 2 7 27 25 29 8 28 27 3 24 7 6
