76 76
27 2 8 28 12 14 20 9 14 11 5 24 22 13 15 18 21 13 19 22 29 8 19 8 19 1 0 22 18 7 6 0 13 6 7 4 20 1 5 12 26 16 21 19 9 24 29 21 29 16 6 20 2 27 21 24 1 21 9 14 19 0 8 26 9 11 8 21 22 29 0 23 21 19 15 2
30 5 17 29 16 11 16 4 6 0 2 1 6 8 28 27 25 5 18 30 26 6 23 16 19 10 15 3 30 8 22 2 1 28 9 7 16 12 15 11 27 14 13 25 27 21 0 8 19 29 26 1 14 18 20 29 10 28 4 27 0 21 17 0 19 22 3 1 3 12 9 23 20 6 4 19
0 20 9 4 17 9 26 3 9 24 15 0 2 12 24 25 28 14 30 27 4 1 26 9 26 2 22 15 28 5 30 14 3 29 28 8 21 28 7 3 29 14 8 25 16 11 28 14 15 15 27 0 17 19 7 27 18 18 1 25 28 5 27 16 8 13 20 13 28 28 12 1 20 10 28 11
8 30 8 27 19 6 17 8 12 12 11 16 16 14 9 1 11 15 25 27 24 8 5 21 15 21 2 24 21 1 15 25 30 4 30 6 27 24 14 19 2 10 27 20 13 20 14 6 21 0 28 22 4 22 30 2 1 21 13 14 16 28 14 15 24 25 8 22 11 1 11 27 17 1 6 1
4 24 23 18 2 15 20 29 23 1 6 11 10 12 26 2 12 8 14 0 26 18 29 6 3 8 6 7 11 23 15 28 11 17 4 9 30 9 8 17 19 6 24 4 29 2 2 21 9 24 10 7 20 4 19 29 13 8 1 20 14 13 3 13 8 12 3 12 30 26 7 30 6 22 27 2
20 15 19 20 7 2 24 19 9 3 8 5 23 8 23 14 10 12 12 22 4 19 7 2 12 17 2 8 1 6 5 20 6 29 24 2 6 23 25 0 6 14 16 2 21 17 13 6 2 29 10 8 19 16 1 25 3 23 22 14 15 13 12 9 4 2 13 3 19 16 4 24 4 13 6 2
17 12 12 27 3 19 20 3 15 19 13 12 22 13 4 21 22 13 21 9 26 15 10 28 2 19 11 20 11 20 0 28 20 6 12 18 21 15 27 28 16 23 17 29 16 11 22 12 18 22 4 9 4 1 26 17 1 5 25 8 28 30 15 21 25 7 18 29 4 11 15 2 1 19 11 6
27 4 16 22 21 16 5 29 1 30 1 24 14 16 8 1 2 1 30 7 21 27 20 2 6 30 5 10 21 15 3 6 6 20 18 22 29 12 7 24 17 6 14 11 23 16 24 1 22 26 16 30 11 3 22 27 16 23 20 30 4 14 25 21 29 1 18 21 3 11 24 16 11 13 6 30
25 30 30 9 25 16 0 4 1 17 18 23 4 18 13 22 27 14 7 27 9 23 18 24 10 21 11 9 17 6 18 27 11 15 7 29 12 5 13 30 23 25 0 1 22 26 12 21 0 28 21 11 2 13 24 4 0 0 1 30 17 28 20 18 4 18 3 8 21 24 7 16 3 14 15 14
14 12 3 22 14 30 3 16 5 0 0 28 18 3 20 24 19 28 9 13 21 0 19 4 6 17 24 19 3 6 14 30 0 7 22 1 11 27 23 4 27 5 3 24 10 27 7 20 21 21 7 17 11 21 20 19 29 16 12 4 19 7 13 6 11 2 17 1 4 25 29 19 14 1 15 8
17 25 27 19 25 0 3 23 8 13 17 10 28 5 23 29 23 2 2 17 2 8 1 3 17 9 2 22 20 25 2 28 8 20 4 29 8 14 28 9 7 23 9 22 11 8 21 3 10 14 26 1 20 9 18 9 9 8 11 5 0 10 16 16 4 14 19 24 10 25 1 0 9 13 2 22
16 0 18 30 0 16 24 5 17 28 27 19 12 10 30 24 16 24 24 14 18 25 18 2 8 4 30 28 28 14 20 19 23 25 29 23 4 11 4 0 1 13 15 13 21 30 23 27 26 19 18 29 23 18 27 12 30 24 13 30 29 1 17 3 1 13 7 26 25 17 25 5 10 0 17 11
13 8 22 28 21 26 17 24 22 11 1 3 28 1 25 16 28 1 9 13 14 12 29 2 9 25 11 5 22 25 20 28 0 14 6 23 22 28 10 19 0 16 7 27 15 28 0 1 21 12 18 7 20 23 22 20 21 7 10 26 4 25 27 8 29 2 9 19 7 28 5 14 15 25 27 7
20 13 12 1 20 12 28 19 4 8 26 2 30 24 25 10 1 7 3 13 15 14 27 22 2 27 30 14 26 20 17 8 22 14 12 10 17 3 16 23 23 25 12 0 21 1 21 23 12 8 27 2 23 16 8 18 22 8 18 13 12 19 9 1 2 20 9 1 29 4 11 2 16 16 0 18
1 9 29 1 14 15 0 23 22 16 10 0 4 19 8 15 30 11 24 12 18 24 13 3 15 4 30 17 10 13 29 26 5 15 10 2 26 1 27 24 15 9 29 0 15 19 3 7 17 8 19 9 12 26 12 14 6 0 4 22 9 29 4 20 12 9 13 25 20 29 18 24 3 14 22 0
29 29 15 30 21 7 6 21 0 26 5 19 8 2 16 15 0 16 4 17 21 3 11 10 25 19 22 7 14 9 4 27 6 25 16 4 26 24 16 24 7 12 23 4 5 21 5 18 11 20 15 25 11 13 13 6 28 0 14 13 27 26 5 14 14 28 11 10 0 11 15 6 9 27 23 18
6 25 1 22 28 18 21 15 30 4 20 26 16 23 9 8 28 16 21 23 2 25 6 26 13 23 9 9 23 25 9 0 12 14 29 5 3 15 2 9 18 29 19 9 29 17 1 1 13 29 3 25 14 26 10 23 23 28 0 17 29 15 10 0 4 0 19 7 3 24 30 8 8 25 12 15
22 17 21 26 18 15 3 20 7 15 6 26 25 5 18 20 14 18 12 0 25 17 4 10 12 24 7 2 26 4 12 17 30 20 6 11 16 27 23 7 25 11 8 25 4 9 26 24 29 13 12 16 0 28 17 15 19 16 29 16 6 23 14 14 6 4 14 1 5 21 29 26 13 26 18 0
28 20 21 10 30 11 23 12 1 28 11 29 3 27 18 11 13 20 5 7 1 11 27 19 2 30 8 22 11 10 26 3 27 7 2 25 10 16 18 7 9 24 13 29 20 9 25 26 30 1 16 2 14 14 12 29 15 3 25 24 6 2 9 17 23 16 24 17 22 29 11 0 2 9 7 8
20 14 1 16 12 13 27 30 26 26 14 22 11 29 4 1 18 23 1 24 6 6 2 24 9 4 22 23 4 2 8 26 8 13 26 7 13 27 5 2 6 2 11 21 17 9 16 8 14 10 20 21 29 10 6 27 23 17 10 11 8 12 24 29 0 22 19 30 4 8 17 4 30 1 12 7
6 27 19 26 20 30 14 9 26 7 4 27 9 14 14 14 28 3 27 15 29 28 1 26 1 2 18 24 18 13 26 24 21 16 24 30 20 10 4 29 18 27 30 15 27 20 25 30 28 29 12 19 28 25 5 26 8 8 12 7 5 23 6 27 15 16 1 29 11 9 17 23 2 19 11 27
2 11 17 7 22 22 3 25 29 7 14 30 30 29 17 22 28 22 27 22 27 24 0 8 5 3 3 7 29 12 16 27 23 23 14 18 16 8 13 12 8 27 19 14 30 1 20 9 23 22 15 22 14 8 20 20 8 18 9 12 13 2 22 18 17 27 22 17 2 17 7 17 15 27 5 1
25 5 14 25 25 4 28 2 15 2 9 14 1 14 13 28 5 12 0 5 2 7 18 26 7 20 5 25 11 10 13 11 23 6 26 17 12 19 30 22 5 30 25 1 28 17 5 24 12 22 22 18 20 19 6 24 27 11 30 8 22 24 21 6 0 6 20 21 9 21 19 6 18 23 23 3
18 4 13 18 25 0 10 20 1 14 3 13 17 29 8 1 30 30 10 8 19 12 22 23 23 22 20 29 29 15 8 29 8 30 29 6 20 9 21 1 23 15 5 5 12 23 18 4 25 0 13 14 22 25 26 12 15 15 3 15 5 19 28 5 21 28 7 4 26 23 18 22 12 10 4 28
16 24 5 24 3 6 12 16 11 8 7 25 23 11 2 13 12 3 17 25 20 7 24 20 6 13 18 8 1 17 17 10 1 7 12 24 28 4 3 1 0 29 13 8 25 23 3 15 17 27 19 2 17 21 25 30 3 20 7 2 11 14 2 30 8 22 11 1 30 6 8 3 11 0 25 13
10 7 0 25 14 6 25 5 23 23 28 9 10 14 29 2 28 20 12 27 27 22 19 8 9 0 10 11 25 10 21 16 11 24 6 9 30 7 26 18 1 4 2 25 17 24 29 10 27 24 29 18 18 0 21 11 25 18 28 12 20 5 5 8 11 15 0 4 13 10 20 30 15 18 21 12
13 8 30 29 21 19 29 20 5 2 27 23 18 6 27 24 15 25 1 27 12 12 24 30 17 3 0 20 15 20 16 27 1 18 20 20 20 29 28 30 27 29 13 14 23 8 2 30 28 1 13 3 2 5 11 1 1 27 23 30 22 0 20 19 2 8 26 2 19 24 13 30 10 6 27 23
20 29 16 20 22 13 16 5 30 25 8 8 2 8 21 23 23 17 30 16 7 29 17 8 0 22 27 18 7 14 16 2 24 4 30 17 29 16 0 13 19 16 15 17 21 28 1 22 22 8 29 2 5 27 7 23 2 26 6 18 8 5 29 19 0 0 21 26 9 9 20 19 22 29 22 1
4 12 11 17 12 8 29 6 21 29 24 23 14 4 2 7 19 19 6 0 18 3 15 2 19 18 13 10 29 5 23 28 14 30 7 9 15 11 23 23 11 24 24 14 7 15 20 4 22 16 17 27 18 8 6 24 2 27 14 2 1 0 1 23 4 4 9 8 30 5 22 4 28 14 18 1
20 15 25 8 6 24 7 16 7 2 19 24 16 27 17 13 5 23 8 16 25 25 30 22 0 8 11 24 5 26 15 18 1 5 14 4 4 25 7 21 30 7 15 0 5 0 13 24 17 18 27 8 1 30 11 19 4 12 6 2 29 19 21 20 6 29 18 17 20 3 21 27 4 18 19 26
7 3 11 28 0 24 12 25 17 29 12 25 13 16 13 28 17 11 30 18 19 15 25 8 13 11 4 15 19 25 10 0 3 10 4 28 7 24 6 0 24 1 20 23 14 2 2 25 4 9 9 13 26 29 21 0 12 6 22 4 11 11 30 1 19 0 19 25 14 4 4 5 28 20 17 26
28 29 13 5 4 3 19 10 26 15 1 6 1 20 19 12 7 12 24 26 16 30 8 9 8 24 0 7 5 11 26 27 22 18 28 17 22 15 27 8 19 2 9 27 7 4 15 27 30 20 15 29 1 29 23 27 19 21 2 29 8 2 17 10 17 21 28 12 16 4 16 5 22 19 6 30
0 22 23 11 8 4 8 11 20 21 15 5 21 27 0 16 5 14 23 8 1 10 26 25 30 5 10 0 4 24 24 10 14 19 7 26 8 30 30 10 4 22 21 21 2 5 17 5 28 14 17 0 2 1 5 24 25 2 9 24 3 25 13 0 18 22 7 4 22 11 17 13 5 9 28 2
25 21 6 6 13 28 3 25 28 28 6 16 17 17 4 15 22 9 8 29 26 22 15 17 7 26 6 12 9 13 10 11 21 10 10 24 10 27 1 6 0 6 22 1 6 14 28 11 18 24 26 1 8 2 10 16 1 10 28 1 21 1 25 13 28 29 6 11 6 10 7 25 6 27 22 1
1 19 14 19 12 11 21 1 9 27 15 28 11 4 25 26 4 20 6 17 2 1 23 13 27 7 28 27 10 26 18 5 9 6 7 26 14 4 6 15 8 22 2 6 7 13 18 27 27 15 4 6 18 21 2 24 27 30 20 16 10 7 23 20 6 0 10 22 29 18 20 6 16 1 8 21
22 17 2 25 26 22 27 14 28 28 22 11 16 19 19 28 22 26 14 5 14 23 28 11 20 21 11 22 25 28 20 11 22 29 12 26 27 25 12 5 13 13 19 11 28 2 14 19 29 21 14 2 19 29 2 23 26 11 18 12 18 17 27 20 26 30 18 1 12 24 13 30 4 9 22 9
9 26 20 13 10 6 7 8 18 9 22 6 12 24 16 24 0 10 11 20 20 19 9 24 25 27 22 8 23 10 20 12 15 22 2 19 18 24 5 26 13 21 14 23 18 21 17 2 3 17 9 3 27 20 0 26 8 19 8 6 18 16 30 13 8 16 25 0 7 6 18 7 10 1 27 1
22 3 11 1 13 16 17 2 27 19 23 5 29 29 24 14 26 23 2 11 30 0 27 8 12 17 18 30 27 12 7 13 4 17 11 7 21 28 20 25 7 11 20 29 11 7 3 20 22 28 28 22 11 21 16 20 14 27 26 12 4 25 26 28 10 1 23 8 13 17 22 12 15 8 14 27
28 29 9 29 15 9 24 12 20 21 4 7 17 19 15 3 21 22 19 6 11 17 16 7 28 3 12 29 29 3 19 7 11 19 19 4 25 5 21 1 20 18 5 16 3 29 18 16 4 11 9 5 9 10 14 29 9 6 8 25 25 4 11 1 4 15 13 25 0 6 8 21 26 20 19 12
2 8 23 27 12 22 19 18 16 11 28 27 25 11 16 2 28 27 26 15 7 25 15 1 8 2 9 8 21 20 9 24 25 9 26 27 23 12 13 13 9 12 15 27 27 7 23 9 13 3 26 15 19 30 10 26 16 21 18 24 4 16 8 18 6 19 11 2 28 1 21 29 18 20 20 0
24 7 13 7 30 9 28 30 22 21 16 16 19 13 26 10 23 13 5 7 12 5 18 9 10 10 11 5 6 22 7 30 0 16 7 1 22 14 7 19 30 14 13 18 21 12 18 17 30 26 7 12 14 29 19 20 2 28 17 18 11 30 9 28 6 0 7 5 14 10 8 21 13 28 5 16
11 30 18 14 8 19 23 22 27 6 6 4 20 1 26 5 18 1 25 23 4 15 6 4 13 21 6 23 25 19 19 11 26 21 5 21 29 22 30 11 24 5 11 12 1 15 22 27 30 29 16 30 19 20 2 16 0 12 23 9 21 17 2 4 7 21 2 7 15 16 20 25 0 13 27 28
2 15 11 17 1 9 1 14 19 19 25 13 14 5 3 0 20 24 20 0 11 26 3 20 10 21 9 9 29 21 19 5 15 23 9 11 28 26 24 11 7 16 12 13 28 29 9 16 10 10 16 3 2 12 1 0 21 26 0 12 14 26 22 19 6 6 24 3 26 24 29 0 12 22 25 28
23 29 18 30 25 10 13 7 21 25 16 15 29 0 2 2 10 16 22 2 7 25 13 2 9 22 10 10 6 23 23 14 13 17 6 26 4 0 14 17 10 15 25 1 7 20 8 17 5 26 4 9 30 4 25 29 14 24 8 6 18 21 14 30 25 19 22 19 21 19 22 12 27 16 29 9
6 29 7 23 22 1 10 23 25 5 27 14 23 15 0 2 19 5 27 16 9 21 21 19 4 8 2 13 28 24 11 5 4 1 10 22 22 6 9 19 25 4 5 8 19 15 22 23 9 6 10 26 19 24 4 20 8 29 15 22 3 30 14 27 20 16 26 25 2 7 12 20 4 25 0 29
16 12 22 6 8 18 14 15 3 9 28 18 29 13 26 4 4 8 0 29 29 18 20 1 22 19 10 10 3 11 12 8 9 13 20 21 12 15 15 28 7 19 22 22 15 6 19 28 12 18 5 26 0 22 21 20 13 14 21 4 22 28 16 6 12 25 29 3 12 28 20 1 14 16 19 8
13 24 8 23 17 10 4 20 21 6 22 3 27 28 30 28 19 17 3 29 9 5 7 16 17 24 16 7 1 2 25 10 9 1 4 17 9 27 14 23 26 2 23 28 2 29 11 28 17 16 21 30 25 12 21 24 2 18 4 14 1 30 6 3 27 27 12 5 16 5 16 30 20 18 25 22
12 13 21 5 2 28 2 10 10 5 27 13 23 12 9 25 29 11 6 9 4 11 18 28 5 13 14 14 5 12 16 9 26 10 15 3 8 8 29 9 8 22 19 16 24 6 11 5 29 23 2 16 2 29 13 2 3 30 16 6 22 18 11 13 17 28 1 5 9 30 30 30 0 2 3 13
3 17 17 13 21 22 3 17 19 18 15 3 21 0 3 3 21 22 1 10 4 25 22 11 4 21 29 11 24 0 18 7 18 19 0 10 16 7 6 3 10 12 15 11 29 10 3 23 0 26 5 25 5 18 29 20 3 2 8 16 12 5 4 28 9 12 26 1 10 16 16 18 22 6 4 26
26 11 27 6 0 10 3 25 5 1 29 24 5 25 29 5 4 10 29 19 1 14 22 10 20 23 29 29 0 30 28 30 6 22 24 23 21 8 16 1 23 13 23 25 3 9 27 28 3 7 9 19 15 18 17 29 29 2 26 8 19 19 28 24 18 16 20 30 11 13 3 18 9 9 24 14
23 15 6 9 17 13 3 5 30 29 4 1 27 5 13 11 26 26 27 26 8 27 15 30 11 8 7 28 13 29 27 19 18 24 24 6 24 19 12 26 22 17 29 6 29 22 18 15 12 11 22 27 24 9 20 30 13 19 6 25 27 5 14 27 14 23 9 11 18 18 29 30 26 8 11 25
14 24 12 25 11 4 3 4 30 4 0 12 21 26 22 22 1 4 3 5 21 9 13 8 7 2 16 30 7 30 17 1 17 5 7 10 16 30 4 10 19 30 12 26 11 4 23 2 8 28 25 28 21 26 20 20 6 15 5 22 13 17 22 14 21 9 7 20 4 2 18 15 8 11 0 6
6 11 3 21 2 26 17 12 12 28 6 4 26 3 9 29 5 20 19 7 25 28 15 11 25 26 14 25 5 8 10 9 14 30 20 9 12 11 5 18 4 12 23 10 12 21 20 22 3 13 0 29 7 11 26 19 2 23 11 24 6 15 10 2 26 23 22 27 6 25 17 27 12 21 11 10
30 24 16 16 4 13 16 20 0 15 19 18 29 22 25 14 27 5 26 18 1 10 10 4 7 6 2 18 2 14 7 19 9 18 17 10 18 10 24 9 24 22 6 16 2 10 15 23 7 29 23 10 15 20 14 4 19 14 9 8 30 17 6 12 5 8 6 22 26 25 11 25 23 1 9 30
30 15 7 8 17 16 1 0 12 3 5 25 10 9 28 10 2 14 29 17 27 0 13 17 6 1 18 5 14 4 23 6 19 21 6 7 19 1 9 12 22 21 3 9 18 15 17 1 14 30 30 22 24 6 19 8 9 28 16 28 6 20 5 16 29 4 8 8 21 19 20 25 13 0 17 28
30 23 11 5 19 9 4 0 1 27 11 29 23 1 6 7 1 20 24 30 4 24 3 27 4 20 26 26 1 7 24 28 2 5 17 17 20 3 16 11 21 14 25 23 2 3 21 6 28 0 23 16 8 12 18 2 28 13 6 30 3 0 5 2 17 5 11 17 1 20 16 11 4 22 22 15
0 27 26 11 15 12 17 22 0 22 0 19 17 28 10 28 5 28 24 2 23 8 14 26 3 28 13 0 9 6 4 0 27 2 1 3 3 11 29 15 9 4 6 25 26 18 16 10 23 1 13 4 1 7 8 22 16 0 8 21 16 3 7 6 3 27 25 28 19 24 28 22 25 25 6 12
18 9 30 1 14 12 12 19 13 0 1 4 0 24 24 17 26 9 25 14 25 21 25 13 17 29 2 26 10 19 4 27 9 28 6 2 15 21 25 9 28 6 17 6 0 14 30 25 20 14 1 25 26 26 9 29 26 4 15 13 22 19 10 7 6 6 26 20 5 0 24 6 8 25 2 7
5 19 22 14 21 25 18 24 17 27 18 13 29 16 14 27 24 3 4 26 20 12 26 24 30 22 12 6 11 19 26 22 28 13 19 13 5 3 24 5 13 9 20 26 15 11 16 13 6 27 5 9 11 5 3 26 0 15 18 13 5 21 25 29 24 25 11 27 11 15 15 2 5 2 12 30
4 10 20 25 4 10 10 29 8 6 28 12 24 29 26 7 22 8 6 6 13 6 0 25 10 11 8 14 7 23 30 9 30 5 26 11 5 30 25 5 10 13 30 16 23 6 9 25 19 18 24 15 8 25 9 18 21 12 25 8 30 22 15 8 30 24 10 2 29 17 17 18 17 21 7 6
27 6 27 4 2 30 12 17 12 19 7 3 1 8 21 11 26 25 0 23 10 6 6 10 15 21 9 14 11 12 19 12 30 16 14 14 15 4 27 15 24 5 18 23 25 5 29 25 25 15 16 19 10 1 9 12 6 0 19 16 7 20 29 2 18 7 0 19 28 26 23 9 24 8 11 29
9 9 7 22 8 12 24 25 21 20 6 8 19 14 23 18 16 8 25 5 13 14 4 12 5 16 21 19 20 19 22 27 19 16 25 4 23 5 10 2 24 17 12 18 7 26 7 1 23 17 11 2 20 14 22 30 4 16 14 28 5 11 27 21 1 2 13 11 15 27 9 24 26 17 23 26
7 26 1 29 19 1 17 21 24 28 23 4 29 4 21 29 17 17 8 11 1 7 6 21 2 7 18 14 29 24 28 27 8 27 9 10 26 28 16 15 6 30 1 19 22 28 16 22 14 23 21 9 24 3 4 17 23 21 25 6 16 13 11 11 1 28 30 25 11 13 29 15 21 3 4 11
24 18 6 2 16 5 11 23 4 1 30 18 21 2 19 4 30 19 4 15 14 26 22 11 2 7 27 13 26 6 15 29 17 6 20 27 28 12 0 21 17 21 17 11 28 24 8 7 13 27 28 3 29 14 23 15 10 20 5 27 1 27 6 15 21 11 22 27 27 7 13 5 19 2 5 27
3 1 1 26 12 6 1 3 4 26 1 6 15 19 3 19 9 21 14 6 24 4 2 12 28 1 23 2 27 20 16 5 4 18 12 22 2 8 15 16 0 9 27 20 27 14 27 24 12 13 11 23 10 5 0 25 20 24 9 10 13 20 1 24 10 22 30 10 2 21 7 15 7 26 29 11
26 10 26 13 14 23 20 22 3 28 16 19 25 2 29 26 12 25 18 9 12 4 24 23 12 27 2 23 0 1 14 17 7 29 26 28 3 10 13 28 5 10 7 18 30 21 8 5 17 0 8 27 9 7 16 23 15 30 4 6 11 26 22 13 19 17 25 19 13 10 0 8 12 1 17 24
24 26 28 23 18 5 29 3 2 1 10 14 13 20 4 18 28 0 9 16 17 2 0 9 30 11 23 9 22 23 4 0 13 25 23 7 0 17 17 20 29 1 0 23 3 30 1 16 29 29 18 14 2 25 7 3 8 26 1 18 18 1 25 21 30 30 8 3 0 12 4 10 10 15 19 0
26 8 12 28 17 13 0 23 25 28 17 0 13 30 16 21 6 18 18 10 9 20 26 5 10 4 8 12 11 2 19 4 14 17 30 14 29 1 25 28 19 23 18 13 10 16 8 27 14 28 26 14 7 22 4 10 8 8 4 12 12 26 17 11 23 22 27 20 3 20 25 1 15 5 30 13
1 26 18 6 4 15 27 19 17 15 16 26 0 7 19 6 12 3 23 28 17 4 1 12 25 9 22 30 25 1 15 18 1 22 11 24 6 12 2 10 21 10 4 6 27 11 8 2 2 14 5 22 13 7 30 12 19 3 17 6 9 15 17 24 28 6 20 26 7 15 2 4 12 1 3 27
18 28 2 15 8 24 18 20 5 4 3 16 24 13 15 7 1 13 21 8 21 6 8 12 0 0 9 17 9 2 9 19 11 7 10 12 9 9 14 27 7 25 28 15 8 9 13 23 12 21 2 26 6 10 7 6 14 17 20 18 28 29 18 8 8 8 2 18 19 19 29 19 7 13 24 16
20 18 25 19 24 29 8 21 11 8 14 0 22 19 15 30 15 17 4 17 5 7 24 12 30 9 30 27 21 0 14 11 20 25 16 29 19 30 18 30 7 1 1 1 30 7 3 16 4 11 26 22 15 28 30 5 23 23 27 4 6 11 10 13 24 18 5 19 27 2 4 23 27 18 22 9
17 18 10 13 9 3 15 17 14 20 22 12 27 15 28 5 29 17 14 3 9 3 29 0 14 16 25 17 1 10 3 26 15 21 7 23 19 3 22 12 4 9 12 30 10 9 14 9 25 8 27 3 8 25 2 23 5 10 23 10 24 1 26 5 9 7 30 10 18 29 23 30 28 24 16 7
30 3 21 26 29 20 23 22 25 1 22 18 11 24 18 28 17 29 21 5 1 29 27 29 16 22 10 14 0 4 19 13 0 14 8 0 15 6 10 6 9 18 4 0 4 26 23 12 24 25 15 11 7 16 18 29 7 28 6 8 13 13 22 21 17 27 10 9 17 28 26 24 8 9 24 24
19 17 18 25 20 18 30 25 7 2 8 30 20 19 14 2 20 25 21 7 22 26 6 16 15 29 5 11 20 3 8 13 23 24 5 21 9 29 1 23 12 2 18 22 23 26 2 14 18 29 14 5 15 9 16 20 7 7 1 30 24 12 1 29 15 13 5 1 14 9 23 7 7 3 7 4
16 29 10 1 5 0 4 6 29 16 27 29 28 0 14 28 18 30 17 28 11 19 28 12 2 7 8 18 18 17 0 3 12 26 23 28 9 28 19 10 30 24 25 21 1 21 3 24 17 10 29 20 10 24 6 19 20 21 4 5 29 4 1 0 26 14 19 2 0 5 27 3 30 28 1 3
8 18 8 12 11 25 12 30 26 25 23 25 13 28 28 6 9 25 29 16 6 20 7 30 7 14 8 27 15 1 8 12 11 13 5 19 8 25 1 9 13 22 25 15 7 7 18 14 14 22 2 11 15 20 17 25 7 14 6 19 21 3 30 24 0 21 11 8 14 20 3 5 10 27 6 25
