78 78
4 5 17 26 1 12 8 22 25 27 16 0 22 22 10 6 1 11 9 12 28 23 2 5 17 27 22 11 10 6 3 21 25 8 3 17 10 1 3 0 1 9 0 16 17 6 10 7 5 17 28 26 8 21 4 20 11 7 0 3 1 23 26 30 4 11 25 12 7 17 5 10 11 25 8 1 18 1
0 23 0 20 25 27 27 21 13 26 29 17 30 13 20 11 22 27 12 1 15 5 8 28 27 10 22 19 21 5 2 16 22 4 7 28 27 29 22 15 20 30 6 0 4 6 9 27 3 7 9 26 25 8 22 28 12 22 6 24 15 13 7 25 29 1 18 30 11 25 26 29 10 16 29 30 14 0
2 21 7 12 1 16 22 14 18 13 7 16 12 0 23 6 0 18 12 16 3 7 14 23 2 6 7 17 24 4 17 2 28 3 18 12 13 24 16 27 15 22 18 12 4 27 10 17 5 16 5 24 18 26 28 5 2 11 18 19 12 16 25 27 16 14 3 27 18 0 17 2 19 17 21 1 30 29
28 6 19 3 3 29 13 19 10 19 18 23 6 4 6 15 22 2 3 21 9 4 27 22 16 15 2 22 6 0 10 18 10 25 17 8 5 2 2 1 12 0 5 4 13 2 10 29 25 16 13 2 7 13 23 24 22 4 9 8 0 26 20 7 28 26 21 7 20 0 9 18 20 1 7 8 15 10
10 19 17 3 5 2 5 8 19 30 13 2 12 8 9 12 13 28 10 9 16 9 10 24 18 26 26 3 29 19 9 19 25 30 30 7 28 9 4 12 27 3 3 29 22 16 12 10 13 23 18 8 30 12 22 9 19 20 8 26 17 28 1 22 8 23 30 1 7 3 13 12 15 26 26 20 29 25
22 18 5 26 22 15 18 0 28 1 6 21 12 23 5 0 1 18 0 14 29 15 6 19 16 12 25 25 22 19 23 26 12 9 16 15 3 1 30 18 6 3 22 2 9 28 5 11 13 0 26 22 26 1 12 14 20 19 4 1 7 11 9 27 18 11 8 27 7 10 17 8 5 4 14 1 25 9
18 10 10 22 28 13 18 2 9 4 23 21 17 4 17 16 9 6 5 20 15 28 26 14 0 21 4 5 19 0 9 19 24 15 9 29 9 10 19 16 19 17 27 0 23 22 23 29 17 3 6 0 4 30 9 29 13 0 8 1 6 29 19 25 16 7 17 18 16 17 10 3 24 9 12 29 25 30
22 18 13 10 19 9 5 2 18 12 8 30 3 2 25 21 4 28 21 19 17 11 8 7 0 3 0 30 26 8 11 20 8 21 19 10 19 30 25 17 8 7 3 29 16 10 8 8 26 30 27 13 4 14 24 13 17 19 15 21 3 30 5 30 28 14 10 20 7 15 2 3 11 22 22 27 5 1
19 6 8 30 18 13 15 30 14 2 18 7 27 4 29 22 3 22 6 25 14 13 23 29 3 21 9 24 4 7 3 21 5 8 25 2 23 0 18 5 9 27 19 16 1 13 25 1 30 10 10 13 1 30 21 22 17 17 20 10 0 21 1 24 12 7 14 10 1 15 23 9 27 17 16 13 3 7
17 20 12 6 15 12 5 1 8 6 9 29 22 4 12 13 12 3 27 30 10 17 8 22 7 20 14 10 0 27 6 16 12 18 18 29 5 17 13 5 24 6 11 3 25 25 16 0 5 12 27 30 5 6 29 29 20 19 8 1 12 19 6 9 13 25 17 3 0 0 20 10 19 16 3 11 21 11
1 17 28 9 26 25 3 19 23 5 26 29 2 14 30 22 5 29 2 0 14 26 2 7 8 21 20 18 24 14 24 12 2 4 6 13 11 21 15 17 15 9 14 26 25 24 28 26 2 13 13 8 16 24 30 0 10 3 13 16 8 21 6 5 18 26 4 26 15 16 26 19 19 17 8 11 25 18
19 4 12 0 2 8 18 2 10 17 14 14 16 21 0 3 12 14 21 20 6 9 24 7 9 19 5 10 2 17 8 8 30 18 8 21 20 13 30 6 7 29 27 7 12 23 10 6 30 0 22 14 6 5 17 22 21 22 4 2 15 30 1 5 24 29 6 3 9 17 22 26 11 29 8 0 26 1
30 5 4 13 8 13 10 28 13 29 9 13 21 27 29 29 8 22 3 18 26 14 22 12 19 24 7 1 8 0 28 29 23 16 9 26 12 14 27 19 5 8 3 30 18 5 21 26 17 28 0 28 21 0 15 5 28 27 24 27 9 5 4 5 0 0 30 20 28 22 21 17 6 27 17 19 28 23
13 22 4 2 4 6 29 2 27 10 23 25 20 13 20 11 8 26 10 18 14 15 19 16 6 6 6 12 29 26 2 24 30 22 13 2 14 23 17 21 1 10 19 14 13 8 13 20 17 2 1 1 12 10 19 17 0 3 11 7 8 30 27 27 11 23 6 5 2 29 19 19 16 25 19 15 22 10
17 5 23 28 20 28 18 8 0 19 30 4 6 27 10 21 0 2 5 23 28 20 28 21 25 30 2 9 27 0 21 27 11 27 4 16 19 24 20 0 0 9 10 13 4 10 3 1 24 4 14 21 9 8 13 30 7 19 28 16 27 4 2 2 13 5 4 28 16 22 22 12 18 2 15 24 11 21
26 22 23 25 22 19 20 15 29 3 29 7 19 6 26 16 25 28 15 11 12 12 14 1 22 7 6 5 29 5 11 17 18 10 20 23 20 3 26 6 20 21 22 20 19 10 18 13 16 25 4 17 6 16 17 28 20 0 15 23 27 3 25 28 6 19 30 14 4 15 28 23 20 30 3 27 21 22
12 25 28 18 13 16 14 22 14 21 19 25 15 2 4 16 9 11 12 26 8 18 18 14 1 10 30 14 15 0 21 11 15 23 14 13 4 5 22 5 23 19 4 2 2 14 8 12 8 4 27 30 26 18 28 14 8 2 22 19 1 30 16 8 1 3 20 0 14 12 28 20 7 16 27 15 16 16
5 30 3 13 10 21 17 4 8 30 27 22 26 28 14 16 30 19 15 25 15 29 0 18 9 2 12 30 29 9 27 20 14 29 3 2 1 18 9 2 30 24 26 20 13 24 3 20 6 30 24 17 27 13 5 23 2 17 21 14 23 10 12 15 10 24 30 0 30 25 20 6 29 13 15 19 0 18
14 2 18 0 25 2 19 6 23 1 21 4 1 2 9 18 24 20 5 16 21 10 20 18 9 20 2 25 20 19 30 10 3 10 27 16 8 3 22 21 19 18 30 4 6 19 30 5 30 22 13 14 11 17 24 22 21 11 29 16 15 9 19 12 13 27 5 18 28 1 29 6 30 15 30 12 27 2
11 28 9 8 9 22 25 24 5 27 30 0 19 12 17 9 2 30 16 25 18 25 13 23 6 21 13 3 4 20 21 25 13 14 10 17 2 9 30 23 0 16 10 28 12 22 24 22 15 27 30 22 13 7 5 3 8 15 0 28 19 18 14 26 7 9 7 8 28 3 16 2 11 14 19 7 8 11
3 0 6 3 16 19 15 1 22 18 8 22 1 21 19 0 4 17 10 13 25 1 28 2 2 11 29 7 12 15 16 29 23 24 29 5 6 9 13 23 18 17 10 10 28 18 17 12 24 0 4 1 14 14 24 25 17 5 0 8 5 15 3 23 26 25 27 20 0 7 8 2 23 16 13 13 7 17
21 18 1 16 22 15 15 21 23 15 1 6 23 30 11 11 5 13 26 18 24 24 2 4 19 28 16 28 29 5 8 11 7 8 11 27 24 0 24 20 17 11 2 29 30 14 8 27 8 16 25 1 3 13 23 1 9 23 24 28 0 10 11 23 8 6 10 10 12 21 1 3 19 9 16 6 21 0
28 6 23 19 25 29 24 14 22 9 9 17 13 24 8 10 1 9 12 23 1 28 21 9 24 29 13 6 12 19 13 24 1 26 26 29 24 30 0 27 10 22 27 0 26 6 0 27 6 24 3 23 16 21 4 12 18 11 14 27 11 11 2 4 10 20 27 12 10 8 20 6 27 1 21 20 11 2
17 0 5 30 9 0 13 30 13 3 23 30 23 16 2 9 6 30 17 4 19 17 15 24 22 0 13 13 8 11 9 3 29 7 3 2 14 6 4 17 5 23 19 28 25 3 19 29 18 12 19 25 23 26 29 6 8 30 17 0 2 6 25 8 16 8 14 20 3 12 5 24 13 20 22 10 2 19
16 8 1 9 11 1 18 16 16 14 15 0 5 9 4 9 15 0 18 14 3 20 21 26 6 10 2 30 20 28 24 29 26 13 21 5 9 9 14 15 26 20 3 15 30 17 30 20 19 29 3 17 28 3 26 11 5 3 11 11 25 14 12 5 21 25 12 3 6 19 3 10 21 22 6 23 16 27
15 25 10 27 9 10 13 21 3 3 13 29 14 30 16 20 25 2 17 13 12 21 3 3 26 16 16 23 23 7 10 12 3 1 14 20 11 6 2 3 1 7 10 30 26 28 29 5 12 0 28 3 5 0 29 4 2 16 0 28 16 19 8 26 28 12 26 21 19 12 27 7 10 9 17 28 7 11
2 15 9 12 15 13 2 16 28 12 16 14 3 5 16 12 27 16 28 26 12 25 25 26 29 23 16 12 2 15 3 4 17 27 12 30 20 0 5 23 10 2 2 23 19 25 30 10 29 30 18 10 7 26 0 19 18 24 1 3 27 24 15 28 23 7 21 6 9 23 19 16 16 24 16 11 2 30
30 27 7 2 13 18 29 16 24 29 3 18 19 4 26 27 30 5 23 22 28 29 12 18 13 15 11 17 4 2 10 27 21 4 22 13 22 29 20 15 27 7 19 17 4 10 5 15 20 12 2 18 22 5 9 22 26 19 23 15 25 21 11 22 2 20 24 17 9 18 30 1 24 15 23 19 13 1
10 15 22 14 15 11 6 12 10 26 4 21 10 0 21 12 1 7 25 30 22 9 16 29 15 9 12 13 8 5 9 14 7 18 21 0 21 2 6 9 5 8 2 20 29 6 13 3 15 18 25 6 12 22 18 12 2 9 5 13 23 29 21 10 25 19 18 12 10 26 5 1 30 11 5 29 26 15
20 21 3 28 9 2 19 1 14 5 6 1 11 7 16 4 0 13 3 26 20 6 23 15 6 22 2 10 29 8 2 29 17 21 21 24 30 29 1 25 4 19 9 7 11 14 1 4 27 16 19 26 3 22 11 26 28 0 28 18 1 3 8 11 27 16 19 23 16 20 10 15 22 7 0 22 26 8
24 17 18 29 24 8 3 4 30 5 29 25 9 1 30 16 8 24 10 27 4 21 4 3 15 23 27 27 0 25 14 25 25 8 18 9 25 1 14 16 16 23 1 26 19 26 23 18 20 18 27 16 4 23 12 22 13 16 3 8 21 0 30 29 22 30 29 6 18 9 6 27 6 16 3 22 21 22
14 14 22 13 6 16 30 2 28 26 23 4 15 29 29 7 2 15 13 21 30 29 3 2 20 27 3 12 4 3 11 30 25 7 28 7 24 20 7 12 4 19 30 14 29 3 27 14 18 11 5 4 24 12 0 19 13 23 5 1 4 2 11 27 28 9 5 12 23 7 1 30 18 0 27 6 23 28
1 15 11 26 16 8 26 29 26 30 0 23 30 13 22 22 7 26 30 16 24 29 20 15 26 17 30 25 10 11 4 29 19 24 24 4 21 17 1 24 18 15 11 14 10 0 18 5 15 23 5 13 0 19 7 29 4 13 1 23 16 14 1 30 17 23 22 19 6 30 12 1 10 21 9 15 24 13
11 15 28 20 3 1 20 2 12 28 10 5 25 11 26 10 3 20 25 7 12 30 4 7 16 24 8 6 24 5 14 28 12 25 13 1 27 30 5 13 3 22 27 3 28 18 25 25 2 16 4 17 23 15 27 9 17 13 28 20 6 3 27 12 30 27 10 13 13 28 4 3 1 6 0 11 3 20
9 6 25 30 30 7 30 27 5 24 11 26 24 18 24 4 6 0 25 18 10 13 4 27 30 12 10 22 10 16 8 4 16 30 18 8 8 20 1 29 3 7 14 1 30 18 5 29 6 27 12 21 27 20 25 14 18 29 14 9 25 0 19 22 17 18 0 17 0 10 28 7 28 22 29 14 8 25
14 26 8 9 9 0 18 19 6 3 15 22 1 9 4 20 23 22 15 13 16 17 5 14 22 8 20 16 30 14 0 19 20 4 18 8 22 28 11 21 17 23 25 17 21 25 5 7 1 12 22 25 8 17 20 0 9 1 1 29 28 6 10 11 12 29 25 14 21 8 7 23 10 0 6 22 29 7
23 20 18 0 21 21 15 3 28 18 6 27 21 9 28 8 17 30 24 8 24 3 11 13 20 13 18 3 20 22 19 8 3 0 26 2 23 29 27 13 29 3 1 28 30 30 30 13 12 29 18 5 10 7 9 24 2 19 7 14 14 29 26 17 27 27 13 19 25 18 2 26 1 17 13 21 10 13
30 22 6 14 15 21 28 23 26 21 23 17 9 19 28 15 19 23 5 7 17 30 1 11 2 0 20 18 1 26 3 16 16 3 2 20 16 21 0 9 18 21 3 3 1 29 30 13 5 11 19 0 12 0 17 25 20 23 19 28 18 2 16 8 23 26 23 26 19 20 19 30 13 23 3 17 25 0
11 9 16 4 10 20 26 7 28 6 13 2 27 15 6 3 3 6 0 13 17 28 7 17 1 20 16 12 14 4 10 4 8 25 16 1 11 0 21 15 21 0 28 24 5 28 26 9 1 24 3 5 24 15 25 11 28 21 10 1 6 12 9 6 6 3 28 0 21 12 17 14 24 5 15 28 16 21
20 26 2 15 7 19 15 23 15 24 30 8 13 9 28 7 11 18 5 19 2 29 3 15 20 20 27 27 19 4 30 1 22 18 2 30 6 29 19 28 27 15 23 23 27 26 20 6 20 23 15 11 4 16 24 19 2 25 25 21 18 13 28 17 27 11 29 0 21 6 5 12 26 4 13 6 5 4
2 30 8 30 20 24 6 25 15 3 17 7 2 17 24 29 26 2 15 29 17 20 10 15 26 22 20 28 30 15 0 13 16 4 24 5 22 7 24 28 22 5 25 24 19 7 9 28 22 30 15 16 10 8 10 10 14 3 2 6 22 5 22 10 30 16 17 15 3 14 4 29 28 6 20 16 9 25
17 27 26 6 5 30 23 18 23 7 29 16 2 11 23 26 23 2 15 1 4 0 10 14 24 30 2 21 22 0 27 19 3 6 4 15 13 9 3 13 6 13 7 18 29 13 20 4 26 21 0 14 22 0 17 26 0 8 22 13 29 18 23 5 3 12 18 18 3 25 8 19 13 28 10 19 24 9
7 2 28 20 23 3 29 2 18 24 21 25 3 18 6 17 19 18 25 12 6 0 14 29 14 26 4 12 4 9 7 24 19 27 7 23 28 2 13 11 10 5 4 16 6 29 26 15 22 14 0 13 5 30 6 15 17 26 8 18 27 16 27 10 4 23 14 15 4 12 8 4 26 10 18 20 12 0
4 14 22 22 13 27 18 19 7 6 2 15 1 24 4 26 9 22 6 9 21 21 21 19 29 6 28 9 5 18 16 10 14 15 0 11 5 5 7 15 5 29 23 22 8 1 2 16 6 19 20 23 25 7 5 6 26 12 12 10 5 28 19 22 15 3 29 20 23 11 0 16 22 29 5 12 28 7
21 19 13 9 8 22 8 9 1 21 24 11 16 15 8 9 24 30 12 14 17 13 10 16 0 2 23 19 0 0 21 11 27 3 11 16 26 8 11 9 21 10 6 11 25 7 24 30 21 5 30 25 11 0 25 14 13 17 19 3 17 18 17 19 20 3 0 7 16 27 29 24 10 1 0 26 27 13
30 17 18 5 7 19 19 15 18 30 25 25 2 1 13 14 0 16 13 27 16 21 22 7 18 6 6 24 12 16 28 28 9 4 20 27 24 6 24 3 14 13 17 22 9 26 21 8 30 29 1 29 25 1 16 3 15 11 23 26 12 20 22 0 0 12 21 28 12 20 1 21 16 9 22 4 25 7
11 14 13 28 2 10 16 2 26 29 20 17 2 30 1 22 8 4 24 7 30 8 9 0 19 0 5 28 9 23 19 6 8 2 20 22 4 23 22 23 18 11 26 24 20 23 22 28 30 17 1 8 22 30 4 22 23 22 13 2 15 26 10 29 2 20 26 8 19 13 6 3 24 16 18 6 17 12
28 14 23 10 6 2 12 12 18 24 3 28 3 21 23 14 6 11 12 4 13 4 5 30 19 2 8 26 19 4 12 27 6 3 10 26 22 8 1 8 21 19 6 6 1 18 4 30 27 19 24 13 10 30 8 20 16 3 3 18 14 14 15 20 12 8 24 20 22 21 8 30 13 28 18 16 27 8
20 25 8 20 14 3 30 13 2 21 4 29 14 7 1 5 20 3 14 22 22 1 15 21 20 25 9 18 9 12 9 20 6 3 29 19 15 22 2 22 8 0 23 13 12 20 20 30 0 30 4 13 28 13 3 30 10 26 13 27 13 3 16 12 30 0 30 15 22 15 2 15 12 5 2 0 17 24
2 26 1 9 9 5 1 1 21 13 22 7 19 13 18 12 30 19 26 10 7 26 22 17 15 17 6 10 24 28 9 8 26 9 15 19 13 18 23 10 28 26 24 19 22 21 17 9 8 7 5 14 21 15 13 20 15 17 19 23 17 1 21 0 6 2 8 11 19 22 1 30 10 18 27 23 8 21
9 27 21 13 21 7 19 25 20 16 13 19 7 30 6 16 19 8 28 20 11 27 23 25 1 15 2 23 20 11 3 1 17 27 13 5 23 20 17 2 26 3 2 12 3 20 17 18 16 12 30 2 17 18 7 17 19 7 17 25 11 22 0 3 14 22 16 6 16 29 19 29 3 24 12 24 15 28
27 4 26 10 24 3 2 28 15 18 14 27 22 12 6 2 2 7 15 23 24 21 21 12 21 14 30 29 13 30 15 20 28 5 10 28 5 13 4 17 2 21 0 12 19 26 17 16 18 26 5 15 25 9 0 10 1 24 3 9 21 22 21 12 29 7 1 21 26 17 12 4 9 11 22 20 17 10
27 3 18 1 1 2 4 16 7 16 16 19 21 22 4 27 22 1 4 15 10 6 1 2 0 0 26 12 2 28 28 10 22 20 9 9 22 4 9 24 24 14 15 20 25 7 7 27 1 0 19 26 30 5 9 16 23 0 16 0 10 17 18 9 20 3 7 8 25 9 7 14 9 6 20 3 29 22
4 19 20 13 9 19 1 22 10 30 2 14 29 6 9 30 13 16 0 1 14 7 18 27 22 13 30 4 25 25 11 19 28 4 9 2 12 22 17 25 13 9 30 14 4 7 16 21 12 30 6 7 9 24 23 23 19 2 15 23 0 4 17 14 29 1 18 21 13 20 28 10 30 10 21 11 13 11
10 30 12 3 30 1 28 12 5 16 29 28 1 10 9 5 7 17 2 28 3 27 30 26 17 9 8 23 14 0 11 27 28 22 30 15 5 8 21 26 27 5 5 22 30 1 18 16 13 4 29 15 28 0 3 0 14 23 7 5 29 19 18 24 16 18 25 26 1 4 26 18 2 19 9 28 11 5
14 16 21 21 28 20 20 8 19 8 24 29 24 22 3 6 12 13 9 4 26 26 4 9 16 8 14 8 4 12 26 21 14 4 18 4 5 10 20 25 10 7 8 7 7 9 7 15 2 14 22 25 30 12 21 4 4 5 7 12 11 18 26 30 21 2 29 3 25 0 18 11 20 2 18 5 22 28
10 0 0 18 8 5 9 4 14 8 26 22 8 5 2 3 7 24 9 18 30 19 14 25 17 0 26 30 4 3 11 26 16 23 4 10 13 7 8 17 8 11 1 21 3 15 6 27 5 20 25 14 28 27 0 18 12 2 17 9 15 4 26 15 15 8 5 28 19 6 21 19 20 17 12 3 0 11
11 2 8 14 24 19 1 11 7 26 27 22 27 14 22 8 30 15 27 27 16 0 6 14 4 21 6 30 30 0 30 10 10 12 25 23 3 16 27 10 13 5 25 22 25 27 14 30 2 16 4 27 2 5 22 11 0 7 9 26 3 13 10 11 1 3 14 25 8 16 28 18 4 14 22 3 18 9
10 2 23 5 14 25 21 3 20 6 1 23 9 30 29 11 0 0 13 6 23 1 20 29 28 6 20 27 19 3 17 29 10 14 11 0 2 14 13 0 1 2 10 24 13 16 3 3 13 20 10 22 3 25 28 9 27 20 25 22 12 15 5 21 5 22 18 0 13 1 3 10 30 14 20 18 22 7
24 1 19 12 14 23 20 11 27 11 4 14 7 19 5 15 8 7 20 28 16 10 12 25 16 14 30 3 25 5 29 26 2 26 28 6 19 13 25 27 0 9 14 24 15 1 18 25 16 20 19 13 2 15 18 11 23 15 10 10 29 12 6 13 14 8 0 9 17 6 29 17 5 3 18 2 10 10
30 10 2 14 25 30 17 23 14 22 14 10 6 29 14 20 26 9 12 10 24 10 28 24 25 14 27 19 6 13 28 17 19 3 6 28 3 27 23 3 20 9 0 12 1 26 10 2 29 24 26 11 6 28 9 25 5 5 1 18 23 29 14 25 24 24 14 10 1 21 23 11 21 0 22 24 21 24
12 0 3 13 13 8 27 29 19 22 13 14 28 27 27 7 0 11 28 25 19 13 23 8 0 27 27 20 11 1 24 29 6 21 21 25 14 28 9 3 19 17 25 5 0 0 14 29 1 29 21 5 19 10 9 17 10 28 7 2 10 5 17 19 17 11 27 16 4 2 9 24 3 15 16 26 25 12
25 8 29 8 4 9 22 3 11 7 22 9 26 5 10 20 20 27 21 17 21 15 8 27 3 3 20 25 17 9 13 7 23 6 11 20 14 3 18 12 10 25 23 13 3 28 21 20 8 17 7 18 21 9 1 16 28 14 25 17 26 20 2 4 22 24 20 5 26 12 5 12 9 0 23 12 11 24
12 22 20 21 27 25 5 13 21 18 25 24 4 13 22 6 11 20 6 19 15 7 16 3 24 16 25 9 1 12 23 15 19 12 26 1 21 12 16 6 12 13 9 19 30 0 13 25 19 7 15 24 5 5 10 6 23 21 21 26 1 26 19 13 4 16 22 15 25 8 24 5 19 17 20 6 10 20
26 28 7 23 12 26 14 30 16 8 25 17 30 11 26 3 1 21 8 29 17 9 22 10 28 19 28 27 3 17 28 2 23 2 18 3 26 7 21 16 13 14 3 18 0 16 25 25 10 3 10 13 30 6 4 9 20 24 7 15 8 22 26 6 13 24 14 11 26 22 26 3 28 12 30 6 2 0
21 28 28 12 24 3 8 23 19 3 28 29 25 8 18 30 17 10 30 23 12 24 9 30 12 26 6 19 8 0 27 24 9 30 20 10 16 17 29 2 16 10 24 22 7 1 24 22 28 4 30 26 28 30 7 25 7 8 3 5 1 22 29 6 28 16 13 11 2 26 16 16 19 2 23 16 7 24
30 6 8 13 11 6 3 5 6 29 16 14 7 4 30 19 19 19 23 25 24 10 15 20 24 22 4 20 25 29 16 2 29 3 28 1 2 18 7 19 15 3 8 3 18 4 3 24 27 25 19 27 10 27 12 2 2 4 14 6 18 1 24 4 13 10 29 8 20 25 23 26 29 23 5 20 20 13
20 14 0 16 1 5 6 13 0 16 25 7 3 9 18 21 5 1 24 25 30 16 2 22 17 12 3 21 24 16 16 4 23 2 8 21 30 0 26 13 30 25 25 8 4 26 26 16 6 17 17 30 0 10 14 27 4 24 17 17 8 5 28 14 28 5 20 29 29 14 15 30 8 12 30 10 25 18
10 22 24 27 26 0 8 26 17 12 1 29 6 9 18 24 30 12 13 7 15 8 8 11 30 9 4 2 11 6 10 23 29 4 5 29 18 15 11 26 1 25 24 4 4 4 1 0 18 17 23 7 4 5 15 24 19 23 24 26 3 3 15 3 14 2 11 5 8 2 21 7 29 29 11 19 24 9
1 25 2 8 7 3 10 22 19 19 21 27 21 14 29 13 12 29 26 29 15 29 9 6 3 1 17 28 28 14 16 18 0 26 15 11 17 5 6 2 18 16 28 25 23 7 29 0 2 29 1 2 16 27 16 12 21 15 7 9 17 15 2 2 27 29 8 0 30 27 17 4 7 5 12 29 3 1
30 6 26 22 17 7 26 8 23 25 30 25 13 2 14 22 29 22 18 23 20 11 19 21 17 20 19 17 26 30 26 10 27 26 28 20 9 4 15 30 7 1 15 19 11 13 4 16 9 25 29 29 18 0 19 16 3 27 21 27 27 24 14 22 15 30 1 19 27 24 6 28 9 10 20 20 11 3
6 9 29 1 11 23 24 18 8 29 26 17 9 6 20 14 10 10 22 18 7 6 4 19 19 7 16 18 30 11 11 30 22 18 13 26 0 1 3 21 5 8 0 29 20 24 8 21 17 0 19 8 14 5 16 20 11 5 4 23 24 24 3 29 30 20 19 4 16 6 4 29 1 27 24 5 11 21
10 8 30 22 13 8 6 28 10 17 14 20 22 17 27 5 7 9 18 24 14 27 4 5 29 27 2 13 1 3 12 30 23 16 5 19 7 19 18 14 9 10 27 2 0 29 18 0 9 19 5 3 27 29 10 13 2 26 16 16 13 2 16 6 1 21 9 30 22 22 6 1 10 21 26 8 26 2
16 11 6 21 19 21 26 26 16 1 18 24 16 3 5 1 23 7 12 24 9 22 13 6 25 18 7 0 7 28 16 12 22 3 1 26 11 9 28 30 11 15 17 24 6 7 20 10 2 22 17 3 11 14 4 30 23 26 20 0 16 16 28 25 9 21 3 2 13 5 15 25 17 17 4 18 2 24
25 7 4 5 1 28 28 23 28 21 0 21 10 15 14 17 4 23 15 21 23 21 27 28 13 27 10 8 14 23 29 17 22 15 6 4 11 5 15 26 24 8 26 22 22 18 6 22 18 2 27 18 3 13 11 17 17 3 16 15 30 23 9 27 28 28 15 0 7 13 10 1 20 15 5 3 27 26
21 24 20 23 26 29 20 22 22 29 21 14 9 15 19 27 21 14 28 15 16 11 13 27 17 11 3 26 23 23 11 14 19 3 10 30 0 22 25 17 27 1 19 22 23 18 14 6 16 24 19 24 26 1 23 6 28 22 18 25 23 29 8 18 5 24 25 8 13 26 2 2 28 7 2 27 5 3
13 16 13 20 17 26 3 19 29 8 24 18 6 24 3 6 9 27 20 5 23 13 26 13 4 2 14 29 29 26 3 19 18 2 25 11 19 28 23 13 19 9 0 4 0 29 16 22 29 19 17 10 3 25 5 25 1 22 13 22 12 16 29 21 2 6 14 11 0 28 24 26 17 23 14 5 18 13
4 19 22 5 29 3 11 16 0 27 1 1 28 6 14 19 7 24 25 7 14 29 4 8 11 4 5 6 10 24 6 27 5 1 7 2 13 13 5 22 3 20 29 3 12 27 28 11 5 1 24 5 7 10 10 24 25 30 1 15 18 9 3 3 24 13 22 24 4 6 18 15 14 25 5 11 7 15
