86 86
19 29 29 19 25 7 2 1 5 7 8 17 1 6 30 7 15 0 16 16 13 10 17 0 8 1 28 29 4 1 12 4 10 2 0 4 19 14 8 3 1 21 14 18 18 15 25 16 7 2 1 19 13 0 21 14 11 5 14 19 11 0 15 21 1 21 29 15 26 22 17 17 22 15 17 21 2 9 10 13 21 12 12 9 1 4
11 22 12 11 10 0 17 9 27 17 10 28 22 26 21 16 8 10 8 5 28 30 9 2 12 14 9 8 2 28 24 19 18 29 2 27 9 15 22 6 17 23 4 12 14 11 29 9 15 1 28 3 27 8 29 12 3 24 18 23 20 23 21 14 9 6 20 3 7 22 19 5 0 20 30 6 2 22 4 24 8 3 2 4 29 12
9 12 0 22 25 25 27 21 2 19 17 19 13 3 23 27 27 18 26 25 13 28 23 18 1 9 4 7 28 21 8 20 28 8 1 9 10 16 28 28 12 30 21 30 14 17 7 5 16 26 0 30 21 2 9 6 1 8 5 9 6 9 12 18 6 11 28 24 22 5 19 11 27 11 10 26 26 30 9 11 22 8 26 19 13 16
3 28 23 15 18 27 12 12 24 9 12 9 2 23 29 27 20 19 18 16 21 9 25 15 0 29 21 9 7 14 21 4 7 0 11 26 26 26 29 25 8 18 27 21 2 15 29 7 4 22 26 15 19 30 4 29 13 29 13 8 20 13 9 2 1 28 16 27 30 9 5 0 6 15 20 6 5 18 22 29 29 11 11 20 7 10
14 4 22 3 2 3 17 29 16 3 30 22 4 9 6 21 10 30 8 6 5 29 23 9 15 27 30 15 0 6 4 3 8 19 20 7 22 7 18 7 10 19 21 21 21 13 12 22 22 26 22 2 23 24 6 5 4 3 10 12 6 20 8 9 15 2 25 23 21 20 12 22 0 19 6 20 2 29 28 15 26 10 9 26 23 12
29 4 2 14 13 6 6 19 17 16 19 24 20 19 12 9 12 2 21 24 19 19 28 24 2 22 5 8 28 30 28 0 7 0 5 7 26 27 6 14 2 3 30 27 17 18 13 18 12 28 0 14 16 24 16 21 13 19 0 23 25 23 20 29 14 8 11 18 5 4 30 8 12 29 20 11 26 5 17 2 25 7 25 22 3 17
6 29 23 8 6 27 10 29 12 9 1 12 20 25 9 3 2 22 26 21 14 26 7 13 10 16 5 4 4 10 21 12 19 11 29 24 8 21 0 30 24 9 22 17 18 3 9 10 28 22 16 25 2 5 3 8 11 30 11 8 15 23 12 18 7 14 16 30 29 28 10 26 22 17 9 9 8 7 4 17 28 16 10 15 6 27
12 28 4 28 26 24 22 7 20 20 1 27 22 21 12 19 17 11 21 14 24 0 26 27 24 17 13 21 23 18 5 14 23 6 12 7 19 22 27 30 11 29 14 8 0 4 15 2 22 2 14 13 28 9 23 3 25 22 21 16 3 4 19 11 23 10 6 10 15 0 5 18 30 19 16 28 25 5 2 5 3 28 4 24 19 29
5 20 16 12 19 8 10 10 18 10 1 3 17 14 4 21 27 15 16 0 14 29 10 27 29 30 20 29 15 24 20 5 23 13 27 9 28 14 7 13 11 9 21 26 14 17 27 20 7 29 3 17 22 22 10 12 21 29 3 25 23 28 2 30 9 1 17 6 18 3 16 8 4 6 26 2 30 28 9 2 29 2 28 11 30 2
2 9 30 3 24 12 5 18 22 28 12 2 14 16 15 24 12 18 29 28 29 26 0 13 7 14 20 11 12 9 28 18 3 23 22 17 16 7 26 23 13 12 3 20 10 14 21 2 17 8 30 26 16 18 25 25 28 14 28 30 28 3 5 29 23 25 20 17 7 5 23 22 2 24 29 16 30 5 13 6 8 9 0 26 0 13
7 27 30 2 0 22 11 14 20 16 21 22 8 12 4 22 9 9 1 22 30 18 21 20 15 28 3 6 16 21 29 19 26 11 1 6 14 14 20 30 6 27 2 9 9 1 7 2 15 20 22 16 12 14 9 13 25 19 3 14 4 23 25 18 11 30 29 22 3 25 24 19 4 18 20 26 18 10 19 16 10 11 27 22 0 0
22 14 1 15 25 29 14 22 11 22 7 1 20 15 10 5 27 15 0 19 29 4 29 15 28 9 11 1 17 9 10 16 22 23 18 7 23 3 6 26 7 26 5 17 5 20 21 30 28 23 19 1 5 0 12 16 14 3 11 3 0 13 6 18 1 18 6 14 16 13 12 17 23 20 5 2 12 5 24 15 3 23 5 24 14 29
24 20 13 15 9 8 3 12 5 17 19 14 18 5 1 24 6 29 18 9 14 11 11 20 30 8 30 26 13 4 3 2 5 27 14 28 22 16 2 14 28 10 14 19 8 0 22 22 7 20 18 20 1 28 27 25 22 17 27 26 13 23 0 9 8 2 14 20 4 9 27 30 15 28 10 13 20 23 11 16 4 17 19 3 25 30
26 18 30 29 16 10 5 23 5 19 15 25 6 28 20 27 15 13 25 23 24 1 29 19 29 28 12 15 10 10 6 10 25 15 30 10 27 25 17 11 4 0 24 27 1 10 29 13 16 1 21 11 18 29 25 8 30 2 0 23 8 29 22 13 13 27 18 2 2 8 23 16 19 4 4 21 25 22 28 22 8 0 3 0 28 15
25 13 13 5 26 29 26 20 26 21 7 10 28 2 27 18 1 1 29 19 23 6 28 26 13 3 1 19 30 2 6 23 7 30 5 21 4 0 21 30 24 13 4 9 29 18 28 22 8 27 20 29 9 24 11 25 27 30 8 6 29 22 7 14 29 20 13 18 9 10 9 16 8 17 12 30 20 6 2 15 22 27 14 29 11 0
28 0 30 19 23 2 29 1 13 17 2 3 24 6 30 0 23 20 23 25 4 21 22 8 9 23 8 23 1 12 28 15 18 0 29 27 14 30 18 25 18 14 2 13 19 8 15 10 19 27 29 24 1 15 8 10 8 8 15 24 10 6 8 6 1 30 4 16 4 10 25 27 15 4 20 19 29 1 28 22 30 27 22 4 5 29
15 12 14 26 19 29 13 12 22 18 6 25 24 21 24 6 13 23 11 14 12 27 29 6 1 16 0 29 16 9 24 21 0 13 23 29 21 21 26 0 16 27 8 1 4 25 10 5 11 14 17 17 27 14 22 4 15 16 21 28 26 28 27 23 5 0 30 15 18 1 1 14 4 20 20 10 11 27 25 25 13 3 2 10 2 23
22 10 25 19 6 25 22 0 19 6 14 5 18 27 13 20 6 9 30 27 27 16 7 29 18 26 22 23 11 27 26 7 3 24 8 0 7 5 30 27 1 5 18 7 27 13 7 28 24 28 6 13 20 14 20 12 30 24 28 28 27 19 26 23 10 8 30 22 12 24 21 30 29 5 25 18 8 2 3 30 25 26 14 13 19 0
10 15 17 16 15 29 6 16 1 14 8 23 25 17 22 5 30 23 29 15 27 17 5 8 10 17 30 23 16 7 4 19 25 15 14 25 2 18 18 23 20 21 11 5 16 30 14 19 15 23 21 11 29 29 20 13 13 0 16 14 30 9 5 12 23 7 27 21 10 14 17 7 3 1 2 0 23 14 0 8 24 9 20 9 1 5
19 4 7 29 12 5 24 16 30 19 11 9 14 6 26 13 9 12 26 10 21 26 3 7 14 0 20 15 13 25 6 1 2 24 5 19 12 18 28 17 4 7 10 26 9 4 24 15 3 30 10 17 22 3 4 8 4 23 4 18 1 20 24 19 4 17 20 29 17 8 25 25 12 10 15 22 23 16 9 26 17 13 6 16 1 30
14 0 20 17 11 0 6 2 2 3 14 1 11 6 4 19 25 8 30 24 10 28 19 30 8 11 16 24 5 14 19 28 23 19 9 11 30 28 8 18 27 19 8 12 28 0 0 11 25 28 13 0 9 6 19 28 28 2 4 17 28 27 20 17 22 23 28 2 25 6 22 6 25 3 15 6 24 11 21 28 22 29 10 3 20 10
9 5 2 4 6 20 25 5 14 26 28 3 0 27 30 17 17 8 14 23 10 7 13 22 8 27 11 29 21 6 27 0 24 22 6 0 12 14 29 30 16 24 20 28 30 14 19 16 28 15 19 18 3 19 27 21 28 14 9 15 29 23 5 8 21 26 4 10 28 6 19 18 3 16 0 17 20 14 7 19 25 11 3 7 9 25
12 19 27 3 27 25 23 26 24 6 14 14 8 14 30 25 7 2 6 18 25 24 15 7 2 10 4 9 23 30 20 1 29 16 3 11 4 23 23 1 18 27 28 14 10 20 20 20 22 6 1 1 0 29 1 22 23 4 8 4 21 3 20 27 13 10 11 17 3 2 19 23 23 0 26 18 24 23 29 25 3 12 12 4 26 16
16 0 0 26 10 16 30 7 24 6 23 7 9 11 11 0 12 1 3 3 27 11 1 17 26 22 19 6 15 20 24 3 26 7 20 30 7 0 19 6 19 26 4 2 1 6 0 22 18 4 15 19 16 23 26 0 0 14 29 9 7 25 10 1 15 27 0 6 4 23 14 13 10 16 22 18 24 15 4 14 9 0 23 14 25 18
22 0 7 10 30 21 13 19 23 5 4 17 3 18 24 9 21 30 2 25 12 14 3 3 21 15 14 14 11 2 2 4 2 28 18 29 18 9 13 2 28 9 4 1 13 6 2 2 4 8 23 19 18 24 19 12 25 20 14 5 28 0 3 9 23 23 11 9 0 10 5 28 21 7 22 3 8 5 7 3 19 23 30 5 10 15
27 28 20 0 6 12 20 21 12 3 8 5 8 22 14 29 17 30 29 29 4 26 27 23 14 9 2 30 22 15 29 21 26 28 12 22 27 17 9 14 27 17 11 9 13 22 3 12 22 19 30 7 7 12 19 13 25 28 24 11 29 29 24 21 23 18 1 18 23 3 7 10 24 16 20 18 7 25 26 5 24 13 20 15 23 4
30 5 9 17 11 23 16 2 24 29 15 15 16 0 5 26 16 17 14 8 23 2 27 16 7 26 9 1 15 2 3 1 6 24 13 24 11 2 27 0 26 24 7 2 14 0 16 9 30 11 4 2 28 15 11 9 27 3 0 24 4 14 1 26 16 9 15 13 26 29 13 11 9 11 22 14 3 4 12 20 16 7 24 12 7 7
6 2 10 6 25 20 18 20 26 26 4 9 3 18 27 20 25 27 13 0 21 27 5 2 25 25 16 23 29 13 4 12 7 24 24 30 0 20 15 1 21 19 14 3 25 30 0 14 20 8 21 14 8 30 5 22 12 12 30 14 15 6 12 26 25 9 29 9 1 28 6 4 2 16 17 25 14 29 11 14 26 3 1 13 0 2
23 24 30 3 23 19 15 9 6 29 27 25 29 11 25 7 1 2 15 11 9 20 17 2 25 1 18 26 6 17 18 6 21 15 18 11 17 13 13 25 17 1 18 15 12 28 30 11 29 6 14 23 12 16 16 6 22 10 10 25 13 1 25 8 24 2 30 6 16 11 28 15 15 27 26 0 20 9 2 26 28 16 5 25 1 6
11 5 25 23 8 10 2 28 30 20 12 7 6 7 12 9 0 28 14 29 15 1 0 8 19 26 2 6 22 29 7 22 7 5 24 8 2 26 9 4 24 9 3 5 8 29 25 14 9 5 28 27 7 14 12 30 23 28 18 26 15 12 19 22 22 29 18 2 9 28 11 22 12 23 12 8 3 14 10 2 2 27 5 17 9 26
23 13 18 27 25 23 25 5 4 13 4 1 24 16 8 18 16 10 15 3 22 17 1 14 25 8 23 24 11 25 25 27 0 3 8 23 13 22 24 24 15 24 26 1 23 13 21 18 4 0 22 3 22 16 9 2 25 8 16 20 21 6 1 6 27 2 24 0 10 18 21 19 4 25 17 16 10 18 18 28 7 21 27 29 14 12
1 1 22 14 19 19 3 14 8 11 26 9 18 4 3 20 20 5 11 14 7 12 6 6 13 20 23 9 28 10 18 28 20 15 13 11 2 24 22 12 7 21 14 19 29 2 28 7 27 20 26 26 17 23 2 12 4 5 8 13 26 15 16 21 3 9 28 4 14 7 7 3 19 8 30 13 14 5 11 25 22 1 10 6 8 4
30 19 21 26 8 5 30 0 20 15 25 23 9 14 13 27 14 15 15 10 1 7 21 14 16 6 0 16 19 21 8 7 11 30 10 19 4 3 29 3 17 12 27 27 21 4 12 11 23 13 13 27 1 27 30 29 0 18 8 21 6 30 10 22 20 5 8 3 10 25 6 9 14 14 21 14 24 16 3 19 25 10 17 11 0 12
20 25 19 24 26 24 23 23 9 24 8 19 19 21 29 15 8 26 4 28 9 26 2 9 25 13 9 30 5 10 9 22 22 24 10 3 20 28 14 17 24 7 2 12 27 20 0 24 1 26 1 2 20 10 25 26 12 10 19 5 22 30 23 24 0 29 3 11 27 28 8 24 9 13 19 5 18 27 30 22 13 30 10 1 17 21
0 12 8 24 4 8 6 7 0 8 29 22 13 20 23 5 28 0 2 4 21 5 27 9 26 23 19 5 23 28 17 29 4 7 19 14 3 17 21 23 24 27 17 15 25 9 27 7 16 6 7 23 18 23 15 6 17 28 5 4 9 26 12 3 11 13 1 8 26 9 23 16 17 17 2 24 4 13 2 26 30 1 23 17 27 20
17 8 22 20 17 24 28 14 4 5 20 27 5 25 3 23 26 1 28 11 22 6 28 0 24 20 6 11 12 23 18 4 10 4 25 15 23 30 30 11 25 11 9 19 27 14 8 26 14 1 28 27 8 12 18 0 20 27 15 29 30 18 7 30 14 5 2 12 30 21 26 25 28 3 23 15 15 26 22 10 7 23 5 14 0 1
6 27 15 17 8 2 8 9 26 8 12 3 13 18 27 9 9 6 6 2 2 12 10 16 21 2 26 16 6 16 5 11 7 0 25 18 6 9 25 22 4 29 13 21 14 8 30 8 17 6 28 20 26 4 5 28 14 15 16 26 8 21 20 22 30 17 25 13 3 10 19 12 22 21 7 18 23 14 22 4 15 24 8 2 10 19
1 13 9 27 30 24 30 3 30 20 5 29 7 5 3 19 20 7 21 24 11 2 21 9 13 12 27 11 24 15 7 20 7 12 4 22 23 19 9 22 18 13 27 12 22 29 11 4 18 8 22 19 29 29 1 14 5 24 20 25 16 0 3 19 8 2 6 30 29 5 21 14 14 15 20 21 28 13 16 11 30 2 4 13 22 9
12 11 23 17 0 30 25 18 29 5 7 26 30 1 1 28 11 26 16 7 18 24 25 7 26 5 28 20 2 6 18 0 15 21 14 12 10 26 15 27 20 11 20 30 18 17 23 18 25 30 25 13 2 2 8 11 16 27 22 16 30 16 1 4 8 19 6 18 24 4 28 8 16 16 4 16 19 27 13 12 7 23 23 27 12 2
18 12 5 1 10 9 11 4 22 30 7 30 8 6 19 16 19 21 12 11 21 24 30 13 25 10 20 0 8 9 8 19 10 18 6 5 28 28 13 30 18 15 28 17 28 10 11 27 19 9 21 17 21 13 30 19 29 26 15 6 5 9 21 2 28 12 13 2 3 5 9 10 30 22 28 17 28 7 5 24 28 15 17 7 11 20
12 16 18 28 24 5 1 23 9 7 9 25 13 24 18 0 19 22 24 0 6 5 6 22 17 21 11 19 3 30 11 22 6 4 21 24 2 5 12 20 8 6 6 22 25 29 29 4 27 7 17 15 6 26 24 9 4 29 29 14 27 25 15 21 12 14 4 14 15 26 20 21 2 7 25 20 19 19 25 11 24 11 1 0 14 18
24 17 12 22 13 29 8 13 0 20 10 21 30 27 14 13 30 23 3 15 24 11 20 22 0 13 12 17 18 27 17 30 7 1 26 6 10 26 23 19 28 6 3 2 7 21 8 27 27 9 3 17 30 6 9 29 15 14 26 13 19 14 22 0 16 8 25 22 30 9 19 24 11 23 17 13 18 25 16 2 20 17 15 25 4 26
7 17 4 8 27 12 3 28 0 21 8 14 28 22 28 27 25 9 14 13 9 19 21 19 24 4 17 23 8 22 11 9 19 3 16 5 6 8 4 3 7 30 1 22 6 30 10 9 0 3 7 19 20 11 5 17 18 25 5 4 2 30 6 15 21 8 6 0 18 3 5 9 24 20 28 3 9 20 27 15 14 8 30 9 29 14
23 11 14 22 14 11 7 23 4 2 11 17 10 23 9 26 22 15 16 17 29 23 30 0 6 5 30 24 27 28 0 21 20 3 27 3 7 22 29 20 13 8 26 27 16 5 24 3 3 7 10 16 11 27 15 8 26 4 2 20 16 3 27 11 1 9 8 11 6 26 24 18 13 11 20 30 11 25 14 14 11 21 19 9 26 1
6 5 3 16 11 0 10 6 0 15 13 17 21 27 22 7 9 5 30 20 29 21 11 26 26 15 26 28 3 25 1 20 9 7 23 19 22 8 25 7 15 19 10 8 13 22 18 13 14 20 30 2 14 22 29 12 0 16 13 24 9 17 24 13 24 6 19 14 27 21 1 15 20 0 7 7 16 9 23 18 13 10 14 22 11 12
30 11 24 30 25 19 7 30 11 6 19 26 12 25 11 6 2 24 20 26 14 19 7 4 11 8 2 17 12 24 29 29 16 19 29 5 1 3 5 24 7 20 16 11 14 4 16 18 25 17 26 1 18 3 9 23 1 25 10 15 23 11 27 23 1 21 1 10 21 30 11 7 3 22 24 10 12 24 16 18 8 14 12 2 3 11
25 27 22 2 25 28 21 6 7 18 7 17 28 13 17 29 7 14 25 14 8 13 11 3 22 6 13 26 28 25 30 6 13 27 1 28 29 0 15 7 1 25 7 10 18 18 30 15 4 29 8 1 25 1 18 16 7 6 6 14 10 20 22 12 25 13 12 16 26 1 20 22 27 16 18 30 22 29 8 20 2 19 26 26 13 14
3 18 25 3 28 18 21 17 6 17 21 4 15 21 1 27 19 6 18 29 5 13 0 19 11 2 8 11 29 22 5 27 20 30 10 10 14 17 17 13 4 1 19 13 10 15 10 12 17 13 13 4 30 2 17 27 19 18 3 23 16 9 24 0 19 8 13 4 5 12 9 28 21 26 4 5 25 13 16 17 16 20 10 14 9 1
10 29 16 13 20 0 9 17 6 11 17 27 16 14 18 20 14 19 13 6 30 3 2 18 16 22 1 4 12 2 17 17 29 11 9 23 7 25 0 0 3 0 29 16 9 11 30 0 27 28 18 7 5 28 5 30 27 6 1 7 6 18 25 23 10 11 30 17 28 11 18 9 12 30 5 28 17 3 0 2 1 3 28 20 9 13
24 8 20 12 28 22 23 6 14 9 30 9 0 16 21 4 15 23 26 10 8 4 23 3 2 17 2 12 16 4 22 7 30 10 18 13 6 10 25 4 4 28 15 4 22 12 30 25 7 30 9 28 7 26 23 14 14 18 0 6 17 14 21 6 16 18 3 15 10 10 19 27 0 9 14 28 9 1 18 25 0 24 28 17 30 29
20 10 25 19 19 19 30 6 7 27 15 11 6 5 28 21 21 27 7 20 20 6 10 26 0 9 27 2 28 28 12 18 14 22 6 8 1 22 6 30 10 23 30 28 10 4 22 3 13 26 3 1 28 14 7 4 22 1 14 24 29 16 19 10 23 19 29 30 5 24 30 23 12 11 28 23 4 7 1 29 10 28 14 19 10 0
30 22 12 15 22 11 1 5 26 21 20 30 0 7 11 17 22 0 23 25 26 5 6 7 9 11 4 20 29 4 15 15 24 25 1 13 14 1 20 2 13 6 1 15 2 18 7 22 8 27 17 9 26 16 13 19 4 15 0 17 17 8 2 3 10 11 29 17 4 16 23 10 12 26 0 13 6 27 1 0 24 22 10 6 12 13
25 23 3 12 26 5 4 12 5 29 1 27 2 10 19 25 21 18 13 27 19 8 3 17 27 9 12 4 28 27 9 29 3 8 8 30 13 3 15 13 27 11 0 10 7 16 19 23 11 6 11 13 13 15 9 16 19 24 7 1 4 7 12 18 28 16 19 9 27 9 14 1 3 11 29 26 1 15 27 3 28 2 29 1 15 18
20 3 10 19 15 9 10 8 2 1 19 2 13 18 14 8 21 14 3 24 5 26 17 10 10 29 1 26 27 3 18 11 22 17 10 6 17 0 14 26 4 14 3 3 22 27 21 5 15 25 30 11 25 11 13 1 13 9 18 21 0 9 12 13 22 22 3 28 4 19 24 7 30 15 4 1 7 0 28 24 3 5 21 11 0 23
15 28 26 8 8 11 2 20 6 27 20 17 2 9 16 7 19 18 17 23 13 26 1 12 6 9 5 16 12 17 5 0 16 12 19 23 18 29 14 8 5 10 17 21 17 5 14 0 21 26 16 16 29 21 14 25 16 28 1 7 20 25 18 27 17 24 0 9 29 4 28 18 27 24 21 12 4 19 28 28 24 22 19 30 1 17
28 20 22 16 3 24 4 21 23 30 22 26 2 13 28 8 18 8 23 4 13 6 22 1 20 16 5 25 1 8 1 28 25 17 29 20 6 26 16 9 1 24 18 29 22 5 24 11 29 7 13 22 4 1 30 14 9 0 4 25 23 5 11 6 29 3 14 0 23 19 13 10 2 3 4 18 18 7 16 26 24 5 4 29 15 29
18 5 10 8 25 4 29 3 26 18 24 30 1 0 1 10 4 3 21 0 2 8 2 3 6 20 16 8 28 8 0 7 29 13 29 15 30 21 22 7 2 21 23 29 19 1 17 28 1 28 19 0 25 7 0 14 1 2 26 2 23 5 4 8 0 16 11 6 20 7 17 20 1 23 11 10 0 17 16 4 15 12 16 21 25 24
10 24 14 2 23 15 11 10 6 20 2 11 26 14 5 14 25 26 5 30 17 30 1 19 29 17 24 29 21 6 4 25 12 17 7 21 12 3 25 20 22 5 25 3 14 25 14 30 25 0 8 20 4 9 7 4 14 24 21 6 9 21 20 23 28 10 23 0 20 1 25 30 13 9 30 1 29 9 25 29 10 1 12 4 2 1
14 9 6 12 18 14 26 0 19 7 10 20 24 2 19 19 30 28 26 15 16 29 18 15 23 20 28 15 7 27 11 0 8 18 7 9 26 3 16 17 26 8 10 27 2 6 3 17 24 27 1 1 12 24 3 9 21 20 8 22 7 21 5 2 20 17 8 12 24 18 26 6 20 15 21 21 16 4 13 7 13 25 6 12 18 30
4 21 12 9 29 22 23 4 11 26 10 23 24 11 25 30 2 2 29 14 23 9 13 13 26 22 10 18 13 4 7 14 23 30 30 1 27 10 9 4 12 2 20 23 16 27 23 17 24 24 28 12 17 18 17 26 0 3 23 1 25 2 4 14 24 1 8 1 3 1 27 6 11 19 15 26 4 30 16 22 30 6 2 19 0 19
26 23 23 1 28 20 17 12 20 24 4 27 7 2 25 6 24 0 30 25 3 3 29 4 2 30 29 15 7 26 4 22 15 15 9 29 26 14 21 25 20 11 11 21 24 5 9 13 3 30 2 5 10 4 23 11 9 4 28 11 6 0 18 15 22 0 24 25 30 30 29 6 2 19 7 18 28 6 7 25 30 2 21 5 20 10
21 15 2 5 8 1 6 19 17 17 18 17 30 15 7 24 15 9 16 2 17 15 15 20 25 27 22 21 14 29 4 25 16 6 21 26 18 21 16 20 16 28 29 3 12 8 19 18 29 24 3 28 7 23 5 4 6 23 13 0 12 22 1 25 23 1 16 8 15 29 7 19 10 23 14 21 30 11 6 12 8 8 13 12 12 7
18 28 17 8 23 10 23 7 12 1 12 20 18 10 12 26 23 23 2 6 7 12 10 15 22 6 28 9 16 15 25 25 0 1 28 18 28 3 22 8 20 19 9 25 24 13 7 27 25 24 8 19 20 6 26 26 1 12 14 27 22 24 28 4 25 2 30 14 21 12 5 2 9 16 13 18 26 22 3 20 4 29 12 11 7 26
2 14 10 7 2 8 22 7 9 14 26 0 24 17 29 12 2 19 21 18 13 8 18 4 21 1 27 29 13 9 24 19 28 13 13 25 9 20 30 16 27 20 16 20 3 24 12 30 17 16 16 13 21 9 5 24 3 2 23 14 22 7 7 23 6 29 9 17 0 10 22 23 22 20 23 13 7 26 19 14 29 29 28 5 10 3
24 30 2 11 24 17 21 19 30 27 28 30 26 20 1 9 12 9 13 28 17 16 2 17 2 4 4 27 6 23 17 1 20 10 20 23 22 20 18 22 14 1 18 17 7 10 19 16 15 0 22 12 24 21 10 7 24 20 16 12 16 11 30 2 2 26 4 22 7 22 7 0 22 27 9 19 8 12 15 6 8 5 24 29 16 17
13 24 22 25 18 0 26 19 4 14 22 24 17 26 22 1 4 12 10 0 11 14 27 21 11 30 2 9 25 8 25 20 1 5 12 16 19 21 11 18 26 22 19 16 26 4 6 24 21 26 1 20 21 20 21 26 29 22 8 12 6 29 19 26 14 25 15 24 19 23 5 19 20 3 4 13 22 1 5 22 3 22 13 11 23 0
16 21 28 22 4 25 15 16 22 1 19 3 20 13 15 29 13 25 24 19 16 22 8 14 24 16 12 26 14 13 17 17 4 4 6 18 18 0 8 20 28 18 28 9 12 11 30 0 19 26 9 7 27 22 20 10 3 29 6 3 10 25 26 23 5 3 8 5 29 14 12 5 22 14 15 15 27 22 1 1 1 25 25 23 17 13
3 4 14 6 3 15 18 11 4 12 28 21 13 9 23 22 29 11 28 6 14 15 20 1 6 27 8 28 6 18 19 23 2 22 10 26 30 8 16 23 16 8 5 14 11 17 25 20 2 0 22 2 15 18 0 22 24 24 26 17 3 15 22 28 23 8 19 12 27 24 25 2 23 10 5 5 4 4 17 8 5 3 28 25 22 14
30 30 27 21 6 21 11 2 4 28 28 9 25 22 15 18 2 16 20 3 11 11 11 14 24 24 19 17 8 6 9 17 7 26 4 13 15 18 7 23 7 8 14 30 22 27 11 26 30 14 9 0 30 12 29 0 23 20 20 7 27 15 8 2 25 15 3 28 16 19 29 25 15 12 11 18 15 21 26 21 19 14 12 28 16 11
11 9 3 18 6 8 7 20 25 20 0 29 5 13 12 26 0 26 7 10 4 23 16 17 22 20 4 19 14 16 16 6 18 0 16 17 25 12 3 9 12 11 30 14 8 30 20 16 15 22 18 28 4 18 20 10 12 10 17 8 14 0 18 28 10 23 23 16 25 26 20 5 5 22 8 29 20 29 6 18 10 20 18 2 15 7
8 25 30 1 10 20 13 11 6 9 14 0 18 5 30 9 10 24 1 6 16 4 21 4 23 9 20 30 30 16 5 14 18 11 5 20 21 4 26 20 9 2 28 22 24 0 16 23 15 27 29 8 17 4 30 19 13 5 30 22 9 29 2 4 30 18 22 23 30 9 0 28 17 12 12 16 0 27 12 30 11 10 10 28 13 25
3 2 13 21 26 11 6 27 17 16 21 11 28 14 25 6 6 26 6 24 18 8 22 16 30 29 16 6 29 26 12 28 19 29 29 11 22 22 3 9 6 5 27 25 13 27 9 29 21 0 23 7 8 24 21 28 21 7 3 11 19 6 30 9 28 21 19 29 30 3 10 2 8 27 2 2 16 25 25 21 16 0 21 1 8 19
18 11 22 13 6 12 1 13 30 12 20 17 15 21 7 26 23 10 14 22 16 25 19 22 7 10 29 12 16 1 1 11 4 4 0 19 28 3 10 12 16 25 25 2 20 21 28 12 26 4 0 25 19 4 1 11 11 24 19 11 28 30 29 15 16 5 11 15 9 11 21 23 30 5 27 1 18 27 26 16 9 1 27 9 10 14
0 3 20 29 16 15 2 6 18 9 9 28 30 5 18 18 4 27 12 24 0 13 15 25 9 7 4 11 24 6 21 30 15 17 8 21 22 9 8 12 26 7 9 9 13 14 19 4 23 25 27 9 14 30 2 28 23 25 1 28 23 9 30 11 29 17 10 15 12 6 26 30 2 21 14 11 10 24 3 12 18 3 19 11 25 11
15 6 9 25 0 20 5 29 24 5 1 30 28 27 2 26 16 24 12 26 23 17 0 23 27 10 5 16 11 20 25 18 18 5 26 6 19 25 14 5 14 6 7 27 6 13 13 21 7 12 17 0 11 17 2 10 19 10 24 4 22 18 15 30 30 0 18 19 4 5 28 14 8 16 9 8 6 22 29 22 5 29 24 9 26 1
1 23 30 30 25 26 15 30 18 22 22 22 29 19 16 14 13 25 5 9 0 15 18 6 21 17 5 30 3 2 28 21 23 7 16 21 15 13 10 28 9 18 16 27 18 28 24 11 30 9 11 0 15 22 9 19 6 27 17 20 10 11 15 10 23 16 10 30 28 10 6 20 19 11 0 2 17 14 2 4 6 0 15 27 4 19
10 7 16 27 4 28 19 20 25 22 2 14 25 12 12 20 9 21 12 20 19 23 10 19 8 17 30 5 25 23 7 11 5 10 0 18 8 3 0 21 12 18 3 21 15 2 21 24 17 1 12 19 3 25 19 20 30 9 5 2 11 22 18 20 27 7 17 22 8 1 20 6 21 5 0 5 29 17 17 29 6 4 30 8 16 9
23 14 15 13 9 7 21 10 23 15 10 5 13 14 6 10 26 17 7 4 6 14 2 24 19 12 3 1 28 30 21 15 19 24 7 28 10 10 25 19 20 12 29 9 12 9 12 8 24 7 2 11 20 7 5 25 25 4 30 4 23 24 16 25 20 15 4 18 4 7 13 1 5 1 1 9 5 9 4 13 29 27 24 16 22 5
1 16 5 28 28 4 23 2 7 8 4 8 2 28 12 6 9 17 0 10 13 28 15 30 18 27 27 29 22 4 7 20 29 13 24 15 15 13 21 21 29 30 1 16 19 8 20 26 21 1 9 30 16 7 16 20 28 12 24 23 9 26 6 12 2 7 18 16 1 6 6 24 2 13 2 26 19 21 22 21 10 30 6 10 8 15
22 21 16 6 26 10 5 30 10 0 17 2 14 5 9 26 16 20 18 29 21 11 27 24 8 8 22 27 19 5 3 13 29 14 5 8 19 15 23 16 21 21 4 24 3 24 30 14 11 9 26 0 4 20 21 16 30 3 21 25 19 24 22 13 8 15 0 27 24 9 20 0 12 8 29 2 14 11 25 13 23 2 12 2 18 4
30 25 11 29 10 20 1 24 30 1 23 25 9 4 1 4 6 8 28 2 28 11 22 14 30 9 23 5 17 8 18 30 15 28 27 17 23 13 7 10 2 1 0 0 23 24 12 1 2 3 9 25 20 3 29 18 7 8 5 23 23 2 0 11 11 26 28 17 11 24 18 29 25 16 6 5 28 15 2 0 15 9 30 1 16 25
29 29 5 29 14 26 14 28 1 7 24 9 10 12 18 1 0 25 28 20 6 0 28 19 24 28 28 7 2 26 13 0 29 12 19 4 5 26 28 7 20 12 17 7 16 19 5 9 17 27 25 30 29 5 17 17 24 15 30 16 11 22 14 1 19 5 30 0 0 23 19 21 13 0 17 4 9 5 27 3 10 25 12 30 14 1
26 1 9 29 24 19 15 13 7 23 5 7 24 0 8 27 9 6 30 26 4 26 7 23 14 0 12 12 30 13 28 30 28 28 0 19 21 28 10 27 1 10 6 19 12 25 15 3 9 12 20 3 3 22 16 12 9 7 29 12 28 23 21 19 7 4 24 13 29 20 26 20 17 15 9 5 15 14 21 15 15 11 28 24 24 26
27 2 27 29 1 1 10 18 22 19 6 5 1 29 25 5 1 26 9 16 17 15 0 7 16 29 21 28 13 18 30 5 16 20 14 13 4 29 6 10 22 20 10 22 25 14 24 15 1 30 30 28 14 3 27 20 2 1 9 17 10 12 5 24 1 2 18 7 14 4 3 12 3 24 13 13 8 26 21 15 22 2 27 0 2 0
22 6 3 20 20 13 27 28 17 3 16 18 28 4 1 26 8 17 9 16 19 26 18 0 27 14 4 20 0 9 10 14 21 6 25 22 6 13 8 17 3 9 18 6 18 2 13 2 8 23 4 25 24 8 6 24 4 11 4 10 22 18 12 30 12 21 30 3 4 18 8 0 20 4 24 1 2 19 29 26 8 3 24 16 16 26
1 1 10 27 13 28 27 23 29 10 1 5 24 1 30 15 21 27 18 25 30 25 25 26 17 0 13 17 26 27 8 30 28 4 15 29 26 18 15 20 10 24 6 15 26 21 24 9 19 11 20 13 7 27 18 1 11 21 16 16 27 9 3 7 19 0 17 17 15 19 21 1 23 1 25 20 24 14 17 15 16 1 1 7 4 29
