94 94
1 17 29 0 10 10 1 27 14 30 12 21 11 6 18 0 21 2 11 11 6 15 7 22 1 27 18 19 15 5 15 29 3 27 6 11 5 19 19 22 7 28 14 9 30 26 15 14 8 2 7 24 29 12 6 29 23 25 3 22 26 8 23 5 16 23 26 12 19 7 30 25 24 19 8 21 0 19 18 10 22 3 8 22 6 21 26 3 23 19 15 18 30 11
0 30 17 27 13 0 16 30 7 26 19 8 13 20 13 30 10 22 20 10 17 23 16 17 12 3 8 9 0 26 21 17 24 9 22 8 22 29 28 17 18 3 29 7 16 19 18 2 5 8 27 27 27 1 24 25 6 3 13 11 10 18 21 30 17 9 26 23 16 25 22 7 15 0 1 24 23 13 25 12 13 18 16 0 27 18 6 12 13 25 27 9 24 30
0 15 27 12 6 2 23 4 18 23 4 7 24 8 8 21 1 6 11 16 16 2 19 21 16 6 25 30 2 23 11 2 18 1 0 24 29 30 23 6 27 1 13 9 15 29 1 2 15 0 29 17 13 24 30 1 5 9 20 19 13 20 3 30 22 25 16 21 6 5 2 25 27 21 18 5 16 24 8 8 6 28 22 21 2 26 14 17 12 18 26 15 22 7
28 3 21 7 0 25 25 20 8 21 26 2 16 26 20 23 27 0 30 8 14 19 30 1 18 10 5 20 15 8 13 5 1 11 14 17 9 9 25 29 11 1 27 24 12 23 22 1 20 8 14 17 29 10 4 2 24 22 11 25 16 19 4 5 11 22 3 25 18 7 9 11 13 10 16 28 13 2 11 16 14 26 18 1 21 15 15 2 28 25 19 3 26 19
2 12 2 10 25 18 29 19 11 16 11 10 23 16 12 2 18 11 9 25 23 28 6 27 18 4 26 5 28 2 11 3 17 4 1 16 2 20 0 13 8 27 16 23 7 27 27 11 20 27 23 9 17 10 16 5 23 2 21 15 9 11 23 22 3 9 3 13 16 25 11 23 24 11 24 9 6 21 9 1 8 6 30 14 1 3 20 1 12 24 7 3 11 0
4 28 10 16 28 2 22 2 12 0 5 12 5 14 0 23 14 10 6 20 29 20 26 0 19 27 26 25 21 3 14 4 6 5 26 10 26 20 12 23 3 14 29 27 19 23 18 2 16 28 21 26 12 12 9 20 7 13 16 17 9 4 22 18 2 19 2 2 22 16 4 24 28 7 27 29 2 9 28 18 12 13 12 20 5 5 11 30 15 11 30 0 8 21
27 13 18 8 29 16 15 3 11 8 11 0 9 21 30 1 2 22 15 11 21 15 9 23 7 22 6 2 25 19 10 21 17 5 4 18 23 29 21 16 24 22 25 21 18 10 14 17 5 29 14 11 18 11 23 30 17 5 6 12 6 23 15 23 1 14 10 13 16 25 25 22 8 4 4 20 13 13 14 19 5 23 7 8 6 5 27 14 25 24 16 9 21 6
3 13 23 20 20 5 18 12 21 6 21 1 16 12 8 18 29 14 9 30 12 21 4 20 4 1 0 22 24 16 4 27 22 5 6 26 5 1 24 5 12 6 29 5 8 10 8 14 21 11 9 7 22 10 1 25 23 10 13 2 5 14 27 25 13 24 7 29 30 17 7 17 21 25 12 5 24 8 25 7 11 0 22 7 27 15 9 6 22 22 17 3 25 16
15 25 30 23 3 23 17 3 21 18 12 2 24 24 17 19 5 30 26 5 26 26 9 19 21 16 21 20 26 7 26 10 28 15 25 12 17 16 24 12 17 2 13 14 20 12 25 11 3 20 7 4 5 22 20 9 27 29 7 7 28 17 8 17 2 2 17 0 27 0 15 30 8 10 19 13 7 25 22 20 21 28 9 0 27 21 6 27 1 20 16 5 18 17
26 3 3 2 30 14 28 20 16 24 8 4 29 11 18 8 26 4 3 19 30 1 29 21 4 3 30 20 9 13 13 0 17 19 13 18 24 7 21 6 14 22 9 29 19 2 27 15 4 15 6 11 13 6 6 7 2 17 28 2 7 16 20 8 23 2 24 14 13 29 28 21 10 3 17 5 23 9 14 6 1 14 29 11 25 2 30 10 4 5 20 9 19 24
17 12 15 27 3 11 28 24 0 13 29 11 17 25 15 6 14 14 3 8 22 27 29 3 16 0 14 12 0 21 24 6 10 16 26 20 24 17 25 13 13 29 18 9 25 7 11 14 1 12 22 26 18 28 5 2 12 23 23 14 0 17 28 23 9 30 24 27 25 21 2 28 14 18 17 22 20 9 28 28 7 18 0 20 30 17 10 14 7 11 14 13 6 15
6 19 17 7 12 25 27 30 5 27 29 29 8 10 5 3 7 5 7 14 30 27 30 9 0 25 17 15 4 4 19 10 1 23 8 4 9 3 14 3 15 8 13 17 25 9 26 13 19 10 21 0 18 24 3 0 15 3 0 3 9 3 25 24 10 21 26 19 14 9 6 6 16 28 14 1 18 5 9 4 0 13 21 15 26 26 21 28 29 2 18 29 4 8
8 29 24 20 21 19 23 12 2 23 11 28 24 8 9 17 13 7 14 3 19 22 23 21 24 5 13 21 20 27 5 14 2 29 23 14 27 26 19 26 25 12 29 28 13 3 18 30 23 25 7 24 18 0 4 21 6 29 29 11 2 0 1 25 3 29 17 1 23 10 18 3 14 27 9 15 10 6 19 28 13 7 9 9 8 26 13 9 29 29 5 16 14 30
7 18 4 12 30 20 0 23 21 6 30 28 11 11 23 0 5 19 4 9 13 29 30 28 26 7 3 16 26 21 28 22 10 10 7 6 20 28 14 27 16 26 5 15 26 8 16 14 11 25 10 15 22 14 14 16 11 18 23 11 4 30 10 5 20 16 6 22 17 14 14 25 9 16 23 11 0 4 22 13 18 1 5 25 27 0 5 4 16 21 13 12 19 10
23 9 23 28 9 8 14 11 0 18 15 8 5 9 24 27 24 15 20 16 12 13 21 2 14 18 13 2 15 23 1 8 29 16 21 8 5 23 27 2 23 23 27 21 20 17 28 6 9 6 4 15 9 19 16 0 29 27 12 11 15 30 16 27 1 27 10 16 0 7 20 16 13 3 30 15 30 9 21 1 11 2 23 9 16 15 5 4 23 28 14 28 3 3
11 4 25 2 0 9 24 17 4 23 3 18 8 16 16 22 14 3 22 9 4 27 17 27 23 3 22 15 21 1 11 6 19 24 28 11 20 19 20 24 4 30 22 17 30 27 25 17 13 8 16 28 10 27 11 5 12 27 22 9 28 0 20 17 0 0 9 6 15 2 18 0 6 16 10 27 10 12 22 16 15 15 7 6 15 30 28 28 22 8 30 10 3 28
9 25 15 29 9 17 30 5 14 18 20 26 2 4 29 18 5 23 19 1 25 13 0 20 21 18 27 28 3 19 26 8 15 12 20 3 0 25 7 8 21 3 30 2 10 18 17 19 2 2 10 5 23 8 15 6 22 20 13 30 18 23 5 15 21 1 10 2 1 4 19 3 23 4 5 28 20 22 24 3 20 14 15 14 15 5 25 28 28 14 5 22 1 29
15 13 5 17 19 9 5 12 0 29 26 23 17 30 28 5 23 3 7 21 0 24 26 20 9 1 7 8 27 10 21 24 26 17 24 29 17 5 7 17 18 7 3 24 25 19 4 3 15 13 20 2 20 3 17 1 7 21 2 18 28 4 1 7 2 26 24 14 18 0 20 30 8 11 25 11 26 14 24 0 8 26 9 5 9 3 18 24 26 10 18 17 26 23
11 25 29 1 1 10 3 5 8 22 0 17 30 19 18 7 3 10 29 24 6 22 22 20 24 20 13 6 4 25 24 22 13 9 16 6 4 1 3 29 20 7 23 9 7 9 28 7 25 17 25 18 1 12 12 20 24 2 0 4 17 27 27 23 26 29 7 15 12 10 0 30 10 12 25 28 0 3 27 21 7 19 28 16 0 25 3 2 3 11 22 2 24 15
11 16 1 16 14 22 30 14 22 30 11 24 23 14 8 23 8 18 9 10 29 16 16 19 20 12 16 28 19 5 11 30 13 21 0 28 25 11 20 3 9 19 20 3 6 14 10 27 28 25 5 14 29 21 15 11 4 9 19 22 15 21 29 29 29 28 16 16 4 6 8 12 10 30 11 15 21 16 27 8 8 21 24 0 16 8 27 16 5 17 25 26 13 17
13 29 10 29 23 8 19 29 26 10 6 5 14 10 13 10 14 3 24 22 12 25 22 5 18 30 16 7 29 0 27 10 20 11 16 7 5 26 16 7 18 2 24 19 13 17 29 2 9 9 19 12 15 1 0 20 19 28 2 4 6 28 29 9 14 24 10 6 30 22 21 25 23 16 30 18 19 29 10 21 28 21 22 26 11 30 30 2 10 12 11 22 10 15
27 12 8 15 21 15 15 13 1 15 13 6 16 0 13 28 14 21 24 5 28 25 2 26 24 12 21 6 30 9 22 19 23 16 13 16 27 5 15 18 10 29 8 18 20 21 0 7 19 26 25 24 4 2 13 8 25 3 20 0 0 29 27 6 4 26 9 9 19 10 9 4 12 0 9 20 26 29 28 27 3 7 21 28 13 17 30 29 7 15 21 19 22 22
7 13 5 17 28 22 13 0 25 17 7 14 14 15 14 9 11 14 5 15 14 25 27 20 11 13 11 16 5 1 17 17 25 20 14 21 17 2 10 30 6 0 21 20 26 24 11 16 2 18 10 27 2 22 19 24 27 0 0 5 24 29 16 15 24 17 13 28 24 1 11 6 10 22 8 6 6 22 24 15 11 17 21 13 2 0 7 24 7 22 14 2 12 19
23 27 7 10 15 27 21 24 23 10 14 24 16 0 26 27 4 30 10 2 7 17 23 10 10 23 21 14 14 5 10 11 17 23 18 11 7 2 16 0 10 15 16 7 18 27 27 30 27 24 15 26 14 6 20 18 20 27 11 10 7 23 9 2 13 3 5 15 17 6 17 13 2 5 27 7 9 14 9 0 30 23 6 25 7 2 2 23 7 28 9 27 10 24
14 7 13 0 9 9 2 22 18 8 28 14 28 9 9 28 9 9 18 7 23 12 25 5 22 21 12 24 2 25 2 11 2 22 24 9 9 14 1 26 8 30 28 15 21 18 9 19 28 20 24 10 25 7 15 30 20 30 9 3 25 14 1 23 4 19 10 25 28 26 10 8 27 24 0 10 16 6 2 14 17 6 5 27 28 25 16 1 30 17 17 13 19 3
8 10 3 1 10 7 0 29 15 23 5 3 14 9 26 21 13 30 0 13 20 12 24 21 23 22 16 7 14 13 1 21 0 19 23 6 20 24 4 25 26 3 15 23 20 5 19 10 17 9 3 19 8 17 0 2 22 28 12 16 13 3 30 20 20 16 2 4 13 15 0 26 25 30 25 30 10 2 3 23 20 12 15 13 12 0 3 4 30 18 27 19 13 9
17 22 17 16 7 30 22 29 24 19 23 25 17 19 19 10 28 19 7 25 19 9 20 27 16 2 11 1 9 30 2 12 6 9 27 21 28 6 4 0 24 12 29 30 20 4 18 15 18 14 17 9 22 19 10 20 22 0 24 14 22 8 25 17 6 5 9 29 8 11 8 11 12 28 15 3 1 4 23 20 4 19 6 21 15 11 20 0 23 6 5 5 21 15
4 23 16 21 27 14 6 3 6 14 29 24 10 18 13 8 9 30 28 25 25 17 4 23 5 12 25 19 20 14 0 11 16 20 3 12 27 10 26 5 20 29 29 16 16 30 28 2 22 2 9 8 29 5 4 4 8 28 23 23 7 27 26 18 29 21 13 24 5 7 24 25 9 25 22 25 1 23 1 21 23 11 4 0 2 2 5 3 7 5 1 28 8 4
2 1 23 9 6 18 27 17 18 5 15 7 24 18 1 22 14 7 29 7 24 3 13 29 20 23 23 24 2 8 27 15 18 5 4 2 6 0 30 10 12 16 10 18 25 13 27 21 13 20 27 18 26 2 21 17 15 16 27 0 12 10 0 4 6 4 22 14 23 26 28 30 15 14 6 7 4 1 18 7 21 24 11 12 5 25 25 19 28 12 23 9 9 20
13 7 30 27 5 30 7 13 27 2 11 15 16 21 15 29 1 1 25 16 25 26 27 15 0 27 12 1 8 13 30 13 24 6 14 6 29 27 3 3 25 17 16 23 28 10 12 28 28 20 11 9 30 30 16 11 30 17 5 20 11 2 2 29 30 19 9 18 24 14 2 20 0 17 14 25 9 11 7 5 14 20 8 24 23 21 28 5 8 28 27 27 29 3
8 24 11 29 23 5 17 4 12 6 15 22 25 7 0 0 2 20 5 15 21 5 27 13 14 8 28 25 8 8 25 19 2 18 2 27 24 1 20 28 2 3 2 17 5 4 17 29 19 1 6 17 30 18 1 27 11 8 14 0 17 0 25 13 18 28 28 24 8 9 5 25 21 29 11 19 11 23 24 21 19 22 25 12 1 2 2 15 30 13 25 15 7 26
17 14 29 25 5 21 25 3 10 13 21 7 9 13 7 28 0 26 3 9 10 12 7 1 16 12 27 25 10 17 3 10 9 21 20 25 16 4 23 6 4 11 7 5 10 30 6 3 21 22 15 25 11 7 29 14 27 14 17 6 17 26 28 16 8 23 18 7 6 3 4 24 21 24 23 23 6 24 19 6 21 19 18 14 23 21 21 13 14 7 3 27 29 17
10 19 25 13 30 15 6 7 9 21 22 1 11 25 25 4 12 9 26 0 24 3 21 4 23 29 3 0 18 15 11 0 24 0 9 28 27 9 26 19 13 7 0 12 1 19 2 18 1 0 12 14 9 14 17 11 6 15 28 0 18 17 14 15 28 9 17 23 13 24 9 2 28 10 16 7 23 1 2 1 19 21 0 29 5 15 13 20 20 19 23 6 7 23
23 26 9 15 0 1 8 3 15 10 0 15 8 5 28 2 18 13 0 2 18 2 8 28 15 20 20 11 28 13 15 14 25 15 11 3 16 9 13 23 11 30 19 6 14 9 23 7 25 27 18 7 6 24 7 8 28 11 2 4 22 28 28 10 8 26 14 14 12 24 23 19 2 27 16 6 8 3 11 10 13 19 11 26 10 28 10 21 18 5 26 0 22 5
13 1 0 27 25 11 4 9 24 16 25 5 1 14 10 20 12 0 5 2 7 26 1 14 4 23 26 8 26 2 21 26 8 7 5 18 16 16 19 23 3 5 9 20 9 3 8 20 5 3 28 28 15 27 16 22 7 15 9 29 10 29 30 7 12 6 15 15 25 25 24 26 3 0 11 10 14 16 29 28 6 4 8 14 8 4 22 22 16 12 7 20 22 19
30 30 21 15 14 26 30 10 19 13 20 2 16 14 10 18 22 5 15 14 15 22 28 26 1 19 19 25 4 2 28 20 23 1 28 15 7 19 19 7 0 27 20 16 24 19 1 20 3 22 10 28 24 6 3 24 8 4 26 22 11 19 2 28 8 22 1 18 12 8 2 3 29 2 2 22 27 20 9 2 1 28 7 10 18 13 24 0 6 11 29 2 12 9
21 19 26 30 29 11 23 11 19 7 0 11 25 19 0 30 30 28 9 11 10 16 5 14 22 19 11 1 23 14 25 16 16 8 5 13 5 30 7 3 8 30 27 26 26 6 14 17 30 20 30 6 28 28 13 0 8 11 24 8 4 27 30 28 20 22 10 14 13 9 4 8 1 3 18 22 24 12 21 14 11 23 6 22 24 23 28 30 2 27 15 7 27 28
20 22 23 12 29 26 8 4 16 28 9 27 16 10 0 26 15 4 10 16 23 21 25 15 15 21 26 21 12 26 11 28 11 14 16 7 16 13 14 2 8 2 0 3 16 13 23 28 24 12 11 29 20 13 9 12 12 19 21 23 3 25 4 23 10 9 5 29 23 2 15 10 29 7 23 9 5 19 9 12 14 29 28 14 13 7 1 11 8 6 17 10 28 22
15 3 8 9 13 12 21 19 26 2 17 28 24 21 30 16 13 29 4 16 20 16 24 11 25 7 12 27 23 18 11 10 19 24 29 19 12 26 0 24 13 4 0 11 26 6 21 13 18 21 11 13 29 14 15 10 2 14 6 23 7 20 20 17 29 27 3 21 15 0 23 23 20 10 4 13 20 26 21 5 19 0 9 15 5 30 8 7 7 28 6 24 11 5
28 22 2 4 19 3 10 28 19 27 12 20 24 0 16 6 30 15 21 7 13 3 2 10 27 15 16 8 16 5 1 28 11 4 20 30 26 16 9 12 6 19 17 12 1 4 5 3 23 28 29 27 24 14 16 30 5 1 8 29 10 26 8 4 21 28 14 30 14 21 18 7 9 28 24 2 21 12 4 26 30 9 25 12 14 23 8 24 12 7 11 19 4 15
17 15 19 27 26 27 24 7 7 30 19 17 25 17 16 21 10 5 20 14 29 3 18 29 4 30 11 24 22 15 26 11 24 15 16 20 6 21 28 16 18 23 0 3 1 13 30 9 15 28 26 22 14 29 8 19 8 16 2 17 1 29 7 18 3 4 28 26 20 15 12 4 16 15 6 21 20 10 13 1 14 10 29 6 9 1 9 5 18 13 28 18 1 14
25 1 26 13 0 16 4 4 26 30 13 25 1 17 0 13 16 12 18 13 14 22 24 19 9 8 20 10 3 3 3 4 9 22 21 7 11 27 13 6 29 23 17 27 6 26 16 16 5 7 10 2 23 9 21 24 24 29 24 22 16 28 25 20 14 11 28 12 28 4 21 29 14 16 20 24 11 25 19 6 24 27 2 6 10 19 8 30 18 8 4 10 27 4
16 11 22 12 21 2 29 18 21 17 8 20 12 20 0 15 16 21 7 0 2 9 23 14 18 16 13 8 19 0 16 17 1 11 30 17 20 3 11 13 30 18 29 2 27 30 13 16 10 26 2 5 20 27 27 16 8 0 28 26 3 15 29 5 19 25 10 20 18 15 26 23 8 3 21 6 10 4 27 17 10 13 7 21 13 11 12 0 23 18 10 12 8 13
19 8 4 5 11 13 25 16 1 2 1 5 7 15 27 13 12 23 5 24 6 15 1 10 18 30 16 2 13 17 25 28 26 15 26 10 20 19 7 17 17 16 14 8 19 9 24 22 18 17 9 18 26 1 20 18 7 27 15 30 9 12 25 15 0 30 28 6 30 5 14 10 7 16 12 27 1 0 2 12 14 19 28 8 14 12 4 29 25 29 9 23 9 26
27 28 20 15 13 3 18 15 4 5 10 11 19 21 1 14 23 20 3 25 3 23 23 8 1 29 29 25 9 23 1 8 8 11 28 27 24 27 10 13 29 4 22 11 30 19 29 18 18 1 18 25 16 14 20 3 16 4 10 24 24 7 21 28 18 30 22 9 18 19 18 0 3 18 26 14 29 8 19 11 4 28 30 17 26 21 1 23 28 10 5 19 7 1
17 24 27 0 17 7 22 14 13 8 21 28 22 22 23 5 20 28 27 30 12 17 14 29 27 12 9 2 10 4 7 8 17 13 10 29 23 23 15 9 20 0 8 13 5 29 5 28 16 30 28 8 8 9 18 27 29 22 2 21 16 23 4 13 20 14 2 4 8 20 19 5 27 7 26 6 6 30 7 4 6 9 20 16 21 11 7 20 2 19 0 0 23 23
23 28 3 26 8 13 14 13 19 0 8 21 21 18 3 21 0 22 22 23 23 14 15 18 18 0 26 15 4 3 11 27 21 12 21 27 17 13 22 0 24 30 22 2 29 21 6 26 7 21 21 16 5 19 8 9 1 10 30 19 21 28 25 7 2 0 25 5 21 15 0 11 28 10 7 9 20 15 17 16 30 26 16 13 10 7 19 6 19 26 13 19 29 13
0 17 15 3 19 21 2 3 1 10 11 26 27 27 10 15 5 6 27 15 18 18 29 27 2 7 5 28 8 13 17 26 22 30 18 3 3 1 29 3 5 18 26 17 12 28 4 26 21 17 13 25 3 9 3 25 21 2 13 26 28 4 19 27 15 8 28 9 5 22 28 15 7 25 23 27 9 5 30 2 6 22 25 24 25 12 2 3 7 12 5 7 27 15
12 11 3 22 4 27 8 24 24 24 15 14 4 21 25 1 30 14 22 27 3 29 7 1 2 21 9 12 8 17 7 27 21 8 15 21 18 21 24 24 26 4 27 0 29 5 0 21 20 23 0 30 13 27 14 24 16 21 17 21 1 3 8 0 23 11 19 0 0 27 28 30 16 26 30 20 10 25 4 25 11 11 24 26 1 24 26 10 29 12 28 13 30 8
1 5 22 13 24 8 21 23 26 25 2 29 10 4 18 2 3 23 4 9 21 3 8 2 28 24 3 22 27 8 11 1 9 10 8 16 29 23 0 10 30 0 13 10 26 16 24 14 0 23 2 2 18 30 1 26 28 9 22 3 28 8 11 0 0 16 22 6 26 23 27 21 0 24 30 15 21 3 3 21 18 11 9 22 20 0 20 11 4 8 27 22 11 15
18 26 12 7 2 19 23 11 1 5 15 20 5 3 0 20 8 16 27 29 12 4 4 20 26 17 23 5 6 27 1 2 24 15 12 3 27 20 4 5 9 20 13 11 24 10 15 18 16 13 2 8 27 2 22 0 9 21 29 25 15 2 18 25 24 12 24 30 21 3 25 13 10 15 16 2 3 23 2 17 8 5 15 17 3 12 24 21 4 16 29 14 20 4
9 7 3 6 22 15 19 16 11 10 24 5 28 18 12 18 9 6 16 15 16 5 9 11 11 19 0 25 0 17 9 3 9 28 0 6 0 7 6 17 23 30 17 28 20 12 28 11 5 18 11 14 14 22 9 24 22 17 13 12 10 24 7 12 29 4 5 27 4 12 26 9 22 19 11 12 11 19 12 12 15 17 12 25 18 13 7 7 14 4 7 19 19 5
30 13 28 4 7 9 10 0 23 29 8 20 26 18 10 23 6 13 4 3 5 5 14 22 10 17 23 1 18 30 26 12 13 6 30 0 7 1 23 19 18 26 5 6 9 27 25 2 5 30 24 10 17 8 17 21 18 12 3 16 20 22 1 21 2 9 12 4 26 5 29 27 6 5 19 15 7 3 9 29 17 28 9 25 10 27 8 22 25 12 12 16 28 20
19 0 19 6 18 26 12 13 23 22 23 5 1 14 18 7 15 0 27 25 30 4 10 26 8 27 1 11 21 30 19 23 20 10 11 20 25 18 16 21 6 30 11 30 14 8 27 16 17 22 7 4 1 20 2 29 4 8 3 6 27 14 13 22 25 18 8 29 21 6 24 8 25 25 26 23 24 30 15 8 2 20 12 24 9 0 3 13 9 14 17 2 26 2
15 26 18 23 3 28 5 19 15 21 4 17 15 3 17 23 5 27 24 5 25 6 25 13 9 30 6 4 25 13 9 20 6 7 23 6 17 0 22 29 24 12 24 16 30 27 18 18 9 28 0 8 23 5 23 2 3 30 0 16 27 17 11 9 24 7 7 26 23 30 29 17 25 16 17 28 0 17 15 7 28 29 12 13 16 18 5 0 16 21 14 0 29 19
8 27 6 10 23 14 4 8 8 14 20 10 0 12 15 18 28 14 21 25 11 27 19 28 11 19 20 21 25 12 29 8 9 17 20 2 6 21 8 12 21 27 11 4 3 19 19 30 1 10 27 15 27 11 22 28 15 1 6 26 19 30 22 14 19 1 29 18 1 28 14 16 4 10 20 8 10 27 19 5 6 16 3 22 16 18 11 25 29 5 23 5 6 10
24 0 15 28 0 22 17 30 10 21 4 10 30 23 15 19 23 15 30 4 17 25 7 15 26 19 21 15 22 30 11 21 11 20 13 29 20 5 21 25 16 11 13 25 17 6 4 5 2 16 1 14 27 5 23 3 21 20 18 17 10 3 16 14 19 12 16 27 25 19 8 30 18 8 0 20 9 7 8 29 3 13 23 14 27 22 7 10 4 29 29 22 12 22
2 15 13 17 9 26 26 28 9 29 17 0 29 18 24 13 11 7 2 25 27 4 8 5 4 16 6 26 14 10 0 30 2 26 23 2 3 23 9 10 17 8 25 27 17 28 19 13 1 11 3 9 21 23 12 16 16 3 0 27 2 20 29 5 4 27 4 13 20 15 25 13 6 15 8 24 10 10 19 18 22 17 25 17 5 12 9 13 27 17 3 11 9 29
6 10 0 25 6 24 24 14 28 10 23 15 25 29 1 25 5 25 14 4 22 2 13 9 24 17 15 4 13 6 6 1 12 11 28 8 13 12 19 3 24 20 11 12 9 14 7 8 7 26 28 15 14 19 5 28 2 27 13 4 10 10 20 1 7 28 8 27 19 10 20 13 30 11 5 6 6 29 12 14 25 1 30 12 17 22 1 21 24 19 29 16 0 7
18 21 12 6 0 7 3 8 27 8 26 6 12 10 26 3 26 21 5 14 19 11 13 15 11 27 23 26 23 30 9 10 14 28 29 25 22 29 18 8 16 6 22 15 29 25 3 3 16 5 27 5 5 16 25 12 26 25 20 5 19 20 26 10 17 5 16 25 17 8 3 22 28 17 24 16 14 26 10 14 4 1 7 14 2 20 27 5 30 26 30 14 17 26
9 28 4 1 4 1 6 9 29 13 25 23 8 25 9 6 8 10 21 18 18 28 1 9 27 15 25 17 1 26 0 0 22 16 10 19 14 25 3 6 19 8 7 23 0 13 19 21 3 1 0 27 13 30 25 17 27 9 13 26 8 23 14 6 13 19 0 21 15 8 30 9 26 24 12 19 20 19 25 21 0 0 13 3 4 9 8 26 28 15 15 20 24 27
27 30 3 3 14 2 17 19 7 25 5 1 1 17 9 25 23 3 2 14 14 9 10 11 13 6 26 15 6 7 9 11 30 10 0 21 10 24 29 0 12 7 15 18 13 19 12 20 20 1 7 5 4 14 15 1 19 2 16 23 3 26 24 29 1 26 24 9 8 29 16 20 0 24 18 14 9 26 5 18 14 21 26 23 8 3 7 25 11 16 23 29 6 6
20 20 1 1 16 11 5 15 20 18 16 24 0 1 27 15 20 14 24 18 12 25 0 25 24 17 1 12 15 15 12 14 3 15 23 13 17 3 24 21 18 2 21 9 8 21 17 4 20 22 27 3 11 7 22 29 12 16 17 13 20 10 8 5 26 8 4 22 5 4 25 18 15 27 16 29 22 12 5 10 23 27 26 18 6 24 9 22 23 18 0 10 23 14
24 1 11 25 17 25 0 12 16 29 9 3 12 30 21 30 12 5 26 8 30 4 18 10 17 8 4 29 15 25 23 0 29 26 7 23 1 6 8 28 19 30 0 7 2 5 16 17 28 16 7 24 2 13 29 2 5 17 5 21 6 15 23 23 14 15 7 2 15 17 17 23 27 12 2 26 17 23 4 7 19 8 24 7 5 23 12 13 6 28 22 4 7 28
22 13 15 12 29 1 28 9 22 22 5 14 3 23 8 26 3 13 14 28 10 25 3 8 7 2 12 5 5 5 28 5 21 23 18 30 11 18 29 16 28 21 14 8 17 10 20 27 20 22 20 6 0 14 22 21 15 10 23 5 15 16 23 17 30 13 15 11 8 22 20 14 13 28 25 3 29 13 30 29 24 16 21 27 9 23 21 3 30 6 26 24 4 23
14 22 18 10 21 26 25 18 10 17 0 0 20 18 7 6 7 7 11 11 5 24 15 24 23 5 17 14 5 24 2 22 5 23 9 5 26 24 0 16 12 15 30 13 2 9 14 29 26 6 24 17 2 22 22 9 14 4 22 27 2 23 24 2 28 6 23 8 3 16 11 3 5 10 29 1 30 6 10 24 12 9 14 19 13 27 13 17 27 0 14 14 24 23
15 14 6 2 16 23 17 26 8 15 20 19 27 13 7 27 17 7 3 17 17 13 10 13 6 4 4 24 9 27 30 27 19 22 7 16 25 27 6 27 30 2 10 17 26 29 4 6 28 7 14 9 27 23 9 14 27 27 29 5 0 3 19 3 14 8 10 14 13 19 4 14 25 26 22 24 5 1 19 27 23 8 17 8 24 4 24 25 5 15 4 19 8 23
27 18 0 7 8 26 11 23 29 24 14 4 4 11 26 5 23 12 15 21 7 4 3 18 18 19 2 30 16 3 12 5 29 0 25 13 20 4 24 26 20 10 14 13 9 0 17 24 28 19 0 4 10 4 29 25 29 29 30 0 15 30 12 3 29 26 1 16 11 12 16 4 20 18 19 28 5 25 23 30 17 27 25 11 17 20 9 17 1 19 3 12 14 13
29 4 2 9 0 17 2 28 17 14 15 8 22 12 4 22 14 25 25 5 19 30 12 14 12 1 20 22 9 17 23 6 24 30 21 22 5 7 9 23 4 23 21 20 28 6 1 18 29 24 15 21 8 26 26 11 27 20 4 6 15 22 13 6 5 16 6 10 11 4 3 23 17 11 16 29 11 26 4 27 21 2 13 2 14 1 22 22 20 5 18 6 18 16
30 18 0 13 18 6 9 12 27 7 16 18 19 4 24 21 27 26 21 8 21 19 8 14 6 3 21 6 11 27 16 1 26 0 19 20 15 5 9 3 4 20 19 2 0 19 2 26 25 2 30 29 3 7 25 13 16 14 12 6 1 13 21 21 26 14 24 6 7 21 30 1 0 8 20 8 3 8 28 15 8 13 16 10 30 18 22 16 17 11 25 19 29 24
23 29 2 27 14 10 0 21 13 3 19 21 26 16 14 8 25 10 18 13 24 15 8 7 20 10 19 23 5 6 2 29 18 6 26 19 25 2 25 7 17 12 23 16 11 18 2 6 17 29 3 8 9 6 2 20 3 10 16 5 8 20 2 29 29 14 11 11 5 28 7 11 15 7 10 23 12 10 11 13 2 14 14 22 8 7 18 0 29 13 0 20 27 27
14 11 22 18 9 30 2 0 17 11 22 20 22 26 15 21 12 25 13 26 23 20 14 30 3 20 14 4 13 24 9 24 22 2 19 18 18 17 16 11 9 12 10 29 20 16 6 27 6 4 18 17 11 18 0 25 9 2 8 14 24 9 17 28 23 25 2 27 9 3 1 8 5 5 3 1 8 30 27 19 1 10 30 19 3 17 3 9 3 25 13 24 6 22
13 6 3 3 6 8 21 12 6 19 1 25 1 20 0 3 27 30 17 8 16 21 16 21 23 27 25 24 3 17 0 28 7 10 7 15 25 19 11 21 23 21 13 12 14 12 15 23 29 23 30 15 15 19 28 3 20 16 26 4 2 10 9 12 8 1 1 0 7 17 2 21 19 0 26 21 27 10 14 2 12 30 7 26 14 24 8 8 24 3 9 16 29 28
24 14 24 26 3 22 1 23 6 26 12 20 7 11 24 24 22 2 10 26 30 17 15 14 21 27 15 8 18 15 17 25 26 18 21 28 15 8 13 9 7 8 26 25 16 15 16 9 1 5 18 17 29 1 21 29 18 3 2 8 27 3 11 17 7 4 0 3 19 8 11 11 15 3 27 9 13 27 21 28 23 11 0 24 21 2 20 13 9 6 7 9 5 4
8 14 29 1 12 23 18 18 0 11 15 0 20 16 10 11 26 5 27 5 30 2 8 25 6 30 24 16 10 30 17 1 10 29 20 24 16 20 15 27 28 6 10 25 6 11 24 18 28 17 0 25 9 18 3 14 14 12 10 17 28 3 23 22 5 12 7 19 3 26 16 2 19 24 8 30 7 22 22 15 11 11 24 19 6 23 23 18 1 8 15 4 19 28
18 3 18 24 14 2 5 30 23 9 28 22 30 19 1 6 6 14 11 11 8 27 15 27 21 13 30 12 9 30 0 25 6 17 27 20 18 24 1 4 14 27 18 6 30 2 0 19 21 11 22 18 14 14 10 5 9 21 5 21 10 20 16 11 5 5 21 21 24 29 25 13 26 16 18 28 15 28 27 15 25 1 16 4 29 28 19 3 23 14 18 7 14 3
30 9 29 15 29 22 14 24 26 6 14 24 24 17 0 25 1 21 24 8 16 5 1 30 2 13 8 19 20 22 12 7 13 24 19 10 2 4 18 13 20 22 12 14 17 1 4 22 20 4 21 22 28 19 30 13 6 20 6 28 13 24 17 26 23 15 16 11 27 5 9 4 6 29 18 1 29 28 30 24 8 12 2 0 10 26 25 29 6 0 15 0 13 9
6 3 12 10 10 11 2 9 17 10 20 26 26 7 17 11 14 8 23 16 2 17 13 15 6 24 29 5 19 28 27 2 23 0 1 12 27 8 26 25 15 26 4 15 26 24 11 2 13 0 23 9 9 24 12 6 11 28 1 22 13 22 13 22 15 2 10 24 25 27 9 30 5 17 15 25 11 0 3 30 2 11 9 9 8 24 5 28 28 28 24 6 15 16
27 14 28 9 9 15 22 30 15 23 5 29 3 29 29 14 25 4 11 16 19 16 19 16 16 0 3 4 18 28 27 17 22 14 14 8 0 20 27 2 22 3 28 2 18 8 11 26 27 26 27 11 9 13 26 10 21 16 14 21 29 7 22 17 29 2 27 8 2 28 13 9 19 28 10 1 30 4 12 5 14 20 6 1 7 12 16 18 26 0 26 30 16 13
14 28 7 5 6 6 3 7 9 22 21 22 27 0 10 3 12 4 8 7 24 0 15 6 17 18 18 14 30 20 19 6 16 29 11 17 27 17 18 8 0 17 29 5 3 29 17 29 15 4 1 0 20 28 22 5 3 1 4 27 14 6 6 21 29 6 30 7 17 27 11 23 17 23 16 20 16 20 8 21 12 6 29 11 16 10 11 19 22 26 15 15 18 25
20 17 19 21 4 6 14 5 6 1 11 11 29 8 6 1 0 10 12 17 27 12 27 11 5 10 29 10 12 29 30 14 14 5 1 27 12 25 30 25 2 30 1 5 30 15 27 12 13 11 12 13 25 18 28 7 3 1 1 21 7 3 4 17 10 13 0 20 4 11 11 2 26 28 2 12 24 11 4 26 10 7 3 12 22 19 15 23 23 16 15 8 19 30
11 10 11 8 29 21 14 8 17 0 2 24 0 11 3 23 2 4 29 13 2 27 16 1 17 25 11 2 19 10 27 5 5 26 16 16 10 8 6 19 3 23 8 3 10 4 5 22 12 11 15 21 5 22 26 5 21 0 15 5 3 13 22 27 8 1 4 19 27 17 3 25 2 0 22 27 13 8 29 19 20 22 12 10 25 15 26 8 2 8 26 30 7 12
12 26 27 0 6 17 2 28 19 11 13 12 8 1 12 28 29 14 6 10 18 24 3 9 0 18 2 27 27 16 19 23 11 17 14 25 25 28 11 8 30 0 15 24 14 6 9 25 29 0 11 2 15 29 9 28 5 8 1 10 12 11 20 5 29 11 15 0 16 7 1 17 13 0 13 1 1 23 8 23 29 4 6 23 2 10 25 4 14 0 0 5 28 19
29 22 16 14 13 4 4 20 5 24 3 14 8 19 10 23 3 3 8 27 2 6 22 19 24 24 10 16 24 4 15 27 26 10 22 27 2 14 20 28 14 12 8 8 7 2 20 24 27 18 13 5 16 11 8 7 23 16 2 14 9 14 26 25 5 6 2 13 13 21 23 7 0 22 28 18 16 16 7 6 12 21 6 24 1 28 26 3 28 1 12 25 5 23
26 12 5 4 27 27 24 30 14 18 18 11 21 1 25 0 6 14 23 13 21 24 19 23 16 22 17 9 12 28 4 0 16 3 22 13 2 15 18 1 8 26 8 26 8 12 5 13 9 15 5 23 8 2 11 30 5 19 11 11 26 23 13 4 16 2 13 6 26 17 4 25 3 0 7 5 16 7 23 10 7 14 7 26 17 25 10 7 1 22 30 17 18 22
5 22 3 0 15 6 10 30 12 11 10 0 13 28 12 25 2 4 9 4 27 20 30 20 10 16 4 16 19 0 5 26 19 11 23 26 24 0 24 7 28 26 28 12 27 19 10 6 29 19 19 14 8 16 4 27 16 9 26 0 28 14 26 29 6 1 21 9 27 17 1 8 24 28 23 15 7 18 2 23 2 27 20 27 14 17 28 27 29 18 27 24 11 0
19 25 19 21 13 16 24 4 17 24 29 16 23 15 9 5 2 1 4 3 2 30 1 16 0 3 7 30 16 27 14 25 13 25 10 22 21 10 4 0 7 26 7 13 4 15 11 1 9 8 11 16 17 1 1 4 4 23 0 5 7 9 20 15 10 0 28 20 12 20 10 20 29 23 30 21 24 22 11 9 30 17 10 8 12 10 18 21 21 4 21 26 4 14
1 5 15 10 14 1 5 19 0 30 30 29 1 15 4 8 5 30 13 9 7 29 1 14 20 11 5 16 5 6 24 3 6 19 17 12 14 26 6 2 9 8 11 13 11 26 24 7 11 28 15 10 11 14 28 27 5 16 8 14 12 3 4 1 9 22 28 11 3 1 0 11 9 23 1 24 9 30 27 24 22 12 25 14 27 9 21 11 15 29 17 26 21 20
11 27 14 24 30 29 2 30 0 24 2 4 3 14 21 4 16 2 5 11 23 3 24 22 21 27 30 12 14 15 26 18 5 25 11 5 26 28 11 17 29 13 19 12 8 15 22 2 0 13 11 3 14 10 29 5 29 19 4 17 21 10 21 21 22 30 22 9 17 8 28 7 4 6 29 10 18 3 4 14 6 2 1 22 9 29 25 1 1 16 2 6 1 10
12 0 22 12 18 22 30 21 28 3 10 4 5 25 22 28 22 14 12 1 19 14 21 0 16 11 15 27 4 22 26 28 20 23 30 26 27 2 13 30 23 10 11 8 12 12 23 24 30 22 30 2 25 0 9 9 15 3 20 30 23 24 23 15 5 26 13 16 24 11 25 16 27 12 7 6 21 30 13 10 3 19 5 1 2 26 24 23 2 19 2 26 10 7
28 30 19 18 19 25 14 25 28 20 4 29 23 9 3 16 3 9 15 9 26 28 8 11 30 23 7 2 21 19 27 18 22 22 30 5 23 28 20 13 30 0 10 21 20 15 27 26 14 27 20 2 20 29 24 8 8 25 8 12 11 20 30 14 21 12 7 14 1 0 3 19 18 30 26 18 14 26 18 18 4 5 18 2 20 5 16 22 29 27 28 6 4 20
27 8 9 27 21 5 4 11 7 7 7 26 14 15 5 21 17 11 10 5 8 27 5 27 24 30 1 0 28 18 7 16 27 20 4 9 20 14 6 24 1 14 5 10 22 5 24 8 25 15 5 12 16 11 21 14 8 22 14 19 29 13 16 27 18 11 6 5 6 12 28 25 18 4 9 7 20 18 30 0 9 7 12 28 28 26 17 7 14 30 2 30 27 23
29 29 22 3 29 26 28 6 28 23 1 8 8 6 11 3 21 12 4 21 27 13 15 11 3 4 0 11 12 1 8 23 24 20 28 16 4 16 4 25 2 23 7 20 25 26 25 17 17 5 2 0 28 10 11 27 22 0 22 12 3 26 22 8 20 1 0 7 15 4 7 25 23 29 18 22 10 27 18 6 20 21 27 13 7 21 6 24 6 28 16 18 14 23
2 30 24 20 6 26 6 12 28 7 28 27 3 4 21 13 16 24 18 30 27 5 22 5 0 8 29 20 21 3 9 2 24 22 22 1 15 21 24 22 5 3 27 24 25 7 10 24 8 8 30 27 23 19 11 8 30 24 20 26 2 14 24 14 18 20 11 22 29 0 13 25 25 2 13 19 1 18 18 25 10 1 0 29 4 17 27 22 27 25 15 9 7 29
