16 16
1 0 0 0 0 0 0 0 0 0 0 0 0 0 0 0
0 30 0 0 0 0 0 0 0 0 0 0 0 0 0 0
0 0 22 0 0 0 0 0 0 0 0 0 0 0 0 0
0 0 0 3 0 0 0 0 0 0 0 0 0 0 0 0
0 0 0 0 3 0 0 0 0 0 0 0 0 0 0 0
0 0 0 0 0 13 0 0 0 0 0 0 0 0 0 0
0 0 0 0 0 0 8 0 0 0 0 0 0 0 0 0
0 0 0 0 0 0 0 21 0 0 0 0 0 0 0 0
0 0 0 0 0 0 0 0 29 0 0 0 0 0 0 0
0 0 0 0 0 0 0 0 0 12 0 0 0 0 0 0
0 0 0 0 0 0 0 0 0 0 24 0 0 0 0 0
0 0 0 0 0 0 0 0 0 0 0 15 0 0 0 0
0 0 0 0 0 0 0 0 0 0 0 0 30 0 0 0
0 0 0 0 0 0 0 0 0 0 0 0 0 8 0 0
0 0 0 0 0 0 0 0 0 0 0 0 0 0 19 0
0 0 0 0 0 0 0 0 0 0 0 0 0 0 0 20
