100 100
9 14 30 10 24 1 10 26 8 16 28 11 11 30 8 19 3 24 9 29 17 8 20 9 27 9 28 27 4 22 7 15 16 24 29 15 28 17 5 20 5 27 16 24 21 6 22 8 11 12 15 12 4 11 29 21 30 24 13 29 6 27 0 8 9 26 6 18 24 24 11 17 5 11 20 26 18 16 24 6 9 30 8 27 17 5 12 6 7 5 13 14 16 18 3 29 7 4 4 16
29 24 16 5 1 23 14 29 28 30 30 5 17 7 30 22 17 25 22 5 11 16 20 29 28 1 7 7 5 15 23 14 29 15 30 17 8 26 1 25 5 2 28 2 27 16 7 15 19 8 29 6 2 10 20 3 23 30 21 20 26 23 19 13 17 26 7 10 14 14 9 30 7 7 8 7 1 4 11 16 5 25 3 16 16 14 4 4 0 13 19 26 17 21 28 7 27 0 21 28
16 6 5 3 14 0 26 3 30 5 10 1 22 23 24 13 10 9 20 17 14 3 3 4 28 10 10 22 30 14 28 17 25 1 3 18 29 11 17 13 22 29 17 2 23 1 16 6 9 23 14 16 29 3 26 25 7 6 26 7 5 16 16 25 28 26 22 17 15 28 15 10 29 28 5 10 14 6 26 19 3 18 12 7 14 23 26 13 28 10 4 1 23 12 17 18 12 25 8 30
6 26 8 26 21 18 9 21 2 0 9 0 18 29 18 26 19 6 10 18 7 27 9 28 3 14 26 12 4 19 22 7 18 1 27 0 5 13 19 3 18 19 6 21 23 14 21 23 12 9 1 0 20 8 9 27 28 7 7 20 14 23 27 16 2 12 18 23 19 11 27 8 20 11 16 11 1 21 19 4 5 21 5 2 29 18 6 15 19 1 23 23 28 30 11 20 15 4 16 30
25 27 13 6 8 30 6 10 6 12 2 12 22 17 10 27 1 28 4 15 12 5 24 8 6 12 22 17 18 21 28 7 30 4 25 14 13 30 9 21 17 1 22 17 11 14 29 0 19 6 24 18 26 28 20 9 23 4 14 25 5 14 13 3 29 19 17 15 28 24 17 6 18 22 26 16 18 4 25 16 24 8 8 12 9 18 12 6 3 0 7 3 0 9 16 18 22 30 6 28
10 7 25 30 27 14 4 23 19 28 8 11 25 19 22 13 13 25 8 16 15 17 28 4 12 16 14 7 4 23 17 6 6 14 27 23 28 21 14 19 8 7 8 7 0 21 6 19 15 12 0 2 25 15 20 3 14 20 22 7 16 12 3 2 5 4 18 4 21 1 4 17 23 16 22 29 22 19 7 29 29 21 10 29 20 28 11 26 12 9 13 12 12 13 5 30 7 6 29 10
29 4 2 27 19 17 5 29 5 19 25 24 27 30 9 26 9 18 13 23 8 21 21 18 13 4 3 28 14 3 10 28 4 10 16 21 14 20 13 3 6 16 11 3 5 1 24 2 3 2 17 25 8 10 24 16 2 17 3 25 27 27 0 23 17 10 9 10 9 21 9 9 29 8 8 2 8 18 13 5 7 15 5 14 21 30 2 29 13 19 30 6 16 3 22 5 17 1 12 28
12 29 8 14 9 21 17 30 0 30 17 22 0 3 13 22 29 19 25 5 19 19 29 0 15 22 12 16 15 26 29 24 0 19 5 15 0 17 25 23 25 24 21 3 19 12 13 17 13 8 25 24 19 27 19 22 4 30 5 15 1 28 12 13 11 14 22 21 24 5 29 29 10 18 10 30 5 25 29 0 10 10 1 19 12 30 14 2 10 5 4 23 30 13 21 2 7 20 7 6
26 4 3 4 29 28 16 19 6 3 6 15 5 26 9 24 15 3 29 9 28 19 16 11 1 2 18 22 20 8 21 24 27 15 21 14 6 26 15 21 13 2 5 30 14 21 30 19 26 18 7 6 17 25 2 3 18 8 18 25 15 22 13 29 30 1 18 28 21 21 20 16 26 0 17 3 24 30 16 2 23 12 8 9 18 7 29 11 16 23 4 29 17 29 19 29 8 16 21 6
4 22 3 21 1 4 19 20 27 20 13 18 27 16 9 1 30 23 6 16 9 11 22 28 24 14 3 11 20 15 28 9 18 3 29 21 12 8 12 30 1 17 21 18 26 25 25 23 11 21 30 24 20 2 19 2 6 29 12 9 8 10 12 15 11 29 30 17 1 21 4 3 29 4 30 21 25 12 23 29 3 25 15 28 23 6 10 13 12 7 15 3 19 27 19 19 19 28 14 12
26 28 11 27 28 0 16 15 7 18 30 29 22 26 23 28 30 0 13 4 21 20 13 13 20 21 0 17 18 18 13 17 4 5 11 2 5 15 6 1 4 1 7 4 28 19 26 7 19 18 3 14 10 6 21 18 23 20 8 2 9 15 21 16 0 13 5 24 7 1 2 7 14 19 30 14 22 3 24 20 15 23 26 10 1 2 18 15 12 15 5 27 17 20 23 23 23 17 9 12
6 29 25 16 19 26 20 30 4 6 17 12 29 25 4 13 5 20 3 21 24 10 21 12 6 29 25 30 28 29 13 0 21 24 6 23 22 15 26 15 4 21 10 14 16 15 10 13 9 22 11 24 7 23 25 13 19 11 6 5 9 8 7 18 21 5 29 10 13 7 14 21 22 29 17 15 7 26 7 28 8 3 10 27 6 12 17 13 0 9 10 24 1 2 11 20 4 9 19 9
27 23 12 29 27 23 3 1 27 4 11 18 16 23 12 16 14 11 6 14 15 11 24 19 26 9 0 25 23 11 5 11 29 18 9 21 4 12 7 25 28 19 14 9 12 4 19 24 13 15 7 26 8 9 9 0 23 21 5 28 7 20 5 23 24 21 28 1 7 26 24 8 2 2 17 2 18 27 3 24 8 8 4 6 10 11 15 4 4 9 15 16 23 19 14 9 6 9 25 5
29 25 19 11 7 12 21 25 8 10 7 12 30 12 5 4 13 26 8 21 15 9 4 0 1 0 28 4 4 5 10 23 29 28 27 4 0 4 2 21 6 29 13 8 29 22 21 26 17 23 1 26 2 4 6 2 0 16 19 6 21 7 30 15 25 29 27 4 6 8 21 20 15 21 15 2 25 23 7 29 15 24 0 7 5 2 0 19 0 26 21 25 10 22 28 6 13 17 29 6
16 8 3 14 18 6 2 27 10 6 3 10 22 12 17 13 11 18 4 28 27 19 0 18 0 13 24 24 22 24 23 21 25 0 7 1 1 11 13 13 7 6 1 3 5 15 30 18 14 28 18 16 8 15 20 11 4 18 30 26 30 8 7 19 26 20 15 19 12 2 6 7 22 24 23 7 13 13 8 10 16 29 13 20 5 5 30 9 7 16 27 16 7 20 5 18 4 1 10 11
6 23 29 12 28 6 15 12 0 7 17 12 26 8 11 8 12 15 4 0 1 16 29 20 18 29 9 22 4 13 7 20 27 6 9 16 25 21 27 9 10 9 0 17 13 7 26 9 4 16 20 23 30 6 26 20 24 25 6 22 14 17 16 3 28 29 27 3 6 0 1 23 0 7 12 28 28 30 21 5 9 9 22 6 30 27 26 10 25 8 9 17 5 26 15 15 27 20 15 7
15 0 11 29 26 27 13 11 8 5 7 29 20 9 22 12 7 12 0 13 7 8 5 22 27 26 21 27 27 10 11 3 30 25 27 17 16 20 0 25 18 6 9 9 30 27 15 19 13 6 13 18 22 21 0 9 14 9 16 23 8 9 16 12 11 20 6 23 0 13 0 21 25 8 9 3 15 17 30 2 20 26 5 12 0 17 20 22 24 28 5 24 19 27 10 13 20 20 27 29
19 11 13 9 17 4 12 28 15 21 12 11 20 8 1 15 15 30 20 25 30 19 29 24 5 0 11 28 14 0 30 3 29 17 6 2 23 22 29 6 30 9 16 5 17 8 25 5 10 22 28 2 14 23 28 25 20 1 4 5 28 0 19 23 12 24 22 10 1 7 15 26 17 24 11 15 26 19 1 15 19 25 23 20 18 5 29 3 6 8 30 22 21 7 9 3 22 23 17 9
8 27 19 13 1 13 5 1 29 11 30 26 7 6 6 25 11 19 3 2 23 30 14 28 15 18 23 14 20 29 10 7 21 28 6 11 23 8 29 29 10 6 19 0 23 12 6 29 22 9 29 12 23 2 2 26 15 16 4 3 5 26 22 3 14 5 28 22 27 3 29 7 26 13 8 28 11 24 18 17 11 17 10 7 2 7 13 19 5 13 27 25 13 21 13 20 2 9 10 22
2 14 9 24 10 13 25 21 29 24 1 17 28 20 18 25 11 16 23 1 9 13 13 8 0 27 3 15 0 17 12 19 19 25 8 29 9 3 3 24 0 4 22 4 19 25 9 19 13 3 26 24 22 23 7 4 4 12 23 0 11 30 13 30 27 24 24 21 10 1 7 3 8 27 18 17 0 27 5 8 15 11 4 27 17 11 15 30 28 12 17 13 16 21 26 25 19 27 17 28
27 1 8 4 11 7 11 23 1 22 7 10 0 30 24 26 8 27 16 25 29 10 18 18 16 8 6 23 25 9 7 16 10 0 26 24 6 10 2 13 12 22 17 30 14 17 7 29 9 30 28 13 13 5 12 22 22 13 19 15 3 30 29 18 15 24 4 25 29 8 16 19 1 22 10 6 29 14 6 10 0 6 25 24 20 21 29 20 24 25 8 8 2 10 27 4 16 22 10 2
27 15 28 12 3 4 27 26 19 0 1 8 0 0 20 13 7 29 22 29 30 14 5 7 14 21 19 20 0 23 29 10 29 23 18 25 20 0 5 23 14 10 18 27 23 14 6 4 18 7 22 28 25 25 25 30 14 28 18 29 15 24 4 24 20 10 22 0 11 29 12 30 14 30 15 10 26 21 17 30 15 15 5 30 19 3 7 2 29 27 18 18 17 17 27 5 14 9 24 8
6 7 11 21 22 7 23 0 21 4 23 20 3 25 2 2 8 24 15 14 12 22 6 0 22 5 23 29 12 30 24 30 0 5 1 24 15 0 28 24 10 9 5 1 22 2 3 26 11 15 3 17 23 30 12 26 10 22 23 10 16 0 23 9 27 12 20 2 5 11 13 21 13 28 19 11 5 23 6 6 15 7 22 15 22 25 8 21 27 25 17 21 3 9 18 25 14 9 4 14
0 26 27 22 17 5 27 15 12 14 1 21 17 27 16 28 27 24 14 24 12 20 18 12 20 3 6 5 0 11 7 20 30 10 28 17 11 11 22 29 8 27 4 29 19 29 19 4 20 22 6 27 7 1 22 10 11 19 12 14 1 21 18 18 18 14 21 19 23 14 21 6 18 0 11 9 17 23 1 2 3 9 13 0 23 0 6 25 10 6 1 25 25 8 10 14 5 23 18 6
20 17 0 6 12 5 11 14 5 0 11 17 24 1 8 24 27 4 29 19 8 12 30 11 10 25 29 14 18 15 20 14 16 18 8 27 21 5 12 29 4 19 24 10 20 27 7 23 20 14 22 3 23 10 0 9 26 19 1 7 26 16 19 28 7 5 13 3 14 1 6 7 26 20 1 20 14 22 7 17 7 21 4 20 25 22 6 16 2 2 6 24 27 25 0 21 18 13 9 14
17 25 29 22 29 2 3 3 20 7 16 17 23 19 5 29 26 11 9 15 20 30 29 7 20 8 17 13 5 19 30 23 23 16 4 22 23 17 17 10 1 27 1 4 9 4 5 21 29 20 29 27 7 2 13 15 21 27 24 23 3 11 18 22 25 4 3 20 22 13 16 13 2 17 24 7 23 9 8 22 2 27 30 25 12 27 23 9 20 26 0 2 8 21 6 5 19 23 30 5
30 14 9 5 25 1 26 0 13 22 11 30 12 30 15 21 28 8 27 12 15 23 30 8 23 23 23 13 13 0 5 19 18 10 7 29 28 0 5 29 20 11 30 21 21 7 22 25 10 3 13 7 15 27 19 18 30 11 23 13 8 10 4 25 16 15 29 18 22 3 15 7 25 23 18 14 22 8 12 2 28 2 29 28 26 8 27 16 13 8 15 15 26 9 26 13 22 18 20 28
0 1 7 0 7 7 30 6 17 7 20 5 25 14 29 13 24 14 29 21 25 25 21 20 16 4 21 17 0 3 0 1 1 24 23 22 21 19 29 7 7 27 2 17 15 23 11 30 2 14 27 22 13 30 14 15 30 20 2 15 8 30 17 23 12 29 23 10 8 12 23 15 20 13 24 4 1 16 10 13 16 11 19 1 6 1 21 9 29 13 1 4 16 5 4 16 22 19 16 23
15 10 14 19 16 5 29 25 30 0 30 19 16 3 8 17 25 15 9 24 23 28 9 5 14 15 26 8 23 4 14 8 3 18 10 12 30 27 9 3 3 7 4 10 26 28 25 20 16 0 23 16 19 22 4 25 6 17 16 28 28 26 6 24 7 6 28 20 27 2 30 19 7 26 6 1 26 0 13 16 3 30 3 18 26 1 15 14 24 30 28 30 24 17 10 12 29 6 18 24
1 21 22 29 16 4 7 22 24 18 17 16 11 25 1 23 5 0 6 26 17 24 21 22 1 10 5 24 0 0 17 14 26 23 26 24 22 20 17 8 19 29 2 13 29 2 22 7 23 10 20 20 13 0 24 6 10 27 21 24 24 13 11 12 13 16 27 11 19 29 11 2 21 17 12 29 21 24 24 6 11 3 3 30 15 25 11 1 21 13 4 15 17 29 25 18 14 30 7 22
21 21 26 9 19 17 27 27 20 3 22 12 12 6 3 27 1 7 25 29 25 2 0 0 28 18 26 15 5 16 19 23 10 4 7 20 4 10 24 24 12 5 20 5 15 23 3 24 9 15 3 6 15 14 9 5 13 28 4 21 24 7 24 21 15 23 4 21 15 29 15 7 2 26 10 3 29 1 3 30 19 4 22 3 27 2 17 24 7 14 3 15 9 24 29 22 28 14 7 30
5 28 4 9 11 20 15 23 7 18 24 3 17 15 24 30 14 1 3 6 2 23 17 3 15 5 22 30 12 29 28 4 20 13 17 3 22 25 7 14 22 30 9 0 10 27 20 19 4 29 10 21 25 26 23 11 16 12 13 8 16 22 28 10 26 0 10 30 13 30 6 26 29 11 5 21 23 21 26 20 4 19 16 7 11 18 5 12 16 21 5 25 12 0 24 28 28 3 19 0
27 4 29 24 11 3 3 24 27 18 13 12 15 15 9 2 7 28 17 6 3 21 2 0 3 18 29 10 28 10 3 10 6 5 13 17 9 10 13 4 4 24 7 9 0 0 16 13 7 29 5 2 20 11 12 24 19 27 8 6 21 29 24 21 6 27 27 8 28 1 19 6 29 10 13 1 29 5 26 13 24 26 29 28 29 11 2 17 26 22 16 16 26 7 0 25 14 11 16 1
4 12 5 2 29 8 13 2 16 1 4 20 24 17 0 1 26 30 21 28 20 17 28 26 28 7 14 4 21 24 30 17 8 14 9 22 3 21 0 6 30 23 20 4 16 15 17 26 5 12 13 25 26 9 17 10 0 5 12 4 8 15 7 3 24 19 28 19 4 3 5 8 16 29 7 13 1 9 22 22 13 28 27 26 17 7 8 10 4 25 10 0 10 5 0 14 4 9 23 17
0 4 28 11 9 0 27 0 23 24 20 22 15 15 3 5 14 27 27 4 1 14 4 20 25 9 14 18 30 13 27 29 0 17 29 15 22 30 21 7 22 20 22 11 0 3 21 6 5 14 13 11 19 9 2 25 23 22 20 14 16 4 29 29 16 15 8 25 10 17 30 14 27 8 8 23 12 20 29 1 19 12 9 27 6 30 20 15 12 8 20 11 18 5 27 19 9 10 2 5
12 0 18 9 9 26 18 17 12 30 2 30 16 4 15 20 18 15 2 21 3 6 13 5 5 18 23 9 26 18 18 3 17 17 18 19 20 9 10 26 17 16 23 26 21 8 23 17 29 23 18 9 23 23 27 4 11 1 5 25 22 14 20 2 26 9 24 18 28 17 15 17 3 13 6 1 6 16 5 27 19 13 7 24 23 19 27 29 0 3 20 27 21 12 13 27 30 16 28 6
30 12 6 9 30 10 24 6 21 19 27 3 22 28 1 25 7 24 14 18 14 15 6 21 3 5 15 1 5 16 15 24 19 27 13 9 14 19 5 2 25 2 25 20 24 5 1 11 30 12 26 5 1 22 27 24 22 2 6 8 3 17 9 10 10 29 0 19 26 27 10 23 30 5 25 13 24 20 3 10 3 27 4 0 16 23 21 30 6 16 6 2 22 24 25 24 2 26 5 25
28 10 3 5 2 6 22 7 1 15 30 18 6 1 18 23 2 22 28 15 4 5 9 5 8 10 23 19 6 29 30 29 14 29 25 21 20 9 9 27 12 30 6 16 2 13 21 27 22 14 13 30 20 18 16 20 0 10 22 17 17 15 9 24 5 4 2 25 25 26 20 24 15 9 27 17 25 27 18 0 11 10 7 29 3 20 1 25 17 9 8 20 30 0 27 19 15 20 28 16
12 16 18 14 5 8 14 2 26 23 18 20 29 11 7 30 21 26 26 7 29 28 24 27 13 16 5 7 9 8 7 17 4 16 28 19 29 21 29 7 6 15 8 13 10 23 4 3 1 26 29 16 19 27 26 28 10 8 11 9 7 28 23 1 16 17 28 6 12 3 15 1 20 10 3 15 22 2 21 10 5 14 15 28 5 23 11 20 29 23 8 14 12 26 6 27 11 30 28 15
21 14 16 1 9 10 24 5 8 26 17 25 22 18 11 22 20 9 26 4 11 16 6 16 22 29 25 16 28 5 29 21 26 27 27 6 22 25 12 27 29 18 5 12 4 0 16 26 1 30 30 6 9 30 23 26 17 17 4 20 1 16 22 17 18 2 25 19 7 19 10 12 12 23 22 6 9 11 18 23 7 13 0 16 0 7 4 1 22 4 22 26 7 9 9 3 27 7 18 4
0 20 14 5 29 4 27 22 25 27 26 22 15 24 28 1 13 30 6 28 22 15 13 29 9 19 0 10 4 20 9 3 29 1 26 14 25 24 8 11 29 14 28 19 1 12 8 21 4 10 17 23 17 29 20 0 25 15 27 15 12 19 5 6 8 3 11 13 24 8 25 6 3 5 13 2 15 23 25 23 23 5 5 21 25 30 8 28 20 14 0 25 16 29 4 29 18 18 15 23
25 22 13 26 15 27 25 26 15 23 30 27 16 29 28 26 14 2 8 23 30 17 4 1 15 16 2 25 1 16 25 23 8 28 10 0 9 7 24 5 12 23 11 9 24 29 9 1 7 18 8 28 25 16 29 21 21 7 16 25 10 24 22 1 29 26 10 21 10 27 6 11 19 17 8 27 18 24 27 26 11 11 24 0 21 8 24 2 1 17 5 12 22 23 29 4 10 12 23 5
12 26 12 4 24 28 25 6 2 17 8 13 30 22 2 24 27 3 27 27 15 25 19 5 22 24 26 2 0 3 7 30 2 26 3 7 0 16 11 30 13 24 6 15 28 24 25 23 5 20 7 22 0 17 24 12 12 1 3 28 21 20 26 16 23 25 3 25 19 30 19 30 14 5 26 13 22 27 17 6 10 3 6 22 9 18 0 24 19 21 3 2 7 20 6 9 0 12 28 4
9 18 8 27 27 19 8 4 11 19 13 2 29 12 9 26 16 9 1 8 24 14 15 30 13 21 17 24 9 9 4 12 28 28 12 18 3 18 29 13 11 27 8 4 11 28 24 4 2 6 17 26 1 17 13 5 7 18 17 17 24 23 27 2 26 25 28 7 3 1 26 15 18 13 3 10 15 26 24 10 11 24 9 9 28 10 27 13 6 23 2 16 8 17 26 17 4 8 7 6
11 14 14 6 8 18 16 5 27 18 29 22 20 30 7 5 8 11 2 24 1 16 15 5 13 16 5 23 19 20 21 17 25 12 3 24 13 20 24 19 11 28 21 17 29 16 29 6 28 4 12 17 23 4 12 28 13 0 0 0 6 14 3 11 3 9 6 3 0 13 4 11 12 16 12 5 15 5 6 28 21 25 11 3 26 22 16 7 29 16 17 10 25 0 20 23 17 25 7 16
22 8 10 22 24 9 0 21 22 2 20 3 7 20 12 27 13 28 1 25 14 27 6 7 4 14 19 27 25 16 1 10 15 19 16 13 10 18 19 3 6 10 6 11 2 15 8 17 14 19 9 22 23 13 29 19 9 16 30 21 28 16 11 28 13 7 7 22 14 14 25 21 8 17 2 16 9 17 13 25 2 28 13 21 0 26 12 7 1 6 6 16 18 20 16 25 27 6 17 11
15 6 22 4 8 26 9 13 30 11 24 2 3 19 28 30 29 12 5 19 16 21 23 30 28 22 22 22 21 23 5 12 5 6 13 20 10 26 27 11 24 28 19 30 11 13 29 16 29 30 30 19 26 11 22 9 15 26 10 7 11 4 28 4 16 4 22 7 6 9 14 30 27 1 24 17 28 19 4 17 6 7 12 28 5 30 19 7 29 16 22 21 11 15 6 10 28 11 5 23
19 14 29 19 23 29 22 24 28 20 17 0 10 20 4 24 10 12 0 2 14 24 25 21 10 16 7 9 19 3 28 26 26 21 8 21 7 16 0 0 30 17 17 30 8 20 11 29 8 29 11 28 30 5 27 0 29 0 8 12 4 15 19 13 20 29 15 12 18 5 20 29 1 28 29 18 5 14 2 16 13 27 12 2 10 17 4 7 13 30 1 27 20 0 28 9 12 30 25 7
28 16 0 21 9 29 10 11 21 14 9 27 10 29 22 3 9 27 19 16 15 30 4 30 23 29 6 17 1 11 25 11 3 5 12 14 15 22 11 5 1 27 9 18 7 17 12 6 26 23 29 0 28 28 9 0 30 26 8 24 12 15 24 26 22 29 13 23 0 4 2 15 7 17 5 17 23 9 17 28 8 25 3 25 6 17 0 16 11 12 21 17 17 2 27 1 16 7 2 18
5 4 5 4 4 2 3 11 27 28 16 24 28 28 26 30 19 11 5 26 0 19 28 15 30 28 4 11 10 10 20 5 27 17 5 9 9 13 27 10 26 5 22 4 9 7 4 29 23 28 25 23 3 8 25 0 6 18 20 25 6 17 12 26 7 15 6 19 10 22 6 11 23 19 8 27 17 2 12 26 25 21 11 30 4 7 16 4 3 29 10 3 5 23 30 2 30 4 26 8
27 10 23 14 27 9 27 29 30 20 29 5 6 3 30 1 16 30 22 7 27 7 16 15 29 10 27 20 19 26 12 12 20 11 26 9 1 26 25 21 5 24 5 8 2 0 6 21 4 24 18 4 5 3 6 12 12 29 5 12 11 19 14 19 5 22 6 4 10 4 11 23 23 30 10 10 1 0 21 28 16 15 3 25 6 19 30 27 19 21 24 9 0 15 12 30 22 16 15 9
7 1 28 8 15 3 0 18 17 0 26 18 22 9 4 22 30 4 13 27 9 9 12 0 26 6 5 17 13 24 21 6 15 15 5 6 5 16 22 2 23 10 26 14 29 1 6 18 0 26 19 28 22 8 7 19 18 9 12 0 3 7 26 24 10 20 11 10 10 24 26 18 12 28 2 9 21 14 4 0 13 2 12 23 0 25 4 6 8 19 10 0 26 5 1 11 11 27 25 27
8 23 10 18 21 6 10 6 4 9 11 27 15 29 30 17 13 17 27 21 2 1 25 27 28 15 16 14 24 23 9 23 19 6 3 24 8 29 28 22 0 23 16 12 30 9 26 4 4 4 7 12 26 29 4 29 10 7 21 30 5 18 5 22 18 10 20 27 18 22 22 28 1 1 8 6 22 28 1 25 27 29 27 29 17 5 16 23 30 19 7 16 16 11 3 3 14 23 3 8
24 28 16 27 6 3 13 17 4 25 27 21 14 5 13 12 17 10 15 26 19 2 16 6 10 12 25 17 19 19 12 16 7 16 0 14 0 22 22 29 12 6 7 11 7 6 5 7 3 10 26 10 5 10 12 0 25 10 26 7 16 3 8 0 30 1 21 24 30 1 2 12 25 11 2 21 3 13 12 26 7 27 4 6 20 21 30 18 11 5 2 17 6 11 5 3 25 8 13 1
29 24 27 13 15 24 21 10 6 28 1 15 19 1 20 8 2 29 13 18 27 21 20 13 8 12 19 0 1 12 6 15 25 21 28 1 25 2 24 4 7 2 25 13 13 7 20 4 25 7 4 3 9 3 4 11 16 11 14 27 23 3 1 7 21 27 4 18 11 12 26 3 5 4 26 28 15 3 28 15 12 7 22 17 14 27 7 29 26 15 2 9 17 26 16 28 11 28 20 22
8 26 21 9 13 7 27 30 14 3 2 13 22 13 15 9 11 16 2 16 2 1 23 22 30 30 11 24 18 21 4 8 27 28 5 20 12 4 12 18 11 2 19 5 13 30 4 9 25 11 21 26 7 16 19 7 0 12 14 20 2 7 7 20 2 2 18 30 26 16 28 14 9 3 29 18 25 12 15 5 23 30 15 21 4 19 6 22 11 25 14 30 26 12 24 14 28 5 16 4
19 14 24 3 15 23 1 1 6 2 2 14 4 24 6 20 22 19 25 10 16 22 4 22 25 14 20 16 15 16 29 3 23 13 15 15 18 20 18 4 13 14 24 25 7 0 19 19 7 18 22 11 17 0 10 11 6 24 16 19 18 1 11 0 5 6 28 16 12 13 22 15 20 14 13 10 12 24 7 12 27 30 10 6 25 4 15 19 26 9 26 16 21 5 8 9 3 11 8 11
24 6 12 2 22 28 0 10 5 7 10 9 6 22 27 2 5 14 3 11 19 14 13 7 24 26 9 19 22 23 3 12 6 16 16 28 12 30 27 24 5 24 18 16 25 4 1 17 26 11 18 15 4 5 19 11 15 23 28 8 23 7 29 30 3 4 10 15 10 19 12 23 18 17 16 27 6 9 26 23 18 15 20 3 5 30 7 18 29 30 23 22 24 14 0 1 25 4 29 21
5 12 22 27 9 10 13 10 17 14 28 14 20 16 27 23 28 5 29 20 10 0 30 23 9 27 30 0 22 10 17 19 27 26 29 0 15 4 16 8 28 18 12 24 9 17 9 8 10 16 1 10 17 13 24 4 30 25 26 11 5 16 5 15 2 25 9 23 22 14 25 5 7 7 15 12 29 1 10 13 6 11 26 26 3 16 1 28 18 6 5 5 19 29 16 23 4 8 4 6
10 10 22 11 9 23 6 25 30 21 14 11 9 1 3 8 21 13 25 7 30 9 3 9 25 24 24 16 29 22 0 2 15 21 14 27 30 19 26 29 28 10 17 24 9 4 29 1 20 10 7 3 11 19 23 6 11 19 17 9 7 11 25 12 6 25 28 10 16 29 13 21 0 17 30 3 8 29 24 2 23 4 7 13 12 2 26 13 22 2 8 3 23 5 24 17 14 28 8 15
23 20 12 6 0 20 4 26 0 16 1 0 15 30 24 29 28 7 25 28 14 17 17 25 7 12 10 17 2 30 4 26 7 25 14 24 22 8 23 28 6 11 4 4 30 6 30 3 12 28 3 25 29 18 30 11 20 1 25 30 14 4 25 0 11 22 17 5 3 29 3 8 11 14 4 5 25 28 16 25 2 12 5 27 8 15 10 16 19 1 8 3 28 2 0 23 27 6 4 1
28 15 26 9 8 24 14 26 8 23 5 30 14 2 20 3 10 18 16 4 9 27 23 11 16 11 2 21 1 14 2 8 10 19 13 3 9 11 0 2 20 10 11 29 6 6 24 28 24 9 24 4 11 19 27 30 5 0 0 23 17 13 17 12 24 15 22 13 28 23 22 21 30 20 0 15 17 12 26 19 15 28 16 1 16 13 29 26 9 1 15 0 22 18 19 15 15 21 26 6
9 4 6 12 6 9 0 1 21 16 5 12 15 20 28 21 19 13 19 16 21 0 22 0 4 6 28 29 18 5 23 27 22 29 15 24 20 6 11 12 28 1 9 16 25 17 26 14 14 11 26 3 23 28 28 16 10 14 9 3 0 12 12 26 4 17 16 13 12 1 14 0 5 27 30 9 22 1 16 12 7 18 18 21 11 30 28 10 1 21 2 0 24 4 19 9 12 0 30 12
18 18 15 26 27 27 18 29 13 19 24 9 9 28 22 26 21 21 23 16 9 17 18 24 10 28 13 21 15 25 23 28 2 7 23 26 16 7 2 15 18 13 12 24 14 22 5 13 2 25 6 22 7 4 10 14 4 15 15 5 2 18 0 9 16 10 9 3 14 23 8 10 22 6 3 11 29 15 10 12 2 26 11 4 30 19 16 8 12 18 24 11 13 11 9 15 22 1 30 0
4 16 5 18 18 22 5 29 14 8 17 16 15 13 27 27 8 25 23 20 10 22 11 11 7 10 14 29 23 23 19 5 30 19 5 15 23 4 29 23 3 4 22 8 4 21 20 5 15 0 30 3 14 24 28 24 16 7 27 4 19 20 27 8 21 26 17 24 24 9 18 8 25 25 9 6 25 10 16 10 13 0 25 21 11 30 23 25 7 16 13 17 30 26 24 16 5 13 10 30
5 7 26 21 8 29 13 2 4 25 13 9 11 27 17 13 18 10 8 10 2 14 3 10 2 7 23 24 6 15 1 25 0 22 4 25 24 1 30 26 22 28 22 3 4 10 17 13 30 23 14 13 9 30 25 23 12 19 12 11 3 10 20 14 27 24 5 9 24 8 26 22 0 3 27 11 29 3 12 9 10 5 25 28 23 14 10 16 28 0 25 28 0 14 17 18 18 8 4 18
19 7 6 20 18 8 3 0 6 24 29 22 8 25 3 21 9 16 21 3 23 26 23 16 17 6 2 10 6 6 12 7 4 29 12 25 8 2 26 21 22 11 11 13 4 26 17 3 16 18 1 13 6 14 18 14 6 17 9 19 7 0 30 14 3 11 25 17 9 2 29 22 23 26 2 29 23 29 6 18 22 10 14 3 30 9 18 15 30 26 24 8 24 14 9 29 7 22 11 21
1 26 17 15 14 12 15 29 22 16 4 14 13 5 26 14 22 23 10 17 10 27 18 4 2 11 9 6 26 5 6 7 29 6 26 20 16 11 6 19 18 9 12 20 18 23 13 1 25 7 5 27 3 4 24 29 13 29 22 8 12 2 10 8 27 10 15 22 7 26 14 1 14 3 20 3 9 13 3 1 9 15 8 3 21 25 28 3 17 18 10 28 16 19 1 9 11 22 21 28
20 16 9 24 15 0 1 30 18 29 30 19 24 18 9 4 18 15 20 22 18 2 10 23 17 23 29 2 5 3 10 13 17 23 20 15 26 2 6 5 26 3 26 1 18 9 0 15 9 20 17 27 5 15 30 18 11 17 29 3 29 17 0 17 5 14 25 9 2 25 16 7 2 4 27 6 1 5 21 9 4 16 21 17 28 30 5 12 29 12 2 29 29 28 23 17 3 4 1 11
25 8 2 20 23 16 22 18 27 26 17 18 0 12 0 10 8 15 22 24 6 27 17 2 9 23 2 7 4 22 13 24 1 14 14 7 22 27 22 23 11 25 13 12 10 29 24 17 23 1 13 5 4 29 4 25 7 11 5 29 10 26 23 0 1 19 8 15 13 18 26 22 13 11 21 18 10 27 1 10 5 4 1 29 6 13 25 3 23 1 12 30 16 26 9 24 6 28 21 23
14 21 14 3 27 2 19 13 18 3 10 0 0 26 2 2 27 17 30 5 12 26 27 8 4 8 3 19 9 24 15 30 14 12 22 7 9 16 28 28 10 20 2 17 6 29 13 22 30 13 13 10 12 11 18 21 9 2 8 27 16 21 10 20 15 25 19 28 12 6 23 18 14 1 15 11 18 5 4 23 4 10 11 10 22 26 2 8 2 1 16 17 25 3 23 25 0 26 27 9
18 7 5 28 25 22 28 13 13 2 27 25 28 23 27 18 12 28 21 30 25 14 24 8 30 8 3 16 2 7 14 22 16 1 9 8 2 22 23 21 18 13 9 25 12 25 16 22 9 15 28 5 21 12 21 28 22 12 28 0 5 25 12 3 30 2 17 8 13 12 30 22 14 4 20 28 7 21 30 14 8 20 2 24 9 19 6 6 19 20 30 4 14 25 10 19 30 27 26 16
17 26 17 3 9 6 10 12 22 5 14 7 6 20 7 19 7 13 18 28 1 23 5 5 2 28 0 26 24 8 15 23 27 23 22 23 17 26 5 16 12 27 2 29 15 7 9 28 17 6 29 12 29 6 5 28 18 24 9 15 9 9 13 20 6 25 3 24 13 25 14 2 28 27 9 5 7 20 5 18 22 4 22 29 20 14 4 16 3 19 24 17 0 26 11 30 26 1 29 24
28 17 16 28 12 30 7 30 22 14 1 9 22 20 30 17 6 25 9 7 1 4 10 0 25 4 10 20 28 21 0 2 6 23 11 13 21 0 28 14 28 27 14 29 12 6 2 4 8 7 14 10 4 12 5 23 5 23 13 2 18 11 26 4 17 19 13 1 26 11 24 28 18 0 20 15 2 3 22 22 30 7 22 24 2 14 12 14 4 22 15 11 19 4 5 20 14 4 26 16
28 1 2 24 0 17 10 0 17 13 3 11 0 4 25 24 5 3 12 14 15 28 23 22 3 28 24 16 7 29 5 14 9 9 11 16 7 27 4 19 26 29 27 28 10 2 7 3 10 3 13 2 27 15 28 4 12 16 22 2 15 6 9 4 4 27 20 4 26 6 13 19 20 21 0 12 28 24 0 22 22 27 1 23 22 27 20 14 26 11 19 28 17 18 24 22 9 1 24 8
9 24 24 1 3 1 10 9 21 3 7 25 28 27 8 13 4 18 11 0 23 9 3 4 15 5 29 14 29 22 29 0 15 3 17 5 0 29 0 3 24 6 12 10 14 21 28 26 24 9 4 8 5 15 6 24 5 29 5 20 11 8 24 4 9 10 21 28 9 18 3 11 11 20 17 23 15 2 15 30 1 30 8 4 12 25 2 3 23 13 24 15 30 6 24 22 17 19 24 20
2 23 13 21 0 21 28 26 26 16 15 24 8 8 26 11 9 17 12 14 6 7 27 15 29 9 22 1 8 17 10 28 26 1 1 21 3 23 16 25 25 28 13 13 28 29 20 26 25 8 23 30 16 26 25 4 21 23 3 21 1 17 14 6 6 14 0 8 25 7 0 20 12 7 26 24 27 27 26 27 29 9 2 10 20 21 3 10 19 24 17 14 12 10 18 17 10 7 24 13
20 5 4 20 21 23 8 9 14 11 13 4 9 12 4 22 15 2 5 24 23 17 23 11 8 24 15 6 21 8 17 22 24 14 10 19 12 13 15 4 15 0 5 6 5 27 29 13 16 14 19 30 2 1 10 15 17 19 21 24 24 8 17 21 9 30 2 20 4 13 4 20 4 1 6 14 26 20 23 30 28 14 23 24 30 19 19 9 29 1 15 23 4 6 13 21 11 27 9 30
11 22 17 2 27 3 17 16 11 11 18 13 5 29 14 23 1 26 0 20 3 25 27 16 5 25 7 12 5 25 22 3 30 27 26 7 13 5 21 5 4 24 30 8 22 27 19 29 5 3 6 24 22 16 23 15 16 26 2 20 7 9 12 27 18 30 30 27 14 17 17 3 15 0 13 19 14 21 22 9 21 18 9 22 28 23 13 0 1 17 0 22 18 20 7 3 10 19 23 11
9 28 30 30 18 14 14 7 23 5 26 29 30 16 13 20 5 8 29 9 4 12 18 17 8 12 15 19 1 8 18 3 25 3 23 2 17 6 7 6 10 27 9 5 6 28 25 21 0 8 20 11 24 16 28 21 23 27 24 8 11 20 23 1 29 26 5 26 4 16 25 10 23 27 6 30 25 2 10 15 4 18 30 25 28 28 4 1 11 16 2 19 1 11 19 27 24 0 8 7
29 7 18 17 9 0 4 3 17 8 5 14 15 25 0 3 17 1 9 17 20 2 26 5 30 8 15 28 15 0 30 16 8 9 17 5 29 15 5 28 17 5 6 9 0 19 19 3 21 30 9 25 6 0 8 9 30 14 13 30 23 3 13 21 8 21 3 1 19 2 0 24 11 8 3 27 14 23 17 11 4 24 17 20 29 15 30 7 15 20 24 23 10 4 16 5 14 26 29 20
24 18 25 13 29 19 16 13 19 10 12 29 5 26 30 18 24 29 13 4 30 26 0 25 23 3 20 30 24 19 17 0 1 15 13 2 26 16 23 28 16 14 24 27 27 16 17 12 29 27 11 11 8 7 20 8 5 24 30 10 22 6 9 0 16 2 22 15 13 18 17 1 21 20 29 10 12 8 7 9 9 27 6 25 15 24 23 29 20 17 28 1 22 16 8 25 0 11 15 4
4 13 0 19 10 23 18 23 10 15 1 4 13 27 12 30 1 23 11 3 24 16 21 6 13 15 28 7 21 11 30 27 12 25 16 11 16 17 25 28 5 26 17 24 10 2 30 11 26 14 22 19 19 3 10 29 1 0 4 26 15 2 18 11 23 18 26 10 14 21 26 30 3 2 25 30 11 19 17 7 21 8 26 25 5 22 13 0 5 3 7 15 0 13 5 2 14 22 11 24
15 8 10 5 19 20 23 10 5 14 29 14 20 15 8 14 2 2 0 17 23 2 24 27 5 5 17 19 4 9 6 0 10 15 25 0 27 17 3 24 5 10 24 16 5 29 18 12 8 23 11 29 26 19 14 6 3 2 2 18 4 26 5 10 9 5 9 16 20 0 29 14 26 22 0 19 8 7 15 12 0 20 18 9 0 4 28 24 23 11 6 0 23 18 8 20 7 30 22 8
29 23 20 16 19 28 25 17 10 23 25 23 13 19 23 23 14 18 13 20 25 8 7 30 10 15 7 22 18 13 0 8 25 2 27 18 11 12 19 7 0 20 10 28 12 5 24 1 17 10 2 15 28 13 8 6 3 15 22 23 0 1 9 13 26 12 13 5 5 1 12 2 14 24 1 8 6 18 24 16 27 12 12 5 15 23 2 1 18 11 9 2 10 28 2 2 20 19 25 28
23 19 13 6 11 8 23 11 9 26 29 10 18 20 19 2 4 5 26 29 13 19 18 24 17 8 5 12 23 18 5 8 2 20 20 28 16 15 2 17 28 30 13 2 22 11 19 25 13 1 2 15 8 21 18 19 5 0 17 15 17 19 21 25 13 25 18 13 27 5 23 29 17 29 9 14 28 28 11 12 0 26 18 5 14 4 8 20 10 8 23 13 5 1 11 19 6 5 0 6
22 16 22 30 4 22 23 5 21 18 5 2 30 17 5 17 9 24 21 4 20 5 21 12 20 24 0 6 17 7 18 15 29 5 19 21 29 21 4 11 8 3 25 0 15 4 1 27 7 4 17 4 30 13 25 0 22 8 29 6 7 14 5 20 26 20 10 1 22 0 0 28 10 0 30 21 27 19 27 22 26 14 0 26 16 7 1 16 20 17 4 16 15 22 1 18 22 3 23 16
13 16 13 21 1 27 29 25 24 15 14 21 4 11 20 7 14 0 22 9 21 10 19 5 21 16 25 4 22 26 30 27 13 25 10 4 15 4 9 17 15 18 17 30 12 2 29 8 16 6 5 4 3 21 10 21 20 10 26 10 23 13 3 5 5 26 27 5 8 7 23 0 24 21 18 14 29 26 15 30 28 9 3 27 28 12 25 7 25 12 20 20 6 9 28 29 11 24 15 17
25 21 20 21 21 13 16 14 27 14 2 29 8 29 6 24 22 19 11 28 5 28 3 26 24 29 10 27 6 29 11 1 0 17 11 2 10 14 25 15 14 12 23 17 6 11 7 18 19 30 19 8 10 21 6 4 3 26 18 30 19 3 7 10 23 21 23 6 3 30 25 1 28 15 24 1 20 17 17 29 17 30 14 28 12 3 16 0 7 25 16 2 30 16 27 22 25 28 8 28
19 0 25 20 18 17 17 24 17 21 14 11 0 27 17 13 0 3 1 25 27 29 17 12 10 28 14 21 7 27 22 27 12 13 21 25 28 25 23 14 5 0 9 26 19 14 24 10 21 21 23 27 20 17 15 9 12 11 11 12 9 1 6 25 25 27 17 21 26 14 16 7 19 13 11 26 21 9 17 12 23 28 30 7 28 21 4 12 3 20 20 2 10 27 10 6 20 13 6 6
7 1 21 24 16 14 27 2 15 3 26 11 1 9 6 25 14 11 20 21 23 13 4 22 26 30 8 26 1 23 24 12 8 27 15 16 26 24 18 2 11 5 15 18 7 8 20 14 0 18 3 18 23 3 28 20 14 0 15 26 8 0 25 12 30 12 27 30 23 13 24 25 23 26 4 10 26 29 14 7 9 19 24 19 28 10 27 4 28 21 14 23 4 25 2 27 22 28 23 21
12 24 7 11 7 6 8 26 26 14 15 25 24 18 9 30 2 10 26 24 29 7 15 18 1 16 27 21 26 4 29 2 23 22 21 7 12 13 14 14 29 1 24 2 6 1 11 19 2 16 1 14 18 15 22 14 7 23 20 24 10 24 15 12 14 1 25 25 29 29 16 3 22 10 20 4 13 22 12 5 8 23 9 20 11 6 3 25 8 23 30 15 20 0 20 26 15 6 24 17
10 26 1 27 24 12 15 3 12 6 28 9 20 21 28 15 24 28 15 13 29 10 21 16 5 19 18 14 11 1 23 22 27 21 30 11 4 21 23 19 24 2 6 27 28 10 12 4 29 28 18 12 8 8 8 15 21 24 15 2 28 1 25 20 1 5 26 21 11 21 24 8 22 6 16 0 27 29 5 24 8 4 18 22 29 10 21 20 12 29 22 8 27 8 24 23 21 3 1 22
11 28 7 15 8 11 26 23 5 22 2 5 27 20 18 14 3 11 0 16 22 8 6 17 17 8 16 24 19 4 26 6 29 0 4 9 12 30 29 26 28 0 21 3 2 3 21 10 29 8 26 6 7 15 17 7 24 17 12 11 1 25 25 10 22 14 15 3 28 2 24 20 26 18 3 3 19 24 17 19 28 23 20 17 17 23 21 15 7 21 12 19 16 23 2 27 29 6 7 30
16 30 0 4 25 6 21 2 27 11 23 1 17 3 28 6 1 19 27 30 8 8 30 29 26 7 21 3 15 28 26 12 2 25 28 2 2 7 9 13 18 4 9 13 5 16 10 10 28 24 0 6 23 7 20 17 16 7 20 11 5 6 24 4 4 1 22 2 11 24 2 28 21 6 19 2 0 13 30 29 23 22 7 8 0 5 11 0 8 10 13 4 2 13 18 16 6 30 17 25
25 6 22 6 19 16 25 14 21 8 5 30 7 16 12 24 14 15 12 16 20 8 9 20 10 7 6 22 4 27 0 18 8 8 30 15 9 8 8 28 21 15 29 24 29 22 26 26 5 8 11 18 0 17 5 30 5 18 9 24 25 26 26 22 6 3 6 3 17 21 22 1 4 13 22 30 9 24 0 7 7 29 24 8 0 11 22 25 14 22 9 29 16 28 8 22 14 30 9 18
18 17 5 10 17 25 3 7 11 1 25 12 23 9 25 21 29 28 29 12 16 13 30 23 6 4 19 19 14 25 12 2 26 24 9 21 12 10 4 29 18 3 5 20 8 10 3 15 4 18 22 17 1 26 17 0 20 14 29 5 29 11 16 23 6 21 12 21 28 13 6 7 2 1 0 15 23 0 19 28 26 14 23 7 13 20 29 19 15 4 21 25 24 4 3 28 7 10 2 27
8 30 29 20 20 22 20 16 17 10 26 6 3 12 22 8 0 4 4 6 13 14 27 10 23 0 10 11 7 4 27 0 25 3 18 24 24 22 0 16 28 26 5 17 7 23 2 18 24 10 26 27 19 18 24 9 6 9 12 30 13 14 5 23 16 16 12 16 16 4 25 24 2 21 10 10 15 27 0 0 12 4 17 6 18 5 24 11 6 11 3 4 2 23 16 4 18 29 12 21
29 5 23 3 18 10 20 10 5 18 22 29 28 6 7 26 12 6 6 20 11 7 30 1 25 19 23 10 1 18 6 13 23 19 3 16 5 24 23 25 11 24 27 11 19 30 18 28 18 9 24 10 0 14 9 16 6 20 0 15 21 4 23 20 24 27 2 3 13 30 23 30 16 19 2 21 7 28 4 10 20 30 9 30 3 22 11 25 21 13 15 3 10 2 4 28 2 22 23 8
0 27 4 17 26 10 13 3 4 22 7 14 3 12 30 30 25 4 16 28 17 8 2 7 2 27 4 22 18 10 9 18 5 3 24 13 14 21 9 6 5 8 21 22 25 18 11 5 23 0 20 9 1 14 25 22 3 11 26 8 5 3 10 25 27 20 23 24 16 26 30 23 2 24 19 2 28 10 20 12 30 7 22 12 23 7 25 17 22 22 23 18 24 19 20 11 25 3 20 12
