19 19
21 28 30 20 13 29 28 2 27 17 26 25 11 12 9 0 27 24 7
7 5 24 12 23 29 2 4 19 21 24 17 8 13 12 26 15 19 5
11 28 7 22 4 1 13 2 22 14 8 5 1 22 4 1 29 9 15
9 22 13 17 25 7 17 3 11 27 1 12 23 28 10 26 27 30 28
25 4 19 2 8 25 19 19 9 30 2 6 3 29 4 11 0 26 7
22 28 8 13 11 24 0 16 19 4 25 22 10 15 30 15 8 26 15
3 7 4 4 11 7 13 27 29 4 20 12 8 3 12 25 14 12 11
8 25 0 27 25 26 4 13 20 24 30 8 16 4 4 21 30 11 14
12 15 27 23 19 26 18 27 25 15 10 27 24 7 8 18 8 25 11
2 20 18 25 1 7 11 29 2 14 22 26 1 13 12 7 5 4 8
3 17 3 16 1 2 9 22 29 22 10 6 23 6 24 27 22 22 9
27 23 19 23 9 19 22 6 9 17 15 21 30 25 19 8 2 8 17
19 28 5 1 3 24 0 15 25 24 0 0 4 25 27 14 3 27 0
13 1 4 10 25 25 27 6 19 27 10 21 16 19 28 30 13 10 9
19 20 7 5 2 16 5 30 1 8 22 14 8 14 0 17 11 30 11
26 3 14 11 17 19 13 29 14 26 2 13 0 6 19 1 21 28 2
9 14 5 7 14 13 26 8 17 10 26 4 11 9 9 12 16 11 30
27 1 21 21 10 0 5 21 23 13 30 20 17 18 2 18 9 9 27
16 26 20 27 8 18 8 22 21 13 10 17 12 2 15 5 11 16 16
