25 25
28 13 27 21 20 13 29 2 24 20 20 19 10 7 27 14 11 14 24 0 13 14 21 3 5
0 9 3 17 0 5 15 25 13 18 18 20 16 12 12 14 4 2 3 27 19 22 16 20 10
7 0 26 24 16 27 21 2 24 13 20 7 5 21 23 17 9 12 22 14 1 10 4 22 16
3 0 19 27 4 6 1 18 9 12 3 10 23 14 5 24 19 8 10 3 21 21 0 7 0
10 11 20 19 12 8 5 5 0 11 19 8 23 3 15 6 8 23 19 2 14 24 15 30 1
18 11 22 0 16 4 8 23 30 9 29 10 9 11 23 16 13 5 26 21 25 14 9 11 5
17 18 11 23 14 22 27 8 22 30 11 14 12 20 16 18 7 20 9 11 22 4 20 14 4
0 19 5 22 9 23 1 28 4 12 20 30 26 11 14 15 27 11 21 27 26 28 14 11 15
15 13 4 6 0 24 3 19 8 25 14 21 25 24 18 10 23 21 9 8 21 21 26 4 17
27 9 9 22 22 11 24 23 26 22 7 19 20 26 4 17 28 3 28 11 10 18 14 22 25
22 18 25 16 14 16 8 5 13 27 5 28 26 11 22 13 12 20 11 18 18 5 8 7 29
19 26 9 1 12 19 14 28 23 27 24 24 14 18 20 28 5 5 5 12 11 10 20 22 12
10 2 22 14 3 16 2 30 1 29 26 13 30 5 22 16 9 9 7 8 7 26 18 25 14
30 28 10 11 19 29 23 9 14 5 10 29 30 12 16 18 17 18 18 28 23 3 22 17 15
11 9 22 15 15 15 28 3 16 21 14 21 3 15 18 1 22 11 25 4 6 9 25 6 5
22 22 18 19 7 8 23 15 13 9 17 21 14 1 12 1 4 30 27 14 20 6 22 18 18
22 9 22 23 13 19 28 13 3 24 9 5 12 27 4 7 16 6 23 1 5 3 24 27 21
29 25 26 2 28 0 26 14 22 13 25 29 5 15 6 16 8 3 10 13 29 2 22 24 11
0 2 14 3 4 19 8 14 19 11 21 15 29 4 0 5 12 4 10 22 22 4 13 19 5
7 4 16 17 13 17 18 16 21 19 7 10 19 8 8 6 5 25 25 21 2 26 27 22 21
3 7 22 25 1 29 16 22 16 0 19 25 11 27 27 4 6 26 20 28 27 14 29 21 20
11 8 5 8 11 21 19 29 14 1 10 16 10 18 24 12 4 22 7 24 5 15 26 9 7
25 16 6 17 26 16 13 11 7 29 2 25 22 21 7 24 23 24 25 18 2 27 27 5 5
30 13 27 24 16 26 9 25 22 0 1 11 1 14 15 27 16 8 15 6 26 4 19 30 28
3 26 8 20 3 0 26 6 4 16 21 23 14 20 8 24 16 29 17 3 5 7 13 0 23
