29 29
9 26 11 0 17 26 27 5 18 13 25 24 19 9 27 17 2 26 22 23 1 1 30 25 11 25 23 0 10
28 2 4 1 4 26 18 26 3 4 23 29 7 15 17 30 17 4 1 8 20 8 7 23 10 26 17 24 3
29 8 13 7 22 10 7 21 22 30 3 12 17 0 14 24 12 16 29 13 22 26 19 17 28 20 24 11 16
20 1 7 3 2 11 2 0 25 5 0 10 8 22 22 2 7 11 21 10 2 26 14 10 29 13 21 16 29
20 9 20 16 10 1 10 27 23 16 0 16 9 28 5 17 0 17 17 16 0 20 30 18 5 26 22 12 11
28 0 0 11 6 19 19 2 2 29 16 18 5 0 27 11 19 30 29 0 8 20 25 7 30 24 19 26 25
8 20 27 5 16 28 17 7 26 22 17 13 4 30 3 14 2 9 26 7 9 21 3 4 10 24 1 12 27
3 6 26 23 8 0 8 30 13 15 0 19 26 21 6 14 24 27 13 24 15 23 18 21 2 18 18 2 18
13 21 26 30 6 18 21 12 29 17 11 9 1 18 28 24 4 17 27 1 25 14 0 24 15 27 22 22 16
8 21 17 7 17 23 12 0 25 14 9 17 17 24 5 16 16 10 24 5 18 22 10 9 2 17 5 8 17
8 30 2 26 7 30 3 18 11 22 4 15 10 22 7 18 19 19 13 1 30 4 16 4 23 27 29 22 6
7 27 4 27 12 24 4 11 13 5 29 19 11 15 29 26 27 13 29 23 11 5 2 2 13 27 10 23 15
8 11 22 20 4 22 22 19 29 16 5 18 11 3 11 9 16 20 3 22 11 25 27 30 14 30 1 3 11
19 11 3 23 1 14 11 7 5 7 21 7 29 10 1 23 23 17 19 30 21 22 15 30 26 6 5 27 0
24 18 16 20 8 8 3 23 25 7 5 10 13 11 22 30 26 8 4 29 8 20 17 30 6 28 23 1 15
13 6 10 25 6 24 13 0 12 26 29 15 1 30 21 28 4 5 5 24 13 25 5 20 16 29 1 30 9
6 18 24 17 13 19 20 20 7 7 29 18 26 26 22 23 8 18 28 3 20 27 18 3 27 12 18 15 21
12 13 6 16 3 16 16 15 1 23 15 10 11 11 27 11 1 16 20 25 25 6 7 20 19 2 11 26 15
21 22 10 13 12 12 9 8 16 12 1 2 22 21 28 29 27 9 21 4 7 23 12 12 14 24 24 20 7
26 26 24 17 15 5 7 7 0 1 16 29 8 20 9 28 26 2 30 22 26 21 17 26 24 1 16 17 2
19 1 12 23 24 28 20 13 30 17 17 16 21 10 5 12 13 17 25 30 25 2 3 0 4 2 17 11 13
27 4 17 5 13 13 16 10 5 30 7 30 21 19 18 16 0 29 26 27 18 24 13 29 11 17 22 4 15
27 1 23 2 20 19 23 24 6 13 11 17 16 21 3 12 17 2 25 8 24 16 1 9 15 17 26 11 8
23 11 18 3 14 10 4 20 0 18 28 6 16 2 21 25 4 6 13 17 7 9 5 11 7 8 3 11 1
10 25 13 9 19 22 12 8 1 20 28 9 4 8 29 22 13 23 7 20 6 3 4 25 3 23 30 7 6
1 0 10 13 17 9 30 9 13 16 20 21 23 24 15 12 17 8 15 8 30 1 7 20 6 21 24 23 0
9 4 30 4 25 30 3 9 15 29 14 23 23 18 24 18 7 24 19 12 29 15 22 3 6 4 2 12 4
22 27 21 27 3 20 9 14 18 21 14 29 2 13 10 29 7 27 7 1 23 24 3 10 20 15 12 15 5
23 21 0 20 16 18 16 28 28 29 26 11 3 28 7 0 21 9 24 16 29 29 4 27 4 12 24 16 28
