31 31
14 6 15 9 15 18 23 2 11 28 11 26 10 19 17 6 25 5 2 22 3 17 10 7 23 24 16 11 17 10 1
26 14 12 28 14 18 17 0 3 1 27 16 23 22 24 30 11 0 4 22 26 16 18 12 12 6 1 4 0 13 1
29 11 18 18 2 15 6 9 29 17 6 15 18 4 22 27 11 20 29 17 7 22 11 2 27 6 12 18 26 18 19
24 18 9 8 16 16 14 20 10 15 12 9 2 0 7 9 2 6 30 13 28 20 24 8 0 28 30 3 5 10 19
2 28 10 13 11 19 9 26 13 30 26 24 22 2 12 16 2 25 1 2 26 30 27 10 8 12 18 10 4 3 14
13 4 5 7 16 15 22 19 18 27 15 1 20 22 4 5 3 13 28 30 0 17 2 30 25 10 25 30 7 25 12
30 30 14 1 5 26 23 3 28 18 29 16 25 21 28 12 19 11 25 28 25 27 25 25 30 16 27 29 11 8 16
7 22 8 22 5 20 2 13 25 8 11 29 2 13 30 3 24 26 25 30 4 29 29 4 7 19 16 9 11 25 8
5 11 21 1 5 27 6 1 18 18 25 12 19 23 6 14 13 16 2 9 3 27 19 20 12 6 5 4 4 29 10
24 21 14 24 7 22 19 8 0 2 23 16 19 11 13 24 10 5 23 25 24 19 17 8 20 2 10 19 27 18 30
29 26 9 12 18 14 15 24 20 18 15 13 20 8 19 4 7 8 27 20 19 25 22 18 30 30 23 9 23 13 5
9 14 3 26 12 19 26 20 26 19 19 20 0 2 2 18 7 21 20 27 19 23 12 22 22 22 16 28 11 16 15
20 13 0 26 25 24 9 25 10 10 2 15 21 0 11 2 4 14 2 17 21 17 24 25 29 30 14 29 7 5 6
6 16 16 28 17 25 30 15 2 15 10 19 11 8 14 14 19 26 17 9 12 24 17 4 8 14 3 22 28 24 0
5 23 14 6 27 28 23 26 26 22 8 0 24 6 2 29 12 18 8 14 23 14 11 15 30 8 11 28 11 5 15
27 16 14 2 6 18 9 6 9 16 16 19 21 0 23 11 16 16 13 1 6 28 23 6 7 14 2 19 29 25 16
27 4 5 3 22 10 2 0 5 7 6 10 8 24 5 11 15 10 13 23 4 12 15 3 28 17 2 29 25 14 2
4 1 21 9 2 24 28 16 22 19 24 29 16 2 15 17 5 21 7 18 29 11 6 22 24 0 2 7 19 26 27
28 12 13 3 23 0 1 22 30 28 12 2 5 28 22 26 21 15 29 19 10 13 0 4 5 13 9 12 17 10 30
26 28 21 2 9 17 10 28 15 24 8 9 14 3 30 8 12 20 13 13 0 16 4 5 14 22 1 30 17 22 8
7 27 7 15 27 19 16 19 1 6 10 21 11 25 20 3 22 16 6 4 7 4 18 11 18 26 23 26 14 23 14
1 17 20 29 14 18 13 30 16 6 13 16 13 1 1 1 2 2 5 20 8 19 23 22 3 15 14 11 3 29 7
1 13 1 11 25 24 2 18 4 23 28 20 11 9 28 9 0 3 21 25 28 5 13 1 5 16 22 6 22 0 17
7 19 29 12 24 29 25 13 0 27 2 20 10 0 0 12 21 21 21 22 15 21 3 2 14 21 19 19 2 17 20
7 19 3 4 23 16 0 21 26 16 18 17 21 17 8 13 9 27 13 28 18 12 1 8 21 2 22 12 30 5 23
8 30 5 5 14 0 27 13 23 21 3 23 13 20 11 12 30 11 12 21 14 8 9 18 30 27 0 28 25 4 4
1 30 30 7 28 11 18 28 7 21 28 21 30 29 22 1 0 5 5 15 26 8 14 26 5 4 4 23 1 8 5
8 12 17 2 23 22 1 27 16 27 4 19 13 13 11 21 25 9 14 21 26 11 11 12 5 3 16 9 16 7 0
23 10 0 24 17 3 16 6 25 23 26 4 16 14 17 6 4 25 15 13 0 18 10 28 0 4 4 12 22 25 9
11 14 25 5 9 28 5 0 19 3 6 11 9 20 15 28 23 24 25 25 17 12 1 26 23 23 4 10 14 18 4
21 30 19 16 6 17 17 14 0 7 8 11 13 4 20 17 5 28 1 4 15 3 24 4 29 2 9 8 12 7 18
