32 32
19 26 29 11 6 2 8 3 5 10 24 27 19 8 3 29 10 22 2 2 18 12 22 10 16 2 16 25 2 17 24 20
12 23 5 5 14 5 4 18 18 27 13 15 22 3 8 3 1 3 11 30 23 3 7 8 30 16 9 11 19 29 1 18
11 1 14 27 14 19 15 17 21 4 10 25 16 24 25 9 26 24 4 10 12 20 15 2 16 0 17 25 30 25 2 0
23 7 23 0 3 12 19 24 29 23 14 29 28 0 14 3 28 6 25 22 19 24 18 14 0 5 4 0 14 23 2 15
30 1 7 21 18 11 10 9 8 9 6 9 7 0 3 14 25 16 27 5 11 20 27 11 3 28 20 11 28 1 2 16
4 1 4 18 10 13 16 15 17 29 17 28 21 5 17 7 16 22 14 27 28 16 24 13 17 24 22 5 9 6 23 14
14 3 17 25 4 13 1 17 28 13 15 18 29 2 10 16 6 18 18 1 27 11 14 14 27 11 25 30 28 6 11 0
25 14 29 1 29 29 29 1 6 24 13 3 4 11 17 27 6 20 16 15 2 4 30 17 13 30 3 5 25 17 27 2
7 27 1 3 15 16 25 6 28 10 24 0 20 30 10 2 27 4 29 29 9 21 5 1 12 28 12 3 3 16 4 29
25 11 16 26 28 29 1 26 26 17 21 29 10 24 25 23 11 29 15 2 24 7 22 20 6 3 18 3 15 30 19 5
13 27 10 13 7 9 6 6 9 27 24 30 24 30 0 4 29 4 14 30 2 13 29 18 1 20 23 22 27 13 14 13
27 9 7 20 6 25 21 28 21 10 4 16 12 13 3 8 16 20 28 13 11 10 27 25 14 21 14 24 25 29 23 12
23 24 16 26 26 17 15 13 8 21 16 14 28 8 20 30 18 1 12 8 30 29 11 27 10 20 20 14 22 17 9 6
14 7 28 14 7 28 24 5 29 1 14 1 11 23 26 20 27 20 11 20 24 14 0 8 25 16 8 3 30 29 6 2
13 21 30 11 13 5 8 12 9 22 12 25 23 22 15 4 22 29 0 30 0 8 25 26 28 22 22 28 3 1 9 28
0 23 24 25 24 14 14 19 26 4 16 4 8 29 8 24 16 29 0 16 22 0 29 24 2 7 23 1 12 2 12 3
22 30 28 15 26 19 14 30 3 7 20 20 1 8 29 15 23 24 2 9 13 26 27 5 12 29 11 15 4 20 11 4
14 21 28 24 9 25 27 25 28 18 10 22 16 2 2 22 9 14 27 20 9 27 15 9 22 7 1 19 9 10 18 30
1 22 19 14 28 2 15 14 14 26 1 24 25 19 14 17 0 5 8 25 6 26 4 8 1 19 12 5 29 28 6 14
26 20 9 14 24 4 1 29 2 0 22 13 21 17 23 1 30 21 15 27 12 21 12 9 18 28 0 24 1 26 11 21
29 29 25 21 18 0 17 30 22 1 12 7 22 15 2 17 30 0 24 21 11 4 26 13 11 26 28 6 18 12 22 28
3 9 29 11 15 30 20 9 22 11 18 7 23 15 20 3 24 22 21 27 14 3 8 14 7 1 5 13 24 12 2 6
6 6 17 0 6 5 26 28 6 23 18 6 8 13 20 12 7 23 11 13 2 29 17 12 23 23 7 7 3 27 9 21
28 26 16 12 14 15 26 10 9 16 8 16 22 30 27 8 4 17 7 9 8 12 8 10 24 13 0 16 2 0 1 13
16 8 19 11 25 15 2 9 1 14 23 13 24 10 21 20 23 21 11 30 20 25 6 7 30 6 15 23 19 27 8 26
26 28 15 8 20 6 15 10 6 14 28 15 21 18 15 20 0 27 9 6 2 10 2 30 24 24 18 9 10 7 16 15
30 19 6 19 21 30 20 4 19 22 24 16 22 14 0 20 21 20 3 25 8 10 7 8 26 10 12 27 29 30 21 13
19 8 15 12 13 2 15 15 4 30 11 5 30 26 11 12 15 8 16 7 24 21 21 17 26 1 5 2 6 22 26 16
5 3 6 10 10 7 14 6 30 24 28 1 22 3 30 1 13 11 24 18 20 30 30 5 25 28 25 13 14 24 20 0
29 23 4 25 14 12 30 29 24 16 23 4 5 28 13 25 0 10 9 6 26 4 21 17 27 26 11 24 16 3 3 17
2 17 13 14 6 28 20 1 26 27 4 25 10 21 10 4 13 4 16 25 5 14 21 7 23 9 20 15 28 29 5 13
0 4 25 20 18 2 4 8 28 8 2 4 22 21 15 21 0 16 4 22 16 21 23 3 14 15 2 22 6 17 12 28
