34 34
12 0 22 0 14 2 28 10 10 21 25 27 7 6 24 15 27 28 7 5 7 26 8 12 16 21 0 22 28 22 6 16 14 7
18 22 1 2 23 22 23 18 12 17 19 28 22 25 23 4 15 24 11 15 12 30 9 25 12 2 9 25 19 14 18 5 22 2
6 19 14 28 24 25 25 12 18 19 27 9 7 2 3 15 8 9 29 8 0 21 30 1 20 12 16 20 27 24 9 21 23 5
21 19 10 22 13 21 4 16 20 18 2 21 8 20 30 7 18 12 11 9 0 2 15 24 14 4 24 0 24 13 1 23 10 15
23 13 9 19 7 17 17 28 17 20 23 12 29 30 22 26 30 16 15 16 8 21 28 21 0 7 29 14 24 25 14 10 27 7
0 4 12 14 24 15 30 14 11 21 26 9 24 28 19 15 15 26 17 0 8 27 25 13 21 14 5 14 9 12 7 12 7 11
24 24 20 23 28 1 26 8 24 24 28 26 13 7 0 14 0 28 20 30 6 12 19 24 13 18 7 2 28 24 3 17 29 23
26 25 29 19 17 4 12 24 16 26 29 24 4 24 4 24 22 13 24 15 17 30 4 6 10 13 5 25 28 29 12 23 20 22
20 18 15 30 24 6 30 21 20 28 10 24 20 23 23 5 14 6 12 9 5 29 29 7 29 23 4 17 4 8 11 28 1 6
20 29 2 24 17 2 4 0 17 13 29 12 18 28 18 8 5 5 30 4 7 14 17 22 22 30 26 20 29 9 17 29 1 27
28 28 30 7 5 1 11 12 15 25 27 8 23 12 27 25 19 25 3 22 17 22 8 20 2 10 30 4 23 16 21 5 16 4
0 23 6 1 18 6 9 18 6 3 19 23 18 28 16 25 26 18 21 25 16 23 13 8 29 9 20 26 3 0 2 28 25 29
11 22 21 19 17 29 10 9 5 14 10 18 17 14 10 11 20 10 4 14 7 15 15 3 26 11 12 0 21 10 20 17 1 30
7 30 0 23 14 3 1 3 18 15 16 4 27 15 21 21 9 16 29 30 0 30 2 22 15 2 11 21 3 26 25 22 3 26
14 4 26 1 0 3 14 25 26 13 30 21 10 22 18 1 30 6 3 3 23 25 24 20 17 30 3 29 9 25 6 8 21 23
13 10 4 5 28 25 22 19 17 26 3 18 23 22 4 26 12 6 19 13 10 13 1 20 27 4 16 22 14 5 14 19 17 12
9 12 12 23 5 3 3 1 18 22 18 12 0 23 17 11 18 24 19 6 6 11 12 29 20 28 27 4 21 30 20 4 2 17
24 20 17 17 22 2 11 5 7 0 17 0 30 24 28 3 1 13 14 29 22 6 5 8 5 12 13 29 5 13 7 17 24 4
8 18 5 9 22 30 25 12 23 23 18 18 7 6 7 2 25 1 6 19 14 15 24 21 7 12 9 17 29 9 20 15 28 3
3 30 26 11 4 27 25 27 6 7 12 16 4 30 4 22 14 8 5 5 13 2 23 21 28 18 6 5 0 13 1 8 30 3
9 12 29 19 7 3 15 26 25 24 8 5 30 17 30 29 28 17 17 23 20 12 2 11 4 26 18 28 20 25 19 0 15 4
12 16 24 18 10 8 17 22 9 25 16 6 2 14 22 24 0 21 22 25 3 13 24 29 16 9 7 15 5 14 15 0 7 3
5 11 25 8 16 4 10 3 26 14 1 23 9 14 22 11 14 2 9 0 0 28 5 18 23 13 8 16 5 19 4 10 3 27
0 26 2 17 15 4 23 17 18 12 16 12 14 12 23 13 11 4 24 2 17 16 19 22 14 13 17 30 21 24 3 21 1 8
14 26 24 13 13 29 30 3 9 29 28 25 8 12 19 17 7 23 9 7 30 27 0 7 7 9 16 4 14 3 19 7 21 0
3 13 10 20 8 10 0 2 25 23 13 27 28 11 28 22 16 23 24 17 1 27 25 11 13 0 23 29 13 7 14 10 20 9
27 3 8 1 26 29 19 21 21 18 8 26 9 7 16 12 2 23 29 24 20 10 17 28 21 13 8 27 14 29 2 8 19 29
5 24 5 15 5 17 6 9 14 4 28 17 17 3 23 14 21 20 21 21 23 18 14 30 6 9 3 14 2 17 3 17 19 13
27 21 25 5 9 25 2 28 10 20 13 4 15 26 8 4 7 2 8 18 10 24 17 22 18 21 27 4 28 22 26 11 28 14
19 16 29 0 24 30 30 21 16 27 14 26 30 5 21 29 19 21 3 10 29 24 23 28 26 19 4 10 10 10 17 9 1 11
25 10 3 18 8 6 22 16 29 12 28 17 19 11 21 22 12 16 18 12 27 23 0 5 8 18 19 28 0 26 29 9 3 24
4 3 7 23 25 26 30 17 7 12 27 6 15 2 0 11 25 27 23 27 10 24 27 2 26 28 30 11 0 6 13 7 22 12
23 18 16 21 10 16 8 1 1 2 1 20 29 22 15 29 23 28 11 5 30 3 28 28 24 24 15 14 13 25 26 7 27 14
25 28 30 2 24 22 4 16 3 29 0 9 7 12 2 28 22 30 14 16 22 28 8 27 2 8 24 2 29 4 28 18 28 28
