37 37
7 0 29 21 24 23 24 22 8 22 23 14 18 10 29 3 28 5 10 19 25 9 15 1 21 17 27 30 4 11 4 28 6 2 6 1 6
14 20 29 26 10 19 20 21 25 23 1 20 27 28 11 5 21 9 24 25 26 15 2 3 29 0 17 30 23 16 0 22 24 7 21 21 12
5 1 12 22 2 15 20 26 29 15 20 13 12 13 29 13 30 2 29 28 24 2 26 19 12 11 21 16 16 16 30 24 15 16 14 11 24
9 7 28 26 27 5 19 14 21 27 29 3 28 20 10 26 16 28 19 21 6 21 19 26 3 13 2 19 24 4 5 26 0 24 8 14 27
13 19 2 30 8 15 25 10 11 3 6 22 23 30 17 27 16 7 5 30 6 10 7 21 17 26 8 11 0 11 0 23 7 20 15 25 12
8 24 26 1 27 27 19 14 24 15 25 2 22 27 7 30 25 2 0 6 22 28 2 4 17 9 7 9 17 30 15 28 22 17 29 27 20
22 12 10 15 8 29 21 8 8 16 20 30 10 15 3 22 25 11 18 19 2 5 5 13 23 20 28 11 2 22 7 17 22 28 12 18 1
24 19 24 18 27 23 4 24 23 11 16 28 15 4 23 4 11 22 22 8 18 4 5 10 6 21 20 11 6 19 26 29 20 7 30 15 25
11 4 19 0 30 19 7 15 27 6 25 17 4 19 19 13 10 0 20 15 15 28 15 22 22 17 24 19 4 29 7 7 3 3 14 16 6
8 0 2 22 25 21 29 1 28 13 9 25 28 29 16 22 14 22 4 15 24 6 13 4 1 20 0 2 17 4 12 0 22 14 2 21 21
29 25 11 11 3 25 21 14 15 16 18 23 4 13 10 28 12 27 24 6 20 28 6 26 20 9 29 19 5 26 16 19 14 16 28 15 13
23 21 13 14 8 2 5 6 16 0 22 25 27 11 3 6 3 14 4 19 30 0 17 10 28 25 27 1 21 0 28 25 26 16 29 25 20
27 18 13 19 17 21 29 22 23 27 12 23 17 16 2 3 4 5 17 0 23 9 22 7 16 1 15 28 28 21 1 1 1 14 4 22 20
24 26 21 19 7 20 26 2 21 21 27 11 26 15 27 12 1 25 20 21 29 12 29 24 15 15 17 8 16 16 7 5 12 27 9 25 21
13 17 24 21 13 12 4 1 30 29 29 1 21 7 14 25 16 19 17 7 1 20 16 15 3 10 12 4 13 28 26 2 7 22 13 3 3
25 18 18 11 25 29 25 16 25 16 0 25 28 13 11 17 17 7 16 20 21 14 14 14 16 3 8 28 22 0 1 12 13 4 27 18 4
3 8 25 30 12 10 23 11 0 1 22 29 27 0 8 16 14 6 14 2 14 20 23 25 27 16 13 27 25 4 26 16 1 28 5 1 3
18 19 23 1 18 14 11 0 5 29 20 7 5 9 0 13 12 0 0 22 25 14 14 21 25 20 1 8 27 23 9 0 14 26 12 4 22
28 26 28 22 23 15 0 16 6 18 3 30 21 13 20 2 2 22 30 28 15 23 10 22 9 30 15 21 17 7 7 22 11 2 23 26 19
2 19 0 6 30 15 16 9 27 6 26 19 22 24 7 2 30 7 7 21 28 4 20 11 17 12 10 19 19 2 9 18 5 17 26 14 17
15 3 27 30 14 30 17 8 29 16 21 22 24 1 26 14 26 3 16 8 23 6 12 3 6 11 30 11 23 3 9 27 25 14 29 24 8
21 22 3 26 12 4 1 3 4 14 23 23 20 28 13 13 21 12 21 14 2 3 10 14 13 26 28 20 14 21 7 5 3 22 1 24 10
22 4 9 15 16 9 21 14 10 28 22 23 27 6 18 18 30 9 5 18 2 7 16 15 22 25 12 22 9 27 27 29 10 5 6 9 30
11 1 14 21 16 1 20 3 12 23 3 1 16 18 19 1 14 0 12 17 23 7 27 29 30 30 4 2 21 20 11 26 26 15 12 10 11
22 5 7 5 15 27 3 25 2 26 15 21 25 23 6 11 27 20 28 7 24 25 9 5 7 1 1 7 3 19 21 8 19 17 25 16 30
8 5 19 8 24 17 23 15 16 6 7 23 23 19 13 28 26 20 9 18 6 11 27 2 7 26 3 9 26 19 3 8 30 23 16 15 30
14 23 30 5 18 2 14 1 19 0 14 19 8 6 16 14 23 2 12 10 0 4 28 4 12 7 16 28 19 7 26 2 13 7 11 6 21
9 9 30 23 18 24 20 11 21 19 27 19 7 22 28 0 19 21 11 6 13 15 2 12 16 25 11 23 14 5 16 27 3 14 29 9 12
18 19 26 24 4 26 4 13 29 28 27 17 18 22 14 22 19 17 5 15 15 1 16 17 10 25 8 12 22 28 4 10 4 4 27 27 3
13 1 17 2 8 14 12 5 4 15 22 17 7 13 3 25 13 8 30 30 5 7 17 9 19 18 3 1 21 17 8 26 24 16 18 8 6
28 26 30 23 18 28 6 25 12 20 24 1 9 1 5 22 6 26 5 30 14 30 8 19 30 11 11 0 25 9 30 3 0 14 23 3 21
5 23 25 17 14 4 18 17 26 13 23 27 12 10 17 14 24 29 2 9 1 13 25 10 0 21 18 22 2 13 23 20 26 14 19 24 17
13 18 5 30 17 21 12 11 15 12 11 25 20 5 26 29 12 11 10 4 21 29 26 18 21 1 7 7 19 1 13 30 13 18 11 28 20
0 20 14 27 14 26 26 10 18 0 10 2 20 0 21 29 5 27 23 0 28 23 2 26 8 1 26 10 29 26 14 29 20 21 4 17 13
14 16 11 12 17 14 0 4 0 27 11 19 25 0 0 10 6 24 11 24 10 7 19 6 25 18 12 0 6 23 30 23 7 13 3 13 5
29 8 20 10 7 29 29 11 12 13 16 19 22 21 17 29 26 8 14 26 7 5 29 6 11 21 30 14 8 3 8 18 26 7 3 17 18
1 29 4 0 5 23 14 11 27 1 17 19 11 4 5 7 13 13 9 9 2 22 10 24 29 20 19 6 11 26 23 4 30 30 2 21 19
