41 41
15 7 19 18 14 8 13 22 27 18 28 13 0 17 14 23 3 13 27 9 4 3 0 1 18 13 7 2 17 14 13 24 13 18 12 7 3 18 2 9 14
6 13 9 25 22 4 11 27 14 12 6 13 1 26 4 5 10 2 20 17 5 3 1 4 18 8 3 1 8 3 21 23 0 21 2 3 0 27 15 2 26
18 2 9 25 15 7 5 14 9 26 23 27 22 1 23 19 5 9 28 3 28 15 29 28 30 26 19 28 14 17 2 7 26 0 23 24 14 28 0 14 18
28 4 9 13 0 30 3 21 30 19 6 16 20 3 28 19 20 4 29 17 23 28 17 26 26 25 2 5 3 28 5 16 21 27 9 28 22 20 2 13 28
18 17 17 0 29 16 17 15 4 15 3 25 14 4 11 24 4 25 21 19 11 29 21 27 0 8 26 12 8 0 5 20 17 15 8 25 8 23 26 21 26
6 15 29 13 17 18 11 27 8 21 0 26 10 2 14 17 26 0 4 2 25 25 19 5 1 19 0 30 14 27 12 7 2 5 10 0 24 1 22 6 30
7 24 7 27 7 16 12 21 15 26 8 15 22 17 19 0 0 26 11 13 1 28 29 1 7 28 21 2 19 4 23 1 11 14 4 29 23 28 26 2 16
0 4 10 22 29 18 22 22 10 23 3 9 8 20 2 24 2 1 0 12 23 6 4 11 2 26 1 21 15 16 26 7 28 20 16 6 16 26 21 23 19
0 18 25 5 29 29 14 9 7 9 23 7 5 14 20 9 22 9 14 5 14 22 8 13 9 20 5 25 26 21 2 1 21 16 4 16 12 13 23 11 22
21 21 6 14 28 3 24 13 20 30 2 3 27 19 5 28 1 27 1 15 28 11 14 7 15 17 30 12 20 16 0 16 30 30 16 18 2 0 30 20 2
8 24 24 27 0 4 5 22 9 30 14 3 5 30 7 20 30 5 16 12 14 28 28 15 20 8 21 4 30 29 20 0 26 21 10 2 27 9 30 7 11
0 13 29 27 26 2 0 17 11 11 11 27 7 24 22 30 9 16 14 30 25 24 1 2 10 7 15 28 5 19 15 7 25 25 15 1 28 7 23 9 10
14 10 17 13 5 17 19 18 30 28 0 1 23 10 27 11 26 16 3 25 17 20 21 27 24 11 21 20 10 27 18 14 11 22 8 13 0 23 21 14 0
0 4 29 10 27 10 22 6 6 18 24 20 9 2 12 23 2 10 15 20 2 23 1 22 5 16 20 14 17 3 15 16 6 24 18 6 20 5 11 2 2
26 20 20 26 3 11 26 30 18 27 2 3 5 13 4 24 5 11 5 5 18 26 14 9 4 24 24 22 4 1 7 29 16 25 25 29 30 18 28 30 5
12 30 1 27 24 3 29 10 27 17 15 9 9 30 0 17 28 14 19 30 20 13 0 20 0 28 0 14 7 8 27 3 10 30 16 26 27 21 15 21 18
14 0 29 4 6 4 21 3 30 8 5 1 21 23 9 3 20 16 10 17 25 15 24 28 12 25 27 11 25 21 0 11 29 27 8 3 12 19 22 5 26
16 3 2 17 18 22 14 4 25 27 12 30 10 10 6 7 18 16 1 9 4 10 24 25 2 20 17 14 7 19 12 12 18 11 27 2 5 26 24 7 22
24 4 10 21 7 4 24 29 8 4 20 7 21 19 27 28 20 17 16 4 11 5 28 18 16 16 2 19 4 12 17 22 16 25 29 26 20 11 16 3 15
4 6 3 18 12 17 5 2 30 4 8 0 8 20 24 6 25 13 3 14 17 22 10 24 21 22 21 25 6 24 27 27 20 15 11 0 2 23 17 19 2
27 21 23 2 17 9 17 5 3 16 0 30 5 10 10 5 15 15 4 15 29 9 24 12 17 25 19 27 11 4 29 12 15 20 25 25 18 26 22 17 19
20 28 28 7 4 13 4 13 8 14 25 8 1 22 7 12 4 2 16 5 25 5 3 12 17 14 18 3 6 3 20 30 24 20 10 9 4 27 30 27 13
27 15 7 9 19 4 27 27 12 27 17 28 13 13 16 1 10 21 30 24 23 16 26 13 14 24 29 18 14 6 22 6 4 26 13 29 28 3 4 23 6
12 29 19 17 9 9 10 26 23 6 17 9 5 5 0 29 24 6 13 13 13 14 28 5 25 23 12 11 6 8 30 28 27 15 27 4 4 11 11 12 12
18 20 24 3 0 7 7 17 2 9 9 27 4 30 12 14 13 7 8 10 22 14 0 2 29 0 13 20 3 30 25 6 1 9 7 20 3 8 11 1 23
17 23 19 21 23 20 5 30 29 20 14 7 25 6 27 20 8 25 6 28 5 16 10 27 11 10 9 10 27 25 15 23 22 3 11 28 3 23 11 25 26
7 15 3 15 20 16 0 5 23 23 4 29 24 15 19 1 27 3 5 20 12 22 5 5 23 17 19 1 3 23 18 16 29 30 27 15 25 12 7 24 17
13 28 2 10 8 25 27 8 14 27 21 8 25 22 19 30 18 8 7 6 18 28 16 18 3 15 5 29 21 24 4 21 26 17 12 24 12 15 19 8 14
19 12 29 5 2 27 21 24 1 6 9 28 5 29 11 10 4 9 25 3 30 12 16 22 22 26 2 22 28 11 7 5 9 8 23 23 21 25 10 27 21
22 24 25 20 16 21 3 24 11 16 7 17 27 25 1 9 24 13 9 14 7 29 15 15 8 30 22 23 0 2 12 0 16 8 8 14 26 2 16 23 29
18 8 10 12 23 16 27 3 21 28 21 13 20 25 10 25 8 1 20 29 4 18 3 28 11 10 6 6 15 4 14 14 8 1 16 14 6 7 14 3 14
11 26 20 25 10 28 20 26 24 26 5 13 8 20 28 8 24 24 23 0 5 3 26 28 0 3 14 19 13 4 17 8 11 0 25 30 27 4 4 29 30
26 20 26 28 30 5 15 2 7 30 27 23 22 10 2 21 25 26 5 0 13 18 16 25 6 27 28 19 14 5 28 12 9 2 14 10 30 20 6 21 27
15 12 18 18 14 7 20 16 29 10 10 11 5 14 20 12 26 27 6 18 6 12 25 1 24 21 27 6 20 27 5 26 13 24 12 13 17 14 26 23 0
4 4 19 25 25 29 10 1 0 5 30 20 19 4 6 10 16 9 10 15 3 14 1 24 30 22 22 29 18 2 27 23 23 7 16 10 2 23 21 17 20
22 0 15 20 1 11 9 16 0 7 11 29 9 24 17 24 22 21 4 25 18 14 27 0 29 1 18 5 29 5 22 8 15 22 14 1 27 1 30 15 0
4 22 19 3 14 8 5 12 9 17 17 19 10 4 2 16 27 19 10 25 7 24 13 17 11 2 9 6 24 2 18 26 4 30 30 0 25 2 10 4 26
1 8 5 7 9 0 14 6 27 15 1 23 16 13 23 17 26 3 11 13 23 0 19 30 16 28 21 24 23 24 18 19 9 20 18 21 28 19 28 16 25
20 11 22 25 25 17 5 9 21 6 14 2 6 11 4 17 22 27 2 24 25 11 25 9 13 5 6 30 17 30 6 28 12 13 10 3 11 4 22 6 28
13 19 28 24 12 3 24 22 3 18 11 24 25 9 24 15 9 30 6 24 13 26 22 30 9 14 24 22 12 24 16 15 27 9 1 12 12 5 5 18 1
9 24 20 12 23 17 6 21 28 12 29 8 24 4 11 18 2 19 28 6 2 19 15 30 12 11 30 12 26 1 10 28 13 15 30 26 10 8 14 25 25
