45 45
1 28 28 27 3 27 6 14 2 21 9 12 18 0 10 4 13 12 1 29 16 26 20 23 13 29 15 12 10 8 0 7 29 1 27 12 24 3 6 12 22 16 15 30 27
3 20 26 26 13 24 0 1 6 17 10 4 26 9 2 13 21 4 17 17 14 28 18 29 8 21 23 7 15 24 18 8 18 9 21 24 24 26 24 7 2 13 16 22 23
11 17 28 30 14 17 22 17 13 1 28 7 30 19 14 17 9 2 13 13 5 21 25 23 3 5 10 8 9 25 6 8 13 3 30 24 11 10 5 26 29 5 27 3 30
1 7 24 5 24 6 29 28 8 4 14 20 17 27 5 2 15 8 16 8 3 24 30 19 3 15 13 2 8 28 23 15 12 11 28 26 19 7 23 6 23 4 30 19 8
7 30 26 3 14 14 28 11 22 18 25 4 16 10 25 0 23 3 14 16 27 23 7 4 12 26 1 19 13 5 4 22 6 13 23 28 19 1 16 28 17 7 10 5 1
22 27 12 8 2 22 5 4 23 16 5 2 1 15 3 19 22 20 8 18 28 5 6 9 18 18 3 14 3 10 25 14 10 24 3 3 20 17 14 24 22 23 5 10 4
22 16 8 29 13 5 11 10 10 2 14 24 18 0 5 14 18 23 24 24 8 12 7 14 0 4 9 2 14 9 19 1 0 6 26 13 27 4 5 3 23 21 29 2 10
16 23 20 6 14 5 9 18 17 15 24 5 0 12 27 6 24 29 18 12 26 26 24 2 23 7 25 25 17 14 30 29 0 30 3 5 8 6 24 9 13 28 16 1 22
18 3 0 23 4 23 10 15 20 17 30 27 20 26 24 15 0 30 24 25 2 1 5 12 18 15 13 7 20 5 18 17 1 29 20 22 18 22 17 10 12 1 18 15 13
29 8 30 5 23 29 23 10 3 12 25 29 13 8 10 1 4 3 13 8 21 10 9 2 28 21 0 4 27 16 8 27 13 17 0 5 21 11 11 0 30 30 21 24 26
6 4 19 5 27 17 15 20 25 10 19 11 15 11 21 12 15 3 3 18 20 24 23 22 11 8 20 16 11 1 17 16 17 2 2 19 25 23 1 18 20 27 30 12 26
28 11 12 0 19 6 1 28 0 28 15 23 10 4 21 26 20 24 14 8 18 25 17 24 10 18 27 15 12 3 10 23 1 8 24 20 4 16 0 22 22 28 28 8 21
5 0 4 6 28 11 2 27 30 26 22 12 22 28 6 26 21 7 4 16 18 12 17 21 19 22 15 28 28 0 1 27 15 21 28 15 3 7 13 11 13 25 0 27 14
1 10 18 19 8 3 0 20 27 19 5 26 3 6 19 22 1 11 21 25 13 30 0 30 11 28 8 13 16 10 9 23 15 30 20 30 9 16 4 26 26 15 17 8 5
17 16 25 12 1 23 1 9 19 14 4 20 11 5 1 8 6 11 6 2 13 24 21 14 8 15 0 1 3 4 7 28 23 19 18 12 18 18 17 15 15 28 8 22 30
15 21 2 12 2 9 9 10 18 14 26 21 15 21 13 3 19 27 0 4 7 4 10 24 8 28 7 21 13 26 9 14 0 17 18 0 12 5 17 19 11 10 2 17 6
14 14 1 20 28 29 27 11 11 22 30 21 7 23 22 26 1 26 9 17 7 12 9 30 3 7 11 6 14 24 13 23 25 11 14 15 12 6 4 12 29 23 27 4 1
0 6 16 9 22 25 3 9 24 18 7 18 4 21 5 11 6 15 12 7 23 13 1 4 11 17 29 3 19 0 26 0 3 20 5 12 24 25 16 20 5 6 1 13 23
28 2 2 13 1 16 18 29 8 14 1 22 18 16 25 18 16 7 2 30 17 8 27 5 25 3 12 29 0 27 0 21 4 15 15 28 13 16 8 23 17 16 14 18 1
29 15 8 10 27 10 30 6 17 3 9 11 20 28 6 18 24 30 11 15 1 24 13 2 25 15 20 3 7 13 9 2 10 26 2 4 7 22 11 23 21 8 2 21 9
5 20 10 30 16 20 8 9 20 29 30 6 5 16 2 5 22 11 0 2 7 23 27 20 13 26 4 16 0 3 18 12 23 24 21 24 13 26 28 10 4 7 4 13 12
25 16 11 13 8 4 18 16 5 0 3 8 25 7 28 17 3 21 8 15 22 4 28 6 21 12 5 11 15 18 27 0 20 19 15 9 23 30 16 8 30 15 23 2 11
2 29 11 20 8 29 28 7 21 3 2 9 2 5 18 12 8 7 3 13 26 12 9 14 25 5 12 24 9 16 8 20 25 22 1 6 7 22 4 25 6 22 4 12 15
8 30 30 9 9 6 11 28 20 0 11 17 15 23 15 13 4 13 26 4 29 2 24 24 19 11 16 5 12 30 7 5 18 13 21 15 12 30 30 8 1 27 12 4 14
25 14 7 15 30 16 9 1 1 2 14 13 3 8 13 9 22 11 28 16 0 5 7 25 17 18 12 1 12 13 10 10 7 8 12 29 4 19 25 6 20 4 30 26 10
27 12 5 11 17 3 24 25 1 10 13 18 25 30 22 21 28 6 4 23 6 26 19 0 27 19 1 12 29 0 5 18 21 20 8 22 3 30 2 27 14 6 12 29 29
3 19 18 25 1 18 0 25 22 15 13 2 15 17 13 29 26 5 19 18 26 6 6 4 29 8 18 8 26 9 1 18 24 27 5 3 10 29 16 26 13 8 30 16 6
26 23 0 12 30 21 20 13 25 9 29 19 0 28 1 14 3 26 6 15 1 23 19 1 17 6 1 1 30 5 24 7 25 6 17 25 5 8 5 19 9 7 12 2 28
17 14 28 2 10 8 18 8 7 28 14 15 5 14 20 9 20 3 12 9 28 30 7 3 12 8 18 19 15 4 16 26 15 2 24 8 15 15 11 6 25 21 25 6 6
3 19 12 10 5 16 15 23 2 24 21 0 23 7 21 8 18 22 19 21 2 30 5 3 11 7 20 21 5 13 10 19 2 8 26 21 25 6 29 17 23 6 17 24 8
20 3 30 22 14 28 1 24 3 27 24 21 10 7 17 24 14 20 23 14 15 4 11 28 27 24 11 19 4 20 27 21 3 5 14 29 23 20 0 18 27 6 7 28 30
3 2 28 28 1 13 3 22 14 27 5 13 29 30 14 9 16 28 30 18 13 24 23 5 21 9 15 27 22 16 14 20 1 19 24 13 15 20 7 6 15 1 2 3 16
4 20 8 12 8 6 3 8 28 14 24 12 13 14 27 2 30 27 6 16 1 9 20 0 29 22 26 18 25 1 11 24 2 14 3 21 27 22 14 8 15 9 24 4 1
2 1 6 9 22 3 24 12 26 17 7 27 7 0 4 22 24 28 12 25 1 5 14 12 23 7 28 6 7 20 3 17 4 13 22 8 18 3 18 27 29 4 2 15 12
11 9 30 9 6 7 9 29 8 18 19 29 29 23 27 15 1 8 10 1 10 24 30 19 21 18 27 12 29 1 11 10 1 7 4 30 5 11 26 1 8 2 18 18 27
12 24 20 18 10 6 5 2 16 5 25 2 8 23 0 2 23 3 28 17 7 22 30 1 11 7 26 11 10 24 10 22 5 0 28 11 5 12 3 8 21 21 0 1 8
7 7 16 17 6 25 3 4 19 29 26 20 29 4 29 11 29 25 12 3 20 16 12 29 15 20 9 27 16 29 24 20 20 19 11 12 25 4 11 16 11 17 16 18 23
21 4 2 19 9 28 22 6 23 20 30 4 18 9 1 16 23 18 30 30 14 9 28 18 28 13 11 23 7 4 18 25 30 25 15 12 21 27 15 19 14 19 21 20 26
5 12 3 21 14 29 12 1 10 11 24 5 21 4 29 18 21 5 19 12 8 11 11 30 6 16 20 14 18 29 30 15 15 7 26 14 24 21 20 27 7 3 23 17 23
17 1 5 19 24 19 12 13 27 14 8 30 10 26 11 15 22 30 6 16 0 12 5 7 29 18 4 23 15 2 17 2 3 6 8 11 16 17 1 20 5 13 25 21 10
15 25 9 4 24 10 5 21 24 26 19 28 15 0 7 24 30 8 25 15 3 0 8 19 26 10 30 29 24 19 16 14 12 20 5 22 11 10 22 10 2 25 9 20 10
24 21 24 2 10 21 24 13 21 0 3 2 0 17 5 8 13 17 14 1 29 0 3 14 19 27 7 20 10 11 26 28 11 12 19 22 27 19 25 18 19 10 19 28 9
12 21 12 16 13 24 3 2 19 25 28 9 4 21 18 9 7 15 0 11 27 11 7 3 14 12 5 5 14 9 17 2 21 29 19 5 13 18 14 24 14 13 19 3 25
14 10 21 15 1 4 9 5 29 5 10 29 20 29 4 28 7 8 5 7 22 13 9 22 30 17 2 28 8 0 16 25 28 3 7 20 7 21 24 20 3 17 12 1 16
14 18 20 25 20 14 12 19 4 28 25 3 9 12 4 15 4 2 14 23 18 27 21 11 29 29 6 28 10 16 13 6 12 9 1 14 2 9 8 8 26 18 17 28 9
