48 48
22 16 28 20 3 0 4 11 10 8 9 1 8 17 0 16 6 21 1 11 8 25 24 14 16 1 14 7 17 12 17 5 4 25 6 0 18 28 24 8 15 7 25 4 16 23 16 29
30 15 4 11 13 11 3 16 12 22 14 19 9 3 2 26 21 7 9 12 10 14 26 16 30 15 10 12 5 11 9 9 20 20 16 13 27 27 2 30 6 4 3 14 24 9 9 30
21 19 25 20 10 0 10 16 13 14 18 19 4 21 2 9 8 30 24 3 30 8 19 4 13 30 30 15 1 12 7 27 16 8 13 21 4 10 26 18 7 17 16 14 17 15 3 22
14 30 12 1 14 18 18 27 28 14 16 17 9 23 18 12 30 16 7 9 15 27 24 15 25 12 20 26 5 28 9 17 13 6 6 0 2 16 17 30 10 18 10 19 7 26 2 29
21 11 7 2 7 23 27 0 20 11 10 13 12 20 23 6 14 27 0 12 11 23 14 6 6 20 7 24 21 15 17 15 20 7 12 19 10 3 30 15 13 6 23 17 7 6 4 12
12 16 3 11 5 12 16 19 24 21 8 30 1 16 22 25 19 2 0 7 17 12 7 4 18 3 5 2 27 21 2 2 22 3 1 30 27 24 2 11 18 11 11 1 15 3 20 18
6 16 0 13 13 19 21 26 5 18 17 10 26 12 14 14 2 7 8 7 7 13 11 25 9 22 17 2 23 27 30 22 19 20 0 30 8 12 13 12 12 16 7 3 22 28 14 22
15 11 17 0 0 5 13 0 26 0 7 15 23 28 26 13 5 4 29 19 24 5 5 20 10 10 22 29 26 26 1 10 14 19 12 12 20 0 23 13 8 12 15 3 4 14 22 13
6 24 21 24 8 2 24 21 10 10 21 8 25 4 7 22 29 16 18 19 21 30 14 29 27 13 16 20 13 20 20 26 29 17 12 23 10 30 13 28 4 26 16 30 15 27 0 20
15 29 10 4 4 7 11 23 25 4 30 20 11 2 11 1 26 1 6 21 17 8 0 3 21 10 18 28 4 2 0 17 4 15 25 20 9 17 15 11 15 26 7 9 26 23 14 24
1 11 8 10 23 20 7 1 12 0 30 0 14 8 19 21 17 3 9 25 19 20 9 15 28 23 24 18 17 5 25 6 27 16 21 20 0 23 25 18 17 19 5 19 25 8 5 21
18 10 4 0 26 18 21 28 21 4 26 10 11 29 11 27 20 25 6 27 18 28 19 18 12 23 15 22 22 16 1 29 5 5 5 11 25 25 13 2 28 9 16 26 7 13 26 5
19 23 20 0 20 4 23 17 20 8 22 16 10 22 4 1 21 8 25 19 19 23 5 27 21 20 27 21 22 28 22 23 28 8 8 14 9 10 10 20 28 0 12 24 2 8 8 17
13 18 5 6 27 17 13 27 12 19 3 28 7 3 0 12 24 19 3 2 23 4 29 28 30 5 3 3 24 14 27 24 11 2 14 27 17 2 15 26 11 7 22 20 11 21 14 13
5 14 29 17 15 9 12 27 3 0 12 15 11 19 15 22 12 17 1 2 10 10 27 9 19 5 1 26 0 30 11 26 4 12 20 10 2 9 24 9 19 23 21 19 28 11 1 3
14 11 17 23 4 9 30 10 10 2 6 0 9 19 2 15 14 25 1 9 6 5 6 30 23 24 7 15 16 4 4 24 25 1 24 23 16 22 18 22 14 12 16 21 21 1 6 3
18 3 5 6 12 6 10 28 19 9 8 9 8 1 13 23 0 21 17 8 1 6 28 23 19 7 19 4 29 0 22 29 7 18 21 20 11 28 25 13 25 21 3 7 29 14 9 13
11 22 0 19 6 30 7 8 16 0 6 26 27 8 7 12 15 9 15 6 3 10 21 0 28 8 23 13 29 22 19 22 9 23 9 28 2 7 7 15 20 12 10 10 29 30 14 29
0 29 25 29 0 8 4 29 21 1 4 7 20 4 7 24 6 10 29 18 21 30 10 24 1 2 26 3 17 14 15 29 16 2 17 17 15 10 6 19 8 14 29 28 20 9 12 19
11 13 20 22 28 19 1 27 12 8 25 30 8 12 3 22 29 12 16 23 8 28 3 6 12 19 25 15 24 15 7 22 7 1 29 10 19 25 26 28 16 13 6 8 19 23 26 15
0 7 19 20 23 3 23 12 14 8 14 24 13 21 26 18 5 3 20 6 9 6 23 4 27 3 16 0 0 14 13 8 4 7 26 8 7 30 18 13 21 3 4 25 6 25 28 5
19 10 30 22 12 3 27 29 10 16 13 10 8 7 3 26 18 17 9 23 20 18 3 22 15 20 6 0 9 5 0 29 28 20 20 7 28 29 15 30 2 16 17 11 3 14 15 24
6 23 19 5 7 14 21 27 5 11 13 23 1 16 0 5 23 14 10 21 21 3 16 7 12 16 25 21 4 22 24 25 13 11 19 20 4 28 20 17 2 18 30 20 6 24 15 16
16 5 17 19 28 12 29 1 23 10 8 30 18 0 21 27 16 24 11 14 19 7 6 12 2 22 19 14 17 1 5 28 1 1 16 28 18 8 0 8 0 17 30 28 29 23 22 22
24 6 19 7 18 28 8 27 18 2 11 9 14 18 25 1 0 7 10 2 24 7 20 7 5 5 30 30 24 2 23 6 5 19 29 19 24 7 12 21 16 6 4 30 3 29 8 14
10 4 16 3 19 28 12 5 3 10 20 22 11 5 3 14 27 20 0 26 15 12 3 11 27 17 30 20 30 30 6 6 23 3 27 19 10 19 29 18 21 14 15 5 10 2 9 17
20 26 10 7 7 27 15 24 2 6 21 25 12 13 11 1 10 28 1 17 3 28 14 6 30 30 29 26 13 13 8 25 25 23 2 10 5 10 7 21 28 1 20 14 24 24 13 24
18 24 14 11 12 20 20 23 28 10 9 10 22 25 27 12 25 12 24 23 5 12 5 26 10 3 27 3 0 0 7 15 2 28 26 27 3 27 23 10 23 23 9 30 16 2 14 8
20 25 25 21 16 16 27 3 28 21 7 16 28 22 28 6 0 12 11 11 25 16 18 0 10 21 29 9 1 1 2 26 11 3 26 17 7 2 21 3 27 21 6 7 25 12 24 27
20 1 29 13 26 23 2 5 13 2 12 6 23 18 17 20 13 18 7 3 4 30 29 17 7 25 24 4 4 20 12 2 4 9 15 2 28 28 18 16 27 11 29 29 27 23 11 0
27 11 20 25 3 13 28 2 12 7 22 21 2 28 12 0 0 25 27 21 12 13 6 15 6 21 13 28 17 27 25 26 20 25 17 4 18 8 22 15 21 29 1 28 16 0 23 4
17 30 22 24 10 23 16 14 22 3 30 7 20 23 24 10 18 8 27 4 25 20 21 29 12 26 24 20 8 21 27 22 3 25 7 27 23 30 9 19 4 24 27 30 30 20 14 2
10 6 29 1 4 27 11 7 1 7 30 7 28 16 14 29 22 3 14 28 5 24 10 15 25 30 14 6 25 26 6 15 12 26 1 10 13 16 1 18 14 24 29 30 4 11 27 30
12 21 30 12 1 11 25 11 30 22 12 30 0 17 21 9 30 7 8 19 15 18 7 16 10 10 10 21 21 18 1 27 10 24 2 29 19 4 9 8 13 28 18 11 20 4 14 26
28 17 1 18 25 2 7 9 27 30 3 6 17 10 11 3 28 20 22 29 14 27 14 18 28 23 17 17 15 23 4 5 24 13 19 14 13 22 17 24 15 24 13 14 1 5 10 24
9 0 19 26 0 26 27 8 25 1 18 10 15 17 25 25 4 16 14 30 13 20 11 10 30 14 10 11 20 28 14 19 3 27 6 7 30 26 20 19 28 13 12 21 4 14 26 22
29 27 9 30 28 11 28 13 3 0 27 7 12 9 12 0 24 25 18 1 18 29 16 16 19 0 27 29 10 26 12 11 10 29 23 24 9 14 25 21 2 0 16 12 4 24 5 10
19 9 23 16 26 7 21 18 0 11 21 22 23 10 11 14 30 14 20 6 22 10 25 5 19 22 24 9 3 18 18 20 15 8 10 8 25 1 16 16 17 11 29 11 10 22 5 12
19 28 14 27 12 27 30 8 3 20 29 28 23 29 2 14 5 5 22 21 29 17 11 25 23 2 25 22 20 4 8 4 28 6 0 15 0 27 0 21 6 15 14 16 27 23 13 6
28 9 6 7 9 29 28 30 30 29 30 20 6 17 18 6 28 10 30 0 1 27 1 2 24 20 14 25 18 14 27 17 8 17 8 0 20 30 20 17 7 30 23 10 26 20 13 29
15 29 11 16 5 29 19 17 8 7 9 11 23 20 27 8 11 21 17 24 7 20 5 22 22 27 30 19 10 10 24 21 23 25 21 14 0 29 19 25 24 6 15 15 20 2 20 19
15 21 28 15 30 4 21 2 17 30 30 24 28 12 2 8 29 15 17 17 11 16 2 21 4 17 14 19 22 13 4 18 5 14 12 10 4 26 5 20 4 17 19 17 14 27 29 11
26 27 8 29 3 25 30 4 8 8 24 23 6 4 26 16 10 24 21 20 12 10 5 19 13 11 20 4 30 4 15 16 20 22 27 28 8 12 8 8 23 19 21 29 22 23 3 5
24 11 11 27 10 4 27 7 20 24 30 4 11 9 8 4 21 28 11 20 12 11 23 1 21 17 0 20 28 27 3 30 29 14 19 8 5 2 3 13 1 12 15 20 15 10 23 0
18 7 0 19 1 12 1 26 27 7 1 25 1 21 5 4 11 8 20 6 6 30 21 0 12 4 11 0 7 11 26 0 8 30 5 0 23 6 23 9 18 14 22 10 25 3 18 16
3 10 22 3 25 16 17 30 17 7 6 26 13 24 15 27 13 28 4 27 8 20 15 18 11 17 23 10 21 2 20 0 25 22 7 15 30 0 8 23 9 7 22 28 22 7 16 13
30 22 12 11 18 7 16 29 4 26 7 15 0 30 30 4 19 2 6 21 5 7 8 25 30 9 20 9 0 5 30 19 18 21 24 28 1 27 29 6 4 7 0 11 3 2 22 18
12 6 16 13 17 5 11 18 2 20 9 20 3 7 14 14 20 2 6 21 3 15 20 26 8 19 14 9 4 22 23 10 14 6 9 10 22 4 21 22 26 3 4 13 8 12 12 27
