58 58
9 2 18 14 12 16 28 16 20 26 11 10 13 1 12 6 20 23 1 4 4 9 18 10 23 19 19 22 13 25 10 3 22 19 13 29 7 4 0 19 13 20 30 0 4 21 23 11 30 3 27 30 24 21 6 8 26 27
19 2 17 11 20 9 20 20 16 3 24 26 4 13 2 0 4 11 20 2 3 9 18 15 20 23 20 29 21 26 23 8 11 21 30 0 13 5 20 24 7 4 18 13 7 7 29 22 25 23 24 20 4 27 21 18 19 12
1 6 29 17 13 14 14 28 3 4 19 0 2 23 27 15 29 0 28 17 6 11 6 30 21 19 26 28 9 24 24 0 22 1 9 2 19 26 24 20 22 25 26 6 8 4 3 16 7 16 3 15 19 10 22 29 25 15
25 7 24 6 9 23 8 21 17 14 14 21 16 12 18 12 0 4 21 8 24 30 1 0 18 24 16 29 12 26 16 1 12 17 23 10 8 28 14 3 29 28 16 19 29 29 2 27 3 10 7 10 9 3 7 1 28 25
25 4 8 5 24 15 11 27 30 27 19 28 29 19 1 6 20 24 1 3 4 21 18 27 27 6 2 12 14 9 14 16 19 8 23 3 30 29 30 0 3 11 25 21 0 27 2 21 30 28 23 1 7 26 21 27 11 21
15 14 26 9 20 19 21 11 5 5 12 28 15 11 24 15 12 14 27 1 3 7 15 5 7 11 17 24 27 2 9 15 15 3 15 7 20 18 14 27 29 0 9 20 27 25 4 29 20 12 26 30 19 6 23 11 8 11
15 24 29 24 19 12 8 27 1 13 28 22 22 14 2 18 17 8 21 18 0 2 15 7 12 10 1 16 21 24 5 24 22 2 18 12 22 25 23 22 3 0 27 0 19 29 9 12 27 28 19 30 12 22 28 0 1 4
9 9 9 28 4 1 18 11 24 16 23 15 13 2 23 6 23 8 13 25 14 16 28 20 22 28 3 2 8 14 24 0 8 28 21 17 19 2 4 23 8 19 27 1 12 0 12 16 25 10 0 11 16 20 27 17 11 23
1 11 19 17 4 15 3 22 12 6 4 23 18 29 24 24 1 11 23 4 28 6 12 2 5 11 29 10 11 25 15 22 16 7 12 6 12 27 5 29 28 1 11 20 22 20 4 26 6 26 29 14 30 13 1 28 24 27
7 20 23 16 2 14 2 19 28 14 16 7 22 2 9 16 12 26 1 25 9 18 0 27 20 4 22 22 4 12 11 11 19 27 23 30 10 12 26 13 16 9 18 26 27 4 20 16 6 17 0 10 15 29 9 9 17 11
25 14 19 23 21 20 3 18 19 24 10 10 16 21 17 12 14 5 10 19 2 13 13 6 25 10 27 11 27 23 15 17 5 29 16 21 17 3 13 19 15 15 11 11 9 12 22 13 2 28 16 4 2 17 21 14 18 18
30 20 25 18 9 2 18 16 28 8 7 2 2 6 11 18 9 9 0 21 3 6 2 26 2 20 3 4 17 24 29 26 21 13 13 26 26 14 29 0 10 23 7 25 25 1 10 7 1 22 6 19 14 21 24 25 9 0
5 13 20 14 1 11 2 3 3 3 4 12 16 9 26 18 1 14 18 12 2 12 5 12 25 23 13 17 17 24 9 27 0 2 18 19 15 29 29 0 23 8 6 30 17 29 18 13 17 13 21 5 20 22 7 24 3 13
4 1 14 27 11 12 2 6 8 16 14 15 20 23 12 0 25 25 8 14 11 29 1 12 13 26 19 27 4 10 30 7 4 21 29 29 27 15 11 19 12 5 20 20 20 4 10 21 15 1 21 6 17 21 0 4 26 27
23 6 23 6 24 22 12 22 11 21 22 28 14 0 28 27 10 1 5 20 19 1 8 29 9 23 13 30 19 4 29 25 18 21 25 13 15 0 7 20 3 23 18 24 1 25 30 12 12 7 17 10 1 3 26 1 30 25
12 24 22 29 17 4 21 6 27 26 6 7 27 3 16 0 29 28 28 1 1 8 0 26 26 30 9 3 3 9 14 30 10 12 2 28 1 12 26 1 5 20 9 23 4 30 19 0 13 15 12 25 6 19 13 6 16 2
7 20 9 19 11 23 19 5 9 24 22 27 12 5 4 27 28 19 10 4 24 29 0 20 19 0 12 2 26 22 19 30 17 3 28 7 21 13 0 15 11 11 0 0 5 22 28 8 18 29 27 27 30 17 3 7 29 27
15 8 10 15 27 28 30 3 16 7 12 7 1 9 15 29 18 19 0 19 21 16 7 15 7 15 8 1 2 20 10 16 9 23 2 26 13 26 1 23 25 16 4 13 27 17 20 19 27 4 19 11 4 12 20 12 27 13
0 5 19 25 2 20 27 27 21 11 11 6 9 16 25 30 19 10 11 13 21 29 27 7 16 17 29 0 20 18 22 25 17 4 2 14 10 9 26 27 12 12 29 27 11 26 3 27 1 1 28 28 22 18 29 17 18 17
29 25 23 10 15 20 30 10 16 26 3 6 20 6 6 22 14 12 3 7 26 26 13 10 10 12 6 25 10 13 3 18 5 17 18 28 19 25 28 11 7 7 4 2 9 9 2 5 8 17 20 7 10 9 14 15 27 14
1 1 7 2 12 21 27 30 24 20 18 28 28 12 24 3 24 17 4 24 25 13 1 6 0 24 8 4 7 1 11 15 8 17 25 1 26 26 10 0 3 19 26 25 22 20 20 24 13 28 25 17 18 15 27 4 1 2
5 14 12 26 5 30 0 14 20 15 4 11 5 30 30 9 28 2 1 6 18 13 6 12 19 13 12 17 29 4 30 23 3 25 3 7 0 20 7 19 12 27 17 26 11 18 5 14 5 4 3 0 1 10 26 30 26 4
29 10 7 27 24 12 4 27 11 20 5 15 28 17 26 29 3 25 15 6 28 3 4 3 24 7 5 2 20 12 12 30 25 29 6 8 5 5 21 6 1 5 19 26 3 7 2 2 24 0 7 3 27 7 3 26 1 21
23 30 7 14 18 28 5 3 9 20 6 5 8 25 8 8 3 9 28 0 6 0 10 7 30 15 24 21 22 23 0 4 16 5 23 25 0 15 2 20 11 20 23 28 21 17 21 15 2 1 19 10 19 25 6 16 1 15
22 16 10 6 27 30 14 5 3 6 8 21 7 14 8 9 2 10 29 11 18 18 4 1 23 15 11 27 9 29 10 23 0 16 20 20 30 20 25 28 24 3 11 7 30 13 29 9 9 20 29 16 10 4 1 16 23 4
0 21 19 20 13 15 1 30 7 23 16 20 25 16 10 27 24 13 11 1 11 6 24 19 22 20 3 20 17 18 5 12 20 1 16 8 12 12 24 20 22 14 18 16 5 14 28 29 6 20 2 3 26 21 3 29 9 30
23 22 12 10 3 24 7 15 23 4 8 9 19 19 23 3 5 23 20 20 14 17 24 30 19 15 9 3 2 22 15 21 12 6 16 20 11 29 24 9 27 20 1 12 18 11 16 21 16 17 12 7 5 12 17 22 13 0
7 25 20 17 2 25 22 4 27 27 20 19 15 13 5 24 5 21 12 2 0 26 4 22 29 2 7 9 21 3 22 19 4 13 20 24 26 15 6 23 18 4 15 14 27 25 18 4 17 30 27 17 8 6 10 0 4 17
19 21 27 4 1 0 22 7 21 26 8 28 28 1 18 2 15 9 11 11 10 22 22 25 25 27 9 17 20 0 5 11 21 24 14 4 29 17 20 30 8 7 15 5 15 27 21 26 23 10 18 18 13 23 5 15 23 2
12 1 12 3 6 29 3 8 13 3 28 9 1 27 12 3 30 18 0 2 20 8 15 13 19 30 2 20 29 27 26 2 19 5 25 2 12 6 29 25 6 5 11 7 30 9 14 26 8 10 14 19 13 21 6 21 4 30
20 30 16 2 14 16 24 15 2 28 26 8 29 5 11 10 28 25 14 22 30 16 5 7 5 20 27 20 22 16 4 18 18 24 27 2 1 28 21 17 21 7 2 23 15 6 11 26 11 0 15 10 13 2 5 23 6 23
3 23 8 10 16 30 17 2 8 5 26 22 15 18 20 26 21 22 6 9 30 23 23 5 15 5 21 28 3 18 21 3 6 2 6 17 6 6 20 12 20 19 6 28 8 15 2 17 30 7 5 12 22 2 29 6 26 24
24 11 1 26 4 9 18 13 1 20 3 24 19 30 22 22 1 15 20 15 4 1 14 21 0 4 13 17 16 7 8 3 2 4 7 8 13 10 11 5 21 6 16 9 15 7 6 17 24 8 25 6 29 24 24 0 12 25
0 28 6 20 11 0 28 18 25 15 25 10 11 28 19 24 6 21 1 25 9 26 24 3 24 13 16 13 7 10 20 14 27 27 0 29 1 4 9 15 17 12 3 6 6 26 28 15 19 15 23 13 9 4 3 25 10 11
29 15 17 14 0 20 23 16 9 6 3 29 23 21 18 12 26 27 29 10 26 9 18 6 17 15 11 23 5 8 16 1 25 20 19 6 3 26 18 23 21 29 9 3 14 7 11 13 11 18 14 12 1 21 21 29 8 27
3 3 26 24 4 26 14 23 10 1 1 14 21 0 19 22 9 23 21 3 6 17 29 7 7 18 30 29 3 0 1 30 0 19 19 25 26 2 8 3 23 25 9 20 25 8 4 18 22 7 25 14 5 29 13 7 8 6
19 0 8 22 11 12 2 27 11 4 9 8 6 21 25 25 30 28 1 16 3 15 14 11 17 27 30 22 8 7 7 10 4 30 20 28 0 3 3 11 16 11 28 28 29 30 0 18 10 16 20 19 28 10 26 5 25 20
18 18 5 9 28 5 6 7 11 26 2 27 18 22 11 3 4 2 15 27 4 19 4 16 27 28 28 18 11 22 25 28 16 8 7 18 27 4 7 30 1 10 24 28 10 22 10 29 4 14 12 12 25 21 0 21 20 3
24 5 18 1 25 27 1 14 11 25 8 26 2 9 8 23 17 30 26 27 23 17 16 10 28 29 1 3 7 1 1 30 21 17 3 16 8 20 18 5 8 6 25 27 3 1 27 3 3 19 24 4 20 27 23 28 21 22
6 7 2 0 30 10 13 11 10 3 7 18 26 29 5 24 11 9 26 12 5 11 14 10 21 25 8 30 13 14 23 18 25 5 6 24 12 27 12 24 12 5 22 12 7 15 23 0 10 12 23 18 6 9 14 26 20 23
29 11 25 25 0 11 22 6 11 26 29 7 3 30 11 12 25 10 4 15 27 25 3 18 14 6 1 16 21 15 1 16 24 9 5 19 24 1 20 4 4 1 2 23 11 18 13 23 22 16 10 28 17 20 25 26 1 15
22 4 3 18 10 2 11 5 11 29 16 8 23 0 7 18 26 5 16 21 29 10 16 12 16 4 3 20 13 5 1 8 17 18 3 30 24 15 3 2 27 18 5 12 1 21 21 25 12 28 19 18 2 16 28 11 22 7
25 1 15 10 14 3 30 18 24 9 7 20 10 15 0 9 23 11 17 7 27 27 18 12 21 16 16 1 10 14 30 9 17 5 29 23 20 10 30 2 10 30 6 2 25 14 9 30 30 15 9 11 25 10 26 25 18 15
21 16 30 25 1 15 21 14 21 13 3 16 13 19 30 22 24 1 25 26 11 20 11 10 23 9 16 19 15 30 16 25 9 30 14 23 2 14 10 2 6 1 5 0 13 18 25 23 23 20 20 3 17 13 2 14 2 11
0 27 23 16 3 26 29 26 9 9 11 15 16 28 5 1 19 30 15 24 25 11 10 14 5 25 26 22 14 8 7 6 30 10 5 8 23 28 15 3 27 23 8 14 11 9 19 22 26 4 23 3 5 2 18 25 4 10
18 28 10 0 17 30 4 15 22 16 25 9 0 2 11 11 26 28 30 2 8 10 4 10 30 9 9 24 20 7 2 0 18 17 7 4 20 2 21 3 3 4 9 1 2 14 27 25 16 11 9 23 4 7 24 11 12 5
12 29 13 13 14 20 8 10 22 27 10 27 17 18 6 4 17 19 3 3 22 10 27 20 14 26 19 29 5 2 25 18 3 21 23 8 8 28 26 18 10 19 0 2 11 26 0 18 14 25 4 4 25 6 10 4 30 28
7 21 13 22 4 2 23 25 15 9 26 30 22 24 1 4 21 6 26 9 13 18 10 25 16 0 29 10 22 7 17 17 26 5 14 26 2 22 17 26 7 28 14 10 27 23 14 26 7 30 27 15 25 5 1 5 29 19
9 19 29 16 10 30 1 6 20 24 18 13 9 24 23 6 2 21 2 9 6 10 7 4 13 21 16 29 11 26 14 30 26 0 13 19 12 18 28 25 22 26 25 19 10 7 0 23 3 1 4 3 30 25 24 17 29 5
18 4 15 9 13 20 9 9 15 17 27 7 19 11 17 1 1 26 13 13 14 14 12 22 1 23 26 1 27 20 18 16 9 10 13 30 29 0 20 0 25 16 4 12 26 7 25 22 5 20 12 3 21 13 5 9 8 1
23 5 2 25 10 14 3 27 11 9 11 5 9 29 12 4 14 18 4 12 17 5 20 5 1 9 9 17 11 17 21 5 0 24 18 10 11 13 6 16 17 18 0 18 24 1 30 9 8 8 11 7 17 28 14 12 10 7
9 11 10 18 24 21 19 15 17 23 3 2 0 20 4 5 28 9 26 12 1 30 26 8 13 21 0 11 4 22 14 2 21 6 9 4 21 11 30 7 14 21 3 30 21 4 1 10 14 25 27 7 0 12 22 25 21 25
4 11 14 29 15 23 25 0 22 15 14 27 16 7 14 5 22 17 8 13 4 24 1 11 28 19 19 6 0 3 20 13 14 18 4 23 11 22 7 9 17 6 16 7 5 6 2 26 4 22 24 27 20 24 6 14 5 11
6 1 28 12 29 13 25 24 9 29 9 18 27 22 1 4 12 16 23 11 17 29 25 4 16 9 4 6 26 1 28 7 14 1 2 5 23 14 11 9 1 10 2 22 27 5 15 10 22 23 10 0 28 15 17 28 16 14
16 2 29 6 10 10 11 22 1 22 24 6 19 12 30 10 13 16 5 11 4 25 24 1 2 29 11 20 5 4 1 2 12 18 8 14 21 24 20 6 9 4 21 10 30 17 15 25 21 29 7 13 28 9 14 13 18 2
24 1 20 6 30 12 3 1 18 0 26 25 30 21 7 18 28 28 28 10 4 14 29 15 9 10 5 8 10 30 10 3 7 12 5 2 2 7 25 2 24 25 11 8 18 4 5 4 25 10 18 26 22 28 15 4 12 24
12 18 21 24 17 14 17 19 17 10 4 26 11 21 30 10 11 2 23 23 0 6 22 23 27 15 22 17 30 1 10 20 23 22 22 6 12 19 17 7 29 22 30 13 29 20 5 12 25 5 27 26 9 27 19 15 23 7
0 5 28 19 25 23 15 14 7 20 17 18 20 9 16 20 9 2 5 20 7 12 13 8 12 11 23 30 28 15 10 5 27 24 16 18 0 12 28 26 5 26 0 0 21 14 20 13 19 22 6 24 21 6 12 6 16 11
