59 59
18 5 3 13 30 17 1 28 22 29 6 15 12 17 25 22 6 24 26 21 19 19 11 9 14 15 22 6 4 27 27 13 4 24 1 8 9 12 26 30 22 16 3 1 16 29 14 11 16 0 2 19 4 12 22 10 9 1 17
18 13 6 23 9 28 2 30 7 19 17 22 15 25 14 5 0 21 29 20 9 27 24 2 20 21 3 4 22 7 4 0 19 12 15 27 18 30 22 17 4 11 6 30 21 10 24 9 1 20 3 20 23 15 25 28 29 10 7
28 22 6 6 30 19 11 5 22 8 19 8 13 14 8 28 29 4 9 24 22 11 30 12 23 15 7 2 28 0 8 27 5 16 20 26 9 25 3 6 18 2 6 3 21 17 22 19 20 12 12 2 4 18 3 4 8 29 16
17 24 24 23 16 17 7 4 5 18 6 27 26 30 3 27 13 30 24 12 15 18 12 19 20 2 7 7 16 5 0 26 26 10 7 23 20 0 2 15 10 21 8 28 17 19 20 30 21 10 14 19 29 22 18 18 11 26 2
3 13 28 16 7 16 12 14 10 7 3 28 15 21 13 25 9 0 15 21 3 0 25 16 7 6 1 26 29 22 24 9 26 17 0 0 1 17 8 23 9 15 20 29 8 21 27 30 6 28 13 20 16 15 12 28 11 16 26
27 4 23 13 2 6 9 18 21 16 24 4 19 9 16 26 21 30 18 4 23 20 2 15 17 24 19 29 8 14 13 13 9 28 30 30 2 0 16 3 21 22 30 16 12 25 1 16 25 10 28 30 2 29 6 6 24 21 20
25 10 25 6 17 23 9 1 28 23 29 9 20 9 12 17 11 16 5 2 0 13 15 14 2 26 8 5 15 24 29 20 24 11 16 3 23 24 20 8 1 19 23 6 16 0 27 24 16 24 13 8 3 27 13 25 9 3 16
29 30 19 1 5 16 25 8 6 1 2 22 1 12 14 15 9 14 2 4 27 14 3 3 15 30 28 20 26 6 12 24 14 13 24 0 19 15 13 4 30 13 25 24 14 28 21 16 26 14 20 3 15 30 21 15 25 4 3
22 8 6 17 3 16 19 16 22 30 13 15 14 18 19 27 7 16 17 18 25 21 6 1 9 26 4 16 3 13 26 27 26 24 17 6 13 16 22 30 27 19 7 29 22 25 25 16 29 14 15 9 7 15 7 15 17 19 27
11 0 17 18 6 17 19 22 27 7 8 27 13 12 30 21 13 14 22 29 11 23 2 28 21 4 21 19 16 15 18 0 18 21 5 4 14 18 15 10 25 28 26 23 14 9 0 21 19 9 9 13 24 19 11 8 21 19 7
7 8 12 7 9 30 9 28 4 28 20 5 26 13 9 8 8 21 19 19 5 28 7 26 12 1 21 26 25 26 15 11 16 11 16 27 9 3 8 3 29 28 2 10 19 9 30 22 2 12 18 13 5 23 12 29 28 21 22
27 10 27 18 4 27 11 12 12 19 2 16 0 23 26 4 1 6 27 3 0 19 6 14 19 6 29 22 26 21 1 13 8 26 14 21 18 11 26 13 6 25 13 12 14 17 28 17 23 22 20 4 27 0 1 24 1 14 3
4 6 15 0 1 17 17 14 27 26 25 4 2 13 0 11 15 8 7 25 22 2 5 22 24 23 0 18 29 17 4 17 12 1 29 28 16 17 25 21 0 17 19 21 10 24 26 20 15 25 4 18 14 19 2 7 15 17 9
28 7 27 13 29 11 6 15 14 30 17 24 15 23 18 25 19 9 27 26 0 24 19 13 8 20 1 17 24 11 10 17 8 0 5 19 4 24 19 11 20 13 16 25 13 19 14 13 29 0 15 6 10 12 11 29 20 15 19
21 22 11 25 20 14 9 18 4 21 15 3 28 24 25 12 23 1 9 18 2 1 25 17 10 7 19 17 1 2 20 1 4 25 11 25 23 22 3 19 20 28 14 1 23 18 22 15 21 6 5 22 28 30 19 25 1 29 17
16 22 18 12 18 6 22 21 13 11 22 12 16 29 1 28 13 8 23 1 22 5 21 15 6 18 25 16 8 28 24 16 23 29 14 2 13 12 18 11 5 13 4 23 30 11 27 0 0 14 21 6 29 25 2 12 20 11 7
23 5 27 17 9 9 5 20 5 2 22 21 19 17 8 8 16 11 19 1 19 22 14 23 24 22 25 23 23 16 30 5 25 10 1 18 19 17 13 7 2 22 21 24 18 17 13 10 19 7 17 16 6 18 27 2 10 1 5
10 14 27 15 15 21 11 23 27 3 12 0 28 5 21 29 19 13 13 16 6 3 27 20 24 9 18 1 12 17 7 21 19 8 24 7 29 30 14 22 19 1 11 0 1 27 0 12 24 13 29 16 1 26 9 28 18 28 2
6 16 15 14 25 13 14 21 13 15 18 9 6 2 9 5 8 7 30 9 19 4 22 10 27 20 3 13 16 13 10 29 8 1 17 24 16 28 12 15 11 1 7 10 21 15 2 21 15 30 30 8 2 29 0 7 9 5 2
22 27 6 21 5 25 1 9 28 4 19 6 14 5 3 18 3 18 13 23 4 1 16 8 22 27 19 11 16 30 25 19 30 23 28 21 2 13 11 7 4 7 4 6 25 17 12 22 6 0 7 19 21 30 1 10 16 17 6
30 23 16 5 4 29 12 21 16 11 23 3 27 20 2 29 9 23 15 27 4 29 24 19 25 25 15 15 1 9 18 6 19 18 0 18 16 11 1 1 22 2 27 10 8 20 5 10 17 2 25 1 20 28 26 19 16 28 12
30 1 14 4 12 9 24 6 23 2 30 8 17 15 7 22 23 16 12 6 12 24 0 14 8 3 26 26 15 15 1 0 2 18 5 24 27 11 26 6 25 12 22 1 2 3 5 20 26 17 1 20 9 12 15 27 14 0 15
25 30 20 28 26 29 0 24 8 2 24 18 1 30 22 15 30 27 27 13 1 2 0 25 26 7 21 16 30 27 21 1 13 10 22 15 17 21 24 9 18 9 26 7 0 9 13 25 18 15 11 9 28 11 14 13 30 3 7
11 19 1 26 26 14 29 9 19 7 11 12 23 11 12 5 22 13 22 18 0 9 15 29 17 2 4 15 23 13 15 9 17 26 10 11 4 2 15 25 6 6 26 20 13 9 18 2 10 13 9 15 21 12 14 29 22 6 26
18 10 8 5 14 1 6 24 24 1 25 5 18 2 19 7 28 24 20 19 28 16 4 28 13 1 8 29 25 12 11 17 16 30 24 3 22 8 16 16 28 0 21 19 10 9 9 0 21 3 23 13 8 11 14 11 25 19 28
9 0 18 7 26 25 19 17 17 2 19 29 30 1 11 26 10 30 17 10 15 20 23 7 20 17 13 17 17 1 7 25 7 24 4 15 5 1 0 4 21 8 9 28 6 8 25 28 29 13 12 3 8 8 12 5 17 19 15
2 25 12 5 12 24 6 11 2 23 15 22 30 3 27 5 26 28 26 26 30 11 23 2 3 29 11 16 3 23 22 22 8 30 26 11 30 26 15 10 15 1 18 10 20 12 15 1 9 21 23 26 8 8 26 25 2 22 17
15 15 5 10 7 16 0 1 9 8 27 20 7 0 9 13 11 7 8 29 14 30 29 2 2 10 2 21 30 4 28 23 25 4 0 8 1 17 27 8 5 11 17 18 15 18 27 21 22 15 25 20 17 16 10 17 23 11 3
17 10 14 28 20 28 11 17 30 15 30 14 10 30 3 14 6 16 11 9 8 4 4 6 26 11 2 15 5 30 18 28 4 26 16 17 11 1 22 0 9 11 4 15 10 11 9 4 5 24 25 15 10 29 5 17 14 1 27
17 14 22 28 12 7 3 16 23 2 28 23 23 26 17 13 10 9 27 19 3 19 7 7 0 15 6 10 20 23 30 5 17 10 3 20 0 3 4 5 26 3 12 23 6 7 24 27 3 28 13 18 16 15 2 23 29 7 28
10 11 25 14 28 20 7 14 14 6 23 23 19 6 24 10 15 12 9 7 18 17 30 7 25 28 9 26 6 23 4 15 12 21 4 21 22 15 13 11 19 28 29 14 17 19 22 17 26 11 27 27 19 17 22 7 24 13 6
11 16 24 26 14 21 22 2 3 24 29 14 25 10 17 21 13 28 3 27 22 17 21 29 15 15 1 15 11 27 18 12 22 15 4 15 17 5 19 23 18 15 22 8 16 24 2 2 8 24 26 28 10 9 29 15 16 1 12
19 4 4 5 4 8 29 28 2 11 7 26 27 2 11 8 6 27 8 1 20 9 18 22 2 23 28 17 26 8 18 7 11 14 7 19 24 13 15 30 21 19 12 12 9 0 11 19 24 19 26 0 21 30 27 18 26 14 7
20 19 13 22 1 22 28 8 5 3 20 13 24 7 28 4 28 8 2 29 1 21 17 2 20 9 6 7 13 26 10 21 29 24 11 17 15 27 4 17 5 29 26 20 29 2 11 10 25 4 30 18 19 30 2 0 11 1 26
27 21 7 17 14 13 25 20 17 8 23 21 0 5 16 26 18 3 6 17 20 5 18 8 6 27 17 25 28 21 22 6 18 12 20 24 11 27 29 7 26 12 23 25 3 9 15 13 2 9 19 4 10 25 23 5 3 29 12
20 10 26 8 23 4 6 6 0 6 25 15 9 6 16 24 19 3 14 4 15 3 14 23 19 11 18 29 17 30 30 8 24 24 26 19 19 14 5 16 2 11 9 23 17 19 8 24 15 3 25 22 7 24 15 12 27 17 29
9 9 17 23 21 3 9 15 24 13 24 9 22 4 12 24 0 28 25 24 27 14 11 10 4 25 8 2 20 17 25 3 21 21 12 17 29 19 20 24 21 24 18 27 10 17 23 28 29 7 7 8 4 9 16 14 23 20 7
3 20 30 3 8 10 10 25 7 0 3 9 24 16 0 14 26 20 22 19 12 16 1 6 9 18 17 30 2 30 12 28 19 12 22 29 13 8 26 16 22 14 13 29 3 21 22 22 19 17 6 9 2 13 5 0 4 21 19
14 2 13 13 6 15 2 7 5 15 13 4 29 11 16 30 6 7 3 12 14 24 20 17 22 25 14 12 26 29 7 13 4 18 27 27 5 24 30 30 5 22 2 1 13 12 14 7 9 27 17 5 19 21 10 9 9 21 14
0 23 20 12 2 0 3 23 6 10 8 2 1 22 8 15 26 3 12 9 2 28 11 22 15 29 13 10 17 9 17 7 27 6 18 12 17 12 30 2 30 19 14 1 12 20 13 14 4 28 1 6 24 1 26 7 27 13 11
20 13 16 14 26 27 29 9 25 5 15 11 19 12 9 4 2 6 7 23 0 25 11 5 30 0 11 20 14 22 9 14 5 9 11 18 0 18 15 1 9 29 22 0 22 27 20 22 8 30 26 13 18 1 30 0 19 5 17
20 3 2 18 25 26 16 14 20 16 16 0 20 14 2 3 3 3 24 18 10 27 20 29 6 15 18 21 18 7 18 21 14 11 24 20 9 8 16 23 13 1 25 16 28 6 5 24 6 10 7 2 20 16 27 19 7 28 0
21 9 3 18 23 15 18 29 27 30 28 15 0 1 20 30 15 3 9 12 30 7 28 23 27 23 13 10 22 20 10 19 18 0 21 5 1 12 6 23 9 0 19 16 17 30 29 1 15 23 22 21 21 25 1 12 30 8 30
3 14 16 14 10 24 29 4 23 30 22 25 5 1 15 1 6 18 1 15 14 12 13 6 11 1 26 16 29 24 16 13 26 18 25 15 23 1 22 6 25 6 15 25 0 13 2 2 22 2 9 19 23 8 2 29 25 14 17
4 18 10 12 30 10 12 3 19 23 12 20 3 29 1 10 24 0 11 25 7 10 24 28 22 24 3 26 26 4 14 14 0 23 26 3 1 15 7 18 20 2 12 20 7 19 13 3 24 16 4 23 19 24 14 7 14 6 30
8 11 26 10 26 28 0 7 15 22 8 25 6 2 6 25 6 22 4 26 29 2 7 20 19 6 5 28 9 16 16 18 28 15 29 5 15 10 24 11 21 8 20 16 0 22 9 1 11 18 26 28 0 13 17 18 1 8 10
29 4 9 5 15 1 12 27 13 23 14 9 0 8 25 4 2 2 10 20 3 7 15 11 2 4 20 19 29 12 18 3 0 4 13 17 25 15 16 1 16 16 14 11 28 24 18 4 17 10 27 14 18 20 19 16 28 21 9
22 21 7 25 15 6 18 26 5 8 0 5 20 19 24 20 19 16 17 19 24 7 16 5 16 15 13 22 6 5 5 25 1 6 23 26 29 16 1 15 17 8 0 13 24 5 26 5 3 1 12 0 18 9 14 6 17 16 16
26 1 0 20 23 22 15 12 4 23 11 12 16 18 5 6 4 18 30 3 21 10 26 2 20 7 8 4 15 26 10 22 19 16 8 22 20 20 7 8 12 21 5 24 20 17 30 28 16 18 17 20 6 13 27 9 12 3 28
18 9 17 17 3 26 2 21 11 22 9 7 7 15 4 18 6 6 1 21 18 19 14 19 18 28 17 13 10 10 23 13 26 7 3 8 13 26 28 29 12 29 27 30 26 27 0 23 16 17 29 12 10 14 7 2 23 7 27
4 24 17 0 2 30 30 12 4 23 5 24 30 23 15 23 22 14 12 18 22 19 20 4 20 3 0 14 18 4 15 4 9 19 21 26 23 2 24 7 17 2 19 13 19 21 24 18 2 30 8 15 21 19 16 10 10 21 22
8 7 23 9 11 9 2 2 4 17 20 8 17 4 2 19 10 29 16 27 25 7 4 9 5 3 19 27 26 14 8 15 16 11 11 10 1 21 5 3 17 20 5 6 29 14 6 4 21 11 19 18 13 16 7 7 21 23 1
11 17 26 12 24 17 24 5 30 21 19 22 8 7 9 14 21 5 28 5 23 13 21 3 18 30 19 25 12 28 29 9 7 3 2 23 20 11 20 30 28 25 17 10 1 23 0 3 13 27 9 13 2 5 23 6 23 4 17
24 27 3 15 6 30 9 17 4 0 17 0 10 19 13 28 19 30 17 2 5 11 2 11 10 26 5 2 5 17 14 0 12 18 3 2 15 11 21 28 18 27 20 17 1 9 8 18 14 2 15 24 1 6 26 13 15 27 16
19 11 18 19 13 14 11 14 19 18 20 29 21 17 11 11 4 17 16 7 13 18 19 6 10 2 27 29 5 28 27 26 2 6 7 3 9 10 23 23 3 27 21 16 29 19 12 20 14 27 19 21 23 28 5 9 8 17 26
29 19 16 29 26 28 15 21 28 25 8 7 20 14 12 13 4 17 3 8 8 27 25 28 4 8 28 4 30 5 27 9 23 10 20 0 5 29 6 17 1 9 16 0 22 14 18 9 4 12 20 16 24 21 14 6 18 5 0
27 14 28 19 19 29 15 28 18 6 24 16 0 27 23 17 2 23 1 21 13 30 15 4 28 25 1 25 5 30 24 24 12 24 12 25 7 25 26 19 28 9 0 4 11 23 5 13 27 29 14 26 13 4 11 2 28 17 8
1 19 5 10 18 4 5 7 6 1 11 19 15 22 13 4 5 27 15 22 12 24 17 21 28 15 23 19 16 19 5 7 9 6 14 4 25 8 19 3 19 30 1 21 4 3 28 8 4 12 7 5 26 28 6 30 23 23 11
30 15 4 5 24 1 12 28 14 17 10 7 3 17 1 4 23 20 13 14 29 7 9 13 6 24 20 8 10 12 26 1 23 15 25 27 28 6 18 8 2 27 24 9 12 15 6 24 20 17 10 2 5 11 14 10 1 27 30
