60 60
26 12 13 9 6 15 18 1 11 25 26 19 26 0 3 30 17 11 8 18 2 22 18 20 9 30 19 27 2 6 3 13 3 16 27 16 9 7 26 6 7 17 25 0 25 7 12 2 15 20 2 5 14 4 4 4 27 3 7 15
29 27 16 4 12 19 8 9 3 10 10 0 25 30 4 7 5 6 28 18 23 15 6 4 0 20 24 26 16 19 22 19 7 12 20 14 5 20 14 7 4 30 30 24 0 7 9 30 24 4 24 28 22 12 9 0 18 5 20 22
28 30 7 20 19 8 23 15 17 28 0 5 25 6 1 18 19 6 10 24 5 22 5 24 19 20 15 28 30 0 23 6 29 24 2 21 22 14 29 10 16 21 8 17 20 2 29 16 20 4 4 5 21 25 11 28 28 12 3 26
18 6 22 20 11 28 11 2 15 21 4 20 0 15 0 18 1 26 25 28 21 15 15 28 6 13 2 18 26 23 26 12 25 29 10 29 7 5 2 27 17 1 22 16 1 8 7 13 21 26 7 7 15 7 24 6 11 30 15 19
2 15 11 23 23 18 22 15 5 11 4 11 24 3 15 13 25 5 3 1 18 28 17 29 25 12 2 25 16 1 29 27 19 1 4 7 0 1 24 5 21 17 19 16 17 10 24 18 29 30 30 19 26 13 10 19 27 21 0 14
19 15 5 0 8 4 10 15 22 2 7 4 3 14 20 13 16 30 15 23 17 19 25 17 23 1 7 19 7 18 2 27 29 6 12 12 5 13 22 16 20 6 21 12 9 6 22 24 30 2 4 21 15 18 16 10 9 12 21 4
2 23 12 18 21 24 4 16 23 10 12 11 8 0 10 14 22 14 20 25 2 8 29 25 13 25 12 19 1 7 13 16 8 23 15 5 8 25 13 25 16 1 5 25 6 26 0 18 8 30 21 6 23 16 10 26 24 21 4 13
3 0 8 9 13 12 23 2 9 17 3 8 21 13 30 3 25 17 3 15 25 9 3 17 8 23 26 14 22 15 24 7 2 0 10 19 22 19 18 12 25 2 2 14 12 0 22 12 14 8 3 7 18 12 4 22 9 5 25 22
21 12 1 2 18 23 5 12 24 9 9 10 29 3 24 24 17 19 4 4 6 25 11 15 28 19 20 20 0 2 20 30 7 17 2 27 22 5 11 18 5 0 30 2 16 5 15 27 30 4 11 20 1 7 3 24 0 15 18 2
14 8 9 23 11 25 20 10 19 25 29 8 21 2 12 30 23 1 15 24 23 9 20 3 27 14 2 9 8 8 26 21 21 13 5 29 25 17 17 12 29 12 24 0 23 3 25 8 15 2 1 17 13 14 5 30 22 6 14 11
15 26 4 23 28 7 7 9 23 22 8 23 12 29 25 16 0 22 17 8 12 12 20 8 28 14 17 13 22 25 21 10 4 0 10 4 25 8 29 24 27 20 10 25 12 21 7 8 23 7 17 4 27 18 2 13 3 27 2 9
24 30 13 17 7 6 29 6 20 5 7 10 1 8 11 5 6 5 18 5 13 12 27 28 14 8 29 3 4 16 20 6 30 29 11 2 13 7 9 26 16 4 13 26 29 16 25 26 23 12 13 16 1 11 9 24 5 8 15 3
25 17 11 7 2 24 16 18 9 21 10 16 3 25 22 20 18 25 18 9 15 14 27 26 11 30 13 28 16 20 21 13 12 17 13 16 10 6 28 27 7 25 7 10 3 0 2 30 8 12 25 20 22 11 20 14 18 16 0 18
27 22 2 6 0 8 13 14 24 24 11 5 27 27 17 30 7 15 1 1 30 16 23 2 7 27 30 28 9 8 5 28 9 26 25 26 2 27 29 0 10 11 30 15 1 29 13 2 17 20 29 3 7 28 1 0 15 7 1 4
16 20 20 15 19 12 27 21 12 21 13 29 18 0 25 2 19 4 0 22 22 5 7 1 25 16 9 23 30 1 27 22 3 14 26 19 27 7 25 24 0 13 8 22 4 16 5 6 15 14 15 24 1 13 26 21 13 1 6 6
29 16 21 27 18 10 0 2 23 3 0 23 21 20 17 29 24 7 21 14 24 7 4 16 23 17 16 12 13 22 20 13 8 28 20 28 4 6 5 20 18 6 12 5 13 30 8 29 17 14 25 11 2 4 29 2 28 27 29 1
14 24 11 16 23 17 11 6 25 8 6 3 16 25 16 21 8 4 11 3 0 22 24 11 2 4 15 29 5 30 28 8 6 2 5 15 20 0 22 11 14 29 4 3 14 12 16 27 21 11 24 17 4 23 20 12 29 14 2 25
11 4 29 18 5 19 0 23 7 7 19 7 27 3 16 17 7 20 12 9 0 12 3 9 25 17 13 18 16 16 5 29 17 19 2 14 26 28 3 7 25 22 10 22 1 5 29 22 6 5 17 20 29 15 25 28 9 8 10 15
26 7 10 23 14 18 18 27 11 23 4 27 6 24 21 0 20 19 6 19 29 17 29 16 29 24 1 20 23 16 9 23 10 25 30 10 21 18 13 17 13 28 26 27 7 6 0 3 13 28 29 23 27 19 10 18 20 20 26 22
7 5 2 25 9 20 12 12 23 0 12 9 21 2 19 15 26 19 9 27 28 15 11 27 11 3 4 19 7 5 26 23 26 5 25 8 11 29 6 20 5 27 22 20 18 21 3 12 18 27 10 13 18 5 28 3 6 17 3 17
11 24 13 5 20 1 17 30 2 7 26 7 18 25 9 8 28 26 23 27 29 6 4 1 19 29 7 18 8 23 16 8 21 28 2 16 11 14 27 0 14 5 2 0 5 8 7 23 18 15 27 14 18 12 1 0 26 3 1 19
25 22 11 30 13 12 13 8 23 20 3 29 30 18 14 26 1 24 13 13 5 1 17 16 29 11 26 18 11 5 11 28 24 10 23 2 15 4 26 12 27 24 15 0 25 14 19 20 25 30 15 3 18 22 28 4 22 20 19 12
19 16 20 3 28 30 18 12 6 7 18 0 21 0 14 21 8 4 28 0 11 4 3 26 19 10 21 11 30 2 11 7 30 8 27 1 5 5 29 15 21 9 17 11 29 1 23 18 30 3 10 22 13 7 10 16 17 6 1 13
5 18 19 4 6 6 16 15 2 6 29 10 24 13 5 29 14 22 16 17 16 1 4 0 6 16 25 19 21 19 14 2 23 0 21 11 13 2 22 23 18 0 13 28 26 27 9 20 0 22 30 12 29 18 23 13 18 15 2 20
12 20 13 3 30 24 8 0 24 7 24 11 2 6 19 12 15 13 24 0 24 4 25 2 30 14 29 22 2 21 21 27 10 26 22 9 16 13 6 21 14 13 19 13 20 3 24 3 25 4 2 18 20 1 25 10 0 4 4 27
10 28 29 6 22 22 5 28 8 8 26 16 30 22 29 5 30 2 15 5 27 12 2 18 6 21 30 25 23 22 21 8 15 17 8 17 1 28 2 21 1 19 23 7 26 22 13 30 14 20 15 16 15 28 21 5 21 1 18 0
19 7 14 10 0 9 30 17 5 9 3 24 12 25 25 25 23 2 6 21 4 19 2 9 6 8 3 20 1 17 17 27 18 14 16 26 21 15 12 20 3 7 23 15 7 24 20 27 18 8 17 8 3 9 3 6 5 5 19 22
21 9 22 19 14 3 5 8 8 4 10 16 17 19 10 7 14 30 23 1 15 4 4 25 4 15 30 21 16 28 3 12 5 11 13 15 11 5 28 28 14 17 14 20 22 9 7 11 2 23 15 16 0 13 5 1 1 0 26 0
23 28 8 15 3 11 20 8 14 15 24 16 12 3 23 1 2 30 25 28 16 19 21 12 23 18 24 17 6 30 7 6 11 22 16 28 14 2 11 30 14 19 19 3 28 15 1 24 8 20 5 21 21 1 28 30 5 12 12 4
3 7 9 12 19 26 18 23 23 0 18 14 17 15 4 4 10 1 7 3 17 8 16 9 5 26 11 21 21 8 19 13 13 0 3 27 16 27 27 8 3 29 18 12 4 21 14 21 11 5 5 20 3 18 0 26 11 26 11 6
29 29 30 23 19 30 28 0 28 7 15 12 19 8 25 0 18 30 29 28 23 25 28 21 25 22 26 0 15 7 22 15 18 30 5 3 8 4 6 20 30 9 15 22 17 13 1 29 25 18 17 1 27 26 29 25 0 30 24 25
29 21 27 24 1 7 7 26 19 14 28 26 15 1 1 25 0 26 10 4 1 9 29 6 24 10 26 23 27 13 6 16 0 22 26 13 21 15 26 6 3 20 3 8 7 26 10 25 9 27 27 25 22 1 1 22 20 16 13 28
27 9 0 25 1 7 5 27 20 25 15 13 30 17 30 8 12 18 12 11 3 17 21 21 6 15 15 26 22 21 14 28 7 29 12 23 15 30 27 6 27 24 14 16 24 24 6 16 2 17 3 13 14 22 24 23 4 28 30 4
15 21 14 14 12 18 27 20 9 16 1 25 0 0 12 22 7 12 28 7 27 8 8 13 5 2 9 18 3 30 17 8 21 24 27 25 26 16 30 0 15 23 17 27 9 9 29 1 25 23 26 16 14 13 9 1 16 23 0 4
6 2 23 26 1 28 17 26 27 18 27 1 15 28 11 6 6 7 0 7 29 29 4 6 0 0 7 21 19 14 18 19 23 25 7 1 0 29 2 22 28 19 6 9 29 23 3 18 11 11 30 25 5 25 25 2 10 22 8 28
16 14 4 24 0 6 21 6 20 14 13 22 26 26 7 24 21 28 28 13 2 18 19 13 3 21 20 20 26 19 24 11 26 26 10 13 4 22 16 29 3 8 16 14 5 15 18 2 11 22 26 16 4 17 8 22 4 21 6 21
11 22 29 13 26 22 20 20 21 29 30 3 0 1 24 7 0 4 25 10 1 15 14 12 16 17 17 8 4 8 23 6 20 19 1 9 30 25 19 0 21 3 24 10 15 27 23 29 24 15 17 26 11 15 12 6 13 21 30 5
6 7 23 27 26 25 18 28 26 19 28 24 2 13 29 8 6 4 5 8 10 26 1 21 22 28 25 9 17 9 17 15 22 4 3 9 3 1 7 13 12 5 3 2 23 4 22 18 6 6 27 16 10 18 22 22 18 18 24 1
18 11 30 10 10 8 24 2 16 18 0 7 2 18 29 10 13 4 21 1 1 19 6 3 12 26 8 18 28 7 28 7 2 30 9 22 30 28 13 15 25 2 30 13 5 25 25 2 2 5 6 8 9 2 26 24 20 0 27 2
8 14 1 29 27 4 11 0 2 28 23 0 19 13 23 16 22 19 27 9 27 21 9 24 20 24 5 23 10 6 3 22 13 25 28 3 23 18 10 12 11 27 8 16 21 3 17 22 13 10 30 24 26 15 30 21 9 15 11 29
23 7 24 23 11 5 26 9 9 22 21 12 29 8 20 13 28 5 8 26 10 10 7 5 11 13 28 4 13 12 0 12 15 20 26 0 10 17 17 8 3 10 3 27 11 27 24 30 21 8 19 25 18 27 21 17 21 19 12 1
16 16 27 22 2 28 25 11 25 21 2 28 27 21 11 6 11 11 4 8 11 11 15 22 1 24 24 17 10 13 9 27 4 9 26 1 24 7 3 27 4 30 16 9 22 5 9 28 4 23 13 27 4 27 28 18 6 8 20 27
15 2 13 7 23 14 1 2 2 29 17 0 28 18 14 6 7 26 23 16 23 8 20 2 14 28 22 23 6 10 17 24 17 15 15 14 10 10 14 24 8 9 28 6 12 12 6 5 24 4 21 10 1 12 5 7 8 28 1 23
24 9 9 17 8 18 10 8 1 13 0 24 13 29 0 25 16 0 26 1 0 4 20 1 25 12 20 25 0 8 16 19 8 18 16 28 28 29 19 29 30 27 3 9 28 30 15 22 21 0 7 13 27 20 27 15 19 15 2 1
10 14 15 24 14 18 1 0 1 10 21 6 29 18 25 5 13 29 20 16 24 5 0 4 4 29 15 2 28 1 30 8 16 27 12 24 19 1 4 9 21 23 0 13 24 2 14 16 22 17 23 30 12 24 17 23 9 16 29 4
10 30 21 17 28 24 0 2 18 9 9 7 24 8 1 24 25 12 13 8 16 21 15 13 26 8 17 5 27 24 21 16 30 25 28 20 17 22 16 30 25 3 9 1 21 14 8 16 7 8 0 25 2 13 4 8 1 4 29 3
13 6 11 29 0 21 13 3 8 30 29 29 5 24 25 16 23 12 23 7 23 21 15 0 23 22 10 4 10 11 29 9 26 28 1 0 8 20 17 9 0 4 27 17 25 10 27 12 23 8 20 11 2 1 6 5 12 6 17 22
10 20 5 21 19 18 5 13 20 24 3 19 19 19 3 17 23 19 3 27 12 15 5 30 19 27 6 3 5 18 7 7 24 14 28 19 17 6 15 10 8 19 30 7 18 1 3 14 6 26 27 18 28 28 3 17 7 14 29 19
29 28 5 26 9 13 7 29 28 12 14 7 14 13 27 0 17 6 26 22 26 5 24 2 21 16 21 1 18 30 30 13 20 30 0 18 22 21 7 24 13 16 10 19 17 5 21 17 22 4 16 11 23 14 25 24 24 20 24 1
13 25 2 20 10 28 23 5 9 22 29 10 28 15 19 2 6 12 12 10 21 23 24 6 7 29 14 3 21 8 12 21 10 13 17 9 10 10 13 0 27 12 15 28 12 20 0 13 23 3 22 2 1 12 2 26 16 21 3 14
11 17 2 0 8 22 22 23 27 16 12 27 15 30 8 12 5 24 28 14 4 11 23 30 19 30 11 22 10 19 14 29 18 11 21 24 27 13 13 19 10 26 1 29 1 1 16 10 25 30 17 10 3 2 24 18 25 3 19 11
12 18 26 3 23 13 9 14 3 3 15 0 20 26 12 9 11 0 7 23 7 15 5 17 30 19 20 0 0 28 19 21 19 1 11 23 8 24 20 26 23 20 13 5 8 15 5 30 10 12 23 19 12 19 22 0 2 5 25 14
14 1 19 18 1 11 19 11 8 26 17 0 19 1 18 12 5 29 27 25 8 28 2 12 24 16 2 3 30 24 14 10 20 11 6 22 26 9 13 20 26 11 18 19 24 20 17 13 28 19 22 0 6 3 4 23 6 1 11 9
14 3 17 27 14 11 29 4 28 9 29 21 0 21 9 0 8 25 13 3 22 16 12 21 12 10 8 5 1 9 29 3 30 27 13 25 7 22 24 29 3 6 29 23 3 4 15 28 16 13 2 21 27 30 25 4 18 30 6 11
30 0 25 16 3 4 26 22 17 12 29 18 17 11 24 17 17 25 5 7 22 9 29 17 17 7 26 30 25 25 10 9 16 1 1 6 18 30 28 11 20 15 17 15 14 14 22 5 21 0 9 2 25 20 8 10 0 15 17 0
1 30 11 4 10 25 20 9 12 22 22 26 9 23 2 25 6 10 24 21 23 20 1 27 29 26 5 13 7 17 5 21 28 9 12 13 19 2 14 12 16 10 19 24 8 17 25 15 1 9 16 30 8 24 0 2 24 18 26 22
16 19 1 28 6 10 30 24 2 24 29 16 3 23 8 19 15 22 3 7 16 6 8 5 5 11 8 24 30 23 11 8 30 22 1 1 12 29 19 15 12 19 12 17 10 15 20 11 2 4 30 3 12 25 19 16 28 18 18 8
26 20 21 14 18 28 2 11 17 2 24 24 23 30 19 20 25 5 6 20 16 20 17 3 16 29 27 6 11 20 27 28 30 30 24 20 15 2 19 23 18 24 29 4 27 23 20 20 17 4 3 12 26 30 19 1 13 6 3 4
18 24 14 15 22 27 17 26 18 26 25 3 2 12 19 6 27 9 26 17 25 19 8 5 24 19 30 4 21 11 1 7 20 19 9 24 22 16 13 19 17 23 5 25 23 20 11 25 6 15 22 8 27 23 19 4 28 25 7 16
29 24 16 18 27 20 22 11 15 28 8 9 2 16 23 4 12 22 10 8 5 8 8 14 30 5 13 4 16 24 24 24 24 20 11 21 20 23 14 17 18 23 4 15 29 2 26 10 6 23 29 13 19 29 6 20 13 7 2 19
