65 65
6 30 1 9 29 8 4 26 11 20 23 22 23 12 6 6 21 10 26 3 30 28 10 16 9 26 6 17 15 2 24 9 5 24 0 0 8 25 4 22 0 24 9 20 13 15 8 24 24 24 30 23 11 3 5 26 4 6 24 26 10 24 8 15 21
12 20 3 3 24 15 2 20 10 30 0 21 4 20 11 2 28 19 11 13 2 8 7 30 2 14 14 29 3 6 17 20 6 7 17 6 8 3 23 27 12 29 3 10 26 18 30 5 2 19 3 3 22 20 20 23 24 29 15 28 12 17 19 11 5
7 8 3 0 20 21 22 5 1 12 21 14 28 1 25 10 11 15 12 17 5 25 28 9 22 9 6 27 17 13 22 24 26 29 25 20 0 8 4 4 0 27 25 25 26 16 3 27 3 15 1 21 13 1 4 6 3 6 23 13 3 2 16 4 14
17 11 29 15 8 5 6 12 0 6 28 9 26 14 23 25 22 24 14 14 30 21 12 15 4 30 8 24 7 29 15 0 17 14 12 9 1 7 8 12 21 5 27 1 3 6 18 2 11 9 4 4 4 26 24 6 9 29 14 30 13 13 3 6 22
4 11 10 15 29 23 23 20 15 29 3 7 24 29 8 22 22 5 8 22 2 17 21 18 28 26 6 2 0 6 29 7 0 2 23 23 17 25 29 10 0 6 21 9 20 12 28 12 5 27 27 23 18 23 10 29 28 7 15 24 1 5 18 20 16
9 3 7 5 16 19 10 16 13 7 4 18 25 15 0 11 24 13 4 21 22 12 5 23 9 8 18 9 4 20 11 24 26 4 28 30 11 19 11 19 16 29 24 17 16 1 1 6 8 0 24 2 20 20 17 15 9 3 9 13 0 23 23 4 26
14 1 9 26 2 11 24 16 16 0 30 22 27 21 0 20 30 25 16 16 5 8 24 4 12 26 10 26 11 29 11 19 8 7 26 0 17 27 11 11 4 25 24 0 11 3 11 25 21 22 24 2 2 9 4 29 8 6 2 10 12 26 16 30 13
17 0 25 8 11 4 3 14 18 6 6 5 6 2 28 1 4 4 13 10 30 18 19 26 20 1 7 0 23 23 4 22 13 12 27 24 28 26 8 2 5 18 16 7 17 8 22 1 20 11 21 7 2 22 9 23 24 26 12 12 27 7 4 13 28
14 28 19 12 14 6 20 23 26 4 8 10 12 17 3 22 18 4 2 11 8 19 27 26 0 12 13 21 25 22 4 30 25 19 24 2 10 1 26 22 23 20 5 16 7 15 14 5 2 25 4 13 18 7 4 12 15 8 15 24 22 10 9 10 29
15 9 5 27 1 23 9 5 12 12 4 6 18 26 18 5 27 15 14 18 3 6 17 17 29 3 12 21 29 17 30 21 2 25 24 18 7 24 13 28 10 28 26 2 0 28 20 11 4 20 23 30 11 10 27 27 15 6 4 22 28 8 30 20 8
0 20 9 25 20 21 30 1 4 1 19 0 17 10 28 20 12 26 21 6 30 9 1 24 30 14 19 24 1 3 12 12 7 8 3 11 6 9 12 4 13 3 11 30 2 30 12 0 19 9 1 22 20 18 11 4 1 8 2 14 6 7 1 24 6
22 13 11 13 4 22 28 2 0 11 15 20 8 27 22 24 25 3 10 13 9 7 27 19 7 21 10 30 2 24 13 9 1 16 15 26 16 24 26 6 18 28 5 20 28 26 9 1 3 20 16 27 15 15 13 17 29 25 6 17 18 1 6 8 23
30 26 11 2 1 3 16 19 18 28 12 20 10 22 24 19 6 24 20 14 28 0 6 26 14 8 9 5 28 9 5 21 24 15 20 22 5 6 22 9 0 0 6 0 23 20 4 17 7 22 12 28 27 2 23 14 5 24 12 30 22 29 13 18 6
29 8 15 0 2 9 3 14 20 9 9 13 4 6 22 0 15 29 23 5 24 23 19 5 9 19 20 15 3 19 22 21 30 20 18 23 8 6 4 2 28 16 25 13 22 30 30 20 17 20 24 3 20 18 11 22 14 19 4 9 7 24 24 3 5
20 19 10 6 30 27 6 28 10 12 13 27 0 4 5 5 25 24 26 17 2 2 27 29 4 13 0 22 0 3 0 27 5 28 24 26 8 22 27 28 20 3 8 27 26 13 16 26 10 30 27 25 12 17 19 19 30 17 13 10 8 13 3 28 3
14 15 1 10 18 1 10 27 6 13 2 0 27 22 30 25 10 16 20 28 29 0 30 29 1 0 1 19 30 26 22 3 30 10 18 12 30 6 6 1 26 13 14 21 14 29 26 6 29 15 7 1 12 0 16 29 30 11 0 24 4 24 23 21 3
15 18 24 23 27 10 2 29 29 13 3 19 20 20 12 9 19 6 5 17 16 4 12 7 14 3 7 30 2 26 10 14 2 0 5 11 23 26 15 21 1 2 7 13 11 6 26 11 24 14 10 3 18 13 7 17 1 7 5 15 5 11 0 8 27
6 25 30 27 11 6 4 27 25 13 9 0 24 2 10 22 24 23 16 8 15 12 4 18 11 30 28 6 16 15 14 8 6 17 15 10 10 25 1 30 30 18 5 28 6 15 30 30 27 28 18 25 0 1 0 26 16 23 18 8 10 30 22 6 28
14 5 17 16 22 2 10 17 27 3 13 17 9 12 1 2 6 29 15 27 17 22 14 29 30 4 1 2 29 10 9 13 12 29 18 29 10 3 22 0 29 0 9 2 23 0 24 10 17 28 27 17 24 27 28 0 16 28 11 30 15 15 3 20 15
3 12 14 9 19 30 22 12 14 20 16 24 9 19 1 25 2 20 18 24 3 1 20 12 24 2 21 27 21 15 2 21 11 23 3 12 10 4 26 24 26 12 24 5 1 13 6 9 4 25 20 1 28 20 9 15 26 5 11 27 6 24 17 25 9
9 27 15 7 14 25 15 28 5 4 25 0 25 4 22 16 1 13 13 30 19 10 2 24 27 23 6 3 4 3 11 15 20 12 9 30 16 27 12 8 11 4 5 18 3 27 13 20 3 16 14 18 22 16 23 2 10 26 9 23 4 5 17 12 15
1 26 10 3 19 20 0 22 11 17 6 3 10 18 22 30 10 3 10 17 18 10 1 4 16 22 11 20 10 4 20 12 8 5 8 10 28 8 16 0 13 9 24 0 11 20 3 17 10 13 20 25 14 6 3 30 9 21 13 24 20 21 1 7 8
20 26 5 1 12 29 3 29 25 11 30 17 9 23 12 28 24 29 27 12 10 12 23 24 24 23 29 25 10 13 2 14 6 28 9 20 17 3 13 1 23 14 2 30 8 12 20 15 29 19 6 16 11 5 27 25 29 2 30 25 4 29 9 25 0
2 11 5 9 2 24 0 14 30 9 23 6 6 22 8 21 8 19 14 30 11 29 30 9 9 16 10 21 5 9 6 7 26 1 15 13 28 21 7 16 4 23 16 9 19 5 6 4 8 11 27 22 0 5 28 12 28 21 6 22 24 4 9 28 2
6 24 10 25 28 17 6 8 1 15 0 8 16 2 7 9 7 4 4 20 6 22 2 5 28 5 24 12 16 6 21 11 15 21 30 19 4 9 13 5 20 29 0 16 4 28 29 17 18 28 23 9 7 8 22 2 21 24 17 5 0 15 30 3 10
12 14 0 12 12 11 11 19 14 1 20 30 11 3 17 7 14 23 2 11 23 6 19 20 1 7 0 24 12 9 12 18 15 7 20 22 30 30 7 26 13 28 29 23 18 19 9 11 7 24 10 22 17 7 28 26 26 3 9 19 29 14 16 9 19
30 23 26 28 7 0 29 22 12 12 9 13 7 30 30 1 7 11 17 16 23 29 1 29 9 16 14 18 21 25 18 7 14 20 18 11 3 15 13 26 18 16 4 12 26 4 2 14 27 26 10 16 27 19 19 25 14 21 25 30 8 6 25 2 27
25 22 26 16 28 9 5 8 13 17 5 8 24 18 14 25 28 17 9 27 18 2 8 5 7 10 14 23 23 17 28 1 17 15 11 10 12 24 9 11 24 27 25 18 25 3 28 17 24 13 16 13 21 2 14 18 13 14 29 17 5 4 30 13 16
21 24 25 17 4 8 1 23 21 27 18 16 25 6 28 3 25 4 28 19 6 25 4 22 1 22 20 17 10 20 30 17 9 24 7 28 30 15 10 17 24 30 11 19 30 15 14 13 1 10 6 28 23 20 5 5 21 18 5 9 30 23 29 19 7
27 26 15 11 9 25 22 29 15 4 28 21 22 8 24 22 20 27 11 23 30 9 1 11 10 12 8 21 0 26 10 16 18 27 8 9 7 21 8 5 14 18 14 3 2 23 24 30 29 18 11 8 20 2 10 9 11 4 14 15 6 25 23 15 27
28 25 13 2 15 16 17 13 23 10 30 15 21 27 28 22 10 9 2 10 19 29 12 12 27 8 23 5 2 16 5 17 9 8 16 27 22 20 1 25 18 8 3 9 22 3 15 7 18 5 12 2 12 0 23 10 20 5 15 6 9 5 18 9 28
20 25 9 9 26 28 18 0 16 20 0 26 12 30 2 30 0 12 18 15 30 10 9 27 1 6 5 15 19 15 19 16 18 26 23 3 12 17 7 27 27 13 21 29 15 1 8 11 12 6 24 25 18 24 18 9 28 20 11 8 3 20 4 27 12
13 22 10 29 0 13 23 10 27 26 20 29 14 14 3 24 20 9 23 25 9 18 23 5 7 15 7 19 4 24 24 9 7 20 16 15 0 6 3 28 5 5 20 29 21 3 13 20 18 26 28 10 1 15 7 24 17 19 17 23 5 17 22 9 28
29 12 18 19 5 19 8 9 22 12 17 30 7 26 12 28 24 20 13 23 7 8 15 0 9 20 6 13 25 21 26 28 2 20 21 29 3 10 30 25 8 27 22 23 24 20 4 5 30 3 25 26 7 5 30 24 2 17 5 5 15 7 21 1 0
17 19 20 7 24 28 14 9 25 26 26 7 0 12 19 0 2 15 27 30 22 1 3 15 27 16 18 14 6 28 6 23 7 13 30 13 29 27 29 19 1 2 26 8 6 19 8 20 14 1 25 6 20 23 10 28 15 27 2 1 11 14 19 14 8
17 24 29 20 4 17 2 28 19 15 0 18 23 1 13 3 22 23 24 12 26 11 4 29 3 12 2 15 28 8 26 18 28 7 26 22 7 5 2 19 9 30 12 4 28 14 4 7 30 26 9 11 25 9 5 12 27 30 17 16 26 18 5 2 25
6 15 22 3 23 1 18 9 25 11 14 9 6 8 24 14 17 14 25 22 4 21 22 7 19 21 16 6 10 20 28 10 8 15 12 23 4 17 5 23 11 29 3 22 17 7 1 1 2 20 23 20 13 10 9 26 29 28 4 9 3 24 17 28 23
22 20 6 17 21 22 23 21 0 24 28 18 18 2 19 14 9 0 26 10 1 11 0 21 11 2 4 13 3 3 29 16 5 9 30 3 19 2 12 15 22 0 29 16 30 25 27 7 24 19 13 16 16 21 29 20 18 5 25 20 18 5 17 18 13
28 7 30 7 4 0 22 12 7 14 4 30 18 2 19 13 8 30 2 16 12 27 3 9 10 7 24 19 10 23 0 0 3 11 12 6 15 23 16 23 26 9 9 17 5 7 19 19 1 5 29 25 28 8 26 13 14 15 20 9 21 19 4 13 15
17 20 18 12 9 16 16 0 28 29 23 24 28 26 19 4 20 7 14 16 6 6 18 20 10 10 30 11 14 12 8 2 21 9 18 13 13 19 1 26 19 23 16 5 6 6 11 20 24 19 1 27 7 18 28 7 14 0 19 24 4 1 13 5 17
19 14 9 26 19 28 15 6 14 1 16 19 11 0 2 24 7 4 27 18 19 25 4 2 8 28 27 25 29 20 19 30 5 13 25 21 17 5 25 12 18 23 3 29 5 5 6 0 9 10 11 26 5 18 30 7 15 15 20 9 20 23 18 26 19
28 2 18 3 13 27 29 10 17 1 11 7 22 29 12 16 13 22 10 11 6 12 24 17 24 1 17 11 9 30 14 28 4 8 12 8 7 24 22 22 12 16 24 0 16 4 9 6 30 5 14 2 10 27 16 1 29 26 17 9 14 10 24 6 28
2 21 8 21 25 0 7 12 27 16 27 3 3 14 23 20 16 8 13 25 12 28 10 30 14 20 25 30 6 26 7 20 6 20 18 15 25 10 24 11 11 10 30 26 19 25 23 26 16 10 30 7 24 4 17 22 20 1 2 16 12 29 28 21 20
21 21 2 6 3 13 30 0 8 30 26 3 8 3 20 28 0 18 6 1 15 8 26 4 3 24 15 26 16 0 9 25 25 10 27 26 22 20 16 22 22 23 3 9 6 6 6 26 27 6 14 8 6 5 27 10 21 8 24 0 25 18 11 19 28
29 24 5 30 2 30 12 1 27 0 4 4 26 28 21 17 14 25 16 24 19 15 15 29 20 13 23 24 22 6 19 19 30 3 18 26 0 23 4 2 22 20 23 28 8 21 26 24 15 30 0 5 30 9 30 6 2 13 15 21 4 5 15 7 11
3 2 4 14 3 26 4 5 14 2 20 29 26 22 10 8 25 13 14 8 2 22 16 21 27 18 5 13 23 26 28 5 18 14 20 22 22 22 16 19 22 16 20 26 23 24 29 2 23 12 15 15 16 26 23 10 10 20 20 22 26 11 23 23 24
12 1 14 9 1 13 6 0 23 0 25 9 22 18 12 6 6 7 10 1 18 15 17 17 20 6 30 15 11 4 3 0 16 12 20 9 24 27 15 14 22 20 20 9 4 29 5 7 3 21 28 29 6 4 0 29 28 22 27 30 18 15 20 11 25
21 28 0 4 26 20 15 13 18 8 24 27 22 21 11 15 5 23 30 19 24 10 6 26 14 19 13 9 10 23 9 19 17 6 21 26 13 25 18 21 21 12 18 6 14 15 21 28 20 26 6 1 7 2 30 14 0 5 27 22 11 9 20 4 20
20 12 15 26 29 1 26 13 1 15 23 25 12 26 0 30 1 29 13 18 13 7 21 0 0 22 21 19 0 9 11 15 3 24 23 8 21 0 26 26 7 3 26 8 20 1 27 28 13 29 6 29 25 25 21 8 11 24 20 10 0 22 28 3 19
24 19 17 0 3 2 23 25 5 6 11 12 22 8 4 9 26 7 7 19 11 16 12 8 21 0 3 25 10 9 25 25 22 11 25 17 21 17 10 12 3 23 16 1 6 18 20 30 17 24 28 4 15 26 4 22 19 22 9 6 4 22 5 9 0
22 9 9 24 22 15 24 6 28 18 24 0 27 25 24 24 0 3 2 13 24 27 2 1 14 12 17 23 17 14 0 22 15 7 21 27 17 24 27 15 13 23 18 10 6 15 21 9 17 0 29 1 16 8 26 28 23 26 12 16 2 9 24 24 16
19 26 25 27 13 4 15 3 2 5 17 0 2 21 14 14 23 26 28 11 21 20 7 30 9 9 6 11 0 4 27 16 23 2 20 8 17 26 29 8 13 25 2 24 0 4 0 9 5 10 8 0 25 29 16 24 20 12 1 6 22 6 0 7 6
4 6 0 5 22 20 10 25 4 22 22 21 8 18 5 14 22 14 28 15 30 24 18 20 24 17 18 19 7 20 1 2 16 12 26 18 14 24 23 4 5 21 4 30 25 5 24 17 15 19 17 16 11 18 22 15 17 0 3 15 9 8 22 26 29
5 2 4 11 23 15 21 7 13 16 20 6 18 21 11 7 21 25 22 19 2 3 16 20 9 15 3 13 29 25 10 21 23 17 23 14 7 20 11 8 4 11 0 14 23 21 7 24 4 15 25 30 25 23 25 9 23 20 28 9 9 0 17 11 7
27 1 12 25 12 18 9 22 12 21 6 23 25 15 8 5 22 30 13 16 23 12 12 16 19 13 18 17 30 24 22 21 29 30 4 9 13 29 9 22 19 24 24 3 27 3 26 30 9 22 19 11 8 5 3 4 21 8 24 3 2 11 11 22 3
30 29 0 11 20 7 14 5 6 23 29 10 16 18 20 19 12 23 0 16 17 7 16 21 12 30 1 1 14 11 19 17 3 9 0 8 7 15 24 20 27 18 18 5 27 23 24 7 8 25 28 13 11 18 17 12 11 30 1 2 16 21 24 26 14
24 21 9 26 26 3 4 3 17 15 28 20 2 19 4 21 10 1 24 10 9 12 2 10 26 25 1 0 23 26 19 30 8 17 1 7 6 7 11 26 12 30 25 20 2 23 29 30 19 29 12 7 26 27 5 2 26 9 7 6 4 24 2 18 17
3 0 4 29 13 20 10 14 15 15 5 21 9 15 30 8 6 30 8 9 10 21 12 8 29 23 12 6 18 22 6 3 23 17 5 17 28 10 8 28 22 0 6 11 3 28 25 16 8 20 10 19 17 23 5 21 0 16 12 20 16 9 3 10 28
27 5 28 1 4 29 3 14 22 20 14 28 2 1 18 6 28 25 10 27 18 18 21 9 5 6 20 17 9 4 1 10 25 8 26 6 3 8 16 24 13 17 27 1 1 18 24 23 22 19 11 0 15 26 18 30 2 27 22 17 5 14 23 12 5
9 5 28 6 27 20 28 12 26 26 13 16 30 14 2 15 20 23 14 13 29 8 2 28 23 9 30 23 12 16 7 1 29 14 5 25 2 2 8 7 15 4 11 1 19 4 2 1 13 22 12 11 2 28 15 12 2 17 25 27 20 17 25 28 28
6 20 19 24 14 19 1 4 7 18 21 8 27 4 30 13 10 27 3 30 11 1 17 6 15 22 19 25 11 25 3 12 25 12 7 11 16 8 10 7 0 3 27 19 4 1 13 23 25 9 13 4 20 21 16 5 6 14 28 25 21 3 11 0 6
15 26 3 2 19 19 8 15 17 23 15 0 17 30 12 22 10 23 16 8 19 16 26 13 16 13 30 16 30 17 18 5 26 13 19 3 9 30 26 7 23 14 19 28 10 3 13 9 7 17 0 11 15 18 15 14 30 19 12 7 16 10 17 8 8
9 0 12 1 10 21 8 20 20 1 30 16 30 23 12 28 10 12 7 26 1 13 7 15 7 28 10 8 14 8 6 5 2 18 26 12 0 17 2 18 29 19 5 28 7 14 3 4 3 26 29 16 20 6 9 17 19 19 17 1 3 20 7 16 6
11 9 19 29 14 21 9 19 10 19 20 19 7 11 1 18 4 7 25 18 21 7 25 16 28 17 12 26 1 28 19 17 28 14 21 7 13 27 12 14 27 23 17 11 18 26 14 1 14 18 23 9 8 11 11 1 8 9 8 19 4 20 12 2 11
14 17 14 0 30 9 8 20 10 26 7 10 2 12 27 4 22 27 0 30 7 19 10 23 11 26 11 15 16 19 27 21 21 9 30 3 23 28 25 9 7 13 16 27 1 6 22 7 18 21 27 12 7 7 16 28 8 7 28 24 28 21 22 4 6
