66 66
11 14 8 27 13 23 21 16 15 6 3 5 27 7 3 25 19 4 22 8 14 8 10 25 11 25 7 1 11 19 20 27 13 12 22 23 30 14 16 3 14 1 11 15 25 22 10 12 1 3 15 17 2 16 13 30 29 22 27 2 19 0 12 17 23 12
27 21 28 21 22 1 16 10 27 29 18 7 28 19 12 27 4 23 12 27 22 15 30 6 26 21 25 26 29 21 29 7 9 19 7 13 23 22 7 17 21 19 3 12 16 23 28 23 0 30 3 12 24 15 12 14 30 5 6 24 13 23 16 18 19 25
0 2 27 26 23 18 27 19 28 24 14 26 2 10 0 2 28 4 2 11 13 12 9 17 22 5 4 29 9 19 23 16 21 13 17 14 27 2 20 25 20 19 8 0 25 27 9 18 17 9 23 28 4 29 21 2 17 19 8 29 26 8 5 30 14 16
11 27 17 4 19 12 27 25 19 22 28 18 18 14 16 28 9 12 7 4 5 17 18 26 8 7 21 17 9 0 14 28 18 13 2 8 9 6 5 0 0 17 21 15 1 16 8 16 22 21 1 8 17 27 7 9 24 3 9 28 5 17 13 27 24 7
9 2 6 21 17 4 10 29 21 14 4 28 16 14 27 23 15 13 5 9 28 11 8 20 2 13 25 21 11 0 21 25 6 2 29 10 15 30 12 9 13 1 9 20 3 11 17 18 23 18 1 6 21 1 9 28 28 19 10 4 5 19 29 25 0 25
10 15 3 16 3 22 10 1 15 24 21 6 7 17 7 0 2 20 26 15 2 0 11 21 23 10 15 1 29 4 2 0 20 22 25 30 29 4 24 9 0 26 1 30 4 6 0 22 5 14 1 11 11 4 18 27 4 12 20 4 30 15 16 24 14 3
28 12 22 20 7 20 28 3 18 7 3 19 14 27 12 25 22 10 17 10 0 14 23 10 20 19 0 8 1 18 26 30 5 14 13 9 6 2 13 13 26 20 6 17 30 0 5 28 27 12 21 5 19 13 7 5 22 10 12 25 7 13 0 22 16 22
19 14 19 15 3 9 20 4 26 9 4 29 5 25 23 13 6 11 7 18 24 12 17 22 16 6 13 2 24 23 4 17 28 11 24 11 16 11 13 6 12 12 4 30 10 8 11 5 10 24 12 29 2 16 5 20 24 27 7 6 12 10 13 26 7 17
2 28 6 6 8 8 1 26 20 29 27 0 3 29 3 17 18 13 13 3 18 5 21 29 26 24 23 0 8 20 22 15 13 20 30 5 19 12 30 3 22 6 10 21 27 11 27 7 23 22 25 16 9 11 1 12 10 19 1 26 11 0 10 22 7 20
12 25 18 25 11 25 27 1 18 13 30 15 27 13 8 19 8 20 4 7 4 1 0 6 10 29 5 6 26 1 5 26 13 19 14 29 1 23 2 6 23 27 9 29 3 25 13 4 22 19 18 4 18 8 29 27 14 25 29 10 21 24 21 3 24 5
13 9 26 25 13 21 15 18 15 12 0 23 18 6 24 30 23 27 22 13 10 8 8 28 29 27 14 20 0 16 27 4 9 25 25 30 4 15 15 22 17 3 10 5 20 18 17 4 9 24 19 16 4 1 12 4 5 30 23 9 19 29 13 20 0 23
6 19 23 22 15 17 10 13 22 15 17 16 11 30 0 25 25 19 27 9 1 5 29 18 7 10 25 27 17 30 14 26 8 7 16 7 17 1 25 17 13 4 30 19 27 9 30 11 1 26 25 13 8 4 22 3 29 8 29 21 22 19 3 14 29 18
17 13 15 26 0 29 5 24 0 3 17 11 16 5 25 10 3 1 25 27 27 1 27 17 2 3 0 17 3 12 5 7 25 2 30 16 8 6 28 15 15 5 15 9 2 2 18 22 3 21 17 2 0 8 21 29 25 13 18 30 25 6 3 22 10 22
8 16 14 20 7 12 0 1 17 12 16 21 19 29 6 23 29 10 3 7 29 15 14 29 23 14 10 7 0 1 3 10 17 23 26 9 15 17 8 4 12 27 20 1 8 18 13 23 10 8 23 21 12 21 18 30 10 27 30 9 7 2 20 30 29 19
15 30 20 23 29 7 25 25 22 23 25 12 21 12 17 17 16 15 19 12 8 17 15 7 7 29 18 8 16 4 2 26 14 25 22 7 12 2 24 1 16 16 17 27 22 13 18 30 14 3 13 30 0 6 22 12 12 0 27 28 13 30 17 23 21 12
12 11 21 24 15 22 11 5 14 1 8 11 27 2 21 23 10 30 1 28 23 14 22 2 26 4 28 18 1 9 16 18 16 13 26 29 8 25 17 13 24 9 2 16 14 19 7 18 7 26 30 28 14 20 27 9 16 19 21 13 11 6 29 27 21 8
5 17 27 17 27 30 24 16 6 14 14 26 13 30 3 26 9 7 24 10 6 18 4 5 5 15 6 8 17 5 16 26 6 2 25 20 0 17 28 22 15 8 8 16 30 19 5 15 4 2 0 28 27 14 26 20 22 30 23 13 1 8 14 27 19 19
1 28 8 1 22 12 9 15 9 9 1 0 19 8 7 28 10 5 16 3 4 6 3 16 0 3 15 18 3 12 0 27 10 1 28 2 19 10 26 5 9 30 25 19 19 22 26 21 18 7 15 16 14 25 8 18 1 4 9 24 18 3 2 30 27 20
15 27 10 30 27 8 6 29 11 9 22 16 25 11 23 23 24 8 19 26 9 17 27 1 29 0 1 22 21 21 23 30 22 29 4 0 21 5 5 25 16 11 16 23 5 3 21 15 9 7 10 23 2 19 20 25 22 11 23 6 22 13 29 14 20 30
14 2 20 11 8 6 2 23 0 0 22 8 10 10 20 13 14 7 30 8 9 19 27 14 12 12 7 27 5 7 26 22 0 27 30 5 1 21 10 6 3 2 5 5 28 30 29 3 25 28 27 5 15 3 9 2 30 2 23 8 30 8 8 7 18 20
29 0 8 14 4 7 12 6 3 28 0 3 27 14 25 12 29 9 22 23 27 10 16 0 1 9 13 11 4 12 13 28 10 28 0 30 27 29 22 0 10 11 30 29 5 3 4 7 28 2 28 14 29 16 18 12 16 3 29 27 19 26 17 8 15 9
4 6 11 7 11 7 22 17 1 4 0 27 25 2 21 4 21 14 25 19 26 6 3 4 26 6 4 13 18 29 29 27 29 1 23 10 8 18 1 29 10 25 10 22 30 30 20 28 24 19 19 21 14 21 1 19 10 21 9 9 0 15 7 10 16 7
3 15 13 20 1 20 14 20 20 19 16 19 18 29 16 11 15 8 19 12 30 14 10 24 22 8 23 30 30 27 3 5 9 24 22 3 12 6 1 2 13 22 27 8 27 2 25 18 1 29 2 5 18 26 13 23 2 12 21 7 27 8 16 27 8 20
19 0 19 17 15 0 5 21 29 10 9 12 10 4 15 24 26 9 11 18 25 19 29 5 9 22 8 23 20 5 5 12 12 12 4 9 2 18 7 17 18 27 27 19 18 9 1 20 13 24 1 17 23 16 24 7 11 19 7 23 13 10 25 24 9 6
3 8 22 5 7 0 14 9 16 16 5 27 19 9 29 17 10 7 24 16 9 11 15 13 28 29 13 12 12 11 27 29 16 9 17 27 27 5 23 17 16 28 1 13 19 6 6 15 13 6 1 5 27 13 0 30 11 13 15 15 10 25 13 19 14 10
16 22 30 18 8 0 9 23 19 5 3 4 6 20 22 21 19 30 26 1 25 9 30 29 27 22 19 24 12 4 12 21 18 27 26 24 0 23 30 19 13 0 29 10 29 6 7 10 12 10 16 3 25 19 1 12 26 26 24 17 23 27 7 16 11 4
5 28 16 6 0 27 16 17 1 1 28 23 22 18 4 1 9 23 12 24 1 27 17 17 3 25 20 0 30 29 14 0 27 1 16 14 16 17 3 7 14 5 30 11 24 17 22 12 17 21 16 19 28 27 29 5 29 27 10 1 26 28 14 5 22 6
2 3 8 28 5 8 27 2 22 27 30 30 28 30 8 0 12 12 4 3 30 15 4 21 11 9 14 1 28 25 24 15 26 8 19 4 2 2 29 20 4 7 8 13 19 26 2 15 10 27 19 15 17 9 21 27 8 22 11 6 2 1 21 25 1 24
2 30 24 23 23 17 22 19 12 23 7 2 5 24 18 11 29 0 17 2 0 25 21 4 0 28 29 18 18 10 20 7 22 9 26 2 0 26 4 14 5 4 28 19 14 23 12 24 12 27 29 4 24 9 14 24 13 28 10 30 27 11 9 12 19 14
20 2 5 24 21 27 12 8 15 16 15 1 26 28 9 22 1 23 28 0 12 29 15 1 2 29 28 9 28 11 25 17 22 11 26 13 23 24 13 21 28 3 14 5 24 11 12 18 12 20 8 14 19 27 17 20 8 28 28 6 23 15 23 20 10 10
21 14 19 3 2 6 1 1 20 2 11 16 7 26 8 16 27 5 24 19 8 2 0 29 3 14 12 27 21 6 11 22 21 24 14 9 6 21 8 18 17 18 2 10 21 14 22 7 5 8 19 18 25 7 27 10 20 3 27 16 19 20 12 3 30 7
20 23 3 12 23 5 19 14 29 27 17 18 8 30 21 13 21 18 9 23 16 6 7 3 17 21 30 29 10 17 1 24 15 3 8 17 26 17 29 21 29 16 25 3 30 25 11 13 5 21 12 3 13 29 12 26 20 15 7 3 3 0 22 5 20 0
23 24 4 13 6 8 18 19 23 29 11 15 30 26 30 25 1 25 27 27 26 25 10 19 4 27 23 2 25 12 7 12 20 5 20 4 2 11 4 20 6 21 8 12 28 24 25 5 9 29 12 3 2 15 4 23 18 13 23 24 15 17 8 25 8 21
10 10 0 1 8 4 14 22 0 0 1 9 11 9 13 24 23 1 26 8 30 19 22 17 22 22 14 14 14 11 1 15 2 25 5 21 17 24 26 19 29 19 24 30 3 2 10 30 11 19 30 25 6 14 6 9 9 4 3 25 21 26 15 24 13 15
6 8 0 23 28 25 11 5 23 14 12 24 15 25 17 7 14 22 24 17 28 14 8 26 25 23 2 20 10 7 19 5 24 19 8 10 28 26 8 10 24 1 17 18 29 30 22 26 13 16 15 23 24 1 24 4 1 5 29 7 6 24 13 13 29 19
19 14 5 15 2 24 0 16 2 2 8 4 5 16 28 11 17 16 11 1 4 0 23 2 6 30 13 10 20 8 8 19 18 6 27 18 13 26 5 15 2 28 24 26 24 24 25 2 7 24 11 17 0 24 13 9 25 27 2 15 6 4 29 26 25 13
29 17 19 23 21 5 28 5 21 6 14 0 10 3 29 21 21 26 23 7 18 26 6 16 4 26 30 14 0 16 0 29 26 28 21 20 20 20 18 10 17 22 23 12 25 18 4 0 9 6 9 4 26 12 14 14 7 30 14 4 28 21 2 10 21 23
17 14 17 1 20 15 29 26 8 9 16 13 23 10 15 13 30 21 12 23 0 23 13 4 28 1 0 8 15 0 8 0 2 13 0 11 10 18 23 26 22 9 20 28 19 10 24 18 8 21 10 0 10 25 0 7 24 20 20 12 17 12 9 19 29 27
17 2 23 4 3 24 7 8 0 25 29 27 11 29 4 10 12 17 15 28 17 22 22 4 4 10 0 16 27 2 17 16 11 2 23 11 19 29 26 17 7 25 13 5 9 15 3 26 15 20 2 29 22 8 20 3 29 1 30 27 20 21 25 17 20 19
30 18 10 23 20 3 12 28 17 9 7 19 3 24 2 30 17 9 8 8 12 19 19 25 28 26 28 28 11 24 21 4 23 20 24 14 15 2 30 2 30 13 11 6 23 17 0 18 24 13 5 17 16 19 11 5 12 25 5 14 24 21 2 28 7 3
21 17 28 0 15 27 6 13 12 5 22 25 20 13 29 2 24 30 17 3 15 2 3 20 25 15 15 20 13 29 14 27 27 15 21 15 2 15 6 27 10 7 14 4 0 7 29 3 18 4 24 27 24 4 18 11 13 26 30 14 6 4 21 21 0 29
30 2 19 16 17 16 28 1 25 8 5 15 8 17 5 17 15 14 28 28 6 18 11 26 3 25 9 2 23 9 23 18 23 21 10 26 24 21 21 30 19 6 26 12 26 20 24 1 4 16 21 25 5 1 11 27 22 29 10 10 14 6 27 20 29 26
3 24 26 10 12 7 18 3 10 24 3 3 11 5 5 20 3 18 9 18 12 26 28 30 16 27 5 30 18 11 26 28 14 0 2 6 20 24 25 14 8 25 30 12 23 15 1 25 29 29 24 2 2 21 0 25 27 20 28 0 18 8 20 2 18 30
27 17 20 26 22 14 3 12 24 17 21 7 2 18 29 14 28 16 8 16 17 9 20 19 14 23 23 16 18 26 6 7 13 11 18 5 28 29 13 12 29 21 7 1 18 12 23 20 29 22 29 16 9 21 16 22 28 18 17 11 10 30 22 9 30 28
15 21 21 12 29 10 10 15 19 28 26 12 11 12 23 10 16 12 29 21 19 11 20 19 18 14 16 25 3 26 8 19 2 21 20 7 24 0 15 23 29 11 19 4 19 24 11 23 30 8 25 7 19 26 23 24 5 1 6 22 18 19 14 1 17 16
29 11 1 10 26 28 22 4 12 5 21 22 3 15 29 2 21 26 18 10 1 0 5 25 29 19 4 30 14 15 20 15 26 23 30 14 26 27 21 4 7 14 9 11 27 23 5 4 6 21 10 28 3 20 24 10 16 1 25 20 24 15 13 29 7 14
16 21 13 30 7 14 26 18 20 15 9 16 4 23 24 19 23 7 14 20 15 4 0 1 29 4 10 14 21 26 28 0 4 21 14 11 13 17 25 12 10 1 6 9 4 8 2 1 29 20 18 3 10 18 21 20 29 22 8 4 6 3 28 6 20 5
18 27 1 2 18 6 14 4 13 15 10 15 23 12 24 21 0 8 18 17 30 11 10 7 29 5 3 4 3 3 25 14 17 28 29 29 1 17 12 8 26 30 30 1 11 22 12 28 4 0 23 27 28 0 1 8 1 24 23 27 25 29 24 19 4 1
9 12 26 1 11 18 19 7 15 25 15 26 21 18 30 6 29 0 15 26 11 11 15 26 28 7 9 22 6 29 27 27 13 25 25 1 5 17 2 21 5 28 9 8 6 20 20 3 23 18 23 8 12 11 8 8 26 21 3 30 14 26 11 20 16 29
1 16 24 0 14 20 5 19 8 23 22 23 20 30 16 0 10 2 1 27 26 18 27 4 21 2 13 13 12 22 16 12 28 25 14 7 0 15 26 26 18 14 23 5 9 22 21 14 1 12 7 18 22 14 8 27 14 14 10 6 1 13 21 13 28 9
24 16 26 30 13 19 25 0 16 25 8 13 10 10 29 27 2 14 13 16 3 7 18 22 22 16 4 5 23 30 28 21 11 19 9 14 4 30 17 23 9 0 0 8 10 26 7 21 27 11 6 13 28 11 17 28 30 24 24 6 25 14 9 21 9 26
11 6 3 25 27 3 4 4 3 26 17 3 12 28 19 1 12 6 3 25 14 10 21 26 21 27 18 4 28 26 18 8 27 10 4 24 0 3 14 30 13 28 26 17 18 10 14 2 24 16 13 17 24 7 21 24 8 29 21 7 5 16 0 6 27 3
19 18 1 17 8 22 17 7 4 29 23 13 28 0 22 18 10 14 6 13 29 27 0 3 3 29 16 28 8 13 27 6 7 30 4 6 14 19 17 23 30 26 7 10 20 17 16 23 21 30 1 12 4 15 17 22 6 7 29 27 27 19 0 28 6 29
27 14 12 24 20 19 18 16 25 17 14 19 19 6 9 2 9 10 13 20 26 23 21 27 0 24 13 7 30 0 22 22 7 2 13 0 28 7 3 17 30 10 19 23 10 29 24 11 20 18 13 19 30 3 25 4 0 17 21 14 5 4 3 23 27 26
8 16 27 29 10 5 19 26 23 4 19 13 15 22 8 30 16 4 28 30 30 12 9 15 5 19 25 10 21 2 15 22 22 29 3 5 19 25 7 20 20 26 4 2 14 19 6 18 4 3 2 25 4 9 29 30 11 16 27 5 13 11 1 15 8 1
10 6 8 20 28 0 10 4 12 30 5 16 27 20 23 2 6 9 17 24 23 14 26 16 7 23 26 10 12 20 0 17 17 26 7 28 23 15 24 10 23 25 23 24 24 6 12 25 15 27 25 0 13 3 10 27 14 18 24 13 20 10 10 6 25 7
14 18 6 23 29 23 1 10 8 9 29 25 26 2 16 4 24 29 11 2 9 1 4 2 6 28 9 10 11 8 26 29 0 28 3 23 26 10 23 18 13 15 11 1 1 7 15 18 3 4 0 8 11 14 28 20 14 23 26 29 1 24 7 14 29 19
20 16 4 20 24 12 0 19 7 4 18 26 28 4 7 24 7 14 7 9 12 22 25 21 23 3 20 11 26 9 22 29 21 25 18 26 14 14 19 22 15 5 12 11 12 6 0 30 26 16 5 17 17 25 19 1 6 11 30 21 12 23 10 14 22 1
22 23 21 8 4 2 25 15 17 11 29 17 0 10 0 10 5 22 20 19 15 11 11 5 25 0 7 6 27 16 22 13 12 5 14 22 4 5 23 29 9 19 0 18 4 27 27 0 3 6 17 9 20 20 19 0 18 15 25 15 5 14 3 26 11 28
26 7 3 6 28 7 1 15 16 12 23 24 3 21 10 17 25 9 24 25 10 21 2 29 16 6 19 8 13 10 0 3 24 28 21 26 21 5 15 28 10 15 24 5 20 14 25 28 12 7 29 27 3 8 23 15 11 27 0 0 0 4 9 20 3 6
6 15 14 7 29 20 25 23 0 30 14 15 28 4 15 11 27 21 12 3 22 10 12 25 7 24 20 18 22 23 4 28 24 27 28 28 0 9 5 23 12 10 10 14 11 18 29 16 10 15 29 20 3 28 22 27 28 20 11 12 19 0 16 2 23 15
15 2 18 15 9 23 22 0 19 15 0 25 11 6 5 22 30 22 20 27 21 24 23 5 19 27 3 20 4 30 28 6 4 20 23 10 2 15 19 5 19 18 30 5 18 19 1 23 7 17 12 4 18 25 9 25 1 6 14 3 13 13 13 12 27 23
9 18 3 22 11 16 11 24 9 15 25 19 6 7 18 5 0 26 12 24 25 30 21 27 3 6 12 14 29 2 24 13 2 15 7 15 3 21 25 27 7 20 4 21 13 4 11 1 22 21 16 1 25 24 25 15 4 2 18 1 22 25 8 16 27 1
20 10 12 11 8 5 16 14 20 4 21 3 0 4 29 29 7 13 24 11 0 8 19 17 1 7 6 24 17 21 6 16 24 19 13 3 26 10 26 1 17 29 27 26 23 14 4 18 15 30 20 20 10 28 25 14 17 10 24 25 10 28 11 22 19 6
9 18 3 7 0 14 5 14 18 4 8 6 22 16 14 14 10 24 3 20 30 25 15 27 3 10 7 27 19 17 8 4 24 23 20 10 7 5 18 29 17 13 20 2 16 17 6 22 7 28 6 29 25 28 5 12 8 16 4 15 29 13 5 16 11 7
20 26 22 19 4 9 23 12 21 29 0 3 3 0 26 5 18 22 27 12 26 21 20 14 0 2 26 2 11 11 1 12 20 21 30 21 22 16 25 16 28 13 24 29 3 29 1 8 14 1 1 27 9 10 3 30 13 9 4 23 13 27 1 24 14 20
