68 68
18 5 23 24 18 29 16 22 26 10 1 30 6 23 12 1 13 16 28 22 4 24 8 19 0 12 30 3 21 20 23 2 1 15 24 17 0 0 18 17 19 18 2 9 18 26 26 27 12 1 16 13 11 0 21 3 11 26 10 7 15 25 3 28 2 21 6 21
19 29 3 0 9 14 21 26 18 2 22 9 11 28 6 7 30 15 19 3 21 29 21 9 2 27 3 10 9 2 3 8 12 28 1 11 23 4 9 23 23 28 8 11 5 28 28 17 8 9 30 21 7 11 1 16 9 0 2 13 19 2 24 4 28 9 5 6
23 18 13 15 14 27 22 12 19 5 25 21 5 16 27 5 1 15 20 6 15 19 19 28 29 30 20 11 8 15 30 17 9 17 6 17 3 16 4 21 27 3 18 18 30 12 2 27 30 3 15 4 0 28 8 11 13 2 24 13 0 25 24 10 2 3 21 5
4 2 26 30 28 28 13 20 5 12 29 1 30 21 22 4 16 18 13 15 9 21 17 19 4 3 24 23 6 17 1 29 21 20 28 29 17 16 29 29 21 30 24 16 0 4 11 17 11 15 13 3 13 0 4 5 16 19 14 22 21 5 1 15 27 23 19 1
24 9 8 13 17 23 1 14 5 10 11 17 1 18 18 4 21 20 14 2 19 16 27 10 5 14 1 13 12 6 2 8 22 5 11 0 13 0 4 24 21 27 13 14 4 1 13 7 12 5 24 27 16 9 28 22 6 3 0 17 12 7 0 24 17 14 24 25
29 27 2 16 0 15 24 9 28 0 28 19 19 16 20 19 10 11 13 12 23 26 15 8 1 0 4 16 26 4 4 21 27 13 24 4 27 13 0 5 4 20 20 23 19 23 20 24 13 20 6 23 9 23 9 8 18 19 2 26 28 20 13 20 11 5 13 9
0 23 11 3 2 13 30 20 7 26 20 15 25 28 16 6 24 9 28 28 15 10 26 24 11 27 19 22 4 9 27 5 8 18 26 20 16 4 25 25 23 20 3 8 6 24 15 5 25 26 15 0 10 4 8 30 27 25 28 17 27 0 12 15 17 12 29 24
29 29 28 7 24 18 2 30 11 20 7 22 30 11 0 29 24 20 11 1 29 13 16 22 17 9 1 27 16 24 8 7 12 16 20 2 28 30 15 0 27 21 14 13 9 15 30 21 19 6 27 11 3 10 20 3 2 8 21 15 2 30 27 3 19 29 16 0
17 12 26 24 21 7 17 3 14 9 16 12 18 9 27 5 28 0 2 3 27 8 26 3 14 16 17 27 28 23 9 24 10 1 19 24 30 17 27 20 4 11 21 4 18 20 27 25 30 21 19 11 17 21 1 24 25 28 26 28 29 1 4 10 22 13 1 25
26 26 27 13 10 9 8 4 28 7 2 17 18 19 11 24 12 8 25 23 14 3 20 12 20 6 19 24 15 16 27 30 24 24 15 26 19 1 21 10 23 28 1 10 22 16 2 18 12 23 26 21 3 29 12 4 4 5 25 1 1 4 1 11 22 24 16 16
14 1 20 28 8 19 14 23 17 11 11 6 15 17 30 19 21 12 28 10 10 6 12 11 25 5 25 0 19 16 24 25 2 26 5 30 11 0 30 8 9 19 26 15 4 27 13 27 24 9 4 21 1 27 27 18 8 2 13 5 27 24 5 24 9 26 5 13
6 10 30 0 15 6 4 29 20 8 22 14 14 7 23 8 20 13 20 0 23 0 14 23 29 8 25 26 1 27 2 24 25 29 21 9 20 6 21 15 7 9 4 14 27 20 12 24 29 4 13 6 2 26 16 18 6 15 30 20 3 17 15 15 7 5 17 3
27 4 12 24 5 25 0 18 4 23 17 0 4 17 25 4 20 4 10 15 25 19 24 20 9 3 23 25 0 7 14 0 24 21 13 17 29 28 5 27 14 1 12 22 6 9 15 12 5 15 2 1 22 6 15 20 8 2 7 6 11 21 8 29 5 10 4 6
18 12 5 1 2 24 14 19 26 21 8 23 4 27 27 17 6 29 3 22 30 17 9 25 8 13 21 6 27 19 13 1 9 5 21 30 1 22 29 3 2 17 27 24 21 30 4 0 23 3 19 18 10 13 15 23 17 6 12 24 5 22 17 18 16 4 13 23
10 19 25 30 22 30 12 30 26 19 19 16 14 24 14 16 22 21 10 8 25 30 4 8 30 17 16 28 24 12 19 15 21 25 14 21 6 2 28 3 16 10 28 8 7 9 2 29 20 2 13 9 19 26 29 7 5 3 23 10 4 22 8 14 17 4 3 14
6 18 8 28 11 26 23 4 17 11 13 30 11 27 18 2 13 7 20 8 17 29 0 3 23 5 21 24 6 11 19 25 22 27 15 21 3 21 17 6 27 19 25 2 16 5 13 4 2 6 8 11 2 9 16 16 1 16 17 21 8 16 0 26 15 20 4 0
6 13 23 24 9 21 9 23 22 3 16 22 18 3 22 13 26 21 29 23 14 18 30 11 30 20 28 1 21 22 12 16 9 1 22 27 0 24 17 20 27 13 9 17 9 18 26 27 26 22 25 16 11 1 27 8 11 4 28 17 24 14 24 2 19 13 0 6
27 17 26 2 30 26 18 11 11 8 27 8 27 28 7 10 19 0 28 14 20 4 27 27 8 15 18 20 21 30 8 22 7 26 21 9 23 30 28 10 11 28 28 2 4 27 23 0 8 29 4 24 16 19 8 15 26 0 16 28 9 12 13 18 7 23 24 11
21 6 4 26 4 24 18 8 18 24 21 29 22 20 1 10 12 14 23 20 21 23 20 11 27 24 1 17 2 26 27 29 9 28 21 28 6 24 30 17 12 17 26 7 15 26 0 27 14 11 10 7 29 3 17 11 20 18 2 21 30 17 0 26 2 18 25 2
26 8 13 2 25 19 12 6 9 6 29 25 17 30 22 28 17 22 10 11 5 7 27 19 27 24 6 23 27 21 26 17 30 1 3 28 27 20 16 13 22 16 10 10 16 4 2 10 4 3 6 0 16 9 22 2 4 23 17 18 29 23 30 15 23 1 4 16
10 13 27 10 28 26 15 6 20 22 7 29 4 17 26 24 30 15 23 28 19 11 23 7 22 16 3 3 30 28 17 11 15 29 22 22 19 21 0 23 23 8 4 3 4 9 20 4 1 3 5 6 30 26 10 12 22 0 17 16 28 17 18 7 16 11 30 15
24 14 17 17 18 16 30 0 29 5 16 15 10 7 14 13 23 7 16 5 26 20 28 17 16 18 26 28 21 28 13 15 6 8 0 2 27 5 21 17 26 13 25 2 5 4 13 23 11 22 19 30 6 29 3 27 19 22 24 23 12 10 27 23 14 29 28 0
10 26 6 22 18 28 2 20 26 15 29 5 7 0 12 3 26 7 17 8 7 28 29 7 22 14 6 0 14 22 7 10 17 17 0 4 1 1 1 5 9 11 3 9 0 12 25 14 14 12 16 22 6 10 26 11 12 10 28 10 4 26 9 21 4 21 8 29
24 30 4 6 9 4 19 25 24 1 11 25 15 26 30 9 19 25 25 26 7 22 2 13 1 13 0 2 24 12 18 22 12 8 16 6 17 21 9 0 28 25 16 14 14 13 17 16 9 19 30 15 20 10 5 4 7 26 6 27 22 8 1 11 13 4 8 16
2 8 9 22 7 2 28 3 12 8 4 9 8 24 23 1 12 27 18 5 0 9 4 19 9 23 27 6 29 16 10 24 7 0 12 14 26 26 13 19 5 18 7 3 9 0 2 26 30 18 17 8 2 11 4 12 4 11 5 13 19 18 24 15 25 29 7 29
17 30 29 8 21 27 19 12 25 4 13 28 1 16 30 23 13 26 13 13 20 5 17 17 20 1 3 21 26 15 0 23 24 20 26 13 12 1 5 14 19 30 8 22 4 19 4 13 23 26 10 20 13 6 26 19 3 10 24 10 25 17 0 11 22 3 20 13
6 29 30 16 6 29 17 12 1 11 11 27 2 30 1 12 19 17 18 30 24 2 19 5 22 12 8 16 14 14 20 20 1 24 19 14 17 30 4 21 10 2 1 30 5 16 22 24 30 4 1 21 30 9 20 24 2 10 15 20 23 25 20 16 18 9 22 11
30 24 6 14 23 21 20 2 25 4 14 9 28 13 20 7 8 17 29 8 25 5 3 4 15 20 19 11 13 30 23 1 0 25 7 7 8 18 1 1 13 29 12 14 21 18 23 10 15 10 30 29 6 18 4 15 9 16 23 7 3 14 16 19 23 29 3 9
17 9 0 9 22 28 23 30 23 19 1 5 3 4 1 5 24 3 14 23 0 26 30 8 0 3 9 24 7 14 29 8 14 17 6 0 21 22 17 2 24 18 22 18 11 23 20 17 24 12 1 21 0 19 24 1 11 0 3 21 4 26 1 12 7 14 4 2
29 17 7 2 2 5 6 27 8 16 2 10 22 6 25 27 18 16 9 16 29 6 28 10 11 5 8 30 23 18 6 23 19 25 18 17 30 22 25 20 11 13 16 23 27 25 23 23 17 5 2 9 13 5 22 14 28 0 30 6 30 10 14 28 8 12 5 26
27 9 17 29 2 12 27 23 12 29 4 23 10 15 18 12 20 27 5 16 11 16 1 8 29 26 2 4 24 0 7 26 24 25 20 11 21 24 11 18 25 2 4 13 25 25 5 7 9 12 13 25 12 24 18 15 19 3 25 15 6 14 5 29 2 4 29 22
8 2 4 3 28 7 9 15 3 9 13 0 23 16 29 19 27 7 25 1 28 9 4 21 19 8 21 7 22 1 14 5 2 13 30 30 5 4 8 1 24 12 1 30 22 7 13 17 6 19 24 16 0 17 29 13 2 8 11 17 11 15 21 12 29 10 18 8
0 0 18 21 6 23 1 6 20 20 29 23 22 26 13 17 5 8 8 10 28 16 27 15 19 6 20 4 6 8 24 0 14 8 30 1 14 14 7 5 25 14 16 12 7 2 3 18 18 3 26 16 11 12 26 22 16 28 8 21 23 26 14 20 0 2 12 29
18 28 0 30 20 26 30 7 20 13 14 6 11 19 3 25 10 13 30 25 9 5 26 13 26 7 27 14 13 2 28 3 8 15 2 2 29 17 4 17 1 29 20 13 28 30 3 18 25 21 4 0 15 12 18 11 28 15 7 2 2 24 25 18 13 18 23 2
6 21 30 3 14 24 18 2 9 26 11 30 10 4 8 12 30 11 13 9 3 15 20 4 26 26 7 24 30 15 16 9 9 3 10 3 20 17 18 13 12 22 16 6 28 6 20 22 30 12 5 24 20 12 4 14 0 11 2 24 4 1 14 24 29 4 11 29
11 7 9 28 22 16 9 18 25 24 5 20 27 17 8 2 15 30 20 18 4 11 30 26 8 26 8 24 3 20 0 28 12 2 29 7 2 8 3 18 1 23 12 17 25 16 7 20 11 9 29 5 4 7 13 27 8 11 25 9 8 22 0 13 15 29 18 20
18 19 22 24 1 5 21 10 6 28 4 12 0 0 20 28 19 5 10 21 1 13 6 29 4 19 5 9 18 9 5 19 15 19 20 6 12 9 16 7 23 15 26 6 13 26 28 10 13 2 27 25 18 0 14 9 9 12 14 20 14 1 19 18 9 27 8 14
14 16 9 16 11 2 27 3 18 14 18 12 12 10 30 24 30 5 8 1 0 10 13 14 29 13 7 15 9 27 2 29 19 6 2 3 4 29 19 1 14 18 17 10 11 26 23 6 29 21 13 30 13 21 16 24 28 21 8 6 16 6 24 13 25 0 20 17
28 23 29 23 9 30 24 6 10 18 8 6 22 29 20 7 1 19 6 29 18 11 24 5 2 21 3 22 25 17 14 10 22 1 5 23 3 17 20 10 13 29 25 22 1 22 0 26 11 26 12 6 26 14 22 16 19 23 12 16 28 9 25 9 9 17 15 12
22 2 30 26 22 5 2 18 0 23 4 14 3 24 26 16 8 7 19 0 15 26 12 19 9 13 12 2 0 20 24 6 6 2 14 5 25 9 18 16 19 11 1 13 4 27 15 30 5 6 7 15 9 13 16 27 20 25 27 28 11 8 6 30 26 30 6 3
17 30 11 24 17 25 16 17 22 13 25 26 6 27 1 12 9 24 25 2 27 20 19 7 21 0 26 1 2 12 19 7 21 15 3 12 16 23 22 8 21 6 23 17 25 8 21 17 8 16 20 14 5 17 17 25 16 23 22 4 19 2 9 9 24 17 22 21
24 22 28 24 14 24 14 8 14 22 7 20 30 8 8 25 26 30 14 10 17 21 19 17 0 8 3 13 25 10 18 7 2 8 14 22 2 23 26 7 18 22 19 16 0 24 24 20 17 29 22 23 14 20 30 18 15 24 10 4 2 4 9 7 2 16 27 17
11 5 14 12 13 2 28 3 13 21 30 13 5 19 1 15 30 1 23 18 28 0 29 1 12 6 8 27 22 26 6 13 10 21 19 9 13 17 30 17 2 25 27 8 10 16 6 18 12 7 3 5 9 21 7 13 19 11 22 15 5 29 21 2 9 12 27 11
16 21 18 29 24 9 12 9 26 11 21 10 25 1 0 16 23 21 0 27 26 7 19 1 0 0 22 2 6 26 1 27 25 30 14 26 3 4 22 30 2 3 8 24 1 7 10 23 15 5 4 6 2 24 12 19 4 18 5 9 8 16 16 2 5 25 12 18
1 7 8 18 26 19 18 27 29 2 14 9 4 5 20 25 11 29 14 21 18 29 18 18 22 26 7 23 3 0 0 17 4 10 12 29 5 30 27 18 16 21 23 26 11 18 17 9 23 0 14 30 8 22 22 25 16 28 18 5 25 4 14 23 8 28 7 9
18 12 15 1 26 26 21 0 27 13 8 0 24 24 12 24 14 24 15 17 2 24 11 16 9 18 15 18 1 6 16 21 21 12 27 28 21 29 16 18 3 16 22 29 29 30 2 15 29 9 14 27 9 28 23 23 1 25 24 14 8 5 30 7 8 23 14 16
28 22 20 26 22 17 18 3 7 9 26 8 6 16 10 23 28 2 20 9 0 6 5 2 27 22 12 7 25 2 23 27 17 11 27 23 7 30 4 21 4 19 26 2 13 25 20 25 25 12 30 8 14 29 13 19 9 3 1 6 9 10 7 22 2 5 16 24
12 29 13 3 0 18 3 23 6 25 24 9 9 22 2 28 18 28 8 30 19 13 24 26 18 15 8 2 1 2 12 20 28 7 8 2 21 15 23 9 25 15 28 24 25 6 4 23 5 12 24 27 28 28 15 17 30 23 10 10 20 0 28 27 22 1 10 7
8 8 13 18 9 22 17 25 6 8 26 23 28 28 16 5 29 20 11 1 6 14 1 13 15 17 13 3 14 14 20 16 26 13 1 10 2 24 23 25 29 14 28 5 9 11 25 7 18 1 10 1 0 14 0 6 22 21 21 16 3 22 13 16 15 23 29 14
9 14 7 20 15 18 25 8 12 8 12 23 1 13 29 12 24 23 21 24 24 16 27 1 12 4 6 7 13 26 2 26 18 0 12 8 24 0 20 30 4 16 17 26 11 3 23 0 1 24 18 17 12 5 26 28 2 17 25 5 27 21 24 18 28 9 0 23
28 12 12 27 20 4 17 11 11 29 1 9 23 26 2 23 3 27 28 18 11 22 16 12 16 28 16 22 1 8 25 4 19 3 3 13 24 11 2 11 18 21 21 3 10 6 21 9 0 25 17 2 18 10 3 22 14 3 28 16 23 9 27 15 24 9 14 28
14 8 4 26 13 17 12 29 1 17 11 22 8 25 2 21 24 20 16 11 5 6 10 28 15 28 16 4 22 14 13 11 3 26 19 15 11 22 9 11 10 8 0 7 28 27 13 20 28 3 17 9 9 8 24 14 29 26 24 18 6 22 11 30 8 24 16 7
9 24 12 21 20 30 12 24 11 26 12 21 10 17 16 13 7 2 22 7 13 29 7 26 15 4 10 26 28 28 2 23 10 13 11 18 0 23 21 23 25 14 5 19 2 29 12 2 14 11 12 10 12 1 2 17 25 16 5 30 12 10 3 18 21 19 3 9
22 23 6 26 3 14 25 12 30 28 7 9 10 24 3 16 2 11 4 21 2 12 18 20 11 7 1 0 22 2 1 3 27 15 23 10 24 2 7 27 4 14 10 6 13 23 14 28 13 29 18 8 20 28 0 0 29 19 11 28 12 15 19 29 7 1 18 30
14 20 30 19 23 26 22 18 6 19 17 6 2 14 9 28 16 29 18 1 25 16 3 10 6 24 24 28 16 28 14 21 2 10 27 5 5 13 28 2 21 29 1 25 19 26 11 13 23 4 5 26 27 11 1 17 5 13 21 10 30 23 10 0 4 24 28 30
28 0 15 11 15 24 6 28 21 29 22 20 11 0 19 11 5 24 11 18 1 1 3 14 18 19 11 5 16 10 4 14 23 19 20 12 18 3 11 1 24 23 7 9 21 14 3 3 15 1 6 14 10 23 14 29 29 3 26 25 4 13 21 24 15 6 12 7
22 15 26 6 16 5 5 11 23 2 8 12 25 25 17 9 1 3 29 25 14 5 13 19 6 10 13 16 21 20 14 5 16 9 23 19 9 0 30 20 5 0 25 27 24 30 9 15 2 20 6 28 25 24 9 28 14 11 7 17 17 20 0 4 22 23 7 21
3 24 30 20 2 19 5 25 21 6 24 10 20 24 21 23 24 26 10 27 7 29 14 18 10 29 4 12 12 25 8 5 17 28 0 4 11 4 14 16 19 6 0 12 5 9 16 30 3 29 3 10 22 18 19 18 12 13 6 14 0 8 25 27 30 13 27 9
28 11 22 18 28 6 27 3 18 8 22 7 26 8 17 9 9 22 27 3 22 1 30 19 15 25 15 11 25 13 15 26 15 28 21 12 11 30 3 8 15 30 30 24 11 28 15 0 8 25 8 7 20 13 20 29 17 16 14 10 23 25 27 28 18 6 10 24
26 3 28 4 13 1 22 1 25 2 19 14 9 19 0 0 28 18 14 14 17 6 24 24 9 23 16 9 3 16 30 4 10 9 8 11 26 17 4 1 29 10 17 7 9 1 28 29 21 24 26 21 21 14 16 7 19 8 11 21 14 17 22 3 21 5 5 22
20 2 2 10 0 1 18 30 30 10 12 19 28 2 24 27 25 28 24 4 20 23 24 18 13 6 3 12 17 4 23 2 10 0 18 29 7 20 17 21 26 4 26 25 9 6 13 2 25 30 11 25 3 22 27 16 26 29 26 30 4 4 20 25 2 26 18 19
10 22 15 7 13 19 7 26 22 29 27 10 27 3 22 8 18 26 10 30 17 7 13 5 7 15 23 22 23 27 2 11 17 16 30 30 16 27 20 12 6 18 23 21 12 29 19 4 11 24 20 30 21 18 21 6 27 28 0 26 21 15 22 23 0 17 18 29
3 11 1 10 14 10 6 4 30 29 5 15 11 19 16 3 20 9 8 29 13 17 1 26 20 11 5 11 22 22 7 9 22 19 7 19 11 8 14 10 9 9 27 25 17 15 22 6 4 7 2 17 23 27 18 5 23 12 17 19 10 13 0 11 12 25 27 20
25 10 21 26 10 16 27 17 2 0 4 29 0 17 27 0 21 5 25 1 29 6 7 26 25 22 9 11 23 4 4 30 2 25 8 2 30 17 24 1 3 11 2 20 26 26 27 2 30 2 29 30 7 19 1 12 15 21 7 22 25 21 18 15 11 16 26 10
24 27 8 28 27 27 23 3 5 29 16 26 9 7 8 16 13 29 6 7 30 27 21 8 26 15 6 13 28 5 5 11 29 17 25 19 9 8 6 19 4 15 26 16 11 2 10 2 13 18 14 23 11 18 14 29 26 8 4 15 18 0 6 5 5 6 2 1
2 30 22 2 9 20 7 16 30 29 7 22 14 30 23 15 13 8 8 20 5 0 3 23 9 7 9 10 11 6 12 8 25 24 21 20 6 16 29 4 30 17 28 9 16 15 4 9 2 23 21 18 12 7 23 1 21 24 23 14 27 30 9 24 30 30 3 19
16 17 25 17 4 0 8 15 23 11 28 19 10 27 28 15 30 21 6 25 6 19 24 6 11 17 14 9 12 17 11 17 19 24 0 12 25 22 11 6 5 23 9 1 24 27 1 25 8 15 19 10 24 27 16 10 24 11 10 3 1 25 29 19 19 7 11 0
23 20 26 20 2 0 22 9 2 10 8 7 3 12 28 29 11 3 4 0 29 16 5 20 28 20 20 30 27 10 3 9 5 15 22 28 13 2 3 7 27 17 22 0 29 6 14 12 30 17 15 21 7 26 27 29 19 24 8 27 27 18 21 0 0 17 30 11
