69 69
12 13 24 5 11 25 30 18 3 27 28 13 18 5 19 26 14 27 17 3 16 14 4 5 22 8 16 19 9 21 5 5 15 23 16 23 4 27 7 1 24 4 29 15 26 3 10 5 5 2 3 24 12 29 8 3 6 9 13 8 21 18 12 5 26 3 13 11 29
18 10 16 27 13 13 13 21 6 16 14 0 24 10 29 17 10 29 0 17 11 22 1 16 18 7 30 1 28 19 21 26 29 6 22 27 4 11 0 11 26 28 21 3 20 24 23 25 23 22 7 27 3 21 0 28 9 3 6 18 23 27 10 1 21 15 14 25 20
27 8 0 11 15 10 0 29 30 19 5 2 28 14 9 16 8 23 30 17 6 1 25 26 16 28 13 23 0 20 29 29 12 28 10 5 21 17 19 7 16 11 20 21 25 1 15 0 4 4 20 30 28 28 3 11 15 11 6 10 24 6 8 1 10 4 23 7 30
11 7 10 7 8 3 0 22 13 24 5 14 19 26 1 29 5 29 23 13 16 16 7 15 7 20 28 26 14 0 25 25 18 13 0 23 2 24 20 29 8 20 9 12 4 15 6 27 11 13 18 23 8 17 2 6 23 29 20 14 25 6 19 24 27 27 18 8 23
12 9 6 0 8 10 28 13 10 28 29 26 14 14 4 0 6 19 30 19 25 30 24 15 14 30 18 29 30 30 16 18 19 30 19 5 27 20 23 3 30 20 10 8 7 29 22 25 15 19 10 25 1 1 0 10 26 6 17 23 20 22 28 12 4 27 3 16 26
27 29 3 0 17 1 27 18 2 19 22 26 5 9 17 19 16 3 18 25 5 21 0 27 5 0 1 21 8 24 12 28 10 25 19 15 28 1 19 3 6 18 23 25 10 14 20 7 0 5 21 14 0 3 14 6 26 5 9 15 7 22 26 25 25 7 7 27 30
24 29 19 30 10 17 24 21 22 7 3 27 7 29 15 9 23 15 8 18 16 4 25 12 15 6 1 7 29 0 21 17 24 9 28 9 24 8 22 13 12 26 8 9 1 28 7 4 11 0 4 28 29 29 2 5 16 26 11 21 22 22 0 23 26 5 15 26 17
6 19 5 18 25 11 12 19 27 29 3 28 15 19 2 18 17 18 3 25 25 7 30 5 15 22 6 4 8 28 29 4 9 29 2 5 4 6 10 17 25 18 1 11 22 18 23 6 2 15 27 14 13 12 16 20 17 22 15 19 2 20 0 5 6 26 24 24 25
15 11 21 8 9 22 23 18 13 3 29 2 22 5 14 3 4 0 1 18 5 29 23 19 9 2 2 7 30 21 11 25 14 25 12 15 9 20 26 17 22 29 17 1 27 5 7 2 27 1 14 1 4 9 29 14 30 16 6 5 1 12 30 27 3 12 17 15 5
2 24 18 26 3 11 11 1 30 29 27 30 20 19 5 24 4 9 6 10 27 16 10 8 14 20 4 12 4 17 15 11 2 3 21 4 24 0 14 12 5 20 25 27 22 15 4 16 18 10 11 16 15 23 20 13 10 25 28 30 1 9 7 10 22 3 5 7 14
16 20 28 22 14 28 19 28 28 26 6 26 1 22 17 8 9 13 2 30 9 28 19 5 18 6 30 0 0 5 5 2 10 21 2 16 26 9 17 13 26 30 0 26 13 3 1 9 9 9 9 5 23 30 17 21 27 22 21 2 21 15 24 13 23 14 3 27 13
17 6 5 12 8 6 18 7 28 7 15 23 6 11 9 28 0 29 9 21 10 5 28 22 8 8 2 3 16 7 26 3 11 28 24 21 8 20 22 28 16 26 11 27 14 24 29 13 30 29 13 28 28 26 1 22 18 1 14 10 10 27 18 27 14 18 14 22 27
24 22 28 2 2 7 25 17 8 4 16 15 21 12 10 22 30 20 14 3 23 16 0 13 25 3 30 23 15 30 8 5 16 18 5 28 2 16 30 4 10 22 22 20 4 26 22 7 16 13 20 23 17 7 29 4 16 27 28 21 22 5 26 16 27 21 26 2 28
2 29 30 13 12 25 20 18 7 0 7 0 1 23 14 24 7 5 3 14 3 6 3 14 29 17 19 12 22 4 0 7 27 21 4 24 6 1 17 22 13 21 4 1 12 10 27 1 1 24 16 13 16 9 26 29 1 29 28 0 15 12 25 16 3 15 24 13 5
4 24 10 7 7 5 10 1 0 2 27 0 23 22 12 5 0 24 13 5 20 12 0 1 9 18 18 6 1 28 22 5 19 2 0 17 9 28 10 11 23 13 28 15 11 8 13 24 12 25 14 29 9 6 24 21 26 14 1 16 2 5 9 0 26 5 26 1 8
2 11 30 28 17 13 1 27 21 17 6 14 5 18 12 4 24 12 5 28 1 26 15 14 12 25 23 13 10 0 15 18 28 25 20 20 11 24 23 15 8 8 14 6 19 16 20 23 24 17 28 15 14 15 11 23 4 13 11 18 9 29 27 28 26 9 18 3 1
23 2 16 1 7 23 10 8 14 8 27 1 19 14 29 8 3 5 22 9 24 23 18 24 5 22 28 27 6 8 18 17 9 22 5 4 19 14 10 25 23 30 29 12 22 24 6 27 0 19 12 6 26 15 30 17 9 3 17 15 20 17 14 4 21 30 12 11 2
27 17 7 27 15 6 27 19 27 6 2 23 2 23 27 19 0 12 2 22 26 11 23 4 22 4 5 1 0 1 15 0 27 17 16 21 1 16 23 1 22 29 19 19 1 7 17 17 13 24 3 18 15 15 11 3 28 26 2 1 21 8 29 7 6 14 14 26 0
30 15 3 4 4 27 2 12 17 0 30 25 25 24 24 4 2 15 19 11 14 19 7 0 19 23 28 28 28 28 25 26 6 1 7 12 0 1 19 16 3 3 30 7 3 4 13 26 4 12 6 2 26 19 4 27 21 29 5 21 3 30 23 19 20 15 7 10 9
26 10 7 1 14 8 2 5 14 23 1 28 5 15 25 21 8 2 18 5 8 27 19 10 6 17 30 5 19 11 30 30 28 15 3 28 3 15 5 5 12 3 19 27 27 16 6 10 30 28 24 29 3 19 11 24 14 22 1 29 10 12 27 13 13 17 5 20 7
10 15 29 8 1 5 20 8 19 12 15 11 3 25 22 23 6 15 8 22 17 12 5 15 0 6 18 14 0 5 12 1 7 29 15 8 19 4 30 1 21 3 29 14 7 23 6 23 4 5 2 2 27 3 13 4 16 5 0 21 22 22 12 25 27 8 27 29 1
15 15 0 11 16 0 14 7 0 27 25 23 30 24 18 15 24 4 19 14 4 11 11 7 19 27 12 25 26 17 12 7 13 22 22 13 27 17 25 17 10 5 14 0 7 6 16 5 29 4 13 22 26 27 18 27 25 7 27 7 6 15 14 14 20 13 16 22 15
23 10 24 18 11 30 26 21 12 9 14 5 10 26 0 22 6 7 9 22 26 16 1 25 21 7 23 30 3 24 16 17 14 5 20 17 28 2 29 21 8 20 1 18 23 27 24 24 5 1 25 9 8 27 0 27 5 9 6 9 1 12 19 3 28 1 7 26 28
26 16 5 13 10 24 22 11 28 18 30 7 23 19 17 19 5 29 14 15 0 29 4 13 18 15 10 4 13 7 6 3 23 29 11 18 7 4 8 19 30 28 5 30 19 27 6 23 11 24 1 13 27 22 28 3 23 1 16 13 13 19 9 10 15 13 2 21 2
23 7 13 11 27 25 14 29 16 8 12 16 10 14 8 26 29 15 30 10 29 18 27 4 15 6 18 2 15 27 13 12 21 3 20 23 10 12 7 9 11 29 24 14 11 20 18 20 27 13 7 0 13 27 28 30 12 0 1 17 21 6 7 27 20 13 23 16 27
27 12 14 27 24 10 26 0 20 8 23 26 19 27 18 29 25 5 7 11 2 25 8 23 0 30 25 26 18 10 1 1 28 15 21 6 10 15 20 26 25 3 23 30 17 28 23 9 29 15 26 3 14 16 0 19 11 26 24 23 10 26 3 27 8 26 2 9 13
16 10 30 2 15 17 25 27 5 20 25 4 5 27 25 21 4 17 8 9 9 24 0 9 29 3 26 0 28 22 7 19 1 27 29 23 17 7 20 23 7 19 22 6 7 11 21 29 19 18 27 11 20 14 12 9 21 23 20 10 12 5 1 6 27 30 7 19 24
28 28 26 4 3 18 3 3 4 29 18 21 14 22 20 20 8 2 25 11 8 14 26 22 27 14 10 11 22 21 20 19 0 2 10 15 13 20 4 14 17 1 19 4 22 3 21 25 3 19 12 3 20 3 30 4 11 17 23 13 7 28 10 4 4 10 29 24 6
19 1 12 22 0 7 30 7 29 24 16 12 5 2 11 29 18 27 12 22 19 23 13 29 5 15 4 27 26 7 26 19 2 4 10 16 8 23 24 20 0 12 20 5 25 5 19 15 0 19 19 12 29 2 3 21 7 27 2 11 23 28 27 20 4 23 19 3 14
4 10 27 5 27 21 27 2 22 28 20 4 10 15 14 29 18 17 14 0 22 23 0 10 18 19 8 6 28 17 22 20 2 20 14 16 24 7 21 17 14 7 25 25 19 9 10 5 12 16 4 15 11 23 15 25 25 14 19 13 3 29 13 20 11 16 18 10 13
10 19 0 16 5 15 11 25 23 10 28 6 30 30 20 7 5 11 27 21 17 18 30 25 16 7 15 2 2 9 19 28 12 13 22 10 1 6 4 29 8 1 25 16 25 27 4 7 6 10 0 16 22 21 2 7 27 28 3 3 4 28 7 26 21 29 4 2 21
16 16 22 21 1 30 9 2 16 4 18 23 3 15 2 28 30 17 19 9 3 20 8 30 7 7 11 24 29 2 1 20 17 19 13 28 19 13 7 15 16 3 8 12 28 12 20 15 27 23 7 0 9 21 1 25 26 11 20 22 2 13 14 27 29 18 21 22 10
13 30 5 10 10 18 22 23 29 28 7 4 30 0 26 27 5 1 22 1 19 3 17 13 17 9 3 24 13 23 15 10 17 9 9 7 22 7 14 27 7 20 1 14 22 17 22 7 2 25 7 25 4 14 11 7 5 24 25 5 19 30 20 12 2 14 11 15 8
26 5 26 7 21 12 29 5 11 8 22 4 22 29 14 3 3 28 29 27 4 23 2 11 3 15 9 0 6 22 10 22 9 14 10 17 23 23 9 19 24 20 10 5 14 11 21 19 28 4 23 13 30 9 23 18 10 16 28 23 11 15 2 4 30 8 30 20 12
19 17 4 9 24 12 2 20 28 5 10 0 24 30 29 18 19 2 6 9 7 1 29 17 24 3 12 5 14 13 13 9 18 1 25 3 28 4 21 18 19 4 2 9 5 26 27 8 8 5 25 5 27 0 4 5 5 16 18 7 0 3 28 7 11 15 23 12 24
6 26 13 22 11 10 22 26 10 17 30 22 0 22 18 12 10 29 24 25 25 4 2 3 1 3 12 2 28 17 21 11 17 13 11 27 6 15 21 2 4 27 27 27 8 4 19 8 1 3 23 26 26 1 5 15 11 13 7 10 0 27 30 12 14 20 5 1 7
4 1 25 6 20 12 2 19 0 15 8 0 8 3 9 2 10 19 7 22 2 26 1 15 21 18 30 26 26 14 5 26 11 8 30 20 29 16 22 27 19 2 30 20 22 15 26 18 9 10 12 6 27 30 7 10 2 28 5 17 9 7 10 22 14 5 5 4 14
0 13 17 1 20 30 17 20 17 11 8 14 15 22 1 8 4 23 8 3 14 9 10 17 17 10 29 15 26 17 6 7 21 11 3 28 12 1 30 22 24 3 11 20 13 19 12 15 3 24 19 28 16 1 5 12 25 30 14 11 14 9 13 15 4 21 23 2 10
18 30 24 4 26 6 22 15 19 9 14 21 4 8 8 6 2 29 21 7 10 14 19 20 24 17 5 14 9 1 17 25 0 7 0 25 1 14 6 5 4 2 25 17 6 5 7 26 18 13 22 16 18 13 17 23 0 21 26 8 6 25 17 0 20 27 16 8 23
24 23 21 5 23 13 5 21 0 17 25 27 14 25 2 11 9 2 7 7 9 2 13 25 19 11 13 16 26 29 24 15 2 13 4 17 29 25 17 21 27 13 18 3 20 18 14 16 12 5 19 22 6 8 24 27 17 23 6 27 3 7 25 24 3 5 14 24 12
0 30 3 2 27 4 28 1 0 21 4 10 0 3 11 7 27 8 2 30 20 18 11 19 10 18 26 6 25 12 25 16 26 27 22 10 3 22 0 11 30 14 3 22 5 26 16 7 0 6 11 2 8 13 18 15 27 15 6 21 20 8 8 8 28 23 20 15 5
11 24 28 2 7 12 23 30 20 24 10 29 22 23 7 7 4 26 3 15 23 14 30 11 23 4 25 15 30 12 29 30 23 28 30 30 0 30 19 3 4 23 21 2 26 26 4 20 19 30 22 15 20 7 30 28 29 27 7 17 27 20 5 16 12 17 23 14 29
23 0 5 18 16 15 26 1 22 13 30 29 3 17 16 6 2 17 12 14 24 8 28 30 19 12 21 8 1 24 25 2 24 8 24 25 0 6 29 0 9 25 14 5 30 26 28 23 4 12 2 20 23 20 0 21 23 18 12 13 15 16 5 8 5 20 7 8 17
10 3 14 22 21 12 22 18 30 6 28 26 7 25 14 20 27 3 23 13 3 8 6 21 21 14 15 25 28 27 4 2 16 15 19 2 23 3 12 20 22 14 23 17 19 21 26 9 12 2 23 12 22 28 30 9 5 8 0 3 18 19 0 16 17 7 2 22 4
25 16 19 1 15 28 26 13 12 20 29 20 1 30 17 29 15 1 11 25 10 20 27 14 10 21 29 0 16 6 9 25 1 4 17 23 29 10 25 13 7 18 29 11 18 25 10 5 17 25 6 3 11 23 15 28 22 15 1 18 14 18 22 27 22 21 8 3 2
18 21 23 2 0 8 14 22 22 28 24 14 8 20 3 3 4 10 7 12 16 29 28 8 22 7 12 7 15 25 2 2 30 4 7 12 27 11 15 6 30 16 6 19 10 23 30 14 12 26 20 25 12 16 24 6 24 24 14 25 17 9 2 12 28 7 12 21 25
10 15 17 20 17 8 24 29 27 20 3 3 14 24 14 23 19 11 6 5 18 0 19 30 22 21 19 19 20 17 4 8 5 8 12 15 18 13 11 12 13 22 9 8 12 0 30 23 23 14 3 6 17 8 27 14 2 1 21 6 9 13 16 20 7 3 25 12 9
27 23 26 19 1 1 14 14 30 27 1 30 30 19 12 25 3 18 3 5 24 0 12 4 26 21 13 19 22 18 17 1 2 4 19 25 21 19 16 25 8 24 3 16 29 16 1 19 21 29 9 12 12 15 13 2 9 24 13 22 13 20 25 5 9 1 25 30 19
21 15 27 30 8 22 0 5 26 15 21 14 10 7 30 30 1 6 15 3 0 19 4 17 24 28 28 19 19 2 27 12 14 29 12 12 15 20 20 12 24 18 28 18 8 6 15 10 8 6 13 3 28 21 1 22 11 13 22 27 15 10 23 13 10 23 9 12 13
22 3 14 26 3 1 18 17 30 23 10 6 12 4 9 1 8 17 16 29 0 19 17 29 21 8 16 3 0 5 6 1 25 13 13 21 26 23 14 16 8 23 24 30 16 9 16 22 9 9 16 0 19 29 8 29 30 1 15 0 25 16 8 27 13 2 0 12 13
27 7 21 21 11 20 5 22 12 17 28 24 25 28 26 21 12 8 26 22 9 23 7 10 25 30 15 0 15 12 16 15 17 22 20 4 21 8 15 15 28 1 13 18 25 0 15 23 7 24 26 20 24 23 21 9 19 18 7 7 13 9 27 16 23 29 1 11 14
7 18 24 2 18 11 11 6 12 13 8 30 19 1 14 13 15 10 7 29 14 4 13 18 14 6 20 20 27 14 24 19 18 4 1 25 17 1 27 10 19 29 8 11 22 18 14 18 25 11 10 30 3 24 24 0 1 21 6 23 16 10 4 23 2 5 22 0 10
19 16 7 2 12 7 21 3 23 20 10 10 13 24 22 16 22 10 25 4 0 1 17 3 14 2 0 8 9 26 14 6 15 1 18 14 11 22 30 14 10 2 20 12 25 6 0 28 17 18 2 3 28 7 21 4 12 25 9 23 16 30 20 26 3 6 7 0 29
10 8 22 14 26 22 1 9 23 11 11 28 4 0 25 23 1 2 22 30 8 27 17 8 11 6 15 4 18 8 2 13 19 6 4 9 19 18 25 4 2 3 4 11 22 0 26 29 2 13 24 21 1 17 4 16 27 12 11 10 18 2 30 21 18 11 16 10 8
17 25 1 10 13 9 17 9 20 13 17 16 0 17 26 2 27 15 19 29 13 30 6 5 7 1 6 24 10 29 10 24 10 9 18 16 0 18 22 15 22 5 13 23 19 8 12 18 22 17 30 0 28 9 19 23 11 20 15 2 12 6 12 15 12 26 4 5 4
12 7 23 28 13 21 6 1 24 28 9 4 4 1 2 11 21 13 11 1 14 13 6 3 7 5 2 18 2 13 0 7 17 5 20 19 1 2 8 11 16 28 2 18 5 10 7 20 4 21 23 15 5 4 17 7 6 3 16 3 28 2 19 2 24 9 3 7 18
12 28 3 7 29 0 26 7 14 16 17 7 16 14 0 6 28 20 16 22 26 27 7 14 13 18 22 25 11 13 10 22 20 21 28 21 0 22 14 19 7 10 12 19 10 10 0 16 11 14 29 2 3 17 5 6 4 1 0 23 9 2 26 5 19 24 30 11 14
14 24 0 28 17 12 21 16 1 7 26 26 30 4 28 21 9 24 6 30 6 18 14 16 27 17 18 29 0 27 29 23 14 18 5 20 24 20 6 18 6 8 27 8 22 5 3 12 25 17 18 3 19 16 23 11 27 15 12 15 17 10 12 11 1 3 15 17 28
12 15 9 25 21 12 9 7 15 4 10 1 5 13 23 13 11 28 27 19 18 21 21 6 6 19 5 2 16 5 18 13 5 20 21 24 25 15 5 0 8 1 30 13 18 20 21 0 10 8 20 14 3 2 30 17 1 4 24 18 5 2 12 5 16 2 29 1 6
21 10 13 27 27 4 13 24 18 10 15 8 12 22 9 3 18 26 13 22 24 26 29 23 5 13 9 2 5 7 19 28 22 21 21 22 10 2 21 18 30 26 9 19 16 14 11 16 24 7 10 30 23 29 13 8 11 12 1 7 23 29 6 18 11 14 23 15 24
2 9 17 20 26 12 11 19 14 2 3 6 26 21 0 20 23 5 4 5 19 22 28 6 15 6 27 8 11 2 0 21 30 29 11 5 21 28 5 16 23 10 9 21 5 5 21 25 30 5 11 23 21 3 27 2 13 6 29 0 8 6 29 11 6 3 21 6 25
20 6 22 27 28 19 6 7 8 8 1 7 19 2 10 22 30 22 21 25 24 0 2 13 6 23 2 27 23 14 2 12 29 5 23 7 29 0 5 19 21 15 24 19 0 6 23 12 1 16 19 13 14 13 29 13 18 13 14 2 10 29 16 4 17 5 7 5 28
12 18 2 7 21 17 5 2 9 4 13 20 3 20 15 29 0 27 21 28 23 28 30 27 8 26 16 3 12 23 29 8 19 24 27 3 16 22 9 18 9 20 23 12 11 25 2 10 22 18 1 13 23 11 10 12 15 23 27 6 23 12 18 9 13 1 7 8 13
27 23 30 22 24 0 13 7 16 30 13 17 16 23 12 10 5 3 13 18 11 7 11 15 19 6 26 17 21 5 18 7 0 10 28 8 17 28 7 4 20 4 13 25 19 5 7 21 26 29 17 22 23 0 22 29 0 30 12 3 10 23 25 18 17 25 25 3 20
1 3 11 26 29 8 15 24 9 12 8 23 25 6 13 5 15 9 25 14 4 25 10 6 0 16 29 26 23 14 6 2 2 16 2 14 2 15 8 15 7 15 20 16 1 4 18 30 29 1 2 1 8 28 21 18 14 11 5 10 25 10 2 19 24 19 20 16 28
23 4 0 16 12 7 29 3 1 16 0 19 4 0 20 15 19 24 2 6 10 13 21 18 16 9 30 5 5 14 30 17 7 12 0 2 30 28 1 10 14 12 24 24 6 19 25 26 9 9 2 23 5 12 19 29 13 13 9 23 13 17 9 15 10 28 12 24 14
13 25 10 1 8 23 16 10 19 5 24 25 30 23 23 20 21 19 0 0 5 5 2 15 18 24 8 12 12 19 27 17 11 23 28 30 12 22 8 14 0 1 10 22 0 15 10 5 15 15 23 1 23 16 21 24 12 14 29 14 23 9 9 11 8 15 13 20 26
3 7 22 11 19 17 11 12 18 4 2 0 27 7 24 12 4 28 17 30 14 22 18 6 9 29 8 10 29 1 21 1 9 15 20 23 14 15 26 26 13 5 1 16 28 12 19 7 13 11 9 7 27 24 24 2 18 4 21 19 25 20 1 16 4 24 3 1 4
19 11 9 2 15 14 5 28 30 10 5 3 12 18 16 7 15 25 9 1 2 7 23 9 29 3 6 23 16 16 27 24 1 6 10 3 9 11 29 13 29 2 29 15 25 13 9 22 13 25 13 1 20 24 2 11 1 12 8 3 2 5 3 4 29 24 13 29 9
