71 71
10 10 4 3 7 15 16 14 11 28 11 3 13 0 6 19 12 17 14 7 30 27 24 13 14 6 28 0 14 16 8 28 6 17 11 8 16 15 25 19 29 1 29 8 28 6 27 0 5 20 3 21 26 3 2 30 28 12 18 2 11 8 27 18 17 6 28 29 15 7 25
10 26 5 23 29 29 11 5 1 26 18 4 19 14 26 9 15 27 1 20 15 14 0 6 15 19 6 9 21 0 12 24 15 15 25 27 19 30 28 14 5 3 9 28 8 8 29 10 5 8 18 11 29 2 15 11 15 12 28 24 30 11 18 27 14 11 15 2 21 8 25
1 19 2 23 27 7 21 24 1 30 1 30 4 0 17 20 9 4 6 9 7 0 0 9 30 16 28 23 10 0 21 29 22 8 26 9 14 15 30 25 27 10 16 5 2 18 12 28 5 30 17 19 7 6 5 6 24 2 16 7 13 12 0 23 21 10 14 15 17 29 30
11 2 9 13 11 11 0 26 28 23 19 22 30 27 4 23 25 6 16 22 2 8 8 26 23 11 3 21 30 4 30 3 6 0 1 1 18 26 7 9 10 9 12 17 22 9 29 9 13 4 4 13 12 13 13 12 24 3 1 30 27 3 5 29 8 22 3 6 20 15 6
19 27 8 23 6 13 19 6 21 17 4 18 18 27 13 11 23 27 29 26 15 17 5 8 23 22 9 5 1 6 28 12 17 29 27 13 11 0 6 27 15 23 0 27 10 22 3 18 13 25 24 0 29 1 5 23 11 10 10 13 12 8 30 15 0 26 7 24 24 24 11
17 10 4 23 15 28 24 2 14 5 27 28 0 11 21 8 8 9 15 16 10 10 5 7 3 8 20 12 28 14 1 27 0 19 30 24 25 11 17 8 24 11 27 7 13 0 2 23 28 23 7 11 27 14 22 23 1 11 17 23 26 8 10 21 11 23 3 16 8 23 5
11 24 2 10 13 24 29 25 11 16 12 28 1 4 2 21 13 18 18 19 13 13 2 6 30 17 29 26 13 9 22 3 20 1 21 25 1 29 0 0 19 6 9 26 27 29 2 2 14 30 4 12 17 23 21 21 5 20 6 9 6 13 26 15 15 13 16 22 13 20 26
22 11 2 24 20 18 18 8 9 6 23 2 13 14 23 5 29 14 20 18 19 6 21 22 8 4 22 21 16 29 7 3 19 5 15 27 30 2 13 29 6 10 30 4 5 29 26 2 1 13 9 19 11 24 14 4 6 4 4 4 21 12 28 13 27 5 18 22 2 14 7
15 5 25 22 9 22 25 18 9 23 14 8 28 27 30 14 10 24 28 18 10 6 11 30 9 3 27 25 21 24 7 10 6 25 14 4 12 30 7 28 29 6 8 26 5 17 20 22 4 9 11 13 23 19 14 14 21 27 12 10 8 8 9 6 4 9 13 12 30 29 25
23 20 3 1 1 11 4 2 25 22 1 5 17 16 27 0 21 30 30 8 26 1 15 2 24 9 11 26 11 16 15 2 9 10 5 25 24 23 30 22 4 2 13 20 27 20 6 25 10 14 21 23 15 20 3 2 28 26 18 30 13 26 25 24 5 13 15 5 21 6 18
6 23 27 26 15 16 3 18 19 17 15 6 24 30 7 4 24 18 17 1 27 30 7 15 15 25 4 22 3 19 17 14 4 23 20 22 7 20 15 9 18 7 1 10 2 19 12 2 25 16 7 3 4 30 30 6 3 16 23 30 6 28 30 5 29 27 13 14 11 22 21
12 7 21 24 0 8 22 15 3 27 30 25 7 16 24 23 16 7 27 27 15 7 21 10 0 14 0 28 24 15 1 12 9 16 9 7 25 18 28 2 21 24 29 24 27 20 14 26 11 26 11 9 27 5 29 12 18 3 8 14 0 10 28 9 1 19 10 5 27 0 1
4 29 9 29 27 30 3 10 10 7 12 4 22 20 3 17 1 23 7 22 1 17 0 23 20 9 27 8 28 2 17 26 23 8 3 4 4 28 4 1 25 12 22 6 5 24 13 17 9 12 29 3 24 17 22 21 22 19 17 19 17 11 8 11 19 24 12 27 0 18 7
29 17 9 10 12 21 14 8 8 1 25 25 26 21 22 7 7 6 17 20 23 11 13 13 4 8 18 26 0 27 0 25 28 6 23 28 8 17 12 27 20 26 24 9 27 17 8 29 14 29 16 28 4 15 27 4 19 2 4 12 23 10 28 11 27 20 29 18 24 20 26
16 15 21 10 10 10 30 12 3 4 20 20 15 23 4 15 25 10 1 10 26 30 3 10 28 28 25 9 18 5 29 19 15 30 17 2 16 22 2 28 0 23 20 19 4 26 19 26 29 21 0 21 5 20 23 24 12 5 29 20 25 4 28 10 2 1 0 21 28 23 17
6 8 7 16 12 26 5 21 5 18 3 28 29 0 12 16 11 9 20 19 1 21 0 10 29 26 12 4 1 26 0 4 26 4 19 1 2 30 13 11 23 10 11 10 20 20 13 21 13 25 14 0 24 3 5 28 11 2 17 17 9 8 6 22 16 9 21 30 12 28 12
29 2 12 18 28 26 26 3 1 19 5 1 17 4 26 2 22 12 5 25 28 29 14 5 17 22 11 9 17 21 18 25 19 16 27 15 25 9 27 0 22 21 1 0 1 20 22 1 14 3 24 26 13 2 14 20 2 27 1 21 20 12 7 30 14 2 28 15 13 28 0
13 7 0 18 10 16 5 26 13 1 22 8 0 11 15 30 23 15 23 12 2 11 24 22 29 2 9 16 9 10 5 23 28 30 6 4 15 12 20 15 18 18 23 28 3 18 4 17 30 29 9 8 18 1 5 25 28 13 27 24 15 12 26 27 28 28 21 2 14 8 3
30 0 17 28 4 29 16 27 27 17 17 4 25 23 2 19 27 11 6 14 24 27 15 4 15 10 10 27 17 29 8 3 0 26 29 10 11 8 20 23 26 16 25 15 19 14 16 7 2 11 5 5 30 3 23 16 19 30 4 23 20 20 15 0 6 11 3 29 10 2 18
25 25 13 21 4 28 5 2 7 19 11 12 15 7 13 11 1 17 10 26 25 28 15 25 11 22 30 8 18 7 30 1 8 5 19 17 5 9 29 25 3 0 7 30 13 1 9 28 25 2 21 15 17 9 18 2 19 2 25 17 9 11 25 19 1 28 9 1 28 2 9
8 20 5 2 17 16 11 22 7 8 21 11 26 6 19 24 11 28 13 12 17 8 3 19 20 14 19 7 2 19 26 28 6 6 20 12 26 17 26 23 28 13 17 7 12 5 1 7 25 12 6 24 8 28 3 12 2 13 13 18 20 11 6 30 19 27 9 9 28 20 18
27 3 13 28 21 1 1 7 15 26 8 13 12 23 24 23 14 1 10 26 21 4 30 1 2 0 28 16 24 0 20 12 23 17 13 5 7 21 17 26 20 30 0 1 16 4 26 24 30 6 24 23 5 26 5 26 13 22 8 7 7 12 11 23 26 23 23 4 6 2 25
2 16 1 20 7 19 17 16 10 21 7 30 23 15 17 26 24 2 17 20 12 24 28 6 5 29 20 3 15 14 27 6 16 13 29 1 18 17 5 22 9 5 5 18 14 7 10 13 28 6 5 2 27 3 28 30 18 7 17 25 19 23 26 17 0 5 0 26 2 13 17
24 8 30 6 21 30 29 5 26 3 11 5 14 27 7 8 16 29 27 28 20 18 21 27 30 18 10 21 5 30 1 16 15 11 4 0 26 28 11 15 0 0 3 18 19 16 0 11 19 16 7 6 28 12 20 25 14 14 27 28 16 20 0 30 15 28 18 8 19 27 0
25 25 23 9 5 10 28 15 28 17 10 13 21 8 5 23 16 27 24 18 19 4 5 23 18 8 13 7 26 28 15 16 28 7 15 19 17 29 23 12 5 0 27 21 8 0 15 11 12 17 4 4 20 8 4 17 20 20 23 18 29 2 1 3 11 11 5 8 0 21 21
9 13 9 1 22 20 11 4 20 5 21 15 22 30 19 22 8 16 29 24 0 29 24 19 25 7 27 24 21 11 28 0 16 23 17 7 13 6 27 23 17 1 29 4 28 1 23 12 24 22 10 7 3 10 22 8 4 16 17 27 21 16 4 21 3 15 7 1 0 7 17
16 13 19 18 4 25 6 15 4 26 26 14 27 10 17 18 24 13 26 10 1 5 4 30 23 18 10 28 28 7 6 22 11 2 22 3 17 8 4 28 10 24 7 14 21 7 20 12 23 4 21 10 23 20 21 12 29 21 30 9 13 18 19 26 2 24 24 24 7 30 12
30 18 20 0 18 0 30 11 1 30 7 3 25 30 11 19 12 21 1 1 15 12 17 21 28 24 21 14 21 19 17 24 7 9 8 7 9 23 2 11 18 2 30 11 21 17 24 27 22 10 26 14 11 26 28 25 4 15 12 29 6 22 0 12 22 9 30 3 29 19 20
28 1 0 5 17 20 8 29 13 15 10 14 7 10 25 24 23 28 18 13 12 0 25 6 25 19 27 0 24 8 25 4 22 29 26 6 4 5 22 6 20 9 0 18 7 8 27 28 11 24 27 1 20 28 5 1 13 24 25 1 14 29 18 8 11 2 18 16 7 17 19
14 24 9 5 9 19 15 28 14 3 0 4 27 11 7 13 16 17 8 0 5 18 21 3 21 15 30 12 6 17 22 28 19 2 29 9 20 19 25 4 15 8 3 14 29 16 6 15 19 14 1 8 12 11 27 26 26 28 18 5 14 26 30 24 11 12 17 10 0 24 2
5 17 2 26 3 24 6 7 6 24 28 4 2 6 30 18 16 22 22 2 4 24 3 1 27 7 15 20 20 9 21 5 18 17 6 23 28 1 14 21 22 23 26 2 12 3 8 24 15 28 2 8 13 25 22 9 25 6 25 22 18 25 26 8 4 1 27 26 28 27 30
21 7 7 25 15 15 7 23 17 5 6 9 14 18 5 26 8 27 6 8 29 1 25 12 11 29 23 9 5 12 12 19 18 6 14 3 26 11 8 29 11 9 3 27 15 11 1 14 8 14 21 6 10 27 2 14 4 5 23 15 18 27 19 28 5 6 15 5 5 10 8
21 18 16 11 12 5 21 10 2 5 0 8 13 8 23 4 23 15 29 12 21 26 18 13 9 0 3 20 30 5 10 23 26 17 19 13 5 3 22 18 18 22 14 11 8 13 17 12 13 5 24 12 0 17 30 27 6 8 27 20 29 13 30 7 16 29 6 25 27 7 6
6 24 2 6 12 5 25 20 23 6 10 26 5 16 12 13 22 12 22 13 25 8 22 4 8 8 26 20 0 14 19 26 22 13 2 2 25 5 16 6 28 26 24 14 19 24 25 9 28 0 7 20 22 22 5 7 28 25 19 16 1 3 24 0 17 11 26 17 22 0 2
19 13 5 18 14 1 13 29 25 3 5 24 14 20 21 25 16 1 12 0 12 1 30 3 27 10 11 16 11 4 12 28 10 20 6 27 11 11 23 16 18 26 8 18 16 19 16 27 7 15 6 26 0 5 27 18 23 19 8 3 19 14 21 22 12 4 22 17 14 3 20
26 16 3 5 18 13 23 23 20 16 28 19 7 2 2 4 8 2 22 16 3 26 11 6 15 0 22 18 28 13 22 17 5 14 6 14 21 10 7 16 19 13 24 3 11 12 20 5 18 6 13 28 5 14 2 23 8 20 2 2 4 28 8 9 27 25 2 3 12 20 10
12 21 3 21 13 1 3 24 10 3 30 28 26 13 11 0 17 16 4 18 5 10 2 13 17 2 4 7 17 11 12 8 12 13 2 9 9 22 25 28 9 3 20 10 7 13 9 26 5 3 24 27 7 0 11 8 11 5 26 28 3 23 14 29 30 18 24 0 15 6 12
13 13 22 6 14 12 9 16 2 6 16 26 20 23 9 17 13 10 3 16 23 14 25 17 23 14 21 3 30 27 24 16 3 1 10 1 19 13 7 30 17 12 8 19 8 11 9 24 25 24 15 3 11 21 15 15 14 25 7 6 6 12 20 22 28 5 26 24 21 1 26
10 29 9 5 2 12 24 25 11 26 2 24 7 2 6 11 13 16 19 27 14 5 26 23 19 22 5 18 27 9 0 15 4 8 11 5 30 12 23 24 22 9 1 21 25 11 19 21 29 1 16 21 24 8 8 15 11 30 6 28 25 10 22 21 6 11 21 12 20 6 6
1 5 4 10 28 14 14 9 8 10 0 20 27 10 3 26 24 10 11 2 16 17 24 23 19 20 23 5 25 0 13 14 18 8 11 29 26 27 23 18 11 6 9 5 20 19 5 6 2 17 16 25 18 27 0 26 0 26 17 26 24 1 13 23 10 9 7 16 30 22 13
13 29 8 2 7 6 29 5 11 24 12 17 7 12 16 8 14 23 24 23 4 1 20 1 23 1 20 11 17 8 16 4 30 16 29 15 5 0 1 9 8 30 12 20 13 7 9 11 29 14 28 13 30 4 27 2 25 4 24 10 27 3 25 18 22 18 29 24 19 6 25
12 12 23 1 29 29 7 28 26 0 22 7 0 24 13 1 6 13 28 25 17 30 5 7 23 12 16 26 23 10 21 30 28 4 18 5 23 17 24 16 1 20 13 24 0 8 23 23 15 8 25 23 11 27 4 15 9 21 27 10 24 25 8 16 11 28 10 25 10 6 3
27 29 4 0 5 12 10 20 27 14 11 17 0 20 30 30 30 23 6 20 4 20 28 11 22 19 4 21 22 30 18 16 9 6 14 2 29 24 6 15 2 6 13 19 20 26 28 27 21 8 30 7 12 4 15 30 24 3 15 7 26 15 24 16 9 2 20 3 17 3 9
24 20 7 22 3 7 13 5 1 20 8 4 12 0 2 4 30 5 20 22 21 14 23 5 28 0 19 9 20 4 27 14 4 0 12 22 29 28 1 23 0 24 21 24 24 24 3 18 6 23 5 21 15 22 13 6 18 14 8 21 19 8 13 8 23 8 6 26 26 29 4
9 7 18 28 13 27 5 17 10 5 1 17 13 1 6 13 2 27 20 28 26 9 16 23 5 28 10 3 14 29 25 11 27 17 24 1 6 23 3 0 0 28 5 15 6 10 28 17 0 26 27 2 3 22 5 17 1 9 23 28 2 30 4 7 14 12 4 1 24 18 16
24 22 15 0 27 13 26 12 1 10 12 15 26 6 13 0 29 9 2 28 23 29 12 6 27 16 29 30 8 30 14 12 26 18 20 3 12 25 4 19 13 27 14 5 12 15 13 17 16 21 4 11 8 30 30 28 6 13 16 24 11 1 3 22 18 21 24 25 13 26 24
24 5 0 12 24 25 5 17 8 6 0 14 11 28 2 25 16 22 3 21 0 2 7 13 21 25 21 20 26 0 22 2 15 14 24 6 0 24 20 2 20 21 10 24 21 23 14 6 19 25 0 16 25 0 1 18 10 5 2 4 24 17 12 16 3 0 13 19 7 7 22
3 23 28 4 8 12 19 25 26 17 11 11 18 20 18 24 2 21 17 14 13 20 9 9 6 2 19 4 9 5 27 30 2 17 4 9 7 30 21 13 18 8 29 15 28 19 16 19 12 4 26 13 14 22 21 28 0 6 17 15 6 16 15 2 15 1 20 16 29 9 3
7 20 14 21 0 15 26 27 23 11 19 13 18 10 14 13 3 17 21 30 0 3 6 23 9 6 24 16 29 14 15 6 10 1 8 9 12 4 6 7 6 12 20 30 9 2 2 9 2 6 7 26 2 2 25 6 1 20 14 24 25 8 11 1 6 22 29 23 5 10 27
24 22 9 28 0 14 8 28 15 30 2 14 27 1 7 28 17 5 26 4 5 27 17 14 15 9 21 23 18 26 11 7 5 27 16 7 0 13 16 19 9 1 21 9 20 2 28 11 12 13 30 7 21 26 5 27 10 12 26 29 29 6 18 27 4 5 24 27 8 24 27
24 16 10 28 6 7 18 2 21 13 28 12 7 14 13 25 16 28 5 24 0 22 15 17 13 27 21 22 17 21 6 22 18 19 9 1 15 18 0 17 5 29 25 4 11 10 12 12 6 29 18 0 7 25 9 20 30 17 30 8 12 30 13 3 15 15 2 15 24 10 21
23 3 13 25 4 5 8 29 28 15 30 16 27 11 5 13 15 2 9 22 3 14 16 25 29 16 27 25 8 26 23 0 26 17 17 8 28 20 0 19 4 13 6 0 26 3 23 0 24 2 28 21 17 2 12 16 15 26 4 27 6 28 6 22 12 4 30 20 17 17 29
1 10 23 20 12 27 23 22 21 23 28 15 5 5 17 10 20 20 6 23 0 2 8 30 15 11 20 17 21 2 15 9 25 3 2 3 30 16 4 1 14 25 19 30 2 22 27 28 22 18 14 16 4 0 25 28 23 19 4 15 12 20 3 16 2 12 4 21 15 27 4
10 29 5 7 8 0 13 25 21 19 4 26 26 9 6 17 10 2 30 12 20 18 9 6 21 12 30 24 25 19 17 17 22 20 4 7 30 24 30 19 23 21 22 16 25 6 16 2 21 18 21 19 25 22 22 10 26 25 9 10 10 26 27 24 8 14 13 6 15 19 26
3 18 16 20 18 0 28 6 20 1 5 16 15 8 15 8 7 24 19 19 25 30 28 3 9 26 18 17 16 2 17 11 25 23 29 2 20 0 18 2 30 25 19 7 4 8 18 26 17 5 4 16 6 0 26 12 27 25 7 7 12 9 18 27 28 10 5 5 14 23 16
30 9 6 21 29 18 24 10 28 24 3 27 6 7 15 18 14 9 4 10 11 30 10 11 24 5 2 29 11 2 15 12 23 29 11 5 11 17 8 2 27 7 21 5 13 21 11 12 3 27 20 26 10 21 20 29 26 28 5 27 26 23 21 11 26 18 9 9 28 28 24
0 20 22 5 11 10 10 24 1 7 30 0 0 25 12 9 27 11 24 14 27 26 19 15 15 21 24 0 19 6 21 14 18 3 6 10 24 0 21 21 5 3 10 23 4 22 13 16 28 20 1 4 29 3 28 29 30 25 6 25 1 15 28 5 19 22 30 12 25 8 14
4 27 16 20 8 21 1 26 9 24 12 25 12 13 8 27 2 15 14 10 11 9 17 5 3 25 16 29 3 2 24 26 20 1 24 10 23 7 3 30 21 13 3 29 10 2 10 1 8 23 22 25 23 17 29 27 23 17 26 0 22 20 13 0 11 2 19 9 3 24 9
7 16 30 2 19 29 1 17 15 9 11 15 28 12 4 15 4 2 3 14 27 20 25 13 3 12 21 23 27 19 22 9 14 1 25 23 2 7 12 26 25 25 19 4 13 21 10 27 28 20 24 6 22 16 23 12 1 13 9 0 17 7 20 1 2 12 3 7 15 16 1
20 25 14 20 29 4 27 26 6 5 1 28 20 23 0 9 13 14 16 8 15 20 7 1 8 2 27 29 15 3 20 5 7 13 22 26 23 18 3 7 11 30 28 30 13 2 26 20 4 15 1 13 28 20 26 11 20 30 24 3 6 8 13 23 24 6 29 13 10 28 3
5 26 0 21 25 23 12 4 2 5 25 22 29 24 30 28 4 15 7 16 11 27 17 22 10 13 2 12 17 18 25 3 19 30 30 13 4 3 22 18 1 17 19 13 1 12 10 24 22 0 20 29 26 25 21 20 28 8 24 15 27 3 1 14 6 27 29 1 17 2 12
9 12 15 3 4 18 27 22 29 20 24 0 4 26 6 5 7 19 19 5 21 24 13 4 2 22 7 28 14 28 2 6 30 25 13 7 7 18 25 26 12 9 13 14 9 2 6 22 7 30 20 7 9 21 23 15 2 21 23 6 1 10 2 1 12 30 26 2 22 22 3
30 15 6 8 23 28 9 5 12 0 20 4 7 3 1 21 23 2 30 24 10 29 10 5 12 17 4 18 10 16 13 0 2 8 30 23 24 27 4 24 18 27 20 11 19 13 4 15 11 26 0 8 25 12 20 27 17 26 28 4 24 0 26 6 6 0 17 23 17 23 27
23 22 28 9 24 0 16 9 0 4 3 16 10 14 14 9 15 30 9 7 7 17 2 10 4 16 15 26 20 28 16 7 8 2 18 9 27 4 9 27 22 28 13 24 9 6 20 3 7 16 23 10 1 26 4 14 23 23 24 15 8 20 7 12 11 22 10 30 20 20 3
0 12 6 21 23 24 22 18 4 27 24 19 25 11 16 9 3 7 0 5 13 8 24 10 9 2 11 16 2 3 9 29 17 19 21 20 23 13 0 7 15 4 24 20 17 4 21 21 22 29 10 22 2 13 20 14 13 4 20 8 1 21 4 17 14 2 13 1 6 18 30
29 11 27 1 17 25 26 4 28 2 7 4 21 2 18 14 23 0 23 0 26 6 7 1 3 9 5 9 25 8 12 26 11 15 24 14 19 10 11 12 30 2 20 15 16 27 15 15 9 4 21 25 9 1 17 23 27 25 23 27 16 1 18 1 19 29 30 13 8 26 11
2 8 12 5 7 29 0 4 24 2 24 26 26 23 17 10 15 9 0 18 4 2 6 9 18 25 0 22 22 9 14 18 6 29 3 30 14 18 19 0 20 16 28 8 24 2 14 4 14 5 15 24 12 18 27 2 21 2 6 17 20 25 25 7 30 29 14 0 23 14 20
12 24 19 1 21 29 12 2 3 4 2 27 27 4 19 4 14 10 20 7 12 20 10 2 9 3 17 24 10 3 25 6 17 17 2 20 4 24 22 4 14 17 2 1 24 4 29 16 9 21 0 7 0 14 17 21 20 24 17 23 25 17 0 8 1 1 1 30 26 4 5
22 21 16 14 0 23 4 13 30 5 28 5 9 27 15 30 11 8 30 8 26 27 8 11 1 23 0 8 16 4 18 28 16 18 19 17 1 0 14 6 10 20 18 29 30 15 3 10 0 8 25 11 18 17 19 8 12 19 27 23 4 5 26 27 24 16 19 28 14 14 6
2 17 23 25 2 29 17 10 29 16 18 17 5 25 12 26 24 29 5 18 26 26 8 2 7 9 22 22 22 14 12 4 15 25 21 29 9 24 25 16 27 17 9 20 1 12 6 20 18 22 27 0 29 11 24 28 3 12 15 25 15 1 3 28 25 26 26 11 24 0 21
1 15 7 12 25 21 17 15 13 6 8 13 17 8 5 26 1 13 6 11 29 3 11 14 0 7 10 18 13 11 28 28 8 19 14 5 15 25 28 14 22 27 24 9 12 24 18 27 23 28 25 5 21 14 19 28 29 19 18 8 5 28 2 29 25 20 22 30 15 1 11
