74 74
29 10 0 22 8 19 26 3 0 13 30 6 15 3 22 18 3 8 1 1 20 20 13 14 17 3 7 25 12 2 4 27 0 28 26 9 24 8 8 10 9 3 8 15 17 27 26 12 0 24 27 5 14 27 24 4 28 18 29 17 18 24 26 16 24 24 7 9 24 19 13 26 9 15
12 17 15 14 4 14 25 18 0 0 1 10 21 15 5 13 11 13 2 1 0 2 23 6 7 30 14 7 9 20 23 22 24 21 22 14 11 17 24 23 0 17 3 12 11 8 18 20 26 17 9 6 9 12 25 14 9 11 11 2 22 13 16 0 21 18 27 5 17 4 10 13 11 20
13 30 8 17 25 26 23 19 6 16 29 12 4 0 13 26 18 12 29 13 23 24 7 16 22 3 26 26 18 20 3 9 11 1 27 20 29 5 24 20 29 11 9 17 10 3 26 14 4 12 5 24 3 28 20 11 22 27 13 9 27 28 29 7 23 29 13 3 6 19 20 0 15 7
23 26 23 24 27 6 7 9 15 30 4 4 4 12 19 24 25 21 22 6 26 13 26 10 11 17 0 15 27 22 17 9 3 3 5 13 13 23 7 24 8 13 23 8 6 17 17 2 21 17 15 29 23 3 29 14 23 21 17 30 28 12 8 17 25 26 9 10 16 15 26 30 19 0
1 14 26 17 14 21 25 27 13 3 23 23 12 9 28 12 27 30 8 1 1 14 10 14 26 26 21 14 25 26 11 10 9 3 16 21 19 5 18 16 20 23 27 24 6 15 17 13 26 23 28 7 21 2 21 12 15 8 24 27 13 24 1 30 30 2 12 23 18 27 26 12 17 16
10 21 16 5 27 5 3 18 16 9 30 19 24 5 30 2 4 16 11 14 10 8 10 30 16 0 25 6 13 8 9 4 3 6 10 25 29 29 16 18 23 13 25 14 11 2 22 13 28 13 2 4 20 11 14 8 16 11 7 9 20 26 1 0 18 1 16 18 12 14 10 6 26 30
18 18 1 17 9 17 8 25 6 26 8 30 19 8 15 9 20 6 18 26 20 11 3 18 9 6 26 5 19 21 22 21 16 21 22 9 30 4 30 6 1 8 7 3 14 25 4 20 3 7 23 17 12 23 12 26 24 19 22 9 10 30 23 17 24 25 14 13 21 12 0 3 17 15
28 21 20 24 24 10 2 26 12 30 30 27 20 28 25 16 6 12 7 6 27 23 23 25 26 22 5 14 17 20 3 7 8 12 14 25 12 16 23 4 17 9 15 11 28 15 24 3 4 13 2 13 2 23 0 25 16 16 4 27 20 0 3 4 23 20 13 5 17 17 9 4 30 27
25 4 20 19 2 8 14 27 28 28 2 15 17 23 18 21 9 15 10 10 5 30 24 15 6 27 27 25 22 13 1 3 13 24 22 16 27 26 5 24 3 25 0 13 10 8 25 26 26 4 15 22 15 13 9 22 26 28 5 9 12 9 21 27 22 23 3 19 29 5 15 24 25 9
17 5 22 20 22 5 28 24 22 20 26 0 1 16 13 18 15 12 12 0 12 3 5 11 14 25 0 3 27 25 28 17 9 9 21 15 22 16 1 28 22 13 3 2 30 22 16 15 20 26 10 14 20 26 26 14 29 27 29 13 8 3 10 12 18 1 1 8 9 0 13 5 9 27
0 28 6 25 4 1 9 15 25 20 9 11 30 0 6 25 24 5 13 5 14 16 1 3 1 5 25 3 14 30 22 26 15 5 11 15 18 13 13 2 20 21 28 19 18 3 26 3 9 4 27 2 15 2 10 15 6 14 19 1 16 28 25 14 0 4 0 11 3 22 11 22 16 28
28 8 17 5 4 0 2 10 4 8 19 6 11 2 29 17 0 14 23 23 21 5 28 29 0 25 27 12 2 6 7 21 17 18 12 16 29 14 22 10 2 4 20 14 28 29 19 25 22 13 27 30 9 22 7 20 18 17 14 19 18 29 15 24 12 4 11 20 0 16 27 5 8 8
23 10 18 28 4 8 28 16 4 3 20 8 28 12 16 26 8 18 0 24 9 21 5 19 14 14 20 28 25 9 16 17 29 29 11 14 25 27 15 25 21 10 30 25 20 11 16 19 26 15 2 21 23 28 29 10 6 22 19 28 25 1 23 25 20 12 9 19 19 15 28 9 5 28
16 25 5 16 4 11 0 10 2 4 14 11 23 5 18 0 27 18 17 1 6 9 30 27 5 2 11 17 29 4 23 6 12 11 29 11 11 30 20 25 18 20 18 13 6 10 20 30 2 7 5 5 9 14 10 2 28 26 14 25 9 1 30 24 26 11 16 20 5 27 24 18 19 2
1 2 23 11 28 5 24 9 21 3 11 0 16 6 30 23 30 12 1 17 12 27 29 23 29 19 18 30 29 20 20 12 0 21 0 2 0 13 4 24 24 5 11 4 20 10 20 28 12 0 22 12 6 23 14 10 9 22 16 2 29 28 4 22 16 14 10 30 11 22 27 12 9 9
19 27 11 9 15 18 19 8 3 24 24 5 14 6 17 5 15 29 8 26 12 17 25 25 2 23 9 30 15 23 28 12 20 27 16 4 9 7 10 13 0 7 19 1 13 17 9 0 3 4 8 25 25 19 13 5 3 18 15 2 6 22 14 4 23 18 26 21 10 6 16 29 7 12
4 9 9 29 3 24 29 25 9 12 28 20 7 10 3 17 0 17 14 9 18 23 24 20 3 0 14 1 16 7 20 10 20 27 4 5 10 22 30 13 27 24 4 2 26 20 28 7 17 18 6 20 1 20 9 28 29 7 4 23 16 22 3 28 10 23 20 2 1 21 22 28 7 10
25 22 25 6 4 13 3 6 0 14 29 12 29 13 7 5 27 18 25 1 0 19 11 30 24 22 12 24 17 13 21 15 22 26 12 30 28 17 5 18 12 9 16 4 11 28 13 20 27 20 29 8 15 28 23 4 0 5 3 7 6 14 23 5 8 26 29 16 23 11 20 18 28 0
11 26 1 17 5 26 3 6 22 11 19 5 10 22 11 14 28 15 1 28 26 10 26 0 28 6 18 22 15 14 17 3 11 16 20 25 12 9 25 11 24 2 29 18 15 1 12 14 21 30 14 24 2 26 27 1 30 29 19 9 1 11 27 3 13 18 26 13 26 22 10 11 15 13
3 27 1 23 30 2 16 20 30 14 28 27 11 25 11 26 22 8 2 1 27 7 19 4 13 18 9 3 17 27 23 6 10 15 10 8 2 16 11 15 10 12 2 15 10 3 9 24 30 0 23 8 22 9 16 11 13 12 8 11 29 27 9 26 28 8 28 10 27 22 13 17 20 3
28 14 2 11 22 8 5 25 5 12 23 29 27 16 24 16 3 16 17 17 16 13 25 20 29 23 29 12 2 25 29 20 20 1 2 9 17 29 11 6 15 11 8 22 6 24 2 21 22 2 4 30 2 27 28 2 23 24 30 13 4 12 19 14 8 7 30 12 17 2 9 27 20 17
27 15 10 18 18 2 16 15 4 25 11 21 3 23 24 16 24 23 20 4 9 23 7 23 5 14 29 22 15 23 12 10 15 26 12 13 12 23 3 23 21 0 30 14 27 29 8 18 1 19 26 20 16 27 26 7 30 25 0 13 19 19 17 23 16 22 18 0 9 6 4 4 28 3
20 6 20 0 19 11 18 14 12 20 10 13 0 25 24 7 7 9 13 28 22 15 20 21 1 30 15 15 24 4 20 30 5 22 1 3 20 30 25 28 6 16 11 12 24 25 23 9 23 23 26 30 0 7 22 30 28 12 29 21 13 28 28 27 3 13 9 29 23 17 0 22 13 26
16 8 0 21 6 8 26 3 22 27 30 21 13 2 18 24 12 17 18 7 20 5 11 23 10 23 7 19 9 21 1 2 0 25 18 19 5 8 7 21 22 18 30 8 23 0 27 27 11 21 25 21 28 22 20 4 27 3 10 22 16 3 22 26 26 27 29 24 6 19 20 27 3 18
26 25 25 27 24 26 23 23 13 0 17 21 25 7 30 26 25 19 26 14 30 22 7 2 19 24 24 25 14 15 17 12 23 19 15 16 30 29 24 10 30 28 29 17 20 18 22 27 29 28 10 5 22 29 22 20 3 3 4 14 15 21 23 19 30 1 8 18 28 16 29 11 9 23
18 1 1 15 21 12 10 27 20 2 17 19 24 6 23 23 12 7 23 19 11 25 19 22 14 23 18 7 6 9 15 29 23 23 24 13 16 25 27 13 27 11 29 0 22 18 0 16 2 21 1 7 12 18 12 29 30 28 28 28 6 23 19 12 4 12 27 20 3 0 16 14 6 0
25 13 8 29 1 24 0 6 11 2 6 22 10 20 22 1 4 29 28 18 27 0 18 24 27 15 3 29 29 3 2 23 6 3 6 1 11 15 8 1 13 19 15 13 10 15 22 7 17 19 0 4 12 2 8 28 1 25 4 0 4 1 6 20 18 2 20 30 10 17 29 20 29 25
15 17 29 23 27 18 12 16 14 15 0 12 6 6 4 17 10 29 9 13 21 0 16 0 15 30 7 15 21 23 17 22 21 30 8 6 22 27 24 14 8 20 22 25 17 6 24 7 29 14 18 16 0 5 16 6 25 26 12 17 30 19 14 29 26 6 15 20 7 10 7 8 14 15
21 28 27 28 27 21 8 3 18 23 13 7 27 27 7 22 27 23 25 15 3 24 20 7 25 8 20 4 23 1 15 12 25 16 6 29 20 0 6 26 21 24 2 0 0 19 13 26 28 12 3 30 19 13 3 25 27 3 26 5 18 16 14 19 20 17 24 16 5 17 19 28 30 20
1 30 28 20 22 19 24 13 26 12 30 30 9 16 9 3 27 0 21 8 11 11 8 7 27 30 8 3 5 22 10 25 16 15 17 2 28 14 28 3 29 13 30 7 0 25 20 13 29 6 1 21 20 8 12 2 22 10 11 6 1 8 16 9 21 25 12 19 26 30 16 17 10 24
5 24 14 17 2 21 15 11 26 24 0 4 7 13 15 30 4 12 7 8 9 6 0 19 16 26 12 5 9 15 13 13 14 5 18 2 2 19 23 5 5 6 25 24 18 9 4 30 7 22 27 10 13 8 13 22 15 24 16 26 27 16 24 30 9 14 1 14 29 14 29 15 17 12
24 13 9 8 1 19 15 24 12 19 23 22 28 4 18 27 9 2 10 17 0 4 3 10 21 8 26 20 1 26 24 21 5 6 12 27 16 10 23 16 11 11 27 28 24 21 29 24 1 19 29 28 1 5 8 8 5 23 4 25 0 9 21 2 19 8 3 27 20 11 10 27 9 9
30 0 29 9 20 30 22 16 30 11 26 21 13 3 30 25 22 26 5 3 22 29 15 6 23 11 5 6 9 17 22 24 23 10 23 9 29 8 0 8 2 1 23 5 4 11 15 16 27 22 19 6 18 18 28 20 20 27 21 21 25 15 20 22 7 1 23 22 3 20 5 27 13 11
19 4 15 17 17 29 14 14 17 13 10 6 18 12 19 25 6 10 16 10 8 19 14 18 7 17 19 18 25 12 15 5 30 4 11 24 11 25 1 17 3 18 19 2 9 21 4 0 1 3 4 24 18 9 20 28 23 7 7 8 4 15 10 16 19 7 29 9 27 26 17 2 16 3
20 29 22 22 2 20 29 4 9 0 22 4 10 7 27 7 1 22 11 7 24 12 2 5 6 17 11 19 26 18 14 26 21 22 12 11 10 14 20 28 4 7 30 6 5 11 0 25 24 6 11 8 17 13 21 24 1 2 0 23 18 28 15 21 14 11 12 28 7 8 17 9 27 25
1 27 18 11 1 19 20 3 30 0 6 9 29 7 8 30 12 1 0 13 8 17 11 2 26 29 27 3 29 9 12 11 26 23 7 10 21 6 0 22 9 16 21 25 25 20 15 28 18 29 3 28 22 0 11 10 19 25 26 27 10 19 13 2 20 0 10 12 5 27 2 19 24 12
25 11 8 30 15 5 5 13 22 16 20 0 15 17 12 28 2 22 4 14 28 21 2 28 6 17 19 3 4 17 10 24 13 14 25 23 22 4 4 27 7 14 16 4 7 29 6 24 17 10 24 12 3 5 17 18 27 21 12 7 25 28 24 16 24 16 11 14 7 3 2 13 15 1
18 16 21 23 18 7 25 13 13 13 13 27 28 7 3 4 7 29 12 24 10 15 12 6 16 23 5 6 12 10 19 12 22 4 25 1 2 7 9 26 6 22 6 4 19 14 27 5 27 12 7 16 24 6 5 13 8 25 12 13 13 11 23 15 15 22 2 4 14 15 19 27 4 11
18 16 3 30 21 4 21 28 8 20 2 28 24 25 10 28 12 28 19 7 23 8 9 30 4 3 4 11 3 18 17 5 2 24 26 5 13 0 6 27 2 10 21 13 20 7 26 19 23 25 2 20 6 1 16 5 14 25 2 12 18 4 0 11 27 2 13 26 18 22 0 21 11 15
2 10 23 29 14 1 5 1 3 16 21 17 15 22 5 17 5 19 0 11 16 13 0 17 27 14 8 28 4 2 14 26 12 21 11 16 22 27 17 30 18 6 1 19 9 13 27 11 10 3 9 20 2 3 11 28 11 7 29 18 3 10 5 15 20 0 11 9 12 24 13 9 29 6
6 12 8 4 14 13 4 26 25 17 2 7 23 21 25 27 22 17 13 23 29 10 1 5 10 4 23 1 12 9 6 13 13 9 20 29 17 22 20 14 18 20 9 26 25 7 4 17 10 14 14 22 1 5 17 12 5 25 30 26 18 30 5 7 10 13 0 0 21 27 4 26 8 4
11 29 8 22 17 20 5 10 16 28 27 11 3 2 20 17 4 7 17 27 7 19 13 19 15 26 2 11 8 16 28 23 30 11 3 21 30 21 11 3 1 7 30 9 13 25 4 17 3 25 13 5 12 18 23 8 8 12 11 10 6 12 21 14 22 27 6 10 7 12 23 25 4 23
18 21 16 3 28 26 27 23 12 24 4 8 18 3 17 1 4 22 15 2 2 30 5 0 3 4 30 4 5 2 27 2 6 4 5 2 28 6 27 27 19 11 24 5 24 8 4 2 6 11 9 4 20 9 14 9 14 11 24 27 25 28 21 2 10 10 14 6 8 10 26 16 8 3
21 4 2 23 2 5 20 6 25 7 29 4 27 11 7 18 23 14 22 2 12 26 29 16 17 20 9 14 28 10 21 24 18 12 29 18 0 19 13 13 6 16 0 27 13 0 7 18 24 24 15 26 21 20 28 10 15 16 19 3 27 2 0 22 3 26 8 3 22 10 20 5 10 30
14 7 11 24 0 12 7 29 20 17 25 19 1 13 16 11 12 7 18 3 17 29 14 18 2 1 0 26 17 22 6 25 4 16 23 6 29 11 27 6 19 19 16 13 14 11 14 20 2 23 27 6 25 15 28 27 19 22 23 9 18 3 29 10 29 30 2 14 1 24 26 30 26 8
11 4 0 3 25 2 23 8 6 10 11 30 0 7 14 12 14 26 9 14 17 0 7 12 27 25 9 25 23 17 28 13 12 27 2 21 2 24 27 13 22 18 25 14 26 14 20 27 17 12 9 16 11 16 4 21 16 17 6 16 30 30 25 14 11 0 5 10 28 21 11 22 17 26
0 1 13 17 11 13 5 8 20 16 16 20 3 6 9 2 7 6 17 1 1 22 20 23 21 18 17 27 8 30 5 14 12 1 2 26 21 0 9 17 19 21 29 26 30 28 12 8 17 7 9 16 25 27 2 3 1 20 25 5 23 21 19 19 11 17 20 12 26 1 3 5 24 26
4 2 15 21 8 30 29 21 3 25 13 10 12 25 8 26 24 2 8 16 14 2 20 16 22 23 19 1 7 27 1 23 9 27 24 22 13 5 3 17 28 21 28 8 30 19 1 0 9 17 2 1 16 1 0 11 30 14 5 19 24 19 0 29 3 7 19 25 2 14 16 6 4 14
0 1 20 5 23 18 12 4 17 14 3 4 4 17 8 21 11 29 24 5 26 6 12 4 3 11 3 18 15 9 13 30 3 11 26 21 25 25 20 4 1 5 24 24 29 26 28 17 27 29 20 7 14 26 1 26 26 22 0 28 26 0 14 20 29 20 16 17 16 13 2 9 5 3
14 8 4 21 19 29 9 25 20 15 26 30 30 7 8 23 7 29 23 30 3 13 12 1 29 10 24 30 12 17 30 19 19 11 14 9 14 12 9 12 7 17 6 1 23 1 24 28 3 13 14 19 7 25 29 16 7 8 29 9 1 16 28 26 11 6 23 30 22 21 2 7 26 18
26 13 24 19 30 0 28 7 17 29 28 20 6 1 25 3 2 2 24 3 3 8 20 15 28 21 16 23 12 13 16 20 2 13 26 15 5 15 23 27 14 30 0 9 21 29 2 27 8 7 20 1 16 8 19 15 19 1 27 27 17 28 12 18 12 16 18 23 29 18 22 27 23 29
9 27 4 29 1 26 11 10 25 11 24 29 25 28 27 4 22 14 6 10 3 5 26 28 16 15 4 26 28 20 0 8 26 23 12 5 28 13 21 25 17 4 8 3 12 28 30 15 21 29 26 14 1 18 6 18 4 16 26 13 15 13 27 18 11 0 10 17 13 16 1 14 6 22
19 10 13 13 5 5 7 10 30 13 30 18 0 28 0 13 14 21 29 21 22 24 2 30 21 26 22 19 23 8 24 6 16 29 2 16 9 1 10 20 27 11 19 1 13 5 20 15 30 11 12 21 11 26 23 9 3 22 19 27 29 22 14 21 21 5 15 3 27 11 12 22 4 26
28 2 12 21 18 2 25 29 15 21 8 16 1 27 26 2 1 29 11 13 25 7 21 29 24 26 4 17 12 11 8 1 10 16 21 7 23 3 2 26 3 29 15 8 14 17 24 30 12 7 26 0 19 30 0 11 6 23 17 21 15 11 1 17 5 18 30 6 9 14 12 3 16 13
25 10 18 14 16 18 30 9 15 5 11 16 16 7 14 19 6 20 18 13 6 21 11 18 5 5 20 1 23 1 20 7 26 14 19 15 21 6 4 0 4 4 7 23 22 0 0 7 18 17 19 7 26 19 1 14 8 29 3 9 23 2 15 20 16 25 25 2 1 16 6 26 26 12
4 22 13 7 18 27 14 8 6 28 20 1 22 10 8 12 26 24 16 12 13 24 29 17 18 29 15 18 11 9 29 24 2 16 15 8 17 22 4 17 21 2 26 18 17 26 28 22 5 2 30 11 2 3 27 2 26 0 10 15 18 16 1 25 16 7 27 20 30 15 3 4 5 27
21 6 23 3 6 20 11 12 12 18 20 10 6 10 23 4 24 13 7 3 3 17 10 2 19 9 0 4 22 0 19 19 17 16 12 4 24 24 1 13 13 25 3 26 15 1 25 10 4 14 26 30 3 23 6 20 28 30 17 15 6 23 9 17 23 19 19 22 10 7 15 29 19 12
6 16 4 18 23 4 20 14 13 30 0 6 30 26 17 22 1 10 2 3 5 9 7 5 8 29 1 29 8 28 18 23 4 1 22 27 0 4 13 22 18 11 20 14 30 27 18 9 8 12 28 7 13 26 10 4 20 29 6 28 17 4 9 24 8 30 30 18 29 24 4 16 24 7
21 15 4 21 3 9 24 6 19 14 3 21 25 2 4 15 15 13 17 4 21 3 2 18 14 25 10 16 3 21 7 26 21 22 6 13 25 0 17 14 13 4 0 1 13 18 6 4 10 17 0 14 19 27 15 7 3 21 8 8 22 18 21 21 21 2 12 22 16 22 10 8 29 22
4 8 1 12 17 21 10 11 21 11 19 3 4 14 25 17 6 5 7 8 3 13 4 22 14 11 4 27 1 15 2 3 24 24 20 17 26 13 14 28 8 20 26 1 20 29 15 29 0 24 25 23 13 19 27 13 3 3 8 12 14 7 6 22 6 15 3 28 1 0 9 24 30 21
20 9 20 10 6 7 28 26 6 29 12 16 20 18 29 25 28 26 23 8 13 14 25 8 13 1 10 7 28 30 7 20 2 20 14 14 23 7 14 29 8 8 8 1 2 25 23 2 13 14 20 21 10 0 16 0 5 8 29 16 20 12 1 14 22 23 29 15 17 23 26 12 12 29
5 16 26 3 23 25 27 11 6 22 29 7 8 27 3 30 26 20 25 12 5 30 30 16 13 13 29 21 14 4 10 25 14 26 1 1 4 2 13 2 29 20 6 1 24 15 9 21 12 23 7 1 20 30 20 4 7 6 11 13 24 10 17 14 27 3 26 14 30 0 5 10 24 27
6 12 4 1 13 4 27 24 18 11 14 23 18 9 3 28 13 27 28 22 2 2 11 1 22 18 29 13 22 27 12 23 2 22 26 14 28 20 22 11 5 18 0 2 27 11 8 18 11 27 10 4 20 0 28 16 24 24 6 29 21 17 17 28 22 5 28 16 21 27 28 22 21 26
27 28 1 21 18 22 17 16 18 29 16 1 19 4 11 11 23 16 5 24 9 6 19 27 11 8 17 2 16 22 17 14 5 15 8 25 28 17 22 8 11 12 11 1 6 30 14 27 22 13 7 7 13 13 18 19 18 15 25 24 8 14 9 8 28 30 1 23 5 14 25 5 29 3
15 27 25 26 13 13 13 16 29 28 3 30 1 15 27 26 17 17 11 12 30 24 10 12 16 3 13 24 29 28 1 25 7 15 30 13 5 3 18 2 29 16 18 10 27 2 7 28 12 19 14 25 18 3 10 8 4 17 13 13 2 17 21 25 5 17 15 14 6 29 28 4 10 9
0 12 5 17 14 28 11 14 12 0 22 1 11 25 10 12 5 4 4 30 7 30 22 2 28 19 7 15 21 20 28 10 16 8 22 2 22 4 14 26 15 14 10 28 19 25 21 23 5 18 7 18 17 24 10 11 20 7 11 23 25 0 11 22 23 11 28 21 22 13 27 2 6 4
24 22 6 10 15 25 24 30 23 11 26 13 17 27 6 18 11 7 10 27 7 5 4 15 7 4 30 5 19 27 30 18 12 8 13 16 2 30 14 20 7 24 1 3 20 10 2 21 23 16 7 18 23 1 14 12 13 2 2 28 26 19 1 23 0 23 26 24 8 26 19 10 15 14
10 3 3 24 9 2 13 28 15 18 6 29 10 15 29 28 10 14 15 25 15 19 7 6 4 29 14 14 26 5 6 21 24 18 18 30 10 5 7 27 24 24 14 14 22 26 27 2 10 22 8 18 15 1 17 9 15 6 9 4 0 24 12 16 17 7 22 28 27 1 14 12 27 2
11 21 2 29 8 30 11 28 0 18 5 28 19 21 2 10 21 10 21 9 25 5 8 2 3 13 17 11 23 19 9 14 6 7 24 10 18 0 11 19 6 30 3 8 12 0 14 26 4 5 0 1 5 16 11 13 23 18 15 10 0 28 8 16 22 14 13 10 21 19 30 2 30 21
19 0 17 14 4 6 5 29 4 19 13 16 0 15 19 22 17 30 16 20 1 15 0 24 6 2 27 7 17 2 12 12 15 12 13 15 27 25 3 26 17 6 11 1 9 6 22 12 17 26 27 24 22 3 1 1 14 23 26 8 26 3 28 29 12 6 25 18 2 12 25 26 19 2
11 11 7 10 25 10 3 15 0 11 11 4 5 18 7 23 7 29 9 17 23 21 10 30 8 3 14 4 0 10 11 13 9 18 29 30 3 14 4 26 30 9 13 27 20 5 5 27 26 7 9 24 9 4 22 28 10 14 23 29 7 5 3 4 1 3 4 14 27 20 2 22 7 18
28 28 27 23 14 13 29 1 24 21 1 23 30 13 14 20 6 14 26 24 23 2 23 25 25 0 12 2 17 13 28 4 11 9 29 5 26 24 6 18 25 10 1 22 12 21 15 12 15 21 17 5 21 8 19 28 19 21 3 11 12 25 14 17 30 6 23 17 23 19 23 21 28 6
11 22 22 0 28 7 9 3 17 23 19 27 3 23 6 25 0 23 25 16 19 8 13 19 9 9 0 14 19 21 2 7 8 7 30 10 5 1 27 20 7 5 5 7 2 9 24 20 25 8 30 22 17 13 26 2 14 4 0 20 5 8 7 17 6 11 23 13 8 9 11 30 20 19
0 28 10 4 24 8 7 9 19 7 19 22 25 8 18 19 26 21 1 9 6 2 11 13 27 27 29 17 29 15 30 17 15 15 17 13 9 12 26 29 13 18 5 1 27 28 27 14 26 13 8 4 6 24 4 18 13 12 18 14 14 11 20 14 19 26 27 1 29 7 7 8 11 24
