75 75
24 26 7 29 19 30 26 30 29 26 22 27 3 13 11 12 13 18 20 2 20 21 7 26 20 30 17 22 17 13 26 5 22 9 28 4 2 8 8 26 1 21 26 26 0 14 23 21 8 16 19 0 28 21 7 22 18 5 14 23 25 22 13 1 15 2 6 25 14 17 19 10 0 12 22
8 8 12 7 1 21 0 11 7 15 15 19 4 28 11 4 20 15 29 27 7 24 23 14 1 10 25 28 11 21 9 19 30 17 1 0 20 19 17 4 13 6 2 1 25 12 15 17 8 26 2 28 3 24 6 10 12 16 29 0 21 30 5 21 28 23 17 11 22 12 7 25 22 4 28
6 20 9 6 13 7 25 12 17 15 14 24 9 16 16 0 24 24 8 10 2 0 7 8 12 20 1 22 10 16 25 24 9 29 2 12 18 7 26 22 5 18 5 11 24 4 6 28 22 10 30 15 6 2 27 9 6 25 1 7 13 22 13 24 24 3 7 15 30 10 26 11 15 10 20
6 27 16 0 14 2 4 9 10 14 19 27 18 21 14 17 8 26 29 9 10 11 30 23 29 9 18 30 10 10 10 30 10 26 26 24 13 29 14 17 4 7 2 26 27 29 24 2 18 30 3 2 29 30 17 15 30 15 16 3 20 20 14 1 16 21 18 1 19 26 25 20 22 3 20
28 0 15 8 15 2 8 17 4 13 28 14 9 29 0 18 27 2 1 8 21 26 29 3 30 13 1 9 9 9 19 19 22 18 8 15 4 0 9 5 9 12 14 11 17 15 1 17 0 17 16 14 6 20 4 7 25 6 23 16 0 26 6 4 21 3 7 5 29 14 23 29 17 12 23
23 1 12 9 12 8 1 24 16 18 19 7 8 29 8 24 30 28 13 12 8 10 24 10 15 14 4 9 23 7 25 13 8 19 11 10 5 27 2 13 27 7 19 17 24 3 29 17 28 10 7 10 3 26 0 15 2 0 9 2 24 4 8 25 19 8 23 30 5 9 23 29 26 2 14
23 25 24 8 9 24 14 25 25 14 27 9 28 8 0 6 3 24 29 17 10 11 2 16 24 22 11 1 2 17 23 25 28 17 27 7 15 12 13 13 17 23 29 14 3 25 10 6 25 30 4 9 0 26 14 26 26 1 19 10 1 30 5 12 22 7 4 29 0 2 11 24 25 27 29
17 0 2 4 22 18 25 3 20 13 17 13 26 28 3 23 29 9 23 25 7 29 9 19 13 18 7 5 26 1 0 6 17 2 27 23 4 26 7 10 12 27 9 2 30 1 10 14 19 13 11 10 9 15 12 27 14 6 22 9 13 14 28 6 12 4 22 10 6 25 24 19 19 25 24
0 12 0 1 24 29 24 7 26 26 29 7 7 29 19 24 0 24 18 0 6 1 11 7 1 10 7 0 17 25 16 14 9 11 5 10 2 9 28 12 14 16 10 18 7 21 17 15 0 10 3 27 1 11 8 9 11 10 28 1 9 6 29 30 16 27 12 10 14 22 11 7 8 27 27
6 7 19 22 27 16 21 10 8 21 17 26 8 2 7 22 24 24 28 25 22 8 12 19 20 21 10 22 18 11 13 17 21 26 21 26 14 4 23 27 26 20 18 23 1 2 7 10 24 12 28 14 28 26 7 6 15 24 25 27 24 14 12 2 22 28 25 27 28 23 18 14 1 17 0
1 2 22 12 5 24 7 8 4 5 22 26 30 0 22 17 12 21 24 1 16 15 1 30 13 3 28 11 21 24 9 26 11 3 30 19 21 14 21 11 25 5 1 4 3 3 19 25 6 2 5 14 1 22 2 5 5 8 2 21 8 17 16 7 19 0 27 16 6 3 12 12 30 30 7
29 30 18 17 6 15 19 1 15 8 18 6 3 23 7 11 28 22 8 27 7 30 3 29 17 3 23 28 2 3 7 8 11 26 9 2 5 21 11 23 27 23 12 9 19 24 13 6 15 28 11 29 30 4 6 25 25 17 16 4 5 24 16 30 19 20 16 13 0 18 12 16 20 20 22
5 11 11 13 24 24 27 13 0 14 11 26 23 28 1 30 11 13 14 17 14 26 8 29 1 26 23 5 4 27 16 12 26 4 23 14 21 30 17 15 0 19 11 0 11 0 1 11 1 11 26 0 14 23 20 21 1 16 29 19 19 27 26 0 20 3 26 22 4 0 10 9 4 12 17
2 18 18 23 22 21 3 11 18 21 5 19 12 20 19 24 9 16 6 15 15 3 23 24 25 19 21 0 4 24 0 16 10 17 5 18 6 5 23 11 18 28 4 25 19 22 20 1 9 21 18 3 18 28 6 8 15 30 9 25 12 18 20 10 1 25 9 21 15 15 4 11 3 20 15
1 9 4 28 24 8 23 8 23 2 21 26 23 6 25 24 10 13 24 21 1 29 12 20 1 12 2 21 16 6 13 15 13 0 29 16 6 22 20 13 30 5 28 30 11 17 25 16 30 7 27 26 7 1 21 8 13 8 3 1 28 25 0 6 10 3 29 24 25 25 17 14 19 9 30
3 1 1 26 6 5 3 1 30 22 14 11 26 27 4 20 13 7 13 10 7 16 18 18 10 22 14 12 4 12 3 14 3 15 2 23 11 21 30 25 27 12 25 0 8 29 3 17 25 13 19 19 11 21 7 8 13 13 24 6 27 30 7 27 3 30 22 26 6 28 24 26 18 27 19
25 9 9 22 18 30 1 18 12 4 9 1 13 24 24 11 21 24 19 22 6 19 29 18 15 15 14 30 24 10 0 5 7 28 9 11 15 30 10 29 17 3 17 27 10 25 2 29 14 21 30 27 3 21 14 29 17 13 20 6 24 28 10 28 19 16 7 5 28 9 21 19 26 25 7
17 28 19 2 0 0 26 15 15 0 23 23 24 8 22 21 2 28 28 19 20 7 14 19 11 5 8 15 14 23 29 1 13 7 7 20 8 23 30 29 14 23 18 13 26 30 0 25 16 23 20 11 26 26 18 19 4 5 9 17 24 6 12 17 9 30 13 23 26 14 15 30 26 3 10
29 24 6 25 1 4 11 12 16 5 18 23 17 15 9 22 25 20 11 10 18 28 9 21 21 22 12 4 27 24 28 29 6 9 6 27 21 0 4 4 2 14 17 11 10 30 17 23 2 25 29 1 30 26 9 1 6 15 21 28 30 21 4 20 15 16 14 5 3 3 11 12 9 16 30
8 4 25 5 9 13 0 18 1 30 28 10 16 6 21 17 12 12 27 29 25 14 6 16 6 15 10 19 25 3 4 15 4 4 13 17 5 17 30 9 19 11 28 23 29 3 26 22 29 12 5 19 30 25 29 30 25 14 3 24 6 25 18 4 9 1 14 16 26 7 8 25 24 30 17
15 23 0 4 20 13 16 26 27 6 11 5 16 15 30 14 8 30 28 15 26 9 6 0 28 30 2 22 27 7 30 26 24 21 11 15 1 7 21 22 19 16 26 7 28 11 13 8 6 4 12 17 11 7 27 14 22 9 7 2 0 7 17 10 15 21 18 9 8 25 14 12 26 7 22
27 26 9 6 3 26 29 13 4 20 12 30 6 1 4 10 9 3 27 23 12 19 25 5 18 23 7 11 12 30 4 10 20 5 12 9 1 10 28 24 2 17 12 28 17 12 17 30 7 10 10 5 7 29 0 14 1 3 0 9 0 19 27 8 13 27 22 24 21 14 9 22 26 25 28
3 27 7 15 29 21 16 7 8 29 21 23 30 23 9 11 4 3 0 14 15 11 30 2 4 14 9 12 24 16 15 27 9 4 29 18 20 7 18 15 12 25 27 3 7 12 20 6 25 16 1 27 9 8 7 19 4 25 24 24 4 25 17 3 27 15 7 29 10 22 6 15 30 3 18
15 22 15 16 12 16 4 28 21 24 30 0 12 18 17 20 13 11 15 11 19 5 17 4 10 25 6 11 25 10 11 2 11 11 1 12 5 4 1 30 18 13 8 24 1 3 12 12 15 30 18 26 28 22 23 9 27 17 15 7 28 19 17 19 13 22 16 25 27 26 15 22 19 15 7
12 4 2 14 21 26 29 27 22 1 2 29 26 5 12 9 27 12 18 30 27 6 23 9 6 5 30 6 18 30 28 3 23 30 21 17 0 4 22 0 0 5 18 26 28 3 29 24 8 18 18 15 18 15 25 6 27 16 7 6 16 5 26 3 28 13 3 22 2 3 5 2 27 18 8
3 0 30 19 0 28 22 28 5 19 0 19 1 29 19 28 27 5 14 6 13 28 6 6 30 15 5 28 21 23 22 27 14 23 25 23 24 1 8 19 5 26 27 7 27 0 8 28 9 7 1 3 3 12 1 3 21 27 22 1 0 4 25 26 1 11 20 10 16 23 24 27 12 19 18
25 19 12 19 13 19 23 13 17 29 6 7 11 30 18 9 1 6 5 28 15 27 27 10 20 20 24 20 17 6 8 3 0 13 10 1 6 7 15 4 3 10 16 6 1 19 1 10 27 21 12 20 30 23 8 8 25 24 24 25 20 23 12 24 19 22 7 2 26 4 2 0 15 29 14
15 28 15 27 28 7 23 15 12 20 30 22 24 5 8 6 12 1 26 9 1 6 22 15 10 9 2 5 11 21 29 25 12 18 0 24 18 3 21 4 16 7 15 9 5 2 20 0 13 9 25 22 6 25 16 5 26 10 16 14 12 8 23 15 10 17 26 23 10 2 8 8 3 26 7
30 3 0 18 28 17 3 0 30 12 21 1 20 18 9 26 8 21 29 13 1 28 21 20 23 10 25 9 10 16 7 7 3 21 15 1 24 17 18 9 21 24 27 17 13 24 5 19 13 2 9 21 18 18 30 28 1 6 21 9 22 30 20 23 19 29 6 16 6 9 20 23 4 13 30
20 2 14 22 1 24 27 23 30 19 29 13 14 1 24 20 11 15 26 25 24 3 17 24 0 21 8 0 5 2 27 15 12 0 20 23 10 28 24 23 26 0 29 27 22 18 19 25 30 8 10 20 3 22 6 7 11 10 27 15 12 8 13 8 30 24 19 2 13 0 17 14 0 25 29
14 10 24 24 22 16 26 20 16 5 12 3 22 23 18 14 2 21 5 22 29 23 5 19 11 20 23 20 9 6 3 7 13 11 17 18 22 4 21 6 13 9 27 19 12 3 2 20 16 0 25 15 28 21 2 15 11 28 8 5 12 12 11 3 5 20 22 15 28 24 16 24 15 27 25
25 6 8 2 15 26 20 22 12 3 17 16 0 26 8 14 28 6 5 28 10 25 10 25 7 21 4 24 22 11 8 14 8 29 4 13 29 5 13 3 25 26 30 24 12 18 19 20 30 24 19 14 25 22 22 11 2 10 5 26 9 27 30 23 20 13 17 18 12 5 4 9 18 16 29
1 12 18 2 29 0 5 2 14 30 15 28 19 3 27 29 18 24 20 25 19 13 9 26 10 0 19 10 26 22 1 10 28 28 11 12 6 14 25 14 7 10 19 1 3 7 16 28 23 13 12 10 6 3 16 12 2 27 24 8 5 25 24 14 7 10 20 27 30 28 10 5 25 10 23
17 14 29 18 26 11 22 5 15 25 19 18 3 9 0 6 9 1 8 25 6 15 28 20 22 2 24 13 11 19 11 23 24 15 25 6 7 8 13 6 8 6 22 2 25 3 17 17 18 26 29 12 1 23 13 10 21 29 9 20 22 17 25 23 9 28 22 14 29 16 18 9 22 15 4
7 30 14 22 7 10 24 29 29 8 3 18 0 16 20 29 2 10 30 1 23 13 6 17 15 10 24 1 26 5 10 4 2 30 4 6 10 4 28 22 11 25 16 23 7 1 11 10 4 17 20 10 4 14 12 24 6 30 25 15 28 18 0 16 4 6 7 25 19 5 9 18 9 27 24
29 25 13 23 11 6 28 25 22 12 7 12 21 13 10 13 28 22 12 5 9 2 14 13 27 5 2 25 3 15 7 21 29 13 28 17 11 25 20 13 13 25 11 7 1 25 3 18 5 7 6 3 13 2 30 26 1 13 23 18 9 8 3 5 21 30 7 25 5 3 19 22 25 22 21
6 11 0 11 2 24 12 2 16 2 8 13 28 4 20 25 21 17 22 2 12 12 19 2 12 9 12 29 6 4 16 5 27 4 6 26 21 17 25 27 12 2 15 5 13 10 23 6 9 15 30 14 13 11 10 6 0 12 13 2 7 17 30 25 6 22 3 7 28 20 5 4 9 4 28
1 19 14 10 5 26 12 18 5 23 25 29 7 6 17 26 22 3 26 12 14 25 10 19 29 25 0 20 2 4 2 1 29 26 10 3 20 5 10 30 3 13 23 12 25 3 22 20 11 23 22 8 17 3 21 23 0 9 28 26 10 2 22 5 10 19 16 1 24 17 14 27 11 7 10
11 13 23 20 30 12 29 6 27 2 9 13 0 14 25 12 20 26 23 27 29 27 20 1 6 8 7 29 17 0 20 12 26 20 26 11 23 28 21 10 1 13 13 28 8 29 24 14 15 18 2 10 0 3 1 10 14 8 30 27 26 9 4 16 21 0 23 17 20 1 5 1 13 16 29
25 18 26 19 16 8 26 2 16 20 17 27 24 24 11 6 5 0 21 11 26 29 19 18 6 13 3 8 18 29 11 8 13 4 7 12 20 20 0 5 16 5 15 5 2 10 25 0 9 14 13 24 13 28 24 17 1 19 11 1 16 24 25 19 8 26 22 14 7 13 19 15 11 28 18
15 27 7 7 6 16 16 3 20 17 17 14 20 16 7 16 15 15 18 19 27 18 16 2 29 29 9 3 14 4 27 25 0 24 8 22 26 7 19 17 16 7 30 16 2 15 18 11 28 24 2 18 16 14 24 25 22 26 8 29 29 24 25 13 26 4 21 26 20 10 1 16 23 18 12
25 1 5 16 1 25 3 7 15 27 20 14 9 1 26 1 20 30 5 9 15 16 2 21 21 24 15 2 25 13 19 28 27 4 1 27 10 3 16 18 7 16 16 3 27 29 10 13 0 17 28 21 9 30 13 17 19 5 27 10 27 9 16 27 8 5 22 10 24 1 18 17 29 8 13
1 19 23 15 30 28 9 5 28 9 12 19 10 27 5 12 24 24 11 6 18 7 3 19 13 3 21 25 10 21 24 13 29 18 15 18 29 8 3 5 8 1 20 6 9 30 14 12 27 29 1 25 23 28 29 15 4 30 4 26 4 7 28 26 18 15 27 17 17 18 16 7 19 5 6
30 1 21 16 10 19 28 7 14 18 14 0 18 22 14 4 30 11 19 14 9 0 0 7 26 7 14 11 12 28 28 26 7 14 23 24 24 27 16 9 3 23 10 19 5 9 29 10 15 1 0 14 26 7 22 12 7 1 19 20 6 11 27 23 11 17 10 2 16 24 26 30 1 14 14
5 22 7 2 28 29 20 14 18 29 0 29 11 7 18 13 29 22 29 27 15 16 30 22 17 24 7 21 3 8 0 10 16 1 29 15 14 28 4 17 19 11 26 24 8 12 13 27 21 30 24 24 23 23 15 18 24 9 29 1 0 8 17 22 23 1 18 30 21 8 20 28 1 19 27
24 16 2 27 16 14 29 16 2 28 22 28 1 24 22 0 19 24 21 26 19 0 2 12 22 20 19 16 3 10 25 18 27 1 9 9 10 4 16 18 15 8 9 12 2 23 12 10 21 12 20 24 4 3 14 25 17 20 24 20 15 11 15 3 17 29 30 23 20 0 27 11 16 26 29
26 27 12 11 28 29 26 27 28 9 30 22 16 21 26 3 28 16 19 22 28 14 25 26 14 15 2 19 4 22 7 7 15 14 8 14 15 19 4 10 27 19 18 7 17 4 10 12 24 9 2 18 29 8 24 7 27 6 30 9 9 1 2 13 25 13 11 1 4 6 8 9 6 3 17
18 5 20 30 12 5 0 15 13 18 18 30 11 3 5 8 18 16 0 29 7 23 10 28 14 6 29 13 10 28 13 22 15 13 5 21 12 12 21 2 2 6 23 23 28 24 0 20 24 17 16 9 8 18 17 9 12 9 11 13 18 5 18 27 4 19 6 25 25 22 6 13 26 19 2
20 29 30 18 28 3 24 5 3 17 8 13 20 30 25 9 6 28 14 29 27 28 1 3 20 26 3 23 11 24 21 12 7 12 25 25 3 1 25 0 18 3 26 13 15 12 10 3 16 30 26 19 21 11 8 17 27 6 1 17 17 17 25 10 12 26 28 5 28 11 0 27 12 19 2
8 3 18 13 2 9 18 20 10 26 9 12 4 30 1 0 16 27 15 16 6 14 0 14 28 17 3 16 2 10 17 30 5 26 2 17 0 17 5 26 10 15 12 20 26 14 19 24 5 13 5 29 14 5 10 21 1 21 17 23 14 4 11 21 19 28 29 0 18 0 15 8 23 2 21
8 8 15 24 28 18 24 1 6 3 9 10 7 14 6 3 11 2 9 15 30 28 16 5 5 21 23 4 1 9 21 11 1 1 21 7 15 4 14 28 3 5 21 1 29 6 19 7 25 12 7 25 7 19 29 9 25 18 22 23 8 15 20 3 11 18 21 18 10 27 3 20 5 3 4
12 25 2 9 0 30 13 24 0 30 7 26 12 3 29 25 0 30 14 28 19 29 23 25 2 9 5 23 19 13 15 25 22 2 18 18 7 16 8 25 10 22 0 21 9 15 18 13 2 17 24 6 5 25 16 20 4 6 18 15 4 23 17 14 24 25 3 13 21 24 25 18 26 1 18
19 27 27 10 0 15 5 6 28 24 3 27 29 30 9 19 19 1 6 19 5 1 21 11 8 15 0 17 23 8 9 16 8 21 22 4 25 24 17 27 10 23 17 17 29 30 19 17 10 17 17 4 24 14 14 27 13 17 13 16 17 18 26 1 29 16 14 25 0 24 25 28 1 10 8
3 2 11 1 2 27 1 29 13 27 4 1 23 5 6 8 7 25 11 15 25 16 28 20 21 19 10 14 6 22 0 14 22 1 5 5 4 16 23 6 4 13 9 27 14 18 8 27 6 1 25 25 2 18 4 28 26 25 25 16 18 24 21 23 25 15 7 29 23 8 0 8 28 29 1
12 5 27 19 17 7 6 8 28 14 20 6 3 27 25 20 23 18 27 10 16 5 18 16 17 5 0 1 15 20 27 26 26 4 8 6 26 10 16 2 11 22 19 4 3 17 16 22 13 5 30 4 29 24 18 24 25 3 6 8 6 22 7 20 27 24 6 7 4 14 9 21 8 3 14
20 22 24 17 6 17 3 27 6 7 16 5 19 28 1 15 27 27 10 29 15 24 8 22 4 28 3 1 6 16 6 28 4 18 23 1 20 10 24 10 10 16 3 21 6 3 16 17 15 9 13 15 24 24 2 17 1 3 0 23 9 27 19 13 19 22 26 26 6 22 10 9 7 22 26
1 26 28 7 6 25 26 10 23 30 16 20 29 12 7 0 11 7 19 4 21 27 17 17 9 7 16 16 13 29 5 2 22 19 23 22 14 17 6 9 19 16 9 5 8 0 8 20 17 1 21 24 23 16 12 0 13 15 30 18 17 10 27 5 2 16 5 23 29 13 6 16 14 26 7
25 6 1 22 0 14 14 30 8 10 5 30 20 21 4 11 27 11 29 1 17 30 27 5 11 11 2 25 23 28 3 30 14 7 19 22 9 21 1 19 26 30 20 6 25 9 30 27 21 1 13 29 10 1 10 12 1 12 22 21 11 25 14 8 4 5 12 11 18 18 24 13 25 24 18
10 26 27 16 30 15 16 20 6 17 30 13 17 5 20 21 8 20 26 16 19 2 6 6 1 11 10 3 7 22 29 30 16 13 27 27 30 19 20 23 1 17 24 5 10 1 0 22 12 18 26 9 20 21 5 11 24 2 23 3 19 19 10 28 22 16 15 15 4 20 24 28 18 8 17
0 11 3 25 25 3 20 5 19 8 12 14 20 23 8 3 10 1 9 8 26 7 15 4 14 11 5 16 8 15 24 23 21 23 28 27 23 4 2 30 27 5 24 14 12 13 12 11 12 29 30 1 23 25 8 10 13 14 6 19 20 12 2 18 15 2 5 13 26 13 19 15 14 17 16
28 8 30 3 12 26 23 23 2 30 25 21 5 11 27 15 30 19 29 7 20 7 9 19 26 26 27 29 21 10 9 2 20 26 7 21 5 23 23 5 4 17 9 21 11 22 5 22 20 28 2 16 8 6 10 21 19 17 7 15 15 13 26 10 22 13 13 27 27 12 22 6 28 12 0
6 24 28 16 15 1 0 21 22 7 14 20 3 24 30 9 5 18 10 22 10 0 5 10 11 10 20 3 17 26 30 25 13 22 28 0 15 4 19 24 20 25 5 9 12 25 16 8 5 9 26 1 14 0 19 12 14 6 2 17 3 16 30 29 12 7 9 16 13 8 23 12 4 19 4
28 4 20 8 25 15 7 18 15 14 3 17 2 10 5 28 27 25 12 29 3 11 18 13 14 6 15 13 29 0 25 3 29 15 11 15 5 30 4 26 0 12 28 16 30 14 30 7 29 28 15 20 24 23 16 22 0 8 13 14 22 20 5 16 2 3 28 0 8 25 8 14 8 25 2
29 28 21 21 5 26 20 24 15 17 2 22 11 15 29 0 25 23 2 9 6 27 12 26 25 16 17 5 6 12 5 9 19 12 0 6 13 5 13 29 8 9 8 25 16 25 20 9 4 2 3 25 26 15 9 24 18 5 10 19 30 6 2 10 27 3 30 21 5 28 12 17 22 13 6
15 2 25 0 1 29 28 1 13 19 3 2 19 13 4 29 8 12 17 10 23 18 23 30 2 10 29 8 0 26 18 2 7 21 14 10 23 28 29 12 17 26 16 26 4 8 2 6 0 0 25 6 7 25 10 15 21 21 13 5 23 23 23 20 18 4 0 25 30 1 24 2 27 9 13
22 4 6 26 8 30 19 13 29 7 26 4 16 6 12 1 14 18 5 4 21 3 21 28 15 20 20 20 29 23 18 0 24 11 14 29 17 25 11 16 3 6 3 20 30 30 1 4 25 29 13 15 11 30 30 11 15 9 8 21 12 24 19 7 30 12 21 26 4 22 2 16 24 18 19
2 18 3 16 2 10 23 18 4 8 27 20 2 30 22 11 27 25 4 15 18 26 6 9 9 18 3 3 13 30 24 12 3 27 23 8 22 4 25 15 13 20 24 20 14 7 2 8 15 7 20 4 30 9 26 15 20 24 22 21 21 9 11 11 17 5 12 25 30 0 9 17 27 30 7
9 4 9 11 8 4 19 20 6 21 17 30 15 9 12 6 10 5 7 13 10 14 23 28 24 13 11 10 7 14 17 28 8 17 25 20 10 9 0 13 8 19 2 7 27 20 8 29 14 13 4 14 27 18 30 6 26 27 21 7 27 23 24 2 21 24 19 26 3 3 16 5 17 11 28
29 7 0 22 8 19 29 8 2 28 12 22 9 13 10 30 4 2 4 5 2 27 1 26 17 27 25 10 12 17 16 1 24 12 14 19 7 19 1 28 25 7 28 20 14 1 25 17 3 24 15 16 6 8 16 6 25 25 12 23 30 12 11 0 23 19 13 13 10 3 12 22 27 29 18
26 5 29 23 28 21 28 14 5 28 8 22 8 12 26 0 1 11 13 22 10 24 6 20 10 23 2 16 24 28 15 3 16 7 4 10 0 1 26 14 16 16 16 21 21 18 2 17 19 27 17 21 30 0 14 6 21 7 25 6 0 4 6 0 2 29 23 23 19 1 8 11 19 0 17
14 5 29 1 2 12 22 10 12 26 2 5 7 24 16 6 16 24 7 29 23 3 22 24 28 21 9 27 2 27 10 6 11 9 0 17 3 10 10 26 10 4 7 19 27 27 13 8 1 0 18 26 15 21 23 14 9 17 20 0 8 13 9 13 7 4 11 28 7 10 18 4 21 10 22
7 16 1 9 12 21 12 7 13 24 2 6 10 13 26 27 18 2 10 24 22 20 1 25 18 15 12 26 0 9 26 8 29 25 18 4 30 13 26 13 14 4 23 16 27 0 27 10 3 28 24 24 8 9 28 16 5 1 21 2 17 20 16 17 2 4 10 22 6 1 25 16 6 6 10
17 26 7 15 24 28 3 3 28 1 10 12 10 18 17 9 19 18 22 1 3 0 15 1 30 11 6 5 10 19 27 19 10 17 29 23 29 30 21 27 12 26 0 7 11 26 3 21 16 1 25 28 9 17 7 8 26 26 8 15 22 11 14 22 14 16 23 0 23 4 26 9 1 14 0
6 15 0 30 22 0 25 18 22 16 23 16 3 17 10 16 7 1 9 10 0 27 3 23 0 5 8 0 25 21 13 11 17 19 17 8 3 6 17 24 24 29 26 28 21 19 12 9 19 12 25 10 18 11 2 28 30 11 17 28 28 14 28 20 13 6 14 15 27 21 15 9 23 30 4
5 10 16 1 6 6 23 14 15 6 21 21 3 28 22 7 20 30 15 20 9 19 17 7 20 26 26 12 18 11 16 25 26 18 4 24 16 2 10 11 27 9 28 5 11 16 25 13 26 15 13 9 8 24 3 29 24 0 9 12 30 24 24 4 28 21 21 11 28 11 9 16 15 6 1
