76 76
17 18 25 6 27 11 1 14 2 17 15 7 21 7 26 10 21 26 13 1 28 3 24 19 23 15 28 7 26 16 30 13 11 3 12 26 9 5 9 10 10 17 30 6 23 26 25 13 22 0 17 14 22 24 23 21 27 10 12 16 9 18 23 20 4 4 0 13 0 26 7 20 13 19 29 22
16 14 1 17 13 16 10 21 19 4 10 29 21 30 19 19 17 4 12 15 1 5 19 25 26 27 21 8 0 26 6 15 19 4 29 10 13 5 8 12 12 8 9 28 27 9 1 5 23 23 27 14 7 4 29 8 20 25 17 15 23 14 9 12 26 15 26 7 22 6 24 7 11 29 18 19
4 27 14 19 12 0 11 29 24 14 0 20 9 22 24 1 19 8 24 13 12 20 13 24 19 9 21 3 7 21 25 4 16 29 12 2 3 19 26 12 23 24 21 26 8 17 13 25 3 6 25 13 16 23 18 2 16 2 16 26 10 21 8 7 18 17 14 0 19 24 7 30 23 19 5 15
17 10 29 28 19 10 9 25 8 29 27 26 0 15 7 2 21 22 7 26 17 1 0 0 9 29 13 29 10 20 0 21 14 11 7 5 28 27 18 22 0 10 18 20 21 20 7 12 6 4 26 22 26 20 26 26 15 25 2 6 12 28 29 30 6 8 13 6 16 27 23 9 9 1 7 28
12 7 1 7 12 9 3 11 15 16 3 0 27 10 5 8 17 1 27 4 5 13 27 8 30 0 5 14 13 3 7 2 0 21 29 22 16 27 13 9 5 23 18 30 2 12 24 0 29 12 29 2 4 11 5 10 25 12 19 23 20 28 10 17 18 5 11 12 18 0 18 2 30 25 14 21
9 16 23 3 19 19 27 22 22 5 15 24 7 9 1 29 6 12 16 3 9 14 5 14 0 5 19 13 7 15 7 1 16 22 8 5 19 26 27 21 9 24 13 13 23 27 9 12 23 16 1 23 10 6 16 21 29 25 2 0 11 15 8 2 4 12 13 14 18 8 17 30 13 11 6 8
30 6 15 5 20 17 2 22 13 29 23 6 1 25 22 28 14 27 25 23 21 3 16 6 14 9 15 1 19 9 1 23 21 7 20 26 14 20 4 26 11 10 26 9 21 1 28 6 3 23 22 10 25 13 12 5 11 0 1 14 8 15 9 29 11 20 27 21 19 15 16 27 9 21 3 29
18 3 1 27 5 2 17 11 13 19 19 1 27 9 21 24 20 0 0 25 16 2 1 28 11 29 20 9 16 3 21 5 3 7 18 11 14 4 28 30 0 2 21 25 26 13 22 5 27 14 8 10 30 29 4 12 9 3 19 7 25 8 28 14 10 27 30 15 1 17 26 30 2 13 26 20
6 8 7 2 0 28 20 27 23 20 10 30 15 11 15 18 17 0 16 15 8 7 10 20 29 30 6 20 0 9 6 10 23 23 28 4 14 8 29 15 29 28 26 25 2 29 27 28 6 15 1 30 7 9 26 6 21 24 1 25 24 8 2 1 10 13 6 27 13 11 20 30 0 21 29 12
21 16 11 14 26 14 1 15 13 29 14 8 4 12 2 8 26 28 8 16 25 23 2 1 11 12 28 28 21 14 21 20 29 20 10 23 11 24 8 19 15 3 12 21 19 12 0 0 29 3 17 9 3 26 23 0 9 14 22 25 1 29 20 2 0 27 14 9 8 26 9 16 20 3 24 20
9 1 17 30 24 5 25 23 23 17 10 21 8 19 18 17 20 20 25 3 6 4 20 14 30 6 29 6 2 26 28 12 28 29 26 9 8 2 7 23 6 18 6 2 9 10 28 8 3 28 7 16 5 15 5 18 29 27 17 4 16 2 12 23 24 25 29 0 26 29 8 27 20 12 15 12
16 19 30 9 30 4 6 23 20 19 26 5 4 7 28 21 14 1 6 20 24 15 18 22 12 9 16 20 19 18 19 20 23 27 26 11 4 20 18 21 21 27 10 15 14 6 26 7 4 11 1 0 23 12 15 30 30 16 6 4 17 20 14 6 1 3 13 24 2 23 7 11 23 23 5 6
18 15 26 2 22 18 3 28 0 21 5 13 8 1 11 23 20 23 7 2 19 25 9 18 27 14 11 20 5 20 24 18 30 17 12 16 29 6 5 7 1 5 10 11 29 28 4 0 14 5 18 28 8 20 9 7 27 21 30 20 18 17 22 2 3 21 29 23 7 18 9 27 18 23 14 25
21 3 2 20 12 4 29 7 13 15 21 0 23 0 12 26 1 10 19 2 6 27 30 0 9 22 23 4 12 20 9 13 23 23 30 24 24 5 22 26 20 22 17 12 7 0 4 8 22 19 19 17 1 21 20 8 4 28 30 12 7 20 18 3 23 5 21 2 19 6 2 16 15 12 18 23
16 30 13 28 2 30 23 26 14 28 30 14 4 10 25 5 12 25 20 9 27 22 27 11 15 8 10 28 15 28 14 25 22 18 11 3 0 10 10 17 17 0 13 25 29 24 29 5 15 19 29 11 19 11 20 23 15 6 1 5 6 10 27 22 29 17 24 24 6 18 27 5 10 2 26 23
24 22 0 24 21 21 13 15 20 12 11 25 6 4 0 13 27 9 8 29 30 10 7 21 4 19 6 15 12 1 27 24 11 4 21 26 4 4 14 9 2 15 2 28 23 12 26 17 15 26 1 8 7 6 29 10 1 15 3 8 8 25 30 24 14 13 2 0 3 17 17 4 9 9 29 5
30 6 16 6 8 9 6 2 23 29 19 20 27 12 10 18 23 25 7 7 15 15 4 26 4 15 1 5 27 19 7 8 2 8 29 3 10 29 5 25 23 22 12 1 0 2 3 26 1 26 24 13 16 9 0 17 16 8 9 4 17 0 27 0 8 21 19 13 29 1 8 6 10 15 4 3
28 27 29 12 6 15 5 2 12 22 0 10 5 20 13 6 15 22 25 23 13 12 11 20 30 24 0 14 22 19 3 15 19 23 17 27 0 1 2 13 17 17 17 24 15 10 9 19 4 2 10 20 20 14 25 8 6 18 19 23 27 2 8 1 18 26 1 5 6 5 4 4 13 16 25 19
18 20 4 23 30 0 14 20 3 19 28 23 11 15 15 15 12 14 3 22 5 28 14 16 8 27 12 17 27 26 4 15 6 11 27 3 7 20 16 7 10 27 8 29 2 1 15 11 4 21 21 12 30 27 14 30 12 12 24 13 16 14 5 13 21 19 27 27 18 25 27 1 14 2 28 18
2 30 1 14 13 26 21 14 3 30 2 24 29 11 8 30 29 29 20 29 24 10 7 5 23 7 15 26 24 7 28 27 20 17 17 13 8 4 30 7 23 26 4 28 5 26 19 22 30 5 21 25 7 22 14 2 18 7 29 22 10 25 9 8 28 6 28 24 2 28 3 25 6 23 25 16
8 25 2 11 6 7 24 21 25 7 20 9 8 5 6 23 26 9 29 6 18 9 26 9 1 30 29 25 14 28 11 20 21 17 20 1 4 23 7 28 30 22 20 7 30 12 16 14 18 13 26 30 4 15 15 11 9 10 20 3 5 15 7 8 3 12 13 16 10 0 26 24 3 7 29 28
12 16 19 4 27 1 28 9 18 1 10 29 20 23 28 5 21 15 13 28 26 11 6 4 21 17 15 16 24 4 17 19 7 26 3 23 27 16 17 8 24 4 26 24 2 6 4 14 9 8 2 29 16 25 29 14 30 23 5 3 2 16 16 17 14 25 21 18 11 7 12 3 1 10 29 25
30 11 25 12 25 1 23 29 4 10 15 20 26 23 26 20 6 6 19 13 18 12 8 19 27 10 9 20 23 13 17 6 6 21 16 20 30 23 9 3 7 10 0 26 13 18 11 26 20 11 20 8 24 16 21 25 9 20 8 28 6 10 21 26 10 15 3 26 14 3 9 24 0 26 1 28
19 14 13 28 4 9 12 3 11 13 21 6 4 14 4 25 6 12 4 18 8 6 1 19 17 25 11 27 26 15 26 15 27 21 3 16 26 3 15 6 11 11 15 16 0 27 2 11 15 8 21 14 15 29 4 22 23 20 14 20 11 10 6 0 2 24 22 16 20 29 3 15 29 7 16 13
4 25 5 17 27 7 7 22 12 9 4 18 6 1 20 30 9 1 16 18 2 3 30 1 22 7 15 10 25 2 8 29 26 27 6 15 18 16 4 12 30 0 3 22 0 4 22 27 0 4 16 21 17 22 4 1 8 16 4 14 23 24 20 6 18 9 19 7 25 18 20 13 16 27 27 20
7 30 0 21 18 14 5 0 24 14 18 11 9 16 12 6 10 26 7 15 19 30 8 24 16 22 27 4 27 5 30 28 19 20 2 8 17 14 13 15 11 16 23 1 3 21 3 20 20 27 6 23 14 3 2 28 27 27 6 20 1 13 14 27 6 29 25 12 22 11 25 21 13 18 9 5
12 28 5 11 24 7 0 7 12 28 20 7 30 22 27 10 23 23 27 28 13 15 20 12 0 9 29 7 17 25 4 20 16 24 9 5 2 9 1 7 1 6 0 16 4 1 14 2 22 27 15 6 24 22 13 8 25 12 0 13 12 17 9 30 23 20 28 10 21 2 21 6 3 30 28 5
15 24 14 16 10 11 9 10 17 19 30 17 23 3 14 29 2 0 7 2 0 29 17 26 14 24 24 22 27 15 1 9 7 1 23 2 0 16 6 10 18 12 4 2 10 18 29 3 7 26 6 6 6 11 5 30 29 4 6 28 13 30 2 13 20 7 6 5 8 0 19 17 16 16 6 18
25 17 30 17 23 22 11 21 14 21 2 6 23 7 16 25 5 23 24 26 24 4 21 21 5 3 7 0 11 7 29 9 4 15 23 24 15 19 0 22 16 25 15 15 7 3 15 19 13 18 23 29 12 16 26 7 24 7 1 21 5 1 15 13 0 28 17 22 18 26 28 17 18 28 22 27
27 4 15 17 4 15 28 18 1 17 11 30 18 6 3 3 12 24 4 28 17 27 2 19 17 28 8 3 25 30 4 24 1 23 13 19 17 13 30 24 28 14 1 5 13 29 8 28 23 27 5 8 14 26 21 11 17 26 8 22 12 11 6 11 11 14 11 0 20 15 21 28 13 3 15 1
7 17 15 27 8 30 23 16 17 20 17 6 25 22 7 10 19 21 15 25 17 30 2 9 17 13 11 10 11 12 5 27 12 11 21 29 21 2 2 24 14 23 22 27 19 6 22 1 11 21 12 4 19 3 6 14 29 17 8 25 20 14 24 14 8 4 27 16 17 6 23 7 7 21 29 20
5 11 11 14 27 16 19 6 13 1 15 1 15 29 29 8 1 10 26 6 26 1 0 1 6 26 26 21 8 28 14 18 9 9 2 14 17 10 8 12 10 19 6 7 6 18 2 23 10 22 24 12 26 15 25 2 23 8 27 30 26 10 3 2 0 19 25 21 14 3 19 18 9 4 5 22
20 14 20 16 8 19 8 19 27 16 10 22 26 29 29 30 10 19 2 18 20 16 22 28 12 27 4 25 0 3 2 3 13 23 29 20 18 15 23 9 6 6 7 17 13 2 1 18 8 29 17 25 9 13 6 13 23 17 0 14 22 25 29 26 5 22 21 1 20 17 28 6 10 29 5 29
1 21 5 13 20 29 29 28 22 23 17 21 21 20 10 9 7 27 13 13 3 19 17 13 20 21 15 2 0 1 21 24 25 25 2 21 14 27 24 2 9 16 3 19 7 3 20 6 14 13 17 23 8 19 29 28 18 26 24 18 27 22 17 21 5 28 23 1 24 28 5 26 19 16 0 6
1 23 18 17 21 21 22 0 14 0 12 8 1 4 14 13 10 12 5 3 5 6 0 23 14 2 27 17 15 22 27 3 26 7 29 21 16 2 26 5 30 29 6 21 26 29 2 3 10 12 4 17 19 5 25 30 22 17 12 1 8 24 9 28 30 28 8 14 5 28 20 22 12 7 9 29
2 28 24 22 30 11 17 30 22 27 14 6 26 13 5 13 25 1 4 29 22 2 4 23 20 18 11 0 15 21 13 3 2 18 17 5 8 14 19 7 16 0 1 23 20 19 26 25 21 29 11 0 0 3 4 7 27 14 19 11 12 1 8 4 1 7 8 23 28 19 21 22 2 9 0 24
7 27 2 8 14 25 8 13 4 14 27 13 20 10 13 6 23 3 24 16 18 25 3 21 3 4 4 28 7 15 11 3 10 11 19 29 0 28 0 4 17 10 23 21 30 11 0 23 17 13 11 25 16 7 30 24 2 3 15 10 14 16 21 11 23 4 13 19 2 12 11 8 25 6 19 9
11 12 5 8 4 14 4 8 19 13 27 24 20 16 8 17 14 4 13 17 14 28 5 9 9 4 15 22 2 28 19 24 25 0 2 10 30 25 21 27 15 15 17 13 8 12 13 5 16 6 3 11 6 5 17 2 25 16 19 8 11 6 17 8 3 27 9 26 30 4 4 3 9 4 3 1
9 19 16 13 30 14 6 3 3 10 18 14 13 12 2 20 1 20 18 10 5 6 19 0 12 6 21 7 10 14 20 23 15 0 14 9 20 20 28 27 11 24 15 1 18 2 24 16 30 18 5 27 0 28 4 14 6 27 22 27 8 14 22 28 26 0 28 25 14 27 5 30 2 14 21 7
4 1 13 1 23 11 25 26 30 21 4 28 0 25 24 4 12 10 26 10 1 28 1 7 13 29 18 28 18 8 5 23 2 30 2 4 6 26 14 22 19 16 1 7 0 20 4 14 29 29 4 13 18 9 10 25 12 26 16 3 0 10 2 15 17 28 29 23 18 30 14 24 25 20 13 26
12 2 0 28 19 28 25 20 22 8 13 21 6 22 9 2 3 6 10 15 29 1 22 20 4 6 25 16 16 16 12 5 20 9 30 9 12 3 25 24 15 22 16 2 14 5 6 0 2 7 20 14 26 26 4 14 1 26 26 8 17 24 4 12 12 14 11 29 14 30 13 20 2 5 13 22
17 25 15 4 14 26 8 0 10 0 10 6 3 23 1 23 3 3 0 16 0 26 23 11 29 16 23 10 24 4 10 23 5 7 8 15 6 27 9 7 9 23 14 27 23 19 24 29 27 19 26 23 2 12 6 0 16 26 26 26 3 24 15 7 17 24 20 2 2 28 11 3 27 28 6 13
0 24 0 10 17 14 11 21 24 16 9 30 20 0 29 1 26 16 10 10 18 23 27 18 8 4 29 22 15 19 15 5 22 30 16 6 11 9 2 13 12 8 26 15 5 8 12 6 24 15 18 20 15 26 28 12 22 16 13 22 24 8 25 17 25 18 23 6 4 25 18 12 28 24 19 19
20 13 21 29 14 19 1 4 15 22 5 4 22 11 22 11 9 15 5 12 19 23 2 28 15 23 4 17 1 28 23 5 15 25 30 25 23 14 13 27 18 29 29 5 29 8 22 16 25 9 15 24 6 18 16 28 5 8 27 27 25 6 3 28 10 24 11 4 27 13 2 24 22 19 13 12
18 28 20 14 20 29 4 29 6 14 3 21 25 9 25 11 21 19 14 11 15 30 8 23 12 15 22 19 0 14 1 29 21 24 8 15 14 24 29 26 27 4 20 7 8 23 19 24 4 14 27 6 15 30 11 10 3 10 27 6 9 14 15 6 8 27 3 28 12 26 20 27 21 22 26 27
22 23 22 23 30 21 25 14 5 5 9 30 15 8 19 27 28 23 3 16 23 27 4 9 16 24 12 15 6 7 7 14 12 27 1 0 17 24 7 22 29 8 25 8 26 18 25 10 17 21 15 22 0 9 11 18 28 20 11 8 6 16 24 24 13 16 23 3 24 24 26 9 1 2 28 8
24 0 29 18 24 22 23 30 1 29 27 9 30 10 10 29 12 8 29 25 12 29 19 2 24 24 6 15 3 27 19 27 19 21 30 23 19 8 25 27 19 22 29 16 1 21 2 8 10 2 11 28 25 22 14 9 16 7 2 28 2 10 26 23 15 0 20 12 12 12 18 30 9 18 10 10
19 12 23 12 14 22 29 19 4 17 18 2 17 26 23 10 1 12 19 0 17 16 14 8 3 20 25 2 15 29 10 24 1 10 22 13 25 11 21 27 17 21 3 7 15 14 21 19 16 16 21 27 18 4 28 1 16 6 20 9 9 28 8 26 23 30 19 26 9 18 25 20 22 22 28 29
11 21 20 13 15 13 19 5 14 29 19 7 28 6 15 16 19 5 10 14 2 18 11 24 2 26 1 29 23 13 26 2 21 5 27 26 25 14 10 8 30 7 16 4 25 24 4 19 4 13 27 3 21 23 26 16 15 19 20 8 22 1 11 14 13 24 23 22 16 6 25 17 1 26 4 30
5 1 29 17 19 16 10 6 15 7 14 8 23 18 9 16 11 20 10 8 10 22 10 28 17 27 16 1 20 12 17 14 6 15 10 7 26 21 14 3 8 23 4 24 0 29 9 27 19 25 2 17 17 25 20 18 15 28 22 18 25 11 15 8 20 6 1 27 2 0 29 8 21 11 18 15
16 23 12 20 6 16 3 27 25 29 12 7 11 20 9 10 4 15 24 1 20 9 1 8 3 1 19 21 16 16 5 3 26 8 10 0 25 16 27 0 12 6 10 18 11 1 24 26 28 4 0 24 8 27 6 17 16 21 3 0 2 16 28 2 7 5 16 17 13 16 19 25 18 18 5 12
16 12 11 2 18 30 20 27 6 13 25 5 18 23 17 4 1 26 7 17 29 4 26 0 11 1 22 21 2 3 3 27 18 27 23 16 14 20 9 10 16 8 30 8 30 28 1 26 12 18 12 0 29 23 8 21 10 13 16 11 6 17 19 15 30 2 8 3 25 9 13 15 4 12 1 20
26 30 14 19 14 13 16 21 19 9 16 26 5 18 19 28 14 2 5 7 1 18 12 24 3 18 20 0 3 21 4 6 13 24 23 3 21 28 29 5 1 2 18 3 6 21 25 19 16 0 17 12 28 9 7 10 24 23 25 19 3 23 13 13 26 4 23 6 15 4 12 23 19 12 24 25
19 20 28 12 11 9 7 9 9 27 11 0 8 8 28 18 3 18 1 22 5 2 4 17 18 6 11 6 30 6 22 11 14 28 16 16 2 13 27 4 10 9 18 29 6 4 13 3 13 21 26 7 30 18 9 21 21 13 18 16 9 14 25 21 16 25 12 23 4 28 5 20 15 8 17 8
1 22 16 26 2 17 20 2 1 4 4 7 25 6 18 2 18 18 12 13 20 28 28 16 28 13 24 29 16 11 27 24 16 29 5 8 25 14 30 5 9 12 26 3 20 16 22 28 4 5 10 9 8 9 1 16 17 5 18 0 4 11 25 24 28 9 1 24 7 18 24 27 10 4 14 15
9 12 1 23 7 7 19 15 7 7 5 10 9 16 28 15 2 2 4 29 1 18 10 19 14 3 2 25 30 11 13 0 16 21 29 9 14 14 17 21 3 26 0 29 26 6 16 6 19 3 28 20 4 11 12 9 0 18 24 28 14 20 21 16 24 5 20 27 2 3 14 1 18 27 2 22
30 13 12 18 21 21 9 3 16 17 9 16 23 22 30 24 2 26 21 6 6 5 6 15 19 2 17 3 29 24 6 8 2 24 10 24 18 30 10 19 16 26 7 30 30 29 17 29 6 2 8 11 13 11 0 26 3 3 11 18 23 8 8 9 13 30 19 13 4 6 1 5 0 24 29 26
24 4 4 14 12 4 27 8 4 13 26 0 11 23 15 20 7 0 17 10 10 27 11 15 22 26 21 17 11 6 4 22 20 22 16 0 10 7 25 20 16 20 3 7 27 4 20 1 16 10 28 10 15 0 22 3 22 7 29 0 22 15 12 29 10 5 14 22 10 22 18 21 23 20 6 11
12 7 2 28 1 2 28 22 16 3 7 28 7 7 7 11 21 12 4 0 19 18 20 5 28 26 0 5 18 4 11 22 24 15 26 27 25 19 12 10 1 5 28 17 5 7 27 18 11 16 4 16 19 4 21 14 6 6 14 12 10 12 14 0 4 4 0 17 1 4 19 27 7 4 21 23
16 26 21 3 11 0 16 7 11 9 2 16 11 18 5 18 3 19 19 16 28 23 26 20 20 26 28 28 5 23 5 17 12 7 18 10 19 4 26 30 16 10 10 19 15 4 28 0 19 15 30 30 28 23 1 2 26 18 13 15 13 19 16 2 11 0 5 29 6 27 26 8 16 2 13 27
20 24 26 20 26 18 1 12 20 11 22 4 30 21 18 20 16 7 16 12 8 8 25 26 9 3 8 26 27 7 13 22 29 16 18 14 17 2 0 11 21 21 27 14 15 13 13 19 10 16 9 23 21 26 26 9 19 4 17 30 22 5 26 20 23 0 26 24 29 5 25 17 1 16 21 24
0 22 30 20 7 28 27 0 19 23 16 23 19 4 0 25 26 17 14 3 1 3 4 15 0 11 12 30 10 18 12 28 8 20 26 25 6 15 0 23 23 21 10 8 4 30 24 10 3 1 5 11 25 1 18 21 15 1 26 3 13 3 29 5 16 3 6 6 26 9 9 13 12 29 22 7
9 20 6 24 18 21 14 1 4 2 2 8 27 5 1 30 6 24 10 16 24 14 30 14 21 4 16 28 29 5 29 7 17 21 0 13 3 9 2 17 3 2 25 2 19 30 13 11 4 22 9 5 18 29 16 5 21 25 14 10 17 7 15 17 21 26 17 2 24 17 16 1 14 13 1 13
15 19 2 0 14 6 16 25 20 2 24 22 9 19 29 30 20 8 19 14 26 25 29 3 21 15 6 28 2 18 7 20 24 17 3 18 23 8 8 0 14 25 10 2 9 29 24 10 1 14 6 15 27 5 15 7 25 2 16 29 23 30 0 21 25 29 16 3 19 25 10 9 1 17 26 9
23 15 27 11 11 2 10 8 7 2 16 18 21 6 21 27 3 9 4 16 30 17 16 1 19 20 30 7 12 22 19 24 30 18 12 12 2 27 15 0 4 2 15 14 7 7 14 23 3 26 1 0 18 21 24 30 9 18 20 18 4 2 22 27 8 7 23 23 23 23 7 13 3 23 8 13
6 27 18 6 3 25 23 3 22 24 16 29 13 17 17 19 2 2 19 11 27 11 28 8 0 0 30 11 11 8 12 5 25 6 5 10 1 23 25 20 5 17 10 28 15 6 23 15 24 14 4 18 18 19 9 3 12 6 4 14 7 23 20 28 15 13 11 4 14 24 28 8 12 12 9 16
24 26 23 21 1 10 25 10 4 8 5 25 21 30 14 16 26 23 23 5 6 3 22 5 26 25 17 27 0 27 13 16 22 28 2 8 9 26 23 26 6 1 22 27 20 6 26 16 20 22 15 18 28 15 9 3 29 25 21 27 10 16 21 9 29 25 7 7 24 2 0 15 13 2 8 15
1 8 21 3 18 17 6 2 16 23 27 1 12 21 11 12 27 5 21 25 14 21 30 10 26 6 15 2 20 4 13 14 18 5 7 18 7 0 7 3 9 16 29 8 12 19 16 3 15 9 2 23 28 15 6 15 23 7 27 15 28 1 13 16 14 25 28 24 14 4 4 0 12 14 12 6
22 10 24 24 23 13 19 15 19 2 25 9 20 14 0 23 29 30 16 0 24 11 29 0 5 14 11 24 8 8 27 27 27 19 29 14 0 7 24 19 27 27 15 12 27 27 2 11 24 22 23 8 9 16 3 3 5 8 3 0 22 7 25 13 9 25 14 26 2 11 25 30 3 0 15 0
16 4 22 29 27 14 28 12 1 24 24 28 19 5 1 2 6 9 11 12 24 19 12 20 16 7 17 11 16 19 28 2 28 25 26 22 6 27 20 17 11 8 25 6 16 21 15 11 11 20 13 11 11 27 5 26 30 14 8 27 26 4 28 22 13 16 21 0 7 17 28 2 20 13 30 23
0 13 13 18 0 29 8 9 14 21 24 3 14 9 2 4 20 0 2 16 12 12 5 3 14 14 28 4 15 5 8 9 12 8 22 3 9 21 24 7 29 5 13 9 20 7 16 24 4 3 23 3 26 10 5 27 18 8 4 29 23 18 29 7 28 20 29 21 24 30 25 1 18 16 4 18
24 18 23 2 11 26 12 3 13 19 4 28 24 4 21 13 19 0 5 6 23 19 4 20 19 30 18 29 15 23 13 15 8 4 9 21 20 23 7 19 15 9 18 9 28 6 17 28 28 7 10 15 12 9 21 19 2 11 25 22 7 0 14 15 2 1 19 28 29 3 14 7 25 12 25 1
18 30 20 0 30 16 1 1 27 7 7 5 10 29 25 13 20 3 9 14 13 4 25 26 8 16 3 8 30 0 26 6 23 12 22 10 1 9 17 6 9 22 2 27 10 27 7 28 6 29 10 0 24 3 11 30 25 7 0 0 18 26 18 30 29 27 0 22 1 8 20 12 1 7 12 6
15 22 28 28 6 8 24 16 5 13 29 8 29 18 12 9 14 13 1 21 6 14 9 23 9 1 6 6 6 25 13 1 0 28 23 23 28 26 21 1 12 7 8 22 23 10 10 18 17 22 7 26 6 27 8 23 25 10 17 27 13 26 24 18 7 15 1 11 8 1 1 10 12 18 25 1
15 8 23 29 13 19 21 12 4 13 21 8 0 3 25 22 19 14 10 29 5 20 8 20 15 0 4 8 19 23 18 0 9 3 1 8 6 18 28 25 21 5 12 13 12 9 10 22 17 18 30 11 28 27 8 12 3 14 2 16 14 1 24 28 27 12 20 30 12 0 8 8 8 22 17 21
10 16 2 19 0 2 11 13 7 11 2 22 24 24 0 11 29 28 24 16 12 4 21 24 23 27 8 10 24 7 25 11 22 12 15 5 28 21 25 1 10 29 26 19 0 28 15 10 0 20 21 21 28 2 3 0 13 13 24 10 0 5 29 30 6 11 7 24 22 26 28 22 8 14 11 13
