77 77
18 2 12 16 16 26 7 12 24 29 7 21 21 19 29 1 21 0 30 30 26 30 29 0 28 19 21 12 22 26 19 27 8 2 14 4 12 23 13 10 26 13 22 25 17 5 8 20 2 16 6 30 8 2 8 30 22 3 13 12 10 2 5 1 26 27 4 9 0 16 2 21 9 12 7 9 12
28 17 26 25 9 24 2 11 19 11 21 5 27 18 7 12 30 2 3 14 23 27 0 28 16 11 29 5 21 24 30 22 13 26 18 30 28 29 27 17 9 10 19 4 15 16 30 19 12 8 17 8 2 26 2 16 28 6 15 10 13 17 2 24 13 23 18 23 10 15 23 0 30 6 5 28 28
10 8 2 29 25 9 13 18 9 1 2 6 22 14 7 1 30 30 2 1 3 5 19 25 29 28 5 5 2 21 22 30 24 6 19 20 23 28 17 21 1 6 13 10 5 8 8 30 30 9 15 21 23 0 26 20 5 21 27 9 27 22 15 8 21 13 30 22 28 9 14 18 8 1 27 6 20
11 15 5 21 12 23 8 22 3 6 13 15 3 27 2 5 19 26 0 29 3 4 6 18 8 19 27 29 9 4 27 28 15 6 17 6 12 30 4 16 12 14 24 8 14 11 18 19 18 6 18 8 20 11 2 28 3 13 2 10 24 23 21 13 15 10 17 28 29 3 29 3 4 2 17 25 10
21 7 27 21 22 24 25 26 19 13 24 15 11 4 9 3 23 26 16 0 30 4 26 13 18 29 23 16 11 26 21 11 3 23 25 20 3 24 7 24 1 0 26 15 26 28 20 23 11 11 19 8 19 26 10 19 22 19 8 16 9 25 5 5 1 24 27 28 1 8 4 18 3 5 26 9 0
11 4 7 15 26 13 15 20 14 21 12 3 1 28 19 3 6 14 19 2 8 13 4 8 28 27 18 22 6 11 6 27 20 19 26 9 7 26 28 4 26 27 27 19 3 18 2 30 27 17 6 20 20 18 25 6 1 17 4 5 23 13 28 18 2 28 18 20 23 0 12 8 8 17 12 26 0
2 13 30 8 8 19 2 25 23 22 7 18 28 19 9 25 6 4 26 12 12 11 29 3 13 12 17 27 7 10 30 15 9 29 0 3 10 3 10 30 3 3 21 19 2 8 28 30 0 4 6 24 28 4 21 21 5 19 2 13 12 4 26 24 18 18 9 1 6 5 20 2 12 8 13 1 9
18 23 15 13 24 2 14 24 1 18 6 25 7 26 26 20 13 10 29 12 3 9 22 29 2 6 22 7 9 2 18 5 0 9 16 18 22 1 3 17 15 3 20 1 8 5 16 15 29 15 3 8 1 16 13 18 16 29 6 16 3 16 16 21 17 2 9 14 7 25 1 2 8 2 26 30 29
9 0 21 20 9 7 21 25 21 3 24 19 22 2 21 1 3 8 0 19 25 19 5 25 28 3 3 29 0 25 29 25 26 8 6 30 28 16 19 24 15 5 27 29 4 9 19 20 25 15 0 12 18 8 1 25 15 24 5 28 30 18 30 21 20 29 21 6 11 10 22 3 24 27 3 17 15
22 9 15 27 27 10 22 4 7 21 5 11 28 4 18 5 22 10 2 2 8 29 2 12 19 6 23 20 25 16 6 19 20 17 25 29 10 21 23 12 8 29 6 30 23 9 11 13 20 16 1 27 7 16 12 21 14 9 19 27 30 21 6 26 20 29 16 4 13 11 12 6 24 10 21 16 29
12 17 2 14 27 8 18 4 16 6 7 11 13 11 30 28 9 10 26 22 3 5 9 17 3 15 18 1 27 8 25 11 20 5 7 13 18 3 13 29 14 9 2 22 6 29 19 4 21 26 23 10 8 24 26 11 14 23 16 18 27 28 21 6 18 28 3 29 5 7 15 25 5 12 16 0 15
21 15 25 15 21 11 13 2 22 12 12 10 15 2 2 12 26 13 11 24 16 17 22 12 10 18 1 11 7 25 3 24 24 15 3 4 14 28 27 6 14 5 16 26 29 23 2 28 8 0 13 7 17 30 16 30 28 14 22 26 4 2 23 13 18 17 9 25 0 1 17 26 23 17 16 6 12
6 14 24 16 15 30 21 25 19 3 15 21 9 21 12 5 24 13 12 6 10 22 30 26 25 8 23 10 2 2 1 8 5 1 19 18 9 12 10 10 22 20 19 5 15 17 12 13 27 6 22 18 16 15 6 17 21 6 23 13 0 12 22 24 19 6 27 2 4 17 23 9 10 27 12 3 3
9 0 13 19 28 26 24 9 2 12 17 5 10 6 3 9 6 25 14 5 14 29 9 16 18 14 13 8 24 6 6 27 24 0 11 21 2 28 20 28 0 4 21 28 11 20 9 24 18 9 28 22 23 29 4 11 13 0 10 4 16 1 7 14 1 12 16 6 23 10 22 30 30 9 15 3 3
9 30 17 15 21 22 26 8 5 28 2 26 25 5 24 2 24 15 28 10 23 6 29 24 13 21 17 16 9 8 19 18 3 6 23 2 9 3 19 27 20 5 23 29 28 25 19 18 27 18 24 22 9 8 4 16 7 30 23 24 3 24 16 6 1 28 4 16 28 12 21 26 10 29 25 2 24
22 27 26 10 28 17 25 29 13 12 15 27 3 0 1 12 6 11 21 6 8 28 13 7 21 15 30 23 0 24 29 1 19 0 21 26 3 8 27 8 27 24 3 20 25 0 20 28 1 22 22 9 10 13 11 6 12 28 7 7 4 8 3 5 16 21 26 20 14 22 18 30 25 4 3 10 14
26 7 17 16 22 29 23 14 14 9 13 12 28 8 24 17 26 26 9 21 27 4 11 26 27 27 20 7 28 13 9 21 23 10 11 19 5 4 14 8 10 20 11 26 2 5 2 8 9 23 30 9 16 17 5 3 20 6 0 22 3 12 29 1 5 6 12 28 12 20 17 17 14 4 18 3 4
28 17 30 0 24 20 8 12 2 25 2 6 3 18 11 6 24 26 6 26 11 7 6 17 2 21 27 2 10 3 21 10 23 5 19 3 2 5 13 26 8 15 11 28 12 22 28 27 21 6 2 17 5 6 5 25 11 8 1 18 7 29 1 7 0 26 12 23 10 4 7 11 7 21 24 11 21
16 10 10 15 27 21 14 11 24 22 1 18 13 30 12 14 16 21 24 23 29 14 15 22 5 23 0 5 16 1 6 5 10 15 2 4 14 27 9 7 9 22 19 20 14 18 1 13 22 0 21 27 23 17 27 1 19 3 2 28 19 23 26 30 3 28 8 9 30 25 28 18 1 30 22 13 25
16 13 24 20 3 23 16 29 26 2 27 17 28 30 11 6 13 6 10 16 21 23 10 8 23 6 15 18 15 3 3 29 18 23 9 9 9 16 27 9 2 8 21 3 7 18 1 28 13 12 16 26 14 29 23 22 11 0 14 18 15 22 4 0 25 24 19 29 5 10 30 6 13 28 28 24 4
3 14 25 1 14 13 1 8 0 14 1 15 16 14 25 29 16 24 17 5 25 1 30 3 0 30 6 29 9 5 16 23 17 24 13 10 15 24 4 14 0 21 26 6 0 20 17 25 1 22 26 2 20 12 26 28 18 25 24 4 8 17 16 13 29 1 1 22 17 0 10 11 13 16 7 18 29
20 6 19 1 30 19 26 8 18 22 2 2 7 21 14 22 18 26 14 20 27 25 10 3 14 5 6 24 16 11 7 6 12 27 0 15 25 10 17 12 18 29 24 11 12 6 3 14 8 25 18 4 8 6 24 5 0 18 26 17 18 19 23 17 14 30 29 26 21 27 8 6 10 28 28 10 19
2 10 21 18 9 4 17 17 17 20 12 7 5 15 3 18 18 14 8 16 8 17 5 17 19 11 28 27 13 20 23 14 0 28 18 3 26 1 12 26 2 4 13 4 9 0 11 10 4 4 19 2 22 20 6 14 0 21 6 12 22 5 1 11 24 28 30 16 1 28 6 26 16 28 2 13 29
28 27 19 9 6 18 23 13 25 15 11 20 24 27 22 9 4 20 0 10 11 4 0 18 3 27 16 9 11 12 4 8 6 20 26 15 23 30 1 30 6 12 28 19 20 21 20 19 15 28 1 10 18 22 26 28 9 9 9 24 26 27 9 18 6 26 14 6 30 9 2 30 16 11 11 20 26
21 10 17 6 0 27 2 4 3 15 23 14 22 26 18 8 29 25 13 4 24 27 13 14 15 10 16 20 26 1 13 28 0 17 15 28 8 4 19 16 14 17 23 1 15 12 2 29 28 3 19 2 1 26 1 29 14 15 11 14 24 17 13 1 1 19 4 26 10 3 2 7 30 18 11 3 18
0 30 26 27 7 17 26 5 9 3 12 4 25 5 4 22 24 10 30 30 23 26 20 24 7 8 7 30 3 30 21 9 7 21 4 0 24 24 13 18 0 17 7 9 21 3 29 7 5 28 29 9 25 16 11 16 17 26 20 13 24 17 24 18 15 17 27 10 12 23 27 11 1 27 17 13 5
0 23 16 7 8 6 10 27 22 22 22 11 27 14 4 16 7 13 0 7 20 19 8 10 26 26 13 12 2 5 19 9 8 26 5 12 25 24 14 28 30 8 27 3 30 21 1 14 9 6 18 14 16 17 17 12 21 11 6 15 20 24 28 10 25 1 18 2 9 2 2 11 22 4 0 21 10
11 30 12 2 8 22 11 11 0 30 20 3 10 13 22 20 20 1 18 21 9 5 16 12 1 20 22 12 15 28 1 16 21 18 16 0 22 5 10 18 12 3 25 19 15 6 17 17 12 29 11 19 24 26 29 10 20 0 22 26 2 30 27 7 3 11 4 20 2 5 23 19 11 30 27 25 23
24 18 19 21 7 12 4 1 11 5 6 15 20 27 18 18 7 10 20 2 1 8 24 27 29 17 5 27 16 9 27 6 3 13 11 15 8 29 25 29 7 4 0 17 19 21 16 22 7 13 26 17 27 13 23 4 9 4 15 21 21 19 7 19 21 27 23 9 10 8 3 0 0 5 21 20 1
15 19 29 12 2 14 19 26 9 7 5 30 6 4 6 25 8 15 9 12 28 19 5 4 2 9 3 2 1 19 4 21 11 19 27 15 15 19 15 17 17 25 14 2 5 0 3 16 29 18 23 1 21 6 25 5 8 27 11 0 16 26 9 29 25 21 20 12 9 18 1 27 28 12 25 22 29
10 18 11 16 8 21 23 25 22 15 2 8 19 29 7 22 12 27 15 25 29 8 27 0 6 20 22 19 16 30 9 29 11 16 7 9 8 10 13 16 18 17 16 27 5 29 28 18 15 27 13 22 2 17 8 18 4 9 19 8 5 26 22 0 24 21 2 18 2 21 29 27 20 2 11 25 0
25 8 4 27 8 18 15 15 14 19 1 3 18 9 25 25 24 25 15 4 29 10 15 3 29 19 1 9 26 22 8 1 18 10 6 7 3 21 8 21 26 27 12 14 0 26 14 4 14 9 19 12 0 16 9 0 10 21 4 7 17 11 9 15 1 10 0 11 24 30 26 25 5 24 4 19 19
0 7 21 10 8 23 8 0 7 25 19 27 14 25 10 12 12 4 20 0 22 30 29 14 6 26 9 19 5 11 26 10 16 17 1 22 11 16 19 18 9 2 28 25 29 22 3 19 4 24 26 14 28 4 20 26 6 8 10 6 18 16 0 30 24 22 5 16 2 27 30 29 28 6 11 4 10
28 21 23 4 26 10 28 5 24 27 12 5 6 28 22 3 10 0 16 12 20 13 6 13 17 9 23 25 17 4 22 25 30 3 26 27 6 6 5 23 30 13 14 24 14 29 5 1 28 10 6 18 18 14 27 20 25 11 8 23 26 18 26 28 17 24 24 11 11 30 1 26 7 14 24 16 24
6 24 25 28 11 9 13 13 21 11 19 16 10 29 4 4 23 11 6 3 20 3 17 0 10 3 27 22 13 27 10 3 6 19 29 4 1 27 0 13 8 1 15 16 16 26 9 4 29 7 22 23 9 18 7 17 19 7 17 5 15 25 24 26 5 19 16 23 13 1 13 27 3 30 30 5 29
22 5 27 12 22 20 30 5 25 22 23 13 5 6 23 2 22 22 29 20 18 6 28 15 10 13 8 25 6 28 18 22 0 0 3 25 22 23 30 6 1 5 29 0 20 6 26 10 30 19 23 29 27 21 18 29 0 18 3 21 19 24 11 19 20 7 23 20 25 23 28 19 17 7 29 21 9
6 12 20 5 27 22 22 6 1 6 20 15 24 1 26 5 15 7 14 1 22 10 26 28 23 8 22 20 3 11 26 20 5 7 11 17 10 26 27 3 9 4 10 14 26 17 20 0 23 1 29 21 2 4 4 0 22 28 16 27 12 8 7 7 23 6 0 9 22 25 13 7 23 4 6 4 4
28 7 24 23 3 9 0 28 9 26 8 3 25 4 8 22 28 28 25 30 22 18 10 3 19 10 4 6 28 13 29 17 23 25 3 25 30 18 16 22 3 25 28 1 24 13 9 24 20 24 2 15 9 5 19 19 6 4 26 28 29 3 24 3 25 0 4 20 6 29 14 28 13 9 15 13 4
22 21 23 15 15 1 27 13 1 0 9 28 24 9 18 10 25 14 30 11 22 12 16 23 18 19 27 24 22 1 9 14 29 29 17 17 27 12 10 6 3 1 2 27 11 5 26 21 23 17 29 30 22 14 10 14 27 11 23 7 13 28 22 24 13 7 16 5 20 9 12 4 0 12 10 1 3
27 19 29 15 11 7 19 26 6 17 21 11 23 25 26 16 2 29 28 7 5 1 14 10 5 13 3 12 5 20 1 16 23 15 16 20 4 3 22 25 22 24 27 30 6 29 2 1 22 24 5 7 0 0 26 17 15 5 4 8 29 14 12 2 8 6 0 22 30 19 14 18 2 30 8 25 28
11 29 30 12 18 0 23 16 10 1 18 25 8 2 0 28 19 1 4 6 25 11 10 8 1 30 29 13 7 20 18 10 19 13 7 2 14 14 27 18 4 4 11 2 30 26 27 17 2 29 25 15 20 4 26 15 4 28 28 3 12 14 4 1 17 10 1 16 1 22 4 4 2 25 13 8 15
18 9 4 0 28 26 5 18 8 24 15 10 17 25 9 21 30 19 26 0 27 10 4 14 22 21 11 15 25 1 13 23 9 25 5 26 28 12 19 15 5 1 2 17 0 4 3 13 12 19 25 23 28 25 11 0 19 22 29 2 3 0 17 12 18 26 7 11 20 8 15 6 27 21 15 12 7
6 23 12 8 25 18 1 4 8 1 23 0 8 21 18 27 12 27 14 28 1 9 9 20 14 0 0 15 10 16 10 17 19 5 20 5 0 27 2 0 10 24 11 29 23 9 18 30 1 9 17 14 7 26 10 6 22 22 18 14 3 25 9 8 6 26 14 14 4 14 17 4 25 27 26 7 21
14 12 21 30 15 24 21 5 11 9 9 28 28 13 15 29 24 29 16 9 2 19 5 21 17 29 29 11 10 3 26 12 10 1 3 6 23 30 6 26 21 16 16 13 13 8 17 26 27 7 23 29 25 5 14 11 26 25 28 9 13 24 3 18 4 16 5 15 8 0 9 3 17 24 2 26 21
6 29 22 7 11 28 17 28 0 7 12 14 3 23 14 21 23 21 30 22 3 13 6 27 28 8 0 24 30 14 24 24 7 4 24 25 13 0 11 7 15 28 5 10 19 27 29 25 18 25 11 27 3 13 23 3 6 14 6 26 0 14 9 14 25 17 11 10 18 15 6 10 12 13 11 22 28
27 28 8 4 27 23 2 1 26 8 2 13 4 18 21 29 2 25 17 25 17 4 4 29 13 0 13 15 29 28 4 19 13 26 7 12 3 4 24 19 3 29 13 20 18 13 24 3 6 3 22 15 25 15 13 22 21 10 2 28 15 12 5 28 11 21 30 10 3 13 18 29 6 6 7 1 7
18 30 7 8 16 19 5 18 2 15 22 23 9 26 3 17 15 1 30 11 0 2 6 17 15 9 23 22 3 30 29 28 4 9 14 13 7 15 7 25 10 13 24 14 11 11 1 24 15 0 17 16 10 14 15 30 9 29 24 15 14 23 23 11 27 6 11 20 8 24 18 3 29 8 14 12 3
29 2 18 19 20 4 1 13 21 9 11 30 4 24 22 29 13 27 25 12 22 19 19 11 6 2 10 5 12 18 28 4 13 17 27 2 19 28 0 0 26 9 2 28 24 24 3 14 10 18 3 6 18 17 20 12 0 13 8 15 24 5 22 6 5 14 16 0 4 26 27 14 11 9 19 3 30
5 25 24 8 4 1 30 11 24 9 23 4 24 6 30 13 27 11 2 17 23 28 12 28 28 26 2 1 11 6 16 15 22 0 5 24 15 7 17 4 11 1 2 23 2 12 25 9 13 28 14 26 27 17 16 10 14 11 8 4 23 23 16 26 18 16 14 8 5 2 30 7 8 15 18 15 20
12 9 7 8 11 28 16 24 28 14 16 30 11 12 7 8 22 3 7 30 0 8 21 14 20 23 1 16 22 6 30 15 3 5 6 14 22 25 20 23 3 19 4 20 15 27 12 8 6 19 28 13 16 12 1 15 2 26 1 3 22 30 8 4 27 11 28 2 9 29 5 15 5 20 28 25 22
18 5 22 24 15 7 23 25 11 17 19 1 23 13 20 15 30 12 13 12 7 1 9 23 26 25 10 9 9 13 19 15 18 24 0 25 21 2 11 3 16 8 0 18 5 8 21 26 26 16 29 18 8 6 4 3 11 12 22 15 3 0 25 25 30 11 19 14 3 6 18 22 14 13 17 14 10
4 29 26 25 6 17 30 6 2 19 6 12 3 24 2 30 22 3 20 30 20 26 8 13 27 8 16 12 5 2 6 6 12 6 13 4 5 10 25 10 28 30 5 28 11 28 17 23 29 13 24 6 1 26 13 6 3 12 22 12 17 28 23 2 21 6 17 30 14 29 15 9 0 4 27 19 10
24 1 18 30 28 7 26 16 3 23 16 24 3 29 19 19 23 30 4 7 7 2 20 15 20 16 9 13 1 11 27 15 25 11 12 10 18 3 9 28 25 9 5 10 0 6 26 2 22 2 19 20 12 23 10 24 6 23 1 29 14 10 8 0 20 30 29 18 27 1 0 24 18 4 0 8 13
7 26 13 4 13 22 0 1 25 25 8 9 18 25 26 16 30 16 9 14 21 12 23 26 21 21 21 28 3 1 8 6 14 8 16 0 9 11 3 27 17 0 7 6 19 10 20 16 22 6 23 0 6 14 4 13 5 16 17 29 4 20 7 17 16 16 16 13 23 19 3 14 27 29 14 0 29
16 29 0 4 5 24 5 0 8 17 11 25 10 15 23 19 30 8 1 20 2 27 3 17 3 5 28 21 23 20 8 25 27 27 29 3 30 25 26 2 13 22 2 30 0 16 5 0 14 11 29 17 29 4 17 28 17 14 19 19 14 20 16 10 23 4 7 1 4 25 9 9 24 8 11 5 16
12 17 18 9 23 10 29 23 22 20 7 29 8 7 25 0 27 24 16 20 27 14 11 2 28 24 24 8 12 17 28 21 12 21 22 16 27 12 24 16 29 5 1 22 30 1 12 13 5 5 13 12 20 26 22 10 5 16 5 5 19 24 30 19 27 22 8 14 29 5 11 25 17 27 6 12 24
10 18 28 12 29 10 5 18 23 13 10 3 19 17 14 22 1 25 4 18 0 14 20 19 3 3 5 24 6 24 5 11 7 16 29 9 10 14 20 2 25 16 5 20 26 18 18 18 5 6 7 22 8 27 20 15 0 2 18 15 21 9 11 13 7 21 25 9 8 20 7 5 5 22 9 27 15
2 1 18 15 22 11 21 23 4 12 29 22 12 19 1 29 22 20 22 10 11 15 15 18 2 28 28 24 13 12 17 12 27 8 12 16 8 9 4 7 10 26 0 27 5 11 4 14 14 11 5 17 11 14 0 26 29 24 12 26 23 9 27 29 7 20 8 5 21 6 5 4 18 5 29 15 9
9 17 5 12 11 4 21 4 27 0 29 10 30 9 22 29 3 17 27 24 0 27 7 25 14 12 25 26 30 3 17 16 26 17 20 14 25 2 27 29 4 12 17 0 0 14 24 27 5 30 28 28 24 26 28 25 5 13 14 14 26 0 30 1 7 12 14 28 4 10 8 6 29 7 9 15 3
28 21 24 28 28 30 23 25 30 28 17 5 21 7 21 4 21 18 25 4 25 16 1 24 14 18 20 9 1 9 13 15 23 8 26 13 19 12 14 1 10 5 24 18 5 1 14 16 24 17 24 27 15 7 27 2 10 18 9 29 9 9 12 25 9 14 10 3 28 29 0 17 30 9 19 14 0
23 23 24 5 1 0 21 28 8 15 8 13 7 24 20 19 7 17 9 10 22 9 13 7 8 18 10 25 27 8 11 1 5 1 6 30 16 12 8 30 26 22 5 10 24 12 15 11 20 19 10 17 13 2 5 20 15 13 19 4 11 1 12 28 1 25 23 25 9 14 8 19 26 4 20 18 11
20 15 19 20 5 8 1 8 25 19 21 25 28 23 29 14 12 13 11 23 20 1 6 5 29 17 21 30 15 30 12 3 4 26 17 7 15 17 24 6 1 27 22 22 29 9 18 28 24 12 24 0 20 17 28 26 3 17 10 30 23 18 11 30 11 18 4 28 3 29 26 11 17 23 20 26 18
12 11 18 8 19 11 2 19 20 19 27 2 12 30 6 4 14 9 11 18 7 28 13 5 18 1 13 3 17 18 29 24 3 3 23 23 29 2 12 5 25 29 22 10 18 21 30 9 2 7 26 16 22 3 23 29 22 22 11 9 2 28 30 20 15 13 21 23 12 0 26 20 29 12 14 27 20
5 18 12 24 1 5 17 6 19 6 1 10 11 4 6 17 11 2 20 6 22 5 22 4 14 17 26 8 10 7 0 25 21 30 1 29 23 17 18 23 5 25 14 12 9 27 0 7 20 4 13 19 29 9 21 27 28 1 14 19 2 18 18 21 18 15 22 7 1 5 17 23 15 11 18 30 4
2 16 9 11 5 27 28 8 21 19 6 0 12 4 29 21 17 6 6 9 20 14 19 0 12 28 7 30 0 29 2 27 21 8 21 18 21 17 19 29 18 6 20 16 19 21 8 14 5 2 22 19 18 10 3 15 18 11 2 9 9 30 26 14 3 22 4 12 5 29 23 16 6 17 3 6 7
2 30 30 26 1 7 4 6 18 11 2 12 15 23 16 4 19 14 15 7 21 9 9 17 0 3 15 15 23 19 18 1 0 23 26 23 0 13 29 0 24 13 8 17 8 7 22 14 23 7 9 17 7 6 28 27 23 4 5 13 14 21 13 22 13 1 12 14 23 11 7 7 15 1 21 12 10
2 13 24 0 30 2 9 27 21 3 19 16 4 1 12 9 30 2 7 17 6 3 1 16 19 30 23 1 4 10 16 4 26 4 5 21 23 11 7 30 29 0 22 11 22 5 3 18 20 16 14 6 9 10 23 19 4 11 6 26 2 20 11 24 28 20 0 1 13 5 24 11 29 1 11 9 10
10 14 18 15 28 7 17 19 17 9 22 7 2 20 1 11 23 21 29 16 30 11 20 30 11 13 0 14 27 30 20 16 5 30 6 2 27 26 25 28 10 30 9 19 9 17 2 25 2 22 23 19 28 28 2 6 29 21 12 27 17 9 3 22 26 23 29 20 5 10 29 8 3 1 7 22 5
23 9 19 0 30 0 11 15 16 27 0 29 24 2 14 24 14 21 17 20 16 23 7 16 7 10 0 26 7 17 11 4 28 25 21 3 22 13 16 1 9 14 16 14 24 26 23 2 26 16 7 6 3 11 27 25 6 13 8 19 26 16 22 10 0 25 13 21 27 28 7 1 20 28 4 10 14
8 15 18 30 19 26 8 12 10 7 25 9 2 10 27 9 13 30 23 13 12 3 4 11 21 12 20 10 3 15 29 2 7 1 8 27 7 22 17 10 24 7 7 6 1 30 27 0 28 24 26 19 21 17 15 14 21 28 7 22 2 25 15 9 23 13 17 25 5 23 16 9 10 29 27 9 30
22 10 12 20 24 21 16 18 9 27 16 10 20 2 18 19 13 20 11 26 27 2 18 24 26 2 15 22 8 12 29 25 27 20 25 20 27 24 12 2 16 13 18 16 7 19 23 3 30 7 30 19 13 13 6 13 18 11 11 18 16 8 6 13 27 21 19 24 0 26 28 4 23 29 9 27 8
2 9 2 3 10 17 10 20 1 26 10 13 3 14 27 27 20 0 11 20 30 24 27 23 21 19 5 19 1 23 22 28 15 11 22 29 5 16 1 2 17 10 3 29 19 6 13 20 16 12 25 9 21 23 13 5 26 23 13 24 21 0 3 14 21 9 11 26 15 29 15 26 11 23 2 20 0
20 28 28 21 7 25 3 12 6 6 19 28 5 22 9 9 4 29 0 13 2 0 18 20 24 10 2 7 14 29 4 15 29 23 28 25 29 7 13 6 27 17 9 22 25 3 17 20 23 17 7 30 15 20 16 6 13 29 20 24 29 3 1 19 7 6 9 8 21 4 12 6 16 1 24 16 21
10 19 11 24 9 30 11 3 24 14 23 16 1 30 10 20 12 20 27 19 17 15 10 20 21 0 2 2 27 4 23 18 22 13 14 15 20 6 16 5 13 29 0 10 1 14 17 18 29 11 5 1 7 7 23 22 13 1 9 10 1 29 28 23 29 5 5 23 9 13 1 22 13 28 30 16 25
16 15 16 1 22 17 6 8 16 21 13 2 10 8 15 23 12 18 29 9 17 3 4 0 28 5 14 29 25 29 4 9 26 7 6 6 6 1 16 8 7 4 14 5 13 8 17 3 3 28 5 5 9 24 18 26 22 30 13 4 15 9 17 25 13 9 15 29 18 2 16 27 29 9 16 23 8
27 9 11 10 9 16 21 29 25 28 14 26 7 15 4 0 1 24 22 22 0 9 6 28 6 29 7 29 23 28 30 24 7 0 9 11 30 9 5 25 18 2 14 2 25 1 11 15 28 17 19 8 15 24 27 9 29 16 7 0 20 11 5 26 21 14 4 1 19 22 4 16 7 5 27 1 12
27 6 8 28 19 13 29 12 28 0 9 0 9 12 29 4 16 24 21 5 26 2 28 6 6 13 15 18 5 10 18 7 11 8 14 13 14 1 3 4 7 6 12 1 5 3 17 25 16 10 9 21 28 25 26 6 23 13 6 15 1 22 28 20 1 13 18 11 25 27 16 24 18 20 19 1 27
