87 87
16 24 16 27 15 7 28 0 1 24 23 16 5 7 10 25 28 24 28 16 29 19 4 22 14 30 2 10 26 23 12 11 5 27 5 3 30 9 25 25 28 19 29 1 9 27 3 20 28 19 15 11 24 18 15 15 20 22 15 19 4 14 16 5 12 0 10 21 12 8 11 13 27 0 10 22 10 18 3 12 10 30 12 11 13 16 26
16 15 20 6 11 19 0 12 21 30 8 21 5 29 8 0 30 4 23 30 29 6 16 4 2 9 0 14 30 12 27 25 1 20 24 11 5 12 20 3 29 23 19 20 0 5 6 22 14 18 25 29 2 28 18 26 20 11 4 28 9 6 26 18 29 0 14 20 4 25 16 27 21 15 13 14 29 6 9 20 29 12 2 11 24 27 20
2 2 25 15 10 2 18 20 28 14 9 8 9 4 3 2 26 2 4 6 7 29 21 10 24 1 15 4 27 28 18 25 15 27 6 5 9 8 16 25 2 7 26 17 24 24 25 22 11 5 30 14 27 6 23 26 11 27 18 23 15 17 23 3 6 15 26 10 14 24 1 22 16 5 29 0 20 28 1 9 18 1 18 16 11 18 12
28 14 18 3 23 19 1 18 11 19 9 11 18 19 14 19 2 30 7 16 3 22 2 5 30 0 16 26 24 5 12 7 16 15 5 15 9 3 26 5 24 7 24 13 9 15 0 9 4 16 29 22 30 25 30 26 26 19 28 20 1 26 2 16 3 25 27 6 1 8 19 14 30 21 22 15 25 1 15 20 12 4 29 14 13 25 0
13 18 5 8 23 19 26 15 23 10 18 2 7 19 0 29 14 14 4 29 8 6 29 10 6 18 5 5 30 25 18 14 10 1 30 3 11 10 13 2 10 19 11 7 19 27 26 16 14 5 19 9 16 30 23 2 18 18 22 17 12 3 9 2 29 10 13 23 23 29 10 2 2 10 4 4 10 1 3 9 27 18 10 29 30 2 1
19 6 20 7 6 12 17 26 17 12 3 23 19 8 4 19 8 23 2 6 10 16 3 14 10 21 22 26 6 11 18 5 17 25 9 30 12 28 17 29 1 29 26 20 1 21 12 12 19 14 21 16 27 1 12 12 27 28 30 16 1 6 2 20 4 15 14 22 26 7 29 14 17 24 26 19 10 25 8 6 3 10 30 27 21 14 1
13 10 24 22 15 22 30 19 8 18 12 29 2 16 11 10 24 30 26 30 7 24 28 10 25 1 29 15 28 8 22 15 22 7 29 22 16 23 30 20 19 28 3 23 13 0 1 24 26 23 22 3 12 24 4 25 0 20 28 11 28 7 0 22 19 3 1 10 8 7 15 14 9 14 3 9 25 3 25 6 19 20 9 20 25 4 3
8 26 8 22 15 6 17 10 6 12 20 19 7 7 13 20 22 9 1 5 8 17 2 17 5 9 10 28 5 17 8 13 22 22 7 18 24 5 0 19 2 18 17 23 7 4 16 23 21 15 23 4 13 22 21 4 14 11 4 16 3 9 14 28 7 20 28 0 1 7 21 16 20 21 24 25 4 16 13 26 16 28 29 1 7 29 11
8 24 3 10 10 20 30 16 16 11 0 4 1 6 12 23 29 18 17 29 15 2 19 22 22 8 28 5 11 26 15 22 29 10 4 29 27 30 10 26 26 28 18 29 14 11 24 13 9 25 22 13 16 8 6 17 26 6 20 9 0 16 16 16 19 21 18 1 28 28 0 0 28 1 17 0 7 16 28 19 12 4 7 0 7 23 7
19 9 14 29 28 6 24 2 2 5 1 18 5 22 16 12 1 30 7 30 27 19 4 18 18 29 0 25 22 2 22 6 22 7 21 4 14 5 12 1 25 26 3 4 16 25 5 18 22 24 4 9 26 3 7 29 23 11 13 14 8 9 22 27 7 12 28 0 30 30 24 29 23 7 22 4 5 28 22 30 18 8 29 19 30 10 28
14 13 30 9 15 22 4 10 30 19 15 22 13 7 27 10 0 12 25 9 23 15 22 23 9 19 25 23 9 12 23 22 2 6 19 7 26 30 16 7 25 3 8 3 19 3 21 18 21 29 23 13 23 29 8 4 30 3 19 9 0 5 11 25 28 21 6 25 12 29 23 13 4 7 19 4 1 0 23 23 13 20 14 7 5 3 30
4 2 5 4 4 28 0 18 13 26 26 19 30 30 12 14 10 14 8 10 7 25 2 18 0 16 23 26 11 3 2 30 29 16 12 28 0 5 6 30 28 19 10 12 21 8 27 27 4 15 13 22 20 12 16 27 21 11 3 10 17 16 11 6 22 9 10 28 11 26 6 18 10 4 4 19 28 5 7 5 24 8 28 20 12 22 26
9 26 1 8 3 8 20 24 19 8 19 8 21 20 27 4 22 8 2 9 2 27 19 28 18 21 5 21 18 15 14 28 17 4 7 12 15 29 16 10 28 4 18 24 24 7 12 10 30 26 8 13 15 22 28 2 13 1 25 18 3 10 3 22 29 21 6 17 21 21 6 30 3 15 26 4 23 29 0 8 19 9 10 10 7 4 5
18 0 13 17 9 25 24 23 17 15 0 3 24 4 4 21 25 4 3 23 22 3 11 10 29 29 15 28 4 26 28 6 20 17 18 24 4 28 27 17 20 3 7 16 23 17 1 14 7 25 25 27 12 19 17 13 29 16 4 2 22 3 3 25 27 25 19 21 28 4 29 8 25 13 23 13 2 30 16 15 14 19 28 15 25 29 5
1 21 25 12 19 15 29 27 18 17 25 28 30 12 22 3 6 22 10 20 9 12 23 19 1 17 9 26 25 14 2 18 23 23 7 5 24 12 17 1 1 21 10 16 29 9 6 12 26 15 22 7 18 0 13 18 4 22 7 7 10 3 6 0 16 7 24 9 24 7 23 1 2 27 20 7 27 12 10 21 29 15 8 2 0 16 5
7 4 19 21 26 11 2 20 22 5 3 18 22 20 28 4 29 8 9 26 14 29 8 20 0 21 2 27 22 27 29 23 3 2 28 16 15 19 24 30 0 15 14 18 1 6 15 28 13 16 21 1 3 0 13 21 8 20 25 30 10 19 10 15 18 25 18 8 25 10 10 27 0 11 3 9 10 13 0 2 30 25 12 23 14 16 28
24 19 6 25 15 29 4 15 15 20 28 29 20 28 12 8 18 25 24 29 28 5 18 20 30 16 9 24 11 13 12 6 28 20 25 9 0 9 18 24 4 4 27 24 20 26 9 23 12 29 4 24 24 21 21 2 4 26 24 13 10 6 21 23 14 22 0 24 10 20 6 5 15 22 11 28 0 29 5 30 12 30 15 18 17 14 25
10 7 20 22 18 23 11 4 24 27 1 10 28 4 14 26 22 15 13 17 24 18 11 3 0 28 0 14 11 5 28 13 9 15 18 5 5 21 19 30 27 28 8 7 5 18 11 24 25 17 2 22 23 26 21 11 13 13 8 7 8 26 25 19 19 19 15 15 21 19 7 22 3 1 28 14 6 22 21 24 0 29 1 0 6 23 9
2 25 10 23 11 19 21 28 30 1 11 23 2 10 23 9 25 21 13 23 30 19 27 8 10 22 6 20 13 4 28 4 0 7 5 23 16 21 3 20 6 13 5 25 12 2 19 8 17 10 27 17 29 17 17 27 20 24 5 3 18 14 21 27 29 17 22 12 8 20 9 2 9 23 17 10 29 16 3 2 30 0 4 28 23 0 10
1 22 1 13 0 3 23 22 30 12 28 12 10 14 14 24 23 23 22 11 20 30 17 6 25 4 8 30 17 8 21 0 27 19 2 11 21 22 0 12 27 28 6 29 16 19 3 1 11 10 21 21 13 28 22 22 29 7 16 6 1 26 11 2 12 24 20 9 18 14 19 4 14 7 0 15 22 30 13 1 2 24 1 7 6 12 20
15 12 19 19 2 6 26 28 19 27 15 25 21 10 28 18 16 24 5 29 6 30 28 2 23 10 11 29 22 14 9 1 12 29 19 13 19 10 24 12 15 26 22 4 29 27 14 16 4 5 6 23 24 18 7 1 1 1 16 4 8 29 24 27 9 24 2 9 24 12 9 8 13 25 29 7 17 19 4 7 23 26 16 11 17 13 11
26 25 22 5 17 0 6 6 15 17 5 14 13 3 27 17 9 8 1 8 19 29 0 20 0 2 23 21 7 30 15 29 10 25 28 15 4 27 13 24 24 17 6 15 13 8 15 13 19 11 8 19 0 17 25 9 0 24 4 14 5 23 4 30 4 7 15 6 16 10 27 2 17 2 22 16 18 7 23 13 20 8 11 7 8 18 5
11 11 25 21 2 5 30 22 17 5 25 26 18 17 12 12 2 17 7 20 14 23 9 21 23 15 15 12 2 11 29 7 17 5 19 15 0 22 25 18 29 27 5 15 17 23 30 30 13 18 4 28 13 22 24 18 5 21 3 3 11 30 14 29 17 18 3 28 25 21 24 22 3 29 12 20 13 18 16 23 20 12 12 9 0 3 21
29 3 29 22 17 14 8 14 18 28 9 30 21 17 4 4 15 5 3 2 30 10 15 17 9 4 18 14 24 9 7 20 0 7 3 2 12 10 27 10 9 24 30 17 18 27 27 13 29 1 18 14 28 26 21 22 21 19 10 19 28 28 2 30 24 14 18 28 16 21 17 1 9 28 27 4 27 2 20 8 4 23 3 18 16 5 18
21 28 17 27 10 6 13 2 15 3 25 24 8 28 8 12 25 12 2 30 11 2 11 15 0 10 10 19 8 26 24 1 28 21 27 19 27 6 22 8 10 14 17 7 18 16 23 7 19 17 9 15 16 1 29 11 12 23 19 13 29 16 30 7 30 1 28 10 28 18 0 18 16 19 0 4 11 9 23 12 8 2 4 8 10 17 28
20 7 22 10 14 3 24 9 23 24 13 7 18 29 18 20 26 16 4 29 4 11 28 22 4 6 16 7 26 0 11 5 6 23 1 12 25 23 11 18 13 26 25 1 22 29 27 3 30 8 7 29 14 9 22 30 21 17 0 3 10 22 11 15 4 17 26 12 16 16 21 2 5 2 19 24 29 15 28 4 12 9 7 17 22 19 20
15 1 9 7 3 13 27 6 12 16 0 28 27 11 3 1 10 14 27 0 9 6 7 23 21 14 1 24 6 4 19 25 29 28 22 28 6 7 14 13 22 0 0 11 7 12 8 22 2 2 6 5 29 28 24 20 1 8 27 1 12 10 19 15 26 17 25 25 20 28 25 1 8 4 10 2 10 27 5 20 2 7 24 10 18 24 14
27 25 14 21 11 25 29 4 17 16 27 19 22 5 12 10 28 0 29 25 29 14 29 26 17 15 2 12 17 14 1 13 30 7 0 9 15 15 10 0 14 1 7 30 11 9 30 9 19 1 30 6 23 11 9 13 16 13 22 27 8 5 19 3 9 20 18 24 6 7 15 4 4 30 2 23 11 10 14 16 16 29 9 6 17 27 27
26 11 21 14 29 13 0 12 25 18 26 28 25 26 29 18 26 20 25 21 1 3 27 12 4 4 2 13 24 1 27 26 10 4 7 25 3 20 28 4 7 2 17 11 7 8 13 24 1 15 0 19 23 4 20 28 5 8 14 18 6 24 28 5 9 20 15 22 0 18 5 0 13 8 21 26 2 26 26 18 9 11 8 8 16 4 14
8 10 24 2 26 24 5 14 8 15 25 28 27 19 26 15 15 7 18 20 20 19 17 18 18 18 12 14 6 17 24 16 28 25 28 26 26 8 25 3 20 12 23 4 0 4 24 12 7 23 24 9 2 1 27 27 10 30 2 6 11 0 13 19 0 27 3 12 26 11 0 18 10 29 29 22 22 6 2 6 15 27 11 12 23 20 24
27 15 9 17 4 13 20 29 5 22 27 17 29 26 13 20 21 4 17 26 17 16 7 19 13 25 7 30 11 9 17 17 26 19 26 8 24 20 28 6 15 21 22 25 15 1 21 28 16 18 13 5 5 16 26 6 7 11 20 6 3 2 17 4 18 14 4 19 16 15 8 4 18 7 11 30 4 7 15 11 6 29 19 23 20 10 16
23 18 23 9 11 11 27 23 0 23 13 1 13 12 21 6 18 3 22 10 23 7 4 2 27 11 6 15 17 2 4 21 26 16 8 25 3 7 25 11 6 5 23 30 23 24 4 8 30 2 0 13 8 22 26 29 25 24 11 13 15 25 22 19 10 9 26 29 23 24 9 10 14 29 7 15 18 21 29 1 25 26 14 8 14 13 25
14 5 10 16 7 25 13 29 5 18 12 28 3 23 5 14 7 30 27 26 2 25 3 9 17 16 10 12 6 16 0 22 21 22 15 20 2 23 20 14 2 0 15 22 14 27 9 14 0 26 23 4 30 30 21 20 3 22 27 3 10 21 7 19 29 28 4 1 17 22 16 23 9 7 7 25 14 7 14 12 15 19 22 9 11 29 24
3 27 0 7 15 22 1 2 15 20 10 21 25 2 24 10 18 22 26 1 24 7 16 11 5 11 16 30 26 29 22 29 3 5 9 15 0 28 27 14 23 11 22 21 7 6 14 4 1 11 17 8 4 13 24 8 19 29 8 5 24 6 25 3 27 18 4 29 27 21 11 3 1 5 22 14 3 0 15 11 4 25 26 27 10 24 16
10 2 27 13 7 22 22 20 9 5 9 25 5 16 29 15 15 5 13 18 15 24 30 26 12 13 3 8 27 3 12 24 5 13 7 25 13 12 28 3 10 26 20 22 1 6 10 18 11 22 13 5 19 4 10 0 9 8 17 29 7 25 19 0 24 13 6 8 15 22 20 23 28 2 28 3 0 17 7 9 2 13 30 13 21 11 8
2 3 0 6 6 15 12 11 7 23 26 4 28 23 10 9 17 22 13 0 19 0 0 10 18 27 25 14 0 2 19 24 25 6 10 5 5 29 13 17 13 30 21 14 7 25 8 16 21 9 1 9 2 27 1 17 13 26 24 28 20 21 22 27 3 26 28 7 24 12 23 26 8 2 3 24 29 29 26 0 14 18 10 9 11 0 7
6 24 4 6 3 25 16 3 26 12 16 19 4 0 23 23 14 28 24 14 10 26 5 18 22 0 4 16 2 24 25 21 3 10 6 11 28 17 15 23 27 11 8 5 27 5 1 19 0 16 26 15 21 17 22 28 4 18 13 15 8 8 3 6 21 11 9 21 10 8 7 28 0 27 24 2 27 26 2 30 13 16 24 2 14 8 19
9 17 17 13 7 16 2 27 21 1 28 22 24 17 4 20 14 26 13 0 8 12 10 22 30 1 25 4 15 28 20 10 19 29 21 0 16 15 22 23 6 2 13 22 27 7 29 29 11 8 24 26 22 1 13 8 12 0 28 13 2 12 3 22 30 15 21 29 17 12 7 4 16 11 19 12 8 4 7 20 26 16 5 0 20 12 20
25 11 13 22 19 8 21 5 10 26 10 6 21 17 5 3 10 13 21 24 9 9 11 20 30 19 20 8 22 24 14 19 11 8 20 4 24 2 3 23 15 16 6 20 9 16 17 21 29 2 7 5 6 25 11 7 28 14 14 7 8 26 6 18 0 30 12 7 22 10 17 1 14 0 27 4 11 17 4 12 19 28 3 16 13 30 29
11 10 1 5 12 24 16 11 18 25 15 15 10 6 23 8 3 2 12 14 0 24 19 0 6 17 1 9 10 12 20 15 1 12 1 15 16 20 3 4 4 25 6 15 21 13 24 28 15 22 9 3 6 0 23 2 26 25 8 2 1 18 14 13 26 3 19 9 27 4 15 25 14 1 12 24 23 27 19 6 6 30 12 14 8 23 3
26 18 18 4 16 18 28 18 2 2 1 22 3 0 0 23 9 8 0 11 15 5 6 15 17 5 22 10 6 4 15 18 15 11 23 18 22 24 24 22 19 16 13 14 10 25 6 25 24 0 15 12 1 23 21 3 25 7 5 10 2 24 10 4 2 10 9 12 28 27 21 12 29 10 11 8 15 7 2 11 6 19 30 16 19 10 10
13 29 25 2 16 11 16 20 19 23 16 10 3 11 30 0 14 30 7 30 5 25 0 30 21 9 15 7 28 12 20 18 20 27 4 21 0 10 26 9 0 21 12 10 27 14 17 8 20 12 29 23 28 23 8 7 13 23 11 14 11 3 5 30 22 12 18 27 5 9 3 29 24 29 2 30 18 27 20 22 27 18 6 29 27 29 3
7 3 16 19 6 20 30 7 16 28 29 26 18 11 30 5 2 11 22 22 28 28 9 1 17 21 24 12 9 1 24 19 1 14 8 16 22 2 2 8 0 9 25 23 19 24 9 1 4 8 7 21 24 14 11 8 26 21 27 28 8 9 17 20 12 0 13 9 1 2 27 28 19 22 29 4 29 18 25 24 28 12 13 24 17 4 23
21 3 28 17 15 3 20 6 8 14 30 11 8 22 23 25 14 30 5 2 0 4 14 11 11 27 18 7 10 22 20 8 17 2 10 8 21 28 19 19 6 4 19 22 26 3 29 9 25 28 25 28 9 6 26 11 0 7 0 21 16 18 22 19 29 12 25 5 21 3 13 8 7 28 23 5 25 6 20 28 23 25 27 26 23 4 26
25 26 0 13 22 29 15 20 19 18 5 16 7 11 0 7 8 8 1 5 19 22 15 15 16 24 30 21 1 30 9 25 5 17 24 20 18 2 2 7 20 18 3 0 18 16 18 19 3 2 8 22 1 29 13 17 28 23 14 14 4 28 3 0 30 19 23 27 2 14 2 12 9 16 22 19 8 2 28 23 16 28 12 20 17 24 7
10 21 29 1 2 3 1 6 8 19 25 18 7 11 23 24 30 29 29 22 25 28 21 6 13 0 7 1 25 27 4 9 24 11 20 18 19 28 21 1 10 27 24 29 8 18 8 12 13 9 22 6 13 22 22 14 29 5 27 20 14 24 15 28 14 24 7 6 5 11 12 10 29 29 27 7 11 13 4 29 19 21 13 16 17 10 26
26 9 11 20 3 2 29 17 4 15 10 4 30 15 19 27 0 2 6 23 27 8 13 18 19 25 30 16 23 13 13 17 7 27 8 26 5 9 30 5 30 9 6 5 15 5 14 12 12 13 3 17 18 16 2 10 25 9 4 11 26 26 2 3 26 11 27 24 5 11 10 24 10 21 7 28 1 24 3 7 22 7 30 3 9 3 21
0 9 13 19 28 3 18 1 6 18 6 20 30 0 1 18 5 22 30 28 13 0 24 30 11 12 24 21 0 2 25 5 14 22 12 19 24 28 6 27 1 26 28 22 17 12 20 19 15 17 30 17 12 11 19 11 23 30 19 15 0 12 27 3 13 30 7 28 16 3 0 14 23 5 3 3 9 14 3 28 6 2 17 15 11 26 15
19 20 21 6 15 13 22 0 26 30 3 9 14 30 28 19 27 19 16 27 30 21 22 26 13 9 21 26 19 23 27 9 10 17 16 0 27 9 1 15 21 14 16 22 10 6 19 20 4 24 24 9 3 20 29 4 4 9 12 21 5 3 19 23 9 3 24 4 29 5 22 5 14 9 29 30 2 29 21 14 11 14 28 6 18 30 20
22 4 25 23 9 8 11 17 25 10 23 6 19 0 3 12 23 10 21 27 29 0 9 1 7 8 20 15 5 15 21 20 29 9 14 9 16 27 25 24 27 4 30 6 25 2 21 26 16 23 4 6 26 7 24 14 9 10 23 17 20 17 14 24 19 13 12 3 2 26 14 22 23 22 20 4 17 8 6 27 10 24 16 6 9 24 1
12 10 26 14 18 6 7 27 4 5 16 18 24 0 19 5 17 14 7 8 14 19 14 3 12 22 2 7 17 27 26 0 22 2 11 10 25 10 23 10 0 21 23 6 26 0 21 7 4 21 30 11 14 11 6 14 11 28 24 23 12 24 7 15 19 23 28 13 25 28 17 1 24 18 24 6 15 6 14 15 10 8 26 20 19 14 22
16 26 28 25 25 21 6 16 8 23 5 9 12 5 23 26 26 5 1 12 25 14 1 0 21 29 27 21 5 12 10 11 11 23 16 28 11 4 20 29 18 6 21 29 17 12 20 27 27 27 9 7 29 20 16 7 2 3 9 9 7 16 21 29 21 8 28 20 26 29 18 7 29 22 24 13 20 22 7 29 11 24 9 30 25 29 4
18 19 25 14 3 12 5 5 13 25 4 17 0 4 2 23 30 9 11 0 16 21 8 13 23 7 18 29 12 20 22 6 8 1 16 30 9 22 3 14 11 1 28 1 24 21 23 19 10 7 20 22 21 10 18 3 22 20 11 7 4 3 0 17 19 10 18 27 1 13 6 0 4 16 18 10 1 8 22 20 30 30 21 16 26 22 2
4 4 18 6 22 28 3 14 22 5 11 9 1 27 12 9 16 12 27 8 1 25 7 0 18 3 23 25 25 12 15 14 0 17 8 4 1 14 22 27 30 14 11 28 27 19 23 19 29 5 10 0 0 0 27 24 9 0 9 15 11 5 0 29 7 1 12 29 8 7 8 20 14 4 21 7 30 25 26 6 14 14 0 28 13 1 0
12 13 25 30 21 30 10 26 18 20 17 24 19 21 29 20 3 24 26 26 1 9 18 11 12 30 29 26 3 21 26 29 27 20 14 11 11 24 3 29 20 2 30 19 0 21 23 7 20 17 26 15 26 22 15 21 2 2 16 23 17 12 6 13 28 20 6 24 6 13 2 6 13 21 5 5 26 17 28 13 23 27 24 0 20 30 13
10 14 18 30 22 1 1 29 17 6 29 23 2 10 0 18 2 7 8 27 19 24 21 29 17 26 4 1 10 0 6 30 3 14 10 0 17 1 5 8 3 25 23 9 6 6 13 26 29 16 28 21 20 10 8 23 27 28 10 18 30 28 19 0 14 29 3 9 4 17 18 18 14 16 18 9 18 6 0 3 6 6 6 4 25 29 21
23 7 6 4 14 3 28 28 1 10 2 4 17 26 1 17 22 4 20 7 21 16 17 0 15 0 30 7 9 13 25 0 7 9 7 29 11 29 27 14 15 5 21 28 24 0 30 12 28 22 6 16 30 20 1 30 30 8 11 0 21 16 15 21 12 14 16 28 15 15 16 8 0 25 10 20 19 25 28 0 12 21 24 8 25 27 28
5 18 29 7 25 18 6 28 22 0 17 27 13 29 28 2 13 10 28 27 0 2 7 14 11 6 17 19 3 22 7 0 2 19 23 12 21 4 21 11 13 23 9 27 20 2 5 18 0 27 3 19 10 10 7 1 6 21 25 6 26 24 26 5 23 15 12 25 8 30 23 27 9 29 10 18 6 5 30 4 30 18 29 26 2 28 25
21 19 0 0 2 18 25 30 0 16 7 23 26 13 7 3 7 16 28 26 19 11 23 12 4 26 8 25 21 0 14 12 15 2 9 16 22 27 6 23 6 24 8 21 24 12 2 29 19 1 20 29 8 2 16 11 11 1 22 3 2 14 9 12 2 2 3 18 8 25 6 22 5 5 19 13 27 5 22 20 0 7 6 28 25 29 17
14 1 3 17 4 23 2 7 8 28 19 20 19 21 7 20 14 21 8 9 4 26 2 29 5 27 6 23 14 13 8 22 4 8 13 18 11 5 10 27 5 20 30 10 3 10 14 1 8 1 10 30 10 21 1 22 15 24 30 22 14 27 20 0 19 5 30 0 30 1 25 11 5 27 17 17 8 4 15 3 17 1 16 5 30 10 4
1 27 18 3 18 4 13 25 4 21 13 27 12 1 5 16 24 29 9 7 16 2 24 1 9 8 23 29 19 20 7 2 18 19 5 30 8 0 5 24 1 11 29 22 27 2 14 10 2 8 8 3 15 13 23 17 6 1 18 7 16 21 2 9 4 14 6 23 16 26 6 17 17 28 27 23 25 26 24 8 21 23 24 6 18 15 10
29 28 12 1 4 12 10 0 5 5 11 18 6 7 2 24 0 30 3 13 22 7 2 24 23 3 5 10 28 29 17 20 23 11 11 7 28 29 26 19 24 0 22 4 2 23 13 24 5 24 6 7 16 27 20 28 11 0 10 20 19 2 7 5 5 13 26 13 13 18 17 28 12 4 25 30 9 6 16 17 9 11 22 13 24 22 15
22 22 14 11 24 2 25 18 13 10 23 21 22 0 14 3 0 8 17 15 19 4 27 2 4 23 30 19 13 1 1 11 14 21 14 3 23 22 6 19 11 25 5 0 10 2 18 26 21 9 14 15 26 25 22 18 13 15 13 0 25 10 23 13 22 26 2 5 16 5 22 30 11 19 11 21 9 23 17 28 15 22 21 29 25 1 1
28 24 13 9 24 11 11 13 21 11 25 27 12 5 15 10 14 5 27 20 5 2 18 8 25 26 24 14 10 27 1 21 20 5 13 8 0 13 21 22 18 8 11 8 20 3 14 20 10 13 23 25 23 18 8 22 27 2 5 13 20 18 21 18 10 3 0 2 24 25 30 5 0 25 23 30 10 8 14 9 18 23 22 0 16 15 30
23 27 23 2 21 8 5 4 24 5 15 14 30 12 1 3 30 24 2 8 8 26 27 20 19 8 15 18 8 24 30 7 23 2 23 7 27 12 23 14 30 24 19 0 20 27 17 16 1 22 27 17 19 22 14 27 13 16 12 2 14 10 28 10 29 28 22 3 27 0 9 5 8 26 25 17 3 16 16 1 2 22 12 22 3 0 3
16 12 25 12 16 4 2 19 3 9 28 27 28 26 2 23 19 7 26 1 18 3 23 26 5 29 10 20 18 5 17 10 7 23 29 13 30 0 13 5 4 27 8 24 25 17 22 19 1 23 19 13 1 1 1 13 24 18 12 15 14 7 7 0 24 26 19 30 29 6 4 13 10 16 14 12 26 17 15 6 16 4 5 17 20 16 7
3 15 20 16 12 17 13 22 12 6 4 27 16 28 19 20 29 26 5 23 9 4 2 1 11 8 26 28 14 19 4 28 29 0 14 26 2 25 29 6 22 3 16 27 4 17 17 4 19 2 4 21 12 8 20 21 21 4 17 11 24 13 17 27 0 1 29 30 20 10 18 10 13 11 4 29 12 18 1 20 10 21 21 24 1 15 23
19 10 29 17 0 1 17 30 9 16 2 6 10 22 16 15 18 21 2 9 6 27 11 10 5 1 21 10 7 27 28 0 24 22 0 5 22 13 13 22 19 3 0 13 20 24 20 18 10 3 26 1 22 12 6 6 8 11 29 2 22 25 3 3 4 2 26 25 17 22 26 8 12 5 18 8 2 13 3 25 25 10 3 28 6 17 5
26 4 15 29 17 0 1 15 2 11 25 3 16 28 17 30 12 15 0 21 7 4 20 14 30 29 16 18 7 15 27 15 25 29 9 11 8 25 25 23 26 7 1 0 24 8 3 29 13 0 9 9 7 12 27 18 16 19 13 19 24 10 11 5 26 26 20 11 21 22 18 30 18 25 15 2 2 12 14 25 3 17 8 0 5 2 18
15 25 12 21 29 21 21 26 13 28 30 8 25 0 2 14 24 3 24 28 17 9 24 0 22 8 7 26 17 11 11 1 26 22 27 30 20 17 4 22 13 20 1 22 14 17 5 29 2 27 10 15 7 19 16 7 3 10 17 13 24 5 21 2 16 7 18 21 28 21 3 13 2 16 1 5 24 30 26 28 17 28 20 28 3 8 1
1 2 11 24 0 24 7 19 9 15 25 24 8 19 22 5 13 6 7 7 7 6 30 23 13 5 24 15 23 17 23 23 5 1 22 23 29 28 4 20 5 23 30 27 10 30 17 4 18 10 25 27 1 9 18 30 13 12 25 27 0 4 24 7 15 7 10 10 12 7 15 23 3 4 2 27 1 12 21 25 15 17 24 25 7 12 11
1 30 22 11 1 7 0 7 13 3 17 3 28 29 30 30 24 4 23 15 29 27 7 2 0 24 25 14 4 10 23 16 30 17 28 20 27 6 14 22 21 24 19 28 4 6 29 28 16 18 19 20 9 14 22 22 23 10 14 13 6 14 5 20 1 13 15 15 20 8 29 19 14 24 15 1 29 17 2 19 21 12 2 21 28 19 9
22 20 6 16 22 22 0 18 16 23 21 5 3 14 24 2 15 23 1 6 3 27 28 1 8 17 19 20 1 10 13 8 6 29 23 25 28 21 14 10 26 18 26 1 11 20 18 18 21 8 12 11 8 28 16 15 5 20 23 25 12 3 0 16 13 23 22 8 3 8 16 0 21 4 12 3 2 26 12 19 25 30 25 22 11 6 19
5 24 19 23 12 29 26 0 2 29 7 24 0 17 16 28 11 21 17 8 8 1 8 18 7 14 28 23 11 5 1 21 12 13 3 4 1 6 11 3 2 18 29 29 27 21 6 19 27 15 6 9 1 15 21 26 17 30 17 8 1 20 15 19 23 0 29 7 18 30 16 9 26 20 17 16 27 12 30 1 2 22 25 18 11 20 21
1 30 25 19 13 11 10 28 11 19 25 3 2 0 30 0 11 5 12 1 16 24 15 22 20 28 12 1 29 30 9 14 5 8 9 16 23 3 22 23 9 21 4 5 23 2 29 19 4 11 5 10 1 6 27 27 30 24 11 5 15 16 20 14 20 8 23 13 19 0 27 25 26 9 4 7 25 19 18 7 12 25 6 11 9 5 0
22 2 12 21 7 30 1 7 20 16 23 11 21 15 12 4 30 19 1 23 0 24 26 23 20 17 29 28 24 10 27 15 5 29 9 12 14 16 16 1 7 24 25 4 5 24 26 0 14 26 6 13 18 14 0 9 14 21 17 21 28 18 3 23 8 6 6 17 2 10 1 5 16 1 28 19 10 22 12 24 6 22 24 18 5 30 11
13 24 14 30 13 25 16 21 28 7 30 27 11 21 18 8 17 0 19 30 11 14 16 20 15 6 13 16 12 26 18 25 18 29 25 27 29 20 15 26 8 2 2 1 14 29 5 3 9 3 21 23 17 10 11 18 19 10 24 27 17 13 12 30 20 0 8 19 29 14 16 0 19 19 24 6 22 22 14 19 10 5 5 15 0 16 26
9 5 7 5 2 30 1 2 12 23 18 3 22 18 27 19 29 24 9 9 19 21 25 12 6 26 5 6 18 25 12 10 9 2 16 20 10 20 18 19 3 7 1 27 12 27 16 6 29 20 11 18 24 3 27 26 18 25 14 15 23 23 4 12 18 26 23 13 27 9 23 26 25 23 9 7 11 27 16 11 10 12 26 23 8 21 8
3 9 13 6 24 7 24 24 8 7 21 9 7 16 1 17 19 7 27 8 20 13 16 25 21 23 3 2 0 20 0 5 18 23 23 4 22 12 22 8 20 29 28 26 2 16 14 21 16 23 18 27 12 5 5 2 30 7 3 20 2 4 21 17 13 24 2 20 25 18 12 28 0 26 25 3 4 5 14 0 27 6 29 15 2 26 20
1 17 9 12 12 0 10 4 10 28 10 0 20 20 1 25 19 27 21 28 15 17 11 14 9 13 29 25 22 19 14 13 21 28 17 13 5 6 14 4 29 9 24 1 3 29 30 17 0 30 11 20 25 26 3 19 20 27 21 18 8 9 14 27 5 20 13 30 9 6 18 30 4 7 16 5 13 26 3 1 20 9 14 3 14 0 14
16 9 1 17 11 6 2 4 19 15 11 6 30 26 6 3 24 25 0 10 7 22 9 2 20 21 28 16 23 12 22 19 14 28 0 23 13 23 22 16 24 28 4 27 18 3 29 24 16 28 15 17 19 30 6 10 19 29 4 7 3 9 26 10 15 13 29 6 11 24 28 15 2 15 5 6 0 25 1 29 12 24 25 8 12 12 7
19 9 2 21 27 29 1 15 11 12 22 27 2 7 26 21 30 23 19 19 1 25 28 17 0 17 12 3 14 3 7 4 20 2 29 28 4 10 27 13 16 11 19 5 17 11 1 10 16 9 15 22 16 1 2 3 5 13 21 23 30 23 7 25 10 14 12 14 17 22 23 7 10 17 15 30 14 19 11 20 17 5 7 23 26 10 29
24 1 10 10 9 20 6 22 11 27 14 26 14 25 4 3 20 30 27 12 11 25 30 19 27 1 2 1 19 16 27 20 8 14 30 11 28 3 13 15 10 5 20 9 18 13 29 4 12 6 9 2 9 17 24 26 18 17 12 7 30 4 14 29 4 24 20 25 18 2 2 2 27 1 27 12 19 19 27 26 6 23 4 30 14 28 29
15 30 22 3 7 2 3 20 20 26 27 23 11 11 1 5 16 8 15 4 8 27 28 18 10 2 17 27 15 10 29 8 26 21 7 13 18 17 8 9 16 20 1 30 19 1 12 2 12 13 25 4 2 8 28 7 17 15 12 8 28 29 11 30 25 1 7 6 27 27 8 28 6 11 22 22 20 0 9 12 25 5 8 19 27 20 7
18 19 15 13 17 1 18 4 2 14 26 19 22 14 29 27 4 7 14 0 15 10 27 6 7 29 23 26 9 30 28 12 18 19 5 22 12 4 27 7 0 11 0 1 5 8 2 23 24 14 15 25 16 16 8 24 23 12 8 0 19 13 8 6 2 21 30 9 16 7 11 15 22 3 15 4 13 10 25 11 4 16 29 13 24 25 3
25 14 5 6 7 6 17 25 15 29 3 28 19 27 8 27 15 3 17 17 15 21 1 0 23 20 0 5 22 13 27 6 26 1 4 17 28 28 3 0 1 0 9 27 17 16 22 26 4 17 12 21 11 15 15 8 3 29 15 2 5 2 24 11 5 24 28 1 19 22 26 5 21 25 12 3 0 29 8 23 10 22 14 16 3 29 11
10 0 25 10 18 5 17 3 16 9 6 2 26 20 22 18 12 2 15 3 28 27 28 24 26 0 4 23 3 1 6 1 2 18 12 1 8 16 30 14 30 30 9 16 28 11 9 15 2 3 24 4 23 14 27 4 1 6 25 4 5 29 3 26 5 29 18 8 28 20 0 3 14 24 11 26 9 14 10 5 13 28 25 8 1 8 17
