91 91
10 21 6 18 23 30 26 15 27 12 5 12 27 26 18 15 13 10 4 4 10 17 15 1 12 8 4 24 1 15 15 7 16 24 7 13 30 11 28 0 6 25 16 7 7 23 0 2 29 8 23 10 14 25 8 4 8 30 7 19 10 11 29 0 4 20 28 24 23 9 27 1 1 21 26 19 16 21 0 24 21 4 7 29 13 16 26 14 11 14 3
29 22 22 1 15 2 14 28 28 21 10 17 15 13 24 9 9 15 18 13 30 13 1 16 14 16 18 0 15 12 25 6 5 27 6 21 25 20 15 24 1 27 9 15 24 10 7 26 21 17 10 18 14 20 6 24 28 22 4 14 0 25 21 4 29 2 19 3 11 23 29 28 26 10 2 1 4 3 11 22 15 0 24 28 3 4 9 13 16 25 0
7 30 21 1 1 25 28 3 16 24 20 18 21 7 17 19 24 18 8 17 26 23 3 1 21 8 18 27 12 9 21 17 8 20 19 16 24 21 8 18 17 4 8 22 30 15 7 7 27 25 3 11 1 18 22 7 25 4 9 21 10 12 10 14 24 25 0 1 16 30 6 10 10 26 30 1 13 6 25 25 28 4 30 0 16 22 20 29 22 1 9
8 26 5 0 21 26 25 28 22 12 8 29 0 26 18 16 27 7 17 20 1 19 14 13 17 23 9 1 2 11 25 17 16 6 28 0 3 24 12 26 20 16 24 20 4 15 16 9 17 12 22 12 3 13 5 4 26 8 13 29 19 12 11 16 9 21 6 25 2 20 13 28 2 7 10 9 14 30 29 2 18 25 23 20 24 27 3 10 15 19 5
0 28 20 22 18 3 30 27 13 24 22 8 25 20 10 5 30 5 11 4 18 23 1 7 21 28 17 24 28 7 24 21 16 15 14 12 8 18 10 12 25 18 21 9 17 23 28 19 14 19 22 22 29 20 4 1 2 21 28 7 14 22 0 15 25 25 28 27 15 19 16 22 9 26 25 29 20 27 5 5 19 3 3 5 0 4 11 27 13 12 28
28 22 27 16 27 13 29 18 9 25 3 7 9 7 2 11 17 16 15 29 18 14 24 17 20 22 16 12 13 6 18 30 11 8 28 29 23 21 28 10 29 0 14 14 11 8 25 28 11 3 20 29 14 19 22 23 16 13 29 6 29 8 12 8 3 22 29 16 15 0 11 2 16 25 1 21 12 11 7 26 4 0 16 28 8 17 20 25 0 11 29
12 8 3 12 0 8 1 1 2 6 17 16 30 12 27 23 22 5 10 26 12 24 29 29 20 4 5 18 8 0 25 18 9 28 1 12 22 18 7 0 15 11 13 28 4 22 0 1 3 15 13 0 25 27 14 7 20 28 22 25 10 25 28 20 25 23 17 5 16 10 30 22 10 0 7 24 23 7 7 22 23 6 3 30 11 6 0 24 27 19 1
2 7 29 20 9 3 6 18 6 21 6 21 23 11 19 24 8 7 7 18 28 28 19 4 21 13 0 2 2 6 11 16 19 23 11 1 20 20 16 6 19 23 13 20 23 2 30 16 27 20 8 21 9 20 22 18 30 27 11 1 18 2 1 25 18 3 26 27 12 5 9 14 4 14 29 20 30 3 12 14 13 10 5 19 22 21 1 12 0 12 24
25 6 9 6 1 6 17 22 9 25 15 22 3 20 4 27 29 8 9 19 9 20 4 5 4 21 3 8 18 0 9 30 2 7 26 11 16 29 17 18 23 24 21 8 28 6 9 21 10 22 2 3 11 16 28 0 1 3 9 16 28 1 0 10 27 3 30 27 16 1 20 30 25 30 7 11 7 1 26 22 12 15 21 21 2 9 26 13 19 1 21
3 16 5 14 7 14 7 27 6 11 19 22 29 11 10 1 29 4 4 30 22 21 7 14 28 9 16 20 26 19 14 16 6 7 2 26 25 30 19 3 17 25 0 4 1 15 22 3 13 2 3 24 14 9 17 0 17 3 10 10 6 21 24 27 5 1 8 23 13 19 23 1 21 6 13 29 19 19 17 18 13 7 17 6 8 23 28 5 8 21 14
0 0 22 9 29 10 20 25 23 14 22 16 5 25 9 26 25 15 17 0 28 23 22 18 24 17 15 7 3 16 3 20 13 25 12 3 0 30 4 9 13 18 23 27 22 28 13 24 24 12 12 21 26 18 26 9 11 27 15 8 13 20 19 3 5 19 29 22 19 25 13 26 2 26 21 9 25 20 2 2 6 17 10 2 20 17 1 18 1 30 0
18 6 20 17 10 29 16 19 29 9 6 18 28 11 12 16 4 3 9 5 13 4 13 14 0 13 3 1 13 26 23 24 18 6 30 24 17 18 4 8 28 16 17 30 28 12 1 15 18 25 30 12 19 6 6 23 5 20 13 12 9 2 4 30 12 11 8 8 28 22 30 20 2 9 30 29 0 30 25 18 17 21 11 17 2 1 15 13 24 5 15
7 3 20 13 18 12 13 12 14 5 10 23 17 4 9 18 23 28 7 10 15 30 10 20 1 3 22 16 13 25 0 1 10 9 21 20 8 11 2 7 22 16 12 4 5 26 23 16 3 2 20 30 25 24 18 8 25 9 11 1 16 23 28 18 22 22 4 3 20 9 3 24 13 22 17 7 20 25 9 30 17 11 3 8 20 13 9 30 6 8 28
2 19 14 2 16 27 27 25 7 14 26 27 10 7 28 0 28 3 28 27 15 2 21 29 14 18 29 1 8 1 27 25 9 22 10 15 13 0 18 12 20 28 19 1 8 27 23 3 21 27 17 7 29 30 12 24 19 2 28 8 6 23 5 18 5 1 4 9 5 28 25 23 11 7 14 25 6 16 10 30 9 10 27 13 10 5 12 16 23 14 13
4 15 4 1 12 6 17 14 23 22 4 12 29 21 1 28 3 30 4 12 25 24 3 0 28 15 27 20 27 0 25 17 13 13 1 6 13 8 24 30 9 10 17 18 10 29 3 21 7 27 16 15 8 13 14 22 16 3 28 12 0 6 5 7 7 3 26 23 18 27 26 23 20 28 3 16 19 23 10 16 1 6 10 15 22 10 1 29 7 4 12
14 3 9 27 24 20 4 2 29 6 13 19 24 17 17 13 7 10 17 30 14 14 20 30 8 9 12 2 17 19 22 0 23 11 6 13 16 0 6 17 2 15 4 25 22 24 0 13 23 18 19 17 17 15 16 3 26 20 13 23 15 9 27 8 9 22 14 6 21 20 13 10 20 7 14 29 12 6 15 21 29 19 26 16 14 19 13 22 27 22 15
8 5 2 21 22 7 23 24 13 9 3 27 23 17 7 18 28 6 21 17 10 15 24 1 18 1 17 26 22 14 18 10 2 11 19 20 28 9 14 10 12 1 16 0 30 13 1 24 10 3 15 8 17 13 8 14 8 25 0 7 5 14 21 28 14 18 12 21 26 19 28 6 4 29 16 14 24 4 8 6 23 26 24 21 11 6 1 15 26 11 25
15 6 12 24 8 21 12 18 12 14 18 21 29 19 12 13 14 21 4 0 7 23 30 29 14 11 29 0 8 15 12 16 27 24 19 6 24 27 26 16 25 25 18 8 26 0 15 1 0 20 23 18 18 3 13 8 22 2 17 13 0 14 13 13 14 2 4 3 6 21 29 10 19 2 7 7 6 16 13 25 10 29 3 28 21 28 7 11 15 10 23
16 14 2 11 25 23 11 26 2 30 22 17 4 28 29 2 15 12 22 1 21 25 19 7 30 29 6 16 28 18 28 12 20 24 4 10 5 13 22 10 22 10 12 0 9 18 21 21 6 0 20 23 16 18 26 7 25 30 14 4 9 21 28 8 27 10 27 2 7 19 3 17 8 23 11 7 8 12 9 2 28 16 20 13 28 22 6 6 23 11 9
13 14 5 1 15 9 26 30 3 9 2 30 8 16 14 29 22 7 23 20 2 28 3 11 2 14 27 27 13 18 28 20 9 16 26 23 21 2 3 7 0 26 27 9 28 8 3 17 3 23 1 20 8 21 0 20 4 19 20 26 13 1 21 10 12 20 5 10 6 16 2 3 6 14 8 16 11 14 14 7 4 13 10 20 26 24 6 26 11 2 26
2 3 11 7 19 30 18 16 20 8 18 20 28 14 4 21 27 18 7 12 12 26 22 16 27 5 21 3 27 20 22 2 11 21 28 28 28 26 10 3 15 30 25 29 9 0 22 3 25 20 15 6 1 4 14 27 20 19 29 0 1 29 3 10 7 3 28 15 15 22 4 0 19 8 1 10 12 15 5 13 1 1 9 18 1 27 11 3 25 29 10
11 30 0 15 17 1 1 20 0 7 29 4 2 28 16 26 16 30 13 18 1 16 23 13 12 25 12 7 3 14 28 20 20 24 6 24 23 26 30 11 13 16 2 22 29 4 23 23 15 3 10 8 1 3 24 9 29 30 1 2 18 18 18 9 23 9 11 27 10 3 2 18 0 7 14 22 6 28 5 28 16 3 26 28 4 8 0 25 0 8 16
9 16 21 25 2 0 28 27 21 16 2 30 8 12 13 18 12 25 30 20 16 6 10 26 2 12 23 12 11 27 19 10 9 18 1 27 5 21 18 25 0 9 10 2 12 13 21 22 12 2 18 26 2 7 11 30 17 18 14 12 19 26 22 11 30 9 29 27 9 16 15 22 18 25 28 22 6 4 8 14 10 2 18 6 2 16 8 14 5 3 24
27 29 5 12 6 11 4 29 22 5 15 7 1 12 20 29 21 15 24 11 27 5 6 8 17 29 21 23 29 26 21 18 23 26 13 3 22 9 2 18 3 17 21 4 29 9 13 0 24 1 13 1 0 7 10 15 13 0 22 18 19 12 30 9 4 30 27 14 18 7 3 4 7 29 18 14 4 29 17 2 27 11 5 17 27 2 0 24 24 29 13
7 6 6 20 20 3 11 23 27 25 13 7 23 7 21 24 2 22 5 25 7 21 22 19 25 15 14 11 5 30 6 6 5 18 12 5 29 24 30 18 1 4 23 4 25 15 17 26 18 11 8 25 18 29 13 16 18 1 14 27 14 30 3 2 24 15 5 11 25 4 25 27 15 29 11 20 25 18 10 27 5 26 0 7 7 28 12 24 20 10 23
10 2 20 27 10 29 23 22 6 25 23 17 26 22 20 26 1 5 2 0 15 3 24 1 0 3 23 14 20 14 9 7 3 28 12 1 14 22 24 29 29 6 10 19 17 15 3 19 21 6 7 21 17 26 1 21 30 26 8 28 11 3 12 16 20 21 6 23 3 24 18 4 23 17 13 23 21 13 9 3 14 4 13 6 10 10 11 25 15 1 4
5 24 20 14 17 8 6 12 14 1 27 16 17 30 14 6 8 15 14 6 25 16 11 18 17 4 24 13 28 12 9 18 14 16 22 23 11 8 10 29 12 12 15 5 6 28 4 4 7 11 4 16 5 16 9 18 23 20 20 10 19 18 7 25 6 15 22 9 22 0 15 14 29 3 10 16 1 25 1 2 15 10 14 13 20 19 10 3 9 13 21
5 13 29 25 10 29 23 14 9 22 0 17 17 26 29 16 20 20 6 26 22 22 25 12 0 1 16 22 22 26 5 10 12 22 8 15 16 4 4 12 28 30 3 13 25 19 6 26 16 14 9 11 3 3 19 7 6 7 23 11 5 30 23 23 7 17 15 3 7 28 15 30 17 13 0 14 23 1 29 9 22 19 7 25 15 13 6 23 5 18 17
25 0 21 9 22 19 16 5 22 14 10 22 1 22 13 17 24 2 4 19 9 28 23 23 2 22 1 30 22 20 9 20 25 20 20 24 27 17 1 11 30 28 23 8 23 11 4 3 5 27 20 9 7 19 13 9 14 8 12 22 28 25 23 9 9 1 14 30 14 14 1 12 7 4 25 17 16 13 14 25 30 6 26 26 18 0 17 27 28 9 11
2 25 7 11 21 23 11 7 23 27 24 0 2 10 24 8 21 27 0 16 13 15 2 14 29 30 10 14 28 11 9 17 4 25 10 29 13 24 27 5 1 10 29 6 19 26 20 9 9 17 14 7 1 21 11 3 27 5 15 11 15 29 9 16 22 27 24 0 1 4 8 15 12 18 4 2 26 27 25 16 7 0 14 25 13 19 21 9 3 24 25
4 23 21 22 23 2 18 12 21 16 24 2 14 2 27 3 19 5 29 24 2 9 12 17 10 21 13 16 21 13 3 3 5 15 14 0 14 12 16 3 16 27 14 9 19 23 22 26 7 19 14 13 21 25 25 11 30 28 7 19 25 23 21 23 21 5 28 4 14 3 0 12 2 5 11 1 16 17 15 1 28 18 7 7 22 19 24 16 0 5 1
14 27 25 30 28 17 19 3 8 26 3 21 13 30 11 14 17 24 3 0 19 30 25 20 25 25 17 14 22 29 23 11 17 15 0 6 1 8 19 13 22 14 2 18 2 23 15 12 22 3 23 22 2 4 28 2 29 1 10 19 25 16 13 3 0 25 22 8 19 29 25 21 27 22 0 2 30 23 15 20 29 16 13 29 4 7 27 27 28 9 17
1 13 22 7 21 25 20 1 17 17 30 25 22 9 22 21 5 24 18 24 27 17 18 23 11 20 5 7 9 10 12 17 16 12 3 0 17 19 18 9 28 19 21 27 12 27 30 11 17 26 28 30 20 27 30 0 1 15 14 24 27 18 12 17 6 27 0 26 5 28 6 4 3 4 0 5 27 16 25 11 18 9 15 1 15 6 19 24 2 23 10
25 27 7 24 6 25 14 10 11 28 6 7 10 6 30 20 6 9 10 10 16 17 9 30 14 7 10 27 7 11 3 23 8 13 14 3 20 6 13 10 6 23 27 12 28 5 11 30 11 30 26 13 3 26 4 19 17 28 27 16 26 18 24 2 26 18 14 12 9 3 22 10 3 5 23 13 3 27 14 10 28 10 14 17 19 12 24 29 28 26 19
23 20 22 19 28 4 13 16 14 1 10 28 9 5 24 18 30 14 1 0 23 9 29 25 14 28 10 2 16 16 8 7 21 25 5 25 6 23 16 18 21 19 8 23 10 28 7 11 26 29 13 17 24 20 18 29 11 17 2 14 2 4 10 18 13 9 2 22 26 17 21 3 29 7 15 22 22 4 17 30 7 12 8 18 25 25 4 22 17 10 28
1 8 25 21 3 10 12 14 26 18 19 29 6 0 5 10 24 0 7 12 13 5 28 21 29 6 29 2 29 17 26 3 28 13 29 17 27 25 2 3 30 26 25 10 20 20 1 8 12 28 3 10 30 10 9 13 14 28 1 26 0 30 18 8 27 3 7 13 2 2 21 26 4 14 10 0 8 5 10 23 29 9 29 6 29 3 9 20 15 18 5
0 1 15 3 26 27 16 4 25 13 24 12 0 3 11 26 9 17 17 30 9 23 15 24 11 0 4 27 21 7 5 24 30 17 5 15 22 23 30 23 14 27 24 11 17 10 16 30 13 2 27 2 1 15 20 15 23 27 20 16 7 30 16 15 27 23 24 4 2 12 30 5 30 7 15 4 18 30 27 6 4 15 21 13 10 7 15 19 9 30 19
13 2 28 2 18 3 20 11 14 26 4 24 20 19 5 8 14 18 26 17 30 4 8 21 4 23 5 19 28 5 25 17 25 17 9 16 6 13 2 13 3 18 13 17 10 21 3 6 17 27 5 17 9 22 2 7 29 17 1 12 28 2 7 18 17 19 11 14 6 0 0 5 13 18 3 12 23 25 8 8 9 1 10 6 19 7 1 2 8 4 6
14 20 7 21 20 1 3 2 0 25 2 24 9 3 24 14 16 1 21 11 17 20 8 4 22 14 8 17 9 1 24 23 8 27 15 15 17 19 11 25 1 9 22 2 6 23 29 0 10 22 7 22 10 12 12 16 4 4 1 20 15 16 0 15 0 23 23 13 24 7 30 6 0 12 12 24 1 18 23 12 5 19 4 16 24 29 19 27 8 6 25
25 29 27 21 20 1 23 0 27 4 23 25 15 2 25 13 4 8 6 5 1 16 12 12 9 20 10 27 11 30 8 7 12 19 1 23 23 8 3 4 12 20 3 23 2 8 22 20 12 16 28 10 24 2 25 14 18 8 27 23 5 18 14 4 0 14 26 9 27 1 10 11 21 7 21 14 28 13 2 24 24 14 29 4 18 5 26 28 1 19 21
21 4 18 2 24 25 24 9 7 21 25 7 5 11 15 9 16 26 18 9 8 6 29 4 19 21 5 23 26 1 18 12 9 30 19 21 30 5 21 18 9 9 6 16 0 18 2 10 18 19 9 17 24 11 10 7 26 4 15 17 29 9 18 27 20 29 24 19 6 16 23 10 4 25 3 16 17 20 21 10 19 0 18 13 16 11 27 5 19 26 28
2 21 24 20 3 8 6 11 14 5 3 1 9 9 2 27 8 29 12 15 2 11 26 23 27 26 27 9 20 25 23 22 27 1 13 28 24 25 6 4 3 3 13 26 17 16 9 16 17 11 3 12 29 5 16 0 2 19 12 7 10 8 30 28 14 0 13 6 24 16 0 23 13 7 13 8 7 27 18 7 15 8 25 30 29 28 1 21 20 24 15
1 26 22 1 18 8 7 0 4 3 6 25 11 0 14 18 7 8 3 16 25 15 12 2 29 28 1 17 23 18 21 22 29 16 22 19 19 9 13 28 0 2 29 12 11 23 19 2 4 16 17 3 29 3 9 5 12 10 13 18 9 1 29 22 27 8 13 30 19 27 9 0 1 26 18 10 0 8 5 14 13 18 7 23 4 4 10 9 15 17 15
1 18 22 8 19 6 7 21 25 0 11 5 24 8 7 20 17 12 5 19 15 25 7 19 9 11 25 25 11 2 3 17 12 20 19 24 28 29 3 28 24 25 13 19 25 13 25 19 6 15 8 16 26 11 12 17 25 26 29 22 23 7 19 13 8 9 1 17 4 7 7 23 14 27 14 4 8 13 26 6 11 20 19 10 28 6 28 16 5 8 9
7 20 30 29 15 28 14 9 4 7 15 25 23 26 23 4 9 0 25 11 17 13 12 29 24 10 2 17 29 26 13 5 1 19 17 18 5 30 30 9 28 10 8 24 23 18 1 16 7 20 6 3 17 3 0 23 11 18 11 12 14 21 17 17 20 21 10 16 16 30 5 24 25 3 26 12 12 4 0 4 15 27 13 17 19 25 6 3 0 9 14
9 4 5 22 30 8 9 17 14 23 22 27 4 9 26 30 14 15 3 26 21 29 7 8 21 2 22 11 25 17 24 24 25 20 3 1 23 23 22 29 7 24 10 14 4 20 1 24 29 12 29 6 19 27 9 1 2 21 30 11 2 5 5 14 0 0 5 11 7 20 28 10 19 7 7 23 18 2 8 1 19 1 23 13 22 18 28 11 25 10 18
2 30 14 30 2 10 29 26 8 23 20 19 11 20 5 4 6 26 2 4 28 5 17 1 8 15 24 22 18 30 5 27 22 24 8 30 0 12 17 14 16 15 9 19 9 14 14 14 9 13 2 16 17 13 22 18 9 26 28 19 18 22 27 16 15 1 17 2 26 22 23 20 17 6 16 13 17 14 21 23 3 26 14 3 6 23 13 16 30 10 16
25 12 28 2 13 22 7 24 3 23 25 30 0 11 21 22 4 26 9 20 17 15 8 30 6 18 16 8 8 13 16 16 8 22 14 23 2 22 1 3 7 0 22 12 1 28 9 5 7 26 1 24 13 12 12 14 0 9 29 3 19 29 1 29 6 25 14 8 19 8 9 11 16 1 25 16 6 11 4 11 14 6 1 6 24 7 26 26 10 9 13
15 22 15 15 5 9 8 20 0 26 1 7 27 13 8 3 14 3 29 9 21 10 9 18 10 14 10 19 17 2 13 28 26 4 10 7 16 30 21 17 9 3 24 18 14 28 14 29 9 9 14 5 29 25 30 21 29 18 17 1 26 22 1 14 14 22 7 13 7 22 1 14 26 20 14 10 14 3 8 8 9 15 12 6 12 15 9 25 30 27 15
15 19 15 7 15 1 22 14 28 2 18 8 2 0 18 0 1 24 25 12 17 7 7 7 14 5 27 29 24 11 20 22 27 11 21 23 18 0 7 19 23 8 14 18 1 6 23 18 26 9 10 1 5 22 10 0 18 8 21 17 5 25 29 20 23 6 27 7 28 30 25 23 18 11 20 22 12 29 22 7 18 12 23 15 28 6 28 22 30 1 24
29 11 16 4 30 21 21 24 4 26 21 6 7 27 28 14 19 1 9 12 30 24 11 14 29 9 10 9 18 4 25 25 27 12 8 29 26 14 11 2 5 12 27 19 27 16 0 14 27 25 0 6 1 16 24 22 5 7 26 29 7 7 11 26 9 13 21 5 24 5 10 16 24 19 22 0 9 9 19 15 30 23 28 15 26 12 26 3 23 3 11
10 20 19 24 1 2 6 24 30 21 4 14 22 27 6 8 7 16 23 16 4 23 13 10 29 19 13 9 27 27 10 25 20 19 12 29 10 6 9 16 0 30 8 21 7 26 10 28 16 25 25 14 22 10 10 3 24 4 16 30 18 19 22 28 17 21 2 29 23 18 17 12 12 16 14 20 3 20 12 29 9 0 24 7 1 13 15 8 25 25 21
28 3 6 14 0 9 15 18 18 21 8 8 2 0 19 19 13 13 9 3 19 30 4 19 19 7 15 23 0 4 9 16 7 16 20 23 15 11 7 23 29 4 29 21 23 11 19 14 15 12 7 7 3 25 0 10 6 19 4 4 9 29 28 16 4 11 15 9 25 19 9 16 29 11 19 18 5 13 25 21 5 20 11 21 15 15 30 0 19 30 2
15 26 6 23 19 13 3 7 28 5 18 25 5 3 5 11 23 19 23 11 22 18 25 18 24 11 14 24 19 1 2 29 5 28 28 4 22 10 20 21 7 21 13 1 7 19 6 25 30 5 3 15 21 24 18 7 2 23 28 30 18 12 28 13 20 0 24 19 15 20 0 2 25 14 30 30 1 17 21 8 28 17 29 7 12 6 18 9 15 30 2
10 17 13 5 21 5 21 17 1 24 11 26 14 13 15 16 19 4 13 8 27 0 5 18 28 10 19 11 9 20 7 20 27 3 29 22 20 19 5 14 29 1 9 9 27 15 9 20 2 7 27 13 6 22 26 24 5 12 18 11 1 5 7 5 16 12 1 23 13 6 22 19 9 11 23 10 21 17 15 23 16 29 9 22 25 0 2 17 12 5 25
15 0 19 12 6 19 19 15 25 6 25 13 28 12 14 9 1 13 25 9 26 16 9 15 2 14 10 6 10 23 18 6 5 25 27 25 20 13 2 18 15 29 12 20 8 0 19 12 1 6 28 18 15 1 13 16 24 10 21 19 23 3 16 3 20 4 15 16 21 23 20 17 15 22 11 30 7 23 20 18 26 0 17 3 17 26 26 20 25 19 8
29 30 6 6 17 4 26 2 17 3 8 8 22 13 9 12 0 27 21 11 27 26 21 3 14 16 0 26 16 30 3 11 0 19 26 13 29 28 15 30 19 20 17 0 29 9 24 11 0 2 5 28 6 19 21 15 10 2 10 4 0 18 19 12 2 28 16 9 0 2 21 26 16 24 8 11 15 26 6 3 3 6 12 10 24 19 10 16 17 2 17
4 26 25 0 24 3 20 28 5 10 17 0 17 28 25 18 9 30 17 30 14 22 2 29 0 5 29 23 14 6 6 23 10 29 0 19 13 2 0 21 24 12 28 29 3 23 5 11 4 25 1 24 22 17 0 20 20 5 3 8 6 8 18 12 6 29 22 5 21 21 9 18 16 14 12 20 2 7 29 15 29 23 16 13 21 6 9 28 8 2 18
15 1 16 24 7 23 19 27 1 10 26 2 29 27 20 18 13 27 2 26 7 17 9 6 7 10 1 23 7 0 11 26 6 0 7 13 26 9 4 22 12 15 30 12 18 3 19 26 13 3 12 15 10 27 24 5 8 9 12 10 17 24 9 18 20 12 8 17 14 29 7 1 10 1 5 6 13 0 19 2 7 19 10 9 30 26 13 8 11 15 0
23 3 5 6 20 6 11 14 15 24 0 8 1 24 16 13 20 17 0 27 9 12 26 7 18 20 5 10 9 5 9 16 0 3 9 8 20 20 12 25 15 11 23 23 9 7 11 0 3 16 20 27 15 5 9 11 14 14 15 11 9 4 16 2 19 16 2 4 29 24 10 10 20 7 27 2 18 11 16 0 26 20 2 23 3 11 13 15 6 4 4
3 19 10 15 22 27 18 2 11 26 22 25 4 23 16 20 11 15 19 16 12 29 15 1 3 20 1 21 12 29 13 30 29 7 25 26 9 1 23 14 13 7 0 3 14 2 10 3 24 29 12 27 18 2 11 19 17 26 20 0 12 6 9 17 14 22 21 21 21 21 0 29 26 17 21 8 11 9 7 0 13 2 22 13 14 21 5 0 20 24 19
11 10 10 22 12 2 16 21 24 5 1 12 29 4 13 24 23 20 30 1 27 26 16 12 20 6 22 18 10 12 21 12 28 11 2 14 15 25 3 18 17 7 13 29 5 16 27 8 26 16 1 28 29 23 30 9 21 16 23 30 21 16 18 20 11 22 27 5 25 13 12 20 21 17 30 26 26 28 1 22 2 17 27 12 6 22 27 18 22 9 2
6 18 12 9 28 14 19 30 27 28 23 21 11 27 11 6 17 14 27 17 14 16 5 23 25 12 29 19 29 18 21 20 7 27 24 17 20 3 1 13 4 22 3 6 3 30 17 23 4 7 22 19 14 22 11 15 11 16 12 13 24 4 18 9 26 5 4 5 2 6 28 9 5 0 12 26 1 4 19 8 1 26 7 18 12 10 11 13 19 0 19
7 5 15 14 5 23 22 7 14 10 3 6 21 17 11 30 19 23 30 1 24 10 1 3 1 4 0 15 8 21 8 21 10 12 30 7 7 14 4 19 20 17 7 4 24 3 6 14 26 7 28 7 1 22 9 14 25 26 10 4 12 14 13 20 2 20 2 0 5 12 19 9 18 10 9 1 30 7 27 0 18 25 27 22 0 27 20 2 27 0 15
2 27 14 9 4 18 13 15 26 12 14 18 9 0 1 23 4 18 13 28 20 6 16 16 5 24 15 14 24 18 5 18 1 22 7 10 10 4 11 5 0 22 23 6 4 16 25 17 18 1 17 26 26 12 20 4 4 27 13 19 24 23 17 21 7 28 22 29 9 8 19 11 7 4 22 23 14 16 1 16 11 26 7 6 23 25 29 8 22 27 17
22 2 17 7 13 18 10 7 11 19 12 17 23 22 29 21 25 30 27 4 20 13 5 29 28 17 27 13 6 1 10 0 28 10 5 16 22 11 6 9 10 7 13 2 4 7 16 11 15 1 22 29 30 18 13 15 6 11 8 25 30 14 1 15 8 8 19 29 19 20 28 14 27 0 17 10 18 28 10 14 22 3 12 14 14 29 26 0 15 3 18
1 11 17 29 18 26 3 7 12 4 7 20 25 18 20 8 17 30 0 3 14 23 15 12 16 2 23 0 18 27 20 12 12 4 18 0 22 20 5 14 16 13 19 12 13 19 16 16 23 14 10 23 15 10 17 29 19 30 9 10 14 29 21 13 0 7 30 21 19 6 4 9 0 1 27 13 1 29 15 18 7 27 8 15 13 26 9 12 18 21 2
27 3 30 10 13 26 30 0 18 10 0 10 11 9 1 3 12 6 9 30 14 10 20 15 26 1 9 3 25 12 4 2 26 23 21 11 28 23 26 10 23 7 14 16 9 19 16 26 20 25 20 9 13 2 5 24 11 15 14 10 26 14 23 9 28 29 17 25 30 16 16 0 20 25 25 10 18 11 24 4 27 30 3 8 30 24 20 27 17 2 8
24 15 25 25 3 26 7 20 9 18 21 18 5 26 1 15 12 15 25 27 25 7 10 12 15 2 2 22 28 9 3 4 2 14 8 10 21 9 10 2 23 26 24 15 2 19 1 18 27 3 12 7 9 4 6 14 6 26 12 0 20 29 22 2 5 8 5 6 12 19 5 18 17 11 16 1 4 6 0 18 5 10 7 19 20 4 19 20 21 17 24
13 18 10 2 18 2 18 8 9 24 2 27 13 25 12 27 5 12 29 13 12 12 11 26 5 20 11 28 29 18 26 0 0 14 16 20 24 20 15 18 18 29 18 8 4 15 11 13 25 4 18 20 27 27 0 10 2 17 19 23 12 17 29 7 7 23 6 24 21 18 27 30 21 28 22 7 10 22 6 11 19 8 19 29 20 1 18 30 3 1 12
15 11 28 1 7 28 13 25 26 24 22 27 3 1 5 23 6 24 3 5 28 29 26 29 0 21 9 2 7 15 4 28 22 7 14 24 21 5 3 28 30 15 23 27 5 8 2 20 26 9 23 4 4 23 10 30 8 30 14 5 0 3 23 12 15 7 10 5 3 4 11 19 20 11 8 13 13 17 14 17 10 17 17 20 7 18 12 1 13 12 17
13 22 5 28 12 12 0 10 19 30 4 29 9 30 8 7 29 25 20 22 1 20 2 17 26 26 17 11 21 19 21 17 25 8 26 28 18 18 19 20 20 5 21 30 15 26 14 1 23 20 11 10 1 0 18 3 27 10 5 27 27 21 16 17 1 21 14 10 0 3 25 8 19 3 30 26 0 1 28 27 1 4 14 6 26 4 5 30 28 18 21
26 19 7 23 24 7 25 21 15 16 21 19 13 17 18 10 27 30 17 28 21 7 2 1 7 13 7 23 6 21 7 1 11 2 3 22 24 13 13 17 12 1 19 28 10 2 17 2 22 9 26 2 17 17 2 24 22 19 19 24 28 16 13 9 0 17 17 12 29 2 3 9 5 8 25 3 3 29 6 13 1 8 27 21 21 0 1 7 10 27 16
16 8 5 28 15 6 12 16 0 7 23 13 30 21 13 26 15 25 16 22 29 13 23 7 19 0 29 1 14 4 5 26 8 12 25 5 5 27 29 8 9 16 7 0 17 27 15 20 15 3 19 1 28 10 18 16 30 3 8 30 17 25 8 30 2 16 3 10 11 25 15 14 6 0 11 3 24 14 7 11 1 5 30 28 13 20 24 23 27 2 20
8 2 7 29 22 6 30 6 26 12 22 19 5 0 20 9 15 27 8 4 21 5 24 27 23 23 0 17 21 5 17 14 20 29 10 8 27 13 14 6 17 13 25 14 5 12 23 10 6 19 16 6 1 19 12 24 28 27 7 17 2 13 25 5 16 3 16 21 19 29 11 17 24 28 1 11 20 26 1 29 15 17 27 19 3 21 30 5 15 6 18
11 8 23 28 29 17 24 21 28 14 29 11 17 10 16 4 9 6 19 1 22 0 14 13 10 17 27 20 24 11 28 12 7 25 16 12 10 26 14 30 18 23 14 28 21 22 3 25 7 23 29 14 13 11 5 13 10 11 10 5 0 22 13 10 15 4 7 7 25 17 17 24 27 4 20 10 28 25 23 20 19 7 21 19 23 2 11 17 18 0 14
3 12 16 8 0 12 1 20 8 12 30 1 7 19 27 18 25 4 0 12 24 12 9 2 2 18 10 4 23 7 8 0 18 19 6 24 12 4 9 25 26 14 24 26 25 13 11 10 14 28 0 8 12 19 21 0 19 7 21 0 13 6 18 17 15 21 1 15 13 7 26 9 1 3 13 7 10 30 27 16 8 18 5 15 22 23 22 22 18 18 21
18 18 30 0 11 12 0 11 8 13 3 0 13 5 12 16 14 19 20 21 20 17 24 6 4 2 19 11 0 28 21 1 8 3 27 21 27 5 24 10 6 30 21 20 18 6 30 28 20 1 3 14 0 19 23 28 22 19 24 13 13 28 16 10 21 2 17 15 17 12 16 21 20 19 10 5 13 7 19 22 17 13 16 5 14 1 10 7 18 2 25
23 28 8 3 30 26 0 6 28 18 15 4 11 14 21 7 0 21 20 3 7 20 25 0 14 9 21 22 10 15 10 8 8 22 11 11 8 11 20 5 27 22 19 17 23 28 10 2 10 20 30 30 18 15 0 12 4 10 24 4 24 25 20 8 25 22 23 1 3 19 11 21 18 4 11 21 29 28 20 20 18 2 14 7 16 18 15 25 2 5 22
20 1 4 28 18 0 10 24 27 18 11 26 18 28 15 5 15 28 16 11 2 22 27 12 15 15 23 26 20 23 12 30 28 23 22 18 28 28 0 14 17 27 22 6 21 16 4 20 12 5 4 0 24 28 28 17 12 2 20 17 30 22 8 30 25 25 11 1 19 6 30 15 30 6 3 6 6 14 1 11 16 3 27 25 9 0 13 25 17 30 24
14 6 7 13 2 1 16 30 7 12 27 11 28 5 8 24 3 9 10 3 24 13 14 21 8 18 18 10 9 5 24 16 10 11 11 24 9 9 6 29 28 14 26 6 0 24 1 18 24 16 17 29 13 6 0 12 21 27 17 3 15 30 21 10 6 7 14 30 20 19 16 19 0 20 14 25 29 24 15 8 16 17 28 13 3 20 18 27 5 0 12
2 5 26 30 27 0 2 22 18 16 24 21 26 30 1 13 24 28 6 14 25 5 18 24 12 15 11 26 13 11 13 26 9 7 25 26 30 10 9 9 4 3 27 20 29 20 18 28 30 24 19 3 18 7 2 22 8 15 14 11 12 30 27 17 20 22 26 16 25 10 25 6 25 27 24 20 9 13 3 14 12 13 3 12 8 23 24 21 0 7 10
15 29 0 18 22 17 7 24 19 15 1 3 25 9 14 22 1 6 21 9 30 30 4 19 4 9 18 2 20 1 20 5 16 17 28 22 18 3 13 1 5 24 22 18 30 4 22 18 10 3 25 9 18 21 0 15 28 0 30 3 29 21 10 8 10 1 3 2 21 17 20 9 3 29 9 9 15 3 6 13 30 8 18 29 14 24 28 6 3 15 2
10 13 24 4 14 26 12 6 19 10 26 20 16 1 3 16 6 12 16 19 13 29 22 15 18 14 21 27 11 0 30 6 19 17 29 24 0 29 13 18 16 21 23 20 7 4 2 13 12 23 11 8 24 22 7 26 24 20 7 29 24 28 4 17 16 14 3 9 9 27 14 2 6 2 17 10 5 26 14 8 25 12 29 10 25 14 29 0 10 16 17
30 5 5 27 24 12 11 6 20 6 20 20 18 10 30 26 11 27 23 4 23 20 21 16 8 15 24 15 6 13 30 30 11 17 11 30 30 16 20 19 9 23 5 16 20 9 10 26 0 12 8 5 19 12 28 0 26 18 16 12 8 17 28 16 13 22 8 28 19 9 11 20 17 22 17 0 13 9 11 23 17 27 4 2 15 23 24 11 0 11 9
25 11 10 30 23 21 1 0 19 4 23 8 28 8 23 29 9 18 5 1 24 14 3 5 9 1 16 29 0 3 18 19 20 20 14 16 29 16 7 26 10 22 13 30 8 0 30 13 12 16 3 8 25 28 14 0 12 24 1 29 25 6 6 14 2 0 23 23 9 3 10 9 14 22 1 0 2 14 19 28 4 28 29 28 16 2 9 19 5 1 7
26 28 0 4 19 8 7 4 24 22 13 2 13 9 11 26 7 19 3 10 2 6 8 12 19 1 12 2 22 9 27 4 18 30 12 1 30 15 14 8 1 15 4 2 18 9 15 12 8 4 16 22 11 19 24 21 29 15 29 12 21 8 14 13 13 29 21 17 24 0 16 19 2 28 6 20 30 2 17 29 26 23 9 22 27 11 5 6 10 17 17
5 15 11 26 7 0 24 17 23 12 19 0 20 19 16 11 4 11 1 11 24 9 4 10 30 17 5 25 18 0 17 15 4 13 7 23 21 12 10 20 23 30 19 25 9 1 26 25 13 29 10 13 0 30 29 6 27 25 7 8 0 22 9 1 7 7 8 15 13 15 21 15 15 17 29 19 22 6 12 1 2 23 16 11 28 12 14 5 29 30 21
15 26 14 22 7 15 18 24 16 25 26 5 21 13 4 19 9 2 22 23 12 6 21 3 28 15 28 8 0 24 22 19 9 17 21 26 4 5 13 19 0 29 0 11 1 11 10 28 25 10 20 0 14 23 3 26 13 7 12 2 18 19 28 2 18 25 26 5 27 18 4 24 2 16 14 1 7 16 3 28 15 29 17 14 5 11 15 3 14 22 4
20 26 27 26 18 16 23 11 10 6 30 14 8 23 9 5 3 28 11 4 5 9 5 9 11 8 21 18 18 21 28 8 20 8 4 17 2 18 26 21 18 1 23 23 9 12 3 11 21 26 9 7 11 18 28 9 20 21 25 15 21 28 13 27 4 3 24 11 27 19 13 15 12 23 2 13 3 28 5 6 24 28 14 9 0 2 15 14 15 26 17
16 14 12 11 17 19 16 0 17 21 22 28 21 9 17 16 3 27 5 29 1 6 3 4 16 3 19 27 15 14 11 17 13 13 18 27 10 27 1 4 26 0 2 29 14 11 1 3 25 16 26 29 16 13 24 27 14 29 26 17 27 21 13 26 6 22 0 14 18 7 18 3 30 15 15 29 8 28 19 2 23 13 16 1 11 30 19 2 15 3 25
