93 93
20 21 29 25 0 1 15 15 14 28 2 8 21 15 27 27 28 8 7 28 23 5 8 11 30 30 15 11 0 27 23 19 0 20 6 3 10 30 28 10 19 8 25 4 0 21 24 11 9 26 8 5 21 5 30 25 8 14 29 2 9 5 12 12 18 18 6 30 0 7 13 13 2 21 9 14 8 16 24 30 12 15 11 19 28 24 10 30 2 28 23 23 27
26 25 26 29 3 4 18 21 21 27 8 26 22 3 4 12 12 5 16 4 1 14 13 25 9 27 0 20 22 20 15 8 29 29 10 6 7 29 15 18 19 19 29 6 9 28 12 2 22 2 27 9 12 18 18 30 2 20 12 9 18 24 18 8 20 26 4 0 1 30 27 21 29 8 2 18 1 22 30 28 20 10 6 3 11 6 10 27 18 11 18 26 30
30 25 22 23 23 1 10 8 16 15 11 9 15 5 13 21 15 17 20 1 21 4 24 26 2 12 4 23 28 21 12 29 27 17 23 10 2 9 27 11 18 20 28 29 8 29 27 8 29 26 30 16 21 9 27 29 14 23 10 21 1 16 17 13 14 11 20 18 25 12 22 29 6 10 19 4 14 28 24 13 24 11 1 30 5 23 30 1 29 15 20 4 2
9 6 2 18 17 10 20 15 30 27 9 29 19 5 5 5 22 15 27 18 3 14 30 12 17 1 2 14 29 2 11 5 11 17 23 28 15 22 12 11 17 26 24 29 14 26 3 7 3 5 3 6 21 2 3 4 18 7 12 20 8 12 13 24 5 11 14 26 12 4 18 16 21 9 30 12 16 18 30 14 30 16 16 24 8 4 26 9 26 12 26 6 7
3 5 24 17 25 11 27 28 24 5 12 8 6 21 5 20 1 13 26 5 25 9 23 15 8 17 25 7 23 2 30 20 19 13 13 22 2 29 26 2 21 19 18 26 14 29 10 2 14 20 12 22 15 8 26 30 1 18 23 5 17 21 28 7 28 25 23 22 24 25 15 12 5 13 4 8 22 12 9 19 21 2 18 25 29 25 11 6 9 20 29 4 21
3 7 11 30 0 5 18 16 23 11 21 28 0 6 16 23 14 6 2 3 0 18 3 13 5 3 18 25 1 11 9 12 29 26 26 25 27 17 13 18 14 8 21 6 21 30 12 20 0 26 25 15 11 11 30 26 17 16 12 1 19 27 27 21 7 9 14 24 9 20 29 4 26 28 9 19 13 4 16 27 11 17 11 2 1 28 7 29 22 21 22 14 22
17 20 29 17 7 28 6 9 1 24 4 15 3 20 14 3 17 19 17 11 26 6 12 17 0 23 11 2 16 19 17 25 4 5 5 24 19 27 3 2 24 5 13 20 3 6 22 11 11 8 1 8 23 5 1 17 14 15 23 16 15 30 27 8 6 4 26 16 12 27 17 3 12 14 12 8 24 3 6 26 21 6 17 9 14 19 25 24 7 4 30 2 10
1 30 13 17 15 24 7 14 2 26 12 2 15 27 9 12 12 3 26 13 13 13 0 4 30 29 30 6 2 29 21 27 13 5 26 28 2 12 26 25 0 6 18 26 12 8 16 4 2 1 19 5 25 4 28 8 19 9 25 5 5 13 20 29 7 17 30 23 5 10 13 19 2 27 10 26 18 22 14 2 24 29 23 24 13 14 17 15 17 1 18 7 5
13 0 0 1 10 7 16 24 22 14 20 26 1 17 14 12 29 23 11 23 26 23 19 8 11 13 21 2 4 16 8 29 29 29 3 6 14 7 29 3 0 27 14 2 19 11 6 25 20 0 11 22 5 7 11 15 8 23 7 5 8 25 14 16 27 9 16 11 21 9 14 0 13 6 23 1 29 24 14 26 29 20 29 9 23 13 0 23 20 23 8 25 3
2 1 8 26 10 8 7 24 29 28 14 15 23 25 5 16 25 9 24 18 1 22 3 11 0 30 10 16 14 3 10 26 5 25 13 3 26 19 29 10 13 14 14 28 18 28 3 27 18 30 4 16 30 22 22 23 17 7 5 20 29 17 7 17 18 26 20 9 17 16 29 30 24 24 4 14 26 29 25 11 30 11 23 24 2 1 3 5 18 14 9 26 5
23 3 28 10 30 25 21 10 13 6 23 30 11 4 30 2 1 16 17 12 26 20 20 13 19 24 11 11 8 24 29 24 16 25 28 9 28 2 26 22 10 11 30 20 28 15 13 28 9 11 10 5 26 9 30 20 17 19 21 3 24 22 11 16 13 21 14 13 14 22 2 1 2 23 22 14 21 23 26 7 16 13 18 25 11 27 11 9 22 23 10 14 26
20 10 13 20 24 23 19 24 12 16 28 28 9 15 3 7 1 9 21 0 28 10 5 18 8 3 28 11 16 5 14 23 17 1 18 10 14 0 14 24 9 8 30 18 24 3 15 21 22 22 15 30 17 13 16 10 9 17 3 13 24 27 0 30 17 28 25 27 30 20 2 0 27 26 18 4 13 9 10 23 13 1 21 21 6 25 11 10 20 5 26 0 0
26 24 23 22 28 27 29 30 0 25 25 4 24 29 21 23 19 11 8 9 3 18 6 11 20 26 24 12 29 11 14 18 3 29 23 19 17 25 28 27 17 9 17 14 29 29 26 0 11 28 18 4 23 20 6 22 17 16 19 15 12 21 17 6 16 2 1 6 28 30 14 16 10 19 0 18 15 23 6 27 22 20 29 30 1 27 11 0 22 7 22 21 14
29 6 14 9 27 21 10 10 4 6 0 22 1 18 23 6 4 22 12 11 19 4 6 30 25 22 18 6 26 19 1 9 8 23 9 4 13 20 25 7 19 0 14 21 16 20 11 23 12 15 19 0 17 5 3 7 21 8 5 28 29 1 0 1 11 0 18 29 26 12 16 0 27 5 20 4 8 6 0 0 28 6 30 9 25 29 0 28 5 15 24 20 20
19 12 19 4 25 28 22 17 30 13 4 14 12 9 29 4 20 16 3 29 8 1 5 21 2 16 7 7 13 15 1 27 15 27 20 12 15 9 4 13 8 21 7 6 20 7 30 22 26 9 2 1 30 27 8 26 11 24 25 7 21 25 6 10 17 19 16 4 5 13 7 7 25 26 26 10 6 16 11 13 12 17 2 28 8 28 23 25 26 14 25 23 15
1 7 28 6 8 3 8 16 20 18 0 9 23 13 16 28 15 22 1 4 22 19 27 9 25 28 7 10 21 25 29 9 30 30 25 6 16 28 30 16 5 19 14 30 1 27 15 27 2 11 18 4 0 10 28 8 29 6 6 3 12 2 28 24 12 1 16 8 2 12 12 9 1 7 8 27 27 5 13 26 3 2 26 1 3 2 13 15 26 0 28 11 17
30 0 9 27 0 17 15 25 22 10 25 29 24 20 17 29 27 11 26 17 0 3 13 8 1 1 5 16 30 10 3 23 19 6 22 22 29 10 13 30 18 13 2 4 22 2 29 29 13 17 20 12 9 30 19 24 15 8 8 17 3 9 6 19 23 0 8 26 9 30 16 26 24 18 27 14 21 15 11 6 10 18 5 11 24 7 6 9 22 9 10 20 9
2 28 16 24 29 27 12 10 15 9 2 23 19 24 3 13 19 24 4 21 29 7 19 27 15 22 16 5 28 7 27 14 7 18 7 18 6 3 19 3 24 29 18 13 9 27 4 14 9 14 22 20 6 13 12 25 5 14 23 18 0 18 27 28 17 22 6 6 24 30 5 22 25 28 5 15 14 12 12 0 11 13 29 21 26 16 25 6 14 15 14 1 8
9 13 2 23 22 4 19 21 21 6 2 20 2 23 24 7 28 21 1 20 22 24 30 10 20 8 2 22 30 23 25 25 29 24 25 18 13 29 4 2 5 5 9 14 16 12 29 19 8 21 5 7 14 30 25 1 7 20 23 4 2 16 0 24 21 24 25 27 19 3 16 1 9 29 5 4 30 25 29 21 1 13 15 15 8 23 0 3 26 25 9 12 12
22 18 4 15 26 11 19 23 17 27 28 29 17 19 17 29 24 21 11 1 19 19 7 7 21 9 23 11 9 2 8 17 30 15 11 26 13 10 27 24 19 3 24 6 10 26 17 22 19 28 17 14 29 24 1 7 11 4 18 25 27 8 15 4 13 14 30 13 8 8 2 23 23 0 30 12 14 17 25 9 4 7 0 6 2 26 11 13 29 25 26 2 6
15 22 2 4 29 3 22 18 24 23 12 20 30 19 23 10 29 23 20 22 29 27 15 4 29 1 26 19 15 27 23 11 21 25 0 14 26 10 6 8 7 18 2 9 26 5 18 11 17 8 30 5 29 15 6 30 17 13 13 30 22 3 5 17 9 17 2 24 15 21 8 4 21 20 23 9 22 0 11 26 10 21 18 14 4 14 23 18 8 18 15 8 1
16 24 12 12 4 16 29 11 28 6 30 4 15 8 6 9 2 0 16 20 25 2 3 15 6 14 6 1 13 22 6 16 28 3 29 21 1 2 5 3 30 30 28 6 9 12 9 11 23 8 9 16 13 30 11 17 12 4 27 7 9 13 9 0 19 12 27 21 20 16 12 16 30 24 21 18 18 5 13 30 1 8 3 28 5 27 8 17 11 17 16 9 11
1 3 23 1 25 27 20 30 13 25 6 26 16 2 20 23 30 20 2 22 22 22 2 18 29 28 20 21 29 20 8 16 29 23 2 2 8 23 26 20 29 8 0 11 26 24 0 9 20 23 8 6 9 23 16 15 17 26 30 20 22 3 10 17 11 0 14 10 29 12 7 23 18 6 24 19 19 5 9 7 1 2 15 23 16 3 15 12 2 4 2 27 29
3 18 6 4 26 9 4 4 13 3 3 15 2 9 26 7 24 10 0 5 1 19 12 13 5 12 29 13 0 16 6 13 15 17 27 17 24 2 15 29 2 11 13 17 16 26 28 17 22 25 15 17 23 30 1 17 28 14 10 17 0 16 10 21 1 9 6 27 21 4 26 24 22 9 11 13 15 28 24 19 6 17 27 21 15 5 11 8 1 5 11 27 3
29 25 30 9 24 12 11 26 1 20 17 22 23 28 1 13 1 24 1 12 24 23 17 17 22 2 7 26 25 23 16 2 6 7 9 12 24 15 0 23 12 5 16 15 18 19 23 4 30 11 20 23 14 20 28 20 14 26 23 12 4 23 17 8 5 13 26 1 22 3 18 1 9 4 22 4 12 23 0 8 6 26 16 22 15 22 13 4 1 20 17 13 28
12 10 16 3 30 21 14 17 16 16 1 4 27 24 28 1 11 30 1 18 7 13 1 16 16 25 27 29 29 12 19 30 11 26 5 30 25 14 26 20 22 28 2 2 9 3 18 13 5 30 10 23 7 2 1 30 4 25 17 13 28 21 23 11 10 4 3 28 2 25 14 10 17 0 1 2 28 16 19 24 14 11 1 10 0 30 9 30 5 20 25 27 5
3 28 18 24 8 25 26 21 13 20 18 17 10 0 10 2 7 21 6 29 4 22 11 23 2 16 19 28 21 27 29 19 9 3 22 10 24 3 6 27 27 26 6 12 12 24 13 15 2 26 22 25 7 27 17 22 0 11 7 11 26 5 8 14 22 24 10 8 27 29 0 22 15 30 28 18 0 11 28 27 13 30 13 16 6 0 19 0 1 9 22 19 1
27 17 7 10 20 14 28 19 13 8 1 1 27 3 15 30 26 5 17 8 25 5 8 25 15 19 21 27 6 28 13 27 14 1 26 18 24 19 17 26 9 25 23 10 16 26 24 10 1 0 1 29 12 20 28 29 11 27 12 25 18 0 16 4 7 21 26 3 10 1 1 27 16 13 11 23 1 2 13 5 30 7 23 18 6 8 12 13 26 19 25 10 30
23 9 21 20 5 13 28 24 2 12 9 12 6 16 25 20 19 18 15 19 22 24 16 28 25 4 28 9 15 8 30 10 0 9 19 29 5 0 29 12 4 30 29 29 1 5 26 30 23 23 9 1 24 1 10 26 1 4 18 3 16 15 13 8 4 19 0 0 9 4 3 22 24 6 6 3 16 27 20 18 28 30 2 4 13 5 14 9 8 9 10 24 27
15 3 7 25 13 28 23 27 10 28 14 25 14 25 3 9 30 7 3 23 10 4 28 0 4 8 23 26 8 22 18 23 27 29 10 7 18 10 28 25 9 25 3 19 9 9 18 14 13 7 12 5 1 2 22 1 4 26 3 0 11 23 5 24 6 15 4 29 20 0 21 7 3 18 4 4 22 24 3 17 4 0 11 7 26 23 29 5 1 30 18 11 25
28 29 21 17 26 8 17 0 14 6 13 21 21 30 17 24 4 12 15 25 2 16 2 0 7 1 16 1 25 21 5 24 24 7 1 7 23 17 10 1 21 11 22 26 6 18 16 10 7 14 3 30 25 29 3 5 30 26 24 26 26 10 8 3 2 4 10 11 24 9 6 20 23 10 21 3 0 4 9 23 7 12 16 22 19 15 1 17 10 11 29 13 10
21 9 0 26 25 5 5 22 14 8 5 14 27 7 27 21 18 8 2 2 30 27 12 19 18 17 14 11 19 3 26 13 7 29 8 28 13 0 3 12 12 17 8 4 28 14 22 21 8 7 25 23 15 9 15 23 27 25 7 4 21 21 7 18 22 26 8 19 15 25 7 3 13 14 26 28 10 22 15 8 28 5 3 26 1 28 24 25 14 0 20 24 25
28 19 19 11 24 28 0 5 26 18 6 0 3 14 18 11 16 10 14 25 8 13 16 12 28 12 12 3 17 23 0 15 17 18 6 23 23 9 22 9 25 19 27 5 10 23 12 4 18 17 20 17 16 13 4 16 7 4 1 15 4 4 26 9 30 18 19 22 27 28 23 26 21 8 26 20 1 9 8 11 21 4 6 21 5 16 16 18 16 0 12 29 3
3 22 22 14 25 30 4 20 21 19 14 29 12 20 30 12 20 0 28 28 10 12 1 20 27 5 15 7 6 25 10 13 28 25 24 0 17 18 6 1 21 0 2 1 2 24 18 28 19 28 22 7 29 17 0 11 26 11 16 15 1 4 15 30 18 26 28 19 23 25 17 14 20 0 22 26 4 3 2 24 5 26 1 24 14 24 21 27 8 22 2 24 29
24 2 19 27 28 11 2 16 0 2 28 7 21 21 11 22 4 26 1 18 18 25 23 19 4 28 15 12 26 9 26 8 26 19 3 15 21 3 2 25 2 26 12 13 22 3 18 18 4 14 27 23 13 0 2 12 7 27 0 11 8 3 21 12 26 26 22 29 6 13 9 13 7 20 27 28 29 28 2 3 23 7 3 18 26 7 8 26 27 7 28 26 7
9 16 2 27 28 28 17 4 6 3 12 8 19 28 3 20 22 26 8 15 15 16 7 15 8 15 2 10 9 1 14 4 14 11 15 16 22 24 8 22 7 14 20 10 12 13 0 9 6 2 14 16 24 27 5 0 19 30 2 22 7 28 28 12 5 2 19 20 5 16 19 12 27 0 7 2 16 10 13 0 12 20 25 1 9 11 14 10 1 4 9 8 22
21 8 22 6 3 15 3 11 20 16 12 30 16 23 6 1 25 3 14 19 8 8 30 23 9 27 7 1 17 16 16 0 12 24 0 10 29 26 13 0 5 2 22 4 24 30 27 26 22 5 21 5 6 30 28 2 29 10 0 5 12 28 8 21 0 18 15 20 18 5 21 5 13 24 3 15 2 1 27 13 15 10 11 30 6 27 7 30 11 16 4 17 16
29 26 25 14 7 20 22 19 1 27 18 8 17 9 28 21 10 10 9 21 14 19 27 12 28 19 29 20 4 16 11 6 25 10 8 10 24 9 2 18 18 27 20 9 18 29 25 21 28 16 26 25 18 1 11 19 14 19 8 0 16 7 15 12 28 28 0 0 22 2 0 26 16 13 29 20 11 19 0 19 21 11 16 5 17 23 19 7 16 20 24 18 14
3 11 3 8 28 27 30 8 18 4 13 12 17 3 27 30 22 14 24 13 12 10 25 11 27 25 26 9 1 22 13 10 28 17 15 15 12 4 24 15 24 12 9 20 29 22 29 16 21 25 16 18 17 17 24 12 15 19 22 8 25 22 28 7 26 16 2 12 16 12 29 20 29 12 15 26 27 22 3 24 25 14 18 0 18 21 8 22 25 28 17 16 28
12 15 14 5 25 0 1 16 18 27 2 5 14 16 7 27 4 30 23 8 30 30 29 29 27 7 22 20 24 28 11 30 23 28 6 4 27 5 19 28 0 5 7 26 22 8 21 29 6 23 30 18 13 8 12 0 27 8 14 26 13 2 19 21 6 26 15 21 4 20 11 3 16 28 24 17 22 14 29 15 19 17 18 27 19 13 10 2 19 23 21 7 7
18 5 30 2 0 11 25 3 6 10 5 20 11 26 0 22 3 24 2 7 17 6 12 3 11 12 18 30 15 6 19 17 17 28 11 29 26 12 30 13 25 18 26 26 25 6 10 25 2 18 6 15 18 8 21 17 1 16 11 19 30 13 2 16 14 13 1 25 20 22 28 22 12 21 27 14 18 20 2 12 5 18 25 27 20 22 8 4 20 3 30 8 19
15 29 6 15 25 30 26 7 14 29 20 3 21 6 1 29 25 2 15 14 28 3 13 10 1 23 9 3 28 17 18 0 20 13 16 12 5 14 11 30 26 4 7 7 14 21 18 20 10 13 18 28 6 18 16 20 26 8 3 12 13 15 24 20 13 3 24 29 3 28 24 26 4 26 22 26 8 17 17 12 1 21 21 11 1 20 29 15 4 24 1 27 26
13 3 19 11 23 21 16 0 29 0 28 13 15 2 25 3 12 1 11 14 23 12 1 3 30 12 11 30 12 16 13 16 10 16 1 9 17 10 29 5 9 6 20 2 3 2 13 27 17 27 13 15 26 28 18 22 13 10 7 7 14 14 3 27 14 24 21 23 3 6 20 29 27 13 20 23 22 29 4 22 29 12 29 12 8 29 26 9 2 19 7 15 22
27 20 18 17 9 8 13 29 6 15 12 7 14 1 28 18 9 5 8 16 18 17 8 24 5 15 23 15 11 19 26 30 14 15 24 20 23 28 3 5 1 9 2 30 20 27 19 22 5 26 16 21 12 9 20 5 29 26 29 13 14 30 7 14 2 27 14 20 10 19 19 3 10 27 19 24 0 24 5 3 1 11 5 30 13 16 5 30 1 5 0 20 1
6 5 29 16 23 13 11 14 26 21 4 28 16 14 15 3 13 25 15 24 1 23 22 23 5 12 30 4 25 14 22 16 1 29 19 22 25 27 1 29 0 18 15 22 22 9 17 17 14 6 6 8 23 13 0 28 17 9 20 23 21 25 14 10 19 19 10 6 23 4 26 12 7 2 18 25 5 18 30 27 25 22 29 7 18 16 18 3 7 10 27 22 13
3 20 9 8 15 7 14 4 24 7 7 2 17 21 19 6 8 19 5 25 27 8 24 16 7 0 24 1 3 19 28 26 17 27 29 26 30 18 10 8 25 28 15 23 10 22 19 26 1 1 27 22 0 0 3 7 7 2 1 2 16 20 6 14 8 6 0 22 7 0 20 11 15 4 5 19 20 23 11 22 12 8 4 20 21 0 27 9 2 1 20 6 21
9 4 17 21 27 15 6 14 24 21 2 10 17 13 8 3 8 1 10 7 1 13 3 6 6 20 8 16 23 19 13 26 5 29 14 10 28 2 30 2 1 30 4 25 1 5 24 8 12 30 6 27 5 13 25 9 2 4 1 6 1 13 27 11 4 28 7 22 12 1 4 29 21 1 28 22 18 22 14 6 5 0 4 11 23 10 18 27 18 7 14 15 27
21 15 4 29 21 10 19 20 9 23 0 5 4 21 24 19 28 21 23 19 18 18 24 16 30 27 23 20 25 0 4 16 10 0 27 6 9 16 16 21 8 30 3 20 15 12 0 15 9 23 14 7 28 6 13 8 19 28 22 4 7 4 22 13 13 23 5 18 19 9 30 9 18 15 3 13 24 5 23 8 6 30 13 15 8 22 6 7 29 13 3 9 10
5 6 4 4 3 17 21 24 5 22 24 7 8 5 14 8 21 1 14 26 16 6 21 18 24 11 3 15 18 2 12 4 29 30 9 26 1 22 21 12 6 22 4 7 4 17 11 30 14 26 23 9 22 27 14 17 18 26 1 13 14 15 3 18 27 7 9 21 12 14 25 22 28 29 29 2 13 5 16 4 4 24 19 11 22 7 2 20 19 22 24 9 11
19 21 11 8 25 7 1 27 27 12 27 4 4 8 19 2 9 19 4 14 2 21 15 8 27 10 26 0 4 2 18 13 2 25 17 5 20 20 30 15 16 29 10 5 14 5 8 20 23 22 19 18 22 27 30 18 29 29 14 17 6 18 22 7 7 28 9 12 30 21 8 27 12 19 26 26 9 8 13 22 24 6 7 8 16 29 8 3 9 17 17 13 19
30 19 4 26 20 3 9 6 28 1 8 18 20 17 13 2 8 24 21 21 24 1 15 30 30 18 21 27 18 5 24 20 3 7 8 5 19 2 27 30 23 12 19 15 1 0 8 20 2 27 25 24 19 17 1 26 20 8 29 30 29 20 9 17 4 7 20 8 14 11 26 16 14 4 2 7 20 21 20 23 23 21 30 25 3 5 9 22 13 29 23 27 20
25 21 12 2 28 16 10 12 30 1 15 0 5 25 12 28 30 11 16 8 14 5 20 16 3 2 15 21 29 16 0 17 0 16 27 27 3 19 20 8 2 0 23 20 21 21 19 0 6 12 10 4 11 27 8 9 15 28 27 0 7 21 6 18 4 21 20 1 24 11 30 25 21 19 30 8 28 23 2 15 15 9 19 26 14 5 5 1 24 8 26 5 28
0 17 2 22 3 8 22 10 21 15 30 9 9 3 6 5 23 20 3 5 8 10 0 25 20 2 29 0 25 13 15 23 15 25 23 14 24 25 13 11 6 8 21 11 12 2 6 7 12 27 10 22 24 0 26 19 7 21 16 27 28 22 0 1 17 20 2 24 27 30 14 12 22 20 2 19 24 16 25 20 15 0 29 13 0 6 27 6 0 18 8 23 1
2 16 6 7 30 13 9 4 21 12 30 23 15 9 28 20 15 21 24 3 25 19 30 0 30 26 3 24 24 11 0 12 2 19 17 0 27 23 1 29 15 11 7 15 3 3 27 25 13 17 27 4 16 10 26 22 2 2 26 22 6 18 8 29 17 20 29 21 15 30 8 9 12 17 26 30 30 30 14 12 22 29 0 25 21 3 29 17 23 4 26 30 0
17 9 2 3 18 18 19 21 30 29 11 9 7 0 22 8 20 8 18 4 23 13 22 1 24 29 20 6 15 1 16 18 13 26 11 1 12 26 7 20 8 0 22 27 13 9 29 5 28 1 9 5 13 19 30 8 17 5 0 15 19 28 19 8 9 27 11 13 9 10 6 15 15 20 9 9 2 8 8 29 24 6 13 20 12 28 19 13 0 6 26 30 5
0 10 15 5 15 18 0 30 11 29 11 28 6 7 28 24 30 1 28 0 10 17 21 27 24 11 30 8 9 14 1 17 25 29 16 29 25 25 3 8 24 19 29 9 14 18 5 27 24 30 18 6 17 27 16 26 18 12 7 29 25 24 2 8 6 28 22 5 22 13 4 26 14 26 26 12 21 13 10 15 2 25 20 14 12 21 6 27 23 30 2 7 25
25 2 10 30 1 16 9 17 25 19 1 21 13 11 9 29 25 20 7 13 22 15 9 17 30 21 5 27 17 22 4 29 29 23 3 6 18 11 18 1 0 16 21 4 6 20 28 20 21 7 10 6 28 30 6 23 24 6 11 3 10 1 25 2 0 13 24 5 11 26 2 10 30 29 21 22 26 28 25 24 26 3 17 12 13 13 12 10 23 16 9 29 2
27 10 13 23 11 10 4 13 11 20 16 6 27 7 29 28 5 1 23 0 8 9 8 22 9 14 21 27 21 19 8 7 26 26 1 10 28 30 2 29 7 13 4 12 9 26 7 13 23 19 22 16 30 25 3 13 14 1 12 8 13 23 29 21 12 10 16 2 20 18 3 27 0 25 12 13 30 25 15 18 18 9 9 26 15 10 3 8 6 11 0 22 15
0 27 5 8 22 12 18 0 13 3 3 30 28 4 2 1 21 10 29 3 20 13 22 18 3 4 25 19 25 23 15 10 9 15 11 4 16 18 19 22 0 23 22 17 20 29 18 24 9 27 24 9 30 29 9 27 27 28 5 28 14 22 1 2 29 16 6 27 0 28 28 27 23 23 1 2 21 14 3 18 24 0 29 15 0 25 22 16 1 20 27 19 1
19 23 16 4 4 3 12 3 11 25 20 22 3 14 22 16 29 29 4 27 27 29 4 24 10 16 20 16 29 29 1 11 28 11 18 27 27 8 23 7 27 1 11 24 12 25 5 15 9 24 17 10 19 0 10 11 16 30 6 23 18 20 13 12 3 2 22 7 5 25 4 20 26 1 13 5 11 19 20 14 27 13 0 6 29 7 10 7 19 27 7 6 25
14 18 8 21 7 21 16 4 9 28 9 6 29 9 22 23 9 25 20 2 18 25 23 30 1 4 16 30 19 17 11 2 4 17 20 8 25 8 23 1 5 1 26 7 12 28 25 16 18 15 5 29 16 25 7 24 30 3 11 14 21 28 28 15 19 28 23 3 14 25 3 13 6 12 18 3 12 25 8 4 26 21 17 9 2 3 18 28 15 17 9 25 21
3 11 9 8 13 16 25 18 28 21 12 25 11 16 16 28 28 8 17 2 15 3 14 3 24 28 8 29 6 9 16 29 2 25 14 28 20 2 10 6 12 19 1 18 7 0 28 2 20 7 7 2 29 1 29 3 27 28 17 18 4 25 5 0 16 30 9 10 28 5 5 15 30 9 9 29 8 16 21 13 23 14 15 19 27 11 6 4 4 3 26 30 20
9 22 17 18 21 14 16 10 28 6 16 23 26 6 26 1 10 3 29 26 16 29 29 29 27 5 8 1 4 2 4 8 9 8 8 15 6 27 27 5 26 20 25 23 4 23 18 9 7 25 6 13 15 7 7 2 3 11 17 2 20 22 30 10 30 4 25 20 23 18 21 30 5 5 15 19 16 18 13 19 8 10 21 13 17 6 20 29 5 4 9 25 22
18 13 23 5 26 6 25 21 24 12 18 4 30 30 20 22 18 6 20 13 15 1 14 13 2 20 21 20 14 27 25 10 7 12 2 12 7 20 15 18 10 8 22 6 14 2 24 29 7 25 10 15 6 29 26 10 5 30 3 26 0 18 29 5 26 16 4 6 19 7 3 16 6 13 6 7 4 30 7 8 4 24 26 25 2 12 21 6 9 17 19 23 25
6 11 29 15 2 22 4 9 20 17 15 11 8 10 30 23 0 12 22 23 12 24 6 29 24 16 20 20 17 27 16 17 9 13 6 17 23 2 26 13 30 21 4 20 18 10 27 2 9 10 2 9 21 16 28 22 23 3 29 12 16 20 24 4 0 17 18 8 26 30 8 2 5 18 4 8 4 3 16 4 25 6 7 25 25 20 5 26 9 24 11 15 30
26 18 17 2 23 16 5 4 11 29 4 4 12 11 20 23 11 5 6 3 2 23 5 3 29 26 19 20 0 7 21 24 24 22 21 29 0 10 25 26 25 21 22 30 12 5 14 24 12 10 9 1 27 2 29 27 2 14 8 23 6 20 13 2 14 18 16 18 22 20 21 8 15 9 11 28 14 21 15 24 23 4 6 5 5 29 15 28 13 28 10 21 0
16 7 30 11 27 18 11 6 0 14 12 16 25 12 1 11 5 28 5 5 30 18 21 0 0 25 20 19 0 3 22 4 16 14 15 2 14 29 11 7 15 29 4 9 14 24 6 18 12 22 4 28 15 20 23 28 4 28 17 23 17 19 7 16 17 0 16 14 30 4 29 20 19 0 4 15 20 15 12 11 3 24 24 23 2 10 2 10 17 18 9 2 13
23 19 13 15 29 7 22 5 3 25 18 27 28 13 12 24 8 1 13 3 22 10 14 10 3 26 6 10 4 16 6 18 10 16 5 28 4 28 22 3 24 25 15 2 16 26 28 24 15 13 21 23 21 14 20 7 27 28 12 16 27 5 10 23 22 21 22 15 29 9 11 18 22 0 0 11 10 12 5 29 10 29 2 2 6 23 23 19 3 30 30 9 2
11 14 18 14 28 0 0 15 20 10 27 20 12 13 23 13 26 7 4 0 20 19 26 24 4 10 26 9 7 8 11 12 9 3 17 22 1 14 27 15 23 28 9 4 3 14 9 1 13 5 10 30 18 15 14 15 17 29 26 30 29 26 29 18 24 16 3 27 24 20 6 6 13 9 20 7 14 0 11 8 1 6 14 20 27 4 18 2 5 5 19 7 28
27 13 19 18 25 12 25 27 2 7 2 2 2 7 13 26 28 2 30 2 4 26 1 30 7 28 20 17 13 18 9 18 3 12 28 19 13 14 12 13 19 19 17 11 15 7 6 9 20 2 25 15 3 1 21 23 16 28 11 6 3 28 16 4 30 19 6 7 20 26 5 14 0 2 11 20 13 1 6 28 14 2 25 7 2 6 4 20 19 22 22 25 5
24 12 2 3 18 11 21 5 17 22 15 29 16 13 8 21 23 6 6 13 30 0 18 10 1 16 5 4 19 10 15 13 27 30 28 8 19 23 16 6 3 18 25 22 9 20 17 16 7 10 8 11 8 18 6 20 12 28 6 25 10 11 23 29 7 19 5 0 6 4 16 4 10 24 18 7 18 27 10 21 17 24 1 30 24 17 5 1 10 25 0 23 19
7 16 7 4 9 17 22 2 15 15 19 23 15 18 0 10 12 8 11 5 24 16 24 8 3 8 9 0 19 19 29 9 14 26 16 16 5 11 19 16 7 23 11 22 20 28 27 24 28 27 14 17 15 27 8 6 22 26 11 5 28 6 30 29 29 7 19 29 0 15 28 28 3 23 6 0 28 29 13 16 3 17 21 30 9 8 23 17 6 24 30 15 18
18 29 8 30 20 17 9 13 3 6 14 4 26 18 14 20 25 19 25 16 12 29 24 27 27 12 0 16 15 27 0 17 5 18 22 2 27 18 7 22 2 21 29 6 7 9 6 27 18 13 4 29 30 21 12 23 28 20 10 16 21 3 24 9 27 18 3 22 0 4 23 15 2 6 26 16 15 4 16 6 9 23 12 21 8 4 1 30 13 28 18 13 25
0 5 14 28 15 13 9 1 19 14 27 7 30 24 15 8 26 3 21 27 19 24 22 8 6 10 8 29 12 2 20 12 7 10 10 13 6 17 4 14 15 25 19 8 30 0 20 25 14 15 9 7 23 28 27 5 0 28 14 8 17 12 7 9 29 14 8 29 25 7 8 28 6 12 5 0 24 11 29 13 5 12 4 16 24 26 4 15 29 14 5 30 18
4 0 4 6 4 26 8 26 14 21 4 14 6 23 30 4 30 9 0 24 14 25 9 9 14 1 8 12 29 3 10 21 2 14 6 21 26 23 29 23 17 22 5 28 18 23 7 18 5 23 10 18 24 14 24 28 30 23 19 16 23 27 7 1 28 9 27 30 24 6 25 21 7 2 30 12 10 25 12 13 28 6 15 7 9 17 22 24 25 16 26 11 9
19 14 20 0 0 11 8 11 28 13 14 8 21 29 26 15 4 28 12 23 0 28 20 29 23 25 28 29 25 26 4 8 22 8 18 9 18 15 12 12 21 17 13 25 20 13 10 11 15 20 10 21 4 21 18 21 2 21 27 8 4 0 5 28 0 16 13 8 6 10 20 18 18 25 4 13 6 21 6 13 23 15 19 8 11 28 9 8 4 23 27 23 10
30 15 23 19 15 19 22 4 3 3 16 27 13 29 16 14 7 10 19 11 16 3 0 6 27 2 10 4 7 21 1 16 17 9 30 7 21 14 30 12 14 29 4 10 13 15 2 17 22 2 0 11 23 3 6 13 7 19 18 9 9 13 2 19 10 26 28 9 24 15 15 1 3 12 19 17 29 0 16 17 11 3 25 5 12 20 20 29 16 13 24 23 29
13 13 23 10 20 15 14 27 3 17 6 3 21 18 4 28 0 29 19 21 21 6 5 14 17 13 20 15 26 7 16 23 1 1 25 2 3 30 5 7 4 4 1 13 30 21 29 28 1 3 9 6 14 24 26 7 23 20 7 1 11 24 0 14 18 19 29 5 3 8 3 10 6 11 1 22 28 27 27 2 0 22 21 7 17 10 19 10 10 25 13 11 13
21 22 7 2 18 10 16 10 10 7 23 12 12 5 28 18 25 2 11 3 20 16 22 2 14 30 25 10 14 17 30 19 9 14 15 25 16 16 18 9 26 25 8 18 3 3 3 5 20 4 24 29 9 4 6 19 3 13 5 5 17 11 6 20 20 26 1 23 24 21 13 25 18 16 2 9 25 15 26 11 23 0 4 3 30 24 17 14 3 28 5 22 10
29 21 27 27 25 6 5 28 0 12 11 28 2 11 18 23 11 28 19 4 19 9 30 5 2 14 3 20 23 21 18 14 5 17 22 2 24 1 13 22 4 6 20 28 3 24 18 10 3 19 1 13 16 7 13 6 26 1 10 8 29 19 13 1 12 17 30 27 12 29 28 4 10 16 15 3 4 7 25 5 29 17 24 29 30 12 1 30 9 4 27 5 12
15 26 12 18 25 18 1 24 4 0 4 22 5 10 21 10 7 9 19 25 16 29 22 30 25 6 12 9 22 2 23 10 1 16 29 15 5 5 29 1 19 16 12 19 8 29 4 24 4 4 13 27 7 23 20 25 6 4 28 5 19 9 3 5 0 5 4 26 7 27 14 2 23 25 26 19 13 3 1 0 26 14 19 9 24 1 18 25 26 25 29 18 16
4 22 3 19 11 11 25 22 26 16 6 11 28 9 9 26 29 27 17 26 23 13 1 24 27 6 7 5 9 10 0 25 11 23 28 13 18 13 27 16 1 4 25 26 22 12 1 20 6 10 19 29 9 1 11 21 2 30 6 3 0 28 28 10 13 4 20 21 26 4 18 3 18 27 1 14 26 3 30 12 10 29 25 6 4 11 2 20 30 3 22 30 18
24 13 1 5 3 22 5 26 22 7 14 1 5 0 22 17 23 13 10 17 21 3 30 1 30 2 23 12 25 18 2 26 19 23 12 19 12 8 5 1 9 15 10 22 21 29 29 12 10 1 22 23 27 28 23 18 15 15 7 22 1 1 26 16 11 3 27 7 15 9 13 2 23 14 8 20 20 14 26 20 23 17 12 23 9 2 28 18 15 30 24 26 5
22 30 23 23 5 15 21 16 0 25 25 0 2 5 16 28 2 12 9 18 23 3 25 18 15 18 15 16 1 23 15 12 22 29 10 2 2 14 27 4 30 11 13 27 12 5 9 3 19 15 20 23 9 21 19 24 4 20 1 19 29 16 6 8 21 20 21 17 2 16 21 20 7 24 24 9 5 27 6 10 10 17 13 7 0 23 2 6 15 12 24 1 21
13 14 9 21 14 15 12 4 1 7 0 16 29 15 0 16 12 20 29 14 11 11 27 15 13 14 9 14 25 4 2 24 28 14 6 14 24 25 8 29 7 7 3 5 27 3 23 17 9 4 12 7 15 3 26 29 21 19 10 29 25 2 16 27 6 23 22 30 29 22 13 12 30 26 22 10 21 13 28 6 12 26 1 0 27 23 15 1 19 20 8 26 18
2 24 7 3 27 23 5 23 7 21 21 30 13 19 13 2 22 28 1 27 26 7 9 14 4 12 8 4 2 5 21 27 15 11 3 8 11 2 15 28 9 12 14 28 12 19 28 8 0 6 2 5 2 15 7 25 24 22 2 17 24 16 22 8 15 2 24 26 9 26 7 28 18 7 21 18 25 23 8 21 14 6 29 10 2 23 21 22 22 30 19 24 12
4 14 19 9 19 0 8 13 30 18 29 26 17 12 18 4 15 24 6 24 11 4 20 17 13 16 4 0 11 17 13 0 6 13 23 23 28 20 2 7 23 11 24 7 29 2 11 6 7 19 3 4 28 17 23 27 16 12 28 13 5 25 4 20 27 4 30 23 3 8 16 19 21 12 5 3 8 12 21 17 16 18 11 4 0 3 5 26 25 6 30 7 17
28 23 8 11 2 30 27 23 15 0 14 29 28 22 4 3 28 11 15 18 26 23 25 2 15 19 12 21 8 5 15 25 0 22 19 30 12 5 15 9 18 21 5 24 30 15 28 8 2 5 8 14 17 22 14 7 23 17 25 16 23 16 6 10 25 13 1 10 8 12 20 25 10 13 21 22 6 14 2 0 17 1 1 7 24 0 8 19 26 19 2 20 27
9 4 23 1 5 28 2 12 18 4 8 24 7 8 1 3 9 14 10 23 30 8 19 19 18 4 20 30 16 23 17 1 17 24 30 4 6 26 6 10 12 17 2 21 19 3 26 4 24 2 5 26 8 21 16 16 8 8 4 14 6 0 15 29 23 13 3 0 9 25 26 1 22 27 12 18 16 13 22 14 25 18 25 27 1 14 24 15 30 3 19 1 30
18 24 9 14 28 15 8 8 19 14 23 11 3 9 10 3 18 15 12 23 10 15 23 5 20 5 0 12 13 24 12 11 27 8 8 23 19 29 9 3 10 18 10 9 19 4 22 4 24 16 7 22 21 28 10 28 6 6 12 23 7 8 15 7 9 20 8 25 14 15 17 9 6 27 24 16 9 4 23 6 25 0 2 16 16 15 11 16 20 12 12 9 26
7 4 9 16 21 0 8 24 5 24 6 9 7 20 19 30 15 25 16 27 26 15 4 19 0 24 9 16 15 8 27 14 9 13 12 20 21 25 26 16 11 28 19 28 3 10 5 25 15 21 20 10 16 17 20 29 23 13 8 22 4 17 1 22 19 11 4 5 2 7 3 26 10 13 11 0 29 19 11 9 8 19 6 8 27 21 10 20 23 10 0 13 14
13 1 0 21 0 11 6 10 0 12 20 19 29 22 0 17 2 22 8 16 15 0 30 4 5 26 22 5 22 17 0 26 23 16 9 2 26 5 11 13 20 2 8 6 27 30 17 28 6 1 4 24 23 30 17 3 4 14 24 19 10 3 1 1 12 21 0 23 5 10 0 27 4 9 28 4 25 28 22 30 25 9 17 25 5 27 21 16 28 16 22 7 7
15 29 5 22 16 1 16 20 26 14 18 5 0 11 18 30 22 6 27 3 7 0 27 1 15 4 12 24 22 10 5 11 27 3 21 0 2 29 21 7 12 20 13 20 20 11 10 7 14 17 4 9 4 28 16 21 0 13 18 22 23 4 6 15 19 4 20 7 8 16 18 5 7 3 7 18 20 24 1 27 24 3 25 18 4 10 23 21 10 26 7 27 23
