94 94
2 22 26 17 6 13 24 13 17 18 24 26 12 6 11 6 19 18 7 28 5 22 16 15 30 29 30 28 0 13 14 28 29 22 24 13 10 24 9 24 1 6 0 21 29 2 18 2 19 12 25 24 24 27 19 8 9 23 16 25 13 19 15 26 13 23 4 2 12 17 18 15 23 3 24 12 11 23 24 2 29 21 19 18 21 0 24 9 30 24 5 27 25 14
19 5 15 22 2 16 7 9 9 0 2 5 18 20 1 12 26 18 20 10 10 7 15 9 14 25 30 21 22 19 28 23 13 30 10 6 13 17 4 17 1 20 2 27 25 1 17 16 15 26 8 28 15 17 19 15 6 3 29 13 12 27 16 16 15 0 11 13 20 12 5 9 10 27 17 26 8 19 19 24 19 13 29 3 8 19 4 17 2 14 19 4 2 6
6 6 29 3 9 19 28 6 27 28 22 0 30 24 11 6 16 11 1 29 7 5 5 3 23 3 26 22 25 3 1 11 26 25 24 17 0 8 22 1 12 12 28 16 9 25 1 11 13 5 8 26 23 19 8 10 19 17 27 22 29 18 28 5 29 25 13 25 20 6 4 30 20 0 12 27 5 9 16 14 15 21 22 8 27 9 15 20 24 13 10 2 14 19
25 21 13 9 4 16 30 13 6 2 3 17 13 14 19 1 17 6 30 19 1 29 19 2 9 9 23 14 4 6 21 12 26 27 9 4 4 22 0 13 15 29 23 18 1 0 28 13 0 6 10 28 1 16 27 4 12 15 8 2 12 19 4 9 20 26 27 15 14 12 28 21 12 30 3 19 15 29 14 12 22 23 8 4 30 26 20 29 10 6 3 2 28 2
20 18 16 3 2 17 28 3 26 20 25 17 11 23 7 7 0 0 16 23 24 21 19 25 7 0 21 30 2 6 12 8 16 16 25 19 7 5 23 22 4 6 30 26 15 28 12 29 16 7 5 6 7 18 26 19 17 16 7 19 18 17 19 16 24 7 17 18 27 21 26 17 22 4 9 25 2 19 21 24 24 17 1 18 4 8 30 8 18 9 8 15 3 11
0 29 14 17 9 30 25 19 21 25 12 8 30 25 11 11 27 3 7 8 10 25 18 29 4 10 10 6 23 20 22 9 8 7 17 5 21 4 25 17 10 0 2 7 27 29 16 3 23 7 30 16 8 2 5 17 29 25 15 27 11 27 9 4 19 30 21 3 18 30 0 3 27 10 8 6 24 27 20 26 25 8 9 25 11 11 3 0 27 17 24 6 16 2
5 26 9 18 23 21 13 25 30 29 8 13 22 22 14 23 24 29 21 27 23 9 1 27 4 11 18 16 24 13 5 8 28 13 8 20 3 8 5 30 5 30 18 27 22 24 30 24 17 18 10 1 15 29 23 27 21 27 11 13 14 23 10 19 1 26 12 9 19 24 11 26 2 17 18 6 19 6 19 18 11 7 11 25 23 4 0 15 23 19 20 12 25 11
6 6 1 3 22 16 13 13 22 6 4 17 15 1 25 11 22 26 26 23 1 7 21 13 11 0 17 25 26 9 18 9 14 19 20 7 12 8 23 12 13 27 23 30 25 18 26 23 14 16 29 4 3 15 26 18 8 21 13 13 2 23 8 2 15 11 10 28 19 26 30 7 22 7 26 27 17 16 3 5 11 21 20 7 22 6 1 8 5 16 6 16 28 8
15 8 12 4 29 28 30 4 26 29 19 19 18 7 2 20 26 27 15 21 1 20 25 24 13 17 10 0 23 14 18 22 21 1 2 24 17 16 23 17 9 13 30 16 6 17 25 12 5 20 0 25 0 3 6 23 29 13 11 4 13 27 1 25 13 21 17 9 28 17 30 24 13 13 17 19 29 13 17 14 27 14 21 23 6 6 24 2 4 22 17 11 0 25
26 25 9 9 13 2 0 0 7 1 6 12 28 1 8 6 20 8 9 5 1 26 9 12 19 8 22 11 6 30 0 2 28 12 8 10 24 26 27 1 2 16 4 20 23 0 1 28 1 17 25 18 30 20 2 28 6 13 27 11 21 12 11 14 3 7 10 13 16 28 14 4 27 4 0 22 17 9 1 12 11 27 23 8 13 25 10 24 23 16 11 3 0 26
16 13 1 0 1 6 10 0 25 24 26 7 10 19 1 17 14 28 12 4 28 24 19 10 22 23 20 14 22 29 21 23 16 27 3 7 22 29 30 16 24 21 9 7 3 17 26 23 17 16 10 11 29 15 10 8 25 25 24 21 1 26 11 11 19 17 14 12 0 10 30 29 25 26 1 11 1 19 24 5 24 24 1 14 11 22 2 1 15 7 21 24 29 23
6 13 29 25 1 20 26 13 29 23 6 28 22 30 9 17 16 12 3 19 2 9 7 23 3 7 14 20 1 16 10 5 26 5 27 12 11 3 22 22 5 13 26 22 13 13 24 13 15 17 2 14 0 25 3 13 16 19 27 6 10 5 1 29 23 14 16 6 30 8 6 3 20 9 9 6 14 27 0 22 19 27 30 26 26 11 14 28 14 9 14 18 7 18
1 7 9 25 19 19 24 4 19 3 14 20 1 10 17 13 6 19 21 6 12 26 12 5 20 15 26 27 20 7 22 13 5 15 18 27 16 6 15 28 19 13 7 29 25 10 30 14 27 25 8 0 16 11 29 11 26 1 0 0 24 16 29 18 4 21 28 20 1 12 26 3 12 23 10 28 30 28 4 20 4 5 17 4 1 11 22 23 20 27 11 10 4 7
22 30 25 4 26 21 25 30 23 3 29 27 27 15 17 26 21 5 8 16 18 12 23 4 10 5 4 12 13 15 28 3 14 23 7 8 13 1 28 19 23 30 19 26 21 25 8 13 24 29 22 11 29 2 12 12 13 10 25 17 10 23 18 4 19 18 29 20 9 26 6 14 15 30 7 14 29 26 26 12 13 1 30 16 25 12 12 22 6 18 16 5 18 1
0 7 16 12 2 25 2 6 15 14 13 30 7 15 8 14 26 24 5 17 15 14 19 1 20 14 24 5 25 18 13 15 20 12 3 22 20 5 7 1 30 25 15 3 3 23 26 18 23 2 22 5 12 1 29 24 26 25 11 6 1 18 9 29 12 23 21 22 3 9 8 13 14 30 0 28 17 22 23 23 28 13 1 11 30 0 10 27 11 3 12 7 21 23
9 16 11 20 13 2 29 13 28 21 18 11 26 17 3 4 1 28 30 28 1 3 21 20 28 28 15 16 28 25 20 19 1 25 23 26 21 23 3 19 27 10 9 5 12 6 22 16 18 19 24 23 20 1 4 20 8 30 20 6 18 15 16 22 13 22 27 23 11 28 21 13 26 20 0 21 28 7 16 30 17 20 16 17 13 27 3 17 23 13 7 22 10 17
6 9 0 25 15 16 24 18 0 6 7 15 1 19 30 16 9 11 17 15 15 4 22 7 2 2 15 22 18 22 9 20 6 26 4 2 28 24 11 6 5 6 7 30 15 25 18 16 6 24 18 2 19 28 17 20 7 7 19 9 17 27 28 19 30 10 17 15 17 5 8 23 14 26 0 21 11 13 7 0 22 20 4 16 26 8 28 24 20 16 3 18 18 13
26 24 27 8 13 11 5 10 20 18 26 1 18 18 0 28 25 18 12 22 14 12 12 2 27 25 0 15 27 14 19 24 14 18 4 9 9 26 13 11 8 17 16 30 16 29 29 18 2 20 28 9 1 30 20 25 0 15 17 5 3 23 3 14 17 4 25 14 22 30 20 16 0 26 30 4 8 9 20 27 4 14 6 19 24 2 16 16 20 24 6 27 11 2
12 13 22 2 2 15 12 1 5 8 22 22 17 3 30 12 26 17 2 11 3 26 17 10 29 28 3 8 1 9 6 23 26 16 2 6 18 26 30 0 13 2 26 1 30 9 24 27 20 2 24 16 25 19 11 28 0 15 28 28 12 3 15 21 16 25 10 21 14 13 30 9 23 15 1 13 10 15 7 10 4 22 25 23 23 18 28 19 3 9 30 15 8 3
9 15 13 19 28 11 10 18 23 10 4 5 15 13 8 20 20 14 29 15 7 1 5 2 15 8 0 3 27 25 23 12 28 28 3 10 2 8 14 24 24 16 7 14 28 4 13 7 0 3 23 16 21 15 2 14 10 15 18 14 29 28 28 20 0 24 6 24 19 8 18 10 14 22 15 30 6 22 20 4 9 22 12 20 17 7 11 4 2 14 10 4 26 1
27 10 12 29 25 16 30 30 13 29 4 2 18 24 5 28 18 30 25 3 0 19 4 8 13 27 6 20 6 4 9 28 15 13 15 11 5 14 11 26 28 0 1 6 15 26 1 3 22 5 8 20 18 15 11 21 22 17 2 19 17 2 2 28 26 22 28 15 13 27 7 14 10 30 9 17 7 17 18 11 1 24 29 11 3 19 14 6 3 19 22 10 10 14
5 26 4 30 8 28 9 1 5 21 13 4 21 23 27 12 22 15 18 18 16 24 22 30 22 16 23 2 7 19 27 30 3 4 3 7 16 30 9 20 10 10 7 30 5 20 11 19 22 15 0 16 12 27 9 18 3 11 12 15 8 20 2 6 17 17 7 7 3 17 17 11 12 13 4 25 3 13 30 21 1 22 13 3 0 10 30 13 9 10 3 9 10 5
2 17 26 10 29 29 9 21 29 8 21 3 13 1 28 2 16 6 2 21 20 20 24 23 16 24 12 0 0 19 28 30 9 22 10 19 14 27 17 2 1 19 0 23 22 23 12 26 23 28 17 25 13 15 5 29 6 25 17 11 0 8 22 1 13 12 11 12 3 8 16 7 10 22 9 17 3 24 12 16 24 20 10 4 18 28 3 10 2 9 8 9 8 1
1 19 11 22 16 30 16 28 13 7 6 25 10 2 8 18 2 16 2 16 23 4 13 1 14 17 21 13 22 29 10 15 5 13 6 25 8 16 24 13 1 2 22 26 1 20 3 24 15 16 17 13 1 17 18 19 30 25 1 30 6 11 0 29 11 21 12 20 13 15 11 7 16 8 2 19 12 16 22 6 14 12 20 28 30 22 23 26 17 17 19 17 8 28
7 0 19 2 19 16 18 2 16 28 17 3 10 23 2 10 21 3 29 13 2 28 15 28 10 3 13 30 19 3 12 20 14 28 20 29 10 19 10 0 22 14 14 7 24 13 30 17 14 8 22 16 2 22 22 2 6 28 27 5 13 2 29 19 29 29 22 5 18 4 5 4 21 17 16 20 10 13 6 19 23 10 18 6 5 12 5 26 4 14 21 9 17 13
28 7 19 5 20 29 0 24 27 11 2 17 7 20 19 2 28 26 1 30 16 15 11 2 24 2 7 27 24 5 3 4 6 5 5 8 7 8 6 13 7 19 11 10 29 18 19 3 11 29 30 4 11 30 5 25 11 29 29 30 14 25 30 20 29 3 10 24 16 19 10 26 5 4 25 3 26 26 5 12 30 14 9 17 10 6 8 8 9 26 5 20 30 6
10 11 20 5 24 10 22 6 24 15 5 19 2 30 11 19 16 20 16 8 13 24 14 14 28 9 22 3 1 30 21 2 18 14 3 27 1 7 13 4 27 4 12 4 12 20 20 7 5 0 22 23 19 3 5 18 1 13 19 18 26 22 25 1 28 6 21 20 6 9 18 30 1 11 28 23 5 6 10 3 5 27 23 28 1 28 21 25 11 2 27 0 25 3
8 22 15 9 7 18 11 3 17 9 21 21 7 20 2 27 30 20 11 26 11 10 13 30 23 19 2 18 19 27 8 13 4 19 30 16 20 23 16 29 27 13 11 7 5 15 2 28 2 10 24 16 4 20 28 22 27 7 22 28 21 14 29 0 24 7 9 13 23 25 13 4 24 10 14 20 19 28 2 25 11 29 16 12 7 9 24 2 16 30 11 22 6 12
14 21 23 1 15 0 24 18 21 8 30 22 4 28 11 1 25 24 4 21 29 14 20 7 26 18 8 18 26 10 24 17 6 12 27 0 14 17 21 15 11 30 8 25 20 28 25 23 17 11 3 11 16 11 16 7 21 5 17 8 6 2 20 0 13 5 21 27 13 11 4 19 10 13 15 25 8 26 30 16 28 9 28 25 0 29 14 19 16 18 20 10 26 1
17 17 4 8 19 2 2 4 7 21 1 16 2 19 28 2 30 14 17 4 8 13 20 28 19 21 1 22 28 13 5 8 10 15 3 24 27 30 28 9 28 30 24 9 8 26 11 6 14 0 16 1 30 3 18 24 27 17 7 17 23 2 17 18 20 8 17 29 13 17 10 25 15 14 16 6 16 10 14 7 9 4 2 22 29 12 5 26 7 0 3 3 12 25
29 13 23 25 10 1 1 19 19 22 9 25 16 9 16 16 6 23 13 3 7 29 8 27 29 7 0 14 1 19 19 16 4 6 7 15 13 8 7 17 27 1 6 26 8 26 14 20 16 25 22 21 30 12 1 24 9 14 25 20 22 2 28 24 16 10 14 10 10 6 23 24 26 3 29 30 4 29 11 8 4 26 17 17 30 11 5 22 8 25 17 23 25 13
26 12 16 0 28 8 26 15 24 9 20 18 21 5 5 27 2 10 9 19 19 21 22 28 13 1 26 10 6 2 2 26 20 30 27 26 23 12 19 15 29 27 16 16 0 15 28 26 23 9 26 7 12 4 29 2 30 18 1 15 0 26 12 24 7 0 17 0 29 5 28 3 14 15 22 8 20 20 11 3 29 27 10 24 16 28 19 3 10 8 7 17 22 1
3 20 24 0 18 24 10 20 0 18 4 29 20 13 6 27 28 4 7 14 11 9 29 15 6 8 29 26 3 22 22 21 6 19 1 5 5 10 5 29 16 15 18 27 22 15 16 12 28 12 20 0 16 0 29 19 18 14 20 20 26 7 0 24 27 28 21 30 12 9 6 0 25 1 30 9 12 1 18 30 30 14 16 22 13 13 19 30 7 27 11 6 3 22
18 26 30 25 1 23 17 4 18 9 9 27 25 22 15 10 3 7 28 4 13 13 16 5 22 17 14 29 0 8 3 29 15 11 16 8 16 19 30 0 10 23 18 17 9 1 9 22 3 6 8 10 3 22 10 5 28 16 7 30 11 17 22 21 4 12 26 23 5 16 30 28 2 29 17 17 7 25 27 20 12 18 25 26 1 25 28 10 23 1 8 20 12 5
18 24 13 13 18 8 3 25 2 4 28 15 23 4 7 27 9 22 0 6 9 29 4 20 26 15 18 25 9 25 27 26 29 6 9 16 13 7 24 13 22 0 22 28 26 25 23 2 28 27 15 26 9 19 15 9 11 16 5 23 9 8 19 23 13 29 0 29 13 1 10 1 17 14 28 26 26 17 17 13 14 26 13 4 16 23 12 18 25 24 17 20 23 5
13 22 1 17 8 3 6 5 20 23 18 24 27 15 6 20 14 6 18 20 12 5 12 27 14 4 23 28 13 11 27 4 16 9 3 13 29 1 30 21 14 23 27 15 23 20 9 25 7 22 1 0 26 16 21 15 16 0 16 19 12 26 1 5 13 15 12 5 2 16 30 28 2 30 22 22 18 25 16 23 15 20 30 14 10 21 27 7 11 25 29 15 21 22
9 28 26 3 22 26 21 5 14 5 8 1 26 15 22 0 27 14 26 14 15 21 14 14 16 24 20 25 9 2 9 14 1 29 30 27 25 13 17 17 23 19 29 22 24 16 22 29 30 23 6 11 17 9 12 17 8 9 23 26 20 11 22 21 21 22 8 21 1 0 14 11 2 10 2 11 22 22 10 20 30 19 26 2 0 7 27 16 25 3 6 8 19 0
20 22 29 14 2 29 11 26 6 7 5 2 20 3 2 28 7 25 11 16 18 8 13 28 12 30 7 5 27 23 25 15 3 10 10 21 29 17 18 11 9 4 27 10 3 8 28 2 15 8 15 14 28 2 6 2 5 27 3 5 17 8 20 6 4 20 3 14 2 6 27 10 13 21 19 13 15 12 3 30 14 20 3 14 1 24 5 12 6 18 25 23 6 26
28 13 4 14 18 25 14 19 18 22 11 17 7 7 2 9 10 23 10 5 0 8 29 4 6 15 14 10 7 14 20 30 11 0 7 2 27 2 14 20 30 18 11 4 12 24 22 2 8 5 21 19 18 12 4 1 30 27 4 2 11 26 5 2 1 28 22 5 3 5 7 17 22 13 6 23 8 16 7 8 29 23 25 10 28 19 6 28 30 13 0 1 15 7
22 24 18 24 1 7 20 25 16 30 4 14 27 22 21 9 14 15 26 24 1 13 10 19 10 4 4 30 9 6 30 29 10 21 25 29 21 22 5 7 27 26 16 1 28 16 27 18 25 29 23 23 3 14 12 28 4 26 27 18 7 4 20 13 29 9 16 28 4 0 0 0 18 2 17 16 6 29 17 21 4 4 21 1 14 6 1 13 18 13 10 5 3 0
29 29 16 29 16 10 20 17 17 12 5 2 10 16 1 4 4 5 14 4 5 12 17 28 8 6 9 7 29 6 26 7 3 10 26 6 4 3 13 29 6 3 2 24 14 26 9 22 18 14 8 7 22 8 18 10 19 23 14 9 20 4 15 1 0 11 26 27 23 18 25 8 28 21 5 27 24 1 16 14 12 14 5 25 9 0 27 14 29 27 18 8 25 18
8 5 8 14 7 25 20 5 29 24 20 21 10 26 27 3 5 24 17 0 3 22 1 0 13 5 0 28 21 23 9 2 6 22 9 11 23 16 24 14 11 23 15 6 27 4 1 10 24 22 6 25 13 26 22 10 24 23 16 20 19 7 6 7 5 23 3 4 22 2 21 10 7 13 14 27 15 27 24 8 0 27 6 1 12 28 28 28 12 22 27 24 24 22
5 13 17 10 8 9 9 26 6 15 10 25 7 1 19 7 15 6 25 27 16 15 24 9 0 4 12 2 28 10 11 9 15 30 13 4 19 24 29 7 23 25 25 30 16 19 24 8 29 14 8 24 28 14 21 22 26 3 14 8 11 12 15 27 26 5 6 14 6 11 5 10 18 4 10 5 20 6 28 24 10 26 29 0 28 28 14 25 24 28 27 15 7 7
6 1 21 19 2 28 1 10 30 7 19 14 17 6 26 3 18 16 2 28 29 18 17 9 29 14 18 13 24 17 20 10 30 9 25 1 16 16 10 5 3 12 7 21 30 0 15 4 15 0 6 11 4 10 20 20 8 5 14 18 29 11 6 23 5 24 30 4 14 4 5 25 6 17 26 30 15 14 4 11 30 9 20 10 29 26 17 11 28 17 6 18 27 28
25 12 27 6 23 0 5 7 22 3 13 23 29 16 13 2 2 7 5 20 20 26 12 25 8 20 19 15 11 21 29 20 4 19 0 28 11 20 3 5 22 17 15 18 22 18 14 21 15 15 24 2 30 19 27 9 27 18 2 2 14 16 29 27 4 18 25 13 12 22 23 9 21 2 11 23 19 5 8 8 21 11 17 12 17 24 28 12 19 7 3 26 13 26
15 22 14 24 9 18 5 29 26 27 8 18 12 6 28 6 9 1 29 11 30 5 25 28 14 6 14 3 18 8 18 10 24 11 1 0 12 15 19 0 0 21 7 11 11 23 15 3 16 3 12 30 28 0 12 13 30 6 4 20 18 24 28 26 10 24 0 1 15 1 14 25 9 4 6 22 16 12 23 5 13 6 8 8 24 2 26 26 17 26 7 14 23 13
12 27 9 14 2 2 29 17 23 15 2 1 25 23 10 15 30 23 30 9 21 29 22 15 12 1 5 19 18 15 14 29 9 13 27 10 2 7 16 6 27 26 26 19 13 27 18 19 14 21 15 22 11 18 18 13 26 23 29 24 26 15 15 4 5 21 12 29 25 6 23 1 0 13 3 23 16 24 18 5 23 15 22 4 3 13 13 17 11 30 11 17 29 10
22 2 26 15 4 6 0 29 20 27 10 13 18 12 14 1 6 13 28 13 8 30 17 27 25 5 8 29 12 24 7 20 13 27 16 18 18 14 26 9 12 26 13 9 5 18 18 26 13 0 1 9 24 1 0 19 19 7 19 28 29 13 20 24 14 9 12 6 10 11 20 7 21 1 20 3 16 4 0 25 8 28 14 17 4 7 11 26 16 7 12 10 14 30
10 3 13 6 26 16 30 23 2 7 11 8 13 0 23 27 28 14 11 29 18 20 22 9 24 26 27 5 6 22 26 24 4 3 1 12 22 17 1 2 5 18 20 15 28 9 21 23 5 25 27 11 26 10 9 23 2 22 14 19 30 18 12 3 24 7 8 15 19 1 21 7 23 0 6 7 14 18 27 12 10 22 23 27 24 17 17 0 9 20 19 5 2 6
30 5 21 2 27 1 12 3 15 26 19 1 4 27 26 6 15 26 6 2 22 23 21 3 18 2 4 16 7 26 2 27 28 13 19 4 22 0 1 3 18 26 9 11 20 28 26 27 8 29 13 13 15 19 30 1 17 10 29 29 30 28 5 9 17 9 1 4 10 5 24 3 9 19 8 28 3 8 17 27 29 26 3 18 30 1 16 1 29 3 11 10 0 10
5 14 20 27 26 17 1 28 22 11 5 12 16 3 5 13 30 23 9 18 12 11 26 4 12 13 24 10 18 24 16 23 23 30 21 30 8 9 9 8 9 11 13 19 29 19 13 21 18 16 21 1 29 28 17 1 18 14 29 11 7 19 27 14 21 27 18 12 14 25 10 19 2 22 17 16 30 17 2 18 24 0 12 0 2 9 23 28 23 17 21 24 5 12
7 8 7 10 23 9 25 21 14 8 7 9 26 13 4 23 7 27 18 27 2 7 20 11 27 5 19 20 25 22 26 22 5 16 20 18 20 26 9 29 12 23 5 9 17 8 13 22 9 23 25 23 9 28 1 3 4 26 11 15 11 9 29 0 22 0 18 6 1 3 9 16 1 4 16 13 29 13 3 15 13 16 18 6 21 25 18 13 3 12 0 14 15 20
18 25 4 24 7 21 6 10 2 16 6 11 28 14 3 20 23 1 6 24 8 15 14 8 0 17 19 9 6 0 22 30 19 2 5 23 21 9 0 23 18 14 29 10 27 21 26 15 4 28 13 29 20 8 30 0 2 28 16 15 30 16 1 7 8 20 2 22 18 25 22 10 17 12 14 21 7 11 12 27 13 25 11 18 25 3 25 0 9 10 10 2 3 24
19 2 20 19 18 26 16 10 21 23 15 16 11 13 5 14 4 10 11 5 18 2 6 3 1 29 0 20 5 25 20 1 15 29 18 8 24 4 8 28 28 7 16 6 24 5 8 9 7 26 16 13 27 23 29 24 21 30 28 24 8 23 8 19 7 13 13 16 10 19 0 0 8 23 25 3 17 14 14 11 8 4 1 13 4 6 8 28 19 16 16 4 29 13
18 15 24 23 21 16 8 1 16 13 22 20 20 22 13 12 12 25 9 9 8 29 6 22 13 29 20 30 22 23 15 30 18 1 24 2 14 6 21 4 15 26 16 18 1 22 28 25 7 12 15 23 21 7 20 13 12 7 22 22 20 4 25 27 4 11 4 26 14 0 28 20 9 22 4 23 5 12 0 30 14 16 12 16 15 29 21 5 19 15 23 30 19 6
8 25 7 10 2 2 27 27 8 12 17 6 12 15 8 21 23 20 16 15 12 11 3 14 28 20 27 21 16 6 9 27 27 21 5 8 1 16 28 0 29 28 20 18 3 5 18 15 24 23 0 1 1 25 23 15 30 14 10 3 16 28 15 8 1 30 29 1 2 30 26 28 4 20 2 9 25 10 8 3 29 5 12 21 1 7 7 27 22 19 17 11 12 22
25 16 17 1 15 20 19 13 18 28 26 24 19 16 0 30 22 25 5 3 2 24 22 9 8 12 17 1 18 28 17 27 8 13 1 4 23 9 1 4 27 1 2 9 21 26 22 28 7 25 9 4 1 6 3 11 28 21 14 13 4 30 1 7 20 24 5 28 17 8 23 27 23 5 18 12 30 1 11 11 15 4 1 6 14 7 9 11 4 17 4 16 20 26
20 5 28 28 20 26 18 26 24 0 19 9 3 2 26 14 22 0 10 17 11 28 4 16 2 13 24 5 28 22 24 24 2 20 21 22 1 19 22 30 6 26 8 8 10 1 0 3 27 18 23 6 9 0 15 0 6 14 4 14 8 17 18 26 29 11 25 16 12 4 29 2 12 21 25 17 21 2 9 29 25 11 11 7 7 12 24 17 21 10 5 4 16 26
13 1 6 21 4 19 27 30 27 15 14 3 21 15 11 27 18 6 24 29 30 20 6 5 10 16 8 20 30 11 7 24 0 27 4 22 29 24 29 22 0 24 18 10 17 21 19 4 28 13 27 3 12 14 4 6 28 21 10 17 25 6 3 25 12 18 16 25 1 24 11 20 10 0 17 7 4 18 17 2 20 13 18 3 3 20 14 17 13 17 10 28 8 20
7 5 26 17 23 5 6 5 2 20 27 28 13 1 7 19 13 25 7 12 8 25 10 0 1 22 9 13 27 11 23 28 16 2 15 24 6 13 7 26 18 6 8 18 0 28 16 0 30 14 19 14 5 12 26 10 6 21 1 5 25 7 24 7 16 11 25 26 7 8 15 3 0 8 17 14 24 30 22 25 14 1 10 0 3 6 24 23 19 10 8 21 18 4
7 4 27 12 0 19 7 2 11 5 30 4 10 25 13 6 3 23 22 23 30 16 23 6 2 29 29 24 25 6 0 11 21 10 22 30 23 2 27 18 27 7 19 26 17 15 2 1 5 23 11 10 27 25 14 28 23 24 12 12 1 10 29 26 30 19 28 15 1 22 17 21 24 19 2 14 19 29 20 7 17 0 6 8 11 3 22 8 19 9 6 12 2 9
25 17 9 21 30 7 6 22 29 20 29 30 25 30 23 17 22 24 30 6 25 5 26 13 9 4 1 29 19 22 8 28 22 2 10 30 22 9 4 4 13 10 30 4 5 23 30 12 22 29 29 28 21 15 11 13 4 5 25 0 23 26 8 7 4 25 7 11 17 19 11 15 27 29 28 19 25 20 10 13 7 8 26 20 23 26 22 0 29 27 5 13 5 0
12 19 26 18 24 3 21 21 13 3 16 0 15 16 15 8 19 17 21 21 22 11 16 18 3 18 10 18 23 11 27 5 30 24 21 19 28 28 19 1 29 2 6 20 9 3 19 17 7 10 28 16 29 21 21 0 22 0 3 24 5 16 29 20 1 6 3 19 8 26 21 7 23 0 0 0 19 5 15 13 17 15 0 8 16 16 15 14 23 15 11 9 2 25
26 15 0 21 6 30 3 3 6 27 11 1 4 10 14 3 9 25 27 17 1 19 1 11 24 2 29 10 0 7 27 29 30 9 1 27 10 3 16 16 11 21 18 15 13 18 11 6 13 6 11 24 23 3 22 10 17 26 3 19 23 28 23 11 12 10 24 13 14 2 26 27 14 17 14 1 11 19 7 26 7 16 14 12 17 3 1 26 0 8 26 3 21 26
13 13 13 8 28 9 26 6 17 22 27 3 18 1 27 4 27 28 18 9 4 17 8 8 26 29 26 12 21 5 17 7 6 29 28 6 9 15 17 17 27 26 17 25 16 4 26 21 19 25 1 1 22 0 23 18 24 13 14 0 13 15 23 25 13 8 26 17 21 5 25 29 4 27 28 17 28 21 1 18 25 10 30 4 28 19 12 9 1 19 19 8 13 2
17 26 17 19 11 1 3 25 29 4 6 29 20 3 10 19 9 7 15 0 23 2 20 17 12 15 28 6 10 13 15 10 27 26 28 11 7 13 19 21 17 18 0 5 7 0 22 15 3 12 26 17 12 10 20 26 13 22 27 8 21 19 25 17 27 12 7 29 6 11 4 20 22 27 22 0 14 12 9 30 13 7 26 3 8 27 21 23 12 14 16 17 19 24
22 13 6 8 11 8 24 11 3 9 18 21 0 21 4 28 20 26 20 24 26 25 27 25 10 8 6 28 27 5 26 13 25 21 0 2 12 0 9 28 23 2 24 1 0 25 5 27 30 16 14 9 21 16 23 17 4 7 28 14 24 7 0 19 12 2 2 16 12 8 26 27 17 10 3 29 0 23 23 1 17 13 28 18 9 29 23 16 16 0 26 24 13 3
21 11 1 3 18 17 7 3 9 2 11 6 1 7 29 11 2 10 7 28 26 1 22 5 30 23 3 11 23 5 2 13 7 26 13 27 10 0 16 4 22 28 16 12 17 13 21 12 16 6 30 25 11 2 1 1 23 26 18 0 7 28 0 26 8 21 26 30 10 13 0 28 26 11 14 13 20 12 16 5 16 23 11 8 22 4 2 27 29 21 11 8 15 26
25 8 18 7 15 12 13 15 13 30 3 5 4 26 11 3 15 29 4 28 8 15 16 18 14 9 10 18 3 13 0 10 15 11 28 23 15 30 30 14 27 18 16 28 5 28 4 15 29 21 7 14 18 2 24 17 2 2 15 25 3 8 28 6 27 14 20 2 19 20 11 13 23 29 4 30 4 4 7 19 10 28 6 9 29 27 8 18 28 13 28 0 22 20
29 8 14 3 0 3 22 10 18 23 15 0 6 30 9 8 9 2 17 30 23 0 12 9 14 1 20 12 5 8 19 17 27 14 29 13 15 23 16 11 2 15 11 25 13 26 10 11 9 12 23 12 9 11 5 14 20 2 12 1 7 28 26 13 11 25 13 1 13 9 18 3 16 24 17 17 14 6 19 1 26 3 3 20 29 13 30 1 13 28 24 8 19 6
6 21 12 0 14 23 17 9 7 6 16 6 15 5 15 5 3 29 13 26 10 11 28 13 5 4 18 27 11 5 25 19 29 7 30 3 5 2 18 0 23 28 29 14 0 3 1 13 6 27 19 29 24 21 5 2 8 7 3 28 2 0 11 26 22 15 9 9 11 18 27 1 26 9 23 21 1 19 1 5 13 17 7 26 28 26 4 27 21 29 21 23 27 1
9 1 1 17 23 20 9 12 12 4 25 13 2 30 25 9 3 5 25 8 4 7 27 13 30 13 23 23 21 21 5 21 26 4 1 20 25 21 24 21 30 30 8 21 4 20 30 19 13 19 20 23 25 4 27 16 0 14 18 29 21 25 23 9 9 15 2 6 14 12 8 3 25 1 16 12 26 23 24 29 21 4 0 0 1 22 8 30 11 24 7 13 24 0
11 1 3 4 19 23 7 28 17 3 5 16 2 14 0 7 20 1 16 0 26 26 25 10 0 16 8 17 26 29 7 27 25 4 25 17 24 13 3 9 8 10 26 25 20 6 12 0 27 26 11 30 12 0 23 23 26 19 24 4 5 16 14 1 2 2 5 0 23 2 5 24 21 15 4 13 30 2 13 9 18 24 9 13 26 6 29 30 4 18 22 9 0 4
17 6 19 2 28 22 27 9 24 15 25 9 8 17 19 8 21 25 14 24 22 26 12 11 3 14 29 26 3 17 4 26 18 30 18 29 19 5 6 30 15 8 16 4 28 8 11 1 5 6 6 24 23 1 11 28 25 9 2 1 19 24 10 10 29 4 8 28 30 13 30 16 5 22 28 26 2 11 19 9 22 27 25 23 7 2 6 1 18 2 30 1 14 20
20 20 14 21 22 22 22 28 27 27 19 13 9 16 25 18 7 16 24 11 19 24 14 12 13 2 9 10 10 27 10 29 16 27 11 0 10 9 30 11 13 18 22 23 4 5 12 25 18 21 23 9 3 19 29 3 10 14 14 18 22 10 6 26 30 11 8 14 26 25 26 14 14 13 7 29 29 8 16 5 0 30 2 19 7 22 10 30 4 19 1 30 7 5
0 9 19 21 28 12 14 8 11 22 21 10 25 10 8 29 16 25 12 27 19 17 6 9 20 7 12 7 26 20 3 8 16 15 0 4 0 7 27 1 29 24 11 8 16 12 30 5 15 18 11 24 17 23 19 23 13 12 0 15 5 16 23 13 9 10 6 30 0 12 4 22 19 10 3 22 19 4 4 6 2 14 13 6 24 6 26 21 8 20 20 0 7 24
26 27 2 30 16 23 11 11 13 25 26 26 11 6 28 21 2 5 1 4 11 21 6 8 8 1 23 1 15 9 30 15 5 0 30 14 1 12 16 18 4 15 25 18 2 17 20 22 13 20 22 11 8 21 22 5 24 20 29 7 6 9 15 16 5 18 26 27 0 16 20 13 15 20 12 5 21 5 1 28 11 15 3 29 18 3 24 7 21 13 6 18 2 12
27 16 28 27 14 6 22 2 13 2 0 25 22 24 19 15 16 29 23 4 1 3 9 14 4 7 9 8 14 17 18 10 26 10 21 16 29 24 25 30 1 0 26 20 19 29 9 1 21 1 23 6 10 24 18 8 10 25 12 14 18 0 9 14 11 2 4 0 26 9 23 11 27 18 2 11 1 0 7 4 4 22 2 0 18 10 9 11 7 9 20 1 3 14
26 6 14 2 29 24 24 1 1 3 6 26 20 16 16 8 21 3 1 10 2 6 4 24 22 13 22 6 9 2 26 7 10 30 6 27 6 27 21 20 8 20 26 3 25 20 21 30 23 15 6 21 2 30 8 18 29 18 5 6 29 27 22 15 12 22 20 21 23 20 21 4 16 14 2 20 0 15 13 13 11 22 27 13 12 9 13 14 26 21 14 30 17 0
19 8 9 13 16 25 2 23 10 4 23 7 17 0 14 21 14 21 25 1 29 2 9 27 5 15 2 24 15 26 2 19 11 5 20 7 18 0 9 19 29 4 22 1 7 4 5 5 25 1 29 7 25 23 30 0 15 4 21 0 12 29 4 18 7 30 28 26 4 14 1 0 3 22 5 23 4 9 30 8 25 16 2 6 8 17 3 3 24 7 1 14 2 26
29 11 2 9 16 0 12 15 3 29 22 26 18 6 6 18 23 0 23 30 0 11 13 6 21 22 8 10 14 0 7 17 5 19 28 16 18 9 0 16 18 28 25 17 17 9 30 29 20 22 5 27 17 26 4 2 20 6 15 8 9 11 0 11 13 13 20 24 15 1 17 19 29 6 19 10 29 15 5 10 27 10 30 22 22 27 18 13 2 30 8 30 8 3
26 11 22 20 29 29 20 23 28 16 11 3 4 21 3 25 22 6 15 8 15 16 14 23 20 2 8 15 26 6 8 6 2 7 9 3 9 22 16 28 3 13 29 11 28 2 14 25 26 25 10 29 2 11 28 19 0 26 6 20 27 15 12 12 20 0 28 2 29 9 11 16 2 11 8 16 15 23 6 23 30 11 24 23 9 9 6 13 17 5 20 17 8 6
14 30 25 7 24 2 14 7 13 5 29 7 8 26 6 18 4 9 0 13 16 22 22 18 4 16 16 5 1 24 23 28 0 12 8 5 30 4 25 22 7 30 9 20 2 6 19 12 25 20 7 13 1 2 10 26 28 12 6 6 0 17 8 4 1 1 11 18 9 28 5 29 19 11 1 9 10 6 8 4 3 18 23 9 13 1 11 15 6 22 25 12 8 9
9 20 29 12 13 9 19 2 4 29 16 17 5 9 8 24 14 3 29 26 10 14 5 20 15 8 2 9 0 18 2 10 26 14 18 3 3 14 6 25 30 8 5 3 19 16 14 22 26 25 5 21 6 28 11 16 3 23 17 24 30 8 29 24 28 29 8 13 26 5 6 17 17 3 12 13 25 4 12 2 7 1 17 4 23 14 10 16 16 24 16 22 25 5
13 4 26 2 7 23 0 10 1 24 6 22 25 22 9 16 30 12 24 13 12 14 10 24 18 8 8 21 14 1 8 25 6 0 5 5 30 15 13 2 26 2 16 17 26 7 10 8 20 21 1 3 18 26 2 17 19 5 6 30 28 12 5 18 1 19 3 21 24 24 27 23 21 28 20 16 28 0 30 16 12 15 1 18 1 16 22 21 23 26 26 29 25 8
1 0 23 7 0 27 11 20 30 9 18 15 29 6 2 12 3 12 9 21 23 24 20 8 25 2 15 21 2 15 0 7 1 23 29 20 21 28 12 27 14 10 7 30 20 15 2 21 5 19 0 28 17 19 6 3 27 25 13 11 4 29 18 15 21 16 1 13 0 25 26 23 29 30 13 18 21 7 0 29 16 22 14 8 0 29 26 25 6 13 10 11 19 28
30 12 8 22 12 2 3 7 20 20 21 11 29 9 29 20 2 27 5 16 0 26 24 19 21 30 21 5 5 3 20 10 9 13 25 30 23 18 4 11 10 11 8 7 17 21 27 29 25 14 21 22 8 4 8 0 27 0 27 19 28 14 15 29 19 19 29 8 19 16 13 18 18 29 20 7 12 2 1 15 13 17 21 3 4 3 24 19 2 23 30 19 0 17
0 27 9 17 21 8 5 22 7 0 27 27 25 22 24 6 12 11 24 1 25 2 25 25 1 7 21 10 11 17 6 28 12 2 12 30 12 9 14 5 18 30 6 25 12 28 9 0 3 28 11 16 19 18 5 29 6 25 30 13 11 0 5 5 12 2 27 12 25 21 28 13 26 14 14 30 22 20 19 14 2 17 28 7 9 25 2 30 7 6 4 10 14 15
30 19 5 2 25 12 17 6 24 8 5 4 22 3 28 21 22 25 20 0 21 15 16 20 14 25 19 8 9 12 17 18 19 16 13 20 20 0 5 16 22 7 11 13 11 20 26 1 12 29 24 9 30 14 2 8 12 27 12 30 3 4 25 26 10 26 6 9 18 25 11 0 24 16 10 20 4 24 12 5 0 14 17 25 28 9 5 25 17 23 22 29 24 20
15 7 18 6 20 1 24 6 12 22 27 7 11 18 21 17 8 28 7 20 22 6 30 4 16 26 5 19 4 30 27 2 25 21 24 11 10 9 26 3 30 26 18 30 17 0 24 24 18 4 9 3 9 19 1 8 6 19 24 11 11 22 21 29 5 14 22 30 16 7 3 27 9 20 24 20 25 20 7 28 5 26 30 19 15 2 8 5 27 4 2 18 2 17
0 4 12 5 1 11 26 9 22 14 1 9 26 30 20 10 12 15 23 13 23 3 3 3 27 2 12 5 2 27 9 24 2 6 20 29 24 7 29 0 8 9 2 16 29 8 14 2 1 19 10 15 3 11 23 19 14 29 27 3 6 22 11 8 2 18 29 21 24 8 2 0 1 24 2 27 25 18 9 0 0 23 6 0 6 8 23 2 13 12 14 19 3 12
23 21 1 13 2 7 27 7 15 18 25 10 16 7 26 11 10 6 7 18 17 15 13 24 6 19 6 5 9 6 9 5 3 22 13 2 18 30 16 30 7 26 6 29 20 4 30 6 5 9 30 26 17 28 22 23 8 22 20 2 8 19 4 6 5 10 2 21 23 18 18 28 1 3 13 20 16 5 17 2 10 26 6 2 25 15 17 7 9 26 11 2 24 13
22 0 4 28 13 1 16 27 19 9 11 14 29 3 19 24 4 11 3 27 21 12 25 14 24 14 16 23 5 29 11 11 6 20 27 1 18 30 9 10 1 25 24 12 19 14 22 0 0 3 15 28 13 7 2 28 26 2 18 23 30 30 1 23 13 7 24 28 12 17 8 8 16 14 17 28 30 29 30 1 10 10 11 27 4 11 25 26 8 11 15 14 20 10
23 7 17 13 20 13 10 17 28 18 17 25 3 24 23 3 16 28 3 25 19 9 14 9 20 19 11 2 12 9 15 19 10 30 13 0 1 17 4 11 17 16 14 9 6 4 5 15 1 0 0 21 9 13 10 22 16 4 10 11 6 21 7 3 27 0 28 3 5 28 27 29 7 19 7 2 14 30 25 14 5 23 21 12 2 9 7 13 21 4 11 6 4 9
