100 100
6 30 24 3 4 14 13 24 14 6 25 0 17 13 13 27 20 22 18 22 17 5 30 29 15 21 11 14 6 18 19 21 20 21 18 22 3 15 3 29 25 8 20 26 19 3 22 19 13 29 23 11 25 3 30 21 5 26 13 11 21 8 7 0 18 23 19 8 3 11 30 18 17 30 22 5 5 8 24 17 14 23 1 8 11 19 24 1 25 4 0 0 6 16 16 22 1 27 6 17
18 12 5 23 1 3 3 4 25 27 30 7 30 11 7 19 8 4 25 24 0 7 19 21 3 14 0 23 1 14 14 26 6 25 24 17 3 8 17 27 11 5 14 27 21 11 25 9 26 6 7 30 20 16 1 14 6 19 0 29 9 26 5 12 19 6 11 26 10 3 22 20 18 14 29 20 18 8 2 10 13 25 26 7 23 7 11 3 26 0 12 0 22 18 26 8 22 20 13 4
30 14 7 9 22 14 28 25 15 7 10 20 6 1 28 5 10 30 29 7 3 9 15 7 1 16 1 4 5 11 28 24 12 14 19 9 16 18 22 2 10 26 23 7 11 2 10 28 21 17 16 16 16 7 11 28 15 12 18 4 9 26 22 25 24 1 8 13 10 13 14 17 22 6 22 6 15 0 28 14 7 28 1 2 25 25 15 8 24 12 1 30 5 0 18 18 0 15 5 0
19 18 23 3 24 2 20 25 26 18 9 2 22 26 26 20 6 13 15 2 1 10 12 4 2 21 20 14 30 7 10 9 2 22 12 14 20 29 18 24 28 20 18 15 5 29 13 3 0 14 5 20 4 8 14 25 11 25 5 4 16 18 18 18 19 29 9 26 2 5 7 27 4 25 18 15 12 5 4 18 11 12 11 19 18 20 26 8 16 22 28 9 23 0 28 16 20 22 28 15
19 19 6 24 6 1 16 12 1 2 10 0 26 10 26 0 14 18 12 13 28 6 7 25 1 11 22 9 26 16 29 22 22 18 19 1 12 9 17 29 30 17 24 28 30 9 17 25 17 3 26 18 12 3 16 3 5 30 29 18 25 0 21 17 24 3 5 26 8 28 0 12 9 29 25 13 12 2 5 26 20 29 13 21 24 11 12 4 1 26 29 27 13 19 22 16 29 21 1 23
1 22 26 13 1 2 28 22 24 8 6 1 6 5 10 29 6 4 27 25 2 8 16 3 22 17 15 4 27 28 18 5 13 20 22 9 6 21 9 7 22 6 21 22 10 0 1 1 6 25 15 10 29 26 2 22 20 4 16 15 23 7 13 22 28 25 3 22 11 12 2 24 30 4 3 8 26 2 3 20 11 22 20 2 5 27 23 0 7 11 0 12 3 7 10 13 10 13 6 6
16 29 12 15 6 26 3 16 3 26 22 21 20 0 28 23 29 11 19 8 1 8 28 16 27 27 5 0 8 19 29 10 3 12 2 11 16 29 5 0 5 3 12 17 1 0 5 13 10 22 28 18 2 18 18 30 25 0 16 30 3 22 28 19 19 7 30 18 26 4 3 29 1 21 11 24 9 24 9 21 22 5 16 23 16 10 1 12 21 24 30 4 1 0 29 27 12 6 1 9
10 27 26 16 24 21 16 2 8 29 27 17 23 7 25 16 14 23 17 26 3 11 29 4 26 7 20 13 25 23 24 21 2 21 28 24 15 29 20 10 10 0 21 27 13 12 28 5 17 22 23 8 11 11 19 30 13 9 27 17 27 27 22 25 5 9 17 13 1 17 8 5 5 18 8 27 9 24 27 28 3 28 30 5 21 7 17 26 9 15 24 12 20 12 4 18 28 29 8 9
29 10 28 7 14 18 14 2 0 16 22 15 13 26 20 12 11 1 17 4 30 5 24 24 17 30 15 0 14 10 20 9 25 11 0 11 22 3 28 20 20 27 1 13 29 20 7 20 4 24 15 19 7 0 2 3 30 4 24 1 22 0 10 17 17 30 17 22 7 17 25 30 25 23 24 18 3 19 13 1 12 12 20 4 19 2 6 13 18 23 28 23 17 14 17 8 16 24 25 3
13 25 13 26 20 28 30 2 2 19 16 21 2 4 10 6 14 15 25 7 16 22 12 4 12 10 11 18 2 7 10 13 13 30 15 13 0 17 16 28 22 11 15 9 17 0 15 24 2 1 4 20 21 20 1 21 20 9 17 11 24 25 7 8 26 22 9 9 21 26 7 16 0 2 22 8 8 27 3 22 3 8 22 19 26 16 23 29 12 13 0 26 10 14 19 29 4 8 0 19
25 19 16 9 1 12 22 2 13 9 30 18 17 16 11 19 15 5 25 24 25 24 6 5 13 13 0 8 17 27 28 13 4 22 10 30 1 25 14 26 12 11 26 18 5 18 11 10 18 25 15 5 25 28 28 25 11 6 26 10 6 1 16 29 29 25 2 18 25 16 15 18 15 24 30 23 23 4 25 15 23 5 25 21 3 29 2 4 15 0 8 9 21 18 29 28 22 28 19 20
17 20 2 24 26 22 18 10 26 14 1 17 24 21 12 7 11 12 11 6 20 20 10 12 23 12 14 15 8 0 2 22 27 22 24 10 18 9 12 16 12 23 18 11 28 12 27 12 19 7 7 24 15 27 19 2 12 27 10 22 11 12 18 24 18 9 1 12 9 26 16 16 11 8 29 27 25 12 1 26 1 16 27 25 20 12 6 1 29 14 11 20 19 5 17 0 15 22 4 18
20 24 25 11 9 12 18 8 28 10 16 2 1 14 5 14 19 18 7 18 2 22 2 7 15 30 2 20 5 22 23 27 22 17 16 2 29 8 23 12 5 1 0 13 2 9 24 2 14 28 7 6 28 17 11 22 23 22 18 0 30 7 0 26 1 10 10 20 13 26 14 10 18 26 24 21 8 14 12 22 24 8 22 11 9 3 29 22 17 4 24 22 24 25 18 19 26 11 6 23
18 7 0 9 10 12 4 9 15 15 21 24 17 19 17 11 28 26 25 10 23 28 13 25 7 20 9 4 8 12 24 9 15 21 24 9 15 2 8 3 29 6 14 9 3 26 13 4 2 12 12 9 27 8 29 13 30 7 10 19 7 7 14 17 14 2 4 12 12 10 0 5 29 6 7 0 4 18 19 22 3 7 1 8 21 6 7 17 9 21 24 28 29 6 6 8 3 26 0 21
13 22 30 24 19 30 14 1 0 0 7 19 25 21 15 15 14 20 0 20 22 12 20 21 3 20 5 6 26 23 3 9 4 3 2 22 29 2 8 14 23 19 21 0 25 15 23 5 7 6 3 21 19 26 6 7 23 12 24 14 25 0 7 11 16 9 1 12 11 9 30 17 16 9 15 21 29 26 3 0 21 3 17 15 6 20 4 16 14 30 8 22 3 5 29 14 15 9 4 23
17 11 13 8 3 28 16 11 6 9 2 18 7 5 23 1 22 25 13 29 17 28 30 29 1 27 15 2 25 19 29 29 13 2 26 0 14 20 21 22 25 1 29 30 25 18 19 9 21 0 10 19 9 20 16 16 13 25 24 2 2 24 13 13 29 8 20 15 11 11 25 11 18 14 12 29 0 20 8 21 8 26 29 19 16 10 2 0 9 27 23 18 3 29 19 9 28 17 12 17
23 2 2 5 22 11 18 20 19 23 3 14 21 18 24 1 0 11 5 10 20 0 15 0 14 0 29 30 2 18 25 28 23 19 0 22 20 14 5 25 19 19 10 29 22 19 1 7 25 6 19 10 19 25 28 23 21 2 28 21 2 13 6 26 5 29 10 4 18 4 20 7 10 30 29 11 6 17 5 12 14 3 7 0 7 23 18 22 1 1 23 25 2 27 7 21 17 3 29 6
17 24 3 4 13 3 23 9 7 20 8 14 25 13 24 9 16 3 5 16 30 3 26 6 30 2 0 3 11 12 13 25 5 28 16 7 0 18 15 8 20 22 30 16 14 9 28 20 11 8 14 30 11 13 2 18 20 27 18 2 18 19 28 12 18 8 20 2 26 12 24 7 2 16 1 16 22 11 26 15 29 6 30 27 16 13 4 16 29 21 15 18 23 3 30 6 0 15 5 4
30 12 1 1 20 4 3 0 9 30 9 23 0 19 6 18 22 28 7 3 21 16 12 6 14 23 14 17 3 10 0 27 20 20 0 25 16 28 25 23 13 27 13 13 22 25 14 25 2 3 9 3 26 6 25 27 6 17 20 10 1 24 11 16 28 30 20 5 27 16 22 14 6 19 19 25 24 9 7 26 2 10 4 14 3 4 10 9 28 20 21 8 15 24 14 25 2 9 15 22
3 13 10 11 26 4 15 10 3 13 8 11 0 3 17 28 22 22 13 18 10 15 12 22 14 9 26 13 19 20 19 21 10 29 12 14 0 24 14 28 25 5 16 8 9 25 10 3 24 23 13 12 10 20 27 15 16 13 7 10 20 21 0 16 14 15 14 16 28 0 2 5 22 11 15 14 14 19 27 1 12 1 0 19 8 13 27 22 15 12 11 7 23 8 25 19 11 12 0 13
6 21 4 2 10 0 19 19 21 19 24 4 23 22 0 29 14 29 24 10 11 17 25 22 0 29 13 5 15 6 5 20 19 26 25 1 21 17 29 10 2 28 15 22 14 16 12 18 21 19 2 24 29 3 7 0 30 2 28 13 8 3 30 22 20 18 24 29 2 6 4 9 5 13 23 30 24 17 13 20 12 21 9 8 15 24 28 10 0 19 8 21 18 16 8 16 5 22 20 16
9 9 28 17 7 1 21 9 9 6 12 22 7 22 13 20 25 14 19 9 7 6 28 1 6 0 0 8 10 15 27 6 13 16 16 2 27 25 26 28 8 30 13 16 11 21 12 7 1 22 30 5 22 25 25 14 6 19 26 28 24 16 20 8 28 7 0 22 28 14 11 2 11 10 1 17 5 8 25 27 19 15 29 18 22 29 25 28 3 27 1 15 20 14 6 25 29 28 20 26
22 18 18 5 30 15 5 23 26 8 16 2 6 11 30 11 5 2 30 12 2 25 28 6 23 29 21 27 22 1 17 9 26 16 5 23 2 6 30 9 6 27 28 23 17 24 2 8 1 8 30 7 16 23 22 10 18 7 29 14 18 16 19 9 29 2 19 7 16 10 26 7 28 28 25 0 22 30 2 16 15 28 2 5 14 0 23 22 18 6 18 30 29 2 23 6 26 27 23 1
8 1 23 9 19 9 22 3 5 12 28 1 13 18 0 7 4 14 16 17 29 17 7 14 29 1 14 24 14 24 16 6 7 21 19 23 3 0 24 10 30 12 7 30 18 12 13 28 14 1 9 26 3 30 30 1 6 9 30 11 8 28 23 27 18 13 5 26 0 14 23 30 9 7 19 30 25 12 0 11 29 9 2 13 30 19 27 3 18 20 22 15 23 13 19 6 23 16 9 3
7 30 27 2 19 23 17 2 25 23 6 6 12 19 22 0 27 12 15 2 11 5 25 15 14 12 4 1 2 3 8 17 15 15 20 8 5 27 11 21 20 19 1 7 2 7 5 3 26 30 8 22 25 14 6 2 24 23 21 27 26 13 25 7 20 20 14 20 9 14 2 1 19 5 18 5 0 19 9 30 1 22 1 8 23 0 1 22 4 19 12 4 15 4 16 29 2 15 2 28
27 3 1 0 4 15 11 29 28 8 23 25 21 4 16 8 13 5 7 26 2 25 20 17 13 7 0 15 25 26 24 5 11 20 29 2 25 25 8 13 9 29 5 29 15 22 3 5 23 13 9 13 11 14 27 6 28 0 2 18 29 4 6 0 9 15 4 2 8 21 25 14 29 25 17 9 19 18 15 22 19 29 16 21 21 3 22 24 18 24 11 18 22 12 30 11 27 4 3 4
3 15 0 22 3 14 14 21 17 9 24 2 1 0 22 20 0 24 25 21 22 26 14 15 0 4 30 8 18 17 3 16 5 25 19 15 30 16 29 22 23 10 11 9 18 8 11 27 30 10 18 19 29 28 25 25 24 21 11 4 3 26 12 12 17 0 6 19 1 9 11 29 12 20 23 4 8 2 6 14 28 8 26 17 0 12 24 24 30 15 13 29 20 3 20 2 13 6 11 0
5 3 0 2 26 22 23 26 22 3 13 17 15 23 26 20 22 9 16 22 18 11 6 23 19 27 26 25 22 14 3 9 30 10 25 16 22 0 7 11 25 18 24 28 6 23 3 15 27 16 29 4 10 29 17 18 25 12 26 21 9 3 14 0 10 11 0 7 26 7 6 1 16 29 19 5 14 22 20 10 24 16 15 9 28 14 24 5 21 27 7 28 25 18 14 26 15 27 0 18
2 20 13 6 22 17 22 13 20 20 1 14 29 13 17 30 19 25 14 22 5 23 8 17 28 6 4 22 13 22 10 2 18 12 1 30 10 22 6 23 15 1 9 24 22 5 20 24 1 6 4 3 0 4 15 16 10 18 7 20 28 27 24 1 19 3 12 27 14 16 13 18 7 15 1 22 23 7 12 30 16 25 15 19 19 4 12 22 27 16 19 9 18 16 9 27 25 10 1 14
26 5 3 28 0 2 18 5 13 4 24 13 6 0 29 24 8 17 17 18 28 7 15 19 8 19 22 19 6 16 17 7 11 9 26 23 29 7 17 0 23 22 19 6 26 28 7 18 21 30 11 20 20 8 15 6 1 13 25 14 30 30 16 26 15 5 30 23 9 8 9 4 22 26 12 11 4 13 1 21 30 12 15 1 0 14 5 23 20 20 5 10 10 9 4 16 2 13 25 24
20 4 23 18 28 25 13 27 2 26 16 2 6 15 30 8 20 2 8 30 23 1 18 22 27 4 5 17 12 2 14 8 9 19 22 29 5 23 7 5 25 27 11 17 3 12 23 26 2 26 29 30 10 24 13 10 16 5 13 8 1 6 3 26 19 2 20 18 8 15 10 16 11 23 24 14 25 21 23 10 30 30 15 7 7 19 25 14 26 0 26 5 8 22 21 20 8 6 30 13
23 16 17 6 15 3 5 20 1 11 14 2 4 0 4 15 6 0 26 21 27 15 19 26 11 5 5 3 7 28 6 2 9 25 17 12 7 0 16 1 4 23 27 26 2 27 15 28 11 5 17 19 1 8 26 29 11 13 1 28 24 24 17 12 5 27 8 7 5 18 27 18 2 18 30 14 4 13 24 26 0 19 25 8 3 1 20 1 0 0 9 17 16 15 6 5 22 7 3 0
8 23 6 27 22 14 23 12 5 18 17 24 28 16 18 29 20 19 18 19 10 11 10 17 24 27 0 19 12 7 18 19 20 23 26 28 23 6 21 12 27 1 16 12 10 28 21 2 21 6 30 22 21 15 18 18 23 25 6 7 23 21 21 19 26 24 8 5 23 10 23 11 23 25 8 4 14 26 5 5 20 23 27 10 19 18 17 2 0 12 19 29 25 17 28 15 23 20 24 2
1 21 2 2 16 18 8 18 14 17 15 8 1 30 15 9 8 4 0 29 16 1 0 26 24 30 15 11 9 8 13 6 3 16 16 1 11 22 11 14 14 11 15 13 19 1 11 26 11 1 10 27 6 9 24 29 23 2 16 22 9 18 15 6 15 17 15 7 25 25 15 3 10 19 20 22 30 13 28 4 21 29 8 2 21 21 6 3 28 30 4 14 6 22 6 10 11 10 2 13
12 27 26 23 9 19 26 2 23 19 11 13 1 18 8 4 24 13 27 24 26 6 15 30 0 2 30 19 14 17 17 15 22 7 10 19 22 10 22 25 18 16 16 17 18 8 23 13 6 26 29 0 14 20 13 29 23 6 18 12 22 27 27 11 29 9 13 2 27 13 20 26 14 15 5 22 15 7 11 15 29 25 3 5 13 24 22 30 0 24 27 10 3 3 21 6 27 3 18 10
25 4 11 18 30 27 30 21 28 3 19 26 9 25 11 14 30 0 28 16 7 23 27 25 19 28 9 7 10 23 24 20 11 28 25 2 30 15 14 2 7 28 23 12 12 4 21 4 25 23 18 4 11 23 8 14 27 4 9 0 14 15 15 8 27 7 10 21 4 2 18 22 12 10 9 6 27 23 16 16 26 23 16 12 13 26 19 14 11 14 17 28 6 21 21 7 30 10 19 1
5 22 2 12 4 18 16 5 9 10 17 3 6 19 16 15 19 27 13 0 20 28 19 3 8 12 7 11 6 26 12 16 5 12 5 14 20 2 8 14 7 20 3 23 20 23 5 5 25 25 22 21 23 17 18 27 23 28 28 14 15 5 30 22 23 5 6 20 16 26 28 21 29 2 4 15 7 20 18 15 5 23 27 15 18 18 6 25 14 5 10 28 2 27 8 7 6 30 3 16
0 25 29 28 17 21 17 24 2 15 26 7 4 29 16 6 17 24 9 4 22 15 10 4 21 9 17 3 5 13 16 13 22 6 18 0 24 1 15 18 8 3 19 13 25 17 20 20 5 18 19 21 13 17 24 8 18 28 5 1 15 4 2 4 6 19 9 4 2 16 28 13 11 12 10 11 19 15 16 24 1 24 21 13 4 1 16 12 1 14 26 5 13 21 26 12 9 20 5 25
13 10 7 10 14 24 7 1 4 3 13 6 30 10 23 4 4 9 30 6 9 6 27 30 18 23 18 0 29 8 2 20 5 24 29 8 23 3 23 9 14 12 16 30 21 5 0 12 22 19 25 10 27 23 4 9 17 4 8 24 3 19 19 16 29 13 13 29 22 20 28 13 20 8 27 18 7 9 14 21 6 13 22 22 15 27 7 11 3 15 23 0 22 21 5 22 12 1 4 11
2 5 9 23 22 21 5 29 11 19 5 29 30 8 19 30 6 15 15 14 28 23 17 7 23 7 27 16 27 2 18 20 13 11 28 23 7 20 7 6 12 12 0 3 22 21 5 23 0 0 19 4 3 5 2 9 14 18 16 0 28 6 16 28 20 21 18 7 29 9 10 20 0 5 5 8 23 0 9 5 8 13 20 7 12 21 8 6 7 25 4 17 5 27 28 17 26 30 9 23
21 12 30 5 8 26 29 1 17 4 9 24 11 2 23 3 12 3 21 4 16 8 16 3 5 7 1 19 7 6 12 13 2 22 4 13 13 10 23 20 23 19 6 10 3 10 26 3 3 12 9 7 25 24 13 20 2 28 0 29 30 13 24 0 24 3 16 15 19 27 10 19 16 4 14 0 18 29 13 13 0 12 21 26 7 4 3 7 20 28 2 22 22 28 22 18 16 15 26 23
30 27 21 22 14 0 3 26 26 26 23 27 4 10 18 10 11 13 7 18 1 16 17 17 29 9 21 10 19 26 21 23 0 12 3 20 25 3 11 13 13 9 11 28 24 14 30 22 15 10 1 22 15 6 27 13 10 15 14 15 25 5 18 7 10 29 18 11 30 24 12 16 2 21 23 18 17 6 18 26 11 6 19 14 28 22 27 17 15 20 25 19 1 23 16 1 27 14 15 27
4 18 4 21 6 30 3 21 6 12 10 9 12 22 27 30 11 18 6 24 6 2 14 0 28 1 28 17 4 7 9 30 27 0 15 22 7 10 2 25 7 6 9 6 14 1 28 3 13 27 9 22 4 9 2 13 20 13 16 14 25 17 22 10 12 3 23 18 16 14 30 3 17 16 6 5 1 25 24 8 19 15 8 18 19 30 23 5 1 29 3 23 24 21 12 15 1 15 19 25
24 17 15 30 23 12 24 17 20 0 25 27 16 29 26 26 17 14 22 24 9 22 30 11 13 29 23 19 12 1 10 23 8 20 18 20 12 30 12 11 2 29 10 0 4 5 3 14 6 28 20 2 5 13 18 29 1 3 30 4 11 6 22 3 11 30 21 1 28 8 18 4 3 17 16 23 28 10 7 14 5 1 5 18 17 29 15 7 1 6 16 9 0 20 24 30 19 1 23 2
26 23 10 8 21 4 5 10 29 13 5 3 19 3 2 10 13 11 16 27 27 22 4 18 11 1 19 21 1 21 10 4 26 25 28 25 5 8 28 7 3 13 7 30 0 29 4 7 2 19 1 13 14 8 24 15 13 8 17 11 8 12 24 5 23 28 24 14 10 23 18 17 30 26 5 2 2 27 16 21 19 16 25 23 14 6 21 11 13 14 7 30 24 20 26 13 27 11 22 12
17 16 23 14 29 7 14 25 12 0 21 19 17 16 8 16 10 16 5 10 22 9 8 10 15 4 16 30 17 13 15 11 20 22 9 24 16 22 22 0 21 22 13 27 3 29 18 20 8 2 7 19 5 3 5 18 29 21 11 10 16 18 10 19 17 21 2 14 25 5 17 22 20 0 4 20 10 12 16 4 0 30 22 6 18 23 27 25 27 10 11 27 21 8 19 3 25 2 19 17
18 19 20 7 27 25 4 20 13 12 8 0 23 11 16 0 13 19 24 19 29 18 2 25 19 12 19 15 23 10 15 5 6 10 10 23 14 9 11 15 12 8 15 11 11 2 6 21 22 24 19 4 28 23 26 18 10 3 24 4 5 2 16 3 20 13 7 6 14 3 23 24 13 6 23 19 22 1 13 14 4 2 27 10 19 8 20 24 6 12 2 23 25 13 27 26 20 19 14 19
28 8 11 2 6 23 7 3 25 20 12 30 14 1 16 18 4 9 0 13 17 29 17 21 14 7 8 27 10 7 16 26 22 17 22 10 4 11 24 17 0 15 6 12 17 13 23 27 11 28 5 8 22 3 7 11 18 10 16 22 7 19 6 2 0 0 6 28 20 1 7 9 4 4 13 25 6 23 1 11 29 23 20 14 8 7 19 0 10 7 8 0 16 24 13 25 3 19 13 18
14 30 3 21 13 0 28 20 10 0 24 20 29 30 14 26 2 22 30 16 5 25 4 7 16 10 13 16 13 12 13 29 13 8 26 1 8 25 14 13 30 23 10 28 5 30 21 19 22 4 1 9 8 20 27 5 4 28 19 26 5 1 1 30 25 21 14 17 23 22 12 5 16 28 12 26 8 16 10 5 23 13 6 26 13 5 24 24 7 18 11 1 14 27 4 23 15 4 16 0
30 28 11 16 4 1 27 23 2 5 3 24 10 30 16 20 14 27 22 18 27 6 29 15 22 14 0 8 2 28 2 22 14 4 2 27 26 11 14 8 14 15 25 21 4 15 5 13 18 6 10 7 22 10 11 12 16 22 22 27 24 26 6 29 25 1 11 11 17 25 3 21 6 14 29 4 18 12 15 1 8 10 19 25 19 9 17 1 12 12 19 3 8 28 28 28 30 29 8 9
14 26 27 13 24 21 6 25 25 15 12 21 19 16 5 8 18 29 18 20 25 3 6 3 22 10 13 25 28 1 17 29 5 5 1 16 18 22 2 5 8 7 23 13 12 26 3 29 30 26 7 6 19 24 18 15 22 1 8 12 28 15 18 30 6 13 23 11 16 16 11 22 18 17 9 21 3 7 16 1 5 10 28 24 17 8 30 13 12 2 20 25 23 21 17 14 25 2 14 2
8 3 5 3 13 17 21 30 23 1 10 20 21 9 1 3 7 4 18 4 24 23 28 22 9 8 8 22 26 29 1 2 15 0 29 1 16 30 19 25 0 7 20 15 29 18 29 4 17 24 18 19 0 5 26 14 8 6 5 13 24 25 24 26 11 17 5 17 28 4 4 13 0 20 14 30 12 23 8 16 29 18 20 8 6 18 20 8 26 26 20 30 27 23 17 5 27 16 22 10
3 15 26 18 27 8 17 5 5 24 24 25 23 5 18 8 3 23 17 28 10 21 27 17 24 27 10 12 12 22 24 19 13 29 13 0 5 7 17 17 19 27 14 25 27 18 10 30 9 15 9 25 9 21 9 28 13 19 0 21 28 8 7 2 25 28 29 22 16 20 12 29 9 2 24 12 18 9 22 9 3 18 30 28 5 7 4 9 27 30 19 8 27 22 21 26 3 2 11 7
22 19 11 24 11 2 26 20 19 0 14 20 4 4 24 1 15 12 14 30 5 14 14 11 4 29 8 20 14 12 27 21 21 0 18 6 5 30 8 20 4 22 7 5 10 12 1 21 6 8 4 28 27 1 2 18 20 22 18 8 26 18 7 6 13 0 26 12 26 11 0 17 0 1 6 25 27 13 21 30 2 10 27 21 1 4 14 26 6 21 3 10 19 12 6 6 30 1 24 0
6 24 4 14 25 20 23 16 7 25 23 19 2 13 24 8 25 4 8 10 12 10 20 10 7 4 0 14 30 15 30 3 0 24 17 30 15 6 26 18 9 12 22 1 23 11 20 19 23 17 28 11 20 27 7 5 29 7 0 3 22 4 16 28 19 28 27 6 2 14 4 19 10 10 27 8 22 15 11 1 17 14 1 4 23 15 9 11 10 8 15 4 25 10 25 23 25 5 1 25
24 18 3 26 28 3 16 9 18 24 14 23 11 25 21 3 26 23 12 26 24 21 1 6 18 6 28 14 24 7 17 8 8 18 17 1 12 18 17 5 15 12 11 24 7 11 7 6 30 27 30 16 29 3 19 24 19 23 18 15 13 28 5 16 9 4 13 17 29 17 23 16 7 4 12 10 20 25 5 4 25 2 25 21 8 28 7 0 16 18 16 12 5 13 4 9 4 10 27 22
11 12 24 6 23 12 22 5 20 9 16 30 3 26 12 30 30 29 4 22 20 19 5 2 4 1 24 3 1 26 30 9 26 11 28 13 26 18 18 25 0 20 17 21 28 12 28 6 3 20 13 26 28 5 21 23 16 24 23 13 1 3 23 20 18 29 6 23 24 5 22 7 6 13 0 10 5 29 8 20 13 25 6 12 17 10 22 24 18 23 29 13 24 27 3 19 14 30 3 9
1 27 0 30 12 6 12 29 29 26 10 19 9 17 18 29 10 17 14 24 3 21 1 11 1 3 20 9 13 11 24 9 19 11 8 21 3 22 27 10 17 2 11 1 6 10 9 2 9 25 18 18 19 7 5 10 4 26 28 4 17 3 23 1 21 23 5 15 5 22 25 4 25 10 0 20 20 23 7 25 25 1 1 22 8 23 9 16 10 6 6 4 17 19 28 18 12 22 27 17
0 15 4 2 15 20 15 5 2 0 13 6 21 7 7 27 3 9 23 26 0 25 27 15 15 6 4 21 27 24 18 6 5 6 18 15 27 23 0 24 22 11 18 11 19 19 21 6 19 8 22 29 9 19 21 29 13 28 11 6 1 0 30 11 22 9 13 7 27 4 21 18 9 0 28 4 22 11 0 7 26 11 20 21 28 27 4 30 22 2 9 5 14 23 30 22 10 10 1 17
0 0 23 2 9 24 17 25 18 14 19 17 12 5 20 21 28 16 12 14 1 12 28 26 6 23 16 0 1 25 15 19 25 5 23 15 13 30 13 18 11 16 9 25 6 25 15 1 2 22 13 23 11 18 21 7 14 15 26 1 22 18 5 25 23 8 17 19 23 9 17 21 8 2 8 25 30 3 28 21 12 19 7 14 21 16 2 27 2 9 2 1 7 8 27 3 11 20 2 20
26 29 14 24 15 20 30 1 14 13 18 7 25 21 17 12 21 29 3 26 22 29 18 22 10 10 21 7 9 22 10 2 5 4 10 23 8 3 4 5 27 18 14 10 5 4 8 8 7 27 14 8 28 23 9 26 26 11 15 2 20 10 15 20 10 26 11 5 17 28 8 23 18 18 14 4 14 15 16 17 15 19 11 14 18 2 21 11 21 5 2 21 27 10 16 19 7 8 28 5
6 8 4 4 2 18 8 19 9 5 23 19 21 16 20 24 23 15 23 20 13 9 9 7 10 0 12 4 10 2 30 25 19 14 6 18 3 5 11 12 26 4 26 22 16 5 3 11 28 1 10 11 20 9 8 3 15 29 1 2 28 17 23 24 5 15 18 26 17 10 29 5 24 22 13 30 14 27 9 28 18 25 16 6 21 20 24 25 16 19 28 1 4 1 3 1 1 8 1 5
7 16 18 4 6 25 2 2 4 24 17 3 26 29 5 21 0 21 19 25 28 21 17 4 10 5 20 14 14 7 26 16 27 15 10 25 9 30 5 10 16 14 4 26 13 24 25 15 5 2 29 3 2 26 23 10 17 19 10 16 7 21 30 5 10 4 22 0 4 5 1 28 10 26 27 12 23 30 10 28 26 24 1 27 21 15 30 3 23 16 25 2 23 0 23 14 11 4 0 26
14 9 22 14 28 23 3 17 10 1 23 20 2 25 12 9 11 18 9 17 1 7 8 28 0 10 16 30 5 15 17 23 21 2 10 6 8 3 11 2 3 7 19 26 16 13 16 26 7 24 10 27 10 8 27 16 1 28 11 23 26 4 23 26 14 10 21 9 13 8 14 10 29 21 24 2 11 3 28 29 9 2 27 1 25 27 8 28 4 14 16 27 25 15 5 14 5 26 9 10
2 14 10 16 23 10 17 1 15 2 25 30 30 20 5 25 25 8 27 2 8 21 20 25 6 2 15 15 0 1 7 29 18 14 25 26 1 7 0 1 23 6 18 18 15 14 2 5 13 26 0 11 18 11 1 26 16 12 21 12 29 30 24 25 15 16 22 23 30 21 22 19 9 10 1 11 30 7 30 7 15 8 29 3 16 17 8 3 12 12 0 9 20 18 13 10 19 22 21 20
11 21 6 7 25 17 27 19 3 26 30 21 25 23 0 2 5 9 22 6 11 30 4 8 10 28 19 2 16 5 4 6 14 11 14 27 29 30 21 12 21 24 26 18 17 10 1 18 21 27 19 7 10 23 20 24 29 15 9 12 8 19 3 17 23 30 16 8 18 17 16 17 16 25 17 20 8 14 12 23 0 30 25 14 5 12 25 23 0 20 17 8 17 20 1 17 4 10 25 28
13 5 27 2 14 15 14 9 1 18 25 11 16 18 23 23 3 22 11 24 19 14 10 23 8 13 4 0 22 5 15 6 18 16 11 5 3 8 19 8 11 16 1 22 5 29 28 8 23 13 23 16 19 17 6 11 26 11 30 5 14 7 4 12 21 13 13 4 16 15 22 15 15 23 27 20 17 25 16 10 15 13 9 7 12 27 2 15 17 1 2 21 0 22 18 6 24 7 12 11
1 16 16 24 8 19 13 1 11 27 28 26 8 30 22 2 22 9 17 20 20 11 22 4 0 2 1 3 12 4 20 24 27 3 16 19 7 7 16 24 10 21 26 5 1 6 6 11 25 2 13 18 10 9 22 23 19 7 20 11 15 13 17 22 13 18 6 15 30 28 19 21 23 12 8 0 1 13 1 3 4 19 1 5 6 9 1 6 7 18 19 16 10 1 6 3 4 28 0 6
2 25 6 29 6 14 21 25 9 29 17 15 10 13 0 26 5 22 2 19 1 29 17 17 20 8 11 8 16 0 11 26 29 13 18 6 3 30 22 13 4 0 14 12 13 9 3 16 16 6 11 4 18 29 5 28 17 28 6 29 30 4 18 6 14 1 11 5 26 18 12 18 2 14 10 1 27 5 3 6 11 27 29 29 10 4 1 9 28 20 4 6 15 2 25 1 30 1 3 20
15 22 10 28 6 9 27 9 30 1 25 7 24 26 13 21 27 6 20 21 12 4 30 23 4 18 8 5 3 25 24 15 1 26 29 19 12 19 6 24 9 8 17 17 23 6 24 4 15 8 18 14 0 26 18 12 12 24 3 23 20 10 18 26 13 5 7 15 4 29 29 15 12 26 27 23 18 7 25 8 2 12 6 18 8 24 25 7 10 28 22 19 17 5 13 6 23 21 30 6
5 28 30 22 26 24 12 3 29 5 24 16 18 9 30 8 7 23 6 24 13 21 6 22 13 20 20 15 16 0 29 17 22 3 12 1 1 16 5 14 10 16 12 10 12 16 15 21 2 2 28 26 29 26 19 23 2 23 16 28 1 29 24 21 13 22 10 14 29 7 27 27 20 3 10 7 18 1 18 16 10 10 28 11 15 17 9 28 28 18 12 7 2 21 4 25 6 23 24 10
11 16 8 23 12 18 7 8 4 15 6 15 22 13 28 2 23 18 6 29 30 17 22 29 8 5 15 4 13 3 29 1 27 26 2 18 11 17 28 28 19 27 14 29 8 24 16 8 23 24 24 1 3 7 11 3 28 11 23 2 13 9 19 22 15 10 12 29 26 20 22 18 16 1 16 4 19 20 5 13 14 30 13 24 10 21 27 1 14 24 27 23 21 1 26 22 18 19 0 25
9 8 21 19 8 30 6 7 11 2 23 10 21 2 10 6 28 14 12 26 3 23 12 25 19 15 27 19 6 7 28 1 1 10 6 9 19 25 0 28 5 21 6 29 21 10 14 21 19 3 28 21 9 13 7 23 23 13 28 28 9 1 16 8 6 20 15 11 30 14 19 16 4 21 17 20 16 27 26 12 7 25 27 18 26 5 28 5 8 14 30 13 3 4 9 1 13 25 30 7
17 14 27 27 12 21 15 13 10 25 9 23 18 23 29 26 11 26 2 9 15 8 29 20 0 11 13 14 21 4 2 15 7 9 13 24 2 13 7 28 5 9 13 13 27 28 26 23 18 8 19 21 26 3 13 20 24 26 1 4 6 22 8 14 18 13 0 28 15 9 14 15 16 30 6 29 16 22 17 21 26 27 15 10 9 14 22 28 6 3 6 1 22 1 13 25 30 10 4 21
12 12 4 5 22 30 23 15 16 12 18 13 17 13 13 8 21 5 27 5 25 6 5 19 14 23 0 5 14 1 0 26 27 11 6 25 10 4 11 24 14 7 18 30 15 2 30 9 18 1 13 3 28 26 19 14 29 30 8 17 0 12 24 15 10 17 6 13 14 6 10 23 13 2 28 5 11 22 22 19 8 19 13 14 12 6 11 8 11 26 2 25 0 28 18 24 27 13 1 19
25 29 12 6 14 13 18 5 22 5 28 9 19 24 20 12 23 16 7 18 11 24 13 4 7 10 16 13 15 15 13 25 11 22 20 29 29 27 27 15 25 5 25 17 23 21 7 26 26 9 25 17 1 17 10 9 8 2 1 3 23 1 3 17 19 15 5 26 26 16 29 8 2 22 17 14 11 24 4 28 20 26 17 4 29 7 1 4 2 15 13 8 0 2 5 12 12 29 27 26
17 17 6 27 1 6 23 28 23 25 17 22 30 26 25 10 12 14 8 17 1 13 14 27 19 3 25 30 22 23 1 5 10 11 8 4 12 23 23 14 26 19 12 23 26 24 2 26 26 20 0 28 29 23 23 4 17 24 18 19 17 11 10 28 7 24 25 22 26 26 26 30 16 21 30 30 21 19 29 4 10 18 25 27 30 20 6 9 18 1 4 20 17 18 6 18 19 0 6 5
4 27 25 28 19 28 9 20 19 23 19 16 1 24 20 26 17 17 22 11 13 23 3 19 27 19 1 4 27 15 25 24 8 24 10 7 28 25 3 0 27 9 4 14 5 15 20 27 11 19 0 19 24 21 7 21 11 1 5 12 30 17 6 19 8 29 24 10 30 6 21 4 17 28 18 10 1 27 29 0 23 20 25 30 9 30 29 15 22 3 18 12 4 1 7 11 29 30 11 18
6 4 7 18 8 5 4 24 1 29 27 20 3 27 24 12 23 23 27 7 24 22 18 5 0 6 13 10 1 3 9 19 7 5 2 25 14 26 3 23 6 0 17 24 18 21 20 10 17 1 6 3 11 15 2 20 26 0 9 11 4 30 21 12 26 4 18 12 18 12 28 12 24 11 2 21 18 10 2 15 29 19 17 28 25 8 19 27 20 29 24 14 4 23 17 3 13 22 28 19
1 30 21 25 14 18 16 18 20 26 17 22 25 30 22 0 20 14 0 10 27 14 13 4 25 18 11 25 25 10 2 12 12 1 14 4 16 9 2 8 21 22 19 4 8 30 12 26 6 19 14 17 25 29 0 29 9 20 27 30 4 6 27 11 20 11 26 24 30 7 12 9 7 11 21 11 0 7 19 4 26 6 25 24 2 8 11 18 19 14 1 11 5 14 0 9 20 22 26 28
20 15 26 21 24 27 20 30 15 9 22 6 29 29 30 8 14 7 30 26 26 23 28 17 6 12 9 16 4 8 12 26 26 4 26 11 18 29 18 22 9 4 20 7 20 10 21 6 17 12 19 2 5 8 21 13 25 30 2 26 11 2 22 14 12 18 8 8 18 18 21 25 29 22 11 16 27 2 27 13 22 22 26 25 19 18 10 30 5 2 2 15 8 7 23 10 21 17 4 29
2 10 0 5 14 4 26 7 21 22 18 19 24 19 18 5 6 8 2 7 19 0 29 16 3 3 21 9 28 2 8 5 4 3 4 8 6 6 15 10 22 20 26 25 19 21 19 13 26 30 3 11 25 25 24 10 22 0 5 3 25 17 30 26 26 30 21 28 30 4 19 10 30 10 13 16 2 18 17 7 1 20 13 29 17 16 29 4 12 0 7 15 30 17 18 25 21 6 30 20
23 18 25 30 6 10 6 4 0 21 26 1 8 5 25 17 2 8 11 18 9 15 14 15 8 26 0 30 1 11 23 17 15 15 7 26 10 4 9 5 10 11 9 1 15 2 29 11 8 9 21 30 14 4 22 17 24 15 29 17 26 22 8 5 4 13 1 23 19 22 22 8 6 26 1 8 6 2 6 24 17 16 23 2 19 23 12 28 7 2 15 30 4 27 23 22 1 25 0 15
4 24 11 9 21 11 22 22 4 11 27 1 2 20 18 25 12 0 1 11 25 5 6 2 5 3 14 25 16 20 8 26 24 13 20 17 28 20 13 6 25 24 6 27 9 16 23 16 11 21 12 12 9 16 28 0 28 30 1 19 28 6 22 3 18 12 23 1 3 16 19 30 10 18 18 30 17 7 29 13 27 7 14 5 13 28 15 12 12 2 7 25 23 4 2 28 9 1 8 1
14 4 25 13 27 27 30 30 25 18 3 15 30 2 2 12 10 3 16 22 1 14 4 15 2 1 2 28 19 30 14 18 2 9 5 7 5 29 26 21 30 2 26 11 23 17 16 13 10 15 8 5 27 0 8 25 0 3 29 30 4 15 8 10 3 29 27 24 4 5 27 13 23 13 27 23 17 8 23 18 14 28 1 20 14 27 13 30 29 10 20 25 16 23 9 9 17 26 9 5
6 19 16 21 2 23 23 1 23 7 30 23 2 26 13 9 3 7 23 20 10 10 30 13 9 30 7 12 26 12 2 17 12 25 1 7 9 24 5 4 14 7 17 26 6 6 3 7 5 23 26 2 7 20 15 12 3 29 19 18 6 1 20 23 10 6 7 14 20 26 28 19 30 7 26 27 4 20 10 6 28 17 5 3 12 22 4 20 22 10 24 25 27 18 10 15 27 27 2 12
9 0 11 16 30 2 17 25 17 14 0 1 9 10 24 21 28 22 2 8 18 11 18 24 20 18 29 27 5 15 14 3 20 29 11 1 26 17 23 16 24 13 21 1 7 5 5 11 7 13 21 27 2 18 4 20 21 5 27 3 11 22 7 25 0 5 1 2 11 9 29 20 25 2 16 2 11 10 24 20 18 26 18 28 30 8 16 3 15 17 7 18 13 4 26 2 27 13 24 28
15 9 9 2 0 2 18 20 7 6 17 19 25 19 19 30 16 13 26 16 28 10 22 15 25 2 14 28 26 6 30 25 28 17 7 20 0 20 13 27 0 24 15 5 9 19 6 16 7 27 6 30 23 23 30 6 2 10 21 4 21 24 29 1 11 25 17 25 15 4 28 24 30 25 27 25 17 4 8 1 3 22 12 22 3 9 14 8 7 30 5 14 5 19 24 16 14 8 28 10
3 5 28 24 6 7 23 15 21 10 20 4 29 18 12 25 9 4 26 17 15 21 17 25 8 12 30 18 30 19 24 13 11 0 0 9 27 7 27 12 17 15 14 10 16 17 3 12 3 27 22 5 22 27 27 30 2 28 12 11 9 11 10 30 18 24 4 27 20 3 4 23 30 30 8 9 20 4 24 3 22 12 19 19 7 23 20 27 5 11 6 6 15 20 16 21 7 16 20 6
4 9 8 8 28 9 30 19 7 13 10 7 2 16 11 23 16 1 25 23 14 5 11 11 29 7 17 29 8 28 24 26 1 4 27 27 4 22 9 3 27 11 15 8 4 4 9 28 17 15 12 12 18 5 21 8 29 26 29 18 26 16 30 3 1 14 24 13 3 16 28 17 29 17 1 13 8 21 28 4 23 19 21 12 2 6 16 30 1 19 11 14 6 19 29 19 23 4 17 12
27 0 0 2 28 13 3 3 16 11 2 9 22 6 14 0 3 10 2 4 19 7 22 29 5 16 28 25 3 6 25 25 14 6 17 11 3 30 14 20 0 7 3 1 25 14 29 28 18 11 2 11 8 17 2 7 24 0 16 14 3 29 29 8 14 15 19 13 0 20 8 12 25 25 26 21 10 3 2 10 16 16 2 9 10 3 17 24 27 2 5 3 20 22 14 24 11 5 11 3
9 13 16 4 26 20 24 27 23 27 16 18 26 4 4 25 20 6 9 4 5 15 0 11 23 12 10 17 17 9 3 6 0 1 13 18 24 1 1 6 21 24 1 23 14 0 30 28 10 25 4 16 19 29 10 15 29 7 25 17 15 10 5 16 17 18 27 13 13 11 19 12 19 25 4 17 25 21 9 18 24 21 8 15 8 9 8 26 18 16 27 22 24 16 1 5 28 0 12 21
6 26 6 3 24 18 3 15 30 23 9 19 13 9 27 22 22 19 0 27 6 9 2 14 30 8 22 14 28 29 27 9 11 30 17 16 12 24 10 6 11 0 21 1 15 22 23 3 21 8 13 2 12 1 12 3 11 21 9 3 5 25 29 8 21 5 14 17 28 11 28 21 6 13 27 7 5 11 12 27 2 21 2 24 30 0 3 12 22 21 9 4 2 22 20 1 6 26 0 2
27 3 10 10 25 6 23 18 18 8 26 4 23 16 18 8 8 16 20 30 3 12 5 14 2 13 11 15 28 12 11 5 27 2 29 21 6 9 10 25 15 0 17 1 4 0 23 8 25 25 22 9 4 19 24 30 24 12 7 7 30 23 26 6 9 5 8 30 15 17 21 6 11 25 11 27 24 13 2 29 27 8 22 0 7 18 11 7 27 8 27 2 10 20 7 27 17 23 8 18
8 5 0 8 28 9 15 21 26 11 10 17 3 15 29 29 9 10 21 22 30 3 16 18 6 29 19 2 7 26 1 29 10 25 8 11 10 22 19 19 16 22 17 18 17 20 15 29 27 13 24 1 2 16 10 20 19 23 14 11 11 30 29 21 24 21 22 29 0 3 19 27 24 19 5 4 19 20 20 16 20 5 22 26 0 8 2 19 0 27 4 16 6 19 27 14 18 24 29 19
7 24 13 0 11 19 0 4 11 25 10 15 11 14 12 23 3 5 5 23 18 10 9 30 22 11 10 0 8 27 5 24 7 2 30 25 30 17 25 3 9 13 29 16 28 16 17 30 6 6 21 2 20 19 18 0 30 9 11 21 11 30 28 17 28 1 17 16 2 19 18 1 11 6 2 20 6 0 14 29 22 24 7 5 0 9 21 17 7 30 8 27 26 16 16 11 29 30 19 25
19 25 17 15 7 28 9 30 19 25 26 0 8 11 14 1 21 24 19 22 22 5 18 18 23 20 5 20 15 15 16 16 3 30 13 29 19 9 30 0 17 25 2 18 28 13 28 11 27 16 5 12 29 30 29 27 5 0 10 26 7 20 19 15 3 1 8 30 29 24 28 14 29 19 24 8 27 12 17 6 26 24 7 3 8 12 24 11 1 24 19 25 14 17 27 20 1 9 6 14
17 15 2 27 10 27 21 10 16 23 15 5 14 24 3 22 15 1 30 20 12 0 29 20 15 6 21 8 27 22 20 14 11 1 10 8 17 17 6 10 28 1 11 30 8 20 7 2 1 30 11 24 28 18 21 1 17 18 5 1 16 19 4 4 6 10 27 2 21 7 22 21 11 15 9 10 6 8 1 18 26 13 3 8 17 16 16 17 5 12 9 19 17 24 30 30 23 5 24 28
25 11 18 8 30 12 1 2 24 12 30 11 19 0 2 23 16 20 1 27 6 22 22 0 13 10 14 24 11 10 11 2 28 18 29 5 22 19 14 13 4 26 15 3 22 13 21 14 3 5 20 0 17 21 26 16 10 21 13 23 28 2 26 8 0 21 16 3 8 0 21 18 11 9 27 17 21 15 2 16 20 22 29 5 5 14 0 23 21 2 29 27 23 23 0 16 28 21 4 22
2 11 2 8 9 12 2 2 22 21 11 21 21 27 21 19 28 24 17 23 20 5 17 4 18 9 2 15 23 8 19 1 14 10 28 8 13 28 1 5 11 5 26 30 12 15 5 19 26 28 30 2 30 2 18 10 3 22 27 0 11 14 18 4 28 10 9 27 20 9 22 1 5 4 24 3 26 15 1 26 2 27 29 17 2 3 10 6 26 28 7 8 8 21 24 12 0 29 28 9
