14 14
27 3 4 29 12 18 16 2 9 22 22 26 9 11
15 7 3 1 26 10 21 29 24 5 1 30 30 10
21 13 23 16 29 11 11 1 13 23 19 3 30 25
28 24 0 16 1 17 13 13 9 9 19 3 2 21
30 9 8 22 9 2 11 25 20 22 22 5 22 8
17 16 1 9 15 8 17 19 3 9 22 27 11 0
9 9 26 17 15 14 3 28 13 13 11 15 4 7
29 20 9 17 8 2 16 18 21 21 15 30 26 5
29 18 19 18 5 2 19 23 5 3 14 8 29 24
5 17 3 29 2 28 10 18 16 30 11 13 22 13
27 1 2 17 18 19 24 9 27 25 6 5 21 2
5 30 4 24 3 12 9 19 26 28 26 3 2 26
18 13 28 10 23 5 19 15 4 19 29 13 22 25
23 4 5 10 12 28 28 17 6 22 1 11 17 21
