18 18
21 16 0 5 7 12 0 28 23 13 5 30 14 27 11 6 30 23
18 21 25 25 20 24 16 27 27 1 6 15 20 29 0 24 27 17
23 27 15 13 24 30 26 22 15 27 13 20 19 4 29 19 29 17
9 29 17 3 13 21 0 20 26 16 23 30 3 21 14 29 0 12
25 15 16 14 17 1 12 1 1 0 21 25 15 18 22 26 19 8
19 24 4 4 19 13 29 10 23 15 2 25 6 1 27 19 5 15
8 11 14 4 7 8 7 1 2 21 3 3 20 21 25 11 29 25
20 27 3 18 19 1 2 1 4 15 21 21 11 3 19 3 9 29
15 21 30 24 26 2 20 4 18 23 2 23 5 17 5 15 10 6
27 3 25 15 18 5 29 25 24 26 7 19 17 19 13 3 29 23
15 3 16 29 29 23 24 9 22 12 28 19 30 13 25 6 29 14
1 13 12 21 21 16 16 1 1 6 16 6 8 3 28 15 10 3
11 25 26 24 5 28 2 22 18 21 1 22 20 29 21 28 11 27
1 13 8 2 21 26 27 20 22 10 22 26 29 6 2 10 10 18
8 26 7 1 25 18 9 9 11 12 2 19 18 28 3 21 7 16
10 0 23 30 1 2 29 12 2 6 21 24 15 17 11 5 28 19
23 6 12 12 4 2 10 28 9 7 22 13 15 22 1 18 24 9
19 21 15 20 21 24 11 8 12 18 3 7 26 0 17 7 18 25
