20 20
8 30 24 13 12 6 30 22 4 1 15 2 10 19 29 30 12 3 23 24
16 2 8 6 5 26 9 14 25 10 30 7 29 17 27 9 24 11 2 30
27 11 16 5 19 8 0 1 19 24 29 17 19 11 26 30 4 6 21 0
28 12 25 18 9 12 8 16 3 26 3 23 18 14 23 30 20 7 16 26
15 8 18 28 23 25 9 30 19 18 16 17 15 18 29 26 2 10 2 12
13 7 7 0 25 4 5 23 13 30 3 27 30 8 12 6 15 11 9 18
14 19 0 15 23 6 8 20 5 20 27 20 19 12 24 15 26 16 1 17
1 17 12 16 24 3 26 15 12 16 29 14 17 1 23 21 6 30 1 3
7 29 26 18 13 20 10 4 5 21 8 26 13 27 21 26 15 1 23 3
1 13 21 19 2 26 27 25 29 5 6 5 14 14 4 10 2 26 1 16
12 18 0 21 4 17 25 24 21 25 27 18 12 5 3 16 16 17 10 5
23 10 22 1 2 1 17 2 13 12 27 15 12 16 9 15 11 5 14 6
4 1 6 26 25 8 11 14 2 7 30 10 11 15 18 15 2 17 10 23
12 17 29 2 24 27 17 2 1 5 22 19 17 5 9 26 14 9 18 14
20 15 25 30 11 30 13 4 15 8 27 5 1 29 6 8 8 2 12 29
30 30 23 23 10 0 0 27 3 6 5 9 7 10 14 28 14 6 20 23
15 15 1 5 17 2 11 10 12 16 10 7 4 22 21 17 29 16 5 3
12 9 8 2 23 15 4 19 2 19 4 26 14 9 23 15 3 8 21 17
29 17 14 13 5 25 19 8 21 3 17 22 15 7 5 13 12 28 14 8
30 24 6 22 2 26 29 10 12 26 11 22 25 20 11 6 14 1 16 21
