23 23
4 0 20 19 28 15 3 18 7 27 13 21 24 2 24 27 5 25 14 21 12 23 12
19 20 12 24 5 4 5 1 8 30 18 14 4 2 12 11 7 23 17 21 6 29 4
9 28 3 10 19 9 1 0 30 11 0 30 25 20 18 1 2 29 0 29 11 23 1
18 9 7 3 5 9 11 2 6 0 20 3 15 17 7 7 20 0 1 4 25 25 9
19 25 5 6 25 11 21 24 30 12 10 22 8 5 7 6 11 6 2 27 11 29 28
30 17 2 27 27 30 24 6 11 6 9 5 11 21 25 11 27 7 5 3 27 5 25
9 10 4 26 29 20 19 16 18 2 21 26 26 26 20 21 23 17 4 9 12 29 22
30 24 19 6 17 7 15 18 20 5 13 14 11 8 18 18 27 10 19 19 8 19 5
1 6 20 16 22 15 23 24 19 30 15 3 30 3 2 5 6 12 2 25 27 8 1
30 19 5 3 26 29 29 27 15 10 2 9 19 21 14 17 11 30 29 19 22 22 6
3 24 28 4 30 0 1 11 4 12 18 9 28 4 22 3 14 27 5 22 14 17 8
30 1 8 17 17 5 3 28 30 11 12 4 11 0 19 3 1 15 13 28 14 11 17
28 26 20 19 0 30 4 1 20 3 11 21 10 7 28 22 21 21 24 1 18 21 18
27 15 29 30 9 15 24 9 4 8 13 10 25 28 23 17 16 15 4 28 1 22 1
1 0 5 17 7 14 25 25 29 30 2 13 29 23 6 7 7 30 23 10 12 7 21
15 10 11 16 3 7 25 27 14 16 28 3 2 15 12 20 16 29 9 10 9 13 19
14 15 8 6 12 10 0 22 16 7 21 8 12 5 10 30 30 13 7 11 5 4 6
0 1 16 20 27 7 30 25 30 25 19 18 27 7 15 1 19 14 0 18 22 17 27
19 21 8 19 27 30 18 24 8 8 15 13 15 26 1 17 13 26 11 13 26 23 5
30 5 23 0 3 26 3 17 5 4 23 17 15 7 16 4 29 7 1 21 16 6 2
28 25 11 6 0 18 16 1 11 3 14 11 28 27 16 1 10 0 15 2 22 15 17
28 14 7 7 3 27 10 29 28 11 2 2 21 11 13 19 1 5 23 19 5 12 25
12 6 1 24 22 23 17 3 7 25 17 17 23 5 22 17 29 5 29 27 5 10 0
