25 25
29 18 1 12 0 15 2 10 21 1 28 30 21 13 22 16 24 0 0 21 19 29 24 29 23
1 24 7 10 19 14 0 13 10 24 21 18 0 6 23 2 15 22 29 1 30 22 4 26 5
15 21 21 19 23 4 9 6 23 22 10 11 29 27 11 14 3 7 0 2 14 13 23 21 29
18 7 30 29 22 29 6 27 9 9 26 28 30 4 5 26 27 9 25 12 24 4 23 21 23
28 9 18 12 26 18 29 22 11 7 11 26 20 23 27 29 29 26 28 9 3 17 3 13 6
22 25 6 1 14 11 5 28 24 6 9 9 4 20 9 13 27 12 20 14 14 29 16 8 24
1 21 6 29 6 24 20 18 14 20 22 7 12 20 27 6 12 25 25 9 17 14 0 18 2
11 26 7 30 17 10 18 5 21 13 10 6 8 10 20 26 10 29 13 22 19 15 24 11 6
21 16 12 25 27 15 28 9 8 28 16 10 14 12 8 6 6 3 28 21 14 10 2 2 11
21 22 13 23 3 27 5 9 0 22 3 23 5 26 13 7 10 10 19 30 16 20 19 14 6
7 20 21 2 13 22 29 19 0 17 25 18 19 10 22 12 8 18 30 15 14 22 28 18 28
13 25 1 26 12 2 18 22 7 24 29 9 19 19 4 12 12 27 5 7 1 2 11 14 28
11 9 17 6 29 8 11 16 4 6 15 30 6 29 25 13 9 2 20 4 27 12 21 20 29
4 9 10 19 25 25 10 8 30 20 23 8 29 11 0 17 1 30 23 10 4 18 8 14 28
12 29 3 10 12 1 27 20 24 24 16 3 11 14 14 24 3 20 29 13 25 16 12 22 1
11 27 16 6 11 23 3 11 30 17 28 3 23 25 14 4 18 16 0 17 27 16 19 11 22
17 29 5 18 18 3 9 30 18 24 22 22 21 5 1 26 12 24 13 19 17 7 6 17 10
17 29 5 10 18 19 20 27 17 14 16 23 10 26 10 15 5 14 2 7 27 5 18 30 5
28 11 10 18 20 6 9 23 2 20 25 16 4 3 11 12 11 26 9 8 28 24 3 21 1
4 9 19 12 16 10 16 9 15 18 21 4 25 20 17 8 5 21 6 28 24 19 1 10 2
0 12 10 27 4 23 27 21 6 19 10 22 5 4 17 2 19 23 26 12 5 23 29 6 11
23 3 6 10 23 16 28 7 28 13 30 22 18 12 12 0 17 20 5 26 22 23 4 6 4
30 1 25 15 10 7 21 0 12 3 27 15 22 5 10 3 21 1 27 18 13 5 14 24 18
22 13 1 4 14 19 1 5 25 14 22 6 22 23 16 7 19 15 14 2 28 22 7 13 16
30 26 4 28 20 10 30 6 8 18 2 13 19 3 23 12 14 30 27 4 11 1 7 28 2
