29 29
15 11 13 3 8 24 29 10 1 27 8 8 26 28 4 0 8 14 25 17 25 14 18 21 18 30 29 12 29
11 2 27 24 21 5 11 17 27 17 26 9 4 11 12 4 10 28 3 7 5 28 0 22 3 28 24 3 1
14 19 26 3 30 15 17 28 7 26 5 26 25 21 14 17 6 9 1 15 15 12 22 28 28 28 1 10 26
6 2 13 8 4 8 16 25 30 3 9 19 11 17 5 30 16 7 22 8 4 13 10 3 1 16 27 15 1
24 22 21 21 18 13 27 24 24 17 2 30 14 1 11 29 2 4 13 17 15 15 1 0 29 0 14 19 4
0 25 18 25 7 27 15 18 3 19 29 20 25 13 6 23 19 6 27 27 12 20 16 19 9 1 5 30 19
11 5 25 12 27 24 16 14 29 17 21 12 6 1 1 11 25 16 26 21 6 21 4 18 21 23 12 11 13
26 16 2 2 19 8 15 4 24 20 7 29 3 2 29 30 12 16 15 9 18 10 15 1 6 2 3 2 27
8 12 11 14 20 16 30 16 6 16 27 9 18 12 23 14 26 30 7 19 29 20 15 22 19 14 7 27 10
13 24 8 26 29 3 11 22 13 26 17 9 7 1 27 8 0 11 8 29 6 13 9 14 10 22 8 5 15
16 29 27 10 8 7 26 2 22 15 2 27 6 12 29 27 29 22 29 29 14 25 5 22 4 17 22 21 15
16 13 1 16 1 5 19 23 3 18 8 7 22 27 6 17 11 26 29 21 21 4 1 17 4 2 7 5 21
23 18 25 2 14 27 3 22 27 8 4 9 15 16 18 28 3 19 4 4 23 20 7 3 6 18 19 9 8
21 2 20 19 22 2 16 17 24 29 12 7 17 26 25 18 28 16 17 6 13 17 9 16 12 27 0 21 18
5 14 14 23 0 15 3 2 7 28 21 17 28 14 4 27 26 20 16 7 22 12 3 23 0 10 13 2 27
27 25 9 30 25 23 5 24 27 30 7 12 26 9 17 28 19 15 24 29 29 26 11 9 21 4 6 19 12
13 18 16 5 13 2 1 5 14 23 24 14 3 13 11 20 8 13 12 20 12 6 17 26 1 12 7 26 3
28 22 27 6 20 15 2 2 11 6 12 9 16 24 1 29 1 5 0 13 12 9 7 17 19 10 18 28 25
19 19 29 4 13 8 29 3 6 0 13 4 12 17 14 7 25 15 16 14 26 8 12 21 11 0 16 9 28
22 26 16 11 13 2 14 16 24 25 23 20 8 21 16 13 30 25 14 23 15 20 4 15 14 20 0 23 3
29 22 19 24 2 27 15 0 4 28 26 17 29 30 26 12 21 8 5 14 24 30 3 29 20 29 28 7 21
8 7 27 18 2 4 18 13 17 5 8 23 5 3 25 8 22 30 1 22 22 5 25 11 3 23 12 10 11
12 12 29 21 30 19 1 9 29 13 18 5 2 5 15 20 18 15 27 1 8 13 7 9 22 24 13 28 5
15 7 25 0 0 18 26 27 27 10 10 25 4 20 8 30 30 18 23 25 27 9 11 3 15 19 22 23 28
25 2 15 11 15 18 11 21 12 16 4 27 26 1 11 2 9 14 11 3 3 0 17 1 21 8 12 30 3
30 22 28 15 22 27 28 19 30 20 3 1 30 17 6 26 25 28 28 29 7 17 28 25 21 6 3 0 13
19 6 4 18 2 9 0 17 9 20 12 14 24 3 22 20 3 19 10 22 4 14 23 4 6 27 5 18 15
27 2 10 12 9 5 28 28 7 19 10 11 23 7 25 16 13 5 8 15 6 18 6 25 23 1 29 13 8
24 20 3 13 3 30 22 5 27 11 7 6 25 8 5 3 11 0 16 2 29 1 13 22 27 26 7 7 16
