30 30
1 15 3 0 16 17 15 10 18 11 4 7 15 11 20 9 1 6 6 22 12 5 11 28 28 9 8 28 5 4
27 26 29 28 30 1 13 12 7 29 9 19 29 16 16 25 24 18 5 13 29 12 0 1 16 23 14 29 3 17
24 12 3 26 13 14 7 8 15 26 10 18 19 20 3 27 16 22 16 9 28 13 23 14 6 3 7 12 16 27
29 12 1 3 16 28 28 4 19 21 27 27 14 16 1 4 6 15 19 19 6 29 22 16 21 10 5 14 26 14
21 26 19 20 10 28 4 29 25 10 0 18 15 1 22 0 27 6 0 11 13 25 2 1 23 6 16 19 2 0
25 4 29 10 18 12 12 28 18 19 27 24 20 23 24 26 19 9 11 15 6 8 19 8 4 10 10 8 4 27
8 11 18 28 15 24 2 16 30 8 27 29 8 1 29 26 19 22 11 20 22 30 21 22 16 24 25 18 20 6
22 5 30 29 25 20 0 20 6 29 18 4 13 14 25 30 5 25 11 26 29 1 0 8 29 17 16 4 18 28
14 10 28 9 9 1 2 16 20 17 4 12 16 11 21 0 1 15 13 4 11 20 8 16 9 23 10 7 18 10
25 7 24 8 26 14 24 12 12 15 29 24 25 16 18 15 1 19 5 19 25 6 23 5 11 26 21 7 25 26
25 10 15 21 29 8 28 3 17 20 15 28 14 23 24 23 16 29 7 23 13 3 16 2 1 12 19 4 22 24
0 29 6 1 28 29 26 13 27 14 17 5 12 16 2 22 1 6 14 9 0 30 2 16 25 14 12 24 30 24
13 4 18 15 20 13 13 19 5 24 6 0 9 24 7 4 27 0 26 3 8 4 9 17 11 25 9 25 29 23
9 1 14 22 3 15 5 12 16 26 18 27 25 8 26 22 24 4 3 25 25 15 16 21 22 27 9 18 15 19
24 6 7 5 19 13 30 24 12 23 20 12 23 11 3 14 27 5 3 16 18 21 1 22 17 19 24 11 15 29
14 3 29 26 2 12 11 22 28 10 12 3 30 9 4 7 13 23 5 8 6 6 5 8 23 30 11 14 11 16
20 0 16 21 6 18 1 20 20 14 9 0 1 11 1 14 20 18 9 10 25 28 9 10 9 23 26 14 1 3
1 5 27 7 6 12 11 13 0 9 27 28 13 30 22 4 10 16 22 6 13 14 25 11 27 15 10 15 11 26
19 16 0 17 2 11 29 26 2 26 30 3 8 7 28 22 4 11 13 29 23 4 26 9 23 30 17 26 10 18
25 10 19 11 30 4 7 7 12 26 0 18 5 13 25 8 9 26 25 7 14 0 14 25 29 9 17 7 12 7
20 10 14 27 16 17 30 13 18 10 4 20 14 26 15 0 27 24 11 10 8 6 7 21 30 5 14 18 18 13
20 2 13 0 4 25 22 20 6 13 4 11 5 26 25 4 18 23 10 29 22 25 0 30 9 0 14 22 2 22
23 9 15 28 20 15 13 6 19 30 4 18 9 4 11 0 25 3 29 18 8 27 11 18 24 29 26 6 22 15
4 1 27 4 22 19 26 13 23 25 0 16 20 25 19 9 7 1 22 29 16 22 3 13 3 2 9 1 3 2
9 12 1 3 27 7 10 30 10 15 17 15 6 22 28 22 21 28 4 11 5 17 24 22 1 18 24 27 3 29
24 26 2 5 16 18 28 25 30 24 11 22 19 1 29 11 19 13 12 5 23 21 23 18 10 2 30 21 29 20
0 0 23 15 28 5 9 15 6 13 3 16 9 22 16 6 2 27 0 3 29 17 16 15 15 14 8 26 22 30
14 10 9 30 13 19 23 20 16 19 26 26 19 29 24 26 15 9 29 19 26 7 23 20 22 27 9 2 4 25
11 11 4 23 10 22 20 8 17 25 19 11 3 2 26 18 25 30 24 23 21 29 28 20 11 26 11 9 15 13
5 27 19 15 2 10 23 30 13 19 18 26 17 19 7 21 4 14 19 5 5 14 11 22 8 21 24 15 27 15
