35 35
22 28 6 17 22 20 30 12 27 28 1 0 5 1 15 20 29 24 19 22 6 2 16 0 0 12 21 12 15 21 21 12 9 30 30
14 21 25 28 1 23 17 21 22 25 17 7 17 9 17 28 5 6 6 16 7 29 27 21 15 22 10 13 15 16 3 4 2 13 11
16 26 30 7 3 5 21 8 21 7 28 26 15 15 4 17 16 8 16 26 1 19 27 22 21 17 26 2 7 16 3 22 27 0 7
19 26 6 22 16 19 6 16 16 0 27 20 0 30 15 15 14 9 4 5 5 24 7 4 27 4 11 14 27 11 10 12 10 30 20
7 24 6 6 24 0 18 23 24 29 7 28 15 13 27 24 20 10 5 14 30 14 6 14 11 0 21 13 2 12 25 14 13 13 4
3 7 20 15 30 0 13 5 21 13 22 30 6 9 17 15 19 23 14 18 9 26 17 28 2 19 9 8 12 13 22 22 14 15 14
10 18 6 20 17 22 20 28 6 26 22 21 4 2 11 12 29 27 14 8 5 16 4 25 19 23 0 29 7 16 20 16 17 16 5
6 15 14 11 12 15 18 16 19 12 5 23 11 29 8 11 16 26 9 4 20 29 13 29 5 30 4 20 19 12 30 10 20 24 5
24 12 5 1 1 19 7 14 23 13 4 17 17 28 15 3 26 26 30 30 3 21 25 17 0 14 1 12 21 3 28 23 30 28 2
11 15 20 24 13 23 3 9 15 9 16 17 4 14 16 2 2 6 24 23 1 18 28 12 0 10 25 11 18 8 10 26 11 0 0
14 29 9 1 15 11 13 12 29 24 3 21 2 13 13 16 21 10 1 14 20 5 8 29 27 17 3 29 22 29 30 4 1 27 1
2 9 29 15 5 13 17 21 15 16 3 0 10 29 29 10 27 6 12 21 25 28 17 25 10 13 0 5 7 4 11 12 6 8 18
1 25 14 18 27 15 4 3 29 19 15 3 26 10 22 12 19 16 9 11 22 11 3 6 10 15 14 3 9 20 23 3 1 22 1
3 10 12 22 16 23 8 19 15 23 12 9 11 13 21 9 18 7 10 2 3 27 27 27 0 23 0 7 7 18 21 23 28 23 19
15 17 2 3 6 10 0 18 19 29 25 25 26 11 3 15 13 0 10 17 19 16 11 6 30 10 18 16 30 20 21 15 18 28 26
4 23 27 22 0 15 26 30 18 8 16 13 3 23 25 15 12 10 13 29 17 3 22 20 8 21 4 19 24 12 9 21 25 0 17
0 5 4 0 28 16 18 2 24 15 24 19 22 23 19 25 3 23 20 6 9 12 18 22 30 27 29 2 11 22 5 20 23 18 0
22 18 1 2 29 12 3 6 27 26 24 29 8 10 13 22 12 20 29 22 0 6 5 24 12 8 7 3 28 21 11 9 15 28 17
15 9 10 29 14 22 14 15 19 14 6 9 14 3 7 16 0 25 23 22 4 3 8 15 11 12 7 3 30 15 0 10 21 10 11
30 30 5 9 22 5 5 5 30 11 28 11 7 29 2 28 1 13 28 16 0 25 6 20 19 12 0 4 25 21 0 6 9 24 11
7 9 21 26 3 1 5 11 0 3 10 21 14 1 17 11 29 26 6 3 23 9 27 30 12 13 8 27 25 21 8 24 4 9 0
24 10 0 23 26 29 20 3 2 30 12 8 8 11 21 0 6 7 9 26 11 11 2 9 28 15 2 5 30 27 24 25 26 0 22
21 9 30 16 17 23 13 19 3 14 23 10 16 19 19 25 4 4 29 11 25 14 23 13 23 29 5 9 11 2 29 28 28 21 17
2 4 11 8 14 30 0 7 16 14 26 30 3 6 0 26 11 18 14 23 6 26 9 29 11 3 12 26 20 25 25 6 2 16 13
28 9 30 21 8 18 9 13 7 8 26 0 23 26 16 11 5 15 18 8 24 30 7 12 23 4 16 5 11 13 0 16 15 2 16
30 11 22 23 30 21 30 6 24 23 5 25 17 13 24 15 7 15 12 30 14 5 11 6 18 15 6 4 7 4 26 10 22 17 14
3 22 5 23 20 6 23 29 17 18 20 4 20 23 1 8 10 16 29 22 29 3 0 6 30 28 9 25 28 28 10 2 18 4 11
19 25 15 27 12 11 18 9 8 1 26 4 20 26 13 13 24 2 9 13 11 25 25 16 19 3 28 29 11 3 14 7 3 16 18
18 30 1 9 2 15 5 5 20 24 13 23 6 24 0 11 3 17 27 15 6 26 0 26 24 22 1 1 28 27 7 12 17 7 14
4 23 9 27 3 14 2 10 14 10 9 15 24 25 21 12 8 0 20 13 6 19 20 20 2 26 8 3 2 19 10 1 6 1 3
19 7 28 13 30 4 25 21 7 23 4 18 17 11 14 0 9 29 1 14 10 29 15 4 30 19 8 3 9 28 12 22 10 19 7
27 10 0 2 25 13 18 18 25 20 19 29 14 25 17 3 26 25 0 21 26 11 23 21 5 10 7 4 27 19 15 2 17 16 27
18 22 22 10 12 25 24 2 14 18 28 1 16 2 8 26 13 2 1 9 20 23 14 26 22 28 27 21 6 2 1 23 9 11 5
24 10 12 6 5 4 22 13 10 27 27 20 18 5 21 7 29 1 14 24 29 28 3 25 22 24 13 5 0 24 16 18 19 0 8
1 3 20 8 13 7 12 11 29 22 0 4 29 12 22 5 17 30 13 30 14 11 3 9 22 22 16 23 16 27 24 23 17 19 11
