37 37
21 21 24 12 21 21 6 13 11 18 21 7 10 8 16 29 0 25 23 2 12 13 19 26 3 0 26 6 11 4 11 6 16 1 4 25 2
4 23 0 19 16 25 26 28 3 29 29 21 4 22 17 18 17 20 22 18 9 2 8 23 21 7 21 5 3 5 12 11 9 1 7 29 11
23 10 29 24 29 16 29 3 14 24 10 19 30 8 21 8 3 27 5 18 24 28 28 2 23 20 2 15 21 12 26 10 8 3 15 14 20
20 21 0 1 5 12 18 12 27 14 18 7 18 22 21 16 20 30 21 21 11 7 8 19 22 20 20 19 11 23 27 8 12 2 24 21 18
24 21 11 6 27 19 2 21 14 22 19 1 24 15 1 23 23 10 10 25 29 12 26 2 15 19 4 22 8 6 0 12 28 7 2 8 27
9 19 26 20 18 0 27 20 6 25 0 7 14 11 30 16 26 4 0 23 5 16 29 4 19 18 7 6 28 24 14 12 9 24 13 14 10
25 5 25 18 21 5 7 21 23 26 27 3 22 12 11 11 24 11 3 22 20 27 23 0 1 17 29 16 7 17 24 3 30 17 20 26 27
21 12 16 19 8 6 2 23 7 12 17 15 5 10 30 19 20 24 8 6 30 29 20 25 5 23 5 19 0 22 17 16 21 13 4 1 2
24 13 26 11 15 6 15 15 16 1 18 3 29 14 19 25 4 8 2 22 8 20 25 27 18 8 20 27 0 0 12 3 26 1 19 2 13
13 25 4 10 3 16 21 26 5 23 16 2 4 0 23 5 13 16 3 10 30 16 18 6 17 1 0 14 21 4 0 30 23 30 15 23 8
30 0 3 20 3 29 23 3 22 27 10 27 30 10 7 11 1 9 0 6 17 20 30 3 6 12 25 25 21 24 9 17 8 16 17 24 5
16 23 0 9 30 21 18 13 12 19 22 8 2 23 8 20 12 1 6 0 16 22 10 4 20 9 14 14 2 12 30 10 11 19 3 7 14
23 0 20 8 11 12 4 22 22 24 29 25 6 7 6 27 17 27 7 1 19 26 22 3 19 27 9 4 15 24 11 27 18 27 15 28 3
26 15 26 22 22 24 22 17 19 0 17 22 19 5 14 10 0 17 12 21 1 27 28 23 8 4 3 17 30 0 25 18 1 4 14 29 21
12 1 11 13 8 16 6 7 16 15 11 23 12 28 2 21 29 4 3 1 21 14 5 6 14 15 10 26 28 11 17 20 24 23 2 9 11
21 21 16 23 29 24 24 0 11 20 12 15 4 3 25 14 30 17 16 22 6 5 23 7 25 2 27 22 13 8 11 15 6 15 12 10 6
20 29 26 30 16 17 28 0 27 8 5 13 1 7 16 2 20 11 21 23 26 6 24 7 20 22 25 17 20 21 29 21 18 19 3 12 18
13 23 15 17 16 23 17 24 19 24 19 17 9 22 7 10 12 18 29 15 15 6 29 15 8 18 2 0 4 7 7 3 20 13 30 28 2
21 4 14 30 19 4 14 17 25 22 2 14 13 12 22 15 18 6 15 17 12 28 25 27 26 0 5 7 3 8 0 24 1 28 29 19 4
2 8 9 2 28 10 27 24 5 26 9 30 2 12 17 28 19 14 11 12 21 26 29 11 18 23 11 14 26 8 24 13 10 21 16 4 21
29 16 2 10 5 1 25 17 18 25 4 28 1 20 8 9 16 0 18 30 12 2 8 7 29 1 6 8 24 12 26 24 18 24 8 0 3
8 25 8 23 2 10 10 10 9 4 7 7 21 17 23 3 15 17 1 22 8 28 12 27 30 20 18 20 17 28 25 27 30 20 29 26 24
26 0 18 8 24 4 16 19 8 12 20 22 11 11 19 3 12 8 21 30 3 21 22 17 15 1 26 16 6 14 26 26 12 11 20 0 2
9 23 27 3 20 17 18 14 26 19 25 24 0 7 5 23 25 3 8 13 5 22 25 26 29 10 30 29 29 27 16 17 23 20 18 24 12
17 16 15 6 30 6 21 20 3 18 10 2 1 21 21 14 24 19 28 21 3 20 16 22 29 29 20 28 4 28 23 9 12 16 7 29 17
26 18 26 25 20 8 19 27 16 10 1 29 17 13 10 16 6 9 3 18 6 13 4 4 24 19 15 7 4 3 26 10 28 2 24 23 4
17 1 6 19 14 10 22 11 10 10 4 26 15 6 15 8 1 13 4 3 24 14 25 16 1 18 4 24 27 2 21 28 28 6 9 16 22
22 21 27 22 30 20 14 12 5 26 30 26 1 30 2 12 2 24 24 30 26 3 17 29 13 6 21 15 28 20 28 6 22 24 1 4 14
25 5 26 7 7 14 7 13 25 14 19 1 17 28 16 6 6 2 30 22 12 22 12 16 26 24 24 18 18 22 12 6 17 17 6 10 25
18 7 30 7 17 5 9 10 30 12 10 1 28 16 29 30 2 21 4 2 1 30 5 29 0 3 23 2 27 11 6 28 18 18 23 7 13
27 26 1 20 0 25 16 3 22 29 3 22 29 0 23 11 20 17 7 0 7 1 25 26 4 7 14 19 4 18 4 8 2 9 23 13 25
3 25 21 18 7 30 0 16 30 12 23 0 23 21 1 8 0 11 20 16 3 4 19 18 3 21 18 11 8 15 14 20 30 5 30 4 29
6 29 4 24 18 3 10 1 8 11 25 8 21 9 28 17 22 16 2 22 9 21 4 20 29 2 30 1 18 0 28 19 23 8 17 12 23
18 8 0 14 12 30 3 11 14 7 14 19 3 23 21 17 10 26 4 16 4 23 28 2 6 1 15 1 20 23 1 13 25 9 4 12 9
13 27 7 13 25 30 25 4 9 20 23 4 7 13 26 24 18 29 0 29 2 27 11 9 9 16 14 20 9 21 11 26 30 13 9 17 10
20 1 13 27 14 18 0 15 0 17 9 3 28 30 1 13 4 16 20 15 17 0 16 10 2 21 14 20 0 6 13 29 21 18 26 28 27
13 28 9 29 27 29 18 15 17 26 23 3 0 21 7 22 26 21 14 21 21 22 28 10 13 10 9 18 3 13 28 24 21 13 0 29 2
