39 39
6 20 6 26 3 20 17 5 21 7 12 14 12 12 14 18 9 28 19 16 22 17 20 7 16 17 22 1 2 18 1 11 6 14 25 0 11 24 10
10 20 6 24 27 8 20 20 28 2 7 27 11 0 7 20 27 30 11 7 9 14 0 10 15 11 13 7 8 22 20 17 4 3 3 24 3 8 28
21 16 4 28 8 12 21 18 2 26 13 19 18 9 23 25 11 24 23 25 29 7 7 0 22 7 4 4 21 20 13 8 23 16 25 25 12 19 4
26 16 2 21 29 17 23 3 1 11 28 13 27 7 22 25 25 3 27 3 23 14 27 27 26 7 0 22 25 30 27 6 8 10 24 19 15 25 9
17 25 22 13 23 4 23 11 19 15 18 13 28 27 16 1 23 4 10 22 13 17 17 29 5 27 29 19 13 19 11 28 19 29 20 9 5 22 18
30 17 11 10 28 5 24 10 19 15 23 14 18 4 12 0 21 21 21 12 21 11 10 11 8 9 28 30 8 14 13 29 13 7 27 10 11 0 21
1 12 9 11 23 26 28 28 4 17 12 21 4 28 25 7 28 10 17 15 11 5 23 13 11 19 1 18 18 13 23 23 15 13 7 1 18 12 17
28 21 27 16 7 16 17 2 17 5 22 10 17 23 28 6 27 22 26 11 7 10 26 27 28 16 3 18 10 20 8 19 16 14 17 12 15 0 24
14 24 21 24 23 16 25 9 17 9 14 19 22 17 0 17 30 22 24 1 1 18 26 30 25 25 29 13 0 28 4 30 20 8 11 8 9 18 16
29 27 11 28 13 7 25 24 7 12 3 13 3 5 24 20 1 24 11 13 0 11 13 0 22 21 21 17 5 3 0 14 12 8 12 6 17 13 21
8 18 17 28 28 22 29 19 18 5 6 16 15 1 23 17 16 10 16 24 1 12 11 5 23 25 14 3 14 30 4 23 3 6 8 25 21 14 15
29 5 21 29 22 12 7 3 8 18 26 7 19 29 25 15 18 9 13 9 14 2 19 20 18 13 4 1 8 10 15 4 27 18 16 20 18 16 7
12 24 9 19 17 8 24 23 19 23 29 12 11 9 18 11 4 23 11 3 16 7 14 3 10 25 24 28 18 26 24 8 21 26 7 7 2 0 26
5 3 28 5 20 9 9 30 8 13 11 23 12 12 1 19 2 26 19 25 3 13 7 12 29 7 8 5 5 2 15 8 24 2 1 25 26 25 5
17 25 16 30 14 2 4 20 22 30 23 25 20 20 23 11 8 16 16 18 17 6 29 5 12 21 26 22 13 27 2 6 8 14 9 18 28 4 17
1 17 8 4 14 18 10 22 25 16 6 11 27 27 6 11 4 14 29 2 18 25 4 6 26 4 10 30 11 16 1 12 15 22 3 1 13 4 27
23 9 20 17 16 19 10 18 22 25 29 5 0 11 13 17 26 16 27 19 28 21 8 22 30 8 15 0 15 9 5 28 6 8 23 9 19 7 5
5 20 30 24 20 0 0 22 18 2 0 28 22 9 20 16 11 4 21 24 13 24 28 14 6 26 4 18 21 28 28 23 3 11 29 23 19 5 0
8 21 29 9 3 26 10 25 10 15 14 10 22 26 6 8 23 3 14 0 8 1 0 30 3 24 30 8 11 17 5 29 3 11 5 9 15 20 18
16 18 29 21 3 0 21 24 13 28 7 22 11 12 20 15 9 22 27 9 12 1 1 8 8 11 21 12 15 12 12 24 6 1 8 15 18 6 4
13 9 29 7 3 25 18 14 8 6 14 11 7 19 4 29 7 13 20 0 9 15 7 18 28 11 2 19 27 5 19 29 10 7 2 30 25 11 3
29 8 25 24 15 15 16 23 27 5 1 7 1 9 22 21 29 26 8 8 16 25 6 9 21 6 25 19 6 27 18 22 17 29 27 30 3 18 0
3 6 5 0 16 14 19 4 5 17 14 13 25 2 11 13 7 6 11 3 5 27 30 20 9 1 20 12 0 30 0 3 13 17 15 10 23 2 25
19 21 3 7 7 9 9 19 22 10 22 8 9 24 28 9 8 8 14 10 20 20 21 27 1 19 9 25 24 28 18 10 15 27 28 28 26 24 0
9 22 13 10 13 24 21 13 4 30 8 6 16 22 22 11 2 30 14 20 11 21 20 26 28 11 1 12 7 7 28 13 14 26 30 1 9 2 13
17 3 19 26 10 9 21 12 7 9 28 29 21 25 25 6 24 25 6 11 27 14 21 24 6 20 14 20 24 26 28 5 23 24 10 10 13 25 3
29 28 24 4 12 12 10 8 26 30 20 2 17 8 12 25 21 9 22 28 29 13 14 21 9 26 21 19 28 21 27 7 14 23 5 18 5 27 0
27 25 24 6 4 28 2 19 11 6 26 1 21 7 15 13 14 9 27 15 9 2 17 7 16 6 29 24 1 5 2 27 18 23 13 6 24 30 8
15 13 19 8 3 27 8 11 3 20 1 18 16 3 21 20 13 24 2 27 29 30 29 20 13 13 2 18 6 7 27 29 27 0 29 0 27 23 16
17 2 1 26 4 12 2 0 18 7 3 23 10 10 1 30 25 16 10 18 23 17 3 27 26 25 4 7 14 4 12 15 6 1 1 28 17 25 17
28 13 3 24 25 15 3 23 24 27 13 16 10 16 27 26 5 24 9 22 14 20 0 12 6 6 2 9 3 24 10 6 6 8 14 29 22 5 13
21 29 2 14 22 4 0 30 21 0 4 2 29 8 23 13 30 26 10 28 19 1 8 25 27 30 18 0 8 11 16 9 6 5 27 11 9 8 0
19 12 16 18 9 11 29 28 17 3 0 16 22 30 13 6 4 14 2 28 15 14 8 0 2 16 30 0 20 28 21 13 27 0 1 19 2 13 3
18 19 27 24 9 29 3 1 0 25 21 5 21 25 3 26 21 15 13 23 29 25 5 14 17 18 25 28 4 28 8 19 15 21 9 5 24 7 13
19 12 14 23 3 28 7 17 14 3 22 18 8 6 21 23 16 11 24 15 8 7 16 3 18 26 15 27 8 28 18 9 14 29 26 4 22 13 27
9 13 24 17 17 10 7 2 7 28 7 10 29 12 21 7 4 8 30 21 30 4 4 1 20 14 15 13 14 20 3 23 3 24 3 15 20 6 27
28 16 0 30 24 3 24 6 15 26 13 11 0 21 25 4 27 17 11 2 24 24 22 2 30 12 27 16 10 1 11 23 28 9 7 17 15 21 0
15 30 19 6 23 20 21 8 3 14 22 4 29 17 27 0 3 19 17 8 8 7 14 7 9 30 20 12 29 12 4 6 3 10 16 1 12 3 4
17 2 6 8 18 3 19 24 10 21 21 16 18 18 17 26 12 7 29 13 10 24 30 28 6 0 30 11 12 17 19 20 23 15 30 14 25 13 2
