41 41
29 15 28 3 8 18 23 28 0 13 19 13 28 7 17 26 3 11 23 8 11 16 24 14 14 4 24 29 10 14 19 7 4 18 7 8 29 14 16 18 21
7 4 18 26 16 28 13 6 7 11 14 11 19 0 9 16 24 29 18 24 26 7 9 27 6 5 8 3 9 28 16 24 2 15 11 20 29 9 8 0 26
26 29 14 9 11 14 10 4 24 0 11 21 22 4 2 27 20 5 1 9 11 12 25 15 13 2 27 1 16 11 9 18 20 25 2 8 19 27 27 0 19
4 20 7 18 29 21 17 10 20 24 25 2 10 16 15 25 24 15 24 25 7 5 24 10 0 12 27 12 2 21 12 8 6 18 28 13 1 25 9 3 14
12 23 12 10 15 1 29 22 23 11 4 27 22 27 6 24 25 0 16 8 25 27 28 27 29 30 7 25 21 0 7 6 19 15 14 13 28 22 3 21 11
17 22 24 22 8 6 27 30 17 27 16 14 18 6 10 11 10 19 11 22 23 17 0 7 16 20 17 20 1 20 19 2 3 14 1 7 26 12 12 30 7
15 8 19 13 15 22 0 24 4 23 13 26 7 3 25 1 21 14 13 14 8 24 9 28 1 27 13 25 20 25 20 0 18 13 11 17 21 23 11 24 15
5 6 13 28 12 6 22 25 28 6 5 25 11 15 27 24 16 12 20 16 16 29 29 18 5 4 19 4 28 9 15 19 11 11 30 29 6 6 22 13 17
6 24 0 2 12 18 18 23 15 18 21 20 16 3 25 29 0 5 0 18 18 0 24 16 18 1 14 20 29 28 28 7 0 24 26 24 17 19 8 22 6
15 11 30 1 1 7 28 13 14 30 23 21 16 21 24 30 7 14 15 21 27 21 13 8 11 8 9 0 18 18 19 11 25 13 17 29 20 30 30 9 11
29 14 9 8 13 9 28 17 24 18 8 16 0 9 0 21 22 30 15 26 26 28 29 6 24 19 1 28 28 16 8 4 14 14 10 12 23 2 13 10 26
12 26 27 25 30 21 18 0 7 10 4 12 2 29 4 26 22 26 11 21 16 4 3 27 14 24 10 7 2 12 0 9 6 21 10 19 11 11 22 20 4
12 21 15 20 26 28 7 28 10 1 30 11 3 23 21 25 7 21 28 5 24 25 11 10 20 6 30 13 2 27 5 28 19 4 1 4 12 28 29 11 27
11 16 22 6 13 8 11 6 7 19 16 27 10 26 22 2 19 7 26 19 17 17 25 23 12 17 2 23 1 12 2 22 28 21 28 24 5 21 27 17 18
20 0 5 29 18 16 15 13 5 7 22 14 9 10 2 13 24 6 4 19 22 0 26 12 29 13 2 6 0 9 0 28 26 23 7 21 21 24 17 10 11
2 7 9 6 30 16 23 3 26 12 19 12 14 9 9 26 8 29 20 16 6 18 25 11 26 13 5 25 12 11 11 13 3 30 17 1 23 26 27 21 8
11 24 7 16 23 6 20 4 7 30 14 28 15 24 0 1 14 23 21 22 10 11 7 4 1 17 30 3 20 27 26 21 8 23 21 21 15 2 10 21 22
20 10 1 20 21 23 10 22 24 15 17 18 1 23 6 23 25 10 2 24 23 27 12 7 25 0 25 30 21 16 27 17 27 9 4 25 17 5 0 4 15
4 1 24 2 11 24 23 9 28 5 12 18 7 26 10 15 2 17 3 27 25 26 22 19 16 16 27 20 2 18 30 17 26 17 22 22 0 12 1 29 26
24 11 5 10 4 21 26 27 3 17 13 20 6 20 22 1 26 11 24 7 7 29 2 10 30 19 7 17 21 8 7 29 13 16 5 8 27 19 11 14 17
17 28 16 7 23 16 13 24 21 0 22 28 26 3 24 28 21 11 3 12 7 9 1 18 13 3 3 0 6 18 25 6 4 25 23 12 5 23 25 27 8
27 2 28 28 18 4 11 11 3 26 30 12 20 28 6 14 8 27 18 4 13 3 2 3 18 14 5 15 8 7 3 15 14 25 25 0 14 1 7 28 7
9 12 1 14 23 28 24 13 12 10 10 18 24 4 14 0 22 30 5 3 28 23 6 10 23 12 27 8 16 11 21 14 3 7 16 0 13 7 0 26 15
7 3 17 7 2 21 12 6 0 5 29 15 12 24 21 12 25 11 23 7 26 27 6 24 0 12 18 22 12 24 1 26 19 14 9 0 6 1 6 27 2
26 8 25 26 2 25 28 9 27 30 20 5 19 0 10 1 14 26 23 4 18 16 2 10 4 15 12 30 29 28 10 9 8 11 14 14 7 19 29 24 29
11 20 6 13 26 28 10 0 8 5 17 14 23 24 28 19 26 9 16 3 19 26 26 5 11 9 22 18 13 29 13 30 18 24 8 26 7 22 6 1 11
25 30 18 20 26 14 25 0 2 21 23 17 7 20 23 27 25 14 1 20 3 4 2 20 2 6 18 11 11 19 7 1 8 17 26 3 30 20 4 11 0
28 28 2 27 19 21 9 12 9 10 30 12 10 27 2 25 30 28 14 29 24 11 20 25 27 17 29 8 22 3 29 12 21 11 28 15 11 22 20 7 29
23 2 15 2 21 18 14 8 30 25 4 14 13 17 20 27 24 26 4 23 7 13 0 27 10 18 0 8 15 26 29 14 27 15 8 16 13 19 7 29 19
18 10 16 20 14 20 1 26 28 27 7 11 8 23 13 29 16 23 28 9 6 15 26 24 25 4 24 0 14 26 16 11 17 4 22 3 18 29 5 13 7
28 3 23 7 27 27 12 27 4 22 6 25 15 15 2 28 29 2 8 15 5 16 4 22 11 15 13 13 25 30 18 24 3 5 15 15 7 16 4 25 27
30 6 27 7 5 30 28 9 29 10 28 16 5 24 14 7 26 26 10 6 0 7 30 7 21 4 2 24 13 0 18 13 18 19 30 1 8 9 11 19 5
0 5 15 0 4 29 2 2 0 10 24 7 1 5 15 19 11 21 14 18 19 29 11 0 28 9 1 29 29 8 28 25 16 13 29 30 12 24 14 10 10
8 8 13 10 11 6 16 28 23 20 19 5 27 6 9 18 24 4 15 8 11 8 29 4 1 24 21 22 28 2 12 18 30 30 19 5 5 21 18 2 4
22 12 22 21 26 18 12 20 6 8 30 6 8 2 25 5 10 3 26 23 27 1 8 0 28 27 29 5 23 20 15 6 5 23 23 16 28 19 28 27 19
20 14 14 11 29 4 10 14 25 26 29 18 24 26 12 5 0 11 26 29 27 4 17 8 26 5 5 22 16 21 21 6 16 30 16 27 6 26 23 13 10
27 22 6 19 27 14 16 17 27 22 11 2 14 29 7 7 5 12 0 10 18 24 27 20 15 18 2 3 8 8 13 23 1 12 12 30 6 22 6 27 27
24 13 30 25 5 30 10 14 18 26 29 0 21 25 30 24 3 8 28 19 18 9 20 30 28 28 13 16 20 23 23 13 4 12 18 13 30 19 1 0 3
6 4 27 17 10 2 5 12 30 28 30 8 22 15 9 15 29 25 2 13 11 26 26 2 19 23 17 24 0 17 5 29 7 18 6 4 30 28 0 26 7
7 10 21 29 11 9 25 2 13 11 30 5 18 9 4 5 12 22 14 17 0 17 28 12 21 9 21 1 30 28 9 17 7 0 0 8 12 25 0 29 25
25 17 20 2 9 29 17 10 30 7 28 23 27 19 11 9 28 20 1 17 8 26 11 1 29 0 15 25 6 2 12 22 11 11 17 6 19 0 22 23 22
