47 47
30 24 26 10 0 19 1 15 23 15 25 19 5 3 6 11 12 4 5 15 24 17 3 21 18 21 10 0 26 23 4 9 24 28 14 25 11 3 28 0 15 0 27 13 5 0 18
28 13 19 13 20 4 13 1 12 24 26 27 24 9 6 3 0 25 13 6 26 8 9 9 30 23 14 8 10 5 24 8 24 28 27 1 3 5 10 29 17 8 9 27 25 4 12
5 14 30 16 12 5 13 24 1 13 15 30 13 25 22 9 26 18 6 28 23 15 15 19 24 19 12 19 30 7 22 25 18 21 6 11 19 3 25 2 6 25 4 21 9 21 16
9 25 30 24 3 19 26 28 26 27 0 2 26 16 26 4 15 7 25 18 15 7 14 24 27 30 12 22 3 10 12 11 2 21 20 30 14 15 17 11 1 11 4 6 6 18 2
17 22 6 0 24 6 6 5 6 26 0 14 29 12 1 29 15 23 30 25 21 18 5 2 11 1 9 22 30 12 18 11 26 7 22 16 22 18 15 16 20 17 7 17 4 16 14
6 8 12 12 19 14 25 29 18 12 29 26 9 3 28 12 13 20 4 15 23 25 23 26 17 8 0 22 20 3 27 11 7 9 21 14 28 12 14 10 20 3 26 20 6 6 5
11 9 7 25 13 5 30 20 15 24 27 30 30 28 11 8 16 16 8 20 28 1 30 19 26 16 11 10 8 24 15 11 21 11 15 12 21 29 26 28 0 1 3 23 18 19 29
18 7 24 4 25 26 6 0 22 27 20 19 2 21 30 3 13 25 27 30 2 2 7 29 26 27 20 28 29 12 0 4 26 13 30 21 18 14 26 18 1 9 9 9 7 10 20
20 17 2 26 15 23 26 19 30 17 17 9 18 21 17 14 30 10 25 14 11 2 10 10 30 30 19 26 19 6 10 16 12 28 20 18 30 22 16 21 4 0 14 30 3 0 4
15 10 16 13 20 22 22 29 8 23 18 19 22 3 6 13 22 10 7 4 0 19 4 22 7 7 7 17 6 13 19 20 24 13 4 15 10 5 16 28 30 17 10 24 19 28 8
13 1 0 15 1 2 5 22 14 29 2 18 30 8 11 26 16 20 16 0 15 0 21 28 12 27 6 27 7 19 30 17 6 18 13 28 2 29 6 12 7 4 30 12 24 15 30
1 5 2 5 16 22 5 28 2 16 30 26 26 23 29 30 7 0 15 4 25 6 20 6 28 29 26 19 7 3 0 22 10 2 11 8 23 2 20 21 30 10 7 27 14 2 24
18 23 25 25 17 16 6 7 4 22 10 16 23 10 18 3 11 12 3 24 20 2 29 25 8 10 25 13 5 30 8 20 16 23 25 0 20 13 27 7 25 18 13 6 25 3 29
12 3 17 15 24 18 28 15 16 22 6 3 22 20 6 15 23 2 0 14 19 15 23 18 2 28 20 22 14 16 27 29 1 27 18 16 7 17 26 8 2 28 19 2 11 1 10
21 26 2 4 13 25 8 20 18 7 7 24 28 12 10 5 25 24 2 25 27 13 21 17 12 7 8 8 30 15 23 27 16 14 15 20 27 28 7 1 26 17 20 6 28 14 26
5 26 8 18 5 11 3 25 28 2 22 18 29 25 17 8 16 29 2 21 22 21 9 29 3 27 13 20 17 21 3 6 12 20 7 12 15 30 19 3 21 27 21 22 5 8 6
22 28 11 12 29 16 0 26 30 2 7 14 18 11 13 1 18 11 28 30 20 7 16 26 15 12 24 6 8 10 20 25 2 27 18 5 13 3 24 9 30 8 22 17 8 24 0
15 11 25 10 30 12 16 28 21 10 2 25 26 15 19 8 8 27 21 11 1 21 22 19 0 19 20 8 28 8 18 26 8 6 5 23 12 5 30 7 0 8 18 6 0 27 30
3 20 9 20 12 4 17 21 4 0 18 21 11 16 6 17 8 0 22 21 0 23 30 17 29 14 16 29 23 8 7 28 28 26 24 11 12 5 3 1 28 5 17 12 0 3 19
20 29 13 29 22 4 12 30 3 19 7 2 11 3 3 21 25 27 18 28 10 1 22 15 7 2 18 17 17 13 0 24 7 12 10 15 18 3 1 30 19 2 4 21 27 1 22
12 3 5 11 1 1 18 1 8 2 6 13 28 29 22 13 8 24 1 15 25 2 2 25 4 28 12 30 22 20 2 1 26 9 18 24 20 26 13 4 14 24 26 13 9 12 20
23 29 22 6 13 26 28 25 24 11 4 22 14 1 6 26 23 0 14 19 18 12 1 25 5 9 9 21 1 13 25 8 21 6 14 22 19 19 10 18 1 27 18 0 15 12 12
25 5 23 18 12 16 8 6 21 8 5 1 30 28 20 21 2 14 23 4 2 11 7 4 20 7 15 11 5 0 20 6 22 28 25 22 4 22 27 4 15 13 26 27 1 13 4
13 27 6 26 11 29 30 24 1 26 25 0 30 19 24 2 6 12 10 23 17 30 4 1 21 6 11 12 20 23 16 8 16 22 24 2 23 2 6 19 2 25 6 11 24 16 10
25 21 10 4 2 5 28 9 18 4 19 22 27 3 4 14 20 15 4 18 4 5 18 13 11 6 25 2 19 2 9 28 0 7 18 19 25 28 9 13 13 24 4 7 0 18 30
23 15 8 2 24 18 18 8 7 4 13 13 3 16 26 11 1 25 27 30 5 29 21 23 15 0 21 11 17 4 26 30 0 14 12 2 28 25 17 16 0 1 19 14 13 20 24
2 19 16 28 20 13 10 5 28 1 25 23 7 0 10 0 10 13 28 17 15 4 30 12 20 0 12 12 26 25 27 28 0 11 10 22 12 10 23 6 13 29 7 26 18 10 30
17 15 13 2 26 7 12 14 30 15 3 17 26 19 27 27 16 4 13 0 0 17 12 2 1 30 4 23 26 0 17 12 4 10 29 29 5 13 4 6 14 17 20 26 14 15 27
10 24 11 30 0 19 13 19 10 5 10 25 24 0 19 15 29 27 11 13 14 18 13 25 27 27 5 25 26 8 15 5 27 20 3 22 11 21 2 24 30 28 19 17 22 4 28
29 2 10 9 21 10 6 25 18 29 14 12 5 12 12 22 5 20 2 20 22 9 12 0 27 29 20 23 4 18 30 20 11 23 26 13 29 26 1 17 27 13 21 5 23 5 23
14 1 2 29 28 27 17 19 12 19 17 2 15 18 21 20 7 19 23 16 10 25 6 29 10 30 20 23 16 27 21 30 6 1 22 16 30 4 23 26 14 8 12 8 10 17 29
21 14 20 13 24 8 21 8 23 16 25 26 1 12 25 30 8 5 19 24 30 28 30 7 12 4 21 13 7 2 5 12 15 27 20 26 14 26 4 11 6 6 22 28 15 12 23
1 0 28 1 4 15 12 15 14 18 26 23 8 26 12 15 17 29 23 14 0 3 14 7 10 23 19 19 13 15 18 24 28 6 0 22 13 27 1 22 30 8 24 6 2 19 17
10 20 12 14 2 4 6 29 5 1 28 27 25 24 17 15 19 26 13 1 20 26 23 21 27 14 0 6 29 3 5 1 24 21 17 10 29 14 4 12 7 0 4 30 4 29 30
3 17 28 7 12 21 29 8 19 5 25 10 0 3 24 30 17 21 7 25 22 11 19 11 24 17 11 5 8 10 22 10 24 2 14 20 26 7 27 27 27 12 9 5 17 26 1
4 14 17 1 9 24 24 17 8 19 9 0 3 3 5 15 8 29 27 3 30 25 18 21 20 2 24 21 24 9 6 11 4 1 16 14 0 8 17 3 6 0 24 14 10 20 9
3 6 2 21 1 5 17 20 12 13 10 28 29 26 1 12 23 7 15 4 11 25 25 6 16 8 1 27 15 19 9 4 18 4 21 0 28 19 1 25 14 26 3 13 7 21 20
12 6 1 16 27 2 20 17 30 1 22 2 16 30 12 17 27 30 3 4 6 24 14 6 29 4 11 3 14 7 22 25 21 16 24 10 25 23 26 1 21 4 20 28 13 17 8
15 20 17 8 21 4 22 23 16 8 0 12 10 27 0 22 28 9 22 22 26 0 0 28 1 22 25 1 19 8 7 6 3 0 21 12 15 3 23 6 23 7 1 17 18 11 28
13 14 13 27 22 12 15 10 24 20 30 2 23 28 9 7 18 7 18 21 12 4 16 25 20 6 15 19 0 18 20 6 21 21 8 23 23 15 24 16 27 14 19 3 15 19 9
24 4 27 19 0 16 19 6 10 28 11 10 0 0 28 6 11 17 16 12 16 28 28 17 30 10 5 0 29 14 27 1 28 0 5 25 14 15 29 27 5 28 26 18 2 2 10
18 0 17 6 17 24 24 0 4 14 0 28 27 22 7 14 30 29 19 21 22 11 2 6 2 25 18 6 30 22 0 12 29 20 20 27 16 9 27 5 14 20 18 1 22 26 0
11 11 5 3 22 19 4 30 29 15 3 15 21 25 24 5 22 15 20 1 23 10 24 16 8 15 12 5 23 21 12 9 7 18 8 2 26 5 24 11 11 25 11 19 14 7 10
24 2 7 25 3 20 4 16 3 2 8 8 26 25 28 21 12 21 17 19 9 5 20 20 9 3 18 28 0 12 26 21 1 14 4 21 29 26 28 28 17 12 23 0 22 23 5
0 0 18 5 2 19 18 19 14 28 29 23 13 0 12 23 24 8 22 5 17 3 29 5 20 16 16 14 12 10 19 0 10 2 11 0 3 11 29 23 24 21 30 13 12 26 18
11 12 7 16 10 16 29 22 3 2 4 12 10 4 26 27 3 7 24 3 24 14 9 14 15 5 6 28 0 9 25 17 9 5 15 7 30 20 14 3 17 17 1 26 19 26 24
22 8 3 26 28 15 16 24 3 1 5 24 25 2 3 17 23 26 16 1 21 23 15 12 0 13 2 24 20 1 1 27 27 6 0 18 12 8 23 8 20 8 22 14 17 5 3
