50 50
0 9 2 21 24 25 27 19 11 14 1 9 11 26 12 7 5 20 7 29 18 30 26 10 8 25 17 14 14 28 17 7 10 0 14 25 21 3 23 17 26 16 10 6 13 8 0 10 17 8
4 30 5 3 22 10 5 2 15 21 18 22 6 2 8 3 22 19 30 26 25 10 13 19 14 14 3 20 18 6 14 20 1 1 27 17 13 6 14 23 9 21 25 23 20 8 24 7 6 19
10 20 2 30 23 7 2 19 15 14 28 27 12 6 15 6 17 13 3 2 25 21 25 30 1 0 21 17 25 26 29 9 14 20 30 3 14 25 5 9 23 20 14 10 26 9 18 3 15 13
0 0 2 26 24 22 21 7 5 5 24 2 14 0 4 14 6 24 10 19 2 21 17 4 21 0 15 30 19 8 0 27 27 1 4 8 3 3 0 20 26 27 8 19 12 30 27 18 24 20
2 23 16 25 22 2 5 5 23 30 22 29 2 29 18 24 15 22 17 17 25 30 12 22 1 25 4 23 17 6 29 21 25 13 16 22 25 5 18 22 19 29 17 19 29 7 6 23 5 11
17 24 2 27 25 5 2 23 10 12 16 16 11 17 0 6 2 4 25 17 18 9 10 12 12 16 19 21 19 12 23 13 9 28 6 26 25 15 5 14 19 23 28 26 19 19 28 14 24 3
13 15 5 26 18 7 15 13 16 20 13 20 27 8 9 20 0 30 14 7 2 3 4 9 15 12 12 26 19 2 17 12 30 1 18 17 15 2 1 17 2 5 3 29 27 10 9 22 23 2
29 6 30 12 18 28 24 6 5 10 30 29 22 28 26 14 6 8 27 29 16 24 21 21 22 4 8 4 0 15 24 30 20 8 5 23 13 22 14 6 12 8 20 18 3 25 7 30 19 18
22 0 28 25 15 18 28 22 0 18 16 27 5 16 6 27 3 18 11 25 25 23 2 9 9 23 3 11 24 2 24 15 16 6 30 17 17 21 13 16 4 29 26 5 6 3 19 1 18 2
26 16 1 17 17 22 4 0 3 7 26 3 0 25 30 26 20 20 20 13 22 21 6 20 4 0 28 10 24 10 8 16 15 9 9 24 28 27 0 14 10 25 26 13 27 0 30 22 9 4
26 0 28 28 6 28 24 2 3 16 19 18 29 4 25 21 6 17 28 12 17 14 23 2 5 12 8 16 25 11 14 17 9 13 20 18 6 15 24 5 29 14 11 14 19 30 9 26 14 10
30 1 18 5 19 0 27 26 16 11 14 7 17 10 19 30 27 21 17 20 20 7 24 6 14 18 16 2 19 22 24 21 15 11 11 22 27 0 1 19 7 28 0 17 13 12 18 6 28 23
20 14 23 18 22 15 18 2 4 21 17 11 9 8 18 26 25 4 27 12 6 27 20 15 9 29 4 28 11 10 1 13 12 15 24 12 25 27 13 6 1 13 5 3 10 10 12 22 29 26
3 20 10 22 9 21 30 9 9 15 11 4 26 22 20 0 8 2 19 0 19 23 28 3 15 4 23 4 12 1 6 26 24 20 13 30 10 9 11 18 6 6 17 26 21 0 20 24 10 10
27 28 16 13 14 25 17 4 17 18 27 15 22 17 0 5 25 23 8 21 5 14 25 18 4 18 25 5 20 26 11 21 8 23 25 12 3 2 7 30 11 17 15 1 7 10 15 23 18 29
3 7 27 11 5 22 13 28 10 14 25 24 22 11 17 29 14 3 10 23 7 13 10 24 14 13 16 7 17 29 9 19 28 10 13 15 5 22 8 4 22 8 5 20 22 27 11 3 28 19
29 2 27 19 28 14 18 6 20 27 7 23 5 14 29 16 11 28 12 7 28 1 25 8 9 12 26 14 11 6 1 7 29 7 0 1 6 16 19 16 30 4 16 1 8 26 0 14 17 5
28 26 25 0 6 16 29 2 17 22 27 19 3 29 12 23 26 9 7 5 13 21 19 4 27 2 1 18 4 20 13 20 10 14 27 25 2 12 17 10 10 18 24 24 3 6 15 15 8 9
26 24 26 6 26 12 11 4 10 4 10 22 3 18 13 14 26 29 18 1 24 0 27 10 5 18 2 25 16 20 25 15 0 15 29 29 11 19 8 13 26 17 11 9 22 28 30 25 27 13
26 14 26 0 1 9 10 29 13 9 22 10 22 29 3 29 20 27 9 28 23 22 10 29 23 6 18 5 10 10 7 9 4 21 4 13 11 16 22 24 12 28 11 26 28 2 17 19 12 0
28 25 6 6 3 21 17 11 28 9 1 15 7 24 9 23 14 22 14 6 18 15 6 29 20 19 2 25 8 10 29 6 8 21 9 2 22 29 28 26 3 10 28 23 25 13 22 23 10 25
24 16 6 5 0 12 16 16 0 10 22 29 5 6 5 13 10 20 29 17 6 19 27 8 11 6 21 24 18 26 11 13 12 29 19 18 29 7 28 27 20 8 14 23 1 28 23 11 5 4
17 13 1 0 27 2 1 3 21 7 14 0 16 9 19 10 20 4 18 14 26 16 20 1 19 1 29 17 7 24 26 23 11 16 12 22 25 6 24 7 19 29 23 3 9 10 18 8 12 26
6 15 4 16 18 20 0 8 18 7 21 3 15 14 13 21 22 26 21 6 0 5 0 20 30 27 27 0 17 12 1 21 20 1 16 5 14 28 27 12 18 27 25 20 28 1 15 28 25 16
15 15 5 5 6 12 14 14 20 26 5 16 24 11 20 7 4 25 18 8 24 21 4 12 6 23 12 7 13 22 15 11 28 18 18 13 27 9 3 4 15 9 28 19 4 3 14 11 3 4
13 12 15 14 10 22 2 17 0 15 13 3 21 29 8 27 1 0 30 19 27 14 22 25 21 4 17 8 14 5 16 14 8 26 26 17 23 8 14 14 13 21 27 8 30 26 29 3 29 22
16 7 2 10 0 0 17 18 15 22 21 1 20 16 12 17 9 23 8 11 22 5 8 2 1 17 9 4 22 18 23 20 24 30 20 4 23 15 22 18 29 3 25 20 21 20 30 16 30 2
6 23 17 25 8 19 16 25 21 13 9 21 2 26 0 5 24 6 7 15 27 18 26 22 14 7 13 2 17 16 1 25 28 4 8 7 1 23 0 19 8 16 22 6 11 19 30 29 15 6
11 24 18 22 1 13 24 8 2 10 27 3 15 10 8 25 15 18 2 24 26 2 12 21 26 26 16 23 7 23 27 27 4 29 26 20 13 7 23 8 14 6 5 30 17 9 13 10 12 15
12 23 2 17 11 9 26 13 30 1 2 3 22 26 8 30 10 4 5 6 15 24 29 0 1 15 6 16 28 12 6 9 16 21 7 3 17 0 26 30 0 23 19 18 25 26 25 25 25 3
8 24 22 26 15 8 12 10 29 7 10 22 20 12 1 11 11 17 21 30 21 12 26 1 9 26 12 16 2 8 23 24 4 18 6 27 19 16 24 11 9 17 3 28 2 24 3 13 26 11
10 26 2 17 13 17 20 17 22 5 20 0 22 14 30 14 25 24 19 1 16 21 25 2 23 3 15 8 30 21 27 0 14 27 11 2 19 3 19 22 4 11 6 9 12 26 7 8 24 3
30 26 10 3 12 18 28 9 2 20 2 23 3 10 24 23 9 19 19 6 30 16 3 29 28 5 14 17 18 23 19 7 25 13 6 29 1 19 6 18 5 2 6 24 18 24 20 24 29 20
16 1 5 21 26 21 30 1 4 23 29 8 1 19 11 8 12 23 22 5 19 9 28 29 16 25 20 29 26 14 14 10 30 0 29 1 19 6 24 24 22 17 30 23 5 16 24 15 2 19
5 23 21 22 20 3 25 18 25 10 6 11 16 7 27 20 28 6 13 22 21 13 14 14 28 3 14 4 14 18 25 1 2 10 8 4 0 14 15 1 18 22 3 16 18 13 5 16 2 22
27 29 4 25 12 8 6 24 24 29 2 7 2 21 1 10 10 10 28 27 4 9 7 13 2 20 26 25 1 2 22 11 8 7 10 23 21 7 15 26 9 19 4 29 29 3 3 8 11 11
1 17 23 8 15 23 14 17 5 19 14 22 23 19 16 7 26 22 30 12 21 25 28 4 27 8 15 5 19 17 19 7 0 18 15 25 11 27 6 3 25 19 10 4 12 26 27 1 28 23
12 24 18 2 2 10 0 7 24 19 27 13 17 22 0 17 30 30 19 14 27 5 4 23 23 22 7 3 20 4 29 7 5 4 25 10 29 14 13 23 6 13 7 4 21 19 1 13 4 18
25 24 29 21 2 18 4 2 15 17 14 13 1 10 12 29 12 25 1 15 23 20 28 19 5 17 0 20 3 2 19 26 4 6 5 25 17 28 5 13 22 9 20 21 5 8 27 25 24 0
2 17 16 1 5 15 2 3 4 17 28 21 28 17 26 27 16 22 24 1 24 28 18 26 30 5 23 19 8 19 26 27 2 4 19 22 24 3 22 29 26 23 18 12 23 6 13 28 15 8
25 28 21 24 28 15 27 14 25 1 20 11 26 17 2 28 23 27 18 20 24 20 2 26 26 5 11 14 29 19 15 18 11 7 23 16 14 30 20 11 30 25 16 13 10 18 15 11 8 2
29 1 13 26 18 11 5 2 2 18 0 12 16 2 1 9 2 19 7 12 20 24 24 1 12 30 3 10 26 29 17 14 7 12 7 15 28 23 3 11 9 4 29 5 11 20 27 22 20 29
13 21 1 18 23 24 25 18 15 7 23 11 13 13 9 27 29 19 30 30 22 10 5 3 16 2 9 24 22 12 2 22 29 12 13 3 23 0 18 21 29 7 30 8 8 3 5 12 25 12
16 15 22 15 14 23 19 16 28 22 4 5 5 30 5 14 11 16 13 1 26 0 5 25 0 1 8 15 4 23 13 26 2 5 16 7 3 8 8 0 29 4 20 16 0 29 22 0 13 18
26 9 18 5 3 16 30 25 29 17 7 10 30 16 17 6 26 4 7 20 22 12 23 15 2 29 1 11 28 16 10 28 18 15 0 0 15 29 13 21 9 30 13 1 10 10 19 24 8 18
22 12 4 24 28 4 28 12 29 27 2 23 28 1 0 19 8 25 29 12 10 30 0 10 17 16 9 14 29 24 29 27 7 21 10 15 10 13 4 18 4 6 21 1 16 20 12 1 22 22
23 19 27 27 5 3 23 27 5 8 10 22 18 18 2 30 24 3 6 14 9 17 17 20 9 6 21 6 14 2 2 3 26 19 3 26 24 27 11 19 24 12 11 12 17 25 15 9 2 7
18 18 2 14 19 18 29 5 30 5 17 30 21 11 22 30 3 22 30 25 15 5 13 11 26 21 23 2 22 30 2 15 9 22 22 16 26 0 13 12 19 14 24 1 16 8 5 28 27 25
18 17 28 5 10 26 21 14 22 9 24 12 4 0 3 30 25 24 14 14 0 22 11 11 0 15 7 11 1 26 7 25 24 22 8 5 12 18 3 12 16 17 16 23 7 19 15 12 7 8
14 25 18 16 6 26 10 0 27 22 16 19 0 25 21 5 16 28 25 2 11 14 4 7 9 4 5 18 18 4 5 25 24 23 11 11 19 26 19 25 24 27 6 6 12 23 8 21 15 16
