52 52
10 11 15 13 30 7 12 13 5 14 16 14 25 2 16 23 24 28 11 3 23 5 30 29 5 20 10 7 20 0 20 21 26 19 20 27 5 14 19 4 2 6 5 6 16 8 3 10 0 28 24 1
19 30 1 2 30 8 11 25 18 12 8 9 16 13 24 0 22 28 19 14 20 29 13 28 24 5 16 14 2 24 3 29 10 27 7 30 10 18 27 15 22 19 11 16 3 10 8 6 24 2 11 19
27 25 2 3 1 0 21 2 19 15 10 28 0 28 24 11 18 21 4 7 14 8 0 17 8 7 4 13 1 9 20 29 30 18 11 19 12 3 19 27 10 11 10 0 13 23 15 5 30 10 4 18
7 30 27 14 8 12 15 6 25 5 5 6 16 20 2 13 9 15 2 13 11 9 27 5 19 2 23 1 15 3 0 2 25 0 11 4 7 14 1 16 3 5 7 11 8 3 17 10 12 25 18 12
6 2 8 12 25 1 29 12 4 9 11 5 10 26 19 2 16 23 14 4 18 2 23 24 13 23 29 15 5 22 29 21 18 21 5 14 25 27 1 23 12 12 26 4 11 7 3 8 15 27 8 18
18 16 7 25 6 13 26 23 3 14 3 13 20 15 7 25 17 25 18 12 8 15 19 8 14 29 15 19 10 27 2 16 6 15 7 3 28 11 15 7 11 0 13 29 2 10 23 26 7 18 4 22
3 4 1 14 11 12 15 24 24 0 1 21 12 26 16 10 28 24 14 2 20 8 11 22 16 23 30 29 0 23 24 22 23 9 4 11 7 21 18 27 25 27 14 1 8 30 14 26 12 14 24 27
14 1 26 14 2 16 8 27 6 21 10 13 11 27 29 29 14 14 0 22 23 11 13 12 11 28 6 2 24 8 21 20 10 21 4 15 10 4 20 14 22 4 16 16 10 9 5 7 0 10 9 12
22 1 4 11 0 0 8 11 6 25 24 30 2 26 11 1 0 21 28 14 23 10 30 16 28 17 14 17 12 3 13 21 2 29 25 27 1 6 19 25 13 12 11 7 12 15 6 18 26 24 22 10
13 15 14 0 11 10 16 21 25 16 6 8 14 12 7 25 10 15 19 5 29 18 1 21 17 25 15 11 28 29 26 21 21 23 12 29 1 15 11 28 25 29 3 0 9 19 4 6 18 24 12 21
4 26 2 20 9 19 24 11 21 30 26 27 9 30 27 20 5 12 5 2 9 21 29 2 15 6 8 3 30 7 2 28 12 8 8 7 20 29 15 5 17 0 9 17 8 25 28 22 20 7 6 11
5 20 0 13 3 28 26 14 4 5 7 18 25 9 18 16 29 20 23 5 25 25 13 0 15 9 26 26 18 22 4 16 27 26 9 22 12 30 10 0 19 9 5 21 1 2 13 15 28 22 2 21
0 8 26 1 14 25 17 12 19 6 20 15 6 30 14 17 0 30 22 25 20 24 12 12 24 14 2 2 26 12 2 28 9 30 2 11 22 6 30 5 11 5 15 30 10 28 4 15 18 9 8 13
29 10 13 17 7 15 3 18 5 0 15 27 11 0 28 1 15 20 17 7 29 11 18 18 13 9 8 12 28 23 10 2 28 0 23 10 22 22 21 13 2 13 19 8 7 28 20 1 11 25 6 11
20 16 1 3 12 30 13 14 12 22 17 11 3 19 5 13 22 4 8 23 4 8 23 22 8 27 21 6 25 14 20 20 2 26 18 10 20 15 19 27 27 11 30 22 6 19 21 22 12 6 17 9
4 24 28 0 30 16 4 12 0 30 15 25 21 21 29 16 0 21 10 10 24 2 22 19 1 13 28 22 6 26 18 3 15 26 24 17 0 5 21 16 7 19 7 28 4 8 24 19 8 4 2 0
19 13 3 29 5 9 25 19 11 28 19 5 17 14 24 19 14 1 30 24 1 14 22 26 21 1 23 7 10 25 12 10 28 17 23 27 27 12 24 27 20 4 2 18 26 8 12 16 9 12 6 1
11 25 3 7 1 22 16 20 7 11 24 1 8 26 30 2 29 4 13 20 21 17 26 18 10 26 18 7 11 7 26 30 27 11 21 2 11 20 27 22 3 0 20 13 20 16 16 9 20 7 28 3
13 11 5 23 29 15 19 14 17 4 20 13 9 26 7 4 1 26 29 10 19 26 9 14 6 8 6 24 4 27 9 23 5 6 7 26 24 6 30 11 19 11 30 0 9 12 13 28 2 6 8 23
5 24 23 7 6 4 21 17 23 17 27 20 7 29 14 11 11 23 19 18 15 25 5 23 16 19 8 24 21 29 10 14 13 3 26 15 4 10 5 12 16 1 28 14 29 27 10 29 14 7 4 24
30 22 8 23 8 11 16 4 20 0 5 14 6 8 26 1 26 26 16 1 22 28 0 8 15 26 14 10 21 0 9 30 14 15 21 23 29 7 15 27 0 23 26 11 12 15 16 9 1 19 23 6
5 7 1 22 30 20 29 12 3 27 22 3 20 2 12 3 7 26 23 26 6 30 5 7 18 18 26 12 2 13 3 0 10 3 18 27 28 20 21 28 6 16 28 6 21 22 20 17 23 2 10 24
11 5 8 26 26 20 23 17 14 5 19 6 8 19 10 16 28 14 22 16 10 22 0 3 24 4 2 15 5 19 4 16 8 30 1 10 12 25 21 3 2 30 4 20 27 27 21 20 20 12 8 25
4 8 24 24 27 7 14 17 7 4 11 24 4 7 13 22 12 6 6 25 4 26 4 17 18 6 16 13 11 0 22 12 10 4 12 7 0 19 2 4 22 23 13 6 1 20 19 1 18 10 4 1
27 17 24 5 11 4 12 2 13 25 27 0 23 19 26 10 9 30 5 16 21 16 17 5 4 21 9 8 9 25 11 20 1 30 8 11 26 23 21 13 30 19 26 18 5 8 0 8 9 15 4 29
12 29 13 28 9 1 5 25 16 3 30 27 5 11 6 10 25 5 23 18 12 5 13 12 29 7 13 14 18 27 12 6 27 20 7 22 26 0 2 11 16 5 18 29 26 15 29 27 2 11 27 22
25 23 6 11 27 12 27 10 0 16 12 10 17 5 2 11 19 17 23 7 20 2 27 17 17 13 22 6 6 10 10 19 14 30 13 15 13 25 0 30 26 17 6 6 21 25 5 1 29 8 25 7
12 21 13 26 25 16 20 30 5 7 26 19 1 27 0 6 29 0 30 29 28 21 20 3 24 9 17 14 28 29 7 24 15 2 5 2 2 20 26 19 2 13 22 20 11 26 27 24 27 19 19 19
24 16 30 7 10 24 20 7 25 30 17 11 16 20 5 25 5 19 27 30 23 30 14 12 18 22 5 18 16 18 24 11 26 5 12 2 19 2 16 16 14 25 3 27 13 6 22 24 24 21 10 19
8 27 16 5 2 28 20 5 11 11 9 23 23 1 13 4 28 0 25 12 5 13 30 3 21 29 20 27 8 13 16 0 26 10 26 2 1 26 15 9 30 10 19 9 9 23 20 7 29 14 19 27
15 14 18 22 2 4 20 24 12 1 30 25 9 30 17 7 29 10 17 8 30 29 22 10 22 1 12 23 3 16 11 30 2 10 16 12 16 30 18 8 24 14 11 29 0 8 30 4 12 5 0 21
15 19 26 3 22 7 22 22 20 10 24 24 24 22 1 8 1 18 2 13 4 25 3 15 15 10 27 4 16 22 22 24 26 30 4 0 13 23 28 5 2 19 2 8 30 11 22 2 15 5 24 7
25 1 12 13 5 22 9 2 7 24 30 11 22 7 5 28 3 2 20 0 16 4 26 19 23 16 21 20 18 24 4 14 24 26 12 3 8 22 17 24 17 6 24 15 6 1 21 26 11 16 25 1
16 15 23 26 6 21 30 1 18 15 10 27 26 24 13 5 12 21 26 29 13 2 28 0 28 30 18 8 22 13 10 8 19 24 30 15 1 9 4 28 8 7 26 3 27 30 3 9 17 21 13 25
11 30 15 11 1 25 24 23 11 5 8 10 20 3 7 3 9 10 22 17 23 21 30 21 20 20 23 1 13 20 11 26 17 24 11 17 13 2 23 7 20 28 28 5 18 12 11 12 27 8 10 4
26 27 20 22 21 26 17 17 15 14 7 20 5 25 21 29 16 3 10 6 15 11 12 13 12 26 2 18 15 22 5 18 14 29 18 25 19 25 28 7 29 8 21 12 2 16 22 26 19 30 19 16
1 27 8 29 15 5 23 24 5 1 24 23 1 3 30 24 7 17 30 4 9 0 30 23 24 18 1 6 10 6 30 10 22 3 9 2 13 30 1 20 12 13 9 7 5 10 15 1 23 30 8 21
12 6 15 26 14 4 11 26 13 14 26 26 13 17 7 9 4 5 20 23 13 15 10 17 19 9 17 26 16 12 4 27 9 17 27 18 15 13 3 7 24 28 26 23 19 12 3 27 30 16 24 10
20 7 21 2 16 26 0 14 21 27 5 10 4 20 4 19 27 0 14 19 16 25 12 7 15 7 0 30 21 23 11 27 5 25 23 6 9 28 5 27 17 15 10 2 11 14 3 3 5 17 23 14
9 15 9 22 29 24 23 13 19 21 12 5 23 28 20 21 28 21 3 10 29 5 0 29 26 28 9 15 14 14 14 28 9 17 1 15 13 20 11 25 24 4 25 3 9 23 12 4 23 10 18 22
28 4 19 15 14 16 9 9 15 11 25 1 29 16 5 2 25 30 7 15 30 10 4 24 27 1 30 19 24 8 1 22 17 23 14 29 18 25 10 17 7 4 26 16 9 25 21 1 25 2 19 8
3 27 0 29 15 21 28 7 5 5 22 22 4 3 23 4 0 7 6 2 11 19 25 6 28 26 17 17 13 14 21 4 27 28 17 14 12 25 2 10 8 26 27 15 24 22 6 24 16 15 1 11
2 13 22 29 3 1 21 5 20 20 16 8 4 4 0 20 2 14 21 12 26 22 19 21 30 24 20 17 8 8 12 13 28 21 25 18 27 0 13 21 24 30 26 29 14 26 25 29 13 26 26 6
4 15 14 23 19 29 17 17 6 6 17 25 19 14 29 4 22 30 5 28 20 27 1 26 7 4 15 29 13 14 25 27 5 6 25 23 13 15 22 24 27 17 23 13 0 5 17 7 16 25 17 27
27 17 2 24 24 17 14 20 5 20 15 26 24 22 11 0 11 21 7 30 17 8 1 24 23 0 11 21 28 4 26 8 7 15 14 2 1 17 19 11 17 10 23 12 8 13 27 29 0 3 5 9
7 17 2 6 14 27 17 10 17 26 17 19 6 15 1 0 7 24 15 3 18 12 18 9 7 14 11 1 13 14 7 25 13 5 5 13 18 7 24 9 13 0 11 4 0 15 3 12 20 13 5 17
20 7 23 24 28 6 14 14 15 8 21 2 22 24 2 8 24 17 28 18 10 12 8 13 20 25 8 5 30 18 6 11 2 19 13 8 9 0 23 27 20 22 22 14 5 7 16 23 14 20 17 29
2 8 25 10 29 9 7 13 27 20 24 28 7 16 21 8 6 16 26 3 24 14 18 22 3 17 6 1 1 4 12 27 14 0 13 27 20 28 9 23 26 12 18 1 23 28 3 20 29 1 0 3
23 20 14 24 13 25 20 23 5 9 5 30 19 17 4 15 16 22 16 8 18 8 7 3 13 27 24 18 3 15 3 2 1 11 12 6 21 4 10 14 21 13 8 12 13 23 10 17 15 22 1 25
6 6 12 16 2 28 6 9 11 9 16 5 27 27 26 11 4 25 10 1 29 25 14 27 3 28 13 29 23 22 6 18 23 2 0 20 12 13 9 13 18 7 29 4 25 1 6 22 28 14 30 14
24 0 25 26 24 23 19 17 13 13 5 30 17 16 28 0 26 15 8 15 21 19 8 15 24 13 23 9 8 28 13 17 25 8 17 23 13 20 0 11 29 14 16 10 21 22 24 27 22 3 1 7
1 18 3 4 23 5 29 30 20 23 19 8 12 15 9 11 26 11 4 15 28 19 6 13 28 11 12 24 21 12 25 19 12 3 1 13 3 8 2 0 11 16 14 6 15 18 1 20 26 20 12 5
