57 57
13 3 1 10 28 13 0 0 19 9 2 28 15 27 6 22 27 16 27 20 3 19 1 22 23 25 0 18 8 2 10 29 24 22 6 1 0 18 3 7 19 0 16 30 6 27 14 0 18 20 4 28 29 17 8 0 4
2 16 11 10 3 19 20 3 19 10 25 23 10 30 15 9 3 14 4 13 16 29 22 20 22 10 5 28 18 7 30 4 10 11 0 22 11 2 11 16 14 11 22 13 27 6 10 27 25 20 1 7 17 25 30 8 22
6 18 28 3 26 30 24 8 15 5 3 24 7 27 20 29 20 13 5 26 30 7 23 15 8 14 17 12 7 10 22 21 17 6 30 27 15 23 3 24 11 12 22 12 12 14 30 7 13 2 19 30 29 7 26 4 7
8 20 16 17 12 28 12 18 23 1 10 1 1 18 3 0 24 21 18 25 19 15 10 17 4 8 11 12 27 10 16 14 12 20 29 4 20 12 1 4 1 19 7 23 13 20 24 21 17 14 22 9 13 1 28 0 16
19 15 4 8 10 15 17 1 16 6 17 23 22 30 25 2 7 0 10 9 2 21 15 19 28 6 17 14 1 20 25 29 27 26 19 29 29 11 24 4 1 3 7 27 4 1 22 26 25 26 26 14 29 16 4 17 4
17 5 10 1 23 18 20 1 14 27 28 17 25 14 22 0 18 25 23 19 20 27 11 4 14 12 9 18 23 23 1 8 6 18 25 4 7 12 1 21 19 8 23 5 30 21 26 21 3 27 30 10 21 3 13 8 25
6 19 8 12 10 2 3 6 15 6 26 25 23 9 12 19 22 5 18 12 25 29 26 29 24 10 9 6 29 14 27 21 18 19 24 24 30 4 20 15 1 29 28 19 6 29 13 19 30 24 3 20 29 6 17 1 2
24 28 3 13 10 2 23 5 25 4 20 4 13 28 16 13 17 14 17 14 29 2 7 28 6 16 24 19 8 30 29 2 26 8 0 3 0 10 20 4 26 1 19 9 28 12 16 21 24 19 5 25 18 17 20 2 3
22 14 3 4 21 1 20 25 25 17 20 3 0 23 4 15 8 4 27 9 0 25 24 2 15 18 13 22 23 15 22 9 4 27 12 18 10 9 23 20 1 25 23 12 4 14 14 9 9 12 11 18 13 2 19 6 21
15 5 25 17 9 11 14 19 16 21 7 1 12 20 14 8 28 16 9 11 28 24 2 13 18 21 17 6 12 1 24 14 23 5 29 9 6 24 30 24 16 29 11 23 13 30 14 12 17 19 28 27 18 7 9 24 1
11 1 10 24 5 3 17 6 8 14 25 21 4 23 25 2 16 15 13 28 20 29 1 29 13 1 10 9 14 19 21 4 24 26 15 2 4 20 1 27 27 28 13 29 23 28 14 2 17 21 18 27 9 25 21 17 21
6 17 26 28 27 7 21 15 15 1 5 22 15 8 5 20 9 29 3 6 29 13 3 27 9 20 18 11 29 26 16 28 26 21 15 7 29 23 2 25 19 19 29 4 2 27 0 23 14 30 20 6 2 30 30 2 9
20 6 17 27 20 20 7 1 30 17 28 30 12 18 11 8 6 9 10 2 25 6 14 17 4 11 25 19 19 23 8 13 16 16 23 23 25 10 2 23 6 3 7 23 26 12 1 8 30 14 26 30 24 22 29 15 29
14 29 21 24 2 23 19 0 15 20 17 7 27 1 15 2 7 10 9 3 6 6 6 23 4 27 27 30 22 9 7 10 29 11 4 11 27 9 29 7 4 25 29 16 15 26 24 16 5 24 7 14 27 2 25 5 11
0 0 20 26 14 19 30 1 24 30 22 26 10 30 4 27 21 10 24 5 8 13 25 7 2 1 7 1 14 21 22 26 20 21 16 18 0 19 0 28 3 1 13 19 29 24 1 29 28 20 5 1 10 16 14 0 4
16 8 23 26 8 16 26 22 25 27 15 26 17 24 17 23 1 1 22 26 21 8 17 25 7 2 13 22 20 25 24 27 26 23 17 12 3 4 21 1 22 3 20 29 18 1 12 17 19 15 20 24 12 30 18 13 22
29 22 0 17 15 27 10 20 20 20 5 11 22 23 3 0 9 8 15 27 26 3 8 7 28 21 28 19 14 30 9 0 20 27 17 6 17 23 13 13 19 6 17 1 12 3 27 29 15 14 17 15 27 4 20 25 24
4 24 22 15 10 0 9 26 14 24 13 16 24 22 30 28 11 2 25 6 29 5 22 3 25 10 24 10 29 13 23 18 8 19 29 18 22 20 22 15 5 11 28 11 15 11 6 29 0 12 23 16 11 20 29 1 3
23 30 30 24 6 29 30 7 17 19 2 13 10 16 21 28 22 23 12 29 11 5 16 22 20 0 0 28 3 15 11 10 22 21 11 24 25 0 2 26 2 6 15 2 11 7 29 26 4 24 27 7 20 21 25 6 17
6 27 25 20 22 25 1 28 28 24 9 12 27 11 13 23 2 26 16 12 7 14 15 21 22 8 28 19 0 1 1 14 20 2 13 6 6 2 1 13 3 26 17 17 20 25 11 18 18 14 29 24 29 1 17 6 23
2 22 15 5 15 25 20 3 13 18 29 22 18 21 23 7 20 27 30 24 25 14 4 4 21 24 28 14 15 24 18 14 24 0 14 0 2 15 14 8 7 3 5 10 26 12 27 12 22 4 26 20 19 17 16 8 5
20 27 1 18 15 15 11 26 7 27 9 4 4 28 24 5 27 13 14 1 27 4 12 20 26 8 20 19 22 1 13 21 27 20 17 14 5 6 27 13 8 22 14 5 15 23 10 4 23 10 21 26 20 17 24 16 13
26 12 29 5 9 29 6 30 7 22 20 26 25 16 1 6 6 1 5 7 30 14 19 21 20 22 3 26 25 22 18 14 16 25 27 14 23 2 10 24 8 1 17 27 16 20 30 8 28 24 5 28 6 19 6 28 11
13 15 25 10 8 3 1 24 22 23 3 12 13 1 20 7 28 3 9 22 24 1 21 3 22 28 18 6 28 22 10 7 18 17 13 19 25 1 3 3 29 17 1 19 16 6 11 0 6 12 9 22 11 0 19 10 23
27 9 22 27 6 5 3 29 23 7 6 14 29 12 8 19 20 12 30 25 20 14 0 27 4 29 17 15 10 19 26 27 4 23 3 30 9 14 23 11 9 24 25 15 23 30 27 21 29 15 30 27 30 10 10 11 11
16 0 6 17 25 9 26 26 22 0 29 17 11 2 13 21 26 17 7 10 21 8 13 24 17 18 30 22 16 17 14 5 15 20 1 6 10 25 18 9 20 22 9 11 28 16 3 13 26 5 0 15 26 22 10 25 16
10 29 14 4 15 27 1 5 11 21 23 19 0 23 9 9 13 13 9 7 13 12 18 4 6 13 16 0 6 10 8 17 6 4 27 17 5 3 26 2 20 9 28 28 4 26 11 7 22 20 1 16 3 16 14 24 23
14 30 8 9 16 25 10 5 10 16 23 15 13 27 18 28 6 12 13 20 11 7 30 6 22 19 22 24 24 8 4 19 13 22 13 6 15 19 29 21 18 12 6 20 12 25 23 4 22 3 13 20 25 5 28 11 8
27 0 13 4 25 18 5 8 15 21 0 22 1 21 22 19 6 15 24 29 21 22 20 20 18 4 14 19 2 0 11 29 24 16 1 11 17 22 4 3 22 30 11 7 21 2 3 21 2 6 2 24 18 9 24 29 10
26 5 3 13 19 8 23 8 18 4 29 0 1 25 6 12 8 22 9 6 17 16 2 20 22 1 15 27 23 5 24 24 20 2 8 8 11 28 11 13 4 28 3 4 9 12 22 8 3 12 2 0 30 6 25 5 9
29 18 28 17 14 13 0 16 6 17 5 19 28 0 18 10 19 0 8 29 2 9 17 8 14 4 0 27 11 16 1 30 16 13 0 9 2 24 29 9 23 16 1 9 11 4 11 12 14 29 13 20 12 22 6 8 3
16 6 0 12 12 30 5 21 22 7 1 8 30 27 30 27 22 13 12 10 20 24 25 8 9 5 3 22 2 1 13 0 26 25 16 17 17 17 7 21 12 7 18 0 26 19 3 14 19 20 16 4 9 10 2 5 24
26 30 1 14 7 2 21 24 3 25 1 29 14 30 11 9 10 8 18 13 18 16 6 16 7 28 27 27 7 12 21 6 12 10 5 14 3 14 20 16 19 18 25 24 1 9 16 20 16 15 7 9 25 17 18 0 0
25 1 30 11 2 24 21 12 24 19 27 21 6 25 27 16 24 30 0 20 18 3 17 25 25 13 27 23 19 28 17 1 14 0 10 20 7 13 12 4 21 6 27 14 24 14 11 16 26 24 27 29 18 17 11 10 26
15 1 18 19 30 3 22 27 9 7 0 10 16 14 27 30 3 6 13 12 22 23 19 26 4 24 24 17 30 16 23 16 13 8 1 18 23 19 26 3 27 27 12 25 24 17 28 13 1 19 0 25 2 1 4 0 17
2 26 30 27 21 0 29 21 21 17 15 21 12 9 18 8 15 11 26 11 1 27 29 22 26 2 20 29 15 13 24 16 22 0 6 0 25 4 6 23 24 26 27 3 3 2 17 14 25 5 10 23 20 12 1 8 26
0 1 16 19 4 15 16 12 3 26 12 23 5 5 13 28 21 13 28 6 21 11 30 9 27 6 2 27 7 30 10 16 25 0 28 19 23 11 2 3 3 23 22 18 26 6 24 7 11 14 14 26 19 17 13 2 1
22 14 0 9 20 17 20 23 19 27 4 0 16 7 29 15 9 29 16 2 1 30 25 29 11 21 25 19 10 26 15 23 0 25 10 16 7 26 1 14 1 6 14 0 15 5 18 9 12 16 26 19 24 28 15 26 7
6 18 15 3 24 29 24 8 22 30 22 13 9 10 16 17 16 18 21 11 2 9 22 29 24 21 8 15 0 19 10 5 15 28 8 21 18 10 1 27 18 22 17 16 8 24 10 22 10 28 8 6 20 7 20 12 2
7 9 10 15 30 6 3 24 26 8 15 2 25 7 4 27 28 13 13 14 1 16 19 0 13 19 5 10 1 24 15 20 2 24 12 24 27 6 9 21 18 9 1 6 20 6 9 3 5 18 9 17 9 3 7 21 8
4 28 18 11 10 26 11 10 30 20 21 14 13 5 6 3 29 22 21 17 16 10 14 29 0 3 22 6 23 3 19 1 4 1 25 26 5 24 15 8 7 18 26 25 22 28 15 7 0 29 14 17 4 2 8 11 13
23 23 1 4 30 29 14 21 24 29 21 29 9 24 18 23 28 7 23 25 0 0 27 11 2 23 21 12 25 0 11 15 20 24 24 21 16 10 11 12 8 12 18 22 26 2 23 22 4 8 25 12 10 15 0 3 8
23 24 27 23 12 18 16 12 19 12 6 11 16 28 7 30 28 17 3 5 25 15 7 26 12 15 28 23 24 30 19 14 15 12 16 4 12 13 21 7 5 23 8 2 14 30 26 24 29 4 29 0 5 11 10 18 29
19 26 22 23 17 16 0 14 23 18 9 5 14 26 20 1 9 26 9 17 12 1 29 21 1 2 21 30 24 28 26 4 4 2 3 30 15 4 2 10 19 19 25 0 28 1 26 10 16 18 7 19 21 2 24 5 20
12 15 16 22 14 16 29 22 21 7 19 23 16 26 16 1 12 30 0 15 12 15 4 25 25 20 6 17 3 3 29 27 11 24 11 5 15 19 22 26 18 21 11 30 15 30 17 14 19 29 30 25 28 3 9 30 21
23 7 23 27 1 13 29 18 18 26 9 0 3 21 12 8 21 21 26 22 1 26 17 1 30 29 30 30 7 21 26 14 10 30 30 22 27 4 27 2 7 14 15 12 17 18 6 11 7 4 20 9 20 27 4 12 30
21 10 17 14 6 17 29 29 4 14 4 16 27 7 24 29 29 10 20 21 19 30 26 30 25 3 2 12 7 26 20 22 12 7 19 18 7 15 7 13 5 0 6 0 24 19 18 3 20 9 5 24 8 17 27 10 5
4 0 19 15 9 23 14 18 4 8 23 24 21 14 30 30 10 17 13 6 2 18 28 17 13 24 30 20 12 9 10 12 10 17 3 30 24 2 24 10 4 10 27 2 6 28 4 0 14 11 22 8 3 16 27 1 22
27 22 20 29 29 3 23 19 7 18 11 0 12 6 27 2 28 6 21 20 10 3 4 9 3 5 0 18 19 8 2 24 2 6 27 17 25 20 10 7 22 21 27 3 6 21 8 23 3 23 16 6 0 1 9 9 24
5 6 4 12 21 11 28 19 15 18 24 7 13 4 14 4 27 2 26 26 29 23 11 20 6 22 13 15 28 9 2 3 21 30 19 14 1 3 18 10 19 11 10 29 22 20 8 30 2 13 11 9 3 0 27 1 5
10 6 9 15 8 1 7 20 11 26 9 12 16 21 14 30 27 24 7 21 20 25 7 24 29 10 19 7 20 27 1 24 23 18 29 18 25 8 24 26 5 22 11 6 8 28 10 25 17 11 13 3 9 18 16 12 21
4 12 21 9 1 9 19 2 30 11 4 14 6 20 6 30 23 29 7 17 28 26 29 29 6 30 24 25 23 12 27 19 29 9 23 30 5 14 1 21 27 4 3 17 15 26 23 14 9 9 29 23 17 4 16 28 5
21 13 6 15 3 29 27 18 4 15 18 0 28 19 25 18 22 5 21 26 29 5 6 29 30 23 9 25 26 2 10 6 22 28 25 10 28 26 22 2 2 0 20 25 29 20 24 27 0 15 14 20 13 13 29 15 6
28 18 18 7 0 1 0 27 13 24 27 21 19 24 25 1 9 6 5 9 10 12 21 9 19 14 13 30 6 29 29 10 7 8 9 20 23 15 17 17 7 6 8 24 17 22 22 28 0 13 20 7 22 14 9 18 21
4 11 18 5 24 25 25 29 18 10 30 10 17 18 30 10 30 20 13 12 17 18 6 1 26 15 12 29 1 2 26 0 1 24 25 25 24 7 0 17 0 26 21 0 11 6 23 16 19 26 17 17 6 24 20 19 9
5 27 20 11 15 14 14 2 15 26 3 19 9 1 2 28 21 5 28 24 24 28 16 8 5 30 1 6 2 7 6 22 17 17 8 22 17 12 0 28 17 22 19 18 28 18 16 19 25 9 30 13 0 20 30 28 2
7 10 30 27 30 13 8 10 14 0 7 13 24 15 27 7 0 13 27 10 6 17 26 26 25 27 28 9 15 10 23 6 29 4 13 5 16 25 4 6 11 0 29 28 11 28 13 28 4 20 30 30 21 10 16 16 14
