58 58
27 8 20 2 17 13 26 20 20 22 6 29 5 15 29 18 21 3 2 29 28 6 17 8 0 28 18 23 6 19 22 22 5 6 27 29 9 18 24 4 14 21 2 9 28 19 26 3 30 22 15 6 8 15 0 29 26 1
1 14 3 6 5 30 5 2 30 1 18 6 23 5 24 15 19 28 16 17 28 26 21 10 22 10 5 9 14 4 13 27 4 19 1 16 8 19 17 16 15 13 24 12 10 21 5 20 9 13 1 12 11 23 8 10 30 16
12 18 11 4 20 11 11 17 5 18 11 23 22 25 0 17 18 28 15 15 9 9 27 2 13 16 11 13 14 2 15 26 12 3 22 13 15 2 7 7 20 13 6 22 1 9 21 5 12 25 3 22 7 17 25 21 11 1
27 18 13 8 21 18 8 30 18 0 22 29 17 1 26 20 26 0 14 0 12 19 22 17 18 26 17 7 13 25 25 22 23 7 11 21 22 30 25 2 12 17 19 29 10 1 22 30 15 5 8 30 2 9 19 12 25 11
10 29 7 10 10 11 15 11 12 18 24 1 5 26 4 21 8 4 17 20 1 19 8 1 0 25 2 24 19 6 3 24 10 28 11 27 6 17 22 11 14 19 6 13 1 1 20 20 18 5 18 18 27 26 10 20 1 28
14 28 10 9 29 29 11 24 11 29 1 0 6 6 26 28 26 2 30 25 11 5 13 12 5 29 12 25 0 13 10 28 0 25 7 22 18 30 17 26 18 9 3 5 21 0 13 24 2 27 28 28 15 17 1 29 16 11
24 20 13 25 19 25 29 1 7 18 20 6 30 10 2 4 12 8 23 11 2 12 17 23 2 16 4 19 8 10 24 12 25 4 21 26 10 5 21 21 13 20 29 16 0 18 10 4 13 15 4 4 24 19 21 15 7 19
22 8 29 5 29 13 11 10 14 10 26 20 21 23 1 14 22 29 4 22 4 16 12 20 4 10 9 6 14 8 13 21 20 3 7 0 6 18 29 0 4 19 25 7 22 24 27 6 28 23 6 4 3 8 7 28 29 9
20 1 23 8 2 25 11 17 18 21 6 2 7 18 17 13 12 13 29 13 21 20 6 5 9 0 14 14 14 14 9 2 14 26 9 17 5 26 7 25 30 25 6 21 29 15 26 9 17 15 23 10 8 10 19 19 26 22
24 3 15 2 0 24 20 4 14 23 9 1 18 1 13 9 15 20 20 22 17 17 18 6 5 29 9 27 26 28 24 29 27 27 8 17 19 26 13 30 10 4 21 30 10 5 16 29 22 14 18 17 12 24 26 10 27 9
19 4 16 29 11 1 20 7 7 22 7 15 13 28 6 13 3 4 13 0 10 24 20 8 8 6 4 24 27 5 17 12 9 23 24 30 3 5 23 8 1 4 13 25 14 18 20 23 27 9 30 13 23 28 23 25 4 30
23 19 20 0 5 13 13 24 6 22 19 3 18 9 11 14 21 20 24 30 10 27 22 7 17 30 15 17 25 26 2 22 17 13 26 25 10 13 11 27 4 11 10 26 0 17 17 28 28 15 17 10 13 20 21 5 22 12
14 13 2 3 3 26 3 13 30 21 8 14 19 19 2 20 23 12 7 30 8 26 7 22 27 30 7 3 8 8 11 8 12 28 22 15 20 12 15 8 15 9 28 10 13 0 6 24 17 22 0 3 21 27 22 6 14 24
0 5 22 14 24 4 8 15 17 0 5 28 9 13 27 17 3 8 10 12 10 4 16 7 6 8 28 15 5 16 7 18 17 20 24 6 5 28 7 10 7 18 2 25 7 11 17 10 19 14 30 9 28 6 22 24 27 11
3 22 7 29 19 2 27 8 8 26 28 0 8 13 0 30 16 2 14 8 12 28 16 4 22 9 30 3 26 10 21 17 12 19 9 1 0 25 1 18 16 3 21 15 3 12 17 8 25 20 19 9 28 18 17 5 15 6
30 2 29 3 3 14 25 30 0 10 17 15 20 11 26 14 14 11 10 2 28 20 8 5 7 11 12 16 26 0 25 20 22 12 2 30 12 13 12 16 10 15 17 17 25 30 1 23 6 17 16 26 19 1 0 13 16 1
27 20 1 30 29 16 28 23 11 13 7 20 5 6 24 5 16 18 20 4 24 23 15 9 0 28 7 21 28 13 12 4 15 12 27 5 26 7 11 23 25 29 13 13 4 28 15 1 24 18 7 8 13 16 7 0 15 24
10 19 6 14 6 11 18 4 12 7 11 8 8 22 24 15 0 5 25 21 21 11 13 0 0 12 28 0 26 7 2 5 23 2 15 3 11 2 10 27 16 9 17 11 30 15 13 27 8 28 16 4 0 2 29 22 28 10
9 2 0 11 12 3 30 22 9 16 10 22 5 28 11 10 10 0 19 14 3 18 23 3 18 25 21 26 29 7 24 2 7 21 7 9 22 21 28 15 23 2 6 16 23 7 30 29 5 29 4 26 3 0 8 21 28 1
20 21 7 19 10 0 17 0 9 30 0 9 1 18 22 1 17 12 1 24 11 26 23 19 6 13 14 11 6 12 25 17 21 30 29 13 0 11 4 9 26 12 12 25 20 6 3 22 18 4 4 7 13 15 5 22 27 14
14 30 10 16 14 4 15 22 2 29 20 22 8 14 2 2 25 24 24 15 29 8 10 24 1 24 16 12 29 30 18 13 18 28 28 10 30 19 28 9 11 0 12 10 12 15 0 5 28 0 13 17 7 23 12 20 13 25
2 10 0 0 17 13 11 24 25 22 27 10 30 16 12 1 26 0 21 0 30 19 0 30 6 30 23 15 2 19 14 6 18 15 5 7 3 17 30 0 14 11 1 12 27 3 14 10 3 6 23 11 9 8 5 1 9 12
3 4 27 24 3 30 19 8 1 1 13 13 12 27 12 3 2 22 10 0 8 4 24 22 15 30 19 30 23 16 12 11 19 22 20 20 30 1 0 14 13 5 2 0 13 2 27 23 24 5 10 17 14 29 12 19 8 30
19 21 14 3 12 15 7 21 29 29 3 6 9 10 6 7 25 3 8 2 27 4 22 30 16 15 1 8 2 17 19 25 15 24 1 4 28 17 21 13 27 14 15 2 25 1 30 9 28 28 22 16 25 13 19 29 20 25
1 27 9 29 22 17 1 1 4 30 4 13 6 6 16 30 27 8 25 26 22 13 3 3 30 30 4 11 20 14 28 23 0 8 9 0 2 18 23 23 0 17 3 7 3 4 11 5 3 20 26 30 23 5 6 12 23 27
26 18 1 25 6 15 20 28 25 2 13 3 20 24 5 19 24 22 13 23 6 20 9 1 2 19 20 7 23 18 0 23 25 0 9 29 13 5 3 13 24 21 13 14 30 24 4 11 9 14 27 28 25 23 27 10 1 8
24 2 22 20 18 29 5 9 26 8 0 3 20 15 13 28 20 0 22 25 23 20 20 12 11 29 15 13 4 24 24 24 20 18 29 21 14 16 4 15 22 21 25 6 13 28 28 16 7 29 28 5 26 8 10 0 14 4
12 16 23 24 16 4 23 4 7 5 16 21 18 14 28 17 24 3 19 24 0 11 23 17 27 9 24 6 13 1 19 21 20 20 10 28 21 12 7 25 11 8 19 23 9 27 21 24 16 11 21 4 14 15 14 21 29 6
4 21 0 30 29 26 28 15 30 8 25 4 20 3 4 23 0 13 20 2 5 21 8 0 20 10 1 5 28 6 17 6 24 9 29 0 12 12 1 2 2 7 25 6 6 17 26 8 19 17 16 15 4 5 25 12 19 28
0 21 1 0 4 15 21 2 19 23 9 18 9 23 11 1 21 2 23 13 26 20 29 29 10 30 0 5 18 12 7 25 21 4 15 13 18 17 11 7 10 21 23 13 19 5 24 25 29 9 21 8 16 9 10 30 23 13
30 23 8 25 6 30 19 21 7 20 0 30 27 0 8 27 8 1 12 15 8 24 15 21 11 16 13 25 3 10 12 18 16 26 3 1 5 0 26 10 13 19 26 0 8 27 6 17 17 20 17 4 30 29 4 6 10 23
5 9 2 5 12 10 11 28 3 1 28 24 13 3 12 4 24 3 23 1 4 6 8 24 27 21 30 0 25 16 19 5 2 5 25 9 22 2 20 21 9 26 12 6 19 24 26 15 22 0 20 27 11 23 6 6 16 30
9 0 10 30 12 13 17 24 30 26 23 8 23 19 2 0 17 5 25 0 14 3 26 28 24 18 12 4 25 29 29 18 21 21 19 20 28 17 0 12 4 8 11 22 1 4 24 22 25 22 16 30 17 16 15 8 29 20
14 21 19 30 5 4 4 26 0 26 18 14 1 30 25 10 29 25 22 29 14 16 0 4 19 25 3 13 24 3 13 26 10 11 27 10 9 27 16 9 21 11 0 24 6 15 13 28 12 16 16 30 7 22 19 19 8 11
15 15 23 24 18 28 30 26 22 23 21 18 23 4 19 2 14 25 26 26 15 17 8 28 7 20 19 8 21 4 15 23 17 11 18 10 22 14 25 1 9 16 28 7 8 18 1 9 5 0 9 7 9 16 10 13 24 14
14 22 19 26 13 0 29 3 21 19 28 21 1 26 14 5 5 12 7 2 9 25 12 26 4 9 26 0 25 15 15 23 8 8 6 11 25 25 26 22 10 15 14 0 26 20 28 21 24 24 16 16 18 25 17 14 10 8
28 1 1 29 19 19 7 10 7 9 7 5 4 29 20 29 28 1 6 21 3 0 5 6 23 6 12 16 30 3 25 15 1 26 10 21 6 11 7 28 6 9 13 2 21 0 14 29 21 19 17 19 12 30 23 3 13 22
24 11 17 27 3 24 29 18 30 6 1 2 27 11 13 6 27 6 25 17 16 13 2 19 0 3 21 3 17 24 12 19 21 16 17 7 21 21 25 4 19 4 25 4 13 2 15 15 7 13 30 29 15 26 8 29 14 12
3 23 22 21 18 17 25 24 13 23 27 12 2 2 27 21 25 12 0 27 0 28 12 15 19 24 19 2 0 7 12 26 24 29 23 19 12 6 23 16 11 22 17 30 18 20 23 18 17 28 0 11 21 22 1 7 14 20
25 2 4 24 1 21 27 21 14 9 14 24 12 8 28 17 0 2 25 13 30 19 25 13 28 8 7 7 4 15 20 11 27 30 14 8 29 5 14 6 2 24 28 12 6 26 26 23 13 11 3 23 1 9 22 16 3 18
4 2 2 26 11 7 23 1 9 13 18 8 30 7 6 8 0 30 4 18 25 21 13 16 5 2 5 23 1 23 24 17 29 24 8 0 22 16 8 12 18 21 15 9 0 18 26 18 0 8 4 1 15 20 2 29 6 27
13 15 28 6 13 17 13 8 27 14 21 14 30 21 12 29 28 26 24 30 7 0 6 12 0 3 26 24 16 27 4 26 25 26 27 2 23 14 0 28 4 16 15 3 2 24 7 28 5 15 21 10 6 13 13 14 1 28
11 21 25 10 13 6 26 2 25 27 28 10 18 22 24 16 11 5 20 17 25 15 28 30 17 1 27 13 12 1 0 5 26 1 18 10 15 23 22 11 29 27 10 26 27 27 19 0 10 29 3 13 11 10 4 22 22 11
29 6 6 24 12 6 25 26 2 27 19 8 0 25 16 29 1 28 5 15 29 19 8 19 30 16 9 15 9 29 17 6 25 12 13 7 0 28 14 0 5 0 6 2 14 1 15 15 19 7 14 21 5 6 23 14 10 27
19 2 26 9 29 26 11 0 10 20 13 16 18 27 26 29 8 29 30 16 16 11 9 13 0 24 12 12 13 6 15 14 10 30 4 30 15 17 29 22 24 23 16 2 23 22 1 1 2 21 24 26 1 2 24 28 20 5
27 27 9 1 12 29 10 29 27 4 24 3 2 14 12 7 24 28 4 15 26 1 29 29 19 19 0 23 20 6 11 5 5 29 19 30 9 10 1 10 28 21 22 27 1 17 9 1 10 30 23 17 10 13 2 24 4 11
4 21 20 24 28 5 16 2 13 23 16 27 25 6 22 30 2 3 19 12 5 6 27 30 28 21 10 9 16 30 20 28 16 22 26 20 3 3 8 16 12 2 4 8 3 24 19 12 24 19 7 11 22 0 13 23 10 25
12 16 23 24 14 26 10 11 12 9 28 15 19 8 18 13 14 4 1 14 5 15 10 23 2 14 4 7 19 7 12 26 15 12 27 14 19 29 5 23 28 7 21 14 19 26 0 0 16 1 16 8 25 26 2 30 5 13
16 25 5 4 8 13 21 11 15 29 29 7 11 18 24 22 27 6 30 28 29 23 25 5 5 7 15 7 2 15 29 7 10 0 13 24 25 13 15 7 9 27 5 28 27 27 10 18 17 25 13 19 1 4 18 27 9 20
4 28 18 28 28 25 6 0 30 26 16 27 22 13 21 14 27 13 10 14 22 25 9 18 23 10 1 24 4 25 24 30 5 9 22 15 2 2 3 1 21 3 13 21 17 30 28 12 8 29 17 18 21 19 29 6 7 4
0 23 7 6 19 8 13 6 27 19 18 1 4 16 9 24 28 19 25 14 3 18 8 21 21 17 30 7 2 5 30 5 11 22 18 24 18 6 28 25 28 26 21 15 25 0 9 5 10 14 19 6 13 10 22 14 3 5
4 14 16 11 8 23 15 3 5 6 3 23 22 27 25 3 27 16 30 30 18 4 10 8 21 18 4 12 18 8 23 13 15 8 9 18 30 12 3 24 14 10 19 1 30 13 8 2 26 12 23 18 7 0 5 19 14 15
25 10 22 19 19 26 10 28 17 2 28 25 10 8 14 21 5 25 21 26 19 22 26 17 18 26 14 16 22 21 20 11 9 3 19 0 27 30 21 26 24 30 22 5 3 7 3 19 12 6 9 7 1 27 21 21 10 11
7 14 10 1 25 13 18 30 10 20 17 4 18 16 22 22 21 14 23 9 2 1 25 20 9 9 30 15 30 6 5 10 1 27 13 18 3 1 19 3 12 25 19 22 7 30 14 16 16 6 19 8 9 6 5 3 23 7
22 18 25 18 15 25 16 8 5 17 14 25 2 1 22 23 0 14 29 11 29 21 15 27 11 1 7 15 11 8 22 1 3 26 16 4 3 13 10 24 20 1 18 4 16 8 6 12 18 9 12 21 6 21 28 27 2 18
2 29 3 6 22 12 29 28 21 18 10 16 17 26 16 19 9 3 29 24 22 9 15 14 22 29 29 16 10 14 29 10 12 16 2 23 2 8 8 23 20 10 7 20 9 27 30 25 11 9 22 12 1 15 26 19 8 28
2 17 15 29 16 14 6 19 21 25 12 23 25 0 10 26 29 15 24 1 27 9 13 0 26 17 12 5 20 16 0 9 4 18 21 25 16 6 8 22 27 18 17 30 1 27 20 9 11 16 3 26 0 24 0 8 21 6
25 21 19 24 10 21 2 29 8 26 24 14 14 3 23 4 22 7 7 6 0 0 26 29 27 18 7 18 0 6 5 11 23 16 11 0 11 29 30 26 26 13 5 24 7 25 20 26 21 2 13 27 20 16 12 17 27 25
