59 59
17 1 8 19 9 18 16 12 20 12 5 27 7 9 25 24 26 15 9 9 21 27 12 19 9 10 13 3 10 30 26 0 7 5 4 8 0 12 27 18 9 20 28 25 26 29 1 2 9 20 30 1 29 27 0 23 22 21 4
15 21 30 29 8 15 12 1 10 22 9 4 29 22 16 21 7 3 9 9 11 0 17 18 25 14 24 21 28 8 16 14 22 29 26 26 26 15 6 1 5 28 25 17 17 28 26 26 9 26 17 17 29 17 10 27 25 7 1
8 20 10 9 11 7 18 3 23 3 2 5 12 13 6 7 0 1 17 3 8 14 15 7 20 28 12 4 28 26 18 15 12 28 24 19 20 30 18 10 5 20 1 27 10 16 2 0 2 30 25 8 9 19 16 8 26 16 8
12 17 22 12 18 12 6 15 17 16 2 15 3 7 21 21 17 1 8 29 18 24 1 4 18 23 5 26 16 12 26 29 9 28 11 2 18 8 18 19 11 0 26 16 6 21 13 6 13 3 23 12 21 25 3 12 22 4 18
27 26 11 18 4 0 7 8 14 30 30 6 5 9 23 26 14 14 8 15 10 19 25 17 4 17 24 5 12 13 13 7 3 18 4 22 16 7 6 24 25 18 24 24 29 18 21 29 30 10 25 26 3 17 17 0 7 2 22
15 5 5 29 12 16 20 29 20 12 5 14 28 26 25 21 20 22 22 16 23 12 10 3 6 14 7 7 9 14 13 23 11 25 18 22 19 21 7 19 19 7 25 12 23 11 26 9 4 1 0 21 6 20 14 22 26 12 14
0 21 8 30 22 4 12 30 29 10 12 19 16 25 24 29 23 3 30 7 7 22 13 25 6 12 24 30 26 0 30 26 24 11 3 28 0 12 21 23 23 10 28 20 26 1 2 16 12 14 25 7 8 0 27 18 1 17 9
26 9 1 0 14 6 7 7 1 30 7 22 26 8 13 0 20 6 24 1 22 20 7 24 14 12 4 29 18 18 25 11 12 11 4 5 20 14 26 18 3 7 13 6 12 13 23 30 8 15 26 4 1 6 22 12 21 13 2
1 3 9 25 0 29 27 17 26 17 19 21 8 16 7 17 1 28 19 13 0 22 13 25 0 19 16 29 30 25 2 11 23 1 21 26 29 22 17 8 1 13 2 23 28 8 2 24 27 23 23 22 24 23 11 24 10 27 5
0 14 12 25 24 9 21 9 13 29 0 13 5 4 25 28 3 29 9 8 27 27 15 0 16 24 10 17 22 3 15 20 10 29 23 11 8 6 27 16 1 20 5 30 5 29 19 30 5 26 20 13 11 30 5 27 15 9 20
7 21 11 8 27 23 21 6 22 0 21 21 30 3 24 2 4 17 29 4 16 24 21 16 24 22 28 10 20 23 13 14 5 20 18 13 24 11 7 26 24 7 1 15 12 12 3 24 3 30 21 30 25 21 3 26 22 6 27
30 21 5 15 23 25 27 0 14 6 6 9 23 29 19 2 11 22 14 18 16 16 2 20 15 6 23 11 12 4 19 24 5 20 24 25 1 17 26 0 16 20 16 26 16 21 11 27 7 0 13 27 25 16 10 24 8 24 28
25 17 15 22 13 12 22 22 30 10 27 7 12 18 11 20 17 2 4 28 1 2 5 18 4 6 16 6 25 28 18 23 0 26 21 11 4 7 25 20 20 22 0 14 27 13 26 20 30 4 8 14 14 12 25 6 17 28 4
4 19 21 25 21 24 1 28 7 21 3 2 30 17 17 11 26 12 19 2 8 17 0 18 8 22 28 1 28 22 7 30 27 17 1 0 14 4 30 16 19 17 12 9 24 8 12 28 2 4 25 24 12 8 24 21 27 6 25
28 23 26 26 3 1 29 1 0 13 15 18 14 10 3 13 7 22 21 30 26 17 19 17 10 7 3 13 15 16 30 19 0 10 9 6 13 18 5 29 18 29 5 12 25 19 12 14 17 2 23 17 13 22 4 12 14 17 1
5 3 30 1 8 1 21 3 11 23 9 29 16 11 20 4 20 4 21 14 6 29 10 0 14 7 15 26 0 8 0 1 28 20 7 22 13 0 3 15 9 26 9 24 23 27 13 16 24 24 17 21 1 28 5 25 5 2 24
10 4 5 0 5 2 5 4 6 7 14 5 22 23 28 25 14 23 8 3 21 30 15 27 25 11 30 11 3 2 26 7 20 12 9 2 24 25 20 27 27 16 3 14 21 15 27 14 10 6 16 9 30 0 25 6 7 13 15
6 11 24 1 20 27 25 28 6 30 15 15 27 11 15 2 30 21 16 18 7 14 13 27 12 7 12 27 25 3 3 10 6 2 30 26 8 1 10 5 5 23 27 30 11 28 3 19 8 17 1 6 15 28 0 8 1 0 6
26 11 17 19 9 2 12 12 12 18 3 23 12 9 8 27 0 26 6 24 1 20 6 14 5 23 18 6 30 11 27 21 9 4 22 10 26 11 15 11 30 9 3 5 6 29 6 30 18 2 25 14 12 24 20 28 22 5 10
18 13 28 25 21 27 13 27 10 0 2 21 29 12 7 21 27 7 17 9 25 26 23 0 25 6 29 10 6 20 27 29 15 21 0 8 6 11 18 4 1 16 4 3 13 3 25 21 12 14 20 9 20 6 26 5 1 3 5
4 12 20 21 9 16 25 13 12 22 24 3 27 11 29 9 30 28 19 0 30 1 24 12 20 22 22 5 29 1 22 8 10 5 26 1 24 6 22 30 7 3 18 10 24 4 9 8 26 7 26 13 18 22 30 27 7 1 5
17 15 6 18 14 5 2 8 27 2 4 9 1 7 27 25 0 24 22 19 22 8 16 13 17 29 8 6 24 17 25 27 2 3 17 2 26 21 11 10 21 21 15 15 26 7 24 1 7 5 8 13 12 4 26 12 24 19 3
14 30 20 4 9 0 26 29 14 14 16 0 20 10 7 1 10 13 11 9 12 17 13 7 2 16 20 5 16 10 10 22 15 16 8 26 19 4 20 16 4 10 22 19 0 26 5 29 11 17 6 25 26 27 0 5 20 5 19
12 0 8 13 7 1 6 1 17 27 25 7 27 16 8 27 30 12 27 9 10 16 13 9 27 3 17 24 30 17 26 10 15 24 25 9 27 25 24 29 4 9 25 10 29 26 10 17 4 26 7 24 30 9 17 30 24 1 15
14 20 18 9 18 8 27 3 4 19 14 5 3 4 8 14 5 11 26 2 13 20 21 11 13 16 17 17 7 30 4 21 0 16 20 1 5 3 26 25 15 3 13 19 27 0 0 27 29 14 26 18 1 5 13 8 1 28 13
20 26 18 14 12 14 28 26 13 22 30 3 19 30 9 22 20 10 29 23 18 20 25 30 21 16 24 8 20 19 26 15 17 20 4 1 27 26 29 26 2 28 6 14 14 24 8 20 8 19 14 30 19 29 18 29 22 16 0
4 9 19 17 28 21 8 23 13 13 27 22 8 12 23 17 22 30 28 15 18 16 20 26 30 17 12 18 7 3 26 3 29 4 7 30 26 12 4 5 9 5 18 0 4 8 16 5 24 24 12 19 12 21 29 16 23 8 11
16 10 5 0 30 9 12 12 18 18 24 1 12 19 3 15 28 1 12 25 29 6 4 13 1 12 13 1 20 27 25 24 13 1 14 29 19 28 19 13 7 0 26 1 3 12 18 2 9 16 19 21 13 26 16 29 30 28 4
2 16 28 23 1 26 13 21 7 23 22 4 8 13 3 23 26 8 27 10 7 17 15 26 12 16 22 13 3 10 28 10 26 28 27 15 13 20 1 22 27 3 11 9 19 22 29 20 3 28 4 17 22 5 1 24 19 13 9
21 21 28 14 19 18 19 14 5 12 23 2 6 10 16 25 13 8 5 13 6 0 28 11 11 26 26 22 10 2 13 4 5 18 0 10 14 9 0 23 27 19 7 23 6 1 10 12 11 0 8 14 22 11 26 5 14 0 20
6 29 17 14 0 19 11 17 6 30 0 8 1 20 11 8 20 17 21 11 23 24 23 30 5 12 25 8 8 26 7 0 17 16 8 5 18 5 3 14 13 19 13 6 20 26 2 26 14 25 10 29 19 11 18 22 2 17 29
0 14 28 4 25 12 9 1 7 0 16 21 27 6 19 22 12 19 4 14 22 2 9 1 17 0 13 10 27 17 5 20 29 12 4 11 15 1 21 20 11 3 22 9 3 16 14 10 12 20 8 8 28 1 15 20 25 6 9
9 1 2 16 9 13 4 16 18 4 1 28 29 18 29 3 4 29 3 1 22 19 30 8 0 27 12 3 20 19 15 16 1 18 10 13 23 21 9 19 5 28 13 26 29 20 26 26 7 18 24 16 17 11 12 4 3 17 21
17 17 11 29 17 3 30 17 13 8 30 17 30 9 15 30 11 18 16 28 4 12 11 26 8 10 23 9 2 1 12 16 11 2 14 10 1 3 13 6 14 25 19 6 24 30 15 1 1 1 27 0 27 16 12 8 7 20 4
22 17 25 21 16 1 8 6 10 24 9 9 27 27 16 12 0 14 20 30 6 19 25 2 16 5 12 5 24 7 9 4 7 11 8 0 14 9 15 14 9 21 9 26 12 21 24 5 20 13 16 17 24 21 1 21 23 22 19
24 15 5 26 7 10 17 8 9 22 10 3 20 2 21 2 8 27 15 16 1 16 11 1 7 26 1 18 17 30 5 5 14 17 9 25 17 10 5 1 13 2 2 16 16 25 6 1 3 2 9 10 0 16 15 28 11 15 28
22 15 22 27 16 23 6 12 14 22 9 21 27 9 7 13 13 16 10 18 10 14 10 21 20 11 1 7 11 2 30 22 19 2 2 6 2 17 6 15 28 30 20 16 29 24 2 29 13 5 0 7 23 1 11 4 22 20 29
6 11 20 25 12 22 21 4 17 17 7 23 1 9 5 20 6 22 21 21 11 1 29 7 30 22 29 12 14 25 19 19 6 27 4 23 26 13 11 4 7 13 4 6 4 24 9 1 17 1 23 18 23 21 8 23 27 30 4
17 2 16 21 23 12 5 20 15 3 10 11 13 7 7 22 3 3 17 11 15 28 18 13 5 9 2 10 12 3 12 6 8 24 19 1 10 26 27 3 30 1 5 12 30 7 27 0 20 16 2 19 11 5 30 2 29 20 21
8 24 7 21 16 13 17 22 15 4 24 16 19 18 28 9 30 14 11 8 28 1 12 21 24 2 15 19 20 12 26 3 30 30 1 19 23 17 20 30 15 2 25 7 9 20 15 8 30 0 7 27 13 20 19 29 11 24 29
8 7 28 9 15 24 0 21 27 30 16 11 27 11 25 11 7 13 0 11 28 24 6 20 7 6 14 9 7 2 1 0 23 16 3 19 0 7 23 30 24 3 17 10 23 13 27 23 2 10 0 25 14 21 15 16 14 23 16
8 10 29 3 7 12 14 8 22 7 5 14 12 28 25 19 19 26 29 20 26 8 18 3 18 21 25 17 12 22 27 29 16 17 14 16 14 4 20 10 24 15 8 0 19 5 24 17 7 1 18 13 8 6 6 8 15 30 28
8 16 24 25 22 19 22 13 8 8 14 22 0 4 1 2 7 13 27 27 5 12 11 21 28 21 27 14 28 26 28 11 3 9 3 13 18 14 23 20 0 28 20 5 27 3 1 4 30 11 22 3 9 22 23 13 13 24 28
0 30 26 27 0 7 7 19 22 5 22 28 30 13 21 12 26 12 0 15 9 12 3 23 22 22 9 11 13 7 12 7 4 7 14 3 14 0 28 17 3 29 22 20 25 3 18 12 29 5 12 16 5 22 13 10 16 11 13
6 18 8 14 20 16 26 6 10 6 14 8 7 24 0 14 15 18 4 21 0 11 12 22 7 5 0 19 3 15 20 9 27 21 24 16 28 28 19 19 12 14 8 19 5 12 12 5 20 7 10 15 18 12 0 29 30 8 11
21 26 13 30 16 5 2 12 25 12 26 15 24 17 2 9 28 19 4 29 23 15 2 13 27 23 2 30 6 19 23 13 6 5 20 18 29 30 16 14 10 20 30 28 25 5 10 6 28 5 17 11 16 0 14 9 23 7 8
24 16 10 18 24 13 18 24 8 15 28 5 14 19 27 13 13 1 21 14 8 17 11 18 4 6 17 28 22 3 9 15 2 21 26 24 10 14 6 27 6 14 4 8 8 0 10 3 30 6 24 13 28 15 2 15 17 13 19
0 3 22 27 12 5 26 23 27 4 8 4 24 2 3 21 6 15 9 4 3 7 11 27 4 27 9 18 13 6 0 24 12 6 11 18 25 18 19 21 30 20 17 1 5 8 5 22 10 27 22 27 26 17 25 11 24 28 24
22 21 22 10 23 6 7 13 1 2 4 8 18 22 7 26 10 13 18 9 21 14 27 8 28 8 5 2 7 4 6 14 18 26 15 22 11 0 18 14 9 18 13 12 21 13 11 16 6 20 24 0 15 15 29 11 17 15 1
7 20 17 15 25 26 24 5 21 5 13 10 14 17 19 20 4 27 9 6 21 15 26 18 26 13 18 8 25 23 0 27 0 18 16 21 12 21 21 22 26 1 21 30 14 26 1 30 6 20 18 6 27 3 7 23 27 19 18
14 16 20 4 19 4 20 12 7 10 25 27 27 4 9 29 29 18 13 5 21 24 26 9 14 17 3 27 0 30 11 25 11 6 29 25 25 18 29 15 27 28 20 11 16 28 22 6 7 16 6 2 30 28 19 19 16 28 8
6 14 30 4 25 22 20 0 19 30 3 18 9 6 5 23 30 19 22 26 28 10 28 0 30 21 29 4 19 30 18 7 13 8 20 9 8 24 17 30 9 14 26 17 9 18 13 10 6 5 8 21 18 27 24 0 27 19 14
13 28 13 9 19 22 11 21 4 29 14 28 23 6 3 6 29 21 21 12 3 13 0 30 28 14 10 3 6 14 12 23 10 12 17 17 25 12 22 4 22 15 28 20 0 8 6 15 1 25 20 21 3 9 9 11 0 13 29
28 4 4 24 9 20 4 25 8 17 13 7 28 0 13 5 23 10 8 2 4 29 19 26 18 1 0 29 11 13 7 10 19 30 4 29 9 9 4 15 10 3 12 13 14 18 23 18 10 19 15 5 6 15 27 1 8 0 11
12 13 23 12 7 15 6 5 29 25 9 13 18 21 15 5 15 10 30 18 7 8 9 15 1 30 23 23 14 9 21 16 15 21 14 25 18 3 2 16 22 1 21 29 13 28 16 11 4 0 15 30 8 22 26 29 2 20 26
20 2 7 13 2 10 0 18 10 27 29 15 8 26 2 17 22 28 30 30 5 1 7 7 28 11 22 10 28 25 21 28 14 22 3 10 10 23 20 8 3 21 8 12 29 26 3 29 18 12 5 18 19 5 18 4 23 9 13
23 9 10 4 8 4 25 12 29 9 12 18 5 17 15 8 25 19 0 26 17 30 29 6 21 1 3 5 4 14 14 13 5 18 12 18 22 4 14 12 20 15 0 16 19 30 16 18 17 6 18 25 17 19 21 18 25 1 21
8 10 6 8 29 4 22 7 18 14 5 23 24 27 9 30 14 7 12 22 0 20 3 18 6 4 29 6 1 8 1 18 17 7 25 10 6 20 0 1 0 30 25 22 8 21 26 22 25 13 6 14 28 17 0 20 25 20 13
9 11 15 0 29 26 19 2 29 4 8 19 27 3 20 6 22 1 1 11 8 20 9 0 14 14 10 18 27 18 14 15 0 6 21 24 26 23 20 1 16 26 7 6 30 3 12 18 14 30 18 6 5 9 9 0 19 6 18
