60 60
3 16 21 27 18 29 5 9 4 27 22 19 2 21 27 27 0 23 17 4 10 19 22 24 16 15 18 6 20 9 27 10 21 28 19 0 13 26 17 19 9 17 17 18 30 12 4 15 28 23 16 7 21 23 1 16 27 9 2 20
12 27 13 6 2 23 16 5 2 3 0 4 6 3 18 13 15 21 26 30 8 28 28 20 16 14 21 8 3 13 5 28 6 10 29 2 28 20 5 2 26 16 6 8 22 19 15 30 17 24 7 2 23 8 18 1 16 18 5 14
21 15 29 7 10 19 20 30 12 23 8 12 20 21 22 9 28 11 20 4 8 18 18 17 2 11 15 14 17 20 22 4 20 1 2 17 17 12 17 24 5 17 13 12 5 15 2 17 16 6 22 24 0 0 3 0 1 1 15 9
23 5 30 1 13 28 5 0 2 23 25 2 30 16 23 13 13 12 10 16 0 10 11 11 24 6 16 4 21 7 18 10 7 21 11 15 30 10 3 13 7 0 26 13 16 19 17 2 10 8 8 27 17 5 21 29 11 8 7 29
19 6 16 14 21 25 10 19 5 8 15 28 4 25 19 21 24 27 15 15 24 23 15 24 23 27 3 21 4 29 5 16 22 5 8 18 3 4 13 8 29 22 5 27 25 17 19 24 23 10 20 30 13 7 7 28 22 30 26 14
23 22 21 11 7 19 16 5 27 8 23 20 30 11 4 15 8 24 13 23 23 15 2 13 10 11 18 16 4 0 4 12 15 18 4 12 9 24 14 6 9 0 15 18 13 13 15 8 23 21 18 21 2 18 4 24 26 10 5 24
1 15 3 3 14 26 15 30 16 1 20 28 11 26 16 6 14 24 21 21 21 14 1 5 22 24 22 3 28 9 25 21 28 14 23 7 20 15 25 10 2 16 18 20 28 13 4 27 24 16 20 6 3 5 8 9 3 4 9 11
5 11 13 30 5 25 21 9 15 20 9 22 28 17 25 21 23 28 18 22 29 16 1 15 27 28 11 13 22 12 11 20 10 16 12 10 22 20 2 13 9 21 8 10 23 18 23 8 12 23 8 12 23 25 27 10 17 22 10 30
23 25 5 13 21 4 4 4 30 14 21 6 16 9 4 5 22 18 28 0 29 0 29 17 2 28 4 20 4 8 30 27 9 10 5 13 3 22 10 30 1 20 4 0 18 1 2 29 27 6 10 23 30 27 19 1 16 13 2 3
4 9 5 27 19 18 12 22 20 19 5 25 19 7 8 29 3 2 7 1 4 12 12 10 21 15 19 0 23 7 23 8 11 26 17 28 23 1 27 16 8 0 25 17 8 25 21 6 11 26 4 1 24 5 15 24 3 28 20 23
23 17 9 6 8 17 14 23 4 21 22 16 3 14 23 14 4 6 15 17 8 19 8 25 24 0 16 15 9 3 24 27 18 24 30 27 5 21 19 22 26 23 12 1 16 4 15 8 23 16 15 22 25 21 27 0 30 9 18 15
16 20 14 29 0 17 25 28 2 5 12 8 17 14 27 9 24 5 20 7 10 13 14 18 21 6 5 11 29 7 4 25 19 4 10 18 30 9 15 19 16 19 18 7 15 29 29 27 8 24 18 19 20 14 10 2 1 11 24 10
23 5 29 13 30 2 13 3 15 0 2 25 20 21 14 17 2 6 0 16 19 28 29 26 21 30 12 6 4 10 9 28 18 28 22 13 11 1 26 6 29 1 26 26 6 28 22 17 30 12 2 16 2 28 12 12 12 15 27 10
21 3 11 24 23 29 26 14 26 29 2 8 1 4 30 1 21 22 19 23 23 0 15 23 13 15 18 6 4 29 19 14 17 1 5 8 17 22 12 12 17 16 22 24 4 25 7 19 3 15 29 30 20 18 26 15 13 22 0 7
24 1 4 20 24 15 30 5 20 15 16 23 10 30 9 3 25 5 2 26 15 25 28 4 26 13 11 11 23 13 9 29 18 11 28 1 7 20 3 4 15 4 3 22 19 13 6 26 10 24 25 7 4 21 5 24 15 27 20 21
4 12 10 13 7 13 17 2 22 6 7 26 27 14 3 24 21 20 18 13 5 20 10 26 1 10 6 27 1 22 1 20 5 22 7 5 10 4 9 2 29 29 4 30 4 14 30 9 30 12 28 19 22 0 1 27 16 10 30 23
3 25 16 4 3 0 3 16 0 26 16 26 25 6 8 7 10 9 18 30 15 4 1 22 9 21 20 30 12 16 28 27 26 19 3 4 29 11 26 16 12 29 16 0 10 3 27 0 29 13 25 28 13 23 2 4 18 3 4 8
20 30 27 0 23 0 1 1 16 7 4 5 14 0 17 4 16 12 8 7 18 18 16 18 6 14 1 11 8 11 4 10 29 19 10 26 27 14 11 18 15 6 21 5 20 15 8 9 11 5 9 19 1 2 20 18 30 10 30 29
21 20 27 4 5 6 21 5 19 28 5 28 10 10 25 26 0 0 4 11 18 22 19 1 20 3 16 30 30 2 23 1 3 4 14 26 7 30 7 26 26 14 14 5 0 5 28 25 5 0 3 3 21 3 2 10 0 25 1 7
6 27 10 24 5 15 26 15 21 16 14 15 0 26 3 12 30 12 20 11 3 18 8 18 4 27 11 1 1 28 29 29 18 25 14 28 20 12 3 1 13 25 30 0 23 13 7 22 4 2 11 22 22 15 5 8 29 22 20 21
18 23 1 20 17 24 19 18 13 17 18 7 27 11 25 3 12 10 14 11 6 14 27 1 26 21 17 1 20 3 28 15 11 23 30 2 11 22 11 15 5 9 30 27 15 12 8 30 5 25 0 3 21 16 4 0 29 20 4 18
20 3 26 18 22 21 29 17 17 15 27 6 19 20 19 18 10 13 23 24 29 2 23 17 22 12 22 22 25 27 29 13 9 21 9 25 21 15 11 10 6 2 2 7 22 12 5 19 20 18 12 4 18 18 6 5 4 4 4 13
22 16 27 16 2 25 1 8 17 13 4 8 5 4 18 29 20 12 11 30 15 1 17 13 15 13 27 0 14 25 14 30 16 30 27 0 8 0 7 27 23 16 17 30 4 16 13 23 23 17 14 13 4 30 14 7 30 13 30 1
2 4 24 28 27 28 5 22 22 10 19 28 26 9 2 30 13 12 8 27 8 7 27 17 3 1 29 1 12 22 24 9 13 25 4 9 11 3 24 6 2 21 22 2 13 10 15 15 4 18 30 23 20 3 25 23 28 28 5 3
21 22 14 9 4 6 4 24 29 14 11 2 27 11 24 29 3 18 2 3 20 26 18 16 11 6 30 16 26 5 2 11 8 5 19 14 0 0 16 10 28 20 30 15 13 9 1 13 23 3 2 10 26 12 29 23 12 3 28 20
1 10 5 14 5 5 24 3 19 8 5 3 29 11 9 12 23 1 2 24 3 29 19 8 13 6 11 30 20 8 11 26 7 15 22 13 16 13 10 21 1 20 15 4 23 18 25 3 11 25 3 1 11 16 7 9 12 24 23 8
29 24 22 11 3 0 3 23 22 3 22 26 30 22 6 1 30 20 22 11 8 20 4 10 5 2 11 18 16 30 17 23 12 2 21 16 25 24 29 29 5 4 14 13 19 13 14 6 28 0 4 17 1 26 18 25 5 12 11 8
1 9 30 28 17 5 25 11 4 28 24 14 29 12 7 11 30 17 28 29 26 2 21 0 23 12 24 5 19 3 19 11 17 17 8 11 11 4 7 19 4 13 15 6 20 27 8 21 15 12 10 15 0 17 13 16 0 24 1 18
9 22 2 12 20 10 7 21 2 8 3 28 16 15 26 5 21 2 26 0 22 21 25 6 22 20 8 10 23 28 9 21 16 11 23 13 6 17 24 29 13 19 22 6 26 10 24 5 22 15 19 28 9 20 11 11 12 14 2 19
23 3 5 23 7 27 24 27 3 28 22 10 3 8 12 17 14 30 16 0 25 9 15 1 23 12 11 2 26 5 0 13 30 26 17 26 20 1 29 11 3 26 26 5 24 20 8 15 23 0 26 7 17 21 6 3 2 17 7 14
24 9 29 2 5 12 20 9 21 7 1 29 23 2 8 9 21 7 5 0 19 11 1 30 7 27 10 3 7 9 21 18 19 10 25 17 5 20 11 15 26 30 0 4 17 12 12 12 1 15 10 28 15 5 27 30 19 25 16 9
22 29 25 14 16 23 11 2 16 16 0 6 24 2 3 18 29 4 7 19 25 16 15 25 21 2 30 22 14 23 16 7 0 18 0 11 18 0 5 14 16 30 17 28 15 13 21 22 30 8 6 0 17 24 13 16 11 12 13 11
30 15 25 0 30 9 24 19 21 24 16 23 22 11 19 11 2 14 18 15 5 2 5 26 24 10 28 6 16 4 23 27 15 30 28 18 3 24 3 2 7 2 15 6 0 12 11 4 5 13 2 25 30 29 2 23 7 2 19 24
27 13 15 13 19 11 1 15 24 29 0 20 2 15 17 25 1 13 6 0 5 14 3 15 24 29 8 13 6 14 4 13 1 9 4 4 30 5 9 29 10 7 22 6 12 16 3 12 24 18 11 14 6 23 6 27 11 2 20 8
0 1 24 13 3 19 11 4 26 7 15 28 13 27 23 16 18 23 9 4 26 21 8 29 20 14 11 7 16 25 16 30 15 9 27 8 24 23 9 3 25 22 18 15 1 1 21 1 29 13 24 21 26 14 23 24 15 28 8 18
2 28 3 28 2 0 13 3 25 19 17 26 29 8 13 30 1 12 6 13 11 8 18 20 3 15 24 22 24 15 13 1 1 18 21 9 26 26 20 2 26 22 10 24 28 24 27 11 14 14 15 6 18 11 9 9 19 25 11 11
6 19 17 15 20 27 29 1 26 5 20 0 5 28 12 18 24 1 6 21 2 17 0 8 3 23 19 16 19 24 25 19 8 3 26 1 18 7 4 1 16 30 25 15 12 22 16 16 14 9 6 7 28 25 16 30 22 14 11 26
9 12 2 2 15 2 22 27 23 13 22 16 14 30 0 7 10 13 7 12 4 6 11 3 21 25 10 24 18 17 7 3 7 8 21 27 5 21 29 25 27 4 25 11 20 24 25 10 6 26 27 8 3 17 25 3 15 26 10 28
3 7 24 5 22 26 0 7 14 18 4 23 9 13 5 30 19 4 2 11 26 23 11 30 28 30 29 9 2 21 1 19 29 25 18 14 2 17 30 3 5 26 8 29 29 5 8 0 28 22 25 8 17 14 9 22 13 24 1 18
23 15 28 16 5 27 6 24 14 19 26 25 1 7 6 27 22 21 17 26 9 2 29 26 24 15 5 5 9 11 4 29 12 2 0 28 8 5 18 16 20 12 7 10 22 13 3 24 8 27 19 1 9 4 19 7 3 16 26 7
17 19 20 7 15 13 3 1 13 25 24 20 0 25 10 26 12 18 24 4 30 30 11 1 9 2 12 19 29 29 17 14 30 3 20 24 2 21 2 10 9 13 18 13 17 2 12 21 26 5 0 29 29 25 0 19 26 0 10 18
14 4 4 9 0 13 8 18 26 29 15 7 28 22 8 19 1 20 10 8 10 2 6 2 0 4 15 14 11 16 25 18 2 16 8 16 7 17 17 10 23 8 29 21 15 7 20 5 6 20 21 15 10 0 25 27 16 14 1 16
21 28 18 16 13 11 30 20 13 5 28 26 18 2 4 3 6 6 17 1 6 14 30 5 5 13 24 4 14 26 18 22 23 14 3 18 7 4 25 26 7 28 20 4 3 24 6 12 25 26 23 29 0 0 5 23 18 21 13 21
26 5 20 8 17 0 25 0 6 12 6 3 22 17 16 8 27 6 9 17 12 11 28 7 19 23 3 2 4 16 14 19 4 6 24 21 23 25 15 24 28 9 24 21 28 8 19 10 8 14 8 26 15 29 2 21 0 0 20 23
8 29 29 21 8 2 15 15 1 4 1 5 17 9 23 27 7 15 3 3 10 10 22 16 11 29 2 29 29 7 28 19 0 12 27 19 19 15 23 16 10 9 0 23 28 0 24 4 26 16 0 16 11 13 26 11 13 17 19 29
6 25 2 28 12 17 12 1 4 0 7 6 17 10 0 7 19 18 13 28 9 26 7 3 12 17 5 8 14 18 18 28 0 24 12 14 14 9 0 15 5 17 17 9 16 30 11 12 4 5 25 29 17 26 4 28 27 9 5 9
25 12 13 27 28 17 2 10 10 17 30 20 20 25 8 30 12 5 8 26 1 11 2 26 1 26 24 2 23 5 5 0 21 26 17 12 4 23 30 17 10 16 13 30 2 7 23 27 25 23 15 14 30 11 29 16 5 10 5 18
5 16 11 9 28 8 12 17 25 13 2 3 30 21 26 7 23 6 22 5 17 30 10 11 28 3 0 5 6 16 9 0 22 30 21 17 3 0 9 16 6 29 25 1 10 8 20 28 26 6 1 10 6 4 28 28 0 12 20 7
18 15 29 21 29 6 1 4 24 5 18 4 23 18 9 4 28 26 3 14 18 0 3 0 1 20 16 25 1 26 4 2 28 20 22 22 30 24 12 19 24 21 21 27 1 24 19 17 27 3 7 25 13 14 16 20 8 19 16 21
6 30 29 18 15 1 29 12 7 16 28 21 18 5 25 29 14 28 22 23 17 17 14 15 28 6 14 21 30 17 9 7 9 21 6 28 0 19 3 28 1 29 1 21 2 7 25 2 23 17 23 14 30 14 5 11 7 23 4 17
24 17 29 28 1 12 3 13 10 22 18 30 3 10 25 13 15 8 7 25 17 9 13 10 0 24 29 28 5 27 15 10 24 12 10 19 28 0 15 4 16 22 27 18 22 18 25 13 11 30 4 12 28 2 12 13 10 25 20 16
26 27 21 1 13 30 30 15 23 29 12 2 0 15 22 16 9 17 25 26 26 19 26 7 4 13 10 8 23 28 14 22 24 26 3 12 27 18 30 1 13 13 28 4 26 28 25 13 1 15 4 5 14 15 13 23 0 30 5 30
29 4 8 7 23 1 18 8 8 14 7 24 19 5 24 23 14 22 8 18 21 16 23 2 11 23 2 14 29 3 17 22 16 9 1 24 5 18 8 17 16 20 1 20 15 5 11 10 8 26 15 9 17 4 24 16 10 24 30 18
2 1 19 0 19 11 11 4 5 2 5 14 6 23 5 25 0 23 28 2 27 20 14 18 10 4 6 24 25 25 21 19 28 17 27 4 30 2 7 24 2 6 0 14 25 3 0 9 1 6 19 29 18 13 2 6 11 13 18 5
28 12 20 24 4 21 7 19 8 3 12 20 13 16 22 15 19 23 7 28 9 6 15 27 5 10 10 23 15 17 29 22 7 19 26 30 16 29 14 16 0 28 2 29 21 11 30 9 6 11 2 7 16 29 26 25 13 10 4 11
24 17 22 24 12 18 21 25 24 13 3 22 13 26 8 3 15 22 12 0 18 23 2 26 24 16 12 12 19 16 7 21 20 25 27 14 11 13 16 17 11 4 28 17 13 18 24 0 17 0 25 8 29 15 19 4 26 6 5 12
21 0 28 27 18 1 1 20 19 3 17 14 21 30 18 23 6 21 14 1 4 27 25 18 28 8 27 2 4 9 16 20 28 26 18 5 20 5 19 27 11 19 23 30 28 19 29 6 4 25 18 2 15 0 3 5 1 9 8 21
1 29 5 15 7 7 27 9 24 23 6 4 17 9 7 13 25 8 26 13 18 30 20 2 24 4 2 6 13 22 11 7 28 24 30 12 13 16 13 26 16 25 26 16 12 30 4 26 8 0 19 13 29 7 22 7 1 30 2 11
7 13 10 29 19 3 30 10 27 7 17 28 24 17 24 21 6 16 4 5 10 22 8 24 12 19 27 5 20 12 21 4 16 25 1 19 12 29 24 3 15 23 28 30 20 18 14 21 16 26 9 11 24 22 5 5 11 28 1 26
29 2 7 1 22 22 0 15 13 23 0 19 7 2 27 7 6 5 27 30 15 4 25 3 28 19 10 1 22 16 0 29 0 6 3 3 19 4 6 2 3 5 6 17 10 9 5 5 20 20 9 2 5 3 8 5 5 24 8 23
