66 66
11 13 20 21 8 26 0 11 27 27 28 7 21 8 1 8 13 17 26 10 18 16 26 30 25 3 6 9 1 29 20 17 27 10 11 6 4 12 4 12 3 9 27 24 8 22 8 6 27 5 19 28 22 10 22 9 29 22 24 5 17 24 4 28 5 17
2 9 24 22 10 27 13 20 29 9 7 8 18 25 12 10 15 9 26 17 9 17 16 25 2 14 4 2 6 27 25 25 2 3 28 21 2 15 9 17 23 27 23 24 12 19 3 9 13 26 22 10 5 20 22 21 21 28 2 10 25 11 18 14 5 9
11 22 15 5 22 28 4 10 6 14 13 6 7 30 28 28 4 23 4 0 12 30 14 0 25 17 21 22 19 10 30 14 27 15 11 7 15 16 21 11 21 11 24 19 21 7 4 28 3 1 10 9 13 18 1 17 18 2 23 25 10 9 4 15 15 24
26 10 19 29 12 10 9 30 18 17 25 13 20 13 23 1 14 1 17 10 4 0 3 25 20 27 12 4 20 7 3 8 8 16 10 0 23 15 9 8 26 15 10 22 3 21 12 3 4 26 18 23 26 22 7 6 3 8 9 28 8 20 14 5 9 19
5 17 26 10 19 26 6 15 6 14 26 27 30 2 10 10 0 23 23 23 14 1 27 11 30 23 20 26 6 24 9 10 4 4 7 17 8 17 25 21 13 10 13 29 18 6 3 0 23 11 4 4 14 30 15 30 20 2 18 12 21 24 11 22 7 30
9 5 11 26 25 26 0 24 11 24 14 21 8 5 27 20 24 12 5 22 5 0 19 3 22 26 30 2 4 6 14 22 26 20 15 8 19 7 17 29 11 9 10 30 14 14 23 1 16 22 29 13 25 23 7 1 19 12 22 12 4 18 18 20 5 3
5 22 12 1 27 12 15 18 19 6 11 30 14 6 9 22 2 14 13 20 23 4 8 4 20 12 5 4 8 14 7 25 24 23 26 7 8 14 25 12 2 8 22 14 15 30 5 20 13 7 12 29 21 10 16 0 30 28 21 5 8 29 23 17 21 15
25 8 16 9 17 15 13 21 17 0 26 12 3 21 3 2 26 7 9 23 9 23 19 11 30 13 24 8 2 25 25 26 4 26 10 2 9 10 17 22 19 9 30 13 26 1 16 17 26 13 5 12 25 3 25 26 4 14 9 26 25 30 14 8 1 24
11 4 14 1 13 26 18 0 2 28 29 26 4 5 21 8 26 10 27 10 5 16 15 22 27 29 26 16 29 30 3 23 12 0 26 10 9 12 17 3 2 8 21 21 21 29 25 25 16 1 27 8 19 9 13 9 11 13 9 6 4 11 17 23 6 23
8 13 23 18 30 11 17 10 17 11 28 29 28 4 18 16 17 14 12 4 18 13 29 20 9 16 15 11 17 16 9 28 6 6 15 26 0 30 26 5 21 8 5 16 27 13 3 9 27 10 7 17 22 14 19 24 10 15 23 14 16 16 17 3 6 4
24 9 21 24 3 18 15 9 5 15 24 8 6 22 6 4 6 15 19 24 3 12 2 4 3 1 23 24 26 22 21 20 23 26 13 24 9 6 10 12 4 23 12 12 26 1 18 21 20 24 30 23 16 16 9 22 3 8 15 29 13 29 10 16 26 0
0 3 21 7 4 5 7 7 14 13 17 21 2 8 26 1 28 29 4 7 12 7 1 4 3 13 8 30 2 0 15 12 8 8 7 11 2 26 18 14 15 26 24 13 25 25 29 17 24 5 14 6 1 28 4 29 3 29 22 0 1 19 3 25 15 13
30 7 26 30 4 29 30 20 8 22 4 21 23 21 8 2 17 1 28 14 23 13 26 13 9 4 26 26 22 5 6 18 3 4 16 4 11 11 29 28 28 17 9 13 18 19 24 7 12 7 6 29 27 11 29 17 13 10 4 13 18 23 2 25 4 7
1 4 15 23 13 14 27 8 25 22 19 10 22 18 21 20 1 8 11 23 15 13 10 5 7 23 12 11 16 5 29 9 3 4 24 9 13 30 10 6 29 11 2 0 8 25 1 30 9 5 2 1 9 0 25 27 26 30 2 30 24 2 28 1 2 15
10 20 8 6 2 14 2 15 23 24 16 26 3 9 20 7 0 2 30 21 4 3 19 4 9 22 12 8 16 25 28 14 9 22 29 0 9 23 28 5 9 6 9 3 4 2 8 9 29 0 23 7 12 28 9 28 24 29 16 24 16 0 1 7 5 23
16 12 17 30 15 4 24 3 11 27 24 22 26 19 26 30 3 22 21 28 12 24 11 12 18 16 12 17 13 25 26 25 22 16 28 28 19 16 18 24 23 18 2 5 19 0 20 22 14 17 7 26 17 15 27 1 20 10 26 23 16 1 7 18 27 11
22 14 17 7 1 20 15 14 4 21 25 13 0 23 28 14 12 17 19 15 26 13 16 26 5 15 28 30 19 11 24 8 16 28 19 0 25 26 30 17 9 8 8 29 18 3 11 0 8 19 9 5 6 8 3 19 1 4 8 4 4 13 21 3 13 0
11 10 14 7 19 16 1 25 18 22 10 21 26 20 17 21 6 1 21 9 17 19 23 12 11 19 20 22 26 25 4 20 17 1 27 16 17 18 0 7 7 18 19 3 28 26 27 16 8 19 11 9 26 19 1 5 19 2 17 0 2 6 25 3 29 22
28 13 28 15 20 2 4 13 17 25 16 26 2 1 12 13 3 5 2 14 15 26 7 15 1 20 13 19 10 4 2 24 4 16 3 30 25 30 15 12 21 17 19 19 25 18 27 19 8 7 18 1 5 16 23 3 22 13 18 23 22 11 8 5 18 26
4 7 17 4 24 29 14 26 5 18 11 14 4 21 8 8 17 26 26 29 8 7 25 14 6 5 2 25 17 4 12 0 16 23 8 25 28 13 13 11 26 16 12 29 18 11 16 19 25 4 5 0 10 20 12 13 30 11 11 12 15 1 29 11 18 12
5 21 13 6 25 27 10 15 3 23 24 4 8 21 30 9 8 24 4 14 29 19 5 3 15 10 12 25 18 27 10 2 29 9 6 29 4 0 8 28 27 17 6 11 12 4 18 8 18 20 11 18 24 1 22 5 12 19 15 10 22 1 27 27 15 8
0 6 7 22 16 21 23 8 6 0 6 14 2 6 24 4 27 26 11 17 26 21 23 20 1 13 15 15 25 0 0 26 6 16 14 19 2 26 9 8 7 21 28 5 11 27 27 13 27 28 9 30 18 9 9 6 29 5 0 19 1 23 27 1 30 10
15 4 15 0 10 0 24 6 2 20 25 10 7 3 20 7 3 13 18 15 29 30 16 19 6 7 20 1 26 3 23 3 18 28 21 5 24 28 10 28 6 5 10 16 20 4 0 30 15 29 6 30 16 1 26 11 7 26 7 27 4 12 15 10 4 15
8 10 9 1 24 7 17 3 21 26 9 22 24 18 6 9 26 14 10 24 26 7 14 12 19 9 11 21 22 27 29 18 13 21 7 2 20 30 1 24 14 7 27 2 22 16 2 2 1 11 26 8 15 14 7 11 12 10 30 25 20 25 24 29 23 26
10 10 23 21 11 17 14 28 14 17 16 7 0 22 25 0 6 9 17 16 9 11 3 2 17 2 20 4 28 11 13 1 21 19 7 0 13 19 12 7 13 24 11 27 16 11 29 3 28 16 12 28 2 24 17 24 3 15 11 2 12 11 30 24 29 12
11 24 14 20 11 24 21 22 5 12 12 12 27 13 10 19 23 1 15 22 9 9 26 26 10 20 9 9 22 7 8 10 4 18 5 8 3 6 15 28 28 6 16 23 12 22 29 17 29 2 20 22 16 25 0 19 18 23 1 14 7 22 12 2 8 30
5 20 21 11 0 14 23 26 20 0 6 16 30 25 3 23 2 25 5 15 17 11 2 13 17 11 14 28 13 24 13 8 1 2 15 17 29 7 14 26 20 23 5 16 23 21 2 3 27 15 29 26 0 10 30 21 21 29 19 0 4 12 7 0 6 7
14 15 22 26 2 26 12 12 17 7 26 13 29 3 23 9 14 3 28 30 27 30 8 24 24 30 11 18 0 28 10 9 0 13 23 6 20 13 18 13 12 8 23 4 24 10 2 21 13 2 10 12 29 12 16 5 24 16 9 2 30 25 28 16 4 14
16 22 20 24 1 24 3 4 19 11 3 15 30 15 15 20 10 28 27 24 12 3 14 21 2 5 11 8 10 4 24 5 11 17 20 17 11 7 19 0 4 9 14 11 1 22 18 15 30 11 7 15 21 26 25 1 2 16 19 28 22 16 14 5 19 29
8 27 2 11 16 23 16 1 30 23 18 14 26 23 14 25 29 26 2 28 20 2 22 5 28 22 27 14 28 19 26 0 23 8 9 6 17 30 11 7 22 22 12 29 2 21 24 13 17 25 9 0 8 24 30 28 8 29 0 27 26 7 11 23 5 22
21 20 6 26 7 10 6 26 19 19 13 6 3 7 26 16 2 3 29 27 23 30 18 1 13 6 5 6 5 16 14 24 22 28 18 30 8 23 17 4 16 12 2 29 24 6 2 27 30 8 22 1 22 17 21 7 26 16 3 18 5 22 21 21 27 12
4 9 19 6 23 17 13 24 29 27 25 30 1 2 18 19 25 5 21 26 17 19 15 28 22 15 9 3 20 0 9 7 6 24 25 22 19 30 22 30 0 18 1 5 9 9 16 1 23 14 3 22 12 16 9 24 21 21 25 19 3 21 7 14 12 27
25 11 3 21 30 30 17 14 29 8 19 13 29 7 9 21 11 25 21 21 30 7 4 12 23 18 5 8 9 30 6 8 23 9 23 23 10 30 26 17 0 21 23 28 23 21 7 30 4 6 3 22 9 6 25 12 16 19 13 16 15 7 25 24 15 17
5 27 8 12 16 27 28 9 2 13 4 19 12 27 14 14 0 28 8 4 19 8 21 27 22 23 8 23 19 30 23 4 2 9 8 6 14 14 28 26 21 22 24 16 21 16 20 7 14 10 4 27 28 10 29 15 3 20 4 25 10 14 18 12 17 4
7 0 30 23 21 22 28 1 5 6 21 30 3 17 7 0 26 17 18 24 20 29 17 11 23 7 13 28 1 1 22 11 4 3 13 3 25 14 25 23 29 26 12 29 6 22 1 27 1 11 12 3 6 25 18 13 26 13 11 21 2 6 21 27 1 18
20 17 3 22 27 11 13 30 21 11 27 13 8 6 30 26 19 7 12 19 15 10 4 17 16 11 27 18 9 14 2 18 20 13 22 3 17 1 16 3 22 8 11 10 3 2 0 29 11 10 0 4 11 26 3 13 7 2 12 26 20 28 12 0 21 10
27 1 20 2 20 9 24 12 29 14 30 22 6 9 21 8 26 22 21 29 28 1 17 27 6 18 4 19 25 5 16 3 20 17 21 27 5 11 3 17 22 17 1 29 17 8 0 0 20 0 29 20 23 27 20 29 23 21 14 19 3 29 11 16 25 20
20 7 14 15 7 28 1 6 10 28 4 24 13 18 13 17 1 6 29 21 9 22 16 12 19 7 15 17 21 14 3 4 5 29 9 29 18 16 3 19 27 19 8 20 1 21 22 30 15 1 11 7 11 2 20 28 21 8 14 23 20 8 0 17 28 21
12 23 11 7 18 2 25 26 0 1 29 13 3 20 1 7 27 26 18 8 25 24 9 8 3 11 28 12 8 10 3 0 7 24 20 21 7 2 1 15 21 24 16 25 29 24 28 7 22 15 15 27 20 21 6 8 12 6 18 25 8 20 17 17 5 1
28 6 6 19 13 7 4 24 28 26 7 3 23 27 30 10 14 14 13 9 4 12 18 18 10 26 19 12 19 19 6 15 9 22 26 15 4 30 28 2 18 1 8 9 18 24 6 19 5 12 23 21 6 10 25 6 12 26 27 3 0 16 19 28 6 22
24 8 16 11 3 9 10 22 22 29 10 6 28 3 1 13 10 29 24 13 30 10 10 22 6 1 16 13 7 25 13 30 19 29 16 4 29 13 11 16 24 17 9 2 2 3 19 11 27 18 12 4 23 16 22 23 14 10 14 4 10 8 20 28 21 11
11 13 10 2 3 17 18 13 21 24 22 30 21 8 15 7 16 17 21 27 28 19 29 17 11 2 30 20 0 19 22 4 1 16 29 24 23 19 6 24 8 14 29 27 17 8 18 14 29 9 21 14 27 19 21 4 8 20 6 25 16 23 27 2 21 13
18 28 9 29 29 29 0 0 0 16 13 29 17 24 17 16 2 18 16 14 9 24 9 4 21 21 9 3 18 20 26 18 26 13 10 6 20 24 20 7 12 11 16 20 0 25 5 18 13 4 26 19 12 20 13 4 14 20 11 22 13 11 8 28 30 1
11 19 8 23 1 27 19 13 25 5 27 20 9 21 16 12 7 0 25 1 20 9 7 18 2 25 20 7 25 7 1 20 30 0 9 4 1 22 1 11 15 13 17 17 19 8 19 7 9 8 6 27 11 20 12 21 21 21 20 12 10 6 16 28 1 10
9 23 7 10 17 9 5 24 30 27 29 26 1 9 11 0 19 24 16 30 6 14 20 19 23 11 23 17 13 6 12 24 15 11 27 22 22 4 9 24 10 24 22 18 7 27 17 15 19 25 28 28 26 15 0 23 11 8 19 29 6 22 1 30 29 23
29 25 8 9 27 2 22 7 16 9 12 20 30 21 4 24 0 4 9 19 14 11 10 29 30 7 25 14 22 26 19 22 17 27 29 8 9 24 8 15 22 17 11 15 10 18 12 25 5 8 13 21 23 29 6 18 28 18 17 22 22 19 9 22 17 19
1 0 4 26 5 23 19 8 0 8 9 19 1 20 12 16 29 17 21 9 20 26 19 1 29 24 19 3 9 11 5 16 4 1 9 30 10 23 11 1 28 30 13 20 26 9 26 30 3 16 29 10 11 20 1 10 4 16 6 27 15 27 6 5 26 2
9 30 29 25 26 9 15 6 24 24 13 12 27 16 5 2 11 2 8 5 4 8 11 11 14 19 23 12 23 26 28 10 19 18 13 2 30 13 21 24 15 25 5 22 16 18 1 8 19 12 9 12 0 3 30 30 24 17 14 13 0 0 17 5 28 3
30 27 3 5 23 28 0 17 30 5 6 6 7 18 8 19 5 5 18 6 30 17 13 16 30 29 4 3 20 23 27 6 13 18 17 21 30 26 15 6 10 21 28 11 16 19 1 27 15 12 23 22 3 1 2 13 7 5 14 1 8 12 0 6 25 5
12 23 20 30 1 21 25 11 10 13 26 9 15 10 8 4 7 25 19 0 27 2 14 16 16 11 6 25 19 5 26 19 15 28 22 27 24 26 0 11 25 13 23 1 16 13 2 5 8 30 12 11 16 17 15 17 10 24 2 24 25 23 27 26 22 9
27 13 2 16 16 13 24 0 25 15 8 14 2 30 0 17 0 21 20 24 9 10 15 11 21 30 19 20 23 3 8 12 15 12 26 15 9 13 12 21 4 23 20 6 6 29 22 11 15 7 17 6 23 3 17 14 12 15 26 3 18 10 26 24 20 25
23 19 3 29 14 27 11 9 3 23 2 3 2 19 18 30 19 19 25 13 16 23 14 2 20 23 17 25 1 26 0 11 10 12 1 17 8 18 12 21 7 3 7 3 23 8 2 11 5 10 26 16 22 27 28 5 2 13 23 10 6 6 17 1 15 1
11 16 15 21 9 16 0 4 3 26 8 30 7 19 12 11 11 12 27 8 30 20 20 18 22 24 23 24 10 15 19 14 9 0 26 12 16 22 17 26 27 25 14 21 28 0 14 27 23 24 17 15 29 17 9 4 3 16 18 21 1 18 23 17 16 11
14 25 4 20 6 15 15 21 12 5 12 19 2 22 5 28 9 2 17 9 20 17 28 29 5 30 24 4 20 13 7 9 6 5 24 13 30 28 17 1 15 28 15 1 17 14 8 20 19 28 14 11 27 19 13 21 15 12 19 15 6 27 27 3 4 15
0 1 5 9 14 6 3 4 20 26 25 18 3 18 20 1 2 23 16 29 20 1 18 7 4 14 27 10 18 11 19 19 9 21 27 12 6 4 25 15 13 29 9 29 5 10 22 1 23 0 7 16 19 23 18 26 16 0 10 4 10 5 19 12 7 28
15 16 29 14 19 15 25 20 9 4 18 12 0 28 22 30 5 19 21 16 2 26 4 11 24 24 16 25 15 10 9 5 16 14 7 30 13 27 0 25 22 15 27 29 4 15 20 14 4 16 29 14 18 19 6 29 10 3 23 22 4 15 12 2 6 29
15 9 4 28 17 14 28 9 3 18 27 15 25 16 2 28 26 12 6 10 22 19 24 10 5 3 26 10 9 25 3 21 11 17 2 25 27 14 17 20 18 27 20 11 21 4 4 10 20 8 3 18 19 11 9 18 15 11 25 6 16 20 19 28 10 9
14 19 23 7 8 11 25 23 30 20 20 28 24 3 2 25 3 16 18 29 29 7 18 14 6 13 28 23 11 28 12 8 12 25 24 23 18 14 14 10 11 20 21 19 0 27 13 30 2 5 14 19 22 19 11 10 11 9 3 12 13 29 26 28 5 30
25 14 2 27 30 17 8 9 12 27 9 17 24 12 29 20 30 14 11 9 22 5 21 21 28 29 18 2 0 2 17 16 24 17 11 18 17 12 13 25 4 7 5 5 23 19 26 5 30 25 8 15 18 0 4 24 0 23 10 9 13 25 0 21 28 25
15 30 25 11 11 27 17 7 9 7 18 29 26 28 25 3 2 10 26 17 0 25 28 9 25 27 16 16 29 6 5 14 19 22 22 19 24 28 25 29 1 0 12 18 17 14 15 5 8 17 21 0 7 19 16 24 15 2 8 26 13 14 13 27 28 18
22 2 17 1 4 20 0 3 16 15 28 26 13 20 20 3 14 3 12 9 13 20 11 30 0 11 15 1 29 15 25 2 24 10 13 23 26 2 8 7 10 9 25 29 28 0 0 19 16 2 14 7 19 27 20 13 0 10 28 5 1 2 10 17 2 20
10 2 0 13 25 9 21 22 30 26 21 4 6 15 22 8 14 11 28 25 26 22 14 2 0 7 6 0 24 26 18 21 7 28 16 24 0 4 17 29 4 13 28 10 12 28 3 20 12 25 30 25 30 11 0 1 24 4 7 15 2 0 21 0 8 23
4 8 7 23 26 27 18 1 8 16 6 11 7 29 7 3 6 23 23 15 7 5 24 23 22 19 20 26 27 11 25 28 9 12 11 30 6 2 19 13 2 26 11 23 29 25 5 5 28 4 22 14 5 24 21 23 16 7 26 24 12 25 2 8 18 9
1 14 10 5 18 23 13 9 8 20 25 28 8 22 23 1 13 21 12 16 29 14 15 13 17 9 4 6 16 21 13 17 24 19 5 7 16 23 15 16 21 19 29 17 29 18 4 21 5 7 4 17 22 23 26 30 4 25 27 6 1 4 23 13 16 16
8 1 20 29 21 10 18 23 14 10 29 30 14 22 15 18 20 3 1 5 13 9 27 29 17 22 7 10 6 3 16 21 5 25 30 26 26 25 2 24 30 23 12 8 24 8 11 7 1 4 0 12 7 11 6 14 29 3 19 4 15 1 3 22 13 19
1 10 26 0 22 1 23 8 2 5 24 3 18 13 17 4 18 8 11 8 7 8 18 14 19 14 14 9 16 11 25 13 16 15 20 14 26 2 6 4 28 13 7 12 23 29 4 1 22 21 29 3 20 4 29 15 16 20 6 12 4 3 19 3 10 0
