68 68
10 0 1 23 22 28 12 3 23 20 2 23 19 7 17 21 23 10 18 19 10 28 26 10 15 28 0 13 10 21 1 1 27 24 17 12 6 20 13 14 19 11 13 26 11 23 9 28 12 6 27 18 3 25 29 8 17 25 28 15 4 3 18 28 14 10 26 18
18 4 13 7 17 17 26 25 0 23 10 11 30 24 24 6 30 5 25 13 24 15 29 24 23 30 13 9 17 29 8 7 0 24 1 15 26 28 17 7 5 16 2 18 11 3 15 5 8 5 24 1 8 11 11 10 26 23 21 17 27 28 20 16 2 30 18 10
15 19 24 17 7 0 27 26 8 26 20 21 14 1 22 10 14 28 7 5 20 30 7 2 6 16 11 23 22 21 30 26 20 26 6 9 11 7 29 20 22 3 15 1 21 3 13 9 6 3 21 24 1 28 3 29 4 30 15 10 4 21 10 16 15 30 11 13
12 1 3 28 17 14 10 4 26 20 30 17 18 1 7 23 2 21 18 9 15 30 7 11 30 3 9 23 9 25 3 4 8 29 22 14 25 3 24 14 17 15 10 12 18 1 11 8 8 17 3 5 5 4 23 3 25 20 0 25 3 18 18 20 21 29 15 17
4 4 4 17 3 3 2 16 17 9 4 1 28 25 7 29 15 26 7 8 20 20 26 26 29 18 5 4 27 22 22 5 6 6 21 11 9 9 27 30 20 9 15 29 6 5 18 30 24 16 24 11 14 30 30 24 6 13 18 10 18 5 22 30 25 10 25 15
14 25 20 4 26 5 12 20 24 5 12 22 9 26 6 27 30 3 28 9 2 0 2 12 2 6 7 3 2 29 23 11 30 9 15 14 2 18 5 12 16 26 3 1 5 18 30 23 29 17 17 20 11 14 14 0 6 1 21 10 24 11 28 12 14 11 2 30
22 8 23 0 17 10 9 30 4 20 7 16 30 16 5 7 27 27 6 10 7 1 8 13 16 9 3 4 27 5 16 10 13 24 30 0 7 2 19 8 29 16 5 12 1 13 10 17 0 28 26 6 23 2 13 21 8 23 7 25 12 1 24 13 22 3 18 21
6 16 29 2 25 7 16 1 12 26 12 18 10 6 5 1 17 6 26 26 16 20 6 29 27 21 14 25 3 1 7 2 9 12 17 10 26 30 4 18 16 20 29 19 21 1 14 3 28 15 13 10 6 28 26 15 19 3 16 30 30 27 27 0 2 17 14 13
21 18 20 1 4 28 28 4 2 30 17 12 23 21 14 24 3 27 16 8 20 29 18 30 10 14 16 5 14 1 26 5 10 20 9 8 16 22 17 27 8 22 7 0 5 13 8 28 20 29 30 12 20 22 5 30 8 8 1 28 8 29 29 30 7 21 11 29
8 24 9 30 16 26 12 1 13 6 24 22 28 17 28 7 9 0 13 10 10 12 18 7 29 13 3 26 20 12 12 30 22 16 4 20 24 26 14 27 3 20 25 20 28 10 14 22 29 10 27 23 6 21 5 10 24 12 25 20 11 5 26 16 20 17 20 25
9 14 2 14 17 29 16 3 5 4 12 24 7 30 18 19 20 6 14 27 11 19 24 20 29 27 5 0 16 19 10 19 1 7 11 10 23 29 13 6 13 7 11 13 23 23 22 15 13 13 5 12 5 3 9 18 24 9 7 9 15 20 5 17 9 23 21 28
6 10 19 28 22 14 30 5 22 8 24 8 6 13 18 30 0 19 22 17 7 23 1 24 2 26 22 14 16 8 0 27 0 7 14 0 4 13 13 3 9 7 6 21 24 20 11 25 22 15 1 16 22 21 13 18 10 7 10 30 0 25 10 26 25 14 26 2
29 11 6 25 9 19 2 0 13 17 16 13 16 20 26 17 12 26 8 6 27 30 9 4 10 19 5 22 13 18 13 8 21 17 21 13 21 11 6 19 30 11 2 26 22 7 24 15 21 2 5 9 3 27 19 5 4 11 7 22 11 2 28 4 25 30 30 25
4 3 1 20 4 10 12 17 1 1 15 9 1 0 19 13 2 18 28 14 3 3 29 14 23 7 28 20 17 13 14 4 4 0 27 6 19 10 28 3 29 14 14 20 3 30 5 28 19 10 6 22 28 17 24 12 20 30 11 18 6 5 11 3 2 5 30 23
15 16 19 3 30 24 5 1 29 30 7 14 9 9 19 2 3 11 24 4 4 7 18 22 28 20 30 29 5 22 14 29 8 7 17 30 10 6 1 24 6 30 20 14 17 22 23 4 0 1 14 26 26 11 12 16 0 24 7 19 0 8 27 22 5 30 22 26
11 9 20 15 1 11 28 8 12 26 18 3 19 7 18 1 14 28 7 16 1 15 27 26 17 23 13 18 23 11 14 17 26 4 15 12 3 20 22 6 11 27 17 14 26 23 6 3 1 30 18 10 5 2 25 5 12 9 24 8 24 27 22 11 12 16 28 2
8 6 22 5 1 23 25 28 22 21 18 7 4 3 20 18 1 15 10 1 20 27 18 18 25 6 15 29 2 19 2 5 18 5 5 6 29 1 18 29 27 29 30 15 10 30 18 29 27 12 14 29 2 5 2 12 0 29 15 26 2 8 10 11 26 19 23 15
1 4 1 13 18 13 21 22 13 28 1 27 24 9 21 29 23 12 7 14 7 4 12 7 16 24 30 27 26 26 25 28 9 15 6 4 13 2 24 18 5 13 26 12 12 17 14 13 1 27 14 27 16 8 25 5 6 19 20 28 26 0 22 13 29 19 26 26
14 12 28 24 24 22 6 23 6 19 7 2 6 22 19 26 4 19 27 13 23 17 22 23 4 11 28 24 17 15 26 22 25 9 7 19 29 27 4 30 3 9 17 25 6 17 23 22 28 4 14 8 25 23 11 26 8 8 0 12 15 28 19 20 26 19 5 9
12 23 26 9 17 26 14 13 8 18 0 25 1 14 15 13 12 12 25 6 17 27 15 0 15 8 9 18 7 6 16 18 25 17 27 13 6 28 5 7 3 21 29 3 4 29 17 2 11 3 5 13 16 25 8 8 3 6 8 17 6 6 17 5 16 10 24 13
22 10 2 10 29 27 19 25 0 3 21 5 7 12 27 18 23 1 2 1 9 10 12 19 30 8 2 27 10 22 17 0 20 24 0 25 0 13 13 6 27 25 13 10 9 2 13 22 4 19 19 5 29 21 11 16 20 1 28 5 3 16 26 6 22 0 29 14
11 15 23 9 18 9 18 28 30 12 24 22 10 22 12 3 5 13 23 11 13 0 11 30 23 6 30 22 30 0 17 20 11 18 2 17 26 8 17 10 27 17 22 8 10 24 17 21 24 28 7 17 11 5 23 5 14 0 24 21 16 8 16 20 6 19 12 0
19 21 29 0 21 8 5 3 16 17 21 27 4 19 9 0 0 17 24 23 14 11 1 3 8 11 11 30 5 29 8 26 28 23 9 12 17 0 2 19 11 3 27 30 1 20 20 14 30 19 12 15 7 27 14 4 21 20 15 18 15 17 15 4 22 27 30 25
2 7 10 1 19 20 4 11 3 17 11 18 23 11 30 30 14 7 0 3 14 21 13 15 27 20 14 13 6 4 10 17 8 8 20 4 2 12 5 25 17 0 12 20 11 28 7 23 25 22 16 29 6 22 13 26 25 27 26 12 1 18 23 12 17 17 29 6
24 23 27 18 18 17 10 7 19 29 10 18 17 8 14 0 16 14 30 26 20 14 4 27 28 10 0 0 4 3 27 29 19 21 15 26 4 30 7 13 4 26 18 1 0 30 2 16 8 4 6 15 24 21 25 26 8 9 15 4 2 21 25 4 20 28 14 20
12 15 16 7 28 14 22 10 21 23 8 6 10 21 14 27 28 6 13 2 23 30 26 4 26 15 8 24 30 12 1 24 9 15 17 30 29 11 13 20 4 18 13 12 16 19 24 24 7 22 27 30 26 25 11 28 11 27 11 9 22 5 11 15 23 1 27 23
18 14 6 6 2 24 10 8 21 14 0 2 6 15 30 27 27 0 6 30 12 21 30 11 19 9 20 9 10 7 19 28 19 17 4 29 4 17 3 10 23 9 17 6 28 12 20 12 27 1 30 11 15 19 11 13 15 9 0 12 17 3 4 30 6 19 0 3
22 12 30 0 30 10 3 25 14 27 1 26 17 23 8 25 18 7 15 13 12 11 5 30 5 27 13 13 20 26 29 11 24 4 19 21 18 15 3 2 15 2 9 25 18 0 14 20 9 8 13 24 9 24 0 4 19 16 22 12 30 21 26 20 17 18 8 26
23 25 1 27 10 12 15 6 8 9 3 2 12 7 26 16 24 4 15 15 19 15 25 5 27 16 11 16 3 14 25 30 28 16 8 22 25 15 24 15 3 26 28 19 5 9 8 7 8 13 4 0 11 22 30 11 5 10 10 8 5 9 5 20 30 19 22 19
12 9 27 7 3 2 20 1 0 25 15 0 19 5 3 14 0 21 10 14 7 6 5 1 1 8 10 6 13 3 19 2 29 16 8 23 21 1 2 16 24 1 22 27 11 21 12 11 17 19 11 11 18 16 2 29 20 25 28 19 14 3 18 2 14 27 10 13
2 12 12 27 7 11 24 27 22 29 4 17 5 1 0 25 14 9 17 23 7 12 30 0 5 3 12 14 30 30 1 0 26 11 28 13 16 0 10 17 15 2 18 17 13 27 0 20 11 12 6 19 26 17 12 22 17 0 30 8 14 6 3 18 8 8 25 17
25 30 3 30 10 0 22 4 14 0 9 3 16 17 0 17 14 15 21 8 3 1 12 26 9 25 12 19 7 6 2 1 26 29 14 23 6 16 23 3 25 27 10 20 23 20 8 0 28 17 18 23 5 5 20 9 26 9 20 25 12 25 26 11 7 5 10 6
18 2 17 18 11 5 0 22 19 0 13 9 12 18 20 8 30 14 24 4 29 23 28 19 6 12 15 17 16 8 28 22 22 14 30 6 6 28 24 11 16 19 23 15 28 3 4 13 2 0 22 19 13 29 11 8 18 0 4 29 4 25 16 17 27 18 22 0
21 27 9 0 22 17 13 20 26 30 12 25 19 2 2 10 22 8 5 3 23 11 16 15 14 11 4 8 12 4 1 28 21 9 18 3 27 20 8 16 19 6 2 10 21 4 29 28 10 19 19 17 9 5 1 29 5 22 1 10 30 22 5 0 18 6 15 14
12 27 20 10 20 13 19 26 6 30 29 3 21 2 16 26 3 18 24 28 6 7 23 20 25 21 16 9 11 14 0 3 21 0 2 13 12 2 5 18 20 2 12 29 23 4 22 2 9 18 21 10 26 20 22 27 13 17 10 19 24 0 7 6 13 24 14 24
25 13 1 0 23 4 20 22 26 30 3 3 14 11 22 0 26 6 30 30 21 2 28 30 2 16 4 6 24 0 25 12 29 15 3 7 2 30 3 27 6 13 22 22 3 10 10 1 9 16 7 5 3 3 10 16 2 15 30 2 2 6 17 18 29 22 0 13
13 15 9 23 15 12 26 5 11 6 2 17 22 14 19 3 11 28 24 9 13 7 23 15 29 21 5 15 11 5 12 20 18 30 2 26 7 29 30 15 9 2 4 7 22 30 17 3 13 5 18 29 29 19 15 26 22 18 21 16 5 8 7 20 10 29 11 6
25 24 0 19 4 23 16 2 2 6 27 2 3 30 13 1 17 5 3 26 30 27 24 1 29 13 1 11 14 29 26 12 8 24 30 14 1 0 19 24 28 20 19 21 5 1 16 13 10 30 0 4 6 4 11 29 0 5 22 27 0 30 12 1 23 21 15 24
10 2 11 11 12 15 18 29 19 8 0 22 11 2 26 14 30 17 6 0 9 24 2 19 3 5 14 19 30 27 10 12 6 18 22 9 11 8 28 9 24 2 22 12 21 8 5 25 30 13 14 22 9 27 15 30 1 8 19 15 28 20 4 11 5 8 4 5
12 29 22 3 15 7 26 24 26 16 11 5 18 6 22 5 2 15 15 0 15 11 25 12 19 27 20 7 16 11 14 20 8 2 26 27 5 9 8 18 7 17 11 25 3 16 29 24 0 10 11 11 16 19 7 7 6 1 16 19 12 6 5 12 20 12 11 17
5 3 11 28 28 3 7 2 8 16 24 29 5 5 22 13 23 19 24 8 23 5 13 19 15 8 29 12 6 11 22 1 21 28 7 12 24 26 16 16 8 30 24 30 13 12 2 9 13 14 30 5 13 7 23 16 17 8 2 5 5 28 10 18 26 16 15 8
1 16 18 10 23 0 18 22 17 13 29 12 15 20 13 1 16 12 11 26 2 22 25 15 4 3 10 21 9 6 30 30 25 5 9 7 27 20 23 15 11 5 8 23 3 30 29 0 13 7 20 9 8 29 17 27 20 7 27 14 22 6 28 9 27 7 11 13
6 1 26 25 14 5 3 25 4 30 25 1 30 0 0 11 0 5 4 8 26 14 21 27 28 8 20 12 29 5 18 26 4 28 10 18 19 4 20 20 7 30 3 15 13 22 12 16 10 4 2 11 24 6 18 21 15 23 27 16 25 11 22 13 22 8 7 18
12 6 3 10 28 24 2 6 3 13 27 26 4 20 4 14 14 3 17 30 15 20 13 9 5 21 30 10 11 23 13 30 7 6 18 22 16 6 30 16 12 9 21 27 1 27 14 17 5 11 16 29 23 16 15 10 15 26 29 26 5 9 14 30 11 24 15 16
12 2 21 27 22 27 27 21 28 13 18 29 10 25 11 27 29 29 23 20 21 18 21 28 24 8 21 0 30 22 30 2 13 14 27 17 13 6 13 10 13 0 14 10 26 23 14 0 30 5 23 19 29 10 12 30 21 24 5 26 26 5 0 9 12 6 4 27
1 18 20 9 13 0 24 26 9 13 7 24 24 28 12 20 4 18 2 29 26 14 26 3 0 19 23 16 10 27 4 15 15 7 9 8 7 29 28 16 12 13 13 14 24 2 25 11 21 24 28 17 7 29 13 21 14 10 13 17 17 22 20 8 19 26 11 29
2 9 10 1 20 16 30 13 27 9 24 4 22 13 27 2 15 29 15 17 14 17 2 11 20 4 28 28 3 26 24 5 13 25 14 13 30 14 7 15 8 7 20 14 16 6 16 18 11 28 2 29 28 26 0 8 0 29 2 27 17 30 20 18 4 19 6 26
5 6 2 5 6 1 4 17 24 4 11 21 9 8 0 13 26 10 16 19 12 18 0 29 28 8 28 0 3 28 26 24 27 16 11 7 0 9 29 28 20 23 11 25 5 9 15 4 5 3 15 15 20 17 0 0 20 23 30 11 29 17 12 3 9 8 20 9
21 26 4 27 17 21 4 30 8 13 5 19 27 28 28 0 5 27 26 17 20 26 4 11 5 1 23 21 13 4 24 12 30 14 4 11 8 2 7 10 25 11 15 6 0 29 21 25 26 17 0 19 2 26 22 30 29 9 16 16 11 21 16 17 0 22 28 10
20 11 25 5 3 9 26 2 23 22 18 2 25 7 1 9 1 4 1 3 18 14 26 17 28 10 23 8 27 7 26 18 23 0 16 21 18 13 27 23 13 2 1 5 19 3 0 26 3 19 21 6 13 13 21 6 1 17 0 26 15 15 29 17 2 18 16 1
1 14 15 24 7 13 27 2 12 24 10 26 9 9 4 19 12 27 8 13 7 23 26 11 27 30 20 20 21 13 22 3 20 0 22 10 30 10 28 8 15 22 10 25 17 16 24 9 10 21 30 14 25 18 18 22 23 12 20 14 2 14 10 30 17 15 13 26
4 24 3 22 10 9 4 8 21 21 9 19 11 29 26 7 13 10 9 29 30 11 23 25 12 8 15 23 22 26 25 18 17 28 10 1 12 29 18 17 15 22 3 29 1 5 10 24 20 10 6 10 29 17 6 4 10 15 8 24 7 16 15 11 20 17 6 9
29 10 10 17 19 23 13 21 11 7 0 29 7 28 13 13 20 28 23 3 18 17 29 13 1 19 27 8 25 5 30 10 29 3 12 1 11 10 16 29 0 27 8 4 20 28 21 1 21 30 28 5 2 2 0 14 13 11 13 15 6 24 6 24 22 12 1 0
23 19 23 5 8 20 29 11 24 29 20 27 28 6 15 11 14 3 6 8 19 15 18 2 24 3 27 25 8 5 27 25 30 7 13 13 20 25 26 18 12 5 0 18 25 8 30 20 5 2 3 25 3 8 14 16 10 30 21 16 2 8 24 4 4 25 3 29
0 9 21 3 17 5 16 24 2 20 27 11 13 6 9 7 9 4 23 18 2 21 7 7 0 2 6 22 0 1 27 10 23 4 9 20 16 11 6 27 14 18 14 2 19 29 7 1 14 5 27 29 4 26 8 19 13 17 8 1 10 20 7 22 16 10 15 29
21 10 30 5 19 17 8 19 30 19 21 22 3 26 29 26 15 15 12 10 10 28 14 12 8 14 19 11 29 23 0 7 17 6 29 15 2 22 29 4 22 4 10 21 17 9 30 3 14 4 9 28 16 10 11 4 0 21 16 2 29 24 19 10 10 21 11 25
2 12 8 27 8 24 27 2 15 22 19 24 11 26 10 13 24 8 24 23 6 9 24 3 26 11 1 30 25 13 21 7 6 13 0 13 14 11 9 22 20 11 17 2 13 29 19 8 23 17 8 1 25 13 18 25 19 3 27 5 11 20 8 24 5 11 8 2
0 7 23 2 2 26 2 9 23 1 7 27 1 25 13 14 1 9 19 22 25 2 10 28 11 2 9 28 27 6 12 20 14 18 3 9 11 11 26 27 12 12 4 0 19 24 23 11 4 10 24 27 7 30 24 24 8 22 7 19 2 28 19 0 19 24 21 23
13 24 11 10 2 12 29 5 12 19 3 30 20 15 7 20 27 1 23 28 1 9 21 18 0 26 2 22 22 8 2 24 14 4 7 19 28 19 19 28 24 20 18 4 4 1 14 19 0 0 5 13 8 9 3 15 0 6 2 18 18 6 15 20 21 11 17 3
22 10 28 26 12 18 3 17 26 30 13 23 14 30 16 2 9 15 2 8 30 3 30 14 6 23 5 16 19 24 14 30 21 4 7 6 11 20 30 23 5 26 30 7 24 13 1 19 12 15 13 22 17 8 10 0 15 14 22 9 8 22 22 21 5 13 21 27
14 29 24 18 8 19 12 6 11 26 15 26 24 4 22 15 2 1 9 5 21 0 2 16 19 16 1 27 29 30 24 23 8 6 6 14 29 12 23 27 5 30 28 2 12 20 21 10 27 5 22 10 6 2 24 8 9 18 28 9 28 6 15 24 11 18 18 3
20 3 19 9 9 29 23 27 1 20 0 11 6 18 13 6 19 30 8 27 2 23 11 7 12 24 26 23 4 26 24 19 26 20 4 21 26 23 4 13 5 10 12 1 13 0 15 20 2 14 4 21 20 29 23 14 8 10 4 0 22 5 24 1 11 22 27 24
21 15 12 23 27 5 23 20 0 30 20 6 0 7 17 12 0 21 20 14 25 27 30 2 0 8 16 18 14 19 14 26 5 6 23 25 3 30 13 17 12 7 30 4 21 8 3 23 12 11 9 14 15 14 12 6 4 27 19 12 15 19 1 13 20 20 5 18
23 5 18 20 22 1 20 6 23 8 11 30 12 9 21 25 14 28 11 20 19 3 22 16 11 15 7 11 15 16 23 18 1 13 20 30 10 0 5 20 23 19 4 30 21 16 9 20 5 30 19 27 1 0 11 22 6 8 2 18 2 14 25 9 9 4 2 5
24 5 10 21 14 10 26 26 24 21 0 9 4 13 3 22 17 20 13 20 17 5 5 11 0 6 12 27 24 21 28 22 10 0 28 14 13 7 12 17 25 9 16 29 28 26 3 13 21 2 0 11 30 15 12 30 5 16 25 3 10 28 17 29 1 4 0 1
9 12 15 28 29 22 6 16 30 25 21 13 27 19 24 24 22 13 8 14 3 6 22 18 13 14 0 28 25 5 26 1 4 8 24 18 12 26 8 26 10 4 21 22 12 18 6 25 21 7 3 8 16 14 13 4 16 8 18 9 15 23 18 8 21 20 1 5
4 23 13 13 30 20 9 12 4 14 15 23 10 5 29 30 15 12 16 15 12 17 17 1 19 30 27 23 22 6 20 29 10 20 11 3 3 7 3 11 9 13 9 21 0 18 11 18 24 25 7 29 5 6 15 19 19 26 25 5 8 5 27 2 27 24 17 22
29 30 29 20 2 1 5 2 19 30 5 0 7 12 14 17 13 9 10 27 25 25 25 6 9 22 5 27 15 20 18 14 20 23 8 29 2 9 13 7 1 12 14 7 3 14 18 3 0 1 24 16 6 16 16 29 27 14 23 4 18 15 20 0 13 15 15 21
