69 69
27 16 30 23 17 4 6 24 8 18 11 26 18 25 21 0 28 14 7 25 9 25 13 11 18 21 22 7 19 26 14 23 27 18 28 9 30 27 10 30 20 19 30 17 9 13 0 2 7 18 9 28 3 30 12 12 0 12 4 28 19 25 28 17 14 16 4 9 10
10 3 20 9 17 6 3 12 30 29 23 3 1 12 20 12 8 11 7 10 1 29 19 15 30 15 28 1 6 21 5 13 28 8 29 28 18 20 12 6 10 25 21 10 7 12 7 15 3 4 1 27 22 26 13 19 13 17 20 19 17 6 27 24 16 6 11 27 20
17 29 3 26 17 27 23 10 24 20 26 24 11 3 0 23 23 16 9 13 7 18 29 15 0 5 9 15 4 4 16 16 6 23 2 27 14 15 25 16 13 3 11 25 16 25 20 29 27 3 4 0 8 13 26 13 11 11 27 0 26 4 24 0 8 8 18 9 1
16 23 17 3 18 27 1 5 13 26 0 22 12 23 6 24 23 6 6 18 18 18 19 11 6 0 29 9 20 12 9 25 22 6 23 12 19 26 22 10 6 26 29 17 25 29 16 29 5 11 9 1 12 25 8 6 8 12 20 15 19 12 21 14 28 11 12 13 24
30 2 9 25 9 22 28 0 6 25 12 23 6 0 14 2 16 2 9 8 27 23 27 11 11 28 1 25 21 20 4 30 4 2 8 25 6 12 15 5 16 3 20 1 14 15 12 9 13 24 27 8 17 24 26 18 0 26 18 24 4 19 20 18 3 30 28 19 19
28 3 16 17 21 21 17 30 29 21 16 1 7 23 28 30 24 28 28 7 0 2 30 21 1 13 24 10 22 23 20 12 0 1 4 26 15 19 24 13 26 24 4 29 18 23 10 3 6 10 1 24 5 6 1 22 7 8 6 15 13 20 25 29 7 29 18 3 19
19 26 22 9 1 21 8 20 14 4 18 20 16 21 0 28 11 19 2 9 11 30 30 15 12 15 1 10 28 18 29 19 30 12 4 20 4 19 26 19 11 1 9 23 0 28 16 1 1 7 13 14 5 1 2 13 21 6 5 11 16 28 5 29 12 8 24 2 29
21 3 8 17 14 23 11 30 26 1 11 16 26 25 1 6 5 11 16 8 24 11 19 11 1 25 12 29 16 10 25 9 18 25 30 18 7 5 12 14 17 6 2 7 7 26 26 1 11 17 0 2 13 28 24 21 15 23 27 16 20 13 1 25 11 4 13 1 23
22 6 16 4 29 7 12 18 23 20 1 23 3 27 6 25 30 26 25 17 24 5 18 9 17 0 20 18 9 23 24 11 21 14 1 12 2 4 16 18 30 18 20 1 5 1 4 10 10 4 12 27 27 12 24 24 19 23 1 18 24 4 14 16 3 6 17 11 13
24 24 17 13 10 13 1 15 25 5 22 25 9 8 14 28 8 19 14 15 4 7 12 1 25 9 3 6 15 18 14 18 26 26 1 4 18 15 16 4 25 7 21 8 24 24 21 23 19 26 8 22 24 24 15 21 22 7 1 20 26 9 8 13 7 11 19 18 21
11 26 21 16 25 25 4 25 22 18 16 25 29 23 3 10 2 24 2 14 9 28 16 27 25 24 12 0 0 18 11 28 8 19 8 3 26 6 8 11 7 26 29 22 8 10 23 9 28 21 15 25 12 13 27 7 11 4 26 12 18 11 0 23 20 11 11 30 15
16 21 4 3 9 30 21 9 7 6 0 11 17 25 10 9 7 27 5 22 19 17 26 9 11 23 12 22 7 19 24 8 15 4 20 17 13 7 2 22 6 21 21 30 29 5 13 26 22 7 7 21 23 4 10 17 16 29 1 23 13 7 12 28 12 1 21 4 9
24 27 28 28 9 18 30 25 23 11 23 30 5 21 2 27 11 0 13 2 25 22 1 9 2 16 1 6 30 27 19 28 2 16 29 12 22 5 18 11 3 13 26 17 21 18 16 12 29 19 3 30 15 1 26 3 16 21 21 21 7 2 5 17 3 6 6 3 25
3 5 19 11 11 13 2 19 28 14 28 12 25 26 20 24 23 9 4 27 7 9 25 25 19 26 1 22 16 0 18 24 6 13 12 2 1 7 1 27 22 23 25 22 3 24 13 10 28 3 8 3 2 8 2 10 26 18 24 12 2 15 10 13 7 10 25 25 30
27 14 6 11 9 27 6 5 24 30 29 15 2 22 24 12 27 5 13 17 2 28 7 25 2 29 21 4 15 9 27 21 3 18 5 15 17 8 17 24 13 22 22 26 25 7 1 10 5 29 13 21 17 4 30 24 16 14 24 25 5 17 3 17 7 12 21 19 10
24 8 23 10 7 0 29 2 3 27 26 11 4 19 16 7 26 8 6 7 1 4 22 4 13 25 6 13 19 18 9 10 23 28 26 24 5 16 6 3 30 10 23 2 25 20 26 9 7 13 17 3 3 1 4 7 13 19 24 28 6 17 1 29 24 11 15 29 2
23 25 11 27 20 19 24 18 0 23 18 11 23 18 29 19 5 21 21 10 29 23 10 11 8 16 3 28 11 25 8 6 13 9 24 12 21 25 14 3 22 26 28 14 1 17 24 3 12 19 27 6 30 20 6 23 8 14 13 18 16 22 13 27 30 16 13 0 7
18 23 27 22 30 5 24 1 1 5 26 1 15 4 5 1 17 16 26 7 27 2 19 3 18 14 16 10 29 18 6 19 30 13 4 19 8 11 3 30 23 29 7 5 28 7 2 27 18 20 12 20 14 16 20 28 7 19 10 26 18 10 12 5 25 6 27 20 13
9 7 11 28 25 9 6 23 13 2 18 19 27 10 24 19 15 6 28 9 1 30 14 6 6 4 5 6 9 26 6 0 12 28 28 13 26 30 13 20 2 23 12 16 23 28 1 8 12 25 22 30 3 29 28 7 28 10 25 30 26 21 9 3 18 0 4 21 0
7 7 28 29 30 11 1 1 19 9 12 0 14 2 20 24 13 22 5 27 1 8 2 25 1 30 2 8 0 22 24 12 17 6 30 25 8 6 28 6 5 7 27 22 10 0 7 28 29 7 2 15 9 30 24 19 7 18 1 1 1 23 13 18 25 30 11 8 4
19 29 25 14 22 23 10 5 12 4 27 17 15 26 19 4 3 24 22 18 24 27 2 8 21 28 12 1 1 10 24 29 28 15 4 0 10 18 13 12 11 27 28 24 28 2 10 17 22 0 28 18 27 13 1 30 13 26 1 25 22 13 4 28 21 4 7 8 17
27 29 5 23 3 20 10 27 6 26 13 10 18 6 25 12 1 6 14 3 13 24 14 16 6 19 20 10 0 20 1 17 10 27 4 29 16 14 23 6 13 25 12 29 11 1 19 23 18 2 2 11 12 18 21 25 6 7 16 9 23 1 11 23 9 14 22 27 9
7 22 10 19 16 5 3 17 6 26 13 16 13 20 15 13 20 23 4 0 20 6 11 28 25 11 7 26 4 9 7 6 17 30 20 25 7 17 21 24 25 26 29 22 2 10 4 9 11 7 25 21 19 15 19 16 27 30 8 2 7 10 29 0 19 1 3 4 24
1 22 9 15 29 1 6 22 22 6 7 19 27 4 20 17 19 24 3 26 12 14 9 4 2 22 18 23 29 25 27 18 17 2 14 7 4 28 21 6 9 20 28 0 14 18 26 22 13 0 16 21 2 21 27 30 10 27 25 19 23 29 30 15 21 18 21 17 30
17 24 0 25 11 15 16 11 2 28 23 14 28 10 16 6 9 2 19 11 10 8 17 26 21 17 16 3 16 17 27 3 7 7 21 24 12 12 3 14 19 30 18 11 20 11 16 2 24 3 23 1 3 28 1 9 13 6 7 30 5 19 21 0 27 29 15 21 21
29 9 3 5 19 12 2 2 4 25 13 15 17 4 14 11 26 13 18 0 10 17 18 10 0 9 24 1 24 27 27 21 5 0 21 28 1 24 15 4 16 25 20 7 17 8 23 15 23 20 3 21 23 20 18 30 24 20 15 5 25 8 20 23 27 15 24 20 9
0 0 3 12 29 18 25 5 15 29 19 3 15 19 4 12 6 13 26 26 13 22 3 16 25 21 9 26 28 12 20 11 18 7 13 8 4 4 6 28 7 23 23 3 9 28 9 25 2 20 10 2 24 12 3 10 6 13 17 1 29 3 11 27 28 21 3 17 7
0 13 26 9 25 10 18 9 0 20 17 26 13 12 7 30 23 22 29 16 13 28 28 18 4 30 28 23 11 12 22 26 1 11 17 0 1 13 27 12 17 8 4 11 30 21 23 9 24 14 22 8 19 0 15 23 3 30 7 27 20 3 7 23 27 24 21 24 20
25 29 20 13 19 14 12 23 16 24 5 24 8 0 27 5 12 15 21 24 16 25 27 13 5 23 7 11 16 21 3 6 26 8 16 30 0 20 3 30 15 0 26 9 7 29 22 24 28 1 25 19 8 8 0 2 16 10 25 15 0 13 4 11 22 15 20 24 14
1 12 6 9 24 16 20 23 17 27 17 24 16 3 12 23 21 9 1 21 11 15 5 6 20 13 21 10 29 0 10 10 20 9 25 19 9 6 22 2 1 5 9 26 8 22 10 5 16 27 8 28 6 17 27 28 20 14 21 18 3 4 30 0 5 6 0 17 2
12 11 17 7 22 27 29 14 11 24 24 0 24 29 14 19 19 24 15 19 5 20 28 19 8 7 29 10 15 2 6 15 22 3 27 16 20 19 8 4 7 26 1 17 24 27 13 19 23 13 0 5 14 2 6 25 2 8 19 14 26 5 3 28 9 6 15 19 7
28 15 23 1 15 13 10 19 26 30 19 5 17 10 12 20 10 5 1 19 27 1 22 10 4 10 17 18 19 11 26 21 30 9 14 7 1 0 3 6 3 13 9 1 29 4 13 29 10 12 10 19 26 3 9 16 1 20 19 29 1 4 29 17 13 30 9 10 7
13 26 12 4 26 11 28 24 25 19 2 22 30 7 2 13 21 11 22 6 7 23 5 18 28 28 29 15 26 21 8 6 1 26 16 12 29 17 17 17 13 9 10 13 23 9 18 2 4 30 2 27 24 1 0 7 24 13 21 29 8 7 13 1 5 7 10 5 2
9 5 13 14 20 9 24 3 11 13 10 15 30 6 6 21 16 7 24 2 29 24 10 18 29 22 26 17 23 15 10 0 1 30 4 14 11 15 11 28 22 3 27 11 16 8 3 27 19 22 6 14 0 17 12 19 9 24 22 10 16 5 1 11 5 12 19 26 8
24 22 2 30 20 0 27 15 24 10 26 23 11 23 19 12 6 13 27 16 21 20 2 4 10 28 24 28 27 30 21 1 11 17 9 26 14 23 13 9 27 24 15 11 26 29 14 8 18 0 2 6 19 29 6 19 23 18 7 27 0 16 2 12 8 5 30 22 5
17 18 8 13 3 15 24 5 8 26 25 11 8 14 18 25 21 24 13 0 15 5 21 30 7 11 26 4 20 5 4 30 26 30 11 10 21 1 9 5 17 23 28 16 30 15 27 1 2 20 0 0 26 11 19 13 17 7 17 4 28 23 27 6 27 20 18 30 21
12 26 7 24 11 12 15 22 25 24 5 2 13 7 14 4 8 23 27 19 16 14 9 28 0 17 10 2 2 3 3 4 11 3 23 8 28 18 24 5 0 13 5 29 9 15 27 15 9 14 8 24 5 28 19 21 13 3 29 21 8 24 17 2 1 8 22 17 20
15 11 20 10 17 28 11 30 20 15 23 13 15 17 30 16 30 10 26 24 9 9 26 21 14 19 29 15 3 1 25 12 5 11 7 3 3 9 15 11 27 20 20 18 5 9 10 15 27 18 9 4 13 13 15 6 15 28 10 7 27 28 4 14 26 17 8 12 7
22 13 23 21 23 7 27 26 3 7 22 6 9 29 9 8 21 27 6 0 19 7 3 20 0 24 10 6 18 3 12 15 29 26 5 7 29 0 29 16 14 22 28 25 17 18 1 30 9 15 19 6 13 22 0 13 20 8 4 2 14 21 27 16 18 19 14 24 19
18 19 3 12 27 10 22 25 21 23 2 11 29 26 19 2 10 29 1 3 18 6 5 19 6 20 13 3 20 2 11 3 13 8 5 8 23 14 0 2 27 1 0 4 6 16 0 10 11 24 30 7 22 20 7 22 26 19 17 30 13 29 29 14 9 10 4 10 11
8 23 24 28 28 25 15 8 9 20 28 30 30 16 25 2 5 12 17 26 9 11 2 26 6 25 25 2 2 19 10 10 9 27 21 6 10 1 27 8 18 12 25 16 14 29 3 0 24 26 11 13 11 18 29 7 4 7 12 26 23 5 17 21 6 2 20 6 6
29 7 2 23 8 29 13 14 21 3 6 17 27 6 1 20 25 6 2 4 13 20 6 21 17 9 28 15 29 5 18 23 17 13 3 2 25 7 25 22 29 7 9 18 6 14 2 19 29 8 10 16 7 7 24 22 0 23 11 24 7 2 2 30 10 29 6 4 13
12 14 23 4 1 7 21 18 27 17 16 22 29 12 16 23 4 24 19 27 30 22 27 25 1 30 7 18 1 1 22 4 22 28 29 22 28 2 19 11 0 11 28 25 4 1 5 15 22 13 6 23 3 16 0 3 5 12 25 23 24 19 23 15 29 20 0 30 28
24 5 10 11 28 18 27 5 25 12 7 3 12 16 24 18 8 15 26 11 13 7 22 10 13 6 11 6 21 16 28 6 8 25 21 2 4 12 10 2 29 18 18 1 15 20 30 4 21 15 30 7 0 3 11 27 13 19 17 27 6 30 16 19 13 30 17 15 18
26 8 9 20 20 15 5 25 20 6 12 30 5 15 14 1 16 11 7 16 24 20 16 14 5 21 8 28 26 16 20 5 5 12 16 27 9 24 24 30 14 12 17 17 18 15 25 26 13 25 16 9 8 24 28 7 22 19 21 14 25 18 26 15 23 24 5 15 6
9 9 23 28 5 27 12 14 24 16 9 3 22 1 17 20 6 21 28 29 15 2 21 18 9 25 7 18 11 12 3 23 4 29 4 2 2 28 9 27 25 20 6 25 4 1 20 15 0 24 8 7 30 1 14 11 26 27 17 22 24 19 9 27 10 11 29 14 11
24 27 25 8 9 11 28 2 4 30 8 9 16 12 3 22 13 26 10 29 4 11 25 19 17 24 21 26 23 11 16 20 13 7 9 30 24 14 28 20 8 23 26 23 17 8 30 15 5 26 30 9 18 25 26 18 19 11 6 2 5 9 2 25 9 5 17 21 5
24 13 3 11 25 11 7 5 8 10 18 24 1 1 9 24 29 0 25 27 29 2 13 28 8 30 29 11 25 27 13 14 4 3 14 22 9 23 24 25 16 3 5 4 26 26 23 11 6 2 8 17 29 12 10 2 21 8 28 26 4 19 13 5 9 6 14 14 3
3 2 0 18 11 24 6 28 28 1 4 12 26 3 6 10 22 0 4 25 17 6 25 20 11 12 17 7 2 24 0 28 7 23 25 23 18 27 22 22 7 6 8 10 16 9 6 22 27 24 8 23 9 17 3 30 28 15 12 9 6 3 20 23 18 25 24 10 13
26 17 7 11 0 0 5 6 12 29 10 15 3 3 25 4 14 18 6 10 9 7 10 5 7 29 9 24 6 12 16 14 29 3 17 7 26 18 20 14 2 7 2 2 25 16 17 2 17 13 30 26 24 2 28 17 19 19 12 14 4 21 22 28 19 17 16 19 3
15 0 16 14 6 26 7 4 0 18 13 17 12 28 19 3 21 28 28 4 18 30 19 11 12 29 25 12 7 23 9 26 27 18 10 4 4 25 9 30 22 27 10 2 6 30 4 0 14 3 3 26 18 1 7 20 24 16 1 10 7 29 6 22 15 13 1 5 20
25 4 8 10 23 16 16 9 23 5 24 20 20 7 21 20 19 16 2 12 10 19 5 28 2 0 3 2 6 28 11 30 23 3 18 27 3 28 12 21 19 9 3 24 1 14 16 28 8 11 26 19 23 9 20 13 29 20 7 28 9 7 23 1 26 30 18 12 4
22 14 27 26 22 5 24 10 24 22 20 18 0 21 1 28 12 26 21 24 21 7 7 27 10 11 15 26 18 27 21 20 6 8 16 23 6 27 30 8 17 11 30 29 12 28 17 6 11 0 10 21 24 3 19 17 21 14 9 11 10 23 5 21 2 11 7 0 18
16 22 22 16 9 28 17 28 17 25 27 9 12 23 3 22 13 25 12 1 22 17 4 6 25 30 14 12 19 12 24 17 27 3 23 17 30 7 26 8 21 14 3 25 11 13 16 1 7 16 1 2 20 8 19 18 1 1 7 29 22 29 17 30 10 22 9 29 29
28 20 14 10 27 19 2 1 30 0 23 1 15 13 23 30 0 8 30 24 1 25 29 26 7 16 26 3 0 2 24 3 27 18 25 0 7 11 3 10 25 26 13 28 30 20 6 30 29 19 0 20 6 26 2 13 16 16 24 27 19 21 20 30 9 18 16 22 30
16 15 3 23 3 17 21 23 21 5 25 14 12 4 3 2 1 14 25 16 12 20 21 5 12 30 25 4 15 1 18 4 15 14 8 23 1 6 16 13 9 29 3 22 18 11 18 30 24 0 12 9 23 22 12 11 24 24 2 16 13 18 27 26 21 24 4 24 16
21 28 15 26 27 11 8 11 12 7 26 10 7 17 28 25 25 21 2 7 20 21 21 30 6 15 26 27 10 21 10 20 24 1 17 21 19 10 18 8 0 28 7 5 23 27 25 13 28 18 9 27 17 22 28 7 8 21 17 30 21 26 4 25 8 27 4 22 1
13 9 2 24 5 28 27 25 13 28 25 26 28 9 28 5 8 22 5 4 14 0 9 6 21 1 17 2 20 27 25 25 2 13 8 13 14 27 9 1 18 23 1 22 4 15 16 1 25 4 30 7 1 2 23 12 25 12 5 15 16 7 29 29 3 1 14 6 27
23 27 17 21 14 18 15 30 1 3 10 3 16 28 13 29 27 28 10 28 25 22 1 29 4 18 24 26 0 27 15 16 15 10 12 10 5 7 25 20 7 20 25 22 1 6 24 28 4 12 26 9 22 20 18 2 25 24 21 25 27 20 15 25 29 20 22 1 19
10 25 18 12 4 7 19 13 1 19 5 26 28 3 8 25 25 1 16 13 27 3 26 8 11 19 18 17 21 4 20 4 1 8 7 29 30 11 10 25 24 13 0 3 19 22 6 25 19 28 13 6 4 22 5 27 23 10 19 22 6 12 2 29 24 5 22 4 10
26 3 23 5 15 12 22 26 18 12 2 18 12 22 29 26 1 15 3 16 22 29 24 1 22 21 11 19 26 25 24 0 25 27 20 18 18 20 7 0 10 7 16 20 28 17 9 18 21 4 14 24 9 20 6 17 0 28 27 28 4 15 21 26 16 12 4 14 5
1 28 18 3 13 21 23 15 25 3 25 5 28 19 26 17 12 5 24 8 5 29 0 12 15 23 4 9 19 11 23 8 2 5 27 20 12 0 18 10 14 5 15 22 29 19 14 9 3 15 14 16 8 17 11 24 18 3 25 27 19 16 6 4 9 13 21 13 15
0 8 16 24 27 6 5 28 22 0 13 21 5 7 8 7 6 15 18 5 30 0 10 3 2 1 14 11 11 29 15 23 24 22 25 11 14 18 0 17 24 7 13 7 4 19 7 5 9 12 11 25 17 12 22 28 0 8 22 16 13 6 5 18 10 19 14 23 30
9 29 6 26 12 6 5 30 20 16 9 14 20 2 13 19 1 8 28 8 3 29 3 6 10 7 13 14 11 6 19 12 26 10 25 3 3 19 1 30 14 28 4 24 9 26 8 29 20 15 29 26 8 22 1 5 30 18 20 22 0 17 6 4 14 9 28 0 18
26 27 19 17 3 2 16 10 28 15 12 27 15 4 10 3 28 21 6 27 21 19 10 14 9 9 12 19 26 30 28 0 1 13 9 19 12 2 7 3 22 18 7 28 24 21 7 14 12 25 18 16 2 10 3 9 27 23 26 21 7 19 16 7 2 14 15 19 25
9 30 30 26 22 30 24 18 20 9 13 25 2 1 6 27 5 22 18 16 25 28 15 27 5 26 28 10 25 9 19 21 24 27 0 4 8 15 7 26 17 4 2 28 29 21 3 25 4 21 24 27 24 14 19 8 8 24 11 30 2 9 15 23 4 30 20 19 16
23 20 12 11 4 26 7 13 21 25 4 14 29 19 2 7 8 18 9 15 16 24 22 22 16 25 27 11 20 11 17 20 16 8 7 26 15 5 13 20 15 28 17 20 23 8 15 18 6 15 10 16 11 21 17 3 21 18 6 1 17 6 1 15 25 21 23 6 23
18 28 0 2 10 17 16 3 3 5 5 27 16 11 1 15 22 11 19 21 2 16 16 21 29 13 2 1 16 22 24 9 13 5 23 17 0 2 27 20 3 17 22 10 2 4 6 0 8 2 18 19 4 18 11 17 23 7 0 18 10 13 1 0 23 5 25 2 4
29 30 28 12 26 8 6 6 12 28 13 16 3 18 28 10 1 20 24 9 13 26 6 18 5 8 29 29 19 21 9 5 14 23 26 5 25 10 14 30 19 1 26 11 1 22 13 23 8 30 1 13 3 12 24 30 11 2 29 11 21 30 21 27 5 16 26 18 22
