70 70
19 24 30 3 26 23 18 15 14 17 23 13 20 10 28 12 13 13 20 15 25 3 29 19 0 25 4 24 30 7 2 13 25 21 22 18 1 15 2 21 0 8 3 27 9 30 20 11 26 3 6 17 1 11 15 19 0 26 13 28 19 9 21 6 20 19 1 20 16 2
1 22 14 19 7 25 13 18 15 16 27 10 23 24 9 21 28 22 8 18 11 20 4 1 8 1 0 24 14 8 22 23 19 30 0 15 14 11 21 19 18 25 22 6 15 29 17 19 10 28 14 3 6 28 25 3 28 14 23 19 20 30 14 25 4 21 23 24 13 2
20 15 26 7 0 23 29 2 18 29 22 19 19 27 12 14 14 24 9 9 10 26 27 7 12 22 25 24 17 9 25 13 0 16 0 24 17 27 4 30 23 2 15 23 18 10 0 12 19 18 21 7 8 29 6 12 26 1 8 6 23 11 23 29 24 9 19 3 18 8
28 13 17 4 10 5 28 8 17 3 8 8 21 17 19 5 0 13 29 27 29 27 8 30 30 2 9 1 5 4 7 25 19 17 4 7 8 12 15 26 26 28 28 17 27 4 13 28 30 5 20 14 14 24 8 29 21 2 0 10 3 1 22 26 3 15 23 26 7 21
16 7 28 30 0 2 8 14 4 14 8 23 25 30 30 3 23 24 27 23 1 13 11 19 11 3 28 12 20 2 19 21 21 23 14 28 10 20 26 19 20 11 11 24 23 4 20 18 20 30 6 2 16 16 14 21 6 4 8 27 0 18 24 24 10 19 11 18 11 3
5 26 12 29 20 23 16 8 29 28 25 3 6 21 1 7 12 1 25 28 4 28 7 21 7 18 20 24 17 11 22 13 4 17 11 27 17 20 18 0 18 25 12 5 17 1 22 23 22 5 23 19 4 28 7 13 20 25 8 28 16 21 16 30 29 2 10 11 21 2
7 16 5 17 18 12 13 18 7 22 0 26 25 7 28 5 4 8 3 5 5 29 19 26 0 8 9 1 11 29 14 17 26 18 8 5 9 4 20 0 25 22 1 14 21 15 6 16 8 3 18 28 17 20 30 18 2 18 16 21 3 6 3 20 20 27 23 6 0 28
3 10 14 17 18 24 14 30 19 5 23 24 19 6 13 10 4 15 27 23 2 17 21 4 1 9 3 3 4 24 19 7 5 9 2 23 17 19 3 10 5 19 12 21 14 19 22 19 0 2 26 9 3 13 19 1 7 23 23 2 25 3 1 20 2 16 21 9 3 19
22 16 21 24 12 8 18 6 25 19 2 5 0 29 6 4 25 5 2 29 4 0 29 24 25 5 18 16 0 27 9 24 2 26 17 7 26 11 14 1 0 25 2 28 3 3 8 19 28 7 24 6 13 1 25 0 28 6 20 30 29 27 28 19 7 9 19 23 26 25
22 6 15 12 26 16 3 1 23 4 2 18 10 0 0 25 18 7 27 20 2 2 23 15 20 24 10 29 2 16 0 6 0 29 12 9 16 30 10 9 11 17 30 5 6 1 0 29 0 5 12 18 19 11 16 30 27 21 7 26 13 10 19 13 5 8 16 23 21 14
13 3 30 8 22 15 1 13 23 18 19 5 1 10 15 2 21 24 17 5 11 28 24 7 25 0 10 23 18 17 29 16 8 21 18 25 12 7 9 16 30 29 25 27 20 30 21 9 25 11 10 15 15 17 14 22 30 12 22 0 12 3 28 19 12 18 19 24 30 7
3 16 14 23 27 6 15 26 6 11 2 25 13 15 10 29 15 28 16 30 2 29 3 22 16 1 1 8 26 8 20 8 26 24 9 14 6 27 8 9 27 15 27 27 11 14 30 8 11 18 26 22 24 29 8 17 7 21 29 12 5 10 30 22 24 23 13 7 1 25
24 18 17 7 29 25 19 30 7 30 29 18 6 27 8 23 22 13 29 14 24 11 10 20 27 30 17 12 2 18 23 15 10 6 4 15 19 14 30 3 27 26 29 15 21 22 15 0 23 17 4 23 23 26 23 27 8 6 12 16 22 2 2 10 29 12 16 1 7 5
9 11 30 23 14 7 16 15 27 12 12 2 14 8 21 0 15 23 1 29 19 22 2 5 21 5 12 27 5 28 16 11 23 7 18 0 24 21 29 17 7 12 27 1 11 9 26 30 11 24 0 30 8 0 17 16 14 16 0 17 16 25 11 16 3 25 2 29 16 5
8 1 10 24 6 27 10 21 21 15 24 26 2 0 4 15 14 10 13 18 26 13 28 25 22 17 24 20 26 3 30 17 2 18 11 23 12 0 26 17 2 14 2 22 5 23 11 15 1 2 9 20 21 2 10 17 0 5 27 1 10 26 24 18 14 15 8 10 3 10
8 15 3 9 30 5 0 10 11 0 26 27 10 11 6 11 28 8 22 30 4 13 5 17 22 10 17 15 14 26 18 22 23 20 10 27 0 21 18 18 9 15 11 9 5 9 3 20 12 3 1 26 16 1 10 26 16 11 1 26 3 9 19 13 9 23 19 6 11 13
14 2 1 18 9 4 29 6 27 10 0 7 30 17 29 21 21 17 18 8 20 3 16 24 16 28 21 2 20 4 6 11 12 27 22 2 6 15 5 9 11 12 4 11 10 19 2 10 1 8 19 8 10 0 3 3 2 16 3 21 18 21 24 3 22 13 27 6 16 1
11 9 22 0 11 10 9 8 20 1 7 8 4 13 1 1 12 8 16 21 17 28 27 21 19 9 5 0 22 27 0 30 12 18 14 27 24 6 2 15 12 28 22 6 23 21 22 26 10 5 6 7 25 10 29 1 22 29 0 30 27 30 24 19 1 8 12 22 16 5
8 5 30 3 28 16 21 14 4 3 1 21 10 26 15 2 19 6 14 22 26 0 15 5 29 17 5 6 15 11 3 26 5 12 13 28 18 17 20 19 25 3 20 15 4 1 8 16 8 13 7 5 16 16 2 29 3 17 13 16 1 26 25 26 24 12 18 11 19 11
14 21 30 28 2 20 15 16 12 7 3 1 4 25 30 14 25 22 28 18 7 1 20 0 5 9 28 8 5 6 30 23 30 17 4 6 15 13 23 18 21 19 7 1 30 9 2 10 23 26 2 7 2 8 22 16 17 15 27 16 10 24 29 13 1 29 5 30 11 13
6 26 11 28 29 22 15 7 26 21 25 17 11 0 3 7 21 29 11 24 11 28 5 1 13 28 8 20 11 11 29 16 17 26 29 7 28 16 21 24 27 14 7 11 14 27 24 25 18 15 29 28 20 16 2 6 22 6 13 22 28 3 28 29 3 27 10 29 18 16
15 9 11 12 7 2 4 30 29 7 9 10 2 8 0 0 27 11 11 20 24 28 27 18 13 29 7 2 20 21 25 24 20 30 24 15 26 23 17 30 15 19 11 3 24 2 14 18 28 26 12 26 24 21 7 6 21 9 16 13 12 22 14 28 18 8 0 21 1 10
0 19 0 18 4 7 3 22 18 6 28 16 12 15 5 13 30 18 27 22 1 12 29 23 6 4 25 12 10 7 7 14 21 4 17 22 1 30 28 10 2 21 24 11 21 16 19 26 21 4 22 3 1 19 20 1 25 29 20 29 26 5 20 16 2 21 27 21 16 0
7 28 15 6 14 22 8 27 21 11 18 11 13 15 25 22 13 24 20 0 23 16 24 10 18 23 16 21 10 22 8 21 13 28 15 0 22 17 20 16 15 27 17 9 25 13 0 6 18 2 27 19 11 13 28 6 3 1 26 18 26 8 12 5 19 7 11 23 9 8
20 25 19 12 22 30 7 26 18 0 15 7 21 10 4 8 8 4 3 10 27 1 23 15 21 14 3 29 14 17 5 10 26 5 21 3 2 14 30 3 20 5 16 6 1 6 23 23 11 13 0 21 16 28 25 21 29 1 22 3 2 2 17 15 6 14 0 6 4 28
9 18 13 15 18 27 27 15 16 2 1 21 19 12 11 24 4 19 24 0 28 23 13 30 10 14 15 10 1 25 3 25 2 10 4 0 26 8 0 13 19 27 21 19 1 18 3 30 12 4 20 13 12 12 4 22 6 20 27 27 7 10 23 13 19 21 14 7 19 17
29 6 27 6 2 10 17 16 16 22 17 3 25 13 13 19 14 3 4 0 7 25 21 20 25 27 12 26 1 8 28 20 26 24 7 16 10 22 12 13 23 6 23 1 15 23 10 1 14 21 5 9 13 23 6 5 18 15 25 14 2 23 8 5 22 8 29 23 10 13
21 30 26 19 14 17 14 12 27 6 19 11 16 12 2 2 28 20 9 12 10 26 1 3 9 8 23 2 23 26 26 28 23 6 16 0 19 16 29 4 27 16 7 2 25 0 17 27 14 15 25 12 1 21 29 10 1 27 27 27 30 2 13 26 16 10 21 24 16 4
11 30 12 21 10 21 20 10 14 9 2 10 26 24 21 15 11 8 21 9 3 26 20 26 10 30 6 6 26 15 25 26 23 3 6 3 0 8 14 30 9 22 23 25 7 17 3 16 17 26 12 29 7 24 26 28 5 27 11 10 6 27 20 23 0 2 8 28 16 6
0 6 10 14 28 11 13 1 22 28 25 29 12 13 22 5 14 8 0 11 26 30 0 21 24 25 25 22 10 20 28 15 22 23 20 7 10 0 24 10 4 3 25 11 14 19 26 30 27 15 25 15 4 18 1 22 11 16 2 12 0 18 13 22 5 13 29 22 22 0
3 13 24 9 7 0 13 30 2 24 3 3 28 29 28 3 2 27 10 0 24 27 24 6 3 7 19 16 19 19 14 9 11 11 15 13 5 25 14 5 20 24 21 8 24 12 10 29 22 13 29 6 19 22 1 20 19 13 7 29 24 4 26 26 9 2 17 17 10 4
1 21 13 12 25 21 3 1 17 28 6 0 8 0 19 8 14 13 6 28 0 10 9 26 24 28 1 7 17 1 15 15 5 20 13 26 10 18 16 17 21 9 24 12 1 8 10 30 22 4 4 5 29 28 0 22 19 27 8 30 22 21 24 28 24 15 9 8 4 15
28 9 18 25 28 24 10 2 10 5 17 13 4 6 4 13 22 24 18 25 25 28 3 19 23 1 3 27 24 2 2 16 2 17 5 4 26 17 25 9 27 17 12 13 15 24 9 1 25 27 19 0 12 5 24 29 19 20 8 1 18 10 5 19 28 17 10 12 26 30
11 6 10 28 17 16 20 2 0 23 11 22 29 16 11 13 0 16 17 4 6 7 26 2 30 30 18 1 27 20 30 20 21 25 21 12 16 20 15 8 1 6 4 14 29 15 18 29 9 6 5 6 30 13 28 12 25 2 26 12 1 26 29 2 24 2 28 16 22 14
26 9 24 29 26 26 6 16 17 5 17 6 17 28 25 20 14 18 27 5 23 19 20 18 3 1 5 7 22 26 18 10 11 26 27 17 19 24 0 23 30 3 29 0 27 12 9 12 27 1 4 15 7 14 3 23 11 19 13 8 17 29 16 9 25 28 15 29 28 2
19 3 28 20 12 9 0 16 21 27 27 9 17 0 13 11 27 1 17 9 26 8 19 3 0 19 22 27 15 8 26 19 26 18 6 24 25 21 25 22 14 3 3 27 24 5 23 10 19 19 6 17 24 6 26 3 7 5 23 10 13 14 30 8 18 4 6 28 30 28
27 26 30 18 10 4 1 11 15 15 20 5 17 14 25 19 23 30 29 25 27 23 15 15 21 3 12 23 1 24 12 16 5 6 27 16 5 1 14 23 29 18 10 6 16 8 6 2 19 5 26 14 12 28 4 4 8 17 30 25 8 10 20 30 17 23 2 9 8 14
17 22 10 30 23 27 8 25 25 22 6 0 28 20 20 20 11 27 11 19 28 0 30 9 8 7 2 19 6 30 21 15 16 26 5 9 17 21 2 14 30 20 28 13 26 2 14 25 6 14 12 27 6 9 27 6 27 5 3 12 23 20 19 25 30 17 7 11 27 7
12 21 6 27 1 21 25 26 29 6 30 14 15 7 14 21 23 7 10 3 16 30 11 21 3 3 23 0 3 27 28 29 23 28 22 15 29 29 27 13 14 28 21 16 27 21 1 13 28 8 18 22 10 11 25 12 9 13 7 2 13 26 11 9 6 0 6 20 13 25
22 19 24 3 15 21 26 14 23 9 14 21 26 7 6 8 10 0 15 4 17 1 19 11 9 0 8 26 21 7 24 15 4 13 0 15 4 23 9 27 22 20 13 8 9 9 5 24 19 13 19 16 10 23 10 0 24 2 21 16 2 14 30 28 5 16 30 9 28 27
8 9 17 18 27 12 18 20 5 1 28 5 3 21 0 1 7 13 6 17 25 4 6 2 25 8 27 28 21 4 14 24 8 29 12 29 21 2 18 6 3 8 29 19 19 4 28 10 29 20 7 4 21 10 5 15 21 4 30 26 8 10 12 7 8 28 15 28 1 3
23 4 15 2 24 28 20 25 2 3 20 18 7 22 19 19 30 29 30 15 10 21 5 29 5 14 17 13 19 30 11 3 15 11 3 20 25 21 16 19 25 28 25 12 21 1 17 12 6 29 21 15 15 8 6 4 26 20 19 26 19 26 4 22 6 11 3 15 11 4
25 5 13 3 29 6 25 7 19 9 15 6 18 5 13 27 15 19 15 7 19 29 1 26 28 10 30 9 21 7 16 24 21 22 10 3 14 23 18 25 21 8 9 27 4 24 12 24 23 12 27 29 20 5 17 10 11 27 20 21 12 29 9 14 3 3 18 24 27 5
17 10 16 25 12 0 25 26 5 5 0 2 27 8 0 20 20 11 19 17 29 2 11 2 26 25 8 20 11 13 27 12 3 4 29 6 8 6 16 22 24 16 21 8 3 17 12 12 2 26 5 11 14 1 18 4 26 5 19 8 12 17 12 6 28 8 12 24 15 16
9 23 21 20 8 15 11 20 11 18 17 30 17 27 4 16 13 4 9 30 11 25 16 6 15 15 27 3 16 17 9 0 6 2 8 21 7 17 19 21 16 12 23 13 14 1 29 20 19 2 8 20 12 1 13 9 29 14 22 9 6 6 12 15 8 21 15 9 20 8
4 20 17 21 27 8 9 6 13 28 0 2 26 2 29 30 6 27 8 21 1 4 9 9 30 18 12 18 5 16 4 16 16 11 9 29 21 17 23 4 1 17 15 5 2 21 15 4 20 17 0 0 28 13 17 23 24 11 7 22 3 4 10 26 15 13 23 0 8 8
30 21 27 7 11 30 8 13 27 23 2 5 25 21 25 21 30 9 21 22 0 3 29 19 26 16 14 10 24 6 25 4 21 24 20 5 14 9 18 23 26 7 14 21 21 6 1 9 14 24 12 11 21 23 7 1 5 13 23 24 11 26 27 0 2 10 14 1 11 18
12 17 13 1 14 20 12 6 15 22 22 4 30 0 9 6 1 23 20 25 0 16 20 25 24 24 11 17 17 28 28 3 18 20 3 21 9 10 25 6 1 13 23 1 11 19 8 12 9 19 0 15 9 15 27 26 11 15 27 12 21 2 27 4 20 25 24 8 21 29
7 9 22 24 19 21 6 1 10 29 5 17 18 6 25 26 26 23 1 30 9 16 2 12 30 18 13 17 14 16 19 3 11 18 12 12 18 26 15 1 23 15 8 12 28 17 9 28 27 21 14 13 10 25 10 10 24 27 27 15 14 22 10 19 22 30 12 18 14 7
14 30 21 1 26 22 17 2 3 29 17 19 7 25 14 3 29 14 19 17 18 15 5 8 15 15 16 21 9 27 9 24 23 22 10 18 25 3 22 19 6 26 21 12 19 3 30 18 9 12 15 22 3 23 22 16 27 20 21 20 22 5 22 23 20 23 3 26 8 17
3 29 7 18 16 10 17 3 18 27 5 3 13 26 1 8 19 14 21 22 24 5 9 20 2 25 24 14 22 28 14 26 0 19 23 8 12 4 29 17 15 26 7 8 23 14 26 7 14 30 12 12 18 28 2 14 9 25 3 8 8 15 10 1 21 13 28 23 3 24
10 29 18 26 22 9 21 29 12 1 28 12 0 2 28 26 14 5 23 1 5 26 16 7 20 15 20 28 6 4 10 17 1 23 27 6 24 20 18 13 14 17 18 0 29 13 1 20 4 21 0 13 9 15 23 28 20 3 16 15 16 8 2 17 3 2 0 15 1 17
19 10 14 24 17 26 20 28 22 29 26 16 29 16 29 16 22 29 22 20 11 27 10 30 16 8 25 2 21 10 10 6 14 2 4 18 23 5 13 24 9 22 1 1 27 17 21 26 21 10 12 28 14 0 5 16 6 15 26 21 10 21 11 20 1 12 24 15 19 22
27 10 19 3 19 29 15 11 3 27 27 12 18 12 0 11 5 13 29 8 28 4 20 26 0 9 9 24 23 30 24 0 26 27 14 1 3 27 1 24 16 15 9 8 2 4 3 9 8 19 0 10 14 10 10 7 22 12 30 30 6 27 9 26 1 1 30 27 2 22
30 25 8 16 23 11 28 12 0 16 19 8 10 11 21 11 6 13 30 28 25 28 24 14 25 7 11 23 22 29 28 3 24 21 11 10 30 17 27 24 2 19 5 24 18 2 0 27 13 10 28 3 0 6 18 10 2 30 14 22 19 3 20 1 18 5 3 19 24 26
4 26 24 23 1 16 17 3 13 28 14 19 28 19 9 16 16 22 21 3 15 26 3 23 24 11 28 9 25 10 11 16 13 11 5 19 11 23 28 20 25 14 13 17 28 22 29 21 3 20 17 14 7 5 11 2 11 25 5 30 14 30 18 10 4 4 30 15 27 6
25 28 24 23 20 8 27 5 28 18 28 14 1 5 22 7 9 20 19 29 1 21 25 15 1 6 3 24 18 9 1 28 12 6 17 15 1 19 4 18 22 1 23 8 1 5 9 26 17 30 7 20 23 26 21 14 20 19 9 14 28 17 15 23 17 1 19 24 12 25
1 5 14 1 6 19 14 14 20 16 30 0 5 23 14 8 10 16 19 19 16 11 11 16 15 15 9 23 11 27 7 10 20 6 11 24 18 13 28 3 27 10 2 5 17 11 6 1 20 18 11 19 13 16 17 25 15 14 14 9 0 22 28 21 16 26 25 16 14 25
25 26 15 6 14 21 2 0 8 13 25 8 16 17 1 4 1 0 10 10 14 20 20 16 13 3 3 30 0 15 17 26 24 27 10 9 21 7 24 2 28 15 27 27 24 18 12 9 0 16 14 16 22 18 4 27 18 24 26 1 6 2 17 20 3 15 19 3 8 12
12 23 3 10 13 29 12 9 7 3 7 14 27 11 7 0 5 8 15 25 10 16 4 26 9 25 5 18 9 9 14 30 6 14 18 14 18 25 4 1 27 9 28 27 26 18 2 14 15 14 28 19 22 6 10 19 19 0 8 17 14 8 12 17 23 28 6 22 12 19
26 11 19 19 1 20 4 8 3 27 24 2 23 11 10 8 17 1 18 26 30 4 22 5 5 16 16 5 4 17 26 4 18 21 20 30 4 22 30 15 2 13 7 2 6 29 9 13 6 15 30 16 29 26 3 4 26 0 12 10 24 18 5 16 20 19 29 3 17 22
23 21 24 16 19 5 17 24 9 8 19 21 17 25 15 18 20 5 3 18 11 25 26 30 4 2 12 30 26 14 26 19 10 27 0 2 5 18 22 20 18 3 30 21 7 30 30 21 26 10 20 15 28 4 6 2 9 24 22 5 29 8 27 19 23 30 5 9 14 28
12 23 11 14 1 2 1 11 26 27 20 12 12 20 4 10 26 17 30 6 13 18 12 20 12 12 30 19 24 30 25 11 24 12 18 23 27 23 29 28 14 28 7 14 13 18 17 18 26 18 22 17 2 30 4 14 3 27 17 29 21 23 21 4 11 15 3 9 28 1
29 16 19 7 12 8 11 0 30 5 3 6 30 9 16 18 2 13 20 12 30 13 30 16 19 0 16 23 21 26 25 19 29 27 0 22 14 1 18 29 10 7 7 2 9 14 16 8 12 28 15 11 14 20 0 9 14 16 20 25 25 17 3 11 22 12 20 1 21 0
9 3 9 2 6 19 12 30 22 16 12 9 10 4 18 10 20 10 10 26 7 15 10 18 18 12 28 4 25 0 29 24 15 1 27 23 28 19 14 21 5 23 19 26 20 17 3 30 14 20 8 23 4 7 29 26 5 23 14 6 10 13 18 17 15 3 16 0 11 25
10 1 8 1 2 12 5 1 20 13 21 19 1 30 20 7 6 30 29 5 21 22 12 26 23 28 15 11 17 6 22 14 13 2 1 3 8 6 5 24 9 1 12 22 26 13 3 23 10 20 21 20 5 29 19 15 11 20 8 29 24 27 23 22 21 5 21 0 18 29
10 5 22 25 5 3 9 20 26 26 10 11 8 27 25 23 10 20 12 23 20 3 4 9 8 12 16 27 3 25 5 29 23 28 9 3 0 16 6 5 10 24 14 24 9 26 5 9 29 5 15 27 0 6 6 6 13 24 26 12 27 12 15 7 18 28 19 13 21 25
4 7 4 22 14 14 20 2 29 14 24 26 22 18 30 11 4 0 28 21 28 5 16 21 9 27 27 30 18 12 4 30 10 20 14 14 21 0 14 18 29 17 18 22 6 2 20 5 7 16 12 4 19 19 2 14 12 22 17 27 10 15 6 4 19 22 24 26 26 4
21 1 16 28 16 23 7 4 28 8 4 30 17 16 21 19 26 7 12 22 8 10 11 23 26 29 26 30 22 13 2 18 20 10 24 18 26 24 14 8 4 21 8 30 15 24 0 6 16 15 29 23 11 21 10 24 29 19 1 6 13 28 17 10 26 8 2 29 29 10
0 5 1 23 3 0 3 13 22 0 28 13 6 23 1 1 10 0 1 17 30 6 17 8 2 25 29 1 13 23 9 15 12 28 1 29 1 13 12 9 16 1 13 8 4 13 18 20 8 3 18 10 18 25 24 2 13 29 10 8 28 27 20 24 3 8 7 4 17 9
