71 71
1 18 20 19 28 8 30 10 11 25 8 5 4 23 21 2 22 19 23 12 19 8 8 10 17 9 25 30 17 3 4 18 26 13 8 21 28 9 26 1 23 28 10 8 26 4 5 4 10 5 4 21 21 27 21 0 7 23 5 12 18 10 1 7 12 24 4 2 11 21 26
11 18 14 30 24 21 30 9 28 4 5 22 10 9 17 13 14 23 16 9 16 21 9 4 1 4 5 4 11 6 18 30 17 12 22 14 21 23 26 4 22 13 1 20 10 29 30 21 4 27 12 18 5 22 9 22 16 27 23 23 15 0 22 14 25 16 7 4 28 4 27
8 29 30 22 26 0 21 25 17 6 10 14 25 16 23 16 26 17 24 29 14 20 18 0 0 26 10 2 11 12 17 4 13 27 30 5 0 29 19 13 10 20 9 14 3 9 2 12 6 16 11 11 14 3 22 0 27 21 19 2 14 11 27 4 4 19 4 10 16 7 10
28 16 23 9 14 22 7 20 29 14 7 20 28 11 20 21 21 6 10 29 7 29 28 14 6 5 8 17 27 8 15 3 15 23 8 10 8 19 22 9 2 14 16 25 25 6 26 18 23 21 15 16 0 7 8 6 11 9 16 24 15 7 29 0 6 30 25 26 5 4 16
11 25 18 22 14 19 5 8 1 10 3 18 28 19 5 6 0 1 4 8 18 0 18 21 15 20 21 30 21 7 19 24 18 25 14 9 20 14 22 0 22 30 1 24 1 12 0 6 28 17 12 8 25 23 17 8 6 28 0 25 0 7 5 17 6 17 24 3 8 15 19
16 25 24 26 3 3 17 19 0 23 17 7 17 29 3 23 7 20 6 20 28 10 27 12 22 0 16 5 15 5 6 15 17 28 0 1 17 15 8 5 21 9 29 28 22 4 0 8 25 2 27 8 1 30 30 15 27 1 27 7 24 13 16 6 4 6 7 18 18 9 16
12 12 6 4 5 18 8 30 0 4 7 6 6 10 21 22 0 4 20 30 12 15 2 6 26 17 12 30 16 12 6 29 7 12 20 13 14 9 25 29 25 24 22 6 20 16 28 10 4 13 21 26 22 28 9 19 4 16 3 30 27 25 19 17 8 5 28 29 26 21 20
9 22 0 22 7 2 22 29 21 29 0 24 12 18 17 14 17 11 15 20 16 20 5 19 24 15 29 17 30 4 11 29 24 11 22 22 14 29 18 25 21 20 24 27 19 11 10 2 4 19 2 1 18 27 11 0 17 0 30 1 30 4 14 14 21 6 15 18 21 2 26
9 19 19 6 14 13 30 29 18 22 7 13 21 2 17 29 20 4 26 26 6 16 27 7 27 25 7 3 16 3 28 28 12 17 5 9 9 22 22 8 11 2 29 24 8 3 23 22 4 14 1 20 25 28 0 21 18 20 30 1 8 22 18 25 0 2 7 4 28 19 25
24 22 3 14 11 0 13 7 9 3 22 13 16 22 23 3 25 20 19 14 0 24 24 15 25 13 3 18 12 18 26 28 23 25 14 29 28 27 7 27 29 24 17 22 16 20 30 8 3 12 11 7 20 5 22 3 14 22 19 4 11 19 19 16 25 14 0 4 23 25 17
14 16 23 14 15 25 23 29 5 4 7 10 0 11 17 30 8 9 16 7 25 29 12 0 19 19 7 1 12 22 10 10 14 7 27 13 23 0 17 17 28 27 9 15 25 16 14 26 29 24 20 10 17 18 19 29 26 12 10 24 10 6 4 25 5 4 15 24 9 20 21
19 30 22 16 26 17 8 17 1 7 0 16 13 14 21 15 20 19 2 2 3 17 27 4 20 18 9 16 28 4 22 8 12 29 28 24 1 2 23 21 19 2 6 1 10 19 17 2 9 29 16 15 16 9 13 9 13 2 12 0 22 12 2 22 8 23 11 10 13 28 25
13 20 3 12 17 25 23 2 1 27 22 24 22 23 2 21 18 29 14 7 19 26 6 7 13 16 4 3 20 19 8 27 17 9 15 18 11 12 18 23 19 16 7 29 20 12 15 17 8 24 30 1 9 29 8 14 14 21 24 26 19 22 22 10 22 29 20 18 23 27 5
17 29 4 28 28 9 20 1 17 18 28 24 22 20 14 19 6 28 0 18 27 1 11 30 10 9 8 1 6 28 9 8 22 16 15 5 10 17 8 5 6 24 0 24 15 26 25 22 9 10 27 3 1 12 3 4 30 5 8 10 6 8 22 9 14 4 28 17 10 20 25
3 25 15 12 2 8 12 10 25 17 12 15 15 21 12 9 4 19 4 7 21 17 2 1 1 17 0 20 13 21 21 15 3 30 20 26 12 26 26 30 13 14 23 4 20 18 7 4 10 17 13 5 11 13 14 16 20 13 15 21 20 14 2 11 5 24 11 9 29 17 15
4 22 20 20 2 4 14 20 1 0 10 3 5 1 5 26 16 3 15 29 2 26 7 3 17 30 0 29 28 25 30 24 24 0 9 5 13 30 4 15 24 4 22 2 30 7 28 28 15 11 29 14 15 19 3 27 23 25 26 2 5 23 3 20 25 22 25 12 1 30 22
10 9 3 4 7 11 23 4 6 9 3 13 5 24 9 26 17 27 25 23 5 30 6 1 12 22 28 28 25 1 12 9 3 2 19 23 16 24 8 3 19 11 17 16 7 3 6 9 2 13 0 7 27 23 11 18 16 6 27 5 10 0 5 14 23 20 22 10 2 1 8
13 27 10 14 10 28 23 3 12 20 16 2 22 14 3 27 22 22 25 6 25 29 26 22 12 24 19 14 21 1 27 7 11 15 22 20 28 14 1 12 28 20 11 11 3 7 3 12 11 1 6 24 5 9 17 3 29 21 28 15 6 9 5 3 2 10 30 5 19 26 18
17 15 7 11 14 25 2 21 13 5 10 16 11 6 4 14 18 10 1 1 28 9 12 17 6 15 13 17 8 4 18 16 10 25 26 4 23 26 11 4 29 20 16 14 2 29 1 6 11 27 26 23 23 9 7 26 25 22 7 15 26 29 11 1 17 5 15 8 4 8 19
19 23 21 1 17 24 12 9 19 4 5 18 16 17 22 25 24 27 17 8 30 13 9 23 11 23 25 12 2 0 8 4 13 16 7 26 5 4 17 3 1 14 9 17 6 9 7 20 5 28 1 27 22 29 1 3 20 11 20 29 18 26 11 21 25 10 20 7 27 16 21
8 14 9 18 28 15 6 16 18 1 30 2 23 17 28 29 5 11 28 9 8 30 24 0 9 21 6 25 9 6 12 16 28 16 30 22 22 23 6 21 0 8 29 0 6 13 2 3 23 28 28 15 21 18 19 11 30 19 6 25 18 27 17 26 24 24 25 3 15 15 8
22 20 18 1 12 13 26 17 0 28 24 6 12 24 28 19 1 30 26 11 17 4 18 16 16 15 15 11 23 28 18 3 6 8 12 27 22 15 20 0 6 8 19 29 11 7 12 8 29 7 24 29 25 0 17 13 26 9 24 24 30 7 15 2 11 18 16 24 15 7 22
29 15 2 24 30 9 24 1 1 0 1 6 25 4 5 26 10 29 29 21 14 30 20 6 3 10 30 27 27 13 14 13 0 9 22 22 22 10 12 29 7 15 0 22 30 21 15 0 5 6 24 17 1 0 29 0 25 10 21 13 27 2 8 5 8 23 30 3 15 7 22
19 3 8 8 27 13 7 21 11 11 10 6 7 19 5 16 28 11 26 16 16 1 28 1 0 10 13 26 29 11 30 18 22 26 15 30 10 9 11 8 27 24 16 4 10 6 24 4 6 29 8 30 12 12 4 8 19 7 14 8 11 19 11 2 17 20 5 12 29 8 3
4 21 25 0 1 17 17 0 8 19 7 27 3 22 30 9 6 3 5 30 21 1 22 28 10 30 2 17 13 0 23 9 2 3 2 22 0 26 15 30 29 13 25 25 9 20 3 23 12 5 28 29 14 14 22 24 14 12 28 23 8 21 17 21 12 25 17 6 9 27 10
17 22 8 2 8 25 16 15 20 17 7 14 13 6 0 16 10 10 17 24 5 25 12 9 10 4 14 23 22 16 14 30 25 16 26 7 28 13 11 22 10 18 10 29 4 29 2 30 0 15 28 7 23 18 6 29 16 6 11 18 11 26 2 4 21 1 20 22 14 1 26
22 12 1 20 22 5 25 2 27 22 16 4 5 24 29 10 17 10 23 26 1 8 0 24 7 7 13 21 24 24 20 2 25 11 12 13 26 1 21 12 25 11 0 25 13 9 14 27 1 13 12 24 26 21 3 11 28 20 11 17 18 22 16 30 12 27 21 8 29 11 21
13 5 29 6 10 18 10 28 18 21 16 7 28 25 0 29 11 6 30 9 4 18 5 20 18 26 14 29 21 15 7 12 25 27 19 11 28 6 11 4 7 16 25 27 6 9 7 2 18 6 17 28 2 0 12 5 15 27 24 5 23 23 25 13 29 18 11 7 19 10 19
5 0 10 20 20 14 19 8 14 16 16 7 12 17 26 5 8 4 21 13 9 25 15 2 20 21 12 27 0 13 7 3 16 13 1 3 9 7 6 18 0 18 26 16 15 23 22 7 11 19 0 3 15 25 5 11 28 13 2 18 30 9 13 26 23 19 17 25 29 10 25
10 20 1 13 23 14 23 22 21 11 14 3 22 15 9 28 3 4 12 13 19 20 26 14 20 26 29 10 1 21 21 18 9 4 28 4 25 4 11 14 12 21 0 23 28 3 25 30 15 14 13 9 30 6 24 20 22 15 1 16 30 16 17 23 4 16 2 1 15 5 29
26 3 11 27 15 5 0 18 20 18 14 25 26 1 22 14 22 11 28 9 21 11 24 23 23 28 19 1 21 2 21 5 28 21 28 4 26 5 30 18 22 9 21 7 4 13 0 28 2 15 27 24 1 9 11 13 15 1 22 23 3 16 27 26 22 27 3 0 15 8 30
16 23 3 2 30 10 29 23 29 8 18 12 7 28 26 11 28 21 4 8 25 10 8 25 0 14 18 19 28 10 25 13 4 2 19 8 23 9 19 26 7 16 24 13 24 29 6 28 12 30 18 14 10 24 15 11 26 3 25 4 27 19 9 17 21 10 8 20 24 20 25
13 22 13 2 4 30 13 16 24 29 29 6 3 1 25 13 17 8 20 28 1 6 10 16 14 28 13 27 23 0 6 16 8 19 30 9 0 2 19 18 22 11 6 25 27 19 10 29 27 12 25 21 30 5 0 26 13 3 21 16 16 12 12 11 10 0 0 2 2 9 10
14 13 8 1 11 26 24 1 18 3 1 27 27 30 24 29 0 7 11 27 24 30 20 6 27 14 14 11 20 24 15 23 27 5 28 1 22 25 2 17 27 2 17 3 26 22 30 17 11 2 2 25 7 13 22 16 14 5 12 18 28 19 18 4 23 16 25 29 18 20 14
25 12 4 3 7 26 8 20 25 17 16 11 0 29 30 20 1 3 5 19 13 5 12 2 22 30 14 13 18 5 7 0 26 19 24 4 13 22 27 17 10 19 6 3 7 7 26 4 12 15 27 11 19 27 9 15 16 13 26 0 15 6 25 7 4 23 18 14 22 1 30
16 3 11 4 29 8 16 30 7 19 6 10 18 4 18 24 30 10 5 24 14 15 29 21 3 27 25 6 11 14 28 24 28 1 26 1 3 4 7 21 13 4 28 23 23 15 12 26 10 7 6 24 17 3 25 14 2 27 29 1 9 14 12 29 30 27 21 20 3 8 21
1 19 7 15 18 3 5 18 26 9 10 5 24 5 17 24 12 24 6 23 2 30 16 9 2 9 1 27 24 1 14 23 25 6 17 21 20 30 8 19 15 22 3 12 21 11 15 8 20 23 11 26 29 22 30 25 23 30 24 25 1 29 25 4 5 13 11 18 15 3 30
17 8 29 6 19 11 30 18 9 22 29 16 0 24 15 21 2 0 4 25 2 25 8 13 30 6 29 6 20 24 1 27 1 14 15 3 21 9 3 17 9 14 0 9 8 14 2 3 27 9 10 17 29 26 15 19 16 3 12 24 27 12 3 4 13 10 16 27 29 1 29
25 12 10 10 29 0 6 20 19 22 8 8 1 7 14 16 24 0 4 20 6 14 7 20 0 1 12 28 25 2 20 2 15 4 18 23 29 15 10 24 25 30 22 5 7 28 12 17 29 25 11 5 5 6 14 13 30 1 25 1 16 15 1 2 21 25 2 3 9 15 13
22 27 7 17 13 12 22 4 25 26 20 13 2 10 27 23 0 16 4 9 17 13 7 23 9 16 22 27 3 14 15 29 6 27 28 15 24 3 22 0 22 28 5 19 22 10 20 29 1 18 4 14 9 22 25 17 15 7 25 0 22 24 6 28 30 27 2 27 11 26 24
6 24 3 5 23 3 10 9 8 21 10 0 7 26 9 20 15 25 10 12 0 27 7 19 14 16 2 30 18 25 0 22 21 16 28 25 17 21 16 2 21 20 26 26 8 17 29 2 10 15 15 6 23 0 11 24 28 8 1 27 6 25 20 0 18 24 2 16 30 0 9
16 9 19 25 0 24 0 6 15 26 22 7 6 0 20 8 6 21 7 12 13 24 24 18 1 0 10 15 11 1 17 15 6 7 13 8 2 20 30 23 19 16 26 2 23 27 18 28 10 29 8 20 18 10 28 2 12 16 13 18 8 19 11 12 21 1 24 8 0 3 28
3 25 5 3 13 30 21 26 14 15 3 14 19 28 29 1 1 13 2 14 19 29 4 26 16 21 30 18 27 15 28 18 25 24 11 4 2 22 7 7 3 24 7 9 13 27 20 9 10 10 23 20 21 29 28 18 12 21 3 16 7 29 16 8 26 16 14 3 10 10 4
24 30 11 2 19 25 16 19 27 15 0 1 21 23 15 22 28 26 20 15 20 20 25 5 1 8 21 23 24 10 29 1 30 6 27 23 19 28 18 12 19 2 8 5 4 24 27 17 20 10 7 14 20 18 0 5 15 22 11 6 7 27 11 11 4 29 25 2 13 5 30
7 17 24 11 26 3 17 7 29 10 3 6 26 24 23 26 4 9 4 26 21 1 18 17 14 29 17 24 0 4 6 25 8 1 24 18 7 25 27 25 19 0 8 28 28 7 27 8 1 30 17 11 26 23 8 6 15 13 29 22 20 17 29 9 22 19 10 27 24 20 26
4 12 20 3 17 24 17 1 19 7 24 18 10 13 28 14 13 25 10 29 26 15 26 29 11 6 1 30 21 11 28 12 12 10 10 5 20 12 11 18 10 4 4 11 19 11 6 21 14 13 11 29 12 7 12 3 13 6 16 0 13 17 2 6 24 10 30 6 0 23 8
26 17 24 17 22 22 7 12 19 17 28 7 1 19 21 27 15 7 11 21 29 25 9 6 11 21 3 26 17 30 3 27 21 3 27 20 15 6 15 9 10 8 26 8 2 29 20 27 24 28 21 24 16 2 19 6 25 17 11 14 8 17 30 24 9 0 14 22 22 7 22
24 3 24 27 12 10 6 8 20 5 5 17 16 12 10 26 4 21 3 23 23 28 20 12 29 4 26 17 22 12 30 11 16 29 15 5 7 21 11 2 2 30 5 5 8 8 17 11 2 29 2 13 2 4 11 17 15 18 12 11 19 3 8 16 17 8 3 3 2 2 21
5 15 0 22 25 24 15 1 5 15 16 1 12 27 27 15 12 14 10 16 28 22 15 26 6 23 4 16 7 0 23 16 22 10 22 17 9 14 2 8 13 2 10 21 14 8 16 6 8 1 19 17 11 17 8 4 23 1 11 30 1 10 26 30 14 11 24 8 16 1 24
22 24 18 19 1 21 22 17 30 10 24 28 25 21 28 22 13 5 25 28 2 15 23 12 8 6 28 27 22 17 2 30 17 24 7 24 27 28 28 6 9 9 10 16 14 29 12 5 5 22 26 0 26 6 27 1 27 16 26 11 2 5 23 3 2 17 14 25 4 10 12
21 15 3 27 17 20 9 10 24 21 22 3 21 22 26 12 20 8 9 10 28 3 30 2 4 30 7 1 6 26 26 8 23 12 0 21 9 28 8 27 29 18 18 26 16 7 20 0 9 15 6 6 6 23 15 5 14 26 8 6 14 13 11 20 5 24 7 19 7 16 27
27 16 14 20 13 27 29 19 9 8 9 2 5 19 13 7 2 19 17 18 4 12 20 2 5 29 29 30 2 29 11 7 30 30 17 15 13 12 11 2 10 15 22 30 30 8 11 21 13 22 20 1 15 22 9 19 23 13 13 30 4 24 28 30 13 11 15 5 1 24 15
14 16 15 17 20 16 9 23 0 5 5 5 23 28 25 20 10 18 7 5 3 16 24 9 15 5 30 8 17 11 28 30 20 3 2 30 28 4 25 28 27 12 17 22 5 6 30 8 2 29 26 7 3 7 6 1 19 25 0 15 21 15 15 25 5 7 16 0 15 20 21
10 12 2 23 14 17 18 28 5 5 28 11 25 2 12 20 5 7 13 25 8 8 29 14 3 15 0 20 24 12 1 26 18 20 16 19 14 22 8 27 15 9 4 2 11 4 2 20 13 28 25 9 7 16 24 25 3 23 15 10 4 28 28 13 14 3 5 22 25 6 16
9 0 30 15 30 28 9 9 13 26 17 25 20 26 28 13 12 0 12 9 17 24 1 16 25 13 29 2 22 8 8 11 22 19 9 7 0 10 18 13 25 12 14 28 28 26 27 12 4 15 10 10 17 23 21 4 22 10 27 6 15 21 19 24 15 19 28 11 17 0 16
24 15 19 30 7 6 30 0 4 10 22 3 16 17 29 17 22 3 1 9 12 9 30 16 0 11 11 22 21 11 11 24 30 4 14 19 17 30 12 10 6 1 19 11 5 20 28 1 20 11 16 11 12 12 23 29 12 25 20 25 27 24 12 3 2 6 1 10 11 21 18
24 16 9 16 8 24 1 24 21 5 27 18 19 1 12 6 7 20 27 24 30 17 21 5 24 22 0 2 25 1 3 26 18 28 3 19 30 3 20 26 23 14 18 14 5 28 24 29 21 20 0 1 8 1 23 4 29 7 20 6 22 0 13 15 17 2 17 19 4 25 26
24 30 26 8 16 26 0 4 27 29 22 2 15 4 5 23 12 11 20 19 9 21 24 14 21 3 21 19 11 9 26 14 19 17 6 29 5 1 10 14 19 17 8 19 13 21 24 8 22 9 7 9 2 17 0 22 19 20 15 22 28 1 6 18 6 16 23 6 26 2 18
11 17 8 28 21 8 18 16 1 9 16 21 6 18 14 22 0 20 5 7 12 21 2 27 12 10 20 8 30 0 0 5 3 27 12 8 30 12 27 14 9 9 25 9 6 10 3 4 30 22 2 18 8 24 20 24 20 1 11 9 25 18 1 2 27 6 2 21 4 16 30
26 27 1 20 0 29 13 13 21 24 7 11 28 27 29 0 11 4 17 30 13 2 20 21 23 8 28 24 2 14 18 9 2 2 28 29 23 12 21 19 9 19 19 22 23 25 11 5 28 5 20 29 16 22 7 13 26 20 15 19 23 23 27 22 3 16 20 28 13 8 3
24 23 14 17 0 16 27 0 27 2 22 13 6 19 30 14 5 7 4 10 28 19 30 22 18 26 9 14 16 4 13 21 28 4 19 9 12 20 16 6 26 22 2 4 24 12 28 4 9 17 16 21 23 1 23 21 20 5 16 20 23 1 10 27 29 13 30 28 6 4 10
29 28 28 4 14 21 28 8 20 9 1 17 14 5 16 6 11 24 18 28 3 0 24 19 9 6 19 23 9 12 13 19 18 7 8 22 2 6 21 17 23 27 29 7 11 25 26 10 1 23 22 0 18 27 10 13 19 29 5 9 22 5 2 15 17 19 4 12 14 27 10
13 12 25 4 19 11 8 15 12 14 29 9 3 14 23 0 8 5 1 17 9 6 15 16 10 6 4 9 10 18 8 20 1 2 26 3 23 29 6 10 8 1 24 21 21 24 12 10 30 6 26 13 19 4 12 24 26 14 26 9 7 27 13 21 11 18 24 22 21 9 23
3 27 14 8 18 10 25 13 0 16 0 12 15 4 25 22 5 16 25 16 13 10 16 29 26 26 19 18 12 23 11 11 7 21 13 3 25 18 9 7 4 1 8 24 6 12 4 17 13 14 21 19 12 19 5 14 14 9 2 1 18 15 1 13 15 23 8 15 13 5 2
0 13 18 6 29 28 0 17 8 20 11 26 2 8 12 29 11 22 7 29 11 25 26 12 11 26 13 6 24 19 29 10 25 1 24 17 30 28 5 7 3 16 8 11 19 0 21 5 24 10 27 1 12 4 12 22 23 30 27 8 7 12 24 24 20 28 28 11 21 19 19
26 12 28 6 19 4 28 4 27 10 30 6 9 15 21 18 3 12 23 16 30 29 14 16 19 20 29 7 15 21 13 19 16 26 9 4 25 0 23 16 23 10 13 10 2 18 20 30 13 5 9 14 27 5 11 14 24 5 27 23 0 8 8 18 2 28 13 19 13 16 17
7 0 20 29 5 0 9 15 3 26 7 19 13 10 30 26 15 19 7 0 17 9 5 5 26 16 14 23 28 12 13 4 9 30 19 28 2 28 19 17 8 11 7 18 6 18 13 8 3 29 17 27 30 12 23 27 10 22 0 17 11 30 12 6 23 6 22 19 5 14 11
15 21 19 1 2 10 12 6 26 7 9 12 4 1 30 8 22 15 9 26 1 2 24 13 5 22 16 23 9 16 12 10 22 1 13 25 22 3 18 26 8 10 30 27 16 3 5 5 30 7 15 13 1 13 23 1 11 29 11 25 4 24 29 15 26 7 7 15 30 26 22
23 7 18 30 18 13 13 14 14 14 21 25 26 28 8 15 16 9 12 3 12 28 18 2 13 24 14 10 15 4 7 15 26 3 9 13 17 4 14 19 15 14 2 3 27 17 3 8 5 11 6 18 2 16 23 23 10 22 24 10 12 24 12 0 19 24 30 20 22 25 22
22 0 1 13 22 2 29 21 27 2 21 13 0 5 10 21 23 13 8 24 19 6 8 6 6 7 20 13 19 26 21 26 16 25 26 30 0 17 26 14 19 18 15 17 14 12 2 10 30 24 8 22 2 21 27 7 14 11 8 25 20 2 3 2 29 9 15 25 17 14 19
27 25 16 10 25 23 5 16 9 21 21 10 17 12 0 3 6 28 7 2 24 6 22 25 18 4 0 14 17 11 4 26 28 9 30 26 28 15 3 30 4 15 30 9 4 26 26 29 11 16 12 16 23 2 11 6 14 11 15 17 24 11 22 29 22 15 24 7 7 28 3
