77 77
4 10 2 11 28 11 13 14 9 27 4 20 4 16 13 30 25 14 22 20 12 2 21 4 1 19 20 23 2 25 20 7 25 21 18 1 4 4 21 23 8 15 19 29 1 1 24 16 26 13 3 17 25 20 28 24 6 26 7 15 10 28 12 7 1 14 1 21 29 4 17 24 11 17 19 22 10
29 13 27 3 21 10 29 13 14 29 13 2 4 28 24 25 27 14 29 18 24 20 25 23 9 5 6 21 16 0 27 4 1 2 7 3 10 1 15 17 18 9 22 20 24 12 28 28 29 4 19 10 19 4 27 13 30 30 10 10 14 13 27 29 7 13 19 15 2 1 20 15 22 6 22 10 12
9 21 12 11 26 4 17 2 16 3 10 12 6 18 24 18 16 25 7 3 7 24 30 23 0 0 17 2 21 9 28 30 6 19 1 21 20 11 0 22 25 27 14 0 29 14 28 3 15 20 25 25 3 25 0 26 20 13 16 8 6 29 11 6 29 28 23 25 26 22 16 3 7 4 0 4 5
9 7 13 28 3 3 2 16 3 17 22 29 11 17 15 16 9 19 2 4 11 21 6 21 23 2 15 15 27 4 13 28 12 18 12 16 8 1 18 18 24 21 25 15 6 22 23 2 20 23 11 22 24 30 29 29 28 14 10 11 18 0 22 4 1 3 17 8 13 0 8 0 26 26 9 29 6
20 15 26 15 27 25 4 4 27 25 4 21 28 2 25 23 18 5 14 1 4 22 27 29 19 10 15 8 4 30 28 23 29 28 23 22 13 22 11 3 21 12 17 27 3 2 1 6 10 21 6 4 21 12 19 27 15 18 19 6 21 13 3 28 1 17 7 3 20 7 17 7 18 12 18 22 2
20 16 25 8 28 19 27 8 10 7 7 21 24 0 13 12 16 11 24 15 3 24 6 3 18 19 24 19 30 24 15 12 20 7 22 7 19 6 2 28 27 8 4 3 14 25 17 9 18 26 16 7 20 10 21 30 5 2 0 5 10 18 21 21 17 25 27 11 29 22 30 6 4 26 16 0 29
11 13 15 13 25 0 17 11 14 16 28 15 1 22 1 4 29 4 18 2 26 5 7 16 14 19 25 10 14 4 0 24 18 22 8 30 22 7 11 8 15 18 10 25 15 10 22 10 2 30 21 1 16 8 23 22 26 9 15 7 17 24 10 25 12 18 4 17 1 26 3 0 4 22 6 30 6
7 15 7 26 3 29 1 9 23 13 5 15 9 27 4 18 22 24 15 10 18 18 15 28 20 22 4 0 2 21 30 11 28 12 29 11 2 29 22 13 24 2 18 11 9 12 15 13 20 26 26 13 21 18 23 10 12 27 7 24 25 9 12 5 30 13 9 19 11 12 15 9 3 25 8 19 23
27 16 7 7 10 24 22 2 12 16 5 28 17 27 11 16 22 6 4 0 24 7 24 23 6 27 22 4 20 19 25 7 16 25 19 21 14 16 19 1 7 17 16 24 17 9 3 10 22 11 15 21 6 6 27 12 24 12 19 13 15 8 28 14 19 15 5 19 10 0 18 2 12 27 10 9 17
18 3 2 17 5 12 21 23 13 2 2 21 17 12 14 13 25 6 26 20 12 12 15 23 24 0 19 30 18 12 24 20 16 12 11 10 21 0 4 27 9 14 13 7 8 23 14 19 16 3 0 2 2 29 30 23 26 27 18 27 3 0 16 9 3 9 25 22 6 27 3 30 19 3 6 9 0
8 25 30 20 26 1 9 21 19 21 6 9 8 23 28 15 22 15 24 23 22 29 18 16 2 11 6 1 22 1 22 5 3 5 4 3 16 27 24 28 5 17 9 20 1 16 13 19 30 7 30 1 0 29 28 21 13 20 18 1 4 14 30 22 11 7 5 5 8 15 26 25 25 30 24 23 4
16 14 25 11 5 17 2 29 30 29 14 15 23 14 3 9 27 25 22 18 29 11 6 15 13 15 26 22 10 1 5 15 5 8 7 19 19 21 19 10 13 11 11 7 26 22 8 7 2 8 27 5 4 28 27 12 23 26 25 14 5 29 4 28 29 3 28 20 30 6 2 29 16 29 13 29 30
16 9 9 18 11 1 14 29 7 20 20 8 3 4 0 24 24 12 5 9 13 20 19 12 18 27 8 2 29 25 1 22 7 1 13 8 13 22 29 14 15 17 29 18 14 16 13 16 15 11 21 5 2 26 11 28 1 22 9 15 0 8 10 24 29 1 12 11 22 21 30 28 19 20 17 21 14
6 26 3 21 11 19 13 24 11 28 17 26 29 27 23 7 24 9 10 18 26 15 6 29 15 16 21 10 5 9 18 23 25 12 25 16 17 4 7 25 22 29 30 0 11 20 11 23 17 15 12 5 4 27 12 2 7 10 25 14 26 24 13 2 18 1 26 7 17 6 21 6 14 1 11 8 5
21 8 30 2 15 8 7 18 26 20 2 30 19 16 8 6 13 7 3 10 24 24 9 25 25 20 5 4 7 3 17 10 26 3 20 6 0 27 1 18 14 12 2 21 7 30 25 28 5 19 9 14 3 8 22 7 11 3 7 30 30 6 23 19 21 16 20 10 1 7 17 1 30 13 5 11 23
12 19 25 7 23 4 9 26 26 30 25 24 28 18 22 6 26 24 15 10 23 21 15 23 2 15 6 25 9 15 27 2 11 25 16 4 26 26 3 6 26 4 28 13 29 4 23 15 2 10 7 14 6 29 15 19 7 9 2 29 30 2 15 2 21 1 3 14 19 10 11 4 4 4 6 8 9
13 25 27 5 6 20 16 22 21 0 4 4 19 10 29 27 13 17 21 10 10 9 8 15 26 11 14 30 26 3 14 9 4 18 23 22 0 30 18 4 22 26 6 14 28 16 16 2 17 10 8 4 27 29 20 29 27 24 16 15 9 7 13 9 5 11 5 29 25 24 19 15 1 19 23 21 21
26 20 10 6 6 6 20 2 11 17 22 7 3 30 13 13 28 25 30 30 7 13 10 29 19 28 26 7 10 17 23 1 6 14 7 14 4 21 5 16 20 3 23 21 20 21 3 29 11 12 18 28 16 22 11 24 25 15 7 20 15 5 28 2 23 6 22 5 15 5 28 16 17 19 23 14 18
3 28 18 11 16 17 22 10 14 10 6 22 1 23 23 7 19 25 10 30 24 0 13 1 22 5 14 19 19 29 10 26 28 2 8 0 16 1 22 10 3 28 14 26 19 10 27 4 3 5 10 13 9 27 30 3 30 2 13 24 27 28 12 14 7 22 13 12 23 0 3 1 25 21 24 17 19
27 12 10 19 23 2 5 27 20 17 29 7 11 23 18 0 5 1 12 10 11 19 24 11 9 13 9 22 27 12 24 27 10 6 18 4 25 4 23 7 14 20 11 29 13 12 26 5 1 2 7 24 16 15 26 7 29 25 9 23 29 0 12 18 0 11 6 30 11 16 16 26 23 23 8 11 26
8 26 15 3 21 29 24 12 17 18 12 15 30 27 30 21 7 13 8 6 15 24 4 23 4 16 16 5 21 7 24 8 26 7 22 8 24 30 29 18 4 23 0 2 16 25 12 12 25 19 5 7 29 9 21 24 20 28 17 15 21 10 15 16 6 4 21 22 26 13 23 22 23 16 26 11 26
7 12 15 28 22 4 17 1 21 8 4 27 6 28 8 18 22 19 14 8 4 17 12 0 4 7 24 2 13 4 3 21 0 4 1 27 30 20 29 22 17 12 24 15 1 19 3 13 19 9 19 25 20 26 24 10 2 16 18 19 18 10 5 12 22 26 20 22 8 11 2 5 18 21 22 25 19
30 24 8 15 26 0 27 0 5 22 21 12 24 28 2 21 24 29 13 27 30 9 12 17 19 14 4 1 11 3 30 24 30 7 28 21 21 5 9 12 10 12 27 14 27 7 9 13 23 10 22 26 2 26 7 8 28 21 5 29 30 4 18 24 15 1 13 16 14 12 1 4 29 0 15 27 25
26 10 9 9 14 30 6 8 30 30 30 11 22 19 13 20 24 23 14 23 16 20 10 7 26 1 9 6 18 1 4 3 6 30 22 12 30 3 18 27 11 27 27 13 1 15 16 29 28 26 18 20 7 7 23 30 26 6 1 14 24 11 19 17 13 6 7 16 3 9 30 19 7 7 3 18 23
13 22 29 29 27 22 8 3 13 23 3 16 12 22 11 24 7 19 30 28 8 5 6 17 13 22 23 30 27 30 30 30 8 5 14 0 20 7 17 10 29 29 14 29 26 12 21 3 3 13 25 5 29 21 25 3 16 7 21 23 10 20 16 20 10 8 27 12 13 13 9 29 26 11 22 23 9
0 29 1 1 12 12 22 29 28 12 21 21 1 18 10 6 1 30 16 8 23 6 22 24 22 16 15 7 27 10 0 11 2 19 28 13 4 17 8 11 0 14 0 27 4 13 3 22 15 23 5 16 24 23 20 16 14 21 30 2 11 1 26 28 27 13 21 22 11 27 20 29 16 1 9 24 14
21 8 17 10 28 5 17 24 20 16 13 21 17 22 15 28 23 15 9 3 4 15 27 11 14 2 29 10 1 10 5 7 30 21 20 10 21 21 22 20 14 5 19 12 14 26 8 20 7 1 7 15 10 23 26 22 16 20 24 2 2 22 18 25 12 25 8 25 11 29 26 15 1 0 11 10 16
9 21 1 3 27 5 7 22 27 11 6 8 18 16 17 21 13 1 14 1 3 17 9 23 23 23 25 23 23 2 17 8 26 24 11 1 7 19 15 7 7 23 12 22 30 0 14 16 13 3 9 21 17 25 11 13 14 30 17 27 20 27 27 25 5 25 1 30 3 18 3 2 4 22 11 9 9
7 9 24 30 28 15 23 0 26 0 8 30 9 28 18 22 11 17 24 4 18 3 25 3 6 25 23 22 19 11 18 12 5 2 16 23 7 22 15 26 17 27 15 30 24 20 24 27 3 1 6 22 11 8 7 25 29 15 5 8 26 7 25 10 24 22 11 4 9 22 12 30 14 0 13 16 9
0 7 7 4 1 2 23 18 6 23 29 20 27 18 19 10 11 6 29 13 7 26 11 4 7 15 18 21 5 19 21 11 17 27 17 23 13 20 27 6 28 9 23 27 9 8 23 24 24 15 27 11 7 7 27 6 19 1 19 25 2 19 9 12 11 15 3 24 11 0 13 28 1 29 24 26 26
16 9 11 28 17 10 13 25 16 12 22 11 3 25 10 20 27 20 16 5 16 14 19 18 7 19 13 3 21 6 0 12 13 28 23 4 27 25 24 4 6 23 24 14 19 7 1 15 2 23 23 18 2 17 8 22 19 2 15 28 28 22 2 20 15 27 22 3 27 22 5 25 12 9 21 14 29
1 14 11 28 2 2 2 11 9 14 2 6 27 10 2 8 6 5 14 30 7 21 24 20 6 15 18 18 6 22 20 22 11 23 2 29 28 1 11 26 22 9 5 20 18 1 1 4 1 20 6 30 8 9 18 16 20 25 9 29 13 13 12 23 19 15 18 30 7 26 24 23 21 15 15 20 20
27 3 13 20 4 11 15 21 14 28 16 24 15 20 21 17 9 18 20 20 24 29 30 16 21 18 26 13 5 16 18 15 11 12 16 1 14 9 28 14 28 22 27 19 11 3 22 24 27 18 7 27 22 27 18 13 18 22 6 4 7 8 18 25 0 28 28 24 25 10 16 13 16 30 12 16 7
16 4 13 21 6 24 22 19 27 9 4 23 23 13 16 23 23 11 16 16 14 18 23 21 11 23 8 30 16 18 23 30 29 11 21 0 5 30 30 20 12 7 9 24 18 14 0 24 9 1 19 6 6 6 3 26 20 9 26 26 14 21 16 28 29 6 15 26 14 25 3 30 17 5 15 11 24
16 5 11 2 15 2 23 12 13 21 21 3 3 28 25 8 0 2 0 30 22 20 14 7 13 23 29 8 2 24 22 4 21 10 5 0 8 5 7 17 19 28 18 28 27 27 22 2 28 10 6 23 1 5 25 20 30 28 5 22 13 0 7 9 6 30 6 23 27 26 13 8 3 13 29 28 10
14 9 9 12 2 14 30 15 9 12 15 20 14 25 23 13 21 9 16 16 14 15 5 0 14 25 10 3 2 20 29 20 20 21 19 28 21 7 26 6 20 22 6 4 15 14 2 5 9 18 27 5 27 8 5 30 17 18 22 4 0 24 6 13 30 25 19 9 5 0 23 16 7 16 10 21 22
2 9 21 13 14 3 20 8 12 21 7 16 27 30 0 0 12 0 14 11 8 9 21 9 19 23 15 5 23 25 30 26 20 20 5 4 18 14 18 8 23 14 10 21 15 16 10 10 19 11 21 17 9 9 20 23 14 17 13 14 8 9 1 15 14 25 4 24 28 14 7 29 15 19 17 1 7
7 20 18 27 1 15 8 23 14 10 29 14 22 6 30 25 8 16 9 29 22 9 16 18 11 20 1 25 23 10 20 11 7 16 9 29 9 30 23 13 9 5 10 24 11 9 1 0 15 0 11 18 12 21 3 20 8 16 21 18 18 29 19 26 22 0 15 20 25 13 28 15 20 6 20 15 2
10 30 6 0 0 27 0 6 3 16 26 21 6 25 15 0 16 6 3 5 8 2 3 25 11 17 28 15 27 26 29 7 25 19 8 0 0 20 22 10 15 0 9 6 24 16 19 29 5 9 16 9 5 11 11 11 10 22 6 17 22 23 17 27 7 10 11 6 3 5 11 5 15 21 14 30 25
21 6 11 9 3 1 5 21 17 11 11 11 6 15 7 22 24 22 0 18 16 26 28 20 8 17 21 29 13 19 16 27 17 2 24 30 18 14 2 30 21 10 10 3 30 24 0 11 23 25 24 7 30 13 8 9 12 6 20 7 19 22 9 14 5 21 16 11 10 20 29 21 1 19 4 29 2
26 28 14 23 15 1 18 7 4 30 5 18 26 27 12 4 12 30 1 21 10 21 17 5 22 29 27 17 22 5 25 26 29 15 0 27 2 4 15 19 7 6 12 1 17 18 9 18 1 20 28 15 20 28 6 17 8 1 1 2 5 11 21 14 18 4 7 30 30 25 22 23 23 10 20 13 17
2 9 9 11 6 23 11 6 14 27 15 9 9 14 19 11 25 6 8 17 12 2 15 5 1 11 15 15 21 5 18 16 28 22 8 20 22 18 10 22 28 15 14 15 2 1 9 17 16 0 23 9 20 19 20 2 19 19 14 4 27 0 24 20 7 7 0 15 12 2 15 10 11 17 6 19 19
18 29 17 14 26 25 30 10 20 22 5 18 18 26 28 21 21 4 8 15 14 1 6 20 12 23 9 6 25 5 0 1 8 16 30 7 3 25 6 21 6 16 15 7 2 14 8 22 25 27 4 15 18 24 13 6 30 24 16 0 10 20 16 9 7 5 29 22 27 24 29 11 17 10 12 8 30
16 4 2 9 5 11 21 28 11 25 21 2 25 29 13 11 24 29 28 10 22 22 13 23 19 19 21 30 8 21 0 10 23 23 13 0 4 25 11 29 15 1 0 5 15 27 27 5 20 17 3 9 18 6 19 9 29 10 28 14 30 11 17 22 16 5 17 13 7 29 11 28 17 27 16 5 19
27 17 18 4 25 22 10 13 10 17 26 5 18 14 9 15 11 10 15 11 14 6 25 19 6 5 21 22 27 16 4 30 7 0 7 19 13 15 20 3 5 18 16 1 18 17 18 11 23 3 17 14 7 16 27 18 29 5 28 7 29 29 9 3 17 25 11 29 13 14 9 7 3 18 0 22 28
15 24 18 10 7 11 1 10 10 10 6 25 20 2 10 5 19 24 19 5 24 25 29 3 19 21 12 22 22 18 13 19 12 20 20 17 25 0 22 28 21 6 11 24 18 30 30 15 0 26 13 10 23 24 4 3 0 9 3 27 14 0 30 21 6 2 23 21 11 8 28 30 27 8 24 6 5
1 14 28 10 13 7 17 8 24 27 13 16 25 26 0 15 1 8 18 19 1 20 19 17 9 17 2 6 11 27 21 27 2 25 22 2 10 13 7 27 5 30 27 8 10 9 30 29 12 19 27 22 1 16 28 8 26 17 3 28 24 13 28 17 18 27 18 7 28 4 23 13 14 18 9 6 27
5 25 1 9 18 1 26 15 15 1 2 12 18 10 28 17 7 12 18 17 4 23 5 22 16 26 18 29 9 2 3 30 28 26 19 19 27 30 0 20 3 10 2 27 1 23 6 1 18 7 12 25 18 20 1 24 24 15 27 21 22 19 3 17 7 4 19 14 27 3 9 30 10 22 30 2 19
23 16 17 27 2 23 10 14 4 10 14 8 18 10 10 13 11 20 4 25 19 22 19 9 26 17 30 25 11 6 2 30 27 6 11 10 14 19 19 8 13 18 26 3 6 6 16 0 3 10 17 30 0 21 9 18 6 9 19 7 19 4 21 25 16 9 19 10 21 8 26 5 14 13 30 11 26
16 3 20 20 8 16 17 9 16 8 0 5 4 14 19 21 21 7 28 2 20 11 8 17 2 5 2 9 19 1 23 27 21 18 27 26 15 25 22 27 1 12 26 29 2 12 12 0 4 10 6 19 16 5 19 30 1 20 1 1 17 25 12 23 12 13 2 19 22 17 29 1 13 30 1 5 0
27 15 15 2 1 6 8 12 24 28 17 12 21 27 10 4 27 13 23 22 0 30 30 29 30 1 18 6 27 30 13 29 23 16 8 21 29 19 25 27 19 2 27 1 15 14 16 5 17 2 2 17 13 6 20 18 24 21 25 5 1 22 23 0 22 26 27 25 17 18 12 27 8 24 26 0 17
10 11 26 4 12 23 21 28 23 6 18 21 16 27 2 25 9 21 13 7 3 7 20 29 21 6 17 10 20 22 13 12 7 1 12 14 16 4 17 26 22 7 12 10 5 12 30 22 12 13 10 27 16 18 18 12 7 20 26 27 13 2 26 7 1 11 28 11 30 23 2 5 8 21 17 10 4
30 25 4 24 11 26 8 11 13 12 26 19 6 27 7 19 24 20 3 19 26 30 9 5 25 23 1 0 25 16 10 1 24 2 0 29 19 18 30 29 18 22 14 15 12 19 1 13 23 12 17 6 13 7 10 20 26 1 1 22 12 1 19 22 25 11 0 30 10 13 3 7 20 15 27 3 23
18 29 10 1 25 28 17 28 20 21 30 18 22 0 25 20 21 14 22 6 22 29 0 24 23 4 3 26 16 29 26 16 29 28 18 12 18 26 25 24 16 20 26 16 16 30 14 13 20 9 3 30 19 21 6 30 4 11 1 3 27 5 5 4 23 29 9 27 15 1 1 17 25 4 7 21 10
26 27 1 10 1 8 17 15 12 19 11 6 9 15 20 19 1 10 13 5 6 16 3 25 19 27 23 26 26 25 20 15 30 16 0 9 14 19 14 23 24 2 10 5 19 10 4 13 2 20 20 16 5 11 14 16 28 4 24 8 29 4 11 19 12 19 17 6 0 9 26 27 10 23 25 27 18
18 18 25 6 5 7 2 9 9 22 17 2 22 19 27 23 22 13 9 12 26 30 16 11 7 22 28 3 28 2 26 26 9 1 7 3 4 2 5 1 6 20 14 17 10 30 26 19 0 25 1 2 29 21 16 21 14 19 29 8 25 26 12 15 28 10 27 27 6 1 29 10 10 21 21 20 14
27 12 6 28 4 3 12 13 22 22 3 5 12 27 9 5 14 28 5 25 28 22 4 18 15 0 21 7 0 29 18 25 4 13 24 2 11 8 22 18 4 0 6 22 25 11 11 13 5 7 25 7 23 21 27 30 22 5 28 26 2 28 28 12 9 27 16 1 2 6 5 14 4 6 29 29 13
3 12 1 28 20 17 8 20 6 16 19 15 16 7 28 27 10 30 27 16 22 14 17 28 23 15 13 26 23 18 4 12 24 24 1 17 4 5 22 27 27 12 3 15 24 5 14 4 28 0 1 12 5 10 28 13 4 16 6 26 20 4 2 19 24 19 26 11 15 30 6 13 6 17 14 5 7
7 3 0 0 10 8 21 12 14 1 22 30 3 12 7 16 3 7 23 15 11 6 26 11 28 24 6 30 4 0 22 16 3 27 14 3 16 19 10 7 29 7 30 1 2 20 12 2 15 3 26 13 5 22 27 25 9 12 25 4 15 29 22 30 27 10 5 2 29 20 7 24 9 13 23 6 10
27 3 25 7 20 29 16 10 16 0 5 7 7 1 30 20 16 16 27 20 9 7 13 26 16 22 12 22 27 12 29 0 13 27 4 16 20 28 21 8 28 12 16 19 18 4 2 11 22 28 6 28 20 16 6 26 17 14 27 1 8 21 28 2 4 1 20 7 14 6 17 20 0 19 24 24 27
10 18 22 8 8 27 20 27 5 20 21 26 6 26 22 11 3 28 27 18 13 5 14 28 21 14 16 0 26 7 16 23 30 30 11 8 20 7 4 23 8 22 21 23 15 10 1 29 26 10 5 15 15 28 1 0 0 4 18 13 4 30 20 19 25 14 16 20 16 26 24 13 29 4 4 23 24
28 3 16 10 2 7 28 9 10 3 3 25 22 14 25 21 23 2 21 19 6 13 22 14 9 21 21 19 21 23 9 5 7 22 20 22 26 26 11 6 9 26 22 11 10 13 23 2 6 30 21 2 20 2 4 10 27 5 28 24 14 12 3 5 5 2 13 20 24 24 3 10 22 2 29 1 19
1 16 21 26 4 22 0 6 1 23 30 28 17 1 22 27 15 8 1 3 1 3 20 10 29 1 10 10 11 27 1 14 5 19 25 25 9 19 4 24 20 28 23 6 30 27 9 5 16 9 12 0 17 0 17 1 3 18 7 29 18 8 14 6 11 27 29 27 14 30 25 26 26 26 0 25 22
19 16 11 9 12 26 15 21 30 10 0 23 28 8 29 28 17 6 4 2 9 11 17 12 10 18 19 15 12 0 25 21 15 18 1 8 26 23 16 28 9 30 15 28 1 5 21 3 16 23 3 5 20 11 11 26 5 12 30 17 5 18 18 9 23 27 16 17 15 3 1 18 11 15 28 29 29
24 12 16 5 2 8 6 17 23 4 1 21 4 8 3 27 15 17 30 2 4 27 27 0 2 21 14 15 15 28 6 11 30 3 16 12 9 1 4 9 9 26 14 15 30 24 21 30 18 3 8 8 19 1 18 24 10 6 22 17 2 3 5 30 3 0 26 10 16 20 6 8 18 0 6 18 20
1 24 8 19 20 19 28 14 23 30 8 15 5 22 29 4 0 3 24 18 8 24 11 8 15 11 10 15 15 20 0 26 2 26 29 3 14 12 23 0 18 29 8 13 21 23 20 11 2 29 5 19 5 4 2 22 12 13 10 25 16 30 18 30 0 22 11 1 26 8 5 25 9 18 16 29 20
5 17 0 11 27 15 14 4 21 30 3 23 29 1 25 7 23 24 3 20 1 4 6 8 7 27 2 1 1 30 12 0 16 29 24 7 14 26 10 1 22 24 24 28 4 24 30 5 1 8 15 5 25 12 12 18 24 0 26 9 18 14 23 27 13 4 15 13 0 9 9 10 27 23 24 0 11
7 3 17 24 5 19 22 22 8 2 6 5 19 20 1 14 23 4 22 30 26 26 18 20 2 0 22 17 12 18 0 26 4 4 3 26 30 3 21 3 12 7 1 14 10 0 18 29 9 28 18 21 26 26 8 2 7 27 19 22 2 11 29 25 10 5 27 27 12 23 21 6 2 4 19 7 14
24 3 30 11 8 10 1 18 1 8 28 13 29 25 6 4 13 18 27 28 21 7 4 23 23 15 27 0 12 27 23 13 5 12 25 25 6 18 16 28 9 22 9 30 27 24 21 8 27 25 29 13 25 20 3 0 28 15 20 29 18 18 24 16 0 26 10 3 1 26 14 9 4 0 9 12 19
30 27 30 11 11 9 15 15 24 18 13 3 21 8 23 27 10 17 5 25 4 16 24 0 8 19 14 12 10 19 23 29 14 23 10 26 0 7 20 8 10 14 17 9 5 4 13 12 9 15 21 12 26 4 20 6 11 10 4 25 4 3 27 21 11 16 10 24 7 13 25 6 29 21 3 8 23
30 30 26 16 13 20 2 22 5 11 18 7 14 17 27 17 25 30 24 8 6 26 24 14 27 9 29 22 13 15 0 27 16 8 0 15 13 8 17 28 16 27 20 16 8 26 8 17 12 29 29 9 12 18 25 21 26 16 28 16 2 17 29 17 18 13 30 14 3 1 23 16 10 20 27 22 27
13 27 23 19 16 15 27 18 27 13 30 6 14 14 10 2 20 20 6 19 19 26 1 7 30 5 19 11 16 1 13 16 29 14 17 27 19 30 0 12 12 12 7 25 3 7 27 26 19 16 16 19 8 15 27 2 0 14 27 26 4 11 1 7 1 2 24 6 27 25 23 30 8 22 22 26 10
6 13 23 6 13 20 11 28 5 24 7 6 9 29 12 23 11 11 19 24 17 25 9 7 15 17 17 22 9 18 24 0 16 5 9 2 12 16 28 8 3 21 28 15 11 8 5 15 25 2 26 6 20 19 0 17 27 2 4 24 12 0 15 28 10 30 23 22 0 30 1 22 23 3 27 26 25
3 13 27 18 25 3 21 10 13 7 10 5 13 13 3 21 26 12 7 14 0 20 6 19 20 25 29 5 21 27 24 19 27 13 24 19 16 3 4 14 20 2 8 0 7 14 14 3 29 11 8 13 16 14 1 23 15 28 4 26 5 24 11 10 26 28 3 29 30 4 28 20 8 16 1 29 1
21 11 22 19 20 10 23 13 18 26 24 25 24 19 21 20 28 9 13 14 20 29 15 1 21 29 17 29 29 30 19 6 1 17 2 15 21 4 13 1 26 22 10 18 6 8 2 17 26 8 18 1 8 26 24 14 20 1 13 0 25 28 14 22 2 14 20 26 29 16 5 1 20 0 4 20 11
23 3 12 28 7 24 17 6 0 11 27 24 30 1 6 2 4 9 16 19 4 22 15 5 18 14 10 5 17 4 18 1 23 1 17 19 8 17 12 20 9 11 0 19 6 11 14 28 14 26 2 29 8 20 15 11 2 15 21 2 12 10 1 22 0 16 8 21 26 2 28 8 8 26 6 30 21
18 24 27 30 1 5 15 12 26 4 0 11 6 18 8 8 10 3 3 23 24 28 10 8 17 15 26 20 1 10 27 2 23 5 30 20 8 5 6 7 30 5 15 27 13 23 12 6 27 12 2 6 27 21 15 8 10 15 24 0 26 17 25 10 19 17 22 16 4 4 9 30 25 15 30 6 29
