79 79
16 23 8 1 22 8 8 25 0 14 3 2 22 4 3 12 2 26 21 26 11 9 29 11 28 29 17 18 18 10 2 17 13 4 22 8 9 23 28 24 6 3 18 1 21 8 27 6 2 21 23 0 5 7 21 25 29 23 27 12 21 2 14 3 1 7 15 11 13 5 17 22 19 17 13 13 24 4 2
16 23 14 20 6 8 2 3 25 26 26 3 12 14 4 26 5 3 30 18 12 16 20 25 0 16 24 21 25 16 16 3 9 0 17 22 2 8 27 10 12 17 0 26 22 21 28 6 6 26 27 0 3 28 24 19 11 27 11 17 22 13 19 8 30 12 0 29 28 21 26 22 11 26 2 3 17 11 11
25 30 16 3 2 28 5 0 6 18 19 5 16 13 20 29 21 22 30 17 1 3 7 27 17 5 17 3 3 6 9 7 9 29 15 3 22 25 24 7 29 30 24 27 22 21 20 26 11 27 4 17 9 18 0 29 18 23 27 8 20 27 2 29 12 12 26 22 16 20 27 16 2 10 11 21 1 8 9
17 17 4 10 16 29 30 21 7 26 5 14 7 21 14 2 17 6 19 19 7 1 8 27 8 11 22 6 19 28 3 22 9 26 24 25 13 10 18 9 28 21 0 28 17 26 5 24 14 6 21 0 20 16 5 4 25 12 12 22 16 15 7 23 26 27 0 30 10 12 26 13 15 7 9 19 30 17 30
24 16 22 24 15 14 24 19 18 20 12 28 6 0 10 29 29 9 2 9 28 21 10 18 9 11 21 17 25 17 28 13 30 12 27 3 2 17 19 14 3 27 11 14 7 28 24 15 29 4 22 5 3 22 11 17 13 21 26 16 4 11 24 2 29 27 7 29 17 17 15 18 10 18 30 28 22 15 3
13 17 30 13 25 7 24 5 10 16 27 8 1 30 5 27 15 24 23 8 3 11 10 3 13 2 29 29 21 18 4 12 10 19 17 27 3 26 26 2 16 11 12 30 30 12 2 4 30 30 7 25 9 27 22 5 16 30 10 26 5 9 30 27 24 0 5 24 24 29 0 7 9 25 14 9 23 4 27
23 5 11 11 0 15 14 21 8 26 20 26 13 28 21 25 5 1 2 8 16 18 29 5 4 29 26 13 0 11 2 24 10 11 19 30 5 21 6 10 8 29 30 28 25 21 18 0 16 23 2 4 3 10 18 22 21 8 7 10 8 16 7 16 1 7 27 5 22 20 25 21 17 3 18 7 26 1 30
17 7 4 16 2 28 7 12 7 30 1 13 10 12 0 9 10 25 28 3 24 16 14 27 14 4 15 14 26 28 12 19 21 12 20 4 29 28 14 0 4 26 13 16 30 5 9 4 24 4 15 1 3 6 25 30 24 12 27 17 8 24 7 17 11 11 28 21 6 17 21 19 28 14 5 15 22 8 4
7 12 5 1 17 4 13 17 8 6 27 30 19 9 6 30 16 19 0 28 11 15 13 0 29 23 24 26 23 12 27 24 11 8 21 17 13 10 10 1 1 2 15 5 18 23 3 29 4 1 13 28 6 1 8 19 7 26 29 22 25 19 13 3 17 8 28 11 20 2 25 3 11 16 4 5 8 6 3
3 22 23 30 16 19 8 29 8 6 30 5 7 19 2 4 5 12 21 13 18 24 27 16 27 15 27 22 10 21 20 22 29 4 29 19 10 19 19 9 21 6 15 29 27 4 4 0 19 14 1 6 10 26 17 15 10 2 14 9 6 0 1 26 7 23 17 20 25 28 17 6 27 5 26 12 0 21 21
2 29 11 20 6 22 8 4 14 20 30 18 26 7 6 27 28 5 7 29 26 9 13 25 10 15 8 22 17 30 6 6 23 8 29 29 29 20 8 23 16 29 23 25 20 26 29 2 24 13 28 27 23 26 23 5 2 22 22 9 0 27 1 20 19 22 14 19 22 6 14 12 6 5 20 22 30 8 11
4 4 2 22 29 18 1 13 28 9 27 26 16 2 29 6 16 5 19 4 27 17 21 10 29 23 1 5 0 5 28 8 29 13 17 12 3 8 12 24 18 13 12 27 26 5 23 14 12 27 10 19 26 6 5 26 3 14 27 22 20 1 29 4 28 20 21 1 28 22 25 21 26 19 2 3 20 4 14
26 26 16 16 3 1 27 4 13 3 10 7 17 4 24 28 24 26 15 19 3 2 26 16 16 5 29 13 14 27 12 5 23 3 0 28 8 2 21 13 0 28 6 26 17 29 13 22 11 27 3 13 27 15 24 29 30 9 15 12 13 3 13 20 26 13 3 30 9 26 10 18 20 29 25 17 18 25 13
30 27 18 25 27 15 20 25 19 27 0 2 16 25 19 3 4 17 30 14 12 1 24 29 5 29 0 7 7 1 14 30 10 19 26 28 4 29 29 1 13 19 23 28 9 19 29 14 3 21 28 18 18 11 16 19 28 28 24 8 18 21 12 18 30 14 28 0 15 17 24 30 2 14 0 10 30 5 15
18 14 18 5 19 17 16 10 27 17 29 10 14 10 8 29 9 6 7 0 5 17 8 27 27 2 7 3 8 1 5 12 20 15 30 21 4 7 24 28 23 13 18 2 15 16 10 25 11 9 27 27 0 7 25 16 7 6 28 7 4 13 27 24 17 23 13 29 19 16 8 24 7 23 9 21 15 6 9
21 3 2 2 7 30 26 24 13 8 4 7 21 12 29 13 20 21 27 24 27 21 6 6 24 22 12 21 29 18 17 11 27 8 21 14 16 11 0 21 26 16 17 26 8 16 23 15 4 18 22 6 26 18 24 30 1 18 2 7 12 28 23 20 16 29 11 20 28 17 1 4 16 10 4 26 11 8 25
19 14 17 6 17 27 10 15 20 1 9 0 24 21 30 12 24 18 5 15 6 14 18 16 6 29 11 18 16 30 19 10 10 23 11 17 4 5 22 1 8 25 20 25 4 3 28 12 26 21 22 28 4 3 1 10 12 29 26 8 4 12 12 24 10 27 21 2 19 25 19 7 28 11 9 16 6 20 20
3 23 28 20 25 14 0 23 13 5 17 5 11 15 3 20 18 25 6 8 17 18 30 30 10 7 8 0 15 24 2 15 25 12 24 25 5 0 15 15 15 25 26 25 3 23 2 2 17 29 13 27 6 13 29 13 15 14 21 0 2 16 24 2 28 17 10 13 9 28 27 15 21 7 14 24 17 7 11
21 8 6 11 30 25 25 27 25 12 15 17 5 8 14 4 19 13 27 22 4 10 10 3 0 2 2 7 18 22 16 7 7 11 28 0 4 11 3 3 26 25 16 11 14 26 22 14 20 23 0 25 4 9 21 3 2 19 3 30 12 25 26 16 27 0 9 9 12 19 7 19 0 26 29 0 27 5 27
1 2 30 8 26 22 5 18 8 27 23 3 9 12 4 0 14 3 2 6 12 8 29 18 19 23 18 13 7 0 3 7 15 29 8 14 0 24 7 0 16 1 24 8 13 9 23 22 20 0 26 25 9 5 28 15 2 20 8 12 8 2 0 5 9 0 4 28 20 8 20 9 7 4 8 0 6 23 25
29 7 22 23 13 7 0 30 5 27 1 0 11 28 4 4 16 25 1 30 29 30 16 14 12 4 20 4 5 1 1 5 26 1 7 2 14 27 12 19 16 6 17 9 13 1 24 20 19 6 0 19 19 21 16 25 8 21 8 7 24 17 3 15 12 22 19 9 26 30 23 7 10 13 28 9 14 22 0
0 0 24 9 8 20 20 19 4 10 15 28 11 16 2 27 12 20 10 12 3 23 24 30 20 27 25 15 14 11 6 0 20 2 2 14 30 24 25 28 26 3 26 12 21 6 7 14 24 5 19 13 19 30 2 3 25 25 8 6 20 25 30 8 13 26 2 3 2 19 24 5 18 8 22 20 25 27 13
16 3 4 17 5 15 13 28 20 12 8 30 4 11 19 28 19 29 2 3 2 21 29 11 2 13 0 0 14 30 1 6 19 28 0 15 1 8 10 11 2 26 22 6 20 27 0 16 23 22 10 21 22 14 15 4 15 22 25 17 15 22 16 3 17 13 2 30 14 11 28 9 8 14 14 21 5 25 1
27 23 12 25 8 1 0 1 23 14 17 25 8 26 7 14 5 13 21 5 26 20 28 3 1 9 7 9 10 24 16 9 16 11 27 9 8 27 6 17 18 22 29 7 3 30 13 28 20 11 2 26 24 24 11 21 28 16 23 9 3 9 3 13 28 8 15 14 11 12 17 3 23 29 27 12 12 3 16
26 5 23 18 6 8 20 20 22 2 22 2 26 12 14 15 12 30 5 18 16 30 18 19 15 11 20 10 0 16 2 13 1 23 25 5 27 27 14 0 19 18 13 3 9 16 9 4 19 28 1 24 23 5 15 13 8 23 28 22 1 11 30 27 13 23 24 4 19 28 18 29 2 18 28 2 29 20 17
9 12 21 0 29 18 21 29 29 13 20 26 17 9 27 4 20 27 17 30 18 30 14 30 15 2 8 14 6 24 1 29 17 24 26 0 18 9 6 5 1 0 16 15 21 7 24 26 7 28 1 30 22 29 26 22 6 23 3 16 24 20 15 12 16 15 24 22 24 1 19 16 28 8 3 21 23 30 26
26 27 12 18 4 6 11 20 3 1 17 30 8 8 13 20 2 18 20 23 1 6 26 8 23 8 19 3 4 3 13 1 17 3 11 9 27 26 22 6 8 11 8 6 26 18 18 28 1 18 7 2 11 5 5 12 27 3 29 0 5 23 20 13 3 20 23 5 23 17 10 5 0 3 15 4 12 12 10
10 6 30 8 14 12 6 30 29 1 25 3 0 18 7 10 16 0 30 28 28 25 30 14 16 8 11 19 8 7 2 20 20 2 19 25 15 20 2 3 30 5 12 10 27 30 16 29 11 18 30 9 20 23 21 18 21 19 9 0 18 0 4 13 6 3 17 18 15 8 26 27 12 29 22 28 12 13 6
20 28 23 2 26 25 9 29 20 9 16 20 19 19 27 18 25 20 18 16 6 20 26 6 16 8 10 28 30 27 4 26 20 2 15 9 3 1 27 9 14 9 15 28 30 29 25 18 5 26 9 17 24 28 24 3 6 12 17 10 7 17 3 18 28 17 19 11 18 1 18 20 20 27 9 16 9 29 10
11 3 23 28 8 10 14 16 12 30 22 16 21 4 28 27 11 4 27 1 20 23 15 26 29 26 9 27 11 22 14 24 21 22 17 10 0 7 20 5 5 9 16 7 23 2 28 16 5 21 10 17 2 9 3 22 3 14 0 26 28 12 24 14 14 17 18 16 9 8 21 24 13 8 22 25 7 16 12
28 22 10 21 2 11 10 28 4 9 9 30 15 15 25 24 15 16 6 16 7 16 1 22 6 8 29 24 26 27 29 21 15 22 29 12 3 5 1 25 6 22 17 20 2 8 24 9 26 5 5 12 28 23 23 11 7 18 11 30 26 21 12 23 24 25 28 2 17 5 24 25 2 3 29 7 29 17 20
11 13 5 2 17 21 24 15 14 6 19 27 9 16 23 11 21 0 30 25 0 14 27 5 30 21 14 0 21 7 1 25 8 27 2 2 26 10 24 12 5 4 19 22 26 1 2 23 3 3 0 0 4 2 5 15 9 27 15 26 10 2 11 16 22 13 23 30 29 7 9 9 17 27 0 4 19 28 20
15 14 9 3 20 30 12 30 5 0 17 2 2 6 15 8 21 14 3 14 24 2 24 18 3 30 1 24 3 27 1 26 12 7 17 27 27 0 2 2 23 10 17 2 27 10 6 26 11 11 16 14 23 19 17 22 16 14 1 27 7 23 26 16 21 22 19 6 10 11 23 22 16 21 3 2 14 20 2
6 9 30 6 12 26 15 1 24 9 6 5 4 16 29 3 4 20 10 27 21 22 8 28 24 7 6 8 2 9 20 23 23 27 1 28 24 20 28 29 17 7 9 27 9 16 12 21 17 25 10 14 23 12 14 17 17 18 6 2 30 29 16 21 10 6 24 9 5 30 30 28 11 12 16 8 22 23 10
8 24 22 27 30 7 18 19 27 4 24 22 23 4 13 5 27 14 28 17 15 2 24 7 21 16 11 18 0 11 0 4 10 14 30 23 3 3 25 9 18 27 25 21 4 18 17 29 20 6 0 19 1 9 8 7 23 23 15 30 14 30 8 23 29 23 6 28 1 29 22 5 6 9 16 21 11 1 29
3 9 26 4 24 16 29 11 20 1 5 1 7 25 19 18 16 19 7 10 22 15 3 14 23 30 29 15 12 26 11 15 9 12 27 7 25 24 27 28 24 15 13 27 6 8 3 15 25 21 23 10 19 4 25 28 9 26 4 8 28 3 22 3 2 23 29 14 10 10 1 28 25 2 0 0 2 0 9
23 29 14 29 4 22 0 12 0 10 23 22 13 0 29 16 13 27 20 5 26 0 0 23 0 2 6 9 17 15 3 0 24 21 13 17 20 16 23 4 20 11 6 2 14 27 27 8 16 5 10 15 15 18 22 14 6 16 3 20 30 16 27 15 1 12 19 23 27 9 30 1 13 25 20 28 6 17 10
2 9 30 23 13 15 11 22 16 23 7 5 14 19 1 28 22 13 24 20 27 7 4 3 2 23 8 14 7 24 17 11 28 21 19 30 6 20 14 13 18 3 15 19 18 7 2 14 26 25 19 11 9 20 22 8 3 24 10 1 4 29 24 16 0 18 24 7 0 25 13 2 23 15 30 17 4 29 29
27 24 12 18 26 1 1 18 9 14 17 14 27 30 9 11 20 20 3 22 24 25 4 19 15 19 8 12 12 17 3 8 11 16 6 24 1 28 25 0 14 26 5 24 0 11 11 22 6 26 15 20 4 27 13 28 6 24 10 13 7 12 8 9 24 25 18 15 7 13 11 27 8 22 10 19 0 4 10
29 24 19 6 16 27 1 22 24 21 22 26 4 5 13 10 9 23 19 22 9 17 21 12 11 19 2 25 15 17 3 19 20 2 19 24 6 24 21 5 6 9 16 3 0 17 3 12 3 30 12 5 21 18 30 14 0 9 13 9 15 30 3 2 11 2 18 27 22 5 13 14 19 30 6 13 14 22 24
11 1 27 30 6 19 16 13 0 22 17 2 23 28 14 12 18 17 24 16 26 23 24 5 19 2 24 13 8 16 18 23 23 19 20 14 22 29 2 3 10 21 4 28 29 28 29 15 17 21 4 10 14 23 30 11 10 6 0 11 10 25 14 21 1 14 25 18 12 9 5 18 9 14 17 5 4 22 26
9 17 16 13 15 24 28 4 16 30 20 20 15 26 1 12 9 30 13 1 8 16 20 1 15 18 4 1 3 9 10 7 5 13 23 16 26 7 12 29 7 20 5 3 2 13 19 21 29 19 3 3 15 27 10 29 16 5 1 0 23 28 16 19 11 18 7 16 9 11 1 15 4 19 25 7 2 23 5
16 7 19 1 1 4 1 18 15 2 13 4 1 15 19 4 20 6 0 17 0 3 19 24 30 27 20 1 4 1 8 28 5 8 9 7 30 4 10 19 9 29 2 20 12 26 13 2 26 0 11 7 29 29 0 2 25 16 13 23 23 13 28 3 17 0 25 15 21 21 5 20 5 8 10 30 12 18 13
25 3 23 28 2 1 9 2 13 3 30 0 14 19 8 30 2 22 13 8 0 19 0 15 23 26 16 18 0 3 17 11 5 14 8 22 4 17 23 18 19 29 22 29 3 9 29 9 20 13 27 29 2 10 28 26 14 8 29 22 5 2 3 18 26 6 25 7 21 23 18 10 11 3 1 29 29 13 21
25 25 15 24 19 7 13 1 21 0 18 24 24 12 10 19 0 9 21 3 3 6 11 1 22 29 16 0 1 2 18 27 26 5 9 2 1 25 7 15 4 7 16 22 0 26 20 21 19 30 27 6 4 19 11 17 5 7 30 11 12 22 16 19 10 26 13 10 26 18 5 28 0 18 12 21 16 2 13
20 19 24 26 18 8 7 7 23 2 20 24 27 7 1 30 16 11 1 30 27 10 21 2 21 17 20 7 29 19 1 2 7 14 15 18 11 19 6 8 10 5 1 2 8 1 17 11 2 10 11 16 16 16 27 6 23 4 23 16 9 2 21 29 12 24 2 21 30 3 9 23 7 8 28 3 10 23 27
2 7 7 24 19 22 1 26 21 19 17 0 14 12 8 5 17 22 5 10 30 20 7 11 12 5 30 14 5 24 20 1 28 3 28 16 19 3 30 20 3 1 25 12 11 4 11 26 10 7 26 20 13 10 1 13 17 11 8 11 9 21 21 25 1 19 14 29 1 30 24 20 17 26 18 24 27 22 26
9 29 30 29 13 16 12 12 26 27 21 7 15 21 26 7 1 30 3 4 2 13 5 9 24 12 13 3 27 20 20 12 30 29 17 7 6 19 7 2 28 21 6 10 2 19 17 16 20 25 28 11 7 30 22 17 22 18 0 23 28 18 5 24 17 4 3 5 12 19 10 3 21 1 7 7 20 9 26
26 29 1 14 0 24 25 0 30 28 9 26 10 6 13 7 14 27 18 3 3 17 15 24 22 0 9 18 6 20 17 3 9 13 7 3 7 26 20 3 12 17 21 11 6 15 30 25 24 11 25 24 7 22 19 13 1 25 23 30 21 5 26 10 11 30 27 29 19 7 4 26 27 15 18 30 29 12 5
16 21 2 1 2 12 6 26 8 10 1 30 25 12 15 19 26 17 27 15 3 25 29 19 7 21 16 18 25 29 29 20 30 17 25 14 22 11 22 14 28 12 25 2 30 14 28 6 2 29 12 19 23 17 2 20 30 24 12 16 1 22 6 5 23 15 30 30 16 16 13 15 15 4 23 23 30 30 30
28 20 17 19 13 13 3 23 7 5 2 5 17 28 8 1 20 16 29 21 5 20 5 20 22 16 3 29 14 11 22 2 20 27 18 18 13 18 4 2 3 21 9 16 14 16 18 17 12 10 21 10 21 0 7 1 7 15 28 5 6 5 4 29 18 26 18 23 4 25 20 25 8 23 6 22 14 4 27
30 16 10 23 29 17 20 28 9 24 12 17 29 12 18 28 20 7 19 10 7 23 11 14 15 1 24 9 28 5 9 27 15 26 25 25 9 29 27 15 22 26 7 26 27 23 18 20 19 21 8 1 18 8 5 13 23 27 12 2 2 9 0 7 0 3 29 30 8 22 7 20 1 4 16 20 22 0 4
2 13 19 4 18 16 1 9 1 10 11 8 0 10 1 23 23 0 4 1 20 1 19 3 26 8 0 2 29 7 0 22 13 7 27 29 24 24 26 10 24 9 28 11 14 15 18 0 11 3 16 8 28 2 13 9 16 11 22 13 12 24 8 8 12 23 24 22 11 29 19 21 28 17 12 30 13 9 23
20 12 14 19 4 14 13 19 13 23 18 4 26 17 17 3 7 15 6 22 22 29 8 26 17 2 25 19 28 26 23 20 16 29 2 29 28 30 3 10 12 10 6 21 4 18 29 3 8 14 7 7 22 26 28 1 28 24 12 26 0 4 5 23 2 21 12 28 5 28 17 10 27 27 17 10 14 21 21
13 5 29 12 24 5 19 5 5 21 24 4 20 16 1 16 27 24 16 6 23 28 12 26 27 4 22 21 16 23 29 0 0 22 27 5 4 2 8 1 23 0 2 0 7 25 17 2 28 28 6 15 0 26 22 29 3 4 21 19 1 23 26 2 29 11 13 22 18 10 19 29 2 11 27 20 13 29 5
27 19 15 25 13 25 18 23 11 5 28 10 16 12 15 30 16 1 1 15 28 8 12 5 2 5 30 6 17 14 26 25 16 25 1 15 1 22 5 15 2 22 24 1 26 25 8 1 3 4 2 3 10 2 28 15 7 3 7 9 18 0 10 11 24 23 10 7 24 5 10 30 7 15 3 9 29 8 21
21 24 8 24 6 30 4 10 27 4 28 15 3 9 1 11 14 16 5 20 9 1 18 27 30 17 18 9 4 12 17 3 5 28 12 24 10 10 14 1 10 24 18 15 19 13 6 30 16 6 1 15 27 26 28 16 27 15 20 22 9 0 15 28 28 13 25 27 23 22 6 26 26 30 22 3 4 9 13
27 30 8 25 29 20 5 20 26 8 13 26 1 3 1 9 28 19 14 26 30 26 25 27 4 27 15 30 25 4 2 26 0 0 0 7 30 18 16 18 5 2 13 8 10 18 18 2 7 28 24 9 4 5 4 1 22 27 5 1 8 26 22 2 30 1 22 2 24 14 12 30 16 5 15 17 0 13 23
10 4 28 16 1 3 4 19 25 5 27 23 18 0 16 15 2 23 5 26 11 15 23 27 19 1 30 2 13 6 18 16 25 5 18 2 20 4 7 23 4 8 13 24 3 6 6 28 9 20 28 2 9 23 8 5 4 18 6 14 21 15 9 30 9 24 11 16 28 20 5 27 26 18 6 14 9 3 8
19 16 16 26 1 0 5 8 4 26 26 13 13 4 22 30 2 3 7 20 22 21 8 3 30 5 13 22 5 13 24 20 7 21 18 0 7 28 2 23 4 14 13 11 10 1 13 23 29 27 2 14 4 13 16 2 23 5 17 15 17 28 1 3 17 10 10 2 11 22 23 28 21 6 12 22 22 15 21
11 1 28 28 21 7 4 5 0 17 16 17 5 28 2 18 18 27 28 24 1 12 30 3 22 20 14 14 28 13 3 15 2 20 4 16 8 16 0 10 4 22 13 0 20 15 2 30 26 8 1 7 27 11 30 0 28 18 25 26 24 19 2 17 16 7 24 20 8 15 14 21 14 15 17 12 8 23 24
15 21 25 29 22 22 23 5 4 19 7 8 20 29 15 18 0 5 17 27 9 4 10 12 9 27 6 14 2 7 14 11 8 8 17 19 19 1 12 30 3 16 16 8 7 22 8 28 7 23 20 10 13 12 25 19 25 4 27 0 7 26 17 11 1 28 29 21 0 29 23 1 23 16 5 29 29 15 28
11 22 4 19 25 9 5 28 17 16 22 23 18 23 9 21 1 15 14 20 14 17 14 26 20 30 6 11 28 15 15 29 24 1 13 26 6 13 25 12 24 13 21 21 16 16 17 21 30 24 0 25 5 3 3 12 30 18 25 18 19 26 10 21 30 11 21 20 4 0 10 20 29 28 5 22 18 3 20
5 7 17 19 11 24 20 19 1 24 6 18 16 24 17 7 15 3 25 2 24 5 14 29 23 20 11 24 22 10 10 16 5 18 16 27 11 9 10 30 11 14 0 26 22 21 7 28 26 2 3 3 23 1 28 15 13 28 10 7 16 23 10 16 26 13 11 6 30 20 1 9 0 6 5 12 10 9 21
28 22 14 4 27 7 30 10 0 14 27 6 5 17 2 30 17 0 0 17 5 3 11 30 4 17 0 13 4 27 29 25 27 17 21 23 1 3 11 3 7 1 12 19 26 20 15 0 19 6 9 10 3 13 6 10 5 19 23 5 29 10 9 6 9 13 10 29 10 16 30 22 15 22 23 19 0 7 30
1 6 3 18 24 11 13 4 25 6 16 3 25 24 7 9 14 10 29 29 16 9 10 15 4 11 15 29 0 23 28 2 27 4 29 19 28 17 22 7 10 9 25 13 12 12 17 15 2 13 8 28 19 10 5 14 10 6 13 30 3 28 22 16 29 2 12 15 14 5 24 27 22 20 16 28 27 24 9
24 3 9 29 19 21 2 19 16 27 27 22 26 18 22 8 4 8 20 12 16 1 28 19 4 28 21 13 22 17 19 11 25 25 6 7 9 17 26 18 29 14 30 7 28 21 0 18 16 20 3 12 20 10 8 25 22 15 12 10 21 0 14 13 12 21 19 5 24 21 20 5 30 21 4 17 14 3 27
19 14 1 3 2 24 22 7 1 0 13 4 19 12 19 12 18 17 8 21 0 8 14 15 7 12 14 4 8 24 18 6 24 25 26 23 28 6 21 20 14 30 29 6 19 7 1 25 30 29 12 14 27 24 17 23 12 29 9 3 0 2 10 10 5 12 12 11 16 19 12 17 6 24 22 12 17 6 3
24 30 0 13 7 28 17 12 2 19 18 23 27 14 14 2 13 3 11 8 13 19 9 10 21 17 2 22 26 27 26 20 11 10 4 26 6 19 0 14 16 6 27 10 7 23 24 9 17 29 18 18 9 16 8 5 7 9 23 30 21 19 23 14 19 16 22 5 22 22 21 22 23 27 5 25 27 15 10
15 16 13 0 12 15 14 1 8 12 6 21 26 8 5 20 1 27 12 19 18 8 29 15 22 2 13 20 30 25 15 4 8 16 29 20 29 26 12 4 4 21 3 7 26 7 16 7 30 27 17 8 9 13 27 16 26 0 30 13 5 17 20 8 15 24 27 15 17 0 30 15 20 1 17 13 27 26 25
25 7 20 2 11 5 15 22 16 24 11 4 21 18 3 21 5 19 9 9 11 14 18 23 4 16 23 10 15 1 12 16 11 14 6 8 21 1 8 21 10 27 23 17 24 0 23 29 13 23 28 13 24 6 29 21 7 9 0 24 26 20 29 30 11 21 29 3 25 14 18 4 0 29 28 21 17 18 0
25 11 30 7 29 0 16 17 28 24 2 17 1 15 25 28 13 21 1 26 0 25 6 14 4 18 13 26 15 15 22 16 27 12 20 5 4 11 22 20 2 30 28 15 6 12 15 4 9 3 10 26 0 21 10 2 15 22 28 13 19 8 0 6 24 27 18 26 8 2 20 24 18 18 24 14 3 12 17
17 5 24 2 11 3 30 26 6 6 0 30 11 24 7 16 29 21 19 22 15 8 26 12 7 29 8 4 14 9 5 26 20 12 5 27 25 1 15 11 25 25 24 17 13 3 10 10 18 0 20 13 25 3 30 9 15 22 23 23 3 30 6 16 3 23 9 12 4 11 5 0 0 12 9 23 10 29 24
29 20 12 22 4 20 16 26 15 16 24 9 30 10 14 2 8 23 19 11 27 5 15 3 14 17 18 28 3 18 0 19 28 22 27 26 27 8 2 0 16 12 6 22 19 19 15 22 14 4 15 7 2 8 16 16 20 24 8 11 28 26 30 25 22 8 9 16 28 23 19 23 9 16 18 19 30 15 10
17 22 13 18 10 30 24 30 12 21 24 4 9 16 27 29 7 21 21 28 23 18 29 23 15 2 20 0 24 1 1 28 14 11 8 25 29 25 26 0 12 9 4 15 1 23 23 4 12 19 3 0 8 11 0 26 7 24 3 12 19 21 23 3 2 15 19 17 17 16 22 10 27 25 24 24 23 7 3
13 27 14 2 2 28 24 20 21 13 28 1 27 19 16 24 18 24 10 20 19 19 30 2 22 13 16 17 2 17 23 4 4 17 19 6 1 19 4 25 23 8 30 10 29 21 19 14 11 1 27 20 23 0 22 2 9 8 12 12 20 14 15 5 20 23 5 20 14 21 3 25 21 1 20 10 26 18 8
9 26 19 16 7 18 9 9 4 22 16 30 23 2 12 5 4 12 14 23 7 7 20 11 2 2 29 18 25 11 17 9 7 17 14 7 24 22 11 9 17 21 25 8 28 23 23 23 19 8 25 2 15 5 8 17 23 16 3 12 2 24 14 12 15 12 16 19 20 30 0 13 19 14 24 14 29 27 21
0 28 5 5 24 23 23 21 21 1 19 4 13 0 24 9 4 6 0 21 4 19 25 16 19 5 14 15 11 23 25 28 24 11 23 1 26 3 4 4 29 21 9 29 26 30 15 1 26 7 21 12 22 21 7 30 22 1 2 28 21 7 26 5 18 0 11 8 15 20 16 4 6 9 30 7 14 8 0
22 25 11 21 29 29 8 26 29 26 3 6 8 4 17 8 1 1 27 16 3 27 6 2 14 20 12 19 10 2 14 2 8 5 24 25 12 18 30 2 30 19 29 17 4 13 27 26 4 15 14 10 16 15 22 1 9 2 10 30 9 30 13 12 24 28 3 17 9 3 11 6 3 0 25 2 28 30 21
