81 81
9 24 13 10 19 20 22 19 26 21 2 7 22 0 13 25 28 7 2 20 21 9 26 18 6 8 21 28 7 28 17 19 7 14 11 0 23 3 8 21 6 9 25 23 26 19 19 23 0 5 5 19 22 21 14 6 6 0 19 20 16 30 7 16 15 28 16 10 1 28 5 9 12 5 24 24 19 13 3 28 30
24 11 8 11 5 17 8 14 24 18 4 1 6 11 4 9 30 11 1 8 10 4 3 18 29 18 27 6 19 27 4 17 13 1 17 21 7 1 14 16 14 23 4 9 11 10 5 27 14 10 6 21 4 1 16 0 22 25 2 20 11 13 26 7 6 29 5 12 4 0 3 3 5 13 28 4 6 9 11 16 14
10 12 1 11 30 1 25 26 30 28 5 6 27 29 29 4 10 7 3 16 6 21 24 18 13 12 19 25 3 5 22 26 22 24 23 2 16 1 7 28 12 11 22 21 23 9 20 23 9 17 1 3 24 5 9 17 10 21 6 1 23 4 25 22 7 7 0 19 13 29 28 7 18 14 19 24 7 3 3 29 30
3 10 30 21 18 5 22 9 25 2 24 1 25 30 1 24 1 12 16 26 29 4 14 3 26 30 10 3 20 20 11 15 12 0 7 22 23 11 21 14 25 1 29 18 0 19 8 19 20 19 13 23 17 15 26 18 15 16 23 1 24 0 19 28 0 20 26 3 0 21 21 12 21 29 17 25 27 7 2 12 14
27 1 2 22 22 9 22 5 20 9 22 11 9 0 2 22 16 17 13 27 1 28 0 20 14 14 8 6 7 19 22 7 10 26 2 7 29 12 16 1 11 22 6 6 8 30 17 27 11 19 25 19 17 21 10 15 24 20 4 17 1 14 6 17 10 11 11 3 3 20 4 22 29 15 21 18 24 28 9 26 6
20 10 6 15 28 3 26 18 4 26 20 18 17 30 28 13 30 4 13 26 24 28 11 29 11 0 25 30 19 12 27 0 18 22 0 24 29 15 15 28 23 22 9 20 22 6 1 28 13 3 30 12 14 6 0 28 20 6 10 23 15 16 0 3 7 21 0 5 27 8 17 1 5 30 22 13 20 25 14 27 29
5 26 21 15 17 5 22 10 15 9 20 22 22 6 1 22 16 14 5 22 24 24 4 23 7 29 23 11 0 11 7 24 13 5 20 22 11 22 21 21 2 15 16 26 1 15 18 27 27 25 9 19 11 5 11 19 14 26 27 22 8 10 24 19 23 21 24 22 13 23 28 6 6 26 12 0 18 12 2 1 10
25 23 2 22 3 20 8 22 1 0 18 16 11 5 6 14 15 2 7 14 15 0 3 28 10 0 17 22 20 15 23 21 11 1 7 4 13 1 23 14 12 21 27 10 7 7 21 21 6 30 20 1 20 27 27 6 24 13 0 6 15 17 26 13 25 5 29 21 7 25 12 17 16 0 22 5 4 30 21 14 26
4 2 8 28 11 15 5 6 27 12 24 0 14 9 6 5 0 30 11 16 14 13 14 18 18 28 9 25 18 3 1 4 1 0 16 12 16 12 13 22 12 2 16 13 26 27 12 5 6 17 24 12 16 1 7 30 24 4 25 2 4 6 16 2 19 16 7 10 28 1 6 21 10 22 9 4 17 16 3 6 22
30 8 10 21 5 21 3 22 5 18 7 28 6 18 28 26 20 14 10 10 30 22 13 15 23 16 25 16 12 3 14 22 29 1 0 29 6 23 25 7 5 17 27 0 0 22 18 24 10 23 22 12 23 6 0 24 28 14 1 19 20 4 18 24 28 21 26 6 26 26 25 13 20 22 9 0 29 23 29 2 27
10 23 2 27 7 17 17 22 12 12 5 5 19 26 10 30 6 10 10 20 30 23 10 13 5 24 15 6 2 1 13 21 20 22 20 0 23 15 12 28 22 13 16 17 12 13 15 8 3 2 2 26 3 26 6 0 10 11 11 6 4 14 29 27 11 6 25 5 13 23 22 9 4 9 8 27 23 27 16 21 24
17 21 25 17 11 5 12 11 7 17 0 9 22 17 14 12 6 27 10 18 20 4 27 27 30 24 7 20 24 11 7 24 13 30 22 7 18 14 16 27 8 2 4 7 26 15 9 19 25 22 10 14 14 8 14 20 17 14 14 28 7 14 5 3 20 1 14 16 8 18 17 9 2 22 1 3 8 5 18 5 23
25 18 15 25 27 19 17 27 7 14 13 3 9 9 19 1 22 13 20 4 11 22 14 2 14 27 13 8 29 16 13 20 30 12 3 4 12 13 27 14 23 21 7 10 5 23 21 13 7 22 8 14 29 13 14 23 3 14 1 8 24 28 21 1 19 28 26 16 29 8 5 14 28 19 25 3 20 21 14 0 10
3 17 3 23 27 5 2 21 23 29 9 6 12 27 15 27 2 2 0 18 21 2 18 26 9 12 18 0 27 2 6 10 10 22 6 16 12 27 29 7 11 19 0 1 19 19 24 29 19 24 1 20 1 21 19 5 27 0 18 20 24 28 17 6 27 1 6 25 26 22 22 5 24 16 13 16 19 18 27 4 24
6 18 21 12 17 21 27 17 15 30 24 8 20 16 15 10 19 0 27 16 22 15 20 9 4 18 17 26 16 12 14 4 17 23 4 11 19 12 16 24 17 1 14 27 2 11 6 28 9 27 7 16 21 1 23 2 5 15 25 16 5 22 25 24 24 19 14 1 18 3 26 15 2 14 7 3 0 6 10 25 2
14 17 25 13 0 12 20 0 6 6 8 24 3 21 8 14 13 28 3 8 13 12 22 1 26 22 13 11 17 5 0 20 19 16 30 19 18 9 16 26 11 28 30 10 8 17 20 9 2 16 9 0 21 9 10 25 15 30 10 29 27 13 22 20 22 9 13 26 28 8 22 17 21 1 26 18 29 7 8 3 1
13 14 15 15 14 16 28 8 28 4 14 2 15 18 24 8 27 15 26 5 14 18 16 8 21 2 21 26 29 6 27 8 1 13 16 18 19 2 23 12 15 2 12 26 0 14 3 6 4 9 5 30 29 2 29 18 24 18 12 21 13 25 5 30 27 27 20 12 1 0 21 26 10 17 1 30 6 6 14 17 16
12 5 0 16 12 22 28 30 1 16 11 12 5 4 30 15 17 13 9 0 13 27 8 12 2 19 5 29 28 0 20 6 28 16 5 10 8 28 25 14 11 3 4 6 15 22 27 4 6 21 4 3 30 14 20 27 26 5 18 3 13 13 20 1 1 8 5 2 12 27 18 4 1 16 10 23 0 20 21 7 9
4 20 14 23 2 26 9 6 21 8 13 21 8 24 11 0 11 1 23 5 18 14 28 1 29 16 21 4 2 8 11 28 1 14 6 26 15 10 12 14 29 30 23 0 4 17 8 18 6 9 16 21 16 20 26 28 2 10 30 4 28 9 19 3 25 6 12 22 17 23 11 19 13 0 27 28 3 28 14 5 22
4 4 4 6 8 2 24 6 16 28 24 26 10 6 3 12 18 1 30 21 26 2 17 14 4 7 8 24 21 30 13 18 19 27 30 14 8 2 23 0 27 12 27 5 23 25 30 29 15 22 5 30 11 6 27 10 12 22 3 25 11 4 10 23 29 26 27 14 27 20 20 2 20 22 16 13 30 23 8 2 12
13 28 11 18 15 13 18 23 22 18 23 29 23 2 2 11 9 21 25 2 13 26 21 21 30 17 9 26 3 12 16 12 9 3 6 27 21 18 28 24 11 20 21 6 19 15 6 29 30 26 10 5 5 21 14 10 0 27 20 9 19 14 2 27 27 0 2 20 7 16 7 23 29 4 12 17 1 26 14 9 20
7 2 21 15 21 21 26 7 1 23 11 30 18 29 2 27 14 25 23 1 25 6 16 0 10 11 18 30 7 13 13 14 2 25 30 4 10 21 1 25 26 15 8 26 6 0 11 12 29 6 1 5 18 1 25 14 29 23 23 18 4 7 15 6 21 10 6 24 18 26 16 10 8 21 18 12 2 1 3 5 12
18 21 16 4 5 5 2 0 28 20 18 24 23 12 6 9 1 25 19 2 26 30 5 10 27 26 9 27 5 26 13 0 5 27 6 26 10 2 28 11 16 26 9 30 26 5 5 16 13 15 0 3 17 13 1 22 12 29 16 29 29 19 23 28 26 1 9 8 23 13 10 7 2 15 1 2 2 21 26 15 2
6 2 29 26 6 0 24 18 30 9 16 24 25 8 14 15 0 19 7 28 13 27 26 13 5 15 29 16 29 17 15 24 22 27 15 25 30 2 18 28 5 28 20 4 29 13 25 3 12 29 1 11 20 14 3 14 2 5 13 14 20 15 11 27 10 14 9 20 27 16 26 29 22 20 9 9 2 20 21 30 8
12 9 1 28 30 13 2 5 2 2 1 13 21 10 28 12 15 17 30 15 11 15 24 27 29 11 1 18 20 19 28 22 10 0 8 4 21 30 13 5 26 23 7 23 20 19 13 12 21 30 29 2 11 18 16 15 8 11 30 1 3 3 21 27 12 21 5 4 28 15 25 0 30 24 0 26 6 8 5 4 12
29 18 22 23 18 9 19 18 16 7 22 4 16 19 8 23 20 0 6 29 15 20 4 26 23 13 29 23 7 0 22 11 16 24 11 8 30 15 18 27 8 28 10 17 1 19 24 29 25 18 28 2 3 10 21 29 25 15 19 3 10 29 22 21 21 9 5 28 29 30 8 11 17 25 21 8 24 16 20 22 28
4 6 20 29 4 3 17 1 6 8 3 29 10 10 12 9 16 3 20 5 17 27 3 11 3 7 6 28 23 30 19 13 7 21 1 2 23 2 16 0 19 7 20 20 24 19 12 27 10 15 24 9 10 3 7 23 25 15 27 13 11 4 0 8 29 10 23 15 28 18 9 23 20 0 7 8 19 19 1 21 16
19 27 4 7 4 13 20 5 6 18 1 0 21 9 25 18 27 7 8 30 27 27 22 20 6 21 23 26 28 11 1 30 22 3 26 8 14 23 7 8 4 24 18 26 21 7 25 25 10 0 29 8 15 14 18 2 0 2 29 30 5 11 30 11 12 20 28 13 10 28 20 25 17 13 9 7 1 2 1 24 29
15 27 23 29 1 18 8 23 18 17 13 21 7 17 28 18 12 30 29 25 11 8 26 3 15 19 21 21 24 27 29 12 12 29 11 2 28 20 17 19 29 25 23 30 29 0 9 17 28 18 21 30 11 28 18 23 24 12 26 16 14 20 24 3 19 26 1 7 15 20 11 18 17 23 12 7 24 5 30 14 4
1 0 17 17 8 5 9 2 30 16 4 15 2 13 6 6 4 9 2 28 22 8 6 27 25 30 2 28 5 14 6 2 11 19 6 21 12 7 11 1 28 2 8 11 20 8 28 6 3 24 20 4 8 23 0 10 15 8 11 0 23 1 25 28 12 10 14 26 21 14 1 18 2 5 7 19 23 7 28 14 18
22 13 26 4 11 5 23 26 27 10 19 25 12 8 4 15 16 15 17 26 14 22 27 9 6 11 8 0 18 27 21 17 2 17 13 30 2 23 3 16 21 8 26 14 12 27 2 6 7 25 27 15 8 7 11 11 2 8 14 9 3 0 27 6 16 1 9 7 4 16 4 6 3 11 25 13 25 7 15 21 6
6 10 15 6 12 17 0 16 19 27 24 19 27 22 19 24 15 18 7 6 5 9 17 5 12 21 10 7 6 9 2 23 10 23 28 23 17 20 9 1 11 20 14 25 23 13 0 19 15 28 0 12 10 21 20 26 20 19 21 17 8 14 15 27 24 2 3 2 12 19 8 28 26 25 8 25 9 18 15 23 4
6 29 27 23 26 22 17 20 1 22 26 20 16 8 19 19 24 29 25 25 22 24 16 8 28 16 28 25 29 3 30 17 16 30 10 3 12 24 0 25 14 12 24 4 30 16 15 14 13 6 11 11 17 13 30 10 5 12 15 18 16 3 29 15 14 15 22 3 8 16 14 10 13 8 23 2 12 24 8 21 0
27 21 25 20 5 1 11 1 5 13 8 18 15 0 28 20 28 25 20 15 10 12 11 3 18 18 18 19 1 6 28 6 19 25 27 19 24 22 0 28 27 7 6 26 15 26 30 1 24 13 26 14 11 5 8 5 28 23 1 14 7 17 14 21 29 23 28 10 7 2 7 16 19 20 26 2 18 24 11 7 8
6 4 1 23 11 3 3 11 11 19 14 0 24 12 27 15 6 26 18 28 30 15 15 9 5 28 16 28 2 23 7 20 20 28 17 0 27 23 3 24 3 17 18 24 18 8 13 17 7 6 0 3 5 16 1 13 4 5 22 9 30 13 4 5 21 15 1 6 0 2 14 4 15 1 18 0 23 0 21 18 24
6 8 22 14 6 14 21 11 5 28 22 16 23 28 29 4 30 14 6 30 24 8 7 1 30 17 2 16 26 10 29 20 15 4 12 14 0 7 9 5 17 3 22 10 18 5 26 14 15 12 14 15 22 3 21 22 19 12 6 27 30 19 0 25 12 3 4 15 12 14 22 7 27 14 28 1 1 30 9 25 25
22 1 7 27 8 2 17 3 6 17 8 19 8 16 27 9 24 27 30 8 25 28 27 20 24 8 11 5 26 12 15 1 20 12 11 3 26 20 27 23 18 27 6 21 1 6 23 29 27 18 17 5 6 4 25 27 29 0 25 17 5 12 19 26 14 27 30 24 17 25 10 10 22 18 29 21 17 17 8 11 25
25 22 16 23 0 22 14 0 9 19 30 12 0 0 3 27 16 1 29 6 24 25 23 18 0 30 29 17 17 26 25 13 0 5 17 6 17 14 30 14 11 20 22 20 18 4 10 30 14 17 19 13 10 19 5 10 16 27 20 25 30 18 22 23 5 17 14 29 3 12 10 12 21 10 5 9 20 26 10 3 17
16 19 5 13 19 25 16 14 0 22 15 11 29 14 1 11 15 17 22 24 30 15 16 7 15 18 19 3 7 25 28 19 30 1 27 6 15 12 11 24 16 18 22 6 20 9 8 13 27 7 9 9 7 7 6 16 15 1 30 9 6 23 22 4 15 22 14 2 6 1 3 25 19 18 14 11 9 1 11 17 17
0 18 16 27 7 20 11 20 7 29 22 18 14 8 24 10 8 19 27 8 17 16 1 6 6 4 18 24 26 21 2 4 14 9 28 18 21 20 11 22 28 19 28 6 26 12 20 6 26 19 4 22 14 1 1 28 1 23 24 14 10 6 30 10 21 27 10 15 4 17 6 28 3 17 16 5 13 10 30 19 11
30 14 21 16 0 0 30 7 10 29 24 24 2 23 18 22 22 5 28 22 10 8 22 2 1 17 0 18 18 16 11 24 23 12 23 1 7 3 30 12 20 8 2 22 14 6 15 20 14 24 16 7 14 24 3 7 14 23 22 11 14 21 1 25 21 21 12 20 23 8 13 22 30 10 28 27 6 22 19 28 14
20 19 17 29 14 12 1 22 8 17 25 23 5 9 29 29 18 14 23 21 13 22 26 17 24 22 14 4 1 9 20 24 28 27 1 29 8 8 19 4 30 8 7 17 30 26 16 25 11 6 13 16 5 9 7 21 11 14 21 13 8 11 18 24 24 9 27 15 8 25 6 30 14 20 22 10 10 26 19 21 2
24 8 1 27 18 23 22 21 17 12 20 14 24 20 30 20 27 18 12 22 7 16 22 7 27 10 6 4 21 8 0 25 21 14 3 2 21 19 13 23 15 6 27 7 22 28 11 25 1 15 24 2 16 13 0 21 19 16 11 16 25 30 22 20 19 4 28 15 23 20 29 11 9 17 26 30 19 6 26 10 13
14 21 1 1 0 7 17 1 20 23 21 8 7 1 13 11 26 26 24 28 20 30 14 28 10 28 15 10 17 30 20 9 14 9 28 28 30 30 7 29 24 24 1 13 15 22 17 27 5 8 11 14 10 12 28 17 22 26 1 20 10 4 12 4 11 18 2 28 21 25 5 2 0 12 27 10 30 5 24 16 28
16 3 19 17 2 28 5 19 22 4 23 11 2 21 27 19 7 13 28 3 4 18 2 14 12 1 29 27 4 27 8 0 15 10 16 25 14 26 20 0 24 4 4 5 19 14 1 27 13 21 28 25 13 15 25 13 3 4 29 5 12 6 20 12 25 17 1 14 18 23 13 19 16 28 13 14 26 16 18 28 8
26 9 6 5 14 25 16 7 3 13 25 23 0 0 29 11 23 24 15 6 24 17 6 18 7 25 0 13 28 0 30 21 18 21 11 21 29 5 21 25 18 5 16 18 15 22 17 27 3 21 8 19 17 18 27 15 23 20 27 20 2 16 27 26 21 2 14 7 17 19 29 20 8 17 30 12 16 18 26 10 18
23 27 11 8 10 5 19 17 4 25 29 3 30 19 14 24 23 6 17 23 28 5 13 0 29 28 0 24 3 1 8 3 28 14 20 8 5 19 22 3 21 29 15 24 18 14 18 21 27 1 0 25 20 13 9 5 24 11 4 3 17 5 17 13 8 3 5 21 6 8 7 17 8 20 20 9 27 14 9 14 25
15 3 27 17 23 13 21 8 18 20 25 14 15 6 14 23 9 11 5 19 22 15 22 18 9 10 1 8 0 3 17 28 24 15 16 16 8 5 11 22 24 20 12 15 28 10 28 26 6 9 17 29 3 4 27 2 8 20 18 9 14 4 10 21 28 1 22 23 21 6 10 21 17 0 19 27 20 1 18 4 15
3 4 23 30 9 22 0 25 5 10 8 27 21 2 5 22 18 2 2 14 5 4 18 20 20 21 17 27 17 8 30 8 20 13 15 8 22 20 30 5 15 16 21 0 10 24 11 30 17 23 21 27 7 11 28 29 8 15 20 3 29 22 16 22 13 5 15 1 16 15 28 24 25 7 18 3 21 1 4 4 21
16 14 21 0 25 26 23 30 16 1 11 30 12 22 30 18 21 23 12 3 18 11 2 26 15 11 7 5 20 13 21 21 19 3 2 16 16 12 4 18 28 13 29 14 11 18 27 25 19 12 29 11 12 10 22 28 24 28 12 23 6 9 11 2 0 27 7 30 11 18 1 23 28 21 4 10 18 23 30 17 19
7 11 21 24 29 16 18 14 13 8 0 27 5 8 21 29 20 2 18 25 17 4 22 17 24 5 18 11 25 1 19 18 26 11 2 29 28 19 6 26 28 15 4 0 2 8 29 17 14 21 13 20 24 25 22 0 28 14 27 24 15 13 29 28 10 28 28 3 30 26 19 5 16 21 2 29 26 14 10 0 23
11 20 23 9 23 7 6 13 16 16 23 13 13 26 8 22 9 20 6 5 10 24 18 1 3 13 8 2 9 15 18 13 26 30 8 27 16 9 12 7 9 16 19 25 1 16 30 12 24 9 21 19 22 8 25 17 26 14 9 10 16 5 10 17 1 4 3 24 4 12 20 2 1 5 14 13 22 19 14 20 22
30 23 30 22 14 4 12 22 7 13 30 0 16 6 4 14 0 24 11 7 24 14 3 21 13 15 13 29 1 17 18 9 11 22 9 16 27 7 25 0 13 8 9 23 14 19 21 16 16 18 20 3 14 8 8 29 3 28 26 5 28 8 19 20 7 25 4 28 16 3 22 28 8 19 19 22 13 0 25 17 4
0 30 14 21 26 17 3 5 2 15 8 19 26 28 27 2 18 18 0 27 28 25 27 14 10 24 8 0 15 0 14 10 20 7 10 17 12 24 30 19 18 9 15 11 7 19 17 5 20 11 19 3 17 1 20 7 28 5 18 0 26 28 3 0 2 9 6 12 20 12 5 20 1 28 24 3 22 9 19 15 20
24 1 9 19 14 8 23 4 9 13 11 1 23 6 3 24 23 12 7 22 14 5 22 25 0 20 13 2 14 7 20 29 12 23 24 30 29 14 28 2 6 22 13 1 13 15 30 8 20 23 9 28 14 18 20 21 19 30 30 11 19 12 29 10 8 17 29 19 10 9 7 12 17 4 9 22 11 25 4 12 18
9 28 11 5 22 28 6 7 1 19 14 25 0 5 12 7 2 21 14 0 12 27 21 18 27 2 23 4 3 7 29 17 10 6 22 5 29 19 18 21 27 20 28 18 10 25 1 7 26 18 1 0 18 6 1 0 5 19 12 1 0 11 28 1 8 25 12 25 11 5 17 28 6 18 4 16 26 5 12 4 22
7 26 14 9 8 19 18 0 14 22 22 3 12 13 21 16 21 29 17 20 27 9 30 5 24 12 20 27 16 23 28 17 22 14 22 23 0 23 18 3 2 26 2 6 27 3 16 3 13 3 20 26 0 26 30 12 5 17 15 20 28 5 28 28 12 13 10 7 17 5 22 27 14 14 26 18 17 26 23 21 14
4 3 2 4 7 25 4 5 22 6 12 10 23 20 12 19 26 23 12 27 2 2 14 25 27 21 30 30 13 17 25 21 0 19 21 11 14 25 15 30 27 16 7 30 11 12 2 10 13 4 25 10 9 2 24 6 12 18 10 30 15 26 28 7 4 27 20 3 23 7 12 29 29 18 7 18 20 29 1 29 16
18 29 28 30 9 15 27 12 4 6 25 16 0 25 16 14 26 27 15 13 10 20 17 20 28 22 21 13 6 17 17 18 4 4 29 13 26 29 23 10 11 13 17 16 20 15 2 10 22 25 2 11 30 30 29 24 1 16 29 17 16 17 21 27 8 21 2 15 5 3 6 23 0 15 20 13 26 20 6 26 23
28 25 2 6 12 28 2 6 13 9 12 5 22 12 29 3 25 7 26 0 17 3 18 4 20 13 25 5 24 14 20 29 17 20 30 8 6 3 17 25 11 24 27 28 10 1 19 15 16 6 23 3 21 16 2 9 2 14 28 9 4 23 14 5 15 23 16 3 21 23 4 10 30 24 5 11 12 17 0 4 10
15 5 30 23 6 30 11 15 23 3 19 23 29 8 15 27 23 5 5 24 1 7 7 25 3 2 19 17 12 29 20 30 10 3 29 12 7 15 30 5 4 14 10 21 1 29 12 30 12 28 15 29 0 9 11 7 11 13 25 18 9 26 27 13 8 20 6 24 18 2 22 10 13 1 18 29 19 1 21 11 25
13 26 0 17 28 13 6 5 22 0 20 8 9 17 20 25 19 2 17 24 10 7 13 14 14 2 27 29 7 7 28 30 13 24 3 18 22 22 8 29 21 11 5 29 2 18 7 26 22 1 0 15 20 12 11 12 4 29 13 15 23 10 15 1 25 5 3 20 8 14 0 20 8 4 13 19 24 22 11 24 14
27 19 18 3 12 28 20 19 21 29 28 14 20 25 10 5 16 6 11 5 23 0 18 21 11 10 24 17 28 7 12 9 20 19 3 7 10 28 27 15 9 24 25 5 25 4 23 14 15 4 6 2 13 20 7 25 17 26 26 23 21 16 16 27 22 25 15 12 5 8 22 1 2 5 0 26 1 27 18 17 9
3 19 24 21 9 18 5 2 3 15 23 8 29 8 23 14 13 16 19 14 18 10 8 23 25 7 28 19 12 5 4 29 20 19 26 14 13 27 25 4 19 21 20 13 30 8 26 7 27 9 23 28 19 2 29 1 24 5 12 15 2 7 24 10 20 12 22 28 8 20 24 16 4 10 26 8 20 17 6 3 2
4 16 6 0 8 11 4 6 7 21 13 16 3 4 12 22 9 26 8 20 2 14 24 8 18 13 22 24 5 24 27 18 30 25 26 30 24 9 4 20 29 21 26 8 26 28 10 26 6 28 10 17 2 17 3 23 2 0 16 23 30 19 3 19 4 8 0 12 14 29 4 4 6 7 21 3 4 1 18 12 14
30 8 7 16 8 7 15 16 29 7 21 12 0 26 7 1 3 28 18 12 7 28 14 6 12 4 9 30 21 21 19 10 22 1 11 14 16 13 17 22 1 21 17 13 22 13 14 5 6 2 29 22 25 8 14 15 14 3 16 18 29 13 17 28 1 2 28 6 20 26 18 4 19 18 8 4 6 10 15 14 24
27 1 11 20 17 9 12 10 17 10 29 11 19 11 1 20 26 3 8 28 28 20 11 8 21 12 14 0 14 29 4 20 7 28 24 18 17 6 29 9 13 10 12 23 28 29 22 22 17 18 5 16 1 22 4 15 8 10 21 30 18 10 4 9 12 23 16 23 24 0 29 27 9 16 3 1 27 30 5 5 7
14 1 1 18 11 7 12 29 16 16 17 27 13 24 11 29 18 4 23 17 30 19 3 17 7 20 24 10 12 6 10 16 7 14 20 14 12 28 25 3 18 28 3 24 18 5 14 26 23 15 0 26 29 24 21 17 28 28 29 5 19 5 7 23 5 30 24 13 17 15 10 13 9 26 13 2 12 3 12 13 21
11 18 8 3 9 6 20 9 4 19 24 22 16 6 16 19 20 2 27 9 7 19 17 7 22 27 21 3 27 11 23 22 19 8 7 21 12 21 21 17 24 7 13 0 13 9 2 5 22 20 26 11 28 7 27 30 27 1 14 21 2 2 2 10 27 17 30 9 3 10 4 25 7 12 15 30 11 11 1 4 25
25 3 23 17 1 13 12 16 8 14 17 8 24 19 22 24 2 1 6 26 21 1 29 16 5 2 3 19 28 2 2 1 20 29 1 6 9 16 0 11 1 2 4 1 9 3 6 18 6 1 26 27 29 22 4 12 1 7 0 17 19 27 0 9 17 10 24 21 8 26 4 29 0 16 4 6 23 0 2 23 9
6 25 6 4 7 30 11 14 28 1 28 8 5 11 9 27 29 18 21 1 20 28 27 6 29 17 14 11 23 7 25 13 15 16 25 10 9 27 14 12 24 10 3 26 16 16 7 28 9 3 22 14 14 4 21 8 29 29 28 21 25 3 12 21 28 18 0 25 10 21 19 15 11 17 0 8 9 23 6 7 2
14 10 0 22 5 15 3 6 2 13 15 1 7 19 3 1 25 25 7 26 14 3 16 19 27 19 7 2 17 9 11 15 26 24 7 6 8 11 16 14 1 30 27 29 12 8 27 23 3 30 8 20 20 3 24 6 3 30 29 18 15 30 30 7 3 6 27 26 1 28 10 21 29 0 25 2 6 11 10 12 2
17 25 21 3 3 18 20 8 16 10 5 29 8 3 4 8 2 14 24 2 11 20 8 13 5 6 8 24 3 18 0 7 12 5 0 20 29 24 15 4 3 20 20 5 22 0 12 26 25 5 21 20 11 29 16 8 24 0 26 21 28 10 12 16 9 17 0 2 6 27 11 25 21 20 3 0 15 6 7 27 5
17 21 14 1 4 27 27 25 19 0 13 12 5 28 21 29 7 10 9 1 8 7 18 7 23 5 27 13 23 18 1 26 23 22 27 6 30 9 23 26 18 26 22 7 19 9 28 2 24 29 19 20 7 26 6 11 14 12 27 13 12 18 25 14 0 28 6 21 7 30 23 11 21 11 1 12 1 7 26 21 26
16 7 14 13 10 24 27 1 30 28 21 9 19 3 11 26 6 22 16 24 23 16 22 30 9 20 7 25 12 15 24 6 3 0 19 18 21 27 17 18 27 1 11 22 23 13 8 0 17 30 10 20 8 19 3 7 0 28 29 8 23 12 8 26 17 5 22 29 22 6 30 6 1 21 0 22 23 25 5 28 9
27 7 24 6 1 9 2 28 28 2 18 19 29 14 3 18 17 28 14 11 27 11 20 26 0 12 17 29 0 15 21 29 8 21 18 1 8 9 4 27 3 10 1 19 18 9 14 12 4 13 21 7 7 19 15 14 24 1 24 17 17 7 2 14 25 15 29 12 15 22 4 0 1 13 14 19 17 24 12 17 12
24 16 25 19 27 19 27 21 13 10 27 15 20 6 24 17 19 9 26 1 13 0 16 9 18 17 5 14 4 18 10 16 0 22 29 19 9 0 14 23 10 13 27 25 25 7 21 26 15 26 12 5 12 10 0 21 19 23 11 19 25 24 16 11 14 1 25 24 30 19 5 11 16 22 0 0 27 8 17 8 8
26 15 21 7 27 23 25 18 16 14 11 24 20 3 29 29 9 30 18 28 17 25 8 22 30 20 16 17 17 22 3 4 14 3 20 1 16 1 8 0 5 8 3 22 25 11 13 5 24 12 7 12 15 29 25 5 20 16 29 14 12 1 13 18 17 11 18 9 18 1 17 6 3 19 19 7 14 11 19 15 16
6 4 25 24 13 27 4 30 3 27 19 14 14 1 24 27 2 16 10 23 29 11 0 11 13 0 16 15 3 10 7 7 13 19 20 25 8 21 6 28 8 30 26 28 12 12 27 2 29 22 11 27 21 7 9 28 29 19 4 30 1 17 29 29 27 15 11 9 10 9 17 5 16 25 27 16 2 28 7 10 15
11 23 16 27 29 27 25 11 23 30 11 0 25 20 20 1 21 18 4 17 2 23 18 26 15 9 20 1 5 22 8 15 28 23 20 17 9 15 12 3 15 16 25 9 23 30 5 11 0 30 18 25 22 5 27 7 10 14 21 7 28 12 15 5 11 8 7 29 27 22 14 15 25 15 9 8 28 7 20 29 7
5 6 0 5 0 11 13 22 6 9 11 20 11 25 3 6 12 30 15 19 22 0 4 29 12 14 4 15 2 21 13 26 9 15 30 11 0 30 14 23 11 24 8 26 11 15 14 28 5 27 0 27 12 23 23 22 9 6 6 21 29 13 19 2 15 5 6 18 2 4 4 21 18 5 7 16 4 8 11 22 6
