83 83
18 6 28 22 10 14 3 4 4 6 3 30 20 11 6 12 12 18 27 17 6 2 19 5 4 17 6 9 15 5 11 19 10 11 29 25 21 21 24 18 24 25 4 18 8 29 2 8 10 8 22 10 6 17 12 25 17 0 3 16 15 23 18 30 25 9 21 13 4 15 13 22 15 21 8 27 24 3 3 22 8 8 15
4 9 12 6 10 27 5 10 11 8 19 4 3 18 29 15 27 15 11 26 2 1 24 27 2 13 5 6 23 7 1 20 8 21 9 10 16 18 21 9 12 13 21 18 9 12 21 22 16 13 3 10 30 27 4 0 1 9 10 29 25 5 27 9 17 19 2 11 16 15 6 16 23 24 17 25 18 25 6 1 28 11 10
23 26 25 2 11 15 21 3 17 24 22 21 18 18 25 21 0 1 28 12 4 4 6 21 16 6 17 11 11 3 4 22 4 19 22 22 0 17 20 24 8 28 9 6 12 21 11 11 21 15 29 30 0 1 10 7 24 11 5 2 24 10 11 30 28 29 15 17 4 27 8 27 6 3 12 26 26 22 21 22 24 15 19
27 7 19 17 21 9 29 4 9 13 10 9 6 0 12 18 25 18 4 7 2 3 0 9 7 16 5 28 26 12 19 6 1 7 7 16 10 17 27 24 4 1 12 4 15 12 26 15 7 0 18 29 11 27 0 6 11 1 16 25 15 30 28 23 19 5 12 4 24 9 18 21 23 16 7 2 4 11 18 23 28 30 6
8 18 22 16 6 18 25 18 18 6 30 11 28 9 24 21 5 17 28 12 5 4 15 10 21 11 16 5 26 25 14 15 12 15 12 27 3 28 7 5 11 24 16 24 3 23 18 7 23 24 3 7 10 13 2 24 5 11 15 26 1 7 9 19 28 17 25 19 14 2 18 27 27 25 29 4 10 25 12 8 7 16 16
1 26 6 23 22 20 7 6 26 16 2 23 9 11 8 20 9 6 7 3 2 3 29 25 18 3 12 23 27 11 3 15 5 27 28 16 11 27 2 9 12 19 23 10 13 22 22 15 0 13 19 12 7 22 10 24 22 24 17 17 15 8 1 24 16 27 10 4 18 1 19 26 6 1 4 13 16 19 27 12 14 28 26
2 4 20 17 4 17 29 25 30 9 10 3 2 25 30 14 17 28 10 0 26 4 8 28 2 20 30 26 11 4 5 8 28 21 2 19 25 1 21 8 23 2 8 29 6 30 23 17 13 23 17 2 23 25 16 25 1 11 0 25 24 6 10 27 5 25 6 29 9 8 16 17 29 4 29 20 12 23 2 11 11 29 7
10 10 28 20 13 18 11 13 5 20 18 4 14 9 29 2 28 3 27 24 20 21 0 16 30 27 8 7 14 29 24 13 28 24 21 13 14 16 29 1 15 7 7 3 16 27 1 11 22 4 27 23 27 23 15 25 14 18 30 2 4 30 19 7 17 1 27 27 18 26 11 9 20 24 19 13 13 17 9 26 13 23 16
6 27 22 16 14 27 21 5 16 17 22 10 8 26 27 5 18 9 22 26 0 16 7 20 16 23 20 29 18 21 14 15 29 1 15 16 22 11 17 20 16 20 16 11 0 10 12 17 22 24 25 28 17 8 1 2 29 0 2 15 7 27 21 11 11 20 21 19 24 9 24 12 8 23 15 18 8 0 27 5 20 5 12
11 29 0 4 10 1 9 17 23 22 30 18 13 8 14 4 9 6 11 0 7 15 1 23 4 29 0 27 1 30 9 28 23 14 9 11 8 14 22 13 28 1 16 17 7 8 5 12 27 19 22 23 22 25 13 28 22 10 3 11 4 30 11 9 19 12 10 4 22 9 19 3 27 2 15 25 2 2 27 5 12 14 12
14 16 27 29 0 6 4 27 26 1 16 23 28 5 8 23 6 18 12 8 13 5 14 1 26 11 29 29 9 30 7 24 11 16 16 24 12 5 23 1 6 15 2 1 29 12 23 8 20 2 14 7 7 25 1 11 3 17 6 13 2 15 1 27 30 2 6 0 15 27 13 18 19 1 25 23 23 13 7 22 22 11 2
18 29 26 6 8 10 20 5 0 6 13 18 1 21 0 25 5 15 4 9 28 17 0 17 20 12 3 0 19 27 19 25 13 15 18 7 7 28 13 9 16 26 28 6 19 6 16 11 25 7 4 28 14 6 7 1 22 20 28 4 16 3 6 5 4 15 24 10 0 13 6 20 12 2 10 29 28 23 14 5 13 6 16
18 1 12 23 19 14 16 1 3 9 9 18 28 12 28 22 11 25 24 30 3 12 9 5 24 29 26 28 18 17 21 30 7 1 12 2 21 27 21 19 3 11 11 6 11 25 15 24 18 14 25 22 19 11 30 3 14 9 8 7 5 13 4 9 16 22 14 7 24 26 25 11 28 16 1 6 25 24 8 15 0 21 0
13 8 27 16 29 22 21 7 0 2 3 18 12 1 22 13 12 22 23 27 13 4 4 27 22 14 10 6 12 17 30 21 18 18 0 1 16 28 8 17 13 18 24 1 12 8 24 2 18 6 19 21 8 3 8 5 14 10 6 7 25 3 14 2 29 23 3 2 20 26 18 1 2 15 0 20 22 19 7 13 20 2 26
8 7 12 0 27 5 16 24 14 12 17 13 29 1 8 2 28 19 21 5 8 21 23 17 0 28 24 22 13 26 27 19 27 4 15 14 2 25 4 9 8 2 25 16 19 13 18 0 5 11 5 28 1 12 12 26 28 27 0 15 27 30 21 1 16 26 26 27 8 26 22 9 15 26 2 0 18 3 8 2 25 26 29
3 20 0 19 22 12 18 20 18 22 30 14 3 20 15 28 18 1 6 7 3 17 1 23 11 10 12 27 22 29 1 15 15 29 4 1 0 15 9 17 6 28 9 30 17 2 24 2 16 30 22 7 18 10 5 20 11 1 8 19 2 11 4 14 16 16 29 22 9 20 26 14 10 20 9 29 11 30 17 14 13 1 19
29 1 9 2 5 18 28 7 1 17 12 18 10 6 27 0 22 12 30 17 19 7 14 14 30 27 21 18 8 11 14 12 29 1 29 3 15 4 23 28 1 5 14 6 23 28 19 24 4 30 13 15 0 29 0 21 7 21 5 11 5 22 0 12 5 29 21 27 25 26 21 9 16 17 20 28 10 6 21 20 17 26 20
21 5 23 9 6 23 20 1 8 29 5 14 27 23 5 4 18 15 10 14 10 6 27 6 22 30 13 9 13 29 22 14 14 19 23 5 27 13 17 10 25 12 18 27 11 25 22 10 17 26 29 12 14 26 9 13 27 4 3 3 1 26 11 28 6 8 3 23 8 1 4 11 21 30 26 20 5 19 1 7 27 8 18
5 21 29 26 6 7 1 8 9 24 18 22 28 11 14 14 26 11 26 21 24 30 2 20 2 16 12 3 11 1 28 30 1 13 5 25 6 7 22 26 22 26 8 29 10 18 30 18 30 17 15 26 11 18 22 28 2 15 29 4 28 7 26 15 7 27 21 3 24 2 12 2 13 28 18 2 12 26 9 0 14 23 9
4 26 5 1 4 14 7 5 15 0 14 16 19 7 12 30 4 21 16 14 25 0 20 29 24 12 17 27 21 8 17 11 22 13 30 4 18 22 22 21 0 18 29 14 24 9 23 15 14 0 29 13 1 22 24 15 17 14 30 4 22 0 0 26 25 13 4 17 8 16 0 15 9 28 15 26 13 7 14 0 21 23 12
8 15 3 9 20 7 26 21 11 15 17 0 28 13 21 7 26 5 11 5 27 25 12 1 20 11 18 28 21 24 3 0 4 1 4 12 1 18 22 22 20 21 21 1 25 5 30 28 8 8 10 5 29 22 2 24 15 25 14 23 6 11 9 7 16 26 15 17 16 11 12 2 29 2 3 20 0 21 17 28 27 13 12
11 6 30 17 19 27 12 6 14 15 26 26 5 23 24 20 12 22 24 23 10 17 29 15 10 27 4 13 16 8 8 28 24 25 0 30 19 19 6 23 26 28 15 24 10 18 17 28 3 15 26 11 27 16 30 2 14 11 9 19 8 24 12 7 10 15 14 1 24 4 20 20 19 11 2 27 29 20 0 26 1 20 19
26 25 30 27 0 10 1 13 23 9 4 5 19 20 5 0 7 3 29 27 25 7 18 11 8 9 17 16 3 12 25 21 8 3 16 27 14 20 28 4 28 19 27 20 17 28 8 22 15 4 13 6 28 1 30 4 2 11 7 3 8 27 1 22 11 9 15 26 2 3 25 20 28 3 15 26 0 19 7 22 8 28 3
27 21 9 14 29 24 0 22 2 0 13 6 11 13 28 23 11 24 11 5 6 12 19 27 7 18 12 18 17 15 13 22 10 19 23 18 23 29 11 3 6 28 13 19 3 20 3 13 5 30 2 11 30 1 20 6 0 28 10 5 19 3 27 17 27 14 26 18 24 5 16 13 6 30 27 13 26 27 9 5 6 18 30
15 8 30 22 19 26 17 8 13 1 25 26 23 15 26 24 23 23 16 27 14 18 17 19 22 4 9 29 29 29 22 9 19 18 20 7 13 2 12 12 28 3 25 19 0 9 28 27 16 4 19 19 21 2 16 1 23 5 5 7 5 25 24 17 16 9 6 28 23 1 30 0 22 22 1 20 24 27 3 2 0 25 17
14 27 15 26 24 30 30 15 9 2 4 30 19 19 24 4 3 13 21 19 18 28 22 0 4 22 13 10 8 6 7 19 13 30 28 10 7 6 10 14 5 19 27 20 17 25 4 18 20 2 11 5 3 13 13 15 26 9 3 14 27 11 5 14 1 18 16 14 23 14 13 24 3 16 28 5 7 20 17 30 0 21 8
24 11 17 21 27 11 24 2 18 14 14 6 29 20 27 29 16 26 20 2 1 17 17 6 5 11 9 6 19 22 14 26 4 1 22 23 7 4 26 20 27 18 20 25 23 7 24 15 1 26 13 11 15 7 9 21 22 20 9 14 13 15 12 29 3 10 18 13 12 15 30 2 12 13 4 14 10 7 27 25 16 8 11
8 4 29 25 10 29 17 22 3 30 23 22 3 9 11 4 19 5 5 23 22 18 1 25 18 7 29 16 13 20 1 10 16 18 23 21 9 5 11 24 6 4 19 17 12 27 4 26 1 15 28 8 8 28 24 17 6 1 24 18 11 5 8 10 7 28 21 30 1 17 4 8 9 5 11 11 29 29 18 9 14 28 26
3 24 18 23 5 8 28 14 14 27 1 16 23 25 9 5 29 14 24 29 15 23 9 15 30 16 23 26 10 9 25 0 8 12 14 27 0 29 19 16 24 8 21 7 29 6 5 7 3 3 20 19 17 18 30 10 28 4 3 5 14 12 9 29 20 1 27 4 25 9 0 19 19 28 18 11 2 14 30 16 11 27 19
11 5 6 27 2 11 22 18 15 27 23 23 20 12 11 15 17 28 21 13 8 8 4 2 1 9 10 29 5 3 12 25 26 12 3 22 13 12 6 3 15 21 17 30 13 0 1 10 13 4 27 19 4 7 29 29 0 24 11 9 7 23 19 20 27 16 6 13 29 22 19 3 0 24 5 14 3 24 20 28 18 30 25
8 11 8 22 22 15 21 12 28 7 24 7 5 22 3 1 9 12 3 11 10 22 29 15 30 30 9 29 24 30 18 5 16 15 17 0 18 3 3 15 17 20 14 24 0 24 21 16 26 19 0 5 29 3 2 18 5 12 20 28 7 21 18 28 22 6 27 11 9 22 28 30 2 2 17 4 1 27 15 10 0 10 1
20 9 25 0 0 3 27 21 3 2 10 26 10 1 28 29 16 10 9 9 18 7 1 22 14 1 4 28 0 6 30 17 24 25 16 2 5 0 16 30 6 26 20 10 18 30 11 15 26 8 20 11 8 1 30 24 0 29 16 8 16 22 3 12 18 16 27 6 24 25 25 3 22 12 11 25 5 19 13 10 4 28 12
8 15 18 16 16 25 9 3 1 0 14 26 14 11 24 25 15 9 26 1 6 8 17 16 24 17 19 16 10 27 17 20 20 1 24 6 15 5 9 28 9 20 23 19 13 21 17 16 2 11 24 3 11 22 16 6 9 9 11 21 28 3 4 14 9 28 22 19 3 7 22 27 30 30 15 2 3 0 24 22 6 9 0
30 11 3 30 23 9 12 18 23 27 1 18 20 18 18 7 8 30 24 11 7 9 26 21 8 13 15 3 16 3 25 22 28 19 1 17 2 22 15 8 4 14 10 8 15 30 15 4 0 20 2 23 1 0 6 7 13 21 16 26 28 14 27 29 15 6 16 3 15 16 27 26 30 0 0 12 12 21 26 28 4 5 7
25 25 6 30 13 9 1 29 2 8 26 30 17 26 8 24 28 2 19 13 26 2 10 4 13 11 21 29 29 2 11 20 24 7 14 27 24 14 10 26 7 30 21 10 22 9 12 4 3 5 18 1 1 12 24 30 20 30 6 6 28 22 24 27 15 7 29 9 26 5 7 15 17 3 20 1 14 12 14 18 1 8 0
13 19 2 24 16 5 8 12 8 0 12 3 20 0 3 5 5 20 0 3 19 16 3 8 26 28 2 0 7 2 15 19 10 26 19 30 17 1 23 21 28 17 19 29 10 10 18 15 7 10 12 15 18 22 16 27 15 19 17 20 27 30 29 2 12 15 13 14 4 1 29 13 20 17 17 20 29 10 29 21 5 5 28
17 9 4 17 18 26 11 7 6 9 26 27 20 30 17 17 16 9 9 17 28 20 7 4 30 11 12 18 24 7 13 29 19 25 2 28 26 22 24 18 10 14 25 24 24 13 5 6 19 1 28 7 17 17 28 23 28 6 17 14 19 0 1 0 10 27 21 23 24 4 5 27 25 13 20 19 19 10 2 12 23 1 1
4 8 0 28 29 6 18 12 2 27 4 14 27 15 6 2 25 16 16 28 15 22 25 27 7 6 15 12 24 7 5 24 4 4 9 4 25 1 16 17 20 14 13 4 15 12 5 11 18 4 0 5 4 12 29 12 27 28 5 18 1 16 23 5 25 5 16 29 20 5 26 12 12 17 24 9 9 15 28 23 26 1 28
29 30 10 21 25 21 21 9 13 23 7 30 15 29 2 16 16 4 21 22 4 16 18 17 19 23 30 3 9 11 13 21 15 15 5 23 12 27 0 9 26 7 8 0 9 12 5 19 3 12 25 6 6 9 5 10 21 3 4 13 3 27 29 21 29 19 14 25 11 27 20 19 27 20 0 12 9 26 3 19 18 12 6
11 25 12 28 8 25 22 14 30 18 18 1 29 12 27 17 8 9 12 30 14 1 4 3 17 18 13 29 12 14 0 27 28 15 1 29 24 20 16 10 1 6 24 27 0 17 28 15 2 8 7 26 12 5 11 8 19 10 28 23 20 10 25 5 26 20 25 7 0 24 9 22 3 14 14 21 22 22 3 25 3 22 6
4 24 13 2 8 6 3 10 4 23 4 18 13 22 12 0 23 30 0 8 9 21 24 13 8 13 3 10 24 23 21 22 3 24 3 19 23 13 10 27 21 1 18 6 28 15 21 13 5 0 11 10 12 5 28 9 28 2 14 23 29 26 0 24 10 25 7 26 8 18 6 9 24 24 1 6 23 1 0 9 14 26 16
22 19 17 19 21 26 20 30 4 8 2 14 10 4 7 7 25 9 9 4 15 10 27 8 14 30 27 0 16 20 25 3 29 11 13 15 14 8 12 27 10 29 25 30 1 10 5 30 2 30 8 3 20 22 20 7 19 2 1 13 15 15 20 26 13 25 11 1 29 13 27 2 10 19 14 4 24 27 9 20 1 3 19
2 29 6 0 11 6 19 4 26 11 18 25 15 16 9 11 26 20 19 9 9 12 2 0 4 27 26 15 17 24 16 0 28 4 13 13 3 27 3 2 6 6 0 27 7 12 7 26 18 19 15 28 20 8 28 4 23 5 29 3 6 8 14 12 27 1 0 28 3 9 28 22 21 4 20 6 19 12 19 17 4 21 1
4 12 7 22 15 12 8 11 21 0 1 0 22 22 7 20 7 25 30 22 24 14 18 8 7 20 22 22 12 23 9 22 13 0 23 17 7 4 24 22 14 26 16 1 5 5 1 15 7 24 29 9 3 19 3 9 6 13 27 11 20 20 23 28 17 16 28 20 9 28 16 2 3 20 17 23 18 10 26 30 16 28 9
25 17 21 11 27 3 24 20 22 15 22 21 3 1 15 11 8 24 2 5 27 1 10 8 25 19 18 15 5 7 24 5 9 17 25 2 18 5 12 2 26 28 22 9 27 21 11 28 29 23 17 29 25 15 22 20 29 4 16 5 16 2 7 14 12 5 5 0 21 8 16 20 1 25 5 0 21 14 7 23 3 20 10
13 21 23 15 4 9 21 12 6 10 30 0 12 17 0 4 20 23 20 27 18 10 18 11 2 17 21 12 20 18 24 27 26 10 28 20 5 11 28 5 15 20 14 25 13 23 16 27 9 10 20 16 14 1 20 18 21 5 15 18 5 26 25 13 24 7 16 1 29 5 23 9 11 23 18 13 15 28 18 29 15 23 14
13 12 17 12 0 16 25 6 16 8 17 14 15 3 21 12 4 19 3 0 17 19 11 15 12 0 22 27 13 27 24 28 24 8 5 13 18 18 22 1 16 6 16 25 1 7 13 13 16 19 2 7 26 27 15 27 24 14 7 28 26 30 5 22 22 21 27 25 30 14 22 12 24 28 10 20 8 16 10 7 10 0 14
7 19 1 23 2 26 24 10 5 3 6 28 7 25 23 18 6 30 27 25 5 4 26 15 10 20 28 23 15 27 29 28 18 15 2 23 18 20 1 19 19 22 11 21 1 25 0 9 15 26 24 25 4 2 1 15 7 4 21 15 9 15 14 2 27 1 28 2 3 19 0 14 11 21 7 28 23 30 10 16 30 0 27
8 27 17 20 24 20 25 16 27 8 14 29 1 25 6 29 7 23 27 10 9 20 14 22 29 0 3 29 22 7 26 3 6 0 23 16 4 4 23 1 27 27 1 30 23 30 11 16 20 21 4 17 16 26 23 7 2 12 0 21 12 0 28 14 22 14 25 16 9 22 5 15 16 4 19 6 20 14 25 25 15 27 10
23 19 22 10 12 6 16 29 26 20 26 24 0 20 6 28 15 25 3 28 10 20 28 15 27 24 13 25 18 8 11 6 17 12 12 19 8 28 6 5 15 16 8 15 9 6 29 27 5 16 15 10 26 8 16 14 20 30 24 6 14 17 14 2 15 8 9 1 24 21 22 30 4 27 8 25 23 17 21 5 4 0 16
7 16 25 11 30 10 27 8 24 18 21 15 10 10 13 8 24 18 17 6 26 13 19 11 21 26 2 7 25 19 28 4 30 26 20 13 8 23 11 1 26 15 3 4 23 12 25 4 23 22 4 4 21 18 22 29 2 14 19 29 12 16 1 11 26 2 30 4 14 12 2 29 12 26 8 3 10 6 24 28 8 8 27
15 1 6 29 5 1 10 29 3 29 15 26 3 5 14 28 27 20 5 14 10 3 25 26 10 25 2 1 21 8 4 10 30 8 13 25 20 8 11 30 30 4 17 19 15 2 8 13 14 8 1 12 3 0 24 16 3 25 5 1 15 6 10 27 29 28 26 11 4 29 4 6 13 20 29 27 24 11 25 15 6 28 16
16 29 27 20 14 5 3 21 12 30 16 0 24 30 3 4 24 19 28 9 18 4 9 21 14 26 24 4 19 24 9 20 4 25 11 7 4 25 9 3 1 1 8 10 1 7 0 12 4 10 10 5 4 29 17 15 0 15 30 29 19 19 12 3 8 6 14 13 3 20 22 16 17 4 24 16 1 3 24 2 13 21 21
27 15 10 5 27 4 29 17 20 3 7 28 26 8 23 24 22 18 18 16 22 24 11 30 12 21 15 13 26 22 11 1 3 11 15 3 6 12 16 30 3 2 24 3 23 22 8 29 24 1 12 12 4 6 14 16 7 2 25 25 1 18 3 18 11 28 0 17 6 12 28 7 3 14 29 20 2 11 30 7 22 28 8
4 30 30 19 11 29 2 16 30 30 12 22 12 12 11 5 4 25 23 30 17 19 22 12 6 11 2 9 11 23 0 2 20 11 17 9 4 9 18 2 1 7 17 4 2 16 3 25 26 12 3 23 26 28 21 8 15 4 3 30 11 15 23 23 29 19 15 17 2 18 8 30 0 22 24 5 22 1 23 14 11 17 16
28 15 0 9 11 23 28 10 6 0 12 18 18 12 9 0 16 23 23 7 22 29 2 28 22 24 23 10 5 29 25 24 18 10 10 18 4 19 6 3 25 26 7 29 29 6 30 30 0 14 8 9 12 29 2 20 22 19 10 2 25 26 28 27 1 10 9 27 28 23 0 29 16 16 11 15 20 30 12 15 6 6 13
4 30 28 28 10 25 20 14 29 15 17 25 9 15 2 29 15 20 7 28 17 1 20 28 29 1 11 19 2 24 14 18 24 11 25 15 13 24 2 8 15 21 30 15 15 22 3 5 16 24 24 9 4 7 22 30 0 26 19 18 19 16 24 27 26 21 28 30 10 23 28 26 7 4 16 0 3 21 12 0 27 1 21
19 26 16 0 30 5 27 29 25 17 22 12 0 8 20 4 20 20 8 1 0 27 19 24 27 5 3 24 30 22 2 21 30 23 24 22 28 24 22 22 29 26 5 11 4 18 30 0 19 15 21 4 1 12 30 24 25 28 18 16 3 11 11 12 28 26 12 28 10 21 30 0 18 1 13 0 13 12 25 27 26 22 16
13 0 6 28 17 28 3 1 12 6 2 24 2 27 24 13 25 24 19 13 23 27 19 20 12 9 18 6 3 1 23 21 17 13 1 25 4 30 5 3 10 17 16 2 25 15 1 13 6 25 24 8 19 10 12 14 22 26 27 14 10 11 9 10 3 25 7 22 3 17 26 30 18 4 23 28 20 5 19 24 12 24 30
0 23 8 10 1 19 25 7 30 5 30 18 2 26 7 20 8 23 2 9 19 24 3 20 22 15 14 14 16 26 9 19 10 17 1 6 8 12 0 19 22 0 24 14 9 12 3 5 26 26 29 27 24 17 24 23 21 14 3 2 29 0 10 0 11 26 5 7 12 30 30 22 15 8 8 27 2 23 12 0 1 18 6
24 21 22 26 22 28 23 25 7 24 10 26 7 26 24 28 18 3 25 23 22 4 7 3 22 0 30 24 26 6 9 14 5 5 16 12 28 14 8 19 6 18 13 30 0 9 28 15 6 15 13 22 1 5 29 4 6 3 21 8 26 6 27 0 15 7 3 9 9 16 24 23 3 23 4 19 15 30 16 18 13 18 16
13 4 6 17 14 20 6 15 4 3 3 6 0 14 29 17 16 3 22 18 27 1 16 15 12 6 29 5 19 8 30 9 15 10 20 24 17 3 24 25 12 18 21 22 21 28 2 7 6 1 25 19 2 1 1 30 17 3 9 21 4 14 7 10 25 15 15 12 9 5 17 22 25 26 29 15 15 25 18 1 16 0 28
27 9 19 27 7 1 3 28 13 8 29 30 21 30 30 19 10 30 3 12 0 14 21 22 12 3 12 6 21 7 21 29 30 20 7 0 19 10 6 2 29 0 7 28 21 8 13 29 25 27 13 11 14 8 27 6 20 9 18 4 21 27 20 30 11 8 17 13 30 8 28 25 17 3 10 8 27 21 18 29 14 29 2
28 2 2 29 28 21 30 13 3 17 4 22 10 9 0 14 26 29 16 12 25 19 2 23 8 13 25 23 5 1 23 29 7 15 23 9 24 29 20 0 2 21 3 27 21 29 6 8 18 11 19 7 27 13 25 17 24 7 28 25 29 13 8 20 18 4 3 13 25 2 9 25 19 15 22 11 28 17 28 30 13 15 13
30 21 16 9 18 27 17 7 30 19 2 16 26 5 27 16 23 7 8 1 1 14 6 17 15 15 23 1 1 24 17 15 30 17 30 13 24 16 26 6 3 19 13 21 16 18 24 13 29 30 14 0 30 29 16 22 24 29 4 10 20 0 0 22 13 22 29 12 24 24 2 2 18 1 1 13 3 27 28 13 8 16 27
25 0 18 13 27 29 23 12 1 7 23 19 2 27 18 0 20 21 24 24 8 13 1 0 28 30 11 24 2 28 19 9 25 13 1 5 4 14 9 8 7 12 20 7 4 16 3 11 22 2 22 12 12 7 30 0 6 13 29 18 27 5 9 4 6 6 5 10 24 27 14 11 24 12 1 17 24 12 27 7 29 8 6
21 29 12 2 20 20 9 20 20 11 20 19 18 26 2 16 5 20 8 21 5 12 12 14 26 19 27 1 8 18 19 27 26 24 2 13 6 30 5 21 25 23 29 4 8 14 6 1 19 26 13 25 20 20 13 23 23 8 18 23 19 16 27 4 25 22 29 2 5 30 5 7 15 29 13 6 28 0 3 6 21 22 4
22 11 27 8 23 28 12 11 11 22 18 3 21 20 15 29 7 1 9 6 23 20 12 27 16 8 8 15 12 13 3 8 18 17 24 24 27 15 22 2 5 21 11 9 25 29 8 22 8 10 12 18 2 26 3 25 17 28 0 25 21 16 15 7 19 5 28 0 13 5 5 22 28 11 7 8 28 8 9 27 27 14 27
27 4 11 9 4 20 3 30 5 6 29 21 16 29 23 1 25 13 12 23 28 28 14 10 21 26 0 17 20 29 17 14 19 22 29 20 6 10 27 25 25 1 9 11 14 30 15 28 21 17 3 0 6 23 30 14 12 12 20 1 7 16 19 0 16 3 7 25 2 14 19 13 22 5 30 9 16 28 19 24 17 12 2
20 29 23 28 15 3 7 13 6 1 22 1 4 20 27 20 7 9 23 2 22 6 6 29 30 12 26 11 19 7 26 13 18 7 21 8 21 8 5 26 1 13 21 19 26 3 5 20 6 2 17 10 11 28 17 18 26 4 16 7 15 18 26 17 19 20 4 26 19 11 8 5 28 15 1 26 24 12 21 18 3 22 25
23 9 28 21 11 4 29 15 2 20 22 5 28 22 7 14 4 9 28 24 6 12 2 13 16 26 14 20 27 15 4 23 18 1 26 21 17 13 13 18 3 0 15 26 22 2 19 11 25 16 22 5 29 23 27 23 21 17 10 15 16 17 1 14 14 12 8 13 25 23 23 6 5 30 9 18 23 8 5 30 20 3 7
5 12 5 26 13 28 30 26 6 30 26 10 25 19 30 0 22 8 15 27 1 10 20 4 12 1 3 11 12 26 9 22 11 20 2 0 25 20 25 4 10 6 16 23 10 20 3 18 19 21 6 5 11 12 16 17 1 11 16 7 5 19 24 22 29 14 6 16 29 20 26 28 13 12 26 27 22 13 15 28 25 13 21
25 18 29 11 19 27 30 11 29 11 10 22 7 11 28 13 2 29 23 13 0 11 29 0 3 11 14 4 7 25 15 22 28 3 11 9 12 7 19 0 19 19 26 27 19 14 0 30 25 16 20 25 17 28 27 12 1 11 10 30 3 7 22 19 8 30 4 1 22 15 19 20 17 20 20 5 21 24 17 24 13 29 5
21 8 25 0 15 27 22 17 3 30 2 9 18 0 10 5 16 23 6 11 7 8 12 15 20 23 21 26 0 27 30 11 18 1 2 4 19 25 15 26 28 28 20 0 24 19 21 15 9 23 26 27 15 2 3 14 7 5 29 27 5 16 4 19 10 17 18 15 28 30 3 26 19 5 27 1 26 30 7 22 17 12 9
17 26 14 18 26 6 30 20 11 15 9 28 26 29 25 13 3 4 26 20 13 10 7 14 22 20 23 14 29 16 2 16 6 18 1 3 0 4 17 2 8 16 5 11 15 5 22 20 11 19 17 21 29 16 18 18 6 19 24 30 8 0 29 25 12 7 21 26 19 10 0 25 11 30 25 17 1 11 3 6 18 27 21
20 16 22 4 22 15 11 13 21 24 6 17 24 4 4 20 4 14 30 16 16 22 17 27 24 12 12 11 14 3 14 26 17 11 24 15 24 15 27 22 17 0 20 28 30 12 2 26 2 20 23 1 29 21 12 13 10 1 16 28 17 5 14 19 23 26 2 19 13 1 9 29 22 3 27 30 13 28 7 14 29 30 1
4 24 28 22 9 8 12 24 26 7 12 7 19 18 11 29 30 4 8 20 27 8 2 3 11 20 5 23 20 22 3 9 2 29 3 0 4 0 30 19 3 5 15 30 1 12 4 17 21 3 13 16 17 21 30 8 24 3 10 27 30 0 0 27 28 7 29 13 24 30 23 0 4 12 11 19 7 30 30 25 13 6 18
23 10 25 10 17 15 3 8 11 23 9 12 11 11 18 24 8 23 30 8 23 13 15 24 15 19 19 4 28 21 13 23 21 3 7 20 20 9 13 27 16 16 16 20 9 25 13 3 22 17 16 15 24 13 20 19 23 23 24 22 4 5 27 7 12 19 10 23 16 23 18 30 4 11 27 6 24 13 24 16 24 11 15
20 7 28 1 5 29 30 17 3 24 17 3 16 26 4 14 22 3 17 17 15 4 15 11 30 11 16 10 11 12 21 0 20 0 5 19 21 23 17 23 3 6 16 10 15 0 21 22 24 15 14 17 24 23 14 23 19 8 14 26 14 25 30 17 12 21 5 1 30 26 6 2 29 20 5 4 15 11 8 11 11 18 14
24 30 27 22 12 30 3 9 10 24 8 6 14 15 20 23 11 8 18 23 3 12 16 27 13 27 5 22 17 20 15 26 1 26 19 24 18 12 16 24 14 6 23 2 6 3 19 2 1 7 13 22 9 23 5 28 5 29 0 11 19 22 19 24 30 23 16 28 26 0 17 0 27 2 3 25 12 12 5 15 18 1 6
25 27 21 26 16 11 27 10 14 21 27 6 22 19 17 20 1 18 3 11 2 14 12 13 30 17 15 30 9 20 19 0 27 1 1 18 3 30 23 29 27 8 11 28 3 11 22 10 6 18 8 13 24 26 17 3 3 6 18 29 16 15 20 14 14 30 9 2 10 7 15 15 3 16 5 27 26 27 18 8 12 15 2
30 28 24 16 26 10 10 24 0 15 17 21 9 30 11 17 1 18 24 18 1 13 12 10 12 14 13 17 6 21 13 15 14 12 12 10 21 27 7 16 19 9 29 16 25 1 22 28 12 11 16 26 11 26 7 22 9 28 26 12 21 11 11 24 15 7 30 22 24 6 16 27 11 18 10 26 29 15 22 15 19 13 29
10 16 7 1 10 1 26 14 18 13 20 12 27 15 0 23 27 6 13 20 18 7 29 17 7 0 10 27 21 13 28 2 9 30 7 2 20 26 15 4 20 8 27 2 29 12 21 5 26 16 25 24 28 24 3 16 2 5 9 6 8 18 13 28 7 29 23 1 7 8 26 26 17 19 26 12 12 29 5 21 25 22 29
