87 87
26 1 4 11 4 30 14 8 4 11 20 10 19 7 5 11 24 30 30 8 24 26 19 25 18 20 6 16 13 14 5 25 10 21 1 23 19 29 23 21 4 18 6 27 22 0 22 23 28 2 25 9 30 9 30 4 17 28 27 1 7 9 19 2 23 18 6 27 27 14 17 8 11 7 20 24 4 22 27 17 4 23 9 30 19 12 14
24 18 29 21 5 20 17 22 2 25 4 0 25 17 17 9 27 28 27 10 7 29 10 6 3 17 17 12 24 18 23 11 20 25 2 29 2 23 26 17 24 15 1 0 7 15 24 22 7 0 20 25 9 27 0 8 20 9 16 27 12 28 21 16 27 19 7 28 18 18 21 18 11 8 16 9 28 19 17 12 19 25 22 11 3 6 0
4 19 12 25 16 26 12 27 10 10 28 29 5 30 15 14 19 30 11 16 20 7 28 9 21 29 5 14 30 4 0 10 20 29 26 6 12 25 16 13 27 20 5 22 21 13 10 7 21 16 9 25 24 5 10 0 0 0 26 27 9 18 14 3 5 11 9 8 6 6 23 4 29 5 17 21 1 24 20 8 23 15 21 7 21 29 3
3 19 26 28 22 26 11 16 27 4 0 28 26 20 26 16 25 8 21 27 30 18 16 3 28 30 1 0 22 24 24 14 15 22 17 27 28 19 19 8 20 4 13 20 6 9 14 18 11 12 10 28 10 23 14 5 7 7 25 19 26 30 26 26 6 21 12 28 10 0 7 21 1 5 17 7 8 25 13 14 3 22 29 5 11 0 8
27 23 2 5 22 15 16 28 20 25 1 9 27 28 0 27 6 5 9 0 11 15 19 28 10 25 8 20 26 29 28 13 0 18 20 0 22 29 23 2 20 6 0 19 6 19 17 28 22 18 8 19 27 12 21 26 1 0 4 16 30 6 5 13 21 18 8 8 29 25 3 8 24 10 26 15 17 0 0 20 2 14 0 15 14 23 9
22 26 30 1 25 16 27 27 3 18 17 12 13 11 28 14 22 1 30 7 9 23 12 19 28 12 2 9 4 15 4 14 14 19 0 18 11 13 30 9 1 22 7 21 5 5 8 21 21 12 25 20 17 11 20 3 14 1 20 25 3 6 0 20 4 12 9 16 17 18 3 0 5 23 6 25 18 22 9 16 24 7 12 16 13 29 18
9 2 14 26 11 24 22 26 18 8 27 12 21 11 29 11 29 24 28 1 8 28 12 2 5 3 0 23 22 6 21 10 8 1 15 3 21 26 11 27 18 19 16 23 8 7 15 21 1 12 23 21 26 21 15 28 8 3 30 4 20 26 9 18 11 19 0 17 6 6 21 5 2 3 23 0 25 17 9 24 12 7 10 14 14 15 26
18 28 9 9 5 27 18 1 15 10 29 23 13 17 8 14 6 26 23 29 28 27 1 7 18 8 8 27 0 11 11 28 5 26 6 5 21 5 25 17 10 13 20 13 14 12 26 11 0 23 24 16 22 13 8 2 12 28 23 11 13 5 8 25 20 10 10 4 15 3 25 23 11 16 17 11 15 22 27 11 10 30 1 30 20 25 29
11 10 21 21 28 21 16 11 15 19 13 21 18 30 28 27 16 8 15 14 0 5 7 24 12 18 18 5 20 18 9 5 4 13 18 22 20 1 21 5 11 1 30 4 1 3 10 10 24 28 28 8 3 24 6 19 22 4 8 23 2 24 19 16 12 9 7 8 25 19 5 13 30 11 2 12 19 7 23 16 17 28 26 19 23 9 16
21 9 10 6 6 30 11 5 23 2 23 2 22 1 14 4 21 13 12 13 8 21 20 0 2 7 13 19 0 9 11 1 11 22 6 28 12 27 9 10 6 13 15 7 19 26 14 18 28 3 3 25 22 6 3 5 18 27 13 22 18 1 20 18 28 25 0 23 7 17 4 30 2 12 12 21 23 29 14 0 11 19 30 10 21 26 12
6 11 4 25 17 25 6 7 8 10 3 28 11 3 11 4 11 20 13 28 25 12 7 11 3 17 0 28 11 12 20 11 16 3 24 14 25 25 18 28 13 18 25 12 14 30 1 20 10 7 13 1 17 6 8 13 13 4 2 14 9 9 25 9 30 8 30 25 28 26 24 5 22 12 15 17 10 24 27 10 21 26 19 24 25 11 13
0 9 20 30 6 11 12 24 15 10 9 29 15 20 22 8 5 8 17 20 18 28 19 25 30 26 29 3 27 16 15 20 12 27 0 7 3 9 29 17 9 30 14 25 24 7 1 28 12 5 30 7 6 26 24 25 23 10 25 28 24 18 17 11 14 11 7 18 19 29 19 25 11 5 2 23 8 8 8 18 27 18 28 11 26 18 28
8 22 12 16 9 0 17 28 16 23 21 12 14 10 17 30 2 2 5 20 4 23 13 30 22 4 1 18 21 3 20 28 7 21 30 13 9 3 7 13 25 29 23 17 22 27 16 6 12 5 20 13 25 16 2 10 22 28 29 19 10 16 16 24 20 30 18 15 21 6 25 2 7 2 20 16 10 10 25 4 12 29 27 24 12 14 27
1 28 4 21 15 14 19 5 4 25 11 19 28 1 17 28 21 10 6 19 5 11 7 16 27 29 0 25 2 10 19 24 29 22 13 30 13 22 10 4 24 24 25 17 14 17 13 23 23 30 19 26 7 28 30 23 30 29 13 0 23 24 26 28 25 0 29 7 8 24 7 23 30 24 29 2 23 29 17 29 27 17 25 27 9 24 29
28 2 7 22 7 22 0 1 14 4 28 19 28 15 2 15 20 11 17 29 26 4 12 26 11 10 26 14 21 4 7 5 2 11 21 25 19 3 1 21 30 19 24 15 1 2 0 19 15 25 6 20 12 28 5 27 8 28 5 29 20 23 12 28 5 26 18 4 14 10 5 2 13 6 22 2 9 15 17 11 6 5 12 13 14 29 7
2 16 30 14 3 25 12 4 28 1 6 27 22 21 17 10 7 12 30 6 11 24 26 9 23 5 19 25 7 30 27 21 27 7 24 27 14 5 20 7 29 8 17 8 18 27 19 27 8 0 10 10 26 13 18 1 25 7 29 5 20 12 4 18 19 6 13 2 7 5 25 0 3 16 27 29 13 5 1 2 7 16 10 17 3 25 21
24 24 25 19 25 15 0 16 4 23 21 7 18 23 25 12 1 1 11 8 23 23 27 26 17 30 25 8 26 7 14 25 3 13 3 23 20 20 21 24 3 11 26 29 7 4 21 13 3 6 5 3 3 13 27 11 16 24 3 5 0 4 18 29 5 0 2 9 9 14 21 22 4 5 10 24 24 10 19 24 30 16 7 25 27 8 25
8 18 5 28 7 21 17 24 17 25 28 21 13 0 7 22 2 11 5 23 6 26 2 20 19 25 2 23 17 21 25 14 17 12 2 16 18 5 1 29 18 9 25 11 9 6 8 7 13 4 10 28 23 15 6 6 28 23 25 2 16 26 29 5 5 18 9 12 5 24 5 26 8 10 28 26 19 27 22 22 2 6 22 9 6 27 19
12 13 12 11 29 19 20 27 27 16 12 26 12 1 2 7 8 28 23 26 25 21 0 15 24 25 23 29 4 25 20 28 27 26 23 5 1 1 0 29 4 26 15 28 6 6 24 19 29 5 13 27 10 10 15 15 28 12 10 5 22 10 27 26 11 13 28 1 16 5 15 24 22 0 6 16 12 25 1 11 5 30 0 21 22 15 28
27 1 22 18 6 0 20 15 30 30 23 13 6 0 16 15 5 28 15 23 12 4 3 20 22 16 30 10 18 11 22 25 4 9 21 26 30 12 16 1 6 17 26 2 1 1 21 9 26 21 9 15 19 6 7 21 19 6 14 13 18 7 13 20 8 23 15 0 26 16 3 8 9 10 18 7 26 2 15 15 20 21 1 3 30 25 12
0 21 15 18 6 0 4 17 0 2 7 4 4 0 6 16 12 29 25 22 7 8 19 8 11 28 16 25 27 3 19 22 1 22 0 2 17 7 20 18 17 3 1 15 19 2 25 15 15 15 13 5 22 18 19 19 4 27 7 17 4 21 25 21 2 21 15 24 21 13 18 2 20 9 3 21 9 9 15 28 17 24 13 4 14 20 4
18 28 24 6 24 9 2 22 19 8 8 9 17 4 0 30 6 6 5 27 22 24 2 15 10 9 5 11 17 8 17 22 1 29 4 26 3 16 2 6 15 14 24 2 2 26 30 1 9 18 19 30 7 21 7 23 19 14 5 22 20 29 5 28 29 18 8 10 13 8 11 16 10 0 16 4 8 7 11 15 19 7 2 2 12 20 21
10 8 19 23 9 20 20 1 19 28 3 12 1 1 12 5 9 2 14 24 22 11 1 5 30 12 24 16 8 15 30 1 3 15 1 28 15 19 30 13 10 23 25 15 23 30 7 27 13 30 30 15 24 24 21 27 12 6 19 29 14 8 28 19 19 26 22 17 0 6 8 25 7 13 12 24 30 3 0 6 30 20 20 16 23 30 1
22 7 18 24 22 2 2 9 24 11 8 8 12 19 3 1 18 18 29 18 23 10 11 15 14 21 2 25 19 21 29 27 19 11 16 1 22 23 30 13 26 26 2 20 26 21 28 19 0 24 13 9 15 28 16 8 13 7 4 28 16 11 7 9 24 22 1 12 28 7 4 23 17 4 21 12 18 5 26 10 22 5 29 23 18 14 8
7 27 26 27 9 4 28 15 17 12 6 4 17 22 28 12 6 21 26 29 20 17 29 16 8 3 11 7 8 24 13 20 24 12 18 14 24 8 18 7 3 12 26 11 22 27 18 8 13 6 18 15 29 18 9 8 26 27 23 9 4 4 27 23 5 10 3 5 10 0 15 21 2 18 3 17 14 12 21 15 0 0 25 26 8 30 2
16 19 24 3 20 26 19 14 16 30 26 26 27 8 1 28 5 21 0 3 30 10 8 7 22 1 0 27 24 20 8 21 4 4 8 15 22 8 2 5 30 29 7 30 14 14 4 18 3 27 30 8 16 9 23 1 10 9 9 18 16 6 22 25 21 21 21 1 7 21 0 21 28 22 26 1 22 22 29 10 0 25 7 17 14 8 26
29 20 28 8 29 27 11 26 23 26 25 4 11 28 24 24 15 14 17 18 19 0 15 6 19 18 22 22 6 13 19 23 2 10 21 17 7 12 18 24 4 6 6 0 10 1 25 16 25 26 29 22 6 11 15 0 20 12 20 26 3 25 12 17 5 16 22 3 20 16 19 25 18 6 4 11 15 1 0 1 4 27 22 8 18 18 17
21 19 12 21 16 1 13 0 19 30 18 16 17 8 5 29 22 16 9 30 19 8 26 20 12 19 12 13 20 24 15 24 16 21 9 4 26 5 27 0 21 27 12 12 16 28 5 13 6 2 12 25 23 26 12 3 17 27 26 15 11 28 25 18 27 27 8 16 8 30 1 17 18 3 14 13 16 27 11 8 9 3 25 2 5 2 14
29 13 27 2 9 16 6 8 27 30 28 22 29 8 8 26 13 28 8 17 27 21 11 5 21 14 21 27 18 7 2 29 18 17 13 9 26 7 18 30 13 19 8 25 1 25 25 23 24 30 6 7 6 19 18 29 16 8 0 9 13 29 14 13 19 26 23 0 18 30 3 18 5 19 3 7 4 27 21 25 3 10 3 15 14 26 13
5 6 14 2 30 21 0 23 18 14 3 6 30 19 14 0 20 13 7 5 5 18 24 19 24 5 1 22 10 9 2 19 10 8 23 20 24 25 20 5 0 1 16 9 28 29 0 15 14 18 8 21 27 10 21 0 6 16 22 23 30 23 27 19 14 15 25 10 5 20 21 11 23 15 9 28 25 14 8 21 21 25 2 13 8 11 30
17 26 22 4 9 9 15 12 4 14 29 9 28 17 3 5 6 23 10 18 7 16 27 18 15 12 20 17 26 9 10 11 20 4 6 2 5 29 27 0 13 13 19 24 25 3 20 26 17 2 24 11 30 3 17 19 9 15 12 11 19 20 28 4 1 9 17 3 9 25 6 15 17 9 27 16 2 28 22 22 29 18 30 14 19 16 24
27 13 14 14 7 0 29 25 5 25 23 1 28 17 21 12 0 15 1 14 13 11 1 10 14 11 26 3 24 2 27 4 13 6 3 12 2 26 0 8 22 22 22 24 22 27 27 15 30 25 20 4 1 27 7 28 8 23 26 26 24 15 22 16 8 3 28 14 12 13 24 8 19 25 25 4 5 15 17 25 19 21 5 0 29 2 16
25 13 18 15 3 5 20 29 27 17 8 29 17 27 22 0 25 13 3 1 5 20 18 26 21 19 17 24 14 18 3 19 10 15 8 1 7 20 3 25 6 11 16 5 26 14 2 19 2 2 25 18 15 19 13 8 11 25 24 18 2 8 2 1 22 19 4 7 12 2 1 3 0 1 10 9 6 18 24 18 24 24 12 3 25 11 22
22 7 26 11 16 10 8 29 3 10 20 29 19 25 0 29 6 28 26 13 24 28 9 3 13 3 1 28 20 6 17 6 5 22 13 1 14 10 27 5 5 3 12 10 28 24 12 22 26 11 2 22 3 5 27 13 8 11 23 11 11 24 10 12 4 24 10 10 15 14 8 23 6 13 28 20 12 14 12 15 20 24 14 23 5 13 22
27 4 17 14 3 11 30 28 1 16 12 0 18 15 22 28 10 0 28 9 10 29 10 22 29 23 8 14 1 15 9 2 4 21 25 11 27 22 27 23 9 28 8 0 12 9 23 26 30 12 4 23 16 14 18 24 3 13 12 20 10 13 12 0 13 2 0 0 30 4 5 0 13 1 9 16 1 18 6 13 16 21 21 1 13 14 28
7 29 21 22 22 29 4 13 26 26 22 3 3 1 17 3 6 28 16 5 19 7 14 3 21 19 20 27 21 0 20 23 18 20 9 24 0 10 12 24 21 11 27 1 21 7 23 20 11 23 20 17 9 13 11 30 3 14 26 20 24 7 15 0 4 5 14 24 22 14 23 11 30 9 30 3 19 1 15 22 21 7 20 23 7 18 21
10 4 30 26 3 5 8 15 7 26 30 13 19 28 22 4 21 19 11 1 30 19 0 0 16 12 16 29 3 9 5 26 14 11 17 9 28 9 25 23 24 26 24 6 14 18 1 12 25 25 16 14 21 13 14 3 26 11 9 13 14 17 19 22 9 18 19 14 19 9 10 3 1 8 30 8 16 13 20 17 8 16 23 7 29 27 5
6 29 18 8 9 6 16 17 11 0 0 19 25 6 2 3 20 2 22 8 29 20 20 15 19 19 26 9 9 11 14 15 24 22 21 2 27 21 20 3 16 25 1 30 27 23 6 21 7 8 18 11 7 23 14 27 21 8 18 21 20 6 27 30 0 11 27 6 26 4 20 30 6 15 16 21 8 9 22 4 15 14 22 4 16 15 11
8 14 25 19 30 10 6 28 10 22 13 7 11 11 17 22 6 17 15 18 1 10 14 18 24 26 7 6 13 27 10 16 28 25 3 16 0 4 12 24 29 28 11 30 29 17 29 1 24 11 26 8 5 25 5 8 16 18 0 18 20 8 6 10 22 25 9 10 18 18 7 12 27 2 13 30 23 15 22 30 13 29 29 8 5 29 23
24 3 15 4 2 1 2 0 26 30 12 0 7 4 14 21 6 17 15 8 19 26 22 1 29 2 21 7 23 9 16 10 17 23 15 16 27 24 0 15 26 26 8 5 12 23 27 5 5 10 24 18 13 13 18 2 3 0 27 5 16 21 5 14 7 6 2 8 6 29 24 25 16 30 12 9 4 22 4 9 12 3 9 13 25 9 27
23 15 22 1 15 24 11 26 17 16 11 24 26 6 22 21 0 16 8 15 18 7 17 26 23 14 12 2 16 23 5 30 15 1 11 12 20 6 17 30 13 12 30 19 3 4 24 24 30 25 18 2 1 16 14 21 2 9 13 9 7 6 25 8 21 12 30 1 16 0 19 8 14 29 12 26 5 19 18 22 18 4 0 23 17 3 13
11 3 29 22 21 4 10 30 6 15 4 22 6 21 23 3 22 18 20 15 17 30 4 7 2 13 14 4 22 10 29 28 18 9 18 4 26 8 13 13 2 3 17 6 3 7 29 30 18 26 25 5 6 21 18 14 0 9 22 15 6 4 13 24 2 3 18 10 18 12 20 0 20 18 4 7 7 30 3 28 20 17 2 1 1 3 1
15 9 30 25 22 27 4 24 17 23 0 30 8 9 5 30 15 8 15 29 14 10 25 19 16 19 4 13 28 21 29 6 28 4 15 11 25 23 10 7 25 23 30 26 6 29 17 22 3 24 14 3 3 0 3 12 15 7 22 6 17 24 21 6 24 27 16 24 3 2 22 9 9 26 4 16 3 22 11 15 18 24 0 27 21 13 27
29 22 22 6 16 2 25 18 23 14 4 1 4 3 21 29 2 1 6 13 23 23 26 21 21 28 5 24 19 0 9 14 4 1 22 5 8 6 14 13 4 23 10 6 10 30 24 15 28 21 23 21 29 7 5 9 24 10 26 2 20 0 3 16 16 1 16 14 10 24 13 0 11 17 13 4 19 13 0 20 3 15 1 24 30 17 10
14 5 19 16 15 30 0 23 11 1 13 22 29 13 9 6 20 16 23 6 19 26 19 8 29 13 17 2 9 6 30 2 21 8 23 12 25 22 27 14 7 13 26 1 15 22 18 11 4 18 1 28 20 30 9 26 18 17 14 13 27 11 0 23 16 16 12 2 9 14 7 5 11 4 0 13 3 23 15 6 24 8 7 16 10 11 8
12 30 28 5 20 29 24 8 26 10 20 6 20 21 7 18 17 12 14 27 21 29 8 7 24 1 16 3 9 18 30 1 4 11 13 22 24 26 0 16 9 15 4 30 26 14 25 13 13 17 26 15 13 1 11 9 22 3 26 28 12 7 2 21 21 13 10 15 16 6 13 29 24 27 24 15 25 5 8 29 25 13 6 17 16 12 9
15 22 4 25 5 19 3 20 11 21 1 21 24 19 15 24 11 12 8 5 20 25 1 4 7 8 18 6 3 29 21 21 5 23 21 30 6 1 24 1 20 27 1 3 27 9 15 24 18 4 27 16 1 27 5 7 17 13 12 2 22 10 6 8 23 8 1 16 0 14 13 28 16 16 0 27 9 1 27 7 16 2 17 14 28 27 19
25 13 21 26 1 3 18 26 23 13 3 0 25 5 28 4 11 7 6 13 17 24 20 6 4 2 0 27 29 11 19 21 7 12 0 26 3 21 1 0 11 5 8 18 0 21 16 29 29 15 29 30 25 1 21 17 3 30 6 30 14 27 9 24 12 10 18 21 0 7 23 20 24 22 25 4 9 21 3 21 23 8 1 22 25 22 22
0 23 4 17 19 16 26 11 7 16 3 15 12 24 4 18 6 18 6 5 0 13 4 7 23 11 18 16 30 10 2 0 21 5 12 22 22 23 18 2 0 16 30 16 17 1 28 5 1 15 16 25 30 8 16 22 21 4 8 21 22 17 14 17 10 15 5 27 28 8 23 19 30 3 28 22 5 3 19 28 29 10 2 19 18 5 15
17 28 14 13 13 3 21 3 25 17 21 25 12 25 19 5 6 6 17 1 26 9 15 2 16 12 13 3 22 19 27 20 22 6 14 3 25 13 10 28 22 8 19 10 24 1 8 28 21 13 6 17 0 4 13 13 11 3 21 13 29 13 26 13 4 17 4 19 19 17 11 0 4 3 15 19 9 26 30 20 26 9 9 17 27 30 14
19 1 4 30 5 18 17 15 29 5 17 5 28 22 17 29 6 11 13 16 7 9 13 9 30 11 18 5 25 5 12 25 24 4 8 20 26 11 17 29 29 3 27 0 12 3 0 7 20 2 9 1 11 25 2 11 1 26 18 0 10 14 12 29 15 2 29 2 25 8 2 21 12 8 23 25 28 12 14 23 10 2 18 18 24 7 6
3 22 24 12 15 19 21 27 25 18 24 10 1 15 22 1 24 25 26 27 11 24 30 3 14 22 16 25 26 11 0 3 18 0 19 2 14 15 20 17 9 16 9 11 25 17 5 11 22 7 23 19 22 29 27 20 2 24 2 18 15 15 20 4 29 15 23 16 12 5 10 11 7 1 24 28 10 23 19 30 16 27 11 0 18 28 17
1 11 25 9 5 22 20 24 7 15 23 19 0 8 24 23 10 30 4 17 15 7 15 20 24 11 15 9 11 14 26 14 28 11 11 4 13 25 23 16 28 26 14 17 15 5 25 17 23 27 15 30 17 29 28 14 19 6 29 3 10 6 10 9 30 22 25 24 30 1 4 10 22 26 25 12 16 24 10 6 8 22 9 17 20 29 11
20 6 20 27 3 30 20 25 5 13 19 6 22 7 26 17 9 13 11 1 16 13 13 0 11 2 8 11 20 17 30 14 1 1 20 3 23 27 20 11 15 11 8 14 21 23 12 30 15 7 14 17 21 13 19 13 6 5 19 5 28 2 1 28 10 3 30 9 4 25 28 23 9 14 22 7 9 23 12 3 8 10 16 15 0 4 8
19 28 4 8 9 7 6 19 26 14 28 27 29 27 13 13 19 19 19 13 14 26 26 13 1 19 12 30 3 1 26 3 20 16 7 1 28 11 2 12 1 9 3 1 7 26 6 9 18 21 5 20 10 16 9 2 28 4 15 0 2 14 25 23 19 15 2 14 30 15 17 20 10 5 23 29 16 30 0 18 3 21 12 15 14 4 25
21 9 15 8 12 8 8 8 4 13 0 0 30 19 26 23 13 24 26 26 12 27 10 26 22 26 11 20 26 6 1 4 23 30 12 5 30 21 7 5 9 10 22 13 13 25 15 6 6 28 30 5 15 17 21 12 23 16 8 15 7 9 3 17 30 30 4 9 14 24 1 30 19 26 3 17 11 8 6 0 16 14 29 23 3 30 0
26 28 29 8 29 13 10 6 22 18 29 16 11 30 1 19 28 22 20 30 10 7 24 20 3 5 15 3 26 7 10 8 23 27 4 5 10 27 20 20 25 22 7 24 20 24 20 6 10 2 9 8 15 16 17 13 15 7 17 27 27 3 6 11 15 27 24 6 6 30 1 0 23 17 28 7 15 11 21 28 9 29 27 25 1 25 8
14 16 16 2 1 14 13 22 18 6 27 18 14 18 26 13 21 29 21 1 12 10 24 8 9 22 21 12 10 8 19 28 11 9 2 27 3 20 20 1 24 5 21 0 29 24 5 4 1 19 14 24 21 18 6 16 25 26 30 13 24 1 22 25 16 23 26 7 19 6 9 13 15 28 19 24 27 19 23 24 2 23 11 2 16 27 0
2 3 9 30 27 7 21 5 16 8 8 29 21 26 22 21 21 26 26 12 1 6 24 7 29 6 26 2 7 29 8 10 25 3 8 15 7 5 6 5 1 14 3 27 22 30 17 1 21 4 22 15 3 29 20 15 13 29 16 2 10 22 21 10 19 15 30 2 30 22 16 5 29 15 1 23 13 11 14 3 28 24 6 2 30 13 12
30 27 21 20 9 27 6 9 11 1 13 6 23 27 27 29 3 21 3 19 3 0 26 23 16 21 27 23 11 2 13 0 13 6 25 7 11 12 1 12 26 23 27 25 24 14 5 27 29 0 5 27 16 23 6 12 22 18 9 0 28 27 6 19 6 15 3 12 29 22 7 25 20 15 13 11 4 22 24 0 1 1 15 3 25 9 3
14 21 10 11 12 16 23 4 0 7 4 13 7 17 16 7 26 14 10 26 16 2 2 25 16 27 2 16 5 22 23 18 29 12 14 29 15 13 27 10 17 15 8 20 6 20 0 16 15 0 25 3 5 2 27 21 16 13 29 11 14 2 27 4 21 7 29 25 16 8 23 24 24 28 30 15 7 26 18 7 17 15 16 11 23 29 20
13 8 4 16 24 11 12 19 20 2 8 28 18 11 13 23 3 22 18 22 18 5 17 18 12 15 1 25 10 9 25 6 26 16 10 6 8 19 23 18 5 22 26 21 10 26 0 21 10 24 0 25 26 13 13 25 19 1 11 14 21 8 17 13 8 14 14 4 24 27 18 1 24 30 14 6 16 22 11 17 12 3 1 2 24 11 3
17 18 8 25 13 5 2 3 30 11 18 15 3 5 26 19 4 21 11 16 0 26 24 0 15 3 20 17 26 0 21 15 6 17 2 22 7 24 27 13 12 28 26 15 8 28 18 3 30 19 22 12 18 5 8 30 11 29 6 17 24 20 26 17 11 8 0 7 5 1 16 9 2 1 8 10 6 22 20 18 13 14 24 24 15 2 11
25 1 7 2 7 27 28 12 11 28 20 17 5 18 14 9 0 25 9 21 2 9 0 14 29 15 13 3 22 28 16 4 24 7 1 25 16 7 30 7 13 28 22 8 29 20 15 7 15 26 11 22 30 20 27 29 18 26 13 9 21 8 9 0 6 10 19 14 23 8 24 15 28 1 5 17 14 7 4 20 24 26 24 26 0 9 15
3 30 21 30 5 6 13 1 10 14 3 16 26 12 11 23 24 24 7 23 15 0 23 3 8 28 5 17 27 2 8 18 20 21 22 14 18 14 14 13 27 3 22 23 16 1 28 5 1 28 1 8 16 23 23 3 2 5 15 13 3 13 11 3 11 4 11 12 10 1 22 23 29 20 10 1 13 8 18 13 30 5 26 4 25 15 4
22 10 15 8 16 15 26 20 17 25 18 10 24 18 20 15 3 28 10 2 0 16 5 28 26 27 16 4 5 25 4 15 6 15 27 5 17 3 0 5 3 7 11 28 21 22 12 3 1 16 7 17 16 28 3 30 5 2 26 6 23 30 25 25 17 8 29 8 10 1 8 13 25 2 2 25 6 7 20 9 5 6 28 8 14 6 24
27 23 8 26 17 13 24 7 1 16 23 30 15 7 11 15 17 12 18 22 27 20 8 25 9 3 9 17 11 27 15 2 6 28 20 1 13 19 10 21 26 0 3 28 15 16 18 19 25 27 14 2 28 11 25 12 2 28 5 25 23 24 21 30 15 16 12 21 25 8 23 18 15 0 15 26 30 21 13 11 23 14 15 6 23 3 6
17 10 27 10 8 1 16 5 17 21 24 18 30 11 13 24 14 20 0 11 19 26 26 29 9 1 16 15 28 5 7 28 1 12 25 8 24 28 9 22 5 21 15 3 18 6 8 18 18 29 15 20 7 13 20 23 6 26 1 28 9 3 25 5 30 6 8 12 1 11 0 21 15 16 15 11 5 12 23 30 24 9 23 7 21 26 18
9 9 13 25 7 17 3 20 28 13 12 1 19 17 20 6 3 3 26 27 26 27 18 12 18 2 25 15 21 11 27 13 15 3 21 24 19 9 1 19 6 18 27 3 0 4 7 25 21 6 12 21 29 21 21 10 6 20 28 14 20 2 27 5 4 10 23 25 1 15 2 28 6 9 17 25 20 11 10 3 17 24 20 19 29 10 12
4 30 23 21 6 29 7 17 11 22 8 11 26 18 10 0 9 25 14 26 28 12 27 4 16 9 14 8 29 10 6 12 0 20 12 3 30 8 1 8 5 25 14 2 10 9 7 20 26 15 19 25 4 24 5 23 8 19 23 11 16 21 2 30 6 19 26 22 21 11 21 29 13 5 10 24 28 4 12 19 0 22 13 21 29 12 30
27 29 17 6 5 1 14 7 18 22 12 20 1 19 18 20 28 20 5 1 26 5 21 10 30 22 14 27 22 12 17 18 30 2 7 24 17 15 0 23 28 24 15 16 6 13 21 15 1 10 5 4 3 22 11 10 11 10 19 26 6 2 10 1 12 14 13 29 27 30 21 14 30 6 11 4 21 23 13 17 7 9 11 22 21 21 26
4 9 22 0 29 22 24 6 8 3 16 0 16 7 30 27 13 21 10 10 18 19 1 23 15 4 18 19 21 19 13 18 24 11 0 10 25 6 24 22 7 7 28 30 1 13 29 16 17 6 20 2 18 7 5 24 5 27 26 24 10 10 14 29 2 20 29 21 12 16 17 11 21 13 14 27 24 19 8 19 27 25 25 20 13 15 10
26 25 21 16 30 14 21 7 8 0 29 13 5 23 25 25 8 8 27 7 13 7 3 15 9 24 18 21 0 15 2 23 1 16 17 12 4 23 26 22 10 0 10 8 5 29 16 3 4 26 6 13 12 21 13 6 8 13 10 21 21 23 30 29 12 21 27 16 18 12 14 20 16 22 13 14 29 20 8 23 1 12 16 11 29 20 24
23 30 6 27 1 18 5 5 21 8 9 12 0 17 19 14 18 7 22 11 8 19 1 3 0 28 7 13 7 5 6 6 3 6 9 26 6 13 7 25 25 20 27 13 18 13 5 7 12 9 24 23 26 21 2 24 9 4 7 23 8 30 23 21 15 26 19 24 5 26 7 29 25 22 22 22 0 17 3 28 11 7 29 30 30 0 26
15 2 2 2 6 27 26 5 11 1 1 16 10 20 3 2 13 7 1 15 17 4 21 13 4 7 7 26 23 24 28 12 23 12 17 15 0 1 7 7 14 20 4 22 18 3 20 18 24 8 17 9 0 7 14 3 25 27 11 0 14 3 13 30 22 4 4 23 15 20 15 17 3 5 22 17 10 12 3 22 29 15 2 12 13 3 23
6 14 11 3 11 4 17 2 13 7 17 27 24 11 19 2 27 13 26 8 6 4 30 15 0 25 20 26 23 3 20 5 6 2 18 22 15 7 2 30 30 3 27 5 1 11 23 14 0 22 1 5 0 2 5 17 20 21 21 19 1 27 7 4 20 13 23 9 11 15 10 23 28 12 30 13 14 26 16 10 27 29 23 27 12 29 26
29 25 19 23 8 19 12 3 4 1 1 6 11 23 7 8 11 1 3 11 9 29 2 1 12 4 11 21 19 5 0 5 8 23 15 8 0 8 20 18 5 27 25 1 22 27 15 28 3 28 27 12 18 3 23 25 13 29 3 18 27 22 25 23 3 21 29 6 9 30 23 26 15 29 21 25 5 20 14 2 18 12 26 0 24 25 21
15 25 11 18 27 13 6 5 19 3 13 8 29 18 7 29 1 4 28 0 21 18 23 24 23 14 21 5 29 7 26 13 8 19 29 6 6 28 22 29 12 11 28 2 2 21 10 8 13 8 1 29 4 1 25 14 3 13 27 20 26 3 12 23 24 23 4 17 13 2 30 1 25 21 9 29 0 25 22 3 16 2 29 29 7 25 5
21 1 0 1 29 24 1 23 15 30 16 19 1 23 10 7 0 27 7 12 8 26 10 10 26 17 7 13 9 6 23 10 23 26 21 21 7 23 24 18 11 17 6 27 26 5 24 18 5 13 29 12 22 7 17 14 6 20 1 5 30 24 21 21 22 25 18 26 16 19 30 7 8 27 24 4 17 30 13 15 14 25 15 23 30 1 4
8 1 27 19 11 24 1 29 28 7 0 24 20 28 28 26 12 24 21 0 17 21 0 26 11 30 27 7 26 1 28 15 12 5 0 25 28 1 15 3 30 26 15 19 28 24 3 25 3 10 7 6 29 24 13 26 17 2 13 3 22 26 1 11 3 22 13 26 19 8 11 25 14 7 10 21 27 24 0 30 11 7 5 24 16 17 23
4 16 5 13 12 15 30 27 24 8 18 29 24 20 4 12 13 30 25 22 2 17 8 1 18 20 14 12 6 23 26 25 27 20 7 5 30 21 28 26 1 7 5 16 22 1 25 26 24 23 13 14 14 5 5 29 0 29 9 24 27 17 19 21 19 5 17 22 27 19 19 7 21 3 27 27 25 26 21 13 3 29 11 7 16 28 3
2 16 4 6 29 14 11 13 9 3 7 19 9 17 16 22 7 26 4 3 28 4 29 1 2 14 2 17 19 7 14 29 27 15 28 27 11 7 10 30 21 9 9 24 25 28 4 19 17 1 26 12 8 7 22 17 14 18 4 21 16 2 4 20 22 15 15 24 23 11 26 0 23 20 8 19 10 26 19 26 29 10 10 27 2 1 13
14 24 27 3 10 17 29 7 8 12 27 19 9 22 18 19 18 13 27 16 12 3 1 4 2 7 4 3 17 27 0 26 27 10 4 27 5 8 5 25 25 17 7 22 6 29 19 10 10 12 30 21 27 17 10 12 24 19 5 4 6 15 23 14 15 25 21 17 14 10 30 17 11 30 21 28 30 0 28 18 7 3 19 10 29 10 4
21 29 17 26 7 3 24 25 29 4 7 20 11 28 12 25 8 22 10 16 16 26 23 22 28 12 22 12 7 14 20 16 27 18 12 16 15 17 13 18 27 23 6 18 0 4 6 13 1 12 4 9 20 15 19 25 16 0 0 5 2 28 18 1 6 26 18 13 23 1 29 11 15 14 19 4 28 3 6 13 18 5 22 15 22 6 27
15 10 14 27 4 9 28 5 2 16 20 7 21 22 23 0 28 1 19 14 9 8 30 19 25 7 21 16 26 8 6 13 25 11 23 25 22 0 22 10 12 28 30 13 10 5 18 4 20 23 22 9 16 8 7 22 3 9 15 18 14 8 28 21 4 24 8 20 1 28 6 15 6 11 3 15 1 8 14 26 4 8 10 26 14 5 9
21 3 14 9 13 21 0 0 4 17 21 12 22 25 20 6 6 13 21 17 5 25 26 14 9 28 12 12 24 17 26 29 7 18 4 30 9 23 22 12 18 15 21 4 3 12 28 18 8 6 19 9 10 23 18 25 10 27 27 12 15 15 23 16 5 4 20 0 13 29 27 25 24 23 28 29 24 3 19 22 5 13 28 0 9 16 27
26 5 19 15 27 26 9 28 2 20 28 17 19 29 20 8 8 20 1 7 7 13 15 14 28 8 19 25 19 13 22 24 28 5 20 7 25 7 9 27 9 21 30 13 18 22 1 5 23 23 3 4 3 13 18 0 8 16 23 26 18 12 14 24 5 3 19 1 3 2 22 11 19 6 7 11 8 25 5 23 0 28 6 23 20 1 20
