89 89
29 14 14 13 18 19 8 22 14 1 20 7 5 7 15 7 22 6 4 11 10 18 23 0 27 27 12 18 20 7 3 4 25 0 4 18 11 24 9 22 27 19 9 30 25 15 3 12 23 27 0 4 25 4 2 15 9 13 5 22 24 0 23 6 27 5 15 10 7 22 15 7 3 7 19 24 12 19 18 13 22 12 12 5 17 17 21 21 24
14 19 30 24 5 12 14 9 5 7 2 29 19 5 9 8 0 12 1 10 24 19 8 19 20 19 24 6 2 3 23 18 13 12 6 7 10 11 3 0 28 0 4 22 10 1 29 23 0 10 28 6 26 12 2 17 19 18 5 27 4 13 15 25 19 0 11 26 15 21 5 2 28 0 14 12 19 24 4 26 22 23 7 23 11 19 24 7 24
20 18 6 5 0 21 22 11 11 18 22 12 10 15 20 0 8 9 7 3 3 6 2 24 1 19 4 25 23 15 4 26 26 14 13 22 14 9 23 7 26 10 25 13 0 2 2 24 17 16 15 1 28 18 21 13 8 21 30 28 8 5 12 13 13 12 27 4 25 6 26 4 20 4 28 17 19 29 30 23 6 19 23 21 16 21 30 29 29
0 30 6 14 30 1 20 24 5 5 27 6 14 14 11 23 11 13 18 14 22 18 5 7 25 5 2 0 20 19 26 17 10 15 2 7 18 22 20 10 25 16 14 5 18 25 15 2 29 24 3 1 4 12 9 30 3 27 14 20 29 29 16 8 13 5 2 5 26 29 17 3 26 10 16 26 25 8 7 5 21 27 30 18 9 3 10 4 29
0 19 25 29 6 24 21 28 4 12 20 3 17 20 5 15 16 30 10 3 7 7 6 14 1 17 15 11 13 11 16 20 0 1 22 4 1 18 17 29 27 16 5 24 18 2 3 11 24 4 0 6 19 26 5 8 10 11 22 7 20 30 7 1 27 27 2 18 20 7 8 15 13 11 2 21 20 1 12 23 3 27 16 11 8 11 25 27 28
14 28 8 8 16 30 15 15 17 1 6 29 2 9 28 15 2 15 28 21 30 29 3 9 17 18 24 26 20 22 11 1 0 21 24 6 29 11 7 3 23 12 0 29 27 16 20 7 25 18 9 15 18 5 17 23 24 13 24 27 19 16 23 4 13 11 23 11 29 5 1 8 30 14 17 4 4 21 23 12 11 12 16 30 12 24 20 25 25
24 16 29 26 24 18 5 30 7 11 24 10 24 27 10 0 5 26 9 9 18 17 30 13 30 20 10 3 20 11 24 26 15 14 8 25 24 12 29 6 9 22 11 28 29 10 14 7 4 12 21 25 6 13 27 18 18 28 19 17 13 3 30 20 4 26 10 14 21 2 10 11 25 20 13 22 8 20 2 17 2 1 3 2 12 30 4 23 1
24 24 18 17 18 4 24 23 10 8 18 8 12 25 10 30 3 12 13 14 0 22 20 20 25 1 30 11 6 27 22 16 22 8 24 7 14 21 26 8 25 1 1 1 22 22 28 22 16 14 4 27 6 24 21 26 12 11 20 22 16 14 28 30 8 4 0 24 24 28 9 24 18 10 27 21 23 21 18 20 6 8 17 1 15 12 6 14 27
21 3 7 29 24 23 20 11 23 30 28 11 8 2 29 20 24 26 12 2 7 29 12 27 18 28 8 25 24 1 29 11 20 27 15 8 8 26 14 16 3 7 27 29 1 2 11 7 0 18 11 7 29 23 21 20 16 5 0 10 30 26 17 17 1 21 13 8 17 29 24 18 27 22 27 27 5 21 23 0 24 0 1 18 14 23 3 0 7
8 22 26 0 25 25 0 1 19 7 25 16 6 27 23 17 23 10 3 12 24 9 15 26 0 12 16 3 15 30 1 8 7 20 6 2 20 20 17 30 18 7 16 11 7 10 11 23 29 12 0 6 3 0 12 0 23 28 1 25 7 14 16 3 29 9 0 8 6 11 24 22 15 1 20 10 14 22 13 9 22 2 12 14 5 6 11 18 8
11 4 24 20 30 24 9 20 6 10 10 7 11 19 17 3 16 16 18 25 0 9 13 13 0 10 16 24 14 29 2 13 4 7 1 20 1 23 4 28 15 24 22 26 11 4 23 29 15 12 5 5 17 20 1 5 29 30 9 14 25 20 16 22 8 22 2 13 27 29 23 24 29 23 20 29 17 26 9 27 1 25 9 17 26 12 20 1 25
2 12 9 16 27 24 19 9 13 5 2 8 17 10 7 18 13 22 26 6 15 2 20 28 9 30 19 27 12 10 23 25 12 5 9 0 20 6 30 18 17 17 13 29 17 9 26 19 6 8 13 7 13 1 27 16 10 7 23 25 11 19 24 17 5 19 30 23 20 26 1 6 18 16 17 30 12 6 16 24 1 9 12 20 5 1 14 30 21
10 5 4 6 5 30 23 28 8 2 21 21 1 30 20 9 0 20 29 16 5 13 1 11 7 26 0 4 7 11 23 1 5 17 16 19 14 3 30 0 14 19 26 6 20 16 26 4 22 5 2 25 30 16 1 2 6 13 1 15 4 4 18 18 10 13 0 20 1 26 13 8 5 1 30 17 15 6 23 7 1 20 1 29 4 18 4 29 16
20 0 30 10 11 25 16 8 11 7 23 21 24 27 15 2 14 3 6 18 6 21 16 21 3 19 4 12 9 25 2 5 16 12 13 14 29 24 7 2 2 29 19 23 29 5 20 8 20 22 23 19 4 20 16 8 8 23 13 13 8 19 29 14 9 22 18 19 6 6 21 15 11 15 9 5 30 10 20 30 30 11 9 5 21 17 29 26 27
8 2 2 5 25 4 30 18 27 5 3 16 5 2 6 3 24 9 6 4 4 12 13 17 19 12 1 22 1 11 7 13 17 8 3 22 9 0 27 20 30 21 9 17 17 4 18 29 1 12 21 6 27 24 29 11 22 21 3 27 29 30 16 29 20 27 24 25 19 18 27 30 28 19 28 19 20 4 30 12 9 10 11 0 20 25 17 15 4
25 1 7 15 10 0 27 7 20 1 30 14 1 5 8 17 30 2 9 10 14 25 21 21 8 30 2 20 7 10 7 8 16 26 26 9 8 8 0 28 16 6 18 10 1 0 17 22 28 14 11 0 24 3 20 9 28 12 4 11 21 10 2 19 6 3 25 5 24 21 11 2 8 9 18 15 25 10 30 24 6 28 16 16 29 23 24 4 24
17 30 4 5 30 20 1 28 14 3 5 8 20 18 14 24 1 2 19 5 13 25 6 13 13 30 17 3 8 15 11 17 16 10 23 0 4 0 11 26 30 7 28 18 29 22 21 14 3 18 23 19 7 1 1 10 10 24 8 18 6 27 27 0 30 16 30 26 26 10 28 7 14 10 2 23 16 24 6 13 8 2 13 1 28 1 11 6 14
27 21 6 30 28 18 4 6 23 27 21 24 28 17 4 17 9 18 3 27 5 25 5 28 15 15 4 0 23 23 8 14 29 21 3 25 0 9 29 22 18 19 6 1 13 11 27 2 24 7 22 2 16 12 25 23 7 26 14 4 21 14 3 9 26 1 27 12 25 15 17 9 19 30 18 2 29 22 8 23 30 29 1 0 4 16 22 6 27
17 15 29 15 18 7 24 12 7 10 4 30 21 25 16 8 11 6 22 22 10 18 18 7 8 30 4 8 30 20 12 30 28 14 19 30 17 11 27 23 11 29 14 9 2 13 15 26 5 14 12 23 22 9 24 2 30 8 20 27 12 22 29 26 12 11 13 22 19 15 15 19 15 3 22 14 2 11 16 12 12 9 12 21 0 17 24 29 20
6 29 20 21 7 18 8 13 10 10 3 19 29 6 22 30 10 16 30 10 25 3 2 20 18 12 25 11 20 13 29 9 1 13 0 27 15 14 19 2 13 24 12 7 4 20 18 18 4 27 22 27 26 28 23 3 28 14 9 22 15 28 3 1 15 12 28 5 20 29 2 15 3 3 29 18 23 30 26 27 6 15 13 25 12 19 14 4 28
9 22 8 13 30 13 5 14 6 11 23 27 17 4 16 13 11 4 11 5 14 5 0 24 2 11 7 16 7 25 9 26 24 3 6 19 8 4 16 5 25 7 21 3 10 26 14 25 5 21 11 6 30 21 5 18 28 15 9 16 29 23 8 5 22 24 25 28 20 3 16 22 20 1 3 18 7 7 26 30 24 18 16 15 10 30 26 24 28
12 7 19 9 14 18 6 25 3 10 8 0 18 5 19 1 18 16 17 16 11 15 11 30 1 3 8 18 0 1 21 11 4 22 24 19 28 20 23 22 4 17 30 17 5 15 3 19 1 29 27 24 12 15 6 15 11 26 23 2 23 10 23 28 7 4 29 25 25 26 6 6 5 8 2 28 28 29 1 27 11 1 8 10 20 26 5 13 28
2 16 1 28 26 21 8 18 12 17 20 1 4 20 26 27 6 10 13 19 18 8 27 1 24 6 13 11 23 25 11 28 28 22 7 24 6 3 24 21 20 23 3 28 0 19 1 22 4 1 8 9 9 17 27 19 6 22 11 10 3 3 11 8 15 20 15 1 1 5 17 8 21 3 27 5 13 4 1 22 10 30 19 8 15 1 20 1 3
4 9 25 9 20 22 22 29 3 2 6 27 10 27 28 27 27 0 13 19 28 26 24 15 9 28 23 24 24 3 9 26 2 5 10 0 17 21 6 13 30 19 12 21 22 8 6 15 24 30 12 14 23 1 2 12 7 11 12 29 4 17 28 5 18 4 24 15 29 24 4 19 29 25 1 21 10 11 8 17 19 1 10 21 28 25 17 20 30
21 11 14 4 18 15 15 28 10 17 11 24 11 6 28 2 2 29 22 26 24 28 26 28 10 3 21 14 5 11 25 10 13 2 2 23 30 16 19 24 18 14 28 8 24 7 2 22 2 30 5 13 11 15 4 3 5 10 24 27 20 10 30 29 23 1 14 18 26 21 12 13 11 22 6 6 19 14 29 20 19 19 19 8 20 9 8 2 30
8 6 29 26 25 9 16 4 30 19 30 7 24 27 2 16 14 25 13 19 18 9 16 8 28 14 7 1 0 18 23 21 11 4 14 22 2 9 14 8 20 0 12 26 25 15 2 6 12 0 7 30 4 17 19 17 30 11 9 30 20 15 29 19 9 3 16 4 0 21 3 28 25 10 1 20 11 12 10 2 12 1 4 18 22 17 15 14 14
3 20 6 6 1 3 4 9 21 13 23 15 25 12 7 6 14 10 12 22 16 9 24 27 24 24 24 19 8 5 18 1 10 3 16 21 19 27 12 21 25 8 19 24 16 26 21 3 1 16 4 24 20 6 2 27 5 24 27 21 0 8 10 18 6 21 8 7 5 23 30 25 20 7 27 9 0 26 10 0 21 28 13 1 6 11 10 17 5
25 4 16 2 23 12 20 21 21 26 10 11 0 15 2 25 6 21 18 16 16 26 27 29 20 20 19 8 17 26 22 29 12 26 7 1 24 23 8 16 9 20 12 9 6 24 15 29 24 4 8 15 14 26 25 3 2 1 22 5 11 28 10 23 4 21 20 9 9 1 30 1 29 18 21 20 16 6 27 13 5 14 8 15 6 8 24 8 17
7 23 23 26 12 20 24 5 27 5 29 4 8 2 26 4 6 16 1 0 6 24 21 10 30 15 27 29 27 22 20 19 10 24 24 15 20 3 15 3 9 11 26 17 30 13 5 11 24 15 28 27 24 25 1 10 25 28 23 2 2 13 23 6 13 1 6 9 10 13 2 0 6 24 15 29 1 1 17 10 8 8 17 24 12 28 28 2 14
17 5 4 4 20 28 11 30 24 10 15 18 12 5 4 3 19 30 21 2 25 19 25 28 26 19 23 3 7 7 15 24 5 0 6 6 29 17 5 5 11 17 28 29 3 26 10 15 18 29 8 21 26 22 19 23 12 19 17 18 28 25 14 4 30 13 5 13 21 10 30 20 9 21 8 6 21 24 12 1 21 25 28 15 11 0 2 24 23
6 29 8 30 14 1 2 21 17 1 0 6 5 21 14 12 20 11 11 7 3 28 3 19 9 10 30 4 12 25 20 17 5 22 4 19 8 29 28 5 30 27 20 20 28 9 6 4 28 25 12 27 17 28 11 27 7 13 26 23 30 0 20 5 24 30 0 11 15 0 16 2 11 12 8 19 15 24 18 5 4 25 9 2 29 11 15 22 3
5 12 8 29 7 14 0 3 10 13 21 29 4 30 29 6 7 3 0 24 25 8 25 10 18 28 0 24 26 15 10 19 24 11 26 21 21 5 16 22 17 22 20 3 5 22 5 3 22 4 17 28 29 28 29 16 6 17 20 22 22 30 22 14 3 17 8 10 9 5 5 28 7 23 9 24 28 25 25 18 24 22 12 18 2 16 5 4 17
3 4 21 23 30 3 16 0 8 23 10 28 29 4 27 19 1 14 10 29 10 12 16 3 30 26 7 22 17 23 16 25 0 3 30 16 20 7 7 6 18 17 18 19 29 9 15 29 13 5 26 5 3 18 8 7 15 5 2 2 11 14 7 2 0 19 22 24 29 4 3 17 22 0 9 21 15 10 6 17 18 11 26 10 11 14 16 19 12
10 22 7 6 13 12 2 15 16 16 12 5 5 19 25 24 13 10 8 17 3 10 18 3 12 15 26 13 13 0 25 7 17 13 18 12 26 20 4 20 6 14 6 6 27 11 29 11 24 22 0 20 18 9 14 25 16 7 29 5 18 2 7 8 6 22 10 16 16 23 18 1 6 5 18 10 11 1 0 10 12 21 3 23 12 10 29 10 27
1 6 11 17 0 24 11 6 10 26 21 28 26 1 15 7 5 26 18 25 29 30 5 23 18 19 0 5 25 18 18 26 23 29 8 2 4 18 22 15 12 4 14 20 27 23 7 11 8 5 26 18 30 5 25 12 19 29 23 24 26 25 30 3 4 2 23 21 13 24 26 16 30 18 10 10 5 17 15 7 8 5 8 22 5 1 29 8 12
20 12 15 25 5 25 25 13 7 4 4 29 19 6 22 21 1 3 3 4 19 19 8 20 8 28 28 16 13 10 9 27 2 30 1 7 28 22 11 30 16 9 24 5 11 26 15 23 7 8 28 6 28 12 0 26 4 9 27 6 11 5 5 21 11 14 7 4 2 5 16 8 3 14 17 30 9 9 4 14 22 13 8 13 1 28 16 7 8
4 13 9 6 2 28 23 2 12 7 12 3 18 23 5 14 27 30 6 15 22 28 5 16 11 27 17 27 15 10 14 16 7 7 27 7 1 29 29 8 30 27 28 16 15 24 29 0 3 27 24 20 9 15 2 24 14 25 4 12 30 14 28 19 22 24 25 4 27 29 6 2 13 3 0 26 16 24 26 13 19 18 11 12 11 1 7 4 13
24 19 16 5 29 21 2 12 19 18 20 18 16 30 13 6 12 11 10 15 9 11 12 14 30 28 18 22 18 11 8 10 2 21 10 20 10 10 26 19 18 1 21 15 14 1 20 19 19 17 17 28 24 9 19 23 1 25 0 3 28 23 15 25 2 7 8 1 4 25 30 30 1 12 28 18 8 10 14 11 29 14 4 8 26 21 1 10 11
19 11 29 15 6 15 1 4 19 29 4 15 6 29 14 25 15 23 14 23 16 12 5 5 4 21 9 2 17 26 10 7 25 19 25 7 0 28 11 4 5 21 7 12 15 11 1 1 26 19 19 28 5 24 4 0 4 7 29 25 11 6 27 20 16 3 18 30 18 22 12 21 22 15 30 15 13 8 7 28 16 9 7 15 2 14 11 15 12
0 17 8 13 1 7 24 3 18 24 29 8 18 23 27 8 16 14 14 19 0 6 12 14 2 2 12 5 8 25 7 19 21 20 6 8 5 14 1 26 25 26 2 3 26 14 2 8 23 30 16 24 26 10 24 24 5 4 14 30 12 4 21 26 10 4 9 17 11 27 12 12 4 21 29 22 0 4 21 7 8 2 5 3 11 22 14 26 5
4 15 25 18 17 3 24 11 13 0 26 16 27 2 3 23 17 10 5 18 10 17 11 12 17 22 24 8 7 0 5 24 3 6 27 20 2 4 29 18 28 27 27 11 26 29 10 11 10 17 24 20 21 12 0 22 24 7 23 10 1 4 25 13 10 3 22 16 14 16 18 16 29 23 16 15 15 4 17 29 25 12 14 22 11 16 12 17 23
10 14 8 19 10 0 10 1 28 1 15 5 16 19 28 5 6 8 18 9 2 11 19 0 16 1 25 30 3 17 18 4 18 14 22 21 25 1 5 30 28 23 28 27 29 16 13 3 13 10 6 1 10 28 0 23 10 27 3 13 12 6 18 9 29 8 7 16 16 7 20 28 11 6 14 29 12 27 27 13 18 30 13 2 22 20 0 5 10
6 10 20 13 8 18 3 27 18 20 19 2 0 14 5 23 28 27 22 26 29 19 8 2 20 24 30 7 15 17 1 1 1 14 2 2 23 18 19 24 3 2 9 11 16 28 23 21 23 13 21 26 22 14 23 17 21 18 16 5 13 1 3 2 4 27 20 27 7 11 20 4 29 7 5 18 16 0 23 9 4 12 16 5 18 11 23 4 16
8 8 14 6 10 21 6 20 29 4 23 0 3 1 3 1 19 18 15 25 23 21 17 7 19 6 5 4 20 14 9 21 8 6 14 12 13 22 15 29 2 11 21 30 18 29 27 23 12 24 25 13 8 11 11 2 2 18 25 13 21 20 5 19 28 1 16 13 27 22 28 27 10 27 12 11 12 5 15 6 28 4 29 22 28 4 11 16 29
27 6 12 27 20 26 3 4 20 8 14 23 20 12 19 9 2 7 14 9 10 28 24 9 18 18 21 1 25 17 7 23 16 27 11 10 13 25 3 14 17 30 16 10 19 19 30 14 11 23 30 19 0 5 27 14 11 19 23 29 11 3 15 0 12 29 28 21 23 21 5 19 0 1 18 2 9 25 6 4 29 7 28 25 15 14 18 16 22
16 26 19 0 0 18 27 17 30 9 5 1 26 16 28 3 29 14 11 9 3 29 17 4 25 7 7 4 25 12 15 8 30 6 9 27 21 18 26 24 4 13 17 9 5 8 16 4 18 24 18 24 17 29 6 15 20 27 27 9 1 19 21 5 5 17 19 23 14 4 7 0 27 26 24 24 16 21 24 0 11 26 27 30 28 18 5 24 18
5 18 20 0 30 7 1 12 7 24 27 2 21 9 12 7 16 30 17 12 12 0 28 14 16 16 14 8 8 19 16 10 28 9 1 0 11 1 14 9 24 29 24 25 8 23 16 0 30 30 28 0 11 20 0 1 6 13 18 14 25 0 22 14 28 5 27 25 5 15 24 11 8 19 16 0 4 13 19 1 26 21 10 15 21 7 24 21 23
3 8 0 28 3 19 28 29 24 19 25 16 19 18 26 13 11 22 25 24 4 25 26 6 11 14 29 15 23 15 30 15 14 10 22 9 12 24 3 14 3 8 3 4 1 8 19 19 11 6 29 19 3 18 21 21 30 17 29 18 3 27 22 10 18 19 11 8 8 25 19 16 2 26 26 30 11 30 18 20 3 12 24 15 6 6 18 30 21
6 29 5 27 13 16 21 25 1 29 27 0 19 0 8 15 17 3 23 1 0 8 3 17 20 8 22 11 4 2 28 0 29 19 29 11 12 20 13 19 20 23 17 22 27 14 17 8 30 10 5 24 9 12 21 21 23 0 12 3 7 16 12 5 12 11 16 12 23 6 22 0 3 21 5 10 1 1 12 2 24 2 2 22 5 8 6 28 4
2 10 7 7 26 8 11 26 10 16 14 10 15 6 1 0 24 22 29 2 19 0 4 25 15 4 17 25 6 24 11 24 28 14 29 8 15 13 1 29 7 16 4 9 25 24 16 11 3 9 6 10 13 17 27 7 22 0 30 21 5 7 30 7 1 4 19 20 28 5 3 15 0 17 14 2 15 10 21 14 5 30 24 14 22 19 3 5 19
6 8 25 28 2 19 4 23 27 19 3 5 20 19 17 6 29 14 16 0 16 15 9 24 4 13 25 25 18 15 11 20 29 18 25 5 18 28 10 0 17 24 8 5 15 15 26 8 6 24 2 27 21 24 5 12 28 10 17 7 3 17 0 28 5 19 15 1 2 5 13 6 22 5 30 3 29 3 21 8 2 30 22 14 9 25 8 0 29
9 22 22 1 3 15 29 22 25 18 16 23 3 10 28 11 30 20 30 24 11 0 16 20 20 23 14 20 30 13 17 4 16 30 7 6 17 16 22 12 28 19 24 1 24 5 6 17 16 15 16 0 29 3 12 21 18 23 22 9 24 27 2 2 10 22 28 29 3 6 3 30 8 20 22 29 19 17 26 22 13 17 26 0 25 4 12 12 16
14 10 1 19 29 17 6 2 26 9 16 23 14 27 27 28 13 4 24 1 11 26 4 27 29 26 26 27 10 24 26 22 3 14 27 9 12 6 13 1 11 21 8 1 1 16 16 29 28 22 12 0 6 23 11 13 5 27 22 10 16 20 6 19 6 19 26 17 23 29 16 24 8 18 8 0 19 27 21 19 0 2 16 21 27 4 25 30 23
19 26 3 22 22 6 11 14 1 1 30 30 9 21 20 29 5 23 23 23 13 8 17 15 10 6 25 29 14 10 27 1 16 4 22 9 4 0 14 21 30 22 27 4 19 28 17 12 15 26 3 7 20 6 5 8 7 22 18 1 9 28 2 28 11 19 15 14 16 10 29 22 24 24 7 21 9 18 0 12 4 21 1 13 1 8 7 12 27
16 4 27 6 24 18 24 8 19 4 5 21 17 7 21 4 13 21 3 7 22 22 2 9 2 6 0 12 29 14 4 19 2 20 11 6 29 20 6 14 1 24 17 2 14 16 15 21 16 20 26 1 0 15 9 26 6 25 18 29 16 19 19 30 4 14 6 2 0 16 6 20 16 7 7 3 25 9 26 7 21 18 21 27 5 13 23 1 1
8 3 8 19 21 8 12 24 5 15 8 17 24 11 2 18 20 4 8 28 29 7 24 6 3 2 15 18 17 28 19 4 17 11 28 10 7 24 17 1 21 3 29 14 21 4 8 10 6 1 20 4 2 9 20 26 11 3 18 7 3 2 5 26 27 10 0 15 0 23 20 9 23 9 20 7 17 25 19 11 4 5 23 16 22 0 10 28 5
19 13 12 14 13 8 1 21 21 28 23 25 17 9 26 24 4 0 5 29 19 25 16 13 14 25 0 8 21 4 3 22 8 27 12 8 17 29 15 22 22 22 13 4 1 0 5 26 26 27 25 20 28 0 1 28 5 3 0 30 30 24 10 5 27 23 5 17 27 27 10 15 13 16 22 24 12 24 19 18 10 1 6 4 7 12 19 23 12
24 16 19 4 6 27 16 25 16 23 6 7 12 26 10 17 23 18 30 16 3 14 25 15 11 17 16 1 0 2 0 10 9 29 13 1 20 13 2 9 24 30 29 18 22 24 6 16 5 14 20 5 9 29 20 2 8 26 12 26 13 15 18 13 16 24 1 30 18 15 18 23 29 20 1 12 17 8 4 9 12 30 1 19 8 20 21 8 24
18 17 17 27 3 14 11 22 19 23 7 8 25 20 6 6 12 29 20 20 17 25 21 14 27 28 21 17 10 9 14 27 27 8 15 0 0 7 19 12 7 17 1 13 13 20 8 27 1 18 19 24 13 9 22 6 19 12 2 25 8 28 1 22 21 6 25 11 6 20 17 10 28 6 8 8 9 10 24 19 26 21 30 26 2 28 27 4 24
10 11 20 25 19 15 7 26 13 30 12 6 15 15 3 26 8 7 5 24 8 11 14 5 1 20 16 22 17 21 10 23 18 26 0 14 1 28 14 9 15 28 11 22 13 4 0 5 22 4 15 12 3 28 0 21 29 4 2 4 13 8 16 7 6 2 1 25 7 0 14 23 15 12 6 10 19 3 24 6 7 8 10 9 25 7 19 24 23
15 23 27 24 11 17 5 14 8 12 2 0 28 13 18 22 6 7 12 22 11 7 2 5 10 7 26 15 4 10 1 10 30 16 21 18 22 9 0 30 1 26 24 22 28 8 0 14 27 1 9 6 21 26 20 19 4 12 10 5 29 14 16 10 19 21 29 16 20 8 18 8 19 29 6 23 26 24 17 16 15 26 17 15 29 19 7 5 28
2 16 2 28 0 10 19 13 13 18 16 6 7 17 6 6 4 16 26 16 23 14 16 22 3 27 9 10 4 25 29 10 16 11 1 4 17 8 9 27 2 13 1 15 23 30 27 30 10 15 2 29 21 19 20 7 18 14 26 13 15 22 1 28 25 19 30 21 30 5 14 20 1 24 22 29 11 2 7 13 20 25 24 2 27 21 20 0 6
10 22 27 28 10 24 13 12 26 7 16 8 3 2 20 17 26 5 17 28 11 20 30 2 16 19 11 27 3 10 0 15 13 10 15 17 24 2 19 16 21 5 25 16 24 9 25 0 4 27 4 27 28 17 30 7 1 0 9 17 6 21 22 8 1 27 22 20 9 15 3 27 17 23 9 19 19 15 14 9 26 0 20 6 12 28 23 4 7
22 18 6 21 5 28 29 20 25 16 17 3 0 9 7 8 1 26 19 23 20 23 18 22 10 9 14 6 25 7 23 13 5 19 25 0 20 1 18 0 1 3 6 12 19 24 26 7 17 12 27 9 24 9 11 11 14 7 6 25 19 20 29 15 7 4 20 11 7 4 5 21 24 1 23 25 0 23 8 18 28 26 18 6 18 11 3 23 21
30 9 28 15 13 6 11 20 24 6 29 11 29 6 19 11 25 8 26 3 23 7 12 6 13 30 28 14 20 29 20 25 19 21 6 25 18 12 11 26 24 16 15 10 15 1 27 23 9 10 23 5 10 9 14 26 7 27 26 6 30 6 27 22 1 12 10 25 30 16 14 20 18 29 8 6 8 6 0 30 17 27 9 10 17 3 15 22 4
25 1 18 30 8 7 13 16 5 8 30 10 25 16 21 4 3 12 9 18 9 8 21 24 6 11 24 10 25 10 6 1 15 29 20 7 26 9 22 22 9 15 29 21 14 30 24 30 27 3 12 26 12 19 8 16 17 14 12 20 13 4 11 18 28 8 14 14 10 28 11 14 26 10 12 8 8 8 4 13 11 18 28 5 6 16 17 13 4
8 13 7 20 7 0 30 17 19 28 13 11 8 12 17 9 7 27 19 28 19 23 7 17 25 12 16 19 15 21 18 13 12 25 8 27 23 6 20 18 25 2 3 1 13 14 11 19 7 13 3 14 2 29 14 1 22 27 1 14 12 16 5 12 4 3 5 9 1 14 24 24 19 7 18 5 6 29 9 1 14 0 3 12 24 7 28 10 16
7 7 9 19 13 6 10 13 30 22 15 0 27 16 2 19 26 17 2 28 17 12 30 16 6 6 9 10 12 1 11 27 2 14 4 28 11 15 11 18 14 20 3 11 22 7 21 11 18 28 10 4 13 24 12 14 29 27 17 0 25 29 26 10 4 0 14 23 18 7 12 25 6 1 29 11 18 1 23 0 26 14 23 22 7 1 12 13 11
23 17 3 3 29 12 15 7 7 13 4 9 16 0 5 2 7 4 1 18 17 24 17 16 17 0 17 3 2 20 30 18 9 6 2 13 17 10 12 12 1 4 17 7 15 13 18 21 25 9 10 3 22 21 27 17 12 28 22 1 15 12 12 2 5 15 21 4 10 19 1 28 17 22 18 4 24 17 25 27 11 17 5 30 26 26 0 10 9
2 15 8 14 15 16 23 14 17 4 22 18 27 19 22 14 26 4 25 25 21 5 24 2 10 24 24 17 6 15 6 1 4 22 18 26 15 28 28 29 29 22 2 13 27 2 5 26 10 18 7 21 8 29 29 28 7 1 30 12 26 4 6 4 28 15 14 25 30 25 25 6 0 6 3 19 24 19 5 8 4 4 30 15 3 26 26 8 6
18 21 25 27 11 4 25 15 6 2 9 15 9 12 17 4 23 11 8 26 6 4 26 27 30 25 27 9 20 29 5 13 30 22 29 25 1 1 23 3 12 12 16 23 5 19 10 5 14 9 29 11 5 5 24 0 17 7 20 20 30 29 18 10 15 13 15 23 23 4 7 27 14 24 15 6 13 29 22 10 15 6 12 19 25 16 4 21 0
28 14 6 18 21 20 19 23 9 23 7 25 14 2 11 30 23 25 17 27 25 13 16 27 10 0 24 21 9 14 30 11 10 15 27 22 9 12 2 28 17 16 11 20 19 23 6 8 7 9 24 24 0 5 4 16 10 19 15 20 5 4 13 29 8 27 21 24 20 20 26 8 2 30 8 1 17 2 30 12 29 10 4 10 16 3 30 24 3
29 19 13 0 5 8 27 10 9 8 17 2 18 19 25 26 22 21 25 3 18 25 11 8 3 21 3 6 30 5 3 11 10 16 29 14 8 15 22 5 0 25 3 13 1 23 16 3 13 25 24 29 12 20 9 1 1 12 9 19 25 12 7 17 18 8 15 1 5 11 0 10 2 27 0 9 10 13 14 30 5 19 1 5 28 13 30 28 20
4 20 17 10 7 25 30 18 9 28 8 20 10 9 13 10 22 8 18 23 17 2 12 18 26 7 28 8 1 22 18 30 18 3 26 3 1 21 24 25 8 1 20 7 29 21 22 15 20 16 28 16 3 11 25 10 15 26 19 28 14 22 26 29 3 0 7 6 8 26 8 14 24 14 24 8 22 10 1 19 28 0 17 26 27 13 3 3 30
24 0 28 14 3 1 24 26 14 4 4 20 26 10 24 27 13 2 29 19 18 22 9 6 23 24 22 19 5 4 21 2 11 23 17 23 13 6 25 6 14 10 19 27 25 15 24 13 27 9 6 24 14 30 12 21 18 20 14 1 19 8 10 23 15 21 3 19 24 9 15 22 8 28 14 23 19 21 28 27 28 29 21 15 27 27 9 10 16
15 7 12 9 4 16 4 0 26 22 11 1 27 15 1 4 23 13 29 23 15 16 13 4 26 20 23 22 9 16 12 16 15 20 10 6 0 16 3 15 4 29 13 2 9 27 28 7 11 6 20 9 10 11 3 0 3 2 28 7 3 10 11 20 16 7 14 4 22 17 29 26 0 3 18 25 8 25 3 24 2 29 14 13 30 9 7 4 11
26 9 29 26 28 6 24 2 23 30 9 27 21 3 18 19 14 17 3 1 9 29 11 0 28 2 15 7 24 28 20 20 17 18 30 20 27 12 19 24 26 8 1 19 22 2 13 19 4 25 5 3 27 11 13 26 15 26 9 23 17 30 22 25 0 13 20 15 15 8 15 24 17 20 20 25 12 18 22 14 24 20 4 11 5 18 16 3 14
16 19 3 29 14 6 15 2 29 17 11 24 2 7 18 29 29 20 25 6 8 0 29 12 0 18 28 21 28 16 15 2 24 30 13 17 27 4 23 14 19 0 19 22 29 17 17 25 5 30 12 14 28 19 13 26 17 24 1 7 12 7 5 28 12 30 23 10 23 5 4 3 23 26 28 9 1 27 12 11 8 20 10 4 24 23 13 9 15
27 24 21 15 20 4 19 0 11 9 22 20 23 13 1 4 29 29 13 15 23 25 14 10 30 18 29 0 25 28 14 19 15 29 10 2 10 7 0 9 18 27 2 1 27 30 8 21 9 8 7 17 10 19 14 1 29 17 9 28 21 12 2 7 7 25 28 15 12 11 16 24 15 14 14 17 20 4 3 15 1 9 2 20 6 10 4 12 21
24 14 1 22 23 8 18 9 6 8 11 22 26 25 25 19 3 27 25 30 30 4 11 10 5 9 28 14 28 26 27 5 28 20 11 6 10 17 26 4 24 19 19 17 26 17 25 4 2 13 30 12 5 11 4 19 20 5 12 4 5 27 7 4 25 30 6 16 26 3 21 14 23 0 26 7 27 27 17 30 16 1 25 21 12 15 19 7 16
22 22 29 19 19 19 2 2 29 13 19 22 12 16 2 14 20 25 10 3 0 21 18 27 30 9 29 29 7 26 27 12 1 29 22 22 28 0 3 7 18 24 26 4 9 0 22 13 30 29 2 13 2 25 26 13 2 13 16 28 27 15 19 17 12 4 11 2 6 18 5 3 0 15 20 11 20 30 20 29 10 17 2 24 0 24 5 17 2
26 14 16 3 3 17 8 4 13 8 20 18 19 16 26 24 26 12 26 19 19 13 20 1 15 23 19 0 6 26 6 14 7 5 19 17 23 8 6 2 18 1 4 2 6 7 1 16 15 16 10 2 2 25 7 23 28 10 21 1 17 7 2 23 22 23 30 15 8 14 14 2 16 14 25 29 28 5 17 24 29 7 3 21 11 29 16 21 29
0 10 11 27 12 18 17 12 2 4 4 18 24 0 6 17 27 23 16 13 10 4 10 22 26 25 9 27 25 2 26 28 25 27 27 7 19 4 23 15 30 0 20 18 2 17 18 22 14 4 18 20 23 23 13 1 16 28 30 11 25 22 0 19 21 6 14 7 25 6 18 2 0 20 7 19 29 19 12 23 2 18 25 11 29 7 11 12 27
28 19 29 16 30 20 18 4 12 23 1 23 15 27 11 12 17 27 13 17 30 11 29 27 12 1 2 0 18 6 29 27 21 21 10 23 16 2 28 8 21 0 16 10 21 13 8 11 21 13 3 22 4 1 5 14 20 1 15 16 29 4 6 15 7 19 21 0 18 27 0 10 4 17 10 28 16 6 7 15 26 29 7 2 12 17 27 30 13
14 12 18 1 29 0 17 5 18 21 6 14 16 19 6 17 22 11 13 10 15 5 16 0 19 16 16 22 29 13 27 25 20 30 30 8 24 7 12 1 18 17 23 0 24 15 9 14 30 21 2 11 16 25 19 0 21 12 6 0 18 23 2 18 15 8 24 24 6 12 22 7 14 19 22 13 8 8 17 12 14 6 13 20 7 19 14 9 7
20 12 18 3 17 5 23 4 24 16 12 8 22 8 11 12 21 16 21 12 21 19 16 16 0 25 17 22 23 10 10 23 2 25 29 4 23 1 5 20 6 5 11 13 4 14 11 29 7 9 8 16 8 10 2 0 18 25 20 10 22 29 16 10 28 1 27 20 15 5 1 2 14 12 25 17 5 26 25 25 1 8 22 10 17 9 1 25 29
5 0 23 0 8 18 5 13 2 14 9 0 24 8 23 4 22 17 19 1 6 3 14 8 2 12 2 3 11 3 18 19 25 13 14 10 9 14 1 29 29 1 0 27 17 0 1 3 8 25 29 8 28 13 16 18 4 22 18 20 24 26 30 28 19 0 16 26 8 6 5 11 7 29 23 14 27 25 2 0 21 11 21 24 25 7 20 28 2
28 14 22 18 27 27 4 1 21 30 18 20 17 30 5 15 29 25 12 22 20 13 0 10 12 26 4 8 21 3 11 10 30 0 23 0 0 15 30 16 10 6 25 13 12 26 24 30 12 6 21 26 11 12 1 30 18 6 15 22 2 16 7 18 9 6 20 26 30 7 13 28 16 23 3 16 0 11 25 19 16 21 5 23 30 14 16 15 18
9 2 2 17 25 22 12 12 29 18 17 13 24 18 22 2 28 0 5 10 3 22 4 30 24 29 27 17 17 15 22 17 6 9 3 15 28 15 5 6 7 12 18 25 17 7 13 15 0 0 22 13 25 28 0 28 14 10 3 21 15 30 11 8 25 17 10 12 6 7 9 12 12 16 1 25 27 22 4 28 23 23 28 16 11 3 4 18 1
