91 91
12 12 19 11 0 11 29 4 22 0 1 18 7 13 1 13 4 17 14 10 17 17 24 19 28 8 10 0 7 20 3 1 14 27 26 2 5 25 7 27 5 8 19 20 9 1 6 19 18 17 29 27 30 17 1 15 23 17 7 6 25 25 30 0 5 12 16 28 20 6 8 16 25 7 9 8 14 0 1 3 7 3 10 26 30 16 17 13 15 7 29
2 9 25 29 6 8 12 23 3 22 27 12 22 21 14 20 28 0 18 12 11 20 1 27 23 11 25 24 19 26 11 16 21 1 16 17 21 20 19 9 1 25 2 10 14 1 25 21 11 5 9 12 16 0 17 20 5 30 18 14 17 29 18 7 30 19 12 14 30 6 9 18 17 5 7 18 26 25 27 2 8 5 12 13 2 28 7 26 29 26 0
7 1 21 16 23 16 2 7 3 13 17 17 21 18 15 11 24 3 13 3 0 2 5 5 10 25 23 11 28 0 17 12 25 24 9 25 8 19 0 1 9 5 7 11 3 30 18 21 6 21 2 6 25 28 12 30 18 12 22 11 22 24 7 23 26 8 14 19 23 13 8 19 25 20 1 21 18 24 5 5 6 23 13 22 18 18 2 3 9 5 0
8 2 28 11 19 26 30 17 0 8 3 2 28 15 24 4 4 29 12 29 12 7 10 9 22 4 12 12 8 0 28 5 22 30 0 19 9 11 5 14 10 15 11 27 26 10 25 26 28 20 25 2 14 5 25 20 0 19 24 19 22 26 15 25 26 12 1 30 26 18 8 30 20 27 27 23 6 8 27 23 9 15 23 23 6 15 26 4 16 30 20
10 23 16 1 21 2 16 26 16 3 13 4 11 28 2 6 6 9 3 13 26 7 19 2 17 2 14 12 14 11 20 11 1 12 22 19 11 3 27 30 9 22 1 22 19 7 22 19 14 12 16 1 22 7 24 26 1 8 0 12 6 29 18 27 14 20 8 0 24 28 11 11 3 16 30 19 14 16 7 10 5 10 30 11 25 11 13 23 6 6 14
26 10 3 15 2 9 16 15 0 6 20 10 12 0 28 3 3 18 23 6 12 4 17 18 5 5 21 24 6 3 17 20 24 9 1 4 7 24 10 24 1 22 6 15 0 5 4 28 21 3 19 18 1 21 16 25 23 19 3 22 30 9 11 18 21 30 22 7 4 24 23 20 24 17 25 25 0 21 15 15 30 18 6 11 7 25 23 27 16 16 26
5 4 2 15 14 19 17 14 29 2 29 29 2 4 11 1 20 17 21 18 11 26 23 29 0 22 10 14 27 25 9 13 19 21 15 2 16 23 15 12 24 29 9 1 15 0 5 20 26 14 22 9 17 12 24 19 5 15 18 16 30 7 25 27 5 27 30 15 28 25 1 4 11 23 7 30 23 2 6 9 3 24 8 14 19 21 27 18 24 21 17
3 15 25 6 18 28 0 13 11 21 30 26 11 26 19 12 21 27 27 2 19 30 10 13 8 11 28 22 19 11 25 7 8 15 18 25 18 15 8 5 20 14 10 27 8 23 19 14 19 15 9 7 27 14 23 30 1 11 17 16 10 9 9 19 6 3 19 5 29 8 10 2 12 25 1 5 30 9 18 20 9 21 2 29 7 25 25 26 24 7 25
22 20 22 2 14 27 11 29 10 10 7 19 9 21 13 15 23 5 22 17 22 25 0 15 17 25 30 21 30 18 18 3 10 18 30 15 16 7 6 9 10 6 24 8 30 29 10 9 26 10 8 3 26 23 2 3 26 25 10 25 24 20 7 29 28 20 23 25 1 25 2 19 18 20 18 24 28 7 21 26 27 0 4 22 4 6 15 3 18 9 0
16 29 8 3 28 20 2 15 13 11 30 30 18 28 27 0 18 4 16 10 0 9 4 21 2 17 1 28 8 23 23 15 8 7 22 23 30 14 23 24 26 17 2 15 20 27 15 18 21 4 12 17 1 2 7 25 11 13 5 20 29 30 28 19 10 12 27 22 30 15 9 26 18 18 25 23 12 30 17 0 29 7 3 11 9 19 10 24 20 30 18
5 17 26 10 22 2 23 10 24 20 19 15 5 8 25 17 3 22 15 21 16 23 28 19 27 25 18 19 30 6 7 13 0 6 22 30 29 8 29 3 18 30 2 13 26 5 16 25 2 14 24 23 28 4 14 2 8 0 0 1 11 20 26 13 24 11 1 24 14 26 3 14 20 3 11 27 4 25 19 20 14 14 3 19 27 15 26 26 18 11 1
29 4 23 12 30 8 19 26 4 22 12 1 4 23 8 10 13 27 7 25 25 20 29 8 26 7 16 16 28 13 7 15 24 22 22 16 22 16 13 25 23 6 16 15 17 15 11 16 8 6 18 6 28 21 7 3 15 9 18 20 23 29 29 13 17 14 15 12 16 11 2 8 12 24 12 21 28 22 25 9 12 27 25 0 3 11 11 28 29 3 19
21 24 5 0 13 26 23 19 6 18 6 30 11 22 15 21 13 5 24 15 9 2 24 25 20 0 27 12 0 24 22 18 7 22 26 2 10 2 29 19 29 8 21 15 12 2 0 1 26 10 22 2 24 8 24 30 0 4 15 22 13 26 0 12 11 23 6 5 0 14 14 2 30 3 7 28 5 10 11 16 18 26 9 27 6 23 18 4 4 9 8
28 1 21 21 28 29 13 8 6 4 30 28 15 4 14 28 9 15 13 29 0 17 7 19 28 16 5 16 14 29 11 14 9 21 12 7 4 18 28 7 11 14 11 2 11 15 6 21 25 21 15 19 3 27 6 11 9 2 30 28 13 17 10 22 15 24 12 27 3 24 17 27 9 28 2 2 24 22 11 2 23 5 21 6 17 21 6 28 12 26 6
19 10 9 17 1 15 28 10 20 1 27 27 17 5 13 18 18 16 1 13 13 21 1 0 13 9 11 0 3 7 22 8 9 12 19 10 11 18 5 5 8 5 9 11 16 5 11 20 8 23 30 11 5 6 13 11 25 21 3 9 9 8 17 25 15 17 20 15 27 14 12 21 15 6 4 28 12 16 12 15 25 7 12 3 20 10 12 17 14 17 18
18 20 22 6 0 23 1 28 15 23 17 15 10 20 27 15 25 15 9 25 23 16 27 10 29 5 2 20 19 30 26 1 21 8 0 5 17 30 11 13 16 13 28 19 23 24 3 15 25 21 19 8 6 27 22 17 15 13 10 27 0 14 12 23 30 28 3 9 29 28 12 27 7 25 5 0 9 24 24 11 24 26 16 1 2 19 30 22 17 22 8
13 8 21 13 8 25 21 25 4 19 3 16 27 13 20 15 13 12 22 22 29 15 9 23 19 6 13 17 13 13 18 11 8 30 6 5 8 1 7 9 13 23 17 2 2 2 29 5 17 22 28 10 15 3 17 13 12 10 19 18 13 24 25 12 1 7 28 28 22 18 4 5 20 0 28 24 26 22 10 15 9 27 24 19 18 16 20 8 23 13 2
1 26 6 18 14 14 15 19 19 25 3 0 15 17 27 18 8 20 13 23 22 6 10 26 22 20 20 7 0 19 16 2 30 19 0 26 8 22 29 15 15 8 10 21 11 11 30 20 1 11 15 20 14 7 13 8 13 20 29 6 20 10 13 29 1 25 3 4 19 21 6 12 18 5 29 20 9 0 11 12 24 15 13 3 5 26 8 17 10 16 21
28 30 20 28 14 18 17 23 15 23 19 26 6 9 21 29 4 4 15 15 15 18 16 0 30 17 15 9 15 12 6 17 8 20 17 18 3 12 16 22 23 30 4 3 2 23 23 11 10 15 20 10 30 19 9 5 3 8 12 5 13 20 25 28 8 27 27 27 29 18 4 19 0 24 14 21 13 8 30 19 4 22 26 24 9 29 3 15 0 23 27
19 13 5 27 10 0 14 8 4 14 13 7 8 21 22 22 26 8 9 1 24 25 22 6 23 25 20 14 24 28 22 2 26 20 10 0 10 26 13 6 23 6 3 8 9 1 12 22 7 22 10 15 2 11 0 19 20 29 13 25 7 23 25 1 20 0 4 14 3 0 23 0 12 11 8 13 15 10 19 0 28 10 28 2 21 28 17 10 2 14 12
4 21 17 23 26 29 11 21 27 10 29 5 5 28 26 25 8 25 4 8 6 16 1 21 11 16 7 22 19 23 6 25 29 20 29 20 17 24 23 25 21 13 15 23 29 28 0 7 29 7 1 18 9 8 24 18 2 27 26 4 27 16 28 17 16 21 7 7 18 25 3 6 1 13 15 18 26 26 6 8 20 24 12 22 3 6 19 10 7 8 8
12 20 7 10 15 19 26 20 24 4 21 10 7 29 21 12 0 9 18 18 20 29 19 27 10 7 4 13 0 3 14 7 18 17 28 23 0 5 8 7 8 0 12 21 20 17 7 24 10 4 23 20 22 16 20 28 21 8 0 22 6 22 12 3 0 6 0 9 4 8 0 24 21 5 17 6 9 13 3 15 25 4 13 14 20 10 23 23 11 15 22
3 14 13 2 8 29 12 17 23 3 28 2 13 20 8 9 22 28 13 9 27 10 9 27 19 2 25 13 28 10 20 23 3 12 23 24 3 15 20 6 25 26 20 28 19 22 9 19 30 12 5 21 4 29 26 6 17 25 21 20 16 13 10 19 24 7 26 25 25 5 11 25 17 4 19 13 30 1 10 22 3 23 13 3 18 1 14 1 23 6 26
3 25 6 18 11 27 16 6 6 1 4 8 4 22 16 12 0 5 26 26 13 4 26 18 5 8 2 12 23 12 3 7 1 26 20 30 0 24 15 3 19 15 9 24 17 10 14 16 20 5 28 14 16 22 11 2 10 8 23 10 22 28 16 19 6 9 6 0 1 11 24 27 15 30 5 2 25 11 20 11 18 27 28 23 11 8 21 4 28 8 24
17 4 8 24 20 6 27 18 25 17 8 29 8 8 5 6 16 1 14 17 26 28 3 7 5 13 3 24 15 12 25 20 3 23 17 25 29 27 12 22 19 28 23 24 21 7 11 13 18 20 3 3 18 29 9 8 3 4 3 6 14 10 6 3 6 2 25 10 21 13 12 7 24 28 12 4 3 4 1 30 8 24 18 29 8 16 26 13 18 21 20
24 27 30 12 26 3 11 5 6 27 19 14 22 29 7 7 20 7 27 20 2 22 26 5 15 10 23 6 25 10 2 2 22 18 7 26 17 5 0 25 29 20 27 6 22 25 15 0 25 12 20 18 7 9 2 11 10 7 26 11 22 17 18 20 30 26 0 19 2 2 7 10 24 22 11 8 3 21 26 3 24 12 29 27 12 29 16 3 20 22 15
18 20 2 9 9 7 16 17 23 5 17 22 9 9 4 3 2 22 16 14 12 29 13 22 23 11 28 14 29 29 2 4 29 20 20 18 7 10 16 5 7 17 10 28 23 17 24 28 14 5 16 24 19 15 22 14 25 22 20 15 8 27 6 17 24 25 23 27 20 25 0 2 13 30 11 11 11 13 16 30 5 8 16 20 22 29 25 3 10 26 21
15 25 2 24 12 30 14 17 1 16 12 13 23 12 18 15 17 7 15 4 2 6 16 6 5 5 10 7 23 8 0 4 21 25 8 11 2 26 23 19 1 29 20 28 23 8 9 23 28 13 17 7 6 1 8 30 10 5 30 17 25 13 20 24 16 30 25 5 16 29 10 0 26 4 28 20 9 7 17 0 16 9 28 29 28 18 22 20 27 22 24
15 8 27 1 3 14 15 1 21 20 8 16 2 0 1 4 7 24 14 7 28 29 14 9 12 8 7 13 7 27 4 15 28 5 11 0 18 24 23 15 7 18 27 6 30 8 30 10 22 24 3 29 22 11 0 15 4 7 26 2 12 11 20 25 14 2 29 14 18 25 3 3 24 1 20 13 10 3 29 25 24 17 26 12 18 20 30 10 12 10 30
2 8 29 2 15 2 5 19 12 27 22 6 17 7 14 15 0 24 14 4 21 23 17 19 20 20 23 14 20 11 13 2 17 5 16 14 27 7 28 23 0 2 19 5 18 24 12 10 24 29 11 14 1 21 11 3 19 27 12 4 9 18 0 16 21 29 12 18 19 2 8 13 26 9 25 5 25 3 20 28 7 13 4 22 16 3 5 22 25 29 25
21 30 25 19 13 2 12 16 8 5 0 27 10 3 20 24 14 12 29 9 11 3 15 2 24 27 18 10 21 16 8 1 4 12 24 5 27 13 24 29 23 4 25 9 2 25 5 9 9 28 9 19 6 5 12 7 20 18 26 13 16 12 25 22 1 27 22 12 13 29 15 25 15 6 21 7 29 2 13 3 20 22 8 23 21 30 7 19 25 7 6
8 6 19 29 0 30 0 13 9 24 25 10 15 6 28 11 3 24 15 29 23 29 9 14 20 15 17 1 0 25 26 7 5 4 9 28 9 26 14 24 5 27 22 7 3 9 0 1 11 20 28 13 13 5 4 0 14 20 25 7 5 11 22 26 24 5 5 25 0 17 11 14 0 29 21 16 30 17 8 23 26 4 8 25 28 9 1 30 4 4 6
15 29 7 16 0 20 24 16 12 15 11 1 0 20 29 18 19 26 13 23 29 18 15 12 4 18 16 28 7 13 21 21 22 5 21 29 7 3 18 29 15 8 19 6 3 22 3 3 11 23 8 6 23 6 21 17 16 11 20 20 8 16 0 25 29 0 4 16 1 19 6 28 4 11 13 28 18 13 8 22 21 8 14 16 24 22 3 2 26 26 20
28 23 17 26 21 26 4 30 10 4 13 0 23 2 4 1 15 9 12 20 23 7 15 11 9 1 17 1 2 23 22 4 19 5 7 14 13 22 17 15 8 23 15 7 1 12 20 23 13 23 8 11 19 0 10 4 12 7 2 30 0 5 27 7 4 9 3 0 15 15 4 29 0 22 13 0 15 6 25 0 6 4 27 21 25 25 23 17 17 13 12
8 11 20 0 21 17 21 5 13 25 20 5 25 10 26 0 26 10 3 10 19 2 20 21 30 3 10 28 4 5 3 4 24 5 30 9 14 11 12 26 16 15 9 18 17 1 17 20 21 18 14 14 17 3 13 4 2 20 27 23 30 11 24 7 19 16 19 15 10 3 10 28 23 14 13 11 9 22 5 15 3 11 23 15 1 15 8 28 0 23 0
15 6 1 21 4 4 19 0 29 23 5 28 7 8 1 12 11 17 25 27 16 6 27 8 15 5 17 24 26 12 8 23 15 15 19 2 16 5 1 20 6 5 7 9 17 27 14 15 24 19 13 28 30 14 12 20 16 12 11 11 22 8 30 2 6 7 10 3 14 3 0 29 1 10 10 3 21 13 17 2 11 17 29 13 6 30 16 25 22 30 4
19 11 17 2 5 9 13 30 9 16 28 28 30 21 16 22 1 3 14 0 29 8 29 9 25 19 0 11 24 24 0 30 10 1 4 17 23 10 23 1 0 23 7 5 10 15 8 7 0 20 22 18 6 25 7 1 22 19 16 26 27 17 28 15 20 23 18 11 27 9 3 2 16 24 10 24 7 18 2 0 0 16 30 2 21 12 1 2 12 17 8
28 16 17 6 1 30 4 30 24 22 9 7 19 15 12 19 8 8 19 10 4 26 9 27 18 27 26 1 20 15 18 4 27 27 13 18 10 20 7 17 17 17 5 8 17 22 1 8 23 25 12 16 27 25 13 30 20 17 12 21 28 25 18 0 2 10 7 26 19 1 25 15 0 30 30 13 22 12 6 16 20 30 28 22 4 10 3 1 18 4 20
6 12 3 7 15 26 15 5 24 13 6 30 11 22 15 14 2 18 29 3 30 1 7 20 12 27 27 10 23 10 30 12 21 4 8 10 26 12 29 12 2 30 24 9 3 21 27 27 12 0 19 2 11 9 6 19 26 9 13 26 5 27 10 23 17 9 18 8 30 8 9 8 5 28 29 7 29 19 22 28 14 8 6 26 15 0 12 30 22 27 24
23 13 19 1 12 15 24 13 28 19 23 28 26 13 3 6 4 3 2 26 19 14 12 21 19 18 16 8 27 8 3 4 25 12 9 20 7 24 10 21 12 18 21 14 6 9 20 8 15 30 23 24 23 0 7 12 29 8 0 9 0 29 23 17 23 9 25 23 8 15 23 2 9 23 10 15 14 28 5 8 26 19 28 15 6 16 22 8 2 28 21
15 9 22 11 0 17 5 7 4 23 22 2 6 23 13 10 24 25 9 8 26 30 18 18 26 7 16 22 30 17 9 4 18 8 1 29 15 4 20 27 30 20 10 5 1 24 5 23 30 10 14 9 16 23 27 15 0 25 25 10 14 11 7 25 11 11 22 29 3 28 13 16 14 14 19 29 3 14 5 21 28 24 14 5 0 2 15 7 24 17 1
15 19 27 28 16 19 3 13 7 25 8 10 7 17 15 10 2 6 12 27 11 5 5 11 21 6 2 11 25 2 17 16 2 3 15 11 5 12 28 17 16 6 29 10 3 2 22 13 9 1 11 21 0 5 8 12 0 6 29 17 23 21 25 23 18 16 18 3 25 30 29 23 16 28 17 10 11 23 25 10 8 16 25 0 22 16 29 26 22 19 10
14 26 14 10 10 18 4 3 10 29 16 19 19 29 3 13 22 1 14 11 27 10 3 12 11 3 19 18 18 1 2 27 24 8 27 8 5 11 28 19 25 6 29 8 9 22 13 4 9 8 0 5 7 6 21 20 8 7 5 12 2 4 27 0 13 15 9 16 10 1 9 27 26 24 15 30 10 17 3 15 12 4 10 12 13 0 3 10 0 18 3
9 4 4 16 24 21 2 25 26 21 12 2 15 21 10 11 18 26 15 7 20 1 21 2 27 11 3 18 21 16 27 4 29 26 6 16 26 30 7 4 8 10 15 14 10 8 5 29 22 19 23 18 7 26 27 2 20 7 30 0 2 25 25 14 9 8 12 12 27 29 1 17 9 3 27 2 29 0 10 11 21 2 9 14 29 12 14 7 5 28 4
24 24 11 22 28 18 14 13 6 17 16 26 4 18 7 23 26 13 7 3 19 30 23 3 10 21 12 30 1 5 29 4 18 2 4 21 28 26 26 5 2 12 7 14 10 0 20 15 3 30 6 20 0 19 30 15 14 20 20 29 3 23 21 29 8 20 11 27 2 2 10 7 21 19 17 5 14 7 4 26 13 1 22 0 28 9 5 13 20 29 21
10 20 18 18 12 4 3 27 1 27 19 21 18 6 29 15 1 12 4 15 2 1 24 12 9 9 28 23 27 14 5 15 20 20 7 15 18 19 3 26 1 30 30 10 3 17 9 16 20 10 27 26 12 23 8 17 8 3 22 2 1 27 18 10 13 1 16 24 15 13 11 17 10 25 24 12 3 23 15 12 25 20 23 30 12 21 16 20 15 21 13
12 1 27 23 19 18 7 8 27 24 15 5 4 15 8 21 10 30 6 0 3 8 13 21 19 24 28 15 21 21 11 5 23 18 22 7 6 24 9 24 28 26 18 24 21 5 24 30 2 6 22 10 2 25 0 4 1 24 26 2 8 30 1 27 12 11 23 14 21 21 19 22 9 18 2 3 5 18 30 30 17 6 14 8 25 4 4 17 30 13 19
5 12 2 11 25 23 21 19 18 29 0 17 27 13 21 19 24 18 17 0 24 29 24 23 15 9 26 20 1 30 27 11 19 10 28 6 4 12 10 18 4 20 18 8 12 20 7 5 13 0 27 6 2 2 13 23 20 4 2 28 25 2 6 0 9 27 19 15 23 0 8 30 30 13 18 7 28 25 14 5 0 29 20 25 12 12 24 21 20 6 14
15 30 20 21 11 29 12 8 30 19 26 14 12 3 18 22 22 2 7 20 7 21 10 1 3 29 1 18 18 25 13 25 10 20 3 11 7 7 6 18 0 25 30 26 5 30 15 5 2 24 8 29 1 23 5 21 2 11 3 26 6 4 19 27 23 22 28 5 6 21 30 11 5 20 7 10 9 3 2 10 5 1 18 17 15 3 25 21 17 29 5
12 9 9 13 18 12 28 14 9 28 6 7 17 18 14 23 0 8 6 27 21 10 25 23 15 29 8 7 14 26 29 4 4 8 10 12 16 11 10 25 10 0 9 17 23 8 22 21 8 15 8 20 22 13 21 2 10 22 7 12 14 18 11 13 6 18 8 1 28 6 6 2 15 22 4 12 22 5 23 27 13 0 10 29 5 28 12 0 1 5 29
28 24 19 3 18 27 18 11 6 25 1 13 17 30 4 11 3 2 9 5 28 28 11 13 18 8 4 24 19 15 1 13 28 21 9 21 0 4 25 15 7 2 28 14 27 24 25 0 12 30 7 24 13 29 15 12 0 20 24 1 2 24 24 18 6 5 8 26 26 15 17 6 9 21 25 10 30 13 24 18 8 10 28 25 2 0 24 22 15 26 19
14 22 3 8 2 26 1 2 11 15 6 6 16 12 16 17 11 20 29 24 29 25 1 19 12 17 30 1 26 8 28 26 4 29 22 0 9 19 15 17 7 4 19 20 22 1 17 24 30 15 20 28 1 23 20 22 10 6 24 13 18 29 17 10 24 20 23 18 1 2 8 8 6 1 2 30 10 19 25 16 6 16 2 23 29 24 26 24 17 26 3
26 6 3 14 8 2 21 4 23 3 11 10 2 17 1 8 15 30 12 19 15 22 1 27 25 20 1 29 7 23 14 19 27 28 18 13 26 6 17 2 2 22 23 15 28 11 15 14 22 13 30 21 22 0 4 9 7 5 13 23 11 28 6 4 4 8 1 3 26 14 5 26 27 24 11 17 14 16 21 5 17 24 27 16 21 14 18 27 2 18 12
13 23 1 4 9 2 22 8 30 10 14 14 8 9 2 17 18 17 29 17 11 13 9 1 1 8 25 17 25 28 5 3 21 14 5 25 11 14 24 26 7 20 4 20 16 26 29 27 11 30 28 18 6 25 29 26 18 14 3 8 16 0 30 5 17 5 30 29 29 25 19 0 14 0 2 12 14 30 14 26 9 3 21 28 21 15 14 9 28 3 6
6 30 12 17 9 29 24 5 1 17 28 7 5 16 18 4 5 20 10 13 11 15 5 7 30 19 0 23 24 7 24 11 15 0 11 21 13 20 6 23 27 12 30 4 17 13 19 24 17 6 25 1 17 17 26 10 15 19 7 4 26 5 21 7 26 9 5 19 26 14 30 24 4 21 5 4 5 21 3 23 14 22 23 16 7 24 26 21 2 7 11
3 0 20 10 2 7 21 13 8 2 10 8 12 1 20 22 20 8 20 27 27 30 19 24 11 0 22 29 21 5 4 1 16 23 29 27 21 24 11 25 15 25 6 25 4 1 12 6 19 7 4 12 25 14 24 19 0 30 1 16 8 24 5 24 10 23 4 19 17 12 24 5 3 20 29 10 9 20 11 18 9 24 10 23 21 6 2 17 28 19 10
11 30 3 27 2 23 7 26 9 4 22 1 3 24 26 13 16 16 27 26 23 2 5 22 7 3 26 12 22 7 26 14 19 4 24 12 11 17 7 13 28 10 23 16 12 6 17 19 12 4 7 3 19 4 8 16 13 17 1 13 14 4 13 6 3 13 30 13 26 0 26 16 9 27 15 0 1 9 11 21 20 10 17 15 28 0 17 6 11 25 21
16 1 18 1 7 9 8 9 16 6 17 14 8 0 20 8 25 29 17 12 2 25 7 1 14 21 27 25 14 20 3 26 21 13 9 25 1 12 10 29 21 1 6 14 1 3 25 25 19 22 18 3 15 15 1 0 15 4 5 9 2 29 5 17 3 6 29 11 11 3 27 10 27 27 24 8 10 19 22 7 17 23 25 13 28 30 0 22 12 11 16
26 16 21 23 0 0 11 6 12 1 14 20 30 16 8 17 0 14 28 21 13 10 4 28 7 10 26 28 22 0 29 16 9 7 8 24 29 21 21 27 24 16 24 5 3 25 15 4 29 3 15 21 17 8 2 19 12 17 30 9 3 0 0 0 27 28 0 24 29 11 0 28 21 13 17 8 11 29 21 11 17 26 26 28 12 28 24 3 9 26 8
5 28 23 16 20 14 29 12 28 23 21 8 15 23 28 4 2 1 1 9 23 6 21 27 27 15 10 21 16 2 17 17 21 22 12 3 26 6 12 13 21 29 7 24 2 25 20 13 28 6 13 5 5 4 6 18 3 0 21 19 12 12 12 2 14 7 1 1 29 3 11 20 0 1 3 2 24 1 4 17 17 0 30 9 11 13 9 24 16 20 12
8 20 3 14 14 20 14 13 6 28 27 24 30 8 20 22 11 9 23 14 4 17 18 8 20 20 5 28 7 18 10 0 6 2 26 2 6 0 19 2 10 29 5 28 29 2 1 27 30 7 15 19 21 13 13 3 15 6 26 26 10 26 30 28 9 13 30 23 6 28 22 17 11 5 22 20 9 27 1 10 20 14 15 0 3 13 6 24 26 25 11
20 2 26 25 12 2 28 23 21 11 27 16 3 5 4 1 1 8 30 26 19 0 22 13 28 14 5 27 18 23 3 5 20 17 11 0 0 13 9 1 24 20 22 11 12 27 18 2 17 26 9 16 27 21 28 27 26 22 20 12 9 25 11 17 24 21 23 17 18 8 26 17 29 20 4 12 22 9 1 1 20 26 23 28 14 24 27 15 26 24 1
26 18 15 18 25 0 1 17 12 11 12 5 14 15 25 12 13 2 4 30 8 19 23 0 20 26 7 2 23 19 4 10 23 20 4 20 12 6 10 2 9 9 29 4 24 24 16 6 20 27 19 10 22 7 20 2 17 29 27 17 16 20 6 21 1 26 14 9 23 15 18 12 8 19 21 20 29 2 0 17 1 14 27 9 6 18 15 20 23 0 18
0 16 11 29 5 7 26 6 8 16 10 0 24 4 30 30 26 0 8 13 8 23 30 18 18 11 21 6 19 30 6 12 2 11 7 14 17 12 14 19 10 21 13 5 5 5 21 0 26 15 28 12 8 27 21 14 19 12 21 14 16 13 1 22 27 16 8 9 25 13 9 20 16 9 30 8 13 16 16 0 16 10 19 10 30 30 24 24 3 10 24
8 10 22 17 19 9 14 6 20 8 14 1 4 24 21 17 7 19 10 17 0 14 13 4 2 13 15 19 0 9 20 23 4 29 10 9 13 20 17 4 12 2 30 29 26 28 11 4 3 29 15 0 3 25 11 8 29 24 10 24 6 28 8 23 13 6 5 8 12 22 1 0 2 28 15 4 24 6 1 18 19 30 3 18 3 15 24 1 24 17 8
16 16 17 5 7 22 13 28 8 11 4 29 9 0 21 3 22 19 15 27 4 28 22 20 26 0 23 27 25 10 13 0 28 12 29 9 10 14 12 24 27 0 17 17 8 18 30 9 6 21 13 29 25 28 23 24 8 6 21 22 27 23 19 24 5 4 29 17 19 30 7 4 8 22 19 25 2 8 0 25 7 17 7 20 2 24 7 28 1 6 6
21 29 13 27 12 20 8 14 7 4 5 4 1 10 21 2 5 4 15 9 15 20 17 28 3 0 15 3 18 16 14 9 29 7 12 19 14 17 8 8 26 3 2 26 6 17 26 0 21 13 25 0 24 24 5 11 16 8 20 11 7 6 21 9 23 18 9 12 21 28 16 26 23 18 26 25 26 23 24 30 12 4 15 8 24 5 5 1 0 2 11
23 8 0 11 0 24 8 19 23 8 15 28 25 2 11 15 5 29 27 16 20 22 13 3 19 15 16 28 7 30 15 29 25 11 8 15 23 9 9 22 28 23 7 15 29 12 9 9 17 2 26 22 21 17 21 17 19 7 15 18 20 7 14 2 24 9 27 17 3 6 8 4 2 30 5 20 22 6 5 23 16 13 6 7 5 6 7 18 29 9 13
1 18 12 29 4 23 18 5 25 17 24 27 8 0 29 0 28 20 14 13 23 14 1 2 20 17 9 24 29 11 5 6 18 15 21 28 8 20 28 7 5 3 27 17 22 8 13 7 8 8 4 0 13 20 0 28 10 17 17 13 3 19 2 16 20 20 9 19 10 5 16 28 17 6 0 4 6 4 12 18 17 25 19 11 24 0 24 1 29 25 16
27 20 2 14 1 21 17 19 4 23 6 10 19 21 9 7 11 4 9 0 25 4 4 30 29 4 22 15 6 29 27 16 10 16 0 16 12 28 10 22 21 7 23 23 21 19 17 12 0 15 14 27 22 4 4 11 8 20 30 20 18 21 12 2 27 11 12 27 22 16 5 4 24 9 4 3 29 25 12 19 7 9 19 28 27 21 2 21 17 22 3
8 16 28 18 17 18 2 21 16 4 6 7 19 9 19 21 30 26 28 23 3 8 13 20 21 25 23 9 4 18 29 1 5 20 26 22 21 17 7 30 11 20 18 21 28 7 22 15 11 28 15 16 28 1 13 0 24 29 24 15 4 6 9 18 19 18 26 26 30 6 0 20 12 6 8 7 15 7 14 30 22 0 30 18 20 24 0 23 20 11 18
24 1 9 29 27 4 17 21 2 28 29 12 9 10 0 13 28 28 12 16 5 22 22 10 25 12 30 8 12 1 25 0 4 19 4 8 20 26 2 9 26 25 30 29 3 20 30 8 11 19 21 1 29 5 21 28 12 24 1 26 18 20 5 4 23 16 2 27 9 20 18 28 4 7 23 15 20 28 17 18 11 19 7 30 11 17 17 15 16 17 4
13 18 5 7 4 4 20 11 3 12 20 30 15 3 0 6 29 24 22 14 13 6 17 23 26 21 27 30 0 0 21 26 0 16 2 17 19 11 28 17 22 3 26 1 17 2 24 18 27 14 28 14 24 30 12 8 24 6 18 21 6 1 15 14 25 20 24 1 18 19 26 13 12 29 0 24 25 1 7 5 1 11 20 19 11 18 6 17 14 6 20
3 3 15 23 13 12 14 28 1 0 25 3 3 10 22 8 1 13 17 2 22 1 20 2 16 28 1 30 12 23 0 16 13 27 8 22 17 0 7 29 2 9 26 0 2 16 9 10 1 28 24 6 15 24 27 0 3 28 12 7 26 23 22 24 11 30 4 28 3 28 1 30 4 19 7 25 14 26 12 22 25 23 13 0 28 9 1 25 4 28 22
7 6 24 15 10 3 18 27 10 0 14 17 11 25 4 29 26 9 27 9 7 17 4 27 12 30 24 1 18 10 18 14 26 20 25 6 3 2 16 30 16 22 14 10 22 19 19 27 7 24 21 19 5 20 23 20 0 25 21 28 1 4 18 27 27 15 4 23 25 11 20 1 21 13 14 21 1 11 26 13 21 20 22 1 24 10 14 15 9 9 0
23 6 27 10 10 18 11 22 10 29 9 15 9 2 28 6 9 28 18 4 28 9 8 19 7 3 20 16 18 19 14 28 21 10 9 1 30 4 11 1 4 25 29 27 18 13 7 27 14 6 27 23 26 15 13 19 0 6 25 30 7 0 16 13 20 29 28 19 22 4 3 15 17 29 16 25 18 12 20 7 7 18 2 3 28 27 6 30 6 14 28
3 25 26 24 12 29 27 0 19 5 19 30 25 10 27 7 3 15 6 8 6 22 25 11 30 3 0 16 14 2 22 4 23 28 3 29 2 19 3 3 22 29 14 8 20 0 2 0 7 27 2 19 4 16 2 8 0 27 7 15 13 14 11 28 11 5 30 5 0 13 4 18 20 5 24 21 14 14 7 3 28 6 7 24 14 29 8 24 14 11 24
12 8 4 19 10 19 13 7 16 16 8 22 15 15 17 26 4 20 24 3 0 0 26 10 29 23 5 19 15 0 15 20 3 13 2 15 19 24 15 15 24 11 18 17 29 4 27 6 10 7 29 5 9 20 16 2 19 29 28 2 19 20 2 25 22 11 20 1 14 1 6 12 14 20 3 27 9 21 4 22 18 21 14 17 27 30 20 14 29 30 11
20 10 21 17 5 17 11 5 15 25 9 0 7 8 15 15 8 25 13 27 18 17 16 28 7 8 22 8 28 27 20 17 10 20 29 3 3 24 10 22 13 8 23 7 3 3 14 14 22 13 7 19 24 11 12 0 22 12 23 25 18 4 22 30 29 5 5 14 16 15 14 21 18 21 29 26 9 18 15 6 9 28 25 19 22 19 2 17 5 25 29
29 4 12 21 25 22 12 5 14 19 29 5 26 0 1 28 21 10 9 27 1 19 15 21 8 18 10 2 16 24 15 18 18 3 0 17 26 1 21 9 6 18 1 2 19 30 23 13 20 19 9 3 13 29 22 30 11 15 27 4 16 3 19 21 20 20 2 7 27 28 14 2 25 25 23 24 0 13 18 13 8 17 26 0 29 20 24 0 7 17 27
30 26 13 7 21 17 17 20 10 1 14 22 8 6 13 13 30 13 3 13 21 4 6 24 15 22 24 19 29 17 11 5 19 30 20 21 22 20 16 27 13 1 30 29 16 4 1 7 19 3 25 8 27 13 10 5 27 12 6 15 25 20 22 15 13 18 22 21 26 5 25 19 5 1 4 23 23 26 13 12 4 23 23 15 24 11 0 30 17 23 11
11 12 0 10 13 4 22 24 26 15 26 25 1 10 30 19 21 13 13 3 27 2 30 30 13 19 11 21 2 22 11 13 28 3 12 14 20 26 2 6 13 3 22 12 12 30 29 3 16 29 10 22 30 4 7 18 10 8 5 2 2 28 7 27 30 13 6 28 6 13 5 28 6 18 5 6 5 5 7 26 30 6 21 23 11 12 16 21 28 28 20
18 27 21 8 23 3 17 0 11 30 3 6 26 24 3 29 9 19 22 8 15 15 1 23 11 28 16 20 19 13 10 25 12 13 13 24 27 14 17 22 5 10 29 17 23 28 15 1 11 2 14 13 3 19 12 7 5 28 29 17 22 21 19 16 26 3 4 20 14 1 4 15 21 30 16 30 8 26 15 15 8 21 30 15 28 13 7 1 25 29 3
23 4 5 7 12 30 14 6 22 11 1 28 16 22 3 16 28 4 25 15 30 12 5 10 21 9 30 4 10 5 30 27 20 8 13 6 24 19 21 1 17 16 0 27 26 24 14 15 29 6 22 18 14 12 24 11 29 14 4 29 3 1 30 9 17 5 24 20 7 27 3 21 21 3 11 4 30 12 25 25 10 19 20 19 9 5 8 1 22 28 18
30 10 13 25 29 14 22 0 27 20 15 16 22 7 11 15 7 25 3 4 20 23 12 18 7 0 27 2 23 17 24 7 23 14 24 6 6 21 20 22 11 29 13 1 6 29 23 29 26 22 7 3 20 27 6 18 10 24 20 25 5 9 30 15 8 25 23 15 9 11 3 19 7 11 17 23 11 15 0 16 30 1 25 3 16 12 11 3 13 0 29
3 19 27 16 5 22 21 24 25 13 27 16 13 10 12 5 25 25 22 17 21 2 14 25 11 17 15 5 8 28 6 0 16 8 6 17 11 18 18 7 0 27 26 24 28 7 30 18 24 1 28 14 3 2 26 30 22 18 9 2 8 13 6 5 27 11 8 1 12 13 14 25 28 1 12 11 23 0 11 15 9 22 24 16 25 8 22 11 24 27 9
6 0 17 6 26 18 12 8 12 11 23 4 18 2 9 8 18 16 9 19 16 0 16 8 23 13 21 12 10 2 29 29 28 10 1 30 29 22 21 5 22 1 15 22 24 7 7 23 17 1 4 25 7 12 11 26 22 28 24 30 22 29 22 12 18 9 26 29 20 26 26 17 9 7 3 26 14 23 18 23 9 10 15 9 6 23 4 23 9 7 5
2 5 21 12 13 7 14 21 30 29 11 12 5 21 12 6 30 18 14 14 27 19 26 3 28 14 10 24 6 14 12 15 17 20 29 25 28 2 10 4 13 19 24 3 14 30 23 30 3 24 0 13 9 22 17 8 18 3 7 5 30 1 14 17 0 30 10 2 23 1 14 14 10 21 15 25 13 30 0 1 21 16 14 17 4 23 5 18 26 15 8
8 15 26 27 6 11 10 12 8 18 14 5 29 25 14 13 30 12 23 25 15 27 0 2 0 3 28 2 27 22 28 15 13 5 0 8 10 9 27 2 6 18 1 0 17 4 5 28 8 28 4 16 14 14 1 13 20 21 3 30 9 1 26 4 2 14 6 18 12 28 2 19 1 24 16 11 22 10 2 1 6 5 28 17 17 11 9 9 4 10 4
30 2 28 25 30 19 29 29 30 21 3 21 7 18 5 8 19 6 30 4 4 7 27 12 24 13 28 24 2 13 25 29 6 11 29 19 0 5 10 18 8 18 29 28 10 30 9 9 11 1 19 9 26 20 22 16 2 3 16 22 27 12 7 6 21 6 3 19 8 29 29 3 22 28 8 17 22 11 14 29 20 13 15 2 10 17 1 1 0 13 22
25 11 2 5 30 25 28 29 24 11 5 9 4 22 10 19 23 15 7 27 30 5 20 8 15 15 30 19 8 22 4 29 6 2 21 19 22 27 1 1 27 30 14 19 29 4 6 20 18 27 22 6 22 23 15 11 3 15 8 1 16 6 7 21 21 1 24 4 24 15 1 10 18 19 14 5 29 2 23 5 11 9 12 5 11 25 1 10 4 14 8
