92 92
3 8 15 10 4 30 22 30 2 30 6 10 12 12 30 12 27 30 28 19 1 9 5 10 3 9 12 27 23 24 12 30 12 0 5 27 27 3 0 22 10 21 4 29 20 18 18 17 0 12 19 8 27 11 18 11 24 2 9 8 28 14 12 13 10 15 17 10 6 30 0 19 10 13 12 29 3 1 0 26 18 7 26 17 11 5 5 8 23 22 15 13
28 22 15 0 4 2 14 1 11 9 7 10 7 17 7 20 18 22 6 21 14 26 2 20 25 5 20 7 23 2 13 21 19 28 10 14 20 29 21 21 17 14 26 9 3 15 26 12 13 5 8 29 29 24 8 23 12 9 0 1 27 30 17 24 3 1 0 5 9 2 13 9 24 7 30 27 1 7 17 26 18 22 26 20 21 18 1 17 21 15 20 22
7 15 29 9 11 19 25 26 4 20 14 2 29 21 3 5 25 9 16 18 6 9 13 5 13 30 20 7 9 15 19 6 7 3 14 4 12 15 14 19 13 11 24 1 17 28 4 5 3 25 11 4 6 16 16 30 28 30 24 27 27 16 7 8 5 30 18 27 25 24 12 27 6 25 17 15 19 27 18 4 27 0 24 13 22 19 29 29 6 7 22 24
19 28 1 5 13 29 20 22 25 24 26 26 1 26 23 30 8 15 13 9 16 8 8 13 9 21 19 3 16 11 5 2 8 30 8 6 18 23 28 22 1 6 27 2 17 29 10 4 2 15 22 30 4 30 15 16 11 1 1 1 21 19 19 7 16 26 7 22 19 24 2 6 30 18 27 26 16 28 10 9 11 8 11 22 6 15 5 8 22 5 29 5
7 25 22 18 19 22 16 28 9 21 2 6 12 17 14 13 5 0 6 29 5 27 7 12 27 0 29 27 18 24 15 17 2 22 20 25 6 7 9 14 26 16 3 12 29 18 24 30 1 12 30 15 25 13 13 11 16 3 11 13 22 10 13 9 25 14 3 9 20 6 14 0 25 10 12 24 8 27 21 16 18 17 2 7 23 15 30 9 9 23 1 7
22 22 27 4 17 2 23 13 26 27 16 23 17 26 12 0 1 4 29 6 8 27 24 30 14 11 24 19 19 20 17 0 23 24 24 25 27 9 24 7 14 29 6 6 26 15 26 20 3 8 29 26 3 20 22 3 5 17 3 25 0 21 9 29 16 24 13 28 2 24 26 30 28 4 27 3 29 12 1 4 4 20 17 30 24 15 15 18 10 11 27 5
4 9 10 17 4 7 15 15 29 25 22 7 14 22 20 27 17 29 0 3 18 17 30 19 14 0 25 4 4 13 17 30 14 25 0 6 29 21 4 18 29 9 8 6 3 11 11 25 3 14 23 0 17 3 20 25 4 1 16 28 27 20 21 30 26 18 12 22 6 4 16 18 4 0 30 5 19 12 22 4 20 20 7 25 3 5 0 4 23 30 18 17
22 25 12 24 26 14 13 28 26 30 29 1 23 10 25 28 15 18 23 28 22 13 5 12 8 11 4 0 17 26 2 14 12 10 0 22 28 22 29 12 22 19 22 29 5 3 4 13 3 1 20 12 7 25 23 7 18 4 29 8 18 16 28 25 9 17 24 17 7 19 5 3 2 19 17 18 10 19 25 25 24 23 19 0 3 20 1 3 13 29 5 3
18 29 17 19 18 19 11 16 13 18 7 13 26 27 9 0 12 29 29 14 4 9 29 24 30 15 30 29 26 1 19 28 19 8 8 23 6 9 10 5 24 11 23 22 26 20 27 21 21 0 22 24 9 21 22 15 5 8 14 27 2 15 23 21 18 18 27 24 30 3 22 3 5 11 9 14 0 17 21 25 21 21 12 25 2 11 1 24 7 9 22 24
7 16 23 26 20 23 30 6 8 13 22 3 16 16 15 15 30 24 16 1 18 26 0 23 12 3 18 16 27 4 6 17 16 24 0 20 29 15 5 4 28 30 10 24 29 11 27 7 3 20 1 14 11 17 3 20 18 18 12 10 13 9 25 6 29 0 2 7 24 18 23 5 17 6 25 21 3 6 9 15 26 22 14 6 26 8 4 9 8 1 16 4
25 27 2 15 16 28 29 27 5 14 12 1 16 27 6 10 8 5 28 29 7 9 7 13 20 26 1 14 8 7 24 30 2 6 16 7 19 7 15 20 1 4 27 0 18 22 19 0 15 29 24 3 24 5 5 24 21 5 23 27 16 27 18 3 21 3 17 25 10 17 20 9 27 1 17 5 30 14 17 8 0 18 6 9 5 16 29 20 3 28 28 30
11 25 21 12 23 3 10 8 22 30 26 0 26 24 9 13 30 4 24 22 14 3 14 10 19 2 4 3 6 9 9 23 27 4 28 2 8 2 23 5 9 25 19 14 13 22 16 29 26 7 5 30 3 7 13 15 14 23 27 13 11 26 6 29 28 19 21 21 26 26 23 24 21 0 7 25 3 22 29 3 30 12 26 7 4 26 10 16 22 15 21 23
8 13 17 16 11 21 13 15 13 23 25 21 9 20 23 8 9 21 6 19 23 15 28 19 0 20 28 29 23 1 3 5 27 20 24 4 5 12 22 8 19 7 5 24 13 10 1 15 5 24 23 15 9 17 9 24 20 26 9 27 22 24 21 7 27 10 20 20 1 15 11 1 3 19 8 26 25 10 5 3 4 19 14 26 16 30 20 22 25 1 3 15
15 23 27 25 29 10 0 10 5 6 28 18 24 18 22 4 22 19 16 0 5 29 26 27 1 14 8 26 1 25 29 24 10 10 14 8 11 17 17 21 1 7 28 8 8 30 1 21 2 27 17 8 13 28 9 2 29 19 8 28 25 9 6 16 1 11 14 13 13 15 3 6 23 3 29 30 15 20 10 6 13 10 16 28 1 18 17 8 28 27 13 5
15 17 19 26 19 19 25 22 20 1 22 28 7 16 0 15 10 21 9 3 12 21 22 9 27 8 28 26 15 25 6 28 22 18 4 5 14 5 17 5 10 0 14 5 9 24 10 21 17 17 3 21 28 5 0 23 21 5 8 27 5 16 14 4 9 13 4 19 23 14 0 28 0 22 6 25 8 6 17 28 28 17 25 2 20 15 27 25 18 4 10 19
8 9 24 14 3 6 4 11 3 23 9 20 17 8 9 22 15 6 30 20 2 16 20 7 8 17 3 7 22 5 30 12 27 17 27 29 14 7 28 15 29 14 23 14 11 5 8 21 4 2 5 16 9 3 26 0 14 17 6 9 6 7 13 11 27 19 14 11 7 3 16 18 24 16 7 1 23 7 27 13 13 18 20 22 24 16 5 10 0 22 11 26
16 12 8 13 30 30 18 7 17 22 13 6 5 5 15 16 25 14 4 23 29 22 22 22 6 10 10 14 7 27 6 23 25 26 26 5 9 9 25 12 15 20 8 8 2 16 22 2 20 6 16 14 3 2 16 9 7 7 20 6 14 30 10 23 11 30 26 12 5 2 7 3 8 19 18 30 22 9 0 27 6 27 13 5 19 14 1 0 3 16 10 15
27 11 10 27 11 15 5 8 23 30 18 22 15 27 1 9 2 23 4 18 25 21 8 6 13 19 25 24 8 16 14 20 28 22 18 14 18 4 0 19 23 10 7 10 11 3 9 2 18 16 21 4 20 30 22 7 6 4 1 19 3 8 0 17 28 17 26 20 4 13 11 11 25 2 16 14 6 23 4 27 24 2 11 10 7 25 12 8 7 25 7 20
5 6 23 29 28 8 5 18 17 22 15 25 20 8 2 27 11 19 1 15 21 9 15 3 12 1 2 25 26 12 26 16 10 21 0 2 18 23 30 11 16 15 14 6 19 17 19 8 5 9 7 13 11 25 6 30 19 2 22 15 1 14 3 26 0 5 28 30 19 13 5 10 26 23 11 0 19 28 17 13 7 16 10 7 4 0 5 14 2 23 17 3
19 4 7 5 10 29 12 29 27 10 2 27 29 19 19 27 25 26 29 8 25 5 2 17 3 8 15 15 19 24 1 16 2 0 22 3 28 24 15 2 4 0 22 6 21 19 11 5 2 4 16 23 27 22 1 28 12 13 7 5 22 15 24 28 27 23 13 22 17 0 27 3 15 15 13 14 12 1 12 29 20 27 4 23 26 21 23 8 4 21 25 13
3 2 27 26 30 3 26 1 12 26 9 10 27 1 12 8 21 6 14 15 3 11 24 14 29 17 25 0 27 6 26 24 23 4 12 24 10 16 0 1 18 15 30 2 30 18 25 9 22 10 25 10 23 7 10 30 10 19 5 2 23 21 5 30 5 18 3 4 7 24 17 11 12 5 16 1 3 2 23 22 26 28 18 1 21 28 27 15 19 17 17 1
18 9 0 19 2 23 11 3 22 10 24 19 11 16 25 22 23 22 7 18 15 26 6 23 11 13 30 23 26 23 10 14 22 5 9 0 0 16 25 9 2 20 13 13 20 10 16 2 30 15 15 1 0 11 17 8 27 6 11 4 1 26 26 13 14 18 25 3 26 5 3 3 12 10 26 19 27 8 8 25 23 17 21 8 19 21 13 0 21 29 13 1
25 21 18 24 23 22 1 10 12 10 17 28 0 8 28 27 8 6 21 16 20 8 23 30 18 3 29 10 21 4 26 18 30 14 17 11 15 7 6 24 30 14 1 11 26 18 7 27 30 26 10 30 24 30 26 8 16 13 22 10 12 17 30 3 30 24 25 13 8 16 22 1 25 27 22 7 4 27 21 26 12 17 24 2 23 11 22 14 29 9 11 3
28 27 6 5 11 21 29 21 15 17 25 13 14 5 30 25 8 17 3 6 27 11 3 28 29 8 12 4 2 6 15 9 29 12 26 24 2 13 19 19 23 22 12 6 24 2 22 27 2 20 4 1 30 30 11 3 27 14 9 25 20 21 30 19 8 14 25 12 11 7 0 1 28 16 28 14 2 17 21 16 29 25 1 20 1 25 27 7 28 7 12 0
10 15 22 28 28 27 2 25 13 9 19 22 4 10 24 22 18 11 12 9 19 24 2 4 20 7 17 30 19 23 14 2 30 22 9 19 23 22 7 7 21 6 12 19 30 28 9 21 26 9 25 15 11 4 1 14 21 15 23 8 20 9 30 22 28 28 27 4 12 12 20 13 16 2 22 21 20 17 30 9 14 18 14 8 0 4 24 13 26 23 24 11
11 11 19 21 25 26 30 13 25 21 9 13 30 28 29 13 7 23 1 2 20 23 7 30 3 14 25 5 3 23 16 4 17 26 22 15 28 2 0 30 26 26 2 30 2 22 5 20 3 9 5 19 0 17 27 23 16 11 18 10 9 11 19 20 0 12 14 10 12 15 5 3 14 8 7 28 15 6 18 8 13 7 17 11 15 15 7 0 27 14 30 18
21 7 25 7 19 11 29 10 24 23 16 4 14 12 15 4 2 11 28 16 9 2 27 29 1 28 28 7 12 11 17 22 25 20 25 16 13 18 17 9 15 16 20 16 8 5 1 7 23 23 25 7 9 19 19 13 16 7 13 23 4 2 26 15 30 4 24 22 29 3 21 29 29 5 25 26 7 3 5 25 27 10 7 29 23 23 18 12 26 16 14 0
1 25 14 13 18 27 4 25 5 23 25 29 8 26 15 3 2 2 4 28 29 23 1 11 23 15 29 29 12 3 20 14 29 13 30 28 19 4 3 23 19 16 23 3 22 21 10 30 13 25 9 6 14 30 23 7 26 24 8 19 14 0 30 10 17 5 18 4 25 23 14 25 7 8 26 30 1 19 29 27 27 7 22 25 12 18 0 12 2 23 30 20
5 22 12 12 9 5 3 9 2 20 28 16 16 15 19 1 15 22 13 23 0 25 27 19 4 10 16 0 26 3 18 27 5 4 28 14 2 9 24 23 21 30 16 8 11 28 24 0 23 10 7 5 29 21 19 5 26 3 4 10 23 18 21 30 28 23 23 28 28 22 15 30 18 27 25 28 12 29 17 27 14 7 3 12 6 14 27 2 23 15 8 6
24 10 10 1 9 2 20 14 7 23 16 30 2 13 29 11 21 21 13 25 20 22 29 23 26 17 18 29 13 20 2 15 3 24 16 27 2 12 19 22 26 29 25 24 1 1 14 1 5 26 9 1 22 12 17 22 10 0 23 7 23 8 14 24 7 19 21 22 17 28 28 12 26 22 4 3 6 22 29 4 2 1 29 23 14 19 3 0 15 15 18 26
6 5 10 17 16 10 30 30 9 1 24 20 1 20 13 8 26 8 28 15 20 16 4 22 14 8 29 8 9 3 26 12 18 13 16 7 19 19 19 24 29 5 10 16 14 0 15 3 20 28 20 22 9 9 9 4 2 20 20 10 8 21 24 25 9 19 3 14 14 18 29 0 5 12 30 12 27 13 9 29 6 20 12 20 29 9 4 23 3 9 19 2
9 4 18 2 25 10 13 17 30 23 0 26 20 0 27 5 26 6 4 1 1 25 11 14 5 24 18 27 1 9 17 30 7 15 30 17 14 9 19 16 8 28 27 20 14 28 29 22 21 7 5 30 28 25 23 17 9 12 12 8 7 3 1 5 2 30 21 25 20 23 18 8 15 2 23 19 11 6 5 8 26 0 4 16 3 27 4 19 21 24 10 10
27 29 24 4 4 12 17 17 19 11 21 0 7 9 26 19 16 5 20 0 13 23 16 21 27 7 4 12 9 23 15 7 10 9 6 27 7 0 0 14 17 3 18 3 26 19 8 1 22 8 0 5 29 10 11 26 7 22 6 29 10 29 25 9 6 10 2 24 9 16 26 9 29 11 30 18 13 19 28 15 0 3 4 6 22 15 27 29 30 4 4 30
10 3 1 12 26 3 12 16 7 28 26 25 24 14 20 18 16 26 18 12 12 27 9 28 10 15 5 22 15 24 7 14 1 26 16 13 0 1 19 8 26 0 18 21 11 11 18 22 4 23 3 25 30 30 11 26 6 17 19 11 19 16 27 3 15 18 7 29 28 12 0 15 3 19 7 12 9 16 8 25 30 13 25 11 9 27 9 29 27 1 9 3
3 25 14 11 12 25 21 19 3 13 7 8 22 17 11 17 27 19 18 24 2 1 20 16 5 29 28 26 15 16 24 27 17 26 27 3 4 1 13 15 4 8 8 23 30 25 16 3 0 5 1 20 5 5 12 15 2 24 24 13 9 29 7 1 22 2 9 19 5 7 12 15 28 12 19 20 26 24 10 19 12 30 3 3 4 16 20 26 0 14 3 27
12 12 28 13 17 9 25 24 24 0 29 13 23 2 11 13 13 12 20 11 10 20 25 16 4 7 2 24 23 26 20 6 17 29 25 30 13 23 10 8 21 12 15 8 20 27 29 9 1 6 18 1 16 27 29 13 15 15 0 23 10 0 8 10 21 12 13 25 23 21 24 9 18 2 20 8 14 27 13 9 9 9 7 18 2 16 0 18 12 16 29 18
2 16 1 4 16 26 9 12 21 23 7 28 23 28 14 25 14 23 2 26 24 6 15 2 29 25 26 27 28 10 9 7 27 17 15 8 12 11 10 2 7 8 21 2 3 27 9 17 3 15 30 6 29 19 3 14 3 30 27 8 25 7 23 10 0 26 3 15 13 28 11 15 5 20 20 0 15 3 25 8 6 21 14 19 0 23 8 13 16 12 10 3
6 5 6 4 25 9 19 24 13 0 14 1 21 4 18 19 0 25 18 22 26 8 11 18 26 2 20 11 18 11 23 13 12 23 3 6 2 18 14 5 20 14 20 24 4 13 0 19 16 8 17 29 30 9 4 11 20 26 13 19 19 13 9 6 1 0 28 3 0 21 24 26 19 16 17 9 29 23 22 27 2 11 18 2 22 25 4 4 15 0 9 28
23 5 30 29 27 15 15 14 27 8 20 8 28 13 17 1 28 6 28 25 29 25 29 12 16 23 8 16 16 28 20 24 18 23 14 20 10 10 13 18 9 24 25 10 20 11 8 0 11 15 14 29 1 1 27 19 30 8 23 7 25 13 5 25 16 21 10 10 11 26 21 18 4 27 14 29 1 13 14 9 19 19 9 19 17 11 1 22 19 19 8 14
1 1 22 8 13 5 8 14 0 18 13 30 10 24 26 18 18 8 16 24 13 20 14 18 25 5 23 11 28 8 7 11 5 12 21 6 25 1 11 23 8 25 8 11 12 8 11 3 3 9 11 8 23 27 22 26 20 14 22 4 22 16 15 13 21 26 27 28 14 22 3 20 13 10 22 15 12 23 22 13 7 8 6 0 18 15 13 18 19 6 22 18
29 22 8 4 13 21 9 11 21 8 23 8 7 18 23 22 27 12 18 24 11 29 14 1 22 9 18 11 16 13 15 25 8 19 23 8 24 23 8 29 10 18 26 18 15 23 13 9 8 12 12 8 11 12 22 29 0 20 26 16 14 29 3 2 3 10 10 9 24 2 3 24 24 29 15 11 17 29 30 23 26 16 21 1 25 2 10 22 12 17 17 6
3 23 23 28 19 30 4 1 30 2 12 27 0 15 12 15 29 21 18 13 30 11 3 3 28 11 27 17 7 29 2 19 29 8 11 6 25 13 0 21 3 5 6 27 14 2 8 18 6 17 6 26 14 5 0 2 26 0 11 14 17 21 21 12 28 2 5 5 7 26 27 29 13 12 5 16 21 25 6 18 5 0 24 1 24 11 2 14 14 6 10 11
27 12 29 25 14 28 26 29 9 16 9 26 19 30 12 2 19 7 25 8 1 19 14 11 7 26 3 30 10 27 14 8 5 26 11 7 23 1 27 16 25 19 0 13 2 1 10 2 29 30 7 21 26 30 19 30 30 12 5 26 23 9 12 0 21 25 25 26 6 6 1 16 26 18 0 8 0 28 11 19 12 19 3 16 5 21 13 25 24 27 16 9
24 13 16 7 8 5 23 5 2 22 29 14 23 18 29 2 11 6 3 21 6 3 10 3 30 5 22 2 12 16 5 0 14 21 6 1 5 17 11 10 17 17 1 2 0 5 18 4 2 29 17 30 18 4 6 19 3 26 24 8 18 21 5 8 27 7 22 19 5 26 21 19 25 8 26 7 13 16 25 15 11 14 17 3 23 28 5 8 7 5 7 9
26 16 16 25 12 11 24 19 17 4 1 9 3 11 27 19 17 21 20 29 9 11 9 28 15 20 11 26 15 9 8 2 23 23 8 16 10 22 4 9 17 14 11 16 12 23 2 5 22 18 19 9 18 16 29 29 7 9 9 27 21 28 12 20 12 2 1 17 16 25 14 12 26 26 26 3 26 9 25 26 16 14 0 19 23 12 1 19 25 13 14 21
1 22 2 30 7 27 24 9 12 9 1 30 21 19 24 12 3 26 11 21 27 21 24 13 21 10 12 23 24 7 6 15 26 8 12 14 23 24 2 4 3 15 0 17 1 30 14 20 16 2 23 12 10 29 9 5 12 10 19 27 13 17 5 29 2 13 22 30 2 26 9 28 11 19 5 0 9 7 18 15 20 6 24 30 1 30 11 25 16 2 4 18
20 24 1 16 16 26 4 15 27 19 7 26 19 22 26 9 17 6 26 12 16 0 24 5 12 29 11 18 7 5 13 13 7 30 24 15 24 19 12 25 0 5 12 25 29 18 13 4 0 5 2 2 14 9 18 12 17 10 8 20 20 2 9 3 2 17 9 26 23 1 12 8 13 9 23 28 16 25 16 20 0 28 13 22 16 18 29 13 23 4 29 5
21 9 29 30 12 10 10 0 1 1 20 2 18 11 3 5 19 27 22 21 8 2 22 12 7 3 2 14 22 16 24 15 19 5 30 16 0 16 20 1 7 17 20 15 24 30 25 7 2 25 2 0 10 26 12 3 12 4 2 26 9 1 30 13 17 9 27 22 28 2 16 23 14 5 17 5 25 30 14 14 10 5 10 30 28 19 19 28 5 7 26 29
19 24 19 14 25 7 23 7 9 10 5 19 9 14 11 19 21 15 10 12 29 4 0 20 10 19 5 1 15 13 16 19 17 4 16 29 0 26 23 12 12 3 15 4 30 18 18 9 7 4 25 23 14 29 17 15 18 18 30 19 3 12 2 10 8 28 2 27 21 18 11 28 12 26 14 15 3 14 7 18 18 2 4 27 14 30 5 21 18 0 14 20
7 27 22 3 1 4 15 17 23 3 9 27 25 2 11 5 30 2 13 28 13 22 20 25 6 14 19 14 21 13 18 12 1 5 9 27 13 12 6 23 12 18 12 7 13 2 17 16 17 7 14 14 6 3 14 9 14 27 25 19 3 19 18 17 29 28 7 17 16 30 26 14 7 24 29 9 13 8 6 19 23 20 30 10 9 24 20 26 11 2 30 20
4 8 2 2 18 4 25 26 22 29 29 3 5 25 18 13 1 23 0 17 20 7 4 23 28 12 5 18 2 7 18 8 5 0 9 13 24 6 3 23 10 4 3 9 13 20 8 1 17 14 13 23 13 30 19 30 27 5 9 11 25 11 15 28 10 0 0 27 20 25 29 6 10 19 18 27 13 19 0 11 30 2 20 22 9 17 29 14 9 21 1 21
18 16 12 6 18 10 25 27 13 20 19 21 7 0 24 25 4 1 7 9 10 16 12 22 21 30 20 3 14 7 6 10 3 21 17 20 0 6 4 1 17 22 28 24 8 24 9 30 15 0 21 10 6 5 13 29 12 26 10 0 19 7 17 18 3 0 13 4 22 24 4 12 15 9 12 18 23 6 15 8 2 13 8 30 7 6 28 3 18 10 19 3
18 12 15 23 24 30 9 3 27 17 27 19 0 8 1 16 27 18 8 22 5 6 27 6 13 26 28 6 30 24 21 29 2 9 16 12 14 19 0 6 30 23 25 11 26 1 16 11 5 26 12 29 20 11 5 8 22 30 16 0 13 4 24 12 26 23 28 28 28 0 2 25 13 17 21 14 5 19 9 22 22 13 11 12 14 11 24 4 5 4 17 21
3 11 20 2 11 14 22 6 15 26 10 27 8 9 12 14 4 17 6 9 3 12 22 25 7 2 29 28 1 26 8 27 11 22 19 26 24 9 27 8 25 17 0 25 4 23 5 2 6 16 1 17 25 14 7 24 1 27 10 23 3 29 22 13 29 9 17 3 0 12 30 8 9 28 4 1 29 21 0 5 28 21 30 21 15 13 21 30 29 15 24 13
4 10 8 3 12 27 26 20 21 3 16 4 9 2 30 24 12 0 6 2 28 26 23 14 26 30 8 8 26 20 18 21 5 22 28 25 20 9 13 11 2 6 20 21 7 28 8 24 19 6 9 10 27 11 15 19 15 7 15 22 6 10 28 27 23 5 20 15 7 24 15 23 27 29 20 4 16 6 21 30 16 18 14 14 3 1 20 29 9 24 0 25
12 17 18 11 13 11 6 13 2 24 22 6 9 19 3 1 10 11 11 25 11 29 10 6 3 27 3 19 21 7 22 1 13 2 17 20 26 14 22 24 16 10 19 28 2 4 18 7 28 6 3 20 12 17 10 25 10 30 28 24 1 20 27 23 18 16 29 4 10 9 12 20 1 4 20 20 22 23 28 14 27 19 28 8 10 28 14 12 30 9 30 4
0 25 13 2 18 18 13 3 18 29 11 17 17 24 19 27 26 26 14 22 5 27 29 6 22 25 16 29 16 9 23 5 27 23 7 10 6 10 7 0 21 16 11 1 17 13 5 28 24 11 25 6 24 20 23 19 6 3 28 23 26 20 22 2 10 11 22 6 19 21 19 6 30 23 6 27 18 8 6 13 23 11 6 1 3 2 4 23 24 21 20 22
24 22 16 21 27 2 8 10 11 12 0 12 12 27 8 25 24 17 20 7 16 21 23 2 12 8 22 4 8 12 14 8 4 7 15 27 3 25 20 0 13 8 19 25 0 12 8 19 21 21 21 10 10 27 9 14 2 2 30 21 21 15 15 21 28 2 15 2 23 8 7 20 17 28 9 30 6 20 8 28 13 16 27 20 24 5 24 29 21 27 23 11
0 23 2 26 22 13 14 26 23 19 30 14 19 26 22 5 23 16 14 14 4 2 12 9 29 15 18 23 15 4 25 16 19 21 26 16 26 12 21 18 9 23 11 6 14 5 5 11 6 26 4 17 17 17 19 10 2 4 10 23 12 27 21 28 15 23 25 14 26 7 0 17 5 20 9 28 20 4 18 20 9 1 28 10 8 28 11 9 6 30 9 24
3 13 2 19 0 6 26 0 29 18 30 23 1 7 15 14 7 23 18 11 3 24 15 3 20 7 28 18 4 14 4 29 1 10 18 21 0 5 15 1 16 5 16 6 1 23 29 8 25 17 29 3 11 20 22 17 18 0 6 25 20 13 17 24 30 21 14 21 8 29 0 27 30 2 7 21 30 2 19 11 27 15 7 0 7 17 16 29 30 3 30 2
30 5 12 15 8 30 17 25 25 2 0 3 15 20 23 20 29 27 0 17 17 17 26 19 20 17 11 22 22 1 10 23 12 8 7 21 4 19 27 30 5 0 30 28 30 14 16 24 29 2 14 25 29 13 29 14 14 12 27 24 27 22 15 17 19 27 14 1 17 21 8 26 23 25 30 13 20 10 11 1 25 26 14 2 9 11 13 26 20 14 27 20
17 3 10 27 19 17 2 2 26 4 15 23 21 20 11 0 18 12 20 12 24 20 0 7 8 21 17 4 17 20 9 4 15 3 18 2 2 2 2 6 24 7 0 9 2 9 17 20 6 15 5 17 12 6 20 12 19 19 25 29 30 12 1 17 1 2 12 25 16 14 7 28 27 24 4 5 17 2 29 3 1 3 21 3 4 7 2 28 28 2 19 2
1 19 17 11 0 5 0 16 1 14 16 25 12 5 27 14 25 28 6 21 20 13 5 6 22 22 4 13 12 3 14 19 23 18 17 11 30 17 14 28 22 20 27 29 14 27 3 20 5 14 11 17 13 30 25 21 19 19 14 22 7 30 19 10 9 6 12 9 11 3 3 22 25 13 30 12 14 8 23 7 0 12 12 15 27 23 23 19 1 3 14 13
26 18 0 26 25 8 5 21 0 27 20 23 4 8 19 14 16 4 13 6 25 28 14 12 0 23 18 19 25 24 0 0 22 18 20 16 26 22 20 8 27 29 7 26 11 16 7 9 24 0 0 17 19 13 19 3 10 30 14 15 28 11 0 14 25 9 24 6 18 19 27 28 2 15 1 26 17 13 16 14 13 19 13 9 13 12 2 23 16 27 1 20
7 13 7 19 29 16 27 4 10 27 11 13 1 6 27 25 18 11 17 10 29 9 4 3 19 25 20 15 10 29 14 2 23 7 8 2 11 30 1 22 8 24 28 19 13 30 16 23 2 16 14 8 18 28 21 28 2 7 30 6 17 27 6 16 16 27 7 13 7 5 19 23 30 25 22 10 19 7 15 14 7 7 21 3 9 1 2 28 13 18 11 6
10 10 22 23 12 4 30 2 23 10 15 11 10 2 13 29 4 9 0 0 2 30 11 26 6 27 28 26 9 21 10 29 25 21 4 15 13 6 15 1 25 19 30 0 21 26 10 10 24 9 24 8 8 9 21 12 19 4 0 25 24 13 1 25 24 3 12 19 23 18 14 29 16 19 1 30 7 2 8 5 7 11 17 12 18 30 17 22 13 0 26 5
2 29 8 21 1 8 4 27 16 29 14 24 3 10 9 25 28 9 14 5 1 7 26 25 20 12 29 25 26 12 9 15 15 30 28 2 30 23 8 14 18 20 2 2 7 12 22 13 28 16 9 11 15 29 16 21 4 1 28 17 28 18 6 8 6 13 26 17 12 13 11 23 7 11 26 18 14 10 14 17 9 2 17 9 3 27 5 21 6 13 9 23
11 18 0 16 22 7 16 21 12 23 6 0 22 28 6 29 29 9 17 11 24 28 26 7 27 25 4 7 12 2 20 9 12 23 7 13 4 27 4 26 9 16 28 21 28 23 21 19 20 3 21 2 19 3 28 2 28 17 21 22 12 14 30 0 23 16 26 6 26 5 10 21 25 2 15 2 11 11 2 12 4 22 1 1 4 21 26 23 15 19 20 21
9 8 9 29 5 5 29 28 30 24 5 12 30 25 6 0 25 29 18 20 27 7 28 17 1 13 27 22 22 29 10 4 18 23 8 25 10 13 15 12 30 21 20 28 11 14 7 14 28 8 4 4 24 0 12 4 13 5 28 10 7 13 23 29 5 30 16 8 29 2 21 9 24 5 13 20 14 18 7 7 22 20 5 26 18 29 3 10 24 22 19 15
4 1 18 21 13 28 25 17 24 23 13 30 29 13 29 6 15 7 23 28 21 11 21 12 10 27 4 16 0 24 28 9 16 25 26 11 18 23 10 29 11 24 7 23 21 16 3 2 3 12 4 0 3 12 7 26 30 2 2 28 20 7 19 9 6 3 23 28 30 24 27 22 12 12 8 23 17 5 11 24 8 28 24 16 20 14 27 22 22 7 12 22
25 10 30 22 11 28 2 30 8 9 14 25 29 10 27 17 5 16 24 22 4 1 10 28 25 5 24 30 29 30 12 10 8 4 26 16 28 8 30 26 17 3 19 30 2 19 9 29 6 26 8 2 25 4 2 29 17 16 30 26 24 29 15 17 21 11 18 13 15 3 2 3 17 22 15 8 5 16 4 6 27 4 10 28 19 14 13 13 24 27 29 5
19 3 19 6 25 0 9 21 27 20 26 9 0 21 8 10 11 16 12 30 29 12 28 2 10 30 1 15 5 22 2 17 0 14 10 8 16 24 2 5 16 23 23 0 1 3 22 7 27 5 10 30 18 5 9 9 16 20 27 11 8 22 21 24 9 1 27 25 24 1 23 30 12 3 15 12 4 28 3 2 25 1 14 10 7 28 15 4 15 10 14 3
10 28 2 29 26 29 11 18 10 20 13 25 29 14 29 28 18 25 7 11 28 1 5 12 26 10 3 30 19 25 22 3 15 3 15 9 14 20 15 4 10 26 0 0 8 24 14 1 17 11 2 23 17 28 26 28 4 8 6 22 9 20 24 5 12 25 4 12 18 5 4 27 17 7 24 16 17 10 16 29 21 28 12 30 19 14 8 12 11 5 6 25
10 29 26 1 30 10 24 16 12 17 3 28 29 8 25 23 9 5 27 30 28 0 12 11 11 1 7 2 24 20 2 15 20 16 9 3 0 0 18 10 12 20 10 22 9 11 3 24 13 0 2 22 16 11 24 23 18 28 1 30 17 5 17 29 7 10 13 30 6 14 20 2 23 15 1 1 26 28 22 3 20 12 13 5 13 6 14 24 5 22 22 4
22 15 22 8 18 11 6 1 13 30 14 5 6 25 19 28 17 19 17 8 28 4 19 17 28 6 8 1 4 14 11 0 25 14 4 7 28 4 25 29 23 12 24 2 25 9 8 14 14 26 4 0 9 28 20 9 1 27 2 1 13 2 0 13 7 12 5 3 25 1 13 2 1 23 30 4 1 18 27 8 3 14 28 28 28 4 19 12 19 5 28 12
8 23 27 21 7 21 25 17 3 25 20 14 25 14 6 5 22 17 17 1 22 21 2 5 24 22 9 3 11 7 28 5 27 5 28 2 1 28 20 1 17 6 3 18 1 17 12 16 24 30 11 16 12 24 26 8 8 0 21 2 9 21 30 0 28 12 18 14 26 25 19 28 21 23 1 23 27 4 27 4 19 15 0 3 30 22 23 18 11 2 16 20
25 29 9 1 20 14 18 15 9 11 29 21 23 3 3 2 16 18 12 2 17 7 27 1 5 12 2 3 20 29 7 27 22 7 8 4 17 11 12 2 28 12 5 6 15 10 23 6 12 7 21 22 23 18 17 27 17 17 14 25 9 7 23 29 27 19 3 11 8 11 23 4 4 8 29 2 29 11 14 26 22 25 18 12 29 9 27 8 19 25 2 28
24 8 8 10 26 20 18 29 13 13 19 5 19 30 4 26 8 1 25 27 15 20 3 8 12 3 20 18 23 10 7 25 6 19 12 12 6 10 17 15 0 24 2 27 3 4 29 16 22 1 16 25 20 6 14 14 12 0 20 19 14 13 2 5 21 19 15 6 11 14 26 17 12 15 28 27 10 17 20 16 4 18 14 2 20 1 18 27 27 28 12 10
24 10 6 8 13 7 17 8 1 5 25 0 7 0 9 25 26 9 2 10 0 13 17 26 28 19 9 1 13 25 30 10 1 26 15 14 26 30 30 26 20 18 28 30 14 3 14 28 28 14 27 12 2 16 17 29 13 7 15 21 1 7 11 30 17 1 3 10 2 26 21 29 16 15 6 0 21 18 16 17 23 14 28 5 0 24 27 30 8 18 17 18
23 6 24 2 4 27 23 16 6 16 22 21 17 8 5 20 17 19 11 5 0 19 19 30 19 29 14 2 15 21 6 16 21 2 12 8 0 20 25 25 13 15 22 4 11 0 5 24 1 0 18 16 7 6 2 7 27 14 8 16 15 6 12 19 16 8 23 27 19 0 10 15 20 28 16 17 0 25 3 28 16 19 5 3 20 27 9 4 23 14 30 22
25 9 5 18 7 19 22 29 11 17 1 28 17 16 24 27 25 16 4 6 19 14 7 24 30 17 7 1 23 18 18 15 16 23 7 2 3 14 25 19 12 17 24 17 10 30 16 2 25 25 10 21 22 19 11 14 13 28 26 4 19 19 2 25 11 20 0 3 2 18 4 16 7 9 13 19 20 21 17 9 24 29 24 6 20 3 6 15 10 11 24 17
10 2 7 9 25 0 3 23 11 12 6 8 18 26 10 0 15 8 20 2 7 18 30 22 3 12 20 9 13 3 30 17 13 12 10 22 30 15 20 19 3 3 3 8 26 18 15 25 14 21 17 28 6 15 6 16 5 14 0 18 0 4 7 13 23 0 1 27 15 3 28 11 8 25 30 27 17 18 13 5 10 2 29 16 19 17 10 22 20 14 24 12
10 16 12 19 15 17 11 29 11 2 19 7 3 22 21 13 10 0 14 12 1 26 4 27 18 12 20 10 26 24 14 29 24 1 6 14 18 26 4 22 30 7 14 12 14 7 10 19 22 27 15 23 13 25 4 10 5 9 8 1 7 25 18 18 7 5 0 29 14 19 29 10 29 11 14 5 27 24 1 29 22 12 16 14 8 5 7 13 19 11 6 2
2 15 21 23 4 18 14 4 13 16 18 0 6 29 5 15 6 1 9 24 27 24 21 30 15 7 0 28 6 1 6 12 11 17 17 7 5 8 22 30 1 18 15 26 17 9 18 2 26 15 29 8 26 13 8 17 19 29 24 10 2 30 30 29 7 14 19 1 18 27 4 0 20 11 28 28 16 6 4 1 26 30 12 15 17 16 22 23 27 21 30 3
22 10 22 27 16 13 0 29 23 5 1 21 4 21 18 8 25 2 16 27 25 6 15 10 2 5 13 12 4 24 29 20 23 23 28 27 10 26 5 4 16 7 19 13 30 26 24 26 30 22 20 5 7 19 29 9 21 29 7 14 12 10 29 29 10 26 21 0 28 23 17 23 21 27 13 7 27 2 3 13 15 9 6 14 15 19 22 10 5 14 19 30
26 25 0 23 1 13 2 11 28 26 29 27 29 21 11 27 6 27 5 12 14 2 19 3 24 27 10 30 21 26 29 5 20 11 11 18 30 0 20 26 25 11 13 8 1 30 13 27 19 16 18 13 5 22 26 8 20 28 21 29 7 14 7 25 29 8 23 20 5 3 17 6 11 23 16 0 18 2 22 16 13 9 24 7 11 23 15 30 10 4 17 13
12 14 2 10 7 7 7 28 17 10 12 6 24 8 13 3 12 3 24 7 15 7 8 7 21 7 5 29 11 1 7 26 30 18 2 26 23 2 1 21 7 25 29 25 23 26 10 25 27 21 26 3 26 24 24 20 18 30 4 26 8 27 12 23 7 28 2 3 3 9 1 14 14 8 6 16 2 24 30 15 28 7 19 7 6 24 3 21 21 10 14 8
9 11 24 17 0 21 5 29 14 6 11 10 27 9 2 27 11 26 6 10 22 3 8 16 3 19 22 2 24 23 13 9 4 21 27 24 14 27 7 5 7 19 5 20 24 4 28 2 6 4 5 29 5 24 7 12 26 5 0 11 17 0 12 5 18 24 15 24 23 16 14 24 4 19 19 3 27 28 2 19 3 17 24 28 27 10 3 13 5 28 4 24
25 22 11 8 13 17 21 30 20 27 0 22 0 11 23 14 30 23 23 10 15 25 25 5 20 30 3 30 21 11 13 5 23 26 10 25 3 6 11 7 5 21 30 10 6 28 6 0 10 7 4 0 18 24 22 7 27 2 14 4 0 11 6 24 23 9 14 8 14 11 3 22 20 13 24 26 13 18 1 17 26 8 25 28 17 12 18 4 12 9 12 2
23 1 14 17 4 29 15 21 30 0 6 13 29 26 2 17 2 18 26 1 13 25 28 5 15 5 12 4 7 13 26 2 13 18 14 1 28 15 28 0 4 19 23 9 12 9 5 10 25 13 17 6 10 7 30 17 26 4 6 7 29 13 15 25 13 3 3 22 10 16 2 5 28 4 4 14 8 4 17 11 27 3 29 16 14 15 30 15 6 28 25 26
16 2 14 5 29 3 26 19 20 21 27 7 10 14 16 12 4 8 22 7 26 14 28 19 24 14 30 25 10 12 11 27 18 0 19 27 9 7 7 19 1 25 15 28 14 24 23 13 24 27 30 3 23 10 29 7 7 18 14 2 8 10 8 17 17 20 10 23 26 11 27 10 28 25 11 29 15 24 10 30 24 23 27 14 24 14 24 23 13 15 16 9
18 0 21 1 24 27 10 20 24 13 22 26 23 14 6 7 1 7 19 14 23 26 25 17 6 3 16 0 10 5 16 7 28 30 28 22 0 30 6 9 23 0 5 22 17 2 16 15 3 20 9 6 17 6 16 27 15 2 3 17 21 28 19 24 27 0 19 5 27 30 15 26 6 16 18 14 25 30 22 24 17 15 19 26 18 19 5 22 8 22 28 25
