98 98
28 6 10 29 1 22 27 27 10 20 27 22 7 18 1 16 16 14 29 3 26 13 2 25 8 28 25 26 22 29 28 0 19 10 2 0 19 24 27 21 8 12 28 29 0 8 14 16 4 3 25 25 15 18 8 20 21 0 9 30 4 16 16 14 2 0 12 9 4 6 5 26 2 29 30 23 30 7 26 6 30 0 2 28 6 1 6 15 30 25 5 5 22 1 18 25 21 11
20 30 29 24 25 14 11 18 17 24 3 25 15 21 20 22 22 7 24 20 22 1 12 0 25 12 16 22 2 13 29 13 4 19 26 29 25 0 1 10 20 23 20 15 20 25 5 18 5 11 1 9 5 19 23 13 16 30 14 7 0 2 20 30 25 0 7 24 7 21 26 9 24 23 9 20 28 6 3 3 27 5 7 23 3 30 5 18 12 27 11 4 5 13 8 26 28 30
11 13 18 10 7 28 28 9 16 30 12 23 10 15 15 21 30 13 4 25 6 21 16 8 21 18 4 17 7 20 22 20 3 2 25 23 14 11 3 26 23 13 24 21 12 20 16 25 8 15 18 14 30 4 4 11 20 30 14 22 12 18 24 30 8 17 10 16 9 4 1 19 27 13 6 23 9 24 29 20 9 10 8 8 24 16 7 7 19 23 12 14 0 2 20 16 22 12
16 10 2 7 20 9 17 7 11 30 6 10 16 3 16 18 20 23 1 5 8 25 4 7 18 14 7 12 10 3 29 0 17 4 23 1 29 6 9 5 9 10 1 1 29 3 23 14 19 3 6 3 17 26 29 12 27 23 3 19 23 14 16 27 22 26 5 30 26 14 6 1 27 23 5 11 6 0 24 18 9 22 15 25 2 26 21 18 23 0 19 2 2 29 13 12 2 1
12 3 3 6 19 26 28 19 19 18 15 15 30 4 14 0 9 12 0 11 9 2 5 13 14 0 17 19 11 14 2 19 4 14 8 28 2 17 18 17 7 2 15 28 9 19 21 10 20 18 19 5 30 24 26 17 27 6 13 25 23 16 0 10 26 23 10 24 1 2 8 26 2 8 7 19 25 25 24 23 30 30 15 1 0 15 17 22 1 30 3 1 9 27 5 21 14 17
1 14 7 5 10 4 30 3 2 26 30 15 5 13 24 19 4 22 25 10 11 28 12 17 7 1 30 24 25 23 12 15 29 26 20 10 22 19 19 17 6 3 17 7 6 10 24 21 0 27 25 4 5 16 19 9 12 16 11 30 20 8 11 29 20 13 27 16 15 12 11 26 13 5 18 28 15 3 24 25 21 18 15 23 21 14 5 4 27 30 7 11 25 4 0 6 14 26
10 28 4 11 10 18 1 18 15 11 10 2 0 18 15 16 26 16 0 19 23 10 23 24 6 14 23 15 21 4 22 14 28 6 0 28 27 28 11 30 19 4 0 26 13 9 1 18 18 20 6 15 22 25 21 28 19 9 27 11 28 28 9 6 25 13 11 3 29 14 9 21 26 22 14 7 12 15 4 16 28 13 16 3 25 11 16 3 14 0 19 22 3 22 22 7 11 2
11 5 30 1 0 16 10 7 0 29 13 30 24 23 3 7 13 24 12 13 0 11 1 12 14 30 22 27 29 11 22 9 6 18 10 25 26 6 30 4 30 3 9 15 5 4 0 18 27 2 29 29 1 12 1 17 1 16 23 7 28 7 15 27 12 16 8 21 13 13 29 1 18 10 26 30 24 13 0 0 0 19 9 2 23 13 24 15 1 1 29 23 17 23 28 10 15 17
23 11 25 4 25 24 24 1 9 29 21 18 7 1 19 21 3 17 9 10 4 17 6 30 24 15 20 20 30 20 25 16 19 28 29 28 26 2 2 13 21 6 30 5 2 5 8 2 6 16 25 5 8 13 7 25 20 15 16 16 18 6 29 23 18 9 15 11 3 9 6 1 1 26 10 12 22 9 2 25 13 17 16 23 18 7 24 18 23 18 22 9 21 4 30 14 11 11
11 30 22 25 14 9 24 12 23 21 21 23 26 24 17 29 6 24 20 10 5 8 3 16 3 9 21 12 17 4 30 4 5 5 25 20 11 14 21 25 25 17 17 18 22 23 8 0 16 14 19 2 30 25 28 27 21 30 27 22 24 27 28 11 8 7 28 0 4 20 5 13 20 10 24 13 20 11 1 7 12 21 8 12 21 27 13 3 30 17 20 11 26 14 12 20 26 2
25 30 30 23 9 16 12 6 28 29 25 3 22 7 9 22 25 12 28 24 23 10 15 30 10 13 7 21 1 18 21 24 14 28 15 29 0 27 29 17 10 22 12 26 9 6 27 17 28 0 11 15 23 17 0 24 8 19 4 22 15 17 26 18 23 18 21 18 25 22 16 17 12 11 26 25 14 3 26 24 17 8 0 26 29 20 23 9 3 16 27 24 18 18 26 3 3 8
30 14 21 25 28 21 17 14 29 2 22 24 27 21 28 22 0 17 2 8 9 9 27 15 19 20 23 7 10 6 15 30 8 25 24 19 12 1 5 1 5 1 3 19 17 29 1 18 19 11 20 17 17 25 28 8 1 9 19 19 6 13 25 9 0 13 27 8 8 21 11 5 21 20 2 8 9 5 3 4 16 9 23 30 29 10 9 26 14 21 27 10 5 14 1 26 4 13
1 10 13 11 4 4 30 12 4 17 17 25 21 4 12 9 20 17 19 0 17 21 10 29 18 3 4 3 21 15 30 8 20 17 29 10 5 14 18 23 4 5 27 12 29 22 24 11 19 4 10 17 19 18 22 20 29 3 0 6 24 15 27 17 29 5 29 24 16 13 26 18 7 26 27 8 9 1 2 26 4 4 8 0 9 24 7 18 0 3 16 10 9 5 26 12 20 22
26 10 3 22 8 24 5 18 24 26 27 3 21 20 15 30 26 15 17 0 19 15 9 23 23 14 10 10 18 0 7 18 6 24 6 15 25 13 27 9 21 15 26 6 12 11 29 12 30 10 18 23 22 20 9 28 23 0 9 16 12 16 18 29 4 8 23 13 9 6 19 30 7 30 4 26 15 29 18 26 6 16 9 2 8 21 8 24 29 3 10 27 4 27 9 25 12 28
25 25 8 5 15 12 7 13 3 3 0 20 28 17 19 10 26 9 24 20 4 9 21 0 9 26 7 17 12 10 15 11 1 10 21 0 6 10 7 12 26 24 14 19 27 27 6 15 16 25 21 21 30 11 10 9 26 24 6 0 22 9 8 30 20 2 5 16 0 25 4 11 9 0 20 1 8 5 13 11 25 24 27 16 22 10 28 13 14 26 26 29 5 27 28 25 11 15
21 8 6 2 0 26 17 20 2 16 24 29 20 10 17 19 10 22 15 29 12 24 15 5 10 16 24 6 11 27 16 29 25 8 22 15 8 5 7 15 14 14 18 23 25 21 6 21 6 2 24 5 1 7 29 4 4 24 26 13 12 7 15 5 27 2 13 5 0 2 0 12 3 12 21 3 0 10 0 27 18 18 15 25 12 2 12 16 5 11 24 27 26 22 1 24 6 25
6 21 14 3 16 12 30 18 19 22 5 15 0 4 20 9 29 30 18 14 10 4 16 30 24 20 2 2 13 26 26 30 10 21 20 15 29 22 12 23 16 26 9 0 10 30 3 21 13 24 25 14 25 22 14 27 18 17 24 6 27 3 15 22 15 0 1 10 24 15 1 21 19 27 15 3 29 7 7 25 1 4 5 20 25 7 28 29 9 27 16 14 11 11 28 21 27 3
16 30 24 3 13 8 22 4 12 9 16 16 6 16 11 15 25 30 7 22 14 5 25 25 2 26 0 28 8 0 14 7 24 29 19 21 24 10 12 2 21 24 26 20 14 29 24 15 6 21 4 15 12 28 16 17 16 28 12 9 2 21 19 21 19 28 27 9 6 13 30 4 4 19 6 14 29 27 20 11 0 25 15 23 5 29 8 12 28 4 22 1 10 16 2 10 18 13
3 1 25 11 24 13 9 0 0 1 24 23 28 4 24 5 8 22 21 17 23 17 26 30 18 10 0 23 8 24 29 13 0 13 21 28 7 26 6 19 29 28 5 28 16 30 26 27 18 0 0 17 29 27 14 28 1 21 9 26 13 7 28 21 4 30 21 18 1 11 11 21 23 27 27 3 11 5 7 30 25 30 0 6 10 23 25 16 11 25 7 20 20 23 23 25 24 4
9 26 27 23 24 9 0 0 29 14 0 7 13 30 25 3 3 1 17 11 1 27 20 23 21 25 18 2 10 10 16 26 28 0 19 17 4 24 15 30 25 16 3 29 18 5 28 27 20 16 8 1 22 10 17 28 25 3 11 14 15 30 5 10 12 20 21 14 30 8 5 1 26 5 22 7 0 21 8 26 3 21 5 28 26 17 18 19 0 5 29 22 0 29 14 16 12 23
16 21 5 1 26 20 16 21 12 25 14 30 25 7 17 3 20 16 10 20 5 8 24 5 22 11 25 9 26 21 27 29 24 24 2 9 29 4 26 3 21 22 19 30 23 18 17 29 7 17 10 3 29 18 8 26 25 19 4 20 20 12 16 27 27 26 2 19 16 27 23 0 18 20 29 5 11 29 24 9 19 12 17 1 2 16 15 3 28 7 19 15 20 2 20 7 27 7
7 17 12 25 5 14 17 12 19 16 0 20 28 11 28 2 10 11 28 22 30 3 20 6 25 25 24 2 15 27 15 2 1 21 11 19 10 1 23 17 29 6 1 20 9 3 19 22 15 27 3 24 6 4 13 5 1 0 12 30 29 16 20 13 11 22 10 1 20 7 19 1 25 20 11 10 4 9 12 30 30 20 7 7 24 14 7 29 2 15 26 27 28 13 10 3 2 13
20 15 27 19 9 11 24 8 25 2 24 5 17 22 2 1 30 25 24 8 28 18 27 26 7 14 16 10 26 0 8 2 21 2 14 27 28 3 28 20 19 4 11 23 7 18 6 19 23 18 13 25 20 17 5 7 1 3 4 21 22 20 30 17 13 25 13 23 6 12 9 23 12 26 11 18 27 25 5 22 18 22 4 24 26 28 9 14 18 21 3 8 23 13 16 7 23 0
15 27 13 7 11 26 20 5 13 15 0 6 25 29 28 26 13 16 23 4 24 22 7 21 8 1 23 1 25 11 0 5 19 29 18 16 12 27 2 29 2 10 11 14 18 0 19 25 1 25 4 6 23 20 8 16 6 29 0 9 24 17 28 27 14 13 5 13 12 17 10 27 7 5 6 16 12 18 22 8 11 28 6 25 16 21 2 14 15 30 15 3 15 9 14 28 20 10
13 16 1 21 8 4 0 21 20 22 12 28 6 13 4 11 7 15 12 22 8 0 23 7 22 12 18 20 16 8 4 16 22 4 30 14 2 2 15 28 3 5 25 10 20 4 27 21 4 13 17 26 21 16 30 18 25 24 16 22 17 27 16 26 3 9 11 22 10 25 29 10 5 1 30 8 6 25 13 10 30 14 13 21 14 17 30 18 15 17 8 1 22 1 9 16 30 14
2 20 9 20 27 10 3 2 27 11 11 13 11 27 17 7 6 8 6 26 21 13 20 28 10 8 9 24 12 3 14 25 27 10 18 3 22 29 14 30 15 24 20 14 12 29 24 22 6 3 10 6 6 2 25 13 3 21 5 7 1 11 7 13 7 8 4 7 11 22 30 5 21 23 3 2 5 16 10 9 9 16 16 4 16 30 29 0 16 16 21 9 14 21 22 27 2 14
1 26 19 9 4 1 21 9 10 25 29 5 22 2 8 3 18 28 2 24 1 25 6 4 29 3 0 1 16 5 7 28 18 5 0 10 17 5 28 6 18 26 11 16 3 19 5 2 4 2 22 15 24 24 8 4 17 0 6 26 22 21 19 15 19 9 17 28 15 4 12 4 30 3 14 25 21 27 9 16 21 25 16 10 30 10 9 17 21 12 16 24 6 11 28 4 15 2
6 19 21 1 30 10 22 25 23 20 20 2 14 28 12 1 30 1 29 17 17 21 2 8 20 12 13 25 7 2 5 16 6 22 22 8 24 27 29 29 16 16 25 26 5 21 30 14 17 25 28 0 29 11 5 7 11 15 0 27 30 20 8 21 21 24 13 16 14 15 5 9 10 26 17 27 4 3 20 6 27 20 10 0 30 29 30 3 29 21 4 5 30 1 10 6 6 15
23 30 0 22 6 6 24 17 10 22 5 15 12 12 11 22 22 1 27 6 23 22 4 2 22 16 19 18 17 20 30 3 16 3 29 3 7 28 19 7 16 29 11 30 27 3 24 29 30 8 16 20 21 28 14 1 3 12 20 2 0 6 12 5 0 11 14 27 20 10 10 2 19 18 19 25 20 10 3 23 28 6 15 24 29 8 18 26 8 6 16 1 14 18 21 29 22 20
25 15 3 5 23 21 22 1 10 5 29 25 5 9 22 28 24 0 8 16 18 6 21 3 5 21 28 20 5 24 24 26 30 10 3 25 4 29 13 15 29 22 6 24 11 23 10 23 6 24 13 0 24 2 20 26 9 9 27 28 0 8 0 1 10 12 27 4 6 25 16 2 22 9 21 13 27 1 15 0 19 12 17 3 25 18 13 27 11 9 28 14 6 6 10 29 24 25
25 6 24 27 16 4 7 9 28 12 6 19 16 25 19 14 7 9 19 12 1 2 16 29 29 8 7 20 30 3 29 24 20 30 27 26 14 30 6 23 28 4 16 27 19 10 19 22 30 6 6 18 24 23 24 26 17 27 24 16 29 19 25 21 8 0 0 18 5 29 10 19 9 17 24 25 16 28 27 19 25 11 8 19 1 16 21 12 21 18 13 26 23 7 4 1 15 18
19 7 13 19 13 16 4 19 22 19 11 18 15 9 12 2 2 4 27 28 7 28 28 16 16 1 19 24 20 28 1 23 26 7 13 4 4 2 1 3 9 22 14 26 6 20 20 11 3 24 29 8 19 20 8 22 2 6 26 10 28 20 0 21 24 10 24 2 23 9 17 2 4 20 3 22 11 26 10 7 6 29 30 6 21 15 21 10 28 3 4 21 0 0 13 10 9 11
23 24 28 22 26 19 3 0 28 26 25 2 29 6 29 21 22 13 30 11 27 6 23 25 27 24 9 11 2 25 14 22 19 10 6 16 23 5 5 24 27 19 16 13 28 2 24 13 9 18 9 26 19 15 1 3 13 17 21 30 1 26 10 18 27 2 17 30 4 6 19 28 11 3 5 18 13 11 28 20 7 17 7 18 0 12 11 29 8 26 20 20 14 20 20 25 23 4
24 18 29 30 30 18 16 6 29 0 4 25 24 17 16 16 0 11 24 14 19 3 2 16 22 23 16 3 22 3 3 1 17 14 8 3 8 22 22 23 27 21 4 21 29 19 19 26 19 12 11 19 3 25 0 11 4 18 10 7 27 30 8 19 0 12 30 19 10 17 26 26 20 23 1 22 28 21 30 9 1 1 9 20 25 0 0 3 15 14 3 26 22 10 8 30 21 13
11 11 5 17 6 1 8 20 22 1 26 2 8 9 24 27 8 13 25 25 3 29 18 4 2 14 10 1 20 0 20 28 21 9 21 16 29 20 12 15 11 24 25 27 8 6 6 12 4 18 12 20 7 28 8 14 8 28 11 11 13 26 0 23 30 15 6 1 5 20 28 13 17 5 0 5 28 4 19 29 3 3 3 20 15 20 9 8 21 4 14 28 2 10 5 10 13 22
15 18 29 4 9 9 0 20 30 30 22 18 12 10 4 1 6 4 4 24 11 27 29 9 1 8 6 14 7 26 6 27 10 30 25 28 10 3 19 16 5 30 0 6 6 5 14 6 18 5 16 29 9 29 7 3 11 17 27 8 23 11 16 9 22 0 18 4 26 6 22 30 11 28 27 20 13 0 25 7 3 5 14 26 20 4 14 6 25 10 6 28 3 3 30 22 9 0
28 7 4 18 9 25 14 23 16 27 10 15 0 4 10 12 6 21 13 0 10 25 12 16 8 15 5 19 12 0 6 14 12 11 11 28 5 15 4 24 29 30 18 11 4 0 24 15 2 11 1 1 15 2 27 3 2 4 6 25 26 30 5 27 18 15 28 27 7 15 26 18 17 21 3 5 30 19 17 7 28 14 22 16 30 11 14 2 25 11 22 3 0 5 3 29 28 13
24 0 8 10 10 27 11 14 9 27 2 6 8 15 3 21 11 13 0 6 12 29 7 1 4 24 30 19 16 21 13 3 8 1 21 22 9 22 13 28 10 15 30 6 4 15 22 23 20 7 14 8 24 4 4 26 17 28 9 20 3 5 1 8 3 1 28 4 9 12 28 19 23 30 2 29 26 14 30 26 15 26 11 27 27 12 25 15 20 28 18 18 23 0 27 10 30 22
25 5 9 7 26 27 20 2 3 5 11 4 20 18 8 0 16 22 25 23 20 25 24 17 26 20 21 12 22 16 16 0 2 18 14 26 18 5 16 14 23 27 16 18 15 2 27 13 7 2 30 8 23 13 11 14 3 28 16 1 19 19 0 1 4 10 16 17 1 12 0 11 25 27 10 5 23 0 16 4 14 24 29 10 5 23 22 27 16 17 20 7 17 23 28 7 1 16
11 15 20 28 28 27 11 16 5 19 12 16 19 3 12 12 21 15 1 0 21 13 17 30 3 28 10 24 14 15 5 2 30 10 17 8 14 30 26 26 16 0 10 28 26 15 14 30 5 27 28 4 12 24 21 16 9 17 1 12 13 21 29 14 28 24 18 20 5 29 30 26 0 15 16 14 24 4 3 19 18 22 25 8 5 14 19 12 27 26 26 26 9 21 25 12 5 27
12 7 11 24 29 20 29 2 23 26 24 6 23 1 9 13 19 15 22 22 22 14 2 0 5 13 30 11 18 24 30 14 19 8 12 25 10 20 1 16 15 7 21 9 23 13 2 24 30 27 26 30 30 19 2 18 20 22 13 1 0 8 17 22 25 12 2 11 16 0 17 0 9 26 27 19 4 3 10 25 9 17 14 4 5 29 0 2 20 25 9 5 0 20 10 10 21 24
5 18 26 25 18 12 9 12 4 0 13 12 28 23 24 17 24 11 22 28 18 17 20 26 26 17 10 28 26 9 9 15 12 20 26 9 12 26 21 5 21 16 18 6 27 25 16 10 12 25 21 27 1 2 25 9 10 25 27 5 9 23 25 19 15 4 24 8 10 20 10 12 8 29 2 1 8 20 10 21 16 22 6 10 29 3 8 10 15 24 30 30 15 4 8 30 23 23
27 6 21 15 15 0 1 8 30 8 22 9 25 22 1 0 30 4 30 17 26 11 21 28 18 23 26 22 20 26 5 7 3 8 12 27 2 3 14 29 3 19 23 25 24 17 11 9 17 18 30 5 21 11 9 16 4 24 20 7 21 16 26 20 1 15 10 26 25 8 16 12 1 7 20 26 2 14 0 5 2 5 6 14 23 22 24 20 23 2 0 16 22 16 23 25 20 2
27 13 25 7 8 15 16 12 28 20 25 11 26 9 10 17 23 17 25 6 12 20 28 9 14 16 30 12 5 18 21 1 9 29 2 10 24 22 4 7 19 22 6 21 14 12 9 10 28 23 0 30 22 22 29 28 27 3 10 19 7 8 21 6 27 4 21 21 14 28 5 19 30 2 30 17 4 27 20 9 2 16 25 0 16 24 23 30 18 10 26 8 10 22 1 13 29 11
5 22 10 27 1 30 8 10 11 26 27 27 29 9 21 6 4 10 8 9 10 27 10 16 25 21 3 10 8 10 2 20 28 4 15 2 16 1 22 10 13 20 30 2 26 13 2 17 14 12 20 4 4 10 1 19 29 20 22 2 19 0 30 10 16 9 25 6 4 27 16 24 7 5 9 12 28 25 30 16 6 23 0 14 24 29 3 24 18 22 0 5 2 6 11 28 26 0
21 30 23 5 27 3 6 11 8 3 27 1 26 16 4 12 3 16 30 26 10 1 4 5 16 0 6 5 13 23 5 29 25 14 14 22 0 6 18 15 12 0 25 9 6 6 28 20 27 15 11 3 3 9 24 5 4 17 29 11 14 22 25 23 7 27 25 15 19 14 5 9 19 9 13 29 20 8 0 15 21 0 20 19 12 15 27 28 4 15 2 17 26 3 16 27 6 4
16 16 8 22 10 25 8 13 14 22 18 28 9 3 29 27 14 6 3 17 23 5 6 2 25 29 23 5 12 29 28 25 6 14 27 20 2 4 6 10 21 15 1 18 15 4 19 18 28 1 13 15 16 9 21 21 11 8 23 14 26 23 24 17 17 26 6 18 20 29 5 18 29 8 20 11 26 21 3 4 0 7 27 17 27 5 7 5 10 10 27 7 18 12 11 15 29 6
27 29 26 4 27 8 21 3 22 19 8 16 23 12 6 14 10 7 24 3 27 5 23 7 4 3 12 11 7 23 0 22 2 23 8 25 22 7 14 29 25 4 14 29 8 5 11 5 1 25 0 4 29 28 24 11 23 5 11 15 24 23 28 20 7 16 19 4 22 3 15 30 3 8 26 4 1 24 17 2 22 28 0 28 30 23 2 10 0 13 19 3 18 29 25 5 22 30
1 10 29 1 5 2 15 5 24 9 1 18 30 25 0 5 19 27 26 4 21 12 30 20 0 25 7 25 1 14 5 24 14 28 26 17 1 10 30 18 30 21 22 6 8 26 22 27 22 28 11 6 2 10 28 4 2 10 24 8 10 28 16 18 12 7 18 22 23 27 25 12 14 26 30 25 28 3 14 21 20 2 10 12 16 13 13 1 27 4 25 3 5 24 11 22 11 21
10 15 10 2 25 15 15 3 4 2 4 26 7 29 14 30 7 9 18 16 18 9 16 28 12 0 27 11 5 9 13 29 19 4 23 29 13 6 14 21 12 10 2 16 14 0 20 17 14 2 19 25 20 8 17 24 7 9 19 11 27 10 26 23 5 18 13 11 26 10 18 9 21 28 26 24 18 3 2 14 18 29 28 26 17 24 21 28 28 4 19 30 19 8 16 28 21 11
22 2 23 2 0 8 10 5 30 7 21 8 8 18 1 11 10 7 6 24 16 30 28 28 8 4 28 28 10 28 9 30 12 22 5 15 10 7 18 25 23 30 10 22 21 12 1 22 18 28 19 1 4 24 29 10 22 27 22 23 21 29 29 24 15 29 16 7 14 20 6 16 24 15 16 30 7 20 28 30 28 20 3 21 8 18 2 24 29 2 18 14 6 17 7 11 21 22
29 5 13 23 5 9 4 17 9 27 16 19 3 3 9 20 28 4 18 28 25 11 8 0 13 28 0 21 10 29 7 6 7 13 27 0 25 0 12 2 8 24 6 14 29 6 5 12 1 8 23 7 3 20 3 13 30 8 7 15 13 18 26 25 4 18 14 2 6 16 10 7 25 5 15 6 29 2 26 1 19 20 12 19 18 22 14 14 16 21 0 17 27 1 20 15 2 4
4 13 15 21 7 10 1 7 18 11 30 25 19 18 7 3 2 22 13 4 28 27 5 20 26 2 11 15 30 3 10 21 27 17 26 20 16 2 24 14 13 8 20 21 0 25 14 17 10 22 12 2 1 6 28 0 29 7 17 29 29 23 17 12 24 26 16 23 20 10 4 16 16 18 5 30 29 5 4 20 19 7 1 5 14 14 13 1 17 27 23 10 22 14 10 24 28 26
10 20 6 0 29 12 30 27 20 22 15 7 13 10 16 21 28 13 7 21 16 15 3 23 20 23 6 4 20 22 7 7 19 26 23 5 28 16 16 6 12 18 12 17 2 10 16 7 23 19 16 21 9 6 14 11 23 7 20 21 4 0 20 29 12 10 10 15 14 12 9 10 6 10 2 15 22 8 26 24 25 15 24 15 18 20 29 30 26 9 13 25 14 19 12 9 13 8
16 13 12 2 15 17 24 15 17 30 7 21 7 3 23 27 30 30 13 29 8 0 11 16 21 29 20 10 21 12 23 15 30 19 10 8 10 15 24 27 15 15 11 27 6 17 25 15 2 2 29 18 21 25 5 3 10 28 20 17 27 11 9 21 23 30 23 28 17 11 2 20 11 7 16 30 27 23 28 23 22 0 3 30 9 23 13 6 20 1 26 5 7 8 2 3 22 19
14 13 4 13 29 11 17 1 14 7 26 13 30 7 19 1 6 24 1 10 7 30 10 0 26 2 9 21 14 24 5 16 24 30 30 9 3 24 19 2 6 5 25 13 13 2 30 1 23 20 20 16 19 13 28 17 19 9 11 19 5 27 25 2 27 11 25 20 17 13 3 10 14 29 14 8 11 10 11 14 8 24 12 1 1 27 21 30 14 18 7 1 4 23 12 4 28 13
23 24 14 2 0 6 19 23 20 9 5 15 1 22 24 9 23 11 23 16 10 21 17 3 8 11 18 24 14 23 11 23 4 12 7 30 15 8 0 17 16 11 18 25 28 9 10 29 26 15 22 15 13 10 19 18 20 24 18 17 5 7 13 0 20 2 4 23 30 13 9 11 17 19 15 14 27 14 13 4 22 16 8 3 3 14 30 27 9 13 14 28 13 10 25 3 28 27
21 29 12 16 15 1 2 11 18 14 20 16 21 10 4 27 10 16 16 28 16 11 19 24 5 8 18 16 2 11 4 20 24 4 11 0 5 7 19 18 14 11 20 27 13 25 27 25 19 7 13 18 23 9 5 26 4 9 12 17 11 20 14 27 19 17 25 13 2 24 21 26 23 13 2 20 12 30 27 27 6 27 26 4 25 5 9 24 18 1 29 22 2 7 28 14 14 10
21 10 22 21 22 0 22 17 18 23 4 6 5 18 19 17 12 26 10 25 26 7 25 13 0 30 16 5 1 15 14 5 24 2 21 9 26 7 11 11 12 28 0 27 22 2 6 4 18 26 9 30 9 3 3 4 4 13 22 10 2 0 7 2 16 29 21 19 13 19 10 14 13 8 0 1 26 2 28 26 28 18 19 7 17 20 12 11 9 23 28 3 30 18 13 3 8 20
27 18 9 18 7 23 15 21 30 15 21 23 14 10 4 24 5 25 20 17 19 7 17 26 5 6 20 24 9 12 26 23 21 23 2 3 13 3 7 25 12 7 13 27 7 28 18 1 17 6 15 0 19 16 9 20 1 11 0 19 13 4 6 8 27 7 28 23 21 24 18 26 7 6 6 22 10 11 0 5 27 11 30 20 5 3 6 16 2 20 7 25 0 23 19 14 13 26
14 18 15 30 30 23 0 17 20 8 2 25 2 18 18 7 13 6 12 25 2 3 27 4 18 0 15 30 27 17 18 16 18 10 16 15 8 9 2 28 14 20 22 22 17 24 15 5 19 13 12 23 12 16 1 20 23 21 27 4 4 11 12 16 30 17 1 14 21 18 4 7 20 15 26 7 21 20 3 14 9 3 7 30 0 23 16 9 23 13 21 4 13 10 8 2 15 9
8 3 13 10 9 1 29 8 3 3 22 20 8 13 6 9 13 18 9 23 11 10 20 19 17 29 12 8 29 29 2 17 6 25 6 1 26 12 26 19 27 16 18 11 16 24 9 9 4 11 13 5 29 11 27 0 28 12 4 26 3 5 23 6 0 14 20 15 10 0 27 2 5 14 27 4 12 26 19 25 9 3 3 22 27 15 8 21 15 19 21 17 20 18 13 29 13 0
18 22 28 5 11 8 30 13 15 2 7 26 24 10 16 17 25 18 23 23 3 23 6 7 10 3 28 8 11 18 10 28 28 22 9 29 1 30 12 4 15 4 13 23 1 23 0 12 15 16 21 17 7 11 21 25 5 23 1 29 30 27 18 14 27 9 26 3 21 7 17 23 6 4 23 17 19 12 25 14 23 7 19 6 10 24 7 22 2 20 25 9 5 28 21 13 5 20
9 14 29 24 23 11 4 29 5 30 7 7 27 21 28 19 7 30 28 5 1 25 15 12 24 1 25 7 13 19 6 15 7 10 28 26 27 24 13 2 13 28 10 3 25 22 5 23 14 7 18 4 8 10 9 10 6 30 10 27 4 29 30 1 17 18 21 23 1 4 11 25 18 7 0 12 17 20 1 20 16 23 18 14 8 21 11 26 8 4 17 5 14 16 3 17 6 24
12 22 1 8 6 1 11 9 1 23 8 4 25 12 17 9 12 26 27 16 18 17 18 6 10 26 28 19 4 5 11 19 6 24 28 27 11 15 20 1 22 22 10 2 12 2 11 28 13 16 22 4 14 5 5 10 16 29 9 2 6 4 24 23 18 16 0 13 0 30 3 20 6 21 17 25 13 20 22 26 18 7 17 22 11 7 7 24 18 24 29 13 26 14 22 26 3 12
14 29 1 3 16 10 23 9 9 14 17 4 11 29 19 28 1 10 22 12 8 28 2 22 24 5 12 3 3 21 10 7 3 4 28 0 15 0 9 5 30 28 12 25 0 17 22 22 4 12 6 18 28 1 25 22 9 27 10 8 17 20 23 20 29 23 25 20 9 17 1 6 19 12 4 15 1 20 27 6 6 2 24 13 5 15 1 3 13 13 15 28 3 5 22 21 13 18
2 7 9 16 28 2 27 27 4 0 17 28 23 3 9 29 19 4 20 8 2 29 19 14 21 10 0 3 17 19 14 2 18 28 8 30 2 17 1 16 22 24 4 1 5 3 22 19 10 30 3 24 3 20 9 26 15 20 15 12 4 16 6 28 5 7 26 19 19 15 30 20 9 30 7 20 26 26 20 25 10 21 29 19 6 20 16 18 26 12 19 0 0 15 12 27 11 26
16 5 17 26 16 30 27 26 18 13 19 29 10 26 10 14 2 14 13 21 26 9 15 17 7 22 14 27 2 10 29 3 20 22 12 21 10 15 15 17 17 30 11 30 14 21 8 16 12 29 23 24 16 17 1 21 16 14 20 4 5 20 10 5 17 7 6 29 2 19 4 16 10 7 28 13 23 18 6 22 15 16 4 5 16 28 15 17 17 11 26 13 7 5 27 22 7 28
3 8 16 18 0 23 14 4 19 23 3 25 8 24 6 8 0 26 13 15 28 24 22 16 5 11 4 10 4 3 23 12 23 5 16 8 17 6 10 23 13 22 28 22 13 27 19 15 15 12 17 10 11 13 24 5 2 18 8 19 27 7 14 20 29 14 7 5 7 29 6 19 5 0 25 11 18 15 24 28 3 26 14 9 9 28 27 17 9 19 21 14 12 3 6 6 23 16
18 3 7 30 0 16 18 18 15 20 6 28 27 10 29 2 20 7 20 26 12 18 6 29 27 3 15 8 20 20 15 9 10 18 25 15 27 9 13 15 21 19 9 22 21 16 24 18 1 12 4 22 10 17 25 20 9 27 11 16 14 29 20 19 13 9 18 10 25 0 19 0 6 25 10 22 25 18 1 2 4 1 20 18 6 29 17 10 0 11 11 27 23 19 17 2 19 16
0 5 3 6 4 26 26 30 26 14 23 30 19 5 0 21 14 22 19 22 22 19 1 30 28 8 7 29 1 28 22 9 18 20 19 7 0 10 23 7 8 6 13 30 0 9 19 22 21 12 2 11 7 19 15 28 3 20 1 17 27 17 7 8 7 22 1 27 16 13 24 0 20 0 11 1 3 29 18 23 27 18 16 16 22 3 29 16 4 8 22 21 20 14 17 8 27 4
28 10 9 8 8 17 18 21 20 3 25 17 25 21 28 6 21 23 29 4 27 8 0 3 24 4 17 19 6 12 3 2 20 21 3 8 26 26 8 16 5 11 17 9 10 16 25 21 1 19 26 9 17 1 28 2 16 24 9 12 24 12 17 5 20 16 27 25 5 25 25 25 8 26 14 16 5 16 30 6 16 30 24 22 2 10 17 23 6 2 3 8 12 11 0 10 17 19
26 6 3 12 21 11 16 14 21 5 4 25 1 29 7 14 27 28 7 11 5 14 22 20 10 28 19 11 9 6 6 6 28 30 2 10 19 9 21 7 0 29 17 11 8 16 9 16 14 18 3 14 18 25 27 20 4 8 15 23 4 29 2 21 2 0 15 9 17 19 2 14 5 30 3 5 17 7 5 24 2 20 17 15 5 25 1 10 5 7 22 5 15 26 10 28 24 2
3 24 5 25 29 20 1 27 4 14 3 17 15 22 20 7 6 0 27 14 26 11 30 30 5 24 6 2 17 1 2 13 16 11 14 16 27 26 26 21 15 16 21 5 29 21 5 14 7 13 28 17 24 11 28 14 12 22 6 24 30 12 28 26 22 17 23 8 6 19 6 26 7 7 21 16 15 19 26 21 30 17 20 12 28 12 19 8 4 15 22 16 14 18 9 10 8 19
2 27 19 28 25 26 6 23 9 8 17 11 8 9 5 27 17 4 25 0 16 5 27 1 13 14 20 27 8 20 2 2 2 16 16 30 10 10 4 27 3 7 3 10 28 12 5 15 24 14 12 6 17 17 24 24 13 11 16 29 12 20 5 10 10 15 2 9 15 17 20 0 12 8 16 26 1 28 3 29 5 21 1 16 4 14 6 11 28 9 25 3 20 30 29 5 0 21
16 20 22 16 21 2 28 15 5 0 3 30 7 20 13 2 16 28 11 29 14 8 16 19 16 26 26 24 4 23 17 27 20 29 30 23 10 30 9 13 11 26 17 19 11 14 30 2 26 28 29 19 27 6 15 18 12 0 4 26 3 26 18 1 2 24 0 16 24 20 9 21 3 30 18 17 10 24 21 5 20 9 19 12 20 12 22 13 7 18 6 10 24 27 21 7 5 14
28 12 18 17 3 10 28 27 28 15 23 17 7 30 5 16 8 20 19 5 3 12 18 12 9 28 26 24 28 2 24 13 19 5 3 26 23 3 23 26 13 6 27 7 25 23 30 16 19 23 21 22 24 7 16 15 12 12 27 27 1 18 11 14 13 19 0 2 24 6 28 13 8 9 1 21 5 14 26 20 2 3 29 17 10 20 30 12 9 29 7 28 2 9 8 28 26 30
4 26 23 17 27 20 5 15 27 10 14 27 30 12 26 4 22 12 26 24 20 9 15 23 17 18 8 0 28 24 3 9 21 30 10 19 26 25 21 10 24 2 18 12 26 23 17 30 28 21 11 8 21 12 10 14 12 20 5 26 28 12 14 22 20 3 14 12 29 20 12 3 3 16 20 6 25 22 9 13 15 16 21 17 9 24 0 7 6 10 0 27 26 30 26 29 29 22
2 15 18 15 27 18 17 8 17 16 25 30 13 2 23 27 8 12 15 12 24 4 3 30 14 2 25 3 1 20 2 29 17 22 22 4 13 14 3 21 13 22 2 7 9 17 20 7 15 11 18 23 20 4 14 23 8 14 15 10 22 17 16 20 5 1 23 2 21 2 2 21 2 7 21 1 5 1 22 19 1 22 21 30 30 21 17 17 15 11 9 27 22 14 0 27 17 9
8 27 25 14 5 23 30 23 14 26 23 0 8 16 10 26 7 10 9 26 27 18 29 18 18 29 22 21 11 24 0 4 17 9 6 0 5 26 9 17 15 5 6 13 23 13 9 30 18 27 26 1 2 26 17 15 27 18 30 7 28 12 17 16 13 16 15 3 6 25 14 15 4 18 14 9 24 15 29 24 14 19 26 17 28 26 8 13 15 30 15 0 13 1 15 6 11 17
9 27 30 24 19 11 27 27 9 24 3 23 9 2 11 4 0 21 17 28 7 8 24 30 11 15 7 26 8 12 4 4 10 13 14 6 6 5 15 7 24 23 2 20 17 18 22 5 15 30 29 7 19 20 12 29 6 1 21 18 23 22 27 20 26 22 30 2 7 1 8 20 19 6 18 23 17 14 26 16 13 15 7 17 2 10 3 24 16 13 20 13 5 16 2 27 17 17
19 16 29 30 22 26 9 3 23 10 16 28 0 10 22 20 15 22 25 14 22 0 12 24 5 24 16 25 4 9 12 0 27 21 28 29 5 12 18 29 26 2 10 23 7 8 14 27 25 22 7 15 7 20 9 27 11 6 6 3 20 7 21 3 6 6 4 27 17 21 11 14 3 8 4 11 7 10 11 19 28 30 20 27 2 18 26 25 25 7 7 14 8 2 29 26 2 8
6 13 27 30 11 26 0 10 6 8 2 29 26 20 27 20 17 13 9 23 0 13 10 13 4 16 1 12 11 15 16 27 9 15 27 11 4 11 20 29 26 19 13 3 26 7 29 14 6 8 27 19 30 7 8 27 26 14 6 18 1 16 17 24 6 29 0 2 20 6 3 3 22 2 7 30 6 6 19 3 8 4 29 15 26 30 13 20 19 29 4 1 2 24 22 28 22 5
30 16 12 27 25 7 30 28 27 13 22 10 6 2 30 21 19 18 10 5 16 30 7 21 28 7 12 7 6 13 12 3 2 30 13 11 17 21 9 20 30 3 16 24 28 18 14 2 9 9 14 22 0 16 12 28 11 6 16 24 14 21 30 7 7 9 15 30 7 1 22 27 20 19 10 26 17 4 30 4 13 2 30 14 19 6 21 27 3 20 12 9 24 18 24 16 22 11
0 23 1 9 17 23 12 21 0 30 5 14 4 28 30 14 5 11 5 4 14 23 5 1 22 27 13 11 10 22 21 5 18 8 26 29 30 29 28 4 11 4 23 0 13 14 16 13 23 4 10 6 11 0 3 4 3 16 25 20 8 26 19 18 8 5 29 7 13 11 4 9 30 6 10 9 19 22 9 15 17 27 10 19 22 30 30 8 28 16 5 12 1 4 14 18 5 17
5 11 11 21 17 8 17 13 21 20 27 11 15 11 16 10 28 2 29 7 23 24 0 9 1 26 15 17 21 21 15 26 27 10 17 8 20 22 0 6 9 2 8 16 24 13 20 18 27 27 14 16 1 13 22 19 19 11 12 11 0 8 2 26 6 4 7 24 2 9 11 12 13 4 22 8 14 24 15 29 24 25 30 15 21 15 2 27 26 27 8 16 13 2 19 10 5 21
8 13 13 12 8 26 13 21 11 14 10 25 8 3 18 11 28 18 20 5 21 23 9 22 14 13 15 4 4 24 22 10 23 29 3 25 21 10 1 18 9 18 2 15 22 30 6 27 7 4 7 19 5 6 27 0 1 25 2 13 3 24 7 13 26 30 12 23 9 27 30 22 27 24 25 26 7 19 22 4 22 8 7 18 21 20 13 21 7 20 24 29 27 8 22 30 2 1
30 0 21 13 3 6 26 23 6 20 16 3 4 3 25 24 9 1 20 20 25 5 19 8 28 4 29 20 14 21 24 23 11 1 13 7 24 9 23 1 8 27 0 28 11 15 0 0 19 3 16 13 2 8 26 10 6 27 15 16 9 7 15 11 22 6 4 16 10 23 11 7 7 12 19 2 8 18 24 13 21 10 2 6 18 10 2 24 17 29 18 21 4 18 7 26 17 29
13 12 0 17 18 1 23 14 1 21 18 13 11 6 6 8 24 18 7 16 25 13 30 24 10 5 13 10 14 8 1 6 2 5 29 24 8 2 20 20 20 8 3 26 1 1 28 23 29 8 23 20 30 14 15 0 19 17 23 11 2 8 9 1 16 29 28 3 28 4 7 25 8 9 16 2 24 6 13 2 30 28 22 22 19 15 14 9 8 15 24 24 13 6 19 6 8 26
23 9 15 20 1 25 9 13 1 15 23 4 0 30 13 4 30 1 20 8 29 3 19 0 15 14 18 14 24 29 27 27 17 22 18 28 29 6 26 21 10 5 24 14 7 2 1 23 22 8 24 24 15 12 24 30 0 11 27 25 3 16 26 28 17 24 3 21 12 25 27 9 3 5 25 1 30 9 4 7 26 19 16 27 1 15 16 18 5 28 20 6 30 6 17 9 3 6
3 27 28 13 10 28 5 12 9 8 18 14 20 21 17 9 1 20 28 13 18 2 2 4 23 14 29 11 14 5 23 23 20 19 22 22 18 29 4 1 21 22 1 27 28 28 29 25 8 24 12 21 24 5 1 17 20 12 10 2 11 27 17 8 16 13 23 24 13 7 30 16 16 25 6 1 11 8 25 17 29 9 0 8 22 4 0 13 12 21 19 21 0 5 6 16 24 12
20 19 26 6 7 18 28 15 19 14 16 18 4 0 6 24 26 24 1 10 20 11 8 7 18 20 25 2 0 22 14 23 11 14 12 14 27 3 4 10 7 3 26 23 20 19 23 27 23 12 29 26 28 4 26 4 30 12 1 14 20 15 17 1 16 10 5 25 23 15 14 6 21 3 17 19 4 14 26 3 6 14 24 4 1 30 8 16 15 30 8 1 15 18 30 17 29 2
18 24 10 8 10 24 26 25 10 24 18 8 30 30 22 2 15 18 17 14 9 6 6 25 15 15 21 14 16 28 12 30 16 29 24 21 29 27 13 28 5 27 10 12 9 2 24 12 26 19 29 29 29 9 7 0 8 12 12 9 0 20 22 13 17 1 16 21 9 9 26 21 2 14 8 7 14 3 20 14 28 23 29 12 22 22 22 0 3 6 7 24 10 6 7 13 21 9
13 18 8 7 14 1 12 0 6 23 19 16 20 19 8 20 3 23 8 25 18 10 29 19 10 29 19 10 20 16 18 13 24 30 10 7 9 22 28 26 4 1 22 21 2 3 26 29 20 5 24 25 15 7 28 21 18 8 13 28 9 27 3 9 8 26 8 30 12 0 9 17 16 21 25 26 8 19 24 11 21 29 23 27 5 8 20 1 2 12 16 30 22 26 24 23 2 24
15 28 29 29 7 4 18 18 26 14 6 15 20 7 22 16 4 9 2 25 30 18 2 0 3 5 30 29 18 8 28 4 28 13 8 9 17 18 3 11 27 28 18 26 16 16 10 17 21 6 3 5 23 11 30 18 5 5 17 10 26 1 18 19 17 27 6 22 2 9 7 20 7 11 19 24 30 10 24 9 2 3 0 24 30 19 9 17 11 3 0 14 9 30 1 1 9 0
18 14 2 11 19 8 3 11 11 12 14 21 5 13 2 4 28 24 23 4 2 24 23 13 26 17 10 27 7 9 4 20 25 26 14 16 21 11 8 26 19 9 28 4 25 11 1 24 0 27 15 26 29 0 3 13 24 10 12 13 8 14 3 28 22 24 2 1 6 3 19 23 11 29 28 4 7 5 3 8 16 14 26 15 26 16 4 27 10 20 27 14 22 30 10 19 17 20
25 21 16 7 23 6 1 3 21 27 16 24 25 29 26 17 10 25 13 15 6 15 11 30 10 20 1 10 18 7 27 24 1 27 2 13 5 18 15 0 7 16 18 26 7 14 15 18 21 12 19 2 13 6 3 26 28 21 0 0 8 8 14 19 30 2 9 30 6 14 30 1 4 30 16 24 30 17 25 29 26 30 16 21 26 4 15 16 24 15 7 30 29 18 15 19 5 17
27 21 11 2 10 0 11 17 13 15 13 16 13 30 20 7 24 8 23 13 8 16 21 24 11 11 22 7 21 20 12 1 10 13 20 13 9 11 5 22 18 30 7 14 25 25 4 9 21 30 19 6 20 15 16 13 17 21 20 7 17 4 8 5 24 17 8 23 3 5 8 7 5 1 27 17 9 11 15 18 20 22 23 4 28 15 6 9 6 21 18 29 21 19 26 16 30 3
