24 24
13 27 4 0 9 14 14 24 17 20 27 17 11 16 4 0 29 12 3 12 28 10 5 8
12 20 1 8 9 4 1 0 17 5 28 5 15 30 26 8 23 13 25 24 5 19 27 2
6 22 23 0 9 1 8 4 24 15 11 22 20 13 18 3 26 25 4 27 20 11 28 6
4 9 4 5 10 29 13 29 14 0 26 3 14 5 18 25 3 18 7 18 18 11 15 22
0 21 16 7 23 24 8 23 22 15 18 28 0 26 2 25 21 4 14 0 16 3 14 19
15 10 18 15 8 30 28 6 21 23 2 8 21 14 20 4 10 29 24 4 14 23 17 3
10 17 13 2 24 26 19 28 20 10 9 11 12 16 9 17 1 6 26 6 25 25 17 17
13 10 21 25 5 1 0 19 18 6 10 4 6 19 13 21 14 14 22 11 0 20 2 7
9 2 17 22 0 20 14 5 19 18 9 24 5 17 20 14 12 18 6 16 27 17 6 1
10 10 13 10 17 11 21 14 29 6 19 29 0 6 10 10 2 28 2 15 14 17 3 14
25 24 12 18 23 3 8 8 7 27 14 21 4 20 17 11 20 9 3 3 30 30 14 23
15 8 27 13 26 0 30 26 13 30 26 27 27 17 17 19 17 12 5 12 20 20 22 28
26 28 30 19 4 9 12 5 10 17 29 22 9 30 7 27 30 26 15 14 8 12 21 23
2 16 13 0 0 26 21 29 10 6 1 19 2 4 1 20 28 23 8 21 18 19 22 0
12 18 4 23 28 28 12 18 20 17 26 10 2 5 10 24 1 15 14 26 11 3 5 4
14 21 12 27 24 2 7 7 30 2 1 10 20 11 3 13 15 27 28 5 13 27 4 11
20 16 1 11 9 9 10 8 17 22 8 4 9 22 1 22 12 2 0 26 4 14 8 24
17 14 8 28 9 13 25 27 21 8 24 19 8 12 29 18 7 25 18 18 5 1 26 30
4 13 10 6 14 24 20 18 28 18 3 24 24 20 7 3 2 29 20 18 0 28 1 6
4 14 25 9 25 11 22 19 22 17 7 25 26 3 29 23 1 15 20 11 0 0 25 14
5 15 10 14 21 17 27 13 8 8 28 16 0 24 29 17 13 12 23 2 4 30 11 11
21 27 10 2 15 12 5 5 0 15 25 10 28 30 10 20 6 5 0 12 25 17 21 17
16 12 22 15 29 7 22 27 10 28 23 10 28 5 26 26 30 10 9 17 12 3 8 0
26 10 17 29 29 23 20 19 21 19 17 11 4 18 26 6 27 1 15 15 7 23 9 21
