32 32
13 24 30 16 8 20 19 22 8 0 24 16 3 13 2 19 24 8 2 12 13 9 25 4 0 3 27 29 11 28 22 7
4 14 11 19 25 27 30 30 13 15 0 0 17 10 11 20 22 0 30 14 15 4 2 6 6 20 30 6 15 30 14 6
16 1 11 7 21 27 24 13 6 8 2 7 7 13 22 10 19 12 27 17 6 30 7 30 23 26 17 9 17 11 22 12
15 8 26 18 10 2 25 29 22 0 3 21 20 28 29 6 27 21 10 17 1 30 24 4 28 16 20 9 11 12 1 24
12 15 0 30 14 14 26 2 21 19 12 13 23 22 0 11 3 10 8 7 23 7 25 21 22 17 21 19 10 20 8 13
20 7 25 26 2 21 7 17 23 12 26 27 19 26 4 4 11 21 25 16 6 9 12 18 13 9 24 9 19 17 26 24
29 18 29 26 10 13 7 5 1 13 0 3 25 19 6 28 9 23 24 13 0 24 1 19 29 10 25 20 2 12 21 29
0 3 1 17 19 12 27 11 30 8 6 12 19 9 30 23 29 2 3 20 12 10 28 11 15 0 0 7 9 3 23 11
11 13 9 18 20 24 5 15 15 16 18 19 3 21 1 6 5 2 2 1 8 1 19 4 26 14 13 5 19 18 0 15
2 12 11 29 15 2 0 15 14 9 24 19 11 16 22 24 5 12 26 24 8 27 0 1 3 18 16 23 6 25 23 2
24 16 4 19 22 22 10 0 15 8 10 11 16 3 12 22 5 25 22 28 25 20 23 24 22 26 24 21 0 30 0 26
25 29 0 25 23 6 17 28 21 12 1 17 28 28 1 12 14 2 16 11 23 15 7 2 13 21 19 20 22 16 29 29
5 22 28 13 20 27 5 27 17 6 13 2 28 13 29 11 29 8 30 25 5 16 7 20 14 16 16 21 17 28 17 10
1 18 30 13 4 21 4 4 24 30 26 19 0 4 18 18 28 14 18 10 14 5 18 19 2 29 24 10 30 15 29 27
8 9 23 9 10 16 30 14 3 29 6 8 1 4 20 8 18 0 4 6 12 23 19 13 10 28 15 0 23 7 23 8
12 4 9 4 29 22 5 6 6 10 19 11 9 10 30 21 7 4 27 19 2 5 10 1 0 27 17 25 29 17 8 23
0 28 30 20 16 14 12 26 28 13 28 7 28 29 23 24 15 29 17 24 30 5 13 19 21 14 10 24 18 6 9 20
18 1 7 14 4 12 23 10 13 26 22 1 14 24 4 6 24 13 3 23 9 23 3 28 8 21 16 18 26 30 4 2
24 8 12 6 20 8 25 1 12 21 22 25 11 21 6 7 2 13 15 9 18 3 22 10 5 16 11 11 5 11 30 9
21 29 23 6 27 26 21 12 4 10 1 15 22 2 20 11 0 26 2 4 25 27 0 24 0 7 17 23 1 19 10 7
19 19 1 14 6 24 18 14 24 20 0 21 15 7 14 19 30 2 30 16 12 26 29 25 16 21 0 15 14 3 10 10
10 27 0 30 19 0 9 22 8 0 5 10 1 21 27 15 8 7 19 24 27 1 25 2 2 14 8 9 7 6 14 12
7 4 24 27 3 23 19 20 19 10 4 16 22 18 4 22 29 14 16 5 7 18 28 14 11 12 11 29 22 11 2 18
20 4 8 25 30 14 26 25 19 18 6 12 22 25 16 25 7 1 16 21 30 18 20 1 0 15 19 23 21 24 6 21
5 8 16 25 13 17 11 7 16 30 11 12 14 14 22 16 2 30 8 30 3 2 6 16 12 21 1 21 24 2 22 8
29 24 20 29 12 18 26 30 14 13 9 14 2 24 16 28 24 12 8 26 2 25 4 5 17 24 30 7 18 17 28 10
14 13 7 0 3 21 0 6 21 23 16 3 2 25 21 19 22 8 27 26 15 16 12 26 19 8 10 7 29 19 25 12
1 15 16 29 24 6 15 24 20 15 5 15 20 29 19 27 30 4 28 20 22 17 1 21 23 13 6 19 22 26 6 29
10 16 17 25 14 8 2 26 11 5 4 2 12 11 3 26 10 0 11 19 5 19 4 9 23 16 9 29 3 28 5 20
30 2 8 6 29 21 12 25 5 28 25 13 29 27 15 8 4 13 2 3 2 17 15 20 30 25 11 6 13 16 13 19
5 26 3 8 19 11 20 28 30 13 13 2 0 18 9 20 20 0 13 30 25 30 11 12 17 11 30 14 26 23 5 1
3 3 15 30 2 9 23 14 20 19 14 16 18 19 6 26 2 23 14 23 13 13 14 12 25 5 27 1 3 12 27 18
