34 34
17 25 16 10 16 2 25 0 28 1 11 26 28 14 19 5 13 6 13 18 12 29 21 22 8 1 4 12 20 19 1 18 17 0
2 15 22 7 16 25 30 1 10 19 10 11 13 27 17 13 17 0 10 1 29 29 2 12 2 21 9 6 8 12 3 27 12 13
4 27 25 28 8 11 24 9 17 6 5 26 27 11 7 11 17 9 23 21 0 5 20 0 28 22 28 14 20 2 16 13 23 28
29 26 24 16 21 6 7 28 15 20 3 22 7 17 25 17 23 13 19 30 1 8 25 2 22 25 14 16 2 26 13 0 19 7
8 3 22 11 8 2 6 21 13 5 20 2 9 29 17 17 17 15 25 12 5 23 8 8 18 26 5 24 26 18 9 30 12 21
2 2 7 19 11 2 8 7 7 12 24 3 14 8 19 30 13 29 4 15 1 21 24 10 20 1 6 23 3 15 28 24 12 24
13 13 16 29 29 2 20 8 30 5 5 30 24 24 3 13 28 6 9 26 11 18 28 21 10 11 0 8 19 18 19 1 30 8
16 25 21 3 11 22 20 2 29 6 7 25 24 10 11 0 2 15 7 1 22 17 6 24 11 12 28 7 8 4 15 19 9 17
17 20 29 1 8 30 4 24 7 2 15 0 20 2 0 2 10 13 18 10 20 13 14 16 15 23 24 21 24 1 20 16 7 29
8 7 24 30 16 1 9 11 19 21 27 5 20 4 27 25 8 5 2 4 8 16 11 28 29 17 6 27 18 1 5 1 25 7
8 15 23 26 12 10 22 26 10 13 22 1 12 10 24 7 27 22 24 13 9 2 0 26 9 19 4 9 20 2 8 14 14 29
30 0 24 27 2 9 14 19 3 4 3 28 21 3 7 21 22 4 3 11 10 9 25 24 29 24 14 0 7 17 29 28 11 26
7 4 23 24 25 17 27 23 9 15 15 18 14 15 30 13 28 13 12 2 12 29 3 17 8 19 15 9 11 2 21 2 4 19
1 19 11 28 2 30 27 10 7 30 23 14 30 3 30 28 2 5 11 13 28 27 10 5 28 10 25 8 3 18 24 26 10 8
20 22 3 25 24 5 1 10 27 10 19 17 25 29 15 18 18 6 23 16 29 25 4 25 24 4 21 14 23 24 10 7 10 18
20 15 14 16 7 20 9 15 14 20 17 2 10 28 26 2 4 21 7 22 24 8 13 3 8 19 29 29 26 8 28 21 23 18
28 8 28 6 6 25 0 20 10 21 18 9 24 9 26 15 7 18 27 1 12 6 23 5 29 25 12 19 20 20 5 12 20 10
0 4 23 15 8 26 26 11 3 9 6 13 27 24 4 17 20 20 13 17 7 16 16 1 18 30 9 7 0 25 17 7 2 20
16 0 24 12 7 15 11 4 22 16 19 24 27 19 16 26 20 25 21 15 6 5 27 16 7 25 4 24 16 24 5 25 18 7
11 2 20 27 26 3 19 15 1 28 3 19 4 8 5 4 26 6 15 6 13 19 6 9 1 13 19 22 7 29 14 15 17 27
14 7 0 3 28 24 8 0 20 8 5 16 7 13 5 16 16 5 5 12 18 24 24 11 4 7 16 14 21 18 29 20 28 8
17 30 29 30 10 1 22 18 26 7 14 19 24 13 14 26 29 10 30 12 13 19 27 12 27 16 23 26 15 6 8 0 22 9
3 18 17 10 22 14 17 28 9 11 30 15 1 20 18 3 5 1 0 14 18 20 14 20 29 1 11 13 6 23 12 20 26 26
25 12 29 24 16 3 25 17 3 24 3 22 5 10 7 17 13 15 5 5 3 8 13 22 10 0 16 2 1 21 23 16 27 6
12 30 27 16 23 20 19 30 0 22 18 27 9 11 17 13 21 0 21 28 17 20 1 17 28 9 20 21 3 12 21 10 5 22
28 26 15 25 19 29 15 23 20 25 18 10 28 15 22 23 3 16 7 6 11 3 10 20 17 11 2 25 26 28 3 22 2 7
25 4 3 28 7 0 13 10 5 7 10 23 28 18 0 5 0 3 29 19 22 4 13 18 4 18 16 14 25 17 23 15 2 19
27 5 19 9 3 26 0 24 29 26 29 8 20 24 28 25 13 30 27 17 4 11 29 20 3 30 26 3 13 8 7 24 22 21
2 5 15 30 15 2 3 19 19 28 24 21 1 25 17 15 19 18 7 6 22 25 6 6 9 21 16 4 20 9 3 8 6 29
20 23 12 8 25 0 11 23 24 4 8 18 19 29 8 14 2 5 11 6 10 7 14 0 12 20 20 13 10 28 27 0 29 5
22 10 17 14 9 20 18 20 10 17 27 15 17 21 2 9 3 16 6 11 0 1 2 18 14 6 8 20 5 12 24 27 15 26
2 19 6 4 22 27 23 1 3 21 5 8 28 0 20 26 9 21 0 18 6 0 26 18 2 25 16 19 8 25 21 2 21 15
4 6 6 12 18 5 28 10 17 9 13 29 9 7 25 2 28 13 0 15 1 20 21 4 23 8 9 29 16 26 2 20 11 10
26 17 1 23 13 15 9 22 7 27 4 27 17 2 11 3 3 13 1 16 26 1 26 26 29 30 0 16 4 26 27 11 21 29
