40 40
24 11 27 26 2 19 1 13 23 2 0 0 0 9 16 9 1 1 29 11 17 5 14 0 0 29 22 25 20 0 30 26 26 9 2 17 23 4 29 6
28 0 29 30 1 29 18 4 23 0 4 21 20 10 12 20 29 16 16 14 22 24 26 26 21 13 3 12 5 27 7 23 17 29 24 24 23 8 21 4
22 17 1 21 3 29 21 27 14 16 24 21 12 12 17 15 10 17 15 19 14 21 19 7 18 19 20 25 12 2 8 21 24 5 16 0 7 24 15 15
10 15 22 17 26 24 21 27 30 22 3 11 14 15 10 1 21 9 4 20 28 8 5 23 9 30 7 1 28 18 29 2 6 3 15 8 22 17 3 13
10 21 17 23 19 30 5 7 2 5 22 6 27 23 25 25 5 16 6 26 25 10 29 10 28 5 14 13 8 15 22 23 4 29 22 2 22 11 23 2
9 0 11 0 4 3 0 21 8 11 11 12 23 23 30 2 11 1 5 29 13 25 12 0 27 2 0 1 7 24 30 18 23 9 7 30 28 4 0 10
29 26 30 13 29 0 16 14 30 9 22 7 19 9 24 16 7 15 26 29 21 2 14 27 5 15 14 21 3 24 7 29 27 11 5 18 18 1 7 15
12 21 25 2 28 23 8 14 7 19 30 16 1 21 28 28 17 24 25 0 19 10 17 20 26 10 21 25 2 18 16 14 25 20 19 5 28 7 5 26
24 14 5 30 17 8 2 12 8 5 1 8 11 17 22 27 29 15 5 15 3 22 24 3 8 30 12 10 15 6 7 10 22 30 11 22 19 4 27 19
30 19 24 25 17 27 13 18 19 24 24 2 30 4 1 21 28 28 14 21 12 22 0 5 30 25 25 4 12 19 15 10 15 15 3 18 0 14 20 7
17 1 14 11 22 17 15 26 12 16 27 4 15 17 17 28 27 29 7 13 10 16 27 15 4 15 17 15 3 24 2 11 19 23 8 29 3 1 20 19
27 5 29 10 17 5 11 5 16 19 25 27 8 30 24 20 25 11 25 15 9 3 4 4 1 11 26 16 15 13 0 4 24 12 1 20 11 14 16 18
20 23 22 16 3 26 8 26 16 14 11 30 19 10 19 25 10 2 25 5 5 12 30 9 29 3 20 28 5 28 5 19 14 15 13 18 6 25 5 22
27 6 12 28 17 12 6 15 5 17 26 1 11 26 18 13 10 8 12 12 23 22 26 7 26 15 3 0 15 0 1 23 10 5 26 15 4 23 4 21
13 30 29 4 8 14 23 1 27 11 7 6 23 12 14 30 21 24 0 30 26 13 9 21 10 6 30 0 8 5 1 1 12 28 29 13 29 1 1 14
2 29 3 6 6 19 18 29 1 4 27 7 27 11 19 11 15 3 22 3 14 21 19 2 21 10 22 13 20 22 0 12 2 27 12 24 21 20 2 11
9 4 25 24 7 29 3 3 26 5 9 7 0 5 2 14 13 26 23 27 24 26 16 16 2 30 26 9 16 15 17 19 14 22 21 18 20 0 14 28
27 19 24 26 22 19 26 1 16 12 8 24 29 20 14 28 23 21 18 15 4 3 8 28 1 25 6 10 14 15 29 5 4 13 2 14 2 1 25 25
22 29 13 11 26 2 16 13 0 18 14 20 14 16 28 7 6 29 29 9 20 29 11 14 19 1 24 24 0 27 15 28 23 12 10 24 1 6 14 24
13 2 22 20 3 10 3 12 21 19 0 29 6 28 4 17 19 8 2 3 10 26 18 17 27 1 5 3 30 3 16 24 17 25 5 22 25 15 28 22
12 18 4 17 2 5 7 27 25 3 11 14 24 13 16 17 19 3 25 20 21 19 29 21 19 18 2 10 0 17 17 3 14 7 13 4 16 13 4 18
26 1 20 25 11 21 15 5 22 27 0 16 9 29 29 15 20 30 1 28 0 1 7 8 4 4 0 20 25 0 20 28 23 29 15 1 28 16 19 23
30 12 6 11 29 4 23 7 9 26 26 3 14 2 17 5 5 16 5 9 0 9 2 27 6 14 9 14 20 23 11 19 22 13 22 4 5 20 22 22
19 6 23 10 24 13 3 24 20 15 21 2 30 18 11 4 15 17 8 26 30 14 18 19 25 15 13 9 1 8 21 13 24 1 19 0 23 4 12 17
22 2 15 22 30 12 26 13 10 0 28 15 13 0 22 5 6 28 14 1 4 9 22 27 26 7 4 19 7 22 23 2 19 13 3 12 25 27 13 19
3 7 19 30 13 23 0 29 11 27 0 21 21 13 10 11 25 24 12 10 17 9 13 28 15 10 18 26 11 10 9 30 4 17 9 5 17 1 8 11
5 30 16 15 0 5 13 27 14 0 14 20 20 20 9 13 25 9 22 14 24 28 4 24 26 2 21 7 6 19 17 4 14 2 17 1 23 8 5 5
19 19 4 19 18 15 4 13 26 11 21 13 17 1 10 0 26 11 26 22 25 9 23 5 18 29 5 15 14 26 3 5 13 4 3 1 16 21 12 22
20 26 18 30 27 7 1 19 24 17 28 13 17 15 7 11 4 0 25 20 14 28 10 21 26 29 20 26 17 20 9 3 30 0 10 4 3 25 8 5
26 21 22 13 26 6 23 30 20 24 25 17 22 1 11 5 28 10 7 3 9 2 22 28 12 1 15 10 11 12 7 12 13 25 17 21 28 16 6 16
9 4 0 2 14 22 27 14 17 26 19 28 23 6 7 6 26 3 18 16 22 17 1 15 28 1 8 24 12 2 11 20 1 20 12 19 1 5 18 11
28 22 20 30 25 30 16 7 25 18 30 11 23 4 19 10 0 2 23 26 17 13 7 7 10 13 24 13 19 18 28 4 9 20 27 2 2 19 17 24
11 24 0 4 10 3 29 17 4 10 28 3 12 30 22 3 22 4 25 1 6 22 21 23 9 21 7 24 16 22 4 1 29 13 3 4 20 10 9 15
1 24 9 19 26 7 7 0 11 15 20 0 0 24 2 21 12 12 11 29 17 25 13 25 2 22 11 26 4 10 4 26 12 8 8 20 15 18 12 8
26 18 14 15 1 22 7 14 28 22 20 12 19 11 10 1 27 6 24 15 22 16 28 13 14 7 18 7 3 18 11 18 20 13 19 22 19 21 3 8
28 26 19 1 8 8 18 13 18 18 11 14 13 2 29 7 17 6 19 3 30 17 16 1 0 16 16 6 26 25 4 17 26 16 12 9 2 18 26 23
13 28 10 0 15 23 15 7 18 2 5 26 9 26 24 21 22 9 2 12 17 9 20 7 18 7 12 22 23 2 23 8 9 25 30 13 17 2 28 25
29 5 0 7 4 29 20 24 30 4 2 0 24 19 15 3 14 29 7 14 30 11 30 23 26 25 12 2 22 18 15 19 25 25 5 2 19 9 12 10
18 16 19 29 24 5 6 6 15 17 14 27 13 19 10 7 21 30 30 17 19 7 21 28 26 24 5 0 30 17 6 18 17 27 23 5 6 15 14 0
8 9 25 14 28 13 14 20 23 16 5 9 16 1 1 4 8 3 4 1 7 26 6 29 15 2 18 7 26 7 0 14 16 17 19 19 14 16 25 28
