41 41
30 5 6 12 15 1 6 5 25 20 8 4 7 29 2 22 24 9 21 17 9 29 27 27 24 21 16 22 25 22 26 3 8 7 18 27 7 30 30 28 18
30 21 15 13 2 30 29 5 27 30 13 4 29 7 1 17 5 18 7 19 5 29 17 16 28 3 26 8 27 6 28 4 5 7 28 12 6 8 5 4 11
26 22 26 15 3 15 25 23 6 28 5 22 25 30 6 0 1 4 9 1 0 29 12 28 16 25 11 3 6 22 25 13 2 12 0 20 17 26 3 25 18
23 14 26 12 13 23 20 30 10 14 11 24 16 17 21 0 18 22 23 26 5 7 5 13 13 16 24 1 7 15 13 25 17 4 30 10 21 4 30 30 15
7 18 24 1 15 13 4 10 20 21 20 25 8 4 21 8 19 8 22 19 17 24 30 12 18 28 24 26 24 22 2 8 15 27 23 10 25 14 19 12 0
16 7 16 19 11 11 14 26 2 26 6 11 17 7 9 10 4 9 4 2 17 12 9 3 17 28 19 16 2 8 21 19 25 30 8 5 25 10 29 13 6
16 1 14 25 17 7 4 23 7 22 9 20 6 25 15 5 29 0 0 14 0 22 3 12 0 18 1 5 19 28 29 18 20 26 13 11 27 30 3 4 17
16 1 2 24 9 28 3 25 13 3 24 10 5 29 7 11 11 7 20 18 11 29 22 11 26 23 8 5 1 6 16 6 24 4 14 27 1 1 10 1 4
18 15 20 29 18 18 5 26 3 18 20 0 9 5 5 28 9 11 15 4 13 22 4 19 14 7 8 1 3 8 18 1 21 28 6 5 6 10 26 11 20
22 20 10 5 7 23 6 19 13 29 9 25 27 11 6 10 12 28 21 17 1 5 24 18 18 3 28 20 17 7 22 24 16 12 7 23 1 27 27 0 27
11 28 11 16 16 9 1 7 23 5 6 27 19 7 10 3 4 6 0 4 2 20 2 3 17 10 20 0 14 24 16 24 4 12 5 30 12 16 14 1 29
26 7 16 28 23 29 19 19 25 27 1 5 23 12 26 8 21 9 25 7 4 16 17 21 16 13 26 6 22 19 10 4 7 10 27 6 5 25 6 6 11
17 15 12 17 15 8 19 7 28 27 4 9 8 18 5 28 19 25 17 25 14 2 12 10 23 26 23 5 30 24 26 2 30 1 11 13 11 23 23 4 24
14 18 22 23 6 20 16 8 20 13 17 12 1 4 15 25 2 11 2 24 23 12 29 28 25 11 3 19 19 11 4 12 10 20 4 17 9 14 29 12 17
29 3 3 18 29 14 29 4 1 17 23 2 22 30 6 20 25 16 15 21 0 19 9 6 23 15 4 30 18 27 2 16 13 25 14 30 23 14 2 7 26
21 26 29 24 8 0 25 16 7 12 29 12 14 23 6 23 5 21 12 18 26 21 3 8 30 4 13 19 7 21 30 5 7 16 22 18 10 2 23 3 27
26 28 26 1 8 4 28 9 13 10 8 11 24 27 6 29 10 7 18 23 8 15 18 10 7 1 14 2 23 6 10 21 21 9 6 12 8 20 23 9 7
12 9 7 26 15 20 16 24 16 22 1 30 8 5 4 15 18 29 20 21 25 30 23 3 5 29 20 17 27 23 24 1 8 20 6 28 9 3 26 21 18
22 5 26 14 15 5 4 1 8 16 0 2 6 10 0 23 3 8 25 7 10 2 5 18 16 6 16 2 24 10 7 21 29 22 3 21 11 12 3 24 26
12 22 13 16 10 30 25 30 24 4 18 17 11 17 29 7 13 6 18 3 28 4 5 9 0 9 19 8 14 0 0 3 11 30 2 4 28 22 15 13 17
10 25 16 7 7 11 16 15 16 15 12 5 12 14 14 6 0 9 21 4 25 3 14 11 14 22 17 2 8 18 19 10 9 7 27 15 21 14 15 27 25
22 16 10 2 28 3 12 6 30 18 17 6 25 16 26 20 0 4 15 16 27 22 6 13 3 18 6 26 5 21 7 8 6 28 9 13 4 23 15 16 26
19 5 14 9 11 2 15 27 5 18 16 2 22 20 13 2 7 0 21 10 18 0 14 26 8 5 7 16 17 11 18 16 20 4 21 19 0 9 10 1 9
3 11 24 23 3 9 27 11 19 16 4 26 13 11 23 18 13 4 1 13 26 13 1 18 23 22 4 5 2 26 18 17 18 29 0 24 23 24 28 8 7
13 28 24 26 12 20 3 16 2 3 10 25 18 0 12 3 15 26 11 9 16 5 10 10 9 12 21 18 3 14 4 22 11 29 0 12 14 16 11 15 1
24 8 5 22 24 29 13 19 25 20 28 2 28 4 12 15 25 18 3 30 0 7 3 30 9 19 23 27 6 22 17 29 30 24 9 16 5 7 12 27 13
4 1 20 27 8 23 15 2 28 16 30 22 0 5 6 29 6 8 26 26 13 23 21 8 23 19 27 8 14 2 12 3 0 22 30 13 30 9 15 11 29
28 13 20 23 11 0 0 23 13 29 30 20 11 6 4 28 18 7 29 21 25 16 20 0 1 22 14 24 4 9 26 11 21 19 25 11 27 5 7 3 0
5 8 25 26 1 25 18 18 20 12 4 27 28 19 30 26 17 29 10 23 22 25 0 0 14 2 2 9 28 26 2 13 11 29 1 19 13 20 27 28 21
6 15 29 5 28 8 5 1 18 18 21 5 19 21 23 4 22 30 5 12 8 9 25 12 21 6 11 15 23 1 7 20 20 9 25 10 13 7 2 19 8
13 28 5 16 2 29 10 23 17 10 10 24 1 0 20 10 8 13 0 22 6 21 25 4 13 25 19 30 8 20 9 15 4 18 9 28 26 14 17 25 28
10 6 27 0 4 15 29 0 5 16 19 14 30 23 12 10 0 26 9 11 27 4 20 16 15 10 4 21 24 23 13 14 17 8 11 9 2 23 3 27 12
3 3 19 2 16 26 17 22 12 14 23 23 6 24 20 11 2 15 0 2 10 23 13 17 12 15 5 6 14 4 23 18 30 7 21 1 3 17 27 8 12
20 1 16 19 12 22 29 25 11 12 4 2 29 27 19 29 29 7 11 14 8 28 5 13 22 23 27 5 14 10 25 8 24 6 25 2 21 18 29 6 13
14 25 9 9 10 13 10 29 19 7 15 3 12 27 27 11 0 7 1 30 22 0 5 21 30 27 15 6 1 8 18 19 0 1 1 25 4 12 12 11 27
16 7 20 11 20 2 3 24 9 12 7 4 19 1 25 1 13 9 12 14 5 24 7 22 13 13 26 15 8 25 3 16 18 0 3 9 30 4 16 18 3
4 1 29 29 7 1 28 25 3 4 17 2 13 10 27 25 25 15 15 26 29 28 11 29 9 0 24 13 30 5 20 19 30 29 0 11 6 25 13 27 19
5 9 11 22 27 28 6 8 30 28 25 18 14 15 30 16 29 2 30 25 10 26 18 30 2 4 14 1 6 5 0 30 16 4 11 4 17 21 16 17 1
26 3 19 6 28 0 7 25 17 9 19 27 26 2 23 7 0 8 21 2 24 26 11 15 4 17 11 11 18 3 28 2 5 23 13 8 29 23 30 12 21
25 6 22 26 2 10 15 11 16 14 20 8 30 0 0 21 9 15 1 18 2 16 22 21 2 2 2 22 18 27 25 13 6 28 12 11 6 11 16 16 13
2 28 29 7 20 24 14 5 17 16 4 3 14 22 25 26 11 14 14 5 27 7 3 12 7 10 15 3 11 21 17 9 15 16 0 3 16 26 11 10 20
