42 42
10 19 5 10 23 26 26 16 18 18 15 17 2 25 21 2 14 3 13 21 13 9 8 20 22 19 29 26 16 14 0 18 1 8 27 0 3 23 5 0 16 25
8 30 28 4 21 12 21 4 2 27 4 9 13 28 3 20 20 25 17 2 18 4 25 29 21 12 4 18 5 12 4 23 7 11 25 8 4 27 21 18 17 6
22 28 19 25 9 23 13 26 25 0 11 7 1 26 9 16 3 18 22 24 7 15 27 6 4 2 16 5 19 27 15 11 17 9 23 3 28 6 13 15 15 1
19 19 1 28 5 27 2 8 11 28 28 3 29 24 7 12 17 13 16 20 1 23 30 11 22 16 10 29 27 28 18 3 21 6 7 0 30 6 18 19 20 2
30 23 1 3 3 7 10 6 29 4 30 9 27 11 5 26 2 18 29 7 28 15 25 30 16 18 27 18 4 30 19 23 21 16 15 30 6 9 25 22 2 30
23 27 26 10 8 15 3 8 28 22 9 0 1 3 4 13 3 27 19 13 7 25 27 1 22 24 4 9 13 3 25 19 20 5 18 20 27 9 2 8 7 27
16 22 17 17 21 23 17 13 1 7 23 14 5 10 25 20 10 17 1 28 28 18 4 30 5 10 28 9 30 22 8 16 6 6 22 2 14 12 4 1 12 23
15 1 3 14 2 10 26 19 10 11 23 1 7 9 23 12 18 24 26 23 10 14 24 17 21 29 23 4 11 26 18 24 9 18 5 29 25 26 9 21 12 21
12 28 7 12 29 13 17 26 23 16 11 17 26 22 9 11 30 18 8 10 27 29 1 28 18 24 6 25 27 15 24 4 7 9 10 11 2 15 14 3 1 12
3 0 17 23 5 19 15 26 29 10 17 11 4 12 7 27 0 29 13 27 18 2 1 3 6 4 30 8 21 21 9 7 20 15 23 2 9 22 24 3 1 0
2 19 3 17 14 14 7 25 28 19 17 18 23 23 20 2 24 10 19 15 13 23 10 11 15 14 17 14 17 18 25 23 3 21 11 2 29 20 15 18 0 25
25 12 4 27 1 20 7 20 12 22 25 26 16 9 8 24 5 10 20 30 1 20 18 2 27 6 29 16 20 6 16 27 12 11 25 25 26 18 14 7 5 1
1 18 2 30 26 1 4 0 16 28 28 5 9 24 12 23 5 28 14 10 0 5 1 19 16 16 30 22 30 22 24 23 19 26 30 1 19 13 12 0 6 5
14 5 20 24 25 9 7 25 27 30 21 13 14 12 21 23 21 3 26 10 25 10 24 7 2 22 10 6 30 7 27 1 21 24 25 22 19 6 14 17 1 28
25 28 0 10 0 17 29 1 14 16 15 29 13 29 22 24 29 16 23 28 22 1 16 21 23 0 26 27 15 24 9 10 1 9 0 1 10 15 27 21 9 3
24 0 4 11 9 24 16 21 11 16 30 29 15 29 22 17 4 23 27 27 3 2 9 23 2 4 10 6 4 23 16 10 20 27 17 18 30 18 23 30 30 14
18 19 4 19 21 23 4 28 22 30 24 19 21 28 10 29 12 12 17 2 20 26 27 1 6 22 24 6 9 16 21 24 16 19 29 20 20 12 7 21 1 13
15 24 6 7 16 25 4 23 19 12 9 24 4 30 5 2 12 29 29 14 14 8 25 15 22 22 23 7 24 23 18 23 9 0 4 5 15 19 11 24 30 30
4 25 4 11 4 29 3 12 20 0 0 28 14 23 11 25 20 24 25 30 19 2 26 27 16 28 15 10 22 19 6 7 8 4 6 3 20 29 13 10 17 30
30 22 14 16 2 18 9 30 13 10 30 16 11 21 27 28 9 7 11 18 20 8 14 14 15 17 29 22 10 30 1 17 27 8 0 11 29 23 1 11 6 9
24 10 26 26 7 20 8 11 6 18 29 29 8 21 18 15 12 18 15 12 25 3 15 25 24 20 8 14 16 9 20 23 28 24 8 17 2 28 27 23 0 21
22 2 1 12 10 0 11 1 20 29 30 19 2 26 12 1 28 15 26 24 30 5 0 26 4 8 5 0 12 25 8 21 11 8 15 5 23 1 13 28 27 2
28 6 19 8 29 14 13 13 5 13 12 15 20 7 28 28 28 6 16 23 8 1 28 3 20 14 19 22 8 27 11 22 20 16 13 4 2 3 27 30 18 23
1 4 16 14 16 0 5 20 30 2 26 0 7 3 1 8 26 22 9 12 16 17 13 23 10 25 26 30 5 10 15 11 20 25 24 28 10 25 23 29 24 27
30 29 22 5 4 30 6 6 9 18 7 25 25 13 26 1 8 23 25 5 18 15 6 25 24 22 29 13 7 9 11 18 30 5 1 22 10 1 0 13 19 2
13 7 11 2 23 17 26 15 25 3 14 24 3 10 8 27 20 10 24 10 26 20 27 3 29 12 29 23 20 22 27 5 16 21 12 15 1 16 29 3 23 29
16 21 9 21 8 4 21 12 19 8 23 12 3 6 16 29 25 18 18 4 5 1 12 2 5 3 9 17 26 6 17 13 11 11 3 5 24 21 25 8 3 24
23 8 27 9 9 30 26 17 22 15 6 17 19 26 24 1 12 13 8 29 25 1 16 3 30 22 27 9 25 20 1 28 21 29 24 19 22 14 18 28 25 13
25 22 19 5 21 23 3 1 6 1 6 18 16 6 28 10 19 8 22 28 8 27 25 1 22 4 28 0 13 29 0 0 26 15 16 27 13 15 3 29 26 10
26 30 27 24 21 7 14 1 0 8 17 26 5 8 20 29 23 19 27 11 13 29 10 16 16 13 1 30 1 1 11 25 15 1 17 23 13 14 5 3 27 9
23 9 24 29 12 5 24 2 5 12 10 5 4 24 13 16 16 15 5 11 30 3 20 9 18 21 21 25 22 18 13 6 29 28 16 4 7 16 27 14 27 13
22 0 21 19 14 10 14 3 19 19 17 0 22 13 16 21 18 9 26 11 30 13 21 18 17 26 29 27 14 3 4 5 6 14 15 3 11 30 27 13 24 11
28 0 0 24 24 27 25 30 5 18 22 27 20 21 5 24 25 11 20 22 14 2 29 7 11 8 17 0 9 8 27 11 28 9 2 11 1 19 15 27 12 27
1 14 6 2 11 25 16 30 15 29 26 5 30 23 1 7 7 11 26 11 20 6 25 15 3 19 27 4 30 9 2 5 5 16 25 15 29 13 21 14 23 9
4 11 24 19 6 21 4 0 19 19 6 13 23 24 18 27 23 19 18 19 21 9 2 8 28 4 0 18 26 30 15 25 3 7 3 19 8 28 7 29 20 10
21 16 4 10 4 12 10 20 26 2 7 1 17 3 5 5 27 3 7 9 7 24 16 6 30 29 6 21 10 13 30 1 17 15 7 3 26 18 12 18 20 10
28 15 14 7 16 3 4 1 21 4 12 29 25 28 18 10 27 20 30 30 19 29 9 30 25 2 14 20 15 20 18 17 14 9 30 11 20 0 17 9 14 19
9 4 5 22 4 23 22 14 11 17 5 3 26 24 22 6 14 18 13 16 25 3 18 0 0 5 2 27 30 13 20 0 12 11 0 11 9 11 2 24 10 8
2 26 19 28 25 27 26 28 22 6 26 16 23 0 27 2 24 15 14 17 2 22 18 7 22 4 16 28 23 16 25 8 16 25 10 20 21 0 5 28 28 12
30 8 13 11 27 15 15 18 21 18 27 19 11 14 25 14 24 9 30 27 4 4 2 7 18 21 5 17 27 5 24 18 25 6 10 9 14 17 28 22 8 10
16 16 20 8 29 16 22 5 18 11 16 16 1 24 3 9 3 10 5 26 2 1 14 26 11 13 1 30 14 22 27 25 22 20 1 23 12 19 11 25 3 8
10 9 12 9 17 23 23 1 25 11 6 7 12 2 24 1 24 5 16 28 7 24 28 13 13 25 23 27 28 2 18 9 8 27 28 25 27 16 17 21 29 16
