43 43
1 23 9 19 3 28 21 3 11 13 21 3 30 0 2 13 3 11 11 4 23 13 2 10 1 28 25 28 25 2 11 16 5 24 13 9 2 13 28 27 16 22 3
13 2 4 14 9 0 14 7 22 22 30 9 2 11 29 7 4 30 25 27 14 14 7 19 27 11 28 20 6 9 26 7 22 28 21 21 5 18 26 17 19 4 15
1 17 18 16 1 6 11 0 30 0 4 20 23 25 5 11 21 27 26 4 18 17 2 15 12 17 28 15 23 11 13 21 21 24 0 19 19 6 5 8 9 20 24
10 24 13 5 30 27 20 18 11 7 3 21 19 21 16 3 27 27 1 24 14 30 30 23 17 22 27 7 3 0 30 20 6 29 17 16 20 8 14 28 4 15 1
17 10 8 30 18 20 30 4 8 11 6 8 2 24 12 22 18 29 9 0 26 1 22 11 12 15 23 5 29 17 3 1 13 26 18 25 11 22 28 8 22 17 17
1 7 25 14 18 7 8 1 6 9 29 28 23 20 24 17 16 17 6 13 30 26 19 24 20 1 28 28 16 24 28 14 10 7 1 25 28 15 1 6 9 0 25
14 10 13 3 16 1 22 0 24 0 28 11 18 27 24 3 5 0 24 7 16 28 10 16 9 30 20 2 5 30 25 12 0 5 17 2 12 14 6 25 14 0 12
30 0 25 25 19 2 7 3 6 4 19 12 23 20 29 4 19 16 19 25 3 30 16 12 28 14 30 10 6 18 29 16 17 14 9 26 6 13 16 14 17 27 0
14 1 7 2 13 23 29 6 11 16 9 10 11 17 17 26 9 30 5 16 28 16 28 18 26 11 30 18 23 28 6 4 18 12 13 13 24 20 20 22 18 6 29
23 26 15 18 27 26 24 9 7 10 28 15 16 0 3 24 12 21 18 22 14 25 8 17 13 20 12 25 6 12 29 10 30 19 14 7 8 3 13 14 12 27 14
21 19 1 5 3 19 30 29 0 25 29 27 0 13 20 28 2 5 22 16 22 11 0 19 0 10 5 8 17 26 19 9 29 19 21 19 25 27 19 2 7 21 15
22 3 7 29 13 14 15 16 6 15 19 7 1 21 21 5 5 4 25 13 16 5 9 5 27 30 17 6 9 15 5 16 21 7 12 20 22 18 13 24 8 15 6
6 4 21 1 22 18 2 24 0 3 23 12 18 0 10 18 9 10 27 20 19 25 12 13 11 25 17 15 10 22 29 1 14 22 5 17 9 10 29 5 7 8 14
16 6 12 4 0 9 22 24 5 27 3 11 7 23 20 18 22 13 11 0 21 3 2 26 21 9 30 21 19 5 29 18 12 28 10 16 28 29 24 0 19 4 30
9 15 15 17 8 1 8 26 10 26 10 24 26 1 25 23 26 13 17 8 10 9 13 27 13 5 2 18 24 6 8 28 14 7 2 13 28 7 27 3 16 30 27
9 17 9 28 6 16 20 21 29 22 6 20 6 4 6 9 1 29 22 24 30 8 7 11 2 9 19 2 26 24 8 8 20 14 11 6 14 29 3 15 20 24 19
2 3 16 14 9 25 28 19 22 23 26 7 5 13 1 27 10 6 8 29 21 24 8 21 20 3 23 10 11 24 17 26 16 2 24 13 6 22 19 7 7 26 17
10 29 17 8 20 22 24 20 28 1 21 30 21 10 22 19 20 20 2 20 3 7 14 7 16 9 3 17 21 0 1 16 3 5 26 29 30 6 30 3 1 11 14
17 7 4 9 9 16 1 26 17 22 28 14 4 3 26 17 15 23 21 24 20 4 19 27 2 11 22 14 22 2 25 14 6 8 25 26 23 10 10 18 2 20 12
21 15 24 17 2 7 28 5 29 26 16 29 0 10 20 19 6 4 17 28 8 2 11 18 21 29 0 7 23 29 0 22 25 27 10 1 2 28 13 9 17 15 4
1 10 0 26 21 30 20 1 0 14 16 17 26 21 10 3 26 17 4 13 26 19 28 8 12 4 20 30 23 7 19 6 20 3 2 12 4 16 1 9 24 29 5
0 8 28 7 19 7 19 29 5 21 0 8 3 15 23 14 26 26 25 12 0 15 26 28 9 28 13 6 2 17 28 5 30 23 10 3 5 24 10 15 13 20 12
14 21 21 29 7 27 11 20 10 7 20 7 2 22 20 21 27 16 10 6 7 15 19 22 15 16 0 1 19 27 22 29 24 9 19 30 25 0 24 14 26 22 10
22 19 0 2 9 29 19 12 21 23 4 26 30 0 14 28 17 22 28 27 3 30 9 16 11 16 16 16 20 27 5 28 25 2 30 29 18 23 16 4 24 12 11
19 24 26 29 9 28 10 15 30 14 7 26 7 24 29 23 30 5 2 24 25 11 16 15 22 6 26 3 7 13 6 20 8 16 11 15 7 27 12 7 11 13 28
7 0 12 26 15 19 11 20 13 21 14 26 23 2 2 15 12 7 6 10 1 3 26 21 26 15 1 7 23 13 0 4 13 0 2 0 21 26 30 8 19 30 13
1 21 1 18 10 15 10 12 8 25 9 16 15 18 6 3 17 9 28 8 17 7 21 13 23 8 3 5 5 30 21 10 23 4 2 12 29 27 3 0 30 8 17
0 23 9 19 27 3 27 11 14 12 23 8 21 2 4 27 0 23 15 19 13 9 29 7 9 28 21 15 21 3 12 23 12 8 15 21 10 25 11 15 30 8 15
18 29 10 12 28 23 10 15 2 0 0 15 9 18 8 12 15 11 15 28 5 17 11 28 30 30 5 19 26 21 1 10 25 12 14 9 6 5 0 23 22 23 4
29 21 26 11 26 29 14 23 5 30 23 9 25 7 9 7 6 15 1 13 1 10 1 15 21 19 24 10 3 23 4 28 27 5 2 0 27 5 15 16 0 8 1
2 3 1 1 28 26 22 20 13 9 21 1 0 20 12 15 21 22 2 11 2 17 8 19 2 6 3 28 28 21 27 4 3 3 15 24 22 29 25 26 2 19 14
22 26 4 28 14 14 8 0 1 20 24 4 26 5 13 25 9 19 29 16 5 30 29 21 4 3 3 3 1 21 27 11 5 20 13 26 8 2 23 23 4 23 20
12 17 6 30 26 23 19 11 23 20 21 14 12 19 24 25 1 15 3 19 12 10 6 10 17 19 3 2 14 3 23 27 14 12 0 4 28 26 2 19 12 4 12
4 17 18 23 7 14 11 3 0 18 22 25 22 9 1 7 10 14 4 4 7 14 11 3 7 17 20 17 19 15 1 21 2 1 8 27 22 5 29 9 6 0 24
1 15 25 13 12 17 0 14 14 15 29 3 5 18 28 9 22 30 21 17 21 20 9 15 29 7 25 10 19 27 13 20 2 21 2 23 13 14 20 9 5 30 14
10 28 10 2 10 28 0 11 22 22 28 17 30 16 9 6 2 17 22 19 28 6 2 1 28 28 25 30 28 15 24 16 6 16 0 8 21 18 15 16 24 23 20
21 0 3 8 8 4 26 7 23 26 14 18 14 27 5 20 26 1 2 21 19 8 10 28 28 29 20 20 5 25 5 5 8 11 18 10 1 22 13 14 22 6 16
30 28 20 22 4 13 14 2 27 19 28 7 22 8 18 15 24 26 1 27 27 25 8 26 22 9 2 13 1 5 19 27 18 18 25 19 25 8 5 14 19 4 21
6 15 20 30 1 5 22 11 3 14 3 25 4 4 11 8 29 16 29 10 4 7 2 17 0 19 23 21 24 6 1 14 15 2 9 0 2 4 9 9 3 9 15
28 18 15 13 30 21 24 20 4 12 13 1 28 24 15 15 11 18 8 9 12 20 29 20 13 23 6 27 12 4 1 1 20 0 19 6 5 10 16 0 0 9 16
3 4 27 28 13 27 6 18 26 13 29 17 25 15 22 19 27 21 29 12 7 6 0 6 16 16 16 22 7 13 30 16 24 18 12 6 11 17 23 1 24 16 20
18 24 14 26 20 8 4 18 14 0 26 7 10 20 24 26 2 2 13 3 13 2 16 18 1 7 17 13 18 23 4 2 9 19 24 19 8 11 17 28 3 2 21
19 28 28 21 5 18 25 20 2 7 28 0 6 10 15 6 17 22 25 6 10 4 16 0 27 3 17 4 14 25 19 7 13 7 4 9 26 29 18 2 5 15 20
