44 44
14 16 6 28 19 25 9 8 10 27 22 0 15 8 30 2 7 26 30 24 26 29 20 5 3 13 2 23 16 12 9 6 1 8 16 19 2 8 8 17 28 22 7 11
12 26 15 19 9 24 23 27 16 15 21 18 23 3 6 18 19 24 14 23 16 0 12 6 20 9 14 26 9 12 16 20 17 7 6 17 21 14 3 23 13 1 25 24
23 2 14 17 9 19 14 24 16 22 28 14 30 23 10 3 8 7 25 22 28 1 10 2 15 0 3 25 27 23 9 11 28 22 26 1 30 23 6 25 9 26 0 15
14 4 22 5 11 1 9 22 7 15 14 14 16 10 16 23 16 16 13 29 5 10 10 24 15 15 5 11 19 7 2 0 22 2 0 11 6 12 10 14 1 5 30 8
3 3 0 15 4 6 21 17 29 22 21 3 9 5 14 17 8 19 22 29 16 20 19 30 30 2 22 2 13 5 15 2 30 25 13 26 19 17 9 2 2 18 14 9
9 11 28 23 9 16 1 30 3 2 13 5 25 28 8 8 23 11 18 12 20 19 6 15 13 24 2 20 11 10 24 9 29 29 29 23 26 21 4 27 23 9 26 19
15 15 6 1 3 29 23 4 10 23 22 5 9 8 15 12 14 19 5 30 21 21 10 16 22 26 22 16 12 20 25 5 20 7 11 9 21 16 9 21 14 29 24 25
25 27 19 17 8 19 24 22 18 14 18 11 30 30 16 8 5 15 16 26 21 16 23 13 20 18 5 5 26 0 23 8 9 14 5 10 27 14 4 15 25 3 11 21
14 11 15 24 7 18 17 8 10 17 26 11 20 1 16 21 22 14 13 25 15 16 14 3 4 27 20 17 7 16 18 24 22 16 10 21 19 24 20 9 5 21 5 9
24 5 18 17 15 7 11 28 23 3 13 13 27 24 16 17 20 24 16 0 25 15 2 18 1 28 21 22 3 19 22 13 8 15 11 3 7 17 15 10 9 2 0 20
21 18 15 10 2 12 22 0 22 20 27 2 13 16 15 6 8 26 13 14 18 12 0 19 18 22 30 10 11 16 27 27 14 16 25 25 15 6 14 26 12 0 29 17
29 14 29 28 13 6 3 11 18 22 11 5 28 6 28 20 18 4 8 19 22 14 15 6 13 3 17 22 24 9 9 20 28 12 4 14 6 30 0 3 8 21 15 23
28 20 28 23 12 11 7 12 12 30 10 5 14 3 2 5 7 16 27 22 9 16 16 29 0 1 5 6 7 30 0 1 24 26 4 25 30 10 26 26 26 21 21 28
29 9 0 30 26 21 28 3 7 15 10 21 24 29 11 5 19 19 14 8 30 4 20 12 17 26 0 16 10 19 18 21 5 27 16 7 19 1 25 14 12 28 9 0
30 7 16 27 1 4 27 23 13 21 12 0 25 13 9 29 2 17 18 16 3 12 24 12 19 7 17 6 5 30 6 21 18 21 0 0 20 29 26 11 26 19 24 30
13 10 4 2 17 2 21 2 4 14 22 26 7 19 21 26 0 23 18 27 10 1 16 27 24 9 0 22 24 28 7 23 24 21 30 7 30 3 3 23 24 1 20 26
4 11 14 10 21 5 10 24 8 12 4 25 4 7 27 11 21 1 30 26 9 0 23 19 5 20 11 17 1 12 24 25 12 14 0 1 14 14 18 8 9 12 16 17
6 4 5 8 4 18 26 0 2 29 10 8 8 1 5 14 23 29 8 30 13 23 26 14 7 26 18 2 28 23 25 21 8 18 17 14 15 20 19 17 13 1 5 24
26 12 17 25 15 22 24 26 2 19 0 8 0 28 0 4 16 2 25 24 16 16 5 15 17 22 10 6 24 8 27 20 8 17 19 11 10 30 3 14 10 17 27 6
16 1 14 6 18 1 29 12 3 3 7 8 10 22 24 4 21 18 24 9 24 2 8 27 30 8 21 2 9 28 11 8 5 24 25 11 0 13 30 2 11 10 25 18
14 30 23 8 6 27 29 26 6 14 28 18 12 22 3 29 2 2 22 22 5 4 22 14 7 28 30 25 30 11 25 15 4 28 12 22 5 8 23 30 21 25 8 8
16 8 6 4 4 30 16 3 12 9 14 3 25 23 2 29 20 19 0 12 23 27 11 30 15 19 18 28 10 8 6 8 4 30 25 9 1 21 13 22 2 28 15 11
0 8 11 6 29 13 11 18 16 5 6 2 16 15 20 9 21 25 17 23 18 6 21 6 14 18 28 14 9 3 23 14 26 1 6 17 16 23 26 6 4 1 26 1
8 18 29 11 16 19 27 22 17 30 0 22 26 25 23 10 2 19 5 1 7 5 3 16 12 24 19 7 28 21 4 6 17 0 23 27 26 23 6 23 3 23 14 6
16 6 1 5 11 20 12 24 23 27 25 17 17 26 19 9 17 16 6 8 13 23 30 7 3 15 30 27 2 1 11 21 4 21 11 27 19 14 13 29 22 2 19 5
11 17 19 0 23 13 7 1 21 27 25 30 30 30 24 17 17 19 21 25 25 8 26 26 7 22 17 27 8 19 1 17 17 8 27 18 28 12 29 17 29 18 29 4
24 19 5 21 1 7 28 8 23 19 20 0 6 22 11 0 5 11 10 11 24 16 9 29 7 4 11 9 10 10 29 22 5 26 18 19 9 8 8 5 9 27 27 8
7 17 7 22 10 4 8 13 9 4 8 19 19 23 7 27 12 5 13 29 12 30 6 27 23 19 11 17 21 22 11 16 17 18 0 13 21 15 1 7 22 27 25 6
23 10 28 28 30 13 9 14 25 1 15 12 10 2 2 17 14 6 3 22 11 27 17 0 5 10 2 15 25 10 0 15 4 24 6 25 16 2 4 12 6 30 0 6
27 18 2 24 23 23 3 27 10 12 27 18 4 13 29 8 15 15 12 25 2 21 10 9 11 15 5 21 22 6 8 1 15 13 5 2 22 26 17 4 0 6 2 7
22 8 2 24 28 15 7 24 1 9 27 29 12 15 27 5 22 6 3 23 11 6 23 24 13 21 7 8 0 5 18 2 8 18 2 30 21 2 11 29 11 17 15 13
7 2 18 20 13 11 20 4 10 7 30 20 8 1 23 19 11 3 12 22 27 20 2 9 2 20 0 22 18 6 8 10 24 8 13 23 1 29 25 14 27 11 25 22
6 6 20 22 7 24 30 18 26 10 2 25 1 23 17 18 9 20 29 13 27 20 26 1 14 7 15 12 9 20 20 18 21 15 12 25 15 29 5 20 4 13 2 2
17 12 16 17 30 21 30 0 24 30 27 11 0 18 10 4 4 25 30 1 1 21 26 16 30 14 12 16 2 17 27 16 7 0 22 22 20 9 28 26 0 28 9 17
24 1 29 17 22 2 28 10 16 27 7 20 24 30 8 13 29 24 26 3 17 15 10 6 9 27 4 17 18 10 16 17 17 25 28 2 16 26 21 14 0 9 29 6
0 6 22 0 7 14 23 14 18 3 8 26 24 0 22 23 8 0 23 0 0 8 29 0 16 14 30 25 24 2 25 17 1 29 0 20 17 7 24 9 3 6 11 13
16 6 18 8 9 29 20 0 12 23 3 18 10 15 15 1 20 5 0 24 18 12 9 28 8 9 0 29 29 26 26 14 21 17 19 0 18 14 14 20 15 11 21 26
17 12 19 24 17 17 18 24 17 4 9 1 27 3 2 26 19 0 7 4 17 8 21 28 19 24 26 15 26 9 14 19 28 20 10 23 1 23 22 2 26 8 17 27
26 14 21 20 19 16 23 29 9 18 17 27 0 26 19 17 8 20 17 30 12 16 1 30 21 19 12 28 29 5 11 6 14 13 5 0 9 18 4 4 20 21 26 9
16 19 23 24 11 20 27 24 13 3 20 3 1 28 26 30 19 28 17 21 10 29 24 25 12 30 24 6 27 15 15 13 16 30 30 14 12 3 0 0 18 10 6 6
13 15 10 0 30 0 10 27 22 15 23 27 26 29 24 13 6 24 4 19 26 8 0 6 0 17 0 22 20 10 18 26 12 24 16 30 15 7 12 8 30 30 29 14
28 14 6 0 9 14 30 14 16 5 14 19 7 7 18 15 16 21 9 12 0 10 12 5 1 22 20 22 5 25 30 3 23 26 8 13 27 1 3 7 1 14 16 8
6 13 15 10 11 2 2 30 5 28 2 20 11 22 16 29 9 11 26 7 13 9 25 23 1 7 13 23 26 1 14 22 21 28 21 7 18 26 12 5 29 5 11 4
0 20 29 26 10 28 13 14 16 29 14 7 23 19 20 26 1 27 24 13 15 29 18 24 21 9 27 3 17 21 2 21 23 11 27 28 29 21 21 21 24 0 25 27
