52 52
17 3 12 15 11 4 20 17 4 0 27 9 13 20 14 17 29 24 29 23 10 24 9 24 28 10 5 21 21 24 9 14 0 21 7 20 21 16 15 23 20 15 10 1 9 3 29 20 3 23 11 3
26 5 11 17 17 14 1 1 30 13 9 5 18 26 22 9 2 30 5 12 6 20 26 15 11 29 9 13 9 18 22 25 28 22 27 12 21 5 7 6 17 12 10 25 6 20 20 6 1 17 1 26
10 18 7 12 5 2 15 25 19 18 20 16 23 1 18 8 25 13 3 21 4 1 18 16 20 10 27 18 7 11 18 11 20 21 17 10 5 4 4 13 8 7 22 19 18 6 15 14 8 26 20 25
12 6 28 1 5 16 11 11 15 1 16 10 17 11 19 16 6 18 22 28 6 19 13 20 25 8 0 12 20 14 17 24 5 18 13 17 10 15 15 23 2 1 4 5 24 13 2 22 24 17 12 4
9 21 26 5 22 6 4 2 21 11 30 21 2 2 25 11 27 2 25 6 8 1 21 23 22 22 14 13 26 5 18 30 24 27 3 10 29 15 25 4 8 16 6 23 20 7 30 22 23 12 5 21
30 10 20 3 29 20 25 14 17 29 2 24 27 19 6 28 4 22 7 20 5 19 12 19 10 27 25 21 11 20 7 26 19 2 12 2 22 18 9 11 21 23 9 27 12 16 2 10 14 8 28 20
24 12 28 16 10 21 18 25 13 14 24 22 24 2 12 21 21 18 30 30 6 5 6 20 23 3 14 27 8 13 14 5 29 2 24 28 20 28 27 2 28 30 15 4 28 7 9 28 30 29 13 29
12 5 19 20 6 12 0 16 8 0 11 23 29 15 13 10 12 18 28 19 4 12 20 19 16 16 12 15 12 17 25 4 21 28 22 0 3 2 30 21 20 20 14 25 23 19 18 1 2 5 29 5
28 23 24 3 28 16 28 17 6 14 16 22 13 30 9 26 6 4 7 25 14 24 6 12 21 28 23 13 0 13 15 13 6 1 10 1 7 6 12 16 14 24 18 11 6 20 20 10 9 12 30 13
29 24 0 2 2 28 11 21 25 30 8 6 20 15 14 1 16 10 14 4 20 30 28 22 0 15 12 29 20 1 8 16 25 8 30 26 3 16 1 10 5 23 29 23 6 20 27 10 16 14 20 15
13 19 12 12 0 30 20 11 11 0 2 26 1 23 30 4 18 12 18 0 19 20 1 15 24 10 9 30 21 13 27 17 11 26 30 8 26 25 3 30 19 9 28 1 22 20 10 26 15 1 5 13
24 20 16 16 5 0 30 8 11 7 25 24 28 23 11 22 30 23 27 9 9 30 8 3 15 23 26 22 1 10 6 13 2 23 23 20 13 30 5 16 27 2 0 25 9 19 26 19 29 28 25 1
23 13 27 0 13 20 0 15 5 3 12 7 20 21 30 25 9 29 3 7 3 14 23 29 7 1 19 20 10 6 28 2 12 28 28 19 25 15 15 20 16 30 3 8 4 21 6 8 11 1 30 23
11 2 15 16 28 9 23 25 3 21 28 24 3 1 8 13 14 28 17 6 12 26 5 19 30 1 15 7 30 11 26 3 4 16 3 26 23 7 19 10 17 4 19 30 10 8 2 18 6 26 3 15
14 19 23 12 4 16 10 15 18 26 5 19 15 19 25 0 14 9 30 19 18 15 12 1 29 15 23 6 17 8 18 22 10 18 16 4 29 1 19 5 6 9 22 10 29 16 2 6 28 9 17 25
20 29 20 24 12 11 18 20 8 29 10 12 14 20 20 3 11 7 30 5 18 7 24 14 6 21 30 24 2 26 24 26 21 0 28 29 5 7 17 22 15 0 8 23 10 5 30 26 18 14 30 5
8 15 29 19 29 8 21 3 28 14 2 20 27 27 4 28 19 29 28 11 14 1 14 9 16 29 18 8 16 1 24 4 13 9 24 20 1 12 0 29 29 26 7 25 15 28 30 6 0 20 9 20
22 27 20 7 13 23 11 24 23 21 9 16 20 25 14 9 7 11 27 19 19 22 19 10 29 6 8 22 1 16 27 17 8 11 23 13 27 17 26 27 1 29 17 22 11 10 3 3 5 4 9 30
0 5 15 24 29 16 10 11 5 2 7 1 11 1 10 14 7 20 0 21 30 23 21 30 26 30 26 9 1 20 15 29 30 28 30 27 18 11 9 6 18 1 9 14 5 17 9 0 2 24 1 17
4 30 10 8 24 23 28 15 27 22 12 13 5 9 5 28 10 8 1 14 13 9 24 12 9 17 13 14 24 22 23 15 28 6 10 3 29 8 30 2 8 11 22 22 25 14 8 1 18 6 13 4
27 9 22 11 3 5 8 3 18 15 3 23 24 9 23 20 29 16 11 26 4 15 16 20 3 0 13 5 26 13 18 27 15 17 16 19 15 10 25 3 7 25 8 16 20 11 21 22 12 30 14 25
7 5 29 3 2 12 19 15 12 16 10 28 11 24 20 26 27 6 4 24 30 10 22 20 18 19 8 11 11 3 25 2 5 27 22 21 3 12 20 13 17 21 4 26 25 3 8 24 16 23 6 5
5 13 26 12 14 6 1 27 14 24 29 30 16 9 18 30 24 24 12 29 8 28 6 30 9 1 3 30 30 30 0 7 16 29 7 21 28 9 27 0 18 17 1 8 11 8 20 30 3 13 26 3
4 18 25 9 4 7 12 11 4 29 11 21 30 11 1 25 29 9 6 7 19 13 20 24 22 2 5 18 30 7 17 6 14 5 11 20 25 21 5 9 28 11 8 0 6 24 20 21 0 29 23 22
12 21 29 13 8 28 30 25 6 29 3 4 10 4 12 10 19 12 28 6 1 26 28 16 13 27 13 3 9 10 25 19 6 15 7 20 24 11 25 0 14 8 22 7 5 27 12 17 4 2 28 14
19 9 3 22 14 11 25 14 6 29 13 16 19 9 11 6 26 19 19 17 21 0 17 20 20 22 4 1 24 26 22 2 7 27 20 29 26 13 6 9 15 21 6 15 15 1 29 7 12 19 3 20
8 21 14 2 27 7 20 21 27 5 10 12 8 23 29 9 13 14 30 21 26 17 25 21 6 23 20 4 16 10 28 21 12 22 11 0 28 9 17 8 18 1 10 24 11 0 13 20 5 24 14 30
7 23 21 7 4 10 10 24 18 27 28 20 20 15 5 5 2 28 16 28 7 22 20 17 23 2 5 4 30 14 11 30 26 2 1 2 9 14 1 28 20 16 10 12 16 4 19 27 13 28 5 30
19 22 29 6 13 26 30 1 6 2 30 29 29 23 16 7 12 2 21 6 21 24 13 28 28 25 25 21 26 7 4 25 5 21 25 19 17 3 20 27 29 12 26 14 4 22 6 17 24 14 19 23
21 18 1 24 18 20 26 18 10 24 3 18 4 12 1 12 25 22 17 28 21 1 13 20 5 1 28 29 6 16 19 8 12 14 25 15 30 10 22 13 5 11 14 29 18 11 3 14 20 0 1 26
3 24 7 15 13 30 15 12 8 4 14 14 30 9 10 14 28 22 2 0 8 6 23 29 2 12 18 13 10 29 27 28 24 22 1 14 20 10 30 5 5 23 30 30 14 23 19 7 0 17 5 2
21 13 27 19 3 12 17 26 22 19 1 21 16 10 29 22 19 7 16 14 2 19 22 21 12 10 16 30 13 5 12 29 20 20 14 26 14 28 14 20 7 27 26 11 23 13 29 2 1 11 5 18
20 26 21 5 22 26 17 5 28 27 28 29 5 19 5 24 5 10 15 28 1 30 22 27 0 1 13 1 3 28 21 23 3 10 28 23 30 4 23 30 28 29 6 21 23 5 6 3 29 24 30 15
9 21 7 5 1 14 16 26 1 13 10 2 9 2 7 25 20 17 10 0 21 4 1 23 0 22 12 22 14 1 15 10 22 6 15 18 2 3 16 26 11 8 3 0 17 23 21 26 25 26 4 13
21 1 6 13 7 30 21 21 16 23 13 3 28 13 21 15 8 0 4 12 22 29 9 17 20 8 26 7 3 2 20 11 14 3 20 30 7 29 9 7 20 6 5 16 22 25 30 23 18 14 26 19
21 25 24 5 1 3 8 4 3 12 14 11 28 22 20 21 7 8 25 10 6 1 26 26 7 21 2 16 3 5 4 21 18 1 15 6 6 23 9 24 13 4 16 25 1 19 12 3 23 29 8 1
17 13 26 27 13 8 4 21 1 18 16 13 12 26 26 0 29 13 6 30 12 20 22 29 8 0 26 23 28 22 26 15 8 17 0 1 20 6 0 6 5 3 3 17 29 17 3 2 25 30 2 23
12 10 0 15 0 14 15 29 28 27 1 21 30 27 27 6 5 5 29 16 4 21 3 19 3 26 14 24 27 21 14 28 26 12 12 22 3 0 0 2 11 30 1 13 28 28 2 28 6 18 17 11
2 14 22 22 5 29 5 17 18 10 13 21 10 12 26 3 27 2 12 5 10 3 14 22 1 0 28 7 28 12 10 19 1 16 17 4 0 10 10 24 9 9 28 24 11 8 15 23 30 5 13 12
17 6 23 3 23 6 4 6 18 14 6 18 12 20 10 0 7 18 14 12 13 8 9 26 9 30 10 18 11 5 11 22 26 17 20 5 5 14 16 30 22 13 16 19 4 28 12 11 5 21 16 7
19 29 1 29 18 13 22 18 27 20 5 1 26 16 27 27 28 19 25 10 12 8 22 27 2 24 18 13 9 13 1 27 16 18 6 14 17 3 17 29 14 12 6 23 22 13 4 10 16 9 26 5
9 8 4 6 1 12 2 25 0 22 5 20 0 3 30 29 19 23 20 10 21 29 3 6 17 15 15 27 1 24 25 29 11 27 0 30 8 21 28 23 15 20 22 3 8 18 27 27 28 25 18 24
0 23 7 11 23 1 6 7 23 26 25 23 22 7 15 2 5 2 12 29 8 4 6 16 20 12 21 3 13 25 25 15 1 21 0 8 5 22 25 21 16 29 15 13 14 15 1 14 12 10 16 9
14 30 13 29 1 7 17 4 28 4 7 3 1 11 30 3 29 17 13 12 4 12 1 19 12 6 8 17 24 17 11 16 17 10 23 20 20 12 17 7 1 19 19 14 21 21 15 25 9 18 12 24
1 17 22 27 29 15 26 7 4 27 17 9 14 26 2 6 26 19 21 8 0 16 17 5 7 25 24 22 11 1 15 8 17 29 16 7 6 10 10 29 4 8 18 29 6 23 16 11 26 3 24 6
27 25 8 3 18 15 0 1 15 16 8 27 13 6 17 23 28 4 17 23 11 15 1 0 2 3 19 27 4 27 28 8 23 2 14 5 19 9 3 28 19 10 30 17 10 10 28 22 9 7 12 20
0 8 22 5 10 5 3 3 18 30 18 21 9 29 26 0 29 21 29 10 10 3 10 11 2 5 24 7 29 21 26 19 7 30 10 4 11 5 13 20 2 12 14 9 13 22 28 20 24 3 7 25
15 28 18 17 27 18 28 23 12 18 1 21 10 12 6 13 11 24 26 18 28 25 1 15 26 3 24 21 27 23 7 22 8 16 29 20 16 17 16 16 20 6 0 18 8 8 5 8 17 14 6 24
7 26 12 21 28 28 23 25 11 2 10 24 4 9 19 19 6 11 28 12 9 25 14 23 25 12 14 20 30 23 16 26 7 7 17 22 26 3 17 2 5 20 27 11 6 17 5 27 5 26 25 17
30 24 30 11 2 26 19 8 22 19 13 0 13 3 0 29 10 14 28 2 26 19 12 12 27 7 19 15 15 15 15 29 8 26 8 21 4 2 26 17 9 17 28 4 26 17 30 19 14 21 1 13
13 29 18 14 21 19 21 29 8 26 23 15 28 13 16 29 21 20 7 4 25 0 6 19 8 22 25 26 22 1 17 3 26 4 9 25 15 28 20 16 3 30 5 10 5 0 17 18 18 10 1 23
18 12 26 20 5 24 19 28 10 2 16 5 18 7 8 7 10 0 2 26 22 24 17 4 30 26 23 16 15 19 2 24 29 14 21 29 24 10 29 16 26 25 0 20 10 24 2 6 9 13 1 8
