53 53
5 24 26 13 15 27 3 30 7 27 9 22 25 17 5 1 22 1 9 18 14 23 11 3 8 22 20 19 10 12 12 15 16 19 27 30 5 3 1 29 20 7 8 3 6 2 12 11 21 12 0 5 2
9 11 8 12 15 29 8 19 25 6 17 13 12 19 26 16 28 24 23 6 13 11 3 13 14 18 19 22 16 18 18 2 26 0 3 12 5 14 6 26 1 7 25 28 8 4 10 2 21 5 23 29 18
14 18 23 21 21 23 24 0 14 19 8 20 3 11 14 7 3 19 25 27 28 6 4 5 27 9 17 24 3 30 24 19 14 7 14 12 20 0 29 9 11 22 18 8 17 22 25 23 20 29 21 1 3
19 24 7 25 18 7 15 15 0 23 22 19 28 6 16 28 8 17 4 20 0 9 25 16 8 16 1 25 10 19 3 5 7 24 17 20 6 15 18 11 30 4 30 15 26 23 18 26 8 20 18 3 30
4 17 21 11 13 2 28 1 30 2 23 1 12 3 8 0 16 10 24 14 21 11 23 23 26 2 14 8 18 16 14 27 9 14 30 11 1 10 26 29 6 29 4 18 29 19 29 28 20 25 27 11 17
24 27 25 1 1 16 21 12 25 0 24 24 29 2 10 27 23 8 13 18 7 5 3 13 6 29 2 4 29 30 7 8 22 27 30 24 13 8 10 9 17 0 26 28 21 1 5 10 22 26 12 0 22
7 11 30 6 14 18 17 24 3 3 0 3 0 25 21 13 20 30 8 5 2 2 2 23 28 0 12 18 22 12 15 23 14 5 15 11 6 23 22 10 5 8 6 13 20 5 19 24 16 18 21 2 14
24 27 2 25 1 25 9 23 0 11 18 20 19 18 2 20 5 13 6 3 11 25 1 8 22 0 0 1 22 29 14 19 12 23 3 17 24 11 22 8 21 0 1 29 9 20 22 1 30 12 10 18 14
16 27 24 10 29 19 26 11 28 18 14 17 4 28 23 16 10 25 0 7 12 21 2 24 25 17 5 19 14 27 29 20 24 23 30 20 24 7 26 30 30 25 2 0 10 20 18 16 22 10 26 14 18
24 21 6 2 14 20 17 2 28 11 12 17 7 18 4 21 13 29 14 21 6 13 8 8 15 9 19 6 30 5 15 3 27 28 21 12 12 14 27 27 18 0 17 14 3 5 18 30 23 14 11 10 2
20 20 2 16 14 7 28 30 10 4 4 25 10 6 5 21 3 11 2 13 27 5 18 24 15 0 19 4 5 11 21 22 20 12 27 17 2 6 5 21 3 5 28 17 10 5 19 13 29 24 13 25 28
25 29 4 1 0 1 8 14 22 8 20 19 27 22 17 17 21 14 15 0 14 24 6 25 12 6 3 12 26 28 29 5 16 30 24 7 16 0 15 14 7 24 7 20 9 3 13 22 4 8 3 3 18
7 30 2 16 0 13 0 8 24 6 18 7 21 3 25 2 9 23 25 19 19 12 28 22 23 15 14 28 19 8 15 24 27 11 2 21 29 17 1 24 3 17 19 29 13 21 20 5 23 5 13 17 18
19 14 29 2 12 14 19 6 21 6 0 27 5 0 1 25 1 1 9 5 15 6 16 10 28 4 3 20 22 1 11 7 8 0 3 14 18 9 8 17 13 18 1 24 30 2 8 13 15 3 28 21 12
13 14 16 5 18 9 2 15 26 27 16 12 25 18 20 21 5 17 22 2 12 4 15 9 9 17 12 29 11 15 24 7 13 16 6 0 13 4 9 0 16 3 0 20 14 14 25 10 8 28 9 24 2
14 23 14 18 23 26 7 10 22 18 28 14 11 21 13 10 22 6 9 0 5 27 7 3 10 11 30 11 7 2 24 6 7 12 23 23 6 2 17 24 5 29 26 14 15 25 20 22 6 1 7 19 0
24 10 7 19 30 1 0 20 0 10 18 30 20 27 27 16 29 17 7 19 15 3 29 0 20 9 4 30 16 20 2 22 10 18 20 14 22 11 16 18 13 20 29 20 27 14 0 2 4 13 6 30 7
17 24 25 0 28 23 15 27 0 18 30 24 4 6 4 3 3 22 26 24 21 9 17 26 0 0 2 14 28 20 23 6 8 21 14 11 10 5 2 18 12 20 18 3 15 0 28 27 3 23 19 23 14
30 12 5 26 30 26 12 14 5 18 27 10 26 3 16 1 2 22 16 24 17 28 9 14 20 4 16 12 0 26 30 16 21 23 19 6 23 17 2 11 21 3 25 8 2 27 5 29 12 28 15 8 4
27 11 20 24 29 11 19 0 30 12 7 19 13 14 3 5 22 6 18 10 18 14 28 4 11 18 21 24 5 7 15 12 28 0 27 28 21 1 7 20 28 23 27 16 20 20 26 28 9 2 25 1 26
0 11 13 16 30 2 9 29 15 21 0 8 28 27 17 30 27 6 22 9 10 8 23 16 11 25 28 16 11 29 10 30 21 14 12 2 16 3 13 9 0 18 1 13 2 16 25 28 5 15 0 26 1
21 9 28 18 8 6 5 19 27 4 25 19 22 10 17 0 26 27 10 22 7 24 0 30 9 6 0 9 1 11 19 14 23 14 13 9 5 18 15 29 16 8 24 2 13 24 23 28 7 24 14 13 13
7 1 28 18 1 23 24 15 23 5 16 15 17 10 1 10 19 19 2 15 0 13 15 20 30 2 13 10 14 3 9 24 3 1 27 11 2 9 30 7 25 8 19 19 27 4 3 4 27 7 30 3 11
11 7 0 30 26 16 15 24 28 3 2 25 22 3 7 16 15 12 21 6 21 30 22 23 15 11 11 11 19 22 9 28 25 7 16 20 27 22 16 21 9 30 20 14 18 4 5 5 29 22 5 23 0
7 1 7 27 6 9 4 3 0 4 12 24 15 17 24 9 23 22 3 28 29 20 26 21 9 16 19 29 21 27 22 23 22 16 2 9 18 3 26 30 9 27 23 29 0 8 14 23 18 4 19 16 22
9 14 8 13 7 14 24 29 27 15 5 19 8 28 4 25 18 5 28 4 24 10 2 22 14 23 12 5 11 5 17 6 10 27 23 25 26 7 16 22 16 8 4 17 6 25 9 1 8 6 3 5 0
1 28 8 24 11 12 17 30 23 6 7 11 24 3 10 10 24 17 19 25 1 22 12 13 8 26 9 29 5 2 7 3 23 14 4 9 26 12 24 27 8 27 20 25 15 21 16 16 27 0 25 8 18
26 21 22 4 15 11 16 0 13 6 25 18 13 3 30 7 27 8 15 4 9 0 7 21 4 3 13 15 2 5 5 20 26 0 2 21 12 11 5 7 26 5 14 22 29 26 0 5 6 10 23 27 14
21 20 13 8 22 14 24 30 12 29 15 22 5 4 18 11 27 5 18 8 30 29 10 26 27 14 2 18 1 6 24 0 29 0 23 27 0 15 14 29 9 18 22 8 11 10 12 1 23 0 1 22 3
21 27 0 29 12 24 24 1 19 0 19 25 18 3 29 20 15 26 24 28 17 30 4 14 23 30 20 20 26 21 21 12 1 26 13 29 18 1 8 20 16 6 4 12 29 16 12 13 16 23 0 27 2
9 25 18 16 10 4 12 6 2 26 3 28 23 27 21 8 13 15 15 14 14 25 0 13 18 21 10 10 17 21 5 21 16 24 8 28 28 14 2 22 30 20 23 12 10 28 21 3 10 16 21 29 13
19 14 29 8 7 8 13 12 5 6 25 19 28 6 28 2 26 9 16 10 1 19 1 11 11 12 9 8 25 23 26 30 22 28 0 8 22 6 3 26 30 14 10 7 23 17 20 1 10 26 11 20 9
24 2 10 28 21 11 16 2 2 2 15 9 12 14 10 9 5 7 1 24 2 1 10 9 13 24 9 28 6 22 9 26 2 11 17 1 9 0 30 1 20 2 0 13 24 11 21 19 24 6 5 19 10
27 24 23 15 30 16 20 30 30 28 6 28 19 5 24 26 5 2 24 5 13 22 14 26 18 7 13 4 8 26 17 16 5 26 5 9 0 5 17 26 10 12 1 29 14 16 9 7 1 28 20 4 16
14 0 6 22 11 5 19 23 1 29 22 11 7 18 4 29 29 0 14 7 15 29 0 29 5 0 23 21 22 17 17 3 2 30 12 8 16 23 15 26 1 16 7 12 15 23 13 12 5 16 1 18 14
3 23 14 4 15 0 30 9 20 1 15 26 25 10 5 3 17 3 15 21 14 0 6 19 11 4 27 24 7 17 14 25 27 1 18 4 3 28 18 12 9 10 20 14 6 24 11 12 9 29 20 16 22
0 18 13 9 1 21 26 10 15 17 26 5 9 5 20 30 29 26 20 14 25 26 3 15 2 17 0 2 12 23 30 10 18 20 12 15 22 11 18 3 27 13 9 3 3 13 22 23 12 7 26 22 12
27 9 30 9 13 4 19 5 16 20 6 17 6 2 10 13 10 20 28 23 5 20 1 23 14 14 0 14 13 5 5 12 6 27 25 20 10 18 19 30 8 23 5 9 27 29 24 8 10 26 19 28 6
12 3 7 11 9 30 14 7 9 2 26 24 4 0 25 16 26 2 6 13 8 20 7 6 24 2 14 28 5 24 23 19 17 21 11 13 2 15 11 30 10 28 13 28 15 30 11 10 29 30 19 16 23
27 20 26 30 24 5 23 14 7 2 15 20 2 10 18 27 4 5 11 0 13 24 22 3 18 1 4 11 1 4 26 11 11 14 16 5 20 17 17 26 14 24 6 14 18 26 28 13 19 3 22 19 29
9 11 24 18 11 17 23 27 19 24 15 12 8 26 4 26 2 18 29 7 11 23 18 24 18 5 18 23 5 30 26 3 2 26 20 0 18 0 3 26 23 26 23 4 10 2 18 8 18 6 29 11 1
6 11 7 8 10 26 30 22 24 28 7 8 27 3 23 3 26 9 15 23 25 30 3 2 10 5 21 15 7 19 7 9 20 20 29 8 15 25 8 20 30 10 11 15 5 11 13 25 6 6 21 10 27
13 25 2 12 22 30 17 28 27 6 20 24 12 19 23 5 21 17 0 27 20 29 16 2 30 3 12 30 24 15 18 4 23 5 0 22 30 21 21 3 30 12 8 17 10 24 24 18 7 27 10 26 25
14 3 5 7 21 11 21 1 28 14 10 4 29 25 20 11 22 10 4 11 22 15 0 9 21 2 18 6 24 19 7 7 11 26 4 7 6 21 0 26 29 6 3 16 1 6 26 10 11 21 15 18 20
23 0 1 0 18 26 23 22 18 10 20 23 21 19 3 15 14 8 28 4 10 30 19 30 11 20 15 28 19 21 22 30 15 3 17 17 9 20 22 23 15 9 5 10 13 30 29 17 3 0 2 29 25
10 12 1 2 17 22 5 9 3 14 2 18 27 5 13 1 26 16 3 6 2 3 4 4 1 10 27 27 7 15 26 21 29 10 21 14 27 3 10 17 17 22 18 21 23 17 22 25 1 2 24 7 28
20 30 6 9 22 13 6 17 27 15 6 21 12 21 28 17 20 3 7 10 10 9 27 24 20 17 9 26 28 28 19 22 26 26 3 29 3 22 9 4 18 29 12 3 17 22 20 10 16 15 20 29 26
21 19 3 11 17 18 21 9 18 10 23 24 9 25 9 7 24 2 12 28 27 22 21 20 15 0 20 10 23 14 24 23 30 12 10 2 7 0 26 30 28 21 22 18 26 27 7 28 0 24 21 8 26
26 17 30 2 19 7 9 14 22 13 2 20 1 2 13 6 28 7 25 10 19 3 29 25 5 1 11 21 17 5 6 24 29 3 27 0 2 29 3 20 10 12 8 20 29 20 22 14 18 10 21 23 14
17 8 4 29 21 1 24 21 18 5 13 25 2 1 7 25 8 17 29 9 14 3 5 6 21 18 1 9 1 27 11 29 26 21 10 9 9 18 14 21 11 10 1 28 11 8 15 28 17 8 7 13 20
13 10 10 26 14 23 26 28 6 12 24 12 17 18 8 9 23 7 25 13 27 6 18 4 13 23 15 0 7 18 24 28 26 26 25 5 4 6 0 0 7 8 20 18 2 20 11 8 2 23 1 21 5
3 4 0 27 11 4 14 14 9 29 16 13 3 19 2 18 18 19 21 25 5 20 17 28 27 8 2 22 6 17 27 21 8 20 21 26 28 23 0 23 23 4 21 19 21 24 3 14 8 9 8 10 28
21 3 26 29 29 20 11 18 29 12 16 9 23 11 17 18 12 8 9 2 5 17 29 20 7 16 26 4 9 13 5 2 16 24 15 3 9 11 9 24 2 1 27 7 15 7 20 29 25 29 3 6 25
