54 54
24 24 27 0 23 9 22 21 28 24 7 24 29 6 6 15 0 23 13 23 25 24 11 25 16 28 26 22 25 18 11 10 26 24 25 6 23 8 30 30 15 29 4 2 28 28 1 18 26 8 1 16 29 27
28 21 30 11 21 24 5 30 18 27 18 9 29 7 3 23 4 10 5 26 11 22 13 29 18 28 28 10 1 10 16 0 21 20 30 15 23 11 10 13 13 7 10 8 12 1 25 14 11 23 26 24 3 7
20 27 3 7 20 26 20 3 13 5 19 6 27 6 22 3 23 30 0 19 8 13 4 1 2 0 13 29 14 8 29 23 24 25 20 0 5 27 18 25 16 30 19 17 29 15 13 22 15 15 27 0 23 18
16 8 22 18 2 30 3 27 8 14 29 13 29 5 19 15 11 15 21 28 6 5 26 23 19 15 15 15 19 3 1 5 10 0 15 18 10 29 2 14 14 4 20 0 16 1 25 21 24 25 27 29 30 27
5 0 21 1 4 28 30 29 12 15 15 6 5 19 3 0 30 20 29 24 4 17 23 10 29 0 6 23 8 13 16 23 11 6 16 8 23 6 7 1 6 15 21 8 4 27 17 18 28 24 14 7 24 9
29 18 10 0 6 20 6 12 0 6 2 14 28 6 11 1 4 11 0 24 5 18 24 1 4 17 1 27 13 28 7 24 22 20 22 5 24 21 11 4 13 3 22 18 21 19 12 29 5 25 24 20 27 10
14 9 16 30 26 24 3 5 10 26 6 25 12 1 16 6 24 15 9 0 15 3 24 10 18 25 13 16 10 30 1 15 6 9 17 0 18 26 22 20 22 2 19 16 4 7 14 5 21 11 1 11 11 8
24 14 26 10 18 30 9 30 25 18 13 14 29 12 30 20 17 27 21 20 12 0 14 4 3 6 15 21 19 29 18 25 2 24 13 15 1 10 1 29 22 9 9 0 3 12 5 28 18 29 3 28 29 21
3 25 20 25 29 13 26 12 17 20 2 28 20 18 20 21 11 20 1 29 22 16 11 4 13 1 15 24 27 26 24 9 2 25 19 11 1 10 8 13 8 0 17 16 13 26 20 15 3 5 26 24 25 9
12 14 19 11 14 11 20 19 26 25 11 8 12 13 14 7 29 24 28 26 19 23 16 14 16 30 14 24 2 0 5 19 29 8 27 27 4 6 12 7 20 7 1 13 8 26 3 13 17 4 29 16 17 19
16 22 13 22 29 15 30 19 23 8 12 23 8 4 4 10 20 24 18 14 28 29 8 26 6 14 28 12 2 2 18 3 15 11 20 4 24 13 27 16 17 13 6 24 28 7 0 0 21 24 3 21 7 11
17 11 11 16 5 28 1 4 16 16 29 8 14 23 22 30 8 23 12 11 1 4 26 24 3 21 28 7 6 6 9 17 11 15 19 5 30 23 27 11 12 28 27 27 8 3 17 30 14 19 3 7 30 0
29 23 29 8 25 25 21 26 17 7 7 10 28 12 6 2 28 15 21 22 0 3 1 24 22 5 26 13 16 11 25 18 21 7 0 7 15 28 13 29 17 14 18 12 29 21 28 4 15 20 0 25 27 23
9 24 2 21 24 28 27 9 27 7 22 5 21 3 11 16 2 10 17 19 18 20 2 25 10 2 30 2 9 7 7 4 26 5 19 23 3 10 7 9 11 23 10 30 11 7 24 29 30 16 18 12 5 27
17 16 16 24 20 24 10 13 29 28 18 11 11 29 3 27 15 14 0 4 11 8 27 15 1 29 9 4 28 29 19 10 25 25 0 7 20 3 26 9 8 16 7 28 13 19 9 12 16 24 8 20 28 7
11 10 4 5 3 21 5 18 17 30 4 15 22 22 21 1 3 18 4 21 1 9 21 9 7 19 1 24 9 0 23 20 24 7 15 1 26 26 9 13 12 3 27 23 28 5 8 13 26 7 25 10 24 26
17 19 15 19 24 21 11 29 26 25 25 26 1 4 11 25 23 13 4 19 16 7 16 26 1 21 6 19 22 6 19 23 21 23 0 8 17 14 6 15 7 11 12 3 22 4 24 3 9 11 24 9 6 21
1 3 24 6 10 10 24 4 11 26 22 30 17 20 13 17 18 13 3 13 26 25 16 5 19 29 3 27 13 8 13 7 0 18 17 7 1 25 8 15 5 20 12 2 11 17 25 22 29 28 21 20 1 27
7 1 22 20 13 10 16 15 15 16 10 10 29 9 9 5 22 9 13 30 22 25 5 4 26 2 30 2 27 28 29 5 17 29 10 2 21 7 1 4 17 29 22 26 16 23 30 5 25 22 30 9 9 24
15 6 13 25 15 13 18 8 28 21 1 5 5 9 25 19 13 7 11 6 30 15 30 9 11 27 3 30 25 26 15 17 11 18 27 2 26 30 19 1 10 3 6 26 6 27 22 6 13 28 12 24 30 18
10 1 3 18 11 28 9 21 5 1 5 23 27 7 6 12 20 19 4 10 12 5 15 7 0 6 16 3 22 26 5 6 16 18 23 5 19 20 3 16 15 29 21 22 9 25 20 20 18 13 23 30 25 17
12 2 14 9 14 1 22 17 14 9 4 4 5 22 24 7 17 28 12 7 25 21 15 11 12 11 4 26 20 12 21 22 6 10 7 10 22 26 17 17 17 22 24 7 5 4 3 1 20 25 18 28 26 7
18 4 10 28 8 7 16 8 24 10 5 17 29 16 4 9 2 25 13 29 25 28 13 4 27 5 12 28 19 4 7 21 27 5 24 12 4 0 24 13 14 10 18 5 20 18 11 3 25 16 8 30 5 14
14 12 21 3 13 29 2 22 5 18 25 6 26 8 18 16 22 14 9 22 23 0 19 23 14 0 26 19 16 18 15 13 30 17 29 5 19 16 17 5 17 27 0 5 20 27 27 7 1 12 28 16 1 23
5 26 16 19 19 16 29 26 27 15 14 13 25 24 14 22 13 12 16 27 8 13 23 5 3 3 16 8 15 24 4 9 24 15 7 23 22 15 21 1 13 6 14 2 26 27 0 25 9 21 11 26 0 4
2 3 30 27 6 1 25 22 7 9 26 4 12 0 14 2 6 28 5 6 30 0 19 28 7 28 2 29 10 8 28 27 26 5 9 0 17 23 18 25 24 27 26 0 4 15 22 29 16 28 20 23 16 21
12 10 14 29 13 29 17 16 7 26 21 14 30 7 14 8 21 12 23 19 28 26 28 10 24 9 14 13 6 5 11 0 29 24 18 26 19 18 24 7 11 24 17 27 10 21 7 14 10 20 19 30 20 3
2 9 26 16 23 28 15 15 24 28 0 18 1 10 15 29 21 13 21 6 11 14 24 28 22 14 1 12 30 7 28 29 15 5 8 11 10 14 27 17 27 0 25 6 9 21 26 29 21 21 20 18 12 7
8 10 28 22 20 9 11 9 1 23 1 7 27 13 2 4 6 13 2 21 27 20 24 3 10 15 2 22 20 9 19 14 0 14 25 23 21 12 10 0 15 20 12 9 12 16 8 30 27 26 7 15 12 14
14 0 2 0 8 18 4 22 30 24 17 23 26 15 20 13 6 11 20 26 22 14 13 22 2 24 25 1 13 3 19 25 24 2 21 17 27 4 10 5 30 17 18 10 9 10 5 20 18 19 8 9 9 29
20 4 27 3 7 9 6 30 20 15 28 30 11 16 28 27 3 19 17 24 13 2 17 4 3 18 13 14 23 14 29 30 9 8 27 18 15 19 24 23 19 14 19 8 10 6 0 4 7 2 28 1 6 23
8 26 26 1 30 30 10 14 7 14 28 26 4 19 21 22 19 1 17 7 8 17 3 25 4 1 2 14 11 30 17 20 8 9 25 24 0 12 12 8 25 12 20 10 28 30 11 13 18 6 30 11 8 30
17 13 9 23 11 12 23 24 23 21 20 4 28 21 8 30 3 8 11 5 20 14 0 5 30 21 28 30 7 12 10 27 3 21 14 11 14 22 11 0 20 8 7 9 25 10 12 17 7 27 12 7 8 30
17 20 5 29 16 27 24 21 25 12 20 19 29 17 29 4 11 5 7 20 4 9 13 28 23 7 25 17 5 10 5 21 7 0 1 8 11 29 18 30 2 17 29 15 28 25 28 30 28 22 10 10 24 7
12 13 22 10 7 28 23 30 3 30 10 7 25 26 24 24 11 11 22 21 22 19 24 14 21 13 7 10 0 7 22 10 30 24 18 3 13 28 3 12 18 5 6 23 22 13 7 11 30 18 9 21 24 19
18 22 24 13 4 24 0 9 28 22 25 16 9 29 3 14 22 30 12 19 27 20 30 11 3 14 6 23 4 3 26 15 16 3 12 1 4 11 18 3 24 20 2 5 5 3 18 11 29 28 20 19 3 8
20 28 23 8 7 6 14 15 9 20 16 27 16 13 15 27 4 29 1 17 4 23 19 16 20 0 22 15 8 30 1 14 6 4 14 23 22 26 25 6 1 1 25 15 27 24 15 4 0 15 26 28 21 19
6 7 28 26 17 16 20 2 20 5 21 9 24 7 4 11 21 29 16 8 13 22 3 6 18 1 16 25 11 18 12 20 26 29 8 0 12 0 11 8 18 18 10 13 15 2 28 20 19 10 17 3 15 1
20 23 19 14 13 29 20 28 10 3 8 0 6 1 30 23 10 26 8 12 29 27 13 30 26 30 11 5 3 23 6 16 11 17 16 28 5 4 10 3 28 28 26 7 21 15 2 6 20 30 5 14 11 10
23 26 25 1 3 15 8 24 25 14 21 26 26 6 15 11 12 29 22 23 29 14 9 23 1 13 3 5 9 29 2 30 9 12 15 20 7 21 23 5 16 17 25 26 30 29 12 16 6 11 27 2 28 25
29 20 14 7 3 5 3 17 5 8 19 18 5 29 17 30 4 16 27 15 19 14 4 4 11 4 7 16 14 1 2 7 8 26 18 1 8 1 21 19 8 19 7 9 15 20 7 1 6 26 14 22 3 6
13 8 26 12 10 28 25 25 17 11 6 19 30 25 7 4 22 7 24 28 22 29 20 6 14 13 29 3 19 10 8 22 10 16 14 16 17 5 30 21 7 11 6 28 29 26 25 4 25 5 16 10 21 15
12 21 26 16 9 26 28 21 11 28 29 9 19 30 20 2 4 13 26 17 20 21 20 10 11 19 2 4 5 15 29 15 15 26 8 17 4 15 30 0 1 10 27 22 11 19 6 5 28 27 16 10 12 11
26 29 29 18 0 13 26 30 5 9 11 3 11 21 15 22 27 27 18 0 26 13 26 21 3 28 18 7 4 5 14 23 30 17 14 21 22 23 14 5 0 0 16 16 5 9 7 25 25 26 28 19 0 19
8 27 11 27 21 9 9 14 14 28 26 7 5 22 28 16 20 20 13 24 12 12 26 22 10 14 17 21 1 15 5 20 12 3 12 10 1 30 30 27 23 13 11 7 30 1 21 4 9 25 23 10 27 22
23 17 3 20 29 17 2 22 26 29 25 29 14 19 7 26 26 21 15 20 24 9 15 2 2 27 9 13 13 29 20 2 29 25 18 5 30 18 15 22 14 29 14 7 12 21 24 18 27 30 29 21 27 13
16 24 16 4 14 4 28 19 8 13 8 16 24 2 16 0 25 26 12 0 6 8 20 18 16 18 25 6 11 12 0 30 7 11 13 7 14 9 4 29 21 2 14 24 10 15 29 10 1 4 5 18 8 28
7 14 5 22 21 21 23 15 20 26 4 21 4 8 3 27 2 17 19 30 3 6 15 5 10 5 23 20 26 19 5 30 13 19 17 3 8 28 9 28 14 4 26 24 13 0 5 29 1 22 11 25 28 11
18 8 9 9 21 25 20 4 7 26 3 20 15 8 19 3 2 30 2 26 26 0 19 1 11 28 23 2 5 28 0 17 11 12 25 15 30 0 8 2 19 9 7 20 29 13 27 21 24 24 11 6 29 19
19 12 20 23 0 12 14 21 1 22 28 25 6 5 4 10 8 13 21 24 4 13 5 21 10 18 14 30 30 6 21 20 4 27 5 14 18 16 23 7 2 23 29 30 11 6 29 16 4 5 0 10 19 23
1 24 4 2 21 20 16 24 9 4 26 0 5 27 28 28 17 15 5 18 12 23 21 8 10 15 20 12 19 17 19 9 4 22 22 7 6 6 18 6 22 1 14 10 18 17 8 16 21 7 30 24 0 18
24 0 22 6 29 17 8 10 5 11 21 25 23 14 1 2 25 29 14 20 1 18 16 22 15 10 20 2 9 27 19 20 11 9 26 29 0 20 15 6 25 21 6 0 16 19 17 10 8 11 3 5 25 4
21 6 15 5 6 11 19 28 5 3 2 7 6 15 26 18 11 7 17 6 24 25 9 24 19 23 10 24 21 16 1 22 12 20 30 27 15 23 29 28 20 18 19 23 23 19 30 2 3 2 28 23 21 21
11 18 18 11 28 6 28 2 7 15 21 26 14 19 30 3 22 21 3 22 9 17 9 18 0 24 14 7 5 3 10 8 27 13 24 1 15 0 16 30 25 18 4 13 24 26 29 27 6 11 18 1 22 18
