56 56
3 26 27 29 18 7 11 15 8 16 16 23 14 28 21 8 12 6 2 3 3 30 26 15 11 30 24 15 16 21 12 23 10 20 23 19 11 9 0 7 4 12 14 18 17 22 1 1 16 18 19 28 23 13 5 11
6 7 5 29 15 13 19 4 2 14 17 11 2 4 6 22 9 10 30 27 11 11 29 21 18 15 24 24 23 6 5 4 3 6 24 30 8 1 25 3 8 15 15 30 18 14 15 25 22 4 22 9 24 21 14 27
17 25 18 5 1 2 14 29 7 23 13 2 18 6 18 6 18 21 22 9 7 17 14 25 13 13 8 23 7 2 8 7 18 24 12 8 16 2 9 4 22 27 29 1 13 17 4 10 27 7 12 29 3 5 22 26
3 13 19 19 11 22 26 24 12 10 28 11 22 28 18 7 29 19 2 26 28 4 6 16 1 14 11 5 0 6 5 13 23 3 24 29 12 21 12 21 10 24 20 21 16 11 15 18 26 14 30 12 5 25 17 23
21 9 2 0 18 5 14 22 25 18 21 15 23 18 2 13 14 1 25 20 30 28 25 12 16 2 4 11 19 29 17 30 23 30 7 6 25 13 26 2 0 0 17 19 1 4 16 3 14 8 11 18 15 17 5 16
5 10 2 7 8 22 16 28 18 15 11 17 8 20 8 10 25 12 16 22 22 19 8 16 17 25 13 7 25 19 19 18 2 28 17 15 29 30 5 28 5 20 13 11 27 22 1 24 26 28 19 28 6 28 9 19
2 21 14 20 25 8 20 20 9 20 14 17 15 7 3 17 0 28 0 4 22 28 11 23 28 14 27 21 20 6 18 10 22 3 19 2 3 3 0 6 16 10 2 12 20 28 6 22 19 7 7 22 30 5 4 27
5 15 12 23 9 27 29 28 17 5 14 22 22 21 18 13 21 28 25 6 1 22 12 25 2 15 25 12 27 28 18 2 11 16 6 30 0 22 7 7 25 10 23 22 29 5 18 8 20 9 23 30 12 4 1 16
26 30 11 13 22 2 29 5 8 24 27 23 8 12 30 18 7 7 27 17 2 20 29 10 2 28 14 1 6 13 25 10 16 17 17 7 16 9 23 12 22 29 9 13 9 27 16 28 2 7 11 2 23 14 22 15
2 29 24 18 11 12 15 2 17 17 24 29 25 4 17 23 21 26 24 30 12 16 30 13 22 15 18 6 14 20 1 19 15 7 24 4 5 26 4 4 12 17 2 12 29 20 2 8 30 19 1 21 26 24 12 29
26 8 1 12 28 19 8 26 22 2 30 7 9 0 30 20 23 7 4 21 30 11 7 12 30 25 29 17 10 10 18 9 23 23 29 10 23 14 9 0 0 27 8 24 14 19 30 0 30 1 29 12 21 26 21 12
15 8 9 12 16 19 18 17 22 20 0 25 22 0 7 25 25 3 16 16 15 8 8 13 10 20 17 20 5 17 19 4 9 30 4 1 10 10 10 19 0 22 12 7 23 15 3 23 5 17 0 4 28 12 29 30
28 9 21 16 21 29 15 0 23 14 26 26 5 16 26 20 20 20 6 1 24 21 23 29 30 30 6 18 18 17 27 20 6 28 28 4 17 4 23 7 6 23 20 22 27 12 22 16 13 10 10 15 18 2 11 8
4 12 11 22 7 20 13 18 5 28 1 11 12 17 10 26 27 1 16 13 24 26 9 12 23 7 8 14 15 10 8 1 16 2 12 8 1 0 25 2 17 25 9 15 23 10 23 27 9 10 11 22 19 1 14 20
28 16 19 17 17 29 0 7 22 3 9 18 28 16 0 20 30 8 1 22 5 15 28 3 29 15 13 5 17 0 0 1 14 13 9 14 27 3 22 26 25 14 15 11 30 26 12 5 25 22 28 10 4 5 16 14
16 14 23 13 19 1 29 20 25 12 8 18 17 18 15 21 28 6 6 18 24 6 8 21 22 17 22 19 8 11 30 25 11 21 11 24 6 28 26 10 11 28 12 23 8 10 29 18 18 8 3 11 11 1 28 14
6 2 11 30 16 3 11 28 14 0 24 19 1 15 24 17 11 11 25 4 24 28 29 14 11 0 8 9 24 15 9 23 5 0 2 23 8 3 28 0 13 23 14 2 24 0 2 18 10 5 6 6 6 25 11 9
10 30 8 26 0 18 9 8 27 15 11 16 11 2 1 12 12 7 23 0 29 15 26 21 10 3 2 10 27 23 6 1 26 10 0 2 30 23 30 6 29 8 23 27 7 8 3 10 2 21 0 22 25 18 9 8
10 19 28 18 18 19 8 21 10 15 30 4 17 2 30 18 25 10 1 9 18 29 19 28 12 7 19 1 29 18 29 2 9 15 29 25 0 18 7 25 1 26 20 7 5 16 6 1 30 4 2 8 13 15 10 24
9 27 21 16 12 23 8 0 1 10 18 10 22 6 16 27 4 30 26 1 15 17 17 6 5 27 14 9 9 8 10 9 14 16 2 6 18 5 16 4 16 8 29 18 10 26 13 11 6 15 24 26 4 17 3 13
9 9 23 3 18 4 17 6 19 11 12 6 21 19 5 30 25 7 7 7 18 3 21 23 18 20 8 15 18 15 14 16 20 20 13 11 7 20 24 25 1 9 1 13 7 16 5 1 10 27 15 5 18 10 23 22
2 16 6 15 23 24 7 6 5 13 11 10 11 21 15 5 12 5 20 8 23 9 21 10 3 21 5 20 20 29 13 6 24 28 27 2 20 18 19 11 17 24 15 15 15 0 8 7 22 6 8 24 19 18 12 0
10 10 26 29 26 13 4 1 20 30 1 7 27 20 6 22 4 25 26 3 13 10 10 30 6 7 2 26 15 6 1 8 21 1 27 19 8 6 17 25 21 13 18 10 3 9 12 8 9 9 28 18 0 2 5 12
22 13 26 4 22 29 15 17 18 1 25 13 19 25 14 27 8 4 5 26 22 27 9 28 21 22 27 27 5 1 21 14 1 29 0 29 5 20 16 1 29 23 21 4 17 11 2 28 6 30 4 11 13 12 27 17
4 4 30 22 21 23 26 25 30 18 30 26 9 15 7 28 29 7 0 20 7 30 4 3 9 9 29 22 24 4 25 15 26 22 15 18 23 0 18 7 25 22 4 17 1 9 11 14 22 5 26 28 13 5 17 27
29 19 1 28 27 9 20 3 0 12 19 12 28 14 12 18 0 25 14 0 0 13 28 24 2 4 29 29 12 12 29 3 23 8 3 20 18 0 18 14 3 23 15 15 2 17 26 26 14 7 20 16 3 20 10 16
18 4 23 24 25 25 27 16 8 0 6 8 20 3 5 24 26 5 27 8 15 3 6 5 23 12 29 26 0 20 20 20 6 15 0 12 1 0 19 14 9 13 24 0 7 27 19 10 1 30 18 25 5 15 11 11
9 17 4 22 7 24 7 2 1 25 5 16 2 16 16 30 12 13 21 23 10 29 30 27 14 29 13 25 26 19 6 11 22 22 23 8 23 12 16 22 9 29 13 18 9 19 29 11 6 2 23 25 4 22 0 12
24 17 1 21 27 14 7 22 1 10 1 25 20 26 15 13 15 22 19 24 8 16 29 14 8 20 0 26 2 25 28 2 25 12 23 16 20 14 26 17 18 20 24 5 14 26 8 6 8 26 0 17 10 27 16 17
2 16 16 13 13 25 8 18 1 22 11 10 19 8 30 12 29 29 10 28 7 6 18 7 24 21 12 16 16 0 26 1 5 2 29 16 18 16 5 28 29 12 13 12 0 26 22 11 10 18 14 7 5 7 21 2
11 28 26 12 12 19 6 2 13 4 29 6 12 16 4 22 10 21 12 29 25 13 30 30 26 17 10 25 22 27 4 2 4 19 17 5 28 13 27 11 22 8 25 24 9 8 4 14 10 24 20 24 26 29 8 9
30 26 21 11 28 15 26 25 22 1 6 1 16 2 15 20 29 10 17 7 0 20 23 6 15 21 7 9 8 3 0 2 1 27 3 9 7 23 14 21 7 24 1 3 11 12 12 6 28 9 27 2 21 1 7 9
27 23 19 9 28 3 18 26 10 4 25 2 13 5 26 22 2 25 20 16 24 8 30 20 29 5 28 25 5 23 4 2 6 18 4 3 18 26 18 7 27 29 0 7 20 1 23 14 4 23 9 19 30 5 6 8
19 11 28 7 28 25 8 4 26 12 11 22 17 22 3 29 10 16 18 15 3 29 16 10 28 19 30 14 29 12 30 7 19 2 12 4 30 25 15 11 17 22 5 12 2 25 0 3 20 25 24 3 18 10 27 21
19 15 26 24 19 28 13 29 11 26 12 12 8 1 24 4 2 10 30 15 23 30 10 8 26 2 7 25 8 24 7 3 15 14 13 27 9 12 7 1 27 28 2 29 9 20 11 8 14 25 5 12 26 26 25 9
30 29 18 7 9 2 5 22 3 12 27 27 18 13 8 25 21 29 8 7 30 26 13 15 15 14 25 17 27 22 23 3 2 26 9 16 28 22 7 10 6 14 26 28 10 15 3 28 19 23 8 22 19 1 4 5
26 20 18 12 3 21 17 22 7 1 26 10 20 21 2 17 4 9 17 25 20 12 17 10 26 28 7 20 16 25 14 0 14 20 0 7 3 10 5 5 13 28 11 25 6 6 2 23 4 24 19 8 7 1 5 20
19 26 30 3 21 14 1 2 21 30 27 7 15 11 11 11 7 1 24 21 15 20 28 11 15 12 30 18 6 22 30 22 20 19 13 16 29 18 7 5 29 5 25 12 0 17 25 18 18 22 1 13 11 4 25 16
27 10 26 12 21 25 24 18 21 23 3 30 10 20 22 2 30 12 22 6 3 12 24 29 3 24 28 2 6 16 5 3 8 0 5 20 9 22 12 2 13 19 24 27 11 25 10 20 17 23 3 23 22 29 12 18
21 6 1 9 27 8 16 0 5 29 29 12 29 19 28 20 26 21 30 7 4 3 6 1 18 2 17 13 9 11 2 10 11 21 16 24 30 2 25 6 9 29 13 1 18 10 24 26 9 9 8 18 18 29 1 0
29 5 24 9 6 7 5 26 14 25 1 15 3 9 6 27 17 13 29 25 18 13 30 18 10 27 25 12 4 12 10 8 30 10 3 10 27 10 23 12 27 25 20 14 19 8 26 27 15 25 5 27 5 4 10 19
27 19 15 29 2 17 20 19 12 28 30 23 23 6 10 7 16 3 16 28 14 18 30 28 10 14 26 25 25 18 4 1 21 12 16 26 6 9 2 30 26 20 20 25 20 6 23 27 20 21 29 28 14 0 2 0
9 29 28 15 9 26 20 18 3 21 25 14 14 19 10 12 0 26 11 30 26 16 3 24 30 5 5 7 12 6 7 22 21 12 28 26 29 0 14 6 8 12 4 22 8 30 28 19 29 25 30 23 21 23 14 1
21 0 3 29 23 1 15 3 14 30 19 16 27 11 21 10 24 8 25 11 25 25 14 8 29 30 21 11 20 29 7 29 30 29 23 27 25 23 13 3 29 4 9 27 25 19 15 7 26 29 10 8 12 1 25 16
16 25 18 19 13 20 21 30 10 17 16 17 21 2 26 12 13 11 17 30 23 23 8 19 2 20 8 16 1 30 19 9 4 2 20 19 17 3 13 11 17 26 30 27 10 26 30 27 13 10 5 12 16 6 27 25
19 23 8 30 20 28 20 21 18 25 18 10 30 22 0 6 10 22 7 20 0 1 21 27 8 18 13 29 29 27 28 27 26 29 25 15 18 5 13 2 29 4 7 11 24 10 27 12 1 8 9 30 22 22 21 0
3 25 12 25 15 2 20 16 14 10 23 15 24 18 14 29 14 29 25 1 9 21 1 3 27 23 3 25 29 19 22 22 28 24 18 25 8 30 22 21 15 23 4 16 20 6 27 21 1 15 5 5 21 27 14 13
22 6 17 6 10 14 21 8 22 23 0 12 12 28 15 30 2 25 8 21 6 19 12 12 26 30 21 28 19 29 16 15 4 21 9 23 9 23 13 26 4 22 22 11 25 16 20 12 3 5 6 12 26 24 24 3
14 12 30 15 6 17 30 14 1 22 18 30 22 23 9 19 4 19 15 22 22 12 29 4 17 14 19 0 6 5 29 6 19 11 27 5 1 4 7 10 14 28 13 0 26 14 16 12 24 14 3 0 19 8 18 9
21 5 13 13 3 18 17 21 10 24 11 1 24 30 17 10 18 11 11 21 14 25 20 24 23 19 0 13 13 28 4 24 4 23 21 13 15 8 15 18 4 2 1 5 27 3 6 25 17 10 22 23 27 30 7 23
24 19 27 19 4 30 19 18 10 25 18 26 15 5 22 8 7 25 1 0 0 23 24 25 20 9 18 4 3 22 11 27 1 2 16 25 22 30 0 17 8 17 10 6 18 24 22 0 8 8 6 1 23 1 27 18
28 8 13 19 29 16 11 15 30 3 17 20 17 24 23 2 9 6 26 4 19 23 4 17 26 30 21 7 29 3 3 21 29 7 18 29 11 11 22 14 2 6 7 1 1 10 25 11 11 25 0 17 29 1 17 8
22 6 27 30 23 20 27 21 9 18 7 1 28 4 1 2 25 13 3 8 3 24 3 26 7 23 21 23 7 29 11 1 26 5 17 4 5 8 28 9 3 7 19 27 13 12 1 18 15 19 11 25 11 17 13 26
12 18 27 15 19 29 17 5 27 29 3 28 30 30 24 1 1 24 28 8 22 7 30 28 11 6 3 16 14 28 3 16 28 15 18 22 21 14 26 7 3 17 10 28 9 14 15 8 18 15 30 6 2 6 19 0
8 2 26 20 8 13 27 30 13 25 1 13 16 19 3 7 7 7 14 9 13 14 9 5 7 28 18 6 12 7 8 15 9 24 10 8 26 23 21 23 10 11 20 19 18 29 4 28 23 23 19 10 4 8 15 25
21 4 22 18 28 9 7 22 7 13 21 11 17 29 19 0 26 9 12 6 28 26 5 29 6 26 18 21 5 4 11 13 8 15 20 12 21 8 1 12 0 5 24 21 5 9 15 23 25 21 21 22 5 0 8 15
