61 61
30 5 17 4 20 23 15 26 25 7 4 30 11 22 20 25 26 2 29 19 26 19 4 6 13 20 7 1 23 6 23 7 3 4 0 11 8 18 4 7 12 9 19 8 8 10 29 10 10 3 2 20 14 25 28 3 25 0 25 15 2
20 20 4 30 19 2 22 17 2 28 15 13 0 3 18 28 4 1 7 1 20 4 21 17 27 7 27 17 8 18 6 6 10 21 15 6 26 26 5 1 18 0 30 9 24 11 19 13 1 13 27 28 28 9 15 12 9 9 24 30 5
8 8 28 30 19 1 1 22 18 0 11 25 9 27 17 12 15 23 3 19 1 24 5 12 8 15 15 18 20 2 28 4 13 12 21 2 30 8 17 14 4 17 5 19 8 29 3 30 11 16 19 9 12 12 29 9 4 16 20 16 7
1 9 4 15 10 19 15 3 8 15 25 1 4 25 14 3 0 3 17 7 18 3 24 12 24 15 3 29 11 24 17 16 24 23 26 17 27 21 29 15 18 4 26 26 28 21 8 29 25 26 0 13 3 12 24 14 27 13 28 17 26
20 7 7 8 2 6 13 25 29 23 11 5 6 25 27 29 19 20 8 3 9 2 15 11 7 13 29 15 17 25 30 16 12 17 9 9 26 15 11 18 8 19 26 3 3 24 27 19 20 28 12 23 5 12 21 17 14 8 18 13 1
26 30 1 0 18 30 18 22 13 19 8 28 14 27 15 29 19 29 10 4 4 11 5 19 22 28 21 26 2 30 12 1 15 16 30 8 19 29 10 19 8 27 4 1 24 29 21 27 2 8 20 29 14 7 10 27 1 27 30 3 1
4 15 20 14 6 21 11 22 5 1 24 27 19 8 15 24 18 26 5 17 20 3 13 19 0 6 23 4 24 19 8 19 13 7 13 0 15 3 29 27 7 1 27 11 23 18 1 1 13 21 17 14 24 8 11 17 9 11 16 23 13
12 15 29 0 18 27 29 8 12 12 14 13 2 13 15 1 14 26 8 22 26 27 14 28 5 19 19 23 7 28 17 7 25 3 24 10 3 22 24 20 2 14 6 0 8 2 4 15 22 12 15 18 30 4 28 21 22 7 16 5 26
3 3 15 6 16 8 16 10 10 1 23 22 13 24 13 7 6 5 22 19 1 10 17 14 8 15 13 5 4 29 10 30 29 18 11 4 26 21 26 12 2 12 7 28 25 4 28 14 21 5 28 9 21 22 16 7 26 3 2 12 18
5 25 25 28 6 22 20 28 2 19 7 18 24 23 12 12 4 9 10 27 23 6 7 15 22 15 9 7 26 30 3 24 27 26 3 18 8 17 26 25 27 2 17 11 2 12 11 2 13 7 15 16 10 4 2 10 25 7 13 29 21
5 7 30 8 10 9 4 0 0 4 17 11 17 16 12 15 20 13 2 22 6 4 18 2 19 24 25 9 27 26 14 3 28 0 27 20 5 14 27 16 28 2 24 14 24 17 25 20 4 4 22 5 27 7 1 14 30 3 10 30 7
24 7 5 14 16 22 21 0 24 24 3 6 12 16 26 11 13 4 22 3 18 2 3 5 30 0 19 6 28 19 9 11 23 0 30 8 12 23 20 0 23 11 20 3 8 5 10 5 21 15 28 16 13 1 20 4 3 2 18 9 2
6 15 28 24 16 19 14 27 22 5 7 13 7 18 16 6 5 12 13 21 30 12 8 8 3 2 25 30 12 4 25 0 15 9 4 17 2 12 1 29 11 14 3 10 7 20 2 21 5 25 27 29 12 30 3 3 21 6 15 9 29
10 13 29 30 23 1 10 26 21 27 6 18 23 18 0 29 4 24 26 4 29 16 6 6 14 27 28 17 21 22 23 9 29 8 1 20 21 17 12 8 0 13 24 11 27 7 21 20 16 23 25 1 5 12 8 4 7 15 17 0 13
10 0 27 16 19 4 10 9 4 17 8 27 8 19 3 3 21 10 8 12 10 15 28 4 29 18 6 22 28 24 29 27 22 9 17 11 30 17 4 19 11 13 15 0 30 25 26 0 26 0 17 9 24 3 3 14 3 21 9 15 15
22 30 12 10 25 17 7 28 13 6 24 26 3 19 4 24 4 27 3 0 4 21 5 3 2 18 13 28 2 4 14 7 26 26 16 8 16 2 16 15 24 4 9 14 26 3 4 3 15 18 6 1 9 0 28 29 25 16 11 7 11
20 28 19 3 25 16 27 0 23 13 3 0 19 15 29 18 6 1 15 8 21 15 19 19 29 9 24 18 18 23 29 29 17 16 21 20 30 16 21 11 3 3 30 7 24 23 8 13 2 28 4 25 2 1 0 28 1 0 1 20 21
21 16 8 22 1 10 0 20 9 27 5 6 10 2 18 3 21 23 14 8 21 22 17 28 10 17 29 18 13 26 25 30 24 10 14 4 24 27 3 8 15 28 18 26 23 15 4 13 29 12 3 7 2 7 12 4 1 20 12 12 15
17 11 14 27 17 11 5 16 18 13 5 16 11 1 21 6 20 7 24 23 28 29 24 29 0 29 25 12 22 11 2 9 25 8 19 17 14 7 0 26 16 2 15 5 22 15 19 24 23 20 20 17 23 3 9 17 6 16 4 13 28
17 1 15 18 24 24 13 21 17 28 20 20 4 12 8 5 9 19 0 8 1 27 12 15 8 1 4 5 11 7 29 10 9 14 7 25 3 11 8 4 15 4 21 2 9 2 15 17 1 9 26 6 17 26 18 18 20 14 25 27 0
5 26 9 2 5 2 23 4 7 24 25 0 26 17 9 16 18 8 24 27 18 3 0 18 30 24 30 1 1 17 19 14 20 29 19 11 29 18 7 23 17 30 29 10 24 21 27 12 11 18 24 1 15 16 10 16 20 12 12 0 9
28 17 8 4 5 3 30 21 20 4 8 1 22 20 28 16 30 20 14 29 28 2 21 16 24 20 7 12 7 23 0 24 29 12 15 30 11 11 17 23 10 30 20 11 13 23 7 4 30 12 5 10 18 14 2 24 25 23 3 25 6
19 10 24 19 20 23 5 27 25 9 5 21 15 30 7 19 11 11 18 18 20 8 9 2 27 12 16 11 2 15 30 22 15 21 16 12 30 24 28 3 24 21 1 16 13 23 15 4 15 4 24 8 4 4 10 1 10 25 9 3 5
2 13 23 10 12 15 8 7 6 9 6 14 21 25 14 29 12 26 20 22 22 7 18 10 17 23 7 3 21 17 7 10 12 22 25 28 28 0 8 8 29 29 23 29 1 24 13 30 0 0 0 16 10 3 15 15 12 18 22 9 12
10 24 28 15 25 14 14 27 6 19 6 13 8 2 11 19 19 28 21 29 26 21 1 8 6 16 15 23 3 3 6 3 4 5 24 6 2 13 9 0 4 30 24 12 6 30 2 9 4 20 18 1 13 27 19 2 28 9 15 14 14
20 17 29 2 0 29 27 30 21 30 11 24 7 23 13 27 28 4 1 22 18 10 23 28 28 18 17 27 11 24 25 17 1 19 21 24 2 25 11 8 5 16 18 28 4 18 16 3 17 18 6 13 29 30 20 11 26 15 16 19 7
19 0 13 21 4 29 17 20 20 0 17 25 15 30 21 30 20 2 3 9 3 19 26 19 9 18 20 3 24 18 28 25 1 9 18 10 16 8 17 17 16 0 18 11 11 16 9 9 9 18 10 23 13 9 3 11 17 21 14 21 27
5 10 10 17 29 17 21 16 22 15 27 30 21 17 9 5 13 24 30 12 21 16 17 16 12 20 18 1 19 1 9 7 9 0 21 23 26 12 16 25 7 5 23 28 29 9 12 15 28 0 23 19 5 1 12 17 21 26 21 24 26
14 1 18 13 5 11 27 6 10 8 28 16 30 12 21 15 12 1 20 11 18 28 1 21 30 8 5 5 7 19 3 0 14 14 9 17 22 20 30 25 18 23 21 18 14 1 22 1 2 25 19 17 17 20 28 16 0 11 3 27 28
28 21 3 8 2 10 15 3 7 28 13 24 20 6 6 29 21 22 20 0 11 1 27 19 2 26 28 26 10 1 17 28 20 24 24 23 13 28 11 14 29 7 18 8 9 29 9 26 29 8 21 14 18 22 24 2 21 24 10 19 3
5 6 2 11 22 0 15 0 20 30 17 25 18 5 21 4 3 4 5 10 27 7 2 5 22 10 12 3 13 8 3 3 5 23 25 22 15 3 8 24 20 23 17 12 20 30 5 9 8 12 20 5 9 13 30 11 1 3 26 8 1
19 1 14 4 1 6 0 9 4 15 17 1 18 2 9 10 24 25 4 1 3 1 7 29 2 9 17 1 12 23 16 10 25 2 24 26 21 7 1 9 24 14 18 30 18 11 26 24 3 2 0 18 27 22 6 7 1 8 29 5 14
5 3 0 7 23 5 24 4 16 20 5 7 18 14 10 22 15 30 4 2 26 30 15 19 4 16 28 12 24 24 19 4 2 27 1 8 25 9 19 22 7 11 0 1 12 22 7 14 27 14 25 28 10 18 10 24 27 17 17 25 29
24 21 0 15 1 2 26 10 19 11 5 7 30 23 27 17 21 14 4 0 8 18 14 28 15 30 30 27 8 15 4 25 30 14 4 2 17 15 11 5 12 29 13 30 13 1 28 27 17 19 19 6 20 18 28 14 6 29 5 4 24
27 10 19 1 5 28 12 27 26 6 0 13 18 12 28 26 14 8 5 30 29 0 7 16 14 24 9 14 27 1 4 9 1 21 4 30 9 2 9 20 10 25 2 25 22 28 11 29 13 25 24 23 5 3 29 6 28 0 7 2 26
21 4 11 19 21 13 27 11 24 15 24 27 24 24 12 2 18 16 24 20 10 2 20 23 12 30 13 7 19 22 13 6 13 13 9 13 6 15 30 10 11 21 16 7 27 13 22 25 23 20 28 26 1 7 27 4 12 1 13 1 25
25 10 28 1 1 12 7 30 1 6 28 28 18 14 22 9 12 6 4 14 3 22 12 9 29 28 5 27 16 18 5 15 10 12 24 18 11 0 27 9 22 22 27 5 8 9 2 30 29 28 13 22 3 17 21 1 19 0 0 24 6
3 10 11 2 5 17 7 8 24 20 28 11 2 22 28 7 0 21 16 27 21 20 22 5 13 19 22 23 0 2 23 15 4 1 3 11 11 11 6 28 9 19 4 28 16 15 15 16 23 2 11 1 9 15 23 18 6 16 9 18 3
22 28 28 4 15 28 16 17 20 7 24 2 0 1 25 17 9 1 23 17 23 18 7 18 0 30 24 20 22 27 20 6 15 10 0 11 5 13 9 24 8 7 9 25 9 2 17 16 9 18 22 26 11 12 26 30 14 8 4 22 25
16 17 10 13 16 29 18 29 30 28 26 11 13 24 22 12 13 28 2 25 16 6 30 7 10 8 18 20 10 29 16 29 5 5 6 23 14 5 28 16 15 1 9 19 5 9 25 12 27 11 3 29 7 10 1 26 9 26 30 1 5
5 24 3 14 5 19 29 10 19 6 18 30 7 6 22 6 16 3 20 27 12 29 8 14 27 8 27 8 27 19 23 17 21 18 3 8 14 2 0 1 29 1 2 4 15 19 22 10 27 25 11 27 21 11 27 15 9 18 17 19 11
3 13 1 27 11 7 17 23 0 5 16 9 6 1 26 21 28 20 8 19 7 10 5 9 26 4 1 23 16 24 29 6 22 24 1 17 21 2 11 19 10 25 10 25 29 13 11 20 10 20 25 20 12 15 10 2 23 5 29 27 18
4 6 2 13 22 30 5 22 0 12 30 22 12 30 12 1 13 3 16 7 18 20 7 26 8 27 20 26 29 9 3 10 5 3 11 24 14 15 22 24 9 12 18 0 23 21 30 29 3 28 28 26 9 10 2 6 25 9 8 9 16
14 30 25 1 12 7 10 18 24 13 27 1 6 30 6 9 19 8 27 27 24 9 0 23 4 16 25 11 9 12 26 30 0 2 13 26 8 10 3 6 22 14 9 0 11 8 13 4 29 19 9 16 12 6 18 27 27 24 30 12 14
21 18 10 18 7 1 4 0 27 16 27 0 30 30 1 5 16 23 30 22 28 7 13 10 7 7 16 12 7 13 8 2 17 6 6 7 6 12 1 27 6 14 26 1 3 18 4 29 22 5 5 30 19 4 10 1 19 26 24 6 9
13 25 12 25 21 14 30 6 9 21 23 6 17 26 0 25 5 0 27 28 22 9 15 30 4 14 13 20 6 0 3 17 9 9 11 3 21 29 0 2 22 29 12 3 29 13 12 25 9 30 26 1 24 15 30 13 18 2 18 14 27
23 14 12 4 6 3 9 24 0 17 9 1 17 24 12 20 0 24 23 4 10 17 19 21 18 8 17 27 16 16 22 29 9 20 19 11 0 23 21 9 14 2 4 18 27 27 23 18 23 3 2 9 15 5 18 0 0 24 19 29 6
16 27 27 3 19 16 26 23 1 29 7 15 2 28 11 10 11 4 21 4 22 28 15 25 20 16 1 22 23 0 21 6 26 3 10 4 27 29 30 13 7 4 26 6 28 23 22 0 19 13 5 3 15 7 26 14 23 3 15 17 7
16 30 0 11 18 6 25 4 26 20 28 3 6 6 7 27 10 15 14 6 12 6 10 5 16 3 14 17 13 11 28 10 25 18 21 9 13 6 26 20 0 8 15 22 10 10 26 28 21 7 16 10 3 28 19 2 4 21 12 22 19
15 20 12 16 9 21 13 21 18 7 22 12 26 17 29 30 24 6 16 3 9 21 19 11 13 21 8 8 26 12 28 30 4 30 1 22 26 6 11 20 2 12 26 1 6 7 30 19 26 21 26 10 22 15 26 10 26 17 16 28 7
20 5 30 18 28 16 27 1 12 21 0 9 19 23 26 0 18 24 4 17 7 10 7 29 29 20 22 13 2 14 22 6 15 2 28 20 8 19 1 12 2 24 1 26 14 13 23 8 2 21 11 5 28 17 21 12 18 12 5 19 15
7 11 29 10 13 5 28 12 7 1 1 3 9 15 28 8 4 10 19 29 14 18 3 29 28 11 19 6 15 20 8 17 15 19 19 14 2 17 15 18 9 16 6 4 17 15 10 20 14 4 19 16 9 28 10 26 25 29 22 23 26
6 0 9 0 10 22 19 0 10 0 24 15 29 12 11 1 4 9 17 18 27 13 3 5 11 20 1 6 27 24 30 20 16 11 28 13 16 12 13 13 5 16 30 18 26 20 1 16 5 30 5 25 19 28 29 25 24 16 14 26 14
14 5 2 27 11 16 23 7 1 7 9 8 28 17 10 17 24 11 11 5 2 14 26 30 27 0 2 23 15 13 20 8 4 16 6 20 5 26 5 8 5 24 10 15 11 0 21 15 23 29 30 2 21 12 8 0 1 29 26 24 27
22 11 23 7 16 9 27 12 26 30 24 6 0 0 28 6 10 11 4 2 20 3 12 19 22 3 3 23 10 22 19 24 4 28 27 10 10 23 2 7 8 13 26 22 16 1 7 2 5 9 10 2 7 28 25 25 8 20 2 11 27
16 25 19 26 1 9 14 3 24 17 10 16 0 9 24 6 6 4 2 28 30 29 18 27 6 7 24 28 23 20 1 2 1 27 19 7 26 29 12 13 16 30 20 1 10 13 20 20 0 15 29 10 26 14 24 27 22 14 7 15 13
1 0 26 2 15 27 15 6 14 10 8 7 22 26 4 9 26 17 2 25 27 27 17 8 18 30 5 1 16 22 25 23 18 5 7 1 21 21 20 2 19 23 9 23 25 26 20 19 19 27 19 25 2 10 5 20 23 22 13 0 27
22 6 4 9 4 21 6 10 12 6 16 18 15 10 23 22 11 9 9 14 15 27 3 30 12 18 29 20 27 7 27 12 11 9 19 22 9 28 5 26 0 17 28 10 30 19 13 7 18 13 13 1 18 19 15 29 26 5 9 1 14
4 0 6 27 24 12 4 5 25 6 10 16 15 25 7 27 12 3 11 15 4 21 6 28 19 9 0 23 21 5 23 21 29 19 6 23 28 19 18 2 23 6 30 20 5 16 12 29 4 2 28 24 6 15 28 6 21 8 13 25 19
0 2 19 13 3 25 6 0 27 2 13 19 8 6 0 13 29 10 3 24 10 29 27 20 21 9 7 15 25 29 29 14 6 3 5 3 16 1 11 22 9 7 19 13 1 23 3 17 9 29 10 29 19 18 11 30 16 30 27 25 6
24 28 22 15 19 11 4 0 20 6 17 19 8 10 17 27 25 11 2 17 3 12 12 23 1 1 11 17 15 29 9 3 18 11 16 5 28 23 17 4 24 19 22 22 21 22 2 11 15 22 0 10 23 6 19 16 30 27 17 10 2
