66 66
17 28 19 12 30 25 27 11 3 28 18 27 0 3 18 17 14 11 27 19 14 17 10 8 28 25 13 18 12 7 24 30 9 22 4 7 27 16 20 19 21 20 26 25 18 22 29 14 22 11 18 13 29 18 29 1 0 23 17 9 29 28 30 3 25 19
6 17 13 25 19 19 22 4 15 12 14 10 17 5 23 30 21 26 15 16 28 24 17 10 10 3 26 21 25 4 6 14 11 19 17 7 15 17 7 19 19 25 19 28 7 10 29 4 15 25 13 2 14 18 29 20 9 16 23 2 3 29 3 16 27 20
0 20 11 25 30 19 18 0 9 25 22 3 6 7 20 12 17 18 2 16 19 3 2 20 30 25 30 10 27 15 4 12 26 6 7 23 7 28 28 11 20 0 7 11 12 23 23 21 25 30 24 10 15 0 28 24 19 13 2 21 22 9 7 7 15 29
23 12 20 14 15 26 25 13 21 30 19 1 11 13 20 13 24 25 11 12 26 10 2 3 11 11 13 19 29 3 6 14 1 23 9 11 15 29 22 23 30 17 1 17 27 1 2 12 6 13 17 22 27 8 12 0 27 0 21 2 4 5 4 4 9 26
14 25 11 11 18 29 5 12 24 27 14 1 12 2 8 10 24 14 5 6 26 24 7 8 25 23 23 7 21 5 19 17 11 2 18 7 26 7 2 0 5 29 7 13 25 25 4 10 15 23 1 2 8 22 19 9 18 28 17 16 28 3 21 8 25 11
13 27 8 11 24 27 19 9 18 29 13 12 23 29 26 18 29 10 24 3 6 19 25 24 14 20 2 19 9 22 2 25 17 11 18 27 29 5 4 2 1 29 25 0 9 16 10 8 22 11 23 25 4 18 22 19 8 12 0 24 0 11 5 11 15 30
15 30 26 13 23 24 20 2 15 9 24 4 26 29 3 1 4 19 26 2 29 7 1 9 9 6 23 19 4 12 7 12 17 24 24 14 11 6 8 4 3 17 8 19 27 9 9 19 2 21 16 20 13 0 21 19 6 19 9 0 3 23 11 11 19 27
3 1 27 11 0 30 26 0 0 29 9 28 24 3 23 4 25 15 28 16 14 25 14 16 3 3 10 16 17 14 2 28 11 16 23 22 2 2 11 20 13 13 25 23 6 8 23 28 17 15 22 28 17 13 2 16 9 5 3 3 1 21 2 11 25 3
8 0 28 20 19 14 0 30 20 15 4 2 30 6 20 7 20 0 29 23 6 5 13 27 5 11 10 22 20 2 6 14 15 18 10 28 15 27 17 9 0 16 21 23 29 7 6 24 16 9 4 18 18 21 25 18 25 18 20 21 21 17 25 28 24 16
3 26 3 22 20 5 23 2 19 22 2 13 4 0 19 6 1 4 6 8 29 11 4 11 8 27 18 8 8 5 10 30 16 4 20 29 12 1 23 24 22 3 22 0 20 23 14 14 27 10 21 11 8 16 8 23 11 14 18 24 16 5 13 17 26 5
26 2 30 26 22 29 9 23 25 25 7 24 29 13 8 19 4 19 18 29 16 1 23 7 30 4 16 10 28 22 21 12 11 19 14 18 2 18 0 28 7 0 25 27 21 29 1 16 0 11 0 18 13 23 22 21 30 0 12 30 5 27 29 23 19 4
15 4 9 27 25 9 30 12 14 0 17 5 3 1 4 11 8 1 17 24 29 9 2 8 26 4 1 30 13 4 25 24 28 30 10 13 21 13 17 13 17 4 11 6 28 19 8 19 20 21 29 28 24 12 29 19 14 9 10 5 22 10 4 14 6 8
26 25 28 20 2 12 3 5 20 5 6 14 19 4 14 9 17 5 7 3 26 15 30 11 16 13 21 7 22 10 23 27 1 2 7 21 12 15 27 17 4 3 18 24 9 16 27 5 10 10 25 27 12 22 22 22 14 22 29 22 27 21 16 19 12 6
18 17 23 5 1 6 9 16 1 12 18 22 28 27 15 0 13 2 23 27 20 16 14 30 19 3 4 28 11 14 9 10 11 12 2 15 19 13 17 13 27 6 29 4 25 21 27 29 8 29 3 22 7 10 4 18 4 12 1 27 4 6 17 5 9 29
2 21 3 20 26 18 5 24 27 10 2 10 6 7 21 8 2 6 25 15 10 11 25 1 23 18 1 2 28 17 17 5 4 29 2 11 1 8 25 30 21 13 24 28 26 11 1 17 18 14 15 28 23 25 21 25 10 28 21 10 9 27 13 7 25 20
3 8 4 0 17 6 30 14 22 24 4 16 2 12 15 21 19 22 10 0 8 16 25 11 0 30 30 2 20 9 20 9 10 12 9 28 26 26 24 4 0 28 1 21 16 28 7 6 6 5 5 26 6 22 17 10 14 13 13 3 13 0 22 4 27 18
18 13 26 25 18 2 30 17 15 19 10 18 9 4 0 1 13 24 5 15 19 24 27 9 6 4 7 0 22 28 13 17 14 13 13 24 18 21 12 4 5 11 19 16 12 8 0 13 12 17 21 2 24 24 17 19 24 13 28 4 0 5 21 20 16 17
20 6 21 6 7 17 4 30 2 10 5 6 24 15 1 0 27 20 22 20 15 10 26 8 4 30 23 10 1 8 0 3 23 11 8 2 2 28 9 28 28 7 24 23 12 13 20 15 4 14 4 28 29 1 7 14 11 15 27 10 27 3 10 13 27 27
15 4 0 28 3 3 25 24 13 0 7 19 30 30 0 22 20 12 25 3 16 29 6 4 18 0 9 20 1 2 16 10 1 9 28 23 1 3 27 23 14 14 22 6 30 8 13 30 18 10 11 7 8 25 0 25 15 2 20 24 3 17 19 12 8 8
0 11 17 30 26 9 27 14 23 19 13 11 5 23 29 9 28 24 6 19 7 18 6 13 11 22 10 9 11 11 30 30 12 22 14 23 9 14 21 22 14 10 4 18 25 22 5 22 2 10 0 19 15 10 20 28 27 6 12 11 6 28 6 5 20 5
27 27 26 30 19 1 3 3 1 1 28 28 16 14 25 12 16 14 13 8 12 25 23 10 19 20 3 9 24 23 3 17 30 24 20 2 22 2 12 11 6 21 19 27 15 4 12 0 10 12 22 30 6 6 25 23 0 5 15 18 21 0 0 6 8 1
18 22 6 10 13 21 29 24 20 23 15 24 19 5 4 2 24 22 2 18 23 9 20 20 14 27 6 24 1 10 28 11 6 8 24 16 22 25 5 25 7 23 30 8 11 23 7 23 3 6 9 6 27 14 28 6 8 14 29 2 27 30 16 2 25 1
30 30 8 5 8 9 5 6 20 29 3 7 13 1 18 23 15 22 18 4 22 29 24 13 16 13 4 23 24 28 15 27 23 25 14 24 29 19 4 9 13 2 20 1 20 3 24 14 17 23 9 3 27 12 30 19 30 17 15 13 10 22 12 15 25 7
24 15 25 6 5 13 1 24 25 27 30 7 7 21 20 16 25 12 13 29 16 7 21 14 12 14 6 28 29 27 19 20 17 28 26 23 4 25 6 19 20 19 30 1 15 15 22 21 2 4 14 29 5 13 17 23 27 21 30 3 8 23 16 9 10 4
17 12 30 8 11 10 11 14 4 11 15 19 8 9 24 10 11 26 24 11 26 13 29 3 15 28 5 4 6 1 26 29 27 13 8 10 28 2 5 9 14 1 5 9 23 7 14 4 8 0 12 16 18 10 18 4 4 27 26 8 7 20 16 11 19 16
15 9 20 27 27 21 16 4 6 0 30 11 0 14 15 15 19 8 1 15 5 28 15 16 23 13 30 0 21 11 30 1 18 16 27 0 27 23 25 20 7 14 9 26 11 15 29 24 2 20 5 2 14 11 24 25 15 4 7 12 16 4 2 6 2 23
28 17 5 10 23 4 29 11 7 10 19 28 0 11 1 2 26 2 16 10 21 13 5 14 12 6 26 6 3 17 12 15 13 12 2 30 3 12 29 9 20 8 18 2 5 23 28 7 2 29 10 30 18 10 10 19 1 15 19 17 26 17 27 14 0 21
9 16 5 20 4 4 4 23 6 16 11 3 10 23 21 0 27 18 1 12 16 14 27 18 21 9 24 15 10 17 29 6 21 9 11 14 30 14 6 10 9 19 23 16 4 14 19 19 6 30 24 2 24 20 21 10 17 24 9 4 17 2 17 3 29 24
8 3 20 2 21 16 27 7 15 3 20 3 17 10 30 20 9 29 4 8 29 5 21 0 24 19 29 2 21 10 19 0 28 24 19 23 26 3 21 13 14 18 19 25 2 18 12 13 9 19 26 17 2 3 14 20 18 0 8 8 2 8 21 5 26 0
6 8 23 21 5 6 17 2 18 30 27 22 4 21 25 9 30 2 18 3 23 14 6 20 4 14 2 9 20 28 8 21 27 9 24 21 11 29 7 21 8 2 26 17 20 26 9 29 9 21 1 19 19 9 23 8 24 1 7 29 17 30 4 26 8 13
22 1 1 22 29 16 9 16 16 23 12 1 8 10 1 22 10 0 14 9 27 30 28 15 18 20 8 17 28 11 1 22 4 18 4 19 28 14 17 15 14 7 21 15 2 12 20 10 24 20 10 16 12 11 7 20 18 28 15 26 7 1 3 9 2 8
2 19 3 21 3 25 24 24 27 5 19 9 17 16 13 20 23 10 15 21 16 10 10 0 22 4 19 10 28 29 1 6 17 29 0 1 16 5 25 10 0 11 21 8 19 0 29 16 7 13 5 21 9 24 23 30 28 22 22 28 22 29 22 21 25 19
24 11 6 3 16 5 13 2 29 19 4 12 13 17 9 3 2 13 18 14 30 7 20 22 13 16 29 21 17 16 19 27 23 12 29 28 1 1 20 21 7 23 14 21 26 21 5 14 30 0 18 2 28 17 4 30 17 15 6 13 4 16 16 7 28 7
16 19 22 5 0 5 30 23 23 15 22 15 2 12 4 16 24 22 21 29 10 2 10 4 17 21 1 20 8 20 29 30 2 7 15 13 13 30 27 7 16 6 18 9 3 2 6 6 1 17 1 10 15 1 27 13 18 27 24 5 9 10 8 21 7 12
27 22 30 15 14 6 9 22 21 4 15 17 15 26 25 15 11 6 10 21 20 8 21 11 19 16 24 26 24 7 15 2 14 1 29 3 1 20 3 17 8 19 21 11 12 20 8 24 28 24 22 20 29 29 3 30 13 15 7 21 18 4 16 26 16 16
22 12 30 17 18 20 9 27 2 0 17 28 18 10 22 2 0 14 23 27 24 16 22 17 6 5 7 1 1 30 26 22 2 9 25 1 8 22 22 20 3 5 28 2 23 16 4 20 18 26 3 5 15 10 2 29 7 27 16 29 14 11 8 8 30 1
1 8 8 15 26 5 2 11 20 24 23 24 11 23 21 20 10 28 13 9 24 12 16 7 18 25 7 18 19 14 2 19 22 10 4 6 7 2 7 1 15 21 22 29 9 5 0 21 2 20 19 10 18 21 18 20 24 12 2 21 30 11 20 30 11 22
22 5 18 29 3 29 20 6 13 23 4 7 26 24 4 23 4 20 22 30 19 5 1 11 6 29 9 28 20 26 0 6 15 5 11 5 15 23 0 18 19 24 13 5 18 0 24 10 16 0 0 11 19 10 9 22 12 15 25 11 22 3 21 5 6 6
11 19 21 10 13 29 21 6 20 15 23 29 25 8 6 20 0 8 15 19 13 18 1 1 29 24 26 19 22 13 18 12 10 15 4 8 29 17 29 2 22 4 10 23 4 19 17 29 14 2 9 8 15 9 19 3 24 1 25 14 25 5 16 16 10 2
7 7 1 28 9 28 27 1 6 14 6 28 20 10 0 11 23 16 14 29 3 19 20 0 7 8 3 21 9 28 25 14 10 29 26 25 8 28 17 4 25 1 27 22 21 3 0 26 13 14 7 5 25 7 10 0 7 26 23 15 1 9 9 19 11 16
4 14 7 1 3 18 25 13 3 12 1 9 9 15 8 22 11 7 18 22 17 7 19 23 27 14 12 21 6 22 2 24 19 10 13 29 28 13 21 7 11 18 13 14 27 6 10 20 19 19 30 12 9 2 9 12 17 24 26 12 3 24 18 27 9 12
3 3 18 18 16 10 23 29 6 8 10 22 2 17 29 13 12 7 4 26 18 14 2 3 15 10 26 29 25 18 12 10 13 14 1 20 15 2 26 10 29 9 14 8 29 4 6 21 8 24 17 1 16 28 10 20 5 4 17 26 12 15 20 4 2 25
23 19 5 3 5 9 8 28 14 5 8 18 6 10 3 23 3 21 10 18 14 12 21 12 14 14 11 19 1 17 13 25 17 7 25 17 19 5 24 8 11 6 8 4 28 20 17 2 23 24 19 4 22 10 0 7 8 28 9 14 21 4 9 13 24 8
0 25 12 11 3 9 17 6 17 9 13 16 27 3 6 9 13 19 5 26 29 22 30 6 24 26 12 21 12 21 18 20 22 2 10 20 5 12 9 13 0 24 7 28 2 14 24 16 14 8 8 14 14 3 4 18 18 9 24 17 0 13 26 11 27 3
24 18 8 17 26 13 10 3 9 24 18 17 7 25 18 22 30 11 7 15 4 25 29 11 8 4 24 16 25 16 30 9 12 11 27 10 19 2 5 26 19 3 5 27 27 19 16 9 19 14 18 17 15 11 20 21 18 12 11 20 26 12 25 13 6 7
9 13 19 1 3 7 0 23 21 5 19 5 29 0 29 7 28 4 23 30 26 12 19 15 10 7 26 5 13 22 16 10 22 30 18 9 19 9 11 18 4 15 25 29 7 28 23 13 6 10 21 10 10 6 22 29 23 9 12 5 10 25 25 1 14 9
27 15 29 1 3 26 10 22 11 5 26 30 8 18 25 11 14 25 20 16 0 13 10 16 21 29 19 3 2 20 24 18 13 11 0 30 25 6 4 12 17 11 9 10 0 2 16 30 27 27 1 11 3 19 4 18 9 10 5 14 30 9 24 18 12 21
15 21 5 8 5 4 21 21 24 10 3 14 25 27 8 21 27 13 12 28 6 23 18 25 13 29 11 18 3 16 2 28 30 22 28 23 17 27 26 1 8 22 11 16 23 5 16 23 6 25 2 3 20 23 21 0 7 15 5 22 24 16 12 29 2 22
23 6 5 5 24 10 7 16 11 17 13 27 30 18 30 2 11 26 18 24 2 21 0 12 14 9 3 30 26 28 22 23 25 1 14 16 8 26 2 5 15 23 17 8 27 12 10 29 30 19 21 22 3 5 19 11 26 21 25 12 20 7 11 22 13 18
28 0 15 0 14 27 7 21 6 19 18 18 30 22 18 12 26 14 6 24 25 23 2 3 5 3 11 2 13 10 15 8 18 28 13 4 18 16 12 15 21 7 6 14 9 3 11 30 30 5 28 19 9 7 15 25 29 26 27 7 13 25 11 19 3 5
5 30 27 22 27 21 30 13 4 23 7 17 6 11 1 10 30 0 14 3 23 1 15 27 1 26 25 5 7 11 14 7 18 26 11 22 13 12 29 17 24 26 15 26 5 26 25 18 26 30 27 12 22 22 6 9 10 13 9 9 24 0 17 30 28 20
7 6 24 18 14 7 17 9 0 7 4 0 9 27 2 0 28 15 15 12 26 1 16 23 14 22 11 11 17 18 20 8 11 14 25 1 25 22 2 8 14 29 7 28 11 1 18 1 13 17 6 28 27 2 8 24 4 6 16 9 4 27 26 13 22 17
15 5 26 5 24 5 12 1 29 18 17 18 2 10 19 29 4 25 5 4 25 17 0 12 12 16 8 21 10 18 25 23 6 1 16 5 12 3 30 29 24 29 19 12 15 14 9 22 0 8 22 20 25 23 14 18 5 19 20 26 8 8 18 20 21 7
15 26 30 16 30 24 0 8 28 30 15 30 15 2 26 20 4 21 30 0 16 14 11 10 20 0 8 14 30 24 22 25 2 11 22 27 26 23 7 20 10 27 26 20 5 3 26 3 15 9 22 14 9 3 4 30 5 0 6 21 25 7 13 11 17 30
8 11 3 2 12 12 29 27 2 24 19 21 29 20 4 29 20 4 5 3 20 22 7 24 13 18 5 17 12 15 14 17 1 4 4 0 15 5 25 29 14 0 23 23 10 1 27 0 24 1 6 8 5 16 14 9 10 11 13 14 20 8 17 28 7 7
8 16 4 11 25 3 11 10 14 8 3 29 1 15 22 10 23 26 28 17 5 17 28 27 8 30 11 19 4 28 17 20 29 17 7 18 26 4 11 23 30 27 24 8 16 6 16 10 3 10 28 21 27 6 7 10 20 8 21 0 6 12 12 1 3 17
9 19 2 5 4 9 16 21 2 8 22 13 1 7 19 22 16 17 26 12 29 2 20 9 20 8 3 10 14 14 28 6 30 24 3 10 22 15 4 30 18 24 4 16 9 22 11 10 20 4 12 0 23 27 18 26 16 4 27 0 12 9 11 10 30 0
20 5 30 5 12 16 16 2 0 0 7 8 2 19 12 21 6 6 16 11 24 11 1 27 1 23 2 30 9 4 6 6 30 2 24 3 0 12 10 17 5 10 12 3 27 15 18 27 15 17 18 5 17 15 1 0 21 1 9 4 6 0 0 2 21 9
27 4 22 23 25 8 4 16 25 0 28 25 16 14 1 15 10 26 9 7 2 29 1 8 2 2 1 4 30 25 4 29 10 0 8 30 15 5 8 1 28 0 6 7 30 13 12 4 16 26 0 17 3 21 28 8 30 30 26 3 1 22 25 24 1 12
17 0 3 29 28 1 7 22 17 5 30 3 8 17 17 24 1 30 18 10 11 17 5 12 10 21 17 11 18 18 28 3 13 2 23 12 13 15 25 25 28 19 23 13 30 27 8 20 22 4 25 10 7 20 17 28 21 18 28 22 18 14 6 30 12 3
14 11 4 5 3 11 11 4 22 17 1 18 14 15 27 12 28 20 5 4 11 26 27 7 20 10 27 0 30 3 7 11 11 15 15 27 27 12 6 9 30 17 20 12 0 27 7 11 5 1 18 11 18 22 5 10 13 9 17 24 21 7 4 12 2 5
7 19 14 14 12 14 8 7 25 26 19 16 8 23 22 3 21 7 26 2 19 18 0 29 10 25 15 7 30 2 27 0 0 3 7 10 28 19 22 17 10 9 23 1 14 21 12 8 4 0 25 24 21 0 10 4 5 23 18 21 5 29 30 22 8 23
13 18 26 13 18 17 28 11 26 29 26 19 30 13 17 6 9 28 2 4 28 25 4 4 7 26 20 23 5 8 29 5 13 0 22 3 2 28 3 22 12 3 25 18 16 3 8 3 14 10 14 5 27 9 27 23 3 27 8 11 2 15 5 30 30 17
14 22 10 7 19 27 17 13 12 12 7 1 17 21 27 18 14 30 28 21 20 1 26 10 25 11 4 29 29 27 9 13 2 3 18 17 19 6 19 24 4 0 1 1 13 6 3 4 2 20 28 15 3 5 9 22 26 28 23 25 26 20 14 17 13 10
4 16 17 24 4 27 10 30 6 30 2 24 23 25 8 20 27 21 13 10 10 11 27 7 21 22 1 11 26 5 30 22 28 1 18 8 8 28 4 13 8 28 18 30 0 7 9 4 16 30 2 29 24 19 19 7 20 0 14 25 11 9 9 19 7 24
0 19 29 0 23 25 27 17 3 21 11 20 18 3 28 9 23 30 20 5 3 5 15 13 8 9 17 16 20 1 20 18 4 27 27 6 2 7 3 24 22 3 25 8 8 23 17 14 19 10 12 4 1 26 19 3 4 13 5 3 16 19 5 11 9 17
