67 67
1 0 8 4 14 27 19 15 8 4 13 25 6 22 13 2 1 29 20 21 11 4 17 24 7 21 27 10 23 4 30 18 27 10 0 18 1 15 4 11 20 0 19 8 23 28 17 18 8 22 0 10 11 2 5 22 4 12 19 21 21 27 7 29 17 19 29
17 7 21 14 21 17 22 17 9 11 23 17 29 27 27 7 25 30 1 1 5 4 27 18 12 25 25 14 22 30 11 10 14 29 6 8 9 12 1 18 3 24 8 4 14 12 17 0 23 14 21 0 20 16 16 15 4 27 0 23 18 24 18 14 10 16 19
29 16 8 13 29 9 19 5 9 5 24 28 1 0 30 1 6 20 19 4 15 26 15 9 5 30 24 27 25 11 20 18 7 24 27 15 27 10 24 11 19 11 20 22 0 19 27 30 8 18 21 4 8 2 28 11 28 29 8 13 7 29 0 23 8 26 29
28 16 2 21 2 16 9 14 20 14 15 9 13 7 25 16 22 19 16 4 3 13 11 14 10 19 4 9 24 17 5 29 29 6 9 30 7 16 27 12 3 25 16 29 14 4 30 27 7 1 11 16 17 30 2 14 10 22 23 9 20 7 27 10 8 8 16
29 2 27 0 0 28 28 28 7 27 19 4 15 21 19 1 13 25 20 7 21 9 16 15 20 22 30 28 2 5 12 20 29 27 29 29 9 24 27 12 27 9 12 17 12 26 11 13 21 17 20 9 6 9 11 30 9 19 6 21 6 5 5 24 12 21 8
18 3 15 20 9 1 23 2 13 10 18 27 17 0 19 18 18 22 11 7 7 4 13 1 16 25 14 3 27 2 23 28 21 10 30 29 15 20 8 26 7 6 5 16 29 6 5 7 19 15 21 4 22 30 15 19 23 9 24 22 0 5 27 19 21 7 5
6 25 11 21 21 10 17 3 0 16 15 4 5 30 0 13 11 1 8 16 30 30 20 22 29 8 20 26 18 4 10 27 19 5 14 16 15 5 13 5 12 16 19 4 26 9 17 27 2 27 22 9 5 24 25 14 7 10 22 13 14 10 3 10 19 16 30
9 29 12 12 10 25 24 1 14 15 25 12 11 10 5 2 4 6 9 15 14 30 18 14 5 17 25 28 21 10 8 16 25 11 29 20 29 10 2 0 26 23 26 24 30 15 26 10 13 17 5 28 0 27 5 1 15 28 27 1 9 17 29 28 24 13 14
3 23 10 27 19 14 1 22 17 19 22 3 14 21 24 3 20 8 20 28 9 27 27 29 25 1 15 24 25 23 6 9 14 19 7 14 0 6 12 27 27 8 18 8 13 7 27 29 30 5 25 9 20 13 17 0 16 6 24 8 10 28 16 12 9 22 29
24 10 5 17 24 16 7 21 22 12 9 24 27 5 14 27 25 24 10 4 25 16 5 27 1 11 17 1 5 24 12 6 15 14 10 17 11 0 2 4 29 6 24 16 15 13 5 26 21 18 0 2 3 24 16 15 30 25 13 17 15 30 21 13 17 26 24
18 19 1 25 20 0 13 10 13 30 12 2 11 20 9 24 5 30 10 4 10 16 29 0 8 6 13 27 0 16 27 17 24 21 13 19 20 10 16 17 9 3 28 27 1 21 28 21 4 19 26 2 22 3 24 29 25 6 21 0 16 3 0 12 8 2 16
29 27 28 30 8 5 7 4 24 7 10 23 25 10 3 19 7 0 1 2 10 3 0 13 16 23 9 0 8 4 1 22 9 1 8 20 12 17 13 30 1 26 17 30 27 12 8 9 19 7 1 9 11 28 13 15 0 11 16 27 29 28 28 22 22 29 29
14 9 9 17 30 24 17 5 12 27 23 5 3 20 22 12 29 11 15 20 30 22 26 20 21 23 1 25 5 25 17 20 4 0 2 1 29 11 9 25 14 9 13 23 11 18 15 20 5 27 23 16 3 11 2 10 8 16 15 15 25 18 23 19 12 4 9
24 4 13 28 9 28 6 23 19 17 26 5 26 25 5 20 25 10 24 11 25 25 19 29 21 26 2 16 6 15 6 20 2 3 18 5 23 12 8 4 20 4 0 7 12 21 11 19 26 30 27 22 18 16 9 27 8 2 20 22 3 15 2 16 1 6 6
28 11 30 5 7 30 13 0 21 2 1 24 10 18 16 25 19 10 24 24 15 15 4 16 10 1 3 26 10 27 23 22 27 4 19 25 30 12 25 12 9 26 3 30 11 9 4 27 11 23 22 13 9 27 2 22 20 30 6 22 18 25 8 4 16 27 10
24 16 10 11 4 23 27 23 13 22 9 8 11 24 27 19 1 22 7 28 2 17 23 15 0 13 16 6 26 15 4 4 11 16 29 22 11 10 16 6 12 0 20 29 12 30 24 20 22 6 9 15 11 6 20 21 19 25 4 4 22 8 28 7 25 11 11
26 4 26 13 20 6 16 9 4 5 27 3 5 10 29 28 10 28 15 22 29 28 29 14 2 8 7 12 6 3 16 27 23 9 2 30 12 18 27 9 4 5 3 1 15 9 22 3 23 20 26 19 2 28 3 20 17 21 17 16 7 10 14 17 30 21 8
10 15 23 30 1 20 19 11 8 11 11 30 1 12 30 4 11 2 4 26 12 18 18 20 29 11 14 11 9 14 29 13 13 28 8 14 15 29 28 28 16 4 19 4 20 18 30 6 22 18 15 3 8 5 16 22 8 18 28 17 20 23 3 18 27 19 15
4 27 4 5 21 22 0 14 10 4 0 19 1 7 25 24 2 9 4 21 10 5 10 21 29 28 28 26 26 28 9 6 27 26 26 29 26 18 0 26 19 8 24 2 14 1 15 17 25 12 24 10 4 16 6 23 19 27 12 2 18 30 27 19 14 3 5
11 13 22 29 23 4 1 26 13 25 27 1 28 4 7 28 17 3 8 28 19 26 12 26 6 29 8 17 1 28 30 10 7 20 18 13 6 30 25 24 27 28 1 15 29 25 7 11 23 26 26 18 16 3 21 10 6 23 11 20 18 10 29 6 23 28 14
13 2 0 29 1 15 24 30 27 6 18 19 25 2 7 9 24 17 3 10 13 11 7 15 8 24 30 19 12 28 15 16 18 12 6 12 12 27 22 2 2 17 9 19 27 14 19 7 16 26 22 22 1 20 28 6 10 28 20 5 4 23 28 13 4 11 10
9 9 5 7 26 19 4 11 9 18 8 21 12 1 17 23 24 1 14 11 5 22 21 18 30 10 28 27 30 14 11 30 18 24 7 24 16 23 14 23 6 1 26 2 10 21 19 28 3 23 2 15 10 27 22 16 9 24 20 15 7 6 29 4 17 7 16
20 30 30 23 10 13 16 28 23 23 17 0 4 2 14 7 28 8 5 1 0 3 30 17 21 2 19 10 4 5 8 10 7 4 26 14 28 18 1 23 14 19 25 19 16 20 19 15 17 23 28 22 29 7 25 27 12 11 19 17 29 20 12 2 9 4 15
1 5 28 5 11 13 15 30 13 4 6 8 21 9 10 10 14 10 14 7 30 5 16 9 16 28 17 0 26 26 2 20 29 11 11 21 5 26 5 14 30 8 4 30 26 24 4 3 23 30 22 23 24 24 5 13 10 17 22 30 6 10 30 3 3 28 7
0 20 22 13 10 8 10 22 0 27 28 23 19 7 27 7 17 6 2 26 30 13 17 11 7 16 11 27 29 20 5 7 24 7 25 15 10 7 28 3 1 19 1 0 27 15 5 20 17 9 7 29 12 29 8 16 5 6 26 23 16 30 4 15 30 30 25
15 28 4 23 16 20 14 20 22 19 26 7 17 7 30 17 28 1 29 8 9 12 29 16 29 25 30 0 1 21 12 3 11 22 19 11 25 13 5 17 7 7 17 24 26 8 30 7 19 21 5 13 11 18 15 23 19 27 23 22 7 24 21 1 30 6 7
3 27 4 12 3 24 17 15 27 18 6 4 27 13 22 7 1 25 0 2 29 11 5 29 9 14 27 0 0 1 14 27 11 28 26 3 18 28 16 21 3 27 20 8 28 9 25 22 9 10 23 10 20 10 19 24 20 27 22 21 11 28 16 24 18 24 10
14 16 9 2 12 9 26 24 26 17 5 3 22 19 15 18 9 6 7 20 0 15 25 26 28 9 3 30 13 19 25 28 7 17 28 8 16 1 27 17 17 5 6 0 20 28 26 2 18 19 9 26 21 6 27 11 19 2 24 24 4 6 25 29 8 0 18
14 20 20 27 0 22 20 15 15 4 14 9 18 5 13 23 21 10 19 21 26 13 18 26 22 24 0 15 21 19 1 29 8 23 26 26 0 12 9 28 21 25 20 23 23 8 13 28 27 22 0 5 28 19 2 15 28 29 17 1 8 28 28 27 11 25 6
16 12 29 7 14 20 19 9 13 24 26 1 11 29 19 2 7 11 26 29 8 1 8 24 23 15 17 8 19 5 16 11 21 10 18 4 19 29 16 9 25 19 2 7 13 6 29 27 30 29 28 8 7 10 5 28 23 20 29 5 4 21 10 10 4 8 20
4 12 27 25 20 10 3 30 20 6 22 12 26 11 1 14 25 13 23 29 16 13 23 23 5 23 15 8 26 23 14 5 22 6 7 2 16 27 27 17 12 26 0 24 29 8 24 9 0 5 28 12 10 1 23 30 22 3 25 22 19 4 30 9 11 13 20
5 29 6 20 19 11 1 23 22 6 29 6 0 11 6 29 27 18 25 7 7 16 21 12 9 28 29 11 28 11 26 29 10 26 26 20 4 19 2 20 13 20 28 28 20 0 19 24 10 18 7 22 30 9 13 27 16 10 8 26 20 24 2 17 19 12 23
8 5 21 16 18 1 24 19 6 0 13 19 5 9 19 7 12 21 26 5 9 12 4 11 1 19 28 26 5 13 2 1 26 3 25 5 1 12 12 27 13 30 5 8 0 25 14 0 0 7 12 5 11 11 19 7 30 8 21 11 16 21 4 7 29 14 19
18 27 16 28 20 6 27 9 5 0 18 24 0 7 7 26 17 26 18 9 5 16 27 6 2 0 24 7 28 0 28 28 30 13 26 30 3 6 22 21 24 0 19 30 18 24 4 0 17 7 29 25 0 7 15 23 19 19 22 29 21 6 9 2 5 24 19
28 5 1 9 21 25 3 2 22 10 3 10 21 2 5 9 25 21 6 0 12 22 7 10 11 23 3 10 28 3 18 5 13 3 15 4 18 19 25 5 10 10 16 27 20 29 30 7 23 6 22 25 28 25 4 15 6 6 10 12 6 18 3 13 25 10 20
18 5 20 8 9 13 4 9 16 14 17 8 30 29 28 28 14 28 9 29 8 23 23 28 9 11 1 18 29 20 29 19 21 28 21 13 13 10 8 16 29 28 29 26 21 10 17 27 17 6 9 16 5 24 9 20 3 21 16 20 19 6 4 7 3 6 21
30 26 18 5 8 21 17 8 27 13 4 14 0 0 21 24 10 11 18 30 14 5 5 30 15 18 12 3 19 19 4 21 30 14 18 13 23 13 25 16 10 11 12 24 14 26 23 14 4 6 8 0 17 11 1 14 9 29 22 1 4 16 6 15 12 18 9
24 6 19 20 25 12 8 2 8 1 17 30 13 13 19 8 28 0 6 23 28 2 7 20 16 4 25 10 0 7 7 14 10 12 19 28 21 13 16 21 9 21 19 20 26 18 27 4 15 2 12 13 27 16 1 15 9 17 26 1 0 15 10 19 15 5 7
10 4 19 11 0 28 30 25 19 5 21 17 6 12 21 23 15 8 19 10 4 13 9 6 27 12 28 13 3 8 10 12 17 2 16 7 9 29 30 25 27 10 25 19 9 17 0 23 3 15 14 1 7 0 9 3 10 8 17 18 12 29 27 0 19 15 28
16 25 17 4 26 21 17 25 24 6 30 26 12 11 7 26 5 22 16 24 24 16 21 16 9 2 20 21 0 13 7 18 20 13 17 16 8 20 28 18 22 4 4 15 3 23 8 0 12 7 14 10 28 14 20 6 18 11 4 25 5 12 29 9 0 8 13
15 25 15 22 16 22 15 25 3 8 0 30 2 13 15 14 22 13 25 26 30 9 29 28 2 28 22 25 15 12 17 25 2 2 16 14 12 5 7 15 14 5 1 23 7 14 29 20 7 29 29 19 2 10 8 1 9 23 2 11 14 26 14 16 7 11 30
4 15 8 23 8 1 13 14 20 5 15 7 28 22 20 8 8 20 1 15 30 14 25 6 17 12 2 11 3 18 19 7 10 11 1 23 5 6 0 13 26 13 12 21 8 28 16 22 13 16 0 26 19 17 9 18 12 7 18 14 3 0 22 7 9 13 24
18 16 5 17 6 24 3 8 0 20 13 16 26 0 22 7 5 26 13 0 2 21 3 19 0 23 28 6 16 17 9 18 12 24 22 0 11 8 18 7 2 6 30 23 13 4 30 8 24 28 26 13 24 17 9 22 8 25 15 27 25 11 20 26 24 13 17
20 7 27 27 8 28 10 23 20 17 8 9 11 20 0 21 30 27 8 12 28 1 6 28 1 23 9 6 24 7 13 28 6 14 1 29 15 10 20 20 11 30 12 18 3 0 13 13 1 17 15 16 4 13 19 20 25 23 23 6 8 27 6 9 7 17 1
6 4 13 23 21 24 24 2 28 30 11 11 7 30 27 25 14 23 15 30 17 0 22 27 27 8 30 29 17 7 20 21 0 5 1 0 12 10 13 14 23 13 15 6 17 30 7 12 15 20 14 0 12 8 4 29 11 8 22 26 11 16 4 12 18 11 30
3 9 2 27 5 24 24 10 14 5 19 13 30 23 20 16 11 12 23 10 18 13 29 27 9 21 26 28 19 23 16 20 20 17 3 25 18 24 11 5 11 23 13 19 4 28 22 14 18 12 6 6 12 13 5 19 8 19 9 19 30 13 29 20 15 12 1
1 28 9 21 0 16 22 26 29 23 10 10 29 12 1 21 18 28 13 22 22 12 11 9 30 3 2 25 19 24 10 27 15 24 30 27 25 3 5 16 8 12 3 17 24 2 29 10 5 20 9 13 12 20 8 30 24 28 24 16 27 26 8 27 7 11 16
23 7 26 5 26 15 19 25 21 3 18 27 0 13 9 6 25 7 24 15 6 30 9 19 5 18 17 28 25 19 24 18 25 0 16 2 14 14 14 12 22 1 22 17 3 0 1 23 10 4 20 27 24 24 8 30 27 22 6 4 16 9 17 21 23 25 19
24 29 16 13 16 0 17 21 20 24 8 8 26 6 25 7 1 26 11 10 9 16 11 13 1 21 19 9 5 22 12 24 17 0 18 18 28 13 5 7 10 7 3 19 26 4 0 8 9 9 19 2 21 18 11 1 24 29 9 2 6 21 12 15 16 3 0
17 21 21 13 5 27 8 25 9 9 17 20 30 26 11 25 6 7 0 19 0 12 10 16 10 15 9 0 18 12 5 15 25 24 23 0 15 25 22 11 16 25 28 2 2 14 28 23 8 22 19 21 23 6 21 24 29 27 0 30 17 1 28 19 22 19 3
16 0 8 22 16 2 2 17 18 17 9 7 23 24 6 22 26 23 11 16 27 9 13 26 7 29 19 18 22 5 14 12 8 11 25 3 18 13 8 30 12 23 12 6 12 25 24 2 16 21 19 12 5 12 7 30 3 30 20 1 2 20 5 24 3 17 21
3 16 15 11 26 10 0 25 12 8 19 4 19 15 17 6 10 17 19 29 21 19 4 5 22 6 19 0 24 7 10 27 19 14 9 19 6 22 6 2 15 18 23 10 22 30 2 12 22 24 18 1 20 21 9 12 29 25 4 17 11 27 29 13 12 28 10
21 19 26 22 5 27 2 23 2 11 5 8 8 3 1 0 25 3 4 28 15 18 28 10 1 28 11 13 19 4 13 26 26 29 30 9 22 13 24 8 0 19 30 14 18 3 19 16 0 11 12 12 11 22 7 10 4 3 7 3 2 17 2 3 17 8 14
27 18 22 6 14 15 19 6 23 18 16 25 30 22 10 16 1 6 15 7 17 6 12 2 3 21 15 25 15 20 8 4 27 2 9 10 24 21 6 21 30 12 23 22 27 1 16 27 7 14 13 8 26 14 27 21 8 8 19 27 4 14 8 25 10 23 3
29 2 6 13 15 24 7 23 23 10 26 19 1 24 24 6 25 26 30 14 9 27 4 19 4 14 24 27 1 7 11 4 5 27 30 11 16 8 20 10 27 0 29 0 13 19 12 2 29 10 26 15 16 12 30 15 7 14 19 4 0 19 10 22 29 10 11
2 16 16 12 7 21 0 7 29 25 20 17 8 9 17 16 6 6 16 24 0 9 8 21 27 19 10 10 28 29 10 2 13 6 26 11 2 7 1 28 3 18 21 21 28 19 0 4 21 13 10 23 21 14 27 6 30 5 8 21 5 15 30 22 27 17 4
1 6 21 26 9 2 8 28 4 28 11 20 15 1 5 5 25 0 5 23 0 27 30 15 1 27 13 8 0 26 0 10 9 22 15 1 5 4 5 18 24 10 4 18 11 20 19 25 11 6 23 2 10 22 5 3 12 6 30 23 25 10 25 0 14 12 15
30 25 11 23 5 16 20 29 9 4 27 27 19 15 6 8 22 25 27 12 26 15 10 16 0 19 24 9 25 18 15 4 26 20 17 14 21 10 2 21 16 15 1 26 20 24 13 2 20 18 2 1 18 20 9 17 14 26 18 2 18 15 16 0 21 0 16
15 3 2 28 18 20 3 29 7 11 2 30 3 9 0 7 5 10 0 9 24 1 29 21 3 18 30 7 4 27 26 3 21 1 1 6 27 7 17 27 14 15 22 19 30 21 10 10 12 25 8 15 23 10 25 27 18 28 7 27 21 16 18 9 21 5 11
6 10 30 7 11 18 2 22 11 2 6 29 5 25 17 16 12 0 17 19 29 1 16 5 17 29 19 10 1 26 21 17 24 24 14 16 12 30 0 8 2 25 1 29 20 0 13 21 28 30 2 7 11 20 10 24 0 22 11 0 20 25 10 29 5 10 18
2 22 19 10 28 12 24 2 25 11 7 22 21 2 11 0 30 27 6 29 7 5 15 26 27 25 14 19 11 16 0 14 19 20 16 28 15 5 27 3 20 25 12 4 18 1 20 18 6 25 3 2 5 3 2 13 9 29 9 30 3 11 27 9 12 18 22
17 15 0 20 19 19 21 5 11 13 13 22 7 22 16 21 13 2 11 23 10 18 0 25 26 28 2 12 8 20 12 8 20 28 26 8 30 11 8 29 1 20 13 28 23 21 9 30 1 28 17 23 27 26 10 9 18 7 8 24 10 15 25 22 27 16 16
12 0 23 10 11 10 15 8 25 28 3 16 0 27 30 4 12 29 0 18 2 7 23 17 8 24 13 0 0 26 5 17 21 8 23 4 1 24 26 29 26 27 22 16 13 2 18 14 27 0 15 24 7 6 29 3 5 6 27 25 14 27 16 1 20 30 8
14 14 0 26 10 22 21 13 6 27 24 0 4 20 7 30 3 16 11 16 14 5 5 29 15 0 26 9 9 4 24 6 19 30 19 24 26 20 10 27 15 14 17 5 19 6 3 25 4 4 29 18 20 27 18 1 25 30 17 16 12 8 23 12 13 4 5
29 16 25 21 23 6 30 1 30 16 9 25 6 4 12 9 12 19 1 3 6 30 20 2 28 24 17 30 3 19 1 0 23 15 24 15 8 14 5 19 9 25 12 14 5 26 5 4 6 25 17 18 17 29 15 4 6 17 24 8 21 27 12 9 1 13 16
17 7 4 20 29 0 24 6 26 29 26 22 22 10 10 15 8 18 11 8 4 27 22 13 28 2 10 13 25 7 12 17 4 19 16 18 13 17 13 20 4 19 18 28 9 28 25 19 28 8 25 17 11 23 2 11 14 0 3 7 5 18 12 15 16 0 14
29 19 3 18 17 25 18 14 18 2 9 29 25 11 0 30 17 28 5 28 19 28 25 10 27 6 15 22 28 4 20 4 21 24 22 6 19 20 15 10 16 10 25 2 2 17 16 23 12 4 11 18 27 15 27 16 29 4 25 2 16 6 18 9 14 7 25
