70 70
3 6 29 23 11 0 23 14 15 21 13 1 29 16 19 9 8 6 17 24 13 19 7 25 2 5 8 20 28 5 22 21 27 10 29 28 28 4 12 12 6 10 8 30 26 16 8 11 22 8 7 12 3 15 13 19 4 19 11 1 27 30 19 28 0 13 25 24 28 19
7 7 12 14 17 12 0 29 9 23 25 22 6 24 28 5 5 3 30 18 9 28 2 29 14 13 6 16 11 6 30 12 16 1 5 25 0 1 16 20 1 16 6 15 28 17 19 7 20 1 11 20 28 14 14 25 3 17 1 18 4 27 21 10 16 0 8 22 20 26
24 8 17 9 12 5 10 17 7 0 16 20 21 7 16 8 2 9 19 30 15 12 10 3 8 23 20 28 20 17 4 4 25 11 4 5 27 9 26 4 20 28 30 7 21 8 2 23 11 25 21 23 9 27 20 20 11 15 5 20 12 1 26 16 13 20 4 3 2 30
2 22 14 22 4 29 18 5 16 16 30 29 22 6 29 19 16 28 17 8 17 12 21 24 1 21 5 26 9 23 24 26 17 7 25 11 3 30 10 7 2 14 30 4 27 27 1 5 3 16 0 0 5 5 8 6 12 29 30 5 13 30 29 14 23 18 19 15 4 15
28 22 8 11 3 25 19 24 26 21 24 5 23 9 1 5 27 9 25 6 12 16 20 25 3 12 7 11 6 9 21 20 24 10 16 27 19 21 0 4 28 3 17 19 27 26 3 29 14 17 26 3 28 7 19 17 30 30 18 15 21 6 3 2 23 8 7 15 3 5
15 7 1 21 19 11 7 12 15 11 10 18 25 21 2 30 24 22 14 0 22 17 8 0 11 18 9 16 16 20 10 4 19 29 2 28 16 27 17 29 25 20 16 13 24 14 5 21 26 26 19 0 28 4 18 6 14 30 27 27 26 6 11 28 23 15 24 13 15 15
26 7 3 0 3 13 13 0 4 13 24 27 13 11 29 19 24 15 15 25 5 22 16 30 5 8 7 10 28 17 13 9 22 26 16 25 1 11 23 3 2 7 26 10 4 23 17 11 25 29 29 16 20 20 18 8 9 23 13 22 10 20 28 12 11 19 15 25 23 3
25 16 1 28 25 18 24 16 10 30 7 29 21 22 3 9 16 25 3 0 17 6 6 12 30 23 18 0 11 15 27 7 0 10 27 3 0 16 2 30 14 26 2 30 25 22 9 30 26 3 27 30 10 19 8 1 21 10 2 30 2 24 3 24 13 19 23 24 16 28
19 0 22 30 29 0 12 23 12 14 21 14 3 8 14 25 12 19 2 7 28 28 15 3 5 26 30 0 12 8 8 27 12 14 28 3 7 17 16 23 6 21 29 8 4 9 19 16 24 16 22 9 18 0 5 29 21 29 8 29 18 18 15 16 8 15 13 26 6 7
30 9 7 15 24 12 20 21 30 13 11 22 17 7 3 28 4 11 25 12 7 6 24 22 23 17 10 30 16 0 9 17 14 29 9 17 20 20 21 30 0 17 20 14 22 11 27 6 1 14 25 20 27 10 20 15 11 9 11 16 29 14 27 30 2 26 16 6 18 14
29 29 21 11 29 12 5 4 9 20 5 8 20 10 9 29 20 2 19 10 18 26 8 22 27 22 10 29 7 16 28 4 16 20 1 22 25 25 12 6 20 12 22 15 27 24 24 28 7 19 16 20 7 20 16 12 30 4 9 3 25 11 23 0 2 30 25 0 6 22
19 25 27 12 28 12 22 2 13 0 12 21 11 21 17 27 11 4 0 18 23 22 29 23 16 19 29 8 23 5 12 20 0 5 9 2 1 11 5 13 7 10 16 13 25 14 2 12 1 27 28 18 10 0 5 28 25 8 21 3 19 21 13 5 20 20 1 21 25 24
27 15 7 7 16 22 11 21 12 21 20 1 5 11 9 6 14 18 22 10 16 24 26 5 23 17 13 28 24 21 19 29 0 24 10 7 7 6 13 12 28 21 6 3 12 1 30 29 16 6 13 7 25 6 1 24 19 1 21 18 13 26 6 24 29 14 16 26 16 12
16 25 26 27 24 2 21 17 29 18 21 5 26 27 21 12 23 18 26 2 15 13 8 4 19 24 16 26 14 20 23 24 26 9 5 0 16 22 13 9 19 23 13 30 25 15 8 21 8 23 26 6 30 20 9 26 22 26 6 5 29 15 11 22 6 21 8 22 0 28
17 18 11 19 0 22 15 6 16 9 14 22 9 9 4 13 8 9 6 1 7 27 10 8 13 27 23 0 13 7 19 15 22 24 24 10 24 18 8 15 14 12 26 1 10 4 24 4 4 7 17 22 9 7 7 15 16 26 17 10 4 15 16 6 30 16 18 7 29 7
28 12 20 8 8 12 11 8 13 13 21 13 17 21 26 12 13 1 4 11 9 6 1 10 24 6 3 23 17 28 18 10 2 3 30 28 17 20 11 18 17 21 25 24 18 6 27 30 29 10 4 3 29 19 7 25 20 28 18 5 27 28 5 19 0 24 29 15 23 9
1 13 11 0 14 25 9 22 18 25 21 16 24 15 27 22 29 10 29 22 24 28 10 23 15 8 15 30 6 1 15 25 12 16 6 11 9 10 16 26 23 17 23 29 3 26 10 12 2 25 15 16 6 6 24 5 7 11 16 1 14 1 24 14 13 9 29 29 20 15
1 25 21 16 30 15 5 11 9 16 28 29 29 0 11 3 14 21 14 24 3 9 20 24 26 2 26 1 5 21 4 23 0 4 1 6 11 26 1 7 22 11 20 25 5 20 10 16 18 13 14 6 30 18 1 10 22 14 0 3 13 17 29 11 18 9 17 5 11 9
9 5 28 20 27 22 25 25 15 27 18 0 27 24 18 20 23 19 8 27 2 27 10 13 6 7 9 18 27 30 29 17 23 30 14 3 20 26 1 25 0 7 23 7 25 29 1 26 5 28 5 0 11 27 25 28 25 1 19 26 29 26 13 11 29 1 8 17 22 30
16 11 3 2 13 28 28 13 6 29 22 26 13 15 12 30 10 17 17 19 0 5 26 8 0 1 22 25 28 17 8 16 4 0 17 1 15 27 6 12 9 11 4 26 0 12 9 27 21 15 18 18 29 29 5 27 21 1 1 26 27 5 30 12 18 19 29 29 11 19
27 17 17 5 22 1 6 1 0 5 18 7 20 26 24 27 10 0 23 7 16 7 21 15 6 24 7 4 17 10 26 16 20 21 12 14 5 21 16 28 14 9 26 6 28 2 10 17 21 30 10 18 10 28 0 5 14 4 26 26 18 17 9 28 10 2 4 12 30 8
11 1 22 18 4 18 3 14 9 19 29 11 10 1 10 5 11 6 12 2 28 29 14 6 20 19 8 24 28 8 11 12 15 26 6 1 14 20 10 8 7 22 24 2 26 28 17 30 17 9 1 26 1 26 13 23 25 1 6 0 8 24 3 30 19 17 3 22 1 27
24 28 0 10 15 25 27 30 30 4 26 21 21 17 5 2 19 29 6 12 3 0 2 17 21 21 14 16 24 13 22 11 12 20 6 0 14 28 7 3 17 7 12 24 15 24 25 14 26 14 30 5 29 27 11 25 26 9 12 10 29 0 10 21 25 13 27 13 27 5
15 9 1 24 11 25 23 20 10 13 4 21 27 28 10 16 14 28 29 28 14 1 6 10 27 21 23 12 28 15 16 17 4 13 30 10 10 22 17 28 17 27 27 16 28 25 18 26 8 25 3 19 27 25 10 6 1 24 2 15 9 19 0 15 24 6 5 30 7 18
6 15 7 0 7 22 16 18 12 4 25 6 4 1 22 29 0 18 9 12 22 8 24 23 15 4 24 0 28 29 27 24 10 30 27 17 30 22 11 0 2 27 11 11 28 18 25 24 7 2 23 8 1 29 14 17 29 27 5 18 29 8 30 17 12 0 15 13 4 6
18 26 8 23 0 2 1 7 27 10 18 1 21 19 1 23 4 1 8 9 25 22 3 3 14 26 17 10 27 27 30 12 17 27 9 21 9 21 1 10 24 0 23 22 23 28 16 0 20 5 11 20 6 9 23 8 2 9 14 27 19 18 20 18 13 3 15 18 16 25
9 19 12 29 18 21 18 21 10 30 14 7 13 28 2 18 28 12 13 12 22 13 10 16 9 4 6 10 23 12 9 3 18 25 28 26 24 11 14 25 4 5 25 22 9 30 6 4 13 7 13 27 27 29 9 26 4 24 30 30 8 1 2 15 30 22 14 30 8 2
5 18 15 7 6 20 0 22 14 1 8 11 15 9 12 2 6 21 2 27 19 27 28 9 20 21 9 20 2 6 30 14 12 14 29 8 7 14 9 4 16 7 0 29 13 4 8 4 3 30 24 14 23 29 18 27 10 4 27 24 1 13 13 11 24 25 7 20 20 16
2 9 29 19 22 21 15 21 26 26 18 4 9 27 30 5 17 2 1 25 17 17 7 21 4 9 7 18 14 8 4 6 6 18 24 30 8 10 0 24 26 20 30 30 21 6 4 16 28 11 19 17 25 1 3 28 5 14 14 21 12 15 26 14 25 18 11 8 8 16
20 21 19 17 22 0 28 17 13 0 10 27 10 22 15 7 9 9 21 4 5 14 14 1 24 8 9 17 2 19 5 28 22 12 8 8 4 22 28 20 7 0 30 9 10 2 18 23 22 19 14 12 27 13 23 3 14 10 5 28 26 9 27 9 27 27 13 24 13 27
3 18 0 9 12 20 15 21 14 18 4 5 5 25 21 12 7 15 1 29 16 19 15 3 0 24 13 5 18 5 28 4 2 29 16 23 3 27 5 26 10 23 24 30 26 19 23 15 27 10 11 19 18 16 2 22 24 12 17 22 22 21 8 18 4 16 15 24 21 5
28 19 29 22 19 20 27 10 22 16 3 21 26 6 18 25 16 6 23 22 18 9 29 8 8 14 21 6 16 27 13 26 28 17 10 11 1 16 28 28 4 27 29 12 23 27 4 3 7 6 22 4 20 23 7 7 11 23 13 19 27 19 14 2 19 21 18 30 6 27
16 1 23 6 25 22 13 9 8 5 11 21 0 15 3 29 20 29 24 17 21 25 13 24 11 7 14 15 9 16 5 23 15 29 22 24 18 30 23 29 11 29 29 3 18 7 14 11 18 8 30 25 18 12 28 2 25 14 2 15 20 25 9 22 29 26 4 9 11 14
11 0 9 1 26 5 5 29 9 13 6 16 29 8 29 5 17 27 5 7 12 9 22 7 4 1 15 3 3 23 14 20 11 0 22 2 11 13 15 22 4 16 7 7 5 8 7 25 17 18 22 7 24 5 24 21 2 3 11 26 30 23 7 2 5 8 30 22 10 24
22 19 11 13 3 29 1 29 26 29 9 4 6 7 12 30 7 11 1 0 18 3 10 2 25 13 27 5 30 30 4 11 8 29 2 22 8 4 23 19 20 28 6 23 29 5 12 26 22 13 30 13 28 19 18 8 3 28 20 23 0 8 5 1 25 1 4 5 12 25
6 15 26 24 7 1 8 11 27 22 24 30 29 19 7 24 23 20 26 21 23 19 26 20 17 12 21 23 16 8 7 17 18 7 15 11 27 16 28 7 26 22 26 3 22 10 25 5 14 24 25 30 25 2 24 25 12 20 17 28 20 24 29 20 10 16 7 5 7 27
14 30 2 13 23 25 0 0 25 10 28 20 9 29 5 26 0 29 24 5 7 6 6 30 27 10 0 11 28 8 17 28 10 15 2 26 17 13 16 14 24 3 5 27 5 9 20 22 21 18 7 8 18 11 3 23 23 29 17 3 4 1 3 1 21 27 18 11 26 30
12 4 26 2 22 17 16 4 19 27 29 7 12 1 22 17 1 8 1 0 3 3 25 11 27 2 18 0 0 17 23 2 28 7 22 13 7 11 9 20 9 23 22 7 3 18 25 6 1 27 23 18 8 18 2 13 15 26 26 6 2 22 8 0 4 28 15 28 5 1
30 6 28 18 8 1 15 7 28 19 29 3 9 18 8 23 20 30 8 11 13 14 23 20 20 1 13 12 18 27 15 8 21 19 18 10 6 15 27 0 23 10 5 5 15 4 0 9 2 26 18 22 5 8 18 8 0 0 25 12 24 24 17 26 3 2 28 30 25 16
7 2 0 19 1 8 20 25 22 5 25 12 9 10 3 13 14 24 15 6 5 25 12 23 2 29 12 14 28 9 3 20 11 2 24 30 28 18 9 22 4 10 23 23 19 30 27 9 7 14 4 20 25 17 23 6 5 7 20 3 1 3 28 2 24 2 10 29 1 16
3 14 11 14 22 8 25 0 27 20 26 5 23 29 20 21 30 26 6 11 0 26 21 29 4 24 9 25 17 18 1 6 30 3 6 27 17 16 0 11 23 28 7 2 21 1 29 3 19 19 6 30 20 3 28 20 17 19 27 14 16 5 6 18 24 5 24 24 5 20
11 18 11 27 3 0 3 6 24 26 14 5 28 16 20 17 9 10 28 28 2 0 20 7 3 1 20 4 24 10 0 12 14 4 23 15 27 11 4 7 20 6 19 1 16 23 11 9 28 28 17 22 6 8 7 11 6 28 5 6 27 19 20 5 19 17 5 6 26 15
23 7 17 6 22 15 9 1 29 24 25 8 15 18 9 26 7 8 25 9 14 4 5 1 2 28 27 25 0 16 2 27 22 21 27 22 4 26 8 28 16 7 18 20 23 14 30 14 11 14 3 4 15 7 24 1 24 12 28 27 28 2 27 20 0 18 21 16 21 10
22 20 17 11 22 21 29 24 15 15 4 23 14 28 10 26 26 25 2 7 19 20 26 26 18 1 19 25 3 22 22 19 17 26 1 27 11 20 28 5 8 11 24 22 8 4 14 24 13 29 21 19 23 25 0 12 14 8 1 5 8 14 1 28 8 10 29 22 10 0
14 10 1 2 13 25 29 2 17 10 5 28 21 12 15 1 0 21 22 0 1 19 16 3 9 10 24 2 28 6 9 4 1 9 12 5 14 1 22 19 27 3 21 24 27 24 14 0 0 7 14 13 25 30 25 2 3 19 15 12 3 1 2 22 21 29 2 9 8 24
3 19 30 8 21 27 7 7 1 23 27 25 30 3 2 6 12 24 30 5 0 27 28 15 26 21 17 26 5 26 21 24 20 13 23 0 28 4 0 13 5 2 6 2 15 19 23 19 3 7 8 18 17 22 1 29 6 8 21 7 13 3 28 1 27 19 13 16 30 1
21 29 7 30 7 3 27 30 4 21 16 20 1 29 17 27 18 18 4 14 15 15 30 20 1 15 9 22 7 1 14 19 18 29 14 1 2 26 15 26 13 26 27 13 19 18 12 1 17 12 0 20 24 10 18 7 2 22 8 12 19 5 20 14 29 10 23 2 6 11
9 24 23 19 27 9 13 15 13 1 15 20 3 15 6 25 18 5 17 14 30 3 28 11 14 12 7 1 17 3 2 22 26 13 4 3 20 8 16 10 13 2 19 22 29 20 27 3 16 0 12 10 17 26 15 14 26 2 2 8 20 7 27 17 14 23 21 8 13 5
5 3 26 9 21 29 8 30 8 4 2 28 28 22 24 29 30 23 1 22 2 26 4 14 10 2 5 1 30 23 24 9 17 11 8 20 18 9 8 6 10 15 10 21 6 22 6 5 5 17 27 18 29 19 19 16 30 14 8 29 22 0 3 2 29 27 8 2 30 13
28 12 18 29 21 11 11 12 24 9 29 22 28 26 26 29 23 13 7 6 12 15 11 18 5 13 17 16 14 26 11 16 0 15 23 19 1 18 25 18 2 2 19 25 18 4 9 3 26 13 23 16 22 30 4 12 18 7 20 2 17 18 6 18 21 30 26 19 0 11
24 20 26 20 10 29 10 3 10 19 5 19 30 4 21 15 5 4 21 16 16 13 26 23 5 12 4 16 27 27 29 18 24 4 30 0 11 26 6 13 8 20 17 7 11 17 2 16 1 29 1 18 8 16 28 26 18 20 0 0 16 28 20 6 16 17 22 24 21 5
25 28 26 25 18 3 21 18 29 13 21 24 27 30 26 15 4 18 24 10 9 30 0 6 2 27 8 13 19 21 3 6 15 5 9 22 19 30 28 21 2 4 21 14 16 13 5 11 4 8 11 23 23 2 15 27 11 5 15 28 23 8 25 6 24 13 19 23 27 13
5 2 17 23 22 21 4 12 6 28 27 19 0 24 23 14 22 16 7 29 17 10 19 30 20 18 5 27 11 2 27 27 14 24 11 5 12 2 24 7 8 21 30 0 0 27 25 2 6 9 25 23 28 29 11 29 1 24 15 27 0 4 12 11 17 0 15 0 23 16
10 23 2 20 2 12 15 8 4 28 16 26 30 24 7 21 29 4 21 4 26 6 20 12 21 0 8 15 8 30 21 11 25 15 6 3 30 22 15 22 3 3 15 6 0 3 23 3 6 10 25 1 14 12 1 22 26 7 16 3 20 17 26 12 12 20 15 6 8 27
15 14 2 21 19 0 24 24 7 3 13 10 19 20 5 8 18 20 24 9 14 0 23 6 29 27 28 10 2 15 16 20 2 20 4 12 25 6 18 0 27 12 22 25 17 6 24 1 23 21 27 9 25 1 28 21 15 30 26 25 20 15 19 4 15 20 29 27 29 7
0 7 6 10 26 16 10 9 2 6 6 30 23 0 28 2 2 14 23 13 13 28 10 17 11 20 13 18 10 16 26 10 20 26 22 9 24 26 23 15 18 28 19 20 23 3 24 29 19 1 16 12 13 25 17 23 6 6 10 1 27 13 3 26 30 2 22 13 0 3
6 16 19 27 25 27 14 19 6 30 26 9 1 27 0 29 3 9 20 19 8 3 14 15 21 2 20 19 3 0 29 22 8 29 7 17 15 3 4 9 6 15 9 14 25 8 17 29 15 25 19 10 17 2 27 24 30 13 7 11 0 12 28 17 25 19 13 22 27 15
23 25 4 5 21 5 24 13 30 25 1 21 19 13 0 19 2 21 26 17 0 5 8 10 19 5 29 24 18 30 25 20 13 1 6 23 1 20 27 20 23 15 19 24 12 19 7 1 1 0 30 18 22 26 21 23 10 26 1 0 12 28 4 30 0 25 25 3 16 29
27 10 7 21 16 5 15 11 6 24 24 16 16 13 6 19 12 21 14 10 1 8 4 14 29 22 12 23 30 9 19 1 24 8 12 18 9 25 7 16 6 7 9 7 8 22 30 17 24 16 13 18 20 19 11 3 24 18 30 1 2 30 4 25 23 18 0 25 23 24
10 17 1 14 19 25 4 9 0 5 22 0 4 16 6 24 5 13 21 30 3 18 8 11 1 13 13 30 8 30 24 12 25 7 7 26 19 0 30 10 29 20 5 11 11 15 4 25 28 30 28 19 21 6 2 1 30 23 2 7 26 13 25 0 8 26 27 21 6 19
3 13 17 9 17 14 23 1 6 27 21 18 21 24 10 22 0 0 22 14 9 7 24 26 16 16 14 23 23 25 10 29 23 4 12 25 17 10 28 3 27 11 13 6 8 10 13 27 12 13 12 30 5 28 9 19 10 18 0 28 18 16 7 30 28 18 22 10 28 25
12 5 15 3 26 4 11 7 5 23 7 11 6 22 1 19 19 15 20 2 18 6 7 19 11 23 2 28 13 20 20 21 22 11 25 11 17 16 21 0 13 19 4 26 19 30 20 13 0 20 5 4 30 13 0 4 11 5 16 1 0 11 24 28 12 1 26 12 21 10
3 10 10 28 25 1 25 17 23 17 3 15 22 11 9 28 21 1 11 23 5 9 1 4 2 5 14 30 23 26 10 27 29 4 7 14 12 19 23 8 27 26 16 2 15 20 25 23 27 25 27 3 26 3 23 5 19 14 17 17 17 26 6 27 16 22 11 15 26 28
28 3 12 19 9 27 28 3 0 14 13 23 2 18 18 7 17 17 8 6 4 0 8 5 3 14 13 19 24 2 10 7 11 24 11 19 15 0 28 16 12 18 20 25 14 8 17 29 13 7 16 18 20 8 2 1 7 27 0 24 5 20 8 27 26 15 21 16 13 29
4 10 21 14 22 16 1 17 4 12 20 20 12 11 21 22 30 17 20 20 3 6 20 12 5 28 2 18 7 5 23 21 13 27 16 14 28 25 2 15 0 4 27 27 26 4 11 3 28 10 29 4 27 8 28 27 26 28 13 29 6 4 19 16 18 5 5 15 14 11
27 17 27 9 1 6 6 4 5 2 4 30 0 15 21 23 23 7 3 30 27 18 24 28 25 26 9 22 30 5 0 3 27 4 20 23 11 19 10 17 3 9 7 12 23 16 2 11 14 20 8 27 2 10 20 8 11 14 6 25 26 19 1 6 16 21 29 3 16 17
0 30 6 26 23 15 4 21 7 1 29 11 12 15 25 20 13 26 28 27 9 10 3 1 2 0 8 21 29 23 0 16 25 14 27 17 11 4 5 28 15 12 21 14 26 4 21 16 15 6 17 3 5 12 2 7 5 22 24 15 27 5 11 26 22 7 8 26 10 18
4 6 30 10 5 25 10 19 9 2 0 15 8 27 15 10 9 10 9 9 29 5 16 15 14 6 7 8 23 27 2 11 6 30 14 0 0 22 16 10 17 18 14 29 10 26 2 29 21 13 25 8 18 6 28 23 24 30 13 8 17 13 25 16 14 2 8 25 28 24
27 15 5 10 21 4 28 4 9 12 12 7 29 18 14 17 13 26 15 28 27 0 18 3 25 23 29 16 8 28 0 13 19 9 27 13 6 14 8 7 17 29 20 20 7 9 24 24 20 18 28 30 12 24 0 12 10 27 25 3 7 28 5 15 21 0 7 2 0 12
24 25 19 6 11 30 4 13 8 9 5 5 9 15 16 30 15 20 19 29 7 25 8 3 8 28 20 26 4 30 0 29 17 9 5 2 28 16 29 23 10 30 4 19 0 12 2 25 29 27 20 2 3 4 25 21 21 20 24 20 17 7 6 3 29 29 7 8 0 14
