72 72
15 3 26 1 9 18 16 0 30 13 10 4 7 12 19 17 23 7 7 8 1 20 21 7 11 11 16 18 30 28 1 3 18 7 17 2 19 5 20 11 29 23 28 6 30 15 9 23 16 24 13 5 14 3 21 0 26 8 22 26 10 24 17 9 22 8 11 16 13 22 27 30
25 9 7 18 9 6 28 0 18 29 16 12 15 16 14 10 7 18 14 25 0 13 27 15 6 20 18 8 13 1 22 8 9 11 13 30 7 2 21 0 10 25 9 4 12 1 1 23 2 17 17 10 6 16 11 26 2 29 8 4 3 20 8 18 24 19 14 18 13 20 7 4
13 25 10 7 1 5 6 4 7 4 7 11 8 22 21 17 30 26 26 10 6 4 30 10 6 24 11 21 25 30 26 21 17 22 5 6 23 10 16 10 17 25 17 29 7 17 21 23 18 6 5 11 3 24 2 27 23 27 10 13 3 13 4 13 17 28 0 30 2 19 16 1
14 15 23 20 0 25 0 29 2 30 16 2 22 13 13 15 17 24 11 14 29 23 25 25 13 6 15 28 24 27 21 13 9 25 14 30 4 5 1 28 26 30 16 10 25 26 9 1 28 26 5 22 2 0 22 6 28 17 7 6 28 14 2 2 18 29 1 20 5 19 11 13
1 15 29 5 16 9 15 10 26 13 13 12 6 10 19 5 23 26 28 22 27 2 22 26 6 27 26 13 10 26 18 17 21 20 19 14 6 7 26 8 1 4 11 18 6 1 14 29 22 23 21 15 22 13 20 12 18 30 0 16 18 8 17 29 14 4 24 5 1 24 23 23
1 27 23 16 3 14 19 5 9 30 18 30 7 12 0 19 2 19 25 21 3 12 17 5 3 25 22 24 8 20 14 26 9 26 0 29 9 3 9 21 11 26 29 10 21 20 19 19 14 22 24 28 6 6 17 21 13 12 26 26 13 19 7 1 16 11 29 1 9 21 23 20
22 21 11 2 25 27 3 20 17 6 22 0 21 30 15 16 15 14 0 20 26 26 0 26 8 25 30 19 25 28 0 6 3 6 2 18 5 13 24 22 1 20 26 29 12 8 11 19 1 20 9 7 4 24 0 15 23 26 19 21 11 22 23 30 9 18 28 27 29 24 12 20
28 29 19 8 7 9 29 24 24 19 21 9 2 16 13 29 13 18 1 12 14 11 17 30 9 16 8 5 26 12 17 29 27 29 12 17 28 29 25 26 27 23 10 23 24 2 4 4 11 17 0 25 19 4 16 13 18 26 27 28 3 7 13 4 19 25 29 14 21 2 10 3
10 18 28 6 10 15 16 2 16 12 30 3 23 6 2 22 3 25 5 15 14 30 12 21 30 11 15 29 27 0 22 20 18 2 21 15 15 11 13 27 1 13 6 4 29 6 20 16 18 21 25 6 0 22 30 19 15 28 27 11 21 21 27 16 10 10 18 12 24 21 7 9
4 28 6 6 18 20 17 1 6 18 11 29 8 21 9 22 20 15 5 13 14 27 20 4 27 27 7 22 28 2 17 29 11 21 27 14 4 21 15 3 0 26 5 20 8 29 4 21 25 21 0 24 29 25 18 29 17 5 10 2 16 5 0 3 11 6 26 26 26 27 4 17
24 1 2 5 21 0 3 12 21 15 17 13 29 18 14 0 13 10 11 17 4 13 23 6 20 6 21 26 11 19 26 25 2 27 22 29 14 11 7 3 18 29 15 12 29 20 30 9 2 30 24 24 7 3 8 29 9 12 9 10 28 7 20 10 25 21 7 2 1 18 14 26
12 20 26 17 22 10 20 9 22 8 1 4 24 1 8 5 21 28 11 26 17 22 17 21 12 24 22 23 8 0 22 8 26 6 1 19 18 22 27 11 0 8 3 23 21 24 11 12 1 21 12 4 6 19 29 12 18 7 27 6 30 13 19 16 12 17 17 9 3 15 9 6
16 0 28 7 18 5 15 13 12 26 0 24 18 10 25 21 11 19 6 14 11 26 7 1 11 5 24 2 13 28 24 18 22 6 17 23 18 12 11 28 30 23 12 16 13 12 16 26 7 9 23 3 3 29 17 26 25 8 27 22 14 19 7 30 16 4 6 16 9 0 29 25
18 7 27 23 5 0 8 4 15 18 10 8 29 17 9 19 25 0 5 26 3 17 14 27 15 9 0 25 2 9 27 6 13 4 30 27 28 26 4 30 14 24 11 23 23 4 8 26 9 4 3 24 1 1 9 3 4 1 1 21 27 26 26 20 25 22 12 20 4 3 15 18
3 23 27 20 5 24 10 10 7 12 2 13 2 15 18 24 11 10 9 30 10 4 27 2 17 17 6 15 3 1 14 17 15 10 20 17 29 27 20 1 21 15 30 4 10 5 0 11 13 11 5 20 24 25 9 16 11 9 16 10 11 29 27 5 11 18 1 7 20 23 0 3
27 18 8 23 30 4 6 23 12 21 24 26 19 9 20 14 12 2 14 30 20 6 9 20 23 21 0 6 3 11 16 7 23 30 20 25 3 12 11 24 19 8 20 2 24 26 0 27 27 14 24 10 13 18 12 29 15 13 14 7 3 4 3 21 26 28 7 7 8 1 0 17
12 6 0 10 19 8 8 15 12 13 6 11 6 10 12 0 29 22 2 15 12 9 18 6 10 11 9 9 8 11 17 16 27 28 29 8 30 3 28 4 9 10 28 20 25 7 8 8 12 7 11 26 4 5 13 28 27 28 0 25 16 28 25 5 29 20 5 11 9 30 0 12
28 30 28 29 19 18 30 21 19 2 28 21 4 13 29 9 8 8 12 7 30 11 1 26 22 17 11 18 26 20 5 17 16 15 8 10 21 14 11 19 17 10 6 11 11 19 23 21 6 10 15 28 7 30 15 13 18 21 27 8 9 29 1 10 1 22 8 0 4 1 1 4
13 29 11 1 12 17 9 19 2 5 15 17 8 2 15 19 6 11 5 27 15 20 24 12 2 2 13 29 23 22 18 25 15 17 23 3 12 23 13 29 14 16 7 28 26 7 9 30 22 4 20 15 14 29 28 26 27 2 11 13 27 24 30 5 1 30 13 20 26 22 15 18
21 28 26 22 15 26 21 22 12 1 8 4 17 10 4 24 14 16 14 26 5 17 12 10 16 23 20 14 21 28 22 8 14 5 10 8 29 24 22 22 21 3 28 18 26 28 0 0 20 2 27 22 27 25 7 5 17 5 18 22 20 2 24 30 27 11 30 10 16 2 8 0
9 26 30 23 15 15 3 23 6 26 19 25 28 27 13 30 18 11 18 14 20 23 27 26 3 28 8 5 14 16 19 26 20 24 30 13 19 29 0 24 25 21 20 21 20 9 7 11 24 1 22 21 21 20 9 20 12 14 27 1 24 26 19 25 8 20 10 10 4 18 25 25
11 25 25 13 17 16 5 1 25 21 20 28 8 1 16 13 11 11 16 13 10 2 15 28 1 19 21 4 6 23 22 18 7 19 7 20 30 12 25 28 13 22 7 7 17 4 0 9 22 24 11 19 23 19 7 24 8 23 11 27 30 2 30 20 17 13 27 14 27 25 30 24
11 17 9 26 11 16 29 30 9 20 18 28 24 23 29 6 28 6 12 12 6 24 14 4 1 17 19 11 2 21 2 30 26 26 28 24 26 18 6 12 29 21 12 23 4 5 7 16 23 10 17 9 20 2 25 9 29 29 16 4 17 8 8 29 8 1 6 26 24 4 0 10
3 10 14 16 6 22 4 21 23 0 28 27 23 11 7 7 15 4 16 27 24 10 6 6 24 8 29 15 19 27 16 9 3 15 13 14 7 20 9 30 3 21 19 7 12 0 4 14 6 15 23 4 27 13 16 23 0 22 20 7 29 9 26 21 23 12 10 19 7 19 1 27
26 12 20 12 25 19 13 3 11 1 3 9 22 28 17 14 9 17 8 2 2 19 15 13 9 4 1 7 23 0 9 11 5 11 19 17 28 1 20 25 28 20 0 11 5 15 12 10 10 29 3 28 29 10 1 13 17 9 1 9 4 6 26 21 3 28 19 11 17 16 12 17
25 20 13 26 10 16 6 9 10 12 1 6 16 10 8 27 3 0 17 13 13 1 24 10 14 14 10 25 13 29 14 30 8 19 24 3 27 11 15 1 10 19 16 9 23 6 10 13 3 24 7 6 1 8 0 8 25 8 9 22 5 2 23 24 22 13 3 22 13 22 3 11
11 18 24 12 23 30 26 12 10 3 24 4 22 4 22 17 22 5 25 30 7 16 15 0 30 22 21 14 1 20 3 24 13 30 28 1 20 25 8 17 1 26 7 3 5 26 21 22 25 27 25 12 26 28 11 28 9 23 8 30 11 11 25 3 2 9 21 21 30 29 11 15
4 17 24 0 8 12 4 9 17 2 9 10 29 30 22 0 24 0 13 16 5 7 3 5 25 26 15 17 25 29 15 1 0 23 20 10 9 15 30 26 18 9 7 25 8 0 2 12 3 30 9 4 30 4 20 23 27 30 16 7 11 20 21 26 25 21 6 21 26 6 10 29
4 17 9 17 0 18 6 12 2 20 9 23 13 26 27 18 1 18 16 28 13 16 24 6 29 30 17 19 9 3 4 0 29 19 11 26 20 24 2 27 12 25 16 23 26 18 3 18 26 26 3 21 8 12 30 12 4 11 13 29 13 18 14 28 15 21 6 8 25 17 4 17
12 26 7 29 18 25 7 20 8 26 22 1 12 5 1 26 26 18 9 30 20 9 28 17 15 9 4 12 24 19 27 10 16 10 13 8 22 9 2 26 3 28 29 24 8 10 2 6 4 19 1 11 20 5 4 25 10 7 0 6 19 24 9 18 16 16 25 26 25 4 17 19
24 29 22 15 16 17 7 21 1 5 12 26 28 18 18 15 16 12 21 27 9 25 19 27 2 20 1 11 29 11 18 11 9 11 24 25 20 21 16 2 24 2 19 26 21 11 15 28 8 13 12 9 8 16 10 1 22 12 28 1 28 14 22 5 13 19 5 14 30 21 15 22
15 19 27 5 15 30 1 22 7 15 23 25 4 23 24 24 26 6 24 5 7 21 3 13 24 27 11 13 3 10 26 27 13 28 25 27 23 26 5 5 7 10 14 20 4 15 10 1 27 16 2 1 19 17 22 17 6 21 4 13 8 2 20 17 5 17 7 30 2 29 28 21
7 6 10 2 19 22 12 25 9 2 9 6 2 29 7 24 21 15 3 8 25 7 27 30 9 0 28 16 21 8 8 2 12 3 0 22 4 28 18 28 21 18 5 0 7 29 13 11 5 20 3 17 25 8 4 6 7 16 22 2 1 4 18 30 0 3 29 6 9 20 4 25
24 17 17 16 15 21 3 24 16 5 2 5 11 10 2 26 5 21 0 1 28 7 10 19 6 16 20 9 18 28 27 16 12 24 25 21 6 19 29 11 3 28 25 22 11 30 17 6 2 16 28 28 2 13 16 26 19 3 13 20 3 30 21 13 25 3 8 29 25 19 21 1
9 5 26 3 5 21 22 8 7 14 24 7 20 30 18 27 4 4 20 6 11 0 27 5 5 5 10 17 9 20 29 8 1 1 19 14 28 19 2 4 15 21 8 10 28 27 8 26 11 7 4 20 17 1 13 1 11 11 4 27 14 18 3 12 7 16 30 1 3 17 25 5
11 5 14 11 23 16 27 28 12 5 23 24 22 30 23 30 19 7 0 24 21 7 11 4 7 11 18 16 19 21 20 8 2 20 27 22 0 27 2 2 5 21 12 29 20 4 6 30 12 1 18 16 16 24 6 12 17 8 16 13 10 17 22 1 20 19 17 28 30 20 23 5
28 0 7 28 5 11 4 10 1 6 11 22 14 9 4 3 21 17 26 23 2 17 12 24 7 1 14 21 30 27 0 4 8 12 1 0 19 22 18 14 6 1 10 24 18 25 30 27 1 2 29 28 3 27 20 15 28 12 12 5 9 4 2 6 19 26 23 0 12 0 21 22
12 21 28 19 26 16 13 17 11 1 12 17 27 1 20 16 17 11 6 1 3 23 30 10 12 0 5 28 4 15 23 12 1 26 20 5 25 18 24 11 26 19 7 6 30 27 15 7 24 16 3 21 16 22 21 4 19 4 27 0 28 9 18 6 4 21 6 17 5 0 26 24
16 14 12 22 16 22 25 14 10 19 7 16 5 23 25 26 13 30 28 14 19 26 10 13 29 27 23 28 10 21 28 22 24 18 7 13 5 21 28 21 20 1 19 7 20 6 28 4 29 6 9 18 22 5 22 11 3 7 27 25 27 28 6 21 2 13 24 17 26 7 5 9
28 7 5 28 13 21 28 10 1 14 11 19 30 25 12 5 24 29 22 28 0 25 20 4 25 9 18 13 27 30 17 13 6 3 0 26 2 17 8 26 4 25 18 24 25 21 24 6 13 24 21 5 0 24 27 24 18 18 11 6 28 27 5 20 8 22 12 27 28 28 6 28
0 28 5 26 25 23 24 18 18 24 21 20 9 7 9 30 4 24 14 12 6 7 18 8 10 0 7 17 10 27 29 11 29 17 14 14 26 16 22 4 11 13 29 15 0 18 27 26 18 21 3 18 18 14 9 28 13 26 3 0 4 27 14 20 26 18 15 7 18 3 29 4
29 12 20 21 9 11 28 6 10 28 6 22 0 7 22 22 23 3 28 29 24 6 6 23 21 9 3 19 13 2 19 12 20 15 27 4 18 8 2 17 8 15 10 18 16 23 11 12 4 14 26 25 9 15 16 30 11 25 25 18 21 27 7 25 26 2 5 1 15 20 8 13
18 23 6 15 18 13 15 20 1 24 13 0 30 28 19 9 2 16 24 11 13 30 15 21 1 12 30 13 21 10 9 19 14 25 3 26 26 10 10 2 6 0 3 12 28 21 21 5 16 1 28 30 26 23 16 16 19 9 21 4 26 19 27 13 9 18 26 14 3 0 14 29
21 21 22 22 24 10 6 20 23 12 15 0 27 21 15 22 19 15 14 10 30 0 30 2 16 27 24 4 12 30 24 24 10 21 28 19 22 14 16 24 9 0 28 21 28 22 8 16 24 26 4 11 15 21 0 18 12 26 26 28 24 21 19 8 22 8 24 5 25 2 11 20
27 10 30 20 24 0 3 12 4 22 24 3 4 28 11 29 27 18 27 30 6 13 7 3 25 6 20 12 2 0 18 19 25 4 25 6 25 12 27 12 1 5 29 26 7 22 24 28 4 15 15 16 20 7 24 5 20 27 7 5 19 25 24 7 29 11 20 6 22 4 28 21
14 13 1 26 2 30 4 13 17 12 11 18 9 21 26 6 4 25 28 19 11 8 22 4 15 19 29 25 29 26 4 30 30 15 28 3 1 19 2 20 1 21 29 15 2 29 30 25 17 22 14 1 7 13 11 17 4 7 1 21 9 4 3 0 8 5 27 5 16 29 12 13
8 24 16 21 13 15 26 10 0 7 26 8 20 9 10 20 21 30 27 17 20 26 17 30 11 28 8 19 14 30 7 16 10 9 17 2 14 18 30 23 10 5 20 9 2 25 29 0 5 30 20 8 16 7 0 22 12 7 3 28 26 24 11 9 14 2 12 19 16 16 26 0
24 3 25 8 25 25 2 13 13 16 29 13 15 4 5 25 4 23 25 6 30 25 11 5 9 16 12 11 5 26 1 9 21 14 0 28 9 27 21 14 22 16 4 1 25 15 21 22 3 25 14 7 1 23 23 20 9 27 11 28 3 17 19 5 18 27 2 13 23 11 14 21
16 17 2 2 8 17 19 25 0 21 14 6 11 17 3 24 24 17 22 10 16 7 24 4 16 19 12 17 10 1 15 15 14 0 25 17 19 1 14 7 18 16 24 20 30 12 11 21 10 29 4 4 27 5 7 25 30 5 15 11 18 3 10 23 22 24 29 2 21 23 7 1
21 3 23 17 17 20 11 18 8 30 23 5 8 3 14 24 20 10 24 3 23 30 5 21 2 0 6 8 19 22 1 29 16 14 10 9 7 7 19 20 6 12 25 20 12 17 24 17 8 10 8 12 1 0 20 6 8 0 24 20 12 6 15 27 13 15 27 26 6 16 1 5
2 14 20 25 17 7 29 13 28 15 28 21 0 24 30 12 29 20 28 18 24 1 0 27 23 29 26 29 29 28 25 5 20 24 5 30 3 30 20 12 21 22 14 12 7 22 29 29 0 19 28 30 11 23 4 26 9 24 27 21 13 20 2 28 22 25 3 7 16 27 12 21
23 30 16 30 8 25 3 28 13 13 6 7 7 2 12 18 3 17 3 5 12 7 4 13 26 6 10 8 26 20 14 21 2 9 14 6 19 16 17 1 3 4 7 16 20 11 20 2 18 18 20 19 10 29 7 19 11 2 25 4 10 8 17 20 15 8 30 20 15 23 0 4
18 23 6 25 7 25 10 26 24 15 15 20 1 4 25 23 16 13 21 11 22 17 9 27 13 10 15 9 23 26 0 28 23 4 0 30 5 5 19 30 15 25 18 0 19 4 5 10 8 28 27 20 17 20 26 3 24 27 23 3 5 4 0 20 8 21 28 18 6 26 5 10
4 18 26 23 8 8 20 14 19 14 24 20 20 3 17 4 18 17 9 18 29 1 2 3 6 30 24 6 1 23 23 21 28 7 5 22 27 8 5 20 6 7 21 14 28 6 26 5 21 16 20 19 13 2 17 20 11 5 13 27 10 11 13 4 10 30 11 3 29 18 5 10
17 12 21 12 4 5 15 26 11 24 18 13 19 14 6 29 20 22 22 1 26 3 14 30 25 27 15 22 20 9 20 17 4 21 21 30 6 21 7 17 2 25 4 22 11 4 30 13 18 22 2 7 27 20 30 22 2 18 23 9 23 12 8 10 8 18 5 27 25 18 3 15
7 20 0 27 20 9 26 18 14 1 6 15 9 10 1 10 11 24 28 5 8 26 28 3 16 27 21 27 4 4 1 10 22 12 27 2 10 25 25 20 25 6 28 12 18 12 21 9 9 14 5 0 28 21 25 28 10 14 11 11 18 23 14 0 1 8 13 22 7 12 11 30
2 5 12 30 22 26 9 12 26 30 3 4 15 11 3 2 13 15 24 20 11 1 29 19 18 3 15 5 10 5 15 25 7 16 22 10 10 14 27 5 14 21 15 25 16 25 14 8 21 1 20 13 20 23 23 22 17 2 19 8 4 19 0 9 8 30 6 10 26 24 29 27
1 19 28 9 16 20 29 9 7 14 4 2 9 0 24 28 17 18 27 28 23 28 22 21 28 27 28 24 17 19 27 4 8 10 27 24 17 29 9 9 28 27 11 8 12 23 17 15 20 5 4 14 0 22 0 2 30 28 7 22 18 24 16 2 17 28 10 30 0 18 17 8
13 11 13 15 16 29 0 29 30 24 9 16 24 28 27 12 11 3 16 2 28 9 27 5 8 23 18 26 9 27 7 3 21 22 21 23 25 17 18 22 8 21 30 10 3 26 29 1 18 13 18 15 20 20 21 12 6 13 29 19 30 22 10 11 11 20 19 19 21 29 9 30
28 20 1 7 30 21 20 26 28 17 14 30 5 2 9 10 9 27 17 19 1 25 23 10 16 27 23 8 5 18 18 1 5 27 11 7 15 12 6 22 2 30 6 16 20 19 15 10 21 23 4 18 20 26 12 25 27 21 17 11 6 7 23 23 19 25 23 14 4 3 5 18
22 28 3 25 29 20 9 4 29 12 0 21 2 17 30 2 5 8 23 12 15 8 9 0 22 11 27 28 29 27 17 25 22 30 16 9 28 19 5 18 0 8 23 9 9 21 6 20 24 26 23 10 23 30 9 6 7 5 29 27 16 24 16 6 0 7 14 22 2 30 29 28
2 17 12 28 6 0 30 30 24 23 3 2 28 10 11 17 9 12 13 17 4 15 23 10 12 0 24 3 4 18 10 10 24 17 10 9 9 12 24 26 14 22 24 20 20 8 12 18 17 2 10 27 10 27 22 24 10 8 27 29 6 11 20 5 0 4 11 3 29 25 11 5
2 22 25 10 24 9 13 12 2 20 9 7 14 6 8 16 30 0 9 9 21 17 25 3 20 2 2 14 3 30 2 19 27 5 18 7 21 18 17 4 27 0 19 3 30 2 19 23 20 25 1 17 6 2 18 12 22 15 6 23 4 18 14 18 10 15 29 24 2 16 22 10
14 17 24 8 1 11 3 14 17 20 6 20 25 20 14 21 0 1 22 9 21 14 7 14 4 3 6 15 17 10 13 16 21 1 4 18 20 30 15 21 19 17 7 23 17 27 22 25 28 11 27 0 22 7 24 16 19 3 8 18 3 27 15 22 29 19 8 18 11 9 16 29
18 9 12 5 30 14 17 4 7 0 4 30 30 17 8 3 7 3 0 22 17 14 0 0 0 10 15 29 24 7 19 12 16 23 21 14 28 27 17 23 24 11 9 8 26 5 24 11 19 24 25 19 7 6 18 21 20 21 16 20 15 17 11 21 8 20 28 28 22 19 16 4
5 19 14 5 15 23 20 28 11 4 25 26 24 22 8 13 17 4 4 7 3 30 6 13 21 20 20 12 19 30 28 12 10 27 17 1 25 11 26 27 24 7 26 7 5 11 3 1 21 3 11 29 4 22 23 19 17 24 2 26 16 23 25 24 26 17 16 21 28 18 9 1
26 23 4 7 19 4 10 21 5 9 10 27 10 3 28 24 10 14 3 3 7 29 6 10 29 26 8 2 10 25 1 30 4 25 21 8 28 12 11 14 28 28 21 24 23 4 23 8 8 22 24 13 22 17 18 12 19 2 25 9 25 26 18 17 5 8 17 25 17 20 18 29
16 22 3 1 0 28 5 24 22 23 23 2 23 14 13 27 3 20 11 3 20 12 20 8 15 18 2 17 19 7 30 18 2 24 10 0 30 19 8 20 20 19 14 0 4 14 25 27 21 5 7 20 17 8 22 11 28 5 28 1 28 29 23 6 15 8 28 3 8 24 0 18
21 18 30 15 1 13 24 25 13 14 13 16 4 20 14 18 29 6 29 6 2 29 26 24 1 22 25 20 5 4 14 10 29 18 4 1 12 10 5 27 11 17 24 17 16 4 12 10 8 30 22 27 10 2 22 2 3 8 0 18 25 20 13 9 12 11 8 11 22 9 10 6
24 19 12 10 8 15 7 27 22 18 18 21 17 30 25 25 11 15 16 27 9 9 28 28 8 26 16 1 30 21 28 30 4 23 26 25 6 20 16 23 9 27 21 8 30 5 30 6 1 29 0 2 3 12 23 24 26 18 15 17 1 17 9 25 20 0 17 9 27 23 27 8
21 4 22 16 20 15 0 29 22 21 11 5 10 4 16 20 3 2 0 12 5 19 21 25 20 25 28 17 10 9 4 29 15 10 5 15 8 6 24 23 28 21 9 20 12 20 4 25 21 26 23 0 24 11 10 11 1 29 1 6 18 8 26 26 23 27 13 20 10 16 3 6
24 12 11 20 19 30 13 17 10 4 29 25 30 10 27 10 3 16 28 15 19 2 11 11 1 1 20 17 0 10 0 26 17 4 20 27 30 16 8 29 25 15 10 1 0 11 6 18 0 1 5 7 25 2 3 23 0 9 13 21 25 9 7 10 15 10 8 10 5 13 19 10
