74 74
11 30 17 7 14 8 19 21 25 30 15 21 22 8 15 24 11 3 25 3 27 28 11 15 30 15 28 2 25 3 26 4 11 1 10 3 4 26 17 17 12 15 15 17 24 16 1 6 4 11 21 28 10 16 23 27 17 23 25 4 30 14 23 26 9 15 16 8 27 0 0 16 6 0
16 17 6 28 25 12 4 23 26 29 4 6 25 22 27 17 5 26 16 20 4 27 0 27 28 1 10 10 20 15 14 23 8 15 3 6 8 7 7 12 15 13 27 13 20 15 12 25 1 1 7 6 1 20 11 3 25 1 10 21 8 6 0 17 13 2 25 4 23 19 21 7 1 12
21 11 9 10 15 26 12 20 12 18 7 16 1 28 0 30 26 6 7 7 9 23 3 23 11 29 22 8 18 20 3 26 26 13 21 17 0 2 17 19 27 24 18 13 10 26 12 30 3 13 19 9 29 0 21 27 16 17 7 10 1 26 1 15 10 28 21 2 15 19 6 19 15 2
25 20 15 17 10 13 30 29 5 3 6 22 30 17 4 24 10 17 7 21 17 27 23 9 29 25 1 28 12 10 10 28 0 2 30 21 8 4 25 9 30 15 13 13 10 6 22 19 5 0 7 25 24 11 6 0 5 30 13 24 20 3 26 4 30 29 22 25 11 6 18 7 7 29
12 1 10 2 13 16 26 18 7 7 6 16 26 13 2 12 29 4 15 10 6 25 22 17 30 7 7 20 4 10 20 4 27 9 29 27 17 21 9 12 20 13 0 3 25 28 1 13 13 1 27 9 19 4 29 8 16 22 6 7 27 21 15 25 0 8 21 4 14 11 21 3 10 30
16 19 14 14 2 14 1 15 19 3 10 11 4 25 17 20 24 19 21 11 19 0 7 19 16 14 26 13 19 23 17 8 30 6 7 17 7 17 26 21 25 23 7 0 4 1 24 11 4 25 2 20 24 14 29 4 29 19 10 17 11 3 6 28 15 14 4 10 18 3 15 14 14 27
27 24 30 7 30 29 3 24 15 10 1 5 2 19 22 0 8 0 28 10 7 19 0 21 20 26 8 6 24 29 2 19 14 17 10 5 4 15 30 25 21 3 16 14 9 17 18 15 29 16 6 24 20 3 13 6 3 18 8 24 9 2 13 9 10 0 21 21 6 2 29 2 10 12
9 4 10 24 29 1 13 12 1 4 19 19 21 21 10 28 3 1 4 0 21 11 30 14 30 18 16 21 23 14 25 12 3 27 28 30 21 13 15 3 7 16 7 10 24 7 27 23 3 7 10 17 9 25 4 20 25 23 18 2 5 7 1 18 20 28 4 8 25 20 10 10 23 18
4 5 7 27 10 5 0 14 14 27 21 16 16 16 26 9 9 6 5 8 25 22 4 9 8 29 24 18 9 19 21 25 4 2 25 7 17 29 17 25 5 22 15 12 29 27 27 2 13 6 16 13 19 4 18 4 15 4 7 11 13 15 30 6 16 17 15 27 12 25 2 26 28 8
18 28 5 23 11 27 24 5 8 24 3 9 9 1 2 7 2 12 16 21 14 11 9 20 30 2 18 14 28 10 19 14 30 19 19 24 10 6 25 9 25 14 30 13 20 19 26 12 14 18 23 12 27 19 13 5 21 30 2 13 6 29 13 16 6 25 14 21 14 17 6 22 11 6
26 11 0 3 12 26 27 20 28 30 10 16 7 5 24 8 13 9 10 13 6 11 12 25 0 10 28 17 1 24 0 25 13 7 0 25 5 13 24 26 27 16 2 24 8 13 3 26 1 29 16 9 13 6 2 18 12 16 24 15 6 30 28 8 16 17 20 27 14 17 7 19 7 23
15 23 21 22 18 20 7 8 29 5 6 24 26 30 22 21 10 13 20 15 19 27 23 19 29 17 26 22 4 17 17 11 11 9 21 17 15 29 6 24 5 19 11 19 19 8 26 9 17 29 25 19 1 23 2 22 1 5 16 11 16 29 4 9 30 9 13 6 26 23 0 14 4 13
26 24 25 14 26 19 14 13 15 23 3 21 24 28 29 19 21 5 20 27 10 16 18 17 24 27 2 20 18 11 10 8 26 0 21 4 21 9 23 6 7 15 8 14 14 24 24 14 10 8 1 25 12 8 11 8 4 3 7 24 28 13 16 3 2 9 23 23 24 16 30 5 28 18
25 10 17 1 18 28 3 26 7 14 30 13 8 20 28 0 13 19 2 28 1 8 13 0 1 8 16 18 17 7 28 10 15 1 17 19 16 29 16 18 9 30 8 5 27 16 16 30 20 10 26 16 1 21 12 5 6 24 10 15 7 29 28 17 5 23 17 4 18 4 20 15 19 2
20 13 25 18 23 1 28 5 23 30 4 3 19 8 19 26 5 28 17 12 24 7 24 19 11 26 19 15 7 21 15 2 9 10 19 26 1 15 23 14 3 27 6 12 17 1 3 21 0 21 28 1 21 2 1 10 25 16 4 21 16 23 30 30 7 27 8 11 12 20 27 12 9 7
8 21 13 11 27 30 15 12 17 24 22 7 1 15 19 27 7 21 13 29 27 0 7 8 3 29 21 13 27 22 16 9 21 15 10 10 3 5 19 18 10 28 5 16 23 16 16 11 9 18 19 9 20 19 16 23 29 19 14 12 28 18 27 11 10 0 26 2 10 11 10 17 27 4
9 30 2 19 3 10 14 18 10 11 26 3 2 6 19 18 28 26 25 6 27 22 19 17 14 5 26 9 10 19 9 20 30 3 22 13 29 19 8 30 1 19 29 20 17 23 23 1 12 22 19 12 19 9 29 21 28 24 18 9 9 14 15 27 30 6 12 18 26 16 11 12 29 13
16 10 5 20 12 28 2 23 23 3 27 11 9 14 22 14 8 7 6 12 23 11 14 16 26 20 28 18 28 20 17 10 20 3 24 11 14 4 22 13 19 4 13 22 24 29 25 8 29 0 19 12 6 20 16 5 6 19 9 11 12 23 21 17 3 18 23 13 17 30 30 2 0 7
4 9 3 8 12 14 17 28 22 12 14 18 7 9 23 7 30 29 9 17 30 10 22 4 2 6 24 10 7 6 18 18 20 7 14 25 25 23 15 24 23 11 11 15 4 16 26 24 0 19 20 26 10 15 17 28 4 28 22 9 0 30 2 4 2 6 10 16 26 10 9 14 27 12
3 27 21 0 20 6 16 22 3 4 17 4 0 26 15 9 19 15 29 25 17 21 24 14 8 18 10 2 9 29 12 13 8 27 10 14 20 23 14 12 19 17 13 20 28 3 29 23 27 3 9 27 3 24 25 25 3 27 6 13 3 17 19 3 22 8 24 11 15 12 3 18 11 20
12 16 2 22 11 0 18 24 8 9 17 23 13 22 23 25 22 10 5 7 6 14 24 22 12 27 0 3 17 11 2 23 17 15 18 29 5 25 29 3 22 23 22 23 4 7 14 23 12 10 21 3 17 9 11 12 16 8 11 24 14 26 4 11 21 9 17 1 14 14 16 7 28 1
28 21 4 3 21 0 27 27 14 24 2 8 6 18 29 9 26 19 12 9 12 23 7 18 20 25 27 19 13 2 2 29 6 21 1 20 15 1 0 9 23 4 27 20 28 22 18 11 3 10 14 18 1 27 14 12 12 26 11 11 30 14 6 26 10 7 9 0 2 14 30 5 23 13
8 7 15 3 16 29 11 4 5 4 26 29 3 3 19 13 19 28 5 3 29 8 28 26 2 12 27 10 30 7 25 25 12 6 18 14 15 13 0 19 1 20 17 22 3 18 11 8 17 19 10 29 17 20 20 30 4 15 13 27 30 3 0 27 1 10 23 29 25 21 5 12 25 3
21 8 15 5 21 7 8 17 13 10 12 17 13 1 13 13 30 14 25 16 20 23 30 5 0 8 23 8 26 30 3 30 16 19 6 7 0 29 16 0 27 16 25 1 5 23 26 3 10 26 16 3 11 15 0 26 25 5 23 11 8 16 10 11 30 4 20 19 7 9 28 26 16 15
28 5 19 5 9 6 21 18 28 8 2 12 26 20 15 3 11 30 9 17 2 5 20 3 14 27 6 4 23 25 26 8 0 3 13 10 1 15 5 11 27 28 0 14 21 20 27 11 8 13 20 5 30 17 11 27 17 14 2 28 19 21 13 28 19 14 13 26 4 2 26 11 9 3
20 24 29 4 3 17 10 14 16 12 14 25 9 10 19 26 25 7 26 10 8 27 17 3 7 30 9 16 26 5 28 4 3 10 7 18 1 28 13 0 29 27 28 4 1 1 21 29 4 10 0 9 1 9 27 8 9 16 23 7 30 26 25 17 2 29 23 2 0 16 12 14 2 12
23 9 25 30 17 22 0 22 0 26 24 22 4 17 13 2 8 2 5 27 29 6 18 14 14 27 20 6 20 0 27 30 16 20 1 14 2 26 10 18 7 3 28 12 29 7 26 28 20 10 5 12 10 16 20 1 13 5 18 18 28 22 29 9 24 24 22 30 17 5 10 27 11 9
8 23 12 22 28 15 4 16 5 30 27 15 30 25 13 22 26 2 3 2 14 20 12 13 7 25 27 2 0 9 4 28 2 12 11 3 17 7 23 4 7 15 17 27 14 20 20 20 1 30 27 25 30 23 2 9 6 2 17 16 4 19 22 18 17 29 24 22 12 8 23 21 28 27
27 15 18 16 11 29 22 14 30 7 1 15 11 4 19 11 26 0 2 1 7 3 0 21 16 14 7 1 20 23 25 1 12 10 25 27 13 16 13 21 28 6 26 23 11 19 10 22 16 27 19 6 1 12 23 12 28 13 14 24 27 20 26 15 19 17 13 7 10 22 20 13 27 8
0 20 15 24 18 6 7 7 30 17 7 12 4 4 8 24 17 9 5 25 22 26 16 25 0 3 24 0 11 6 19 29 29 12 0 10 13 29 26 23 8 27 7 28 26 19 4 25 6 25 26 27 17 26 7 23 11 20 8 9 29 21 28 1 2 24 4 1 0 28 18 25 18 11
2 10 17 29 27 19 9 15 20 30 5 25 10 21 13 11 9 29 13 12 2 26 4 2 3 4 26 25 1 6 10 11 11 22 21 15 18 8 29 28 10 29 22 25 23 22 25 9 20 16 27 2 14 13 6 22 12 15 0 24 8 9 6 14 8 26 16 4 21 19 14 21 24 21
16 15 26 28 27 13 20 13 16 3 6 20 28 18 13 16 28 12 1 13 18 22 26 8 8 6 3 12 26 14 0 16 7 29 3 18 4 2 1 16 10 5 24 24 20 16 26 24 17 9 14 26 23 1 12 12 24 6 14 0 19 5 22 4 5 23 15 2 26 16 5 10 5 21
17 26 3 2 29 30 5 9 12 30 3 26 22 21 8 17 0 10 3 22 23 30 24 25 23 0 2 21 1 0 27 22 30 29 20 10 20 7 2 28 11 5 27 13 4 12 24 10 5 18 17 19 28 11 7 16 23 29 4 26 25 24 23 26 11 25 26 17 28 1 8 24 1 29
24 24 29 25 11 12 24 18 3 12 2 15 20 10 18 2 6 1 10 10 13 15 19 18 25 4 14 25 24 23 8 2 18 21 26 1 16 29 25 29 6 26 20 1 25 25 17 19 11 3 30 2 24 29 5 2 13 2 15 19 3 6 2 21 15 16 16 1 4 18 7 14 9 13
12 28 1 2 18 25 3 26 21 4 18 9 25 15 12 12 10 12 20 6 18 17 11 6 17 14 2 1 5 4 3 26 14 11 10 7 18 11 21 15 26 22 16 24 27 24 22 11 9 22 18 16 25 0 12 22 25 22 4 19 1 9 25 24 17 26 14 27 29 25 6 24 6 29
12 19 0 14 30 20 11 9 29 15 11 25 5 24 16 16 27 7 8 14 17 17 26 15 14 25 21 9 7 0 21 27 8 20 3 17 18 25 14 21 14 15 5 29 23 18 1 1 25 8 11 16 16 27 20 9 29 6 19 16 29 13 7 24 25 16 4 26 4 22 12 3 15 16
21 30 7 6 23 7 9 2 16 9 25 28 28 29 27 12 14 8 9 7 9 2 21 16 0 29 11 25 0 2 7 23 3 17 25 6 16 8 3 2 11 4 23 15 9 27 12 16 22 2 18 10 2 20 5 5 5 12 13 3 27 0 26 0 2 18 1 12 24 16 12 3 16 29
13 24 4 17 7 14 17 27 3 4 11 29 3 0 14 5 27 22 28 15 5 27 0 12 9 20 13 14 5 14 23 10 14 27 20 26 26 0 15 25 23 16 25 10 30 2 28 13 1 7 7 13 11 28 5 29 21 16 15 14 17 3 15 9 2 5 16 2 22 21 11 20 28 23
25 14 5 19 29 0 26 22 9 5 8 26 8 28 17 15 29 8 14 0 9 16 22 0 2 21 10 25 0 29 24 13 29 23 12 19 8 9 7 3 7 26 11 18 30 10 4 19 26 6 0 4 3 10 15 0 29 7 17 19 26 4 23 12 10 8 30 12 2 6 12 26 12 21
0 27 11 19 29 11 13 30 4 21 2 18 4 4 19 4 15 9 23 11 0 12 27 8 28 11 12 30 16 13 5 15 16 20 28 29 4 16 24 30 9 24 15 1 2 18 6 7 4 4 28 1 16 23 27 13 24 6 15 12 8 2 11 1 21 20 4 18 17 9 2 18 0 0
22 12 4 25 8 28 19 22 10 13 4 12 21 15 9 11 17 29 27 26 11 7 15 26 10 23 7 23 13 25 0 29 30 25 8 18 23 15 27 7 17 26 13 22 21 14 8 7 12 30 22 3 2 14 22 2 18 11 20 27 6 24 4 7 30 0 5 25 5 24 23 2 20 29
25 10 30 24 19 19 17 17 15 12 2 14 19 13 27 27 17 14 7 19 29 15 18 24 23 16 14 17 8 0 10 16 18 23 9 20 2 14 24 18 2 5 25 29 12 19 22 27 28 19 8 21 0 18 3 20 1 2 10 17 29 17 17 28 0 27 11 7 0 26 9 18 3 26
7 11 11 3 16 9 15 30 12 2 28 2 26 14 30 22 16 15 21 25 29 10 3 18 3 14 1 2 6 8 23 14 26 30 24 18 23 27 17 26 12 6 16 7 5 23 22 12 28 12 11 21 28 24 28 20 11 15 15 26 2 11 6 7 10 16 19 5 30 27 15 29 12 4
7 23 18 17 24 24 14 21 25 15 20 6 19 1 1 12 16 23 9 26 26 26 21 23 28 4 21 23 12 3 7 18 29 12 21 1 27 1 24 22 28 21 30 4 25 16 24 2 4 11 30 7 19 0 12 8 0 30 13 4 28 24 23 18 16 12 1 5 8 21 8 15 19 20
1 4 11 23 29 26 4 9 0 18 4 24 6 19 17 17 11 14 17 24 26 18 15 6 5 13 0 23 3 8 13 7 12 19 19 11 6 0 0 12 14 28 18 3 8 7 0 3 3 13 25 15 3 26 7 11 24 12 3 12 5 24 21 3 20 20 25 29 0 8 30 4 3 19
24 20 28 2 26 29 7 29 11 21 16 23 7 20 16 0 19 0 16 8 8 1 10 21 30 8 5 9 25 3 20 24 12 11 9 19 18 2 8 5 7 3 18 14 25 11 20 19 4 21 5 30 18 29 27 2 21 29 5 27 1 0 10 7 4 19 8 19 28 7 19 19 28 21
24 4 3 16 25 20 9 6 19 18 25 29 25 5 7 4 16 25 1 7 24 14 7 23 17 17 18 30 16 15 26 22 17 5 22 3 27 13 24 18 4 3 0 29 26 3 18 14 4 5 12 17 25 30 5 15 30 15 0 19 2 9 5 28 21 27 7 2 18 19 7 23 25 28
17 29 12 6 23 8 15 13 21 21 24 19 2 23 28 27 10 25 5 24 6 24 25 7 14 1 4 22 15 19 26 23 28 8 4 9 23 26 30 23 28 3 11 29 1 30 16 16 0 28 4 22 22 25 13 22 24 2 14 9 11 10 12 2 9 12 25 10 12 12 0 27 0 6
19 18 20 20 14 22 23 3 29 18 15 26 15 16 29 29 25 3 9 25 20 25 17 28 3 1 3 28 7 6 21 7 10 27 21 6 30 0 25 12 9 30 10 20 13 17 14 3 20 26 14 22 19 19 10 19 26 27 7 13 28 8 4 27 10 26 20 11 17 0 12 27 12 1
29 14 16 25 10 26 22 5 15 14 11 19 3 23 17 3 2 7 22 30 22 10 29 5 23 8 29 2 18 2 20 19 22 17 1 1 14 21 9 16 25 8 23 5 26 5 29 25 25 30 28 24 10 26 15 23 9 28 4 11 13 5 4 3 17 16 7 22 23 28 20 18 30 21
0 6 18 16 18 28 28 3 12 3 21 2 15 3 6 12 25 29 17 4 12 2 10 14 27 22 12 0 22 0 26 19 30 3 22 10 1 19 4 3 3 6 21 29 28 8 29 3 17 12 22 29 12 20 14 18 28 10 16 8 8 9 7 30 7 10 21 30 4 9 7 19 13 28
20 12 29 4 6 7 12 25 19 12 14 23 19 4 0 23 1 14 28 20 16 24 11 17 6 16 8 1 24 28 21 21 10 28 26 24 29 9 2 12 6 17 3 14 7 12 22 10 11 23 25 15 17 7 17 25 28 23 2 23 21 2 18 30 29 6 20 28 10 26 8 2 6 19
12 3 22 9 5 27 17 24 26 4 11 30 5 2 17 30 22 18 26 4 14 9 0 2 27 29 23 4 3 7 26 8 16 16 6 10 5 13 25 23 29 17 14 11 14 30 20 27 18 14 1 26 10 24 12 17 22 1 18 10 30 14 3 25 13 18 26 2 29 12 11 7 23 5
12 18 5 20 14 20 11 10 30 13 12 24 19 15 16 15 27 13 13 3 14 4 28 0 7 23 30 13 8 0 18 13 14 20 9 15 4 23 27 22 10 22 9 17 22 24 8 30 11 3 22 27 29 8 8 20 7 8 12 16 17 3 29 27 3 10 13 3 25 27 15 20 22 30
0 7 16 6 29 3 27 24 23 27 4 28 1 25 19 8 19 29 23 29 0 25 1 5 11 0 13 3 23 7 8 4 25 9 22 29 3 3 25 10 17 26 8 28 25 26 12 13 29 26 2 3 0 1 6 8 26 27 29 13 8 14 4 26 17 14 27 2 20 0 0 22 21 0
20 19 1 30 22 1 12 27 28 7 11 16 6 2 3 8 0 15 28 30 25 12 13 13 1 15 13 6 26 3 8 0 22 6 25 9 21 16 11 19 9 19 4 26 9 30 19 15 9 23 7 15 6 3 4 0 3 21 15 7 22 20 26 14 17 26 17 7 30 13 26 18 9 27
14 4 21 18 24 18 13 0 11 17 5 24 15 3 6 7 19 17 22 14 1 13 4 12 17 28 28 9 26 24 19 21 11 8 0 29 22 20 3 4 24 22 15 12 9 19 17 20 7 13 10 13 24 23 6 17 23 7 30 5 23 9 15 11 19 30 5 28 16 21 21 15 27 20
28 11 27 7 9 10 27 14 13 14 21 24 4 27 30 12 23 2 6 8 23 7 17 25 11 10 26 25 20 17 10 2 21 2 8 19 20 0 12 17 17 18 0 29 15 17 12 25 12 11 29 13 23 30 1 11 21 17 19 12 20 19 23 23 2 0 13 24 1 6 1 3 7 13
9 24 21 23 23 3 1 30 26 7 3 24 25 20 9 5 2 22 1 27 0 0 1 14 21 29 0 6 27 23 11 5 8 17 9 0 23 1 26 0 4 14 0 23 0 16 5 0 10 14 5 3 13 1 13 14 1 24 0 29 29 30 26 14 20 17 16 12 1 1 27 14 9 10
7 25 17 30 11 13 25 25 10 29 24 26 23 20 5 5 27 19 1 28 16 23 4 27 25 26 28 9 16 1 3 23 22 14 6 27 26 12 18 5 18 20 5 23 29 17 30 17 29 17 14 10 9 18 28 1 12 25 18 3 13 3 10 18 21 22 3 0 15 19 3 27 22 18
1 16 29 23 18 20 26 21 18 23 2 6 6 13 13 3 2 7 1 14 9 11 27 10 26 15 11 23 3 17 27 12 6 7 0 1 24 30 27 19 27 12 10 25 12 10 19 17 19 26 17 29 2 28 1 0 4 14 19 20 29 26 24 17 22 14 29 18 24 1 0 2 1 15
4 13 22 3 14 5 13 9 13 26 12 0 4 23 2 1 8 8 28 10 16 12 9 15 24 1 9 25 26 24 1 9 3 1 4 1 6 9 27 4 2 6 16 18 21 2 17 6 14 5 15 20 16 28 27 5 21 10 27 4 10 19 20 27 27 21 21 22 4 9 28 30 12 0
17 28 7 13 19 15 26 23 3 28 0 16 1 29 25 7 0 30 29 8 25 6 0 28 21 29 14 11 12 2 25 21 13 2 20 23 30 9 13 3 4 10 14 10 11 22 21 5 20 8 3 3 9 10 29 15 30 16 24 15 15 30 0 6 22 10 7 19 2 6 8 17 28 29
23 6 16 2 1 15 5 16 1 14 28 27 4 8 18 28 22 9 6 8 30 24 11 7 9 22 1 9 20 12 4 5 12 1 12 23 9 13 4 5 28 19 27 19 17 28 16 19 6 11 9 28 2 1 16 19 24 11 20 6 1 16 21 3 5 5 16 21 13 26 23 19 2 27
26 4 6 21 26 2 8 4 12 27 1 20 5 3 14 15 13 30 22 30 20 5 20 19 29 13 28 23 24 17 4 23 13 16 28 12 26 2 28 26 6 18 29 18 4 28 2 3 25 29 20 24 0 20 3 4 27 11 25 14 12 15 11 1 17 15 27 28 4 19 22 6 22 0
1 28 9 29 30 8 13 11 1 7 5 4 10 10 16 14 19 17 27 19 23 24 20 19 9 5 23 11 19 3 19 15 17 5 1 29 3 0 11 27 29 22 0 30 27 1 17 20 29 26 8 8 13 8 15 15 19 22 27 24 18 5 16 23 4 30 24 3 17 29 16 12 4 30
12 0 9 26 23 15 24 11 24 17 2 25 9 28 26 7 8 16 22 2 7 20 21 7 10 22 30 14 11 15 18 26 24 26 16 5 9 10 29 14 16 25 8 12 6 5 1 25 28 4 19 17 7 19 7 13 9 11 15 6 28 21 28 21 27 22 0 12 19 1 22 11 24 30
19 28 16 2 13 12 0 27 5 17 4 6 1 11 28 7 18 4 1 14 18 21 5 5 26 0 30 5 29 8 25 21 28 11 30 19 30 23 2 7 29 8 1 21 27 6 21 12 2 13 15 13 2 30 0 7 9 10 17 23 6 0 28 22 6 28 21 2 28 6 14 15 0 11
1 5 10 17 30 18 8 1 17 4 16 19 30 1 17 22 29 9 25 13 29 28 19 25 30 20 21 5 13 6 25 17 3 2 25 1 3 30 26 2 28 20 12 21 29 6 17 27 15 11 9 3 3 8 9 15 3 25 17 17 24 27 22 24 6 1 9 28 14 20 3 17 0 14
4 13 30 23 30 1 3 17 1 1 2 4 11 5 23 25 29 1 26 15 22 28 10 19 21 5 10 6 24 7 1 9 0 16 13 19 28 0 3 14 14 25 24 13 12 23 12 8 1 9 26 24 2 19 11 11 9 29 0 29 13 19 6 4 14 2 3 14 17 6 18 21 30 21
13 23 3 11 21 16 28 19 7 30 1 25 11 22 11 5 16 4 27 27 23 22 22 6 19 3 10 16 20 25 15 27 10 10 12 3 28 8 4 14 13 20 23 13 4 21 5 24 8 1 9 27 24 9 14 27 25 29 29 19 25 27 2 2 22 23 28 14 16 18 13 12 8 15
19 30 18 14 0 14 15 19 20 22 21 11 29 23 29 26 20 23 29 7 29 6 0 24 5 1 13 29 23 2 1 1 9 18 16 1 11 24 27 13 17 8 21 25 17 14 14 28 25 22 20 12 3 1 8 3 19 20 20 5 5 8 30 23 22 25 2 27 5 29 7 20 26 3
28 19 8 13 16 4 9 4 28 18 23 5 13 12 4 6 18 4 30 13 6 5 0 14 6 12 0 24 7 13 30 5 11 19 27 26 9 7 5 17 23 23 22 9 3 26 1 6 6 1 9 19 30 25 0 12 10 0 2 27 30 12 25 8 15 10 11 2 25 29 16 16 17 1
28 21 1 30 14 24 21 24 25 21 24 16 27 3 2 24 22 9 1 29 4 18 22 25 7 10 0 13 28 4 30 22 7 30 0 16 23 2 18 2 28 9 12 22 10 5 20 25 30 8 13 20 3 5 0 3 9 17 16 2 11 20 20 11 10 0 9 13 30 23 1 21 22 10
