76 76
16 9 0 14 13 12 20 19 29 26 24 19 12 2 5 10 20 24 5 8 16 15 5 2 28 21 29 30 1 28 14 15 2 0 27 28 9 18 30 27 14 29 29 17 8 20 20 19 4 24 24 23 2 9 0 14 5 2 16 3 6 26 6 16 18 29 22 8 10 17 15 5 10 23 18 1
10 26 18 4 16 26 3 24 20 5 18 17 28 2 9 5 4 6 21 30 18 9 13 12 11 0 20 8 10 23 30 15 1 13 8 9 2 19 27 30 4 28 25 7 9 2 20 4 1 18 5 8 25 3 21 16 19 28 13 24 24 7 17 16 25 23 10 27 24 6 4 14 28 3 1 25
19 21 25 25 18 29 0 22 19 30 0 30 13 24 17 23 6 30 24 13 22 23 8 0 3 19 8 27 3 22 29 1 24 19 19 30 0 30 18 20 12 30 9 17 24 1 16 20 10 21 25 0 0 25 29 4 24 21 12 0 16 5 8 3 5 22 18 11 1 3 29 3 0 11 21 29
2 11 21 8 11 8 6 8 10 29 0 1 30 28 2 28 14 1 20 2 10 14 7 28 22 0 29 17 1 19 26 21 11 8 14 0 28 5 9 19 19 15 18 27 14 16 21 29 28 18 18 10 15 26 12 27 12 9 28 15 12 11 11 7 18 9 30 9 0 26 25 28 10 30 20 24
26 15 18 5 10 15 14 1 16 6 11 15 1 1 27 6 20 29 0 9 26 11 21 30 1 28 17 25 22 18 18 19 18 5 12 9 27 5 12 20 17 11 19 15 6 14 13 8 3 7 23 17 9 8 21 26 13 19 4 18 2 16 0 16 27 4 26 1 8 9 4 26 22 16 29 9
19 28 8 23 6 9 4 14 4 17 4 24 14 3 13 20 9 30 28 7 4 6 15 19 6 30 10 29 5 19 0 18 8 29 18 11 19 28 29 29 26 12 22 27 3 14 22 16 15 15 21 24 30 28 26 15 20 15 24 25 17 29 4 11 23 7 12 22 2 1 7 17 22 4 13 10
9 11 0 20 25 7 18 27 5 27 7 11 25 0 1 21 20 22 17 7 27 10 23 8 9 7 22 8 13 11 17 4 2 1 7 4 27 15 11 26 18 15 20 0 19 4 26 3 26 10 28 25 0 7 25 10 10 11 14 13 30 29 0 30 6 30 25 16 5 18 30 5 23 14 25 17
27 1 13 29 30 11 11 8 3 29 15 25 13 11 9 9 13 0 0 19 18 12 13 30 11 14 3 16 14 9 10 6 10 1 2 29 20 3 2 29 7 12 25 7 2 20 4 30 15 19 19 27 4 20 2 17 27 19 28 0 19 11 24 26 16 21 2 6 10 30 11 8 14 13 3 19
21 18 22 0 9 12 21 21 8 13 10 7 8 8 13 23 6 19 25 27 10 9 14 8 14 26 6 24 10 29 7 4 5 4 0 19 12 2 0 2 10 13 6 18 12 9 16 17 25 20 19 5 20 27 11 30 9 27 30 6 13 3 24 3 22 30 18 23 22 25 30 23 18 20 28 12
18 23 18 5 9 16 4 12 14 25 9 5 14 13 0 15 22 13 15 17 26 2 25 21 23 16 27 8 8 21 0 26 16 12 9 28 14 13 13 7 30 27 4 16 25 10 17 6 15 10 13 22 12 11 13 11 27 26 10 25 4 6 27 16 14 24 26 22 8 11 4 25 12 14 14 2
23 18 1 25 4 7 17 25 5 3 23 5 25 9 15 9 19 22 15 25 14 7 7 9 28 24 2 3 21 8 12 18 11 7 15 22 30 5 14 4 29 0 24 0 2 8 2 21 17 2 0 12 30 30 19 5 22 20 21 18 25 24 1 7 3 17 28 21 13 3 13 18 0 9 12 15
2 29 30 26 20 0 1 18 5 30 17 3 17 2 11 17 26 7 9 25 23 12 18 10 28 15 4 3 2 28 29 24 11 12 17 18 29 6 7 12 17 4 13 5 20 26 14 29 22 4 28 16 18 5 20 28 2 1 29 23 10 18 15 27 9 2 18 10 4 9 15 3 2 17 12 23
17 28 11 25 16 13 13 19 11 16 8 13 18 10 19 2 19 6 23 23 3 6 6 19 29 22 7 8 20 29 30 25 25 28 29 7 6 29 17 14 12 10 14 7 0 26 2 18 17 29 0 23 18 29 12 20 13 23 2 17 9 7 8 28 3 24 12 16 18 13 20 2 5 7 20 15
11 13 27 14 15 0 5 10 12 5 6 24 27 22 23 28 5 2 12 23 23 20 12 19 26 26 17 24 9 28 9 8 0 13 3 10 7 25 0 26 24 14 4 12 6 3 11 6 15 16 9 2 20 12 11 18 22 3 6 25 19 20 5 11 8 6 29 3 29 12 17 14 6 22 6 24
27 23 5 0 11 2 29 15 3 15 19 12 12 15 27 6 4 5 18 22 19 6 14 29 16 6 7 25 27 24 6 3 12 29 27 23 22 20 9 21 19 12 13 9 2 10 21 22 9 8 15 20 19 30 24 0 8 25 23 14 18 18 5 15 20 4 26 1 5 7 30 27 29 13 16 17
30 5 6 28 6 27 18 7 3 20 19 19 4 15 7 21 10 15 5 15 5 17 0 12 14 1 9 6 29 26 0 20 28 4 6 4 13 3 18 25 11 2 24 30 29 12 29 3 10 25 0 20 29 29 17 14 12 2 3 6 30 2 28 25 29 14 5 21 21 2 15 27 14 9 1 22
27 11 28 26 18 20 16 3 12 30 9 2 3 15 28 27 12 5 5 1 5 16 22 21 30 23 29 3 7 18 24 10 25 17 1 3 10 29 7 1 25 13 21 11 30 0 14 18 2 7 6 18 16 18 14 30 12 12 30 14 6 11 22 8 24 17 0 20 7 23 5 20 20 20 14 24
4 11 18 23 30 23 26 4 26 17 4 9 18 25 20 25 10 14 20 6 13 26 21 1 3 26 13 6 23 24 2 26 18 28 1 5 11 11 9 2 8 27 1 28 8 20 0 15 1 5 18 3 16 30 17 26 19 20 9 18 27 27 18 22 0 29 7 9 28 27 13 12 25 30 26 7
8 19 18 2 3 11 4 23 30 20 23 17 24 17 13 21 29 24 14 24 26 13 17 21 9 5 29 12 13 7 5 9 0 10 10 2 19 11 24 0 11 27 18 27 13 14 21 21 30 30 26 1 5 11 13 11 2 6 30 5 18 14 12 27 30 3 8 17 20 21 26 14 22 29 16 29
9 24 20 2 11 22 21 3 24 27 21 12 18 30 0 10 24 21 17 30 14 30 22 23 7 21 22 29 9 19 12 12 3 26 23 3 10 11 26 10 30 21 20 7 28 0 24 26 30 24 5 25 4 7 18 22 4 21 25 30 12 23 11 10 1 26 7 10 10 8 12 10 19 23 14 5
13 1 11 25 3 16 26 14 4 22 14 13 11 8 13 11 2 18 11 27 16 7 8 9 15 11 25 15 21 12 18 20 16 17 3 17 11 18 29 17 2 17 14 5 25 24 1 13 10 22 4 30 7 25 23 9 1 25 24 17 16 0 5 19 13 30 29 12 11 0 25 22 20 8 25 16
28 19 24 7 16 3 15 30 16 12 20 14 23 14 30 3 17 9 23 28 15 24 7 19 12 30 8 7 16 15 21 24 20 19 20 27 12 1 27 21 15 13 13 14 22 12 15 18 18 9 27 29 17 26 28 27 8 1 28 22 24 2 4 26 9 23 12 13 17 5 24 11 2 2 6 16
1 20 14 11 25 15 25 24 20 22 17 29 15 5 8 8 22 17 7 5 11 4 24 17 21 28 9 16 29 2 14 2 21 30 15 14 16 10 24 29 17 30 30 3 16 6 19 7 9 28 1 25 24 18 7 14 22 14 29 8 7 14 27 11 24 26 18 26 0 1 21 9 0 3 21 24
16 11 2 5 17 10 3 25 20 17 19 19 14 17 16 26 0 9 17 22 24 8 27 0 5 30 16 21 25 12 1 10 4 26 13 19 6 1 5 10 5 11 7 14 6 3 16 10 26 7 10 16 17 24 3 16 22 9 2 29 29 29 11 3 4 6 18 23 4 4 15 13 25 25 25 2
0 23 30 17 5 14 29 9 29 16 14 28 2 21 0 30 12 26 27 8 8 4 3 10 12 11 22 17 4 5 0 28 16 9 19 5 17 11 15 6 21 27 25 13 19 25 3 5 10 24 5 23 19 10 6 28 13 28 20 30 7 10 23 15 11 17 8 26 12 27 19 4 0 14 3 10
13 30 22 3 14 30 14 25 0 19 6 8 19 10 17 15 0 26 22 4 8 6 25 8 14 11 30 20 8 17 22 5 19 27 1 4 25 5 25 22 24 6 27 21 29 23 13 2 1 9 14 16 26 0 11 18 16 28 29 27 20 27 5 15 5 10 20 19 30 30 14 11 27 20 4 12
11 23 20 15 30 5 20 7 28 27 22 23 23 24 14 3 2 24 9 1 19 10 16 17 16 2 25 21 21 23 30 3 5 15 18 30 0 15 27 29 30 7 24 22 16 2 24 26 18 12 11 22 10 23 29 10 6 5 17 6 13 24 20 4 22 13 9 6 1 22 27 21 3 13 18 22
8 23 10 9 16 0 13 24 28 20 11 20 6 6 19 28 12 17 11 29 15 25 15 8 25 12 26 30 14 8 17 10 13 29 21 15 18 27 0 20 4 2 7 15 28 18 16 24 12 25 14 26 5 0 8 5 20 21 6 7 26 1 6 0 6 10 14 1 1 19 22 18 30 10 19 25
17 17 27 15 22 10 1 6 5 19 22 12 8 29 14 12 28 14 30 23 19 6 4 17 4 15 22 16 9 11 16 28 29 27 5 20 7 25 1 4 28 10 17 19 18 16 25 14 30 22 4 8 30 11 23 2 30 9 25 11 30 7 1 29 11 4 30 5 13 24 9 14 21 0 29 3
10 12 0 5 21 18 21 4 25 5 26 13 6 27 7 3 18 23 0 23 25 30 13 7 3 1 24 2 3 11 4 7 20 1 22 15 4 23 7 15 17 4 0 13 4 12 16 27 0 23 9 15 2 8 4 10 6 10 17 7 5 28 3 16 30 16 18 0 14 5 10 21 1 5 10 20
21 2 12 3 26 24 15 14 3 22 16 9 27 8 17 0 10 17 25 23 14 7 17 18 10 17 9 25 11 6 10 4 11 24 14 3 20 11 4 13 1 24 19 18 21 5 4 13 24 7 13 17 17 13 0 9 25 6 15 19 28 3 4 13 10 28 6 7 9 11 24 29 3 20 16 25
2 15 7 3 10 17 15 21 30 10 3 5 16 4 27 29 15 13 19 30 30 1 17 24 27 7 15 11 19 24 2 8 24 25 11 12 24 15 23 23 3 28 30 1 7 0 24 4 30 8 8 2 24 27 22 13 21 26 22 3 18 10 29 0 25 5 3 22 29 5 25 0 9 5 30 5
17 7 11 14 9 29 29 22 15 30 24 10 26 1 7 26 3 5 19 14 0 19 11 3 28 21 1 13 10 11 2 13 16 3 17 25 2 11 25 1 11 3 1 30 12 0 5 23 4 10 27 16 24 9 16 21 12 7 8 20 10 25 4 22 6 11 14 11 0 26 21 0 23 17 1 13
4 17 30 20 1 1 30 13 29 8 30 27 12 19 11 11 3 8 7 6 11 1 1 0 8 8 18 19 23 8 10 14 2 10 30 12 27 26 20 3 14 14 25 20 0 5 23 0 28 21 9 0 1 11 2 24 2 11 0 23 2 24 4 14 4 17 12 9 17 12 30 4 2 24 2 11
11 22 2 25 8 14 7 7 4 30 19 17 15 16 29 4 19 9 8 21 13 27 4 13 10 26 1 30 1 7 0 12 18 12 4 24 30 18 4 26 19 13 5 28 16 22 25 27 16 28 10 24 20 9 18 28 9 3 9 13 29 8 4 14 24 7 2 26 2 24 7 20 4 14 5 16
25 6 23 26 27 6 10 4 19 27 4 17 26 19 30 27 25 18 14 16 0 20 1 10 21 22 15 0 29 15 8 20 26 3 9 17 25 18 18 17 16 28 29 16 16 30 0 14 6 13 7 28 25 26 24 13 23 14 18 23 24 22 8 12 23 0 21 25 29 10 21 29 13 6 9 4
1 2 6 3 29 7 9 13 23 10 26 7 5 23 18 2 17 3 22 8 9 26 18 10 16 7 10 30 11 7 22 13 24 17 13 7 9 1 13 8 13 25 0 20 23 28 28 10 1 28 21 27 2 15 3 24 15 24 9 29 8 28 17 2 7 5 28 3 16 0 28 14 29 30 5 10
17 28 21 11 27 13 22 4 25 10 13 7 4 30 23 21 10 18 15 18 17 7 11 28 26 23 21 7 29 18 5 4 22 21 11 18 30 25 24 13 3 14 18 29 9 16 22 21 7 23 11 8 8 1 10 22 26 30 10 29 15 21 26 10 26 4 4 25 20 12 4 20 18 28 10 24
6 19 19 19 14 28 25 8 5 10 2 10 23 30 16 2 2 5 18 16 25 12 5 24 13 8 7 9 10 14 18 29 8 15 19 25 25 30 19 9 15 16 8 23 15 28 22 0 6 18 29 10 15 10 5 15 8 14 24 24 29 24 24 28 17 20 18 19 10 25 21 28 6 6 11 3
0 12 27 0 1 7 6 16 20 0 19 8 0 13 4 0 16 23 7 13 13 29 30 6 8 19 25 6 10 28 15 27 10 9 3 19 6 28 10 5 10 19 3 27 28 28 4 29 10 19 23 22 30 14 12 11 22 30 8 19 25 28 17 15 14 14 21 15 2 9 11 2 13 21 28 29
17 25 9 1 13 3 1 19 22 21 0 10 14 25 16 21 30 26 25 16 30 25 26 26 30 11 7 25 5 16 12 15 25 22 28 3 1 5 14 4 25 24 12 24 10 24 29 7 27 9 19 23 28 5 8 20 30 2 1 11 13 14 27 18 15 8 17 12 7 2 16 19 14 30 3 11
4 1 20 6 19 16 16 10 13 26 4 21 20 30 12 30 13 30 17 3 8 15 13 28 1 15 11 22 16 8 28 3 11 6 23 1 22 17 18 17 2 26 23 14 7 21 27 11 23 17 1 13 28 7 3 5 13 30 19 24 18 24 17 1 16 21 29 13 11 25 21 30 29 27 9 1
24 22 21 26 6 7 8 24 7 2 25 12 19 28 14 14 3 5 23 0 23 14 21 7 25 26 7 16 26 19 29 12 16 14 23 0 8 14 0 16 25 24 25 5 27 12 9 13 21 13 22 14 18 22 25 22 11 11 14 30 10 4 3 15 18 6 17 7 4 13 20 4 29 9 1 23
7 10 25 20 19 13 10 21 1 21 20 0 8 22 18 8 18 7 16 24 25 12 20 23 3 4 14 3 12 6 22 16 16 16 9 15 3 30 0 27 12 18 0 14 23 29 17 10 27 20 20 14 30 22 13 27 11 11 5 21 6 13 25 15 23 8 7 19 9 17 5 24 9 2 29 19
15 13 2 11 12 2 9 30 16 1 4 16 25 10 20 9 16 30 6 27 5 12 21 17 26 10 17 28 20 4 13 7 9 16 5 25 5 3 23 10 8 13 20 17 24 0 16 12 20 30 4 12 9 23 8 11 17 24 30 11 14 3 6 16 24 0 19 21 21 0 28 5 1 13 4 8
27 12 22 21 23 14 30 13 22 0 25 28 15 13 8 4 26 6 18 22 23 25 30 30 27 4 17 2 5 12 18 12 18 10 15 25 14 24 5 1 6 14 8 11 16 5 16 29 25 17 4 1 30 26 27 4 1 18 0 22 14 11 29 22 2 14 9 0 16 14 10 11 1 11 12 30
20 3 8 12 5 11 6 17 24 25 2 13 18 16 20 2 2 10 22 21 22 0 7 5 18 19 7 20 27 27 30 17 24 26 5 20 14 27 10 17 24 16 21 29 21 21 2 18 12 9 10 22 27 27 11 25 1 11 29 13 2 20 15 30 18 20 29 2 25 0 18 17 12 9 11 3
8 30 21 24 22 11 15 23 9 20 28 4 10 26 1 16 26 3 18 6 9 6 29 23 30 5 0 26 10 0 7 13 18 21 29 25 4 27 8 26 7 4 13 9 5 30 2 17 13 11 24 26 15 13 23 19 23 28 14 1 5 15 3 27 30 28 2 0 29 0 24 28 29 4 2 14
28 13 27 3 27 24 4 6 18 24 7 4 0 1 12 11 19 29 7 8 30 11 0 24 9 24 30 7 1 27 4 20 6 22 28 29 24 3 17 13 29 8 4 23 7 26 10 6 9 18 29 3 24 20 18 13 20 28 13 5 7 9 28 17 16 26 6 9 29 14 18 27 20 28 7 21
17 2 20 26 18 15 0 16 2 28 8 25 27 13 2 24 20 9 11 29 12 24 22 28 2 11 8 4 27 1 29 1 12 30 25 18 24 4 21 9 16 8 18 17 29 23 18 28 30 3 19 20 19 24 2 18 0 12 15 1 18 14 12 25 22 27 19 0 19 29 9 22 20 22 5 26
27 20 28 5 17 21 25 1 23 10 14 18 26 0 10 3 28 4 2 12 11 1 20 15 16 19 9 10 12 3 26 7 0 7 3 22 0 27 9 20 1 29 23 18 16 8 0 20 16 14 22 8 15 3 16 15 14 3 1 4 29 7 21 27 28 26 6 1 7 25 27 25 9 22 29 21
11 12 11 18 6 2 15 8 18 24 11 21 15 9 10 19 17 3 1 26 2 7 28 20 30 2 24 24 24 20 11 25 16 28 15 24 28 9 12 29 24 7 22 28 28 1 27 26 1 16 8 28 21 18 11 0 10 1 19 21 16 13 12 21 0 26 8 25 4 12 1 0 17 26 11 18
4 8 23 9 2 12 19 9 26 18 14 15 27 21 29 5 14 10 23 28 22 10 3 26 5 15 18 22 23 17 13 0 12 22 13 3 26 6 25 13 26 24 25 20 3 14 30 1 20 2 3 13 16 28 28 15 18 27 28 16 26 23 10 2 9 11 11 17 27 4 3 2 8 29 25 27
11 18 24 10 4 14 12 22 10 24 9 10 16 25 14 30 15 8 16 8 18 19 8 22 27 9 6 1 24 5 16 23 30 27 25 29 1 5 22 8 1 26 30 8 23 7 17 21 0 23 0 26 22 22 5 25 24 2 29 7 28 3 24 3 19 30 29 17 29 11 12 8 17 0 22 0
5 6 20 28 0 14 18 29 1 27 25 14 18 18 0 15 24 9 29 24 3 11 25 29 8 26 3 2 19 17 18 14 22 19 18 12 23 9 2 3 13 25 11 4 10 16 12 12 4 30 3 10 0 16 1 1 8 24 22 28 1 23 14 5 19 25 21 0 12 1 13 12 19 20 12 3
1 17 12 28 1 23 22 0 22 10 9 18 29 25 26 18 0 15 18 11 18 2 15 8 15 17 21 20 20 15 13 21 2 7 16 19 7 6 21 4 14 15 29 19 29 17 18 12 14 4 4 18 19 23 28 24 24 6 23 0 4 27 14 30 26 29 16 28 12 15 30 21 20 17 9 19
29 2 23 5 13 13 28 20 2 30 2 8 11 13 28 21 5 18 14 4 5 15 19 28 30 15 8 2 21 28 0 7 26 19 30 2 15 24 4 5 5 26 13 11 27 1 11 19 5 29 15 9 28 25 27 2 1 15 8 23 13 23 21 1 6 8 26 3 12 27 28 1 18 26 17 12
1 13 25 24 13 28 23 16 15 24 27 4 17 2 22 7 24 24 24 5 30 2 3 9 23 6 29 14 16 1 19 5 13 29 12 14 26 11 18 2 0 8 1 11 13 19 18 10 0 11 20 6 23 6 18 19 24 24 12 13 18 17 26 27 29 16 6 26 2 26 9 8 6 9 19 21
24 11 26 3 20 14 3 8 1 6 20 27 14 20 23 27 16 16 12 28 11 25 11 11 29 12 1 6 27 21 18 16 10 4 9 6 27 14 29 7 30 19 4 12 5 8 1 6 15 26 0 14 21 20 12 21 27 28 27 18 8 21 9 15 29 21 20 21 12 19 17 22 15 22 15 5
7 7 14 5 7 27 16 17 3 30 24 3 29 27 29 18 16 11 5 8 10 18 6 27 17 14 2 0 19 14 29 8 12 23 5 30 22 17 20 10 3 16 12 25 22 30 11 29 27 12 8 3 21 19 1 19 14 30 19 6 14 5 2 12 19 24 25 0 3 7 28 14 1 19 12 6
20 16 12 21 23 17 23 19 12 6 16 23 13 19 15 8 28 26 24 26 12 15 1 1 19 11 2 4 16 10 6 7 3 15 6 0 16 4 22 23 17 3 5 0 2 9 23 27 6 5 27 14 10 2 17 17 14 24 13 23 22 22 28 3 12 16 16 9 27 0 16 10 6 5 11 25
11 20 0 27 13 13 22 18 17 17 30 24 14 23 29 19 11 15 6 19 25 26 25 23 3 6 4 17 22 20 12 27 0 19 29 4 17 19 6 24 16 16 16 12 1 30 26 20 15 0 15 8 4 17 22 9 11 0 0 7 12 1 26 2 14 4 23 21 30 29 10 10 3 8 23 26
19 7 22 3 8 23 18 16 2 21 26 15 10 23 27 29 0 2 3 30 8 18 26 23 6 6 18 10 22 18 9 21 8 17 27 11 27 24 25 10 12 14 16 18 2 0 29 14 28 29 1 23 25 8 4 20 8 27 22 7 28 23 0 20 1 5 29 25 1 2 29 6 22 3 22 23
15 26 29 24 16 11 22 5 13 2 18 3 1 6 27 15 28 27 30 12 7 23 8 3 17 5 15 14 19 5 12 5 20 23 22 22 23 1 18 28 7 20 15 26 10 4 10 28 9 25 0 15 20 10 14 30 0 2 11 29 5 13 3 12 28 24 1 1 12 23 26 27 30 18 5 21
3 0 29 23 14 21 4 16 2 25 11 25 4 26 20 24 21 5 9 8 17 27 28 13 23 26 6 14 18 8 30 24 15 3 2 30 6 24 14 20 10 22 19 10 3 27 23 2 3 3 23 6 17 19 24 11 17 16 6 10 29 4 18 23 21 25 10 26 30 23 9 28 10 10 14 8
7 17 16 22 27 26 16 4 20 18 3 7 20 20 19 24 10 2 3 24 24 5 26 27 28 21 27 12 6 28 29 5 8 18 15 23 7 26 0 17 21 8 12 12 17 28 10 23 12 24 1 14 6 0 14 15 14 3 14 23 13 18 25 8 11 14 12 24 18 2 20 18 15 16 11 8
8 22 13 28 13 19 12 9 1 12 14 19 10 26 17 1 27 17 10 10 5 9 3 8 21 16 23 22 13 9 11 1 14 28 3 20 19 17 10 22 0 6 23 8 3 9 14 27 19 20 7 28 21 20 25 12 22 25 20 12 7 20 2 5 2 23 29 13 29 16 27 10 26 14 5 12
7 21 1 7 2 2 29 19 20 25 28 23 20 5 13 4 25 30 9 18 27 19 9 16 3 11 24 22 21 22 29 26 4 29 21 3 11 26 1 28 22 4 11 24 13 11 1 11 5 28 0 28 30 20 28 14 17 22 5 1 28 14 11 1 25 22 11 25 30 9 29 3 5 28 8 18
12 16 2 3 27 16 21 12 18 28 5 7 30 16 27 15 9 18 28 25 14 0 21 15 20 21 26 26 12 27 15 13 13 27 22 0 23 9 20 0 26 0 1 24 2 6 0 14 9 10 13 9 20 9 6 21 1 3 14 29 20 15 8 27 1 0 27 25 21 4 5 25 29 0 16 3
10 20 27 1 10 3 25 15 9 6 8 7 3 21 17 6 21 0 15 14 22 14 21 23 25 28 14 25 20 3 1 28 26 22 10 28 27 22 6 17 22 28 0 7 21 11 9 28 13 18 13 24 15 6 0 26 1 27 27 9 18 27 9 13 3 23 10 10 0 13 16 5 27 0 16 19
13 29 3 1 15 27 16 23 16 9 13 30 12 18 27 27 21 19 19 19 29 27 2 9 30 0 26 2 23 6 12 26 17 1 6 26 18 8 28 30 6 1 10 1 30 22 24 18 27 23 25 15 6 12 12 0 25 24 16 6 1 2 4 16 13 6 25 21 12 17 22 20 2 8 19 29
13 2 22 3 16 25 24 10 24 24 3 26 8 1 17 10 29 20 28 10 4 20 23 7 21 7 17 10 7 11 16 5 9 15 0 5 30 16 27 0 10 28 1 20 14 1 4 19 14 22 26 28 8 27 15 28 16 29 14 30 18 26 10 2 0 29 14 25 14 14 13 6 28 30 1 19
0 12 26 30 1 12 4 19 13 14 7 25 3 18 13 27 23 23 1 22 13 14 19 6 19 14 29 10 25 12 15 3 10 22 3 1 20 6 13 27 23 12 13 22 13 14 12 22 26 0 30 2 19 28 21 2 19 4 1 2 9 0 4 12 22 18 22 16 30 5 4 0 30 21 23 7
6 8 17 18 13 24 11 30 24 19 0 0 1 29 27 25 26 13 23 8 25 4 30 12 1 8 20 16 8 30 18 11 10 19 14 23 16 8 1 6 10 15 10 21 13 17 17 28 28 7 12 15 4 30 5 2 26 13 1 16 1 0 13 28 23 3 26 12 30 4 2 18 4 9 24 1
10 27 14 25 15 23 4 5 6 0 20 16 28 14 23 8 4 18 28 10 0 18 4 3 6 23 26 0 28 9 18 9 21 11 23 18 15 10 5 9 12 16 23 19 25 11 30 26 5 4 2 14 5 16 0 30 24 8 29 17 0 27 3 4 4 0 4 24 23 25 2 1 16 22 17 29
18 24 20 22 3 16 29 7 9 15 11 14 25 2 25 30 7 24 6 27 24 21 0 29 24 18 3 11 28 16 6 5 3 0 4 3 16 15 3 28 3 1 11 26 4 19 10 1 16 25 9 17 15 18 28 23 4 8 23 30 25 18 25 22 4 20 19 17 26 21 5 6 9 0 0 10
