80 80
15 17 27 11 22 7 15 27 7 19 4 22 9 0 5 4 1 29 8 17 27 22 23 10 3 24 13 2 8 10 8 23 28 27 26 7 4 16 2 20 17 24 26 30 26 0 17 20 25 28 8 20 18 23 3 11 3 15 7 18 28 3 25 3 9 18 21 8 11 5 22 26 0 14 29 9 2 15 5 9
27 23 4 8 12 19 27 7 12 29 12 16 17 18 0 18 13 17 15 28 30 25 23 23 21 2 2 1 7 8 4 23 15 24 19 22 28 25 23 5 11 22 29 25 25 11 25 14 18 11 27 9 13 7 27 14 0 20 24 10 14 30 14 18 4 20 30 20 14 20 12 8 2 18 1 11 19 20 3 17
9 8 0 14 29 18 6 1 9 23 8 28 20 4 29 15 30 4 28 24 29 7 19 17 20 10 26 6 19 27 30 28 17 16 5 19 25 28 1 3 2 22 4 17 28 26 12 24 18 17 21 23 0 30 26 24 11 7 8 13 14 3 15 10 6 17 1 16 5 11 4 0 19 27 18 22 16 12 11 15
7 26 26 15 23 10 19 15 26 22 30 19 18 19 29 9 19 18 29 14 24 14 28 6 16 2 29 11 13 10 6 15 3 17 14 14 18 21 15 27 10 0 20 10 16 14 23 22 12 12 10 15 21 2 3 7 16 24 18 6 28 22 19 3 7 28 20 4 3 13 6 25 18 1 26 14 0 25 19 18
11 15 5 21 21 6 1 25 3 8 23 21 28 12 29 24 4 29 2 1 19 20 3 27 3 25 24 24 24 5 28 3 21 28 25 1 26 9 30 22 15 10 2 12 10 0 21 11 4 13 27 19 15 12 0 20 18 25 8 23 21 17 27 4 12 22 20 20 15 28 2 23 0 9 24 5 9 13 18 13
30 12 4 24 11 12 27 9 15 15 27 3 9 27 12 2 18 25 2 10 6 5 25 29 10 21 6 25 17 8 30 16 10 10 24 20 12 26 3 21 10 6 24 10 12 27 29 8 0 2 16 0 14 9 1 4 16 19 24 2 23 5 4 9 29 28 24 17 6 23 7 17 20 24 18 29 12 19 29 15
19 28 10 5 6 23 13 14 27 20 14 2 27 9 7 16 1 23 27 16 13 20 16 10 17 20 26 22 27 5 1 14 22 4 26 1 18 6 4 20 15 11 26 15 19 29 30 23 8 0 5 27 17 16 5 12 29 28 7 0 23 20 1 9 19 26 19 1 6 30 14 6 22 3 13 14 8 8 8 8
16 24 4 21 3 20 2 10 12 27 1 14 15 6 25 5 30 10 28 23 2 17 7 19 16 10 10 18 23 2 16 23 17 30 28 0 24 22 0 23 0 17 18 28 14 6 1 23 10 15 20 16 28 17 11 15 27 21 17 3 17 2 8 12 8 29 17 24 6 27 25 26 12 7 22 28 24 17 15 26
6 9 28 9 16 26 11 3 25 12 10 23 30 23 19 14 9 5 1 12 27 8 1 1 19 17 11 15 2 19 12 3 18 11 6 21 6 21 5 9 0 12 10 25 4 26 2 1 18 21 27 13 15 17 11 0 2 25 2 10 0 11 29 30 9 18 7 5 30 17 2 1 22 15 24 5 26 14 15 26
6 13 18 11 27 17 17 9 17 6 28 9 15 16 15 15 12 28 23 12 24 12 11 0 27 30 3 29 18 27 29 8 14 8 16 15 26 5 0 18 18 19 21 25 11 20 15 9 19 4 9 30 7 15 2 0 13 24 13 17 29 26 14 30 18 23 21 30 4 20 19 16 4 23 1 29 16 1 30 22
15 9 19 20 20 27 5 15 2 0 19 15 9 15 11 7 13 27 29 16 15 2 21 22 25 1 17 8 23 21 26 0 24 19 19 22 4 19 21 16 30 5 3 8 17 26 23 27 16 11 20 13 15 29 15 0 4 26 2 26 1 11 26 18 1 15 17 27 16 19 0 7 10 29 16 12 16 3 6 1
11 23 10 6 18 7 0 24 12 7 15 18 9 26 23 29 3 16 30 10 28 11 3 1 18 16 2 13 0 5 9 23 21 11 14 6 9 26 10 20 29 5 19 22 3 3 21 7 16 27 19 1 21 7 27 3 14 5 22 24 26 1 21 15 19 17 29 19 29 6 25 2 30 9 26 11 3 8 9 15
13 28 19 9 25 23 26 0 28 23 6 24 20 4 20 9 19 12 2 9 10 25 5 29 23 26 18 4 18 10 14 8 15 25 27 11 7 19 13 21 19 15 12 2 19 21 15 16 12 15 25 27 9 7 22 15 4 9 21 22 21 7 17 10 9 29 16 7 23 29 23 24 23 28 2 19 9 24 5 26
29 1 5 3 13 3 7 15 9 26 29 20 22 6 15 27 1 27 15 15 24 12 19 12 11 6 20 23 4 24 26 29 30 13 24 1 1 7 0 9 27 15 8 24 17 11 21 12 20 26 20 25 4 27 6 19 23 7 21 21 20 21 10 5 20 20 30 8 14 28 21 18 3 18 14 9 13 23 24 4
16 1 25 27 30 15 26 14 16 13 1 27 10 20 8 16 23 29 15 10 7 10 11 6 6 28 16 29 24 25 30 19 17 15 3 28 28 26 22 21 21 12 18 0 13 27 20 30 12 6 29 7 25 12 13 25 5 26 8 5 1 30 3 17 10 1 14 25 10 29 12 3 30 19 2 28 1 6 27 17
18 22 23 8 17 2 22 5 20 13 26 14 21 30 22 16 19 27 20 26 28 30 28 17 15 16 10 8 21 23 22 4 14 21 1 10 11 24 17 16 19 19 13 0 18 11 5 6 27 23 18 20 22 30 24 11 4 27 17 18 15 16 24 14 9 10 29 25 27 2 10 1 6 1 11 0 13 11 28 17
18 15 11 16 7 11 18 24 26 18 25 6 9 17 25 22 27 7 0 20 6 17 27 17 6 5 26 7 8 0 18 3 15 17 22 30 13 30 27 8 12 1 21 3 9 4 17 29 19 4 13 4 29 6 11 12 18 8 5 0 0 22 28 30 30 25 19 26 11 28 18 7 23 12 24 23 23 17 4 29
11 27 27 0 30 28 1 22 23 22 0 25 27 2 1 9 3 24 7 3 26 3 4 1 9 28 1 2 3 19 4 6 18 26 0 12 24 30 28 20 21 22 2 24 10 14 2 7 25 13 21 19 2 26 21 28 20 22 9 9 24 4 4 9 20 29 26 24 7 9 5 17 14 21 2 14 22 24 4 22
27 18 8 26 3 29 8 25 23 20 4 13 2 0 8 4 28 13 12 23 7 27 12 28 3 28 24 0 15 15 25 1 17 20 21 21 2 30 2 13 4 25 30 18 26 28 20 23 28 10 1 20 15 9 1 18 11 16 14 18 1 17 24 10 14 16 27 2 18 19 2 30 8 4 14 6 30 3 26 15
27 6 20 26 2 3 22 20 8 25 20 15 18 4 1 15 13 26 10 9 19 19 9 26 3 28 17 0 20 11 16 30 16 22 16 14 25 12 4 8 19 21 22 23 16 8 2 30 5 6 16 2 15 2 26 27 6 25 6 6 2 23 1 20 20 0 27 8 8 14 7 9 9 18 16 12 9 17 24 27
16 12 21 9 19 3 24 12 18 11 21 1 25 27 17 13 3 14 14 1 28 4 9 13 10 20 19 12 17 8 17 5 29 0 2 17 20 20 21 3 28 25 19 5 3 9 16 29 14 27 0 16 27 9 19 30 12 24 11 13 4 1 8 28 29 23 22 25 12 7 11 17 5 13 0 27 8 11 17 19
26 8 16 23 7 11 13 26 17 27 13 4 9 23 11 12 6 13 24 29 23 25 24 8 18 12 5 0 17 13 18 17 14 15 10 2 1 9 24 28 4 12 9 9 14 6 17 5 14 28 11 11 29 24 10 24 5 24 8 26 4 12 4 20 10 15 13 29 4 12 30 23 5 17 30 11 1 15 18 23
27 8 0 22 1 9 20 24 28 15 17 4 8 9 7 2 21 25 18 20 11 5 27 27 28 25 29 6 20 25 1 10 17 29 2 8 3 25 11 25 30 14 9 28 24 7 7 13 26 3 12 0 8 22 25 0 6 24 0 9 26 8 7 16 13 12 25 21 24 21 17 30 7 17 17 5 7 24 28 16
30 4 17 1 25 15 20 6 22 23 0 30 8 7 10 21 2 3 27 30 10 30 6 29 12 24 4 11 2 20 27 23 5 17 7 1 5 26 1 15 10 23 8 10 12 4 18 20 25 0 2 11 3 14 7 23 28 29 3 7 18 14 19 4 7 30 23 23 29 11 29 28 25 10 27 14 22 27 6 24
0 24 23 10 5 29 11 18 10 9 8 15 25 13 0 13 29 10 20 1 0 27 26 11 16 25 20 0 23 0 24 10 19 7 2 28 10 13 7 20 13 0 25 19 27 16 20 6 23 0 26 0 19 25 22 0 16 12 22 30 3 28 24 30 25 3 4 19 13 12 7 28 10 28 29 6 24 9 0 16
12 17 24 5 13 2 5 9 12 25 10 4 23 17 17 20 26 8 16 23 29 6 16 21 11 30 7 7 21 29 8 14 26 5 8 5 26 27 9 8 20 20 13 14 30 7 5 11 24 9 0 22 29 25 7 19 9 18 4 10 29 14 28 18 9 19 13 19 30 19 30 28 27 11 6 19 7 1 16 16
25 13 30 14 10 26 19 13 21 21 23 13 10 14 12 21 7 3 25 12 25 21 13 5 26 28 20 19 10 7 16 22 0 24 26 15 14 13 21 24 10 26 14 13 10 1 24 15 26 8 0 15 27 14 19 1 24 10 23 10 10 28 5 24 21 27 29 23 16 30 26 8 21 17 18 15 22 29 27 1
17 1 18 13 22 5 21 8 19 24 23 30 22 9 4 15 27 9 6 2 20 27 10 13 3 23 29 17 19 18 21 3 30 18 16 16 12 12 2 28 12 28 7 12 12 20 13 9 26 27 23 17 25 25 11 26 1 21 8 16 2 12 8 30 25 10 25 0 3 25 9 22 25 27 13 17 28 4 26 9
26 19 9 30 12 24 20 9 23 22 23 25 10 3 10 1 13 28 15 5 8 15 9 21 25 17 0 21 6 7 2 28 20 8 0 21 16 25 5 4 28 5 1 18 24 5 4 10 22 20 27 22 16 23 1 7 12 11 17 29 25 1 6 26 30 11 7 0 24 16 19 22 14 22 15 26 22 17 24 9
29 14 23 13 10 13 19 25 10 0 4 18 19 1 8 14 10 14 13 28 23 12 19 3 28 14 14 9 5 14 29 6 16 9 20 20 3 4 28 19 17 28 18 8 23 21 9 9 1 9 20 14 23 28 22 23 21 1 6 11 25 13 1 26 25 22 16 2 27 6 3 26 26 21 13 11 28 19 22 0
17 29 11 2 10 29 0 25 15 29 13 1 2 24 10 16 0 6 19 13 2 6 12 8 2 15 5 18 9 17 7 25 6 17 13 1 10 30 16 24 2 6 28 5 27 3 7 12 12 18 19 0 1 28 17 11 3 21 2 18 17 26 0 4 6 29 4 7 29 8 15 18 8 13 3 3 12 25 3 4
28 21 26 21 0 19 30 20 26 15 0 6 16 11 8 27 25 0 2 3 23 26 1 0 6 30 13 10 18 23 13 6 30 12 28 4 14 7 14 3 23 14 7 10 15 26 19 22 7 28 10 22 17 24 22 22 7 29 28 10 10 6 17 13 17 27 16 16 22 14 4 20 23 13 5 14 6 1 22 15
8 19 27 5 20 14 4 5 21 19 20 25 6 7 15 3 21 13 21 29 6 6 4 13 4 16 30 11 9 18 14 16 24 1 28 5 16 30 15 16 0 23 24 12 8 9 26 24 23 5 25 17 29 8 25 11 30 14 19 22 1 29 15 18 26 19 15 10 15 27 14 25 10 4 23 21 8 8 25 18
7 6 0 12 20 0 11 9 10 17 24 20 25 16 8 19 4 17 3 18 30 10 11 28 5 8 23 12 14 20 23 20 17 20 5 4 16 24 21 22 12 5 18 5 27 14 17 12 5 18 15 7 3 23 22 22 13 20 3 13 13 7 24 8 26 14 12 29 24 27 18 9 26 0 3 0 16 4 1 30
10 25 7 8 26 2 19 20 5 26 3 21 17 7 20 12 23 18 11 3 3 24 26 8 20 11 22 8 10 30 19 19 17 27 14 6 18 14 29 11 5 19 29 22 20 10 8 17 26 10 9 26 26 23 22 8 15 0 28 4 16 28 3 3 7 20 26 21 4 8 3 25 19 4 12 18 25 27 21 29
10 8 0 2 12 22 14 24 13 0 10 2 16 0 4 26 24 30 27 15 0 0 9 2 3 19 19 23 13 8 6 25 9 5 25 23 20 2 1 5 17 9 16 2 13 0 17 24 20 14 17 22 0 2 9 8 27 8 3 11 4 15 1 10 3 17 4 23 7 26 11 20 5 10 15 6 26 4 30 16
19 30 3 7 28 3 1 27 14 22 2 2 11 11 15 12 18 11 28 23 10 10 17 14 6 28 12 16 4 4 26 26 11 6 20 7 27 19 26 8 26 21 1 24 8 18 6 3 13 10 24 17 19 17 19 10 0 9 22 11 20 9 3 17 9 12 13 0 12 8 21 27 11 5 21 22 22 10 2 30
21 7 26 23 4 19 28 9 0 28 26 23 13 22 10 2 26 22 29 19 8 19 5 14 22 23 7 0 19 26 30 23 27 19 13 21 25 23 8 21 0 14 26 29 17 4 15 10 3 24 23 3 28 21 8 3 14 4 19 2 7 1 11 26 2 5 7 27 15 4 16 0 15 23 13 16 24 19 5 21
25 17 12 2 17 23 11 4 1 13 7 28 20 20 3 13 9 28 15 18 11 5 14 3 19 10 23 17 21 21 2 4 11 7 4 19 7 27 16 2 2 23 4 30 11 16 12 21 7 30 17 16 24 7 4 23 13 25 14 14 19 3 4 13 4 0 27 15 22 16 12 11 23 20 18 19 6 0 24 22
20 14 4 3 7 6 10 8 8 17 25 20 30 22 3 15 16 13 4 3 8 0 20 1 29 17 29 11 14 17 29 7 20 29 24 17 0 6 23 16 3 19 14 24 12 2 9 29 17 19 25 30 18 4 28 20 10 19 14 7 26 1 0 2 5 18 6 24 29 6 0 7 16 27 23 8 25 14 14 28
16 7 13 27 1 21 1 20 3 27 6 20 21 19 27 1 6 24 5 16 20 23 27 3 29 16 9 15 11 29 6 20 24 17 16 8 17 1 23 23 6 19 30 30 28 17 4 9 17 25 11 19 28 9 2 28 17 7 22 11 5 21 26 24 28 0 6 30 8 2 20 19 19 25 8 5 22 28 14 22
5 15 0 13 25 10 13 13 28 23 20 15 12 21 18 27 17 28 16 16 4 0 3 10 3 10 0 0 16 24 2 5 2 17 0 28 4 23 9 21 24 18 22 14 19 13 3 26 5 5 11 25 11 17 19 11 7 23 28 30 26 22 8 24 19 24 7 16 8 16 9 21 0 26 1 12 23 15 25 1
28 19 0 27 20 11 26 5 10 6 30 12 1 21 15 10 9 24 11 15 27 27 9 4 8 0 29 19 5 23 21 28 29 15 3 20 15 22 15 21 8 27 21 14 2 30 11 15 7 20 18 13 18 1 26 28 6 30 30 2 2 0 20 8 6 22 22 28 21 27 7 27 18 9 22 5 0 30 6 1
7 14 0 2 4 21 13 19 24 23 15 20 5 29 27 27 24 6 22 26 28 9 6 27 10 3 2 4 8 5 1 5 24 30 3 29 10 30 6 8 23 28 17 3 1 12 8 19 16 20 27 27 15 1 17 6 26 28 16 7 10 23 26 29 4 19 6 7 0 16 8 16 11 15 21 8 21 4 20 6
10 21 4 24 8 9 28 9 22 23 11 2 4 2 4 15 29 5 11 5 23 11 4 19 13 11 15 10 17 8 26 14 28 27 23 17 6 21 17 10 7 12 14 2 21 0 0 30 9 11 20 22 13 0 15 15 7 19 29 23 6 21 6 7 11 25 26 17 8 12 18 26 15 0 24 4 15 19 5 6
0 15 23 27 21 24 5 1 26 28 7 9 6 7 28 29 8 8 11 14 2 13 19 9 19 23 21 21 30 16 3 18 10 21 9 6 11 24 23 10 30 6 24 18 27 17 24 21 25 26 11 0 28 3 18 22 3 5 2 13 4 0 17 17 22 27 24 17 6 19 10 21 15 0 2 10 21 8 3 0
21 17 11 21 28 0 4 10 11 14 9 23 30 20 0 8 19 17 6 6 26 22 3 21 4 2 26 1 29 20 0 24 5 2 30 7 10 18 20 7 9 5 13 15 1 10 12 13 9 10 14 10 27 3 27 30 26 20 1 7 3 9 29 9 23 15 17 28 13 26 22 13 24 9 28 8 26 16 21 17
25 17 7 0 13 9 2 23 30 13 30 25 20 18 6 29 3 13 11 24 18 25 17 20 3 25 21 10 14 24 10 29 30 16 24 18 3 9 0 2 25 8 14 29 28 10 26 23 30 16 21 10 24 3 6 20 8 9 10 6 28 29 17 26 6 30 14 18 9 20 16 16 21 26 4 4 15 24 8 12
3 17 11 13 22 27 21 23 16 10 15 13 28 24 7 19 21 11 28 21 22 26 18 30 14 10 8 28 3 22 9 22 4 7 17 5 11 16 23 5 12 15 13 13 30 25 6 30 20 8 20 18 15 28 22 8 12 23 15 9 29 0 25 9 7 8 5 9 11 13 20 3 0 29 8 0 5 15 11 25
9 16 27 24 29 6 3 29 5 4 7 23 2 7 10 8 11 22 6 9 16 7 20 2 8 1 15 0 9 19 23 25 26 10 29 18 18 12 13 11 21 18 5 0 21 6 20 7 29 15 13 3 25 22 2 29 17 22 19 24 14 14 18 29 15 16 29 12 25 29 13 16 10 17 8 6 25 18 25 16
1 19 1 29 24 8 21 6 7 17 17 24 20 19 13 29 27 3 4 16 0 28 2 14 8 19 2 5 15 23 4 4 27 30 30 19 2 14 1 8 3 1 1 10 30 7 5 13 7 10 26 9 17 9 16 9 12 21 19 18 19 15 30 19 4 26 18 29 12 8 25 16 30 2 27 29 12 26 27 27
0 2 13 8 22 3 26 29 5 9 29 5 7 23 8 24 13 17 27 0 24 2 9 4 26 12 23 15 17 26 5 6 11 27 0 8 20 20 20 28 14 27 9 3 3 6 13 25 28 24 14 26 17 28 17 14 11 30 20 23 4 19 15 10 22 26 5 0 27 12 7 0 9 24 16 15 26 7 22 22
0 22 1 15 20 10 14 20 2 4 15 28 15 10 21 26 16 4 22 9 2 1 29 0 28 7 0 17 21 22 14 8 30 17 16 22 7 13 11 0 7 28 15 23 20 27 21 27 28 2 30 0 26 5 27 20 8 17 5 11 22 18 29 23 0 18 5 2 13 28 18 10 11 23 18 9 12 3 26 29
20 16 5 30 24 24 21 27 5 29 30 27 21 20 7 15 10 24 15 0 22 28 25 12 23 2 23 19 19 24 2 14 9 6 18 13 19 4 14 10 4 29 14 14 13 12 21 19 23 2 13 11 9 7 21 2 8 3 13 14 5 24 18 27 11 22 22 0 26 8 21 3 9 14 14 13 0 2 4 18
26 16 26 3 30 8 6 28 29 4 6 30 10 5 1 3 11 2 2 6 15 22 3 14 19 0 6 10 15 8 1 30 18 22 11 29 21 20 30 1 1 26 28 22 13 5 30 7 28 10 21 0 2 15 13 3 26 21 0 2 24 8 6 2 30 27 18 3 0 7 1 23 20 15 26 11 0 6 6 15
2 19 4 6 14 27 4 6 21 6 14 0 28 23 4 14 6 21 13 23 23 22 22 24 2 3 14 9 23 22 20 18 9 14 23 23 26 8 8 11 10 15 2 9 22 19 21 30 30 0 3 23 24 29 6 25 15 30 8 18 7 1 5 24 14 2 28 14 20 1 14 17 16 4 11 22 14 22 28 1
15 9 10 30 11 9 24 8 28 20 3 25 16 1 27 27 4 6 19 1 6 21 28 22 12 28 0 25 9 1 27 3 19 8 23 1 2 21 28 14 20 21 5 25 12 15 1 16 9 19 18 2 0 18 5 17 4 27 5 7 23 8 21 7 7 19 19 8 3 5 13 14 12 15 24 28 5 5 6 29
10 15 8 27 16 12 12 4 3 23 13 23 2 0 18 25 1 29 24 4 3 15 12 4 11 4 4 19 19 21 1 17 3 1 17 14 21 7 7 17 23 11 29 4 0 21 25 5 19 28 1 30 15 4 30 3 7 19 6 20 26 11 6 9 27 20 28 19 24 10 12 6 7 7 15 23 6 30 26 20
12 16 12 10 24 23 17 0 5 12 30 26 12 14 3 12 21 27 0 4 28 7 3 26 5 4 6 10 22 25 5 28 21 4 11 21 7 20 25 30 7 3 6 6 28 28 4 11 22 3 28 27 29 22 16 8 1 23 27 0 4 15 25 6 1 18 22 4 4 16 18 8 6 8 22 22 13 6 0 14
18 19 21 3 8 9 0 19 11 19 24 8 24 20 25 18 17 28 18 11 0 2 4 18 9 0 19 10 3 27 28 21 20 6 8 5 2 2 14 24 2 12 7 16 12 23 18 10 14 23 20 4 6 6 11 27 14 5 29 10 26 29 22 27 16 19 20 4 7 18 25 27 13 11 8 29 15 0 21 23
16 22 30 23 10 12 21 13 13 26 13 23 21 10 28 27 29 13 2 30 26 16 12 30 16 27 28 12 5 18 29 6 28 30 5 24 11 18 8 10 4 5 1 15 11 17 3 17 29 29 18 10 22 23 22 17 18 2 19 3 23 4 2 22 7 17 5 19 23 29 11 9 3 21 6 13 27 12 30 15
25 11 26 4 28 20 14 16 17 11 21 5 7 22 6 20 5 19 27 1 23 6 1 22 3 2 3 22 10 8 14 13 27 0 18 26 16 25 14 24 0 8 2 17 6 18 9 6 24 4 11 24 4 24 20 22 28 18 0 25 1 13 10 5 3 17 22 3 15 27 30 29 15 22 0 7 12 14 17 0
8 6 1 16 2 21 7 4 14 9 11 19 6 25 19 2 17 23 17 7 21 11 9 6 29 9 27 14 1 2 8 26 30 24 30 23 8 19 4 20 7 8 13 27 17 10 29 6 7 17 5 15 13 20 2 3 18 8 2 25 22 1 20 15 6 15 16 30 29 16 3 19 2 4 18 7 19 17 18 18
30 4 6 16 16 21 28 26 29 20 0 21 9 2 24 1 19 26 1 8 29 27 5 20 25 21 28 7 4 29 26 13 27 26 12 17 7 13 26 19 21 16 26 30 0 10 9 13 3 17 20 4 29 6 7 12 9 3 20 15 21 28 0 26 21 29 0 23 16 11 13 4 30 8 18 8 5 2 4 10
13 3 10 6 20 28 28 17 29 27 3 20 20 12 21 12 14 29 4 12 3 15 25 20 19 27 21 16 11 24 19 14 1 18 13 22 21 8 16 24 9 27 11 30 27 5 18 14 14 30 9 8 13 20 6 12 26 6 22 14 0 19 15 7 0 24 2 14 4 30 27 10 21 2 14 27 19 8 11 15
8 5 23 26 5 11 4 3 11 5 30 18 0 14 7 9 8 30 23 12 23 15 13 10 7 3 15 7 15 11 16 14 11 18 17 27 11 5 0 4 7 6 19 26 16 4 21 3 22 30 25 23 8 20 26 2 11 1 29 5 23 28 13 14 0 3 26 15 29 8 16 14 25 5 5 3 24 16 17 22
20 18 20 23 9 28 18 8 3 3 14 1 16 26 26 12 2 9 4 16 26 27 16 25 27 5 25 2 28 11 3 22 14 9 19 18 8 18 1 14 27 17 28 14 21 27 8 1 2 14 0 16 2 22 16 22 0 29 17 17 8 5 30 8 14 21 23 8 9 12 5 12 8 17 9 7 16 13 15 12
20 2 17 12 12 5 25 4 18 23 25 3 16 23 18 14 16 16 30 7 22 7 23 5 18 9 10 5 14 19 26 28 1 30 13 14 3 22 4 14 5 7 0 21 14 17 18 18 27 28 22 12 17 20 13 1 17 18 23 9 25 2 25 3 16 1 0 7 11 17 10 24 21 6 8 13 8 28 10 8
19 5 28 1 21 4 2 3 15 20 10 28 3 2 18 12 2 5 2 28 18 12 26 4 16 18 2 15 7 7 9 1 13 9 28 13 17 13 2 12 27 30 2 15 20 17 17 18 9 11 11 13 18 16 27 2 0 8 16 28 19 29 21 21 21 1 24 14 11 8 14 12 6 28 11 20 0 16 17 7
29 22 26 18 15 27 18 14 23 0 16 20 24 1 6 12 27 15 21 24 17 23 4 25 1 22 3 1 4 7 5 4 29 3 27 5 23 26 23 26 25 19 29 15 18 29 2 30 11 13 22 24 19 10 26 15 27 14 7 22 30 29 27 24 4 7 17 26 25 17 15 0 20 18 29 1 0 24 25 7
18 3 19 25 15 18 24 16 6 0 24 13 18 11 14 6 14 19 24 2 25 4 13 1 24 10 22 10 12 8 19 24 22 29 11 6 19 16 10 3 5 2 10 27 14 14 22 15 25 2 21 25 25 26 13 2 0 13 24 17 2 29 16 6 10 17 16 2 10 4 15 17 25 15 0 13 4 18 23 6
10 3 14 18 2 13 12 4 13 20 29 14 4 28 24 6 8 8 7 3 23 14 22 1 18 8 11 19 0 1 12 3 24 22 7 18 3 26 2 10 28 17 11 28 16 14 0 27 30 2 12 4 17 26 11 13 12 16 0 8 18 4 3 21 9 16 3 6 21 25 6 2 24 25 14 9 21 4 23 14
16 19 27 20 9 29 15 4 6 18 24 17 22 30 21 27 13 12 1 0 22 11 28 25 8 11 29 30 28 7 11 9 27 4 13 0 18 16 1 29 2 25 14 0 5 9 9 17 11 26 8 8 22 0 3 6 0 27 11 7 30 8 10 21 0 11 16 6 28 3 10 21 3 15 28 26 24 4 19 10
25 3 28 8 0 19 26 0 15 24 2 2 4 5 8 22 17 3 15 24 28 16 12 21 10 18 13 4 25 27 6 10 15 27 21 28 2 23 0 26 13 27 19 29 2 17 17 16 6 26 9 12 11 5 22 5 18 28 24 0 29 9 21 21 20 1 12 30 26 30 3 0 3 3 9 19 5 12 13 30
5 12 13 10 23 16 28 17 15 6 10 6 17 18 11 23 15 0 12 17 5 3 17 16 26 10 17 22 1 16 21 5 15 29 15 26 3 6 20 28 18 7 13 11 27 30 13 19 19 26 4 8 14 4 26 7 17 6 4 26 6 24 1 26 3 0 25 27 8 8 14 16 17 20 14 7 24 2 0 23
17 22 6 15 15 0 3 0 11 1 16 15 23 23 6 1 12 21 6 15 19 1 17 1 11 6 6 1 18 1 9 25 13 10 4 8 4 6 11 19 20 3 1 16 5 13 3 28 7 9 20 16 9 30 2 13 8 2 20 13 3 27 9 14 15 17 30 30 23 0 14 7 20 11 27 0 4 8 4 4
30 18 6 17 15 26 27 5 29 2 6 13 20 28 14 0 22 14 26 26 9 25 7 8 19 12 13 2 10 25 14 26 1 10 28 11 30 28 25 7 20 26 10 19 16 27 8 6 15 17 12 4 9 1 2 29 30 23 0 4 19 22 23 13 24 3 21 11 17 28 20 7 26 12 5 28 25 22 7 24
24 18 19 22 7 24 13 10 20 15 7 3 10 9 6 19 20 25 3 12 15 15 17 26 29 4 1 3 16 21 18 3 6 16 4 17 6 27 20 29 1 27 14 3 9 10 1 19 24 22 1 21 28 1 2 14 15 2 12 12 21 25 23 17 19 28 16 10 20 9 22 15 24 7 15 4 25 6 6 0
0 23 17 29 3 28 19 15 27 2 27 27 8 15 18 27 2 27 25 19 25 3 26 28 7 20 1 26 27 10 26 10 4 9 17 12 14 13 29 9 18 17 1 27 6 29 16 4 29 25 30 11 0 11 24 17 28 16 18 6 18 11 6 9 23 1 18 25 28 14 15 12 16 27 4 13 22 7 12 7
19 26 21 13 18 8 8 0 0 2 27 17 16 11 24 5 2 8 7 22 6 15 15 12 14 22 7 1 7 16 6 23 8 16 1 17 28 0 6 13 28 14 10 19 12 9 10 20 6 16 19 16 2 1 2 2 24 7 22 1 1 5 3 1 30 30 29 5 18 0 9 29 4 24 24 19 8 11 4 6
