83 83
29 3 28 24 12 30 27 25 18 12 26 30 25 6 6 12 20 6 3 16 4 25 23 8 25 3 28 16 6 16 18 8 2 26 21 19 16 20 6 14 14 16 15 14 5 17 20 23 21 3 0 5 24 30 28 14 10 22 13 23 3 11 24 24 3 12 30 23 14 2 23 11 14 30 14 29 8 27 1 29 2 20 0
13 11 29 20 3 20 16 0 5 2 14 19 19 18 12 8 20 28 8 17 28 25 9 30 21 25 9 1 2 24 23 6 19 9 15 20 2 16 3 19 19 17 21 22 2 6 22 24 25 11 30 26 0 26 21 1 17 20 28 2 28 9 7 15 16 9 21 18 26 14 19 18 11 17 28 27 11 16 9 14 25 14 9
6 16 22 4 15 28 11 15 29 7 6 13 9 5 11 27 16 30 4 19 14 23 15 19 30 10 0 15 11 8 20 4 1 23 27 3 12 2 10 8 22 4 2 21 12 23 22 14 12 30 11 10 18 20 10 29 8 16 18 20 29 26 2 27 3 23 26 12 30 13 2 21 19 24 14 4 2 3 9 20 10 30 25
10 29 2 28 24 27 13 4 30 5 14 29 5 11 27 14 22 13 30 10 30 13 5 14 15 19 23 12 26 19 3 28 26 25 25 7 22 14 1 6 18 12 14 2 9 29 30 0 7 0 13 7 27 15 2 14 29 14 10 22 6 26 21 10 22 25 15 15 21 0 9 21 18 25 20 30 5 24 30 4 21 13 19
18 10 10 16 20 17 0 12 0 10 14 21 20 0 22 19 16 30 9 19 10 22 30 11 15 13 21 0 26 11 15 13 25 12 14 5 25 22 2 22 1 27 27 26 10 26 6 3 29 5 0 1 3 30 4 23 16 9 21 3 8 21 16 20 23 30 11 18 3 14 6 27 6 20 27 21 28 1 18 18 8 15 11
4 12 11 29 2 18 7 8 29 6 27 11 7 9 23 15 14 21 4 24 19 25 14 8 7 6 4 20 23 8 3 28 26 18 29 10 15 21 16 6 11 10 6 14 12 15 0 8 22 2 25 5 4 22 21 6 11 28 8 14 8 26 17 17 29 21 27 22 18 13 30 21 18 13 22 5 25 5 12 2 4 4 20
22 2 22 26 16 20 2 18 6 6 23 1 25 4 8 28 25 28 6 6 14 5 6 15 24 25 0 18 4 6 15 2 2 2 17 7 10 23 22 12 11 30 26 25 23 26 20 22 29 1 14 2 22 29 8 8 21 18 18 18 28 29 0 10 19 23 8 18 10 30 14 15 6 25 24 25 4 6 15 27 17 20 22
10 9 11 16 23 0 21 25 21 6 21 14 9 12 27 15 13 27 20 11 30 16 18 26 20 16 8 21 25 1 19 9 14 4 19 2 11 4 16 5 18 0 22 12 13 17 12 4 24 1 12 10 10 26 21 4 3 0 12 6 2 18 2 13 25 4 29 5 9 20 14 9 28 8 15 22 4 15 24 8 22 26 4
14 15 2 30 6 7 13 21 20 16 8 5 2 27 18 15 7 27 19 15 30 14 19 5 24 14 5 9 22 21 0 5 30 16 16 14 17 20 5 16 5 6 0 24 29 23 13 19 16 2 13 10 5 7 2 9 0 3 25 27 22 18 26 22 0 7 0 5 26 14 3 24 11 4 12 24 0 5 5 2 28 20 24
7 17 19 29 1 11 0 3 6 23 26 25 30 27 19 16 30 24 21 20 8 3 7 25 8 18 7 9 13 28 18 19 12 3 21 28 28 24 26 17 7 16 20 23 12 9 28 20 16 24 2 28 19 18 23 0 12 14 3 16 24 18 3 8 20 17 17 22 5 20 21 30 4 12 16 3 7 26 13 25 14 21 22
11 14 21 30 19 28 27 18 3 19 19 26 25 24 4 5 29 19 0 9 23 3 19 2 27 18 27 12 27 7 7 7 27 13 11 25 1 15 8 21 6 6 8 6 12 0 16 16 6 11 0 19 4 6 14 12 3 22 11 30 25 22 13 2 2 18 29 5 18 3 12 28 17 17 13 5 10 24 0 7 24 10 21
3 7 16 1 2 23 13 22 28 20 21 27 22 22 29 28 11 29 10 15 12 29 15 7 10 30 9 23 10 29 20 21 27 26 5 19 5 0 21 29 14 30 23 19 17 13 29 13 1 16 1 23 20 13 4 16 28 0 29 13 17 29 5 19 28 14 10 13 21 29 0 1 11 7 13 4 28 8 2 15 0 25 27
25 8 0 29 13 16 24 5 28 23 21 27 20 11 11 14 3 4 9 12 0 12 2 16 2 15 20 6 30 17 3 22 7 7 8 18 21 26 25 20 0 8 24 25 2 8 21 26 19 13 14 27 15 13 15 9 24 30 10 13 22 10 13 14 27 8 22 7 26 1 14 21 23 25 29 17 6 1 13 29 27 13 7
22 19 7 0 2 22 26 27 9 18 27 2 9 3 22 18 13 17 22 0 5 6 1 16 18 10 17 10 7 29 19 2 14 4 24 7 9 3 6 25 21 15 6 29 24 15 3 19 1 28 6 13 15 25 14 2 25 25 15 5 19 20 27 14 3 19 11 26 23 19 2 11 22 18 28 4 15 23 29 8 20 9 15
17 12 20 5 3 18 25 10 23 7 28 16 30 13 3 23 14 20 28 9 18 27 12 4 29 6 15 3 26 3 22 14 4 20 23 15 24 3 5 16 27 9 4 15 3 17 20 13 20 12 16 12 5 27 3 11 29 1 26 6 17 25 2 19 27 20 11 29 5 15 25 15 29 25 15 0 15 0 8 27 5 23 9
24 28 21 16 14 7 12 25 21 6 26 3 9 12 10 8 25 28 14 27 25 11 24 7 14 19 4 30 23 0 0 30 26 0 21 3 25 3 16 29 17 20 2 0 13 28 26 24 1 4 1 30 22 19 25 5 0 15 16 1 6 23 20 29 24 6 26 0 11 7 2 5 15 13 18 19 8 15 23 2 0 5 20
10 18 0 13 29 21 0 1 13 2 16 23 1 11 28 5 11 25 4 24 15 20 0 2 19 28 6 15 26 18 21 28 10 5 20 21 17 22 12 8 16 22 12 26 10 8 2 7 15 1 15 12 25 9 2 16 26 7 27 16 12 8 9 28 6 18 13 9 8 3 25 24 30 20 12 9 27 3 20 5 0 8 24
4 24 17 29 0 19 4 0 3 9 3 0 18 7 4 10 29 2 0 6 14 24 0 12 1 17 4 20 9 6 11 3 30 6 27 19 27 17 13 19 14 1 4 29 14 29 19 26 2 7 22 3 6 1 14 0 9 23 29 26 13 5 20 13 26 19 9 4 21 12 5 28 27 4 12 30 3 16 11 11 10 13 17
29 1 29 24 19 12 14 2 24 10 26 28 30 20 22 3 6 3 14 9 6 24 18 30 30 27 24 25 28 24 7 30 22 15 18 18 13 1 2 11 17 26 6 15 6 22 11 3 24 30 21 18 30 16 8 23 14 21 3 26 27 0 25 15 19 30 9 3 2 26 0 4 10 26 6 24 7 19 6 25 8 21 14
20 10 27 25 29 20 0 4 14 25 19 19 15 7 3 13 23 7 7 22 17 20 4 22 30 9 29 0 22 15 18 15 14 17 21 12 28 19 2 7 29 30 15 28 18 30 8 2 28 9 13 0 5 20 28 8 12 7 25 21 16 18 22 25 17 19 5 7 8 21 1 29 27 6 8 22 24 25 16 0 14 9 12
29 6 8 6 15 20 16 6 8 24 29 7 8 19 26 24 6 12 24 17 4 27 0 27 26 9 6 11 22 21 7 0 30 25 29 25 5 29 28 27 26 0 26 8 28 24 19 1 26 1 12 0 28 6 11 18 22 15 22 12 3 0 22 25 5 17 20 7 5 22 16 24 27 9 16 8 18 18 10 23 23 3 15
4 4 6 0 12 14 8 24 22 22 25 10 21 3 19 22 13 28 15 20 15 14 8 1 3 3 4 0 17 11 1 26 7 2 7 0 15 4 12 23 1 16 19 20 21 3 14 9 9 29 19 24 25 18 15 21 4 0 15 29 14 0 28 8 11 16 24 25 27 5 7 28 14 6 28 13 11 18 7 0 26 24 27
25 14 4 0 27 27 11 8 26 3 30 15 8 17 27 26 28 24 27 10 25 8 6 18 21 8 8 11 1 7 28 2 10 10 10 11 17 18 4 9 2 30 22 4 20 30 1 28 22 23 24 28 10 6 25 21 9 29 22 26 27 3 8 22 9 28 21 3 22 28 18 7 30 28 5 8 15 24 0 11 15 5 19
19 20 28 10 1 6 19 7 20 19 9 17 9 13 18 15 17 22 21 15 1 13 8 17 15 30 30 23 14 19 1 30 14 7 16 3 24 8 14 17 3 19 21 27 7 0 8 22 29 21 28 14 4 13 3 11 25 11 0 24 3 9 8 14 9 10 3 21 20 7 19 29 4 25 0 10 3 28 0 11 20 26 28
18 8 7 28 22 28 11 16 3 28 12 2 16 2 29 28 0 9 19 17 16 8 20 21 25 6 10 28 25 12 18 20 12 0 30 2 6 21 13 2 1 28 30 28 28 24 7 3 0 6 27 10 1 2 22 20 18 20 24 13 12 8 19 25 30 1 19 20 12 2 2 28 21 14 24 26 30 4 5 10 21 28 30
2 0 23 0 7 8 25 15 15 15 24 9 26 0 8 19 21 27 18 22 6 6 3 29 30 25 12 23 11 14 28 6 21 6 8 10 26 6 11 4 23 30 2 8 14 12 14 27 22 26 23 13 7 17 23 19 12 18 9 17 10 0 10 20 30 27 0 3 25 25 6 0 26 14 27 18 4 1 7 24 22 2 7
1 4 17 19 6 30 17 27 12 18 15 2 19 15 24 26 12 3 30 11 1 6 14 27 18 24 15 9 19 21 6 0 24 15 17 18 12 20 21 5 28 21 5 29 28 20 10 0 5 29 29 4 26 20 30 9 0 26 0 23 9 12 20 17 29 14 19 20 18 12 18 16 20 25 9 6 0 22 5 13 23 25 4
26 16 23 9 5 26 11 15 9 3 5 5 12 26 5 2 30 15 27 7 15 28 17 23 16 2 30 14 30 16 11 14 16 17 24 17 17 16 16 1 18 12 18 9 20 11 1 11 25 12 3 14 12 8 9 24 23 30 26 9 13 10 3 18 26 28 9 15 17 28 30 26 24 13 23 7 18 27 19 5 15 10 26
26 12 16 4 16 25 7 8 23 23 10 3 18 26 8 13 19 28 13 25 19 2 23 9 12 16 11 13 3 12 6 21 8 28 15 3 15 21 10 7 5 17 19 15 5 28 1 26 0 20 3 6 9 17 23 9 30 9 26 14 1 20 3 15 10 11 16 3 26 26 16 9 14 25 10 6 23 28 5 24 17 5 23
8 14 18 15 30 23 27 24 4 27 9 18 3 18 20 26 4 3 0 18 1 13 26 6 5 19 0 10 6 24 12 27 15 30 21 19 25 12 3 5 9 8 19 10 10 29 24 7 30 1 4 13 11 29 28 6 29 4 12 21 12 2 1 15 30 21 14 20 10 5 30 30 10 5 18 4 5 27 18 14 21 4 20
19 23 4 13 14 8 18 16 24 19 9 19 10 11 26 5 8 21 2 23 30 10 13 12 7 6 3 26 19 15 21 11 30 2 4 19 20 21 16 9 25 14 23 4 27 8 30 19 23 24 5 5 2 30 25 1 7 8 7 2 24 30 25 10 24 15 5 24 20 8 18 27 10 23 5 5 25 28 1 21 30 16 10
22 20 12 19 8 25 9 11 12 19 17 1 29 6 0 22 21 9 15 26 25 24 14 14 17 15 17 21 15 14 11 10 30 18 19 1 18 16 11 24 19 20 18 17 6 4 26 3 0 8 9 10 19 6 9 22 12 13 8 14 0 8 3 21 13 10 25 5 8 25 27 2 23 22 0 15 30 8 19 28 7 13 22
6 1 25 21 20 12 8 8 10 22 29 30 29 21 1 17 17 27 29 0 27 25 17 13 29 6 10 13 25 23 20 24 19 21 8 4 13 10 9 16 28 18 25 30 1 1 0 7 29 12 17 27 18 27 8 10 3 27 21 14 3 0 13 8 11 3 14 20 13 19 16 3 11 25 23 3 17 20 24 8 17 26 19
26 13 11 28 23 20 27 15 5 10 5 26 13 29 29 3 0 7 16 29 28 19 13 13 30 12 6 11 27 7 10 27 7 17 26 25 29 29 12 22 14 29 26 25 4 16 29 2 18 15 25 4 19 19 6 6 3 4 23 28 15 25 19 14 18 17 2 15 15 10 25 3 3 27 16 6 23 28 14 9 26 27 7
15 27 22 16 18 19 30 23 25 16 18 6 4 11 26 12 26 17 3 5 5 29 0 16 14 30 30 14 15 29 15 28 16 22 13 12 2 11 5 14 1 15 30 23 1 17 20 10 22 5 17 24 19 13 23 18 24 13 1 3 6 26 5 5 15 11 22 30 20 6 3 19 7 29 24 13 13 7 26 16 28 18 10
8 20 29 19 2 3 30 5 6 24 10 8 1 25 12 24 12 6 8 14 22 15 0 23 3 16 0 2 12 21 29 23 14 10 21 12 3 20 24 7 29 1 3 12 10 8 14 28 15 12 9 24 28 23 21 16 20 20 17 3 23 18 12 6 14 28 2 19 4 19 27 25 17 10 25 13 14 17 25 4 6 11 7
18 29 20 27 5 3 26 21 4 2 29 8 19 27 25 12 22 29 10 24 15 12 10 10 11 0 21 26 5 1 25 14 2 19 1 19 12 3 24 17 17 20 5 6 12 18 25 0 26 21 16 28 24 30 22 18 29 5 8 5 30 15 16 9 3 14 26 27 3 3 30 9 6 4 15 16 26 6 18 17 22 8 10
30 14 7 14 25 2 21 20 14 7 27 19 4 0 4 23 9 9 18 18 1 24 27 26 1 25 13 28 16 20 17 5 22 2 17 13 25 24 29 23 17 6 12 17 0 11 4 14 27 25 18 1 9 29 25 14 4 24 19 23 25 14 28 21 19 6 6 23 20 0 27 17 26 9 1 16 6 12 15 16 25 14 1
7 22 28 24 0 6 12 19 19 2 14 4 25 18 14 1 27 13 10 16 28 25 21 9 8 15 5 9 7 3 28 5 25 6 21 27 20 3 16 30 1 6 14 8 22 14 19 18 23 30 18 11 7 26 10 7 12 4 19 14 28 28 30 3 21 8 15 24 8 16 30 4 23 9 12 30 23 28 22 25 0 23 15
3 14 8 24 3 28 9 19 1 0 13 30 5 23 23 4 6 21 18 23 13 25 24 2 12 15 20 21 23 16 14 2 13 26 26 12 22 27 10 10 18 29 16 14 12 26 9 25 23 29 25 19 4 25 15 16 22 22 23 6 25 9 3 26 2 12 9 20 24 28 17 21 17 8 24 7 29 26 23 6 1 24 4
18 29 11 1 24 13 14 9 29 27 12 20 20 15 5 23 1 4 29 6 19 6 7 29 1 17 12 6 12 16 16 30 22 25 12 22 2 5 18 30 26 13 20 15 11 1 28 11 4 9 14 28 3 14 30 6 1 1 16 21 21 10 23 7 21 11 11 2 27 8 10 26 25 5 12 23 0 7 4 25 18 5 4
15 1 10 26 14 29 28 0 8 25 19 6 25 11 25 23 10 16 12 28 23 21 9 11 22 6 1 6 1 24 25 15 30 15 1 30 0 8 17 1 8 16 18 1 3 11 9 11 10 28 7 3 28 21 15 4 0 10 28 12 30 23 25 4 29 13 13 28 25 14 9 30 22 23 4 2 9 14 20 28 26 11 3
14 20 0 16 21 6 5 24 0 10 19 1 12 26 10 27 7 4 29 3 25 17 0 27 21 15 19 2 21 27 3 16 14 14 25 4 15 14 9 1 27 1 6 7 26 3 1 19 15 7 21 24 29 8 21 1 30 9 9 18 22 24 1 5 9 11 30 21 30 6 14 23 15 5 3 7 6 17 27 17 26 15 4
15 11 17 1 17 9 20 25 7 16 1 17 23 16 27 22 8 11 8 19 27 15 30 9 20 18 16 0 25 9 16 1 17 30 3 28 17 3 24 2 11 11 25 21 30 22 29 17 11 16 7 14 2 11 4 16 9 11 17 8 23 9 28 1 21 10 23 11 14 13 19 21 8 19 15 14 12 25 2 19 18 12 2
6 15 27 3 12 30 29 8 12 28 13 28 29 23 13 5 24 3 4 3 17 16 3 2 7 1 30 3 7 30 23 3 25 4 17 23 6 30 13 14 6 16 19 26 25 10 10 10 21 11 23 16 14 22 0 25 28 21 22 7 15 8 5 2 19 25 26 9 10 27 6 16 9 11 18 3 13 23 6 8 22 4 12
18 19 13 2 14 10 10 5 10 13 22 10 6 24 27 18 8 18 25 16 12 23 21 6 8 11 22 20 10 12 29 25 28 11 30 14 17 24 21 12 14 6 5 2 29 19 13 15 6 9 27 6 20 20 4 17 8 14 27 23 9 24 25 24 29 21 25 15 12 10 20 30 3 20 7 8 4 11 0 27 2 0 9
8 24 30 7 22 26 30 4 19 23 3 24 3 4 25 14 29 17 22 16 10 20 28 13 19 13 17 4 9 11 5 28 24 11 25 13 11 24 17 3 21 26 0 18 15 18 14 7 12 23 10 23 5 14 20 11 14 12 30 18 12 21 14 28 27 0 13 21 18 12 18 6 20 12 3 6 29 20 25 23 26 7 18
5 13 21 19 12 15 29 7 27 27 2 9 2 3 10 20 25 21 12 1 0 27 20 10 11 19 13 16 18 14 6 22 26 21 15 27 2 5 27 12 22 28 11 22 28 13 1 15 19 3 13 18 21 30 27 28 27 30 2 4 14 14 25 25 23 10 24 3 8 30 0 5 21 14 4 3 25 1 27 21 27 10 14
27 14 25 23 30 25 0 10 20 13 28 12 25 6 15 27 8 8 9 29 6 28 25 23 5 14 23 12 9 14 8 28 28 29 13 27 29 30 1 28 9 14 22 20 29 25 11 2 4 25 8 4 8 28 27 3 0 24 13 7 12 1 4 20 8 3 16 10 14 14 5 12 2 14 12 25 19 23 28 17 20 22 29
0 30 1 27 3 1 30 14 16 22 30 3 10 8 26 2 16 11 5 5 21 23 24 20 10 19 4 23 21 15 5 18 3 2 0 21 14 25 9 30 7 29 21 28 20 12 17 30 5 3 17 12 17 26 29 3 14 11 24 4 10 21 24 18 26 19 3 30 6 18 5 16 21 26 8 10 2 2 11 3 21 28 11
2 3 29 24 3 0 10 3 27 25 13 0 28 2 4 3 20 23 18 19 12 23 17 4 20 22 1 1 26 0 4 10 27 14 24 7 5 16 4 11 6 26 20 11 0 20 27 16 15 26 10 23 22 9 11 24 7 21 7 17 28 24 6 13 28 28 6 3 11 17 9 4 25 15 16 0 15 25 16 2 24 24 2
4 24 15 26 29 7 21 7 25 14 3 21 16 5 0 26 22 9 12 22 28 25 15 16 20 4 27 21 8 2 19 25 25 17 20 10 24 16 2 22 13 11 4 8 8 28 8 15 12 22 15 11 26 21 16 1 26 25 7 20 28 11 11 21 6 13 26 15 14 19 1 15 18 11 15 26 12 24 0 22 17 20 26
17 22 25 14 2 3 22 0 4 8 22 24 4 16 8 14 24 11 17 20 5 25 23 6 17 8 18 18 30 30 1 11 18 4 2 16 25 27 27 24 0 1 1 1 24 11 25 5 27 13 17 18 20 28 16 20 19 18 22 26 1 15 6 9 23 17 12 26 30 1 13 22 29 6 22 1 17 25 16 25 9 1 30
10 22 25 29 19 21 14 24 13 14 1 26 14 8 27 27 16 30 16 15 13 12 27 9 22 1 10 6 13 30 24 9 19 18 29 13 28 26 26 16 1 7 2 9 8 3 24 21 26 13 14 12 4 7 27 15 5 16 10 24 21 24 5 9 1 18 8 12 21 9 11 22 9 4 24 14 9 26 15 18 20 29 7
9 3 13 26 21 29 22 17 1 18 11 0 11 21 8 8 9 16 7 7 29 30 9 28 24 20 11 30 22 16 26 4 24 23 30 13 25 21 25 8 28 23 1 15 19 6 19 6 5 30 1 21 9 5 17 21 8 8 26 9 13 22 1 0 5 12 30 10 12 20 10 11 4 13 25 24 23 8 22 29 7 15 4
30 6 0 8 8 29 8 7 12 23 18 9 0 17 20 9 10 28 9 0 29 18 0 11 15 6 5 18 29 17 16 9 30 29 16 10 10 30 26 15 19 23 16 15 27 1 19 0 12 20 21 22 9 28 20 4 12 23 25 6 4 6 20 13 14 27 20 12 22 28 5 7 2 30 29 12 13 9 24 28 26 29 0
11 3 11 19 16 23 7 20 30 15 22 20 7 3 2 25 9 4 7 21 8 12 22 19 10 25 18 17 3 18 10 28 17 1 24 28 5 7 26 6 25 0 9 30 8 20 26 22 4 0 3 9 1 11 18 25 6 29 30 12 30 30 5 1 15 14 15 23 30 7 29 9 19 16 0 14 9 6 30 12 17 28 26
0 16 11 8 14 4 22 11 12 15 3 20 25 12 18 10 29 1 4 6 22 1 0 27 15 30 16 12 23 24 4 29 29 7 14 8 20 16 4 3 17 18 1 8 13 12 24 18 4 16 15 30 21 25 4 7 8 29 16 10 28 15 13 17 3 16 24 11 17 19 25 18 3 12 5 16 10 4 24 5 10 7 1
22 28 7 12 11 22 10 2 15 23 3 4 10 27 17 4 24 3 11 12 13 9 5 20 19 15 19 4 11 24 10 11 1 2 0 14 9 18 18 18 20 5 3 25 29 5 15 24 18 19 21 19 21 11 11 7 29 14 16 10 13 1 15 15 25 16 7 23 24 20 21 4 2 18 13 4 27 27 15 12 9 16 13
5 14 16 6 2 6 26 26 30 26 15 15 23 1 2 27 13 12 7 22 0 30 25 10 11 19 25 6 18 16 18 10 12 27 0 21 30 22 14 20 12 16 25 17 3 26 27 23 21 12 17 2 9 9 3 24 2 9 17 18 14 19 7 7 25 18 23 19 22 29 18 2 23 3 24 21 10 3 13 17 24 0 15
18 11 27 2 30 24 26 14 13 7 21 6 18 9 30 20 0 26 15 27 8 11 18 27 13 15 19 30 19 27 22 9 3 26 13 28 25 30 12 28 12 11 7 8 22 2 28 29 9 8 11 0 25 20 17 19 26 5 9 6 13 18 24 28 3 25 8 19 3 0 11 8 10 3 21 2 29 18 6 2 20 0 13
1 8 16 2 24 12 15 27 24 3 23 24 17 14 0 9 18 11 18 12 7 8 11 29 30 30 25 0 23 7 3 23 7 11 10 22 26 25 11 12 7 3 0 28 29 30 13 28 15 16 15 24 20 5 8 0 5 18 25 30 24 9 4 23 0 27 21 10 28 4 4 19 12 9 28 0 0 14 21 6 29 17 2
2 29 27 20 29 13 19 27 23 30 21 2 15 19 4 18 15 1 30 29 4 25 15 17 0 28 3 10 27 26 30 15 3 9 19 1 20 28 4 6 4 11 29 30 29 12 16 23 22 28 11 24 4 2 29 19 9 8 0 23 19 21 15 6 26 0 22 30 22 19 27 0 0 10 1 28 29 18 5 30 29 5 12
17 27 17 25 12 21 8 14 9 4 25 11 3 5 7 0 12 22 10 20 28 4 12 6 29 0 10 22 24 29 10 5 12 25 0 4 6 23 10 8 21 7 20 22 20 5 5 16 5 22 18 1 0 10 3 7 27 21 11 3 30 14 12 14 18 7 23 9 26 6 30 3 4 29 22 6 6 20 16 9 3 15 28
6 28 3 23 15 23 3 19 14 30 25 20 23 1 19 4 10 0 19 13 30 8 10 10 24 18 26 6 2 18 27 11 28 30 12 0 22 12 18 2 10 4 28 10 23 6 19 11 19 15 30 2 29 27 28 5 9 27 23 0 5 10 18 22 25 4 18 0 1 4 15 18 12 6 12 21 9 20 28 0 12 5 6
14 8 16 28 17 7 28 23 28 4 17 23 13 22 5 30 13 24 0 22 8 25 26 13 28 26 4 4 28 29 17 20 19 18 30 29 30 25 14 28 14 2 16 0 27 13 13 21 17 17 26 6 3 16 17 19 24 3 14 4 16 1 12 24 29 18 29 24 15 10 22 10 9 19 19 10 21 12 28 17 29 22 18
23 11 29 25 12 25 3 4 30 28 14 6 25 24 7 9 11 29 7 28 3 13 6 28 17 19 16 0 0 29 11 30 24 3 25 7 29 28 29 5 10 11 26 9 22 8 7 12 23 28 19 2 4 5 28 7 0 30 23 23 25 7 0 16 16 26 25 7 12 1 3 0 9 25 7 16 7 19 8 29 4 27 0
2 18 20 16 24 4 4 28 24 25 11 12 24 24 3 17 25 4 28 17 21 28 4 11 16 4 25 8 14 8 16 13 6 6 6 11 23 5 24 16 29 21 22 9 30 1 21 15 13 23 13 16 30 25 18 28 23 16 26 11 16 2 15 6 23 10 7 24 17 7 26 3 26 29 16 16 15 0 13 22 1 21 6
18 20 4 5 2 25 0 20 5 3 15 26 2 24 18 5 10 11 12 4 6 13 10 18 18 25 22 8 10 7 2 24 28 30 28 16 8 23 3 23 0 25 20 12 8 25 29 14 26 0 1 14 18 4 28 18 22 26 0 14 6 5 9 25 5 28 0 7 12 9 19 28 5 27 4 11 16 9 3 30 29 28 14
5 7 13 4 13 27 15 12 20 0 22 11 14 24 7 19 25 4 5 20 8 22 14 3 0 0 17 29 20 23 11 15 20 14 23 30 15 20 3 8 4 20 18 30 0 24 15 19 30 8 8 25 2 27 5 20 9 26 2 28 22 2 12 24 10 24 6 2 19 4 2 23 18 8 5 20 16 23 11 10 27 14 24
8 22 1 25 9 6 11 19 17 2 14 9 17 19 6 13 29 18 3 16 13 7 28 27 27 17 22 23 10 29 29 9 11 30 9 10 9 7 29 18 6 22 19 0 3 14 3 5 18 18 20 28 27 9 2 0 25 26 16 0 21 10 24 5 8 27 17 24 1 6 21 1 26 10 22 12 19 5 13 27 29 6 17
29 15 20 6 19 8 17 5 30 22 15 4 11 8 15 4 23 13 24 30 25 10 0 2 15 1 14 5 28 6 16 14 15 12 19 0 4 6 15 9 13 6 16 25 0 27 30 24 29 9 23 9 20 20 26 9 22 18 14 11 1 14 21 6 10 14 29 2 27 23 18 14 5 10 0 27 13 24 22 29 16 11 7
11 7 9 15 12 26 17 23 17 3 1 9 24 25 18 28 20 30 3 24 0 8 23 14 25 0 11 20 11 15 4 9 13 5 18 26 2 22 5 9 15 13 19 29 5 15 9 21 3 5 14 13 28 5 10 30 2 13 6 12 4 9 8 4 11 3 18 27 4 25 18 19 18 11 23 17 30 1 29 29 27 16 6
7 1 5 14 18 7 5 7 19 25 10 10 11 23 2 8 23 21 14 24 18 1 23 26 8 12 18 18 21 16 23 2 28 0 20 23 16 19 8 9 29 1 11 16 4 19 13 5 21 6 13 18 5 8 14 18 23 14 7 17 30 24 16 26 3 26 11 0 25 30 3 3 16 17 20 9 22 29 1 18 12 27 0
24 25 21 19 24 22 11 3 12 13 16 22 19 20 26 4 16 19 14 15 30 24 0 11 23 16 20 26 20 14 2 10 19 22 26 13 17 19 19 5 18 6 17 12 14 30 26 26 26 3 3 20 26 27 18 3 6 9 23 15 18 13 24 14 28 30 30 30 25 22 20 13 14 8 25 30 13 16 2 17 6 29 8
1 4 22 13 10 28 26 18 7 14 4 14 8 23 10 22 27 28 8 15 12 5 8 28 28 3 0 14 27 23 28 2 25 9 16 25 13 21 23 0 19 14 30 16 1 26 9 19 23 4 9 14 11 2 24 11 5 2 27 8 11 26 6 30 25 21 3 19 23 12 11 10 15 5 22 0 17 14 13 24 4 22 23
12 24 3 8 7 14 28 2 14 27 24 0 8 16 28 19 1 11 25 9 19 11 29 27 21 3 30 22 4 13 21 27 5 8 4 26 27 5 23 2 9 15 23 2 21 0 11 13 8 17 15 6 7 25 1 11 11 1 11 11 13 29 3 3 20 13 8 12 6 29 29 12 6 23 28 28 8 21 20 19 29 20 7
25 12 15 10 18 27 7 8 9 27 24 2 20 27 11 22 10 5 20 4 8 8 3 12 17 10 12 4 13 22 7 3 11 3 20 12 0 0 28 13 22 6 13 11 14 18 23 1 1 12 27 3 30 17 17 7 7 30 21 27 4 13 6 2 19 22 22 26 14 21 10 5 14 18 12 18 4 27 6 17 15 4 3
23 16 5 5 15 6 9 4 23 22 18 12 8 9 29 9 12 14 9 0 0 23 0 22 8 30 30 30 9 25 8 6 3 2 16 29 12 12 30 24 11 16 24 7 3 11 20 28 16 27 5 14 16 10 27 1 30 25 8 7 25 18 17 19 23 20 14 27 22 25 30 24 24 16 5 7 18 2 23 13 14 2 11
11 3 26 12 11 18 13 3 30 5 19 17 30 20 27 7 12 8 25 3 14 2 19 26 12 29 5 16 3 2 1 14 25 9 11 6 2 6 20 26 28 29 19 9 14 6 22 3 1 26 17 2 19 16 12 5 8 21 15 10 29 0 23 30 16 19 2 7 22 24 0 2 28 3 18 4 26 1 8 7 11 18 26
17 20 20 19 18 2 7 12 17 17 24 9 19 30 17 26 29 6 5 7 18 10 4 11 24 20 27 12 29 4 14 5 2 7 11 28 14 4 15 10 27 0 18 19 0 10 28 5 16 16 17 27 26 30 18 26 13 2 12 25 20 27 4 9 30 22 3 29 14 29 18 8 18 15 5 17 9 27 11 15 18 17 8
10 25 15 0 30 2 0 25 18 20 29 14 11 29 27 7 16 10 7 0 11 6 28 13 8 5 14 12 6 13 24 18 0 18 15 21 1 22 28 27 12 28 19 9 10 10 6 6 15 30 8 1 13 20 21 26 18 12 3 0 18 12 3 3 10 15 3 29 22 27 17 21 19 7 7 12 20 14 17 15 28 10 22
17 5 25 26 27 14 8 14 22 4 22 7 15 21 30 13 19 6 23 19 20 14 12 19 10 27 4 5 23 1 21 5 1 15 2 30 5 7 21 21 30 16 8 11 11 20 19 19 15 3 11 20 4 21 29 1 14 16 18 6 12 20 12 12 26 17 1 26 24 8 23 15 29 29 18 29 21 19 5 2 9 13 2
