99 99
17 29 22 21 15 12 29 5 19 16 23 11 25 1 4 7 22 19 20 6 23 8 30 1 15 10 7 4 22 21 7 28 30 12 25 26 1 26 23 29 19 16 5 28 14 27 26 29 17 4 8 29 28 24 18 3 20 18 4 28 12 13 2 3 1 16 22 27 0 24 14 4 6 17 6 15 21 20 27 27 18 0 28 4 9 29 0 12 9 24 27 2 29 15 8 6 14 15 21
27 13 27 13 21 22 14 20 16 18 4 9 19 26 22 29 9 24 25 22 12 3 0 2 15 28 3 27 27 5 19 20 28 22 10 4 20 8 24 15 24 0 18 3 1 22 9 9 12 27 8 24 9 6 22 29 22 23 10 17 19 2 7 18 29 22 20 3 25 14 11 30 2 5 5 15 9 27 25 23 17 5 8 25 27 11 6 25 12 20 16 26 30 23 15 19 0 4 6
25 12 15 9 23 22 7 29 15 24 20 23 30 18 0 26 5 26 29 11 14 18 3 21 16 18 4 15 3 20 13 10 21 15 11 25 13 30 12 11 7 11 14 30 16 5 28 25 24 21 18 15 18 12 26 2 15 7 10 22 23 2 27 0 12 1 25 9 13 16 6 11 0 0 27 11 21 23 23 0 12 10 21 11 10 25 4 22 15 18 23 4 24 30 3 7 2 11 0
19 15 10 24 6 11 7 6 25 18 1 30 29 5 28 7 30 3 11 30 30 18 29 27 15 28 16 7 29 18 19 21 2 26 3 12 0 12 10 10 15 5 2 30 12 5 6 21 30 9 22 0 16 12 25 5 17 9 25 4 12 22 6 1 16 9 15 2 0 12 27 16 7 22 16 20 17 3 20 6 5 13 24 17 16 15 4 25 19 0 5 22 3 29 9 22 3 5 6
6 3 22 4 18 28 30 11 21 20 16 7 7 0 3 7 28 28 17 3 26 17 9 17 1 16 22 7 2 8 5 25 28 25 30 9 12 9 23 22 17 26 9 9 18 2 18 10 19 24 6 19 24 16 17 22 10 5 22 24 1 8 6 23 13 1 13 25 24 24 29 7 0 21 27 1 20 18 23 18 12 17 14 16 10 1 21 12 11 3 23 20 9 15 3 23 1 23 14
30 30 18 18 2 9 8 21 26 14 9 20 21 24 7 17 10 25 2 14 10 1 9 7 28 23 30 4 28 24 24 18 0 15 19 17 28 14 1 17 30 22 15 16 6 18 19 8 26 20 9 4 7 28 13 17 4 17 15 12 0 18 21 23 0 3 23 23 24 4 9 20 1 2 30 3 25 21 27 10 12 25 14 3 14 19 21 3 28 5 15 11 30 16 18 19 4 4 2
5 27 0 12 5 10 3 17 19 3 2 10 30 25 29 0 30 16 22 9 13 0 18 15 5 3 8 5 17 28 3 4 28 16 2 21 1 23 25 8 28 12 28 5 10 15 21 20 25 22 17 14 25 27 26 22 5 14 13 22 27 7 15 17 20 7 3 17 4 7 17 13 28 8 30 24 23 15 28 21 24 26 1 6 18 12 17 4 20 28 4 9 11 26 26 1 22 19 29
10 21 17 25 12 26 24 6 6 29 28 14 1 6 5 17 12 17 0 9 1 12 23 6 2 1 4 14 16 10 22 16 5 8 30 27 6 11 23 24 30 21 7 22 4 0 27 3 7 5 17 5 26 16 15 29 21 12 19 29 2 28 26 8 29 30 24 16 29 9 8 1 24 6 25 9 14 7 2 22 16 10 29 25 23 0 3 9 5 25 22 27 22 1 12 15 30 24 14
25 25 18 6 5 10 30 24 12 6 16 3 3 2 18 27 8 22 27 0 12 27 9 8 7 12 30 8 28 11 30 11 21 0 11 13 1 10 21 12 5 25 25 27 3 11 0 3 18 4 17 0 14 6 8 24 18 6 5 23 0 25 9 17 1 18 6 18 24 9 24 15 22 23 23 11 9 3 20 20 7 15 15 21 23 5 17 17 26 6 13 27 19 28 9 16 5 12 13
27 19 16 14 28 9 27 10 13 9 13 15 28 25 24 2 19 25 23 17 3 30 4 10 8 26 1 29 24 3 17 6 4 5 23 1 22 4 4 16 14 6 13 27 17 3 30 9 15 28 18 7 6 17 25 9 0 17 28 16 13 6 15 17 25 21 4 21 9 27 18 13 30 20 10 1 2 28 24 16 24 24 19 15 19 1 9 1 26 22 15 30 22 25 1 27 17 29 10
10 26 4 18 21 1 20 0 14 28 0 21 8 30 17 27 27 26 30 7 22 18 21 9 28 6 28 11 25 14 15 13 28 15 21 25 5 17 19 27 3 19 25 11 25 30 8 22 2 3 17 5 29 28 27 29 26 10 9 17 19 25 20 1 8 10 0 17 23 21 12 8 13 23 24 9 14 19 5 16 2 7 4 15 28 5 29 23 6 16 5 5 30 22 18 10 11 30 14
25 2 10 29 22 16 2 16 1 2 20 1 20 10 16 16 28 22 2 19 30 28 1 21 13 15 1 25 7 3 27 21 4 30 22 16 2 12 18 12 27 1 8 8 24 5 23 5 18 14 15 0 5 24 11 25 19 22 15 13 22 22 28 6 20 21 28 21 25 29 22 25 4 0 4 4 7 8 30 11 26 11 30 3 19 2 0 2 28 14 10 4 13 17 15 29 28 8 6
21 30 30 30 10 20 19 17 15 0 24 11 25 25 2 11 4 15 3 12 16 15 25 25 4 23 29 24 3 24 0 2 22 18 28 21 25 17 14 29 14 29 1 6 28 11 10 7 21 1 24 22 13 12 15 6 1 19 15 9 26 16 23 23 26 0 1 19 21 17 12 4 14 11 20 4 1 10 11 29 16 5 2 18 22 11 24 4 19 3 21 12 3 1 20 7 9 3 12
22 15 21 22 9 15 21 10 26 30 18 8 6 15 8 13 5 25 19 16 7 7 20 9 27 7 20 18 21 18 7 16 28 22 20 15 30 13 11 11 22 14 28 18 10 28 18 22 1 15 19 3 18 25 5 12 8 14 21 14 17 19 23 0 1 28 25 2 24 0 22 18 17 18 29 22 28 30 5 10 6 14 20 28 11 13 1 0 29 19 6 24 22 8 22 15 9 10 21
24 2 9 22 5 23 6 15 22 13 18 25 8 5 13 15 20 22 26 2 13 22 25 4 2 8 6 21 4 22 27 27 17 24 0 12 24 26 6 6 18 8 6 6 22 20 13 6 10 27 15 28 21 11 13 30 25 30 5 27 23 10 22 3 17 21 15 28 7 27 3 26 12 15 8 29 11 7 8 19 16 26 9 6 20 29 28 21 14 11 4 24 5 5 9 3 28 10 0
23 6 22 19 21 2 3 11 11 4 9 30 16 5 3 7 7 4 24 17 13 10 7 28 27 16 8 21 11 1 27 16 13 12 27 15 4 30 19 25 5 24 8 20 22 4 12 2 11 5 15 14 8 21 26 30 16 9 0 12 20 3 17 13 20 1 17 19 24 4 29 19 14 22 7 12 23 18 10 11 21 12 15 3 11 6 15 25 17 19 0 18 0 12 29 1 11 19 4
26 10 21 25 12 15 22 4 9 0 2 22 3 28 2 21 24 3 8 18 24 24 23 15 11 3 10 13 18 9 28 16 22 5 22 29 23 26 14 19 1 6 7 7 14 1 5 2 11 26 17 13 7 18 22 0 23 4 16 14 11 18 2 23 11 4 6 11 30 24 12 24 15 27 17 22 18 17 24 25 5 7 3 17 16 8 4 23 4 21 7 1 30 22 6 20 8 17 25
16 10 14 3 20 12 30 6 11 4 6 15 7 11 17 22 17 4 5 15 18 11 2 12 28 13 21 30 25 24 30 1 5 11 0 3 16 4 2 29 14 19 10 29 28 29 10 4 6 4 22 22 19 17 17 14 10 19 6 28 7 22 24 23 27 20 29 14 4 3 14 20 15 7 18 22 29 8 20 1 17 0 1 14 12 20 18 20 23 27 25 18 13 11 17 24 3 7 20
25 10 4 20 14 20 25 25 30 8 16 12 17 27 28 22 25 30 13 22 6 28 20 26 30 11 20 22 16 19 10 0 30 2 21 27 8 9 7 6 15 30 11 25 28 9 18 26 28 13 0 17 29 26 22 18 18 19 30 0 14 20 14 14 4 29 16 9 29 28 13 3 14 26 6 28 9 12 28 20 18 24 5 10 13 10 10 26 3 30 14 5 23 0 18 8 5 30 22
27 5 5 30 26 23 21 4 11 0 1 0 26 1 24 23 15 20 5 21 23 8 21 13 18 4 30 9 0 14 9 26 27 9 20 21 5 23 1 7 3 30 30 27 10 28 26 7 17 10 27 13 19 11 21 16 4 11 7 26 24 28 30 24 1 15 2 26 26 11 25 2 26 23 14 8 3 0 10 26 18 0 13 9 17 29 21 6 7 13 1 29 27 26 11 28 29 9 15
26 15 24 19 15 16 13 2 11 6 19 21 9 7 9 0 15 8 19 11 27 19 1 26 26 3 29 18 25 2 1 24 13 2 12 28 18 0 19 24 12 28 1 11 26 28 2 13 10 3 30 6 4 21 20 18 10 23 15 25 25 18 0 29 8 22 25 12 29 18 2 2 2 19 26 11 8 23 8 10 14 1 12 11 14 23 28 3 30 11 19 29 26 9 26 3 21 14 11
0 23 8 9 9 17 5 17 26 15 27 25 10 0 22 24 13 30 8 24 8 8 21 3 28 28 9 26 29 5 23 29 6 0 3 6 30 28 13 24 1 27 21 30 12 7 17 8 28 5 21 15 3 20 12 27 0 9 7 15 30 3 23 15 9 7 19 5 21 25 19 7 6 16 26 23 19 9 19 17 26 26 10 22 1 26 1 14 6 2 28 9 8 5 24 0 26 26 5
28 13 2 19 3 5 12 16 30 1 5 17 1 13 8 3 8 14 24 18 4 7 26 25 5 16 6 29 5 15 16 13 10 9 24 27 23 7 4 20 4 12 16 11 17 4 4 28 6 24 21 15 25 8 11 2 26 21 11 28 22 5 6 3 29 6 10 9 23 3 17 19 14 30 9 15 20 11 18 12 21 13 10 4 7 28 0 9 19 2 30 24 15 8 20 1 22 9 2
5 9 1 27 23 17 10 24 12 10 9 25 16 22 23 29 3 4 2 12 16 8 21 16 23 10 24 23 18 20 10 22 5 28 13 17 25 28 13 28 3 12 25 25 28 24 6 27 28 13 0 4 1 10 27 10 9 11 28 25 27 0 0 18 14 2 20 1 24 24 4 17 26 7 13 1 0 13 22 2 10 2 5 8 5 6 30 1 6 27 2 13 11 10 24 24 25 2 4
7 25 1 22 13 3 23 24 10 23 18 16 8 13 20 19 3 21 10 19 26 6 1 3 18 28 29 12 7 12 27 25 9 25 22 4 9 27 15 6 16 24 3 21 2 3 1 30 28 26 12 30 25 0 23 12 1 27 25 20 5 10 0 29 20 25 19 0 26 11 14 15 4 28 2 23 19 4 25 6 11 19 28 25 17 5 9 9 15 27 11 6 8 10 5 2 27 16 27
8 5 3 19 6 26 29 4 14 11 8 1 5 19 3 1 5 8 3 23 0 27 28 28 15 6 28 16 15 7 11 13 21 25 2 30 3 13 15 5 9 13 2 13 24 20 13 28 14 11 28 11 28 16 0 15 2 26 21 7 2 18 5 16 7 19 3 28 27 29 22 17 28 10 17 17 6 1 10 20 5 5 28 16 28 21 2 5 5 2 19 27 22 28 5 23 25 18 7
25 8 24 18 12 15 12 25 17 20 4 16 17 26 19 17 25 30 3 7 1 20 8 4 26 6 2 4 18 11 1 18 4 26 10 4 1 11 1 3 0 15 8 12 24 3 22 23 27 15 15 26 20 16 21 11 21 23 26 9 29 18 28 23 18 0 19 3 19 24 22 21 26 12 0 27 24 22 30 5 0 26 11 23 20 1 5 2 21 21 21 28 0 20 15 15 22 27 11
21 13 7 10 23 30 2 0 13 11 9 27 8 19 25 12 20 4 14 6 10 29 21 9 15 27 23 13 0 26 17 3 9 15 12 15 26 29 14 27 21 13 25 29 6 25 19 14 15 16 23 11 30 25 30 20 18 27 15 2 6 29 16 7 24 22 20 22 13 8 6 24 29 12 7 5 4 30 16 23 1 9 23 30 2 22 24 13 20 11 19 21 13 9 26 14 11 7 25
25 18 8 7 28 22 1 28 14 27 18 8 4 9 11 24 14 30 27 5 12 29 4 21 0 27 15 15 3 13 18 22 27 14 27 24 10 22 22 29 10 13 14 21 0 2 0 9 24 6 2 16 10 1 22 2 9 27 15 19 17 27 30 2 7 16 3 18 18 0 19 3 12 28 6 17 1 11 21 2 14 29 3 21 2 12 22 23 8 25 26 15 18 28 9 25 14 24 23
15 3 23 9 8 4 20 21 27 25 25 27 9 2 7 17 28 8 13 4 28 12 1 7 7 30 13 3 22 25 12 7 7 11 12 12 27 24 3 26 5 0 17 10 17 3 20 21 24 4 25 8 22 11 9 18 13 7 20 7 15 7 7 26 1 26 6 8 2 15 6 1 22 8 26 2 0 21 21 13 29 8 23 0 28 16 12 8 21 3 21 22 22 25 3 0 26 27 13
7 16 8 24 17 8 14 24 0 23 28 22 3 18 14 3 11 5 26 19 14 18 23 3 18 23 5 16 27 12 4 27 15 9 22 27 2 11 0 21 29 19 10 26 29 12 24 15 10 22 27 19 9 2 26 24 6 14 29 27 1 13 16 30 5 27 16 2 17 17 30 0 5 1 24 6 8 21 14 22 29 10 16 3 5 10 25 28 18 1 25 13 2 4 19 9 6 13 27
2 6 4 30 28 11 5 28 12 15 6 4 0 8 21 19 2 16 28 3 24 8 14 28 13 28 15 8 2 12 3 3 4 11 18 22 0 15 24 22 16 15 21 1 7 23 3 16 22 6 13 0 23 15 17 24 15 4 4 6 13 27 29 11 24 20 11 16 26 7 15 28 5 28 29 29 17 21 2 23 3 7 4 8 2 29 18 27 29 10 21 22 30 29 8 21 12 20 24
28 20 17 27 1 30 7 2 0 1 21 25 3 24 29 13 14 16 2 11 10 20 4 15 18 2 29 0 29 23 25 19 12 22 10 12 30 9 8 5 17 19 6 1 19 2 15 16 20 21 1 3 7 12 26 18 11 23 25 15 13 25 8 28 9 4 12 18 18 30 11 18 15 8 13 17 16 14 13 13 21 2 25 28 22 17 29 30 11 6 1 1 11 26 7 23 17 28 26
17 8 15 3 21 12 8 18 20 16 28 6 18 15 6 24 22 20 11 13 15 2 27 3 26 30 25 7 19 0 22 21 2 10 15 9 7 9 21 5 26 6 30 11 18 4 7 18 17 8 22 23 2 12 0 21 11 0 22 3 11 3 5 3 18 20 25 4 18 13 17 27 2 8 28 4 10 5 14 4 3 5 1 13 30 21 14 9 27 13 27 23 21 7 18 8 21 21 1
27 6 28 14 3 13 3 1 20 16 2 1 18 29 26 19 16 29 30 30 25 12 19 17 26 6 15 19 27 13 23 0 30 27 16 8 19 13 14 24 12 17 4 13 5 23 3 6 19 29 14 30 10 22 29 6 5 2 25 0 12 8 7 6 3 22 3 5 3 22 13 15 14 17 1 20 28 8 10 7 12 12 25 30 12 29 17 0 5 23 2 8 21 21 29 1 4 0 21
22 26 9 14 8 11 2 15 17 28 2 22 18 1 25 4 25 8 29 17 0 17 22 10 14 19 21 5 13 16 4 3 4 6 7 12 22 12 26 14 7 22 14 29 23 5 4 11 0 14 29 24 9 3 12 17 17 5 6 6 16 16 6 17 23 11 20 8 8 22 3 11 4 4 10 14 14 2 11 13 13 23 19 5 10 0 20 2 29 6 9 11 6 20 2 1 16 9 22
23 21 30 0 9 7 29 30 27 8 18 28 26 2 1 20 0 23 7 13 9 19 14 11 2 2 9 24 26 10 9 18 28 6 12 12 25 1 26 20 5 28 15 4 22 21 18 4 22 24 8 23 6 24 7 9 0 16 14 19 3 22 25 14 9 20 6 26 15 17 10 9 13 13 28 26 11 3 26 11 7 9 9 27 0 22 20 30 27 2 18 19 23 17 13 30 19 3 5
13 16 21 25 16 21 6 19 24 14 30 15 13 18 1 0 7 12 14 9 4 19 24 7 24 8 11 17 26 17 16 5 1 1 10 26 21 18 20 12 3 25 2 27 4 9 21 24 4 18 3 3 20 5 10 6 27 9 22 9 15 22 15 5 26 7 15 30 12 15 17 11 14 3 8 1 30 25 16 26 30 24 28 26 17 26 19 26 21 14 24 1 24 18 10 16 6 8 21
5 24 11 4 6 22 26 18 30 4 11 18 8 28 1 3 20 16 28 17 19 25 9 28 28 21 14 11 15 22 19 19 21 11 15 24 24 0 30 2 28 16 9 1 17 18 8 28 21 0 18 27 17 19 2 2 1 11 22 23 28 9 2 17 14 17 17 1 9 11 10 17 3 30 19 12 5 5 23 17 0 2 25 15 19 2 15 29 29 14 18 20 21 22 0 30 18 2 2
17 5 8 20 27 3 0 18 3 17 21 29 5 6 23 23 14 20 23 26 4 14 3 14 14 0 18 24 28 11 0 13 1 4 10 18 22 16 14 8 15 2 28 2 0 5 6 19 9 3 25 7 18 27 23 12 24 8 16 27 3 10 25 10 10 15 26 2 23 16 0 18 0 12 4 11 14 4 20 12 27 10 9 1 30 17 20 20 24 2 15 2 27 19 24 18 7 23 0
29 19 19 26 18 11 4 6 6 3 15 22 30 23 12 10 11 13 16 30 19 17 20 7 2 30 29 3 27 30 15 29 9 2 4 4 24 8 30 2 26 13 7 13 2 8 8 1 17 17 28 25 18 23 11 11 2 4 8 28 4 7 10 7 9 29 19 11 0 6 28 26 6 18 12 11 0 3 1 16 24 8 13 14 6 2 26 23 7 15 10 12 1 3 5 8 11 0 20
7 22 20 23 28 18 15 4 30 16 2 16 18 1 5 21 22 28 26 16 3 20 8 7 26 24 8 2 18 15 1 3 5 6 18 16 26 19 2 3 20 20 12 23 15 28 4 2 6 15 22 3 11 4 18 4 15 10 26 5 0 8 9 23 14 24 13 30 10 26 2 4 19 14 23 3 15 17 28 21 5 16 29 0 14 4 5 13 16 22 0 25 25 24 9 30 25 20 18
8 19 0 3 9 18 8 5 10 27 21 28 21 27 8 3 2 27 3 27 14 26 17 13 29 23 22 12 10 27 22 7 9 17 22 27 20 9 5 18 21 21 5 25 25 10 12 28 6 29 30 28 16 10 0 26 17 13 25 13 12 22 18 15 21 3 25 11 24 6 24 21 17 20 30 21 17 14 1 7 8 27 21 26 17 13 0 19 26 28 5 17 28 19 27 12 26 2 12
30 27 10 22 30 30 14 11 26 24 29 3 11 27 6 8 6 10 0 1 26 18 15 22 5 21 26 21 5 5 28 20 16 22 14 0 24 1 7 23 0 8 5 1 3 9 27 29 3 14 19 19 1 15 9 0 9 6 20 22 5 18 10 26 18 27 1 11 12 7 6 0 12 2 18 0 20 12 10 7 4 20 7 19 12 17 21 20 0 22 23 26 6 22 26 24 7 2 6
21 12 11 14 26 22 4 5 23 8 20 3 30 6 13 30 21 13 17 23 7 25 25 16 26 18 19 15 24 22 21 0 26 17 14 13 26 23 17 3 4 11 1 26 26 0 8 2 3 23 26 24 18 5 27 3 25 3 24 26 3 4 10 29 30 16 28 21 3 16 3 15 2 30 18 11 25 11 23 25 17 4 5 7 25 25 28 29 19 19 15 25 19 25 9 11 16 10 7
25 7 22 10 23 4 24 11 22 15 22 2 6 0 14 14 23 28 8 29 18 6 2 23 11 30 22 17 23 23 26 14 27 8 4 13 12 17 21 26 13 7 1 0 3 29 12 18 28 3 23 24 7 5 17 26 26 11 29 11 7 0 11 0 13 22 9 12 8 13 26 16 26 0 29 1 29 30 29 18 19 23 16 21 15 2 23 15 8 8 14 26 29 10 15 28 0 17 9
7 7 19 14 27 30 23 14 22 22 14 26 13 1 19 9 27 11 2 24 10 18 5 12 30 7 22 11 30 29 17 10 14 23 4 16 13 1 21 20 14 6 1 7 22 0 27 28 9 17 12 0 12 2 2 22 7 18 13 4 27 21 21 9 13 20 14 18 16 14 25 9 29 10 12 28 13 30 14 10 5 7 7 15 20 20 20 14 25 29 29 1 25 18 23 2 4 14 12
18 30 26 22 0 8 2 1 30 2 4 21 30 6 24 25 26 2 17 17 8 16 10 14 24 24 22 13 0 16 9 24 15 17 26 22 0 9 29 26 3 11 25 23 7 29 20 26 21 8 20 11 13 22 13 16 2 13 11 11 10 0 11 10 7 13 7 5 8 14 25 26 28 1 13 0 20 19 1 5 24 23 24 30 2 13 26 9 3 1 14 20 14 3 16 13 4 12 29
1 8 14 4 5 1 14 20 23 1 11 14 22 24 9 9 12 0 19 15 15 11 1 11 30 13 10 6 29 29 19 30 20 22 22 24 23 20 30 22 29 21 13 5 30 18 26 10 17 11 13 15 10 3 24 11 28 13 10 15 25 4 1 13 22 15 0 23 25 1 6 29 1 23 7 9 6 15 9 5 4 22 0 10 3 5 21 6 12 20 8 1 28 28 9 24 28 10 12
28 21 28 12 5 7 28 13 17 14 17 8 4 22 14 25 0 27 3 0 15 21 30 9 5 1 6 14 24 11 12 25 14 20 15 14 27 18 6 20 4 26 14 15 26 20 17 17 6 18 21 30 5 0 23 8 1 22 15 13 16 15 1 28 22 26 8 20 26 6 11 19 27 23 1 12 3 6 29 21 12 19 11 6 16 19 17 13 4 26 9 0 12 7 10 7 30 23 22
24 24 22 1 20 24 11 30 18 25 29 18 17 19 18 15 29 27 9 29 24 18 22 19 15 28 3 19 5 1 9 16 28 22 18 21 10 28 16 23 17 16 7 18 6 8 9 19 0 26 21 1 30 5 25 3 28 5 10 26 14 29 26 30 19 4 28 30 8 19 30 2 14 10 15 2 10 10 1 27 14 0 3 28 22 26 4 10 20 16 23 21 22 28 28 3 25 17 16
3 18 28 21 11 29 30 28 22 7 28 12 30 0 16 4 28 26 9 23 30 5 11 4 11 24 4 12 12 20 5 30 2 2 11 16 19 8 16 9 19 27 7 30 18 24 11 4 19 8 17 30 6 1 11 5 23 16 21 16 13 2 16 10 2 3 10 1 1 23 29 22 16 13 1 30 28 14 13 15 5 13 23 1 2 6 14 20 2 29 0 5 17 26 11 23 6 17 25
9 29 3 11 19 22 30 3 22 2 5 4 3 1 27 8 7 13 17 4 0 21 13 28 24 8 8 14 25 19 28 14 1 22 26 4 0 14 13 13 24 15 28 25 27 29 23 10 29 6 5 24 3 23 15 20 3 9 6 9 30 11 27 3 23 4 12 10 16 18 22 6 2 0 4 10 1 0 26 5 24 25 2 6 11 15 20 17 8 10 30 8 29 22 6 0 10 10 22
5 21 10 11 15 11 1 0 23 16 0 17 28 2 30 17 17 4 19 1 17 19 7 22 9 5 1 4 8 2 12 4 30 13 27 30 29 10 11 11 9 20 9 23 22 17 19 4 26 5 22 20 8 9 6 27 16 4 9 5 15 18 23 3 7 23 7 26 25 15 30 6 6 1 27 28 12 7 26 10 0 8 23 21 18 4 6 16 18 1 4 7 15 21 15 0 4 21 3
25 12 19 18 20 20 26 18 28 24 18 7 19 2 24 14 4 27 19 4 1 19 4 2 4 11 30 26 5 9 14 3 16 18 2 16 9 24 29 29 1 21 19 25 6 18 14 28 5 14 23 21 6 25 0 24 1 12 19 1 14 9 25 23 9 22 9 27 10 0 19 14 5 8 7 7 18 29 5 27 26 2 19 10 28 3 6 22 22 29 21 2 30 10 12 3 18 11 28
15 12 3 16 26 24 23 21 23 26 5 23 3 0 15 22 0 3 10 11 6 7 29 0 7 0 5 21 22 24 12 18 0 14 16 0 15 29 20 1 28 5 6 14 1 14 4 14 29 30 12 12 9 2 2 12 24 4 30 17 23 7 28 10 29 30 20 13 7 18 19 3 29 25 5 25 11 14 6 25 6 14 18 29 2 3 2 29 28 27 15 28 12 10 10 26 3 14 8
25 9 23 9 5 16 16 4 30 10 21 13 3 9 1 10 2 12 22 8 29 18 6 17 5 17 15 14 20 29 28 16 17 10 13 1 3 4 6 15 27 14 1 17 16 21 19 28 1 21 7 22 11 5 8 14 14 29 6 9 27 3 16 17 15 11 5 15 25 2 19 21 4 14 21 15 22 26 24 28 25 20 22 30 3 0 5 2 11 23 23 16 7 30 6 10 12 2 25
17 14 20 4 20 8 4 9 1 17 7 27 17 20 15 13 1 28 2 26 0 0 20 16 28 8 10 11 22 0 0 20 28 4 8 24 2 22 10 2 26 7 24 10 23 14 2 16 1 3 9 16 14 29 8 21 2 11 27 26 27 3 0 28 10 28 9 13 4 1 8 25 3 11 15 22 1 13 24 16 9 23 16 0 23 15 14 2 23 2 18 15 1 5 20 5 27 24 21
30 16 17 9 28 27 29 19 30 1 28 21 30 0 0 0 1 24 2 10 27 0 17 16 27 3 18 21 18 10 17 1 16 17 1 2 0 22 16 29 13 1 8 11 28 19 25 26 29 22 6 29 7 4 30 17 18 23 22 21 27 17 20 27 25 2 12 30 7 22 5 19 7 21 8 12 4 30 10 7 3 20 21 9 2 29 16 4 27 29 17 6 20 30 24 18 8 18 1
20 6 6 13 15 9 0 23 5 23 28 10 29 20 13 17 13 11 11 20 0 0 1 10 28 18 22 18 20 21 6 23 27 5 9 8 27 28 22 5 21 27 10 16 27 12 29 29 23 8 20 8 30 25 28 1 19 21 29 5 12 12 20 30 25 30 1 22 25 20 20 13 2 30 13 17 21 28 17 0 23 26 8 1 20 11 27 1 2 1 15 21 20 29 7 3 14 6 30
28 2 16 2 19 12 23 15 12 21 3 29 12 29 24 16 17 7 7 14 0 20 25 14 30 6 17 19 2 5 3 28 17 8 22 10 17 12 26 17 23 9 23 1 15 10 25 28 17 21 15 23 5 3 6 16 27 16 11 21 15 17 1 3 1 27 9 10 1 8 6 6 19 23 9 29 23 0 21 6 11 7 11 15 4 2 30 7 18 7 23 25 15 23 8 6 19 19 12
30 3 14 17 2 0 13 14 22 30 29 25 1 4 25 14 30 5 9 7 2 26 26 13 3 15 7 20 25 0 26 11 4 9 26 26 18 20 15 6 8 8 29 18 0 28 10 9 7 6 3 3 20 1 7 9 18 17 12 11 4 23 22 10 20 21 26 27 11 21 1 10 30 26 0 9 19 1 14 28 3 15 24 3 4 11 20 11 11 24 2 20 21 8 15 1 19 27 1
2 19 0 13 4 23 28 19 12 1 14 9 14 20 3 2 9 11 3 14 27 1 15 5 16 10 18 19 26 1 10 3 18 10 4 17 1 25 22 6 17 8 25 8 8 26 23 30 21 16 27 20 18 0 0 12 17 18 11 11 20 3 6 10 12 30 22 0 9 3 21 12 18 13 22 10 12 4 18 15 29 5 11 6 2 11 15 16 24 17 5 29 22 2 10 14 26 9 5
0 2 23 21 1 29 29 26 19 30 6 28 5 0 28 5 18 14 19 21 17 11 7 26 7 22 16 13 16 6 5 4 1 27 5 10 14 27 11 18 21 17 29 29 10 26 20 23 18 3 25 13 3 1 3 4 6 28 5 17 18 25 16 12 18 27 14 10 10 14 6 8 5 11 6 27 9 23 30 3 8 0 22 2 21 15 9 3 13 24 27 9 5 29 19 11 16 29 21
0 12 14 18 23 7 10 25 4 7 6 20 29 18 3 19 6 9 2 25 6 17 12 0 7 17 1 13 25 11 10 27 15 30 1 29 11 23 15 6 25 26 18 12 26 1 14 24 4 26 5 13 30 28 17 30 4 27 26 22 29 30 1 16 11 19 23 18 6 30 11 19 1 3 11 26 16 14 20 4 30 0 21 4 18 21 11 29 29 17 14 4 8 18 0 0 10 13 9
27 5 5 28 8 10 28 13 20 6 27 27 2 6 12 8 1 26 8 17 18 3 24 11 24 26 26 13 16 8 15 16 5 0 20 2 15 2 6 4 15 28 30 0 7 24 21 6 30 0 17 24 13 9 25 4 12 9 5 2 22 7 8 24 28 0 0 15 3 22 28 26 5 26 5 18 0 21 30 23 14 2 17 28 30 25 19 30 2 12 11 0 21 22 16 8 0 3 4
26 5 4 30 21 20 21 13 27 23 11 14 18 17 18 9 16 9 0 21 24 25 11 4 28 15 28 22 4 24 5 2 11 2 2 29 29 20 6 20 17 7 16 30 18 11 25 17 2 15 15 19 17 30 17 15 30 2 7 7 13 11 11 19 23 24 14 29 1 30 11 4 12 6 1 9 0 28 25 19 30 12 3 0 18 3 25 17 16 30 15 4 18 11 29 27 20 13 25
22 11 27 3 15 15 1 10 10 19 16 3 30 21 1 23 12 25 11 15 18 9 22 1 15 12 0 11 7 20 17 14 2 27 7 15 13 23 0 8 6 20 22 3 30 30 17 2 23 23 18 11 22 28 27 30 0 27 1 29 22 13 22 21 3 18 6 8 6 11 20 20 11 22 3 26 22 20 12 17 0 17 27 2 15 1 7 2 19 26 11 2 15 25 14 20 15 3 17
4 23 25 15 18 17 12 12 26 5 25 21 23 8 25 0 20 20 2 6 29 7 1 27 13 26 22 6 13 30 14 24 27 28 28 29 10 5 17 4 17 14 2 9 12 30 20 16 23 27 18 16 28 0 26 15 16 5 29 10 30 5 3 27 8 23 27 7 20 14 26 3 14 25 26 29 9 0 7 29 28 5 9 3 3 7 1 4 7 13 23 5 9 19 15 23 22 20 17
22 23 8 25 5 23 10 15 3 24 23 13 4 0 15 4 9 19 25 12 24 3 1 19 1 10 12 27 21 1 6 25 29 1 13 15 5 29 26 29 7 18 10 7 4 18 28 11 27 21 3 20 10 30 12 7 20 5 12 24 2 6 17 9 29 7 23 9 18 29 25 26 3 17 9 13 5 7 0 11 19 23 11 11 19 28 1 20 7 23 30 22 25 20 16 18 18 25 29
18 0 6 17 22 16 9 0 6 18 29 6 24 16 9 12 15 22 25 24 25 26 9 9 0 6 1 17 6 12 9 4 15 7 29 26 11 28 9 25 26 18 10 12 26 3 9 15 28 3 30 8 8 2 23 20 0 5 18 5 20 1 6 3 19 5 17 18 2 8 29 10 6 3 20 23 5 18 1 19 7 15 13 19 3 18 20 24 23 23 3 22 4 3 27 21 6 19 10
3 18 10 10 27 29 27 5 8 1 0 30 4 12 5 16 4 26 29 24 18 7 22 24 22 0 7 0 15 12 21 13 9 6 21 26 17 0 17 11 15 21 0 19 27 17 30 2 16 5 12 18 24 18 15 18 20 24 13 14 5 7 11 29 16 13 18 3 20 0 20 21 25 26 18 9 6 15 4 19 12 28 27 25 8 28 29 12 23 23 13 4 9 29 19 5 23 12 3
0 1 15 25 20 4 25 23 5 3 2 1 9 21 12 19 27 12 0 2 7 9 0 5 14 4 10 23 25 12 23 15 27 28 3 5 25 20 16 10 0 2 11 23 3 19 14 27 14 26 1 14 24 29 1 23 28 22 24 18 6 23 19 0 2 4 12 25 20 10 7 28 23 25 29 14 23 1 10 21 14 11 25 24 28 16 29 22 8 14 27 11 14 3 5 10 1 3 11
27 4 19 27 21 24 30 3 6 12 6 16 22 1 4 28 11 19 21 13 5 30 13 22 25 26 10 22 6 11 30 10 7 21 18 20 17 27 0 15 30 4 5 30 30 22 14 5 10 12 18 7 2 4 22 11 22 29 18 2 0 1 19 30 15 7 0 10 18 19 28 20 15 25 15 19 4 29 20 13 27 29 11 22 9 0 28 11 23 0 19 25 8 14 24 0 12 5 29
22 29 4 12 7 30 4 8 23 19 13 16 29 4 3 29 3 16 20 15 1 22 25 19 3 10 30 4 14 19 4 4 13 6 21 4 17 11 27 14 10 27 1 25 3 21 10 20 22 15 14 14 9 11 13 8 13 22 22 16 1 4 22 1 13 6 18 3 26 4 1 30 8 30 29 6 1 9 20 7 0 24 9 13 23 25 11 11 7 25 6 21 15 25 23 30 3 11 20
29 14 29 9 8 15 9 13 10 5 2 2 13 27 11 25 13 5 24 30 20 23 13 25 23 26 28 21 27 2 4 11 30 14 4 11 19 25 2 9 13 13 27 26 16 15 22 24 10 1 25 14 1 14 10 16 21 0 18 18 16 12 10 2 5 26 3 12 24 4 19 1 16 3 10 27 24 23 15 23 13 0 25 10 22 30 20 0 8 14 9 26 15 29 23 25 24 9 12
23 16 9 13 21 6 13 21 14 9 4 25 15 6 29 30 0 3 12 26 5 25 5 22 25 28 29 16 1 19 11 30 27 0 26 30 6 30 30 2 4 7 15 17 17 29 15 15 0 3 4 20 19 15 24 4 2 10 16 3 30 9 17 18 14 12 15 16 29 20 23 0 4 27 16 24 13 13 29 22 9 26 18 17 7 4 16 11 13 29 20 22 13 6 9 16 26 18 14
27 2 23 4 1 27 4 30 19 10 23 21 5 13 8 28 3 29 24 22 8 17 26 12 22 24 9 16 24 29 19 4 28 22 4 27 24 23 1 24 5 23 8 21 6 29 30 0 22 1 2 19 11 2 19 8 6 13 25 28 12 15 5 6 3 12 3 10 12 15 24 29 14 19 30 4 6 0 3 3 10 10 10 29 13 3 27 27 30 1 29 30 7 13 30 0 20 28 28
20 9 24 21 30 4 19 11 12 18 22 25 21 8 8 25 11 27 20 23 10 5 13 6 29 9 5 1 20 24 8 14 0 1 4 2 22 13 18 11 3 0 4 27 19 3 28 18 17 5 21 18 4 19 30 23 14 25 5 20 19 30 3 1 23 14 30 19 21 30 26 30 12 13 18 30 18 25 4 23 26 2 30 26 6 3 19 27 27 14 21 19 28 8 17 26 8 7 8
17 20 27 28 16 4 14 5 26 8 4 25 6 25 6 11 12 10 4 1 8 3 11 5 7 19 12 13 28 24 26 24 9 25 8 23 28 25 3 1 6 1 5 28 11 19 0 7 14 1 3 6 17 22 7 30 0 11 29 8 3 8 15 18 6 20 16 21 26 9 27 3 7 2 8 2 30 7 9 7 14 17 5 0 28 19 19 5 9 19 9 26 14 26 11 24 20 14 22
24 24 29 6 15 23 8 29 23 26 27 2 6 2 29 14 0 6 14 14 12 3 5 30 4 14 2 30 10 11 17 21 4 17 11 20 1 22 20 28 11 17 0 11 19 27 5 22 0 12 4 19 17 16 11 13 23 12 11 22 20 21 17 19 8 27 18 7 21 7 15 2 11 22 6 10 9 14 8 6 10 9 12 14 12 26 11 9 29 22 4 11 28 29 9 4 29 10 17
25 3 20 2 30 25 11 8 28 12 8 1 5 26 1 13 0 15 20 3 0 0 1 29 29 21 16 12 29 5 9 20 25 10 30 4 21 11 1 5 12 17 13 6 10 21 1 13 17 3 12 11 16 19 10 16 28 18 15 3 4 15 10 2 7 29 5 26 26 23 1 21 14 13 1 16 10 17 23 28 21 17 14 30 19 14 6 1 27 10 10 26 25 24 24 15 28 18 22
19 25 2 15 26 8 23 8 14 8 11 1 4 25 29 20 7 10 15 22 27 14 10 17 18 24 19 10 7 11 16 22 15 4 28 4 14 18 22 13 18 14 12 21 30 22 9 6 8 8 6 7 13 24 19 29 12 10 28 21 16 6 29 4 10 9 5 5 13 17 4 19 23 7 28 4 1 29 15 20 5 2 18 12 30 24 11 1 9 24 16 18 26 8 30 1 24 9 29
13 28 14 24 4 23 9 18 13 12 14 22 10 12 12 12 6 4 1 4 4 6 3 20 12 22 11 26 26 0 19 2 5 25 6 23 21 20 19 28 15 28 9 0 25 18 24 16 17 12 19 0 6 19 17 2 3 10 18 1 24 20 9 11 10 13 16 21 21 20 8 23 11 24 26 22 23 11 8 19 12 8 7 5 3 22 18 29 22 12 7 22 4 22 6 26 8 15 29
5 12 13 7 27 13 9 25 27 5 17 25 0 3 19 27 2 30 16 29 8 11 14 24 28 20 21 22 23 5 2 23 9 13 13 30 9 5 15 11 30 13 22 22 0 13 6 4 19 8 3 22 17 13 5 8 23 5 14 5 8 11 10 12 14 24 30 11 28 6 1 0 19 21 19 16 11 18 9 24 27 11 5 22 25 21 27 25 5 5 3 23 6 29 8 29 18 14 26
15 3 7 20 13 24 14 17 8 10 17 11 11 16 26 2 16 0 26 5 28 27 24 2 4 28 2 29 6 5 1 21 4 20 23 18 22 28 13 25 19 24 26 2 25 14 3 24 18 14 28 23 6 30 2 19 14 7 27 11 12 19 23 22 20 24 3 2 19 21 9 13 24 3 22 28 10 2 16 9 15 3 28 17 2 30 2 14 12 6 7 20 0 1 3 3 2 0 7
23 21 30 25 20 10 19 18 21 6 28 6 0 27 17 12 8 27 1 18 17 23 2 6 25 29 27 2 14 22 12 1 11 16 26 23 10 29 22 22 18 5 21 23 8 10 22 18 25 11 2 17 3 4 25 26 23 25 25 30 10 5 23 22 3 9 16 7 25 5 20 22 9 15 16 1 15 30 20 15 28 11 24 14 0 17 23 20 23 24 21 10 19 19 28 30 16 27 28
28 11 19 0 13 18 13 16 1 9 29 27 24 19 2 19 16 11 30 17 21 26 14 14 16 24 30 25 6 29 22 19 9 15 6 22 3 5 13 24 15 15 25 14 2 9 10 5 17 22 5 0 24 10 19 13 4 0 27 4 14 10 21 6 7 3 17 10 7 23 7 23 29 6 30 16 4 13 22 30 16 10 10 9 27 8 28 11 13 22 6 4 20 19 13 5 29 12 30
11 28 4 25 23 24 0 17 4 9 20 15 26 25 12 19 11 0 29 22 30 21 10 20 10 15 20 9 25 26 9 11 11 20 21 23 6 11 14 1 19 25 30 23 2 15 8 20 6 24 1 9 16 10 10 30 17 24 21 0 28 1 7 16 22 7 17 30 0 18 18 0 11 20 23 4 28 16 22 29 30 4 12 20 7 15 14 3 20 4 14 13 30 7 30 20 17 24 16
18 18 24 16 4 24 22 19 11 6 24 6 0 28 4 4 14 5 22 16 4 5 13 18 24 3 20 25 3 16 8 24 26 8 23 25 21 19 13 13 6 14 9 24 4 10 5 4 22 12 28 0 14 25 20 12 3 15 18 19 6 14 26 1 13 21 15 18 2 5 0 7 6 7 29 30 26 27 6 30 6 23 13 0 23 18 23 3 22 8 15 26 19 22 14 4 25 19 18
14 19 6 17 8 22 12 10 30 12 12 13 29 27 9 2 21 24 28 8 23 27 23 15 14 12 11 28 0 21 22 4 4 20 17 30 24 15 13 4 0 2 16 19 16 8 15 9 30 18 20 5 9 13 3 5 6 21 25 25 23 13 19 8 15 15 1 5 4 8 1 11 2 6 30 26 13 0 3 25 15 24 15 19 4 0 26 27 9 21 3 9 26 29 24 3 16 5 15
2 19 13 4 29 10 11 21 0 15 21 17 24 2 10 21 22 29 22 11 11 17 10 26 20 23 20 24 6 2 29 30 5 5 3 1 6 15 18 5 2 1 10 6 18 3 7 24 29 27 18 20 23 2 18 22 18 19 28 19 8 23 29 17 18 30 16 23 1 15 1 11 9 13 1 4 21 25 12 6 15 22 13 2 4 28 0 20 21 28 18 17 20 10 4 30 8 12 17
2 13 28 14 3 8 5 29 19 27 6 5 24 15 27 28 0 7 16 14 10 25 25 17 24 27 15 8 6 4 9 24 23 15 6 3 13 11 0 18 27 8 2 27 4 28 1 11 12 2 9 5 29 10 19 6 5 4 30 12 29 2 27 19 14 8 8 13 15 11 30 0 11 19 16 26 29 7 1 6 9 19 20 3 18 2 23 4 28 21 0 13 4 0 17 2 13 5 10
24 2 10 13 7 17 10 29 28 8 22 22 25 10 23 17 13 15 26 29 15 8 15 9 22 10 17 21 8 9 28 5 10 26 29 23 4 19 16 2 1 15 25 6 7 23 1 5 21 2 5 30 17 2 28 24 23 9 16 16 1 13 17 27 2 3 14 15 29 4 11 26 11 24 8 6 5 23 23 23 24 26 28 22 3 5 30 1 14 5 28 29 3 3 12 16 22 24 27
13 5 3 7 9 17 9 0 11 4 7 2 19 15 13 16 0 28 22 11 0 28 5 2 19 7 1 9 19 19 27 24 17 21 27 18 22 4 8 21 21 15 13 21 17 5 9 12 16 14 12 13 3 13 6 24 17 29 18 11 29 1 13 23 25 27 5 23 24 26 13 0 24 13 15 24 7 11 5 22 30 23 10 28 3 11 26 29 14 26 2 22 14 29 28 15 11 24 12
27 0 22 8 3 2 3 23 27 12 19 22 3 24 28 14 8 23 29 25 23 2 6 3 27 17 25 26 21 2 22 7 20 11 29 28 21 8 27 7 11 12 15 27 20 0 30 22 12 21 2 7 25 9 23 21 11 26 22 16 17 20 16 8 20 22 1 29 25 14 6 10 24 16 23 25 21 23 11 24 29 13 5 11 16 21 23 22 5 14 9 30 17 22 28 2 14 9 21
12 6 12 30 23 25 20 27 6 27 12 28 9 2 14 28 10 28 10 6 16 23 11 19 10 19 30 3 26 11 20 27 0 23 11 11 16 2 9 25 0 10 0 14 20 19 1 14 11 18 7 14 24 24 2 1 20 14 11 7 9 5 9 9 1 14 6 8 21 26 3 2 26 20 13 2 15 24 26 7 24 0 6 2 1 22 19 6 25 18 20 9 20 14 5 25 24 21 22
4 28 27 24 11 16 20 6 23 9 3 19 23 27 24 26 8 3 22 4 9 9 4 15 5 24 11 7 3 13 22 13 7 6 6 16 2 26 1 8 14 16 15 20 2 1 3 7 29 15 14 0 12 26 13 0 22 13 25 8 5 7 23 20 16 29 17 25 6 30 9 22 30 11 18 27 2 6 4 28 28 2 6 25 30 22 0 21 6 20 30 13 17 21 21 23 6 24 26
25 23 27 22 20 20 24 30 24 17 19 25 0 3 29 12 3 17 12 4 27 3 2 18 21 29 16 27 18 20 2 30 16 30 30 24 22 16 20 25 23 8 20 16 8 26 26 2 28 15 26 13 6 10 5 10 15 8 24 20 6 27 8 27 27 10 15 3 29 7 7 10 6 29 6 3 30 19 5 5 25 23 29 7 17 15 7 16 0 25 12 6 21 17 25 20 0 4 24
