100 100
12 20 27 0 22 7 5 8 8 30 19 23 4 1 6 18 5 11 12 5 6 12 12 5 11 3 1 27 21 20 15 5 25 27 15 16 26 0 14 6 21 19 27 7 3 11 16 8 23 16 22 25 22 19 18 29 30 5 21 8 14 24 11 8 1 23 18 24 10 1 13 27 8 20 9 2 28 22 29 9 26 25 27 19 17 19 8 23 10 12 7 26 6 16 24 14 17 16 28 16
23 30 14 12 9 5 13 18 7 11 22 8 5 5 6 29 22 23 27 17 1 6 2 21 12 21 29 6 16 11 14 29 0 11 17 13 30 14 27 1 26 29 26 14 12 28 19 22 28 11 6 21 3 22 19 7 15 18 13 26 6 26 24 11 13 7 9 2 17 18 5 14 1 2 8 23 28 6 21 20 25 19 3 23 14 30 18 27 27 9 6 12 23 0 0 26 12 0 22 24
22 15 14 1 25 13 23 23 29 16 13 2 0 17 9 8 30 4 17 28 2 18 6 20 29 24 5 20 15 19 16 21 11 4 22 15 24 6 13 8 10 8 3 10 0 22 6 17 25 25 6 11 4 23 19 2 30 9 23 4 19 22 21 26 3 4 25 3 22 14 14 26 9 27 5 26 2 24 26 4 7 28 0 8 11 17 19 29 0 13 22 0 18 21 28 9 21 20 14 3
1 11 5 29 14 22 18 16 6 7 12 1 20 12 27 3 6 7 15 8 22 20 0 21 5 16 5 7 3 6 20 24 26 29 22 16 11 6 20 19 18 12 7 8 7 18 7 29 6 15 27 30 1 20 16 3 27 0 14 29 28 5 6 5 26 5 27 4 20 23 23 26 0 19 8 18 26 29 30 29 27 4 20 6 23 14 8 30 7 27 28 20 2 14 22 4 9 3 25 14
19 1 12 10 15 19 24 29 14 29 28 26 15 22 16 22 12 1 27 1 12 8 9 19 30 24 7 12 28 10 5 2 13 21 21 12 22 28 10 23 18 19 27 3 15 17 1 1 1 5 22 15 0 10 17 6 0 1 3 30 7 1 20 13 4 25 12 24 1 29 19 30 8 14 16 12 24 0 25 23 13 30 22 10 28 4 8 29 7 18 20 2 27 15 7 18 8 5 22 23
27 2 13 19 17 7 27 2 24 26 0 19 21 23 23 23 21 30 12 0 19 1 21 9 1 15 2 18 6 1 2 26 15 14 14 30 23 13 6 22 25 23 27 13 26 4 3 29 14 3 4 1 12 25 17 24 26 29 26 19 19 14 11 27 0 29 16 16 6 18 2 1 21 10 17 20 0 17 20 23 28 0 4 5 9 5 1 8 15 5 7 18 15 20 26 0 13 22 21 22
26 25 10 28 7 29 7 12 10 0 5 1 17 10 19 0 5 7 0 30 0 10 22 4 5 14 1 26 0 16 3 30 3 30 7 14 6 5 10 29 27 8 12 23 13 15 1 8 22 12 22 27 16 15 6 17 25 25 2 24 16 24 12 25 7 4 21 17 18 28 11 15 22 16 4 1 19 20 10 3 0 22 2 21 24 9 11 0 27 5 5 21 6 24 7 26 3 26 15 11
15 16 3 15 25 19 29 8 8 2 15 16 20 8 10 26 9 15 16 6 14 5 12 16 23 26 14 24 7 1 12 17 8 28 26 13 1 19 11 1 21 15 1 19 18 21 14 22 13 30 18 14 22 24 14 30 8 7 2 26 2 22 14 6 11 15 1 6 27 6 4 4 0 19 4 0 29 4 30 21 28 19 9 29 9 27 21 20 2 21 16 2 10 24 16 23 10 9 15 9
3 10 29 3 19 19 6 27 12 23 1 12 10 28 9 2 13 2 27 6 26 15 30 26 13 16 2 13 18 29 16 14 18 22 6 12 28 30 15 2 29 0 30 28 8 5 8 7 25 28 30 0 10 7 26 21 25 10 20 17 26 8 12 0 1 6 11 3 15 4 16 6 13 2 30 26 0 2 1 6 4 25 14 11 8 30 24 24 4 18 16 26 19 23 23 14 29 27 20 0
10 3 19 14 15 5 4 29 14 13 4 2 19 11 9 20 6 11 8 16 22 18 11 4 25 25 2 8 27 2 1 0 0 1 15 11 16 20 10 13 24 10 16 17 16 3 1 26 29 20 17 26 1 19 6 0 21 7 4 10 20 29 26 14 22 14 17 16 27 13 17 16 30 30 25 24 29 3 23 10 14 10 9 5 22 15 6 8 28 6 0 0 4 8 27 17 2 11 27 22
24 9 16 9 24 11 6 26 23 21 14 17 30 13 26 20 29 7 15 18 26 25 14 11 16 22 12 10 15 22 15 1 16 13 24 29 13 11 26 10 16 10 22 13 5 13 1 22 17 26 22 6 5 3 12 22 28 11 14 7 27 6 20 1 28 6 29 14 30 7 19 0 16 17 5 3 28 6 10 0 15 19 13 28 27 15 28 19 26 26 4 28 14 29 16 9 21 25 17 17
19 26 16 21 30 10 12 16 13 22 4 30 14 1 9 14 8 6 26 21 29 20 4 2 17 14 10 4 26 24 21 22 13 16 23 24 7 14 26 7 11 17 18 2 9 1 0 22 22 25 22 25 4 1 28 23 18 6 17 15 0 0 27 24 17 29 3 13 1 8 7 21 10 12 13 6 7 19 11 3 14 6 19 6 14 1 22 14 18 20 8 4 22 11 4 6 13 13 3 9
22 2 8 15 6 8 22 27 6 11 11 25 29 21 25 7 3 11 20 1 26 27 19 27 19 20 3 3 12 14 26 20 17 4 25 26 16 17 29 26 22 14 3 12 20 20 25 10 23 21 27 24 3 2 4 22 24 11 13 0 10 24 29 20 22 9 16 26 11 3 4 3 6 21 11 23 28 20 24 0 29 14 16 6 28 21 26 20 18 5 18 21 2 21 9 26 17 2 18 11
26 5 28 25 2 19 28 22 2 21 0 14 10 17 11 28 7 14 21 5 2 3 14 1 13 26 20 18 20 7 20 30 19 12 20 9 5 21 4 17 12 20 4 24 29 15 23 24 11 20 12 11 26 22 3 14 17 18 0 24 24 12 14 19 18 24 28 5 9 23 23 15 27 26 6 7 3 24 10 20 22 10 21 1 6 30 27 30 16 27 19 5 4 5 12 30 8 6 1 14
15 17 28 12 3 12 7 20 5 5 17 23 22 29 13 9 8 3 26 5 23 11 9 16 28 4 27 22 14 25 20 15 0 7 18 4 19 4 30 9 29 6 12 14 13 14 9 16 12 18 11 25 28 13 17 11 20 16 30 22 23 1 9 2 13 23 19 15 18 2 12 11 17 25 26 7 11 5 30 1 18 28 1 30 26 14 1 14 2 17 9 17 7 9 10 13 1 20 17 4
10 26 19 29 27 11 24 2 3 6 25 21 15 21 14 27 13 26 24 26 18 1 1 22 9 8 17 24 25 21 4 3 2 17 2 23 10 11 29 30 1 13 3 17 16 8 1 15 8 7 20 21 25 16 2 19 22 3 19 26 2 1 3 5 25 3 3 8 20 8 25 6 15 10 27 10 18 19 2 9 6 14 15 26 8 23 15 22 13 28 28 7 29 17 5 5 5 20 22 9
23 21 8 5 3 8 24 9 11 6 25 5 28 30 24 15 28 7 6 19 15 22 28 15 26 19 0 19 2 20 25 16 4 2 7 12 15 20 9 24 8 1 30 6 7 15 0 28 0 25 9 13 11 25 20 8 22 18 4 21 25 13 20 16 10 21 28 30 13 1 10 14 26 25 18 18 26 17 22 24 8 7 11 18 14 24 15 16 21 19 28 1 26 19 4 7 16 21 25 30
20 18 10 17 26 30 22 0 21 26 3 24 26 3 21 18 11 12 18 30 12 2 19 17 17 9 10 23 30 4 5 6 14 7 19 4 9 17 0 18 13 22 16 20 8 30 14 13 26 28 28 19 6 11 13 26 22 26 14 25 21 25 30 11 26 21 20 24 23 6 10 0 24 24 18 5 11 12 27 28 10 1 15 3 0 7 17 10 13 29 26 29 15 11 2 17 9 6 13 17
7 11 11 7 2 17 23 20 3 16 14 1 7 17 13 24 0 0 20 6 17 19 9 27 29 23 2 17 4 2 11 23 1 21 2 13 7 16 13 6 0 16 30 14 6 4 21 23 5 8 25 4 0 1 11 11 4 17 23 20 28 3 6 23 11 15 25 10 7 7 30 24 27 19 11 19 19 18 21 29 16 21 15 17 11 27 19 4 15 25 4 0 2 3 28 28 30 13 2 4
9 30 20 8 10 12 30 21 27 0 4 12 24 17 25 16 17 14 11 5 26 24 20 18 13 3 27 7 18 13 23 26 10 9 16 1 22 18 10 3 9 22 23 0 23 2 5 17 29 14 0 3 16 1 15 23 4 14 29 23 7 21 6 21 1 1 9 14 1 9 12 13 16 11 25 12 18 10 14 18 28 21 12 27 19 30 25 21 5 5 10 18 20 18 7 4 2 30 30 20
16 18 28 19 17 5 2 1 6 2 10 0 28 5 22 12 18 22 3 1 21 16 23 17 3 23 5 6 1 26 28 0 9 5 21 16 13 20 4 3 23 30 26 29 16 26 13 0 8 16 18 5 5 9 10 5 19 19 12 0 8 8 9 20 26 21 1 12 25 30 8 27 4 3 2 11 3 12 2 22 3 9 5 22 17 15 30 23 0 9 17 10 21 12 23 25 18 12 21 28
0 13 25 29 18 11 5 13 7 17 4 16 19 26 5 26 24 6 27 9 15 11 9 5 23 12 17 6 2 2 3 4 22 17 13 26 21 20 7 16 27 4 13 27 11 0 10 7 20 14 16 2 10 30 10 12 27 2 0 19 23 10 3 27 12 24 29 24 14 22 13 26 22 7 22 8 25 6 14 4 10 10 14 9 14 26 23 27 2 4 4 5 19 9 14 28 15 14 24 7
15 20 3 4 0 12 15 0 7 28 30 14 22 29 17 21 16 13 22 22 20 1 20 28 7 6 5 10 1 17 21 23 14 15 15 2 26 13 25 7 29 14 21 10 25 26 21 23 25 24 28 28 26 10 15 9 19 7 19 2 3 24 3 0 8 25 23 25 2 29 4 9 21 27 30 21 20 21 12 21 7 19 25 12 12 15 21 17 29 19 0 28 20 6 7 29 14 5 25 15
24 7 7 17 19 14 12 16 14 29 27 21 3 20 24 30 6 30 0 22 8 9 25 23 27 9 0 21 29 13 22 11 9 8 16 17 11 4 11 26 19 4 4 14 22 26 13 17 29 6 15 25 6 8 10 8 28 24 3 22 2 25 26 30 11 6 24 19 17 25 5 28 20 16 11 24 7 10 28 6 9 9 13 6 1 9 16 23 24 30 16 25 29 11 16 21 19 10 28 20
24 6 3 12 10 27 2 21 2 29 18 14 25 28 17 19 11 5 24 26 8 10 15 9 3 12 12 14 22 25 11 9 30 9 4 3 26 27 23 16 17 28 10 9 22 1 25 5 0 20 17 18 2 19 5 9 10 27 13 4 30 12 4 27 7 16 10 26 16 12 30 11 6 16 7 27 27 19 15 30 24 3 22 6 22 20 9 5 6 18 21 5 14 11 10 8 19 23 14 5
20 30 25 28 20 28 22 20 10 13 13 7 20 27 12 0 15 11 11 8 15 11 11 9 6 4 5 23 20 12 24 15 12 12 7 20 25 15 25 2 8 23 29 11 7 26 14 19 3 20 22 7 30 5 29 3 10 2 24 8 30 15 28 11 27 10 13 28 3 15 12 5 9 5 7 25 14 5 10 29 13 1 16 1 18 21 13 13 6 1 24 18 15 30 5 14 0 12 13 1
26 16 1 27 6 16 11 12 22 17 8 29 19 8 14 20 8 21 23 9 22 19 17 24 5 20 20 18 3 9 6 14 14 21 29 18 15 2 15 22 15 3 30 18 27 18 19 24 26 18 26 4 27 9 8 13 7 29 5 30 28 5 30 25 19 30 6 29 26 20 20 13 26 10 5 8 26 0 19 4 30 11 21 17 10 6 29 8 21 24 1 24 3 27 3 4 6 16 30 20
11 20 8 29 24 18 4 5 29 16 16 17 25 21 30 25 19 3 26 20 30 26 15 29 30 24 4 28 27 11 1 12 10 12 17 1 5 18 0 0 23 4 18 8 3 16 20 28 26 7 27 24 20 30 7 7 3 29 12 17 0 17 2 28 30 2 9 9 7 24 23 10 18 9 13 22 18 2 10 12 4 4 20 6 14 10 10 21 18 8 3 10 23 8 11 27 19 23 5 10
21 9 19 11 16 15 2 29 4 2 10 21 16 20 6 27 18 24 8 21 24 8 17 30 13 29 22 27 17 29 14 26 16 19 1 8 30 17 21 5 10 22 24 26 9 26 30 11 0 5 29 6 24 10 19 17 11 16 10 29 20 29 13 20 2 5 5 19 1 3 17 16 13 8 7 17 25 20 8 12 21 15 12 7 25 4 22 2 23 11 5 23 13 22 0 6 10 8 3 24
6 24 25 3 2 18 7 9 17 25 21 14 3 21 23 10 22 13 19 16 20 1 15 15 1 23 9 28 5 21 10 11 19 21 20 9 22 25 1 10 12 10 22 10 6 0 27 9 2 20 27 6 26 15 23 13 12 3 9 20 26 3 23 5 11 3 30 30 14 28 25 4 27 14 10 2 27 1 26 10 8 27 23 20 1 28 14 7 10 30 23 22 16 18 2 28 12 13 19 2
17 15 4 21 28 20 16 24 0 24 23 6 28 19 16 16 29 8 13 20 4 1 23 20 6 13 4 14 27 7 10 2 21 9 16 2 16 18 8 2 26 1 19 1 14 3 0 4 26 4 28 27 9 28 1 1 24 14 5 9 11 18 27 23 7 29 9 10 10 15 11 23 23 5 14 16 11 17 21 23 4 17 11 3 27 15 7 5 5 20 8 30 28 8 13 25 1 23 21 2
15 23 16 0 24 27 11 25 23 14 17 6 24 23 10 29 21 21 24 28 28 25 27 17 22 26 2 18 1 3 22 17 20 11 12 8 7 26 14 30 2 26 25 9 20 25 19 18 24 27 20 14 16 6 7 6 7 20 19 26 6 9 1 23 17 25 30 21 11 3 9 23 28 22 21 5 2 17 30 23 19 13 4 27 7 7 26 2 30 15 18 11 0 20 11 16 6 11 23 8
23 27 6 27 30 1 3 15 21 19 20 23 26 26 16 28 20 24 3 21 14 23 29 18 30 9 18 3 22 11 20 13 7 7 13 0 6 8 30 24 14 9 6 10 28 25 27 17 10 2 9 22 15 4 24 8 16 6 10 17 20 14 16 9 12 9 17 12 19 22 10 15 12 5 27 11 26 22 22 28 0 19 27 3 10 5 3 19 4 23 29 18 1 28 5 0 24 18 7 2
19 13 28 6 14 0 13 30 21 27 2 9 14 17 7 14 22 29 18 5 28 27 25 2 7 20 18 6 14 9 16 8 17 10 14 8 26 6 18 26 24 2 23 23 11 7 28 6 3 27 9 8 30 14 1 8 1 23 14 29 14 23 14 12 11 0 9 19 19 27 21 24 22 0 19 1 24 26 20 24 16 11 24 18 12 6 2 16 6 1 15 0 29 2 22 24 21 30 25 3
6 30 25 8 15 9 19 21 8 23 0 13 26 12 10 14 18 4 27 13 28 2 28 30 22 20 13 30 23 6 18 6 12 7 23 12 17 19 3 7 3 28 15 4 8 12 4 14 29 3 2 5 1 23 29 21 20 24 12 12 24 5 3 7 0 24 14 30 28 28 22 19 2 16 15 30 22 0 0 6 26 20 21 4 22 2 30 7 17 9 22 20 14 0 23 7 9 26 26 15
5 1 6 15 1 4 18 20 17 21 19 11 26 18 12 11 7 20 23 23 8 17 7 15 30 16 11 14 10 10 20 9 7 27 24 19 18 26 25 2 9 2 7 10 29 20 18 0 3 18 29 16 11 2 21 26 16 22 12 20 19 5 28 23 8 2 13 27 9 29 3 7 29 1 5 12 22 2 11 22 22 5 11 11 13 22 11 14 4 26 12 16 30 10 3 5 15 1 6 22
16 22 28 26 19 4 26 17 15 26 23 26 24 0 14 23 23 6 15 10 25 12 19 6 30 23 5 23 29 14 27 17 19 13 15 12 9 1 15 7 18 22 8 26 29 7 3 29 25 13 6 23 16 7 14 25 17 8 13 20 19 14 26 22 13 3 22 3 7 2 4 7 14 29 12 1 19 16 15 26 12 10 21 15 17 15 14 14 29 5 24 0 5 19 30 28 15 14 13 29
26 18 13 26 24 15 9 6 16 16 23 2 23 22 0 11 26 12 17 14 7 20 12 18 0 12 6 1 10 22 16 16 23 1 12 22 6 13 18 1 23 25 1 6 3 13 2 15 15 17 5 21 21 2 6 25 23 25 30 7 11 30 16 5 6 2 15 10 23 2 13 20 22 30 5 2 6 12 11 23 19 20 14 4 24 26 20 6 5 22 23 9 22 28 9 13 11 3 1 13
23 14 1 28 25 19 30 11 30 6 23 14 14 27 27 28 7 9 27 11 17 25 25 2 8 20 4 25 2 29 11 18 14 2 24 28 8 13 23 20 2 9 15 11 20 9 30 2 19 17 14 1 24 17 5 28 3 30 7 19 9 3 16 8 0 27 12 5 13 0 10 28 12 28 4 19 13 17 11 6 0 23 10 16 28 19 23 15 5 28 0 5 4 25 16 8 30 16 28 4
29 5 28 10 26 4 28 26 18 6 6 17 3 1 13 16 7 22 17 1 10 21 24 20 0 28 24 30 27 6 23 20 23 22 21 18 11 11 1 15 6 11 30 15 5 9 16 14 12 29 17 29 26 11 11 27 26 8 24 28 7 16 6 20 1 29 1 26 7 7 21 28 25 25 26 3 19 21 30 5 20 3 0 26 12 17 18 10 20 17 1 26 17 26 26 18 2 20 22 9
28 17 18 6 23 26 17 5 4 10 14 7 10 14 5 0 23 27 15 28 23 7 17 11 22 6 7 8 8 29 26 22 11 5 16 3 10 16 12 7 28 11 14 13 29 6 11 1 28 13 2 0 21 19 7 26 7 26 2 4 25 4 23 21 0 19 23 10 14 13 28 9 19 24 16 5 18 4 10 23 6 23 16 17 22 9 1 12 5 28 5 20 1 4 6 9 21 15 9 22
9 1 21 28 28 14 18 20 2 12 5 9 24 20 12 9 3 28 21 3 3 4 12 17 2 9 18 18 8 15 17 11 3 13 1 17 8 24 25 8 12 8 30 26 18 0 6 24 18 30 12 17 22 3 28 7 21 10 22 16 17 10 12 0 17 18 12 7 15 9 5 27 16 19 25 18 21 10 23 29 20 19 22 0 22 7 30 23 20 11 11 5 19 18 18 5 24 3 2 1
7 19 30 20 12 8 5 14 30 23 21 10 2 5 17 27 30 23 8 29 0 24 19 2 7 3 22 7 22 27 2 14 2 7 8 3 13 8 17 0 25 3 16 16 10 15 10 11 30 17 5 13 11 29 27 28 9 4 3 8 28 16 17 28 20 5 30 8 11 30 21 27 28 28 6 17 7 18 12 15 25 23 19 29 9 7 24 4 27 23 3 3 3 22 27 9 17 24 19 15
15 5 22 23 18 4 7 22 0 8 19 3 10 16 22 23 30 7 25 29 11 28 20 0 2 20 29 4 17 3 22 15 29 26 11 12 1 17 30 14 6 28 19 29 5 17 19 8 12 26 20 9 14 21 18 0 5 6 29 10 9 17 4 17 21 14 2 23 29 16 14 21 7 22 8 18 13 6 22 13 19 18 1 8 11 22 26 9 4 2 8 14 7 0 24 20 1 2 8 0
11 25 10 15 5 18 25 4 0 10 19 10 6 6 22 20 25 0 3 25 5 28 29 17 9 2 6 0 8 23 5 19 8 15 24 6 27 24 24 0 18 10 17 30 8 8 25 0 7 19 7 24 2 0 11 1 8 7 27 0 17 25 9 19 28 22 1 9 18 19 17 16 4 25 16 17 12 26 3 25 2 2 6 17 2 10 7 17 16 30 1 9 17 12 26 28 5 12 23 15
30 24 7 0 17 3 5 29 1 10 5 24 20 18 18 13 29 18 22 15 0 4 22 5 30 9 1 18 12 3 29 21 13 18 29 30 14 25 16 4 24 10 20 17 4 2 27 10 1 27 6 22 9 27 8 27 16 26 6 19 23 11 18 17 11 11 3 6 20 5 28 16 26 24 0 22 22 4 4 3 2 5 9 21 16 21 13 3 6 13 17 27 8 26 10 22 26 21 14 1
21 12 8 23 12 5 10 18 9 21 25 13 8 4 26 29 22 24 17 14 17 4 22 27 5 25 29 10 8 6 14 21 21 19 22 22 30 13 20 2 29 25 2 8 19 15 13 28 21 10 23 6 19 0 21 16 11 8 11 11 6 16 9 27 16 22 5 17 17 2 11 22 22 23 16 21 25 13 11 19 6 3 18 22 25 6 2 6 30 9 23 4 28 26 5 26 22 11 7 0
4 26 2 12 23 5 1 14 2 18 19 29 6 13 17 15 19 11 1 29 24 23 17 24 24 27 18 12 23 2 28 18 4 18 21 26 5 18 25 18 5 23 24 6 1 18 27 10 4 23 11 8 7 7 22 2 4 16 26 4 22 14 26 0 25 8 6 2 3 3 30 28 2 27 0 23 0 26 18 18 18 28 8 18 8 5 12 4 9 12 13 5 26 6 24 23 6 11 0 22
29 15 9 21 25 2 22 25 0 4 12 24 15 10 21 13 19 29 14 21 7 4 24 5 2 2 3 6 11 17 24 27 30 20 3 24 30 30 7 10 1 30 9 16 8 23 13 20 1 11 2 28 0 4 15 26 7 15 30 25 2 4 24 17 25 30 14 3 23 8 19 4 4 28 8 26 2 30 14 18 18 25 29 30 4 12 15 2 15 9 6 2 9 6 8 10 12 26 4 14
22 21 27 10 9 21 27 13 19 12 12 10 28 25 30 15 4 10 9 4 29 19 5 5 19 14 12 14 1 22 1 30 2 2 27 30 2 6 3 24 15 6 18 25 15 18 27 22 13 27 4 3 1 11 19 24 25 8 29 28 10 18 17 7 26 15 1 12 13 12 13 10 5 24 5 27 19 18 12 18 21 30 19 8 9 19 0 24 5 5 26 5 5 30 8 4 15 10 16 16
8 23 10 5 18 30 28 14 1 6 27 6 27 24 19 6 22 27 24 1 3 0 6 22 28 3 0 30 4 17 17 25 27 11 16 26 4 25 29 13 5 11 15 1 29 30 6 3 19 23 16 9 14 13 9 29 29 15 12 4 24 28 16 29 10 28 30 24 23 20 12 8 15 8 28 26 16 20 22 18 8 26 19 16 27 8 11 1 12 17 28 18 17 2 1 30 18 8 3 22
2 15 16 9 29 21 8 23 23 2 11 21 21 10 27 1 7 12 6 14 25 2 24 30 15 7 2 28 29 15 27 4 5 21 5 29 16 20 18 27 14 6 17 18 25 26 18 15 12 17 4 16 24 24 28 18 22 9 14 20 21 10 9 14 3 0 26 15 22 27 29 11 21 26 23 13 13 29 21 3 3 21 0 5 1 8 26 14 21 30 10 27 29 0 7 24 15 10 25 28
17 11 13 7 10 25 15 14 1 14 24 25 0 5 26 19 16 24 12 11 27 28 23 2 0 4 4 12 27 30 28 27 7 6 13 19 21 16 10 9 13 14 4 28 5 14 15 9 27 11 11 22 29 23 10 24 30 30 7 21 11 3 2 29 1 25 2 26 1 11 3 23 28 11 27 22 7 23 15 22 4 24 19 21 12 18 7 6 28 22 2 14 7 22 19 11 17 3 24 10
23 24 21 28 4 18 27 16 25 17 1 25 22 2 11 29 15 5 4 26 1 27 24 17 23 28 14 10 1 22 29 23 28 28 14 23 11 18 16 19 11 19 30 17 10 21 0 17 9 6 0 27 3 22 4 2 25 15 25 28 29 11 24 21 1 2 23 17 18 0 11 10 9 6 17 20 11 29 4 2 13 17 14 0 18 26 13 25 29 7 28 16 27 25 24 13 12 28 11 18
26 26 7 7 12 28 28 9 11 22 22 7 25 21 20 26 21 14 25 17 3 6 23 10 14 2 29 22 11 21 6 27 5 27 3 30 13 15 28 27 28 28 18 16 22 30 22 26 30 5 24 8 10 4 3 22 18 24 27 5 11 5 17 11 10 21 24 30 0 30 18 23 16 10 27 27 28 27 0 4 22 12 24 27 22 17 10 25 28 4 6 3 28 14 4 28 11 28 27 8
24 22 6 6 15 16 2 4 13 16 27 30 10 21 7 16 29 27 8 2 17 19 18 12 4 4 21 17 28 12 22 23 2 1 23 23 4 12 27 29 25 13 29 26 8 25 3 5 0 28 19 21 30 3 4 22 19 22 5 4 28 20 22 19 17 1 8 11 5 27 16 8 4 7 22 4 13 10 4 27 8 0 27 29 4 21 12 3 14 17 12 14 6 28 23 20 25 25 1 21
13 4 5 25 29 19 19 17 17 21 29 19 6 23 4 11 5 23 21 6 15 25 30 4 21 30 19 29 18 11 21 4 3 3 24 16 19 21 0 1 12 19 9 8 25 27 21 16 27 9 22 26 13 28 11 13 17 14 2 28 7 27 21 18 5 16 9 10 24 21 17 1 22 23 23 6 24 5 29 1 16 19 17 1 13 29 21 13 5 23 9 14 14 9 2 17 24 7 4 17
10 11 7 25 1 25 5 28 10 7 18 16 4 22 6 11 8 24 23 27 27 27 27 30 1 1 30 10 21 3 25 9 5 23 30 20 11 28 12 15 13 5 7 8 27 8 27 20 6 24 1 4 2 10 2 19 15 20 6 19 16 25 10 18 15 26 4 16 29 12 12 16 14 20 7 8 20 9 23 6 24 18 19 19 9 24 30 16 16 18 4 0 4 11 23 4 18 20 2 15
4 13 8 28 2 11 1 9 29 17 29 30 25 28 14 2 1 19 21 6 18 4 0 0 12 26 20 10 9 11 25 14 7 21 26 0 20 8 28 25 17 30 15 19 3 8 14 14 22 17 8 21 30 19 26 19 20 20 12 18 4 16 25 10 21 2 14 8 5 18 5 11 1 7 11 7 25 7 28 14 27 9 2 17 0 25 20 16 1 7 3 29 10 30 29 20 24 1 11 7
29 26 21 26 28 3 21 28 24 12 11 5 10 3 29 25 2 23 12 2 14 8 7 4 12 27 16 10 30 8 7 20 1 9 25 19 26 30 25 29 1 4 8 5 0 15 28 21 17 22 24 18 12 14 19 3 4 15 15 6 6 23 8 8 11 30 16 11 20 18 16 29 17 19 25 15 18 9 2 6 18 16 4 27 10 3 20 17 21 6 28 3 6 4 3 26 24 13 30 8
26 17 16 24 20 15 6 8 4 15 22 15 18 13 30 29 24 14 6 20 11 10 20 21 17 30 4 28 25 27 1 10 26 10 20 25 30 26 20 25 26 6 25 29 2 24 14 21 9 11 23 1 0 9 18 28 0 24 27 12 2 0 7 23 25 29 6 27 16 26 26 9 13 0 14 4 21 2 13 19 4 16 17 17 17 23 16 7 6 24 30 3 8 29 1 24 3 7 18 15
11 20 25 30 19 3 10 30 2 18 16 23 16 21 4 23 6 23 11 23 2 28 1 17 13 24 7 11 10 3 28 13 22 14 19 26 30 0 26 16 17 4 4 1 18 14 18 17 8 7 19 28 25 22 16 27 1 17 24 22 17 21 4 24 3 24 12 21 12 4 23 18 0 9 18 3 22 12 3 8 11 30 16 13 8 23 12 22 1 13 3 19 6 2 7 28 21 13 21 30
23 28 15 23 4 20 10 29 13 21 1 24 0 3 11 14 18 19 9 2 28 19 5 1 13 14 22 0 26 28 10 9 1 14 19 22 26 17 3 17 24 25 5 2 8 12 21 7 20 4 25 11 1 20 28 21 2 5 7 15 5 14 29 13 6 20 0 6 14 28 25 8 16 1 13 23 7 22 21 8 0 16 24 29 22 12 6 18 2 16 11 19 0 12 25 2 9 1 12 30
7 25 6 17 0 29 22 8 6 19 27 3 1 28 22 3 10 12 26 15 22 15 8 0 25 28 14 12 27 22 26 12 11 24 15 25 19 9 3 19 1 20 21 5 22 30 22 4 9 28 28 18 23 2 17 29 0 30 10 13 26 27 27 3 29 2 23 23 3 30 17 21 15 2 18 5 28 14 11 29 29 15 28 7 10 20 10 20 19 13 24 29 3 17 25 4 20 8 20 5
28 25 21 1 30 20 30 22 23 29 23 24 8 1 23 7 3 28 20 25 11 25 7 11 10 18 28 25 9 25 10 1 9 2 30 29 5 8 2 21 17 24 8 17 24 12 6 16 28 13 4 3 15 26 26 3 2 7 6 8 12 6 16 2 4 18 24 27 11 15 12 3 26 4 28 27 13 13 6 22 3 19 26 7 18 7 29 6 0 19 3 4 14 23 19 15 22 10 23 2
30 23 27 26 3 17 6 29 28 18 15 9 12 18 19 28 21 9 0 24 1 24 5 3 20 18 9 17 4 19 11 11 22 20 27 27 8 1 5 18 20 17 18 13 0 27 16 18 9 17 19 6 23 26 12 10 17 2 17 13 11 5 21 24 13 17 9 30 21 21 16 29 13 19 23 8 27 25 3 9 4 24 1 18 10 2 21 5 22 11 9 18 21 13 7 11 22 29 15 21
9 12 21 17 26 23 19 5 28 8 28 6 21 14 12 0 0 7 26 17 17 2 4 2 18 5 7 10 19 21 3 19 30 28 8 15 17 7 6 21 25 20 5 10 26 22 4 0 5 3 22 6 9 7 0 0 26 22 11 20 12 21 30 10 10 2 9 30 28 0 15 0 0 22 12 21 12 2 22 10 17 5 15 20 25 20 15 27 27 11 23 22 1 30 18 18 26 12 29 2
24 9 24 23 15 11 17 9 4 18 18 12 22 4 1 19 0 1 8 25 30 9 23 16 4 27 10 27 0 25 18 22 10 20 17 9 29 29 3 20 26 5 5 4 8 24 30 6 25 23 16 16 0 19 5 11 4 28 12 17 0 29 19 10 4 17 10 30 20 27 25 24 2 23 30 30 27 29 15 14 8 8 9 28 7 21 23 12 3 15 30 26 24 4 4 16 7 29 6 23
10 17 21 10 30 10 23 14 13 27 26 6 30 17 14 18 11 9 28 13 23 3 14 28 3 18 22 13 8 20 5 6 9 19 11 30 0 18 17 27 21 28 2 15 11 3 16 14 20 24 8 7 24 5 1 3 7 8 3 24 14 4 16 25 4 3 18 27 18 13 20 18 7 4 27 6 2 25 6 4 26 6 3 22 24 28 22 29 22 30 3 20 22 20 21 17 24 22 14 24
13 16 25 14 9 1 13 3 25 21 30 17 6 28 14 5 8 15 12 18 30 3 17 25 4 16 3 14 0 10 8 1 14 12 22 28 26 19 12 5 4 18 1 16 19 13 22 15 12 26 14 16 2 15 19 12 10 6 30 22 18 4 30 21 30 18 27 17 29 25 2 3 18 23 10 26 25 26 20 22 3 27 20 13 6 23 13 1 14 7 15 20 30 8 26 26 9 2 3 24
21 6 6 20 24 10 30 8 3 25 11 9 11 26 15 21 3 9 26 16 18 16 3 25 13 21 28 27 7 30 21 9 17 6 18 10 1 10 10 25 11 17 8 8 11 25 7 21 30 2 25 1 7 11 3 15 0 14 29 3 16 16 5 20 24 18 18 17 0 1 17 21 21 12 29 14 10 14 24 8 13 15 21 26 21 29 22 23 24 23 1 12 22 1 16 8 13 22 16 25
26 3 25 30 12 28 15 30 12 23 17 0 30 1 2 29 11 20 13 24 0 2 24 0 30 13 4 0 3 25 18 27 22 19 20 2 28 1 8 3 29 29 4 21 23 30 11 14 13 22 16 30 13 30 16 9 18 12 22 26 20 4 8 22 27 16 20 27 14 2 0 1 0 27 5 29 27 17 28 30 19 23 10 17 10 27 30 19 30 26 16 16 24 30 21 13 13 7 13 6
12 13 1 10 12 11 1 29 1 10 25 28 14 21 14 0 1 15 10 25 2 21 0 9 1 11 21 30 13 6 23 19 27 14 21 16 25 1 15 26 24 22 21 25 21 2 1 3 16 13 7 12 8 7 7 13 25 18 14 17 13 2 19 26 3 21 13 23 21 10 30 11 9 15 29 15 9 5 7 10 22 6 10 11 26 13 22 12 13 7 27 7 27 29 0 26 12 10 25 25
30 7 29 8 5 9 29 11 3 26 20 27 6 6 19 17 4 15 28 8 25 14 4 11 11 7 17 22 26 11 16 7 3 15 13 7 3 13 10 14 28 18 12 28 21 30 25 19 27 0 20 17 21 6 2 4 2 6 4 19 22 24 30 28 9 4 2 25 29 28 29 28 7 19 4 12 21 24 8 0 22 1 29 23 10 12 0 3 8 8 25 13 19 30 8 16 26 2 30 18
18 1 9 28 4 14 5 5 23 26 13 8 0 27 3 11 17 28 4 6 28 7 6 5 11 10 26 5 13 4 26 21 30 8 25 10 26 9 15 8 27 1 12 21 28 17 16 7 20 0 15 23 9 18 20 6 21 4 2 20 6 23 28 26 15 3 19 16 26 25 13 2 1 12 15 17 21 25 6 18 7 28 25 5 5 4 30 4 19 15 1 20 24 18 28 8 28 9 30 23
29 30 18 24 7 24 2 16 30 15 0 4 13 24 19 20 3 18 16 18 12 5 13 1 18 17 29 6 16 21 3 3 15 14 8 10 14 21 9 0 2 17 22 8 27 16 6 24 2 5 15 5 18 14 5 6 1 7 27 24 18 24 7 7 6 3 26 2 18 1 25 24 29 22 5 4 26 5 23 8 20 15 1 13 25 20 29 9 24 9 10 20 3 17 13 16 10 14 16 14
30 10 9 14 11 16 4 8 17 24 27 15 5 16 3 23 0 19 1 11 9 25 11 25 11 29 18 16 6 29 21 11 20 11 9 20 29 0 7 0 5 11 19 5 30 14 2 27 29 8 11 2 24 1 23 11 11 20 2 4 24 15 0 5 3 25 17 26 0 16 1 14 26 8 20 18 25 10 11 15 15 19 11 25 10 14 15 6 29 21 26 12 0 8 20 21 12 12 21 21
18 30 6 13 16 13 5 20 3 10 23 8 17 24 23 25 13 25 19 30 11 1 22 23 2 10 9 21 26 8 15 23 25 10 20 11 28 21 11 17 11 11 28 2 30 29 10 10 27 25 21 28 21 25 7 6 26 10 26 25 28 7 9 6 0 1 20 24 7 0 13 5 8 16 12 26 9 16 15 24 6 9 29 22 10 17 11 4 0 10 0 0 12 28 3 3 30 13 0 14
4 6 24 22 9 8 11 11 24 4 11 5 19 3 23 2 4 10 28 18 11 20 3 9 28 8 23 22 30 23 16 5 25 10 25 14 2 22 1 4 15 20 26 17 16 9 10 2 13 18 18 0 23 19 24 20 3 14 28 2 16 20 1 22 26 27 6 18 10 3 12 5 15 10 26 23 24 27 13 8 0 14 7 20 0 10 13 10 4 13 15 20 20 15 20 22 6 8 6 19
10 15 23 18 27 30 21 11 10 27 8 25 18 25 3 25 20 21 1 25 25 17 14 28 20 16 5 18 2 3 14 27 23 16 10 14 19 5 3 24 19 17 3 8 23 30 24 12 6 18 9 22 18 1 20 8 15 27 28 7 13 11 8 25 19 11 4 22 20 0 19 22 29 2 24 2 18 11 29 14 19 6 24 7 18 13 30 27 16 23 19 10 7 13 18 20 25 18 4 19
11 24 14 16 7 23 7 5 18 8 5 16 4 3 16 21 27 27 22 19 4 9 15 19 27 16 28 22 14 14 0 21 20 20 22 0 21 20 7 21 21 8 21 5 21 0 21 5 19 10 5 20 9 26 15 27 21 8 28 19 2 22 13 2 17 13 16 15 19 7 25 29 3 17 7 3 16 12 30 12 11 22 9 30 26 25 4 4 11 17 27 4 14 19 14 27 14 0 5 30
25 18 3 22 23 3 18 24 15 2 27 3 0 3 8 12 8 9 12 14 0 4 13 26 2 20 8 12 18 10 1 5 23 30 15 16 9 21 30 7 6 25 1 21 19 25 3 26 25 29 13 0 25 10 15 8 2 12 27 1 13 0 18 8 17 14 8 12 5 21 24 4 0 12 9 30 28 22 21 13 21 12 19 16 20 14 3 1 24 27 7 24 15 3 17 0 9 23 19 8
7 3 14 20 1 2 23 23 26 3 26 13 18 29 15 26 22 27 14 7 12 2 0 5 12 23 16 11 17 9 8 24 15 18 26 15 4 21 16 25 29 12 24 30 24 1 20 22 13 18 4 6 29 26 15 7 26 22 19 6 30 24 9 12 25 17 0 4 12 2 7 4 22 16 1 19 10 11 7 4 9 22 12 14 6 23 1 12 12 13 14 16 6 20 10 1 19 18 25 15
8 22 10 23 27 3 24 24 19 3 6 16 3 14 18 12 16 12 10 6 16 7 21 10 8 5 0 29 25 26 14 6 24 28 23 6 21 23 3 30 9 25 15 6 6 20 17 20 14 8 2 14 2 20 17 17 7 7 5 23 25 7 21 4 8 1 20 2 27 24 21 17 19 17 3 19 10 26 28 5 19 7 24 17 5 29 12 24 3 30 16 2 19 29 10 20 24 7 14 27
1 1 6 18 4 13 16 11 20 4 28 7 24 16 24 8 21 28 14 30 23 9 22 26 24 0 5 27 13 27 11 14 3 9 5 13 20 11 8 7 0 24 15 20 23 8 22 9 20 30 5 26 1 26 4 15 14 18 17 5 21 1 15 24 11 28 16 12 8 16 10 22 29 8 15 5 26 15 3 4 16 7 10 15 2 1 0 14 12 18 12 8 8 25 17 3 3 1 1 6
2 29 0 23 3 22 28 20 14 15 19 8 26 1 14 17 21 11 19 27 17 30 4 21 22 3 25 9 26 0 7 28 8 24 26 16 17 17 15 30 1 0 8 8 29 18 11 21 0 30 1 16 22 21 23 19 4 10 30 13 29 15 3 3 20 12 26 8 10 8 1 18 9 27 8 19 30 16 19 27 13 20 11 8 2 14 24 5 23 19 24 25 19 27 15 1 28 6 2 27
20 30 4 12 8 10 27 16 5 10 1 22 26 8 11 11 5 30 14 19 6 7 20 3 6 3 1 20 27 25 30 8 25 25 2 21 21 1 20 11 0 0 8 11 30 12 12 0 25 4 21 13 14 28 30 16 12 13 3 8 18 12 20 27 4 18 5 19 8 27 9 10 27 23 2 20 27 13 17 27 8 16 2 0 16 9 21 20 28 7 16 10 6 28 17 7 9 14 16 8
23 27 22 5 25 0 7 0 2 3 3 9 15 3 29 12 19 30 10 12 19 10 19 15 17 1 24 10 23 19 28 27 1 16 28 3 9 26 24 27 14 10 27 14 23 0 12 12 19 12 18 16 18 16 11 11 16 23 20 21 25 20 21 16 25 18 5 10 0 11 24 4 24 4 30 8 26 5 30 4 15 5 7 21 6 22 28 28 9 2 25 18 15 8 24 14 4 15 14 7
14 2 11 18 1 18 18 7 26 13 10 8 17 6 21 19 12 26 5 29 28 0 19 11 29 3 17 17 13 27 12 29 5 1 10 23 13 7 7 25 30 7 13 26 9 28 19 27 2 18 28 13 16 28 24 15 0 23 13 9 14 5 30 21 23 29 15 18 15 22 28 21 28 15 18 23 28 27 16 3 8 29 27 7 25 7 30 22 29 1 25 0 0 19 21 30 13 30 21 6
20 12 8 30 25 10 19 19 7 30 14 13 9 17 15 24 28 8 0 26 0 2 6 12 11 8 30 9 27 19 18 17 15 4 8 11 14 26 30 19 24 24 30 27 8 18 21 13 30 18 16 0 20 23 15 26 16 13 19 13 6 4 16 0 12 26 5 2 1 26 6 2 8 17 23 5 11 1 4 25 24 24 27 30 17 21 1 26 15 15 17 1 11 10 10 21 2 13 26 9
4 6 18 22 10 29 21 9 13 2 2 19 29 13 10 6 16 10 5 8 23 8 9 22 6 12 11 25 19 21 10 11 1 29 20 17 15 11 17 11 10 29 13 22 26 12 2 26 4 2 0 17 29 3 11 22 12 12 25 9 13 12 19 12 29 26 6 30 29 24 16 16 29 20 2 8 25 19 14 13 13 18 3 17 11 10 18 8 11 11 6 2 27 14 29 12 18 3 14 25
7 27 26 19 20 6 13 16 6 16 20 17 0 4 28 16 0 2 18 12 10 27 4 26 5 23 12 10 24 19 23 7 9 26 15 12 2 25 21 0 27 4 5 2 6 8 7 12 24 17 18 24 14 12 22 14 19 6 24 1 27 6 12 16 0 22 28 19 15 19 4 7 19 15 21 29 21 13 21 3 7 13 29 5 20 5 29 27 0 8 16 16 9 14 11 23 29 6 26 19
26 17 3 24 18 29 17 15 23 14 11 22 22 12 29 26 2 10 9 19 30 24 28 1 28 14 26 1 7 24 29 3 17 3 6 13 26 21 30 25 15 0 20 11 30 25 23 14 4 20 27 13 10 16 30 29 3 17 0 16 24 6 19 28 17 25 4 25 15 19 12 3 16 14 22 17 25 15 2 27 14 7 10 16 23 11 28 16 25 27 12 3 17 16 24 28 20 9 29 13
25 7 18 30 8 6 16 6 12 15 29 26 26 24 19 13 11 12 1 29 29 5 3 29 29 0 17 2 5 7 21 4 28 13 8 17 28 21 25 7 13 22 30 1 0 20 19 11 14 29 23 14 28 23 24 1 30 7 6 17 19 10 25 6 4 30 16 26 11 22 16 10 8 14 7 18 12 0 6 15 15 2 11 16 21 20 7 20 3 11 11 9 14 29 1 28 23 7 1 8
24 28 0 10 15 2 0 26 21 25 6 15 28 20 11 16 23 0 23 26 28 28 30 26 6 21 22 9 12 8 17 5 14 22 8 9 25 4 23 29 11 10 6 28 22 3 22 27 12 13 13 28 28 0 6 5 28 7 24 12 8 7 24 16 15 2 18 3 1 11 16 15 25 10 15 6 16 21 11 22 7 11 25 11 17 16 0 1 27 25 26 17 14 29 0 11 7 7 10 14
24 17 15 17 22 0 18 7 13 15 14 1 20 30 9 23 17 28 7 23 23 0 1 22 30 19 30 29 3 8 5 2 20 11 8 24 7 14 19 21 30 26 0 8 2 1 2 1 9 0 29 11 19 0 28 20 29 23 21 25 26 10 25 30 10 10 12 5 8 24 25 4 4 20 13 3 7 18 15 0 26 11 3 24 18 1 2 19 24 3 29 18 15 21 15 17 12 30 25 17
24 21 0 8 9 30 1 12 4 23 30 19 27 29 11 26 19 4 18 29 17 0 18 13 4 11 12 23 15 16 1 29 10 22 7 22 14 19 17 18 1 1 19 22 16 4 5 10 12 30 18 5 25 16 22 28 14 5 28 27 17 2 18 17 14 15 15 30 8 11 13 25 5 3 28 19 24 9 14 11 29 28 4 6 20 28 30 18 5 0 4 28 19 29 15 14 14 10 23 19
18 23 25 20 22 9 17 14 25 13 0 13 20 29 21 8 0 18 29 20 17 6 26 24 5 0 8 9 10 16 30 25 0 1 14 4 17 8 7 14 3 8 24 19 8 16 17 24 30 28 8 11 3 9 13 18 24 5 24 17 4 15 10 12 13 7 2 29 2 20 12 11 25 3 14 13 10 10 30 19 28 4 28 22 14 9 16 30 15 10 11 0 30 28 9 0 27 12 16 22
6 12 14 9 7 30 9 27 19 10 17 24 11 23 14 20 7 18 29 28 5 23 24 17 2 24 2 20 28 28 25 23 6 16 0 9 1 15 23 1 1 10 22 13 16 20 20 25 1 16 8 19 14 1 22 15 28 27 6 13 27 20 10 3 26 2 30 21 17 25 5 18 24 26 3 21 30 30 26 29 3 5 7 23 30 11 18 26 19 27 2 16 23 20 16 27 8 12 30 1
13 0 2 27 19 13 30 20 8 20 30 1 6 25 23 21 2 13 7 18 12 27 21 10 7 7 4 13 24 20 6 18 3 25 5 21 16 17 21 21 20 24 19 28 29 19 9 30 19 8 29 22 0 25 16 20 2 15 3 23 19 4 25 0 4 15 4 20 23 17 24 20 6 30 15 22 14 11 30 11 2 16 0 8 26 21 16 20 29 15 28 9 24 0 0 25 17 12 20 29
