15 15
13 5 28 13 8 19 15 0 13 30 13 3 27 22 5
2 19 26 5 16 27 26 7 3 23 20 1 22 22 3
14 11 25 28 1 16 2 1 18 2 7 0 13 28 11
14 12 5 0 26 26 4 18 26 20 9 6 0 0 14
6 5 26 2 25 26 23 27 8 23 8 3 19 26 23
29 21 28 14 23 22 16 17 24 29 10 25 2 20 2
23 19 1 30 10 6 28 13 7 5 1 24 28 19 0
8 13 25 15 2 24 4 22 7 28 11 16 9 25 25
7 5 24 9 18 27 15 17 21 13 23 4 30 7 8
21 9 13 15 23 23 12 6 28 1 13 8 14 3 25
13 23 22 12 21 10 7 27 22 28 28 0 4 4 10
20 20 15 20 4 4 9 3 10 14 17 21 19 6 5
18 4 16 14 4 29 26 30 5 13 18 2 9 16 1
21 20 27 13 28 15 3 27 8 7 8 22 26 11 25
4 5 21 6 22 7 4 24 12 19 2 27 21 29 19
