16 16
21 29 17 13 22 10 8 27 30 23 5 6 25 17 25 12
26 11 22 12 21 17 20 10 12 16 6 18 13 21 14 1
15 5 25 10 8 17 26 25 2 16 28 14 29 30 29 27
27 24 28 0 13 29 21 16 9 19 12 17 28 5 19 6
21 21 8 20 12 13 19 22 20 24 24 26 18 30 20 20
18 5 23 7 14 5 19 26 15 18 6 12 24 23 18 30
19 7 0 4 23 16 5 4 19 25 5 23 5 22 17 26
27 24 29 5 18 5 21 27 27 18 10 0 3 7 2 8
13 24 27 27 23 22 3 19 4 6 20 14 26 23 7 10
15 7 12 10 18 9 1 4 28 7 8 3 0 26 9 29
29 8 22 21 18 17 14 14 4 22 11 14 7 14 8 7
26 17 14 6 27 15 4 22 10 26 16 5 10 16 6 0
17 11 27 14 5 21 16 27 15 2 17 11 27 25 16 13
22 2 6 7 4 0 12 7 24 16 28 16 16 27 5 25
25 19 2 27 30 13 10 12 19 13 25 28 11 20 22 16
22 6 18 1 20 7 7 0 1 6 23 4 5 11 25 26
