17 17
9 29 19 25 2 16 8 2 25 30 19 22 29 3 7 20 4
21 22 7 20 25 2 1 27 23 5 11 23 19 28 27 29 18
9 27 0 2 11 26 16 16 15 3 6 21 5 4 25 20 13
24 26 7 1 13 28 18 21 14 23 29 5 19 1 10 1 14
28 17 4 4 18 20 26 10 20 16 0 16 22 5 2 17 9
10 6 29 3 25 4 18 15 29 26 21 30 14 28 5 24 15
1 19 20 28 19 28 6 8 23 8 9 12 27 4 10 6 21
28 5 8 12 14 23 28 10 12 25 30 1 10 6 29 24 20
21 19 10 7 11 23 25 8 6 22 9 4 13 15 11 12 21
19 19 19 23 5 15 14 12 14 25 25 10 6 26 15 20 8
4 27 5 8 2 21 17 28 16 8 2 16 5 1 12 21 14
13 17 18 4 22 30 22 8 1 18 1 7 30 30 27 8 21
7 2 4 17 6 14 29 30 25 24 30 29 29 15 3 16 6
6 17 22 17 15 6 18 19 12 11 28 1 22 16 15 17 10
30 7 8 19 22 22 7 0 21 0 16 25 12 26 25 6 20
29 21 11 23 6 1 5 14 3 21 0 19 21 17 1 15 6
10 9 1 25 14 30 23 26 14 18 30 30 7 0 29 9 5
