21 21
20 29 4 7 16 3 26 9 27 24 25 14 18 26 28 11 5 7 27 27 23
2 13 26 25 30 28 10 28 3 23 13 20 22 26 21 27 6 25 21 17 27
7 8 29 13 16 5 27 2 1 26 15 4 19 4 6 3 4 30 28 22 8
10 2 6 25 29 2 5 2 30 3 19 19 16 28 21 21 1 0 4 10 12
18 12 21 25 30 21 21 8 27 28 14 19 9 14 18 5 30 14 17 3 8
26 19 28 25 24 24 4 21 21 4 15 9 0 8 7 26 28 1 1 17 29
10 20 23 20 25 28 26 11 28 10 20 15 18 25 4 20 23 26 9 26 17
3 16 16 21 26 22 19 27 7 26 19 6 20 26 7 6 9 22 24 15 30
5 8 20 30 19 9 28 22 24 28 29 19 16 14 21 29 21 25 7 3 1
28 5 15 0 0 9 24 13 6 5 10 11 24 2 27 0 14 25 28 20 24
24 25 7 27 1 7 26 6 27 30 25 0 15 0 27 21 28 26 4 22 0
22 18 13 5 29 8 15 20 30 25 4 13 20 21 6 0 30 25 19 15 9
22 23 2 12 3 28 20 27 21 26 15 21 19 17 16 27 13 28 26 23 3
9 29 23 8 5 7 11 21 8 17 18 5 18 16 5 16 29 6 22 23 3
23 11 7 22 23 10 0 0 22 13 11 24 2 24 7 8 7 13 13 22 18
18 7 23 28 5 15 12 9 0 2 25 30 5 29 29 12 26 8 18 6 7
24 11 1 8 26 6 11 9 20 16 13 15 23 2 1 9 30 3 25 12 20
30 19 10 2 25 21 15 11 0 3 30 11 6 24 9 28 20 24 3 8 1
5 19 8 9 14 5 14 21 30 15 11 20 4 29 11 11 15 7 8 4 5
6 3 22 28 6 11 21 3 7 7 10 10 3 13 11 9 16 15 22 15 26
0 30 7 26 29 17 19 7 27 26 13 3 20 21 28 8 6 3 30 11 8
