25 25
15 12 10 8 3 2 17 17 14 0 1 4 20 16 10 15 2 28 30 5 15 21 24 15 26
18 24 30 12 8 20 21 16 3 1 6 10 7 13 6 20 4 23 9 12 13 22 26 18 26
6 27 29 19 5 16 27 26 9 22 1 5 17 1 17 29 18 26 26 21 17 17 5 11 21
16 14 1 8 22 11 5 18 9 7 15 15 1 14 11 11 5 8 21 3 4 11 7 21 13
23 28 21 13 29 19 3 8 27 27 22 6 8 27 22 26 0 24 7 7 28 2 28 11 23
3 22 16 13 25 4 2 8 13 17 23 23 12 25 0 26 21 5 10 19 17 26 27 7 3
26 14 14 18 0 24 13 10 4 19 17 5 16 6 4 10 21 7 19 4 5 29 28 9 0
12 7 15 30 24 10 1 23 3 13 13 23 7 8 29 6 8 17 8 11 9 26 0 24 23
23 22 5 19 26 4 9 13 27 30 16 6 10 20 5 5 18 13 18 0 24 30 26 27 2
17 0 22 5 2 3 6 25 4 15 12 3 13 4 22 16 9 21 12 0 18 23 6 22 7
23 5 23 6 9 25 29 9 4 27 0 14 7 17 21 18 5 8 18 5 10 0 0 11 8
23 6 21 25 12 9 15 7 24 10 18 7 8 30 6 10 4 25 23 22 10 7 13 7 7
9 7 17 20 18 15 29 28 8 10 2 28 15 24 1 0 4 12 1 11 4 25 4 26 30
20 27 27 7 18 24 9 5 19 22 0 17 2 28 11 8 9 26 17 10 3 27 13 15 10
17 25 13 2 22 4 4 3 23 30 29 14 12 23 14 12 5 8 15 12 21 19 23 21 1
17 28 6 12 22 23 15 7 22 13 26 3 20 16 30 0 12 13 30 28 18 25 11 17 28
7 21 13 11 28 11 17 19 20 18 28 25 12 15 18 21 7 9 19 18 30 16 8 9 19
16 11 7 27 15 22 29 9 17 6 30 10 18 16 28 8 24 20 23 14 8 5 20 4 0
24 27 18 2 28 2 30 11 14 28 24 17 29 25 12 7 18 5 4 0 6 16 7 4 11
4 6 24 30 15 3 29 27 29 3 30 0 19 3 7 1 3 16 16 28 25 12 16 21 7
20 2 9 12 10 1 21 1 22 17 30 17 5 30 1 22 27 3 18 3 21 14 7 2 8
11 19 3 8 25 14 23 2 6 28 26 13 10 21 0 26 12 18 20 27 24 21 14 3 24
1 28 13 17 12 21 21 30 23 1 12 0 13 24 28 19 10 10 29 14 30 7 12 12 12
1 18 27 13 4 14 6 0 25 18 3 1 24 19 1 23 2 11 8 13 6 26 21 17 7
19 23 19 13 23 23 18 23 21 30 17 5 12 5 25 2 12 27 12 29 0 5 8 20 10
