28 28
7 5 20 8 18 4 2 2 24 12 18 4 18 27 18 11 2 2 5 4 27 23 5 7 2 10 0 27
28 3 9 6 16 30 25 0 21 18 9 2 26 1 27 6 16 22 18 17 15 20 4 10 25 19 9 12
10 25 15 24 26 19 15 18 22 25 14 12 1 11 13 9 27 13 25 26 11 1 4 12 25 2 16 3
3 1 12 18 14 16 6 8 12 7 21 28 3 17 19 11 11 11 25 8 21 24 1 2 13 6 13 16
3 15 28 4 0 19 25 30 21 11 14 21 20 3 10 13 12 9 13 14 26 11 14 13 4 24 23 4
6 10 13 23 0 26 6 13 9 14 21 28 5 22 24 23 22 14 5 30 11 11 25 5 3 26 23 3
12 2 15 25 27 4 21 12 14 23 5 3 22 0 1 13 25 16 29 26 18 24 1 26 15 3 13 7
16 11 27 30 27 20 16 23 2 1 18 17 9 27 2 23 5 9 25 0 23 10 8 24 23 3 2 17
8 15 22 14 23 4 29 2 2 13 18 22 7 5 12 2 9 18 0 27 26 19 20 16 15 19 14 30
24 5 19 21 19 2 9 10 27 15 24 28 10 4 4 15 4 3 5 29 28 19 22 10 24 19 4 20
6 5 13 16 8 1 30 25 11 29 1 5 28 3 24 29 19 29 6 5 7 20 12 3 12 29 10 6
9 3 22 27 16 20 22 6 14 14 27 15 11 29 9 16 3 6 17 16 7 14 13 25 20 22 29 13
26 20 19 18 26 21 3 6 10 12 19 13 19 0 4 20 3 14 15 14 25 18 12 25 4 7 17 4
27 20 26 3 10 25 3 24 0 7 8 7 28 19 10 12 22 12 4 3 12 28 24 11 22 17 15 29
11 15 18 18 30 6 29 17 13 15 23 22 1 9 19 4 20 10 5 21 8 14 10 24 20 22 27 27
21 29 25 30 17 19 18 0 1 2 3 15 16 27 16 13 28 5 11 28 13 13 14 2 2 4 23 8
5 5 13 25 21 12 21 27 4 6 13 20 5 20 25 1 3 28 15 6 13 5 12 3 13 22 7 26
26 24 22 23 10 1 3 23 8 8 24 5 17 11 30 12 19 21 0 28 13 4 12 10 0 26 29 18
25 24 24 19 3 20 27 16 23 2 26 16 19 17 27 30 28 19 10 13 11 3 6 20 15 17 9 13
2 18 13 16 23 12 21 13 10 30 16 10 23 20 2 20 23 1 10 4 23 22 29 20 14 4 17 17
22 28 13 6 21 27 0 26 30 6 6 10 12 17 16 13 8 12 26 2 2 29 30 18 17 14 16 11
24 24 14 0 4 1 5 1 10 8 26 10 30 30 7 26 6 23 8 23 28 23 20 18 2 12 11 19
26 14 28 7 10 20 28 5 8 19 11 7 28 17 15 20 5 25 29 17 10 8 17 28 0 2 18 28
12 7 0 14 26 13 26 26 25 14 16 1 15 22 17 11 29 10 16 19 9 23 18 1 5 1 15 18
6 15 10 17 25 6 19 2 16 11 1 23 7 19 10 7 26 11 20 23 26 20 7 11 18 29 26 24
11 11 1 27 21 4 20 29 18 28 6 13 30 19 17 22 29 10 27 5 16 28 9 21 25 13 1 2
20 17 24 8 19 2 17 12 21 7 5 12 16 2 21 22 24 16 4 20 18 10 19 12 11 8 10 1
12 4 9 0 24 26 12 9 4 26 21 14 22 23 12 1 7 8 18 19 30 9 28 8 16 7 16 11
