31 31
24 15 1 11 16 20 30 3 29 21 21 25 8 24 5 8 5 30 29 30 7 30 3 2 27 27 20 13 19 27 7
1 7 16 5 22 14 26 25 27 29 19 9 11 24 10 26 3 14 28 8 4 6 15 7 29 18 25 0 3 1 27
16 30 10 13 30 16 16 4 6 9 22 22 25 4 11 10 24 26 12 2 12 30 19 11 19 27 6 30 26 2 24
11 24 25 16 3 22 30 3 18 10 16 17 13 6 5 2 25 28 19 30 10 3 29 28 14 23 14 23 5 28 15
28 17 29 15 16 6 27 4 2 16 18 27 29 20 27 2 10 29 7 15 27 14 6 21 21 3 25 9 22 17 13
20 10 13 14 28 26 19 26 7 30 2 23 2 24 24 2 20 16 28 3 21 1 3 27 27 8 4 8 12 29 16
25 7 12 29 12 0 16 17 29 24 23 3 30 9 9 29 12 30 16 6 13 1 5 21 22 4 3 23 1 11 24
4 0 10 4 23 12 1 15 27 21 4 9 0 23 14 11 15 4 23 14 8 24 11 13 24 6 5 17 11 7 8
19 6 21 0 9 25 13 22 23 23 12 26 12 1 14 18 24 15 26 22 26 15 8 7 11 19 8 27 16 7 30
22 11 11 18 15 0 26 18 1 4 19 20 27 21 16 15 30 29 30 24 29 11 10 13 20 23 6 7 18 21 8
28 26 18 11 30 7 24 0 20 29 28 2 22 13 21 20 30 25 23 28 9 1 0 13 2 3 5 17 28 4 25
9 0 24 22 10 13 9 6 25 3 27 13 17 29 20 13 9 9 2 23 18 0 10 23 21 6 12 10 22 13 1
13 9 1 18 2 28 23 12 27 5 27 14 0 11 16 28 30 19 6 18 19 15 1 22 7 17 19 30 3 1 17
2 25 28 5 11 16 7 7 28 23 25 29 7 8 16 30 10 20 21 17 14 6 17 5 28 28 14 19 13 2 11
20 15 10 28 28 7 15 14 10 30 25 27 15 25 9 9 17 10 17 4 12 7 21 28 15 13 27 25 13 23 11
21 4 23 29 28 28 19 14 27 18 23 14 0 26 16 2 17 4 11 29 3 20 11 29 8 2 2 23 26 28 29
2 29 1 18 15 0 26 10 12 18 10 29 23 6 21 9 16 4 6 15 5 1 25 19 28 3 6 24 24 11 29
14 27 6 23 16 26 9 27 21 30 30 8 28 0 28 26 8 29 4 17 26 29 6 21 15 30 10 12 28 10 27
4 3 26 27 11 1 0 9 7 27 13 19 12 30 0 0 8 15 25 27 21 5 16 21 13 15 21 18 30 13 24
1 16 21 21 10 21 8 18 22 17 15 23 2 2 22 15 2 0 18 10 6 7 6 18 23 29 7 15 25 18 12
24 27 21 24 29 20 14 16 21 24 30 18 15 5 3 21 1 14 5 11 20 19 16 20 21 12 11 24 23 17 19
12 5 28 16 21 7 13 5 15 16 8 24 9 19 14 12 10 9 25 3 14 30 8 7 23 3 16 21 5 9 15
15 21 2 8 18 30 25 22 21 30 1 4 15 21 16 17 22 10 9 12 4 30 11 24 2 23 26 6 8 30 7
29 27 2 0 4 2 30 1 13 7 22 5 25 21 6 13 1 3 29 2 10 17 20 11 23 11 24 20 1 10 15
2 10 22 24 29 10 19 6 5 11 11 18 5 18 4 7 3 13 25 18 26 18 24 4 26 11 15 18 3 6 14
18 18 28 28 2 3 14 2 21 26 30 30 20 17 1 26 28 8 23 4 28 3 16 19 10 26 1 22 12 20 27
23 29 4 2 29 28 22 18 2 17 22 12 3 7 26 0 4 10 24 23 5 17 28 15 0 12 21 20 8 9 30
30 6 11 19 1 6 27 16 19 20 28 2 7 6 0 11 10 26 29 17 23 2 17 24 14 9 24 0 15 17 29
16 27 13 29 15 8 8 27 30 8 26 16 19 5 11 16 12 12 0 18 12 26 16 23 12 19 24 11 7 21 2
13 20 15 19 4 12 23 0 12 25 26 3 6 18 30 7 10 14 25 28 13 26 4 19 21 11 15 20 8 23 14
11 8 20 13 6 25 4 4 6 11 11 29 14 20 9 27 13 15 14 21 26 5 25 6 16 3 24 20 10 11 29
