34 34
19 25 16 16 13 16 24 11 25 15 22 26 25 16 3 19 0 27 5 8 10 23 17 2 25 20 13 18 26 3 3 14 2 4
11 24 10 7 17 17 17 8 5 1 7 20 6 25 21 7 30 8 28 10 15 1 29 21 24 23 26 20 30 17 4 0 29 0
8 11 5 26 13 15 4 17 20 8 18 20 5 11 25 15 9 4 10 20 19 13 17 25 11 15 29 23 6 9 17 18 13 16
20 23 3 29 19 15 24 12 16 13 25 20 0 6 26 8 5 5 25 1 26 26 21 15 13 20 13 8 3 30 19 15 8 11
16 12 1 13 4 16 0 15 12 5 30 21 10 24 0 13 10 21 21 12 25 26 29 11 6 20 20 26 18 4 19 16 30 21
1 15 24 15 2 22 22 22 12 11 18 19 6 6 25 13 2 5 13 22 3 29 20 29 15 20 11 5 1 21 30 26 11 29
6 14 27 26 28 18 5 1 26 26 17 8 19 1 21 30 14 24 12 16 22 25 18 26 0 14 22 27 28 29 18 5 18 19
11 30 17 9 19 21 17 30 22 14 10 10 24 5 0 22 5 18 25 14 17 14 23 27 15 22 24 18 28 26 23 8 15 8
30 24 0 18 11 29 16 27 22 22 9 0 23 22 4 28 22 29 22 27 10 28 26 18 14 28 1 5 5 0 2 22 5 18
1 7 23 22 21 17 15 25 30 21 27 23 26 11 22 28 26 12 13 29 11 4 2 5 6 23 13 16 28 17 18 7 15 24
28 13 9 2 13 11 29 9 6 29 20 6 3 24 1 4 29 16 7 27 23 10 23 26 28 12 21 18 25 13 1 1 17 12
11 11 8 20 19 2 7 12 27 26 14 24 20 27 1 26 6 27 11 22 24 30 3 7 14 1 10 7 27 23 2 20 2 30
25 17 29 7 24 6 29 18 14 9 24 13 26 5 12 9 4 14 14 30 12 15 27 30 13 13 8 1 28 21 13 24 12 0
19 3 25 18 29 30 21 8 8 28 28 0 5 22 7 12 19 18 9 29 4 26 16 12 22 4 0 26 10 26 16 3 0 27
18 0 12 12 19 9 6 28 26 11 10 27 2 10 14 2 25 13 0 10 19 4 25 12 23 12 10 23 0 16 18 24 27 1
30 4 13 14 30 6 27 16 5 2 18 1 4 16 20 12 2 23 9 8 19 21 30 21 8 20 23 21 5 5 18 23 16 5
2 20 27 18 28 7 10 5 0 4 18 11 16 30 3 12 11 20 14 30 5 5 10 8 15 23 10 10 2 13 6 22 10 15
29 7 19 12 3 23 16 22 24 20 17 9 24 20 5 18 19 5 18 10 27 21 18 0 20 20 8 30 13 21 11 2 12 25
20 30 3 30 22 9 21 15 9 23 24 21 21 8 2 26 26 0 10 30 7 8 21 5 28 13 30 15 18 13 28 14 2 14
2 17 21 12 5 1 27 15 11 16 30 6 7 6 11 2 29 0 17 21 1 13 29 15 29 2 23 5 12 14 29 1 22 6
4 4 5 7 2 0 5 28 13 20 19 14 17 2 15 24 23 12 21 17 26 1 18 23 26 1 3 0 0 2 6 26 1 14
21 16 0 7 18 27 14 8 27 3 3 13 3 18 17 5 30 20 8 2 18 30 21 15 29 21 9 23 20 17 6 6 10 3
9 20 8 25 11 29 16 3 14 16 27 2 0 21 3 18 6 3 1 26 7 1 22 27 7 2 12 15 0 27 27 26 30 15
5 3 2 14 19 26 28 5 15 16 28 18 4 26 28 6 2 22 29 0 10 16 26 19 29 12 15 22 30 17 3 4 15 23
7 7 21 16 24 11 18 3 17 29 24 14 26 5 13 2 9 24 26 23 25 10 2 8 3 2 4 5 13 9 10 27 24 3
4 15 10 3 17 30 30 27 0 9 5 18 6 25 24 17 6 5 17 9 9 12 24 5 0 14 6 1 15 5 20 17 13 13
24 7 27 22 2 14 30 23 27 27 15 7 30 14 19 21 20 30 9 5 13 12 0 15 8 23 23 28 15 1 24 11 11 6
4 13 4 26 16 27 24 20 27 7 23 25 6 9 30 3 23 29 30 7 14 29 29 8 20 6 4 14 25 11 14 26 0 27
19 1 15 22 26 9 0 5 25 25 26 14 26 28 12 16 26 30 4 6 13 3 4 5 24 26 20 25 9 5 2 27 13 25
2 21 15 23 16 20 26 24 3 23 8 18 18 25 20 29 14 27 9 22 3 20 15 10 5 0 27 24 29 22 24 20 11 4
9 17 13 15 26 27 30 13 7 3 3 12 26 11 10 27 13 11 6 11 19 19 1 17 12 15 1 5 18 4 2 28 12 1
17 11 21 3 13 11 25 21 26 7 20 7 5 1 7 14 8 21 0 25 9 5 15 2 14 18 18 14 21 5 12 29 7 16
2 9 25 29 8 13 24 4 7 15 1 23 27 26 13 4 20 10 23 16 13 19 17 6 1 26 21 17 7 17 7 19 24 20
30 6 24 24 22 19 7 13 30 7 27 19 14 21 0 0 8 18 12 4 30 26 6 4 14 0 29 18 6 24 12 4 29 3
