35 35
26 2 8 16 27 21 27 0 28 15 18 8 29 29 1 12 12 3 5 20 17 22 28 19 1 6 18 8 23 11 30 7 13 5 23
23 21 26 19 23 7 5 13 24 25 9 17 8 10 25 13 4 25 6 23 1 8 3 6 19 11 23 4 3 9 6 3 8 10 7
16 15 28 15 18 28 21 5 7 16 26 24 16 4 27 8 30 20 23 13 23 23 14 21 20 21 19 13 10 24 27 29 27 26 20
28 15 0 30 14 19 25 17 11 24 19 20 2 23 25 17 20 21 21 3 12 21 10 29 7 3 6 23 23 29 5 17 13 24 6
21 26 6 13 10 13 8 23 7 22 10 22 19 28 8 18 30 22 16 4 16 28 2 26 28 24 25 20 9 13 21 9 24 12 11
10 11 9 22 30 2 17 23 20 8 1 11 30 21 7 21 5 10 14 25 21 26 27 21 6 4 16 4 20 29 19 6 17 20 16
13 8 12 0 26 21 23 12 30 30 0 8 26 3 15 5 4 23 10 0 0 21 15 12 0 17 29 26 11 23 9 11 20 13 24
6 18 23 10 10 12 3 10 14 21 20 27 14 25 19 28 23 27 13 0 9 26 19 16 6 0 15 27 9 17 7 28 29 20 29
5 10 24 19 4 15 20 26 15 15 6 18 13 19 17 10 21 26 28 30 13 19 2 27 23 5 5 23 18 19 24 30 21 3 30
28 22 16 9 0 6 20 7 11 29 24 23 27 23 26 5 26 17 25 29 9 4 4 27 23 23 14 17 9 9 3 1 22 29 20
20 20 25 12 23 13 23 19 20 27 10 20 15 13 29 25 3 11 20 4 6 23 0 15 16 29 5 26 6 17 23 6 18 7 12
28 27 15 14 11 15 30 19 22 12 6 30 18 24 4 10 14 10 24 10 12 19 14 14 30 15 21 2 6 13 3 6 9 27 8
13 26 5 7 29 1 13 6 7 10 4 30 0 4 7 18 0 19 6 10 30 1 25 13 24 19 2 9 2 26 18 0 21 3 15
27 5 8 12 13 17 1 20 0 12 19 0 22 6 4 18 4 7 12 27 22 16 4 10 4 10 15 4 30 20 4 23 8 23 26
25 10 10 26 15 13 2 23 3 19 8 19 9 18 5 19 13 16 9 29 12 17 24 2 7 25 18 10 18 7 6 7 18 5 15
9 29 1 14 29 27 0 19 21 29 29 11 22 22 29 20 27 30 29 22 22 12 20 0 5 17 28 30 26 18 12 18 19 16 23
22 29 7 16 30 27 26 20 0 27 15 0 3 13 23 6 7 13 18 8 26 19 6 20 1 25 26 29 6 10 9 1 15 27 17
24 1 18 22 3 15 0 26 11 25 1 14 4 10 25 12 28 5 26 7 16 30 8 1 22 1 23 22 24 1 7 6 23 12 13
17 28 0 24 22 7 12 22 17 14 12 9 3 4 26 4 20 23 1 30 9 13 18 15 15 10 8 28 14 26 13 9 0 27 29
27 10 16 12 21 3 8 9 12 6 18 19 20 2 5 2 4 4 2 4 23 0 12 20 14 1 15 16 28 10 20 21 16 13 19
11 25 9 30 6 22 2 13 13 14 26 15 28 6 0 12 6 19 21 22 17 15 18 23 27 24 18 25 19 3 3 11 17 0 14
4 28 19 26 20 23 29 11 11 23 1 29 29 15 17 27 15 15 23 21 0 15 24 26 19 20 9 2 1 15 18 24 2 17 14
19 8 11 22 25 24 25 15 17 24 20 13 20 0 16 4 25 10 24 16 29 1 3 28 16 20 15 29 18 19 23 22 8 8 1
22 18 26 15 20 27 10 14 0 7 7 22 23 2 30 25 27 14 9 28 19 22 15 17 8 3 1 4 8 28 11 13 10 28 2
30 21 8 4 22 21 19 22 8 8 2 5 20 21 18 29 1 17 6 20 16 19 13 8 21 12 28 23 6 19 16 1 13 9 4
14 0 29 19 24 14 25 8 11 21 5 23 9 14 30 28 2 3 27 29 26 26 17 25 25 25 26 29 19 30 16 0 30 19 9
18 17 4 23 0 13 2 23 25 7 27 30 21 8 6 2 26 24 13 5 26 5 14 27 19 15 2 25 15 6 18 17 21 21 11
30 17 12 11 19 22 1 27 9 26 6 29 17 24 17 8 24 4 29 12 5 2 16 8 17 21 19 23 1 19 26 18 12 24 8
26 11 0 23 9 5 18 16 12 17 7 16 0 24 0 18 10 20 0 13 13 5 12 20 17 13 22 25 3 20 19 1 5 15 12
22 11 28 26 11 17 29 3 17 30 3 5 13 20 13 0 16 13 21 16 10 26 0 11 13 9 3 1 11 2 28 15 14 16 9
21 11 20 26 18 29 5 5 27 19 20 0 28 0 22 3 23 30 17 19 24 4 18 18 5 25 12 8 10 28 29 6 27 21 22
15 30 29 17 4 20 3 2 16 27 14 18 10 9 4 14 29 18 30 12 29 27 18 15 13 12 20 10 14 0 13 4 0 11 16
9 25 22 12 22 29 14 7 1 9 10 18 14 6 14 2 9 25 17 30 24 14 6 5 29 14 11 7 4 22 22 3 22 14 8
22 19 9 13 2 2 26 14 23 26 22 14 25 24 9 27 6 16 29 9 8 6 13 29 21 24 12 13 29 25 5 27 25 1 25
27 1 30 18 16 7 9 30 3 25 29 20 0 17 15 20 26 21 14 1 2 27 15 13 1 27 9 14 29 13 0 6 26 14 29
