42 42
20 12 0 9 23 7 18 6 22 1 25 26 15 20 13 7 8 15 3 23 13 20 13 21 15 29 9 9 1 17 26 9 17 5 27 16 20 3 3 17 17 13
7 26 21 4 28 5 18 23 26 4 4 27 27 14 4 30 7 17 12 21 12 24 18 15 16 5 7 20 12 23 6 12 15 23 6 15 30 7 26 4 27 0
19 4 10 4 14 17 1 8 27 23 23 28 8 0 13 1 27 27 5 6 9 9 30 28 8 13 14 27 14 6 26 19 10 9 29 27 0 16 7 1 25 13
13 7 10 23 3 22 19 3 20 5 8 1 29 2 12 13 13 16 15 2 24 29 30 1 23 1 13 17 7 13 7 4 15 18 24 10 2 28 15 1 9 2
12 21 12 14 6 10 10 5 5 5 5 29 30 21 3 15 27 7 1 1 12 6 14 7 24 16 17 14 27 21 18 5 11 9 22 5 24 25 20 19 19 1
30 1 12 3 27 18 2 17 10 10 12 23 8 17 8 20 6 27 29 20 27 24 28 0 21 3 26 7 7 23 7 19 8 6 11 5 24 18 8 4 28 29
23 16 9 21 5 11 21 18 3 26 22 2 26 16 29 0 9 0 17 19 8 16 12 6 13 0 10 6 16 23 0 11 21 5 17 2 15 28 10 25 21 18
0 30 25 26 2 14 12 15 19 5 30 18 22 23 18 17 6 20 15 16 29 12 0 30 16 7 2 14 5 15 6 28 11 4 9 2 1 12 17 12 21 23
1 29 18 11 26 29 16 22 25 30 8 10 1 22 20 28 17 6 12 26 18 21 30 23 20 9 26 5 12 24 14 21 29 13 19 30 23 19 21 23 17 16
9 5 1 0 5 25 18 7 22 8 0 21 1 26 6 3 23 18 2 0 22 9 3 3 30 19 26 24 28 27 20 0 3 12 11 23 19 18 3 0 11 29
15 11 15 2 29 19 1 19 29 30 11 12 6 15 30 11 25 29 21 28 9 22 5 17 18 25 18 23 7 29 8 8 29 27 17 10 16 6 27 10 25 15
14 10 25 15 25 20 12 7 5 10 6 11 4 26 14 18 15 17 7 1 19 25 2 9 24 24 15 21 29 16 16 22 30 17 6 15 5 26 10 9 21 11
1 12 4 20 5 15 9 21 6 5 30 6 16 5 0 2 2 4 18 30 5 23 10 13 7 27 19 19 15 22 0 18 14 12 20 4 15 18 18 21 3 30
15 23 23 1 21 30 11 18 27 26 30 6 28 20 8 0 18 25 28 9 9 11 30 8 1 16 21 7 15 26 20 21 14 24 11 2 2 3 17 25 24 23
9 15 12 22 4 2 24 7 30 12 14 20 24 19 0 13 28 29 25 27 8 6 3 12 11 28 28 29 0 9 29 28 25 11 8 23 22 8 25 15 6 13
27 13 1 26 5 30 8 4 16 9 3 17 25 13 12 8 16 25 18 0 13 21 30 9 1 17 22 9 19 15 16 4 24 20 10 23 14 15 15 18 22 9
11 6 20 17 10 3 8 23 14 13 15 28 20 10 20 0 6 7 1 3 22 20 26 14 4 21 12 21 12 26 21 30 5 25 7 23 8 16 18 18 22 23
14 30 8 20 26 30 22 13 23 1 14 5 23 29 11 28 24 30 1 28 3 16 14 24 0 17 17 4 27 1 28 30 30 1 24 26 24 10 3 22 13 25
23 11 13 3 13 1 0 9 0 13 3 25 1 9 17 21 19 26 24 2 15 6 20 19 10 1 6 27 8 28 17 6 25 2 2 16 4 26 11 7 7 20
3 17 13 10 7 26 16 25 12 13 24 4 17 26 1 5 7 3 2 2 28 26 3 20 11 13 25 18 18 6 24 16 13 24 3 2 25 3 26 5 10 24
22 27 2 5 27 23 10 12 0 30 0 18 23 19 22 6 25 9 2 13 16 29 14 8 30 8 23 5 13 19 16 8 3 10 1 30 28 2 13 14 5 29
3 15 9 5 19 3 7 27 6 12 30 29 3 0 12 3 30 8 18 9 29 6 30 19 15 16 23 25 10 19 6 10 26 7 5 22 3 8 4 20 11 2
29 7 12 8 12 3 6 21 28 1 25 18 29 24 29 21 27 23 18 17 25 16 28 21 6 27 17 23 26 23 6 27 23 4 5 25 27 20 27 27 24 17
27 19 29 10 5 14 3 23 19 10 29 16 22 12 16 20 25 19 4 28 29 8 9 4 16 15 4 1 10 25 25 4 0 29 6 10 27 15 14 10 7 22
23 5 25 11 4 14 12 13 23 2 9 13 3 2 1 30 15 22 11 15 15 19 0 13 18 26 27 18 27 13 30 15 1 27 13 21 8 5 22 1 20 0
8 0 23 8 29 18 4 29 0 13 0 15 1 17 26 14 20 2 12 30 14 2 14 26 28 8 14 18 5 30 21 14 5 8 15 4 24 17 2 25 5 4
18 19 26 1 6 16 16 9 16 12 18 19 15 3 15 11 7 19 6 20 24 3 19 21 15 14 27 16 20 12 22 20 13 28 13 18 16 30 16 12 21 6
28 28 1 20 0 12 1 17 21 11 18 27 18 9 25 17 6 24 19 6 15 22 2 25 15 9 8 16 8 23 6 5 20 3 25 7 27 25 3 9 30 18
28 30 1 22 25 25 11 25 0 20 20 20 24 11 21 23 14 18 15 5 21 28 20 6 12 15 28 11 29 15 0 19 0 1 27 4 26 2 22 16 6 16
15 7 16 12 22 12 26 20 23 25 10 1 28 28 1 24 16 2 21 9 17 9 14 26 15 16 23 23 9 21 25 29 29 30 23 14 19 22 16 18 12 0
7 13 29 8 18 2 16 13 15 5 0 4 22 8 21 25 13 1 3 3 28 20 24 9 18 28 20 17 10 0 6 0 16 20 7 10 18 6 30 8 24 14
10 3 26 7 19 3 23 5 26 18 30 28 13 11 14 8 22 6 22 17 20 12 2 7 25 5 9 29 13 16 29 4 0 22 22 6 23 1 1 4 25 1
7 19 1 29 3 2 20 12 18 19 19 9 7 29 28 2 26 30 19 12 2 11 23 26 18 25 13 4 28 20 9 5 3 26 28 18 30 24 0 25 6 9
22 5 14 27 0 17 21 7 29 11 29 25 25 8 28 28 6 24 11 9 21 12 25 22 29 21 11 24 10 16 25 11 18 5 6 0 8 5 2 16 23 17
29 12 19 20 26 13 25 27 27 27 1 29 7 16 22 18 15 14 24 20 30 27 17 14 22 20 8 24 30 3 6 8 21 12 14 24 9 18 24 12 3 16
19 6 15 9 11 16 2 16 22 7 28 17 12 1 7 21 30 23 5 18 13 27 5 28 2 13 4 14 30 24 5 28 16 4 8 26 6 26 17 5 7 30
29 12 18 15 4 25 30 20 9 11 13 20 20 4 5 3 19 12 25 16 19 22 12 28 30 1 7 0 2 12 21 2 4 19 20 7 26 26 6 1 5 12
3 20 14 23 17 28 1 15 0 10 14 1 26 30 17 10 10 2 1 19 21 16 3 11 27 6 25 20 16 5 8 18 15 3 16 27 21 9 6 11 21 1
15 27 12 8 6 14 22 27 17 27 3 2 22 12 21 0 11 2 3 2 28 0 30 13 24 27 24 14 8 14 21 27 24 9 25 5 9 19 19 21 23 16
9 24 18 15 19 6 13 16 27 11 5 10 26 28 11 15 20 5 14 17 7 7 21 25 4 24 1 11 20 16 4 17 20 13 26 24 21 19 17 8 5 1
28 10 24 8 4 25 18 17 0 9 30 5 4 29 29 14 27 26 28 11 12 25 5 17 22 9 26 19 25 18 5 7 16 11 26 22 10 22 9 5 21 4
19 25 4 30 24 14 8 8 0 7 21 18 13 29 30 25 30 13 4 4 9 17 27 17 20 10 10 26 13 12 14 17 20 23 10 4 28 23 26 11 18 26
