43 43
7 22 15 25 11 6 24 23 10 1 22 4 0 18 8 28 3 25 21 5 30 2 9 21 28 23 3 16 6 0 13 7 16 11 23 26 18 9 6 28 14 8 10
17 1 5 7 2 24 15 9 14 0 3 13 26 29 18 19 16 19 8 11 3 29 6 3 10 27 16 18 4 16 0 27 8 4 23 23 27 13 0 19 7 0 20
12 30 0 22 21 18 29 0 13 11 2 14 0 5 25 17 24 1 23 20 30 30 10 8 27 18 23 6 2 0 5 14 6 6 28 15 5 11 8 20 30 15 1
30 24 25 12 13 18 5 17 16 2 20 7 6 13 21 1 10 20 14 29 23 16 13 18 7 18 22 30 17 16 14 5 26 24 1 19 15 8 27 12 8 15 26
24 21 16 9 9 12 27 1 2 7 29 24 3 13 28 26 15 18 4 3 17 4 9 16 24 26 5 0 4 0 12 1 10 12 0 17 8 25 27 3 20 30 9
0 16 19 0 24 2 29 29 16 9 7 29 19 30 24 20 25 30 17 12 29 6 8 20 9 22 29 21 5 14 27 6 11 28 24 16 26 17 15 4 9 11 7
27 1 11 24 15 16 11 26 26 27 13 3 9 30 23 13 28 7 22 0 26 29 18 15 22 8 13 25 1 17 26 16 16 25 19 22 14 24 10 27 5 21 1
16 14 2 26 20 13 1 0 1 12 29 1 11 16 20 18 16 25 21 20 24 0 8 24 24 6 7 1 1 17 2 8 20 14 9 0 15 7 15 12 4 26 16
24 5 19 1 27 3 18 19 2 1 17 13 21 13 21 23 14 20 5 18 2 2 10 11 24 4 8 24 16 23 30 30 24 1 30 16 17 12 25 17 20 12 29
8 8 13 9 21 28 0 1 0 23 8 16 11 2 18 27 11 6 12 26 4 21 20 16 4 21 2 7 0 7 2 9 25 0 13 28 29 20 18 21 5 26 20
20 26 6 27 17 23 9 1 4 0 8 17 10 27 3 19 2 30 23 23 2 5 6 6 18 7 9 28 9 18 15 1 23 22 14 19 6 0 19 8 19 12 24
9 14 29 14 1 21 1 7 26 10 7 8 10 1 4 20 16 21 0 2 1 12 7 4 26 26 17 5 21 22 29 27 6 15 27 21 26 11 27 29 16 5 23
2 24 3 25 12 20 21 27 13 17 20 27 11 11 14 22 18 14 11 13 5 30 14 7 3 29 30 24 22 27 3 20 6 21 28 27 2 13 0 17 28 23 25
16 13 13 30 4 21 29 19 28 20 17 14 25 6 22 19 8 19 12 15 16 27 22 14 4 6 6 22 15 29 21 0 7 24 7 4 20 23 14 29 30 0 29
23 9 22 12 8 13 21 8 30 28 25 18 15 19 3 8 29 9 0 25 7 17 20 30 21 23 21 21 8 7 28 20 22 27 30 6 20 14 4 25 3 10 3
3 2 11 9 4 16 22 4 21 9 23 25 20 5 11 11 26 16 4 9 8 3 22 30 0 14 10 17 25 25 16 9 23 13 7 29 9 10 6 1 30 25 2
6 24 16 13 27 15 26 1 3 16 17 17 7 20 17 18 9 12 21 14 21 19 28 3 15 20 30 6 19 14 6 26 11 26 25 0 12 5 21 18 4 16 9
18 5 21 8 13 19 7 25 21 4 25 9 26 24 9 6 12 22 8 14 6 13 26 2 27 14 28 22 9 11 19 11 3 27 13 30 2 27 3 8 10 29 13
5 23 16 14 6 3 11 13 10 8 25 13 21 13 9 17 19 3 11 21 2 25 21 0 30 4 15 2 3 23 13 27 26 20 2 17 13 0 28 21 10 3 27
25 0 6 0 15 19 20 27 0 9 16 20 7 10 29 25 26 15 15 25 24 11 1 10 29 2 21 13 13 24 12 25 23 12 18 28 25 27 1 20 28 11 29
26 25 25 5 28 17 6 22 17 23 18 10 8 15 27 18 7 0 23 8 0 4 15 24 11 15 21 1 9 20 11 8 24 24 19 13 20 30 7 9 28 13 12
29 14 3 20 26 24 16 8 19 30 27 16 27 28 14 2 10 29 3 7 14 23 1 12 29 30 29 5 23 13 9 4 18 11 3 16 1 30 3 18 4 5 18
5 4 7 6 22 29 15 29 7 5 5 12 11 29 27 8 29 30 3 19 20 4 19 26 12 30 22 22 12 22 18 15 15 4 11 14 23 14 4 21 23 17 29
30 0 9 14 8 8 18 4 19 11 4 0 13 18 1 15 26 18 22 2 18 10 4 2 5 17 27 20 9 26 30 20 21 26 13 11 5 18 30 26 9 0 7
16 12 29 23 7 27 11 1 22 5 3 9 28 0 5 17 10 28 20 30 12 0 22 20 16 6 29 6 29 25 5 19 24 29 9 25 24 0 2 7 15 24 2
26 8 25 0 25 18 24 25 0 14 8 1 2 8 13 25 20 6 15 24 11 10 8 28 14 3 14 10 22 30 3 20 19 25 16 26 27 29 18 30 3 3 28
27 17 11 13 21 20 15 26 18 22 0 7 30 19 18 21 18 11 0 16 14 18 1 4 29 10 21 17 9 27 8 11 15 11 7 27 6 26 5 27 24 6 25
0 23 23 18 6 30 13 2 23 6 16 6 18 27 22 7 17 7 16 15 5 2 1 7 2 21 22 10 5 3 17 8 18 28 17 23 1 18 4 27 12 29 15
8 25 16 25 18 25 10 19 3 5 0 30 26 27 14 27 7 11 3 27 20 25 7 7 12 8 10 24 26 4 20 19 24 25 0 19 11 10 23 1 29 11 29
26 24 24 7 29 6 7 17 19 10 27 18 13 3 29 0 23 13 16 13 29 16 19 29 4 18 26 25 25 29 9 4 8 2 27 20 15 19 20 8 27 10 22
3 8 6 3 23 5 2 30 22 4 21 4 10 18 30 3 27 13 23 16 17 14 15 30 18 23 1 9 12 26 15 13 16 28 25 28 9 10 8 19 8 0 15
6 20 28 24 29 21 6 12 13 1 13 2 1 7 4 24 7 28 23 17 30 2 26 2 11 4 19 10 20 10 5 16 7 20 6 28 3 2 17 10 19 26 1
5 13 25 30 15 8 14 30 5 5 12 13 28 27 27 21 7 11 5 14 14 7 20 30 29 19 9 14 21 1 29 18 16 26 9 25 14 2 5 1 25 0 15
24 16 11 11 12 7 26 23 25 12 18 30 8 12 16 24 8 22 6 20 9 3 14 1 9 3 4 10 12 11 21 10 20 9 25 11 24 28 8 15 5 18 0
30 17 16 28 22 26 2 1 21 22 5 16 20 27 26 19 25 14 29 20 1 19 11 12 29 27 29 18 9 29 4 8 11 28 20 13 20 14 0 8 12 0 26
4 22 0 9 9 26 1 10 22 25 19 16 27 17 20 20 30 6 16 30 28 10 26 21 0 28 13 5 30 30 24 5 21 16 8 15 10 1 19 22 3 26 2
21 21 15 30 4 15 30 12 1 28 6 28 7 12 0 11 1 18 25 1 4 12 19 29 14 5 25 12 8 22 18 1 8 8 18 11 15 24 30 23 19 8 28
23 26 13 16 15 22 27 22 28 26 14 6 13 15 28 28 5 16 18 16 30 16 12 4 16 23 14 13 14 15 26 11 9 12 29 25 9 15 30 23 11 0 7
19 21 3 0 16 18 16 3 8 10 12 12 12 14 20 8 10 12 5 12 12 7 26 13 19 7 22 3 29 11 0 27 16 10 5 6 30 18 10 18 30 7 6
21 23 26 25 15 26 24 15 2 30 25 30 16 22 9 19 9 21 0 4 10 7 23 3 9 6 9 13 16 1 20 12 5 4 3 2 10 19 6 18 8 5 15
27 5 27 3 3 2 10 2 1 29 24 17 7 28 2 28 24 19 19 28 4 16 19 11 27 22 9 3 14 26 3 18 26 9 1 22 11 17 16 8 25 26 25
0 21 17 4 16 10 2 12 5 15 9 30 12 6 27 28 7 20 23 9 10 3 9 8 19 28 10 19 19 20 13 18 5 5 25 28 22 6 21 10 20 15 22
7 1 8 20 0 12 3 17 15 11 3 27 10 8 6 11 29 20 1 27 17 13 14 29 9 6 17 0 13 4 29 21 23 1 26 28 13 18 5 14 5 25 21
