45 45
30 27 2 19 22 25 30 25 12 23 8 16 14 6 21 19 16 15 19 19 4 27 6 5 10 9 21 25 5 30 18 29 8 24 27 2 29 26 30 10 23 15 30 0 0
24 17 6 24 0 1 23 25 25 3 8 18 9 14 23 14 29 23 14 7 4 22 2 17 28 22 22 8 6 8 13 11 7 10 7 11 17 14 7 4 6 15 13 18 2
19 5 17 12 5 14 14 6 25 10 5 10 5 12 16 18 3 16 30 7 3 21 20 29 20 23 12 5 23 16 21 1 10 3 8 12 28 25 6 13 21 8 10 18 3
28 10 6 29 28 27 17 19 7 20 29 8 16 19 8 7 27 9 4 16 2 21 13 12 2 8 20 25 29 18 20 27 22 25 11 17 4 17 6 13 18 12 19 30 16
10 11 9 2 15 8 5 15 20 6 16 17 8 2 28 1 22 26 9 27 27 26 28 8 24 12 25 3 26 26 2 22 5 26 27 3 23 13 27 21 4 7 15 3 27
5 11 0 9 0 18 2 26 13 25 13 29 3 13 18 16 7 0 28 24 28 5 29 7 26 26 21 9 0 20 2 9 3 26 21 16 9 9 12 4 9 13 5 15 27
8 14 3 23 0 16 4 22 20 4 19 0 16 29 9 0 18 22 0 27 9 6 13 18 7 23 3 8 15 18 28 11 2 0 28 7 12 21 0 13 2 14 28 19 9
23 11 7 15 12 4 1 26 29 2 20 19 15 3 26 15 10 17 7 21 16 13 28 28 3 26 24 22 16 28 19 14 2 3 6 26 6 23 19 20 12 6 13 25 27
13 21 17 13 10 3 13 4 19 25 13 2 1 30 13 12 11 17 11 26 24 2 1 8 5 15 1 7 27 21 14 15 21 10 1 30 4 18 21 15 5 22 21 11 9
14 21 14 30 30 1 21 1 21 17 5 21 18 2 2 9 22 29 0 30 19 6 11 27 3 9 2 23 30 3 27 3 2 20 26 23 16 2 16 7 13 17 15 25 1
13 3 12 5 27 2 27 30 16 13 5 9 10 10 21 28 7 30 4 6 23 23 16 15 7 13 30 26 29 10 5 29 3 22 11 4 24 9 16 14 17 24 4 26 3
22 30 1 28 15 28 3 9 6 4 8 7 17 3 15 23 27 6 18 25 26 3 3 9 15 1 16 13 1 28 8 24 18 23 0 3 21 29 9 19 9 28 13 18 19
6 30 9 7 12 14 26 9 5 28 6 24 2 6 10 7 28 30 30 17 15 29 13 12 13 24 5 19 12 23 12 22 28 28 9 22 26 22 1 22 19 23 9 29 23
21 0 29 16 11 4 30 29 1 16 22 21 6 17 7 26 2 11 3 27 16 11 13 3 19 10 4 25 18 23 24 3 1 20 7 11 0 14 23 13 3 9 8 15 6
14 27 24 0 18 27 21 14 12 15 5 29 22 28 9 17 7 5 21 22 22 0 2 6 26 9 0 21 16 2 24 28 9 24 6 10 12 16 20 19 25 20 20 3 20
3 25 23 24 2 13 2 19 8 23 7 19 24 11 17 24 7 24 21 26 18 24 4 27 11 24 0 6 22 23 27 17 13 15 30 11 28 12 24 22 1 30 6 19 24
21 27 13 18 13 3 19 12 1 25 7 5 11 5 27 7 13 28 25 12 22 20 30 10 13 15 28 4 5 22 6 15 15 6 16 24 11 16 29 30 16 8 14 28 11
21 20 10 25 19 30 26 29 23 30 29 28 18 15 5 29 2 13 15 1 28 15 12 26 12 1 5 24 14 6 18 17 14 27 25 3 5 19 24 16 14 13 26 16 9
10 21 10 19 1 16 22 5 3 1 12 14 9 19 10 19 11 17 27 0 10 22 25 11 20 22 25 12 20 12 0 20 10 21 22 11 9 23 25 20 26 19 7 9 17
3 1 6 8 3 1 6 15 21 1 12 25 2 14 10 10 22 16 23 21 3 15 25 13 27 28 30 12 19 23 3 16 20 6 24 25 15 12 20 18 13 22 13 16 25
27 25 1 15 5 0 2 30 21 4 14 26 14 21 7 5 12 28 13 9 0 28 2 14 28 25 1 27 17 23 4 13 9 16 6 17 27 5 16 7 13 0 13 13 3
21 8 23 9 22 20 7 1 9 7 18 26 2 25 7 22 17 5 14 25 8 16 29 5 22 8 22 0 5 14 0 26 4 24 5 10 22 27 24 21 21 8 10 4 6
1 26 0 6 0 19 2 5 0 9 15 23 3 9 10 25 17 28 1 12 25 23 17 3 26 4 23 3 21 14 26 17 23 0 30 19 2 25 9 11 10 21 7 1 15
1 4 14 27 21 18 26 15 11 24 13 2 15 25 15 6 2 23 16 0 27 10 18 12 12 4 14 7 2 22 2 11 28 16 25 27 22 7 27 0 10 7 28 7 6
0 16 9 24 20 0 3 19 8 5 2 19 27 1 6 28 26 29 12 6 11 26 16 4 23 20 15 25 2 12 18 0 25 13 8 24 18 26 17 3 8 23 19 5 9
27 23 22 10 10 0 19 17 6 13 14 21 25 27 2 17 7 17 22 7 5 2 5 18 16 1 0 7 9 27 1 11 5 7 16 7 6 14 21 9 1 12 1 1 7
22 21 1 3 0 0 8 29 24 13 6 22 9 13 10 25 21 0 28 2 12 20 25 14 25 19 27 26 15 18 11 21 11 15 16 20 4 1 16 28 7 12 7 17 28
14 22 28 19 13 18 14 2 28 27 1 25 10 30 28 15 7 15 17 11 13 12 29 26 21 8 9 25 16 29 22 18 5 5 9 2 3 20 19 13 23 14 2 5 4
15 1 12 13 16 18 1 6 7 2 15 20 28 8 29 30 15 2 1 3 7 6 26 6 29 11 22 3 7 23 19 12 1 7 29 14 22 18 15 19 23 10 29 1 15
19 9 9 22 14 2 16 6 5 6 9 27 21 11 26 29 17 13 4 10 8 2 3 20 20 16 12 25 12 11 3 11 6 7 13 0 14 20 20 14 1 7 14 11 8
15 2 2 11 9 18 25 21 27 7 9 29 9 28 5 28 0 1 5 18 12 0 20 7 26 1 6 17 10 1 26 6 17 28 4 20 14 28 11 7 2 4 29 14 24
27 0 0 14 7 15 23 6 11 26 10 13 10 12 20 18 16 28 6 19 30 9 26 8 0 24 16 2 4 18 19 30 8 13 11 22 14 21 21 22 9 29 14 23 5
11 6 24 5 21 25 28 5 0 5 26 6 19 1 14 16 30 17 28 24 18 9 13 1 13 16 10 22 25 13 11 7 1 2 1 8 14 27 12 23 11 23 10 29 20
15 21 11 12 5 14 17 7 6 16 18 28 29 8 12 4 23 11 10 18 22 4 25 15 10 29 10 28 21 23 15 2 11 5 5 9 21 13 16 3 17 25 12 1 21
30 4 8 2 10 0 29 28 12 3 6 12 16 1 6 3 27 8 3 8 20 9 22 16 7 21 22 1 15 19 27 18 24 12 3 25 29 23 25 30 4 27 21 10 25
20 20 28 13 16 4 1 1 24 0 29 15 2 26 17 13 13 13 12 20 5 2 12 22 16 30 7 28 10 11 16 5 5 2 0 21 19 25 4 20 20 2 9 16 28
8 3 15 0 13 22 13 28 23 19 5 5 29 29 2 25 13 9 15 20 6 7 26 2 8 9 22 13 10 12 2 2 17 18 6 3 1 13 13 7 27 22 20 26 12
24 20 5 0 8 18 18 4 16 8 0 10 30 12 18 0 23 0 17 13 29 6 7 2 9 5 2 1 24 28 18 10 17 15 25 16 17 8 10 30 0 23 13 8 15
13 3 21 15 3 1 2 2 0 8 5 2 25 9 22 20 3 0 4 16 27 0 20 10 11 24 22 30 10 19 16 22 5 11 13 16 21 23 15 17 6 18 18 27 9
27 29 22 19 8 26 30 13 19 15 1 9 18 17 20 20 27 11 18 22 10 6 9 23 0 20 11 13 9 10 28 8 15 26 30 26 0 7 2 2 26 14 21 12 0
22 19 0 12 13 6 24 30 15 18 23 22 29 2 12 26 25 17 5 12 15 7 28 20 17 19 28 19 13 18 20 11 4 23 10 12 16 21 13 8 10 3 30 2 27
12 13 2 16 10 23 15 12 20 27 11 22 2 0 2 29 14 19 4 13 9 23 1 24 23 27 9 8 28 30 10 27 8 2 0 14 27 4 3 12 15 18 21 12 4
2 17 23 14 24 23 21 27 16 26 5 15 21 22 0 28 0 21 6 0 24 7 6 4 16 25 26 23 24 30 30 20 0 14 20 24 12 4 13 8 17 19 1 16 23
6 16 4 22 16 19 23 1 20 17 18 30 21 26 20 14 27 5 12 17 22 0 24 18 17 0 20 29 7 18 5 20 17 8 21 23 27 19 15 7 29 19 1 6 9
4 2 21 22 23 20 21 5 8 25 16 18 8 19 28 7 10 25 25 1 30 4 5 17 28 1 23 23 5 9 17 30 8 27 19 27 15 16 24 30 28 21 21 23 30
