47 47
10 26 25 8 29 16 10 15 23 10 13 14 26 12 22 4 20 7 22 25 13 3 9 17 8 9 26 10 18 24 19 5 5 20 20 27 16 23 8 17 21 7 30 16 13 7 24
6 1 12 13 19 5 22 12 13 0 23 14 2 14 7 30 30 2 0 15 11 25 6 4 17 6 8 22 16 13 11 11 2 24 10 0 9 24 2 26 7 26 10 8 6 23 13
11 7 25 26 12 13 21 14 13 30 16 18 7 5 5 29 4 26 9 30 19 24 26 26 15 21 10 30 28 13 25 28 24 23 2 3 1 10 21 8 29 8 29 27 19 9 7
25 23 0 8 15 9 21 11 9 1 23 15 13 5 22 20 17 26 9 26 25 25 18 9 12 13 18 28 26 29 15 24 24 27 0 13 3 22 24 10 4 19 25 16 19 25 16
7 17 29 17 29 27 6 4 25 22 25 2 22 19 20 15 25 28 26 5 3 11 27 28 26 18 26 3 2 22 30 3 8 3 26 13 13 22 26 27 1 29 19 22 5 11 26
21 7 29 17 11 7 20 23 29 5 0 23 6 7 24 23 12 15 20 3 30 8 2 7 18 9 24 0 10 20 7 10 14 3 15 16 23 22 18 27 10 21 1 15 8 1 27
15 5 23 3 3 26 16 30 6 7 13 22 25 8 5 20 25 27 16 0 17 29 12 9 15 11 17 18 9 14 11 23 16 16 1 27 10 7 10 17 20 30 16 11 10 10 9
26 28 29 25 3 14 19 4 12 5 11 8 20 0 30 7 5 20 26 13 12 19 30 9 4 8 30 28 10 28 11 28 7 9 11 24 3 13 17 9 8 11 6 1 21 16 16
10 4 10 16 27 3 0 8 0 19 20 9 6 10 11 4 16 6 8 5 0 23 9 22 5 18 24 23 21 17 27 25 29 7 21 2 21 17 17 14 1 21 29 21 5 27 15
8 12 27 29 14 2 20 9 16 13 20 6 13 8 12 4 28 4 22 29 13 30 10 18 8 20 28 22 6 23 18 17 22 13 3 13 20 1 13 13 10 24 27 30 25 8 8
24 19 2 13 18 19 28 2 3 17 6 18 6 13 14 13 19 15 23 28 3 4 9 4 13 9 3 7 25 8 3 24 9 5 21 10 13 13 8 4 26 14 15 20 24 21 14
28 30 24 27 24 14 2 1 5 17 2 18 28 18 29 14 25 29 5 13 5 10 16 14 24 11 7 6 10 29 22 25 14 30 5 17 6 26 22 18 9 13 18 15 18 9 11
25 23 10 2 2 28 6 13 0 15 13 23 3 2 8 7 26 23 18 22 17 9 29 21 16 11 29 14 7 10 19 12 24 4 5 27 28 3 4 22 2 17 10 10 8 12 18
7 26 1 16 14 27 10 9 18 26 29 22 30 19 13 8 18 7 29 8 15 15 12 19 6 25 13 17 0 21 17 19 4 29 3 24 17 12 9 5 28 20 5 5 9 27 14
27 28 17 16 5 21 19 15 3 14 22 29 11 20 13 20 12 3 23 24 24 18 15 28 1 14 12 24 21 10 6 14 0 24 7 13 28 3 0 17 26 27 12 11 17 13 5
23 18 22 24 4 11 30 19 2 16 18 15 26 22 12 17 30 23 2 30 9 8 24 29 9 12 22 2 9 28 6 14 5 21 1 8 16 23 6 15 1 22 10 8 19 6 9
18 22 28 8 10 3 5 17 25 25 21 2 23 0 16 17 15 5 18 16 25 24 7 29 5 12 8 6 14 23 0 29 13 28 27 4 13 5 24 18 15 23 3 12 2 17 1
9 11 19 20 19 3 0 19 6 24 23 13 5 1 4 25 11 3 2 30 7 8 7 13 26 19 17 23 3 17 29 6 28 15 20 17 22 17 10 13 24 25 25 13 16 8 27
8 26 4 7 10 15 21 20 15 5 21 6 8 26 26 7 19 29 20 26 2 16 23 0 7 9 16 18 18 20 16 10 4 1 18 16 17 16 19 5 8 26 26 20 25 17 22
1 17 18 23 30 7 24 26 19 25 27 17 16 14 2 4 26 25 1 6 25 18 25 2 18 26 19 5 24 29 28 30 24 20 25 2 0 21 21 28 13 15 6 0 15 23 29
29 1 0 22 27 16 1 21 18 10 7 12 22 23 28 25 25 2 8 5 12 13 0 5 22 18 14 20 20 22 24 18 12 19 30 22 19 27 9 3 23 18 8 20 1 7 11
8 0 13 16 12 2 7 20 17 23 3 3 8 13 22 13 6 20 30 17 10 28 21 20 14 16 8 19 28 17 19 17 4 0 29 22 9 1 2 3 10 20 10 20 13 7 13
18 15 3 15 4 18 18 19 17 1 24 23 19 5 21 26 12 3 24 21 13 9 27 30 9 16 28 12 18 17 24 27 13 6 21 7 3 0 13 23 24 5 23 24 16 21 12
2 23 25 5 25 5 0 1 16 29 1 18 9 2 17 24 2 26 13 26 26 24 2 24 4 10 24 15 4 23 17 1 18 23 21 14 20 2 1 0 24 12 5 13 2 0 15
2 1 13 24 7 5 11 30 15 12 27 23 29 7 21 2 29 2 28 5 3 9 2 18 11 27 22 19 2 23 28 17 10 12 7 24 22 17 3 19 17 28 18 14 2 20 9
22 4 13 25 13 20 1 21 22 29 7 12 21 2 16 14 2 28 24 1 10 19 9 7 12 18 25 21 25 20 28 19 7 4 16 1 29 18 11 6 15 22 25 0 8 1 20
29 10 24 18 13 20 1 8 2 10 1 2 26 20 0 18 24 5 15 15 2 28 12 30 0 11 18 14 1 13 8 13 26 26 8 17 4 7 8 18 24 11 2 10 17 6 4
0 9 23 4 25 0 3 15 26 7 8 23 22 16 4 25 23 6 27 0 26 9 24 11 0 7 14 19 3 17 1 24 14 22 7 17 15 12 20 18 19 2 21 12 16 30 28
1 1 30 26 25 22 10 16 16 21 1 3 25 11 23 30 20 21 8 25 13 8 4 15 30 27 29 28 22 0 16 28 24 28 21 19 3 1 22 29 29 28 14 5 2 25 18
13 10 27 4 16 2 23 7 9 12 12 3 26 23 9 5 27 3 26 12 14 27 12 11 21 10 24 14 21 0 30 9 18 29 21 27 6 17 4 6 7 29 10 0 0 5 15
11 13 22 22 1 15 24 3 26 5 13 28 29 12 17 23 1 18 21 4 26 21 19 14 12 28 6 3 24 9 1 28 0 25 4 1 15 14 1 20 29 10 27 15 30 29 0
27 28 28 29 0 23 3 13 25 7 16 3 16 28 4 15 1 3 28 20 0 24 18 7 14 16 18 21 28 0 24 21 7 22 8 22 3 8 13 13 8 6 5 26 17 30 5
17 30 11 30 24 24 21 15 26 26 19 28 2 18 13 8 25 24 7 10 22 25 13 16 9 23 6 6 7 15 9 29 29 0 8 21 26 10 21 27 9 2 17 18 22 3 19
29 2 2 24 3 4 11 12 0 24 11 28 21 15 8 9 14 29 21 4 23 10 15 25 2 29 29 30 18 21 12 5 22 27 10 22 3 23 30 2 15 18 22 23 21 11 27
28 28 15 7 19 6 0 3 22 20 23 21 26 21 26 27 8 30 10 4 11 7 25 28 21 16 16 23 11 13 21 5 26 20 7 5 25 21 26 18 6 29 19 0 28 18 18
12 15 22 7 28 6 3 28 4 27 3 1 17 8 6 12 27 27 0 30 1 18 3 11 10 28 26 16 16 30 10 17 14 27 29 30 23 23 0 1 14 16 30 18 19 5 13
19 17 18 25 18 14 29 3 8 17 0 13 20 17 26 6 20 15 9 30 23 28 24 4 19 22 1 29 4 6 20 27 16 9 25 27 27 9 14 4 21 13 12 9 2 11 9
1 17 13 28 13 29 12 23 8 15 3 25 21 10 24 8 7 16 28 0 7 24 12 23 15 2 1 7 27 6 12 12 23 26 10 10 9 24 28 8 5 7 13 26 21 29 13
3 14 0 30 6 15 0 4 19 7 18 1 12 6 11 16 4 12 26 6 20 22 13 1 14 14 26 3 11 4 0 5 4 6 9 15 7 20 18 6 7 20 29 27 3 27 17
28 26 27 2 29 23 29 8 28 8 27 11 24 11 4 28 30 0 13 10 24 21 26 24 10 25 0 14 20 13 0 1 26 24 10 21 26 18 17 14 21 11 10 25 23 25 1
21 8 30 18 12 17 12 8 12 28 20 16 2 5 22 10 4 16 15 20 28 13 7 6 14 0 27 28 0 3 11 18 27 15 25 1 29 1 25 2 23 3 9 30 21 3 5
29 0 25 29 12 3 26 15 11 10 3 1 12 16 21 19 8 28 24 5 22 21 0 30 12 1 25 19 20 29 18 18 10 30 21 5 26 29 19 30 23 12 0 14 14 15 2
27 15 0 24 25 29 21 14 26 11 3 17 27 5 5 19 12 5 24 30 2 23 13 25 6 22 13 17 29 17 25 11 18 15 20 6 25 20 2 29 17 29 22 28 3 17 6
23 23 27 7 30 1 8 1 21 3 19 1 24 7 18 4 1 0 3 29 9 15 30 18 28 8 25 27 24 13 9 18 24 8 16 23 28 23 5 11 8 23 11 15 12 19 30
18 15 23 27 16 26 24 1 3 15 27 30 27 23 6 22 14 3 30 9 21 21 6 30 0 21 2 1 26 9 17 6 28 27 21 14 9 0 4 26 28 29 12 4 14 10 26
10 1 21 2 6 2 8 12 30 27 7 10 6 16 1 18 7 10 30 2 9 29 19 0 27 5 12 0 16 13 29 24 21 30 17 4 22 1 1 7 3 0 2 5 9 26 3
17 22 6 26 14 23 10 5 21 4 7 27 8 22 26 10 16 23 20 27 3 30 3 6 25 28 13 21 26 27 27 12 18 3 27 28 30 5 10 10 13 20 1 20 21 21 14
