48 48
23 11 8 0 25 7 12 19 12 20 8 21 2 2 6 3 26 15 15 14 17 11 8 11 18 7 21 7 9 4 8 22 3 17 16 30 6 11 3 17 11 10 17 19 17 22 15 6
25 29 3 28 23 13 6 13 4 3 6 14 29 27 8 8 7 9 24 6 11 17 7 7 30 13 0 25 10 25 26 7 27 14 19 7 15 8 22 12 16 13 3 12 11 23 20 14
20 26 21 10 26 2 23 11 10 3 24 20 20 20 14 9 1 6 8 9 2 11 3 26 11 14 30 21 18 23 14 23 21 21 4 3 19 13 24 24 5 17 5 26 26 18 1 5
22 27 8 26 27 0 9 5 26 25 20 7 0 20 26 19 15 4 11 23 7 24 30 27 14 11 5 0 30 30 13 9 12 9 9 19 25 4 25 1 25 10 21 11 8 25 7 20
27 1 16 0 23 1 19 27 19 20 14 10 16 26 26 23 19 24 4 30 19 12 27 13 25 30 6 14 13 8 29 8 7 8 25 6 4 21 10 15 13 15 27 15 9 14 3 0
21 14 24 12 14 17 27 27 18 15 0 14 16 4 30 28 7 9 19 11 27 21 26 0 23 30 23 8 27 24 12 2 11 25 17 18 16 16 19 0 15 16 27 26 29 5 8 2
2 16 3 25 23 1 27 21 7 0 5 10 27 30 30 13 16 21 21 8 1 9 7 15 6 2 29 5 27 4 4 11 26 22 27 27 14 30 6 24 10 0 29 9 11 1 9 25
4 14 25 6 23 1 5 4 7 7 22 27 29 1 12 25 23 20 14 1 30 4 23 25 6 11 30 29 4 16 11 4 29 4 8 2 27 28 23 27 26 6 21 27 29 12 28 1
22 0 15 30 13 27 12 20 2 19 4 25 30 6 30 14 15 23 17 13 29 4 20 5 22 13 17 1 26 7 1 25 29 0 24 10 8 0 3 21 30 28 17 27 6 11 1 29
3 11 17 26 5 11 0 21 8 12 18 28 13 24 12 30 14 1 19 22 11 14 25 24 7 26 1 0 1 17 15 23 11 9 9 29 4 18 24 0 7 26 14 19 20 22 12 19
21 19 5 16 29 17 3 15 11 1 16 29 22 29 23 7 20 13 22 28 3 0 23 16 18 3 29 16 5 8 21 22 11 26 2 3 19 22 6 24 5 13 19 20 6 10 15 2
17 24 7 17 3 29 11 18 22 14 26 28 27 9 26 0 19 12 3 19 30 20 5 2 23 2 21 22 30 2 10 13 3 6 13 8 15 17 6 27 24 19 0 20 5 28 11 20
15 4 17 6 22 13 21 26 0 5 8 2 30 19 19 16 19 28 7 30 19 11 18 30 10 9 20 9 25 14 6 21 22 26 27 17 23 19 6 8 9 5 8 15 3 19 10 18
18 1 11 12 6 17 8 11 24 26 13 15 28 22 7 18 0 7 27 16 20 29 2 15 4 30 6 11 12 2 5 21 3 30 6 2 17 28 4 29 4 2 9 0 25 16 8 27
29 21 25 7 13 17 28 28 6 29 4 9 5 10 1 5 9 6 0 4 23 1 16 29 23 27 28 13 17 14 20 4 1 26 24 24 7 14 4 13 23 20 18 5 21 28 14 3
11 29 19 10 23 24 2 10 28 1 8 15 14 27 28 29 7 29 7 1 19 14 2 27 20 10 2 30 29 1 17 3 3 13 11 6 10 25 7 17 18 25 16 3 29 5 30 16
7 13 3 23 1 9 20 6 24 13 26 29 12 5 21 7 14 13 12 12 25 11 17 11 5 14 0 8 22 8 19 24 11 20 10 12 18 30 3 30 5 15 13 10 19 2 13 20
11 0 0 30 20 26 2 23 4 14 14 6 23 12 14 15 27 19 1 15 11 20 15 14 23 28 21 7 4 5 28 17 1 7 24 0 27 12 24 14 8 9 30 8 17 28 9 27
12 25 26 28 13 25 14 5 6 15 25 4 3 13 9 1 2 6 29 12 10 11 8 0 21 13 2 14 30 0 9 23 25 25 9 20 6 9 28 25 30 6 1 27 30 26 5 4
25 11 17 18 14 29 22 23 3 14 18 29 17 0 21 12 3 27 9 23 9 4 26 21 27 21 26 24 28 6 7 11 9 12 19 30 16 14 10 2 9 9 6 6 0 19 16 21
16 2 21 18 16 4 3 3 23 12 6 25 28 30 11 14 24 0 1 6 21 20 19 0 9 24 28 8 10 4 6 11 21 28 4 9 7 7 10 20 8 23 17 3 1 4 23 12
6 20 22 4 3 4 30 16 9 10 29 9 7 20 9 25 14 9 29 5 7 8 6 21 30 26 30 8 21 27 15 18 9 19 29 0 12 22 29 22 14 6 15 6 17 20 17 4
23 28 17 16 6 15 13 10 5 28 19 9 4 19 6 1 29 11 15 30 8 22 13 5 12 22 7 17 3 26 14 5 11 30 1 28 9 21 10 10 26 7 21 18 5 25 26 9
3 9 1 2 28 6 8 23 29 20 11 24 18 2 5 29 26 14 7 9 25 0 20 16 24 5 18 29 29 24 21 10 20 28 20 0 11 7 16 21 11 20 20 14 9 8 21 13
26 13 14 13 0 9 23 25 0 0 22 9 27 12 24 25 5 4 25 14 7 7 10 25 11 6 1 26 28 12 4 5 10 0 8 27 19 8 3 23 7 14 1 1 9 1 12 30
9 22 23 8 15 2 10 20 7 1 9 8 9 6 8 25 24 13 6 5 27 21 29 30 8 2 14 17 29 9 10 12 24 3 21 5 18 7 3 8 28 16 3 19 11 10 1 15
16 9 28 29 27 29 9 16 17 30 6 16 9 15 6 3 12 10 26 7 5 19 13 12 3 20 4 21 29 21 27 7 23 3 15 28 0 10 9 24 27 27 27 14 24 8 8 17
1 5 10 24 9 7 13 10 24 8 18 2 22 16 28 14 25 21 13 3 22 0 21 3 4 4 1 28 22 23 30 3 17 6 13 12 5 28 17 21 1 8 24 5 15 7 14 0
10 13 3 12 8 3 10 7 9 27 2 4 28 23 1 4 22 30 14 19 19 14 5 28 4 25 26 7 7 3 29 30 21 5 24 17 18 19 30 19 21 26 25 17 0 2 19 19
0 11 14 25 4 8 7 25 1 17 23 30 11 21 12 13 28 6 24 26 22 26 11 24 25 16 6 13 23 4 8 4 4 24 8 8 12 17 4 27 8 22 13 12 0 15 15 7
17 30 5 9 29 0 8 14 7 24 22 27 26 17 27 24 9 0 2 8 1 11 30 30 8 13 10 14 30 8 6 19 11 22 28 30 18 15 2 3 22 28 3 25 9 30 29 29
29 25 16 15 1 1 12 17 4 0 4 22 25 3 30 27 26 23 6 25 30 16 4 22 18 26 3 21 9 13 24 29 9 28 27 16 21 28 14 11 5 0 25 19 27 6 24 24
24 12 18 14 26 20 0 24 11 1 17 0 21 7 19 7 2 30 29 28 14 24 7 4 7 29 13 21 19 12 26 11 24 24 22 21 23 30 19 5 2 5 30 25 26 1 25 24
7 23 23 22 30 12 0 21 20 24 30 17 14 7 20 2 26 25 4 1 1 23 15 27 17 28 22 6 17 11 22 14 28 11 17 27 1 20 16 11 30 12 28 28 21 11 8 22
27 2 8 28 7 14 2 15 7 29 12 25 4 26 12 2 10 14 9 1 22 17 7 8 17 25 12 7 25 22 14 29 19 18 21 30 6 27 29 30 6 20 5 20 30 1 24 28
16 21 5 17 19 30 28 8 10 5 7 11 0 17 13 13 24 27 25 27 18 18 24 7 16 23 17 9 8 28 20 21 29 11 24 19 23 21 3 24 10 2 5 15 29 10 23 15
29 25 25 8 24 26 29 6 24 22 22 11 17 4 11 26 28 14 3 20 29 27 12 25 20 16 11 3 23 21 3 10 27 1 9 23 0 25 25 29 1 30 18 18 1 4 21 26
9 19 27 15 7 22 17 8 5 11 12 29 22 20 23 10 13 27 29 30 7 18 27 22 16 13 6 17 17 28 11 6 4 10 10 17 19 27 1 2 16 25 23 25 25 4 3 1
27 1 12 25 2 0 24 23 16 10 23 24 17 1 6 22 27 8 29 8 26 8 10 14 9 19 16 11 2 19 10 3 5 9 25 21 28 4 0 21 24 18 8 30 16 2 30 8
29 11 7 10 9 27 6 18 29 25 10 18 3 15 6 19 0 14 22 26 16 26 15 4 22 21 21 30 16 9 19 4 14 25 22 26 22 15 25 26 3 18 26 14 21 28 12 25
28 20 24 8 12 3 9 20 28 23 5 21 22 27 11 25 0 5 11 27 8 13 12 29 12 28 1 19 12 9 7 13 12 11 17 9 12 16 19 28 8 27 28 19 25 15 21 30
9 24 23 30 29 25 3 29 16 16 28 22 25 30 9 0 24 19 9 7 22 13 21 8 17 27 2 20 12 4 1 26 27 5 27 17 29 0 11 0 7 18 6 14 26 8 10 8
23 6 24 19 19 14 3 8 21 17 7 1 4 13 3 9 11 27 9 8 0 10 23 3 27 22 0 10 13 13 17 23 1 27 29 25 30 27 28 30 27 21 29 19 30 28 5 27
10 10 29 8 3 15 27 5 0 27 4 6 26 2 1 21 9 20 6 14 8 27 4 13 23 22 6 1 20 8 30 2 28 23 7 27 24 21 29 14 17 21 13 3 11 10 26 26
8 25 10 14 18 6 23 18 29 20 17 18 19 5 24 20 5 28 12 2 23 8 10 18 27 15 7 0 7 2 23 1 4 3 26 8 0 12 11 17 15 19 15 24 15 6 6 30
1 0 1 19 9 5 0 24 17 14 21 5 0 24 27 18 19 26 10 16 16 19 18 21 14 18 22 1 23 27 12 28 27 21 23 30 18 18 7 27 11 17 14 27 5 2 27 5
9 13 2 18 2 10 3 5 16 10 2 11 28 12 14 3 2 26 28 2 17 21 0 12 7 25 3 21 1 1 23 27 11 26 21 19 17 17 2 13 28 11 5 3 26 1 27 24
11 14 26 1 3 15 10 14 21 18 22 30 2 10 26 27 30 28 6 21 17 12 13 9 24 21 22 16 17 11 8 8 7 3 11 9 19 7 3 29 14 29 14 9 3 0 4 6
