50 50
28 13 26 0 5 0 4 23 25 7 24 8 12 9 26 9 14 28 24 24 7 16 2 19 19 20 24 27 8 28 1 2 9 21 11 16 18 24 7 12 3 27 11 23 14 8 13 2 12 19
7 8 2 22 11 26 21 22 7 23 24 1 24 5 7 18 22 3 27 4 22 8 29 18 0 3 14 30 4 2 14 2 28 8 5 30 29 3 28 10 6 21 2 14 6 29 24 9 10 24
15 11 18 24 0 24 12 4 17 24 0 19 25 19 5 6 12 25 16 13 1 21 11 17 17 8 1 8 28 27 17 24 19 10 25 27 25 3 15 23 0 16 0 12 19 4 25 18 11 25
9 13 10 16 21 29 1 16 7 0 24 1 24 3 24 3 11 26 17 6 12 24 22 13 15 18 7 11 3 29 13 2 24 14 22 8 26 0 22 26 21 2 10 25 28 6 4 9 3 29
19 28 6 17 18 14 26 30 11 8 17 19 4 12 8 24 21 14 24 26 20 19 5 28 12 6 4 1 10 28 30 3 19 4 9 24 15 16 0 20 16 6 13 26 23 6 4 18 24 22
7 20 4 14 23 12 28 7 7 10 18 26 21 5 3 16 22 7 3 0 15 25 25 18 12 24 29 0 14 0 29 2 13 16 27 3 15 21 0 7 27 17 28 18 5 3 23 8 24 5
6 0 10 10 26 25 10 27 29 13 16 9 12 17 8 25 7 4 12 21 8 5 27 17 18 11 5 16 26 15 13 29 6 2 12 13 19 18 25 3 26 8 13 18 13 16 12 26 13 20
7 26 1 19 30 16 2 9 4 20 16 11 8 30 7 3 17 7 9 24 17 6 23 29 0 16 19 3 25 2 1 30 19 21 7 26 8 9 4 10 29 27 11 10 7 7 19 23 28 10
21 1 1 3 25 4 26 25 26 4 19 22 8 19 6 30 22 12 3 27 29 10 17 19 20 18 20 9 14 20 26 18 2 16 3 25 13 22 23 17 18 8 15 22 12 19 7 29 29 21
15 22 21 2 20 22 26 25 16 29 22 4 22 23 17 14 22 23 5 18 11 12 7 5 24 22 20 20 6 10 12 12 25 24 8 23 20 16 8 16 9 19 14 20 17 1 28 30 19 27
8 5 13 23 5 24 30 28 4 21 12 18 12 5 30 10 27 20 8 0 14 0 17 15 10 8 24 2 23 13 27 25 5 27 7 18 23 26 10 24 10 20 15 28 19 14 24 7 22 16
22 23 2 11 19 19 19 21 15 24 19 27 24 6 13 5 21 30 16 6 15 14 19 5 7 26 24 3 28 21 17 16 28 27 0 30 10 25 26 27 4 5 9 20 26 27 15 5 0 0
11 22 0 6 18 13 14 16 2 27 14 25 27 14 19 23 9 24 11 28 18 3 19 22 6 25 14 28 13 17 18 22 16 1 6 19 18 15 10 19 29 2 8 24 1 25 23 28 2 5
29 2 13 16 23 14 11 5 26 28 5 3 3 13 11 2 11 13 21 15 3 4 15 7 4 12 29 30 13 20 15 8 3 0 29 26 30 14 2 23 6 6 10 13 24 11 2 27 1 2
18 23 18 9 2 5 13 27 9 20 20 15 30 0 23 0 15 22 20 23 2 10 10 26 6 12 22 15 13 0 22 16 26 27 17 25 12 24 5 14 0 24 5 7 22 7 1 14 0 1
24 26 20 0 25 13 5 6 26 4 26 2 25 1 4 6 12 29 6 27 8 17 11 22 9 20 17 19 15 29 15 1 29 7 8 27 28 21 25 0 11 17 17 11 26 1 0 16 22 16
12 21 27 22 28 12 23 26 17 18 14 29 15 4 18 17 3 22 26 26 3 18 0 3 3 26 9 16 0 3 20 10 26 6 30 30 18 30 1 1 11 11 2 25 3 18 15 23 30 30
15 27 6 21 3 5 18 29 15 30 21 17 29 8 1 1 12 13 11 3 11 27 20 6 14 8 11 10 3 30 24 2 2 11 10 10 21 21 4 21 0 22 1 9 20 28 0 18 19 28
27 0 13 25 0 19 21 12 30 26 9 25 15 17 25 26 25 11 9 11 13 26 12 27 24 25 20 19 25 29 12 24 18 21 3 12 0 18 2 19 2 8 22 16 3 3 7 13 3 20
20 20 5 18 8 25 19 27 5 2 21 29 8 8 13 18 24 28 22 3 25 3 14 4 11 19 8 3 20 12 20 14 1 14 3 17 0 3 29 17 9 27 10 10 3 6 24 5 22 0
6 15 15 14 6 29 27 2 16 11 3 7 2 14 22 13 26 21 19 2 10 14 8 26 2 5 6 13 26 0 26 24 25 28 20 24 11 20 6 8 5 20 4 12 17 19 19 5 30 10
11 18 16 20 11 29 14 3 22 15 4 15 6 5 27 26 26 25 14 7 10 5 8 7 24 14 30 12 22 16 21 24 14 13 3 23 30 0 1 16 3 29 28 2 15 20 29 0 18 23
15 5 15 9 15 16 3 16 4 18 23 3 15 4 28 26 10 14 15 15 25 14 9 26 25 9 8 13 22 9 15 30 20 11 0 21 0 13 4 22 27 17 13 19 28 7 3 18 5 14
12 7 8 28 8 2 24 29 4 5 19 5 19 26 7 12 24 21 9 28 20 30 27 25 6 14 24 1 3 1 23 2 15 28 15 16 12 6 29 29 23 17 25 20 12 4 30 17 27 21
15 23 1 19 9 2 24 19 16 23 8 0 26 1 20 11 28 9 25 4 12 12 25 28 0 13 8 15 7 26 6 28 2 15 22 29 2 30 9 29 7 22 3 7 2 4 11 16 13 5
13 27 25 28 28 15 24 22 28 14 8 3 22 7 23 20 7 4 8 8 30 28 26 11 25 3 4 24 18 20 15 19 1 19 12 0 24 23 24 3 7 13 24 3 12 1 9 1 16 5
19 18 15 0 29 6 21 24 24 24 12 13 4 10 14 15 17 24 8 1 0 2 29 18 1 20 23 18 21 5 8 6 24 24 21 10 5 0 27 10 26 8 10 21 24 28 2 18 26 2
15 11 22 16 15 3 9 26 14 18 21 2 13 13 16 21 10 19 9 7 16 18 3 13 1 14 16 13 23 25 17 26 4 5 0 29 16 29 19 26 24 9 29 0 17 29 9 21 2 6
28 25 4 25 23 16 20 6 6 4 12 16 8 5 12 7 28 12 27 23 30 0 0 13 19 29 16 8 10 7 19 16 15 2 11 9 12 29 9 14 21 23 30 6 15 21 23 14 22 1
25 18 8 21 14 15 18 30 18 29 21 26 20 9 16 4 12 16 1 2 9 9 3 20 13 19 16 16 1 11 8 11 13 26 21 20 18 11 28 13 30 24 13 13 2 2 11 19 16 23
23 26 27 18 15 19 3 29 4 16 24 9 3 21 19 13 19 11 8 16 28 14 5 12 28 2 9 14 24 18 23 24 21 11 18 25 9 5 30 29 4 26 18 29 0 15 21 29 24 12
25 1 14 23 2 4 5 9 30 26 18 25 2 30 30 17 24 11 28 11 11 11 18 4 7 0 15 19 5 21 3 19 27 0 17 2 19 4 25 10 0 12 0 11 4 6 8 14 28 10
20 29 5 14 24 15 28 7 25 6 16 22 11 19 6 23 21 17 16 28 28 8 29 1 26 1 0 4 26 8 29 21 9 3 20 5 8 1 18 20 22 30 19 23 28 13 10 10 14 7
29 18 1 2 20 20 24 18 22 0 24 9 0 11 22 30 9 29 14 10 17 1 20 8 0 27 29 24 16 19 7 6 0 18 19 7 18 30 10 8 10 14 14 0 4 24 14 21 6 15
6 0 2 28 26 6 11 2 17 21 20 17 19 16 4 14 4 19 5 29 25 19 1 29 4 30 2 12 8 12 25 14 3 6 1 11 25 22 3 1 20 13 10 14 16 0 18 11 30 18
30 3 8 0 6 23 21 6 22 20 22 28 19 23 11 24 10 8 14 19 9 26 1 11 26 15 6 26 30 16 3 22 23 9 21 1 12 3 29 1 4 20 16 2 17 11 20 8 2 17
22 30 3 2 0 17 23 17 1 2 19 4 18 28 14 17 15 23 12 25 13 29 28 0 21 14 4 0 16 25 20 22 16 1 24 15 15 20 8 21 20 19 17 2 20 18 11 27 2 25
23 26 11 16 13 9 3 17 16 1 28 7 17 29 21 18 0 26 27 21 3 6 2 8 3 9 25 12 27 4 17 12 6 8 8 14 4 7 23 10 15 12 6 21 22 10 12 19 23 1
29 20 1 25 30 16 15 27 22 1 15 8 19 17 11 12 30 15 10 28 4 17 11 11 8 9 15 25 26 16 2 21 24 2 25 16 29 25 2 0 27 13 9 10 21 15 29 15 4 16
4 8 0 24 27 28 25 11 26 1 13 20 29 3 10 14 19 25 25 20 28 6 10 21 16 20 23 22 15 24 13 0 22 1 14 29 18 21 21 15 12 27 7 22 15 23 27 7 15 18
20 23 17 9 23 10 8 27 23 14 26 11 10 24 3 16 4 21 19 28 22 3 23 25 14 5 12 1 20 30 24 17 19 18 17 11 27 3 13 9 18 9 4 26 11 1 27 30 26 2
16 27 19 21 0 27 27 20 23 7 0 9 4 15 5 9 19 8 26 25 24 30 13 28 18 30 1 2 25 7 22 13 19 18 4 0 17 0 23 4 25 30 12 27 13 13 29 21 18 3
27 29 30 13 1 0 21 11 9 19 13 20 6 11 20 16 27 9 29 18 23 11 2 7 29 11 28 4 16 10 23 25 18 20 11 20 7 18 15 25 6 10 28 7 23 14 27 25 17 1
7 15 20 24 15 10 15 2 12 0 3 19 18 18 21 2 21 25 22 25 18 4 22 6 29 23 7 11 12 5 2 28 22 6 30 0 4 17 29 15 23 22 0 17 19 18 26 20 15 3
16 28 13 30 19 21 12 15 30 7 30 26 22 28 20 29 11 8 23 7 12 16 5 15 28 26 8 18 18 12 1 16 8 4 20 6 11 0 1 25 11 12 8 24 13 6 1 12 3 26
11 18 25 19 15 8 0 7 22 4 27 7 21 0 1 10 16 22 28 12 11 19 6 23 8 28 23 13 15 29 12 29 19 3 20 2 9 30 0 19 3 3 13 25 1 16 10 14 24 5
1 22 9 3 17 12 15 6 14 10 19 29 27 14 28 26 19 8 14 1 15 25 27 22 5 29 0 2 9 4 11 7 21 16 21 18 21 0 28 28 5 28 12 8 9 0 2 1 17 13
12 24 17 2 23 17 24 24 9 26 15 9 28 10 13 10 16 0 9 28 24 9 6 4 30 13 1 14 20 5 23 0 26 28 15 29 4 5 22 20 15 2 17 25 27 12 8 4 17 24
28 29 24 10 14 8 13 7 14 17 23 13 25 19 14 20 29 25 10 26 22 23 23 27 7 26 0 5 17 10 26 11 15 5 4 4 11 26 26 13 22 8 27 30 23 16 20 15 25 29
9 16 17 11 8 7 19 25 30 8 21 26 8 7 28 16 13 28 9 7 23 16 20 23 25 20 8 10 28 4 11 7 0 17 10 1 6 16 9 13 15 27 7 4 25 15 30 4 25 2
