51 51
21 22 30 1 9 24 2 8 12 25 9 6 2 8 9 20 7 13 16 25 19 15 12 17 6 0 0 11 29 27 27 16 24 7 14 9 15 12 8 2 22 30 0 7 0 29 13 16 14 12 10
4 3 20 2 2 28 22 6 24 26 0 28 4 2 17 19 9 25 30 11 0 23 9 17 20 12 12 18 18 20 8 20 21 0 29 5 29 23 7 23 26 26 6 25 18 15 12 21 22 22 5
11 30 8 20 25 2 14 27 4 27 15 22 3 12 11 28 4 7 15 11 8 2 21 9 16 16 19 1 9 18 14 27 30 9 13 0 11 19 21 4 14 18 18 21 20 22 4 4 22 18 11
11 17 2 1 15 20 20 21 29 22 18 20 24 12 15 28 1 13 0 18 11 8 14 12 26 10 12 8 18 30 12 21 11 4 22 21 21 3 0 27 27 21 12 14 13 22 3 5 22 29 10
2 25 8 17 0 23 7 7 28 17 10 0 16 14 13 17 4 2 4 19 19 30 1 20 0 26 30 27 16 11 16 29 2 18 1 4 8 3 18 1 17 3 21 21 4 20 16 10 0 2 2
3 25 24 25 4 7 0 9 20 22 22 13 25 11 29 28 13 28 0 8 14 13 2 1 4 30 11 24 1 2 4 9 14 13 3 24 18 20 5 23 17 1 19 22 21 19 10 4 22 27 17
14 3 20 3 24 8 10 25 15 17 30 26 12 0 14 26 16 16 5 16 7 26 30 17 10 1 23 3 13 27 17 4 9 3 10 2 21 5 26 11 15 20 17 21 23 27 16 27 16 16 25
7 7 13 12 15 24 9 2 19 28 1 19 3 24 14 9 28 23 21 24 17 3 13 26 2 21 24 3 25 3 7 26 20 19 1 12 0 24 27 7 10 18 20 9 29 16 22 0 11 17 10
1 30 8 2 28 16 6 13 6 11 3 14 27 15 17 16 24 25 23 8 11 25 0 13 24 11 28 0 17 24 16 13 21 13 9 28 11 7 6 24 16 7 29 25 6 1 1 10 18 15 26
23 1 26 10 17 9 10 7 25 3 5 1 6 2 12 5 29 16 11 24 18 30 0 10 22 26 7 28 12 24 20 16 9 18 14 4 0 27 11 25 13 30 12 18 29 3 29 26 24 1 21
18 11 2 15 4 24 14 22 2 3 17 29 14 25 26 1 9 12 21 0 18 11 21 4 23 0 23 12 7 13 23 18 28 7 20 27 12 18 10 15 10 9 13 7 8 5 4 3 14 1 5
13 28 27 27 19 11 12 13 8 25 11 4 18 10 12 28 7 29 2 16 24 0 0 4 0 15 4 22 19 6 20 21 4 15 24 16 24 17 3 19 18 22 15 19 10 27 5 25 16 19 6
22 13 27 30 8 9 27 23 11 19 17 20 10 0 21 27 6 8 7 28 16 25 1 24 12 22 24 25 17 0 27 14 6 12 2 18 22 26 13 28 22 5 17 6 1 19 1 15 4 17 30
11 26 7 5 1 25 18 6 1 1 15 7 15 4 2 6 16 16 24 8 17 8 5 14 23 1 25 27 30 0 2 30 7 22 18 12 1 6 12 4 23 1 11 20 14 24 6 4 5 22 30
4 16 26 23 26 18 2 0 28 19 24 14 10 2 17 20 14 10 10 17 30 1 30 19 25 12 18 26 17 11 12 25 18 23 9 14 21 6 15 25 10 2 3 2 12 26 1 3 12 17 12
29 8 2 22 22 2 16 27 14 28 7 20 21 28 22 11 17 16 12 21 24 26 6 25 0 30 14 12 10 2 1 14 4 3 0 1 0 30 24 8 0 25 26 17 7 13 16 26 19 24 27
17 18 28 11 8 27 25 3 2 8 14 30 20 2 1 29 9 28 29 0 7 25 4 27 9 26 26 5 27 9 9 29 3 10 26 22 20 28 20 24 28 4 20 18 20 13 25 18 17 3 29
22 13 8 1 9 0 25 7 26 17 22 18 25 26 27 5 14 12 30 16 16 4 27 19 5 10 17 24 7 0 8 30 8 30 20 14 2 21 25 8 19 30 6 0 29 2 14 2 24 23 22
10 20 4 14 5 21 5 30 12 0 1 18 27 3 10 27 21 24 27 29 1 5 25 27 15 27 10 0 6 19 16 14 4 7 24 24 8 5 15 21 13 17 24 5 13 15 29 20 22 0 30
23 11 23 4 14 26 11 22 7 19 26 7 4 11 8 24 4 17 26 2 28 29 7 14 8 27 7 6 12 13 11 10 5 20 26 14 9 17 23 21 17 27 29 16 7 10 22 18 16 19 5
2 11 28 8 12 16 23 12 24 24 28 14 14 4 30 12 3 30 19 10 25 29 7 2 19 19 15 19 19 4 1 21 2 7 7 14 15 21 1 29 14 3 0 24 27 24 24 4 2 0 0
29 12 26 8 15 7 5 12 22 22 18 21 23 21 2 26 8 7 19 10 23 6 2 12 20 9 21 8 14 12 6 13 25 13 27 18 1 15 27 27 2 16 7 18 1 18 18 1 18 2 14
15 30 18 5 20 5 24 6 9 4 10 3 18 26 12 15 18 1 16 2 2 23 30 25 19 14 30 2 14 14 17 16 25 1 16 18 26 25 8 21 9 2 28 15 19 13 6 1 24 20 10
0 30 7 14 23 7 15 3 14 21 21 9 8 3 1 15 26 9 18 24 30 19 28 12 17 14 25 20 25 29 13 25 20 19 14 16 4 23 26 16 19 8 0 15 22 8 0 22 10 4 12
25 10 19 21 24 10 30 9 24 16 2 26 1 6 18 1 27 12 16 23 11 30 21 19 2 18 29 19 6 19 29 11 10 18 1 29 3 4 6 13 21 6 23 1 9 5 4 26 18 21 10
17 12 2 9 1 18 26 11 19 0 17 9 5 19 4 24 25 1 27 14 8 16 30 4 12 9 17 18 20 27 29 18 9 7 2 18 9 8 5 30 14 26 21 0 2 23 14 5 27 15 27
1 25 0 8 4 14 1 18 17 11 28 12 29 4 6 7 17 5 15 20 13 0 9 19 25 14 28 16 14 28 25 4 4 20 7 30 14 7 7 20 14 17 5 11 12 30 26 20 27 26 24
11 21 17 5 12 6 23 6 21 28 23 11 1 12 16 1 26 3 5 0 15 10 20 2 4 29 25 28 4 17 22 1 17 3 13 11 11 0 16 23 5 2 29 18 19 24 3 17 28 29 12
24 7 21 9 1 14 16 13 15 3 26 2 18 18 21 17 18 29 1 7 27 26 8 21 3 13 8 29 10 30 14 5 10 8 16 11 28 26 12 23 19 14 21 19 6 8 0 15 14 2 3
5 26 27 16 9 0 17 30 23 28 4 25 8 21 16 18 2 20 20 1 13 8 28 28 8 27 14 8 22 2 11 11 17 27 16 26 15 18 29 20 7 17 6 12 7 5 21 11 8 27 27
13 13 2 15 18 14 18 1 12 19 7 22 11 27 29 5 20 10 22 6 7 10 12 13 15 20 0 30 17 25 24 21 18 3 28 7 9 3 22 26 2 19 3 26 10 11 9 21 2 4 7
8 28 22 1 19 6 27 26 5 17 16 25 27 11 13 25 25 13 2 19 25 11 23 2 16 2 8 11 21 20 21 5 26 22 12 7 12 25 24 19 14 25 27 2 9 7 25 19 4 24 11
6 5 9 12 14 4 23 26 29 15 17 11 18 22 13 18 0 12 5 29 17 17 15 20 24 15 10 25 24 29 20 27 10 8 8 25 7 28 23 0 8 7 30 7 23 12 23 7 14 3 13
26 17 9 12 7 19 30 5 24 7 18 27 13 15 14 6 30 16 19 29 14 29 11 9 24 10 0 3 8 7 6 30 12 0 13 10 7 23 27 8 4 12 13 1 29 23 21 8 9 22 16
15 7 7 25 17 17 1 9 11 13 4 17 22 19 26 3 21 3 0 4 3 15 8 27 11 20 5 28 24 0 10 1 20 23 26 2 30 28 15 0 0 2 23 24 24 15 27 0 7 13 17
7 10 14 9 7 24 16 17 26 10 4 8 9 11 23 15 9 13 17 7 11 6 18 17 14 1 17 9 23 25 3 22 11 1 9 12 1 28 10 29 30 27 20 17 15 10 9 14 21 27 17
9 10 26 15 18 1 20 18 29 17 7 9 12 9 23 20 29 18 20 9 15 17 1 16 19 15 12 19 27 0 10 8 14 30 2 1 19 19 16 8 13 4 16 16 16 20 3 27 24 9 29
10 10 0 25 20 11 15 14 22 25 30 0 24 24 25 1 4 18 27 15 24 7 20 25 21 11 7 12 4 23 6 7 23 24 13 11 21 9 7 21 19 27 19 10 8 2 27 27 17 19 0
0 23 12 20 17 12 12 0 3 27 7 26 12 26 9 20 17 13 21 9 14 21 3 6 9 2 30 15 1 13 13 23 29 25 21 24 23 13 9 14 17 7 14 21 16 2 0 20 2 21 8
23 2 24 18 16 30 30 13 12 0 19 16 13 16 10 6 14 8 20 30 13 1 26 4 18 12 0 27 26 16 6 27 19 17 7 16 12 11 10 7 18 26 23 23 30 7 30 11 16 2 6
3 6 5 1 5 1 6 25 12 19 0 15 17 4 23 9 10 10 22 21 16 30 27 0 7 20 11 19 1 14 23 29 25 0 1 7 25 16 10 29 25 12 21 19 4 10 30 21 24 11 6
6 13 30 17 29 4 28 27 30 2 9 1 14 10 24 18 18 27 2 12 1 18 4 2 14 12 12 23 28 17 4 0 30 28 12 21 8 3 19 19 15 22 6 8 15 26 20 23 14 0 24
28 29 4 16 12 13 4 2 12 11 4 22 3 30 24 5 13 27 8 18 21 22 14 29 11 15 17 1 12 6 13 26 2 0 13 6 16 6 23 21 25 24 5 8 27 18 7 26 30 21 19
23 12 23 15 11 28 4 17 13 13 15 21 23 3 23 15 15 12 30 0 21 25 2 30 12 1 6 23 18 30 19 28 6 3 13 7 30 16 18 17 9 13 2 22 14 10 7 1 27 1 20
25 2 15 11 2 7 0 1 27 11 19 29 26 1 23 6 10 13 13 23 10 5 16 8 17 25 5 4 28 7 7 12 16 4 16 9 1 30 9 29 26 6 25 12 16 11 19 7 18 0 10
30 0 10 6 1 25 6 26 3 1 5 20 29 16 10 9 11 28 1 25 16 17 10 15 13 19 24 3 17 2 5 19 20 2 25 30 4 1 9 9 30 5 23 13 22 27 12 13 24 16 14
1 18 24 3 4 18 21 6 18 28 14 23 16 20 23 16 21 21 18 22 19 13 19 29 17 30 2 8 22 3 22 13 28 28 9 12 11 22 3 26 17 27 15 2 2 9 30 23 25 8 23
20 13 12 7 8 3 13 0 15 17 27 29 28 16 22 20 10 8 2 4 14 11 7 28 19 12 27 10 19 4 23 12 0 7 20 20 14 25 22 26 2 25 25 22 29 8 24 1 18 11 13
19 5 12 7 5 7 1 10 13 5 11 17 24 22 8 14 21 21 5 17 22 25 29 8 19 27 1 13 8 18 5 25 28 16 24 8 26 22 28 28 16 11 28 6 30 19 5 29 15 21 4
20 9 21 15 25 15 6 27 20 11 15 14 27 29 28 20 17 17 11 29 20 17 11 6 17 7 26 9 15 21 0 24 21 2 3 9 21 0 24 10 12 30 30 1 23 27 26 17 15 24 19
5 27 20 20 24 22 27 2 0 14 21 8 18 2 6 13 15 24 27 8 2 13 22 22 23 9 4 19 5 30 13 16 16 8 14 18 21 25 18 17 27 14 24 15 18 11 10 3 28 1 0
