53 53
30 10 7 8 2 1 5 12 26 22 9 10 24 19 22 9 20 9 8 30 4 5 7 13 12 18 27 19 20 17 12 9 10 30 2 23 21 5 2 24 27 2 3 6 25 4 3 16 29 3 19 13 18
6 6 11 22 15 30 25 26 12 4 22 0 8 19 14 16 6 25 14 14 30 13 28 30 4 1 8 8 23 2 13 2 0 1 27 26 2 22 10 15 7 16 0 29 20 4 9 30 0 9 2 20 30
9 28 29 27 5 9 8 28 27 21 29 14 15 2 9 20 24 14 11 8 30 21 27 24 2 14 25 28 26 25 0 5 28 8 24 2 25 8 12 24 16 4 17 6 30 5 6 22 23 15 0 10 22
17 28 19 11 20 8 24 21 12 25 8 24 7 18 23 10 17 16 22 18 28 25 12 11 28 12 26 3 9 1 9 29 15 16 6 14 2 29 14 26 8 27 3 26 2 22 6 27 7 13 19 0 18
26 9 23 3 4 20 8 9 25 28 19 21 0 3 22 22 24 2 28 10 4 25 22 21 10 12 2 27 19 7 11 6 3 30 5 13 16 1 13 19 0 22 20 3 29 15 0 0 23 9 2 22 8
12 28 10 1 23 13 13 23 26 14 27 30 26 11 18 19 8 20 9 27 22 10 5 24 3 11 29 3 21 13 12 12 19 8 22 24 3 21 25 24 30 28 8 10 15 3 20 1 3 6 4 17 13
20 20 0 30 19 12 13 26 18 8 17 9 30 11 8 0 17 16 17 1 16 19 24 7 22 16 30 15 17 28 1 8 8 9 11 23 13 5 14 10 13 6 2 0 26 11 12 0 4 16 24 29 25
25 12 19 18 13 22 29 6 7 25 19 2 16 2 17 11 8 12 10 12 25 23 0 2 17 12 17 30 2 9 9 12 23 4 20 12 2 16 12 0 22 13 9 12 8 28 1 25 19 12 27 23 6
0 5 24 24 12 28 4 23 7 6 19 25 1 8 14 19 29 3 1 15 22 14 5 14 28 6 16 1 2 30 28 10 10 27 7 21 15 24 2 1 26 9 20 19 6 3 26 10 5 17 9 20 2
20 28 5 28 8 10 6 23 30 6 28 0 28 27 4 15 5 12 11 17 24 9 19 3 20 3 2 6 17 10 4 9 14 22 12 26 16 10 20 19 24 19 30 14 23 25 14 9 10 2 19 15 6
22 20 3 28 12 27 0 28 18 30 12 1 23 28 1 18 18 12 15 18 16 25 19 25 23 7 19 14 1 5 22 19 14 12 4 6 27 23 8 15 22 21 11 27 17 16 26 21 13 1 27 23 4
19 26 23 4 27 17 13 29 15 21 20 4 23 1 26 30 10 12 11 5 29 18 2 26 23 30 3 8 4 16 12 30 19 9 1 11 10 7 27 29 2 17 19 23 15 0 15 30 16 5 9 18 14
25 8 22 24 3 12 8 11 4 12 5 15 21 3 27 28 27 7 13 20 11 12 12 24 23 3 12 15 19 21 0 21 7 10 14 17 23 8 21 5 18 15 23 0 21 14 7 11 13 13 6 6 10
21 29 3 23 20 5 22 29 14 7 13 21 29 10 7 4 4 4 15 26 2 19 12 18 14 29 20 17 27 10 21 1 23 13 28 1 0 24 2 0 25 18 16 29 4 5 10 24 7 9 14 8 11
4 20 17 16 23 5 23 17 6 29 5 13 24 21 10 4 3 11 12 17 6 23 9 15 10 16 15 1 13 26 21 15 16 7 20 12 28 13 28 13 30 17 4 8 24 20 7 8 22 13 18 3 17
7 22 25 11 27 14 14 1 0 22 25 7 4 28 14 3 1 29 5 0 24 9 2 1 12 7 3 5 10 29 10 28 3 28 30 8 29 1 26 27 5 14 27 21 5 21 21 17 11 8 18 19 5
10 2 6 18 20 22 30 16 2 10 20 25 9 16 9 26 2 14 1 11 1 24 3 22 4 7 14 10 8 7 26 14 25 8 5 0 20 18 2 30 5 5 0 11 21 26 11 16 2 25 0 22 20
9 20 9 29 23 29 3 12 26 0 25 27 29 2 18 21 7 28 3 2 16 21 10 4 16 25 15 3 14 10 10 17 26 13 6 19 1 19 6 21 14 30 16 1 30 17 1 30 26 3 9 23 1
26 16 3 13 29 29 15 22 27 11 19 3 1 28 27 1 21 28 15 17 6 2 0 19 23 24 14 7 4 16 12 30 24 30 16 8 22 18 15 14 27 16 17 22 25 0 27 12 10 2 2 14 13
17 19 18 12 13 14 28 14 1 16 7 28 28 27 30 28 9 10 4 6 18 23 30 7 9 2 27 8 23 29 5 0 25 29 0 30 12 10 7 19 29 26 27 5 7 3 21 20 6 16 27 20 3
9 26 25 21 27 30 27 25 15 0 25 12 9 1 30 23 6 2 3 16 19 22 1 21 17 5 9 17 28 4 10 0 22 8 3 0 3 4 8 30 13 16 14 3 25 21 6 17 18 16 12 26 9
0 24 6 23 28 28 1 30 28 3 19 18 16 20 7 3 9 2 21 21 28 20 3 22 0 7 14 3 10 25 17 9 13 2 8 17 17 15 8 15 3 3 23 23 8 0 16 8 4 22 19 28 24
24 12 22 18 12 7 19 16 17 3 24 6 16 13 5 30 17 28 5 8 29 1 1 10 12 23 2 10 15 21 25 26 11 20 11 16 16 8 19 10 15 25 11 1 6 8 11 14 12 3 3 8 2
25 25 4 25 26 21 9 20 11 30 26 8 26 15 16 9 22 12 6 14 16 9 8 20 22 9 23 8 27 22 20 12 22 13 29 12 9 11 4 22 4 15 24 1 25 20 13 8 17 0 23 8 23
21 6 8 28 11 29 9 9 9 13 20 15 14 11 22 6 3 12 30 4 6 4 21 11 6 28 15 6 25 3 14 21 25 9 7 17 8 30 21 3 1 17 21 4 11 5 28 14 24 25 30 29 0
20 12 9 11 30 19 2 4 19 15 19 16 15 8 4 9 1 16 13 20 19 10 11 11 6 11 19 16 14 2 19 8 24 8 8 20 30 24 20 29 5 23 7 2 3 1 4 3 11 13 7 23 17
23 3 28 13 28 28 17 3 26 14 12 26 22 20 29 2 14 24 26 6 8 27 19 22 22 6 7 22 6 16 23 23 29 16 26 12 27 0 18 7 15 5 13 9 22 16 23 28 13 0 7 4 1
29 29 3 28 20 30 19 10 6 10 23 4 27 21 1 26 3 4 11 29 2 14 21 17 26 3 27 4 23 1 9 25 18 8 9 20 23 21 6 29 22 23 29 2 13 9 1 11 8 21 26 15 23
27 6 30 22 27 6 8 19 12 10 21 16 10 11 11 3 27 28 0 24 9 13 1 2 6 14 24 15 14 28 29 13 30 26 28 22 10 12 20 24 2 6 9 17 27 9 16 14 29 28 19 21 26
18 15 4 11 8 8 0 30 13 5 27 26 25 7 11 9 1 21 3 30 26 3 18 6 5 6 18 3 12 26 21 30 15 24 14 21 0 29 1 29 22 29 3 24 16 0 17 24 15 9 12 0 19
18 28 10 14 10 7 24 1 18 11 19 29 1 15 19 15 4 3 12 19 28 12 9 12 5 6 29 7 2 21 19 28 6 1 18 27 16 17 2 23 22 24 3 22 12 12 21 5 10 27 2 2 27
6 23 12 3 28 20 18 16 3 5 22 13 29 2 19 17 28 18 19 1 23 19 3 17 26 17 8 3 0 25 22 10 10 4 15 26 7 9 2 14 3 15 24 29 19 19 19 18 27 28 13 0 1
5 10 29 3 25 0 30 24 14 17 12 8 7 1 4 16 11 1 30 30 11 18 24 0 27 26 6 16 30 6 2 27 25 3 21 19 12 13 5 3 27 20 19 17 27 3 10 26 8 26 28 8 15
8 23 27 27 7 22 18 6 22 1 0 15 8 11 12 14 4 1 9 13 18 4 21 8 1 11 27 16 15 29 24 15 3 27 21 4 23 10 16 12 6 6 5 18 9 9 19 28 25 23 12 1 27
7 1 12 28 30 15 30 15 29 15 18 18 7 2 22 26 16 18 29 2 1 12 19 22 11 8 16 12 10 23 7 16 20 28 5 1 12 27 21 15 25 26 11 12 13 11 23 14 0 17 24 8 23
29 1 27 22 21 0 14 2 19 29 8 10 22 10 5 30 19 5 4 6 8 1 8 8 8 21 8 9 1 12 26 13 17 10 30 19 20 20 0 12 28 13 8 21 14 30 12 6 27 8 18 15 16
14 11 17 3 13 22 5 9 1 23 18 23 23 13 22 1 8 2 4 25 15 8 12 0 16 19 3 1 2 7 7 17 20 10 6 15 22 14 0 9 4 20 7 26 2 9 23 19 7 2 30 8 12
14 14 20 21 4 15 26 10 9 23 29 28 29 3 14 27 15 18 8 9 27 24 4 8 23 29 1 8 16 14 25 6 7 7 7 3 12 18 28 25 28 1 8 6 8 24 0 29 26 22 29 18 23
6 20 13 11 18 29 28 2 28 21 22 1 13 23 1 6 7 2 5 21 7 25 18 17 22 23 22 2 24 7 21 12 17 1 3 1 13 18 19 9 6 29 8 22 25 23 4 17 4 28 6 3 19
3 15 0 29 12 19 11 15 0 0 29 11 28 0 9 7 1 24 10 29 7 2 3 23 20 8 0 23 23 10 20 1 0 21 16 3 27 8 8 23 18 22 16 26 14 24 16 9 14 12 30 18 14
28 11 8 16 6 10 17 14 28 8 26 1 19 12 23 27 27 22 21 29 8 8 15 25 22 14 12 30 17 10 21 8 0 2 25 30 20 8 24 5 20 13 3 7 24 19 21 6 9 20 20 14 15
5 29 24 8 15 29 5 15 15 14 12 26 4 7 28 19 14 30 9 7 29 29 9 21 17 7 6 25 25 17 18 8 12 23 6 1 28 15 22 13 2 5 8 12 27 10 16 2 7 22 17 13 8
26 1 18 9 13 29 24 21 9 11 0 2 10 1 5 25 12 14 19 21 28 18 20 17 20 17 28 6 22 26 12 11 23 28 2 21 9 18 4 24 17 11 26 10 4 16 12 23 3 19 0 21 21
16 24 7 8 0 9 24 20 19 12 12 10 24 24 9 19 18 16 1 15 19 27 22 5 27 13 4 22 17 23 12 11 6 19 16 26 13 3 23 3 9 27 10 21 15 1 7 18 25 29 24 13 4
15 4 0 13 14 8 4 26 16 19 17 24 4 9 12 11 6 14 10 24 21 14 14 7 14 22 1 21 16 21 3 17 0 25 6 22 30 6 1 4 27 3 14 28 24 6 8 2 12 29 8 11 1
12 6 16 2 20 22 19 24 1 16 7 5 18 27 18 22 19 13 0 3 22 26 14 22 20 18 22 18 17 4 7 15 20 7 13 30 17 30 24 16 2 9 19 4 8 5 8 25 28 6 13 24 16
2 27 1 6 3 18 17 29 10 5 3 30 8 30 28 0 24 5 10 19 21 0 14 5 18 13 18 22 26 20 7 19 28 2 24 5 29 7 12 25 12 5 21 7 26 18 9 29 2 6 18 6 19
8 7 10 23 12 24 28 18 28 14 6 12 21 1 28 7 15 16 21 11 18 17 11 2 1 2 7 9 13 23 24 7 3 25 27 18 10 3 30 6 12 21 23 6 3 20 30 6 23 20 14 7 5
2 14 12 14 9 23 30 28 25 11 0 6 15 19 4 28 26 26 4 0 20 6 2 18 9 16 4 5 26 7 1 0 24 15 18 14 12 3 15 30 0 7 24 16 30 18 11 17 7 22 28 9 5
0 29 4 15 0 28 20 21 12 3 24 0 11 4 18 14 1 2 20 4 16 26 27 9 22 29 22 24 9 17 22 3 23 1 10 0 17 25 0 13 13 17 0 17 23 15 11 16 14 27 14 28 30
23 9 25 23 22 2 20 7 21 14 27 14 27 22 18 6 18 26 23 26 11 21 15 28 24 13 30 1 7 20 5 9 16 17 30 16 0 5 20 22 4 9 6 15 28 23 1 10 6 22 19 17 14
11 28 10 6 11 25 24 25 8 19 22 16 13 30 3 20 27 16 1 25 3 24 11 15 15 2 15 7 10 17 4 26 30 30 8 2 18 15 2 19 4 17 3 24 26 5 13 15 29 20 28 23 2
0 3 22 28 12 28 22 8 0 24 25 23 24 0 13 5 30 21 20 2 26 23 25 0 20 20 28 12 21 21 10 10 13 29 28 28 2 3 26 9 26 5 17 4 1 0 1 1 11 8 11 26 30
