56 56
1 13 4 2 24 1 30 14 24 21 17 11 21 30 30 3 1 20 9 5 16 0 8 20 19 12 1 30 9 19 3 8 10 12 20 3 23 27 5 25 20 18 23 1 6 4 17 6 8 3 28 18 9 0 25 12
8 20 20 20 8 15 22 1 30 28 27 14 11 7 20 24 28 11 21 18 27 28 2 19 10 25 7 8 7 15 24 24 7 5 25 22 25 1 24 0 20 22 11 30 26 19 28 27 24 11 18 21 15 14 21 21
21 2 25 23 13 9 13 4 17 21 16 11 5 5 9 13 30 26 15 1 8 25 4 17 13 24 18 28 16 30 15 18 12 11 9 27 30 19 1 29 3 6 23 13 7 15 24 21 25 24 30 11 6 4 9 29
4 27 11 13 20 5 17 23 20 20 24 8 20 27 14 12 5 15 18 4 14 22 0 7 4 15 30 26 29 22 4 10 4 8 27 26 4 16 17 15 28 23 29 25 6 12 29 29 4 17 18 9 13 16 23 25
10 18 9 4 24 9 21 27 2 22 9 8 9 22 18 29 21 0 29 12 25 16 17 13 21 18 2 29 24 21 2 14 3 30 22 27 4 0 19 22 2 16 8 5 12 12 17 27 16 7 12 30 29 4 12 3
24 0 13 1 4 9 1 14 4 30 0 15 27 1 8 22 9 5 4 18 18 19 3 10 12 9 0 27 4 11 29 27 14 3 28 16 21 28 24 30 14 2 18 29 12 28 1 11 6 24 8 30 1 13 0 27
2 8 27 14 7 18 10 11 30 15 20 22 14 10 29 15 3 2 15 27 6 8 4 26 27 10 8 0 30 29 16 3 13 17 16 13 26 30 21 18 22 11 7 30 29 5 8 6 29 7 11 3 14 2 2 17
4 19 4 16 6 18 24 18 11 0 25 0 15 24 27 4 28 9 22 29 9 23 24 26 16 10 18 22 20 20 18 23 2 8 11 17 5 29 4 26 16 12 14 0 3 3 19 9 25 10 7 24 14 14 1 2
30 27 9 16 29 21 28 10 22 1 8 24 16 12 17 23 16 17 6 7 6 2 15 6 0 20 19 26 18 30 17 10 8 27 23 18 11 20 25 10 19 21 16 24 3 4 26 14 0 20 0 9 19 7 4 22
7 14 11 26 11 5 26 14 20 25 20 10 8 25 15 21 21 18 8 3 7 0 22 1 5 12 25 1 17 12 21 24 10 20 5 21 28 0 3 10 2 25 16 28 2 28 18 11 20 19 1 8 16 25 24 13
11 20 11 23 22 18 10 2 23 5 25 18 5 5 24 0 29 27 5 6 18 5 29 12 14 9 21 9 23 11 2 8 1 0 7 25 26 29 6 10 21 17 23 5 17 21 12 21 23 4 13 28 6 1 2 28
22 6 3 6 7 15 28 9 11 19 19 27 14 4 30 30 6 7 6 9 4 24 30 25 8 23 6 22 19 23 12 12 23 11 5 0 29 6 13 26 10 9 6 0 4 21 14 29 28 3 1 14 20 8 0 19
18 17 12 5 29 24 29 28 21 25 19 0 25 29 4 21 1 2 20 5 15 16 22 24 14 18 4 17 19 19 27 14 1 13 13 3 15 11 16 24 19 13 9 5 3 7 17 7 10 3 5 26 7 12 14 21
20 9 27 0 7 1 8 10 8 28 6 22 13 0 9 21 6 15 8 9 24 15 1 28 16 22 23 16 27 21 24 9 11 6 16 3 4 7 19 0 11 1 24 2 13 22 23 28 9 13 9 28 24 6 29 11
14 24 0 3 29 26 26 28 24 0 4 9 28 17 3 1 22 10 20 14 0 6 11 22 2 21 27 23 28 26 12 29 9 25 26 18 29 4 28 23 18 8 2 8 18 16 0 6 7 10 0 5 18 5 14 5
8 8 22 23 11 0 9 1 30 2 19 17 9 25 14 5 8 25 16 18 13 4 3 14 24 2 23 5 26 15 15 11 10 7 9 2 28 2 18 0 7 13 2 21 19 4 10 2 1 5 11 28 16 3 6 2
1 10 14 15 24 8 4 9 16 8 4 16 22 28 6 0 10 8 4 21 11 6 28 20 14 18 2 20 20 10 7 23 19 16 5 16 10 28 13 10 4 1 12 17 14 5 28 13 17 10 18 25 7 24 26 23
18 1 28 27 24 17 28 5 15 10 9 29 20 19 23 6 28 5 19 22 20 26 30 26 16 21 15 15 10 17 4 2 18 27 22 7 12 24 7 20 19 9 5 9 0 6 23 29 4 10 29 0 28 16 17 25
27 22 3 30 23 28 28 21 30 3 19 22 19 2 2 4 19 5 2 30 6 20 1 2 0 21 23 29 17 25 27 15 1 20 12 24 4 6 10 22 6 29 8 5 16 17 21 24 18 5 16 22 12 12 21 2
30 14 18 21 16 29 14 6 11 18 0 22 24 23 16 26 12 11 21 23 10 2 21 21 20 3 15 26 1 14 4 22 23 21 22 14 29 7 29 10 22 0 23 22 29 6 1 11 9 9 11 8 2 3 16 9
11 21 16 1 0 30 13 28 29 9 14 1 6 16 2 19 2 30 17 21 29 22 30 23 25 19 19 5 6 30 19 6 21 16 29 26 30 29 0 27 28 0 20 30 26 3 21 19 4 5 27 21 15 10 29 1
2 15 3 26 1 3 19 19 5 8 29 21 25 11 14 11 20 22 29 18 14 29 8 16 6 27 22 7 27 5 12 10 10 11 29 18 23 7 20 11 15 4 18 16 1 18 22 8 5 0 29 24 6 17 2 22
30 5 0 29 18 6 20 0 19 27 0 16 25 17 9 19 12 20 8 20 28 23 5 12 21 29 7 29 8 16 13 20 19 15 29 30 10 19 3 16 23 25 3 28 12 6 2 19 12 27 4 24 29 3 13 27
1 18 30 6 9 9 26 10 11 20 15 6 27 22 17 27 9 17 24 30 1 7 14 6 20 29 5 27 2 24 22 17 25 6 3 6 29 26 10 21 18 24 17 3 2 25 11 13 16 24 27 7 21 5 11 15
12 28 6 9 15 21 10 3 17 18 10 0 21 4 25 23 6 11 14 1 12 16 26 6 17 4 19 20 1 2 22 8 18 13 9 14 20 6 8 26 11 22 5 14 19 11 18 16 21 28 5 2 4 28 20 18
2 5 12 7 27 2 11 8 17 15 26 10 9 24 0 29 0 14 17 1 7 10 9 5 28 24 20 8 21 30 10 13 20 7 25 16 14 30 1 10 8 26 7 9 26 1 22 9 11 22 15 10 8 9 27 16
25 25 26 6 26 17 4 12 24 12 11 6 8 19 9 28 17 26 0 12 1 18 14 0 29 13 28 30 12 27 21 4 5 10 29 19 29 27 4 29 25 11 21 6 24 23 22 19 27 21 3 4 9 16 3 4
24 20 19 13 27 1 19 22 1 26 18 26 28 17 28 6 14 30 3 24 14 4 24 8 11 13 2 26 14 19 28 11 13 11 1 17 13 30 3 8 26 5 14 4 18 11 20 26 17 6 1 18 17 24 17 3
0 12 17 7 29 26 28 22 6 4 12 25 10 25 6 5 12 20 21 11 4 23 21 14 21 10 27 12 14 7 18 27 27 18 19 10 7 13 4 6 23 3 23 28 21 1 17 11 21 24 5 29 7 28 5 8
17 28 12 23 27 24 16 13 27 18 24 28 0 10 19 22 23 30 19 19 12 14 21 18 26 23 13 28 28 29 11 3 19 14 8 0 29 12 14 7 24 16 7 6 21 29 20 8 19 11 9 25 5 4 18 29
15 24 2 27 23 18 25 8 26 20 27 15 18 15 18 2 18 6 15 3 10 30 30 11 29 26 15 17 19 20 28 24 0 24 17 27 27 13 27 9 6 0 8 26 10 21 28 9 22 25 27 13 8 28 12 21
22 7 21 17 2 25 11 13 3 24 22 16 28 20 25 14 1 4 5 27 30 26 16 26 7 9 30 20 23 28 28 15 25 19 26 1 5 4 27 24 24 5 3 4 9 22 26 20 28 17 0 18 16 30 16 5
23 30 19 2 27 29 11 6 2 15 29 18 15 23 7 26 29 5 15 30 11 4 27 11 8 9 21 26 26 3 30 0 22 24 23 20 8 15 7 20 9 11 17 25 17 0 5 9 5 2 5 8 14 13 11 0
1 30 12 3 25 7 10 12 22 5 6 6 15 27 28 28 11 0 9 9 14 17 16 12 19 9 7 23 27 8 12 3 19 14 13 29 27 0 2 9 8 19 0 26 3 8 27 22 29 12 26 24 8 21 12 27
27 18 18 6 0 15 3 14 23 3 19 16 28 16 28 27 12 11 10 9 4 10 12 24 21 3 13 19 16 21 17 11 10 13 16 20 14 23 2 4 4 18 3 24 7 0 21 4 21 12 4 8 23 26 14 19
1 0 2 0 9 14 18 9 16 29 21 27 29 0 20 0 4 12 30 12 3 13 11 25 30 20 18 25 26 10 22 2 2 25 8 15 27 1 13 5 29 15 17 5 1 17 5 8 15 0 23 7 18 16 1 8
20 17 23 27 15 20 12 13 16 20 20 11 17 29 3 17 3 23 28 25 22 11 2 1 19 22 13 7 26 4 16 25 2 5 9 1 25 23 16 24 25 25 28 6 16 24 6 26 2 4 1 12 1 6 8 28
2 8 21 23 14 20 5 0 30 29 10 1 9 10 11 3 9 14 30 12 23 23 2 6 3 23 28 26 23 16 5 18 23 5 29 1 7 5 17 30 28 19 17 2 11 3 5 13 3 6 5 19 10 14 24 21
20 12 2 21 5 3 12 16 5 6 6 21 16 18 28 24 1 13 9 28 3 16 13 5 27 16 27 27 12 4 15 14 10 16 11 4 27 6 1 25 18 29 26 21 10 19 2 10 24 12 10 3 13 19 3 11
0 26 29 27 29 27 5 1 25 8 15 26 1 4 5 20 15 0 3 16 6 16 24 4 10 19 17 18 7 4 24 22 25 27 26 11 10 17 12 13 21 4 14 1 2 4 19 14 16 22 25 27 15 5 8 20
6 23 25 16 1 7 17 8 29 14 11 30 0 16 22 26 30 3 27 19 3 6 9 14 10 9 18 29 19 29 9 25 0 16 28 5 6 0 3 8 24 0 23 4 6 30 29 23 12 14 1 3 30 10 15 6
23 29 18 7 1 6 17 11 19 11 11 12 21 1 19 21 24 22 30 6 14 19 5 3 13 30 0 20 4 23 12 8 13 2 24 20 2 23 9 24 4 12 6 15 24 9 11 4 19 29 13 24 18 29 27 4
16 28 17 26 14 13 2 27 11 0 8 6 16 12 1 15 28 26 15 11 16 8 29 24 26 17 23 18 1 21 9 0 8 30 20 8 27 21 15 5 6 2 29 20 0 7 7 5 29 26 24 7 4 20 5 0
18 24 26 6 21 18 8 3 23 4 9 19 21 22 12 13 4 13 0 24 20 1 30 3 22 25 28 19 3 26 26 17 27 24 20 8 12 30 28 25 9 1 25 29 6 21 23 3 20 6 8 1 0 1 29 30
5 20 16 24 5 10 14 13 1 25 10 29 22 27 14 24 2 21 2 6 28 23 15 12 27 18 12 24 19 14 0 13 20 10 27 1 16 27 19 26 12 29 0 8 22 24 12 27 24 10 27 12 30 27 27 13
21 9 17 30 24 24 29 3 2 3 29 17 16 30 22 8 24 25 28 13 0 8 0 28 27 17 27 5 10 17 13 30 3 2 0 20 11 3 25 8 7 3 24 15 5 12 3 2 8 3 16 23 0 17 9 15
27 10 29 4 18 26 26 7 28 16 1 18 17 18 28 16 3 23 7 27 11 15 2 2 10 27 12 8 21 22 8 19 12 28 16 20 16 22 30 27 10 18 30 11 24 3 12 5 13 7 18 13 4 12 2 0
24 13 2 25 3 25 4 22 21 30 3 12 4 18 15 4 13 0 21 9 7 7 26 1 26 8 16 7 4 10 2 26 1 24 16 21 27 0 11 12 21 1 18 17 9 3 17 26 20 26 29 14 10 12 18 14
28 6 13 11 13 25 7 21 18 18 2 16 21 20 9 16 5 22 16 2 9 1 20 18 13 26 20 8 19 14 21 28 1 15 21 26 25 15 17 17 21 21 27 2 7 3 21 8 1 8 0 26 15 10 23 26
9 19 30 6 17 2 0 10 3 13 12 2 13 26 5 4 11 28 9 16 9 20 1 30 9 10 22 30 13 27 8 2 10 23 26 17 5 27 20 23 10 15 17 18 1 17 18 23 8 25 19 19 6 26 18 22
20 15 30 25 18 14 5 13 9 17 8 3 11 15 12 27 15 24 30 16 6 16 8 0 21 6 13 27 15 19 3 2 20 6 30 8 13 19 29 0 6 28 15 14 26 26 27 8 29 17 14 25 1 27 13 19
21 30 27 28 1 23 8 14 19 9 29 15 26 11 27 3 5 13 29 15 19 24 11 11 19 28 25 9 9 12 20 26 2 14 27 19 29 18 0 19 4 26 5 11 27 0 12 10 3 25 19 0 5 30 23 25
20 13 10 23 1 14 26 17 15 21 29 14 21 26 25 8 26 25 2 26 3 21 4 8 6 29 16 25 3 28 28 7 7 9 22 1 5 24 10 7 26 3 4 7 3 5 6 26 18 0 21 28 6 4 27 20
25 16 21 18 25 9 2 24 8 0 0 4 24 28 16 16 16 4 28 6 12 3 20 2 23 10 6 14 11 18 27 10 25 4 21 30 9 29 0 27 17 8 27 14 6 0 12 10 9 21 0 4 5 10 10 8
21 1 9 15 27 1 8 15 15 30 19 22 7 11 27 21 28 27 0 25 9 25 17 14 23 7 16 28 14 23 3 23 18 0 7 25 14 27 26 23 21 19 20 15 18 14 11 16 30 17 0 12 28 24 8 8
13 16 27 17 13 1 6 12 21 22 20 10 16 12 29 23 28 4 0 5 29 23 2 9 8 29 15 3 29 17 2 30 23 8 13 4 18 4 22 29 27 25 23 26 24 25 8 3 3 24 5 7 28 19 20 3
