59 59
14 15 14 20 16 29 13 8 23 16 27 18 23 11 20 15 6 20 13 29 8 5 12 9 13 3 25 22 2 1 10 14 8 10 10 9 29 15 14 2 12 24 12 15 28 15 8 27 1 19 13 27 14 30 18 2 19 25 30
5 2 14 3 15 8 18 19 18 3 14 6 3 21 13 5 5 3 28 1 22 21 29 5 21 15 15 1 20 2 11 23 6 25 8 7 30 21 14 1 15 0 16 16 30 30 22 6 0 15 27 13 3 23 15 8 20 8 1
15 22 6 1 1 3 19 28 2 11 18 25 5 14 26 16 16 3 27 23 24 30 18 23 22 21 6 17 19 28 27 25 0 24 12 15 19 1 10 18 25 5 28 4 30 27 30 19 19 24 3 28 13 0 7 7 18 2 30
6 16 23 23 23 2 9 22 11 7 9 29 9 22 18 29 5 2 9 11 3 25 7 21 2 28 7 16 6 18 7 28 0 30 17 22 10 7 4 10 4 26 17 2 17 7 23 21 22 19 11 15 27 25 30 14 8 10 9
19 13 4 20 1 0 22 3 20 24 8 15 14 23 15 13 8 13 0 0 7 17 9 14 15 23 23 20 19 26 18 29 18 14 22 28 9 17 22 11 11 23 16 6 4 29 13 0 4 8 7 15 16 24 16 1 3 17 29
16 22 8 4 5 30 28 24 9 12 16 12 11 29 16 29 26 26 15 5 30 1 2 5 15 12 15 23 3 18 28 15 20 30 2 18 3 18 29 11 23 6 8 14 5 10 10 13 11 1 4 17 20 20 14 27 23 3 30
23 17 5 23 3 12 26 9 9 13 1 5 29 1 26 20 23 29 24 12 5 26 27 2 13 27 30 20 16 21 16 6 2 28 11 22 25 23 14 28 0 6 4 28 6 8 5 30 24 18 23 25 27 2 16 26 24 7 28
5 14 24 4 30 11 29 10 5 11 9 14 10 15 2 18 14 22 12 12 17 6 30 21 12 20 14 4 1 21 3 20 29 18 25 6 20 18 28 24 13 25 17 11 30 9 1 4 10 23 1 8 23 28 12 27 11 18 22
25 13 18 20 25 1 19 19 18 20 10 22 29 16 13 27 10 13 19 1 15 26 1 21 12 12 28 30 4 19 30 1 29 20 4 10 13 25 20 25 11 23 2 17 20 18 1 30 20 22 5 11 14 3 21 16 24 15 19
25 20 13 14 8 4 3 19 2 27 11 16 14 15 18 2 9 21 26 3 23 18 5 23 25 1 29 29 19 20 19 16 28 6 20 20 17 15 1 21 28 6 14 12 23 15 12 23 6 4 19 6 26 21 29 6 20 5 4
13 14 2 22 22 27 29 0 25 29 15 22 24 10 28 28 18 5 14 6 28 18 17 30 20 20 1 13 13 17 29 8 20 24 18 8 25 3 1 3 28 23 20 11 25 14 29 15 18 27 0 29 25 24 27 20 22 6 13
5 19 1 13 17 18 9 16 5 23 5 4 19 13 6 14 15 1 18 0 4 21 27 11 4 29 14 19 22 3 14 16 13 0 15 21 24 13 22 7 10 1 6 6 16 4 20 2 2 21 14 4 14 22 5 11 17 10 27
28 20 15 27 5 16 28 25 19 19 29 17 1 17 22 3 22 10 12 29 15 14 20 8 16 24 25 28 29 25 30 2 21 9 8 25 6 19 13 1 26 18 19 8 7 27 25 26 17 15 22 24 17 28 20 6 28 18 11
7 25 10 11 30 0 23 27 5 28 1 16 0 2 7 30 6 1 9 25 14 27 3 16 4 29 28 3 19 13 16 14 24 9 6 9 8 11 13 22 16 25 5 30 21 15 20 3 9 15 30 28 20 25 13 4 19 24 13
8 15 2 4 19 19 14 23 23 2 19 21 1 11 4 8 22 30 18 3 5 20 1 17 19 10 6 30 0 15 7 8 11 21 16 26 13 8 4 17 11 11 16 3 21 25 17 20 0 20 22 18 28 15 28 5 19 18 11
23 16 0 14 26 22 2 7 7 21 21 22 12 12 8 29 20 1 27 24 17 2 8 24 23 30 0 8 6 6 14 25 14 28 14 8 24 4 7 10 3 3 1 6 27 29 7 9 16 18 20 21 16 10 23 8 24 10 19
0 16 5 20 18 14 8 6 11 7 28 6 21 1 30 13 22 1 6 4 14 29 23 17 6 15 1 9 17 4 10 28 6 3 30 24 11 3 7 4 30 6 23 15 0 30 17 10 30 22 7 27 7 2 15 11 23 30 14
14 20 26 22 17 26 22 2 20 25 15 2 25 4 29 14 28 10 22 14 19 11 13 8 9 23 5 27 23 9 1 28 9 18 4 28 17 4 0 13 2 11 25 25 12 16 16 7 8 16 26 11 24 27 11 6 18 1 4
11 26 15 11 26 2 0 0 7 2 5 29 7 4 2 2 19 14 23 13 3 27 4 30 26 30 15 3 21 15 29 19 13 18 8 5 7 19 20 12 27 21 26 0 27 28 24 12 5 3 16 10 6 18 18 5 2 5 3
24 29 8 23 5 30 9 21 28 12 6 30 19 8 30 29 9 9 0 22 5 4 15 22 7 12 20 23 13 16 12 23 13 13 9 11 29 22 15 5 26 25 6 17 19 12 30 23 28 15 16 21 18 26 7 18 29 18 7
18 7 15 24 24 11 14 2 2 23 11 28 10 22 23 8 30 0 2 7 20 22 2 3 8 23 11 25 19 7 5 23 1 12 17 8 15 15 9 8 28 11 27 29 4 12 24 16 26 8 17 7 18 9 3 23 8 25 9
3 12 4 1 28 24 26 20 5 5 12 12 6 23 4 21 22 19 12 16 17 23 6 19 22 16 9 26 14 20 29 4 20 18 17 11 29 30 23 1 21 19 10 24 1 8 21 13 10 25 14 17 14 21 3 16 25 0 21
9 15 25 21 15 25 9 20 11 7 3 19 21 5 17 25 6 5 27 14 30 27 18 26 4 10 8 10 11 8 7 22 23 27 22 23 11 8 30 14 17 14 27 19 9 12 28 3 24 14 0 18 12 30 28 4 28 30 30
0 15 2 3 10 15 14 5 4 30 1 6 5 0 16 4 30 18 10 20 22 17 15 25 25 25 29 11 18 19 23 0 19 8 18 18 13 11 22 18 30 13 23 29 28 9 17 5 20 25 30 29 14 12 21 5 14 5 25
11 23 15 23 11 6 25 15 15 28 3 6 2 8 27 20 23 26 16 13 27 11 18 21 11 24 18 23 22 26 15 5 21 14 11 27 25 27 22 23 30 8 20 17 29 28 30 7 11 29 15 7 12 30 5 20 10 16 29
15 3 19 3 2 3 11 28 13 11 0 12 22 26 28 28 20 9 19 8 29 2 12 20 18 4 14 0 21 23 15 17 27 14 14 28 30 13 3 21 1 24 9 26 13 14 21 3 30 2 2 6 12 22 29 15 4 8 0
26 10 2 17 4 27 30 29 23 10 18 12 16 3 12 24 7 9 26 1 1 12 23 24 15 2 7 13 23 29 20 14 0 26 15 19 8 26 12 0 16 21 12 18 12 18 15 4 16 13 24 0 8 21 30 3 22 13 18
20 16 7 25 14 26 19 0 14 3 23 23 0 12 1 14 21 28 16 16 4 12 25 8 10 5 21 14 23 6 1 1 9 6 9 14 16 13 24 6 6 6 22 1 11 13 26 19 17 24 8 6 11 1 12 13 3 21 18
10 5 14 4 18 11 16 17 22 25 30 19 0 18 12 29 22 3 28 13 30 29 19 24 26 25 18 13 29 14 15 2 4 23 20 24 3 30 27 20 23 9 18 4 5 28 5 26 28 13 21 27 1 26 26 20 15 13 23
9 11 26 1 11 5 2 9 25 10 11 14 2 14 13 4 3 21 29 26 10 25 8 25 22 12 30 18 10 28 24 23 29 1 20 16 30 11 21 30 5 20 8 12 7 27 27 29 30 2 14 13 4 27 7 2 27 30 20
19 21 15 12 11 11 18 18 29 0 14 16 5 26 26 4 5 17 6 25 28 2 3 3 17 27 16 23 9 21 1 20 7 11 19 25 18 28 7 7 11 18 28 8 15 1 6 14 1 20 8 14 0 30 6 19 28 28 7
21 8 27 25 0 15 25 20 11 1 11 18 1 27 23 9 13 2 15 9 20 15 25 10 28 14 15 28 25 25 22 21 7 19 3 3 8 15 16 17 2 21 15 28 3 22 1 19 28 18 23 27 28 2 8 9 19 16 4
16 20 2 10 13 26 17 15 9 10 9 16 23 10 30 3 21 27 9 18 14 29 28 23 8 22 24 22 26 30 30 24 20 27 23 17 2 13 22 1 0 18 17 3 9 6 3 13 1 26 3 17 26 18 19 19 28 9 7
5 13 14 6 7 3 30 29 30 19 1 17 27 28 26 25 16 17 7 18 6 2 15 18 3 18 4 5 18 7 18 8 27 3 16 17 17 20 10 11 17 30 29 3 28 29 10 10 18 25 13 26 9 11 5 12 28 29 2
11 29 26 28 1 14 8 24 13 2 14 30 28 28 20 10 14 10 29 12 15 5 3 29 22 4 14 10 18 28 1 23 0 19 20 6 4 23 20 3 5 23 10 23 27 5 16 0 8 9 9 6 25 14 7 19 22 14 12
28 30 26 30 16 26 16 28 11 24 5 17 26 10 12 0 12 19 27 11 0 11 1 8 9 25 4 25 10 28 25 24 21 10 7 6 14 20 19 2 27 11 22 24 17 1 23 21 17 5 17 6 13 0 29 12 21 7 24
12 13 11 24 30 13 22 2 15 29 9 21 7 4 19 8 4 26 15 2 29 22 18 20 11 7 1 8 10 0 30 10 15 20 20 7 3 25 22 1 25 19 2 12 27 10 1 23 9 30 18 16 3 21 22 5 24 0 14
7 23 10 24 11 0 25 4 19 21 14 19 11 24 5 10 4 18 30 6 26 5 4 14 5 28 18 5 25 1 8 2 3 3 10 21 7 20 28 12 28 16 16 19 19 6 17 3 10 12 1 12 17 19 10 4 26 8 19
15 1 25 13 22 16 22 7 28 30 14 12 7 16 8 29 18 16 15 17 1 23 4 4 26 21 27 24 21 16 10 20 16 6 15 24 29 15 6 17 11 25 25 5 3 4 0 1 1 30 18 9 29 11 15 2 0 25 1
10 4 1 27 25 27 12 9 7 27 26 21 26 23 15 1 10 29 1 23 6 29 6 21 21 24 24 23 30 15 10 19 17 19 0 14 21 18 14 0 2 13 16 24 12 12 1 4 26 16 22 22 28 8 4 17 27 18 0
19 8 4 0 26 1 24 21 8 22 4 5 28 0 28 20 24 25 26 6 12 25 24 24 25 22 15 21 9 8 21 18 0 19 28 28 17 24 9 7 27 15 6 18 19 29 14 24 25 23 11 4 3 17 7 13 1 21 27
13 3 9 7 29 0 15 11 29 19 24 2 18 11 18 14 14 20 23 0 3 29 19 0 21 23 16 25 23 29 1 30 20 30 24 20 30 24 15 15 10 8 3 24 8 17 20 19 20 14 6 7 19 4 21 0 24 18 10
24 20 26 21 0 24 23 15 7 22 9 14 3 10 10 11 6 27 13 19 16 9 18 1 19 22 9 10 3 22 6 6 25 25 23 14 14 29 1 11 30 0 29 14 20 7 17 1 20 8 0 1 0 1 14 8 8 24 29
5 21 30 17 26 18 27 29 20 30 27 22 20 29 13 24 28 7 10 16 16 1 15 17 12 3 22 15 1 28 2 25 28 18 18 10 1 11 3 30 20 9 11 5 5 8 6 11 0 20 2 21 10 5 14 24 0 9 11
8 18 30 8 13 7 16 1 20 8 14 12 8 5 16 13 7 1 15 1 11 27 18 11 27 22 29 18 7 18 12 18 24 3 15 30 23 11 11 1 19 4 20 4 19 30 13 27 11 8 5 25 12 24 9 27 0 13 11
5 8 29 4 13 26 6 24 4 5 0 5 14 15 1 5 19 12 15 11 29 26 27 25 3 1 15 3 0 16 30 10 23 25 28 9 0 22 26 14 1 16 20 15 22 1 13 5 13 5 23 23 27 29 8 17 4 23 10
19 28 6 24 5 13 17 19 9 24 25 28 28 6 21 5 24 23 26 10 1 9 16 30 24 17 5 29 19 5 24 27 22 7 14 5 13 17 2 6 5 2 29 23 10 6 8 25 16 14 9 19 27 8 28 2 22 21 6
27 2 29 20 6 16 2 15 17 9 9 22 1 26 2 4 2 12 27 29 26 7 2 11 24 28 25 11 15 3 2 12 16 2 30 0 4 26 30 12 27 5 25 19 9 7 4 23 20 8 3 19 0 30 0 19 4 15 15
22 26 23 8 14 8 18 1 29 5 19 28 24 26 20 6 1 12 2 4 24 5 23 9 3 19 3 30 7 13 24 24 16 20 30 14 3 16 4 2 25 12 21 3 8 21 25 19 30 6 7 27 30 28 25 27 4 18 13
28 13 18 2 23 21 24 13 3 22 5 17 1 23 16 5 14 27 13 9 12 24 9 24 17 15 26 11 30 0 11 17 21 5 0 24 21 28 10 6 16 22 23 8 10 19 23 5 15 4 21 18 13 11 12 15 24 11 24
23 11 25 17 24 5 10 25 13 10 18 24 5 18 15 17 22 7 24 26 17 20 21 27 13 7 4 16 20 7 14 3 14 14 30 27 23 3 9 23 28 6 18 24 9 5 13 18 13 24 4 24 7 4 12 1 29 8 23
12 30 11 8 28 10 14 30 28 17 10 13 22 19 5 28 15 5 14 8 22 20 23 26 18 13 0 22 22 7 15 13 21 26 11 30 15 7 18 10 14 12 6 15 3 1 30 10 6 0 29 1 15 7 13 9 13 20 9
10 3 4 8 2 19 5 6 21 21 24 14 27 8 27 0 10 8 0 2 20 23 8 27 12 26 22 14 11 21 9 24 11 5 26 3 16 13 18 23 23 19 3 4 11 26 26 0 20 4 26 21 4 13 17 22 19 29 3
4 15 2 27 30 0 28 0 30 14 2 0 14 15 0 11 28 27 10 12 16 18 20 14 20 19 16 26 18 30 3 11 30 21 4 5 20 5 4 29 29 26 9 18 6 27 2 26 14 1 8 30 6 4 3 18 4 29 25
2 18 20 3 12 25 5 4 9 3 1 3 5 8 25 10 29 26 17 8 9 7 0 0 21 17 28 21 4 29 20 22 21 2 7 0 20 4 5 19 9 22 15 5 6 4 4 1 10 29 3 23 20 25 18 0 12 7 18
15 6 25 19 19 6 2 26 8 28 10 9 1 21 11 8 0 0 28 12 29 13 25 19 9 9 1 25 7 17 28 4 26 23 1 3 28 16 19 10 22 7 28 24 23 11 30 20 5 14 18 10 8 22 19 15 20 19 12
17 17 5 5 21 24 1 12 0 9 29 1 16 16 12 4 14 18 19 13 12 26 13 17 22 2 15 5 6 27 15 25 12 7 6 13 10 7 0 12 2 4 17 11 29 10 5 15 9 24 15 6 21 9 25 8 10 0 8
30 29 29 13 30 2 14 7 13 3 16 17 23 6 16 16 23 4 3 12 27 24 30 13 5 21 5 16 27 0 20 11 5 29 5 29 2 11 27 6 13 20 28 10 13 15 7 25 8 12 28 0 24 9 19 12 15 21 27
23 21 21 8 28 9 9 16 16 18 25 28 24 12 2 10 27 17 14 14 27 12 18 22 19 11 14 4 22 20 4 0 30 15 19 1 3 5 16 30 23 19 3 1 8 28 28 10 19 14 29 15 8 8 27 5 24 22 11
