68 68
10 14 24 5 1 25 26 25 21 0 28 20 21 13 16 12 26 25 18 4 2 27 8 9 3 13 8 11 29 9 9 26 6 11 25 25 12 28 7 28 2 2 25 0 2 25 19 1 27 27 15 2 6 22 4 8 27 26 1 23 4 17 14 13 11 15 24 0
17 28 25 16 22 19 10 17 18 0 16 4 21 24 11 10 28 30 22 0 6 29 10 30 16 7 0 26 12 16 11 17 25 21 7 30 8 22 10 17 12 26 16 14 8 3 24 10 26 11 12 19 11 0 13 8 23 1 6 6 27 16 19 27 12 6 26 16
20 6 15 6 9 11 30 8 7 11 10 20 8 13 8 15 13 16 30 18 22 13 3 15 17 27 26 2 18 26 3 25 19 16 12 28 14 27 4 5 8 10 18 14 8 13 2 24 24 16 25 29 3 23 24 29 8 1 25 9 30 8 4 20 12 7 20 10
8 27 17 20 29 17 15 6 21 28 14 25 26 20 9 23 21 9 7 24 11 26 11 4 0 12 8 3 29 6 5 13 12 27 5 12 9 13 5 14 2 11 29 9 15 24 11 6 21 3 1 13 29 25 6 14 6 2 5 8 10 29 22 28 20 3 2 18
26 27 24 2 11 15 8 10 26 15 23 25 1 13 1 18 27 9 13 6 26 14 19 26 1 5 24 3 1 0 26 1 17 2 11 26 30 5 25 4 5 12 30 15 5 20 20 14 13 14 5 11 15 6 17 29 21 13 4 9 14 18 25 0 6 7 8 7
4 7 0 0 6 23 18 21 28 24 5 19 4 28 10 28 17 0 18 10 6 6 21 14 30 14 5 5 4 26 5 21 13 11 3 17 3 2 3 5 24 25 6 1 8 29 5 25 7 6 15 12 23 6 15 7 23 21 11 25 22 17 1 12 29 15 9 4
1 19 22 30 19 19 9 19 20 3 11 25 9 3 8 26 18 19 12 24 20 29 29 7 4 19 21 12 9 24 19 23 12 20 13 1 7 17 23 8 4 23 6 6 7 2 18 26 27 23 25 1 17 0 27 23 17 25 21 10 11 18 6 10 9 15 8 29
14 12 12 6 3 12 14 25 29 10 30 4 13 16 16 10 29 2 5 10 17 8 18 4 17 26 13 1 7 0 14 11 14 0 12 7 27 2 16 26 30 15 9 17 14 7 14 7 18 10 6 4 3 19 13 24 22 29 11 30 12 2 13 5 21 12 19 16
25 10 17 13 0 18 2 12 22 18 3 23 25 9 14 23 11 6 7 12 11 20 17 3 22 11 9 29 26 26 14 3 26 2 4 0 14 26 22 28 25 11 16 26 12 6 21 18 8 12 2 5 30 17 1 6 0 7 26 17 17 15 6 1 8 27 5 30
28 27 5 0 28 18 26 0 19 23 18 29 23 9 13 12 18 5 27 10 13 12 20 3 1 1 12 8 1 25 11 21 2 11 23 20 26 20 30 13 4 7 5 1 29 27 14 17 21 12 27 5 20 19 11 21 28 11 30 11 25 10 18 6 13 7 1 2
21 16 17 26 6 21 18 10 25 15 27 26 24 23 15 2 30 10 1 26 7 28 3 12 15 8 12 6 10 18 0 5 25 30 1 25 15 4 1 13 10 30 14 30 1 28 30 0 12 20 0 16 19 6 11 18 1 15 5 13 14 30 13 29 6 10 19 23
22 10 4 2 17 4 16 29 2 25 15 30 29 8 0 24 5 10 11 18 30 17 14 0 22 30 24 14 30 4 8 9 8 9 19 13 18 15 22 2 28 15 15 8 16 19 3 11 21 16 2 29 27 28 5 0 9 10 20 27 13 7 30 24 20 28 15 12
3 27 24 30 15 25 14 1 30 17 2 17 18 3 11 29 20 28 12 0 6 21 25 6 18 6 28 28 25 16 22 25 7 0 18 14 4 5 24 18 29 7 23 29 12 18 28 0 16 13 21 3 7 6 29 29 23 9 25 9 14 1 28 9 29 24 11 6
15 9 23 11 11 14 20 6 7 8 20 27 1 1 7 11 22 27 21 19 8 10 21 4 0 17 3 5 3 16 22 29 5 8 21 16 5 7 30 28 2 15 23 18 20 23 13 26 6 11 3 5 4 21 28 7 2 29 12 29 16 1 28 24 26 19 20 13
24 0 13 28 26 27 8 18 24 5 20 25 3 0 9 13 10 21 14 30 1 26 3 30 7 4 7 19 8 17 5 26 3 30 10 13 9 17 13 22 19 22 3 25 2 6 22 27 30 29 22 14 24 7 13 23 10 7 25 15 21 29 9 23 26 23 5 3
7 22 2 29 14 18 13 27 5 18 0 28 6 27 28 23 25 26 4 9 23 20 21 26 29 21 19 13 14 14 13 28 7 28 18 5 13 23 22 3 2 1 5 24 6 19 14 17 25 29 0 27 11 15 23 17 24 7 5 26 2 15 9 16 12 4 21 22
2 26 1 6 20 21 13 15 23 27 12 15 13 8 2 21 11 15 17 15 16 8 2 7 24 17 19 21 25 30 16 8 11 9 12 29 14 23 2 3 3 16 21 27 22 4 7 1 7 8 26 3 27 5 12 20 19 17 3 7 18 20 26 23 14 15 27 5
16 7 1 29 30 30 14 16 17 29 7 6 15 14 1 12 25 27 25 18 19 20 5 5 22 15 29 3 6 30 5 0 9 8 1 30 25 16 30 14 20 0 1 30 2 17 26 11 30 22 11 23 1 14 4 30 26 18 27 21 25 0 20 2 21 13 10 12
21 16 3 10 14 23 18 22 16 2 6 26 24 15 16 7 11 19 17 7 13 10 17 9 2 22 7 4 10 14 5 10 22 30 11 10 20 13 10 29 6 30 23 9 2 10 17 1 13 10 9 5 28 29 14 11 5 23 29 25 2 19 23 24 1 24 3 30
14 8 0 1 30 0 16 2 12 4 18 22 21 24 20 30 9 10 3 25 4 23 28 8 9 12 20 24 7 2 29 28 20 3 15 19 8 26 24 12 15 29 24 13 5 9 15 1 28 13 27 28 2 24 23 21 21 20 15 29 20 6 0 22 17 0 14 25
25 4 0 14 21 14 21 16 26 6 16 24 20 14 18 11 8 19 17 18 6 13 28 9 24 24 15 17 29 30 8 22 10 23 8 30 7 16 15 24 23 2 27 2 6 30 17 24 21 13 28 20 21 5 30 30 2 17 25 10 5 3 25 20 26 9 10 1
11 24 17 17 2 21 25 29 2 8 9 24 24 19 6 12 27 7 4 22 11 17 5 24 30 23 17 30 3 18 25 28 22 10 24 8 9 22 13 27 22 12 12 23 23 29 4 29 1 15 17 25 15 15 23 11 29 19 6 27 23 1 26 16 10 25 4 6
17 14 27 3 4 5 1 1 8 7 28 15 25 3 13 28 30 24 29 5 29 2 7 11 30 3 3 28 12 11 19 30 7 19 2 27 29 26 14 14 26 17 2 28 10 26 5 23 20 2 6 12 15 8 11 3 3 9 2 30 8 21 3 24 5 15 19 12
30 11 15 3 25 14 1 25 2 29 30 20 7 2 8 16 26 13 9 25 1 7 4 27 23 7 7 24 0 19 21 20 10 16 12 12 29 13 27 12 1 17 5 14 26 27 8 2 0 0 15 3 8 13 16 20 15 6 26 16 21 15 18 25 30 2 2 25
29 14 14 18 27 12 20 18 7 20 25 14 21 6 15 8 2 0 1 24 6 19 6 29 11 22 3 18 5 16 21 21 15 16 24 16 15 29 20 20 30 28 21 25 25 3 6 5 8 2 2 27 4 7 8 28 11 28 19 23 14 22 15 2 6 25 0 29
5 26 26 16 20 27 25 25 20 28 6 2 10 3 23 9 29 15 8 30 20 25 28 20 10 28 18 22 30 1 21 3 5 19 7 27 15 28 23 25 4 20 19 27 3 29 18 2 2 24 22 0 14 9 10 24 7 26 0 13 26 15 2 21 12 18 6 16
4 13 6 26 30 17 21 27 15 7 18 16 2 6 21 30 2 17 30 29 30 4 29 11 27 7 5 15 16 14 2 25 29 19 1 3 27 24 11 1 12 8 28 21 10 28 11 15 20 2 14 21 16 8 9 26 18 12 19 27 8 6 0 16 15 28 14 25
25 29 20 25 7 29 2 18 14 9 1 23 7 28 2 19 16 22 22 15 17 4 8 26 1 24 7 3 7 19 5 0 23 24 19 21 4 9 9 23 15 11 8 26 11 6 8 9 3 4 13 9 0 8 8 25 16 11 0 17 4 6 17 1 24 20 7 17
20 11 8 12 4 13 11 8 1 1 17 20 1 21 15 23 26 27 3 19 0 17 4 16 25 11 20 1 4 0 4 3 2 26 15 1 13 22 10 12 0 25 16 28 23 17 18 30 6 0 17 23 7 2 18 6 25 14 25 9 10 11 27 2 13 0 21 2
22 25 3 22 25 21 20 4 11 14 0 22 17 27 9 18 21 2 20 26 11 17 25 13 10 16 10 26 1 10 30 24 14 20 16 18 5 18 23 19 24 26 29 7 5 22 30 25 13 20 30 20 17 5 26 29 2 12 26 12 23 6 29 26 9 13 30 24
22 20 13 2 26 26 21 1 20 3 22 8 5 25 1 24 1 1 14 16 23 7 8 13 14 29 24 25 9 29 13 20 8 25 25 12 15 14 28 9 8 14 9 15 17 0 20 27 8 9 2 15 12 15 26 7 28 8 28 23 17 29 11 27 29 14 26 11
8 25 15 21 15 20 0 30 20 15 1 6 21 23 24 18 30 10 10 7 14 13 15 11 15 6 29 23 17 29 27 12 22 10 1 14 3 7 2 10 7 28 30 16 8 8 7 4 15 21 5 17 26 6 4 14 28 26 7 22 21 4 6 3 17 27 2 1
2 12 1 24 27 22 9 25 11 22 21 13 16 28 22 6 3 0 10 21 12 26 17 5 5 17 17 7 4 11 17 25 26 15 18 22 6 29 26 1 16 1 9 28 10 10 23 2 1 28 23 27 18 13 11 0 18 30 30 24 20 6 9 25 1 6 8 25
18 24 19 6 5 21 23 16 23 29 0 13 18 21 4 30 21 21 6 11 21 5 22 17 22 18 25 25 27 21 12 2 19 19 21 14 0 24 4 20 17 23 22 1 15 11 18 1 12 7 18 8 26 23 16 26 18 6 12 27 30 29 13 24 24 5 9 7
24 11 4 19 14 1 26 13 26 20 21 0 6 1 15 15 23 4 0 3 13 24 11 18 5 2 6 19 21 3 4 0 23 11 29 20 2 15 20 30 0 27 1 20 26 10 19 14 20 28 9 30 1 5 23 13 27 5 22 14 15 2 8 19 20 12 4 6
0 0 10 4 4 5 1 7 14 11 0 15 26 24 13 14 18 5 9 10 7 30 23 0 28 8 8 13 3 9 25 28 1 1 12 17 21 3 0 20 25 30 24 3 3 0 23 12 14 9 23 17 8 14 16 20 8 13 22 19 7 1 5 5 24 27 11 21
13 1 24 17 5 4 25 26 27 15 24 24 8 12 10 3 2 24 16 9 17 23 1 25 8 5 25 10 1 4 30 15 19 10 19 11 25 24 23 23 26 21 15 13 15 10 30 10 4 16 15 19 5 29 5 21 4 12 13 7 15 29 3 28 7 19 19 12
23 7 5 24 30 29 5 20 27 5 29 2 10 15 30 26 14 14 15 17 4 20 11 5 23 21 20 30 21 15 9 8 3 5 3 20 7 14 29 3 14 2 19 20 13 27 25 17 23 12 7 16 28 24 26 25 28 30 21 16 19 2 8 9 4 16 1 11
17 15 30 20 17 30 12 17 27 25 16 0 19 27 7 24 25 3 18 15 28 19 29 6 18 9 23 29 12 10 17 22 11 18 23 13 30 27 7 8 12 6 15 18 27 24 25 17 16 7 18 11 4 7 10 19 5 30 4 22 1 27 25 8 12 25 3 16
26 10 16 7 0 12 16 8 17 4 1 7 20 11 14 29 25 15 13 19 11 14 22 6 7 6 26 14 26 29 29 24 28 21 3 23 1 28 23 5 14 29 10 4 10 15 7 20 12 25 26 16 8 0 24 21 30 19 21 27 2 13 29 26 21 25 14 18
12 27 27 26 24 8 19 8 5 23 10 6 21 27 16 17 10 25 6 3 5 27 5 8 16 24 2 4 11 10 27 12 20 27 25 25 14 6 18 11 27 9 11 23 16 22 30 9 4 16 25 25 14 12 6 8 22 12 6 26 2 12 6 24 30 29 0 23
6 8 10 11 0 7 18 19 17 14 9 19 13 22 26 30 24 12 19 28 10 24 1 18 21 5 12 7 22 24 16 25 16 27 2 27 6 24 25 16 23 24 14 11 4 21 23 30 11 29 26 18 25 22 5 6 20 17 30 3 16 1 13 12 17 17 13 28
13 9 13 22 28 20 8 7 12 29 6 9 2 26 19 10 14 3 1 30 8 29 9 5 8 24 26 28 21 7 11 3 21 29 15 11 21 30 13 30 17 1 7 14 1 15 21 12 18 21 8 17 2 19 9 3 20 9 7 30 2 23 17 15 27 1 29 3
22 22 19 23 6 15 2 7 22 25 17 9 7 13 29 22 30 7 2 20 6 28 7 18 6 11 23 6 24 4 6 15 24 13 22 5 27 25 29 5 21 13 8 21 1 13 18 23 26 16 9 19 0 28 26 14 21 7 4 22 23 26 27 6 3 20 26 17
27 22 22 0 3 4 24 12 28 8 4 21 9 10 15 29 23 15 7 5 15 16 0 3 7 19 16 20 22 27 6 28 12 13 4 21 9 6 26 1 17 22 20 7 14 22 12 25 21 8 30 25 6 14 21 0 10 30 15 15 21 3 26 7 4 15 20 30
27 1 28 12 25 22 4 15 19 2 27 14 19 3 2 15 25 0 5 26 7 21 2 13 12 16 22 9 0 30 29 20 7 18 20 10 16 7 2 1 18 10 18 18 8 2 15 8 15 28 4 25 11 14 27 8 8 9 18 10 2 2 19 14 10 23 10 7
8 13 16 24 4 20 12 28 2 24 10 18 19 3 12 23 5 23 27 4 25 27 4 12 26 1 19 17 27 25 12 12 12 4 13 12 16 18 7 15 16 9 1 12 30 24 4 17 3 30 24 28 7 0 13 4 5 6 0 20 1 29 22 1 24 8 10 1
14 6 9 14 27 11 18 30 6 23 19 8 15 11 4 20 30 16 23 14 24 20 8 21 12 18 6 20 29 8 14 0 30 12 5 20 3 21 7 28 13 21 0 19 7 6 16 29 17 5 19 30 14 24 3 9 15 22 8 26 0 13 9 15 13 24 21 25
13 13 3 22 6 29 0 0 30 26 23 8 29 28 3 16 11 2 18 5 15 20 0 29 11 21 8 4 21 6 4 15 29 4 22 27 16 16 9 12 14 26 30 29 20 9 17 1 13 29 22 3 28 23 2 2 23 15 25 12 8 14 11 26 30 12 23 1
13 2 9 19 26 26 14 29 18 16 22 3 1 24 10 15 18 7 26 16 28 22 4 2 10 17 26 2 23 20 20 4 16 18 2 18 3 2 15 13 9 2 15 20 15 19 23 18 13 14 13 11 18 23 7 19 17 26 25 10 11 6 17 5 10 25 18 28
27 9 10 26 11 23 7 25 19 24 9 8 11 5 14 27 12 9 20 13 9 19 3 22 1 21 11 19 17 13 2 20 8 8 0 14 10 13 9 3 0 16 15 25 22 19 22 7 15 10 27 11 30 17 4 17 20 2 11 20 10 8 14 11 5 8 5 24
2 17 5 23 26 12 7 23 7 6 9 19 13 0 24 15 19 14 1 7 6 15 25 10 12 6 2 0 0 29 11 9 30 1 12 16 26 12 26 11 19 26 12 5 0 22 27 5 28 9 11 29 15 9 5 21 7 15 13 29 21 30 21 26 7 14 1 0
25 10 16 20 20 26 13 11 15 12 5 0 0 2 6 0 27 29 24 24 18 22 25 23 10 15 16 4 13 6 11 2 22 18 5 6 4 24 14 30 1 6 17 24 21 12 2 1 1 30 13 20 13 1 3 14 5 21 30 23 10 6 25 1 9 25 6 26
9 13 19 26 10 18 24 3 4 5 8 4 28 4 6 16 15 1 4 20 10 30 2 21 30 7 25 26 11 30 24 18 21 22 27 21 30 18 16 11 22 21 20 14 19 20 10 10 13 18 7 7 0 4 4 7 9 25 22 18 3 4 11 13 7 9 0 11
23 26 13 26 11 24 5 11 16 14 9 11 11 13 7 10 28 0 20 15 11 11 14 28 24 11 4 11 21 2 25 28 24 13 16 24 30 18 24 16 17 30 19 18 27 28 24 17 1 7 14 4 29 3 13 0 1 2 28 8 16 27 22 29 25 4 28 0
20 22 6 13 18 18 24 17 2 8 26 12 11 12 22 6 28 12 21 9 28 27 1 20 17 11 4 18 3 28 19 29 26 14 7 13 1 9 11 18 25 5 4 22 19 15 22 28 17 23 2 10 13 19 22 6 5 16 6 8 25 20 30 10 1 0 9 2
26 22 24 27 1 6 26 15 20 3 3 30 25 26 10 27 24 15 20 11 23 24 14 14 10 13 6 14 26 11 17 12 22 12 8 26 13 18 3 15 28 5 5 10 7 21 25 3 24 24 20 13 29 16 19 2 25 27 16 10 7 17 11 4 15 5 21 16
22 4 11 19 27 11 5 22 23 26 1 0 0 16 6 22 24 13 6 4 18 9 24 22 0 27 22 21 9 3 0 8 18 29 10 16 27 3 0 7 23 7 25 21 8 25 13 23 14 5 9 0 19 28 17 7 25 12 16 3 28 24 27 22 25 0 28 28
0 26 13 25 6 20 18 6 11 28 3 23 17 15 6 10 17 0 15 12 30 0 14 21 21 30 3 5 1 8 11 1 0 24 28 11 4 11 15 3 10 12 17 21 4 18 1 2 13 17 6 27 5 29 8 8 24 23 21 19 14 18 17 27 16 29 25 25
28 30 14 13 0 26 7 24 4 29 10 11 24 17 18 1 6 20 21 26 13 24 21 21 5 9 26 11 19 22 29 29 12 11 17 3 2 23 30 9 2 25 6 13 10 27 22 27 12 30 5 25 9 7 19 23 4 24 8 20 3 9 0 29 19 5 28 13
25 30 12 27 16 7 17 20 26 2 0 9 9 10 13 24 19 2 26 17 12 20 5 24 15 11 29 5 25 29 1 9 30 27 11 22 12 3 14 13 13 8 12 27 17 26 17 9 15 20 2 19 3 30 2 4 24 15 29 17 28 16 8 15 30 23 16 9
16 8 25 15 11 13 24 2 12 15 14 9 1 7 14 28 12 17 25 15 11 26 16 28 17 18 4 17 7 18 28 20 18 1 22 15 8 2 14 9 10 14 16 15 25 16 0 16 28 9 24 7 15 22 11 23 21 12 15 23 21 13 26 12 5 19 9 22
7 4 24 12 10 26 4 20 21 22 7 16 25 18 8 13 25 22 4 23 21 24 17 23 4 4 19 30 8 25 14 11 22 15 8 3 1 8 26 7 6 10 29 0 14 29 26 16 2 18 26 6 4 19 8 1 4 30 29 13 29 1 14 6 20 6 1 8
13 22 25 28 13 10 17 23 20 2 29 0 13 20 12 19 13 14 5 10 15 2 0 16 6 21 17 3 24 4 16 2 16 27 9 27 23 15 0 11 4 9 8 29 22 4 22 13 14 16 13 1 13 5 5 17 2 26 10 5 8 0 9 14 27 2 17 19
15 20 25 25 24 10 0 25 13 26 10 24 8 12 16 4 10 30 5 23 7 21 5 29 10 22 12 6 24 4 0 2 10 19 8 4 9 22 20 29 1 8 3 4 8 25 14 4 9 30 5 13 25 20 25 13 4 18 18 25 11 5 9 3 23 18 13 2
2 2 9 6 14 1 27 11 26 15 9 6 19 17 20 26 16 28 18 21 25 15 5 15 5 17 30 25 13 6 24 30 18 9 17 20 11 30 1 0 2 6 10 14 0 9 27 0 2 25 2 7 24 3 1 14 28 13 9 5 5 6 17 3 25 1 0 6
29 6 21 20 30 18 28 3 11 24 26 2 25 3 24 27 20 30 21 23 26 26 23 12 0 14 12 25 30 4 16 13 24 28 14 20 19 5 26 9 26 19 17 10 16 21 28 3 5 26 1 19 11 23 22 5 13 27 26 4 22 19 2 2 27 12 17 14
11 18 13 29 25 30 8 13 16 18 21 29 5 4 19 9 1 25 25 24 17 4 14 2 2 19 22 18 24 27 4 18 17 14 23 15 24 24 5 25 16 8 20 9 11 15 21 20 8 24 22 5 28 27 28 20 9 2 12 19 21 20 14 22 3 25 10 10
