70 70
13 20 27 6 8 1 19 16 4 13 13 28 12 2 15 6 23 8 9 3 2 26 4 25 16 14 26 7 11 9 6 20 16 14 29 22 24 27 2 12 11 5 5 11 21 20 17 29 9 27 10 14 6 27 5 19 17 7 30 19 5 4 18 30 27 17 22 17 20 3
3 16 17 0 25 5 2 10 22 26 10 11 26 8 12 14 7 4 16 7 27 21 2 5 15 27 9 27 25 29 22 21 11 10 2 30 1 20 8 30 5 16 16 19 17 24 6 2 2 13 20 14 22 8 24 28 21 27 18 17 7 13 4 9 7 7 27 28 15 15
7 0 3 10 13 3 18 26 16 27 29 26 16 20 22 14 2 21 5 22 5 15 13 19 13 14 14 22 20 26 28 3 14 11 6 28 14 1 1 21 26 15 2 5 6 21 2 10 4 10 8 30 16 8 1 16 27 17 2 3 16 11 6 30 6 29 5 13 17 4
9 12 17 9 20 12 24 0 26 2 11 19 29 13 6 13 3 19 15 4 15 11 24 3 20 20 13 16 13 16 5 15 3 3 22 11 11 21 5 14 29 21 6 26 30 4 25 3 27 30 1 1 27 11 20 21 1 27 7 5 15 9 8 13 16 10 0 23 15 19
7 30 29 6 12 17 25 13 0 9 25 15 11 18 7 24 21 22 18 7 9 8 29 30 19 16 10 7 20 28 16 11 12 0 6 24 21 0 12 29 13 0 2 22 29 2 27 7 23 26 12 14 0 29 24 19 29 24 4 22 16 14 17 8 27 19 8 27 28 17
8 8 10 14 15 14 0 19 21 20 7 5 22 11 18 23 30 11 4 5 24 5 12 17 13 11 28 5 25 26 8 7 13 1 25 11 27 28 7 27 30 5 24 12 8 25 11 15 0 21 18 22 12 1 9 24 6 22 1 2 20 18 7 25 12 19 5 0 23 19
28 4 5 6 0 7 17 9 13 19 22 27 29 6 10 26 29 16 23 1 2 14 12 20 21 0 5 12 13 13 3 17 3 19 13 10 29 30 4 10 26 8 6 20 19 14 15 12 26 24 2 2 18 8 5 24 0 29 5 29 29 7 6 30 2 30 25 30 12 3
19 21 26 24 4 16 22 21 6 5 8 25 2 20 28 4 15 1 11 27 1 3 10 18 0 30 11 23 0 24 17 1 18 5 11 13 4 5 5 21 30 28 18 11 7 1 10 10 17 18 15 29 18 14 7 4 14 17 17 20 22 10 14 20 17 30 24 7 7 10
19 20 26 5 2 16 18 19 10 25 5 19 23 24 28 7 7 8 3 0 24 13 6 25 23 13 12 8 6 9 6 5 20 11 0 6 30 4 26 11 19 17 20 20 3 24 4 9 23 21 9 30 2 24 0 3 17 7 1 15 22 22 27 5 19 0 13 13 12 10
18 0 25 21 22 13 29 17 26 1 3 22 15 7 21 4 27 16 25 7 19 16 8 23 10 30 7 6 7 4 9 10 6 19 1 4 30 28 4 16 2 19 28 12 19 21 14 22 26 9 11 4 11 15 29 9 14 12 12 14 26 12 3 24 24 15 2 6 20 24
14 4 19 15 23 8 16 5 22 1 17 17 25 13 12 30 2 0 24 25 25 12 12 20 17 29 30 4 22 3 6 10 0 29 19 17 8 3 17 16 24 6 28 19 7 16 24 17 22 18 16 7 2 13 13 14 29 12 30 14 13 26 1 20 10 6 0 7 0 25
19 6 26 26 26 5 17 30 2 20 29 13 29 2 2 11 14 14 24 1 27 14 30 5 30 9 20 19 11 10 22 0 6 5 20 6 5 27 24 3 14 17 28 25 26 16 11 27 6 1 16 21 22 0 2 30 12 3 3 21 3 0 15 26 18 3 26 22 12 10
2 10 21 21 14 29 2 15 12 13 11 30 16 9 11 30 28 18 4 29 7 13 18 6 29 22 9 14 2 15 4 22 2 10 2 15 2 23 16 7 15 6 10 29 14 3 26 14 20 4 27 1 18 27 19 1 26 23 27 23 16 18 12 8 3 21 14 22 13 12
17 3 10 6 10 10 29 12 0 26 6 15 15 17 6 16 9 0 1 22 27 1 11 9 30 10 16 9 10 8 5 14 27 18 4 9 19 1 0 10 15 17 22 19 21 6 4 5 15 14 12 5 15 6 15 11 17 10 26 2 15 27 20 19 10 23 17 26 0 11
20 8 13 2 18 27 11 21 24 28 23 5 2 25 23 11 27 11 12 1 11 26 11 14 10 24 17 30 21 18 26 24 21 25 29 6 3 22 2 17 2 9 12 21 10 15 9 29 16 23 2 21 0 28 17 4 2 10 22 16 1 16 13 9 9 23 1 16 14 8
5 27 11 25 3 11 28 3 1 16 12 4 1 25 29 14 17 5 16 25 17 8 16 28 17 23 28 4 30 11 29 3 10 18 30 26 7 25 11 30 4 27 7 20 12 2 8 19 11 28 22 30 29 15 5 20 10 15 13 25 29 9 3 0 9 7 22 22 17 6
14 29 13 3 13 28 2 10 2 26 20 12 23 28 10 17 2 0 16 29 28 18 27 6 3 18 28 3 1 16 21 20 5 14 0 12 22 26 23 20 9 28 10 10 22 10 16 2 4 26 1 17 3 0 19 3 11 20 0 20 14 21 11 23 13 10 16 29 2 30
22 13 0 14 25 24 24 13 30 20 2 0 21 5 15 29 4 18 0 27 17 16 24 4 23 27 22 3 27 14 9 13 3 3 7 0 8 2 30 14 1 8 25 7 19 16 23 20 17 26 5 15 13 11 9 0 11 30 26 25 29 17 0 15 20 4 28 4 7 18
26 9 17 22 22 5 12 14 9 19 27 13 13 27 6 4 27 23 11 18 28 23 16 24 15 29 15 16 24 14 17 30 23 25 5 7 4 23 3 16 24 21 24 3 13 15 2 25 13 7 28 30 13 22 24 23 15 14 26 22 2 14 10 13 16 2 6 27 15 23
17 13 12 30 8 23 3 25 23 11 6 22 8 29 21 0 3 18 29 0 8 29 8 8 24 4 27 4 27 28 21 16 8 18 22 7 24 22 17 0 21 26 21 23 5 2 7 15 22 7 11 11 27 0 7 8 4 19 27 23 1 21 19 4 19 3 0 17 14 26
6 29 10 7 20 2 0 23 21 5 12 23 17 0 22 23 15 14 24 21 19 12 0 25 11 7 8 7 13 3 6 25 12 22 20 4 24 6 8 29 2 22 13 19 14 15 21 15 2 21 6 10 10 25 21 26 2 9 19 14 27 29 7 0 29 5 12 21 16 27
19 17 19 21 13 6 9 6 6 18 15 3 7 18 13 29 13 22 24 25 14 30 29 21 16 23 29 4 14 22 14 7 19 6 12 21 16 9 6 19 28 6 26 4 27 18 28 3 7 30 4 5 29 18 13 13 0 22 28 16 19 11 27 11 22 21 30 22 20 19
14 8 20 10 19 11 9 30 3 19 25 8 21 10 19 0 18 1 18 2 13 29 9 25 0 5 18 6 11 30 23 19 7 2 4 6 9 24 5 12 25 16 28 4 17 20 9 3 18 24 1 29 22 29 23 25 5 11 5 26 27 19 26 4 15 20 0 25 16 13
21 8 6 6 10 8 4 20 1 11 25 30 28 19 9 10 7 11 11 30 5 24 15 8 23 9 24 17 24 18 1 25 5 6 7 14 16 4 3 29 18 28 2 20 25 27 4 3 23 15 14 27 4 18 25 6 26 0 0 0 1 7 3 18 1 26 13 15 29 28
21 11 10 16 14 16 5 27 25 19 12 10 6 14 26 7 27 1 19 8 13 5 25 29 7 2 14 5 11 12 3 2 30 0 19 0 9 1 10 15 16 21 10 19 30 3 19 10 1 26 0 18 2 18 27 13 10 20 9 14 6 29 24 27 15 5 0 23 17 7
17 17 6 29 4 16 8 3 14 26 29 25 21 17 18 8 18 15 10 0 26 22 13 9 7 8 30 25 30 2 30 28 13 0 22 20 21 6 6 25 29 16 22 7 2 6 7 2 15 17 24 13 10 11 2 16 22 6 25 7 5 1 17 3 27 1 24 10 7 5
21 5 13 2 21 24 4 2 18 20 26 14 7 28 0 20 15 14 27 17 23 17 9 13 15 5 5 24 21 1 13 6 13 18 14 11 17 7 3 5 2 4 0 9 18 8 12 11 20 27 22 5 20 8 19 15 12 2 14 4 11 4 11 23 18 2 23 18 4 29
9 9 21 8 23 0 12 1 19 26 20 28 19 5 7 14 12 19 29 11 9 5 13 10 5 7 22 20 25 10 22 22 16 7 23 29 7 22 22 13 5 2 15 24 8 20 19 20 28 7 21 14 25 17 18 4 21 16 25 13 0 14 4 3 26 19 13 17 19 27
20 21 28 14 17 1 28 11 21 0 13 20 12 0 20 9 4 12 8 8 1 8 0 11 9 20 6 6 30 1 9 13 9 19 3 9 14 16 27 0 23 25 19 30 16 18 11 19 12 14 1 1 23 29 7 13 11 3 7 2 0 26 30 22 18 9 22 25 19 4
26 12 12 7 7 6 17 8 12 30 24 5 23 29 0 24 12 5 14 22 16 12 6 29 18 13 17 2 21 6 21 9 22 30 10 21 23 2 5 7 29 26 9 13 20 14 25 5 12 8 13 1 21 1 18 20 11 17 7 14 10 12 18 17 6 25 17 17 4 9
8 25 9 16 23 30 19 27 15 7 9 21 20 0 23 25 11 4 1 10 8 5 17 12 26 16 21 18 20 14 18 24 29 21 7 9 5 25 19 28 17 9 18 1 26 16 7 8 26 12 7 29 3 24 8 18 11 4 15 8 0 14 5 13 17 19 9 6 12 26
5 4 30 6 22 7 8 5 21 10 15 20 20 17 2 21 16 12 28 14 17 5 20 8 18 18 13 14 9 21 3 20 24 28 26 3 29 18 3 1 30 21 20 1 16 15 21 10 23 6 0 13 12 2 30 6 12 3 12 29 2 24 4 24 16 0 30 9 22 13
26 10 3 29 18 11 27 23 23 15 8 26 6 21 24 6 10 13 3 2 19 15 14 26 27 26 4 19 7 18 10 22 7 4 16 25 25 21 27 8 19 16 11 13 1 3 13 20 0 15 20 30 20 14 30 28 7 28 2 28 0 9 23 18 12 26 0 30 17 2
21 19 0 28 14 17 5 17 6 20 5 30 24 13 22 27 12 13 20 25 19 16 16 16 26 7 15 1 0 21 22 30 26 25 24 26 29 30 5 22 24 22 10 19 15 29 26 10 3 15 12 28 0 18 20 5 13 1 25 24 25 9 12 9 0 3 12 3 0 17
13 22 12 28 6 0 16 25 24 28 10 8 18 16 9 19 13 17 24 30 15 5 18 3 7 4 18 27 6 29 10 3 3 28 24 20 2 1 0 5 12 22 29 15 24 1 21 13 1 4 29 6 7 17 8 12 12 1 24 3 24 28 13 10 30 0 18 23 26 18
28 28 2 1 18 3 16 17 0 2 6 9 9 21 16 12 3 9 12 17 22 20 10 5 14 9 2 25 30 1 7 0 26 5 18 16 2 15 16 1 19 27 23 28 25 12 18 3 8 11 8 23 8 22 23 10 1 12 16 10 25 22 19 10 24 25 12 5 26 11
15 24 21 10 0 1 17 22 23 9 25 19 4 18 25 25 13 8 5 29 14 8 12 18 11 19 18 21 23 29 12 30 23 20 30 5 29 28 6 12 27 16 2 6 29 27 12 24 2 17 28 6 18 12 9 7 19 10 16 6 30 11 13 12 29 26 30 10 29 30
18 0 16 2 27 20 19 15 20 4 17 10 8 12 28 14 20 1 3 5 11 1 30 10 6 30 16 8 24 25 27 15 13 20 27 15 25 1 25 3 9 29 24 3 28 10 4 15 7 30 13 6 22 9 3 7 3 2 22 20 14 13 3 29 23 25 29 9 27 13
9 26 1 5 22 4 6 30 17 29 0 15 28 18 11 21 5 3 11 13 15 20 10 21 20 21 10 25 22 8 18 13 10 21 23 21 27 20 28 28 15 25 14 30 11 21 27 11 3 28 28 20 29 23 3 12 12 25 30 23 27 6 22 23 6 23 5 15 15 5
8 17 10 8 11 6 4 1 21 14 12 8 21 8 21 2 21 26 10 15 3 30 11 1 0 26 3 22 10 28 7 8 23 26 2 25 14 19 6 26 4 8 15 19 10 23 21 26 26 7 27 30 23 13 3 25 8 8 10 0 1 11 17 21 3 4 29 28 1 27
23 8 27 7 8 13 9 11 27 23 29 20 23 11 26 16 12 1 5 24 26 7 5 17 11 23 30 21 13 7 27 6 13 5 14 27 20 26 6 16 28 27 25 1 23 14 23 7 2 25 30 21 8 26 17 9 21 5 1 23 25 18 12 19 6 0 29 30 5 0
3 30 6 0 12 24 21 27 17 12 18 28 23 14 26 6 27 19 4 30 20 8 21 9 25 19 16 14 17 11 17 23 29 20 16 5 22 26 18 30 13 13 14 15 12 12 14 11 10 1 17 3 20 25 24 20 27 23 17 25 5 29 29 24 11 0 23 9 11 28
12 20 20 8 29 16 4 23 30 1 18 19 21 6 16 3 22 0 20 6 11 10 12 13 2 0 16 11 15 14 27 27 9 5 18 1 7 25 24 12 0 10 6 2 25 18 10 24 28 28 27 16 12 25 29 24 23 30 29 28 2 22 2 8 26 16 21 30 3 22
24 17 3 28 1 12 14 12 24 0 30 26 13 15 12 22 29 0 15 8 3 11 15 11 19 20 27 12 22 10 18 9 17 26 21 18 21 23 24 29 12 20 4 17 2 6 3 5 0 4 17 10 29 14 25 21 10 23 11 1 4 9 23 10 6 13 30 9 26 9
1 10 1 23 14 28 12 0 24 6 6 29 30 25 0 23 0 4 18 2 4 24 12 6 19 29 13 5 30 14 4 13 1 22 4 29 8 10 22 8 0 8 18 24 22 26 24 26 19 6 6 26 30 23 5 5 24 2 27 9 1 9 30 14 27 28 15 17 25 3
16 14 1 2 0 2 10 30 6 1 9 9 13 4 15 18 23 9 13 5 27 8 18 29 29 28 7 0 2 6 23 21 17 25 3 28 29 27 15 16 7 30 18 21 5 12 18 3 7 15 8 15 27 12 7 25 2 8 12 22 12 3 17 12 4 22 13 6 16 24
18 7 13 25 9 9 11 24 12 20 23 19 4 21 2 30 22 21 5 9 27 21 22 29 5 6 18 23 3 30 19 15 8 21 8 19 19 9 27 23 5 26 30 24 12 11 2 5 12 7 13 16 8 18 3 13 26 17 12 20 16 22 10 29 14 9 6 12 12 5
27 15 15 16 7 18 5 0 25 13 13 6 19 28 16 3 21 5 2 23 8 0 22 25 26 27 6 17 21 30 2 26 19 21 15 13 15 4 17 6 16 9 0 29 13 18 28 4 17 24 16 13 26 5 13 10 27 19 14 20 23 3 14 4 16 12 9 14 23 30
27 6 20 23 1 27 14 24 0 16 13 14 5 10 1 29 1 4 4 22 22 21 6 19 12 20 6 7 22 17 27 20 1 9 20 9 13 6 6 18 19 1 9 20 14 25 17 19 24 8 11 15 4 13 5 26 4 20 1 19 28 3 2 21 3 18 26 29 3 0
11 28 27 15 1 25 6 8 25 6 23 5 24 2 19 17 14 12 25 4 12 16 28 18 12 21 14 29 10 2 1 22 7 12 9 20 15 21 12 8 5 15 26 14 5 2 30 6 12 7 20 20 16 11 24 27 16 19 27 5 1 9 10 29 22 30 11 29 30 14
23 4 13 3 29 13 22 2 23 5 26 9 17 20 22 5 7 7 28 11 13 1 21 14 27 17 11 16 23 15 30 9 16 23 20 13 27 29 27 17 28 4 14 12 1 28 18 12 20 23 20 19 24 30 5 24 1 28 6 5 22 22 20 11 25 5 14 25 12 15
13 7 12 0 27 12 18 9 2 8 9 15 24 24 30 28 3 26 26 11 9 4 22 1 28 24 19 15 6 7 28 22 11 21 1 30 5 22 15 29 18 25 14 12 30 26 26 24 24 28 4 11 10 0 15 18 4 19 7 28 11 26 27 23 6 20 0 17 25 1
26 24 18 1 2 1 24 17 19 8 10 26 3 0 27 17 25 2 22 30 28 25 18 19 27 15 5 8 21 5 10 5 18 3 10 10 2 5 17 10 7 3 20 16 7 9 13 26 14 20 12 3 20 24 28 7 11 16 8 28 23 20 14 21 25 29 8 7 30 28
15 24 3 12 3 12 23 8 5 17 4 3 6 6 22 24 0 16 20 1 29 26 19 6 29 17 12 2 5 4 0 23 23 29 30 12 1 24 4 4 12 24 7 7 18 9 0 1 29 24 13 16 15 23 0 21 4 22 14 0 25 27 30 26 11 23 8 11 30 18
22 1 10 14 14 24 27 2 20 27 17 10 2 24 15 6 21 29 17 6 8 18 16 28 24 27 27 1 30 27 30 28 30 10 9 19 28 4 21 3 30 3 17 19 25 10 25 9 1 9 13 26 2 13 30 15 17 24 5 30 28 21 10 9 14 21 1 3 20 2
29 24 28 12 26 15 4 16 23 14 24 12 2 7 10 19 2 19 3 5 11 14 8 13 15 26 8 18 3 3 5 23 0 8 25 23 15 3 13 2 3 13 19 4 29 12 7 29 4 24 5 10 4 3 26 16 21 28 8 5 27 8 8 24 16 4 19 27 27 18
24 16 23 15 7 3 7 3 6 22 24 1 29 11 16 2 29 8 14 1 10 22 18 24 30 6 1 8 8 4 2 10 3 10 15 21 17 21 26 29 5 17 3 27 24 21 16 8 5 30 5 18 18 7 6 3 28 23 4 28 14 30 23 16 5 2 20 0 0 6
13 10 4 29 18 10 28 17 24 24 3 17 29 8 25 24 28 2 12 15 24 2 26 10 5 17 10 30 26 22 2 16 2 26 1 29 8 18 26 27 10 10 24 16 25 8 21 24 8 16 18 28 20 6 27 20 3 30 21 13 15 19 26 6 14 18 5 16 9 30
11 20 9 29 9 24 20 4 6 8 25 8 13 16 20 14 22 10 21 4 23 28 29 24 14 8 15 0 0 8 12 8 12 28 25 11 19 18 19 24 4 1 22 18 25 18 1 28 26 27 17 23 27 18 7 25 27 3 13 18 6 7 12 3 29 8 19 1 0 26
4 3 25 20 4 11 7 7 7 22 19 22 24 17 24 3 27 2 13 20 27 11 25 12 23 23 7 6 14 28 28 12 12 15 6 14 27 1 28 17 7 18 4 3 17 15 29 3 25 3 17 1 1 27 0 7 10 1 16 29 15 12 28 25 15 18 10 1 15 23
4 17 25 9 29 0 26 19 22 20 12 27 7 12 2 20 21 8 10 4 4 12 21 30 21 12 7 25 9 27 3 21 22 10 30 28 22 20 16 10 22 11 27 18 28 28 13 21 15 6 29 22 30 7 28 29 2 20 22 1 3 10 12 30 14 26 27 26 18 12
10 17 5 7 18 20 0 14 24 30 0 27 6 21 8 30 15 8 21 7 1 9 1 30 7 18 27 28 6 18 1 13 10 15 13 15 2 10 4 4 11 28 15 6 5 18 26 20 3 12 25 20 28 1 25 6 17 0 12 10 11 13 1 27 26 0 13 28 13 26
11 22 2 10 17 9 19 22 1 2 20 15 13 17 24 20 25 5 5 26 23 13 22 0 13 18 20 9 17 22 14 21 25 18 19 19 26 3 22 6 24 8 5 22 12 11 8 25 14 29 17 6 3 10 10 21 22 14 7 24 3 16 17 6 18 12 29 9 26 23
25 21 12 22 6 20 6 24 21 17 9 18 4 19 26 9 25 9 0 6 19 27 21 1 30 9 27 15 0 21 12 4 3 6 5 22 9 14 11 11 27 8 30 16 14 17 1 26 1 2 29 26 9 14 24 20 5 25 18 11 11 6 15 16 0 10 24 10 22 5
21 8 3 6 18 2 12 19 15 14 18 8 6 0 25 10 15 21 20 5 14 1 15 7 20 6 27 13 26 14 14 7 13 14 22 9 14 9 5 19 10 19 2 15 10 14 0 29 9 21 19 23 7 7 6 7 12 7 22 3 16 21 29 22 14 3 2 12 9 5
0 19 22 18 13 7 11 14 21 21 9 21 2 4 13 25 22 7 7 28 3 6 13 0 22 21 12 22 17 8 29 15 29 14 27 14 17 26 11 3 9 5 11 17 23 24 12 8 1 28 22 21 13 14 28 13 11 6 5 22 28 21 3 28 14 22 18 0 0 6
13 20 25 0 17 28 25 20 16 11 0 24 22 5 22 9 17 18 0 2 19 1 14 6 2 21 13 22 5 22 1 24 29 3 29 12 6 6 4 30 1 10 6 29 20 2 15 25 5 17 2 5 22 8 1 4 18 2 22 23 14 13 2 19 2 6 9 1 16 22
10 23 18 28 19 15 11 11 6 6 24 26 15 3 6 28 19 21 9 27 26 18 5 15 2 5 5 14 11 1 6 5 8 3 27 23 26 23 6 24 7 27 3 1 7 25 4 23 6 13 26 14 30 28 12 29 19 19 26 29 23 20 20 22 21 16 15 13 18 23
17 20 23 13 9 2 25 4 0 28 29 16 7 28 27 10 20 22 18 28 28 15 21 1 14 14 22 24 6 29 29 21 1 25 15 29 14 8 9 28 5 4 12 22 27 2 0 7 25 11 0 16 29 10 29 12 17 7 26 19 28 24 19 12 29 12 19 19 25 27
10 12 29 12 16 27 30 11 30 5 3 9 4 1 24 11 25 18 6 30 30 18 6 13 16 18 10 14 23 27 9 10 26 24 26 15 12 4 28 4 17 20 10 2 25 0 0 23 27 20 18 20 13 29 5 7 13 1 30 22 7 15 16 23 30 25 20 24 11 30
