71 71
20 18 25 30 29 3 17 12 25 29 19 6 27 6 19 13 25 14 10 19 8 2 2 5 3 8 13 15 6 23 8 10 11 2 2 13 18 25 24 8 7 10 20 13 9 2 16 11 6 29 29 25 8 4 11 3 1 9 22 4 0 3 13 9 29 12 6 13 0 1 6
0 4 1 6 2 26 17 13 20 7 14 12 4 7 20 18 0 6 21 8 9 3 8 13 10 19 29 18 14 15 29 9 3 11 26 7 29 2 9 17 1 16 28 20 5 23 14 6 24 7 28 20 29 17 21 26 26 29 7 4 21 9 21 8 11 21 12 9 6 25 21
22 3 7 19 27 8 26 20 25 13 0 28 26 4 5 15 29 22 8 3 6 22 13 13 19 25 6 1 30 19 1 14 26 3 6 3 2 17 0 24 30 11 13 21 16 30 26 0 25 3 3 25 7 20 9 27 16 2 20 21 10 14 8 19 19 11 12 9 23 5 18
26 9 25 19 0 1 9 11 15 2 30 4 0 8 13 11 28 9 14 24 25 18 18 2 1 22 15 5 16 22 30 15 30 26 17 19 25 16 23 2 9 12 4 19 3 8 14 30 20 11 25 16 8 5 3 30 2 8 2 18 5 27 0 20 28 17 30 11 5 30 26
19 21 17 24 4 23 21 28 30 21 15 28 3 19 4 20 11 17 17 26 8 29 4 15 30 10 20 10 11 18 18 29 4 3 15 22 20 26 26 2 25 4 18 20 18 2 15 5 28 30 0 13 14 26 30 26 2 21 6 15 18 28 1 19 7 0 30 3 24 24 0
22 27 12 2 2 11 12 27 18 5 9 20 7 2 22 13 5 26 6 27 16 13 10 1 1 9 29 3 22 7 28 8 15 1 9 2 22 1 22 19 9 27 3 13 19 21 21 30 17 19 30 15 14 0 3 21 11 16 13 4 0 25 16 30 10 26 27 14 9 17 11
17 23 7 18 15 12 6 2 16 2 12 14 14 2 21 17 25 17 5 19 12 20 4 11 23 28 7 30 0 24 14 19 7 7 29 28 27 17 20 5 13 27 1 20 17 2 0 0 0 13 26 18 0 0 17 27 23 4 10 20 17 17 10 30 27 8 2 1 20 23 28
28 24 20 2 22 22 21 13 1 28 4 3 12 24 15 29 19 11 22 23 14 2 14 15 22 27 11 19 24 12 7 26 20 28 22 8 12 28 1 18 0 4 11 2 6 9 25 0 5 28 12 7 17 9 7 2 10 1 21 13 13 26 9 12 3 17 15 16 27 15 11
8 21 18 9 25 27 30 10 12 1 7 20 6 28 26 10 24 3 16 17 2 28 14 13 20 26 6 3 8 9 6 28 20 15 8 11 13 10 7 13 8 14 6 11 12 30 7 4 6 24 27 21 5 17 12 25 25 30 22 2 26 26 4 1 23 16 0 24 3 13 10
15 15 2 21 16 14 14 3 29 2 20 9 25 29 9 3 15 15 10 8 24 18 15 5 5 30 16 4 18 13 9 25 10 9 16 13 2 5 1 21 0 4 28 8 18 5 24 17 11 28 6 8 27 15 2 29 23 10 18 7 18 26 7 1 9 10 8 23 10 27 28
2 14 5 0 6 11 17 28 22 5 0 9 29 12 20 8 16 12 15 11 0 13 21 12 1 8 0 22 17 4 15 23 14 0 14 22 1 3 15 1 7 15 16 15 16 3 25 16 25 11 25 11 13 10 24 5 25 4 14 28 26 10 26 22 13 19 6 18 3 11 19
13 18 0 28 1 6 25 7 10 18 7 23 30 13 22 8 27 5 26 7 21 30 13 10 21 23 12 18 18 30 30 4 2 27 1 11 30 28 3 6 11 16 25 14 17 13 7 1 7 12 10 17 24 26 14 11 21 19 2 11 21 19 7 29 29 24 4 23 20 23 2
2 29 24 9 0 13 15 15 25 29 1 23 26 29 2 29 20 4 23 0 15 21 1 9 22 11 9 8 30 7 21 1 28 9 0 8 23 18 24 24 17 6 12 10 30 6 15 2 24 27 1 27 18 27 17 19 8 26 27 19 11 18 21 22 13 11 22 21 3 3 29
28 14 8 27 19 29 11 2 24 10 27 2 0 21 9 7 11 19 17 24 7 28 14 24 4 11 10 4 16 19 18 13 14 19 10 5 22 0 2 20 30 29 23 8 20 27 19 6 14 11 25 24 25 14 17 27 1 15 0 29 30 27 18 13 0 18 2 26 25 5 25
6 28 13 9 26 11 14 9 12 10 16 17 14 2 10 2 5 13 7 2 8 29 22 15 29 7 8 28 26 21 30 25 3 12 8 28 25 24 6 6 10 5 21 20 6 4 27 20 21 18 20 8 13 19 4 19 0 18 18 15 14 24 9 28 16 2 0 22 5 14 7
12 20 23 20 17 2 6 1 19 8 21 23 8 0 2 7 23 19 20 26 23 9 21 23 11 1 14 20 12 10 17 18 5 11 26 1 16 25 2 14 6 24 1 15 22 10 12 14 15 17 20 23 15 26 25 9 20 17 27 2 2 15 22 9 23 29 8 20 7 0 10
14 0 28 3 21 19 9 28 3 19 4 20 9 2 1 7 0 5 10 26 0 7 13 14 2 2 28 13 14 16 17 2 8 5 14 3 10 2 18 2 8 21 16 7 28 16 22 3 18 19 11 25 1 4 5 24 19 5 19 24 20 5 27 3 17 30 18 16 29 10 10
7 12 21 23 9 25 18 12 23 16 7 16 11 3 13 6 26 16 9 7 16 30 21 8 4 19 0 15 23 27 25 1 10 7 7 14 5 13 10 9 1 25 2 19 23 14 8 21 28 30 12 17 24 8 2 8 23 29 25 11 10 29 0 20 27 25 18 6 9 6 8
6 28 22 19 7 23 6 26 5 7 25 16 13 23 20 27 1 4 10 18 25 1 20 7 30 5 24 11 22 14 2 21 24 13 13 14 27 16 12 14 9 21 23 21 9 24 27 28 4 21 26 10 22 8 2 10 17 15 27 15 10 3 9 19 25 22 0 19 6 21 8
16 26 26 3 5 20 25 30 16 12 17 30 1 5 23 27 15 23 11 27 3 26 13 4 8 26 24 12 28 9 19 18 26 20 21 27 1 18 16 23 24 11 9 8 7 16 14 9 7 5 21 28 30 27 25 19 26 20 6 13 3 5 8 29 9 14 28 14 13 26 26
16 11 3 27 3 1 11 15 23 13 29 18 24 14 27 17 15 19 26 0 27 0 5 3 8 17 26 11 12 5 20 19 6 5 15 17 14 0 21 18 15 20 23 11 27 6 29 13 20 0 19 1 9 4 30 30 11 14 29 23 25 6 21 16 13 15 7 14 22 7 15
18 23 14 5 24 1 27 29 11 29 15 12 5 21 2 14 2 26 26 22 15 17 22 7 30 11 9 7 29 15 28 0 8 22 25 26 27 25 12 4 3 9 8 16 4 17 28 5 5 6 16 1 2 16 13 29 15 22 3 11 28 8 5 21 5 25 5 16 2 13 29
22 12 14 4 8 11 5 29 17 17 4 18 4 18 9 19 20 15 27 20 13 10 5 0 29 11 7 16 19 28 11 3 18 4 5 17 2 28 12 6 20 19 26 21 5 20 13 30 15 2 7 3 28 19 18 6 20 17 11 0 17 4 1 3 27 10 28 27 5 1 25
6 10 16 24 3 30 6 0 17 27 12 13 23 19 29 23 2 15 23 25 14 3 25 26 29 12 25 1 23 18 22 22 4 2 13 1 12 3 10 22 6 14 24 19 7 9 18 10 11 21 28 22 28 17 3 15 2 4 2 3 11 21 22 3 14 0 13 6 6 1 25
14 13 7 20 7 2 3 25 30 20 24 9 12 23 30 25 26 8 18 30 4 2 6 24 16 28 30 8 26 12 1 6 9 7 19 21 29 25 19 1 7 23 18 17 11 30 4 1 22 0 29 22 27 21 27 12 20 14 16 15 15 19 3 6 1 7 8 12 26 17 19
7 20 2 5 13 17 5 7 30 15 9 28 9 18 15 17 26 30 7 0 25 1 13 18 15 17 25 0 4 2 5 29 10 20 7 23 8 27 12 9 6 4 11 17 19 10 5 0 10 24 9 12 0 6 22 0 16 9 14 13 4 24 11 1 20 0 8 22 20 24 17
11 18 17 18 14 17 10 8 1 25 10 10 27 16 14 29 26 12 21 3 14 25 18 3 28 14 2 10 27 20 28 9 9 30 10 18 16 27 1 1 29 14 19 24 18 19 16 15 21 28 19 24 16 14 2 22 1 26 2 24 23 17 23 25 14 27 26 22 6 16 12
16 19 7 0 0 26 28 20 1 29 8 12 6 20 27 25 7 5 22 8 19 5 27 22 2 23 28 1 13 16 2 22 8 21 18 30 5 14 5 0 9 17 17 12 18 27 20 29 3 1 28 2 6 15 17 26 5 5 4 2 29 7 7 28 27 23 19 26 18 27 22
1 15 25 6 12 23 10 17 13 8 12 12 20 7 5 22 28 11 15 30 26 6 3 21 28 9 27 30 0 21 30 6 18 0 16 18 22 27 18 24 27 12 8 30 8 24 29 15 4 12 26 3 30 21 20 3 11 0 21 12 16 3 3 15 13 27 10 9 28 24 22
18 26 0 21 19 19 2 1 20 30 27 28 17 19 16 29 24 25 18 8 16 0 10 29 23 6 10 17 7 12 15 10 25 26 30 12 25 24 26 22 17 2 28 18 4 13 21 14 27 19 15 25 10 3 13 22 2 23 11 13 22 13 16 7 11 28 18 20 11 11 9
18 30 20 16 22 13 0 9 14 28 9 5 11 16 23 15 17 5 8 17 0 29 6 10 18 14 30 10 25 11 26 2 30 3 1 26 24 15 3 16 5 28 18 11 3 20 7 17 30 11 8 16 8 2 22 14 14 2 19 20 4 26 20 28 8 20 26 25 5 29 18
12 24 3 30 4 7 22 14 1 21 20 27 10 14 27 11 15 14 26 5 28 1 4 7 18 20 6 5 3 17 5 11 12 26 18 5 20 16 5 7 9 15 13 30 10 6 16 14 7 24 21 24 3 28 30 26 28 2 28 6 25 20 2 16 25 19 21 7 7 13 5
6 17 26 13 28 10 26 26 11 27 0 30 8 25 7 8 27 25 10 12 23 11 23 27 0 6 11 21 24 4 13 9 8 30 27 10 16 7 29 3 2 8 1 27 4 8 5 27 21 1 23 26 17 0 23 2 3 25 21 24 13 0 6 13 15 19 7 7 2 30 3
15 6 5 19 14 28 28 27 11 0 27 25 1 30 0 19 29 27 10 17 4 8 6 17 0 14 5 5 0 10 2 16 22 4 19 15 11 19 24 9 9 6 24 0 26 14 26 3 15 16 15 1 18 6 1 4 11 19 27 3 6 21 9 27 16 20 18 28 12 0 6
15 27 19 2 12 18 13 0 4 28 19 1 4 14 0 30 3 14 11 15 5 20 21 21 23 21 26 11 8 13 27 12 10 10 6 2 27 6 20 18 9 16 3 14 22 9 6 0 0 18 5 23 25 29 21 2 6 13 12 16 12 24 25 20 5 15 2 1 21 10 9
4 22 28 5 29 13 0 3 21 7 23 24 24 7 8 6 16 6 16 22 20 29 6 9 26 10 25 13 25 8 19 8 10 9 22 20 19 6 10 15 23 8 14 24 2 7 20 12 20 25 0 27 11 2 21 12 15 20 15 9 22 27 0 0 16 21 7 7 11 24 2
14 1 27 2 1 29 21 5 16 4 13 12 27 16 17 0 22 30 8 4 0 25 8 9 0 19 28 3 0 23 3 18 29 7 6 24 6 26 7 21 28 25 12 6 17 1 1 3 22 7 30 2 14 25 19 0 22 7 13 28 0 5 27 30 0 28 18 19 30 0 25
21 8 18 17 12 24 20 19 15 27 14 15 11 22 5 9 21 22 24 17 24 26 8 10 17 25 25 15 19 7 19 1 16 16 9 29 26 28 9 28 16 19 29 30 22 29 6 19 13 23 16 21 18 16 9 19 16 12 18 20 22 28 23 6 8 0 25 3 7 11 3
4 20 10 5 16 19 17 24 14 9 28 18 22 21 2 25 22 20 24 26 29 27 0 19 6 21 6 21 17 6 21 13 5 21 2 4 30 12 25 9 22 12 8 0 9 1 0 1 16 20 7 24 6 18 23 25 2 25 24 9 21 11 28 16 21 3 1 28 3 0 16
26 13 21 9 11 25 12 13 8 23 1 18 6 22 18 7 1 26 14 18 6 15 14 13 15 25 5 11 18 20 3 29 7 18 15 25 11 0 20 9 8 11 29 22 22 19 2 3 8 25 4 11 4 9 30 30 27 7 6 15 7 14 7 17 21 24 1 14 2 12 15
1 10 8 20 26 30 10 19 21 22 18 1 1 4 9 15 30 12 4 13 16 16 13 14 15 19 7 1 5 5 13 22 18 29 10 17 3 30 19 20 3 10 22 13 22 30 15 26 10 17 30 25 6 12 26 3 12 30 19 6 6 15 12 19 13 8 3 19 15 29 11
14 26 18 21 19 11 20 14 24 26 25 23 14 12 8 16 11 10 4 23 14 21 30 12 20 22 7 30 20 27 10 16 28 12 14 30 22 29 22 18 9 7 27 0 6 19 5 13 11 23 17 27 25 27 13 15 27 26 22 9 2 7 15 2 27 10 29 15 3 13 5
16 2 16 15 12 1 5 11 2 6 24 6 2 19 28 14 28 21 14 12 3 28 6 4 1 7 3 29 3 5 22 30 9 25 23 12 8 2 12 15 22 9 22 4 25 8 16 11 27 29 2 8 0 18 19 27 15 13 1 18 20 24 23 15 21 0 6 18 18 6 28
7 30 21 0 21 15 29 0 14 0 10 16 26 1 19 27 1 9 25 23 20 17 13 16 14 8 0 3 23 21 19 4 0 24 18 18 17 8 13 1 17 22 10 29 1 14 30 2 2 26 0 8 30 25 14 6 27 3 4 6 14 12 28 10 11 14 20 27 16 30 23
17 21 19 4 19 6 18 17 19 7 3 10 23 13 16 5 21 19 12 21 5 19 6 30 16 5 21 18 11 9 24 7 17 25 6 28 28 15 1 24 26 27 1 29 30 11 28 19 4 4 6 30 11 3 28 19 29 18 23 17 26 24 21 27 17 4 19 26 24 24 18
18 26 27 16 9 19 10 22 22 18 5 15 2 10 10 6 29 20 14 10 28 15 25 10 14 8 1 7 11 21 12 26 28 28 2 20 26 20 6 27 8 30 10 14 23 12 26 18 23 14 23 28 19 2 18 12 23 20 18 6 18 24 11 11 9 20 9 21 24 1 18
21 23 20 20 24 27 12 17 18 27 26 22 9 7 3 27 0 25 21 2 14 19 9 28 1 7 19 21 30 8 18 17 30 29 19 0 8 23 29 20 29 29 22 24 7 24 24 21 15 18 22 2 28 26 3 15 23 11 28 13 1 26 28 9 28 14 30 12 9 11 12
5 22 1 25 12 17 25 16 3 28 27 25 27 14 13 14 6 18 18 12 2 28 11 26 27 0 20 21 17 30 20 26 2 6 16 17 4 1 1 3 2 7 15 21 17 10 13 10 17 13 1 28 12 24 28 8 10 1 7 25 4 6 12 9 21 13 29 13 30 6 17
18 28 24 19 20 26 5 2 18 18 11 29 22 21 2 23 26 14 15 0 23 4 23 16 11 16 13 1 5 5 27 3 18 10 4 24 4 9 18 15 21 21 22 4 26 2 4 17 25 21 26 24 11 1 10 9 29 28 3 5 6 0 8 30 26 11 9 8 7 5 2
27 14 16 20 5 30 30 27 3 16 27 9 19 26 15 0 19 5 10 27 0 22 16 23 24 14 22 20 9 6 25 28 26 15 23 11 19 28 25 7 7 9 11 18 30 10 9 12 8 29 7 1 22 17 4 8 2 26 14 14 22 29 30 19 4 9 11 2 27 22 14
18 22 22 26 23 2 16 28 25 24 5 14 5 7 14 18 24 5 28 9 6 7 21 27 3 11 13 9 28 15 22 29 18 12 7 16 11 25 26 30 20 10 15 0 28 14 12 17 27 3 15 7 23 22 30 15 7 10 22 9 3 22 27 29 25 20 6 28 25 5 26
6 23 7 25 18 18 19 2 15 29 22 20 22 27 10 18 13 29 27 3 28 1 0 30 4 16 5 26 11 24 26 1 9 3 30 30 4 11 24 8 9 24 21 27 16 5 15 30 17 18 6 28 13 4 23 18 8 29 3 7 28 6 21 17 22 23 4 21 28 14 20
11 30 16 13 24 26 13 0 2 24 7 3 5 6 3 21 11 8 18 19 29 15 26 22 0 23 1 9 28 23 16 7 10 2 23 24 29 14 14 9 12 7 15 30 19 15 8 21 20 25 24 20 18 30 1 12 26 0 2 0 26 26 23 4 13 22 0 3 23 22 2
8 4 29 10 28 7 26 10 25 7 10 15 17 3 10 25 17 4 0 30 8 20 12 12 23 10 25 6 21 16 28 0 18 17 9 8 11 0 8 6 10 19 6 15 2 0 24 30 10 5 27 21 7 20 12 23 12 29 14 12 4 13 18 30 16 5 3 9 15 23 5
6 6 11 1 7 10 24 21 25 27 20 20 13 4 19 11 2 1 7 9 1 10 11 22 23 7 2 8 1 14 12 21 14 18 6 2 13 30 0 2 26 27 19 9 9 27 4 15 20 15 28 25 27 19 9 11 28 10 5 0 13 30 18 8 4 0 29 15 10 24 10
29 25 8 25 4 10 15 6 25 5 29 1 29 9 27 17 30 17 9 25 8 28 15 25 18 27 16 14 7 2 21 13 30 11 26 14 15 11 15 22 15 12 24 27 1 6 12 7 1 16 24 12 1 7 1 21 10 27 12 7 24 19 2 28 2 27 15 11 8 26 20
4 5 2 30 10 21 27 29 17 28 26 22 16 25 4 30 18 23 23 9 18 19 5 3 1 6 27 7 20 30 2 11 3 22 15 5 9 0 23 21 21 20 2 18 18 28 27 10 18 5 11 25 14 11 26 9 24 20 16 19 28 10 17 15 26 19 19 13 3 2 21
25 15 19 25 28 8 6 12 23 21 25 6 4 7 1 0 10 30 25 24 27 15 29 22 18 18 19 28 14 5 16 17 23 21 28 25 16 1 22 25 19 23 16 28 20 27 4 1 1 15 2 3 6 12 2 29 21 28 17 16 18 29 7 18 23 12 19 19 27 20 18
4 23 0 19 18 8 7 16 10 12 16 3 9 0 4 11 20 21 21 7 22 25 1 13 16 10 7 27 26 28 1 12 5 16 12 4 18 15 3 5 9 27 11 16 5 1 10 23 6 29 20 21 18 10 12 26 17 21 27 10 5 24 7 6 20 13 29 21 6 12 0
24 21 20 26 11 23 1 14 14 30 7 28 1 19 8 28 20 1 24 22 3 4 0 4 0 18 8 1 2 2 6 15 6 14 8 12 13 2 26 16 25 14 12 25 11 23 15 13 6 6 6 2 13 13 14 7 6 25 15 19 27 12 25 13 10 23 25 18 10 10 26
15 8 8 27 26 28 16 28 22 30 22 15 27 12 13 16 19 18 2 3 4 19 23 24 6 18 29 22 20 21 14 29 18 15 15 25 22 1 18 24 0 26 27 29 21 11 17 9 20 1 16 3 9 26 16 16 24 13 26 13 18 17 20 30 14 22 26 5 21 30 12
28 16 13 29 26 28 8 22 29 10 3 2 9 10 20 23 9 2 5 18 2 26 5 5 4 27 29 12 18 9 10 5 21 25 20 29 0 11 6 8 15 27 1 6 20 14 27 30 17 30 18 16 13 20 15 10 25 17 6 26 15 17 24 7 24 12 17 6 24 27 21
20 5 17 23 11 14 27 25 25 1 12 16 2 1 25 9 20 25 3 2 19 11 29 27 26 22 3 16 4 29 15 0 9 24 26 2 5 11 18 30 24 11 18 18 4 11 15 24 10 15 3 13 3 11 18 18 27 18 8 22 26 15 14 28 19 8 18 0 3 1 21
29 16 21 22 4 1 30 1 13 26 0 25 27 28 8 14 24 17 17 30 11 9 8 5 29 13 8 10 2 28 13 16 19 25 30 17 29 29 25 1 13 16 6 19 15 2 22 26 21 3 19 21 21 10 4 27 17 10 30 19 5 26 28 21 29 9 29 10 7 1 9
8 15 0 21 16 11 0 14 18 23 16 14 24 11 24 20 27 10 0 21 4 21 12 7 20 17 30 11 12 0 16 2 13 9 18 20 22 24 3 8 23 4 29 27 26 3 21 24 15 16 15 6 28 13 13 24 21 12 19 19 6 20 12 11 6 14 21 16 28 26 8
2 1 14 3 5 30 9 26 21 12 8 13 2 25 7 23 4 2 11 7 28 2 6 6 0 21 19 0 22 30 21 25 22 8 16 18 9 10 0 14 4 27 19 22 19 9 9 0 0 27 13 19 0 2 12 10 22 24 23 14 15 26 25 21 13 16 19 16 16 26 14
1 27 6 25 30 29 20 2 13 23 3 14 13 12 14 15 4 6 9 25 9 19 20 1 0 2 12 10 1 26 16 13 8 24 3 17 10 27 24 19 13 11 22 28 11 10 22 25 13 22 0 0 17 20 4 24 11 20 3 5 3 5 9 5 11 1 14 30 25 11 27
11 12 16 19 3 24 30 10 8 14 12 15 4 5 4 6 21 6 3 1 6 19 21 15 7 17 7 10 10 22 6 14 13 5 5 27 15 27 11 1 17 24 1 15 19 21 0 7 0 21 30 11 16 10 28 12 18 30 28 5 21 26 0 18 4 3 8 11 25 26 15
2 2 28 0 16 27 28 4 14 23 26 28 16 28 20 12 0 16 18 30 13 7 12 26 15 26 24 12 7 25 17 30 11 20 25 11 4 1 23 26 19 21 25 24 26 2 24 2 30 2 16 29 24 26 0 17 4 23 10 15 2 5 18 17 11 15 16 18 8 0 17
20 8 10 25 21 13 9 15 17 17 4 21 12 18 17 11 7 29 4 3 17 3 28 4 29 20 1 30 30 19 26 0 10 11 12 14 18 6 13 3 7 26 14 13 16 8 14 26 11 12 2 26 14 30 26 23 1 10 6 24 7 2 4 1 28 6 23 28 30 24 5
2 0 25 18 8 24 0 19 9 17 14 3 18 2 2 19 25 8 3 13 0 25 2 22 14 4 12 4 17 7 23 16 20 7 25 0 11 5 26 16 2 24 5 9 3 12 17 4 17 29 5 13 14 1 27 2 1 7 30 28 25 3 29 13 17 18 22 27 13 2 4
