72 72
23 12 4 24 22 29 25 24 30 30 12 24 7 28 22 1 9 10 30 23 10 21 24 5 25 1 10 5 11 28 27 9 21 30 30 0 30 15 19 25 7 23 29 18 10 23 7 18 1 0 15 25 26 5 0 8 4 18 19 13 18 7 18 12 26 28 24 14 19 0 17 22
16 30 26 26 20 11 11 19 18 5 22 10 8 30 5 19 24 5 12 11 21 27 4 1 12 6 11 12 7 18 18 4 13 11 30 15 22 19 26 5 5 2 0 18 2 0 26 14 22 11 27 27 3 17 1 27 20 12 27 10 18 20 24 15 8 15 21 26 12 7 10 22
15 2 23 1 7 15 13 16 24 16 18 23 13 4 6 11 25 29 20 27 26 11 5 3 19 16 21 5 3 9 27 4 14 9 30 29 19 29 30 27 25 28 6 25 9 8 10 4 30 5 7 2 4 2 10 2 10 19 20 30 18 14 16 27 8 11 2 10 26 14 23 6
2 30 10 7 2 3 11 3 30 18 25 23 22 15 0 25 12 30 6 5 6 8 24 9 29 25 1 0 8 10 20 16 29 4 2 23 23 13 28 12 10 11 25 15 6 2 6 24 2 29 15 22 12 10 28 17 24 5 0 21 1 22 8 17 8 2 29 27 0 29 11 20
25 15 23 24 4 8 18 2 24 29 27 10 1 27 2 30 26 8 29 22 16 0 30 30 0 28 25 12 10 9 26 25 29 18 21 20 7 0 26 7 25 10 0 9 2 13 21 13 22 3 4 1 11 5 10 29 4 13 9 6 26 11 18 8 23 19 15 11 13 8 29 12
4 26 26 28 6 18 11 19 23 19 9 24 30 7 23 14 17 30 24 14 5 17 9 17 25 24 26 13 26 30 24 2 7 16 18 16 0 5 23 2 22 28 7 8 9 14 25 12 26 30 10 4 24 28 28 27 24 29 20 25 15 17 10 25 3 12 24 9 5 7 28 23
13 18 16 15 3 14 16 14 3 2 17 4 26 29 21 17 29 29 3 29 15 16 14 4 4 24 4 0 4 26 10 12 11 29 26 12 24 15 8 0 7 9 7 19 12 13 10 6 8 23 28 11 0 15 27 14 30 15 8 26 26 28 9 1 16 16 3 20 19 16 10 4
10 28 6 12 9 10 22 30 30 26 30 17 1 27 21 5 24 22 26 15 3 2 3 19 29 12 13 15 6 18 27 22 9 9 18 28 21 8 14 9 10 6 17 19 12 20 27 15 11 25 26 10 1 8 23 30 7 16 21 24 2 20 16 12 23 21 0 4 12 19 13 13
2 27 13 19 12 16 18 0 16 1 8 25 23 15 13 21 2 19 20 14 3 7 23 13 20 15 21 11 17 29 26 25 15 24 19 20 6 24 8 6 17 28 12 4 22 16 21 8 9 15 27 2 21 27 11 11 15 28 20 24 21 18 12 11 1 19 12 8 26 11 12 12
18 26 16 24 0 22 27 7 30 0 0 19 25 12 16 5 23 2 28 11 5 5 14 26 18 13 9 11 13 9 23 19 11 14 9 20 25 12 26 28 16 17 24 4 11 26 19 19 2 3 22 9 16 26 10 2 22 20 14 15 22 9 12 5 7 26 25 14 28 22 28 1
9 15 26 27 5 28 23 13 23 28 27 13 13 10 25 17 9 19 12 11 13 8 30 17 11 16 13 18 27 2 13 8 19 18 26 21 19 7 15 11 5 26 19 7 20 26 10 2 8 14 30 5 0 8 15 11 26 12 4 19 19 1 26 11 8 22 27 1 15 7 30 29
6 11 19 15 4 11 6 8 4 14 3 25 14 17 11 18 18 24 11 15 1 28 12 12 3 13 18 24 6 29 2 1 23 13 14 19 0 0 7 17 20 9 6 28 9 13 26 21 19 15 3 11 19 13 12 11 15 8 25 3 30 30 11 6 12 8 11 15 22 26 30 4
13 22 8 15 20 14 13 9 14 13 5 1 15 20 12 28 5 13 2 11 2 14 15 21 13 12 24 25 15 10 16 2 19 4 5 26 11 12 26 23 25 26 19 13 20 2 20 5 8 27 16 6 0 20 22 5 18 25 21 11 6 21 17 18 24 22 27 12 11 9 18 17
22 30 9 10 22 1 9 28 6 21 22 29 8 16 4 24 13 29 10 1 7 24 26 30 28 18 10 19 21 23 19 0 5 7 17 5 20 27 24 4 24 26 7 27 22 26 26 3 17 15 26 24 19 29 13 9 14 28 21 26 0 26 17 12 16 25 6 12 24 16 14 0
9 12 20 26 30 16 20 12 18 14 15 28 8 0 23 29 3 12 9 7 1 26 20 26 28 25 2 11 4 14 23 0 27 8 9 1 21 19 9 4 6 3 7 11 22 10 2 28 11 19 16 21 8 3 4 10 6 15 19 29 20 21 30 29 5 15 28 29 5 18 6 21
12 10 0 10 23 11 22 6 8 14 24 18 25 23 17 26 14 26 0 20 8 11 22 30 30 7 15 28 25 20 2 26 27 9 28 4 4 8 11 26 4 13 29 0 17 21 18 16 5 9 16 30 26 10 11 10 11 19 13 22 0 19 15 10 29 8 4 27 2 3 21 16
22 1 21 6 17 10 23 17 30 18 13 29 28 22 11 14 10 13 1 5 4 28 26 14 4 16 26 22 14 9 10 21 17 10 9 16 15 29 6 21 3 19 4 4 26 15 13 1 10 9 25 15 16 24 9 9 21 17 26 14 29 25 16 0 1 11 1 29 17 29 28 23
22 30 5 13 3 6 15 14 13 15 25 19 22 19 15 2 10 1 27 14 19 0 21 8 18 7 2 1 26 22 15 9 23 18 13 13 3 16 10 8 22 19 22 25 0 4 12 30 3 21 18 4 8 25 23 22 3 24 10 4 11 1 13 16 29 17 1 24 19 20 16 25
8 13 27 12 14 11 23 25 18 2 2 28 11 12 30 6 22 26 23 21 3 13 24 14 0 5 3 4 21 12 3 14 27 3 10 7 3 28 7 18 2 3 6 24 21 1 24 3 7 10 28 8 1 13 8 10 8 28 9 24 3 19 23 10 23 8 3 2 6 15 18 8
23 20 6 26 6 3 26 19 27 24 28 2 19 11 9 6 27 1 5 23 19 30 8 3 26 14 15 25 4 27 13 20 5 10 24 4 7 15 19 11 18 5 1 3 24 7 13 11 18 15 5 6 5 4 29 6 14 6 5 23 22 11 12 17 14 13 24 27 23 0 24 21
28 24 1 24 8 24 7 21 6 11 20 19 18 20 1 14 22 4 30 30 3 10 22 26 22 4 27 0 19 30 30 18 17 16 21 16 17 28 7 2 6 15 5 9 24 20 20 20 30 13 1 1 12 8 24 15 4 11 4 15 29 17 9 3 22 22 29 23 29 6 16 3
27 22 26 5 4 1 2 13 4 19 0 24 26 25 18 8 10 29 3 13 19 21 20 10 16 30 4 2 13 23 4 2 30 17 10 2 26 11 7 19 10 8 20 19 2 12 21 11 12 7 13 19 25 13 30 7 14 12 29 15 12 2 14 14 13 25 30 12 3 0 30 14
11 20 29 27 8 15 8 14 0 21 2 25 30 14 25 2 29 2 0 10 10 30 28 29 17 5 3 3 30 3 0 15 18 16 11 24 18 24 19 6 8 13 22 18 22 11 5 2 2 2 18 25 9 5 24 13 5 3 0 12 30 8 28 24 14 28 13 3 0 30 11 23
0 29 25 29 4 11 26 1 2 15 26 15 7 11 2 4 10 26 23 15 18 13 9 18 3 9 0 16 13 28 16 1 29 26 14 10 0 18 25 7 15 21 16 15 15 0 5 12 5 25 2 25 29 25 21 19 25 22 22 24 5 28 7 19 3 20 19 4 9 29 25 10
23 11 7 19 22 24 26 29 27 19 15 23 11 5 4 12 30 16 20 12 20 27 1 9 0 8 17 6 2 7 22 25 1 23 14 8 18 14 24 29 15 3 26 12 28 0 2 6 8 22 23 11 30 14 23 28 3 30 17 4 14 12 28 23 22 4 1 4 30 2 5 26
18 9 28 1 30 0 3 16 3 30 6 4 5 11 1 27 11 28 7 29 9 12 20 2 15 29 19 10 18 5 15 9 26 24 16 25 11 23 26 27 28 21 26 13 7 3 13 17 24 24 13 9 15 29 2 26 5 26 29 24 29 8 24 0 10 3 14 6 20 0 10 3
30 0 10 20 0 16 14 15 2 27 2 0 7 27 20 19 5 0 3 9 27 28 3 3 15 6 0 2 0 4 1 29 8 2 22 11 26 5 16 20 17 7 28 6 26 15 15 19 0 30 20 23 14 5 15 27 18 1 18 7 9 14 18 2 28 7 12 11 22 28 22 16
9 9 23 30 5 21 25 29 27 2 15 7 6 4 13 2 24 27 6 29 10 1 30 23 26 26 17 4 5 25 22 3 20 26 29 26 28 18 28 20 17 20 29 14 22 0 16 25 0 25 1 13 20 8 23 17 0 6 2 20 2 24 8 2 16 27 27 24 13 26 8 3
3 3 4 20 26 30 27 13 0 10 17 0 25 11 0 12 28 13 1 13 8 1 9 8 28 27 4 24 17 19 17 20 11 29 20 12 6 27 9 0 8 1 21 30 21 15 16 20 1 10 9 12 15 17 22 23 5 9 2 12 15 6 7 26 0 7 10 21 16 18 17 5
8 14 23 28 4 1 27 16 10 20 10 9 21 27 0 22 30 10 19 8 21 2 3 26 9 21 7 7 11 18 2 13 25 29 15 13 23 23 0 1 13 10 1 22 29 6 10 10 8 19 9 7 25 22 15 22 19 11 22 4 3 27 12 22 11 10 3 11 22 27 21 1
19 10 1 5 26 15 19 10 1 1 19 28 22 28 26 18 10 2 14 1 13 14 15 28 20 5 14 13 8 10 21 19 4 5 20 13 20 9 12 10 20 11 12 30 30 19 8 7 26 4 13 13 26 29 11 4 25 3 26 8 11 3 16 9 28 18 17 5 2 21 0 27
0 10 1 30 16 28 13 20 6 16 12 22 8 1 5 28 8 3 4 1 29 20 20 19 18 14 28 26 27 30 12 20 14 18 15 11 8 5 10 3 16 25 13 22 2 26 20 26 22 14 26 29 14 18 7 21 15 2 29 11 7 7 11 9 3 29 19 10 0 11 17 8
9 11 23 0 17 22 23 18 16 3 19 24 29 2 28 1 6 18 13 11 15 17 17 30 12 10 15 27 14 24 24 16 24 5 4 0 6 15 12 13 5 5 10 2 30 6 15 9 15 1 5 28 9 29 5 21 10 2 26 13 7 29 14 0 9 5 23 6 5 9 5 9
15 8 23 12 6 6 18 6 8 6 15 23 29 21 27 28 15 8 29 26 18 16 27 13 27 28 30 23 28 24 1 26 29 18 29 13 28 3 26 9 18 26 10 28 15 25 27 10 1 28 26 9 3 19 4 29 13 24 16 8 8 21 7 27 27 15 30 19 22 29 11 28
21 22 14 7 2 21 21 0 12 12 18 10 27 27 3 10 12 24 16 17 28 24 0 30 2 16 24 17 5 21 3 0 6 19 27 28 7 9 14 11 13 13 8 6 24 19 4 0 19 11 25 1 11 25 14 15 3 5 23 26 10 13 11 22 29 11 21 0 10 9 8 15
25 18 28 24 20 3 3 4 9 5 30 28 14 30 24 11 28 30 11 1 3 29 11 11 8 22 0 11 20 17 23 30 15 5 16 27 21 2 24 15 20 30 28 17 22 6 12 8 3 30 16 29 24 12 7 8 17 30 21 7 24 26 6 6 11 20 20 26 14 24 4 29
29 20 19 11 18 27 6 9 2 26 10 22 19 23 7 5 11 2 11 25 26 9 11 18 2 13 1 19 20 25 26 6 5 22 18 9 24 9 22 6 0 16 26 23 7 15 12 11 16 3 30 26 24 23 27 21 19 17 23 12 2 17 10 13 25 30 16 1 12 17 6 14
13 30 29 3 8 29 20 10 26 23 30 13 13 19 22 27 11 7 16 25 17 18 6 24 11 13 4 26 12 21 5 15 24 7 17 8 10 21 1 10 4 24 0 0 26 14 20 17 8 13 8 11 18 30 28 9 13 10 14 23 18 20 9 23 14 28 10 9 2 29 2 9
23 20 11 18 6 1 13 4 10 22 14 8 4 12 6 20 19 6 15 11 6 10 21 10 3 18 4 5 29 3 5 2 1 30 18 26 27 12 22 20 7 21 27 4 9 17 24 1 17 4 24 7 23 29 20 22 29 27 20 15 2 10 9 6 26 12 9 27 4 1 1 24
12 1 8 12 13 9 27 15 20 0 9 10 15 5 19 24 16 15 9 23 24 0 0 8 28 3 1 15 18 14 14 24 6 0 21 21 3 4 27 17 22 6 2 17 4 3 1 3 23 3 29 2 26 12 23 8 29 14 22 27 7 17 10 14 17 14 20 20 1 9 4 14
9 20 2 0 29 8 30 3 18 17 26 21 7 1 16 14 28 22 1 22 9 18 0 21 21 7 19 24 9 21 3 8 6 15 17 30 25 11 2 8 15 29 30 17 2 3 26 5 15 10 1 24 22 30 8 27 4 11 8 29 19 7 2 17 27 0 6 7 18 26 30 17
4 21 24 15 20 14 28 18 4 14 30 23 25 23 18 24 28 20 1 6 26 4 3 19 3 2 16 23 2 19 4 15 12 11 1 25 12 8 22 27 11 19 16 2 18 0 6 26 26 13 0 6 21 0 0 22 10 5 28 28 5 16 8 13 27 10 29 10 19 14 28 20
13 8 6 12 11 5 15 8 9 30 6 19 25 5 28 28 28 10 30 10 1 28 10 23 14 7 24 1 22 16 18 17 25 2 27 26 23 6 1 21 5 8 9 30 8 9 26 24 19 28 9 23 1 5 16 12 17 11 19 22 30 22 15 25 4 29 20 5 20 0 6 14
4 12 6 6 28 0 24 14 20 4 3 3 0 21 0 28 30 27 17 29 17 14 3 11 22 19 8 3 17 7 6 0 22 1 8 11 13 13 7 3 21 28 24 14 20 23 21 29 14 20 21 6 17 6 18 27 7 26 16 6 15 17 3 0 27 21 4 17 8 3 26 24
4 20 9 0 17 30 15 5 20 21 28 24 22 16 3 21 12 4 23 13 8 21 11 26 1 13 22 8 6 0 30 21 21 17 4 23 29 21 9 5 16 21 17 19 0 26 12 16 8 9 2 6 10 6 24 23 8 2 30 9 30 6 15 22 18 29 9 8 11 24 19 18
27 23 1 22 9 20 15 30 25 8 25 24 29 30 2 12 7 30 11 18 3 3 25 12 3 4 6 28 13 1 3 13 10 27 23 3 16 15 0 12 1 25 30 2 27 17 13 29 2 23 26 18 28 8 6 10 0 11 13 28 21 17 11 9 21 28 23 26 24 13 26 9
10 3 8 20 25 3 29 12 20 19 9 12 10 0 26 3 26 1 26 20 19 13 17 3 4 7 19 25 27 17 6 24 14 5 8 13 4 13 26 29 9 6 1 9 14 7 28 16 21 10 26 4 12 13 24 8 14 9 13 9 4 0 30 4 29 23 10 0 3 27 28 11
13 6 3 24 16 8 28 22 3 30 9 17 0 8 6 2 2 9 26 10 11 27 24 17 22 30 7 18 13 13 19 18 0 7 13 30 22 24 20 10 1 20 26 20 2 12 9 4 15 21 22 24 13 30 27 22 5 8 15 10 27 18 28 16 29 28 5 8 26 17 16 2
28 15 2 1 24 8 23 3 21 9 3 21 12 11 21 12 7 2 5 15 7 15 27 14 9 29 12 15 4 10 30 17 14 24 26 0 10 26 4 28 9 7 0 18 15 2 25 10 6 19 2 0 15 1 12 27 17 20 17 7 22 8 28 26 10 28 7 16 16 29 30 1
9 0 17 18 2 20 25 14 20 23 28 13 18 24 21 29 30 17 7 24 27 27 2 22 13 9 2 23 0 17 13 29 6 29 13 8 20 19 7 4 11 26 21 6 24 7 17 25 8 11 22 15 5 13 24 25 2 14 4 6 18 19 22 12 29 20 13 0 11 1 19 26
11 3 11 30 28 13 11 10 13 12 12 3 2 2 5 5 22 13 0 24 27 27 17 12 13 17 30 10 22 28 14 20 5 10 24 26 30 25 23 26 1 13 19 15 11 18 7 5 1 15 5 11 9 19 30 19 9 23 30 9 0 4 23 17 19 14 4 28 29 9 17 23
22 4 0 16 3 16 6 12 22 10 1 0 0 29 23 15 4 5 27 28 0 16 8 23 10 10 23 20 0 17 15 10 7 15 5 14 11 20 2 4 15 8 5 22 12 28 29 27 24 12 5 3 5 20 28 8 5 11 10 18 22 5 23 5 6 26 30 18 25 19 25 26
30 24 19 19 30 29 22 28 21 4 6 25 22 10 26 15 15 22 23 9 0 14 16 26 15 21 23 11 7 28 5 21 28 4 10 1 22 22 0 27 19 15 8 7 28 28 5 24 27 28 24 25 13 3 19 21 20 19 28 13 28 23 2 13 24 30 2 19 13 12 1 13
12 20 20 19 7 25 21 24 15 13 20 12 2 24 13 6 2 8 14 6 8 29 26 6 10 3 6 23 19 20 13 17 26 22 30 3 11 25 17 5 6 15 5 2 9 9 23 14 4 10 29 22 16 6 7 4 0 19 25 19 8 28 28 6 19 20 10 15 30 18 30 25
5 14 1 0 21 24 2 11 23 14 8 4 30 2 26 8 20 19 19 24 14 2 30 14 11 21 22 25 20 27 9 13 26 25 29 15 19 3 23 21 12 26 13 27 13 16 12 28 24 9 2 19 28 8 28 21 5 26 10 23 22 23 9 9 6 19 19 22 6 12 9 22
22 13 6 27 8 27 27 29 19 16 26 24 1 22 17 16 19 15 8 1 17 1 10 30 17 29 7 22 27 15 16 5 1 14 2 3 30 14 18 2 20 17 20 9 14 25 28 18 1 9 23 3 4 10 30 9 13 5 12 10 15 9 20 6 0 12 5 19 9 24 15 22
15 30 23 24 24 29 7 23 12 0 21 19 2 15 4 27 28 10 9 1 22 28 19 7 22 23 0 27 21 24 1 6 17 5 16 9 6 1 4 4 7 8 5 3 9 8 13 23 30 4 19 13 6 27 0 28 16 22 15 18 20 21 6 0 22 17 2 0 8 12 3 22
1 2 2 14 5 15 14 20 1 20 4 22 26 11 24 8 7 16 28 7 26 24 20 23 25 2 2 9 14 8 9 21 1 5 9 14 7 6 16 10 3 17 16 19 14 20 3 11 12 1 18 18 9 17 25 19 21 18 10 6 29 19 15 10 4 24 30 13 23 5 21 22
10 10 2 17 28 21 20 24 4 28 10 26 6 18 19 4 8 8 23 0 23 21 0 30 20 30 20 29 16 26 10 21 17 22 27 2 23 24 9 19 2 1 22 9 12 25 18 9 1 3 11 15 25 19 21 19 2 0 20 25 20 5 2 10 0 24 24 15 0 16 20 6
23 17 30 0 1 11 19 15 1 15 30 5 2 25 22 17 16 24 22 2 8 28 27 16 11 4 2 9 0 25 2 5 28 7 25 13 27 10 30 9 29 23 15 3 1 19 24 4 0 29 21 18 30 9 3 28 18 29 8 16 26 9 0 20 13 17 27 1 19 14 21 4
26 2 27 14 11 0 4 7 0 4 27 27 23 9 7 11 3 29 24 13 30 28 17 2 25 15 26 26 0 27 23 28 0 3 19 26 28 16 10 29 14 14 2 29 24 16 0 13 16 9 7 3 13 7 21 16 6 7 1 13 3 24 11 1 12 15 23 29 19 18 30 5
13 9 26 21 6 19 0 5 25 12 20 8 9 18 29 27 17 5 30 24 11 19 12 14 6 20 11 15 18 3 1 4 19 20 17 4 12 22 22 13 3 28 13 19 29 24 23 9 16 26 27 6 23 20 16 17 25 15 18 26 12 10 14 20 23 1 25 16 1 5 12 11
12 10 16 22 3 2 21 14 22 16 1 21 20 26 13 27 29 22 10 12 15 17 11 5 14 5 23 27 21 18 24 19 10 30 16 8 1 4 5 2 8 25 22 12 20 22 30 2 20 21 2 14 23 3 8 4 22 2 7 6 24 28 15 13 7 17 18 26 13 4 19 21
17 12 20 30 0 24 10 9 24 10 26 0 0 21 6 7 2 28 16 26 24 16 21 0 11 12 24 15 13 14 13 25 18 17 11 1 20 29 22 1 2 21 16 29 11 13 16 16 27 28 7 30 1 2 10 3 2 29 29 6 6 11 2 25 28 13 15 17 16 8 30 9
14 29 10 19 15 4 23 21 17 4 16 8 12 7 25 30 15 1 29 28 18 8 19 18 22 3 15 24 30 2 10 9 12 22 28 21 28 14 23 23 18 15 0 4 20 3 23 24 21 25 27 13 11 3 30 11 27 5 15 4 22 12 4 13 15 20 29 11 13 16 23 30
28 23 21 29 9 0 23 4 6 25 10 25 30 26 11 7 12 17 22 20 6 9 30 20 19 28 8 0 20 29 11 8 5 28 4 7 13 6 15 22 5 16 4 19 30 14 30 3 20 7 3 2 26 11 22 6 16 27 0 25 1 1 19 29 29 18 11 7 20 17 14 24
23 4 25 12 21 25 7 23 6 11 3 4 26 27 10 4 22 30 7 26 28 13 14 26 13 5 23 29 14 6 26 1 26 20 9 13 12 26 15 27 20 25 9 28 28 11 15 15 18 12 8 23 1 12 11 3 1 18 28 18 24 25 5 9 19 26 2 6 10 13 2 6
26 13 7 3 30 9 30 16 20 14 19 23 8 27 3 21 25 18 27 6 16 5 9 27 18 19 2 15 9 8 24 30 22 13 0 30 11 1 6 19 30 4 17 5 9 2 25 8 3 21 1 14 16 18 23 15 14 9 26 28 12 20 21 4 19 29 11 13 26 7 19 10
23 8 25 19 26 9 1 14 25 30 12 9 14 27 18 26 25 2 6 13 13 1 14 29 24 23 25 17 14 20 1 12 12 18 6 9 7 12 16 26 3 30 12 3 28 13 24 6 2 23 20 17 15 5 15 24 24 21 11 12 13 13 4 7 28 8 4 0 18 22 23 23
13 7 28 30 3 16 14 27 24 2 8 2 23 18 3 26 26 19 9 9 22 20 30 3 15 14 1 29 15 0 21 10 30 10 17 30 12 3 23 23 26 15 23 3 28 20 13 11 0 11 9 28 17 4 21 7 15 28 28 13 0 25 11 23 24 12 30 1 9 22 15 14
10 28 17 30 23 23 5 1 5 13 21 28 4 1 6 12 25 26 29 19 15 22 14 9 27 6 5 28 29 5 5 18 3 27 20 23 20 5 16 15 8 29 12 24 14 15 10 27 12 28 0 7 1 30 26 27 2 29 21 19 0 1 15 11 25 23 1 6 18 24 17 9
20 15 26 6 18 21 4 8 7 21 6 30 29 20 6 6 25 11 9 24 30 5 19 23 23 22 24 21 15 8 7 15 22 25 0 19 16 16 19 16 16 9 21 24 2 5 23 0 26 16 2 25 2 17 22 24 28 26 16 5 28 28 4 8 17 7 27 21 13 22 22 16
