74 74
3 25 6 21 28 6 19 5 16 3 30 24 20 20 25 9 11 24 13 1 14 10 19 5 5 12 3 20 11 16 0 1 28 12 27 21 25 12 30 23 17 0 7 25 0 21 1 0 9 22 6 6 19 18 21 22 21 25 16 18 30 16 19 21 3 4 12 30 3 23 30 10 17 11
0 9 7 15 4 13 23 10 5 22 28 19 2 5 15 7 10 22 2 5 20 11 22 1 6 9 6 0 26 15 11 28 18 28 11 22 29 2 7 16 16 22 29 14 27 27 22 15 6 14 28 10 7 2 5 25 11 10 11 9 21 4 2 9 27 29 29 5 13 21 5 8 30 2
24 12 4 13 28 0 23 26 27 25 12 2 1 5 20 15 21 0 4 24 10 24 1 15 30 4 18 29 13 15 0 13 17 6 13 0 13 29 24 23 30 13 30 3 4 3 26 1 18 24 22 13 2 3 10 30 7 29 26 11 5 30 10 12 23 6 25 5 13 15 20 21 22 3
4 11 5 28 3 26 22 0 20 14 11 1 2 0 9 23 15 0 19 24 5 7 29 14 11 21 10 13 2 25 22 5 15 20 18 17 19 7 1 13 5 0 17 5 24 5 0 5 30 3 26 30 17 10 26 12 12 0 17 21 4 16 11 15 2 24 7 8 23 5 14 28 25 10
24 5 27 18 8 1 27 14 4 2 8 2 0 3 22 4 0 5 6 9 18 16 23 11 20 3 8 21 15 16 28 19 14 14 24 14 30 14 3 4 6 28 19 2 1 5 18 30 14 23 5 20 20 11 22 12 18 1 5 0 5 29 0 10 2 27 25 13 25 6 1 8 20 9
9 3 24 17 28 23 27 28 17 15 7 24 13 4 1 20 25 3 25 29 1 20 21 20 3 0 11 20 19 14 25 3 28 21 25 5 22 5 7 15 6 6 22 28 10 11 10 20 27 18 0 22 24 25 9 16 14 27 9 1 13 10 30 13 11 22 23 23 15 24 5 1 11 19
24 1 11 12 8 15 7 6 25 30 9 30 16 8 18 30 11 22 1 23 4 11 8 8 23 3 23 30 0 24 30 30 26 8 11 16 28 23 30 9 24 0 24 18 22 9 5 5 13 7 13 14 21 11 16 15 8 17 11 24 11 1 15 9 15 15 18 5 12 25 22 5 13 15
29 1 23 11 17 15 17 0 16 29 4 25 18 24 26 9 9 6 27 20 8 29 27 7 27 23 7 26 0 4 1 17 2 21 11 5 6 26 29 4 6 17 20 9 4 27 24 6 8 30 1 13 15 26 4 30 21 5 22 19 17 9 18 8 5 23 7 16 21 14 0 28 28 5
25 2 10 19 14 0 0 30 4 4 5 25 16 15 30 17 17 19 17 3 26 26 16 10 21 15 22 27 3 13 12 22 25 5 22 1 14 5 2 1 14 10 20 12 7 28 6 4 14 1 15 1 19 27 9 9 18 2 25 15 22 4 30 21 10 29 30 12 17 8 22 3 19 3
27 29 21 17 25 3 27 3 17 23 28 24 25 9 22 11 0 29 20 23 22 17 9 17 25 18 20 29 25 19 19 28 19 18 24 30 11 13 11 15 29 20 23 10 23 11 22 20 30 7 20 25 17 21 4 29 22 0 13 5 9 9 7 27 25 22 6 19 9 23 17 22 9 22
8 19 1 12 17 11 30 18 24 11 7 18 12 0 21 21 20 20 18 15 8 25 19 9 20 16 25 30 15 29 29 24 6 3 29 30 28 21 27 18 5 9 5 7 22 29 25 13 1 17 19 8 23 2 26 15 10 1 6 20 25 5 20 20 25 3 1 28 19 4 18 26 0 24
13 29 14 7 10 30 22 16 2 15 27 27 19 11 1 28 10 24 16 5 27 0 16 1 29 30 20 12 27 2 2 23 4 2 19 26 13 23 24 12 30 28 24 16 19 30 27 19 30 8 30 10 2 13 14 29 17 21 6 30 6 21 22 6 17 8 24 14 15 3 6 22 29 28
1 25 7 17 11 5 12 28 13 0 17 2 20 21 13 7 18 10 3 26 23 0 30 13 12 8 17 4 3 27 5 8 26 9 21 27 23 27 16 7 9 28 18 25 10 10 14 3 9 29 28 18 17 1 20 2 22 17 4 28 25 0 7 11 20 19 29 14 21 20 29 24 13 12
10 22 21 30 14 0 19 30 20 14 20 20 22 12 19 20 4 7 25 1 11 1 5 24 11 18 0 24 4 11 21 5 9 25 16 16 30 5 25 30 19 11 11 8 24 9 12 16 22 13 3 5 11 19 17 0 24 29 5 7 15 10 15 20 23 5 5 11 30 17 0 4 10 11
25 20 3 11 18 20 21 25 8 12 16 15 5 8 13 1 29 7 22 18 15 27 5 25 14 1 1 4 22 27 2 27 13 22 11 7 19 2 26 7 22 2 3 12 19 18 1 27 14 5 28 11 10 12 22 28 19 3 11 3 20 19 2 9 15 11 1 17 13 26 27 23 19 30
2 23 3 7 2 18 23 29 25 27 15 14 23 7 26 9 10 29 9 27 15 3 4 10 22 2 18 27 14 19 20 1 1 18 2 0 12 26 23 17 13 30 16 5 9 9 24 17 27 28 5 28 22 20 27 13 18 7 0 25 29 23 17 9 0 24 9 23 1 21 5 16 11 9
3 26 24 29 29 13 24 27 27 15 13 21 1 30 16 11 19 26 15 12 30 11 5 27 12 24 26 20 24 11 1 21 1 3 29 23 16 18 1 12 17 23 0 16 12 4 2 6 24 21 16 9 5 28 2 2 1 21 2 21 2 6 29 22 3 17 13 13 11 28 20 15 26 29
0 2 11 8 27 11 9 17 30 25 12 30 16 8 10 15 14 25 25 27 13 26 27 27 8 8 18 2 30 15 2 14 8 9 8 25 24 10 30 18 23 20 4 3 9 20 13 2 12 10 2 18 3 15 18 16 3 23 30 20 5 22 2 0 26 6 0 13 20 17 21 22 0 18
6 17 30 5 27 21 24 4 26 16 2 2 4 3 0 1 12 30 11 2 2 8 1 28 12 9 14 6 19 6 1 18 13 9 29 9 12 15 12 4 4 1 14 13 25 22 30 17 22 8 8 2 18 14 5 1 28 22 23 11 10 10 27 27 28 19 16 24 20 6 15 16 30 9
13 18 18 29 11 0 11 25 23 22 11 14 11 26 9 21 19 10 11 29 28 1 7 3 23 15 7 26 1 15 3 6 28 9 17 25 25 2 11 16 11 30 27 2 22 29 28 8 30 30 23 28 1 22 16 0 7 11 17 16 1 19 19 29 9 0 22 7 8 12 26 8 26 14
10 19 21 19 6 12 20 18 17 22 26 14 12 1 21 0 16 10 19 2 18 20 11 15 3 18 8 15 8 19 28 11 11 15 11 27 11 9 29 6 21 24 17 24 17 24 10 16 21 16 29 14 7 27 14 22 3 26 27 28 29 17 16 22 24 7 1 1 28 6 24 25 17 17
8 1 21 18 30 26 11 30 5 6 12 14 15 1 15 3 5 19 15 0 2 17 10 0 22 15 20 24 0 14 21 4 0 2 2 29 4 17 26 21 11 7 11 12 17 12 18 0 3 16 12 6 11 22 18 22 25 4 7 20 26 26 5 26 5 29 1 20 29 8 17 14 30 29
19 20 25 11 28 10 24 12 1 25 19 21 1 22 17 30 11 29 22 29 12 2 30 10 11 4 2 1 9 2 4 13 19 3 16 4 7 29 29 30 22 9 27 18 24 2 0 24 6 25 7 0 27 16 22 20 10 1 23 26 2 23 6 4 29 13 26 12 15 4 7 15 6 8
4 0 30 28 13 10 20 3 20 5 9 15 10 24 18 30 3 7 18 15 23 14 24 2 14 3 24 7 17 17 30 23 5 12 1 7 1 16 6 15 13 14 3 6 22 16 21 4 20 23 28 9 0 11 24 14 20 0 19 24 20 25 15 20 10 3 24 19 17 13 1 0 22 2
22 14 1 23 13 17 16 26 22 28 12 4 8 11 11 24 25 19 16 4 24 23 6 5 5 16 20 4 23 29 28 12 19 13 2 4 11 17 24 23 29 14 2 14 22 28 11 28 28 30 18 15 18 1 23 30 28 11 16 15 29 30 15 6 24 0 25 30 13 30 23 13 7 21
9 20 15 4 0 11 16 0 18 5 20 10 6 13 4 15 22 6 9 15 6 18 14 10 27 23 20 0 18 1 16 11 5 8 25 3 7 16 24 3 10 25 25 26 21 12 9 8 20 8 17 21 20 6 12 21 17 0 9 8 12 9 1 18 21 22 23 1 9 30 22 17 18 24
9 7 3 29 7 1 20 24 23 23 11 2 26 29 14 26 29 1 2 23 20 15 19 26 2 6 5 2 20 15 19 11 23 15 22 14 27 22 14 20 17 26 7 2 24 23 20 8 15 7 30 9 26 12 6 18 15 19 17 25 12 17 3 15 30 3 20 1 1 16 9 8 29 27
26 30 10 26 25 22 25 2 27 25 28 0 18 1 8 15 23 21 10 17 9 11 18 12 23 25 23 18 10 24 19 7 1 6 7 2 14 18 6 20 6 5 23 22 21 12 4 10 24 22 28 9 30 27 9 27 29 29 13 7 9 26 0 15 10 30 29 18 25 4 2 8 1 25
23 8 14 14 9 4 9 9 28 13 8 3 13 29 6 7 13 2 21 11 4 1 20 14 20 14 29 26 23 14 11 1 23 5 11 0 14 15 24 18 26 18 20 11 30 26 1 9 29 19 22 5 10 13 0 29 3 21 11 29 10 14 20 27 22 20 25 4 5 20 28 16 17 7
29 14 7 5 29 13 21 9 24 26 22 25 26 26 5 21 0 21 7 3 13 10 25 26 27 3 15 18 9 27 3 0 12 10 9 19 25 0 20 10 5 29 13 16 29 27 15 10 15 11 9 11 15 29 11 19 26 30 12 7 3 20 15 22 24 11 2 9 1 25 0 3 27 27
13 10 10 23 4 26 9 11 19 19 15 23 2 8 1 18 6 6 22 28 29 14 13 17 17 20 19 21 16 15 19 17 5 11 0 4 12 2 17 23 19 17 18 7 5 28 19 25 4 13 26 9 14 25 14 1 3 0 19 15 23 26 26 28 23 8 13 2 17 30 2 0 9 23
6 20 16 2 10 19 4 0 8 20 14 27 29 3 30 22 27 3 26 1 14 17 29 26 6 18 9 17 11 18 9 15 17 26 30 13 30 29 14 11 11 21 19 21 18 23 18 4 3 29 7 3 2 20 3 7 18 30 29 12 5 16 19 29 24 27 13 1 28 23 16 4 19 22
3 0 8 28 9 25 26 17 6 6 27 23 13 28 23 3 16 6 8 9 9 0 20 20 27 30 20 11 17 5 30 7 25 12 15 15 27 17 6 10 13 0 13 24 11 5 16 10 11 16 21 24 5 8 0 29 29 28 24 26 11 6 21 7 25 2 9 14 29 18 26 19 19 6
12 26 22 16 5 0 18 24 23 4 28 10 15 13 10 5 3 1 10 11 22 1 0 25 13 25 2 1 10 6 0 6 4 25 25 15 15 28 19 29 17 13 21 2 18 27 15 7 17 9 25 4 29 11 27 0 14 14 22 17 17 10 7 9 26 13 9 8 1 8 27 29 26 8
30 28 22 26 1 26 11 16 2 30 21 15 12 28 9 27 3 22 20 29 4 1 25 22 18 24 8 27 7 3 9 29 13 23 27 13 4 21 5 21 27 1 5 26 12 28 2 30 10 12 20 22 6 1 21 30 19 20 22 20 30 5 26 10 21 28 27 22 17 1 28 21 13 0
8 12 11 4 19 4 11 29 15 9 0 25 25 27 18 4 15 8 20 2 17 30 17 22 3 11 3 21 28 29 17 30 0 5 22 18 21 25 25 1 22 17 8 29 4 29 3 13 15 26 21 22 2 24 20 7 10 30 0 4 20 9 25 26 22 1 0 5 18 2 7 9 23 11
1 3 23 24 29 29 27 28 6 20 0 21 4 8 30 20 20 13 0 11 8 22 0 9 0 9 12 22 9 28 25 16 2 7 14 26 27 5 13 27 8 8 24 15 7 2 8 1 5 4 8 17 21 2 27 19 22 26 23 29 0 18 2 0 8 8 25 17 16 15 19 5 1 2
25 11 25 5 8 19 20 24 16 14 2 13 22 24 29 23 27 1 30 24 13 24 5 11 11 22 4 25 28 4 22 16 4 11 5 22 21 0 5 28 4 16 23 26 16 7 29 16 17 0 7 30 7 22 30 26 20 2 15 7 17 1 16 27 18 15 30 17 8 5 20 25 16 29
17 29 2 6 1 15 8 8 27 5 28 29 7 23 8 23 29 24 8 8 20 11 19 25 4 6 21 1 2 17 14 23 13 4 24 9 25 0 1 29 5 1 1 30 7 3 27 15 22 9 13 0 21 6 21 25 16 10 26 13 28 14 19 8 13 4 28 4 27 6 5 12 13 12
16 17 2 1 11 22 4 23 5 22 2 30 7 8 3 21 5 20 23 10 5 17 0 17 7 2 29 13 21 21 3 30 15 14 12 3 14 5 4 17 15 22 29 25 29 4 12 18 29 25 6 26 24 18 27 28 20 18 9 25 15 3 11 18 25 13 18 25 8 15 12 12 23 8
15 11 2 13 15 21 0 17 20 30 12 10 6 16 21 13 4 22 7 11 2 7 9 5 6 19 15 4 19 10 27 23 1 5 18 10 26 28 20 25 12 25 6 13 14 23 6 3 22 12 19 16 20 9 29 12 24 22 23 21 26 11 10 6 30 4 26 4 16 28 2 5 20 27
4 20 25 11 22 13 5 23 13 6 17 14 15 13 4 18 2 0 13 29 21 1 14 24 6 20 26 18 5 19 20 30 23 1 9 7 11 24 30 15 9 6 27 8 16 0 12 30 16 11 20 24 30 3 5 23 1 12 21 28 12 23 23 6 28 4 23 2 9 28 13 29 24 22
26 16 26 9 15 27 30 29 28 17 24 15 10 16 10 30 30 9 5 23 11 20 26 24 13 19 29 14 29 29 0 4 27 12 27 24 11 30 19 21 2 10 8 2 28 10 24 16 9 2 27 12 17 5 16 28 24 22 3 16 9 27 2 1 7 25 20 18 0 1 7 11 29 23
16 7 3 7 12 1 23 2 2 14 11 30 8 2 10 8 12 26 15 14 14 27 10 6 6 27 3 13 23 17 5 12 4 8 30 23 6 12 4 8 16 7 12 0 23 15 13 16 26 12 9 14 1 20 23 18 22 3 0 10 21 27 20 24 0 12 23 27 22 4 17 16 16 5
25 24 5 2 24 0 6 8 25 12 11 8 22 5 19 8 29 12 19 25 30 27 16 19 29 12 9 6 11 11 1 1 28 10 24 25 19 18 16 10 8 8 24 26 2 23 20 17 16 22 11 7 24 21 18 9 4 29 10 26 10 22 30 19 21 28 7 0 26 24 1 30 4 5
6 10 3 13 0 6 3 10 23 26 18 9 0 30 0 28 18 8 7 13 20 27 30 28 21 6 8 21 2 6 24 8 0 22 4 3 21 30 28 23 20 24 7 1 11 6 29 3 13 0 0 11 15 9 18 2 2 29 21 29 12 25 6 2 22 25 0 12 28 10 7 0 2 8
5 24 29 12 25 13 30 20 9 4 9 18 20 9 25 8 0 7 22 19 5 13 11 12 9 23 23 7 5 0 1 12 3 13 13 3 25 11 1 7 13 11 16 28 28 28 9 23 18 1 28 0 15 17 2 0 16 11 26 17 26 2 5 19 14 3 16 16 1 10 6 2 30 14
21 18 6 3 29 0 22 11 0 2 21 15 29 28 30 0 4 18 22 12 29 6 4 22 6 25 14 29 17 20 6 22 26 12 13 9 8 14 8 17 16 10 27 27 8 28 9 2 21 7 28 17 19 23 0 10 21 2 4 2 2 10 10 22 0 1 12 13 13 24 28 23 29 4
6 11 15 2 25 28 1 21 25 23 8 22 2 1 2 3 25 4 24 25 22 18 30 7 13 7 12 26 29 29 16 8 20 22 16 30 16 18 18 0 1 17 17 18 15 1 27 27 11 11 7 20 7 16 14 27 9 1 20 18 15 17 30 15 4 26 16 2 13 13 2 18 0 20
28 9 22 10 20 5 29 14 23 15 15 28 21 26 0 21 27 13 12 13 2 0 25 10 19 24 21 9 2 4 19 15 8 22 1 8 25 10 10 3 4 23 20 17 6 8 4 12 6 25 29 18 19 13 1 26 3 20 0 16 15 19 19 26 10 21 21 28 28 14 4 8 23 5
9 30 11 28 23 9 28 29 18 17 8 3 1 30 28 1 0 24 8 2 21 8 26 8 21 9 1 14 5 5 25 2 5 11 30 30 14 25 17 14 3 18 5 11 3 16 30 3 28 17 10 25 4 22 21 2 1 17 19 5 26 1 9 24 14 0 5 13 15 30 19 1 23 4
6 10 19 24 5 14 16 3 18 23 22 15 13 24 24 11 30 2 21 9 28 8 8 20 12 15 13 29 16 18 5 7 18 3 9 25 14 26 5 28 5 29 20 7 30 14 19 5 10 17 24 22 26 21 17 24 28 3 21 16 9 26 23 30 20 9 4 17 26 18 7 0 23 1
22 28 28 2 14 24 10 3 13 10 13 8 29 7 3 8 21 18 17 17 19 10 25 28 19 2 1 25 19 12 16 9 23 27 4 16 4 6 9 7 11 3 25 13 30 1 14 1 2 13 13 5 9 3 21 24 10 3 1 22 23 7 29 8 16 1 4 12 7 26 3 12 15 16
14 23 16 14 0 8 25 13 26 26 21 13 18 16 13 19 16 9 0 7 22 22 8 23 6 27 1 27 3 23 26 11 26 2 13 17 26 11 25 17 30 19 4 2 30 2 10 6 9 23 13 3 20 5 24 13 6 7 3 7 12 27 10 9 27 29 8 27 15 19 20 6 24 1
2 22 30 16 24 3 10 7 13 28 5 2 1 2 24 3 8 21 29 29 28 29 22 20 5 26 14 3 2 19 6 19 23 12 26 24 24 19 6 1 7 28 8 21 9 3 12 24 8 4 8 22 1 26 18 25 27 26 3 30 8 3 12 3 11 19 0 24 21 1 17 21 0 15
12 29 10 29 26 16 21 6 25 5 21 21 10 0 7 5 22 10 29 5 12 28 17 29 18 30 8 6 0 19 0 28 12 29 8 15 28 24 20 29 30 4 20 10 27 0 11 3 0 29 5 6 0 8 6 28 6 26 0 19 16 6 11 18 18 9 18 12 9 6 26 15 6 6
16 3 12 5 0 30 18 9 24 19 30 2 30 28 20 3 2 11 10 21 24 1 14 23 10 1 14 4 25 11 25 24 30 8 19 15 6 1 5 3 19 11 2 2 15 8 10 5 20 17 21 3 0 5 28 12 15 7 20 23 17 4 7 11 26 23 21 15 13 25 11 6 4 10
19 5 23 10 1 5 22 2 21 27 10 5 13 30 15 0 6 9 8 8 22 10 23 21 13 23 28 14 30 23 23 30 7 27 27 4 6 7 30 1 13 9 2 17 22 22 20 20 11 9 30 20 6 25 20 14 29 30 15 6 25 5 6 24 16 3 13 22 6 5 17 1 1 15
6 16 0 19 4 9 28 3 6 18 0 6 12 16 1 25 7 14 4 26 19 15 6 27 28 0 9 11 24 24 14 17 16 10 14 24 23 21 14 23 24 7 29 19 5 17 28 6 3 14 3 25 17 29 13 2 23 9 1 22 0 13 8 7 23 23 0 27 18 26 5 10 29 26
8 18 2 25 20 28 12 3 13 30 4 16 30 25 29 18 25 11 29 18 16 19 6 12 23 28 23 15 28 8 19 24 6 19 8 5 2 8 10 5 20 5 12 11 22 10 23 13 19 27 17 19 8 1 14 6 28 30 30 28 0 30 20 18 24 8 15 27 0 18 18 23 22 25
1 3 26 6 25 5 11 26 14 1 5 6 10 3 9 18 8 16 4 18 19 11 1 8 12 24 19 28 4 3 11 22 14 28 18 0 10 7 7 6 1 22 28 9 25 7 5 14 26 12 4 13 30 19 5 23 21 20 21 8 17 8 21 24 7 25 12 29 11 0 28 28 0 4
7 26 30 3 9 3 24 27 25 18 1 20 5 11 26 23 7 14 4 2 19 25 17 28 16 18 3 29 21 13 12 23 23 13 28 28 19 1 17 10 18 24 13 7 23 29 10 14 7 23 30 5 3 2 30 25 27 29 26 7 18 15 26 0 8 28 21 28 23 25 12 15 20 1
24 11 9 15 21 7 24 20 12 19 3 20 18 23 25 16 30 18 27 5 16 1 26 27 26 20 11 4 5 23 28 27 11 7 27 27 20 3 18 10 0 4 30 20 19 28 8 21 3 21 17 15 12 19 22 4 16 24 21 30 11 5 10 29 25 11 6 24 26 22 0 2 29 30
16 3 27 20 29 8 8 17 23 0 29 25 7 26 8 30 14 16 16 5 24 28 7 14 13 4 26 2 22 18 24 29 14 30 12 4 5 11 0 10 19 6 20 24 24 27 24 23 17 27 13 0 1 24 7 6 11 11 30 11 6 20 5 6 6 2 5 12 5 10 4 23 12 9
23 2 27 24 24 24 27 11 5 7 9 5 29 10 24 27 28 9 11 26 8 19 17 0 21 14 4 25 6 15 24 14 17 27 17 24 6 17 7 7 25 10 24 27 6 24 13 7 17 11 17 21 15 13 29 27 23 6 2 5 9 17 0 14 27 14 7 12 10 18 29 25 17 7
27 22 9 25 10 24 26 17 9 13 28 28 11 6 5 26 7 13 21 11 27 6 7 27 21 16 6 19 6 25 14 17 23 23 8 1 11 18 15 27 26 17 6 14 28 12 22 12 20 20 23 12 28 20 1 9 3 14 29 1 22 1 19 6 14 15 13 12 11 1 25 30 17 29
22 21 24 23 6 27 6 6 4 13 19 15 8 30 24 0 29 22 27 23 21 24 18 0 22 25 16 18 19 6 17 12 22 25 14 16 3 8 13 27 12 27 2 22 11 9 6 6 19 25 24 22 24 25 2 27 9 3 21 4 5 18 27 6 2 13 28 2 14 7 27 23 27 21
13 16 7 7 9 25 3 25 30 28 25 18 17 3 12 29 10 4 2 5 3 15 20 1 9 12 29 21 11 10 10 23 12 7 2 25 10 21 12 20 23 27 23 30 18 11 3 19 17 24 30 29 10 9 24 14 10 0 8 29 2 2 19 14 14 15 1 10 17 30 4 24 9 18
18 18 19 22 18 19 17 0 4 9 14 10 10 2 2 9 16 1 12 25 25 25 4 7 12 29 3 17 4 7 5 29 0 17 2 17 28 17 8 22 28 16 13 3 4 30 29 18 15 18 20 8 23 12 14 23 14 3 14 22 30 15 13 2 6 29 12 30 23 20 17 5 8 15
30 10 16 13 15 12 13 22 15 8 22 16 5 7 16 17 26 4 20 26 24 8 10 6 6 2 23 30 17 24 0 12 13 23 22 5 0 27 11 3 12 23 5 28 15 2 29 25 19 30 25 9 7 7 15 20 28 2 2 0 22 2 22 20 16 16 28 9 13 30 25 14 19 29
12 10 20 9 24 2 2 21 22 5 18 4 15 9 22 8 3 19 17 5 17 1 10 8 1 23 21 20 21 14 18 2 25 10 1 7 7 12 29 29 12 7 19 17 9 1 16 25 12 23 28 14 2 2 9 4 1 0 3 7 4 16 4 8 17 7 14 5 19 2 4 10 17 12
4 10 4 27 20 7 15 15 0 15 21 18 10 29 10 9 24 29 7 26 10 17 29 10 13 18 27 3 6 6 0 13 27 3 27 26 23 4 20 2 12 20 0 20 21 21 6 10 12 17 24 13 9 0 11 0 15 30 22 30 12 0 22 12 21 25 7 8 14 18 28 30 8 12
8 19 13 4 14 22 1 10 8 16 28 6 16 11 25 20 0 25 29 8 20 16 8 11 20 2 5 27 3 26 4 12 0 27 18 4 14 19 4 28 17 11 19 30 4 24 8 28 29 13 1 8 28 1 6 20 2 5 15 8 3 7 24 17 30 1 27 16 26 14 16 3 22 18
13 20 25 26 13 2 29 4 30 11 20 24 10 10 11 20 4 12 19 11 21 15 29 8 2 21 23 3 9 0 17 23 2 11 25 12 25 5 26 2 17 10 27 13 23 0 20 19 12 28 1 8 28 6 20 2 4 12 23 19 9 13 21 20 28 14 4 19 8 3 28 18 1 13
