75 75
25 13 0 2 10 19 18 14 5 7 28 18 4 19 27 7 26 0 22 3 4 27 27 15 23 18 17 7 20 28 0 12 18 11 17 5 8 12 9 25 2 27 13 12 23 17 0 17 8 22 18 16 14 8 23 11 8 7 0 25 4 28 9 20 20 4 8 17 27 24 22 21 11 16 11
29 4 30 28 26 5 13 29 1 10 12 12 0 17 6 16 23 16 9 5 25 29 18 9 9 30 29 5 7 23 7 7 20 14 27 5 6 19 20 7 6 13 1 7 21 22 7 3 8 3 2 12 13 24 27 26 2 15 17 24 28 26 5 22 0 1 23 10 26 5 23 21 13 11 19
3 8 15 0 11 25 16 20 2 4 30 30 28 14 9 12 23 28 22 16 17 15 12 15 29 9 3 28 3 23 3 11 25 26 6 11 8 11 21 27 8 18 0 8 14 8 11 28 5 4 22 28 9 11 17 13 8 11 12 24 27 14 11 10 10 29 11 26 1 12 24 25 25 12 5
30 25 22 10 5 27 24 20 22 24 3 19 10 21 11 30 15 16 22 2 22 13 22 26 5 23 3 6 11 15 4 6 0 1 21 22 21 8 0 29 26 2 23 22 15 8 6 24 12 0 0 8 15 25 2 2 16 24 5 8 17 7 22 9 22 25 23 13 7 1 2 6 0 30 19
11 12 29 14 7 8 21 6 25 3 19 7 25 4 29 9 25 0 16 18 12 21 0 7 19 18 11 21 3 14 2 0 9 2 14 27 26 29 2 11 3 0 7 30 16 25 27 9 19 1 9 23 10 24 14 29 28 27 3 7 21 21 30 29 25 23 19 3 28 21 28 3 9 6 24
17 8 22 21 27 27 4 20 11 3 13 7 21 21 8 25 16 29 19 14 29 10 5 6 19 25 18 12 24 28 23 9 17 7 5 1 14 23 20 13 24 5 2 17 25 27 2 26 7 3 11 24 30 3 16 6 5 16 0 6 6 5 16 20 22 17 8 28 27 23 7 18 2 25 20
12 5 15 30 8 7 24 26 23 23 2 18 21 28 22 21 6 1 25 13 16 20 6 23 4 15 1 6 24 8 11 14 23 7 12 23 9 20 19 11 29 7 6 11 13 12 5 3 6 27 14 10 27 17 3 19 30 22 3 11 1 21 8 28 30 11 21 12 1 10 8 21 1 28 28
19 19 17 4 29 30 10 22 1 29 22 17 10 25 1 30 10 0 25 19 22 20 13 10 29 0 14 12 21 29 22 7 9 13 14 5 3 22 0 26 29 8 30 0 19 3 27 24 30 30 30 7 15 30 22 16 25 12 24 4 4 10 26 1 22 23 7 25 25 5 16 29 24 5 14
15 4 7 20 11 7 17 16 28 16 26 2 1 16 29 12 10 2 10 20 27 16 4 10 28 6 1 29 21 23 6 24 0 8 21 10 8 27 7 22 4 21 12 6 3 13 6 13 6 0 11 1 11 22 4 9 24 2 3 3 1 23 1 5 11 25 24 20 30 9 25 10 5 27 25
24 9 12 15 0 12 13 19 29 27 21 6 8 2 25 10 4 4 1 3 29 0 20 9 13 0 15 7 4 26 15 17 14 24 15 26 29 29 14 29 14 24 18 20 23 8 11 30 9 11 21 12 29 8 4 28 23 4 3 17 25 25 0 24 25 6 11 18 18 8 18 3 6 12 11
27 4 8 29 11 19 21 23 0 20 10 17 11 15 13 26 2 27 27 6 21 1 15 6 24 20 15 23 6 0 8 0 6 3 28 12 29 14 26 9 9 26 12 27 17 18 4 2 23 14 18 19 18 6 0 1 28 7 13 27 10 24 20 6 0 17 5 26 27 17 22 10 27 1 18
20 8 28 13 8 7 8 28 17 8 3 18 2 25 3 4 4 3 16 15 26 14 14 19 23 1 27 15 25 21 26 28 23 2 24 3 26 16 6 2 8 23 15 21 11 6 12 1 30 7 18 4 2 16 22 28 8 20 23 3 4 9 0 21 13 9 22 5 6 5 24 1 17 9 30
21 16 10 17 23 6 26 17 20 9 24 25 5 7 20 17 12 16 21 16 16 23 6 21 21 0 24 14 7 19 20 28 22 11 18 2 19 28 19 1 19 8 27 11 0 24 3 8 19 15 14 8 24 1 21 25 22 16 26 30 28 23 29 6 10 24 20 7 12 22 28 12 13 22 17
15 9 27 28 6 14 14 10 29 23 6 0 21 11 18 2 19 10 23 23 2 23 2 11 11 18 23 21 2 4 0 27 4 18 25 5 16 23 0 26 13 17 13 8 14 7 8 19 24 27 8 19 21 13 8 1 25 21 27 20 11 14 18 5 2 12 5 22 3 14 17 10 7 22 8
23 10 28 22 17 25 19 9 13 11 17 21 8 3 25 12 7 11 9 15 11 29 0 22 18 12 6 22 28 18 2 25 6 12 1 28 2 3 14 5 8 26 17 13 17 25 0 8 25 2 19 2 21 25 20 23 0 21 29 2 12 28 7 12 30 13 26 5 12 21 17 7 2 13 26
10 16 11 23 29 17 15 11 30 6 12 5 6 3 26 6 12 10 0 21 25 1 13 11 4 22 22 4 12 15 4 22 1 23 7 25 6 26 27 20 14 17 19 4 20 25 29 29 0 15 18 0 20 26 14 29 5 14 6 28 25 2 20 1 3 14 3 15 13 7 0 13 27 15 22
28 7 10 15 12 19 21 4 4 5 20 22 14 7 0 0 18 22 16 8 24 2 24 0 4 0 25 2 22 6 21 4 15 26 28 26 8 14 0 23 19 4 2 7 0 19 14 14 24 16 25 8 15 8 3 19 12 28 10 14 4 29 0 3 29 29 4 28 13 27 21 11 30 25 13
24 21 8 21 16 24 13 8 12 24 15 15 29 25 12 12 19 19 14 10 0 21 26 4 7 29 8 28 14 7 4 5 12 12 28 26 3 14 28 1 0 20 26 8 15 27 4 19 2 6 29 27 23 17 26 8 13 30 12 29 4 27 12 16 12 21 22 3 11 25 15 8 20 21 6
28 19 8 29 12 27 13 24 16 2 29 18 8 13 17 6 0 5 17 15 6 3 28 16 30 21 15 10 20 11 23 6 10 15 9 17 13 30 10 13 25 19 13 28 14 13 23 8 3 7 9 29 11 5 18 6 26 10 16 22 30 24 26 18 17 8 17 15 26 25 19 8 5 3 8
11 1 18 3 0 6 29 5 21 22 15 21 3 17 0 14 12 28 14 26 17 23 20 7 1 26 17 4 12 29 25 0 22 16 23 11 0 24 5 29 9 19 28 11 1 26 8 11 11 9 19 24 20 30 2 7 25 29 28 20 27 23 4 22 0 1 19 10 16 20 25 0 0 7 10
5 20 5 29 25 2 16 14 9 1 0 11 8 21 14 6 4 21 16 24 11 23 26 22 14 25 28 27 19 18 19 16 22 16 13 26 12 14 12 24 12 24 15 14 26 27 6 5 19 7 4 3 7 14 26 13 22 8 9 26 18 25 15 28 29 27 7 26 14 18 29 0 30 11 5
21 18 21 14 20 0 30 24 19 23 3 25 5 10 26 18 20 12 23 30 3 24 8 28 3 4 16 2 29 24 18 2 27 9 23 3 12 8 8 0 12 21 27 24 22 24 25 13 8 20 16 7 25 24 22 22 19 26 3 24 16 0 14 9 21 18 7 5 14 7 19 15 30 29 17
16 8 16 8 12 14 21 4 7 18 6 4 2 24 26 14 18 29 8 16 4 28 25 24 5 1 24 19 25 29 12 30 26 20 23 2 2 24 14 20 22 28 20 1 10 29 19 23 1 27 2 6 25 3 14 21 12 14 25 4 29 5 24 24 7 30 15 19 2 9 11 27 4 11 3
5 3 28 21 7 1 21 8 22 24 4 15 10 24 21 15 20 30 16 25 10 4 24 18 20 8 10 2 3 11 8 7 15 14 27 17 9 0 29 23 17 8 7 4 22 2 21 21 10 26 7 17 30 28 26 14 0 1 9 13 11 23 26 23 9 26 8 10 16 14 9 30 20 3 5
29 27 14 13 18 10 21 29 3 29 29 29 3 2 26 28 14 0 14 9 11 18 6 14 2 20 27 25 15 13 2 17 23 0 21 26 0 25 16 27 4 18 12 19 17 30 25 1 23 28 7 19 11 2 29 9 15 8 18 8 4 12 9 27 9 21 25 22 24 22 19 19 25 13 20
16 3 15 16 29 1 9 26 25 18 9 2 4 9 18 1 19 15 26 22 3 29 16 17 28 23 27 0 13 12 24 3 12 10 10 18 9 21 15 3 19 6 13 6 29 7 4 27 6 23 21 12 4 16 11 8 14 2 19 10 17 8 24 18 18 23 17 4 8 4 27 2 29 11 16
6 30 25 6 29 2 30 8 3 5 10 20 19 0 2 13 23 12 15 5 10 17 2 29 30 7 0 11 8 25 18 6 10 18 30 13 20 2 25 18 19 23 24 30 12 27 30 17 14 22 13 23 11 20 17 12 26 18 23 19 17 21 19 5 10 22 3 2 19 14 9 3 28 9 30
22 4 10 12 11 23 30 30 17 3 18 9 22 21 14 24 24 21 22 6 0 21 5 10 24 13 9 17 14 15 1 7 7 10 1 3 5 26 14 28 11 19 3 13 30 17 8 17 13 6 8 13 22 9 9 14 14 21 23 23 28 11 17 10 10 20 20 18 10 27 17 29 23 1 5
14 1 14 9 16 4 19 11 18 6 13 10 17 4 7 4 29 13 0 29 15 5 27 20 8 25 11 7 7 10 2 17 3 30 26 6 12 26 11 7 10 29 9 25 11 1 10 22 9 6 26 11 27 29 8 8 3 30 30 25 9 6 19 22 28 29 28 16 30 30 3 9 29 18 15
26 26 28 2 11 4 15 1 25 10 0 20 11 10 13 6 21 24 27 23 14 13 20 22 22 22 12 28 13 4 12 2 24 16 15 13 16 10 6 10 2 19 14 14 6 26 28 29 25 13 20 13 25 25 24 13 5 8 26 19 15 2 15 7 24 8 28 24 29 29 27 4 12 11 17
5 0 2 16 19 6 0 13 26 24 25 4 7 26 20 10 11 5 17 29 30 6 1 13 1 22 3 27 5 4 16 29 1 10 29 16 4 3 23 23 1 4 16 16 2 12 30 3 30 6 30 8 27 1 25 21 22 23 8 14 3 15 23 16 1 18 23 27 0 23 30 0 9 3 24
21 21 19 7 11 4 28 7 10 5 1 26 21 14 2 10 12 3 11 6 22 2 28 3 18 5 19 1 18 25 14 14 9 30 26 6 17 9 29 12 16 30 27 0 4 0 25 24 20 19 15 3 23 15 14 23 14 18 24 0 21 6 28 13 16 28 29 22 5 20 0 18 16 7 6
6 10 28 11 21 24 27 19 2 1 8 5 7 0 12 14 11 22 24 15 15 22 22 20 7 16 28 19 28 24 15 13 30 27 19 25 3 27 11 15 4 21 27 23 19 23 15 12 0 7 12 18 8 19 30 5 11 29 0 7 25 16 14 29 6 20 22 16 17 7 26 5 23 11 2
11 21 5 6 0 24 18 14 29 10 4 30 0 10 20 8 26 11 15 24 13 7 9 9 11 30 15 4 3 27 28 8 22 27 6 5 5 15 9 14 28 3 30 13 1 22 23 5 12 6 22 23 17 30 13 14 0 11 12 3 27 11 28 3 10 21 24 0 2 3 2 22 1 22 26
25 8 3 14 22 9 14 25 4 7 8 4 0 23 3 3 28 27 30 23 16 8 29 3 6 7 24 21 30 0 10 25 21 18 11 22 29 2 30 29 8 6 21 2 20 6 12 7 29 10 13 11 15 22 22 29 27 4 20 22 22 18 24 5 2 9 13 1 27 21 2 25 9 12 19
19 27 3 4 22 1 0 3 5 1 11 30 2 29 30 17 6 2 6 3 12 6 12 17 18 18 6 4 10 8 21 24 2 24 17 12 30 21 3 26 6 17 4 24 7 23 10 22 15 15 26 10 11 22 20 12 29 17 2 24 15 6 9 17 26 6 27 4 6 20 5 4 27 4 7
3 15 3 15 10 29 7 6 7 21 21 22 23 19 11 3 11 17 7 9 26 19 0 17 11 28 18 0 25 25 20 23 14 27 2 24 20 23 8 4 25 19 10 29 3 8 16 27 13 10 24 22 27 18 14 30 12 16 20 2 0 17 5 6 5 28 6 18 14 16 16 23 23 4 27
5 14 10 8 25 3 13 7 2 2 4 16 21 2 0 26 19 8 24 16 12 8 11 8 23 15 29 19 12 26 18 10 27 4 17 30 2 25 16 3 3 28 19 8 29 13 22 27 23 29 11 23 9 15 4 12 6 3 30 5 12 25 27 22 14 5 5 21 28 6 23 3 11 6 21
1 28 28 4 26 26 24 25 24 14 29 14 8 4 18 7 15 26 24 30 15 1 23 5 11 29 13 1 8 30 15 13 11 30 4 16 0 5 2 24 24 11 21 7 16 25 26 22 13 27 1 25 18 16 29 0 14 30 15 10 11 6 8 8 29 7 22 11 30 25 23 9 9 3 26
6 0 14 4 13 24 20 10 4 23 28 12 0 1 3 6 16 15 15 14 3 14 1 6 18 26 13 6 5 27 21 22 30 4 3 7 11 16 19 5 6 9 20 23 10 0 28 2 5 1 21 27 9 14 18 10 15 14 9 4 8 25 3 18 6 23 18 20 21 20 2 15 9 22 17
3 15 9 23 17 28 22 10 30 9 29 4 12 9 20 27 15 22 29 29 1 6 6 24 24 10 5 11 13 0 26 13 22 4 15 13 11 9 21 6 6 3 2 28 1 24 19 21 16 23 2 27 4 26 3 2 3 18 4 24 10 0 0 28 26 3 25 26 10 19 12 18 2 25 12
23 18 12 4 21 4 8 30 17 25 7 6 29 20 20 12 15 14 20 29 10 25 19 9 24 17 22 4 23 14 0 5 25 10 9 29 18 2 7 17 8 24 28 18 18 15 20 11 10 25 10 27 0 29 7 10 20 19 13 2 1 14 15 0 27 5 1 22 4 24 13 25 5 11 26
3 24 15 3 19 30 15 4 11 15 30 26 10 12 28 14 14 13 22 7 11 18 6 21 13 3 24 1 24 14 23 15 7 24 19 15 4 29 13 11 0 12 1 22 28 1 12 1 7 13 28 22 9 18 14 3 0 9 8 0 30 9 28 11 6 29 22 0 2 1 19 14 28 14 30
28 2 24 24 14 23 8 28 7 11 2 13 3 21 4 1 9 22 6 27 24 24 6 1 20 16 20 6 4 15 21 20 24 23 29 3 30 27 14 27 27 14 11 8 6 22 16 23 26 15 11 10 19 7 7 10 12 26 19 24 13 1 5 18 4 29 26 8 11 12 29 4 14 5 15
1 25 7 19 8 14 24 7 3 25 15 3 21 0 22 20 8 14 5 12 5 17 19 3 27 5 4 20 28 25 2 30 22 7 26 1 25 25 18 22 10 0 11 9 11 12 30 26 8 19 6 3 27 21 3 0 17 25 0 7 8 14 29 28 30 18 10 0 29 30 16 19 1 30 15
26 20 21 30 19 4 2 24 24 16 6 7 4 25 27 16 29 26 14 13 28 26 24 23 20 7 19 26 8 28 26 4 6 19 10 21 30 24 29 21 7 4 26 10 10 9 12 29 14 4 11 28 11 1 24 4 16 19 0 8 2 0 10 2 1 26 5 18 15 15 6 10 10 26 9
10 1 11 6 1 29 4 5 16 6 15 17 10 21 10 23 29 1 2 28 18 25 8 9 9 2 7 11 5 16 7 15 23 6 28 8 1 6 21 23 28 12 15 26 9 9 18 14 7 3 6 6 25 25 23 7 5 19 6 14 15 10 20 29 7 25 12 2 2 22 8 29 2 10 13
23 22 2 8 4 20 7 7 21 15 16 11 24 21 2 5 0 5 27 27 11 7 3 18 3 24 14 7 20 6 18 29 1 16 21 2 20 4 19 15 21 7 4 26 14 19 3 22 24 0 8 0 25 16 7 4 26 12 27 26 17 9 25 9 19 8 14 19 22 15 4 26 18 30 28
14 9 2 11 0 11 8 0 12 3 12 29 12 16 19 9 15 22 20 7 15 6 17 20 1 21 21 25 30 10 7 5 24 4 22 28 8 6 18 28 16 23 16 17 6 12 1 16 11 20 29 11 18 10 0 11 1 13 9 24 0 26 13 19 28 16 5 22 8 25 8 6 19 4 27
24 20 19 26 23 9 23 21 2 29 11 3 21 23 16 19 3 24 4 4 30 19 19 11 10 29 7 19 2 3 1 18 17 6 16 12 21 11 5 25 24 5 27 22 24 9 10 24 27 18 22 0 27 10 3 24 26 16 8 13 29 24 9 4 10 26 25 29 14 11 1 29 0 13 5
6 26 6 4 21 19 0 26 22 6 17 0 15 27 3 22 22 13 30 3 11 1 10 0 20 6 2 24 10 24 9 12 8 19 21 14 2 6 0 13 16 19 26 9 11 12 9 8 5 1 21 18 15 30 9 24 17 18 29 27 12 30 29 0 19 29 1 17 20 11 10 20 14 8 5
2 9 22 7 3 21 14 3 13 24 14 25 30 15 11 20 0 14 20 19 20 20 18 19 9 15 27 12 19 20 26 3 2 24 12 9 12 15 29 1 16 19 20 16 13 2 13 22 1 8 0 2 23 18 6 23 16 1 21 3 7 4 9 20 0 19 17 23 23 9 25 24 16 13 2
15 20 26 12 24 7 11 19 22 1 24 6 13 12 23 8 25 4 20 11 11 4 16 9 17 21 30 7 4 20 8 2 13 17 20 25 11 12 17 28 25 11 4 23 8 5 0 22 18 18 18 9 27 16 15 4 0 17 26 8 26 16 24 15 13 22 10 17 17 11 6 3 9 2 11
12 23 13 11 20 21 18 26 27 11 5 25 10 28 2 18 14 17 18 16 2 12 12 0 28 25 25 21 26 2 1 10 18 20 4 27 6 2 25 25 16 11 15 11 26 0 19 14 1 6 7 18 0 6 17 10 4 12 9 7 11 6 11 7 17 4 19 10 21 3 4 13 25 15 21
23 6 2 8 25 12 27 23 25 5 28 4 10 19 1 6 4 18 2 8 21 28 3 9 15 2 6 23 19 26 11 9 29 1 25 23 5 20 30 17 9 2 18 28 30 6 24 30 6 22 14 19 7 5 6 4 23 13 9 18 11 10 8 22 28 17 10 25 13 25 14 8 28 17 11
12 6 15 14 30 29 2 10 10 11 1 13 16 7 28 21 9 3 21 10 21 30 2 3 25 26 3 2 23 23 0 17 27 27 19 1 19 0 9 12 18 2 0 6 17 23 3 0 21 27 4 12 11 22 27 8 26 15 5 7 4 27 9 1 25 21 20 12 3 20 15 18 11 24 2
16 2 9 22 18 10 16 7 1 26 23 29 5 1 20 1 16 27 19 10 13 6 19 11 5 25 2 11 15 15 23 8 30 7 6 30 17 26 2 13 29 29 19 30 3 21 29 7 0 15 25 18 17 24 5 9 17 30 6 4 4 7 13 25 7 25 29 22 20 10 5 24 0 23 2
3 4 3 2 29 17 14 18 28 18 3 19 0 0 13 7 27 0 23 23 22 30 2 17 24 14 28 12 23 27 3 15 11 13 0 26 2 5 15 22 30 8 10 17 15 22 18 9 19 6 25 17 30 27 27 10 27 15 18 11 10 13 16 14 11 22 23 16 9 21 17 18 21 12 0
12 21 0 3 2 5 15 10 1 26 21 21 18 11 15 12 29 15 17 14 0 6 23 0 8 18 15 16 27 14 10 15 30 14 14 1 2 10 16 16 14 0 29 13 23 27 11 18 27 16 18 24 4 27 20 0 17 8 11 11 1 2 25 9 29 20 27 23 17 8 2 22 30 14 18
25 27 29 26 26 4 22 30 9 26 5 11 23 18 28 2 26 28 13 16 18 14 14 14 9 12 2 22 1 17 24 9 26 0 14 25 7 5 3 24 10 14 25 1 21 20 20 11 22 10 14 5 17 15 4 5 16 7 2 24 20 12 4 28 17 24 2 11 26 9 4 16 0 11 16
23 13 30 11 10 6 21 16 26 29 25 24 1 16 0 27 3 1 10 29 10 6 16 15 6 27 25 26 6 29 21 16 15 6 2 4 27 15 11 2 14 15 24 12 23 21 19 21 20 2 21 7 21 22 16 28 15 8 25 3 0 1 28 16 19 21 22 2 5 24 19 10 29 27 4
15 9 6 6 7 15 23 15 20 24 17 14 13 18 14 18 10 9 13 10 25 30 15 20 17 30 21 28 29 20 6 6 1 5 16 12 23 15 5 7 18 4 22 12 2 25 9 25 18 27 14 16 5 18 5 19 28 5 15 26 29 0 11 6 14 11 9 21 18 26 1 7 28 10 2
0 7 23 13 26 24 7 0 25 5 6 26 29 4 16 28 2 16 20 5 20 2 8 11 19 5 18 11 19 28 22 10 4 24 6 8 19 11 11 14 16 6 28 22 7 24 13 3 1 12 22 22 17 28 6 14 7 26 7 15 25 24 19 1 17 22 3 14 5 21 29 20 19 20 19
4 4 6 30 25 20 5 2 16 8 13 24 15 15 4 18 8 21 6 24 30 9 25 2 13 24 7 3 8 23 18 19 22 15 0 26 5 26 23 15 10 5 27 2 13 2 12 11 17 18 28 4 27 14 11 27 27 20 17 14 2 7 12 16 23 27 5 16 3 5 16 2 7 30 19
8 13 14 29 7 14 11 17 7 9 11 4 6 1 18 12 8 27 25 20 30 21 12 26 10 8 13 11 24 19 17 21 3 0 24 13 3 0 8 11 18 15 0 14 25 27 8 5 29 20 3 28 16 25 6 27 7 25 15 14 28 7 27 4 16 19 12 3 20 27 12 3 14 4 0
18 3 12 20 30 26 5 0 19 0 27 27 15 10 16 3 19 2 6 27 6 7 4 16 23 21 11 1 29 9 11 3 10 16 3 17 30 6 28 7 26 2 9 4 23 23 0 0 14 12 29 23 23 14 3 15 6 6 18 22 13 29 20 27 7 14 27 4 23 13 10 30 16 2 22
27 5 6 0 24 18 14 30 11 3 17 8 24 14 25 25 28 13 2 25 6 8 15 29 25 11 24 8 7 17 14 21 7 27 3 15 10 0 8 2 19 16 17 15 26 9 20 11 20 3 7 20 24 10 5 25 20 9 5 6 19 29 1 0 21 11 27 14 29 18 1 20 20 2 23
4 19 12 28 14 18 29 5 6 9 19 4 8 0 15 4 5 20 3 23 9 3 16 11 17 30 28 20 29 13 14 25 7 13 4 19 1 27 11 18 3 6 24 28 22 5 28 0 27 21 2 26 3 29 16 20 22 8 27 5 22 22 3 10 28 25 5 14 11 22 13 1 7 19 0
17 24 16 18 23 11 18 18 0 27 20 13 23 27 20 21 29 26 18 19 13 4 1 28 22 17 10 17 16 2 25 7 18 7 23 6 6 25 17 6 15 8 27 11 17 28 0 15 11 1 11 13 29 25 19 23 5 6 30 19 2 5 12 26 29 24 2 14 7 25 9 11 21 17 22
21 28 18 14 10 16 28 26 20 0 24 25 1 6 1 3 16 1 21 6 15 19 14 7 10 12 23 15 4 22 28 3 8 30 20 21 22 25 2 14 23 23 0 16 17 15 12 14 3 7 8 8 21 28 20 18 23 5 2 28 10 11 30 26 22 10 6 16 22 22 14 4 12 3 28
17 18 18 28 15 15 0 13 4 13 0 22 16 21 15 16 29 21 27 13 15 30 7 3 0 24 28 2 11 15 11 18 27 29 25 0 13 17 5 5 24 18 6 13 28 6 18 28 7 25 15 10 15 27 0 24 8 16 8 21 23 7 12 0 19 5 17 16 17 30 8 23 23 19 10
7 4 25 30 20 17 26 0 26 21 1 1 23 30 8 6 4 2 24 18 4 21 11 24 4 10 26 13 7 13 26 28 6 12 0 23 17 10 3 12 2 30 12 11 22 16 23 14 21 4 9 19 26 13 22 22 10 5 18 7 5 22 4 12 10 16 30 19 6 20 25 5 26 14 10
26 15 14 25 15 9 27 6 9 18 22 30 29 2 29 0 19 2 23 13 16 13 11 7 10 14 2 19 22 7 30 27 6 30 20 7 29 6 3 22 16 13 27 10 27 19 14 11 8 17 1 25 21 30 14 11 14 21 3 12 4 26 14 25 29 23 23 1 14 7 5 29 24 6 18
3 25 23 22 11 15 1 22 2 8 15 28 10 17 24 7 13 27 21 4 13 14 25 20 30 29 28 28 10 18 28 4 2 8 5 1 0 17 4 22 10 27 5 27 14 12 5 2 9 6 1 19 0 30 25 4 4 2 3 0 1 1 10 16 15 14 15 15 11 16 16 22 17 14 23
23 30 15 17 27 23 5 22 15 17 17 21 22 26 22 26 12 16 4 8 19 10 0 16 7 17 26 28 29 8 5 8 6 26 8 0 26 24 6 16 15 4 22 26 4 20 15 8 12 2 29 7 9 6 7 8 24 24 24 27 29 8 14 25 3 21 4 21 18 17 2 9 29 29 15
