76 76
23 14 2 3 12 25 6 25 13 11 29 17 22 5 29 23 23 13 20 19 1 13 10 20 21 1 12 9 20 29 1 15 10 29 7 2 5 11 21 9 0 14 21 21 18 2 19 3 2 25 25 24 9 18 2 17 30 25 19 8 19 14 4 29 24 19 23 29 0 12 23 16 8 22 28 21
20 8 29 24 12 18 3 6 2 10 23 29 28 16 6 22 18 12 17 5 11 30 25 15 14 20 4 29 13 22 13 13 28 8 11 7 13 4 10 23 26 19 27 29 10 18 20 24 9 16 8 1 14 8 20 3 17 29 19 12 19 13 25 30 23 10 5 22 15 0 20 0 16 24 18 20
5 14 24 19 13 29 8 26 7 20 29 22 1 18 0 29 30 5 25 25 0 0 9 27 25 19 30 10 6 26 16 29 15 22 24 18 25 25 27 0 26 11 30 28 16 1 22 17 26 18 9 14 3 26 20 22 21 2 12 29 19 18 27 29 1 22 30 23 9 17 27 21 17 27 0 14
17 26 29 15 29 9 29 12 3 29 4 14 23 4 27 8 2 10 12 24 9 7 16 1 11 14 1 21 9 25 3 15 23 21 14 3 13 11 6 13 24 5 28 5 22 23 25 20 29 22 11 5 18 16 3 10 23 7 10 19 17 12 20 14 9 0 29 30 4 15 28 22 1 18 3 5
7 22 15 29 11 5 0 3 12 25 15 27 16 25 19 5 22 15 8 30 24 16 1 3 7 26 3 15 10 0 1 21 23 25 6 15 18 25 28 0 10 16 16 13 8 30 14 3 4 8 1 28 9 2 20 6 19 17 2 6 1 28 11 7 7 20 15 28 9 28 6 30 29 3 27 9
4 21 27 10 29 18 29 27 7 22 7 23 29 0 17 7 5 24 7 8 13 11 0 12 25 13 12 3 15 4 1 12 16 19 24 18 12 9 16 22 27 16 15 28 1 8 2 13 25 3 2 2 9 14 19 27 20 13 6 13 0 0 4 26 21 26 30 11 13 12 7 7 7 14 9 12
3 3 13 10 28 4 3 18 5 8 9 10 28 25 21 7 3 18 9 4 5 22 18 17 25 3 21 13 13 14 26 15 11 9 20 22 25 27 17 8 8 16 0 17 17 8 3 27 15 29 22 27 5 27 20 3 18 28 30 29 29 0 8 17 26 24 9 9 17 4 14 7 7 29 1 2
6 11 3 0 13 14 11 2 8 26 10 1 22 19 25 16 10 12 15 11 0 28 7 9 15 15 6 2 25 11 23 13 28 24 1 13 10 8 23 28 0 25 1 7 1 8 7 9 28 20 13 0 30 16 28 0 8 7 23 2 26 5 10 3 10 1 6 14 24 16 2 4 17 7 4 5
8 24 23 9 21 16 22 30 30 0 30 2 25 8 16 16 2 19 10 27 1 16 11 15 30 26 19 17 30 16 9 12 13 3 3 21 29 22 6 22 16 15 25 6 2 6 28 11 8 20 0 8 9 8 1 21 20 5 30 3 3 5 30 26 25 12 23 11 15 25 20 28 19 22 18 4
21 5 0 15 27 17 27 18 4 29 8 17 5 2 8 13 23 15 14 18 1 11 27 25 10 30 21 30 1 5 1 18 10 27 11 0 10 7 13 9 20 6 17 22 22 5 15 2 17 18 17 1 14 27 30 23 11 16 22 24 25 11 1 15 18 23 8 21 19 18 7 9 21 28 25 22
27 19 16 20 5 25 18 9 16 28 22 0 5 24 18 24 7 20 29 21 15 4 11 14 23 3 22 20 13 30 3 10 20 3 6 27 28 10 10 0 10 8 21 30 22 0 25 16 3 23 27 3 0 23 1 27 18 19 23 2 13 29 22 15 5 29 22 18 7 5 21 12 20 6 3 27
19 27 27 21 11 22 9 2 24 0 11 26 10 11 28 9 12 24 20 27 5 10 0 11 13 4 17 9 22 26 2 0 20 8 16 27 11 10 8 15 16 16 4 19 3 14 17 22 21 15 29 14 7 3 5 6 26 29 19 4 0 28 10 3 29 13 10 20 24 12 22 15 27 30 2 21
10 5 11 3 4 29 2 15 7 7 29 2 6 5 29 14 18 10 24 30 19 18 23 11 21 3 24 16 16 26 10 3 6 15 0 4 14 22 26 16 26 13 10 7 2 19 30 9 24 6 28 14 21 8 14 18 11 19 18 9 30 2 29 30 15 10 4 17 2 6 21 18 25 29 23 14
23 20 22 7 25 24 22 29 7 15 22 23 5 1 21 3 11 20 7 4 14 5 9 5 21 30 19 18 28 29 2 7 17 28 6 21 9 22 24 11 24 14 9 7 1 4 23 9 15 19 20 23 13 19 25 0 10 14 26 11 18 28 12 30 6 25 24 18 14 8 23 0 8 19 6 12
15 12 22 2 19 7 18 12 7 13 25 5 1 2 27 8 6 10 22 12 6 27 9 17 28 22 5 8 26 20 13 25 12 8 25 5 7 26 21 12 22 10 27 10 3 8 14 15 19 29 15 27 0 1 29 4 5 12 17 29 21 1 14 29 10 0 7 9 10 24 17 15 30 2 2 25
20 3 23 13 10 2 7 29 0 4 9 5 2 22 24 6 20 19 28 29 12 7 20 0 18 19 27 16 24 12 0 1 27 18 2 1 18 22 30 9 30 14 21 15 5 5 18 25 6 8 2 6 23 29 4 29 22 23 13 9 5 5 27 3 5 18 13 0 0 11 14 2 13 2 24 7
6 20 9 4 20 22 19 2 23 30 8 17 16 29 11 3 3 5 7 17 8 20 25 22 0 10 10 11 4 22 18 3 3 11 26 17 6 21 7 17 0 29 16 10 5 29 5 21 18 18 23 27 13 13 5 15 5 20 30 24 23 10 23 23 1 27 27 24 17 24 11 20 8 18 30 9
29 9 24 2 9 16 7 23 10 23 12 3 10 24 14 27 25 29 21 16 17 5 24 12 14 0 21 13 27 24 9 7 3 23 1 5 2 16 10 6 6 27 27 28 10 8 11 12 15 2 7 18 18 30 17 19 14 17 27 18 6 15 13 18 9 21 25 30 12 8 12 26 17 20 5 11
11 21 26 4 16 25 12 22 2 29 18 2 28 21 18 9 10 6 0 5 10 30 0 6 19 5 16 12 11 27 14 4 16 0 0 14 6 16 8 3 26 8 16 10 22 25 13 21 18 17 12 29 17 21 28 9 15 24 4 7 15 29 24 7 12 19 11 8 27 27 17 0 15 3 6 3
25 16 2 24 13 15 21 11 29 7 11 18 20 29 23 28 19 1 30 0 15 24 7 25 22 11 10 9 8 9 0 25 27 13 17 29 16 2 3 27 17 6 24 2 0 21 30 10 17 25 3 13 15 23 12 1 30 30 6 15 1 2 8 0 21 2 22 20 8 0 23 20 20 0 10 2
16 25 2 3 22 14 26 10 0 14 23 8 22 2 13 20 18 7 27 24 0 5 3 13 7 25 1 19 21 3 29 0 30 27 11 0 10 2 15 16 21 9 18 18 16 6 4 20 30 22 15 15 25 12 12 21 3 0 23 16 15 7 27 8 2 24 21 29 13 27 19 14 27 7 13 26
2 17 28 10 29 20 7 23 15 6 22 22 29 25 23 20 13 1 4 16 4 2 20 7 21 15 1 28 30 27 25 2 21 15 19 18 18 10 19 10 16 15 19 18 23 20 13 24 11 22 28 7 25 21 22 20 11 1 24 0 21 1 18 4 28 6 5 12 19 6 19 7 6 28 20 9
18 28 17 30 4 24 8 28 19 25 15 26 5 3 15 15 6 11 20 8 22 1 16 12 23 30 13 1 23 18 11 3 7 6 20 22 17 14 0 30 26 17 15 14 27 12 16 3 10 28 14 5 14 9 27 2 13 21 29 21 14 11 30 28 15 24 9 25 26 16 10 24 18 21 5 21
14 1 24 2 0 9 7 11 15 16 17 0 22 4 7 14 29 6 10 4 15 13 22 7 5 9 22 4 1 25 16 6 4 26 3 19 25 26 23 27 11 30 12 16 0 25 10 5 19 0 22 2 2 0 8 21 10 0 11 23 17 25 15 1 21 11 30 2 27 17 16 19 6 3 15 30
18 0 11 1 9 11 23 19 4 4 21 19 25 12 24 21 18 8 30 0 2 18 13 1 19 4 18 14 16 18 12 30 7 28 24 12 29 29 25 3 26 26 20 1 14 27 2 11 21 18 12 25 13 9 13 29 25 14 17 8 5 22 2 6 18 28 8 6 7 17 29 27 29 30 16 8
5 9 21 11 17 8 11 3 15 2 5 27 24 23 24 17 23 27 29 25 5 29 10 9 29 30 16 8 18 9 24 27 6 24 25 15 9 2 9 14 30 27 3 26 28 18 0 12 18 0 9 13 7 5 29 21 28 11 19 6 13 29 10 0 23 26 25 28 22 27 26 9 26 30 2 12
23 7 7 1 18 27 29 18 27 29 29 22 9 2 30 26 20 7 29 1 15 18 21 0 11 30 25 23 15 14 17 17 24 6 24 23 14 12 23 27 22 26 2 16 28 7 1 5 24 25 19 19 21 6 14 30 18 18 26 12 11 14 15 30 2 5 14 0 24 22 11 16 19 29 9 13
18 18 3 20 29 23 7 8 19 28 17 3 22 25 8 9 11 2 7 9 30 18 29 25 3 23 5 21 0 16 29 5 11 10 25 11 12 24 30 9 19 1 0 23 11 15 23 7 7 26 1 10 5 13 19 21 3 18 25 9 28 11 0 20 1 3 22 20 25 14 3 23 24 12 18 30
14 4 14 7 13 23 6 16 19 6 29 0 30 0 1 30 22 17 22 12 24 16 20 20 12 0 26 10 3 13 27 17 26 15 14 1 16 15 16 6 14 4 26 6 6 30 10 2 9 17 19 30 15 4 26 10 14 16 19 27 19 3 19 28 14 23 27 11 30 26 27 10 8 7 11 24
22 24 26 12 30 0 28 0 9 18 3 21 30 6 19 13 28 25 26 17 24 26 1 11 7 28 2 23 14 20 30 26 27 5 24 12 22 30 5 10 21 6 21 21 12 26 2 30 5 7 0 11 25 20 14 18 23 12 14 16 15 7 19 13 20 7 10 27 14 19 27 30 2 15 3 16
10 10 28 29 2 26 14 10 25 27 20 23 8 5 28 19 23 13 11 14 15 5 13 15 0 19 24 0 7 28 30 12 13 21 28 1 14 13 20 13 22 15 8 30 14 6 19 30 6 10 10 17 6 25 17 18 23 28 10 5 5 28 2 18 2 14 23 15 27 28 26 20 6 0 2 5
1 30 22 7 22 14 17 2 3 26 21 14 7 12 5 16 22 16 24 29 13 17 12 12 25 16 17 16 17 0 11 10 26 16 0 10 25 22 21 12 12 22 9 6 3 27 15 2 20 10 20 21 25 1 15 13 11 29 3 29 18 7 8 24 19 14 10 27 1 25 3 30 4 26 2 7
10 15 7 29 0 26 5 6 29 30 21 11 1 9 20 3 17 0 23 19 27 7 2 25 18 2 21 8 24 16 18 8 28 8 23 8 8 25 22 30 10 8 29 30 3 22 3 29 9 27 21 7 5 5 10 4 19 17 13 9 25 23 29 12 30 4 11 25 2 17 28 30 30 26 17 27
24 4 4 14 15 25 12 9 18 18 15 15 13 8 13 8 29 20 27 8 30 30 20 17 14 26 20 29 24 1 16 20 17 2 20 4 28 11 0 13 1 3 17 24 28 13 7 27 20 17 30 14 14 20 22 24 20 16 3 28 27 1 6 20 1 23 15 14 30 14 19 17 7 7 11 0
6 1 6 22 28 5 8 9 25 29 19 29 27 25 29 9 21 16 13 10 30 18 25 6 30 3 16 7 25 23 9 2 13 17 0 9 9 19 27 29 6 7 2 28 15 6 17 4 1 16 17 21 19 25 14 24 27 20 22 0 15 24 14 25 7 6 0 28 27 20 8 7 13 29 12 13
25 15 27 6 10 13 20 29 29 1 20 7 11 26 12 8 14 20 22 11 3 3 11 6 25 12 27 24 6 16 7 4 5 11 23 4 7 5 26 17 13 8 4 13 13 10 16 8 5 1 14 21 27 29 7 8 5 18 17 16 19 23 5 8 12 10 17 5 10 4 21 1 4 8 10 6
7 26 13 11 25 20 17 6 18 1 26 17 18 8 0 5 2 16 17 30 26 18 23 6 8 29 23 12 25 10 6 7 21 13 14 8 3 8 28 18 11 20 3 11 13 8 24 26 7 18 20 14 18 10 22 23 2 1 0 8 13 13 25 10 16 16 15 29 8 11 0 29 1 21 9 20
0 4 15 7 28 9 10 20 30 24 27 29 5 30 0 1 17 11 11 19 2 19 16 1 21 16 9 13 15 17 5 8 29 5 9 9 29 3 24 0 24 26 11 28 16 26 7 17 20 26 3 26 14 30 29 15 20 6 10 8 10 0 17 27 17 6 7 13 3 20 29 26 23 23 15 15
25 15 19 6 27 12 30 9 7 23 26 1 0 25 19 1 19 6 7 28 19 29 14 30 24 23 0 22 2 9 15 30 0 6 2 15 2 9 10 17 28 4 29 25 12 7 25 14 30 28 7 26 22 9 4 10 18 30 23 16 14 10 5 29 14 19 28 24 1 25 5 11 19 21 27 20
16 1 5 16 3 2 13 14 7 6 15 15 19 22 8 3 24 15 2 6 12 3 29 9 13 0 9 25 5 24 27 17 12 22 5 16 21 8 13 16 5 22 21 6 4 12 30 17 27 24 17 16 30 4 13 12 3 4 2 30 21 21 27 20 22 24 5 29 20 0 29 0 28 4 25 1
9 8 13 1 3 19 19 14 2 8 13 26 29 5 4 18 18 13 27 18 25 6 14 20 30 20 23 23 16 10 7 5 14 24 22 27 3 22 0 5 13 14 30 29 20 16 3 23 30 14 25 13 26 4 4 16 15 18 15 19 7 25 22 22 20 2 26 28 3 17 13 19 22 14 29 19
28 1 9 22 30 10 28 1 25 20 8 22 30 4 6 1 6 8 18 16 30 18 1 3 10 4 4 3 7 25 17 20 20 28 16 17 26 21 25 3 18 18 20 17 25 24 20 19 2 20 20 11 5 0 1 15 11 19 17 8 2 26 2 4 30 15 29 28 23 23 25 28 22 7 22 22
13 20 8 1 5 1 14 28 27 8 14 8 12 9 5 14 7 0 14 17 20 4 18 3 27 7 23 29 22 18 21 12 10 27 8 23 28 6 10 4 6 13 29 12 1 9 15 21 30 30 1 10 28 6 27 26 6 20 7 22 18 27 12 11 4 22 11 18 23 9 28 16 26 13 12 14
7 21 18 22 25 30 17 3 15 5 3 10 3 14 26 5 8 16 5 8 20 10 8 18 11 29 19 10 7 25 11 17 22 2 22 8 0 14 27 12 30 11 30 11 18 3 17 7 16 17 1 21 9 17 11 20 19 1 24 24 17 30 26 19 7 1 26 17 12 4 22 29 25 8 22 8
0 7 12 30 27 27 4 30 3 23 14 7 28 4 27 6 2 10 10 1 27 13 26 27 20 6 0 3 14 8 13 7 0 2 6 4 12 5 9 4 21 12 28 15 29 25 6 21 13 18 6 14 21 22 4 0 29 22 3 19 29 9 21 14 8 16 19 24 2 7 0 4 7 6 0 7
12 22 18 23 14 24 18 8 22 0 14 8 29 23 18 21 20 1 3 17 19 20 11 5 4 5 6 8 5 18 12 27 29 13 28 27 25 11 11 14 29 17 22 13 1 28 15 3 7 11 28 27 17 30 28 25 16 29 6 6 21 2 13 27 22 16 10 4 0 7 22 13 5 21 11 29
19 15 29 16 7 26 18 18 6 17 24 15 17 21 25 5 19 29 14 24 16 2 8 27 14 29 17 13 17 4 11 0 4 18 30 14 5 23 0 9 25 25 14 5 13 5 1 15 29 11 30 17 2 7 2 5 12 17 11 10 10 16 2 9 7 6 27 21 27 16 29 29 0 8 24 8
4 2 30 17 24 22 13 10 27 16 29 7 11 4 13 27 11 4 3 18 25 12 11 1 2 6 24 24 10 4 14 21 23 13 29 22 12 3 18 20 1 30 5 11 12 16 4 0 18 20 4 13 27 8 3 19 9 4 19 16 6 27 1 12 15 28 6 25 19 18 1 11 6 20 4 1
6 11 6 9 5 11 10 18 1 11 8 10 22 25 8 4 7 30 24 16 22 26 27 6 1 14 13 11 3 17 21 16 12 12 25 22 13 12 18 1 28 7 19 18 0 17 17 22 12 9 19 12 3 23 3 26 21 27 30 3 30 30 21 28 16 7 29 23 14 11 23 21 27 11 2 6
15 13 30 10 6 8 19 27 15 22 29 30 4 1 15 25 24 6 5 23 12 3 17 10 22 4 30 19 5 29 26 4 2 27 9 11 30 25 10 16 28 20 7 20 19 26 13 9 5 12 22 11 9 11 25 28 8 22 27 10 3 17 10 12 24 6 23 13 29 23 5 8 0 28 22 29
12 14 6 18 11 28 20 19 27 3 20 20 29 26 7 13 15 29 19 22 17 22 23 17 5 13 9 29 8 29 20 27 6 9 28 30 16 22 12 22 17 17 1 9 15 11 22 13 5 22 7 10 5 15 5 15 25 17 1 29 16 8 20 9 13 16 7 30 29 18 4 1 13 5 13 6
3 4 11 25 24 27 11 19 17 25 16 27 25 27 21 8 21 23 6 6 30 27 0 15 28 30 7 19 9 1 16 22 30 24 12 28 12 1 6 18 17 12 20 23 27 14 8 17 24 20 20 7 6 0 20 6 12 27 15 19 24 22 19 30 6 21 10 5 22 8 8 28 13 23 19 22
28 20 26 5 2 5 20 2 3 23 30 19 17 20 29 2 20 5 5 22 22 16 4 15 24 4 20 15 2 5 9 2 5 12 17 12 9 19 7 17 26 7 12 8 5 2 24 0 19 24 10 15 8 10 24 16 1 8 5 23 25 23 13 3 11 10 24 30 23 1 8 26 9 9 4 29
13 8 20 26 26 25 23 9 16 3 15 0 9 22 26 24 18 9 18 20 0 10 29 30 1 4 21 11 12 2 1 22 23 6 14 1 24 6 21 26 12 8 18 29 27 21 11 25 7 5 14 21 24 25 12 4 3 9 4 7 7 27 21 24 19 25 26 13 1 11 15 24 11 27 25 1
11 20 17 15 25 22 25 27 15 0 8 6 24 1 21 27 10 5 20 15 18 27 3 25 1 7 23 9 10 25 21 27 15 19 11 21 19 15 6 13 2 0 4 26 29 13 28 8 7 26 29 5 12 12 5 9 29 3 1 5 7 12 14 14 10 3 10 25 6 7 2 25 27 19 11 10
25 19 18 16 19 8 7 13 5 0 24 16 0 9 10 12 8 6 19 0 11 23 15 21 25 26 15 19 2 5 1 13 30 25 23 15 5 27 21 17 16 2 28 14 11 17 24 15 17 25 26 11 12 27 20 13 30 12 12 2 10 20 30 10 23 7 19 25 3 14 30 30 28 26 28 26
17 18 1 4 28 2 28 9 30 1 23 21 28 14 17 22 14 18 25 27 15 5 4 3 2 25 19 3 2 24 16 10 11 17 20 13 8 26 26 25 27 15 11 12 16 15 20 22 9 9 6 15 20 23 2 30 25 26 26 7 11 12 17 24 29 17 30 15 22 29 22 19 25 13 9 26
7 0 30 25 26 6 10 23 0 15 10 29 3 17 25 17 23 29 14 25 21 5 13 19 30 28 25 17 7 1 4 9 13 10 22 0 27 1 11 23 1 24 19 9 27 6 4 8 9 26 5 2 8 4 18 17 29 11 23 17 24 15 13 2 25 14 16 15 25 24 17 12 29 15 5 14
25 6 21 25 19 4 29 2 12 22 20 7 16 12 14 5 3 23 6 4 9 20 12 13 28 25 30 30 26 21 28 10 9 11 26 1 15 4 8 30 12 16 5 22 18 10 17 28 3 24 15 27 27 19 13 12 18 24 1 26 4 24 11 4 10 25 27 6 26 26 29 1 28 30 8 13
29 16 13 9 27 0 20 7 2 18 8 22 26 15 23 7 10 9 29 9 30 25 9 9 28 14 30 18 15 24 18 4 7 19 28 12 1 28 1 13 28 8 20 6 1 12 13 24 24 5 9 0 23 0 8 23 12 25 20 11 0 21 2 25 14 2 6 24 7 3 8 11 25 0 5 18
4 6 16 24 8 21 10 28 13 18 16 4 14 24 21 24 22 28 9 18 27 14 22 19 21 15 1 0 19 11 20 2 17 28 13 21 18 30 24 14 14 17 15 4 11 15 2 17 30 9 2 6 5 2 16 27 20 19 5 25 0 13 6 29 23 7 24 22 30 21 1 28 22 8 1 14
29 8 18 19 21 12 22 18 21 25 5 20 24 19 28 5 11 25 5 4 15 27 6 15 2 21 4 2 8 14 11 6 30 6 26 16 18 24 9 2 6 17 8 26 13 22 24 18 21 8 12 9 4 15 18 26 28 3 30 5 17 4 29 28 23 14 12 10 18 17 2 30 25 5 16 2
12 29 12 23 3 6 22 6 4 10 26 2 15 23 27 28 2 27 14 19 28 14 5 9 6 17 3 10 3 21 25 10 17 24 9 0 17 6 27 21 23 15 20 26 19 29 4 16 11 16 8 29 6 28 10 27 17 13 6 11 28 18 12 25 23 15 1 23 25 16 20 23 29 3 1 6
3 21 0 22 10 25 29 4 29 23 11 9 25 15 22 14 30 17 24 10 28 8 24 22 10 27 3 14 13 7 19 16 29 23 14 26 16 25 7 8 21 30 27 30 2 10 16 18 15 21 25 0 9 16 21 30 21 2 10 23 10 0 4 27 26 27 24 12 2 18 23 2 8 3 28 11
3 20 16 13 29 7 6 25 26 7 11 16 6 6 23 16 11 8 29 11 25 8 25 27 15 23 23 23 20 23 5 17 22 4 2 1 23 24 14 18 0 0 5 14 9 19 17 7 27 9 27 17 3 30 25 12 23 3 16 16 19 20 30 23 13 2 21 17 9 23 9 11 21 6 20 22
25 11 21 30 4 15 18 9 9 18 27 12 16 14 3 28 6 7 29 2 12 25 22 1 8 29 18 14 4 30 13 28 19 24 30 27 16 21 14 12 26 16 11 13 3 17 7 15 27 4 22 16 4 7 30 9 30 4 21 2 7 18 0 24 27 27 4 1 0 30 0 23 0 7 17 22
18 8 1 27 26 6 24 20 8 1 7 22 28 9 24 13 13 5 2 17 5 7 17 23 6 21 14 4 20 8 1 12 8 19 5 21 18 19 7 28 20 2 15 4 30 3 4 7 23 30 22 10 5 12 23 12 28 11 10 16 5 10 0 15 1 0 8 3 14 29 15 1 30 9 3 24
18 18 16 29 16 6 14 14 6 15 7 3 23 11 20 28 29 24 2 2 2 8 19 14 0 6 30 24 19 22 15 6 18 15 28 10 7 12 27 28 20 20 11 0 10 3 21 1 18 17 1 17 20 23 5 15 17 11 6 15 2 15 15 25 23 0 19 10 23 19 1 11 1 10 25 27
6 19 28 11 6 15 30 0 20 0 23 26 19 13 18 30 0 3 30 29 7 28 25 1 5 10 28 15 3 21 10 0 25 9 11 23 10 16 0 4 24 21 19 23 6 19 30 24 17 21 27 28 9 6 29 7 18 15 12 1 19 2 9 12 29 12 9 6 30 20 12 30 0 9 29 27
6 16 9 8 18 30 25 12 14 15 5 29 18 14 16 0 10 23 23 28 12 16 23 9 3 13 22 21 13 19 16 25 27 2 20 22 1 19 2 13 2 3 3 0 1 25 26 4 5 27 7 14 27 16 25 27 8 17 6 26 10 18 6 19 0 8 25 4 28 22 24 26 11 7 23 5
14 30 10 7 14 18 18 0 10 26 22 2 30 25 9 3 10 2 11 6 11 17 18 22 29 0 5 10 3 16 16 26 17 2 29 26 29 1 23 21 29 5 1 28 6 26 9 25 27 12 29 3 2 9 11 17 10 26 16 15 20 30 28 22 19 20 3 21 28 26 29 24 4 24 10 4
11 27 3 29 26 12 21 9 25 3 24 24 30 27 26 0 14 8 26 10 14 2 12 10 1 1 25 22 27 8 7 23 26 29 21 25 1 23 2 19 28 26 16 21 28 8 3 0 13 1 8 24 5 17 25 14 24 14 14 26 2 8 16 19 28 20 6 13 19 17 27 10 15 15 25 17
30 8 30 20 16 22 16 0 10 25 0 17 28 30 24 28 0 4 13 29 4 13 16 8 24 3 2 20 29 18 26 18 9 15 14 1 15 14 5 8 18 15 23 22 15 4 15 17 8 6 2 4 7 29 28 22 22 17 28 24 30 21 15 12 15 11 15 12 25 30 5 17 2 20 5 27
9 15 3 12 29 27 22 26 29 13 27 26 6 26 25 24 1 23 21 24 13 14 20 16 14 26 10 0 8 10 24 11 26 16 4 30 25 22 24 23 10 17 9 15 6 28 28 11 24 22 5 6 23 30 30 24 16 18 6 7 13 8 9 21 5 19 24 9 27 28 29 9 4 3 28 21
10 15 26 7 14 24 10 4 30 2 7 13 28 30 26 24 2 28 15 11 20 24 12 13 14 18 23 0 7 19 8 6 4 29 12 1 21 4 4 9 8 21 13 25 16 13 3 12 14 11 8 7 27 11 3 29 12 25 3 20 23 7 2 23 16 15 27 23 23 2 5 13 14 7 12 17
25 16 25 8 20 23 1 5 29 12 23 27 11 24 10 27 10 13 18 2 17 14 16 6 8 12 14 18 3 18 8 27 27 10 16 29 14 2 18 18 10 14 22 1 0 5 30 29 20 26 5 18 17 28 22 24 0 1 13 19 9 14 5 30 23 16 16 7 26 9 16 25 5 30 14 22
