78 78
21 18 19 30 30 10 8 0 12 29 22 22 26 3 24 18 8 8 7 12 21 13 22 16 3 23 28 16 5 13 5 4 25 12 21 29 9 18 0 26 7 8 15 3 12 0 9 11 16 2 7 23 11 4 2 20 27 8 20 19 15 1 25 26 27 24 7 2 3 17 13 2 9 4 26 8 16 22
1 17 16 25 6 1 28 19 12 24 12 14 25 18 29 10 25 15 6 18 15 3 12 9 30 15 23 13 26 6 19 18 21 29 0 23 11 26 13 11 16 16 27 27 5 15 24 17 4 25 1 21 16 12 22 12 22 7 6 15 6 24 14 4 24 22 13 2 0 10 21 28 21 5 21 19 28 2
22 4 8 22 4 7 13 23 21 12 26 28 24 23 23 15 1 19 13 28 29 18 0 29 14 8 2 17 0 8 8 24 25 0 19 6 22 28 19 11 7 28 11 23 26 18 1 24 4 18 15 17 1 28 0 22 15 9 12 25 11 7 12 9 5 4 28 9 17 10 23 8 22 10 14 26 29 20
5 4 4 20 9 21 3 18 29 3 26 10 8 13 11 6 10 17 3 29 5 7 7 11 10 22 14 26 14 18 12 10 28 0 6 13 4 15 3 9 9 1 20 22 25 11 30 1 3 2 5 17 19 6 11 26 13 9 2 22 24 25 27 17 18 26 9 4 3 28 3 28 26 20 23 11 19 14
20 29 8 4 27 16 24 6 2 8 16 17 17 10 30 21 9 10 15 1 24 24 21 17 1 30 3 14 8 0 17 9 22 19 30 23 24 16 26 12 12 30 3 18 0 3 18 14 25 24 30 9 23 2 15 15 3 26 25 6 21 20 18 5 26 8 12 1 15 26 4 27 18 6 15 12 21 6
10 9 1 30 4 23 18 1 15 4 15 19 9 18 28 26 19 8 2 1 18 18 21 28 16 24 24 15 20 25 16 9 28 21 4 20 11 5 8 23 19 20 17 30 19 15 13 9 24 7 16 27 5 25 7 7 9 4 8 19 0 15 10 3 30 6 4 22 12 1 19 15 28 14 20 17 19 24
19 23 26 6 6 29 19 22 21 22 26 2 2 6 4 12 20 1 3 24 14 13 6 16 10 6 22 17 27 3 20 18 22 3 4 3 17 15 12 17 13 13 11 30 2 23 30 16 30 17 22 24 20 24 26 30 24 21 29 5 29 13 19 12 12 2 16 26 22 7 8 6 18 6 10 21 0 9
30 25 4 23 18 19 26 15 7 8 28 3 30 9 5 8 22 11 30 20 15 19 14 25 17 1 20 17 28 27 4 6 12 12 2 30 18 6 27 7 26 8 23 9 26 0 10 18 8 19 27 9 20 18 21 13 4 12 14 21 2 7 30 14 25 4 15 27 18 16 23 29 4 16 27 15 13 12
12 1 24 17 21 5 15 23 21 20 16 19 3 25 0 13 4 22 24 4 1 26 30 22 28 26 4 9 26 7 13 24 11 5 11 14 30 22 25 13 1 30 3 4 24 13 24 4 26 22 4 16 7 18 25 16 4 22 3 9 0 21 12 27 27 11 28 1 24 8 20 0 1 30 14 22 9 14
27 30 15 12 18 20 3 22 4 17 28 19 11 28 10 18 29 1 22 1 5 23 25 18 20 27 10 19 2 8 7 7 24 3 24 29 9 17 1 3 25 0 13 14 12 20 30 3 11 8 29 15 5 6 21 6 4 3 19 13 21 24 1 22 19 15 15 27 3 23 8 0 4 20 6 21 15 9
19 13 2 19 22 18 23 27 25 6 16 29 5 17 7 18 26 10 19 19 18 10 5 18 5 19 2 15 1 3 5 23 29 11 8 2 0 3 2 13 10 27 27 19 18 14 24 17 8 1 22 8 23 21 19 22 24 28 18 25 11 27 19 23 25 5 5 0 30 25 10 14 29 19 6 26 1 24
22 25 3 15 20 1 8 18 7 13 7 15 8 0 9 28 0 15 24 12 18 22 12 27 28 15 29 5 15 15 20 24 21 9 10 12 26 16 13 24 20 10 4 2 11 1 18 17 21 1 6 12 3 18 13 11 8 5 11 9 28 7 14 30 0 13 22 7 12 8 3 21 19 26 27 21 7 3
25 1 21 25 29 23 30 3 6 17 30 4 23 21 28 6 23 12 3 3 29 3 19 24 3 30 17 2 6 30 20 23 15 18 23 21 17 6 23 20 25 10 9 3 8 27 12 28 6 10 14 1 22 12 26 5 11 10 5 25 29 4 20 9 20 30 17 4 21 14 25 16 15 9 9 25 0 19
8 6 15 22 12 27 1 11 26 27 22 17 12 0 14 25 19 28 10 21 15 26 6 30 25 23 6 3 24 19 23 14 27 18 11 22 15 17 10 8 16 1 2 16 20 19 22 27 28 16 2 2 20 17 2 30 4 23 19 30 16 18 24 26 30 3 24 10 28 11 30 21 3 20 13 25 26 26
0 9 8 12 29 13 8 2 5 8 29 17 4 11 30 24 0 0 3 21 6 9 22 13 22 1 20 4 30 6 18 24 13 25 22 2 12 19 9 29 20 28 10 10 23 28 11 8 14 18 9 6 8 2 9 2 7 10 5 10 28 8 26 2 7 11 8 9 24 10 20 1 20 3 20 10 9 25
15 21 16 20 3 27 12 5 19 8 13 28 7 24 22 9 2 15 5 27 16 27 17 27 26 29 9 26 28 14 29 13 12 26 0 21 2 28 10 12 19 0 23 29 30 18 5 13 5 7 12 9 29 9 14 1 10 3 26 18 23 27 1 15 1 8 2 21 0 5 16 23 24 21 25 16 0 18
1 28 22 29 22 10 4 24 23 16 27 13 9 19 10 16 4 29 3 11 26 14 7 28 5 25 9 17 19 7 3 10 7 19 14 6 2 11 21 17 13 16 10 22 22 22 2 25 9 2 17 16 0 19 29 9 1 13 13 15 8 17 13 23 24 20 6 13 6 25 13 0 5 6 19 16 6 1
22 22 20 8 17 11 25 16 25 0 30 2 19 25 21 13 5 15 11 11 14 3 1 11 22 28 29 6 28 0 20 17 12 10 21 16 24 28 24 21 10 17 6 8 9 15 11 2 0 21 2 5 21 13 24 18 23 23 8 2 14 20 19 20 3 24 24 27 15 8 20 15 20 22 26 18 11 13
27 19 13 3 24 0 10 9 11 30 25 13 0 19 4 19 19 17 18 3 7 3 4 3 17 14 17 9 10 29 19 15 1 4 29 3 25 25 24 5 30 24 29 29 4 29 6 11 22 8 2 6 1 23 6 30 12 17 20 3 15 3 18 28 2 8 28 18 26 5 28 3 7 15 8 30 11 4
21 9 24 17 29 4 21 29 29 24 9 30 19 16 22 28 2 21 28 2 14 20 8 30 27 28 27 16 13 17 19 8 18 4 19 7 21 0 5 28 28 23 15 24 18 25 13 23 9 6 14 22 22 21 22 11 15 22 24 8 20 2 22 3 18 29 19 27 16 12 4 14 30 27 19 27 1 0
1 27 23 9 19 19 24 2 21 20 29 11 11 30 3 30 27 12 15 30 8 21 15 19 20 30 0 7 19 27 12 9 0 22 19 18 28 20 27 10 7 27 16 18 0 13 11 23 19 21 20 2 24 19 28 0 23 27 16 8 4 1 1 6 0 8 23 12 21 27 15 6 21 15 18 0 12 2
1 13 0 27 26 3 18 23 23 11 10 6 13 13 15 20 0 30 17 19 21 22 1 15 5 28 24 4 16 7 21 11 27 23 29 16 24 19 26 25 6 19 19 24 20 15 27 0 4 1 23 9 15 0 22 8 3 16 22 19 15 14 14 13 9 9 16 26 11 21 29 8 27 18 12 13 8 10
14 18 21 23 23 1 8 14 25 23 23 28 14 10 16 25 29 4 15 24 20 5 12 18 18 22 7 10 0 30 21 29 11 1 2 13 26 29 19 4 5 15 24 12 20 9 3 29 12 16 24 14 28 10 17 18 28 2 4 19 26 23 8 20 17 30 23 24 13 7 3 25 27 28 13 2 14 12
10 9 30 26 23 4 20 7 2 3 2 18 8 11 13 0 10 28 14 7 21 25 6 5 25 2 30 30 8 17 21 0 18 12 8 7 18 0 30 21 1 29 27 16 9 29 15 22 5 8 9 8 24 16 20 30 19 7 10 5 18 25 10 27 9 4 8 11 8 16 11 16 23 21 11 3 10 30
13 8 30 14 23 11 9 12 19 15 26 9 29 28 27 22 18 8 7 17 24 9 10 23 1 30 16 3 17 5 6 0 11 4 14 27 16 24 3 9 18 11 26 19 23 25 11 5 25 17 6 26 5 11 1 11 15 13 6 15 24 24 27 21 16 19 25 26 24 19 10 10 2 1 7 27 13 4
24 15 21 7 19 30 1 2 9 8 19 11 8 30 9 22 5 6 23 7 20 20 26 8 7 22 7 4 22 12 8 17 8 30 3 7 6 20 21 15 4 21 11 20 23 14 25 12 14 6 17 6 0 26 14 9 8 15 8 4 20 21 15 20 14 19 30 25 11 12 20 8 1 8 18 1 27 1
17 20 6 6 7 30 2 15 10 25 4 28 25 20 5 27 17 12 17 16 23 1 23 21 15 10 30 12 18 7 12 12 6 21 18 5 8 21 25 27 26 3 17 19 24 9 16 18 8 7 29 16 28 18 23 9 24 18 1 18 0 20 12 28 24 19 14 13 21 20 2 9 10 15 10 12 28 10
26 4 28 10 11 19 24 30 25 3 21 16 7 5 3 10 14 8 23 25 29 1 1 27 24 23 22 30 3 4 25 4 29 22 11 18 23 28 5 22 27 7 23 21 10 10 16 16 28 30 7 0 19 7 14 2 0 15 9 28 29 24 11 6 19 12 23 16 24 13 26 27 24 26 14 23 24 5
1 11 22 8 18 2 25 3 9 27 25 14 21 22 2 19 3 15 0 17 22 29 0 23 28 6 17 22 28 12 22 15 28 20 24 27 21 24 25 13 20 9 18 24 12 17 0 2 24 24 22 16 18 17 22 9 19 6 28 23 25 26 30 13 6 1 2 17 26 4 11 28 4 2 26 1 19 26
19 28 25 0 23 29 8 24 6 24 14 9 18 25 24 25 29 14 16 10 29 25 14 25 25 15 23 19 13 27 4 22 20 10 0 5 28 21 23 4 20 30 28 13 16 8 15 16 21 23 22 1 17 12 12 23 8 25 21 7 4 3 9 5 16 4 23 28 3 4 26 27 9 24 4 11 24 19
8 14 29 4 5 29 17 7 11 6 13 9 23 21 13 16 27 0 27 23 23 2 13 25 12 11 12 17 15 16 26 25 12 4 27 19 6 1 5 26 3 11 11 11 10 4 22 18 27 5 20 15 26 12 14 29 19 14 19 12 0 14 5 2 26 9 20 19 11 14 22 6 4 28 19 19 16 25
27 27 0 25 30 12 28 20 16 8 22 22 5 14 25 3 27 16 12 12 3 30 15 8 13 12 11 29 4 23 1 20 5 27 30 18 16 15 20 23 11 30 19 15 8 7 15 28 27 15 24 1 2 26 14 11 19 13 7 1 4 4 19 6 2 30 25 3 30 1 19 29 20 30 3 27 0 8
11 15 19 14 16 20 10 26 3 18 7 17 13 23 17 7 1 19 10 29 11 27 26 21 19 14 24 14 14 28 19 25 16 2 28 14 10 9 14 7 20 27 27 1 9 25 13 1 4 23 24 25 5 11 3 28 23 12 11 14 6 2 10 2 18 0 14 18 29 25 3 1 23 16 22 19 4 19
24 19 25 13 17 21 22 18 10 22 10 22 5 30 1 14 27 27 23 15 15 17 11 0 5 5 1 15 1 11 23 28 14 0 13 0 16 18 0 13 28 2 29 18 6 27 21 20 5 7 6 2 18 2 6 15 8 30 15 6 25 26 29 9 10 12 18 29 25 1 14 11 21 28 20 22 7 23
18 11 21 29 5 30 12 12 16 26 29 8 15 23 14 5 6 16 9 3 21 27 21 26 19 23 23 7 10 13 28 21 29 20 6 3 10 10 30 2 28 26 5 22 8 30 19 16 8 19 22 1 22 19 6 11 29 19 16 21 29 24 5 2 4 19 21 0 18 15 4 9 17 27 21 29 16 21
7 17 19 29 29 30 11 18 16 26 19 19 0 21 30 23 30 14 7 5 10 27 4 16 3 5 22 17 15 1 5 11 30 9 15 25 0 17 23 11 13 7 12 2 17 1 29 25 9 28 20 16 29 21 7 7 7 30 13 15 20 8 18 7 18 3 28 12 3 12 11 17 0 3 4 19 28 12
1 9 17 1 25 16 15 23 15 14 7 13 27 9 16 18 4 0 8 14 0 15 20 5 25 24 25 4 15 5 4 16 14 23 7 7 27 18 11 0 27 0 24 5 20 20 8 23 25 27 30 11 21 7 24 9 16 21 19 30 24 30 9 15 19 6 22 4 0 26 23 4 7 27 22 8 18 9
12 7 25 30 16 30 19 27 10 24 25 23 7 21 2 9 5 14 7 23 13 30 11 18 23 29 10 8 14 0 29 21 20 7 2 9 28 5 18 30 28 7 3 19 8 7 22 29 15 23 28 14 3 29 7 12 19 30 21 8 18 18 28 14 11 19 1 23 26 4 22 29 10 7 30 5 1 21
23 22 29 24 28 2 3 15 24 17 25 4 25 10 27 7 8 25 8 25 8 5 29 7 28 19 18 0 5 27 25 10 8 26 9 6 14 0 17 5 28 27 21 5 27 12 27 13 17 27 27 22 16 21 29 5 4 18 17 7 5 20 20 17 0 8 19 14 8 30 19 11 20 9 16 30 1 21
10 25 24 22 25 11 25 13 3 4 15 10 17 23 14 3 9 9 13 7 21 19 18 20 14 24 21 9 14 17 12 19 14 19 0 24 25 24 14 26 23 19 11 8 10 13 1 3 4 8 25 24 21 3 14 13 6 17 0 28 25 2 12 10 16 16 20 24 26 10 20 13 22 27 26 27 20 21
27 5 20 18 6 9 22 23 20 25 11 20 6 15 17 0 19 17 4 24 21 25 6 1 21 3 2 15 7 2 3 2 8 25 17 27 22 25 4 20 5 6 30 28 24 5 13 18 14 10 7 26 23 3 10 0 30 30 25 29 3 28 0 22 7 27 21 9 12 5 2 18 11 25 29 11 14 4
10 17 23 19 15 16 28 6 1 30 30 13 12 27 9 3 7 27 5 30 19 6 23 8 5 18 8 7 20 29 13 5 1 18 11 14 28 12 23 4 7 1 30 20 4 23 18 23 7 2 2 14 24 26 29 24 10 24 23 7 24 5 25 24 21 11 23 2 19 11 26 14 12 14 30 23 11 8
10 8 1 5 23 30 19 0 2 2 30 26 1 14 3 23 4 23 2 22 20 1 5 5 25 11 28 9 14 4 19 2 11 0 21 23 10 5 13 11 11 28 9 15 5 18 12 23 22 21 8 23 13 9 0 29 25 24 2 1 28 2 15 3 17 5 27 15 12 21 18 4 10 4 25 16 13 26
29 13 9 10 5 9 27 6 5 20 17 8 20 6 17 29 9 19 21 18 6 5 25 17 2 11 22 7 30 25 25 25 30 12 24 26 9 10 24 5 18 30 1 10 24 28 11 14 6 30 21 13 5 21 8 24 12 1 19 23 9 17 9 27 27 17 0 27 12 27 24 17 24 13 22 5 14 15
19 17 13 10 8 25 14 27 14 2 20 17 22 29 18 9 3 0 1 15 1 10 0 21 13 22 12 15 4 12 21 6 16 0 20 16 25 22 2 12 27 27 17 1 29 26 7 19 28 25 3 30 11 0 7 21 24 6 13 21 22 5 6 25 13 25 22 16 1 10 14 21 23 12 10 13 30 25
24 10 11 24 10 24 7 9 29 22 5 16 9 23 18 29 23 14 9 10 20 3 29 12 18 20 25 3 17 24 4 30 11 22 11 13 27 24 22 10 23 21 29 11 27 11 3 4 4 0 21 19 8 20 3 19 22 17 25 18 8 21 26 7 16 15 24 17 9 8 30 29 1 5 2 28 24 25
17 22 10 5 12 24 19 11 19 23 26 29 27 5 20 5 1 26 5 16 19 13 28 27 11 2 20 8 5 29 22 29 27 14 22 30 2 10 4 24 20 5 13 25 28 10 3 18 16 15 29 19 7 30 26 3 15 16 18 21 28 27 20 23 16 9 4 22 26 2 2 21 2 19 12 13 9 16
25 2 3 9 27 27 12 15 25 26 2 3 14 16 17 3 24 11 7 16 3 26 2 30 28 29 0 20 13 3 28 13 22 23 6 17 11 19 15 29 1 23 21 23 28 24 26 22 24 0 0 23 5 22 2 24 6 30 4 12 29 17 21 1 14 18 26 20 2 0 24 20 20 14 30 28 6 17
14 10 28 26 23 22 22 12 2 0 19 21 19 19 15 8 25 7 25 19 19 11 24 20 21 14 0 27 14 8 24 9 15 11 24 7 28 16 2 18 4 6 24 1 27 7 16 7 10 17 17 26 25 12 9 15 20 18 5 5 16 13 25 13 19 12 21 21 6 3 16 25 27 21 22 30 9 26
29 5 6 21 22 7 29 15 17 10 25 10 24 29 26 9 24 1 8 12 10 5 8 26 9 11 23 14 6 10 4 12 17 14 21 12 29 11 5 19 26 10 14 1 22 8 16 18 13 0 11 28 28 3 10 18 19 14 24 21 24 21 20 3 19 2 2 20 6 16 23 30 27 30 19 13 17 4
7 12 23 14 12 25 15 5 4 18 16 4 8 29 18 26 0 11 29 23 28 22 1 21 10 24 22 5 5 13 12 4 28 14 5 3 10 0 30 6 0 26 20 19 12 16 30 28 17 21 16 28 22 27 13 11 26 1 17 19 25 15 2 21 25 24 13 20 28 12 21 24 24 2 21 13 15 11
21 14 18 30 5 28 11 4 7 29 5 17 24 18 15 10 4 25 0 22 8 27 3 30 10 17 29 29 28 22 28 9 21 16 6 14 26 12 2 4 25 19 25 3 21 0 29 2 24 27 5 1 5 21 6 21 7 4 1 9 15 23 26 2 29 8 17 19 24 15 29 23 1 27 21 6 2 16
16 20 13 11 17 24 6 11 24 22 24 7 15 0 21 0 10 21 7 2 22 9 29 27 17 4 26 29 27 11 30 12 3 15 14 6 8 14 10 26 22 4 6 0 10 6 0 5 2 26 20 4 9 18 13 2 27 2 10 27 0 2 2 25 11 2 21 24 23 6 10 3 10 14 14 19 28 1
6 11 26 28 9 21 28 25 25 5 1 24 22 16 27 20 10 1 24 30 14 2 3 16 27 17 2 8 3 18 17 19 23 2 7 17 15 1 17 0 25 24 7 26 3 19 8 20 24 1 23 21 9 12 9 27 20 20 1 5 6 16 4 17 11 15 8 30 4 14 5 26 22 27 1 14 28 24
1 0 11 12 30 1 20 18 11 5 13 14 8 18 13 15 1 18 1 26 13 1 5 21 23 0 8 26 14 24 26 22 15 3 28 27 10 14 13 20 30 16 20 12 17 9 19 5 27 27 6 5 18 30 13 1 19 16 9 12 2 22 28 2 26 27 25 17 3 6 13 19 3 14 12 9 28 3
29 7 15 23 14 10 9 7 28 2 16 26 15 3 27 23 30 28 19 9 5 19 2 24 11 9 30 20 29 29 10 27 30 28 23 3 10 0 18 25 4 13 27 22 26 8 10 18 1 29 27 20 20 24 0 25 28 18 26 29 15 29 24 20 30 6 20 6 12 5 2 4 25 23 10 21 24 19
14 12 21 0 29 27 2 0 1 12 1 13 5 19 5 20 1 19 27 11 11 18 24 26 18 21 15 12 14 8 11 6 6 7 1 20 19 13 7 27 12 18 13 28 2 17 12 27 5 24 6 5 9 6 23 3 26 24 14 14 4 30 9 15 7 25 21 27 12 19 19 14 15 6 6 15 21 25
17 13 14 15 13 23 20 0 1 24 10 16 12 16 21 29 17 26 29 16 9 9 10 8 9 12 27 9 8 19 17 15 12 22 5 10 9 23 20 12 5 18 1 23 16 11 18 24 4 11 30 12 26 14 26 3 10 11 9 28 12 21 19 13 20 21 3 16 0 16 16 27 2 26 25 11 6 27
24 20 16 6 7 2 16 23 19 30 22 4 20 0 10 25 8 11 13 8 12 15 5 16 5 28 22 29 10 15 21 0 29 17 27 24 8 20 24 9 19 3 5 21 14 25 14 12 28 21 17 9 5 23 20 26 25 7 18 21 27 21 30 15 22 12 11 2 23 29 19 12 11 17 4 9 10 1
19 10 0 27 28 18 21 18 21 23 6 19 9 0 11 7 19 15 5 13 13 26 0 6 22 10 19 23 29 25 0 29 13 11 13 23 22 4 23 6 11 28 8 26 14 0 21 1 10 30 25 30 18 9 4 30 30 5 5 2 30 25 25 2 22 12 27 10 4 9 26 23 18 20 18 25 12 2
2 27 2 28 9 14 1 27 11 4 9 2 11 16 29 29 8 8 16 17 12 23 17 17 27 9 25 10 4 30 30 19 18 4 29 17 13 18 5 4 12 15 7 26 24 22 30 21 9 11 10 14 27 3 5 0 23 17 2 22 27 11 28 19 2 23 1 29 29 6 2 14 15 12 18 18 3 2
14 6 15 30 10 0 15 3 9 13 7 6 11 20 19 28 12 3 3 0 9 1 6 15 25 2 22 11 7 8 5 25 7 9 14 14 13 26 5 27 27 16 25 8 7 14 3 26 12 17 9 21 13 16 6 18 8 19 13 0 25 15 17 26 16 19 15 1 30 6 22 4 5 15 30 3 15 19
5 29 11 3 2 11 23 6 25 7 7 15 10 17 11 13 2 0 21 14 18 10 29 8 9 30 6 20 9 24 11 18 6 21 29 6 11 5 21 7 16 25 19 30 23 27 20 28 16 17 15 29 13 19 13 7 19 1 2 14 14 17 11 17 22 13 12 17 3 14 14 13 9 19 5 13 4 13
26 11 6 9 5 24 3 20 13 0 11 28 24 18 6 19 28 23 1 10 14 17 27 8 10 1 19 8 2 11 12 5 24 6 17 27 24 3 11 20 5 8 23 7 8 8 21 8 18 2 3 26 2 16 3 30 25 13 13 30 14 8 3 13 14 27 4 16 12 18 8 15 21 14 4 26 20 13
1 1 17 25 27 28 29 15 14 27 21 18 0 23 1 7 15 2 9 20 20 25 29 12 11 22 15 28 22 10 27 21 18 3 30 24 6 16 29 27 4 20 19 22 4 12 17 1 7 10 22 29 11 21 15 20 11 22 12 13 2 21 9 2 2 19 22 24 9 6 5 19 0 23 21 5 14 23
14 3 4 22 18 26 28 3 5 14 23 17 30 0 8 0 22 4 8 26 28 8 4 23 3 16 4 21 7 9 0 7 8 6 20 30 15 1 26 25 19 29 26 28 6 22 26 14 26 10 11 30 2 2 21 25 14 18 0 28 1 26 23 21 11 27 17 14 28 17 13 29 9 1 10 17 8 25
17 17 7 12 5 7 15 26 18 7 13 20 29 7 20 15 26 22 13 18 18 12 19 1 8 13 2 16 16 18 7 18 7 3 9 24 21 16 5 0 23 4 13 6 20 3 18 4 29 28 7 1 13 7 24 26 21 0 16 1 20 8 2 19 24 29 0 1 26 9 8 22 17 12 29 25 21 27
15 15 4 13 4 24 15 21 0 20 21 29 1 20 18 16 30 0 17 28 4 5 1 2 20 16 20 3 1 16 4 0 21 14 30 14 3 6 8 8 15 7 8 28 16 26 22 18 18 18 8 22 19 3 1 13 29 27 22 26 26 15 15 25 17 20 8 22 4 21 15 3 27 27 28 5 21 4
11 3 15 15 24 21 21 17 4 9 22 11 20 11 27 11 5 16 16 16 27 28 13 4 0 26 27 30 5 19 5 23 19 29 11 20 7 3 3 10 2 18 23 28 26 11 12 14 10 16 22 22 27 20 14 19 10 23 4 11 30 24 15 1 6 10 0 15 29 6 2 18 14 17 11 4 12 24
10 22 14 21 20 16 18 9 30 21 30 10 15 4 25 22 7 30 23 21 5 18 28 12 29 3 18 28 5 7 10 14 6 3 1 28 5 16 27 21 3 26 11 28 29 17 11 9 28 8 9 24 1 1 29 14 13 30 3 27 20 25 16 27 10 0 10 5 10 21 23 6 3 9 27 13 1 29
9 29 26 20 28 10 1 5 3 2 19 18 8 11 8 30 13 26 2 14 10 19 29 23 6 17 15 18 19 25 1 26 14 3 28 16 13 29 18 15 2 16 5 15 20 17 20 13 5 25 6 8 19 0 18 16 1 1 5 5 27 5 9 21 30 3 7 24 9 30 8 13 24 28 11 9 15 13
27 15 6 1 27 23 20 28 7 26 9 13 13 13 11 10 19 21 29 29 30 7 28 9 15 17 11 24 4 5 9 26 23 5 12 21 6 19 17 20 25 20 30 16 2 22 20 10 11 18 10 13 6 27 2 0 21 28 20 22 0 13 12 27 6 23 12 8 25 14 8 22 20 23 22 11 4 11
27 11 23 27 22 14 3 17 28 24 24 7 24 6 24 5 10 28 16 27 17 15 17 29 17 24 14 4 21 9 8 12 28 23 2 21 13 18 14 23 15 29 14 0 30 10 18 8 10 21 2 7 29 26 19 28 16 0 2 13 5 10 7 17 15 11 15 3 10 17 23 19 18 26 0 16 7 16
6 18 8 7 13 18 3 28 26 11 4 27 9 19 15 13 21 16 20 30 6 22 25 25 7 11 8 30 25 10 15 13 20 27 19 25 14 2 0 29 30 1 16 11 3 28 6 1 25 7 9 12 7 0 4 1 2 21 23 22 2 16 21 13 30 18 19 19 24 30 19 28 7 20 22 3 1 24
30 12 5 23 28 3 12 6 9 20 13 23 29 23 22 12 26 7 21 13 27 3 9 29 0 24 3 29 13 25 21 5 0 23 12 17 0 10 21 11 26 13 12 7 3 3 30 1 30 16 22 12 19 9 11 21 0 9 11 25 7 13 13 15 3 29 27 11 13 5 20 8 7 3 4 30 4 20
15 18 15 3 26 1 8 11 23 28 24 27 13 10 29 3 18 13 0 24 3 7 16 12 19 13 1 19 8 13 25 6 10 12 27 12 20 25 4 8 0 27 2 25 20 21 4 10 11 23 3 7 30 15 13 13 17 10 30 27 2 30 11 3 1 22 4 6 26 9 9 15 11 25 7 19 6 11
22 27 17 29 0 1 21 11 5 12 25 8 10 11 5 3 25 24 5 14 21 24 28 25 26 19 29 5 19 13 14 16 22 1 15 13 15 8 3 20 21 12 20 0 29 8 10 1 28 9 3 20 13 5 24 1 11 1 19 27 15 15 10 11 23 5 13 6 28 0 18 17 13 24 10 30 0 4
29 22 29 1 23 17 16 14 30 10 21 8 5 27 6 28 6 20 4 13 9 21 2 21 1 4 3 13 8 15 25 16 3 9 7 1 28 15 2 13 12 21 24 14 14 9 0 10 8 16 18 10 16 7 22 6 23 29 24 0 15 9 16 7 29 29 26 23 5 26 20 27 19 11 24 2 10 26
