84 84
5 21 3 22 6 19 3 25 20 22 6 11 21 27 18 16 22 1 29 12 4 19 25 12 24 13 3 7 0 17 3 20 21 12 20 24 17 24 20 20 6 19 5 12 20 4 9 27 0 14 1 19 20 30 7 30 11 29 23 12 4 19 17 15 9 24 24 18 25 18 21 12 20 14 17 10 12 30 3 13 26 11 19 18
30 20 8 11 29 0 21 21 27 18 1 30 30 3 4 27 13 12 24 18 25 24 0 1 1 22 26 8 25 30 5 23 15 7 18 16 26 23 19 3 24 4 9 24 5 9 0 18 10 18 26 29 7 26 10 5 24 2 25 6 8 25 9 30 30 21 20 30 1 12 16 20 26 0 29 30 12 26 23 7 14 12 29 24
28 7 13 8 23 14 5 23 14 19 20 2 20 12 3 21 16 23 5 0 17 21 27 15 8 13 1 0 24 23 8 27 25 5 25 14 5 6 24 0 1 9 10 25 13 17 27 5 5 24 28 20 15 18 21 5 15 3 8 23 2 1 16 20 7 6 20 30 20 19 29 0 9 14 0 18 17 30 10 30 10 19 5 25
22 23 14 12 27 2 7 26 17 15 17 21 15 2 30 15 20 10 22 27 13 5 14 17 5 26 3 7 29 24 9 21 7 6 26 13 8 15 0 18 4 1 15 13 0 6 0 9 11 30 19 13 3 30 9 26 1 13 29 13 26 21 19 11 4 24 25 1 0 22 24 20 28 29 0 27 28 25 29 6 28 0 20 27
15 12 27 21 23 28 30 3 16 23 11 4 12 1 11 15 17 22 27 4 2 18 4 17 17 23 17 11 8 29 22 1 30 24 28 14 20 19 3 23 13 3 5 6 4 4 21 23 27 7 10 22 7 22 27 5 0 22 13 5 17 11 16 14 4 22 7 12 18 7 28 26 11 27 27 7 10 7 18 23 7 13 9 3
13 6 28 25 10 1 11 25 21 16 24 17 25 0 17 11 6 0 13 11 20 29 12 4 6 24 7 1 15 8 8 2 18 5 8 27 9 8 6 8 3 11 16 30 11 29 17 20 29 30 16 13 26 27 0 20 15 30 2 24 24 28 13 2 25 29 24 6 4 14 14 22 16 0 25 20 16 28 17 16 14 24 14 23
25 5 18 26 16 8 14 17 21 15 14 5 8 26 20 7 21 16 24 27 19 4 10 3 4 15 0 0 2 3 20 25 6 16 3 17 28 11 27 25 21 18 12 16 3 2 12 4 8 5 24 3 30 19 1 27 2 8 27 26 7 19 19 15 12 2 16 21 10 14 2 19 12 21 15 29 9 7 21 6 26 12 7 15
3 18 0 28 4 11 9 26 10 2 13 22 5 13 27 24 21 24 28 24 24 24 12 30 5 28 4 18 11 29 26 30 28 7 5 25 0 23 24 26 16 1 15 18 20 19 12 1 27 10 23 8 18 28 9 3 30 28 21 3 17 16 27 25 30 7 25 18 19 16 28 15 25 26 12 30 13 28 13 1 10 13 21 6
23 17 9 3 20 16 5 5 26 1 21 14 27 17 19 1 14 1 16 3 21 0 6 22 17 27 0 16 9 23 5 12 20 17 11 5 6 2 9 28 9 12 15 27 0 27 15 8 26 0 12 15 20 9 3 7 22 30 10 7 29 28 15 1 28 4 10 7 27 24 16 20 21 26 28 13 26 17 13 15 25 14 24 27
9 24 10 30 24 22 21 29 30 20 10 2 3 16 7 12 4 27 15 24 18 5 29 16 25 21 24 27 23 28 27 29 11 8 10 24 18 2 29 21 15 14 10 4 23 25 2 12 26 5 8 27 26 18 20 10 28 2 21 19 14 26 27 5 24 28 26 8 5 23 20 2 7 24 3 25 20 19 2 30 1 11 5 17
16 11 10 2 4 16 23 26 8 3 16 8 2 12 20 2 0 13 8 20 7 4 13 24 15 0 11 28 28 24 11 19 18 18 0 20 10 8 14 1 27 5 6 15 4 1 3 20 20 20 18 13 26 15 7 21 10 21 25 12 30 22 22 26 17 22 4 0 23 21 19 18 14 29 10 5 10 23 28 19 26 19 0 24
25 23 4 25 4 3 28 6 10 28 3 12 20 12 23 27 20 26 26 30 9 9 24 8 25 22 20 2 17 19 28 11 30 29 5 12 8 10 16 27 22 28 4 10 28 23 15 20 30 22 11 5 27 0 2 13 22 15 9 21 5 23 25 19 15 9 26 26 4 14 8 25 24 7 1 22 2 6 9 15 16 5 0 21
21 10 4 22 10 27 2 3 18 7 6 3 25 25 23 24 5 4 15 30 10 16 21 18 11 8 3 10 1 3 24 17 23 2 17 16 6 6 12 3 7 4 10 8 23 23 30 11 26 22 2 25 26 23 6 4 7 22 15 3 30 22 0 21 23 29 14 29 29 16 0 8 15 9 17 4 23 12 7 1 6 27 21 28
29 30 23 24 7 23 28 10 6 0 20 21 8 21 2 17 0 24 0 16 18 24 28 6 10 27 4 2 9 5 2 10 29 7 21 12 23 27 3 25 8 14 15 16 9 23 3 12 30 26 22 9 1 12 20 20 24 21 26 14 11 19 16 26 18 20 7 8 16 12 4 3 26 26 8 0 28 0 28 11 20 14 16 16
3 25 23 26 30 1 9 18 23 4 21 0 29 10 8 10 1 6 21 0 26 28 26 5 12 1 30 26 5 0 1 11 3 18 16 9 14 18 7 9 0 2 28 14 8 10 15 13 27 29 11 21 10 20 19 30 19 8 6 16 5 2 18 25 29 23 14 25 12 12 20 19 25 23 20 8 20 15 3 15 29 19 20 21
21 17 30 16 6 18 12 15 28 26 0 24 4 23 26 25 12 17 14 4 1 6 30 27 27 24 15 24 29 12 2 19 11 16 0 24 0 20 21 22 27 7 26 14 23 20 4 23 20 17 18 15 20 27 2 7 28 5 9 25 8 26 5 10 9 1 27 7 13 21 15 0 14 26 14 25 2 15 25 13 12 17 6 29
20 6 30 8 24 13 23 30 3 11 18 3 17 24 4 11 7 26 24 29 7 24 12 10 21 3 10 14 12 8 16 29 18 20 22 26 8 9 19 12 22 5 1 9 13 2 8 12 3 22 16 11 1 10 26 21 18 2 15 4 13 27 14 26 8 29 28 9 28 27 22 24 9 2 11 13 27 16 9 25 14 16 6 4
6 16 21 2 17 14 6 8 0 3 11 10 27 8 18 9 18 9 22 19 2 14 26 2 27 24 5 28 1 14 17 13 28 26 4 27 4 25 12 20 29 4 19 24 7 12 4 21 23 23 3 21 4 10 11 28 17 3 0 6 13 23 25 9 22 22 29 30 5 20 3 28 5 14 4 11 21 30 15 10 20 27 21 27
12 3 30 10 29 1 18 18 13 28 22 27 28 27 7 13 26 22 21 1 11 25 6 14 5 24 1 23 29 19 22 10 9 17 12 9 17 21 26 13 8 12 4 9 13 7 24 25 1 8 12 3 8 4 10 11 8 18 3 9 29 27 5 8 26 5 7 16 17 0 28 29 18 16 10 1 1 21 25 12 5 17 20 16
21 21 4 25 16 0 12 29 27 27 26 17 12 13 27 20 5 7 25 5 9 1 8 7 5 28 13 16 20 22 1 28 5 28 12 19 21 26 19 30 22 2 1 4 25 13 11 30 28 26 7 22 13 25 7 2 15 2 29 19 26 22 10 13 24 17 25 8 0 6 8 18 1 23 21 9 19 12 22 2 0 27 2 7
4 17 25 20 10 18 11 14 30 14 17 27 16 8 24 14 26 17 5 10 18 6 11 6 1 15 0 16 2 5 22 5 5 9 23 23 19 25 18 30 22 8 25 25 11 3 30 8 28 5 8 30 10 19 4 10 18 24 4 0 6 12 0 10 5 12 10 19 5 21 6 15 4 25 28 18 25 27 1 4 18 3 4 1
9 16 10 2 24 25 11 1 9 8 22 28 9 24 9 25 2 7 14 8 1 5 15 22 8 24 26 5 13 2 25 23 7 18 15 23 17 9 19 18 11 7 28 15 26 25 12 3 22 5 1 19 9 3 17 26 20 2 0 25 11 14 3 9 28 22 1 11 13 16 17 2 30 23 23 25 13 29 27 21 14 26 29 5
25 5 7 3 3 16 13 26 17 12 11 4 25 16 12 27 20 23 19 11 19 14 30 30 18 12 4 21 28 19 27 25 20 0 18 27 19 4 10 27 1 4 14 1 16 1 4 22 0 21 14 19 13 6 0 24 3 8 1 4 21 16 26 22 29 26 28 8 1 10 21 26 28 23 11 16 16 2 4 26 16 20 23 5
16 11 5 8 22 25 20 28 6 24 28 15 24 21 19 11 29 15 25 17 24 8 19 19 12 11 24 6 19 17 12 23 19 0 8 5 7 28 12 5 25 22 16 18 30 2 14 22 19 1 12 13 0 0 10 20 2 14 2 20 14 16 24 23 18 27 15 28 12 4 15 5 28 25 27 25 24 5 22 7 26 5 2 3
23 13 21 1 2 3 16 0 10 12 22 7 26 20 27 22 21 7 29 28 28 10 20 11 14 18 30 24 8 29 6 11 6 27 23 8 6 1 1 10 15 5 26 25 27 12 1 21 28 15 3 19 30 14 19 19 19 2 4 9 6 14 4 8 12 29 6 27 26 6 10 19 11 25 8 2 23 6 15 19 29 25 11 21
17 12 18 0 0 27 6 2 20 18 6 13 18 20 19 2 30 30 11 30 4 10 21 15 3 14 1 26 17 19 19 5 3 26 20 20 21 9 9 24 12 25 19 11 23 18 5 23 24 23 3 15 8 28 19 6 15 29 26 26 15 4 7 14 10 27 16 29 15 24 13 3 16 17 15 26 8 6 30 13 1 3 26 21
25 20 29 6 6 21 29 24 2 26 22 27 10 29 9 2 28 22 18 18 23 7 13 6 10 4 18 0 7 1 8 16 19 1 15 12 15 19 11 9 15 28 11 5 5 4 3 19 30 14 13 12 26 25 7 23 6 7 8 22 30 16 20 0 8 4 10 1 10 30 28 21 29 5 8 14 3 10 7 7 14 27 7 1
10 17 24 0 28 1 25 21 8 3 22 17 8 6 10 2 7 21 25 30 2 12 3 0 15 20 29 1 3 0 21 17 28 18 8 26 14 19 16 10 15 20 26 16 22 2 22 24 5 30 19 9 4 21 27 7 4 28 30 22 26 19 5 10 20 22 3 19 21 7 30 17 23 19 10 27 17 4 24 17 21 6 8 11
5 16 9 4 19 0 5 11 17 18 26 29 16 20 23 22 12 21 27 3 23 12 2 15 23 11 12 14 19 12 24 6 25 29 27 7 5 24 24 25 10 19 1 7 21 7 28 26 23 9 19 23 0 8 15 16 11 29 1 4 8 24 5 18 21 1 21 11 24 16 27 3 14 22 12 17 23 19 6 0 21 5 12 16
14 1 12 20 2 16 27 0 27 11 22 11 24 19 14 26 6 23 14 1 6 10 3 12 27 12 12 25 5 21 18 7 7 10 26 29 25 19 24 21 9 14 24 23 10 24 22 3 25 21 18 27 17 6 27 11 30 13 1 26 29 5 27 17 10 5 6 20 16 4 24 9 24 23 3 24 21 29 22 8 18 21 28 8
13 18 26 6 4 1 23 21 2 27 30 15 5 17 16 9 25 19 2 10 11 21 10 9 9 23 4 6 10 17 5 0 25 16 0 26 2 30 15 19 23 5 16 2 18 9 14 20 19 0 18 12 9 12 27 19 20 18 27 11 18 16 7 21 6 20 1 9 27 8 1 1 2 2 14 2 26 22 16 26 1 25 12 11
13 29 3 30 13 25 4 25 23 29 8 30 26 25 2 14 14 28 13 2 22 17 13 21 16 4 4 18 11 18 3 20 14 13 12 6 29 22 2 12 6 29 1 10 28 27 22 9 2 5 13 12 28 0 26 13 29 6 14 29 13 29 17 15 22 28 1 11 14 27 13 17 24 12 10 18 15 10 11 23 28 3 13 24
8 20 23 5 25 16 19 25 29 5 13 6 25 1 7 5 18 20 9 29 14 22 22 22 21 3 3 19 14 15 27 22 16 7 6 28 6 2 21 11 1 7 15 26 18 25 3 15 16 14 15 2 16 5 19 26 9 2 24 9 16 3 4 28 27 5 17 0 1 0 29 22 19 8 25 27 16 1 21 25 4 10 7 10
5 30 4 11 1 19 21 17 8 13 12 26 11 2 5 4 4 4 19 9 2 24 19 14 4 21 17 9 28 15 1 16 23 9 22 8 25 3 23 28 23 15 18 7 21 13 27 21 14 16 4 27 14 13 20 24 20 30 6 25 15 8 29 21 24 4 26 4 19 29 25 8 23 27 4 0 5 13 22 29 0 22 7 19
7 18 21 4 18 10 11 4 2 10 10 21 9 5 9 25 1 27 11 12 30 17 4 30 24 7 16 25 22 2 20 25 9 13 24 28 14 30 11 22 20 24 21 20 5 26 18 20 5 21 11 23 19 21 3 11 27 27 27 21 20 22 29 13 25 21 21 29 13 25 19 3 11 23 18 15 29 0 28 3 18 29 10 6
13 5 30 3 6 22 23 0 3 26 21 11 13 9 17 21 28 20 28 7 5 27 15 8 1 14 11 15 10 26 4 30 22 26 17 4 0 1 4 19 22 1 27 20 19 11 17 6 1 17 8 17 19 16 0 7 23 20 4 23 3 11 17 3 4 0 26 0 16 13 15 25 20 11 23 16 20 2 16 12 1 6 6 16
30 8 0 27 20 12 27 25 23 5 16 16 3 1 7 7 4 4 20 16 1 24 19 2 18 1 23 4 0 21 14 10 19 5 5 3 0 25 23 23 23 11 2 1 26 5 13 14 0 1 0 21 17 14 27 23 20 1 10 14 13 6 28 16 9 4 8 30 19 19 15 9 8 11 23 11 9 18 15 1 10 29 14 23
15 22 6 24 0 15 8 30 12 11 26 19 23 10 7 4 18 16 24 0 2 23 29 30 17 22 27 12 5 8 21 1 20 2 0 8 18 9 15 15 23 18 3 28 30 2 3 11 10 24 24 27 26 27 27 28 3 13 26 27 18 0 11 12 21 30 17 13 13 18 19 28 14 10 18 16 17 1 6 4 19 7 11 7
14 29 15 5 24 5 5 1 14 5 2 9 10 21 9 16 15 25 7 17 25 1 18 13 13 21 13 16 25 9 28 27 9 4 19 15 3 22 1 3 6 8 20 26 30 25 3 14 7 8 7 6 13 0 16 12 3 24 30 13 17 18 15 14 13 27 1 1 29 23 2 13 13 22 23 24 2 20 17 8 7 9 30 23
28 9 3 3 1 12 22 9 1 0 8 4 2 1 16 30 11 15 2 4 17 15 30 6 4 1 9 11 28 11 25 16 30 13 4 20 20 20 17 1 1 27 20 6 21 24 9 1 16 20 24 20 28 2 22 23 8 19 18 20 18 9 22 0 9 10 14 22 21 27 13 17 17 2 22 12 25 29 5 19 10 10 1 13
19 22 25 27 28 28 20 26 10 0 12 5 25 25 16 8 7 26 13 29 11 7 26 16 1 0 19 9 28 9 1 12 14 0 14 11 14 18 24 26 6 7 21 30 18 9 25 29 0 25 12 22 8 25 8 27 15 30 22 16 16 15 29 20 19 1 24 0 7 29 21 11 14 19 20 23 6 16 16 18 15 20 0 24
0 22 20 15 20 25 23 19 29 27 29 2 26 14 29 7 28 18 26 12 25 14 2 15 10 6 12 3 0 18 5 12 21 1 25 11 19 22 14 30 27 14 29 19 18 0 25 21 19 10 18 15 25 17 16 5 14 8 27 5 16 4 26 24 21 5 0 27 16 22 4 14 0 0 25 9 28 2 16 18 4 17 29 7
22 26 23 23 23 27 13 2 15 23 23 7 22 16 4 0 14 23 29 3 5 20 11 4 12 3 5 20 10 7 0 6 17 13 20 16 3 22 3 3 26 23 4 20 15 22 12 18 16 16 14 13 7 25 1 16 17 25 8 28 5 22 4 15 10 8 26 19 21 8 20 30 23 12 8 26 22 17 18 18 23 5 7 14
20 26 24 19 8 26 8 18 12 25 26 22 25 8 7 6 11 11 19 13 30 25 15 7 11 16 9 23 17 29 25 0 26 28 7 26 30 2 25 0 19 5 16 20 14 28 29 1 8 29 4 25 1 13 10 1 15 16 9 25 3 1 7 26 12 17 6 9 6 10 24 23 4 29 0 3 21 19 22 2 18 22 10 22
19 16 24 22 3 21 17 20 21 14 11 24 27 18 28 0 19 17 17 20 11 18 9 18 19 5 0 28 30 5 20 20 0 29 3 12 16 20 7 20 11 14 11 20 18 6 29 4 21 16 21 11 30 25 25 11 26 11 24 22 27 22 6 26 22 11 6 2 27 1 8 16 18 9 20 18 20 20 25 25 7 23 12 29
11 4 8 15 8 26 24 2 7 21 24 11 5 30 0 18 7 17 29 8 12 26 17 29 5 27 2 26 3 22 13 30 21 29 4 3 1 0 24 7 4 0 25 24 8 20 23 13 3 30 19 15 29 15 25 14 11 19 4 21 10 25 23 11 15 29 4 14 6 29 8 26 18 1 27 19 21 7 15 23 24 6 2 7
0 19 29 29 0 16 21 30 0 2 25 2 1 19 1 24 0 28 20 0 14 26 10 30 9 12 26 6 13 21 5 14 19 11 26 23 19 17 10 0 12 26 3 22 2 2 22 19 30 27 5 19 4 13 21 4 27 8 0 7 12 5 9 29 17 25 2 16 26 0 27 26 28 29 16 8 22 9 28 8 11 27 23 3
11 13 6 4 4 20 3 8 26 8 19 23 26 30 22 17 23 8 4 23 19 17 7 23 27 0 1 11 19 30 18 6 30 19 5 4 13 19 3 3 25 13 6 5 28 3 27 20 18 27 29 12 18 29 20 14 0 1 6 11 26 3 14 10 24 20 13 21 7 29 15 6 19 1 20 16 24 7 23 20 2 6 1 14
3 20 14 20 4 9 29 6 10 0 5 19 19 6 23 22 5 29 24 24 16 16 22 7 13 4 7 16 27 15 24 19 8 16 1 11 26 7 16 2 11 2 22 22 25 10 27 22 27 25 15 20 3 11 2 27 7 16 27 3 30 25 12 13 30 1 27 14 25 1 14 10 3 24 15 16 3 15 6 26 23 25 27 30
24 30 28 27 28 22 24 20 7 11 27 16 7 30 30 24 25 29 9 27 7 6 19 0 20 11 2 8 10 7 18 14 20 18 0 11 21 14 7 5 18 27 3 30 5 6 10 23 24 0 20 27 30 28 12 8 14 21 2 28 23 27 4 28 2 26 19 14 5 12 0 11 7 14 8 17 1 9 7 5 4 17 15 29
30 27 13 9 19 5 1 6 20 25 4 29 19 26 22 23 11 7 11 2 1 0 9 9 29 7 30 28 30 22 14 0 2 24 19 18 25 30 15 28 21 26 9 24 11 11 27 10 16 28 11 10 25 5 5 27 14 29 6 22 30 23 28 14 29 29 11 23 9 19 17 27 18 21 8 11 7 0 2 21 10 17 17 3
17 15 19 6 0 26 13 2 8 20 1 13 11 5 27 18 3 29 29 6 28 1 20 28 22 16 21 12 8 6 8 18 5 25 14 28 23 7 11 18 25 1 25 24 5 10 27 16 18 26 24 9 5 30 24 12 28 4 6 20 5 2 10 13 19 6 20 6 4 15 5 20 1 27 16 13 1 27 21 5 23 9 0 24
27 16 11 0 20 8 10 19 28 9 1 11 19 10 15 30 17 5 27 15 3 29 2 18 2 30 11 0 27 6 30 17 5 15 8 12 4 30 11 29 19 8 1 25 17 27 14 18 26 8 21 17 24 11 4 24 10 16 4 29 8 10 14 13 20 10 18 8 15 23 16 10 15 13 21 18 12 21 7 23 17 23 23 12
14 13 26 21 11 27 11 16 30 27 30 30 21 9 0 17 6 12 2 1 9 21 4 21 16 24 25 22 4 8 24 19 6 15 28 8 25 16 23 27 14 4 4 18 16 24 8 17 3 22 28 16 16 5 22 2 5 23 9 17 18 30 27 18 23 18 25 9 0 12 2 5 27 6 24 15 17 10 11 24 21 23 5 27
26 20 26 6 25 10 11 26 3 11 25 27 10 22 19 2 25 17 15 24 16 25 18 5 21 26 6 3 11 8 9 12 5 3 6 7 7 11 2 9 7 26 2 20 11 24 1 5 6 5 7 18 15 10 3 12 12 4 7 10 5 26 5 7 10 29 6 20 16 4 29 13 27 2 17 8 0 24 24 14 23 5 24 23
4 8 6 3 12 27 16 12 6 30 19 26 27 28 23 12 12 30 14 12 19 30 17 19 5 20 18 20 4 16 4 11 24 26 12 24 17 25 28 13 21 9 0 9 18 15 11 3 18 2 11 14 9 28 20 19 29 5 8 0 9 25 19 7 30 7 4 5 1 22 30 29 0 28 18 26 2 2 26 4 9 22 2 17
27 13 20 6 10 15 27 30 5 17 27 15 20 9 17 26 6 0 29 22 4 29 21 6 1 28 25 2 26 20 11 12 16 15 5 9 16 2 10 30 0 9 6 6 2 23 18 25 6 19 10 11 17 11 28 13 0 8 20 20 20 12 11 20 8 28 12 9 26 25 17 10 4 19 15 24 4 21 0 23 30 24 25 4
0 22 4 11 10 27 26 15 19 18 25 26 21 8 25 23 7 27 6 16 17 24 12 13 29 10 3 18 29 9 23 16 15 30 4 11 15 20 11 30 0 3 22 21 21 9 1 16 12 2 11 20 3 5 15 7 20 18 25 1 17 28 30 26 22 14 12 22 24 28 2 23 1 21 8 28 14 7 2 18 10 24 25 1
17 15 21 16 0 8 26 17 2 8 0 25 7 0 1 5 8 14 27 20 7 10 0 28 27 24 24 26 13 19 26 10 11 5 12 16 24 12 30 17 10 1 19 19 6 20 27 23 19 21 26 21 19 5 12 14 3 12 29 9 4 9 16 29 4 9 23 3 12 26 17 0 24 2 4 4 18 24 1 0 26 7 25 12
26 19 21 6 21 12 16 17 0 3 30 28 27 19 1 27 29 15 1 7 15 17 8 6 9 16 7 17 2 17 19 20 29 29 25 16 26 28 12 0 7 23 19 27 19 18 28 19 15 22 14 2 3 22 0 20 29 3 5 3 9 1 11 1 4 27 8 21 22 0 6 6 6 3 5 25 4 21 10 10 27 0 14 12
9 27 24 30 4 26 7 30 16 27 19 28 12 22 13 0 29 28 16 12 3 26 19 24 25 0 0 18 14 25 22 27 11 8 20 25 26 19 17 4 14 3 8 27 7 23 27 25 11 17 26 8 8 1 29 28 18 26 15 27 20 0 2 21 24 26 16 10 3 2 20 22 7 22 25 27 10 21 22 30 16 22 10 16
17 23 21 14 14 13 9 2 19 4 14 1 25 28 9 25 6 5 29 11 7 21 29 2 13 17 25 22 3 13 28 2 22 22 6 1 30 0 22 5 25 27 5 16 20 8 21 16 3 7 14 8 27 29 28 27 2 24 30 19 7 28 17 3 22 19 4 26 30 19 12 25 26 12 25 23 10 24 23 28 20 24 27 9
8 15 5 24 23 27 19 30 1 22 0 13 11 12 2 22 22 21 19 2 11 18 25 21 0 5 3 1 25 24 27 7 12 25 14 16 1 2 23 20 24 28 3 17 22 3 26 11 28 27 22 5 30 9 22 20 26 22 30 26 8 25 9 11 17 1 3 13 2 7 6 8 8 22 12 5 9 27 3 26 11 26 27 29
28 15 7 11 8 29 17 1 5 13 0 18 20 12 7 24 23 1 28 19 11 14 13 6 15 6 6 13 18 9 19 10 30 16 0 29 30 10 27 12 3 15 6 5 19 5 21 3 16 19 18 19 1 15 14 3 29 10 6 20 20 9 10 30 18 22 13 20 16 19 1 18 27 21 9 20 14 30 11 29 30 12 6 18
17 11 16 22 25 18 6 30 8 16 15 7 26 13 22 17 24 27 8 10 12 20 23 18 17 1 12 4 2 18 5 29 30 18 0 29 25 22 27 20 15 10 18 12 10 29 23 9 8 18 30 21 3 23 16 3 28 4 16 19 13 11 7 29 9 1 30 20 30 26 26 30 0 10 4 10 28 19 28 14 25 19 4 2
9 13 23 7 22 26 5 12 18 22 14 14 12 8 4 26 18 5 28 19 26 0 22 23 14 17 20 15 2 20 4 7 11 23 28 4 27 21 28 25 5 24 21 3 10 24 23 24 12 9 24 26 10 16 28 27 3 27 10 14 11 19 2 10 6 19 4 25 13 9 22 13 27 0 2 29 27 21 7 4 18 30 11 11
30 19 18 7 14 26 15 21 25 28 0 12 23 22 16 21 3 4 15 6 16 28 20 1 9 3 1 5 14 4 1 24 15 14 12 24 27 2 13 18 14 0 18 23 22 0 1 15 6 15 11 5 4 30 13 29 11 4 21 13 20 12 6 23 20 25 3 18 5 29 21 24 22 8 12 8 2 20 13 0 19 15 28 8
11 1 7 13 30 28 0 28 24 27 4 0 21 29 25 22 29 17 12 25 10 27 15 24 18 3 2 15 25 6 15 13 5 4 16 29 10 27 13 0 26 26 27 3 26 23 21 25 18 11 13 21 22 21 1 1 10 27 5 13 3 13 11 11 13 29 9 17 25 12 19 26 21 23 17 22 26 16 29 25 15 18 13 2
5 0 25 3 20 14 2 8 28 11 17 23 29 14 11 9 18 16 26 18 28 18 16 12 13 17 27 30 4 4 24 23 26 23 26 22 4 1 19 4 13 24 1 6 30 15 29 30 13 20 4 30 16 9 14 15 7 12 5 24 6 1 5 25 1 24 11 25 10 26 6 5 9 14 4 27 1 4 15 27 19 14 3 29
11 15 21 1 22 27 20 7 30 29 15 25 21 10 17 26 2 7 9 22 11 7 4 9 25 5 10 6 12 23 25 17 26 18 2 0 11 14 3 24 12 25 0 24 30 28 5 5 3 23 25 3 10 16 29 22 9 30 7 25 12 23 23 25 21 18 19 30 20 12 19 16 29 11 12 29 25 19 21 18 17 17 7 0
12 8 13 24 15 25 19 29 24 30 27 29 13 6 25 2 13 26 12 12 3 9 24 0 15 6 22 25 22 20 29 1 7 12 4 8 17 24 7 2 9 28 24 15 4 13 19 12 19 10 13 26 21 28 18 8 7 7 23 29 1 13 23 24 7 19 5 12 0 13 1 11 25 10 11 4 27 13 17 6 28 27 12 17
2 1 19 22 7 4 4 16 0 2 20 14 21 6 22 20 3 20 7 20 17 24 6 22 3 12 2 23 13 17 15 14 9 16 22 13 12 2 11 5 4 22 0 11 6 15 19 23 23 21 9 6 5 24 11 16 9 3 10 9 6 22 24 1 14 16 8 7 15 19 24 26 16 17 27 19 12 23 10 6 21 20 10 28
9 30 29 30 6 0 22 23 6 28 15 23 14 6 8 7 6 16 30 7 5 2 7 23 3 11 1 18 3 9 7 13 12 29 20 5 26 19 23 29 0 30 28 25 1 15 12 5 24 14 20 19 28 0 11 3 16 14 21 4 15 23 5 2 8 12 16 0 9 21 10 16 13 10 24 4 17 4 0 25 28 2 3 6
21 9 9 17 24 14 14 22 25 18 0 15 3 3 29 2 16 26 3 22 15 20 14 19 22 18 2 30 14 5 24 22 22 15 19 26 10 2 7 17 19 27 19 12 27 10 10 19 0 4 1 22 25 12 27 3 28 8 17 30 14 26 12 1 5 17 25 6 10 29 30 29 11 15 14 30 4 1 24 22 23 0 30 28
12 8 15 2 23 29 28 12 0 28 21 25 10 25 17 2 3 15 0 11 25 8 3 26 5 25 23 12 3 10 11 29 15 2 13 1 16 16 17 7 22 7 22 18 26 25 9 23 15 25 23 14 23 9 6 11 28 28 27 29 25 16 4 5 20 1 5 19 12 7 29 26 14 26 12 8 7 26 19 3 18 7 26 6
22 1 3 11 18 18 8 18 5 25 15 28 12 29 0 1 12 6 21 7 14 2 23 23 3 0 26 28 29 14 28 27 25 1 3 19 8 11 14 24 13 19 23 22 29 11 8 5 20 28 26 12 12 18 6 5 23 5 17 13 24 30 22 22 26 0 23 0 30 6 13 12 30 22 2 24 6 14 16 6 20 20 10 0
7 24 1 28 28 21 1 30 26 29 18 12 8 27 25 16 11 17 10 2 14 19 4 23 18 21 24 18 15 17 28 24 30 14 23 23 23 7 22 2 3 13 2 17 20 8 1 0 22 27 22 22 9 29 28 21 21 27 27 21 6 17 28 15 14 29 5 20 8 3 4 20 13 16 6 26 0 23 23 3 8 19 5 13
29 14 0 9 1 28 23 25 21 9 26 21 2 18 25 17 18 16 11 2 27 13 13 30 0 12 25 16 14 7 24 4 14 0 2 13 9 27 13 3 25 15 20 27 9 24 16 22 0 29 15 19 21 8 24 14 28 1 2 14 19 12 18 3 23 25 0 16 6 6 4 11 4 27 21 21 23 9 1 4 20 25 4 3
16 0 10 19 16 28 30 26 17 8 10 14 27 14 8 13 27 2 13 19 6 11 26 12 24 15 4 0 15 9 30 19 24 13 15 26 19 24 29 27 5 19 30 22 1 3 16 16 20 24 14 14 21 29 2 17 6 20 0 7 13 0 5 4 4 18 6 11 23 28 23 7 17 9 11 8 8 15 10 16 7 0 1 9
8 25 22 25 3 17 0 30 9 20 2 16 3 28 2 18 8 0 9 8 28 16 10 11 13 6 23 27 27 28 12 10 12 27 6 15 9 25 2 5 2 13 22 25 7 18 22 14 24 16 2 24 18 6 11 21 29 10 0 24 1 10 15 9 27 25 15 21 4 28 6 22 4 3 10 19 10 20 26 1 20 10 8 18
21 30 10 3 23 12 26 1 20 2 3 25 30 5 9 13 14 8 2 3 17 24 3 17 28 4 7 19 12 5 18 17 2 6 17 3 20 1 29 7 20 11 28 3 0 15 27 23 12 1 23 22 29 11 12 14 13 0 16 8 23 23 8 17 21 16 9 8 0 26 28 12 22 0 14 3 19 16 2 24 16 0 8 25
15 5 2 23 28 5 6 21 6 8 30 9 9 10 9 30 17 11 27 27 1 25 10 9 13 10 4 24 19 15 27 23 16 6 29 30 22 0 28 20 11 15 2 14 19 2 7 28 22 22 8 1 3 10 10 13 11 22 4 9 18 3 30 10 28 7 17 4 30 9 10 11 8 10 27 7 10 11 18 27 1 7 27 27
26 21 6 6 20 11 29 11 18 28 3 0 17 3 8 4 14 1 11 20 27 7 19 6 7 25 0 10 7 26 21 25 18 1 11 26 8 25 21 12 26 5 15 14 17 15 25 7 11 30 3 29 0 28 2 9 16 0 25 27 3 12 8 6 5 7 18 2 17 24 15 12 1 10 0 15 29 3 24 12 14 3 9 2
18 3 26 24 29 13 30 14 23 17 2 1 14 23 23 30 17 7 26 11 14 30 8 23 13 16 3 12 3 6 5 17 7 26 24 25 1 21 25 19 2 7 6 6 9 24 1 28 29 25 12 2 15 22 4 20 26 23 20 23 1 11 16 12 14 12 30 21 24 18 29 23 23 9 28 1 4 20 8 8 22 6 16 10
