92 92
9 23 7 24 0 23 2 1 0 7 28 20 11 19 16 2 3 2 4 0 6 22 12 26 28 18 16 5 26 25 22 19 17 6 15 1 19 3 9 16 19 12 18 13 4 30 5 12 21 27 5 28 30 20 29 13 13 13 6 25 0 16 29 12 8 8 27 29 14 13 10 3 18 24 21 24 30 14 23 8 14 8 20 26 9 20 27 30 4 15 1 27
6 15 23 25 10 5 19 3 6 26 2 5 21 22 26 28 3 2 3 8 7 23 18 8 16 29 21 28 1 11 19 13 0 1 0 22 18 18 12 23 7 28 18 6 16 1 27 18 20 14 11 17 24 16 20 12 7 20 26 0 2 22 24 14 8 13 17 23 1 15 0 4 2 23 29 20 19 29 10 9 7 8 14 23 29 11 24 3 10 24 15 4
5 8 13 1 4 2 19 10 28 4 29 8 25 20 12 19 23 10 30 27 18 14 5 14 17 3 24 24 14 2 10 16 0 20 12 4 11 10 18 22 5 27 8 5 20 8 5 19 27 22 12 13 8 7 13 22 24 0 23 5 24 2 3 14 29 11 5 19 24 26 17 21 11 14 9 10 0 29 13 15 5 26 10 5 14 1 17 12 21 9 7 13
1 11 23 4 13 20 23 15 5 10 28 7 28 10 25 27 2 25 16 14 5 8 2 20 16 2 30 16 2 21 13 22 9 20 13 1 10 16 24 26 13 25 29 30 3 7 2 27 8 12 19 22 7 23 19 8 30 6 1 0 22 25 21 15 3 18 3 24 15 2 14 12 12 11 22 28 11 14 12 11 9 15 18 25 13 15 17 28 26 27 9 0
28 18 2 2 29 2 5 21 12 8 30 6 6 17 6 17 8 3 24 15 13 5 23 3 2 21 28 19 30 23 5 24 1 25 17 2 7 9 21 0 5 13 1 5 6 26 20 9 12 2 0 29 23 10 30 22 4 15 10 14 28 23 30 14 9 5 29 15 29 22 19 13 29 6 30 30 19 19 17 22 29 14 17 3 24 25 15 4 24 12 2 29
17 8 0 13 28 27 28 26 12 4 16 24 24 13 10 4 10 25 7 17 17 4 12 10 18 11 19 14 2 24 13 8 22 16 5 27 13 13 18 30 2 3 15 28 7 9 0 12 6 16 9 18 17 11 29 14 27 5 11 24 24 19 9 16 18 24 25 29 27 19 19 22 11 1 0 19 6 9 3 23 19 14 15 7 23 5 14 25 0 7 5 25
10 30 29 30 18 18 7 21 16 10 29 5 8 12 20 18 17 22 29 25 16 21 12 5 17 13 30 1 4 5 11 2 8 1 19 17 7 0 3 9 1 30 3 16 14 24 9 16 6 21 6 15 5 1 30 10 0 16 7 4 22 26 20 11 26 11 23 23 9 6 15 26 24 17 0 15 2 17 19 10 3 3 28 30 7 12 0 28 13 21 16 21
1 0 18 9 28 24 20 6 17 27 26 26 5 10 0 7 27 26 14 28 6 1 4 20 25 6 25 0 8 3 2 10 20 5 8 15 7 7 7 8 21 22 9 1 20 27 27 14 18 26 27 11 1 16 14 11 2 2 20 19 1 9 28 1 2 1 16 13 14 12 3 26 29 29 18 8 3 21 12 11 30 13 10 27 18 25 26 10 29 0 0 3
3 23 0 12 13 28 29 25 4 26 8 16 18 22 24 25 9 8 28 4 20 2 11 1 8 19 29 5 26 28 25 23 19 15 16 21 0 12 10 2 10 23 30 16 22 18 1 9 20 17 15 12 11 18 8 30 30 14 29 2 21 15 2 15 0 13 25 26 28 6 18 22 14 3 27 19 11 25 1 14 29 26 21 11 17 1 18 22 2 18 9 23
4 3 24 28 3 9 15 18 2 21 24 19 30 9 3 15 22 2 9 17 9 23 4 27 15 6 2 28 19 0 30 23 3 3 21 0 24 25 16 10 28 30 26 30 16 25 23 7 0 10 22 11 30 13 26 13 4 13 1 13 8 21 9 5 21 9 22 12 23 16 13 27 6 26 29 0 23 8 5 4 20 21 22 21 20 10 7 19 19 29 1 29
14 14 30 21 16 18 11 2 20 0 12 30 10 8 14 20 5 3 17 10 7 10 14 6 5 0 15 10 5 21 8 0 30 18 18 28 30 20 9 15 15 13 27 30 30 11 16 6 5 21 20 25 8 23 22 24 6 11 15 28 12 11 25 30 28 10 25 20 20 13 18 18 7 14 16 30 22 29 2 25 27 28 13 26 24 1 16 20 23 9 29 13
14 11 28 9 1 26 2 26 25 16 15 7 27 0 16 11 9 24 22 3 10 9 28 19 2 21 16 21 0 14 16 12 10 28 21 26 16 22 15 27 10 20 21 11 21 11 7 14 10 23 5 17 12 16 29 22 5 27 30 26 24 11 15 12 9 17 9 24 29 14 3 18 7 16 16 18 21 28 19 1 20 7 10 5 7 17 11 11 21 5 0 25
15 7 7 27 24 10 2 3 16 13 19 22 8 27 7 4 5 24 1 22 2 13 2 4 29 18 29 28 3 9 21 22 6 0 22 10 2 28 17 1 20 23 19 29 9 28 14 10 11 20 9 1 5 23 20 12 6 1 23 7 21 17 6 13 3 4 13 11 18 4 13 14 18 30 17 10 11 12 15 6 21 30 3 6 23 8 13 25 4 4 18 17
3 23 25 29 20 27 7 5 16 14 12 12 17 14 9 17 9 23 23 4 0 20 9 9 15 21 14 23 5 18 11 14 0 15 6 19 21 15 7 18 19 9 20 11 17 15 29 3 5 3 12 15 12 2 27 16 0 18 6 11 13 23 20 9 21 0 4 17 23 2 26 12 21 26 25 16 11 15 14 9 30 28 29 30 3 9 26 1 11 1 27 4
14 23 7 7 14 11 30 11 6 2 19 22 3 30 28 16 10 1 3 6 10 19 20 22 19 1 3 0 2 23 23 1 4 11 24 2 23 22 2 12 24 21 26 5 15 18 24 15 4 5 2 14 21 15 0 25 21 22 2 13 13 16 16 20 24 20 10 2 21 27 3 30 4 18 19 27 2 9 12 27 14 3 13 5 28 19 19 1 28 16 17 13
8 6 26 21 29 21 14 13 16 6 17 28 25 29 15 27 16 27 22 0 5 22 11 5 8 28 14 26 3 3 9 5 2 6 11 18 28 20 15 26 7 27 11 23 1 22 8 25 14 3 15 2 21 2 2 1 17 24 3 10 11 4 12 22 4 26 1 11 1 0 29 15 24 28 12 27 21 30 27 4 15 14 19 1 8 25 30 0 17 26 14 3
27 1 27 10 23 18 11 24 15 19 6 23 13 26 13 1 6 28 20 1 21 0 16 0 11 5 18 26 9 11 19 26 25 4 6 9 13 6 10 28 25 0 2 3 25 3 11 15 9 4 20 5 27 17 14 27 30 6 7 19 26 13 20 26 2 22 14 24 24 15 4 15 16 30 10 19 28 18 0 23 17 2 17 2 19 24 18 21 7 11 29 1
22 9 19 15 29 20 2 18 24 19 16 15 10 2 2 3 26 16 7 9 30 13 4 10 28 26 28 12 13 6 17 26 30 4 29 4 4 11 7 15 12 1 29 30 19 1 1 5 4 6 24 12 30 8 25 18 11 5 25 2 1 23 6 29 4 26 18 10 3 28 1 2 26 10 17 2 17 19 4 15 5 7 6 3 2 1 17 26 1 4 19 2
8 19 18 4 2 6 15 20 26 19 10 25 17 22 13 27 2 1 30 18 17 2 7 14 3 4 28 6 28 14 27 26 13 2 5 11 23 24 17 22 1 1 21 17 13 9 3 30 12 19 20 7 1 22 2 5 18 9 23 22 26 4 15 20 8 8 10 4 6 20 9 5 13 19 23 12 11 27 1 28 28 19 30 7 7 5 29 2 14 8 4 27
24 8 18 27 27 18 18 28 18 13 24 22 19 12 6 2 29 13 23 20 25 14 8 29 30 20 20 19 6 24 5 30 27 22 19 10 23 15 25 18 8 11 5 28 8 30 8 22 17 23 29 16 0 8 19 18 7 16 15 12 16 19 15 3 15 2 13 2 24 25 28 15 29 2 2 3 28 3 26 23 22 25 20 21 6 0 25 12 29 21 26 24
24 19 14 0 5 21 17 24 23 19 6 3 21 2 24 14 5 27 6 21 27 23 2 25 23 6 12 0 28 24 11 12 23 11 3 10 16 15 30 10 9 9 27 27 2 25 1 19 24 2 2 29 18 15 30 4 0 21 13 6 11 0 21 26 18 25 24 20 27 11 8 13 28 16 9 3 29 10 13 3 14 26 22 1 27 24 6 25 10 16 7 18
9 9 14 25 24 18 22 24 8 13 8 3 21 12 27 4 9 14 23 20 13 18 2 13 14 29 9 22 12 25 26 9 23 3 25 6 23 29 11 5 20 18 24 30 4 28 25 0 10 22 29 6 11 0 16 22 27 0 11 20 16 7 1 5 12 3 14 22 29 29 27 23 14 0 20 1 29 16 25 26 18 26 23 1 30 21 25 8 21 17 1 26
4 13 23 19 15 14 22 28 21 23 30 20 6 14 11 3 7 26 19 30 17 10 28 8 15 19 14 2 13 24 6 7 0 19 25 1 22 13 15 4 3 14 3 10 2 30 14 12 15 5 26 16 17 15 1 15 7 3 7 26 17 0 1 16 24 12 27 30 17 25 28 9 26 5 30 24 23 10 14 4 23 16 16 23 11 25 1 1 10 10 23 30
12 16 18 27 8 29 12 4 27 18 27 19 30 24 12 16 5 3 17 19 20 6 20 11 12 11 5 25 12 0 13 22 29 9 9 29 5 5 4 27 15 8 18 18 4 0 28 12 27 17 26 4 9 3 19 8 21 7 6 4 16 6 1 28 15 4 26 7 26 28 16 4 21 21 6 3 19 16 2 1 28 12 13 27 29 14 30 22 11 10 1 5
1 4 12 25 27 20 5 7 28 13 9 20 2 14 9 27 6 16 17 20 19 25 13 10 28 0 4 28 12 5 18 22 16 8 28 1 9 20 7 30 25 2 0 1 19 18 18 12 8 21 27 11 4 21 13 2 2 0 8 6 5 7 10 5 1 12 28 0 19 12 24 22 8 27 26 1 30 17 22 14 18 27 27 29 14 23 18 4 3 14 28 2
0 2 23 20 27 29 12 21 3 6 17 18 25 29 17 9 26 11 27 15 23 28 27 9 13 30 17 6 25 12 3 26 3 20 14 20 27 30 22 1 22 13 2 26 3 23 25 25 28 5 24 16 7 4 6 27 19 26 25 21 5 5 14 5 25 6 28 11 11 30 5 29 21 22 8 0 5 10 1 18 1 7 29 4 28 24 17 26 6 0 27 10
10 9 10 9 1 2 25 17 6 1 28 27 22 0 11 4 19 25 11 25 17 5 0 28 24 28 29 18 28 0 0 14 24 23 20 6 1 6 18 28 0 6 6 25 7 14 3 29 12 21 15 14 13 24 22 6 27 30 30 24 13 22 6 26 20 7 7 2 29 15 4 11 2 24 12 15 1 7 20 25 12 12 27 17 28 8 27 5 23 9 21 8
6 20 21 29 28 21 5 22 23 14 23 3 18 2 26 22 12 18 26 10 22 19 24 18 19 1 22 22 7 19 23 8 20 11 18 22 9 20 30 27 11 6 0 18 6 18 23 3 29 15 20 1 6 16 14 26 17 25 10 7 21 4 4 6 4 18 21 23 2 0 11 2 20 18 9 24 22 8 23 26 6 24 28 30 10 9 12 8 15 14 8 0
24 7 15 25 19 27 25 2 22 18 26 18 5 4 12 16 11 17 25 29 26 11 24 30 21 10 16 8 7 23 17 22 4 17 28 20 19 28 19 5 20 7 2 10 6 11 14 23 21 30 2 9 22 25 29 8 24 30 19 9 19 25 10 5 13 30 0 22 8 19 15 2 12 12 5 9 26 28 1 0 5 11 10 1 19 24 27 10 16 18 28 28
16 28 4 9 18 16 19 18 20 22 18 23 14 5 5 10 5 9 14 22 30 5 6 22 29 28 6 28 26 9 15 23 29 14 8 24 4 27 23 13 2 14 11 19 25 16 6 4 29 12 27 30 11 9 10 12 5 6 17 17 14 5 2 30 6 10 5 18 13 11 11 15 15 16 17 16 30 10 28 6 12 8 1 24 19 1 21 8 20 15 7 26
18 27 29 9 3 1 14 1 18 18 8 1 7 14 18 21 17 20 18 5 21 1 6 22 25 24 16 20 6 4 30 19 0 11 10 26 12 9 7 20 30 25 29 28 24 11 20 20 13 21 4 9 27 16 24 7 2 30 28 3 15 17 16 7 27 10 25 18 8 20 23 27 14 1 19 25 10 9 30 10 16 2 14 5 17 29 26 12 1 15 26 25
13 25 13 8 20 25 24 1 22 5 3 15 5 29 24 16 17 27 4 1 4 23 21 1 8 10 28 8 0 13 30 15 22 22 9 17 14 17 21 2 22 18 17 18 6 5 4 26 27 26 13 30 19 18 3 6 13 8 13 22 8 3 19 20 19 6 30 16 12 27 22 25 14 28 3 0 9 22 26 12 20 1 29 12 13 28 8 9 5 19 16 0
2 29 2 16 5 15 17 10 14 23 9 16 12 10 13 24 4 7 29 22 28 13 27 27 6 23 14 6 8 16 13 9 26 28 21 16 26 6 1 16 29 7 13 10 10 8 20 7 22 12 0 27 18 24 10 15 13 28 1 12 14 11 21 3 16 12 7 11 9 9 9 14 30 7 22 14 19 20 10 25 13 3 5 1 9 6 29 24 22 11 26 26
22 9 0 18 22 16 12 30 17 11 8 5 29 23 19 18 30 13 5 17 7 25 14 28 7 9 0 29 7 1 22 21 6 28 13 1 24 2 8 24 18 6 20 15 6 17 10 12 20 5 30 5 4 6 11 19 10 9 24 1 21 25 18 20 24 24 14 5 11 17 2 23 16 5 21 22 21 25 14 2 5 12 18 15 20 26 5 12 22 2 0 11
19 8 2 9 30 25 23 19 15 4 18 17 23 4 15 14 30 11 3 10 21 16 7 9 16 30 6 3 20 28 3 27 10 29 22 20 17 15 29 10 17 10 5 8 4 10 1 3 1 11 20 29 16 20 15 25 8 14 22 20 13 6 23 8 1 26 27 4 13 17 26 8 11 9 20 7 23 16 12 15 29 25 28 16 14 8 0 26 1 11 10 13
6 20 4 16 30 24 7 15 5 8 11 28 18 9 24 5 30 29 8 29 6 0 18 29 16 6 5 7 30 23 26 6 29 17 8 20 12 3 30 9 19 27 6 6 27 27 13 6 19 21 23 15 23 13 28 8 8 27 27 23 28 21 19 10 9 8 23 26 6 9 22 16 14 5 12 7 9 4 28 1 21 20 2 29 28 24 28 8 25 11 13 20
14 1 15 29 29 20 23 27 15 3 2 14 28 2 16 8 0 20 23 9 17 27 11 28 7 23 22 12 7 8 19 15 28 17 8 7 15 18 22 27 13 1 10 9 29 14 0 28 9 8 17 11 11 10 24 20 27 0 8 11 26 20 25 8 28 20 15 21 29 16 21 24 4 6 17 21 9 3 30 30 18 0 27 10 25 16 8 11 11 19 21 3
14 27 2 20 5 0 3 15 12 25 22 4 1 0 1 6 19 22 11 0 13 18 20 8 4 4 27 24 17 8 12 19 21 20 29 22 9 18 25 8 29 12 28 9 4 4 21 0 17 28 24 13 21 10 21 22 21 28 21 0 11 22 12 20 30 29 12 10 9 18 2 9 9 17 26 2 17 27 22 7 6 20 2 28 18 6 22 2 28 30 0 21
14 2 13 29 18 11 6 13 21 10 21 27 19 10 6 11 15 3 5 28 29 5 0 30 15 7 2 6 17 30 27 28 3 0 4 11 3 10 27 21 1 21 20 9 9 12 24 4 9 23 30 25 29 20 28 23 28 3 16 29 15 16 19 15 10 25 2 26 25 21 9 30 2 0 1 28 8 7 14 5 27 28 17 10 0 7 17 24 17 8 5 13
12 3 7 7 16 21 27 5 2 2 11 16 20 21 11 27 0 7 4 28 25 9 30 30 18 8 1 27 17 23 21 14 21 28 0 8 20 25 29 22 22 15 29 5 24 25 8 2 16 13 10 18 12 9 13 27 26 21 5 18 15 16 30 22 16 5 11 25 1 18 27 2 15 21 23 21 25 23 22 22 14 2 4 18 7 0 12 22 10 2 8 13
8 1 29 16 25 13 5 3 11 10 1 3 9 4 20 9 26 3 11 20 21 17 23 21 25 28 28 22 8 17 15 1 29 23 8 10 30 28 20 18 30 17 12 30 28 2 27 0 2 21 21 14 26 30 13 0 2 9 15 13 15 19 6 6 21 13 9 2 18 10 6 10 18 21 11 28 18 23 20 8 14 18 17 2 14 5 12 27 25 1 10 4
0 15 24 5 8 25 16 23 10 6 30 27 17 30 27 9 1 6 24 29 24 28 3 17 25 28 2 22 28 20 26 21 22 13 3 21 29 17 28 11 2 18 9 8 13 7 3 15 14 14 17 11 27 19 30 14 8 2 21 8 26 13 6 7 9 22 22 19 23 26 17 18 29 28 20 22 4 12 28 10 30 17 29 12 29 21 26 22 5 19 9 28
28 28 30 13 4 7 16 9 10 28 1 27 29 24 25 16 20 23 8 28 21 22 17 15 1 3 30 2 1 22 5 6 21 8 12 11 14 27 27 26 28 24 29 14 28 22 24 6 28 17 8 13 20 19 7 3 28 29 0 15 14 23 12 1 8 5 16 17 4 23 21 19 9 26 11 1 0 9 21 8 3 18 6 6 22 25 26 21 15 27 8 13
18 4 30 21 12 6 30 20 9 29 16 16 22 23 14 2 24 10 19 15 9 24 5 26 19 4 17 18 30 1 12 23 12 18 5 24 21 1 13 3 8 12 17 24 22 6 26 14 22 21 25 14 11 20 28 8 15 28 15 15 15 15 18 14 7 20 16 5 14 2 22 23 19 30 25 27 5 8 12 27 4 2 1 27 20 11 21 10 22 20 10 8
8 3 22 18 19 30 8 1 27 21 29 17 20 19 29 15 22 3 7 23 22 14 9 6 16 0 15 0 11 30 20 19 17 12 29 15 1 16 9 15 9 5 8 4 30 23 7 30 12 17 3 3 29 17 28 24 8 0 1 16 14 28 13 2 29 26 20 5 21 6 27 5 7 14 0 23 28 18 13 18 17 30 21 0 12 22 6 4 22 0 28 7
18 19 2 21 8 8 7 7 8 0 26 8 26 3 22 22 30 25 8 17 29 14 27 8 30 6 10 21 26 12 16 16 26 6 29 0 21 17 24 24 14 5 7 12 30 25 18 2 11 18 7 23 5 18 21 20 26 18 21 14 18 11 15 23 28 23 7 15 10 23 10 11 12 30 30 13 10 19 17 11 12 6 6 26 10 6 19 11 11 24 27 0
5 16 21 18 5 30 5 22 21 8 21 30 10 5 11 17 10 22 3 16 2 3 13 25 24 20 2 25 4 23 28 28 16 8 2 3 10 10 20 11 12 7 18 12 9 21 11 18 17 15 1 4 30 7 8 17 26 0 23 13 20 13 22 2 17 29 23 22 30 7 29 25 16 4 21 23 13 24 22 12 11 6 2 13 13 20 16 23 20 0 19 15
23 30 8 6 28 16 20 3 18 12 25 28 22 5 21 0 25 18 19 27 14 29 16 11 5 25 22 21 3 30 7 12 9 19 23 22 22 13 21 7 11 20 22 25 25 26 10 9 1 27 19 2 19 6 3 7 1 15 29 14 24 22 14 16 27 27 17 6 10 22 24 24 19 13 22 2 29 25 4 12 12 9 6 19 30 8 24 12 24 19 13 14
29 27 14 28 13 19 14 1 10 12 5 30 30 12 12 7 29 28 11 29 22 5 20 17 2 8 21 10 13 12 19 20 18 18 29 25 28 26 26 6 22 4 3 19 17 20 20 2 12 7 23 25 6 7 11 15 26 29 12 26 23 0 19 3 15 4 9 15 12 0 23 20 29 5 0 5 21 1 25 0 0 0 13 16 19 13 2 20 23 30 24 11
9 12 3 25 12 22 10 14 12 24 14 7 11 2 11 14 18 11 4 5 28 29 30 23 1 27 16 1 7 14 14 3 26 17 2 13 7 1 16 0 1 20 19 0 4 2 25 15 3 30 5 10 29 14 24 7 22 6 19 2 8 8 16 15 20 13 26 30 10 1 16 8 29 22 16 29 3 5 27 24 3 26 8 14 11 7 12 20 19 10 27 12
8 5 10 24 7 1 21 29 13 14 12 10 15 11 16 14 18 12 15 6 19 17 18 20 15 25 6 1 28 3 14 15 16 24 15 26 2 4 28 19 5 17 7 30 1 24 22 26 14 15 17 26 17 10 16 25 23 19 14 6 12 26 17 4 26 6 3 26 2 20 5 0 4 2 26 7 5 10 16 8 11 7 30 5 15 10 23 1 18 8 9 24
30 8 30 20 13 6 4 15 19 28 23 18 27 26 19 15 27 22 14 26 13 10 8 29 15 0 15 25 25 22 26 29 16 10 22 4 19 11 1 17 27 11 0 15 9 18 22 23 0 7 26 0 13 21 13 3 23 24 4 8 1 5 10 7 16 2 6 29 10 28 15 20 1 5 5 2 18 23 22 18 26 27 5 23 25 16 7 14 4 22 22 27
11 10 25 21 1 3 12 25 23 10 2 15 30 10 5 16 6 1 9 21 19 25 21 27 8 22 24 29 22 24 18 7 0 12 17 26 1 15 5 27 17 27 30 19 13 16 1 20 26 3 23 30 29 29 12 2 8 27 8 19 2 22 20 15 10 8 5 22 25 25 14 21 17 20 26 5 2 4 9 2 24 28 14 21 27 30 20 7 25 8 24 23
1 24 30 30 18 10 19 3 15 21 29 7 2 27 10 7 2 14 11 20 5 25 17 6 15 2 19 30 20 14 24 9 26 8 4 10 14 28 27 3 16 15 18 28 27 24 8 11 1 16 22 7 8 0 24 10 17 11 7 11 20 29 5 18 4 27 8 15 21 29 29 6 11 5 19 28 28 13 13 30 30 10 16 15 12 6 22 10 10 16 20 27
11 24 3 17 13 24 25 3 10 14 16 13 17 28 1 17 4 19 18 18 16 8 4 3 4 17 28 6 12 1 5 18 6 24 20 26 2 14 24 28 14 29 26 6 28 2 6 19 13 17 28 29 14 16 11 6 24 9 13 24 16 9 21 6 8 14 29 15 2 17 6 1 23 8 21 25 20 28 15 4 24 11 15 6 16 0 22 3 16 26 13 0
15 13 4 4 26 27 19 19 1 2 28 29 8 22 7 1 15 6 6 18 21 24 13 7 27 4 13 6 0 3 15 11 11 19 19 10 16 3 6 24 10 4 7 3 11 8 24 16 2 8 1 14 20 10 24 2 7 20 3 11 8 18 5 0 24 26 0 10 22 16 12 30 2 3 6 27 7 10 8 15 26 19 19 16 6 29 24 21 21 5 30 25
30 29 30 9 13 30 30 19 20 9 19 20 4 21 20 17 22 13 6 14 6 17 7 6 3 15 24 28 20 16 19 27 14 12 9 6 30 17 6 13 2 24 13 7 25 17 1 13 18 14 27 17 9 10 4 29 11 12 4 11 17 9 17 5 28 1 21 27 6 4 3 9 19 9 28 26 18 22 22 13 14 2 23 27 30 14 23 6 9 7 22 14
4 12 14 30 3 21 29 18 19 19 0 30 30 21 20 4 23 21 12 23 10 29 6 7 20 10 0 12 6 17 6 5 2 3 13 22 28 5 29 22 2 18 16 4 11 10 1 23 27 24 21 20 4 7 10 8 4 18 21 16 1 5 20 29 6 18 1 3 13 6 5 28 14 0 4 25 27 22 28 24 12 1 3 6 15 9 21 9 26 13 4 8
18 1 30 12 12 7 5 5 0 12 15 13 26 26 19 26 26 17 2 0 20 2 9 29 11 4 25 4 3 24 15 29 17 4 22 27 2 1 17 14 17 8 29 7 25 8 1 10 26 22 25 14 8 27 6 24 30 4 7 9 12 9 29 21 23 14 3 9 10 25 21 11 17 16 22 11 28 18 17 9 1 15 8 16 16 15 22 22 7 17 5 10
11 20 0 11 8 30 15 11 25 21 15 17 9 9 22 11 30 16 23 7 9 23 2 16 21 21 1 19 24 18 4 1 24 29 0 7 4 24 10 4 16 19 8 29 25 3 5 20 11 27 6 0 22 15 10 8 2 19 0 17 25 23 3 24 9 30 24 10 8 23 30 3 9 2 5 19 23 7 7 27 0 15 1 24 29 2 26 3 9 11 20 6
9 11 23 23 19 14 24 20 8 16 11 3 3 7 23 1 26 26 26 10 9 9 26 13 15 29 3 2 10 13 3 3 23 6 2 2 10 13 17 11 9 2 26 16 4 20 8 20 28 9 5 9 10 22 7 29 22 3 12 4 0 14 27 20 26 26 0 11 16 5 22 19 17 22 7 17 5 17 27 19 6 11 10 14 21 12 25 18 10 2 19 1
30 6 12 15 13 19 12 29 1 26 10 13 8 25 14 10 17 24 2 11 15 26 7 7 20 18 8 0 14 24 8 11 9 30 4 25 13 4 4 24 3 4 18 18 0 21 11 13 23 22 16 28 12 22 18 2 20 7 18 7 20 8 21 6 5 28 2 15 29 6 4 7 27 27 25 20 8 14 1 15 10 17 4 26 11 16 8 3 2 16 1 19
1 12 14 0 22 4 12 6 29 27 10 1 27 27 6 6 8 10 9 22 1 30 24 19 4 5 1 1 12 14 12 26 13 8 20 1 19 15 14 3 29 20 21 21 30 14 28 26 25 0 8 15 9 16 1 25 15 11 25 12 28 11 26 0 9 17 3 17 17 12 2 20 22 28 21 30 4 20 2 23 19 21 5 1 20 13 22 17 16 23 16 26
23 30 26 14 14 3 17 0 25 7 4 13 17 14 23 30 28 20 13 18 30 8 13 12 3 23 23 12 30 16 23 13 24 28 7 11 10 4 10 14 15 14 12 20 13 9 8 1 8 27 25 21 25 2 18 9 23 11 1 13 25 25 30 16 14 18 20 16 22 18 7 28 5 10 2 7 22 13 6 18 25 3 1 18 16 2 9 18 28 2 6 1
27 19 28 19 22 17 19 4 2 5 20 23 28 24 24 19 23 9 27 1 9 15 29 1 5 18 27 12 29 9 6 1 3 24 11 24 28 8 30 21 30 5 2 27 17 6 6 3 20 13 3 13 24 3 11 4 13 29 17 28 30 22 17 29 12 27 15 5 9 2 25 19 17 18 23 9 16 21 23 25 25 1 14 30 16 0 7 18 23 23 11 28
29 11 17 28 19 21 16 27 0 0 9 4 4 6 14 7 14 9 20 17 13 30 13 12 15 2 29 22 16 11 8 8 29 27 6 12 4 23 0 25 9 23 11 28 8 17 3 20 12 18 16 2 3 6 10 18 16 12 3 14 25 19 15 16 10 11 6 22 18 1 23 12 7 23 6 10 11 19 12 13 21 0 4 19 18 1 13 6 29 11 13 23
21 29 3 26 28 1 25 23 2 18 21 2 16 23 23 4 0 0 7 5 16 13 12 23 3 20 27 8 16 29 4 12 27 26 6 14 25 26 8 11 13 2 24 30 2 0 2 17 18 14 18 30 30 3 13 17 25 16 7 17 19 30 18 22 17 7 22 12 28 29 8 6 19 8 8 19 20 4 21 30 0 5 20 12 16 17 11 10 18 1 12 0
18 29 1 13 15 14 14 17 7 25 1 17 1 10 20 0 8 25 8 22 24 3 23 6 19 9 22 25 22 3 20 17 9 10 25 21 15 10 27 7 24 2 16 1 6 18 24 1 8 6 11 22 22 6 15 26 0 17 14 18 22 5 7 5 28 12 15 21 17 22 25 27 8 17 3 14 1 14 0 27 30 18 21 13 18 25 30 10 13 5 18 16
15 20 19 16 15 19 10 23 9 6 1 17 12 13 2 11 3 29 23 4 22 24 10 16 30 26 15 17 2 24 29 28 15 6 8 14 10 10 19 1 7 9 17 2 2 30 7 9 14 14 13 18 7 30 22 3 0 11 18 3 23 14 13 27 16 14 4 6 7 28 18 3 9 25 3 3 21 29 24 7 3 20 21 1 2 20 11 12 29 19 6 11
16 30 14 5 0 12 29 6 25 24 23 7 30 29 4 15 30 25 8 29 26 22 24 16 22 9 16 19 8 28 7 21 0 4 9 24 7 23 26 18 22 19 29 21 5 15 25 30 3 5 25 11 19 1 13 19 22 19 0 13 25 10 27 10 8 0 3 15 19 6 12 5 16 20 7 2 24 17 16 9 3 12 21 9 5 17 26 3 0 10 21 24
12 29 16 24 30 28 17 7 5 9 21 22 30 17 26 12 17 16 27 10 4 13 19 13 2 22 24 27 14 28 21 6 13 16 4 7 6 18 7 7 10 3 11 25 27 14 12 20 20 1 10 17 8 21 22 23 5 6 29 4 10 17 20 29 5 28 16 27 4 16 8 17 4 22 0 27 26 26 21 7 22 30 12 29 25 5 4 29 26 19 1 17
0 20 21 10 22 9 24 7 15 0 12 23 3 23 3 22 5 18 6 5 11 10 5 1 25 10 2 4 26 18 23 29 13 13 10 10 30 28 6 16 10 30 0 16 30 17 4 21 15 19 23 23 17 3 26 4 3 11 2 22 16 1 7 4 12 23 7 9 16 1 0 3 6 30 6 3 27 3 30 7 11 18 9 29 27 18 3 13 6 27 28 26
22 14 12 4 23 23 27 1 25 2 19 15 6 16 29 8 16 27 28 14 8 9 25 7 12 7 19 13 12 23 14 8 4 1 6 12 7 28 10 21 2 17 5 21 5 20 30 4 12 23 4 15 17 22 10 5 16 0 11 5 13 24 20 29 19 1 11 28 21 2 15 6 5 11 6 11 5 13 18 1 17 30 8 17 0 20 12 25 29 28 14 24
0 0 1 24 15 11 19 2 14 27 4 12 26 21 10 9 9 8 20 6 27 13 7 20 30 29 19 16 29 22 23 22 11 1 17 0 27 14 25 6 19 0 22 0 18 15 9 22 28 30 16 29 12 12 5 15 30 13 21 8 22 23 13 17 1 8 24 6 11 21 1 17 23 7 15 30 21 28 24 5 18 26 15 15 23 12 20 5 1 22 28 1
3 7 6 5 19 16 30 21 16 13 11 2 7 2 20 17 6 26 25 0 26 2 27 1 16 22 18 29 0 7 11 30 9 18 6 14 18 16 13 3 29 6 25 7 21 10 3 10 11 27 16 26 6 3 10 6 10 26 2 28 18 8 7 7 3 19 8 4 22 4 23 22 8 15 13 26 8 26 24 24 28 14 21 16 11 3 8 26 11 12 20 2
2 6 24 2 6 21 22 29 29 20 7 8 4 30 5 26 16 0 9 5 8 8 26 11 4 14 4 6 28 15 18 8 19 18 20 26 27 15 7 13 26 4 10 18 28 3 7 18 5 30 27 20 0 21 14 9 6 0 28 19 19 8 10 0 10 18 14 8 1 5 4 14 9 2 12 2 5 9 18 23 14 15 4 26 16 12 3 3 6 21 16 30
22 11 13 24 7 19 19 28 11 8 1 1 14 17 11 4 17 23 6 6 6 15 15 30 10 24 10 10 14 1 5 14 11 9 5 28 7 25 17 0 16 16 30 6 2 28 3 0 10 5 11 9 8 3 30 15 10 28 22 24 8 13 30 28 26 26 10 29 21 16 24 29 20 6 0 9 6 11 20 17 16 4 15 9 5 29 7 12 10 5 15 19
29 7 30 16 10 25 9 14 12 27 22 19 26 0 12 17 3 24 4 14 24 16 26 19 12 13 6 29 21 27 18 29 19 30 6 7 20 23 4 24 27 15 4 30 27 17 21 21 20 20 15 29 21 1 8 26 28 28 11 15 12 25 3 28 10 9 9 30 14 6 11 17 19 19 5 29 14 3 22 19 14 27 27 9 14 11 4 1 11 2 12 13
7 4 16 18 10 5 17 15 23 0 0 26 25 5 9 0 16 19 13 25 3 9 10 4 18 19 18 21 29 4 17 22 17 5 19 19 9 8 26 28 24 27 1 1 8 3 26 17 0 28 3 23 5 14 21 23 23 21 13 16 18 11 21 1 0 17 17 24 12 0 6 16 3 25 10 15 18 18 5 23 13 3 15 9 13 26 14 7 16 9 0 24
23 12 8 15 27 12 14 10 9 5 6 13 8 28 18 18 27 30 5 10 24 13 20 8 18 24 27 9 15 8 25 8 27 28 17 4 0 25 20 17 20 0 26 5 14 30 21 14 1 11 28 18 6 13 6 5 14 6 19 9 30 22 30 13 28 28 9 8 10 27 25 22 6 3 1 24 12 7 19 22 11 28 1 14 22 8 10 22 22 6 27 10
29 5 4 6 7 10 16 3 29 19 23 2 22 21 4 5 2 24 26 21 9 7 19 4 14 29 13 9 16 17 19 10 17 18 19 12 11 8 27 22 17 23 2 28 19 11 23 6 30 17 16 24 26 11 23 30 10 14 4 29 25 14 28 29 22 17 23 26 27 16 9 12 6 21 1 0 15 24 22 17 24 30 12 23 17 16 16 16 0 21 15 15
15 13 13 11 9 22 7 14 11 26 27 26 11 4 19 0 20 26 27 7 18 14 18 13 26 27 8 24 3 24 3 27 28 29 23 29 25 7 6 0 23 12 28 9 14 3 9 0 1 16 3 13 13 19 27 26 6 0 28 17 8 30 7 15 1 11 5 12 4 25 6 8 0 14 9 21 8 8 4 28 10 6 2 24 9 10 4 22 26 18 15 20
28 5 20 29 17 3 25 1 10 4 16 27 25 4 14 22 12 21 25 27 26 14 23 2 1 7 24 15 10 23 12 6 12 0 23 9 18 7 2 16 14 18 28 13 17 18 14 23 17 22 26 5 17 8 17 17 5 3 21 1 21 17 25 1 23 6 6 26 21 16 27 28 29 19 17 15 19 19 24 20 27 0 24 13 16 14 11 18 3 0 24 13
11 23 22 14 17 6 25 28 3 5 8 20 12 11 10 8 29 29 1 10 29 6 24 17 15 26 17 4 26 19 27 0 6 11 9 21 23 28 12 7 1 18 25 2 22 5 22 26 19 30 9 11 10 12 20 1 12 9 28 27 6 16 0 13 8 2 11 20 16 24 15 26 19 6 9 2 17 7 5 4 21 25 30 29 0 15 18 14 29 24 0 0
14 3 20 10 29 18 29 19 24 6 15 17 29 19 30 25 19 16 11 2 25 14 23 9 13 30 18 17 17 16 2 15 20 19 5 30 23 11 16 17 29 0 17 14 24 25 19 1 2 27 20 19 24 21 10 19 28 3 10 19 26 11 24 14 1 2 0 9 21 17 19 16 19 24 25 23 4 23 16 14 2 17 2 24 29 29 30 9 26 30 24 23
30 28 19 22 25 26 17 12 4 24 1 26 13 24 27 20 18 9 5 26 3 3 14 1 9 17 13 25 25 11 8 29 8 14 21 9 29 14 28 17 22 16 14 1 29 17 25 27 20 10 18 8 15 24 22 25 24 5 8 0 14 21 6 26 5 20 4 25 28 25 24 7 12 19 27 17 13 6 25 0 11 10 20 24 2 7 14 6 25 12 22 9
2 14 2 9 1 29 27 21 14 3 0 2 18 2 12 19 20 8 30 5 18 15 28 30 3 25 22 0 19 13 9 13 22 28 15 25 16 8 29 26 18 2 9 18 13 20 16 24 25 24 17 19 30 10 10 30 0 21 22 1 30 27 14 26 21 26 29 12 19 2 1 10 10 1 13 7 30 20 19 14 22 21 27 27 27 13 5 27 9 28 0 20
18 4 1 27 10 14 18 26 11 5 18 6 10 1 1 23 7 10 23 7 14 5 23 15 10 25 28 4 12 14 7 25 6 19 24 4 1 12 11 30 6 29 28 18 15 9 11 20 18 17 3 14 15 24 17 0 0 25 5 25 22 25 4 10 24 25 25 15 8 21 5 24 24 24 1 18 4 28 22 18 28 0 14 0 16 5 18 8 7 24 8 19
7 22 22 11 26 10 24 19 29 10 17 24 9 1 14 6 29 13 18 8 27 12 3 0 15 29 23 4 21 11 20 22 16 1 27 19 19 12 14 22 14 9 3 26 28 14 21 11 5 14 30 22 20 25 30 17 0 28 1 28 5 26 27 21 2 6 19 16 22 29 16 26 3 15 1 0 27 0 27 23 19 0 8 15 12 9 10 11 7 1 1 8
30 1 2 22 16 16 25 16 15 13 19 19 9 27 0 3 8 0 13 11 19 14 7 24 28 23 11 26 3 26 21 4 11 4 15 13 5 19 26 21 18 0 17 21 6 20 3 26 2 16 6 15 12 19 9 19 7 19 7 27 24 26 20 4 26 27 2 30 25 24 21 3 14 9 18 4 15 2 16 27 5 18 19 28 24 21 30 12 17 30 22 29
14 28 7 28 3 25 27 1 17 19 20 7 6 13 15 12 27 22 22 22 22 26 6 27 17 6 4 12 23 1 1 6 2 28 25 11 23 24 10 4 27 22 7 13 22 0 0 3 29 28 14 28 19 26 11 12 21 27 18 30 21 2 17 27 1 17 4 19 15 0 27 30 29 24 3 26 4 14 2 11 1 24 26 25 12 5 19 2 14 0 30 11
22 5 5 24 8 22 22 10 18 17 16 24 24 15 25 3 8 1 8 5 26 5 5 6 18 15 3 1 0 14 0 14 14 12 21 17 27 1 29 12 7 12 23 6 29 5 28 0 6 13 30 17 14 15 10 30 16 9 28 29 17 24 9 4 29 25 25 24 9 21 14 14 19 25 16 17 24 14 11 30 27 6 28 12 21 16 27 10 21 27 15 11
