93 93
27 27 30 19 12 16 17 21 17 26 28 1 26 22 23 5 6 26 21 7 21 19 10 16 30 26 0 29 12 4 18 28 5 17 3 3 15 22 22 12 30 11 9 5 15 3 13 17 26 17 0 3 17 18 3 22 29 12 20 24 15 20 12 13 16 26 28 20 27 19 0 8 16 6 18 30 14 3 19 13 7 5 8 27 13 24 22 27 19 8 7 18 1
25 25 23 10 17 1 21 27 27 16 18 3 15 10 15 7 7 4 2 25 10 23 14 0 29 18 26 23 3 7 6 3 4 22 4 23 14 1 10 25 20 2 4 4 18 2 12 19 16 0 9 3 24 17 24 29 28 9 28 15 25 14 19 12 4 12 29 20 30 29 10 15 10 27 27 19 25 7 0 19 9 5 21 1 7 28 22 13 27 1 10 8 8
29 3 7 5 11 20 10 23 10 15 11 19 20 7 16 9 26 19 13 23 9 16 13 10 23 9 5 14 12 30 18 28 2 10 10 22 5 7 11 19 2 22 22 28 13 26 25 22 28 24 27 3 7 24 16 16 25 13 26 8 30 22 0 26 29 25 6 22 15 7 24 22 28 26 26 15 30 6 15 12 4 2 3 29 26 2 10 17 2 9 15 2 26
25 23 3 2 16 2 5 22 9 20 17 25 30 5 2 16 18 1 3 8 8 3 3 8 28 15 23 18 14 9 3 23 30 14 24 21 8 23 9 19 29 29 18 21 5 8 1 4 9 21 2 23 13 5 5 7 23 12 5 24 14 22 11 20 13 27 11 4 1 29 29 19 20 14 25 30 21 28 10 25 14 16 18 3 3 8 28 5 7 2 24 7 14
14 4 27 7 9 17 18 22 16 9 28 2 13 1 8 27 11 27 1 9 30 25 28 25 2 6 30 20 21 24 4 12 23 24 11 19 21 5 28 30 20 22 12 21 24 10 19 9 5 4 9 19 7 25 21 30 22 19 7 6 3 14 27 24 29 23 9 13 3 13 11 8 28 30 19 29 15 25 12 2 10 27 30 10 28 15 0 8 4 10 30 17 20
16 19 20 10 12 5 16 14 27 30 26 14 8 5 23 28 10 15 7 13 18 10 3 11 28 30 1 27 0 1 12 19 30 30 30 5 28 7 4 5 29 24 27 26 19 23 26 17 0 17 8 25 9 1 18 3 7 25 24 29 14 6 16 18 6 0 15 26 15 0 27 29 15 29 30 7 5 7 30 20 18 8 29 12 3 3 25 25 18 1 17 24 27
20 10 4 22 27 15 7 1 1 23 27 3 19 4 28 18 23 30 16 16 0 26 13 1 4 12 18 25 2 8 19 30 22 12 14 22 9 23 4 17 12 13 4 7 29 23 1 13 29 29 13 24 23 1 18 10 18 0 13 8 9 19 29 26 6 10 27 18 18 7 15 0 25 1 19 11 28 7 19 29 13 0 12 15 2 3 28 1 5 21 13 19 7
14 15 17 3 4 26 21 9 28 10 8 10 28 25 23 1 8 19 6 29 20 22 9 1 3 8 27 0 26 0 7 15 22 20 2 18 15 1 27 28 19 12 5 16 2 3 14 6 26 6 16 11 18 13 20 6 24 1 1 20 6 6 18 13 4 14 17 20 26 21 28 15 14 19 24 10 2 7 7 28 29 7 12 14 19 13 8 14 28 17 8 29 4
20 11 10 4 4 4 6 28 9 15 7 16 29 4 27 20 5 2 8 26 30 13 8 14 12 12 26 30 26 17 12 24 11 27 7 18 30 28 7 21 4 12 10 0 4 13 13 16 3 16 3 19 27 14 28 12 24 12 11 25 5 13 7 8 25 3 13 0 12 21 14 13 29 28 7 19 26 14 17 30 29 0 30 26 21 20 8 6 14 20 8 0 7
18 12 25 13 15 2 14 21 0 8 10 28 0 27 21 11 11 26 7 6 30 1 13 9 25 14 8 24 14 8 7 24 2 7 5 17 11 14 18 12 22 26 16 22 11 27 15 30 24 0 0 15 19 1 25 17 13 17 21 19 20 4 18 12 3 16 10 0 25 4 16 5 26 16 8 28 7 27 26 4 14 20 25 27 19 3 5 8 25 22 14 27 0
5 0 9 19 20 0 10 5 11 9 7 9 29 6 2 1 22 12 15 1 17 4 26 30 23 11 6 26 12 23 9 12 0 7 15 27 18 18 17 20 16 10 6 15 16 2 24 4 0 30 3 0 21 12 8 0 13 29 10 7 13 4 13 28 25 3 25 29 18 19 14 1 23 28 10 4 2 6 10 16 2 4 27 3 0 30 18 26 1 15 0 25 22
13 2 7 30 3 10 27 12 23 5 3 15 14 15 6 21 11 15 14 0 2 26 13 1 3 15 2 1 7 4 27 9 3 19 10 7 3 30 26 11 23 20 14 6 0 5 24 2 19 18 13 26 15 28 8 15 16 24 29 30 27 27 5 10 6 7 30 8 0 14 25 13 16 24 28 14 15 22 22 21 30 12 6 25 13 15 24 23 23 18 7 27 12
8 19 16 28 16 19 19 5 23 2 22 29 29 16 27 16 19 19 5 13 14 16 30 11 28 23 7 8 12 14 18 7 8 9 23 18 28 15 22 28 16 14 30 1 12 26 21 26 19 23 10 28 16 23 5 11 23 7 14 2 10 30 0 16 11 17 1 10 1 6 20 8 21 2 17 2 20 19 15 25 21 7 14 0 9 18 26 12 9 16 8 4 27
21 5 22 11 8 24 7 25 5 20 11 3 5 0 13 3 8 5 4 12 9 19 27 22 12 14 9 9 26 12 1 3 0 16 6 25 15 24 28 9 14 0 6 23 7 7 30 1 25 12 16 18 6 7 28 11 26 18 15 3 12 22 14 20 18 4 15 6 16 14 4 14 4 17 9 8 2 28 26 17 5 28 11 23 24 23 8 19 19 15 30 13 20
18 4 26 12 17 30 28 27 26 8 1 2 14 25 11 7 26 24 21 15 23 18 4 0 8 11 19 10 4 9 7 4 8 19 6 16 14 15 9 4 19 29 13 12 4 18 7 25 12 5 29 6 10 10 8 22 29 0 0 17 3 18 16 14 29 20 22 6 21 30 24 0 2 18 12 16 3 12 8 10 29 0 0 25 8 26 21 22 26 26 6 21 30
2 22 25 28 12 19 23 11 8 13 4 27 13 15 18 1 26 26 1 20 1 16 4 9 0 29 22 23 1 6 19 6 19 18 4 5 10 10 27 0 2 27 17 26 10 21 20 1 6 22 19 3 11 1 13 22 8 28 25 0 23 2 17 27 19 1 16 6 13 4 22 25 15 0 30 5 3 3 15 12 27 4 25 27 29 27 13 3 25 21 11 22 10
2 16 21 26 5 6 29 27 21 27 3 14 18 10 19 7 0 6 20 21 16 10 23 21 6 1 30 9 28 9 15 14 29 22 30 22 26 9 11 2 29 29 27 14 19 13 25 3 26 8 13 13 27 14 8 12 21 4 3 7 2 17 30 19 2 24 20 16 19 2 18 17 1 20 2 26 19 2 3 7 6 11 9 14 12 11 7 13 5 18 14 7 5
26 29 2 17 29 16 24 21 18 7 0 9 11 15 25 0 14 6 18 17 24 10 0 0 18 30 22 9 5 11 24 16 5 21 14 16 9 0 10 27 29 17 23 9 24 24 10 21 18 2 4 8 10 25 8 19 0 13 9 6 13 15 8 22 17 20 6 0 5 17 16 5 24 29 9 0 29 26 7 26 9 8 21 14 0 21 14 2 21 29 19 20 9
25 21 12 15 16 19 23 5 3 16 27 23 27 17 23 13 12 13 15 2 24 24 7 25 8 29 8 19 23 1 3 30 13 17 26 19 19 21 5 15 24 15 0 21 22 27 22 14 6 30 4 16 5 4 11 14 29 29 30 17 30 6 12 7 4 7 2 24 18 19 14 15 20 18 8 23 0 18 9 22 28 25 16 16 12 13 13 13 25 2 9 14 20
24 15 3 22 24 9 7 1 12 29 30 21 23 19 2 28 23 30 23 5 7 6 30 26 23 4 8 30 20 0 19 20 23 6 20 12 16 18 3 4 22 3 4 0 30 0 30 24 23 6 9 13 14 5 3 9 19 10 19 26 2 17 12 19 6 28 1 6 16 26 3 20 16 5 29 20 30 16 21 18 30 7 24 18 6 11 18 2 10 7 0 27 3
23 13 13 2 28 8 2 4 30 18 23 0 6 25 30 13 22 2 20 23 0 12 12 11 14 27 9 1 29 15 2 21 16 12 1 17 6 28 17 15 24 7 23 6 4 7 2 27 8 4 8 3 23 6 20 12 1 11 4 17 19 16 0 15 21 11 15 9 0 15 5 20 21 9 2 13 29 7 3 1 25 7 22 23 22 23 0 10 9 23 1 6 27
4 12 30 17 26 2 14 21 30 28 18 15 19 1 14 20 6 2 10 23 23 29 23 17 25 25 9 0 0 7 17 27 0 22 23 15 18 11 19 1 0 19 19 2 10 25 2 20 12 10 27 6 26 26 1 1 13 4 16 19 9 5 15 7 24 7 30 4 1 22 28 7 16 19 14 8 10 18 5 19 19 24 1 6 1 14 23 6 27 5 27 13 8
28 2 18 11 13 10 10 4 9 13 12 9 23 1 27 13 10 22 24 1 8 28 10 3 22 15 13 13 8 6 3 17 29 25 21 5 2 10 26 2 0 12 28 6 21 14 20 18 28 18 12 18 2 14 6 1 5 26 0 6 25 1 16 7 0 3 7 15 1 9 5 20 21 9 30 22 0 0 14 13 18 4 24 16 21 19 10 0 30 27 20 17 28
9 24 16 6 9 8 14 9 29 12 10 15 20 19 1 8 11 20 9 0 0 9 2 15 12 1 4 20 1 12 27 4 28 12 26 20 12 10 28 19 17 17 20 10 11 18 21 5 15 1 20 11 5 18 25 29 14 2 3 9 9 29 7 21 8 30 14 9 6 27 25 25 26 12 1 8 18 28 15 17 22 16 10 8 15 18 4 7 11 23 27 19 16
2 16 27 2 5 12 1 13 23 24 0 12 16 5 16 23 26 24 25 8 21 26 20 10 24 1 0 28 18 28 27 16 5 4 12 7 29 20 13 22 18 26 16 26 13 3 21 27 22 17 4 20 25 24 29 25 5 27 27 16 2 29 23 10 24 6 12 26 26 11 27 7 4 18 27 8 28 4 24 9 0 1 8 19 26 15 17 15 24 30 20 18 24
18 29 10 21 3 19 4 24 26 17 24 29 18 19 12 28 26 26 12 5 0 19 26 2 0 27 7 20 9 17 19 7 17 5 1 18 15 29 9 5 16 29 18 28 26 27 22 18 3 17 20 21 22 12 2 4 14 1 17 14 7 10 28 7 18 15 20 19 12 13 7 12 1 23 0 15 3 23 9 5 1 17 6 18 29 13 10 1 15 1 27 23 19
30 1 8 3 16 21 2 9 24 17 3 12 1 1 15 24 0 29 3 15 5 15 6 23 21 18 8 10 30 29 15 10 26 12 21 16 20 28 18 5 10 13 0 21 26 27 29 6 29 18 8 7 10 23 23 24 19 21 5 23 15 17 10 2 11 4 14 18 19 0 26 24 0 20 30 8 13 18 9 13 1 6 5 0 1 28 19 24 13 8 3 16 7
25 0 18 20 12 11 9 8 30 14 1 27 5 16 24 21 20 14 9 0 28 16 2 25 27 9 8 13 27 0 19 19 19 8 30 0 7 27 4 1 20 18 29 13 12 10 12 19 2 5 15 11 22 0 29 14 17 19 23 30 8 21 7 22 12 10 4 7 19 17 15 16 6 6 26 0 9 6 21 28 17 13 17 21 30 2 1 13 22 22 22 12 20
2 25 22 23 15 2 18 10 28 27 12 28 26 16 15 18 15 27 4 20 9 5 4 25 0 1 7 0 13 2 9 6 27 13 3 2 6 2 8 4 13 21 12 5 4 20 26 30 30 18 15 23 16 10 20 17 21 0 28 21 23 23 23 1 16 22 7 20 26 15 7 13 23 24 27 4 4 20 23 19 11 8 18 26 13 20 14 19 8 0 0 27 4
21 8 28 8 23 21 3 2 19 12 23 1 30 3 24 3 0 24 29 30 25 5 15 27 3 13 14 22 6 24 14 20 30 29 16 28 28 16 19 7 22 30 13 21 21 17 20 1 20 0 22 9 7 24 28 29 15 15 28 0 19 7 2 23 20 16 28 24 28 16 22 19 0 5 22 25 26 25 30 24 12 2 23 21 4 10 30 21 0 5 11 6 8
5 27 26 28 30 30 5 8 18 17 17 7 3 19 15 0 24 28 24 0 0 18 0 24 20 27 18 16 4 0 6 2 6 28 7 19 20 28 6 21 11 0 25 13 10 8 1 17 24 20 17 29 2 2 27 27 23 4 22 17 20 2 12 24 12 24 9 16 6 16 22 17 14 1 21 0 21 22 14 2 27 17 7 13 25 9 2 25 29 9 6 23 23
23 24 23 23 8 20 24 18 10 3 11 22 30 12 15 27 0 6 0 20 15 29 1 0 18 9 5 12 24 7 0 21 20 24 18 29 19 15 30 9 21 14 26 9 10 16 9 21 17 5 29 5 28 9 16 20 14 11 9 1 11 19 29 18 25 8 27 14 25 26 2 15 26 14 1 11 25 14 25 7 27 13 6 16 24 8 9 4 21 19 0 23 28
24 12 7 23 28 20 22 22 20 27 0 30 1 7 24 18 15 18 7 17 4 17 18 27 16 2 22 7 16 16 29 19 26 0 9 9 25 25 23 14 20 8 15 15 17 7 19 17 21 29 24 30 13 16 0 15 30 8 16 5 1 20 8 18 29 27 8 13 11 25 27 8 6 27 8 28 23 18 3 25 22 19 24 16 2 4 23 5 8 1 25 18 26
23 15 4 18 11 30 17 22 10 11 12 7 5 23 1 21 15 2 3 11 29 17 16 18 8 7 4 17 2 29 10 1 29 17 13 19 17 21 8 2 0 8 30 9 16 10 30 21 22 27 27 24 26 24 11 8 22 27 12 4 16 26 6 6 16 24 28 15 14 26 13 27 15 0 20 14 16 29 21 21 22 17 6 4 0 5 16 21 29 13 29 14 9
30 7 14 3 25 28 4 13 7 2 28 18 9 21 28 23 6 15 18 4 13 8 3 18 0 7 8 29 9 4 4 11 19 30 25 8 11 3 0 11 21 19 9 3 15 28 30 6 12 13 1 6 24 9 6 10 6 6 5 29 28 14 24 3 7 2 20 30 6 14 6 16 7 11 7 12 28 0 29 20 30 18 24 22 23 11 23 7 19 23 28 10 10
1 14 4 14 30 10 1 14 2 7 12 11 0 15 28 25 3 6 25 10 0 12 22 27 22 10 18 0 15 16 9 18 11 26 5 0 23 9 27 23 21 2 12 28 25 8 27 7 23 16 30 10 13 26 5 27 11 5 4 4 8 20 29 23 30 18 13 6 24 2 23 13 26 26 15 15 16 3 10 9 24 25 1 12 8 27 17 16 30 6 3 3 15
28 3 25 9 20 30 28 16 14 28 2 1 18 23 4 6 29 2 5 10 11 17 14 5 21 6 13 4 23 23 7 13 19 23 13 2 16 4 20 23 8 18 14 15 6 15 7 9 28 17 28 9 14 4 15 6 10 30 24 20 28 28 21 4 11 26 28 21 18 22 6 30 2 21 4 11 30 6 14 25 6 7 19 3 2 9 21 30 30 13 24 3 28
12 30 5 21 16 23 5 10 8 22 23 17 24 5 15 16 25 10 15 2 1 21 26 19 26 25 29 2 20 24 24 7 22 28 14 8 2 26 26 18 15 26 6 10 20 27 24 6 27 18 2 14 0 26 22 25 22 1 3 25 29 20 15 11 7 16 2 30 8 8 23 8 5 6 30 22 12 13 3 8 30 12 19 25 11 3 13 2 13 9 16 23 19
12 29 6 16 1 8 4 8 3 12 4 19 9 15 20 7 16 11 18 16 0 15 22 19 17 7 20 15 3 11 11 14 10 25 29 30 30 28 8 13 15 20 6 30 0 7 5 9 18 12 4 8 3 5 5 25 4 30 21 22 18 17 5 11 4 4 2 15 20 8 29 14 20 16 16 22 13 23 9 6 23 28 30 20 26 2 16 28 12 12 6 0 4
18 13 27 15 7 30 23 22 30 16 20 7 4 17 18 17 20 6 10 28 30 25 19 24 1 21 23 30 27 4 27 23 26 18 28 8 7 26 12 22 26 28 5 1 20 18 21 20 21 20 28 5 0 23 3 5 9 6 11 14 15 7 6 20 29 5 8 24 25 17 16 16 6 11 6 5 25 23 13 30 27 22 29 11 10 20 8 2 2 3 20 2 4
25 22 4 2 0 28 14 13 0 25 8 13 9 20 25 17 0 24 0 9 30 15 0 11 3 5 3 5 26 14 16 4 24 8 9 23 13 5 4 12 4 8 0 30 18 20 9 17 15 4 9 14 8 3 17 12 0 6 3 19 14 18 29 12 14 15 23 8 26 25 16 11 29 6 28 3 11 11 25 3 19 11 25 13 13 13 4 4 10 6 26 11 24
16 10 28 12 24 5 23 27 26 15 27 30 27 8 16 6 27 25 6 4 24 11 3 6 15 28 5 2 29 8 29 24 3 0 6 19 14 18 2 23 16 12 11 9 19 26 3 11 10 7 3 7 30 14 1 28 4 4 25 15 2 7 2 2 13 16 21 12 4 24 5 24 7 13 23 8 18 7 0 13 22 15 15 1 10 15 22 25 12 8 21 17 18
6 0 7 23 6 1 6 29 5 30 28 24 30 4 14 13 9 18 7 5 16 17 25 5 5 5 26 15 28 15 4 29 2 11 27 5 13 15 14 5 26 9 15 20 0 5 30 19 14 8 23 8 1 13 21 20 8 30 25 6 9 16 9 25 30 13 30 24 7 12 11 14 2 7 22 3 6 15 14 16 2 30 23 6 7 29 7 26 2 6 26 8 24
20 30 29 2 30 26 16 7 9 9 3 22 12 4 12 23 26 25 15 22 20 2 2 3 4 27 11 22 20 27 13 26 22 24 0 0 23 0 16 20 12 14 19 1 16 23 25 6 25 12 3 11 14 23 30 2 8 20 2 23 19 4 9 6 23 29 0 14 22 5 4 21 8 11 5 24 10 12 3 8 3 25 5 2 12 7 16 10 21 12 10 0 13
2 30 14 26 28 13 1 2 26 28 0 2 14 19 12 30 22 11 10 16 25 29 29 2 0 20 13 22 20 16 20 11 29 3 21 9 5 8 15 7 0 4 13 5 16 16 0 4 16 26 9 3 6 27 21 0 27 17 27 28 5 13 16 17 29 5 10 28 3 7 25 14 2 14 8 2 10 27 1 8 30 21 4 30 15 27 3 9 0 28 1 17 5
24 24 21 2 8 8 9 12 28 22 8 3 24 20 14 2 4 16 16 6 8 30 9 16 8 19 12 8 20 16 24 0 3 28 12 18 30 17 17 9 5 27 8 26 0 13 13 18 17 2 21 14 28 27 18 27 27 27 21 6 3 0 18 29 20 16 7 18 30 28 24 26 5 5 1 18 13 23 7 8 13 6 23 3 13 4 19 21 22 10 13 0 2
25 28 0 13 25 1 26 28 20 22 13 3 22 17 20 10 25 26 18 10 16 6 21 19 30 2 20 24 3 14 4 25 18 4 29 27 17 19 11 28 7 29 6 13 17 30 23 18 30 2 8 2 4 16 29 25 27 7 28 29 2 8 7 5 30 28 22 11 27 4 10 8 24 19 16 18 19 4 7 5 24 14 7 9 6 13 9 14 15 16 24 24 2
16 18 28 27 18 4 9 30 11 2 24 12 16 0 28 9 15 13 24 11 4 23 19 25 0 22 30 4 18 26 15 9 2 6 11 8 23 8 15 2 5 20 28 26 30 4 5 9 16 25 30 7 20 12 3 14 29 21 18 24 30 25 5 14 11 25 0 27 7 21 12 22 24 8 13 1 7 9 16 30 10 2 26 20 11 5 7 9 23 17 3 17 26
0 27 1 2 5 4 16 0 7 10 1 23 11 1 26 8 17 1 17 26 19 12 25 1 17 19 28 4 1 11 23 20 17 0 22 15 13 29 25 19 7 25 16 23 0 20 7 7 0 26 15 6 15 17 21 27 5 3 27 26 26 25 1 3 26 9 12 30 3 11 27 14 4 10 29 7 2 6 5 9 7 20 29 16 16 12 9 7 30 27 2 3 22
1 3 29 6 12 24 5 9 27 27 7 1 27 12 10 27 16 10 0 12 13 24 27 5 29 3 27 9 26 16 22 11 15 15 28 7 4 23 30 14 25 29 27 27 15 9 22 9 15 14 30 17 7 22 25 25 24 18 28 29 12 2 4 16 20 28 27 23 26 25 27 12 3 25 14 16 25 10 11 11 18 5 28 24 3 14 28 21 27 8 4 28 30
20 16 18 28 28 27 29 28 26 6 7 13 22 18 23 11 14 25 26 30 10 28 28 7 24 19 14 20 21 6 15 5 5 5 2 8 29 18 30 12 25 8 18 2 4 21 13 3 17 12 30 22 27 7 25 15 22 17 22 20 17 1 15 26 28 16 23 19 10 13 1 3 25 1 24 28 9 6 1 27 1 12 10 0 28 25 25 19 5 19 2 17 16
23 10 4 14 30 22 15 21 24 14 6 12 27 8 12 29 20 13 9 21 1 13 22 19 26 28 11 7 28 7 1 16 9 3 9 11 4 28 23 19 11 30 27 17 9 16 27 16 19 4 23 14 10 19 21 7 27 0 25 0 27 12 14 18 14 21 10 28 19 15 7 2 7 0 12 18 9 21 0 10 13 21 6 25 25 21 15 29 8 12 26 29 25
9 30 20 8 6 21 28 29 23 17 29 29 10 7 21 12 15 23 7 27 17 6 24 24 7 29 4 14 2 2 4 7 22 8 18 29 15 16 14 18 0 29 2 16 14 13 3 1 13 21 23 5 3 21 28 6 0 16 12 20 19 28 22 15 23 12 17 10 30 15 5 7 24 26 5 27 5 7 1 15 0 11 14 11 2 10 8 9 14 16 6 7 3
29 7 24 11 8 17 24 15 9 15 12 12 0 6 8 28 18 25 17 9 27 20 0 21 13 1 19 7 27 29 27 18 5 12 29 14 9 8 2 26 20 26 9 13 9 12 14 17 0 29 29 10 28 14 9 21 12 5 23 7 28 29 28 11 7 12 17 17 12 3 27 21 26 4 3 22 14 19 5 12 6 23 29 21 28 5 27 7 11 2 29 8 29
26 9 20 9 2 15 30 6 11 13 25 25 7 24 29 23 19 10 4 29 15 0 24 29 8 8 25 23 21 21 14 29 10 21 30 12 12 10 28 28 13 27 13 27 24 26 6 11 27 20 1 3 5 17 18 3 18 19 10 12 12 30 9 25 5 1 1 15 2 18 5 16 20 0 30 17 22 25 2 21 25 15 7 17 7 13 13 2 24 24 16 29 24
15 25 7 27 26 12 24 28 11 20 16 7 23 23 17 13 16 16 22 25 10 26 17 22 5 7 23 25 30 10 27 4 7 0 18 26 4 2 14 15 18 22 14 29 23 26 24 26 9 28 0 8 28 13 8 16 16 1 10 18 3 6 24 15 20 1 26 17 2 4 15 11 15 25 18 10 8 28 22 25 8 15 24 0 24 24 20 16 5 3 13 26 3
3 24 24 29 17 22 4 25 1 24 25 7 22 2 29 11 16 24 16 18 13 4 8 0 22 23 11 9 8 17 20 9 24 23 6 30 24 20 16 21 14 11 20 6 0 5 3 27 14 14 0 2 22 9 26 1 5 4 10 17 26 18 18 13 23 15 10 17 14 15 25 27 11 22 29 22 8 8 1 29 26 29 19 29 25 10 23 4 12 19 10 0 11
12 22 30 8 12 7 23 30 9 30 16 4 22 4 18 1 14 17 5 11 5 20 4 18 15 10 16 18 6 15 5 14 3 1 19 2 13 2 10 1 24 18 26 2 7 3 15 8 10 7 23 17 25 19 27 1 21 6 13 25 19 22 6 12 16 9 9 30 24 30 11 27 0 29 30 0 3 7 3 22 10 0 29 3 2 17 4 28 16 26 25 7 9
3 26 29 22 6 18 25 18 23 18 17 20 12 30 28 30 1 14 26 24 6 21 4 12 6 7 2 15 13 4 29 22 24 21 22 30 20 19 7 27 25 15 5 14 5 18 11 18 16 6 10 27 5 21 24 22 22 2 28 7 9 27 25 9 13 20 9 5 12 23 16 11 27 7 22 17 15 4 21 22 1 12 4 23 11 16 20 13 0 23 15 13 6
22 29 29 2 9 28 7 30 10 17 25 28 5 6 12 30 0 4 22 11 21 5 9 25 4 24 1 25 9 9 20 6 13 9 28 11 17 23 11 7 28 9 9 17 30 21 15 14 9 0 25 23 3 30 23 29 28 7 24 16 21 12 7 17 13 28 7 11 8 16 12 10 0 15 23 14 10 7 21 24 2 13 2 1 20 4 7 25 0 12 29 25 22
5 0 5 12 22 15 28 25 8 21 0 21 10 29 4 30 3 20 9 10 19 30 20 7 4 28 9 6 5 23 10 2 5 12 2 25 7 12 27 27 18 28 11 0 6 12 16 17 13 8 10 14 0 10 28 0 12 5 10 4 12 20 21 16 7 11 17 8 12 18 6 20 29 4 25 20 1 22 27 1 16 22 28 30 3 25 15 30 26 7 8 24 25
13 7 25 30 10 10 14 11 16 28 3 23 16 14 25 14 1 27 6 3 24 28 9 17 13 9 22 28 5 25 2 29 3 2 29 0 29 28 17 4 19 16 19 6 29 27 2 9 27 7 29 7 22 13 12 20 23 29 0 27 22 10 25 7 28 2 20 21 21 7 18 25 25 2 6 17 10 9 1 18 23 23 10 12 6 20 15 30 8 9 4 24 27
14 20 16 13 3 7 18 11 17 0 0 16 21 14 28 1 12 8 16 10 17 9 20 30 20 12 22 17 14 3 12 11 24 20 26 9 13 20 9 17 27 13 26 5 3 3 30 1 26 16 3 2 18 12 22 23 24 17 28 11 12 11 14 5 2 8 20 1 12 1 3 28 13 2 21 13 10 20 7 11 7 26 14 20 15 6 19 30 1 13 4 17 27
25 8 30 25 14 16 15 29 18 5 14 21 5 5 1 27 14 14 23 7 26 9 27 9 9 13 0 2 19 16 17 23 8 29 2 28 15 9 25 23 4 1 3 14 26 9 9 20 20 26 11 8 15 13 7 13 24 22 24 19 22 6 18 4 13 3 0 27 13 16 5 11 17 29 14 18 19 9 8 28 16 5 4 21 26 26 1 13 20 28 18 4 18
8 9 3 15 11 15 15 15 8 29 12 22 23 9 0 2 2 18 22 22 2 21 6 7 19 19 24 26 2 11 30 1 16 28 12 30 5 8 15 23 18 0 0 25 25 27 17 22 0 7 16 26 15 6 29 25 4 19 1 22 7 29 20 0 20 25 12 19 24 11 20 15 30 17 17 22 22 13 14 10 14 22 27 9 26 27 2 15 8 28 17 5 7
13 21 7 9 16 22 13 11 18 22 8 27 8 30 27 28 10 15 4 28 0 1 29 27 9 28 22 18 18 6 26 12 5 19 29 27 30 27 13 29 4 20 6 20 24 17 24 23 10 22 23 28 24 17 22 7 3 14 7 0 6 9 29 19 14 27 0 23 2 17 7 23 15 2 0 27 29 1 6 19 27 17 26 16 10 11 5 8 24 7 3 4 1
30 28 12 3 28 12 2 24 8 28 8 7 19 20 15 27 26 24 23 5 14 19 26 22 8 1 24 15 22 4 4 12 30 4 24 11 3 1 7 24 29 8 27 3 9 20 24 13 18 17 3 1 11 23 18 29 18 26 23 23 27 3 12 8 23 3 14 24 4 24 20 23 18 21 6 2 10 16 23 11 15 29 5 24 24 17 1 14 5 11 19 15 3
27 13 7 23 8 25 21 12 27 22 15 16 27 27 23 20 11 7 14 26 21 25 1 27 27 18 1 1 30 15 13 19 28 26 0 26 10 30 21 3 2 12 8 29 20 11 11 0 22 6 6 12 17 15 29 14 18 25 20 17 12 26 9 10 10 8 21 8 18 7 0 16 23 19 22 22 24 30 15 11 24 2 19 8 17 9 27 14 7 21 21 2 13
3 26 5 29 4 16 15 18 4 0 8 7 10 14 12 1 16 25 21 6 4 15 5 11 23 10 0 12 26 7 13 27 8 24 27 27 12 3 9 29 22 2 25 28 11 17 4 22 10 11 21 0 5 19 2 2 13 4 0 6 19 1 23 18 1 7 29 10 18 1 19 17 26 3 19 23 30 27 14 6 21 11 19 22 20 6 28 2 17 27 9 14 4
20 23 26 20 27 27 4 26 6 10 30 1 2 25 29 17 28 17 12 16 3 13 29 15 15 18 12 16 28 1 23 18 15 3 25 26 20 7 22 10 7 24 15 8 6 13 1 13 17 2 13 1 22 0 25 14 19 28 8 15 11 17 0 30 20 3 19 30 19 28 19 15 6 13 13 26 28 28 23 26 6 30 0 6 11 12 0 20 6 12 0 9 19
7 3 19 13 30 16 13 23 9 4 12 29 30 10 10 5 10 1 8 6 11 28 17 5 5 14 2 27 13 28 10 3 29 5 18 25 6 13 9 29 9 24 6 22 23 8 8 10 24 10 10 1 7 2 1 23 6 27 21 18 28 19 18 18 14 19 16 9 29 10 7 6 6 19 9 11 3 25 6 16 29 30 25 1 5 17 20 30 14 15 6 28 3
0 4 7 29 5 6 9 4 21 21 21 22 17 4 11 14 24 10 29 17 4 11 15 6 28 7 29 16 22 3 1 0 21 30 21 18 8 1 6 12 2 10 4 20 10 23 28 1 4 7 12 9 27 23 17 4 19 23 18 7 23 16 1 12 3 30 22 6 22 29 24 22 1 19 20 12 15 17 9 24 8 7 10 5 10 16 11 17 0 25 3 5 29
3 0 29 16 3 3 11 14 20 3 8 18 20 27 21 6 28 19 11 0 13 3 23 13 7 23 29 30 24 8 27 11 0 21 28 8 6 7 13 13 21 26 3 3 26 27 9 8 17 8 30 22 7 5 4 6 12 12 23 23 9 3 6 0 30 27 22 26 21 13 14 30 13 0 0 16 19 9 18 30 15 9 25 18 18 20 14 21 25 0 28 15 28
0 22 8 18 22 19 7 18 28 7 18 5 6 3 20 10 30 7 2 21 18 30 10 20 22 24 0 13 1 3 28 21 24 15 11 24 13 4 30 26 2 29 20 5 9 2 12 30 12 7 23 8 0 18 12 7 27 5 4 8 5 27 7 24 30 12 27 9 30 16 18 24 29 10 29 29 28 9 8 26 16 19 24 12 2 13 19 17 13 29 30 7 27
22 24 13 20 2 8 7 3 3 19 17 8 21 18 15 14 23 4 8 13 25 10 11 18 18 8 6 19 9 0 20 16 9 10 3 15 20 30 30 0 3 27 23 5 23 27 27 16 6 15 18 12 3 25 29 15 9 19 6 2 3 23 28 12 27 1 0 8 0 20 5 4 18 3 2 29 3 22 10 20 26 21 16 11 12 0 26 1 23 12 5 2 21
27 12 28 21 28 1 0 10 7 10 20 20 25 20 21 8 29 1 14 25 11 28 29 19 5 29 2 5 10 26 5 21 2 25 3 14 29 24 8 22 14 25 28 18 15 23 26 28 13 1 5 1 4 10 1 29 8 16 5 16 14 10 1 25 23 28 25 15 12 25 19 7 14 2 0 22 1 13 20 22 3 3 18 14 18 16 19 25 24 23 20 27 14
13 26 6 7 25 6 21 9 12 24 28 30 21 20 20 21 29 4 26 23 24 25 11 26 2 23 2 2 3 2 26 24 7 1 6 23 3 12 12 15 22 28 24 14 27 13 28 17 14 0 12 20 5 29 10 3 10 23 14 14 18 17 0 19 15 10 9 12 8 22 23 3 28 5 5 30 4 21 30 1 28 10 2 5 23 14 11 21 23 2 14 8 20
24 2 7 15 14 4 17 14 30 12 3 3 27 22 24 24 0 4 2 24 8 16 23 1 28 23 23 3 17 23 27 6 13 28 23 25 25 25 25 26 17 4 10 2 1 16 29 13 21 27 20 11 25 3 26 8 5 25 18 8 20 12 22 26 11 15 6 17 17 14 17 12 1 27 0 27 18 5 5 23 12 12 26 0 13 3 22 3 25 13 7 1 17
20 28 11 14 10 28 8 26 27 25 12 1 15 30 18 13 25 8 1 24 3 2 0 11 12 7 3 25 5 2 25 13 14 30 19 23 21 17 7 13 4 18 15 0 25 20 17 20 29 26 26 23 18 13 22 10 22 24 23 27 23 24 17 9 21 24 14 7 9 6 25 25 21 13 11 8 18 5 30 19 8 28 10 20 9 0 1 18 1 19 25 27 13
10 4 1 17 25 10 1 11 9 7 20 27 3 27 14 14 23 20 1 30 19 23 22 26 2 14 23 10 13 11 21 14 26 20 19 24 24 2 16 15 23 12 10 27 24 17 7 0 23 8 15 24 16 27 5 15 1 14 22 5 13 11 21 11 4 22 6 20 30 10 5 9 6 10 28 19 25 6 29 8 12 24 21 7 10 6 19 22 8 15 12 4 7
28 7 8 27 19 20 26 4 0 3 26 12 26 22 20 3 25 17 17 6 9 16 18 21 17 4 3 11 24 22 26 0 4 26 0 23 1 4 5 29 4 16 8 30 12 7 26 18 10 11 1 29 11 11 17 6 21 15 2 19 24 2 1 28 23 14 4 9 19 5 14 10 7 12 23 13 26 15 22 13 10 18 15 27 6 13 20 6 27 24 0 15 18
29 21 0 3 7 9 1 27 21 21 27 14 29 2 13 4 15 1 27 14 22 17 25 9 20 6 20 21 10 0 27 17 29 4 5 24 4 11 15 2 1 24 17 21 13 22 21 24 6 15 13 7 13 13 13 5 2 2 19 22 15 9 17 13 2 16 11 27 6 28 10 11 18 22 23 26 0 3 13 9 4 3 11 25 3 5 6 1 12 30 30 26 11
9 2 7 3 5 29 29 19 23 21 1 28 21 12 20 1 28 4 1 12 15 20 7 17 21 12 3 23 16 3 11 5 20 2 29 25 20 21 12 6 30 15 10 17 28 18 12 14 22 22 28 28 21 5 10 24 17 29 22 25 10 15 10 0 21 29 12 5 4 3 15 30 14 27 16 28 15 14 23 22 14 1 3 11 5 19 13 17 16 14 2 19 18
15 25 20 10 2 4 27 29 14 17 22 29 17 30 9 11 25 29 4 3 13 13 11 25 24 6 22 13 11 10 4 8 0 23 4 6 23 30 9 18 13 27 3 22 4 24 20 6 22 25 8 3 7 23 27 5 8 19 10 30 10 25 10 22 5 15 11 30 9 21 17 10 2 4 17 15 5 3 0 7 23 19 25 14 4 15 4 6 19 12 8 11 11
17 18 9 6 25 5 17 27 22 30 14 0 7 18 11 16 4 22 25 29 29 0 30 14 10 11 5 18 7 5 4 29 7 21 25 13 30 5 5 20 13 23 17 16 21 23 11 17 0 6 29 23 15 0 7 9 30 14 7 6 21 29 1 28 26 6 17 28 6 27 6 21 6 24 23 24 12 15 15 1 21 12 8 19 27 12 13 22 3 25 12 0 22
0 22 23 0 28 15 14 23 10 19 10 6 15 8 20 12 9 9 3 25 21 21 5 11 6 22 0 5 6 24 4 1 25 5 3 21 30 11 14 24 12 4 4 19 14 24 1 29 24 17 25 24 3 1 14 2 16 4 25 28 26 19 17 6 23 7 7 0 16 8 20 11 30 7 15 27 26 11 7 25 14 23 5 13 21 5 27 23 2 23 18 5 7
24 7 4 27 0 22 16 25 3 3 28 22 14 4 0 19 9 9 24 28 27 17 12 2 6 15 30 5 17 14 12 16 14 27 11 12 29 12 27 11 14 7 18 10 6 7 21 27 11 13 0 16 6 12 30 11 8 8 23 26 10 5 30 11 2 19 18 26 2 3 14 23 4 12 28 9 5 29 0 5 30 12 18 23 30 6 7 17 23 16 14 26 18
23 6 22 15 13 27 9 2 30 5 12 30 25 4 4 5 16 2 19 16 1 1 26 17 18 24 0 15 23 23 20 21 0 22 20 11 5 26 4 13 15 3 25 22 29 28 25 19 26 7 15 14 18 27 9 17 12 9 1 26 13 2 24 17 16 8 19 21 5 11 11 14 3 25 26 30 14 6 0 20 26 30 11 28 13 17 25 22 11 2 26 12 7
19 24 20 22 8 0 26 27 20 29 17 5 22 1 22 15 6 2 0 7 24 22 6 11 2 30 14 25 7 22 11 14 5 16 1 16 3 24 5 13 2 2 28 26 13 5 3 11 8 12 9 11 22 8 7 27 1 7 9 19 9 19 20 11 13 6 2 25 10 13 11 14 0 9 22 11 15 13 1 17 27 12 29 11 26 19 12 3 20 30 17 4 27
14 22 25 13 26 20 21 8 11 19 9 14 11 3 0 6 7 26 28 15 14 26 19 9 1 25 10 21 22 18 5 7 13 30 23 3 22 6 9 22 1 18 2 29 24 15 19 1 21 29 6 16 1 27 24 24 22 10 21 7 5 0 21 17 12 12 30 18 9 24 30 13 16 20 3 5 15 6 7 14 14 29 29 2 22 26 12 5 11 11 22 7 23
28 29 24 30 1 0 22 3 18 3 14 17 8 20 15 15 29 20 27 24 17 20 3 14 13 26 10 16 27 16 25 0 0 19 15 0 21 27 8 8 21 19 6 25 29 7 17 25 13 2 13 21 5 8 13 13 4 22 2 19 14 12 20 13 21 18 28 8 27 13 22 30 4 6 9 26 21 18 29 15 5 14 0 10 22 25 10 23 28 26 20 25 3
12 4 13 1 15 15 12 4 23 13 17 28 25 17 29 7 9 2 29 10 15 25 23 11 4 9 1 28 12 28 8 27 13 25 10 9 11 3 23 4 8 24 2 6 5 11 19 17 24 4 16 18 26 27 14 0 26 2 10 8 12 27 25 18 21 29 27 3 2 19 23 3 13 25 22 19 12 8 13 14 19 30 5 23 9 24 14 20 10 4 18 5 24
22 30 21 28 1 14 7 29 2 21 19 17 3 9 8 21 10 19 9 12 0 12 30 13 21 6 6 17 24 24 18 17 10 19 21 12 14 26 18 19 22 16 22 11 17 8 18 27 14 18 1 4 17 10 27 15 12 20 19 16 0 25 18 7 14 11 9 23 18 12 24 8 6 16 1 7 23 11 1 16 12 16 17 9 24 7 18 22 2 19 29 30 22
