94 94
22 0 16 8 14 11 12 16 1 11 12 20 29 15 8 21 9 27 21 4 0 10 23 12 18 20 18 26 22 13 10 14 4 6 9 22 22 11 11 7 5 14 21 3 11 5 19 19 25 9 16 29 13 20 2 0 17 24 12 15 22 1 29 10 12 17 25 13 10 30 30 27 11 13 3 18 3 13 30 23 5 25 18 23 11 22 1 9 30 12 4 20 17 16
20 16 1 15 7 14 26 25 18 19 3 20 24 7 18 28 24 14 12 20 9 3 12 21 12 6 8 3 9 15 24 15 17 19 5 22 11 19 23 8 24 10 28 15 2 10 2 4 27 17 7 15 27 18 16 12 5 16 23 21 22 11 7 10 14 20 7 22 3 17 1 1 13 29 11 25 0 13 30 1 9 16 29 14 4 19 8 17 23 9 1 2 24 1
1 11 30 28 24 21 29 0 1 22 16 13 5 7 9 28 0 0 3 23 18 30 13 20 15 17 30 30 13 23 27 16 11 14 29 5 22 19 13 25 12 15 11 12 10 5 9 24 20 22 5 27 26 14 20 18 1 10 21 13 13 17 13 27 11 22 25 7 1 15 1 22 29 20 17 28 13 4 4 21 10 22 24 20 2 3 11 14 29 8 8 30 19 9
24 11 13 2 24 15 1 9 24 19 17 25 4 27 2 5 25 25 4 27 27 0 15 14 8 9 29 23 11 13 5 16 21 8 14 18 29 6 2 1 17 0 29 29 30 29 28 7 0 20 2 4 5 3 5 10 19 22 12 7 9 9 18 16 26 2 11 15 24 6 26 17 1 20 19 27 9 29 1 24 1 7 12 6 15 13 21 3 21 0 14 11 18 19
1 20 10 30 0 18 11 0 5 3 19 30 6 11 3 28 17 27 8 18 3 11 25 19 4 19 10 16 20 2 19 15 19 10 5 30 27 10 29 22 21 15 27 12 1 12 25 14 29 27 9 18 26 10 21 13 17 23 26 7 22 0 21 15 8 28 0 4 1 0 16 11 20 14 28 7 15 28 18 15 12 13 8 11 6 8 9 4 16 6 6 18 22 6
0 7 16 14 11 16 17 2 21 28 9 24 12 11 16 12 16 6 0 23 17 4 11 23 13 13 18 12 18 6 20 4 16 28 5 7 3 30 1 4 21 9 23 22 4 15 0 29 5 28 27 14 25 8 17 27 24 10 5 4 15 10 28 14 18 24 25 21 6 2 22 27 20 11 10 15 18 17 6 3 4 21 25 1 21 28 3 17 0 9 12 18 21 0
15 4 1 19 7 20 29 30 11 23 1 1 26 25 17 0 23 13 4 7 23 20 3 23 0 14 10 3 1 28 10 12 18 4 7 8 10 10 27 3 8 13 25 11 9 0 8 14 24 30 22 15 4 23 30 5 6 7 22 4 19 20 8 1 19 27 8 7 30 17 0 30 17 6 7 21 8 19 19 21 9 4 27 12 9 8 11 20 11 24 21 0 10 5
28 11 30 23 21 7 5 1 26 22 8 2 15 5 23 3 19 19 11 22 21 23 12 25 15 12 16 26 29 16 24 9 4 21 27 14 21 25 10 19 7 25 29 2 23 0 1 9 7 9 13 28 13 6 27 10 24 8 25 20 20 0 10 12 21 26 28 16 29 27 5 9 3 5 12 9 10 6 0 23 2 4 30 22 14 24 29 10 25 12 9 16 4 27
28 19 12 12 5 7 12 25 9 19 17 9 2 4 21 8 26 24 27 3 26 29 15 7 16 11 30 5 15 5 4 10 6 8 23 5 11 26 19 28 3 26 20 5 3 18 12 6 9 23 11 12 18 28 8 18 7 22 27 6 28 9 14 26 1 26 26 28 9 28 13 14 4 3 18 9 8 25 11 6 12 13 17 7 27 23 30 27 10 5 30 11 12 3
11 11 15 26 1 10 20 17 28 16 30 16 17 22 27 26 15 23 9 3 2 18 27 29 30 16 2 4 14 1 11 7 10 13 19 27 21 16 1 1 27 4 28 13 21 1 9 5 30 12 7 22 3 18 20 22 25 1 24 13 25 26 30 1 26 7 15 23 10 2 20 6 7 12 1 27 18 2 1 1 30 1 15 30 8 26 18 2 6 15 11 6 23 17
1 30 4 21 10 11 11 30 17 14 23 10 30 7 26 28 22 13 7 0 23 10 28 20 27 0 20 19 0 10 22 6 5 10 19 20 22 29 16 14 8 18 5 7 11 9 10 23 23 2 7 11 28 29 21 14 4 26 28 18 10 28 30 23 6 19 23 24 22 6 2 25 23 7 6 0 9 7 2 10 22 6 1 20 26 30 9 21 30 19 0 4 8 26
26 19 21 4 11 11 28 21 18 12 29 18 13 14 14 16 6 19 23 2 26 7 18 17 20 21 9 7 17 8 11 2 11 12 2 26 9 0 22 10 26 18 7 27 21 20 23 20 5 4 8 5 13 4 19 10 14 3 5 13 4 4 12 5 16 5 13 3 20 0 6 3 21 2 20 5 6 13 15 17 28 9 29 25 29 2 18 25 24 1 9 20 17 14
22 3 21 26 20 30 9 13 24 14 18 10 12 19 9 12 23 7 9 15 17 15 7 17 22 29 3 1 6 3 24 2 16 19 24 24 7 26 9 1 11 8 23 0 18 27 16 4 19 16 20 19 19 1 9 30 21 25 27 25 26 3 23 4 18 27 8 21 21 0 30 17 26 25 14 20 5 10 1 22 27 4 16 2 19 7 9 15 13 28 2 17 9 9
6 22 11 19 25 17 28 26 30 2 6 12 1 10 16 11 27 2 5 2 8 2 23 22 3 27 8 29 28 18 9 22 28 22 0 24 7 28 10 25 11 9 24 16 30 14 21 25 1 23 12 16 10 22 29 11 25 0 30 6 15 1 8 15 21 8 21 21 6 25 0 12 15 7 13 0 2 12 28 12 16 17 16 3 0 16 4 10 27 17 0 29 0 19
20 8 8 12 12 8 6 29 24 30 18 0 13 11 11 20 9 22 13 24 26 10 11 4 16 5 6 20 19 11 4 6 13 9 11 24 28 0 22 21 28 10 29 18 13 16 7 27 26 28 26 27 2 28 26 26 8 7 12 26 15 12 15 17 23 16 15 8 16 8 3 30 20 7 14 29 22 23 22 22 27 6 29 12 14 19 24 9 16 9 3 24 1 19
13 19 19 21 0 7 9 4 20 7 24 30 29 12 4 9 30 6 29 16 15 23 8 27 19 21 12 17 22 3 25 12 10 17 12 9 24 14 2 25 2 3 1 12 7 3 2 7 23 26 0 19 0 11 11 24 12 2 12 9 23 26 26 16 25 2 19 23 13 28 29 29 27 6 27 2 18 20 21 13 17 12 25 13 7 28 26 27 5 7 27 26 23 19
11 0 29 14 22 5 7 17 1 24 18 28 13 13 28 25 27 20 17 29 23 27 8 20 2 28 18 2 8 12 25 13 14 9 24 30 29 4 15 8 1 6 5 18 13 11 4 13 0 19 4 23 25 21 4 26 23 0 2 21 29 2 3 20 12 18 18 21 24 1 14 29 24 0 1 28 8 16 23 19 9 4 16 4 2 29 26 11 7 12 0 19 0 11
3 27 6 16 23 16 28 6 26 18 15 11 11 2 7 9 4 15 5 7 9 9 25 14 23 13 23 10 13 14 30 17 6 20 19 27 5 1 6 5 29 10 7 3 11 22 28 20 0 0 8 8 25 23 13 28 0 23 28 14 29 24 4 23 6 3 24 9 8 3 16 12 22 20 18 25 10 2 22 9 18 7 27 19 25 11 16 6 9 2 7 29 19 24
30 14 19 11 18 9 18 14 22 17 10 19 28 13 16 5 13 26 27 20 6 4 24 27 25 5 7 2 25 12 26 26 13 8 22 22 30 18 12 23 19 30 17 18 18 24 8 18 3 3 0 10 12 2 27 10 25 27 5 16 21 5 15 1 8 7 13 22 9 23 19 16 7 13 0 4 6 11 7 20 27 29 5 16 26 15 7 22 0 1 24 11 21 26
7 6 8 16 4 22 29 15 14 13 27 10 15 3 1 17 21 2 16 21 23 30 19 19 29 3 0 20 29 22 30 4 7 0 3 27 19 16 3 25 18 26 28 6 0 18 11 4 17 26 14 9 12 14 29 23 0 0 19 17 28 29 0 21 13 30 30 10 27 14 29 21 30 6 17 21 13 21 29 10 0 10 14 10 27 12 21 10 7 24 20 20 6 6
26 16 23 26 15 5 12 27 13 28 28 8 17 11 8 14 6 21 29 3 16 9 11 27 2 16 27 30 0 28 18 21 22 7 17 3 7 16 3 24 25 28 22 26 7 30 5 30 23 12 3 30 3 29 4 11 24 21 12 12 2 0 30 24 17 18 6 11 0 29 13 29 24 4 20 28 14 18 1 21 10 9 6 3 15 8 28 11 14 12 29 2 29 29
21 20 5 20 27 18 15 7 7 1 17 22 25 27 24 23 21 28 11 16 3 25 0 9 14 12 23 27 16 22 20 0 5 3 21 26 18 29 7 14 24 28 20 11 29 30 25 11 28 20 17 22 29 6 22 10 21 9 19 12 5 14 6 29 24 23 18 13 5 18 9 8 28 5 26 14 0 30 13 6 25 17 27 0 7 25 5 18 16 21 25 0 10 28
2 10 17 28 19 2 11 25 3 15 21 28 0 11 12 20 13 17 1 15 27 3 26 5 29 23 27 4 10 1 14 24 19 13 28 23 7 14 28 26 17 17 2 2 20 8 10 6 0 24 0 9 19 9 4 22 4 7 17 11 4 25 26 20 4 1 19 27 2 27 19 21 4 9 17 30 21 20 1 19 4 15 12 11 29 10 23 1 28 19 8 24 5 11
4 16 17 27 14 8 25 10 5 0 11 15 12 19 21 13 2 6 1 8 23 18 22 23 9 4 17 13 3 26 28 14 3 18 3 29 25 8 25 17 12 1 0 1 10 18 15 30 0 1 26 4 16 14 26 3 13 26 22 1 26 17 17 19 27 20 23 9 24 12 12 24 4 0 22 9 17 16 10 11 8 29 28 5 7 29 24 29 14 3 2 7 0 30
12 1 2 19 28 16 17 26 4 27 1 8 20 16 10 24 12 4 21 0 23 1 29 14 22 1 19 4 19 25 9 8 4 29 24 27 18 27 19 1 3 13 12 9 23 21 23 28 1 23 17 11 15 29 27 12 10 16 28 10 1 24 15 17 29 18 10 18 23 13 27 17 15 18 1 16 9 11 15 1 4 19 8 25 23 29 24 9 19 18 18 30 16 29
29 24 16 15 4 22 16 14 14 5 17 1 4 12 10 11 3 8 7 17 2 29 15 15 12 6 6 24 4 6 29 28 20 25 23 25 16 23 12 7 22 2 28 22 24 12 13 5 30 6 12 22 29 17 20 17 1 28 2 23 21 24 1 12 20 5 2 29 7 0 14 12 7 0 10 20 30 25 23 11 26 2 10 7 13 28 25 10 28 26 22 29 15 1
28 6 2 12 23 24 17 5 2 15 5 4 7 23 20 20 0 25 5 17 26 22 30 0 30 3 23 1 23 28 19 27 26 30 11 26 2 19 28 3 19 2 8 9 27 25 23 6 22 14 14 20 27 2 28 26 21 23 6 19 23 10 2 28 7 18 4 9 24 28 16 6 6 13 20 7 10 15 13 3 25 28 27 14 22 11 18 4 28 29 28 10 27 18
4 6 3 19 12 23 28 22 18 9 28 14 10 22 0 20 30 15 4 30 15 27 18 8 24 14 22 12 16 9 23 27 29 20 12 19 7 27 3 28 22 4 2 1 12 13 5 21 10 15 29 20 11 19 0 3 21 27 0 7 6 13 29 13 19 2 29 16 19 22 0 21 29 29 19 3 26 24 22 9 23 27 30 17 25 17 30 3 30 8 25 21 27 10
10 8 30 11 3 7 25 29 24 12 29 16 23 30 12 12 8 14 8 23 17 25 8 26 30 12 28 29 11 5 15 26 24 20 30 14 8 7 30 8 1 13 21 24 19 18 14 20 9 11 5 9 13 24 7 15 20 29 9 9 6 17 24 16 11 8 27 30 14 17 24 7 2 9 28 5 4 8 25 24 19 1 9 0 11 9 25 22 9 5 19 25 6 15
5 9 25 15 16 8 27 19 23 16 6 26 1 9 21 6 30 15 11 28 16 8 3 29 26 30 29 18 12 0 12 15 9 28 12 24 1 22 15 11 27 22 9 3 2 28 26 23 22 4 9 28 30 28 17 7 2 16 17 25 29 15 9 14 16 15 3 17 4 12 17 21 20 9 17 2 16 4 19 17 18 14 13 29 8 2 21 15 28 8 21 10 4 6
28 19 26 22 21 6 3 1 16 9 21 6 21 22 25 14 3 8 17 3 29 16 24 4 5 7 5 10 26 3 18 25 5 7 29 11 28 26 19 22 26 11 29 7 12 24 2 5 19 8 24 15 4 29 0 9 7 30 10 25 19 5 30 3 21 26 30 2 0 13 18 14 3 13 10 26 12 26 19 15 28 10 17 15 7 28 27 7 17 10 2 9 6 18
19 5 11 29 7 22 21 6 26 18 27 13 15 17 23 7 11 22 28 15 11 30 9 14 6 13 22 20 6 20 29 15 0 25 13 20 30 22 23 25 4 11 17 17 20 23 29 8 5 30 9 8 18 12 23 6 14 20 4 29 1 24 26 17 23 30 21 28 13 7 26 9 18 3 18 13 21 29 12 17 29 18 0 4 18 20 12 27 0 7 18 17 26 25
24 12 11 8 15 12 20 24 7 12 12 4 9 25 29 2 8 28 12 12 16 12 22 20 27 15 7 25 8 18 24 14 22 23 23 14 23 19 7 24 14 18 10 27 1 29 7 28 2 17 14 3 9 0 13 25 1 18 6 30 12 6 26 6 20 6 26 25 7 22 3 7 8 11 29 4 6 5 19 29 12 3 28 0 7 21 10 9 16 27 27 9 23 30
6 30 19 25 27 20 21 28 11 3 8 13 27 25 22 27 23 16 17 17 14 27 22 17 28 0 5 6 19 17 21 5 19 11 20 13 13 15 18 14 8 28 16 2 25 9 14 16 1 29 16 14 0 19 10 28 19 10 14 17 29 3 4 24 8 24 12 7 12 28 16 8 17 7 19 24 2 6 3 3 20 25 3 24 6 22 21 19 18 10 18 4 1 7
28 26 25 22 3 18 19 29 26 24 14 14 7 7 26 2 29 15 1 18 16 7 6 5 9 23 7 8 24 0 17 27 5 17 7 1 20 0 15 4 0 17 5 16 28 16 15 26 20 4 6 7 0 9 18 8 22 26 12 26 19 11 14 10 12 6 9 9 24 1 10 13 8 6 15 23 30 9 20 0 20 3 26 7 0 9 16 28 23 17 5 14 15 30
21 29 8 1 5 0 11 8 5 20 30 19 12 26 12 4 4 13 9 5 11 1 10 5 5 9 6 12 1 7 23 26 16 17 21 7 24 1 14 1 25 2 20 24 18 16 15 2 5 24 25 1 15 9 23 13 18 20 9 25 7 8 20 21 20 23 1 17 21 27 28 4 25 2 2 12 13 4 12 12 4 5 2 4 4 19 15 0 19 14 18 4 28 30
29 0 20 5 15 4 7 27 1 22 6 6 14 11 17 26 14 22 2 13 10 18 10 26 19 17 11 27 5 7 12 5 17 25 15 2 11 15 21 30 16 29 20 1 22 25 3 29 22 8 6 13 27 4 16 18 16 18 20 14 8 3 10 3 4 6 18 25 22 22 11 14 1 21 25 16 18 0 22 13 30 7 10 17 21 30 20 14 26 15 15 15 24 2
22 13 6 19 27 11 6 10 1 16 25 15 22 30 21 25 16 9 14 2 7 16 9 27 0 2 2 9 22 16 23 2 22 4 16 19 23 2 26 18 21 15 12 18 4 19 30 2 2 16 8 23 27 14 4 27 7 8 4 5 22 7 26 1 20 27 9 3 16 14 4 16 28 23 19 8 23 20 4 9 12 15 21 5 24 20 0 29 4 18 11 23 17 10
27 7 11 11 3 15 10 27 18 29 19 14 7 23 27 8 19 28 28 30 1 5 26 7 1 12 8 10 12 8 1 22 14 27 17 13 30 7 23 23 20 13 29 24 14 22 20 11 28 6 13 22 10 23 2 12 22 24 0 1 11 5 7 15 27 9 16 24 15 17 17 3 2 21 29 19 20 5 15 3 2 12 0 5 1 17 20 2 3 16 26 1 30 19
25 30 6 5 26 28 21 24 20 0 24 7 3 30 0 1 30 24 29 22 16 28 10 1 28 1 14 26 11 1 11 20 21 22 24 6 29 17 12 8 21 0 0 4 1 28 10 29 3 5 23 13 5 2 6 22 8 29 29 11 21 26 25 13 3 30 4 4 12 3 5 16 19 23 13 3 30 24 10 9 2 24 1 4 1 11 10 24 15 29 28 20 8 28
21 16 5 12 11 16 15 14 24 7 17 5 7 18 24 1 24 16 0 5 3 18 17 6 30 30 29 11 11 16 30 10 30 2 2 13 28 5 20 27 16 1 14 7 1 1 8 18 4 11 17 23 13 4 12 5 13 29 6 15 21 6 6 0 11 13 7 21 25 4 24 23 17 1 2 0 9 25 29 14 19 27 16 28 0 8 4 29 4 27 22 3 28 15
8 24 25 25 1 29 6 20 24 30 21 4 15 14 3 29 26 6 19 23 13 14 27 10 5 5 28 7 0 2 24 5 5 1 3 9 14 2 3 26 7 11 25 11 14 14 2 16 22 21 3 15 23 13 10 0 28 16 25 8 9 4 25 12 5 29 1 12 13 7 16 27 10 4 0 11 28 27 16 12 21 1 0 14 12 17 0 4 23 30 0 4 11 7
10 14 9 24 13 16 6 3 6 11 28 9 9 2 16 24 22 12 19 18 11 11 11 15 30 22 24 0 21 9 16 2 19 5 5 5 13 30 7 17 25 0 25 13 28 24 27 6 19 6 4 3 14 21 24 30 28 2 5 10 15 28 29 19 26 13 9 11 30 7 10 16 20 13 13 12 15 3 20 8 29 3 27 29 11 23 0 2 5 18 21 8 22 29
18 15 26 27 11 5 13 14 6 17 0 6 3 17 1 23 25 7 11 23 11 30 10 5 2 15 26 8 0 2 26 14 3 3 16 24 10 30 7 0 26 14 22 16 23 19 11 20 28 30 8 15 26 19 24 23 29 22 2 21 10 11 1 14 17 18 24 27 8 0 8 26 27 27 12 26 17 22 25 3 19 8 21 8 27 3 20 11 8 6 26 9 17 23
12 17 4 6 21 26 2 21 7 12 17 18 16 20 21 24 19 10 13 4 10 7 10 0 23 19 21 16 15 18 8 24 0 11 21 2 23 29 20 0 15 19 7 7 15 4 13 5 30 18 17 18 24 14 6 21 30 23 1 6 24 2 13 25 7 11 14 22 21 17 13 21 19 1 21 20 26 12 26 2 3 25 17 19 3 11 13 25 24 1 29 2 15 22
22 30 23 0 26 13 8 23 27 18 5 16 10 4 25 21 19 20 19 14 2 16 20 11 10 13 26 4 18 19 20 5 4 13 21 21 4 14 21 27 8 27 20 14 6 7 21 26 20 17 19 5 27 20 7 20 3 2 28 2 9 3 16 13 16 23 20 10 13 7 24 8 5 23 8 13 30 30 13 16 19 29 26 10 6 28 7 11 9 9 17 12 20 29
1 6 28 29 21 1 11 30 5 6 25 2 4 5 16 1 26 30 21 4 16 12 12 30 13 18 4 5 5 10 16 15 28 19 21 16 18 7 29 0 16 4 13 20 26 22 26 7 25 2 4 30 24 3 21 10 26 22 19 27 9 13 5 10 18 16 17 27 27 13 16 26 16 16 26 12 16 24 18 15 8 1 0 15 3 8 27 30 22 8 21 30 10 8
23 16 25 24 16 9 11 19 1 1 6 29 11 15 26 28 19 19 11 17 26 22 13 28 7 11 17 5 11 4 28 23 25 26 17 7 22 23 23 9 5 18 29 2 16 21 17 7 23 9 28 6 20 30 30 0 10 18 21 26 26 16 15 18 19 24 28 22 9 18 12 5 27 26 18 3 15 0 27 6 5 22 18 22 10 3 0 23 5 29 14 6 4 26
19 1 7 17 30 18 21 8 29 30 24 17 15 23 3 6 16 27 21 20 15 17 29 2 6 16 9 9 22 23 18 23 20 7 0 17 8 8 21 15 14 21 0 28 23 19 7 24 9 12 18 29 2 9 20 25 21 25 19 15 22 25 5 4 14 21 15 7 23 28 19 18 16 16 23 3 2 13 0 14 25 12 16 19 13 27 29 7 8 18 4 4 17 23
5 15 11 12 1 7 20 29 17 13 29 22 19 27 9 9 29 23 1 9 13 7 28 30 1 26 24 10 20 11 24 2 28 0 8 25 18 20 20 29 1 4 14 25 15 14 12 19 4 21 23 7 26 11 20 1 10 1 13 22 12 28 6 10 1 10 4 19 18 25 22 28 22 19 1 20 22 8 30 20 9 18 12 22 8 16 12 25 22 17 11 21 0 15
23 3 17 7 3 19 20 5 27 17 24 11 2 3 5 21 8 1 1 15 16 3 19 28 8 21 25 11 15 5 5 24 6 2 30 21 27 15 6 30 10 18 11 24 4 23 6 26 3 6 17 12 3 8 9 24 18 17 26 10 22 19 21 11 7 7 17 1 14 2 4 21 26 27 12 23 9 9 21 14 17 4 11 4 21 14 28 30 26 5 11 2 16 5
22 1 16 24 22 16 26 9 24 4 1 21 8 14 29 19 26 3 19 8 20 7 8 6 28 5 1 5 24 28 0 23 21 6 3 17 5 3 4 30 7 11 25 26 9 1 14 8 23 10 18 18 2 0 30 22 12 25 18 22 2 10 13 13 7 11 2 20 28 29 28 17 11 21 3 1 14 10 25 29 9 27 18 7 12 29 27 2 7 3 26 19 19 18
24 24 26 12 6 19 26 7 2 16 11 24 14 19 18 5 5 15 5 28 9 7 24 12 7 9 25 18 9 9 13 23 27 26 4 1 10 8 26 28 30 9 30 26 28 2 19 0 13 8 12 17 27 27 17 15 1 16 0 28 14 19 4 2 10 8 4 24 4 1 22 0 11 16 20 18 2 27 0 15 12 8 26 13 19 15 30 8 9 21 5 5 4 1
22 12 14 22 23 20 7 24 12 30 3 4 7 22 8 9 23 30 16 10 28 21 27 13 20 4 3 30 16 26 29 24 21 14 27 23 1 23 28 0 26 24 19 24 9 5 21 20 12 6 0 20 8 19 27 10 25 28 15 1 9 17 21 9 8 18 23 14 11 16 20 12 4 28 0 22 9 8 30 20 22 27 22 22 15 5 5 26 13 10 0 9 9 17
16 22 3 9 24 27 0 19 7 11 16 10 7 24 5 28 15 14 30 24 5 0 11 3 3 18 17 4 11 16 15 8 5 0 8 19 21 22 19 2 18 30 15 26 21 16 27 18 2 6 11 23 19 21 8 10 5 23 20 19 27 20 1 12 30 16 28 11 19 2 16 25 2 14 26 1 28 3 11 17 5 30 21 13 5 12 0 16 19 17 16 15 17 12
23 10 4 6 26 4 30 0 24 21 23 23 6 17 12 2 25 16 1 23 6 18 17 6 16 20 12 15 23 30 14 0 22 25 28 16 29 29 18 9 14 28 15 1 13 4 10 24 19 10 12 1 27 12 23 8 4 25 25 18 2 10 30 11 29 29 20 23 28 20 22 5 21 12 8 12 6 23 25 28 20 1 6 26 7 13 2 26 15 23 30 29 25 8
13 29 16 24 19 21 14 11 20 25 23 11 12 17 10 6 13 14 25 20 16 4 9 6 29 27 9 26 8 21 4 11 22 21 17 18 3 29 25 28 3 26 8 21 7 3 13 13 27 12 5 30 15 23 14 15 12 27 7 8 18 26 20 18 15 5 16 20 28 28 5 9 20 5 25 30 20 4 3 5 18 5 17 7 3 11 0 6 14 28 27 6 22 30
0 18 27 30 20 28 3 1 14 24 24 15 22 12 22 21 8 13 30 16 18 0 15 6 23 16 19 13 26 25 6 21 1 15 5 20 16 13 29 16 21 0 27 16 6 10 4 4 6 18 23 10 7 14 9 20 22 14 17 15 3 30 27 24 10 23 5 13 27 22 21 9 10 4 27 30 10 27 26 5 30 26 30 26 16 20 2 22 6 5 17 17 6 2
25 18 7 25 3 1 11 29 29 22 0 22 24 28 27 25 23 3 10 13 0 22 29 12 8 20 19 18 16 1 22 12 13 25 24 1 10 1 27 29 14 12 27 16 16 18 28 11 23 21 13 28 21 14 17 8 6 2 8 0 6 20 3 25 19 20 16 16 16 10 25 0 7 8 12 18 25 17 21 12 12 24 18 30 13 22 24 5 25 24 23 21 9 27
2 23 8 30 6 25 24 17 17 5 30 22 0 16 22 27 11 18 21 20 4 9 0 0 15 11 21 19 14 1 8 16 28 20 29 27 3 5 26 10 6 21 30 21 14 25 12 10 24 20 11 18 21 2 15 7 2 11 16 14 18 1 10 8 11 2 5 30 20 2 1 6 14 20 18 28 19 14 5 20 8 29 6 5 16 30 30 11 5 5 1 23 9 6
14 23 7 24 12 22 11 8 28 10 12 20 22 25 30 8 27 6 13 7 23 25 18 28 13 8 19 5 12 20 9 20 26 30 18 19 1 25 19 20 27 26 7 14 24 11 8 23 21 27 5 24 7 5 4 27 9 13 29 28 26 22 9 17 23 14 16 5 1 28 28 25 14 3 19 21 6 30 17 17 13 9 3 11 8 14 26 17 16 13 13 11 17 5
17 23 22 3 18 17 5 12 18 15 9 12 2 15 6 9 5 30 5 12 30 6 12 1 10 5 5 6 15 0 13 29 24 22 0 13 16 10 27 18 26 14 24 23 24 27 0 17 24 15 0 15 6 29 6 26 19 24 5 1 12 27 29 12 1 10 0 29 8 14 0 0 28 3 3 6 22 2 15 23 3 10 29 21 30 20 29 18 3 2 25 3 15 16
2 3 16 3 4 17 10 17 24 11 19 23 8 3 1 14 1 15 12 28 15 16 16 15 0 3 29 8 28 10 20 25 22 27 12 24 3 15 24 7 6 19 26 28 28 16 7 12 19 30 4 5 24 24 27 12 20 12 24 14 2 0 22 27 6 14 22 16 3 8 10 18 17 29 1 10 10 0 27 6 16 6 1 3 1 11 16 25 2 4 19 24 5 14
19 3 8 14 20 11 27 11 17 27 14 21 8 10 27 24 20 1 24 22 12 17 11 13 27 12 24 16 28 9 8 22 6 2 0 22 25 19 15 1 20 11 3 2 22 0 27 4 14 26 17 4 18 19 11 30 25 19 28 24 1 7 3 18 27 8 25 11 4 25 26 11 18 20 6 9 17 14 3 14 10 8 3 20 30 28 18 26 29 23 25 23 15 13
24 26 19 25 14 6 28 20 25 18 19 9 24 19 3 14 9 23 30 24 15 9 22 1 13 18 16 19 6 4 10 29 16 18 14 25 22 8 12 27 1 10 4 19 3 25 27 27 14 29 4 28 8 25 4 6 24 5 20 27 20 10 22 21 13 10 29 28 21 27 27 19 9 3 7 11 16 28 3 21 12 0 24 25 26 8 21 1 30 13 23 14 8 10
10 9 22 20 21 29 0 19 20 18 22 11 28 10 27 17 29 2 18 0 27 4 24 8 16 28 26 3 19 12 12 23 28 25 2 1 14 26 11 29 7 12 16 15 5 30 20 17 5 8 21 23 1 13 25 27 13 28 16 26 8 6 6 3 14 9 18 17 23 6 10 15 28 8 23 10 23 0 7 1 25 4 14 18 8 22 8 2 26 14 22 21 29 12
7 2 16 2 25 2 16 17 29 7 13 21 4 8 16 11 8 1 4 10 18 11 6 11 18 0 12 30 0 20 23 13 4 3 17 22 16 12 4 16 17 13 15 0 26 13 13 20 19 17 10 28 29 13 7 14 7 3 17 28 29 24 23 11 1 5 14 0 23 22 1 10 26 19 29 11 9 3 12 22 25 29 23 16 18 6 16 15 22 17 4 17 22 22
6 26 10 10 6 22 18 18 30 11 23 20 16 15 20 15 12 12 17 26 27 5 11 17 7 30 1 8 27 17 27 27 7 18 24 5 0 15 13 16 15 11 30 20 14 22 30 4 0 12 24 12 30 6 5 5 0 0 3 22 2 17 28 8 27 20 10 26 5 12 23 16 26 18 11 28 4 5 18 13 4 15 21 5 26 26 30 8 12 14 16 2 10 30
2 11 30 3 4 6 6 29 17 9 6 22 3 28 5 29 26 21 1 30 22 30 4 29 2 0 4 19 22 17 28 8 16 27 22 0 24 9 16 24 30 23 15 1 4 14 17 6 12 28 12 4 29 9 12 1 12 24 9 10 23 2 16 30 2 10 16 16 23 18 16 14 28 28 10 10 18 5 4 2 18 9 30 19 30 22 13 24 29 29 19 1 19 6
23 18 23 11 3 19 14 20 8 18 13 7 18 8 19 24 2 11 7 30 2 28 26 10 10 10 6 28 17 5 28 9 6 3 14 25 18 26 18 20 25 8 16 16 12 11 14 16 9 29 0 4 15 20 4 13 5 12 26 1 19 7 8 6 28 22 16 29 9 30 24 0 20 10 7 5 19 22 21 27 11 24 22 26 3 24 13 17 17 20 13 11 11 28
7 12 8 16 8 9 24 16 19 11 25 16 21 28 4 25 30 16 13 20 8 16 28 6 7 26 27 4 29 5 21 30 5 25 22 13 3 29 14 26 14 2 29 26 26 12 22 18 17 26 21 16 29 29 6 24 4 4 1 7 24 18 14 29 3 23 17 19 30 2 27 3 7 14 9 27 29 23 19 6 20 19 5 22 13 6 9 13 6 7 3 7 26 4
12 11 30 24 3 3 3 26 22 5 13 11 21 29 7 22 2 30 8 22 14 17 13 3 17 24 18 19 11 29 11 18 20 30 4 13 6 22 4 21 6 4 27 6 22 6 0 14 2 14 13 12 21 1 24 7 10 10 9 1 12 10 22 2 28 8 25 13 15 8 7 18 0 4 18 3 29 16 20 4 12 5 13 29 9 6 14 14 17 12 10 4 11 6
9 1 1 29 6 14 30 27 20 27 25 28 27 2 4 25 27 9 15 14 28 24 14 2 5 0 10 6 17 28 28 7 1 7 16 27 2 18 4 3 7 1 30 24 1 28 3 13 0 7 12 9 30 13 16 8 28 14 20 8 1 0 13 3 24 14 0 1 9 12 2 17 1 7 27 2 23 11 9 29 3 13 24 30 2 0 11 26 8 21 21 8 23 23
14 6 2 3 29 0 16 8 12 4 13 19 19 15 2 19 25 30 27 8 28 7 14 30 18 20 21 1 8 1 26 2 21 23 1 19 14 19 15 14 9 12 28 24 18 7 23 21 11 12 27 20 10 28 26 9 28 29 16 27 7 25 19 27 13 10 3 22 17 19 30 4 30 0 22 6 16 21 24 26 3 27 29 17 18 9 27 21 15 17 25 1 3 12
19 25 15 30 15 20 1 28 14 13 12 10 21 10 3 29 9 21 29 14 0 23 12 27 26 28 16 1 26 23 9 22 0 13 28 22 29 25 9 19 21 8 15 24 30 27 19 2 5 29 9 29 29 30 20 28 10 11 7 14 23 27 24 25 11 20 27 22 11 7 27 9 3 27 1 29 4 12 8 26 23 7 11 9 16 11 28 16 3 4 8 27 5 7
6 23 10 25 2 22 30 21 24 23 17 4 11 14 2 21 1 22 1 19 19 28 16 12 8 25 3 7 13 6 13 8 17 13 29 2 28 24 21 10 2 9 0 13 1 1 25 27 26 16 3 26 25 17 3 28 12 9 4 2 5 28 22 20 4 8 1 25 21 0 1 2 17 22 9 26 1 15 20 17 19 4 9 30 15 11 11 29 10 5 4 27 14 9
6 12 20 23 26 27 0 10 12 15 21 5 23 0 30 16 13 23 22 18 15 6 1 10 21 17 28 3 15 13 2 8 27 16 26 17 24 10 28 17 16 7 8 11 1 23 4 2 21 23 22 6 28 14 0 20 19 20 10 7 12 21 22 8 11 11 7 8 2 5 16 8 15 11 24 1 16 12 29 29 13 25 2 13 19 15 7 10 0 2 26 15 28 0
23 19 21 13 13 25 9 30 26 26 17 20 25 21 30 28 30 11 6 28 24 26 5 0 21 18 11 9 20 18 0 29 21 8 12 1 15 4 4 21 19 10 5 26 13 29 21 21 23 2 29 28 24 3 20 22 4 22 27 29 18 18 6 18 13 0 5 29 9 21 9 23 22 7 29 16 2 17 21 26 5 22 13 11 3 14 22 4 4 8 20 23 13 1
2 13 4 0 9 10 2 11 28 23 1 9 0 12 3 4 3 13 1 18 6 10 18 17 15 20 17 21 23 8 30 4 3 19 9 12 13 13 4 0 19 21 11 4 4 9 18 0 4 22 22 1 9 26 0 10 0 9 13 13 13 20 2 29 0 30 9 13 6 21 16 19 24 5 25 7 8 9 12 28 19 8 5 13 16 0 6 23 2 6 27 13 12 25
12 26 6 6 19 18 15 17 29 11 23 21 17 10 5 9 25 30 25 27 13 19 5 2 26 15 20 17 2 28 25 0 29 26 23 28 26 5 13 5 25 1 16 1 28 7 23 17 17 23 20 27 10 15 28 4 14 12 19 10 22 19 2 21 2 12 11 27 30 0 24 21 23 15 6 20 12 24 12 4 4 16 7 13 23 24 16 21 2 14 12 10 19 15
18 4 2 18 24 15 30 25 25 24 18 17 28 22 11 4 14 23 19 19 14 19 9 11 29 5 11 17 10 30 2 24 0 20 19 7 26 14 22 22 17 12 18 27 29 5 4 13 22 24 9 17 30 18 2 18 3 2 11 25 2 7 24 25 3 3 19 24 23 17 13 20 9 7 8 14 10 9 18 30 12 2 16 0 7 16 25 24 15 21 19 20 0 21
14 25 12 11 19 22 22 21 24 23 0 15 21 8 24 10 28 2 29 22 17 14 23 4 5 0 24 29 14 29 21 3 22 21 7 17 4 17 9 25 13 7 20 29 11 3 2 29 27 15 7 5 8 9 18 30 24 10 16 23 21 8 16 15 2 11 30 20 4 18 13 16 12 26 30 0 21 26 12 13 17 18 4 11 28 20 1 16 4 12 2 5 17 15
14 30 13 26 0 12 26 18 23 1 3 15 23 20 30 7 13 28 8 6 23 2 14 11 20 15 25 4 23 7 23 0 23 30 15 3 23 3 3 16 27 20 28 21 17 21 14 19 4 3 1 20 8 27 1 20 26 30 20 24 30 25 23 8 11 12 4 11 11 19 27 14 6 30 18 3 17 22 3 7 12 7 4 11 1 29 2 28 17 14 14 14 1 26
16 23 7 12 5 26 5 19 22 22 17 9 5 7 24 28 21 25 12 29 21 12 1 5 14 20 17 10 18 30 9 8 4 8 20 1 15 15 19 13 17 23 15 21 25 20 15 20 9 1 11 3 27 4 11 6 28 11 8 6 9 4 7 21 25 10 16 10 9 10 7 19 3 2 26 27 10 16 4 25 22 4 22 3 16 6 28 24 24 8 30 23 13 19
5 30 7 8 15 9 23 2 28 17 30 28 11 27 13 12 0 9 21 27 21 21 19 24 24 23 23 7 26 20 29 11 28 13 6 13 16 8 10 15 18 25 25 25 14 24 15 20 23 3 27 4 26 25 8 18 27 24 0 15 27 9 7 5 9 12 8 0 23 17 14 3 16 15 15 8 26 10 10 7 9 25 19 26 30 20 28 24 11 24 18 20 18 29
27 26 28 24 0 7 23 29 1 28 6 13 26 27 20 30 2 0 20 26 28 23 14 16 4 4 16 20 3 0 16 28 8 13 23 9 4 10 25 22 8 17 15 11 4 15 17 20 21 8 23 14 24 11 25 24 11 0 2 20 17 2 12 28 6 4 26 2 8 28 25 24 10 27 25 16 6 3 30 19 10 10 27 21 0 3 2 17 26 11 14 28 14 11
24 24 21 26 27 14 17 2 5 23 10 14 13 29 22 19 14 13 10 19 29 8 28 2 18 4 24 7 1 16 0 5 15 2 5 16 26 11 14 5 13 2 4 8 27 25 3 3 1 14 14 6 19 22 19 2 27 20 7 13 23 13 5 1 29 9 11 22 13 15 7 27 4 11 1 27 25 15 30 16 27 13 14 29 7 9 2 15 23 28 25 25 26 7
9 6 10 6 30 5 3 23 16 17 17 18 5 27 5 24 14 12 20 30 9 16 4 6 9 15 29 25 6 7 10 19 8 8 5 23 17 18 23 12 24 14 9 29 6 6 21 4 18 7 2 13 2 12 13 25 29 20 4 19 2 13 3 18 7 11 29 6 30 16 19 13 25 24 1 24 29 2 12 13 16 26 1 16 12 25 26 17 4 30 5 29 22 10
2 24 23 25 11 23 21 25 14 23 26 5 3 4 15 25 12 28 9 18 10 17 0 28 18 22 29 27 30 24 8 2 20 9 5 22 21 30 28 2 26 4 15 26 5 28 30 24 4 26 29 8 12 20 18 30 13 27 16 6 1 20 11 20 26 15 22 22 3 19 10 9 30 0 6 4 7 22 25 11 11 24 3 29 21 20 8 27 15 22 18 0 6 11
18 23 25 29 16 22 12 26 7 18 3 13 17 17 22 8 3 17 11 4 27 10 8 8 24 6 13 10 20 9 29 9 17 6 12 17 13 6 4 1 23 24 1 14 30 4 6 5 24 10 1 17 10 15 17 29 17 7 18 12 24 8 16 14 27 16 19 10 22 27 25 20 17 14 13 4 20 20 24 6 13 19 11 3 30 12 7 29 21 9 20 23 4 13
7 21 5 26 28 10 26 22 17 6 5 28 17 9 24 30 11 30 17 1 20 0 26 16 3 22 23 2 15 23 19 29 27 21 23 14 19 1 17 25 15 25 16 15 20 4 13 27 4 2 8 15 16 5 7 19 5 15 29 15 18 7 3 15 7 0 29 11 0 24 26 9 23 2 21 28 13 5 24 17 15 14 14 1 15 22 26 5 2 14 1 17 14 18
15 19 14 29 5 17 28 10 16 2 24 14 4 20 10 12 5 21 14 27 4 14 23 16 16 8 29 27 24 22 28 2 13 15 14 21 9 6 25 17 0 17 0 5 1 30 1 19 21 16 0 14 20 12 0 3 4 10 10 14 2 1 24 25 29 10 9 23 1 28 16 13 14 7 11 10 14 24 11 10 6 13 20 17 12 17 2 25 9 26 3 28 30 5
26 11 8 15 26 23 6 8 25 13 22 2 25 26 26 9 9 16 18 8 19 29 27 13 12 20 8 2 6 8 30 9 5 13 16 20 17 27 17 2 23 15 14 20 16 11 2 27 23 16 21 27 12 5 25 0 16 0 6 19 23 9 20 2 21 2 3 14 22 2 8 17 27 23 2 9 7 4 18 11 15 4 23 21 18 24 14 1 10 27 11 12 24 4
8 21 17 27 9 6 5 20 13 18 10 23 18 22 3 10 6 19 16 8 16 7 26 17 6 9 0 2 21 19 1 16 18 14 6 14 14 23 24 24 26 21 19 1 7 2 2 29 14 2 2 9 27 7 30 5 25 0 15 23 19 1 8 11 8 23 16 1 14 23 8 14 4 12 13 19 23 11 22 19 30 29 22 24 24 15 6 21 24 14 6 21 15 29
