97 97
18 2 12 27 4 4 19 29 7 17 29 14 8 7 19 18 11 17 29 3 0 13 15 3 3 8 17 0 18 28 30 10 3 3 17 26 6 23 13 11 28 7 16 7 23 27 6 6 25 28 14 8 9 5 12 16 11 9 24 6 0 13 3 5 20 21 30 6 20 1 19 12 6 20 25 15 15 3 12 10 15 17 30 11 6 19 11 24 5 24 8 7 3 11 29 28 13
3 12 18 21 26 12 24 10 12 14 19 17 7 8 17 18 3 14 7 1 27 2 21 20 21 27 16 28 8 7 8 11 30 22 2 15 26 19 29 0 23 6 18 27 14 7 3 15 7 15 6 29 3 0 25 20 1 27 18 22 11 9 16 29 2 14 16 24 19 3 3 17 8 29 11 3 11 28 16 11 13 23 17 4 18 21 20 11 2 4 15 29 18 3 6 0 13
6 0 25 8 25 24 5 19 11 5 30 26 13 5 18 18 17 25 7 22 30 13 8 20 18 5 29 2 2 2 4 15 18 17 3 18 11 27 5 14 8 30 29 26 6 10 3 0 6 0 12 5 4 22 29 14 22 0 21 6 22 1 1 19 28 12 6 14 29 16 6 1 18 10 14 25 24 16 2 3 11 19 2 14 29 27 28 13 30 28 15 1 6 1 22 15 28
24 29 30 5 29 21 2 13 1 27 28 6 14 24 15 2 23 27 5 26 30 7 8 29 25 16 7 27 10 20 25 25 20 16 20 11 20 6 6 1 10 13 0 18 17 8 30 17 5 4 6 8 8 10 6 6 23 14 24 13 4 7 12 17 4 6 27 27 27 29 30 22 15 26 7 13 14 9 16 25 22 15 0 11 2 21 17 20 1 28 23 5 30 12 10 2 20
23 3 30 12 17 29 0 29 26 17 16 17 11 9 23 29 21 10 23 6 28 16 14 12 22 25 16 2 13 14 8 22 9 0 24 8 2 10 22 7 9 30 22 1 3 2 25 11 1 6 8 4 21 18 8 15 21 12 30 4 5 18 20 20 23 22 27 15 0 30 10 15 27 12 9 13 17 26 6 5 5 28 12 10 22 28 1 13 6 2 3 27 10 20 16 28 16
27 20 7 27 20 0 2 10 13 17 0 29 22 26 13 16 16 6 5 11 11 18 24 23 25 23 19 12 25 22 1 13 21 8 26 10 16 7 24 9 0 6 21 20 25 3 12 29 17 14 1 5 12 4 9 22 21 0 21 6 13 10 2 15 12 24 20 12 2 21 21 0 30 10 12 15 2 17 1 24 24 27 21 20 5 28 14 25 14 18 1 21 21 14 2 3 21
6 12 11 29 23 11 23 29 8 18 10 6 25 11 0 10 9 1 6 25 5 22 29 24 28 22 20 9 15 18 3 23 4 2 1 7 21 4 1 27 18 28 23 21 5 30 3 19 29 28 25 25 4 25 4 3 25 21 28 17 3 16 29 3 22 21 30 13 11 11 2 30 9 6 23 26 11 24 28 27 10 0 7 30 16 8 12 29 26 27 6 4 5 28 13 16 25
4 3 21 1 13 28 26 29 4 20 30 26 11 19 26 9 22 7 30 12 25 3 16 3 8 4 4 6 17 13 25 7 1 26 9 15 0 8 21 3 11 23 3 15 18 1 30 14 4 14 19 26 23 9 13 6 7 19 15 3 5 10 15 8 30 16 23 0 11 20 17 18 17 15 16 9 30 6 14 26 2 24 8 9 19 8 3 10 24 17 28 5 13 5 22 23 20
0 29 2 27 27 29 26 0 9 26 8 10 7 17 30 5 5 3 22 6 29 18 1 24 26 2 22 13 3 21 6 24 9 11 2 20 29 28 6 23 29 29 28 0 0 8 0 1 21 2 8 5 15 1 3 18 27 14 8 27 26 27 8 9 11 7 25 2 17 20 30 12 14 6 14 24 26 13 0 26 30 4 8 4 15 30 23 27 19 6 0 8 6 27 5 5 16
4 24 15 17 15 23 29 23 7 8 9 24 9 11 24 12 13 8 12 19 16 29 26 2 14 17 19 19 10 21 24 2 22 10 29 16 19 4 20 19 8 24 18 15 28 7 23 26 17 0 14 2 5 20 16 18 1 11 15 28 0 26 17 12 18 20 15 16 12 12 0 19 14 4 23 13 17 19 23 21 17 9 7 25 2 27 4 2 2 3 7 15 23 27 12 4 1
8 27 10 28 10 20 16 20 27 9 18 27 5 23 24 29 16 17 7 25 23 25 20 21 22 25 2 21 12 22 0 1 26 1 17 28 15 23 17 28 4 5 10 11 11 13 6 28 10 0 12 3 6 9 30 8 21 21 27 12 29 7 3 19 24 10 2 17 11 17 3 25 19 15 0 8 12 7 18 12 23 18 5 7 18 26 22 21 14 11 22 5 5 16 18 9 1
9 20 8 27 4 7 12 2 1 27 0 17 7 22 2 23 5 22 11 12 21 9 12 22 21 12 1 30 20 24 27 14 26 19 0 12 4 2 27 9 22 25 20 26 30 2 23 18 0 10 12 7 30 22 15 6 30 5 9 12 20 23 0 26 2 21 19 8 11 14 5 4 8 30 5 16 1 15 26 26 6 26 20 22 11 1 24 4 17 19 2 25 29 29 24 1 0
29 29 18 7 14 19 24 14 20 21 19 4 14 2 8 29 30 11 7 11 5 26 14 26 12 13 14 25 14 6 24 12 26 2 8 12 23 30 19 28 9 24 20 13 17 25 15 26 11 0 27 26 30 5 1 20 8 22 18 11 12 13 28 20 28 22 27 2 10 8 21 9 11 1 7 25 2 26 19 8 27 17 3 3 29 0 14 10 6 15 23 1 1 28 18 5 29
23 28 2 26 6 28 23 5 23 6 28 27 21 20 18 26 29 0 21 23 26 10 9 20 22 17 2 24 1 22 2 19 25 24 21 22 0 4 22 9 19 26 15 13 18 6 28 12 3 7 27 2 28 26 4 2 11 11 9 14 15 26 18 4 26 19 26 25 18 10 25 7 20 14 16 20 0 13 5 20 19 12 24 29 2 5 20 3 0 18 28 10 16 24 8 27 30
16 12 7 16 5 11 1 18 26 26 26 26 8 8 19 18 22 17 22 3 21 27 28 30 13 9 3 1 2 28 16 9 25 11 16 16 26 13 16 25 24 12 22 16 21 16 10 4 4 2 25 24 16 21 5 1 26 20 3 11 15 23 27 18 16 19 1 13 28 30 13 19 28 29 30 2 2 22 23 12 1 1 13 3 21 24 15 15 12 14 29 6 8 28 16 17 25
28 7 5 1 2 18 22 18 28 3 11 16 8 26 25 14 30 17 30 7 19 11 30 8 16 8 8 22 13 14 8 0 14 27 9 24 24 25 5 23 5 1 7 2 2 26 11 12 22 0 10 28 6 7 30 8 12 27 21 6 13 26 25 5 27 20 14 24 30 0 5 10 28 25 29 20 8 0 1 16 28 10 18 28 4 8 23 29 28 27 7 29 10 24 10 8 24
30 0 7 1 5 30 24 2 19 9 1 3 11 19 0 27 28 22 12 5 10 2 19 27 23 10 8 22 29 1 27 5 25 2 13 1 15 10 22 4 13 28 30 3 20 1 17 28 18 6 10 7 12 7 0 24 23 26 3 29 4 8 13 20 6 0 2 28 21 20 25 28 17 15 5 24 0 3 23 4 23 8 28 1 6 5 2 0 21 26 16 24 25 3 6 6 23
30 6 3 15 9 26 4 3 11 15 18 6 18 12 29 12 23 0 11 13 6 3 5 30 17 27 15 19 14 23 30 3 25 17 9 29 12 3 16 13 29 23 25 25 26 30 21 28 29 19 5 12 30 4 17 5 23 25 28 28 26 30 1 17 16 16 22 28 4 7 6 5 5 17 14 19 10 23 21 30 21 29 16 4 8 28 21 10 18 17 24 14 19 22 24 12 27
19 2 3 1 22 7 19 26 9 9 20 21 7 6 11 14 5 11 6 17 10 1 1 28 28 10 14 14 24 19 28 15 21 21 7 8 1 25 22 15 8 24 16 4 2 9 18 24 9 9 28 14 25 22 27 7 13 16 17 16 2 12 0 29 6 21 29 10 28 20 12 13 16 16 0 13 9 0 6 3 9 27 4 1 17 15 5 2 29 29 3 22 22 25 27 8 20
15 3 6 26 0 13 27 21 21 2 16 4 9 2 8 9 25 14 24 26 26 19 14 11 13 15 0 18 7 5 28 21 10 20 30 18 2 14 10 5 4 2 12 10 20 7 19 16 15 11 25 24 1 23 9 16 4 27 19 17 9 27 1 5 28 0 29 3 26 24 27 23 28 8 25 14 16 27 7 19 15 28 9 16 20 17 1 28 1 14 23 16 18 12 16 22 17
4 3 24 22 14 1 22 12 25 19 4 12 7 5 29 29 25 7 22 17 21 5 9 29 18 29 29 26 21 9 4 8 29 26 1 7 21 12 3 17 27 15 4 18 19 27 2 5 27 25 21 2 3 17 0 1 8 12 27 1 15 20 8 12 23 22 24 30 29 22 5 25 6 13 12 2 9 0 0 27 23 29 23 0 20 19 13 9 0 10 22 1 7 4 27 9 3
15 22 3 1 21 4 5 8 15 1 20 1 24 21 12 10 16 3 24 1 8 1 5 14 11 16 24 20 25 9 1 30 21 1 21 29 18 3 19 5 0 5 26 20 13 18 7 27 21 10 25 2 1 22 28 11 12 8 0 30 6 26 30 13 19 6 28 29 24 4 30 27 11 11 1 10 9 18 15 26 25 9 4 27 5 22 11 16 26 6 11 8 26 8 22 16 5
6 9 10 0 13 0 22 15 19 25 21 8 6 11 27 26 5 0 6 28 5 28 7 20 17 19 5 22 11 30 28 8 28 16 16 8 28 6 26 9 7 8 30 30 16 13 15 3 18 3 26 16 29 24 12 30 23 13 29 29 20 26 23 30 17 6 25 10 12 14 9 22 22 13 13 18 30 30 11 26 19 4 16 13 23 3 5 20 3 26 28 8 0 26 12 28 16
26 29 8 12 10 28 4 0 28 24 14 16 1 6 5 14 9 24 27 15 22 6 15 23 23 14 16 14 4 14 12 15 0 13 0 8 14 20 7 6 11 23 21 0 9 18 14 28 14 8 15 0 7 20 23 7 19 14 13 23 5 30 8 9 9 14 28 0 0 22 15 11 10 19 20 8 3 4 1 16 27 0 8 13 6 30 9 3 21 27 30 16 22 17 5 23 14
28 3 16 27 21 27 25 14 29 17 8 21 22 22 13 26 5 0 9 10 20 4 7 7 27 20 1 12 3 27 27 10 8 8 12 1 17 29 5 9 9 2 20 11 7 7 18 24 4 15 22 30 24 19 8 16 14 21 14 23 15 24 28 0 4 22 0 3 1 28 15 21 1 8 16 16 26 12 22 8 7 22 10 4 11 23 4 24 30 14 22 20 17 17 23 26 17
10 10 14 27 1 9 11 1 27 19 24 23 2 9 8 14 28 10 5 5 8 16 7 23 28 25 12 28 1 7 12 25 23 4 3 3 14 11 2 24 4 17 17 12 19 9 4 13 15 14 23 2 16 3 6 28 4 24 16 0 9 26 30 4 17 7 10 21 1 24 14 23 2 9 16 11 5 3 26 20 1 25 28 29 1 11 25 0 13 11 6 17 2 23 10 13 21
21 22 7 13 23 0 24 11 4 22 17 0 25 28 10 23 0 5 28 14 20 9 4 20 1 9 0 2 17 25 22 25 16 15 29 4 15 22 13 27 30 27 3 19 27 5 13 26 16 2 19 0 19 4 2 20 7 11 14 3 25 9 3 28 22 26 28 28 5 14 13 16 10 3 15 10 1 24 17 6 1 7 29 14 20 20 3 16 4 19 27 15 22 6 21 4 8
3 13 4 9 3 16 27 2 30 5 6 7 7 26 25 13 2 20 0 2 16 17 3 8 15 27 6 23 5 1 14 21 1 4 8 9 5 0 18 5 28 3 26 26 15 14 7 23 18 1 3 15 21 1 19 26 2 6 30 10 12 0 3 28 23 9 1 14 9 27 24 25 24 1 11 6 23 25 17 14 6 17 22 6 0 7 8 12 15 9 10 4 29 0 24 14 16
26 18 16 26 22 3 6 2 9 28 14 29 4 8 26 10 17 20 19 10 1 27 17 9 25 8 2 8 30 17 19 12 19 4 4 21 15 9 15 13 4 0 4 5 13 9 2 30 15 6 25 14 20 16 3 30 7 14 1 16 19 2 8 5 28 27 4 22 14 13 25 13 18 27 27 28 18 12 4 11 17 19 12 11 11 27 23 4 20 29 26 21 29 2 23 11 23
4 10 18 19 18 29 27 26 29 19 6 3 28 6 4 8 5 12 16 3 14 8 26 13 30 2 2 24 4 13 20 27 1 9 27 0 9 21 3 15 6 3 3 25 17 15 5 24 18 28 17 19 22 8 6 7 12 6 9 22 0 17 20 10 12 4 24 18 20 28 11 12 15 25 4 26 9 7 28 16 13 8 2 4 15 6 21 24 27 9 27 30 12 30 9 24 0
11 3 28 0 14 22 18 3 19 24 27 24 25 1 1 4 1 15 28 21 1 25 20 13 21 3 12 26 16 10 5 17 1 3 24 13 17 3 11 13 1 26 27 16 3 4 6 4 10 20 24 22 17 19 1 7 21 29 9 19 13 27 11 15 13 5 24 21 24 25 19 3 25 0 12 6 12 27 8 6 7 28 15 4 9 13 19 7 22 30 7 28 24 4 5 11 25
20 0 4 0 5 11 20 19 2 1 1 22 19 26 6 24 17 12 23 23 14 7 1 22 1 17 9 0 14 27 7 7 26 24 18 2 4 3 26 2 11 5 15 27 23 2 20 15 10 9 21 1 28 2 30 12 3 6 11 25 4 1 15 18 27 23 19 27 22 28 28 11 0 16 23 4 8 1 30 13 21 20 13 5 20 5 29 26 15 3 17 1 26 29 10 18 0
7 19 26 19 0 22 4 2 26 17 11 7 17 27 4 11 1 13 18 10 22 11 25 25 1 18 3 2 23 1 24 19 2 6 28 14 7 18 10 12 22 6 6 16 28 10 12 12 27 17 19 0 22 20 9 26 19 12 11 13 5 15 10 24 3 3 11 11 22 27 27 2 5 12 22 4 30 26 30 0 7 28 17 14 21 16 10 10 23 0 3 27 1 23 18 4 2
21 4 19 6 29 23 24 30 16 25 9 3 29 10 14 13 7 30 14 20 7 20 24 16 5 10 24 22 23 10 2 3 14 12 26 23 7 29 10 23 21 9 19 30 2 19 19 6 28 23 8 4 21 25 8 21 16 17 15 13 11 6 0 3 26 9 5 29 15 17 16 24 24 26 8 20 12 14 20 8 2 7 28 9 13 15 23 10 8 26 23 18 9 8 18 20 9
27 27 17 1 10 4 7 10 3 25 17 15 12 5 27 0 14 10 10 30 30 12 11 1 21 13 23 20 5 1 21 3 6 13 28 24 22 16 0 25 8 21 23 8 26 17 1 22 4 11 16 10 20 3 2 2 8 0 11 9 25 17 24 29 5 4 18 28 6 23 10 15 25 0 10 0 6 11 13 1 12 5 4 3 13 17 20 9 20 22 28 7 10 15 3 25 16
23 17 8 9 21 28 20 29 24 6 3 5 5 10 19 10 17 19 13 16 8 7 16 5 13 18 18 16 14 4 15 6 14 30 3 6 12 28 3 5 7 21 15 4 16 12 27 24 29 22 21 0 5 25 30 26 30 13 9 15 0 1 20 2 7 23 19 3 0 9 7 25 23 11 20 21 27 2 0 4 11 8 30 5 18 22 22 4 23 24 10 28 18 19 28 9 2
11 2 26 8 12 28 14 2 24 26 11 21 27 15 26 13 12 7 10 6 24 13 20 24 22 13 22 14 1 20 1 10 20 5 1 5 16 3 24 11 1 23 19 18 9 19 11 30 20 21 15 15 3 25 19 13 28 21 22 16 12 10 0 1 26 30 17 9 25 19 29 11 4 1 27 5 3 28 29 3 9 3 4 5 13 13 19 0 28 24 6 28 18 26 5 16 16
30 30 28 4 6 11 15 10 19 24 7 1 23 9 15 1 2 23 3 26 25 13 7 10 15 14 0 6 22 12 16 20 6 23 22 8 1 4 24 12 21 30 7 27 4 9 19 29 30 19 5 19 7 21 13 10 11 3 2 29 11 7 1 6 30 5 10 30 9 25 2 28 9 4 15 15 9 16 28 26 24 27 30 6 1 22 21 5 0 6 17 14 19 2 10 6 9
1 30 9 4 12 9 15 19 13 19 29 17 27 27 28 7 14 14 5 14 4 9 18 26 25 17 3 17 6 28 24 2 11 4 5 3 18 11 14 3 7 3 22 0 30 10 9 10 9 6 25 30 14 7 22 20 11 0 22 12 30 20 22 19 17 14 25 12 17 23 26 5 27 25 9 11 23 4 29 16 17 11 24 29 18 15 2 24 0 3 9 20 3 13 19 17 5
18 19 24 7 5 4 3 19 7 2 5 24 30 4 6 25 20 11 13 25 14 25 30 9 17 12 21 21 3 9 26 10 14 15 2 25 6 12 24 11 24 21 18 19 11 14 22 4 28 5 16 8 6 8 4 14 30 7 28 28 5 9 12 30 16 26 11 19 16 13 7 22 10 12 16 16 0 27 20 26 26 24 2 30 21 0 24 2 0 17 29 13 20 24 21 11 13
22 27 29 27 15 10 7 8 0 19 27 9 13 3 11 23 19 27 6 15 30 9 26 20 30 14 29 18 29 4 9 25 29 13 23 19 2 1 27 4 2 6 12 10 10 10 12 25 26 2 0 25 30 22 16 13 1 24 20 19 25 9 20 28 19 26 30 3 29 13 0 4 21 20 25 16 15 22 2 29 23 13 19 24 11 2 4 21 5 7 21 8 7 22 2 28 30
7 20 16 1 1 17 4 15 30 19 20 11 30 23 12 21 24 27 8 3 9 8 16 2 7 30 24 14 4 9 8 5 29 7 8 6 4 15 22 19 24 2 14 22 27 0 0 4 22 24 4 2 24 16 7 14 19 15 21 13 22 24 20 11 8 12 4 2 9 25 25 28 15 26 13 23 17 27 2 6 7 17 13 19 26 4 19 9 28 25 11 15 18 9 18 5 24
20 30 8 18 18 18 11 4 26 14 9 26 4 12 9 0 28 13 26 25 23 6 13 10 2 27 9 10 14 13 17 18 24 29 0 18 14 30 2 18 11 8 26 25 26 2 0 3 29 17 13 21 24 19 30 20 3 20 25 13 12 26 22 4 3 30 25 19 5 9 26 20 0 27 5 13 22 2 29 18 24 5 9 23 29 15 30 4 27 8 20 25 23 11 18 10 21
6 13 24 1 1 20 24 0 21 0 16 25 0 20 15 11 28 7 27 1 25 27 6 8 28 14 28 12 2 10 20 14 0 23 15 13 3 7 4 10 12 18 25 10 28 26 23 27 17 22 10 18 13 17 11 12 24 26 9 26 0 26 26 28 28 20 15 15 6 12 27 1 25 15 5 20 13 18 20 18 7 7 10 23 21 9 27 17 21 5 10 16 1 6 7 12 0
0 4 22 19 30 20 3 23 16 21 18 5 17 26 3 24 28 19 17 2 10 11 7 0 19 13 1 23 1 27 5 22 27 2 6 25 14 28 15 18 1 1 16 12 16 10 7 27 16 4 13 5 21 21 2 0 17 6 16 0 6 24 30 15 1 26 12 23 23 22 9 30 7 22 21 0 2 28 1 30 5 13 29 28 14 27 29 23 14 24 21 15 8 23 6 26 21
27 0 22 26 5 9 19 3 18 17 0 30 26 20 17 23 12 27 7 1 5 18 8 29 12 13 19 16 25 6 10 0 6 6 15 4 3 26 26 14 29 16 19 6 21 22 20 22 28 11 7 8 5 30 17 30 21 4 23 17 29 21 23 13 12 17 16 15 27 24 13 18 18 13 28 29 18 2 1 4 15 28 13 28 26 3 18 2 30 24 13 20 19 26 18 1 26
28 15 26 26 24 2 7 27 11 0 12 18 23 29 25 8 1 2 13 14 17 10 8 24 14 5 20 0 10 16 5 4 6 28 9 26 17 29 3 6 27 2 8 9 11 28 6 22 21 12 10 0 25 23 17 12 24 30 7 20 2 5 7 23 9 25 20 29 8 17 12 18 24 13 20 19 11 18 29 9 2 14 10 30 12 25 5 15 9 1 29 2 23 26 22 26 1
16 14 13 5 27 18 10 9 18 11 21 28 21 29 5 25 23 21 14 29 4 24 29 5 21 28 25 5 16 28 8 27 15 3 10 8 15 21 16 29 17 26 4 9 30 6 9 20 10 0 22 21 3 1 18 17 18 25 24 14 13 11 6 0 21 22 26 5 28 16 4 6 14 26 2 2 24 15 3 30 11 8 2 15 16 29 6 1 29 21 21 2 28 10 22 26 28
25 9 1 20 28 2 11 5 21 25 24 23 10 11 15 29 27 18 25 22 27 1 8 30 2 16 28 23 7 25 18 9 23 16 21 23 19 29 9 21 21 5 4 28 19 5 16 0 2 3 16 26 4 21 27 14 28 25 6 27 20 18 3 20 3 10 11 19 2 18 4 14 10 29 23 0 17 3 13 25 30 22 8 2 15 12 9 17 4 7 24 17 21 8 29 24 1
26 17 18 7 28 1 9 17 9 1 9 16 24 12 30 1 17 9 6 7 24 21 10 24 12 12 25 30 23 22 28 5 23 18 11 28 24 2 28 9 2 14 20 16 23 27 27 2 0 19 28 26 22 27 5 12 4 14 27 14 28 25 17 0 30 10 12 1 30 25 13 0 21 4 1 13 0 18 6 18 1 7 24 5 16 30 28 16 9 8 2 3 30 26 26 2 9
0 5 25 10 7 28 5 18 9 22 27 3 24 12 17 17 20 17 24 8 18 19 13 10 7 8 24 22 20 27 5 14 3 9 8 9 24 13 1 22 2 7 17 12 12 17 28 19 15 20 4 23 10 13 3 26 12 27 8 22 8 18 10 13 6 30 21 1 10 6 20 21 10 22 5 8 24 29 12 15 16 24 10 23 14 7 26 13 16 19 20 1 11 1 3 29 10
13 2 7 30 11 8 25 20 6 5 28 2 7 18 11 3 24 13 24 5 22 3 17 19 17 22 18 8 26 15 4 24 11 1 16 25 11 21 19 3 16 15 22 19 6 2 5 22 14 29 20 0 21 12 7 19 24 28 6 9 30 27 8 22 11 11 4 11 25 16 2 29 17 19 16 0 20 10 28 18 25 23 14 5 7 11 23 15 28 13 21 20 14 13 4 26 20
6 24 0 16 4 9 10 14 26 20 16 21 5 5 16 7 22 30 26 9 2 15 17 6 2 10 14 3 29 26 16 21 16 16 11 10 14 16 21 14 1 27 21 11 8 27 18 8 24 25 21 16 20 15 5 23 5 25 5 9 15 25 8 23 5 27 9 12 13 21 13 5 7 24 29 27 24 8 2 3 0 10 23 14 27 15 2 7 30 19 18 20 19 13 26 17 18
30 16 0 30 4 7 30 14 6 13 24 24 29 7 2 21 14 22 27 13 4 22 27 30 13 20 25 27 15 14 15 18 9 0 15 6 10 9 22 4 23 28 25 1 14 0 14 20 2 18 16 16 28 27 25 28 27 26 21 1 13 0 14 22 21 15 17 8 19 18 4 30 20 25 28 27 16 16 14 28 26 6 17 2 13 29 3 20 8 30 19 0 17 7 29 29 7
17 8 19 17 12 9 22 12 2 22 7 10 4 11 22 25 2 27 30 14 17 4 23 30 24 13 19 19 1 6 24 6 30 1 2 11 7 27 16 4 28 10 6 16 29 13 15 29 19 30 4 17 13 18 9 10 25 12 23 28 6 2 15 6 22 13 10 27 3 17 3 1 14 9 17 28 13 27 20 20 27 25 2 8 20 30 5 5 29 30 21 26 3 4 24 14 5
5 11 8 16 21 9 13 24 28 15 15 1 8 16 25 14 5 15 0 29 13 18 5 20 29 24 7 5 23 3 2 7 25 7 3 7 22 3 21 2 18 17 12 15 7 10 24 21 4 19 18 0 17 18 30 16 0 29 9 1 26 22 18 10 29 2 22 0 27 0 30 25 0 30 8 26 3 5 12 3 10 17 6 13 13 8 3 21 12 18 29 12 8 18 15 24 4
12 20 23 28 3 4 25 5 23 24 4 12 17 4 7 2 0 12 10 25 12 25 28 0 6 6 25 8 26 8 8 28 12 21 23 28 18 2 28 8 11 6 29 5 20 0 28 26 10 15 26 19 24 11 21 26 16 3 10 22 25 25 18 3 8 14 16 21 30 17 12 19 6 30 1 5 18 28 21 26 17 21 25 26 27 9 24 2 1 1 8 4 27 2 12 5 23
3 27 28 25 8 21 1 7 26 22 1 0 30 8 15 10 14 14 26 16 25 11 2 15 28 14 25 19 8 17 30 6 16 11 8 16 19 27 2 11 27 19 16 25 26 28 6 16 5 27 18 15 29 2 24 30 12 18 28 19 21 25 29 10 20 14 25 18 28 10 29 14 10 11 14 9 7 18 7 13 12 18 17 24 23 16 17 10 3 4 5 27 19 19 19 2 8
9 28 17 28 9 22 5 5 21 26 22 20 29 0 14 11 29 11 24 1 1 7 17 16 21 19 22 30 11 19 9 0 6 16 11 16 5 3 3 26 22 10 23 14 17 22 27 18 14 20 20 0 8 28 15 30 16 4 25 27 30 8 28 18 0 4 17 23 27 10 14 26 24 21 3 20 26 0 16 6 12 11 4 15 16 4 17 7 26 29 19 26 20 21 18 11 14
6 12 24 5 1 14 24 26 6 19 5 30 26 4 13 13 30 6 8 30 15 27 2 2 30 8 4 30 14 16 10 16 6 18 7 1 20 4 9 30 2 20 23 2 18 17 2 4 23 11 9 6 11 30 9 1 25 13 16 26 9 1 25 2 1 25 16 19 10 4 19 21 7 7 20 11 27 19 0 2 11 14 0 14 16 14 12 28 19 21 10 13 25 26 30 0 30
25 11 21 2 23 16 20 12 29 26 26 6 23 12 24 26 9 20 1 0 24 1 11 25 21 3 7 27 30 4 12 11 1 22 4 2 2 9 22 3 26 26 7 5 10 8 2 15 18 23 11 25 8 3 4 18 19 10 6 22 16 27 2 23 8 7 27 1 3 10 4 1 15 0 19 3 11 13 8 27 4 6 27 16 1 17 12 27 17 12 0 8 17 8 3 25 0
0 3 6 25 2 30 23 15 23 22 4 18 23 9 3 1 15 9 14 5 1 27 11 1 1 19 29 4 8 10 15 19 11 26 27 16 8 19 6 25 14 14 19 20 27 15 5 28 10 4 3 24 17 28 28 11 4 22 10 24 1 15 16 10 17 30 27 20 26 29 24 5 1 20 6 29 29 7 2 18 28 16 12 20 24 25 23 29 8 7 5 26 16 27 5 20 23
13 23 27 4 24 29 10 30 9 26 17 0 22 30 4 4 28 14 21 14 3 0 0 10 23 27 1 8 4 26 23 14 20 5 28 4 18 5 28 30 22 13 0 22 5 3 4 16 13 2 2 23 3 20 26 8 6 12 15 2 5 1 23 30 24 2 25 1 11 11 26 28 26 29 12 10 17 27 15 15 29 15 30 29 4 29 2 26 0 3 20 14 17 28 16 6 15
0 14 30 0 5 21 17 4 26 3 6 20 28 8 11 5 5 8 3 10 24 22 29 22 30 8 15 22 22 8 4 16 2 20 9 4 11 9 18 15 18 27 0 18 10 16 15 11 21 0 26 5 23 16 28 25 30 17 26 17 16 21 19 0 7 28 30 11 0 28 23 11 16 24 19 23 13 30 18 29 10 9 0 25 5 13 29 22 29 19 16 13 21 1 10 0 4
16 14 22 2 6 4 17 30 22 3 22 22 22 3 25 24 24 6 24 19 7 20 30 2 25 6 24 22 17 20 29 17 4 30 1 19 18 28 28 20 20 23 19 8 8 17 29 20 25 20 30 7 14 16 2 7 10 21 6 11 24 27 12 20 6 25 16 8 6 19 0 0 5 6 30 21 30 1 28 2 18 24 27 1 29 5 21 7 5 18 15 10 24 30 21 1 21
7 25 19 23 16 30 27 7 10 11 27 28 15 4 14 13 17 12 0 0 19 3 0 3 27 22 0 15 30 27 17 9 9 30 0 25 7 21 12 15 18 10 1 11 16 25 12 23 11 3 20 27 16 15 30 28 7 9 1 15 15 30 21 1 6 20 16 30 1 0 0 19 24 15 7 9 3 3 3 23 6 16 29 6 1 1 16 2 21 7 28 20 2 14 22 28 20
13 0 9 9 23 15 3 26 27 1 19 29 19 24 24 6 24 16 11 9 27 30 1 15 26 27 19 20 5 22 14 25 5 12 1 18 19 30 1 16 18 19 25 4 2 1 27 8 23 26 16 21 1 19 6 29 28 12 6 19 28 16 6 0 7 8 25 3 7 17 21 25 2 24 30 27 22 9 3 9 27 14 15 0 6 7 25 8 6 13 11 10 26 15 11 3 19
8 22 16 12 18 2 6 19 27 13 28 27 24 21 3 11 5 1 0 28 2 6 22 18 10 28 9 30 26 30 5 0 2 26 6 27 17 18 2 16 12 3 24 2 4 10 18 0 0 5 20 27 23 29 16 10 22 16 5 20 30 24 5 0 13 4 7 15 19 13 8 13 18 21 30 18 16 16 20 25 8 8 5 11 30 0 0 8 24 10 29 9 27 8 18 17 27
18 13 9 8 24 18 5 5 4 16 25 24 28 16 30 20 26 23 8 0 26 7 25 12 16 29 17 22 30 19 7 16 22 13 15 29 10 16 5 9 12 27 29 19 21 17 2 7 13 26 28 28 27 14 12 2 29 2 5 14 16 6 3 13 29 23 20 6 4 2 6 28 21 17 8 26 9 15 3 27 26 22 30 18 8 6 2 4 29 30 0 17 1 14 22 30 10
29 2 12 28 19 4 12 19 20 21 14 25 28 12 0 9 9 0 17 24 15 22 1 9 11 15 26 17 8 17 7 3 11 13 30 20 2 29 22 25 27 30 13 0 25 0 4 0 27 30 29 11 18 7 28 7 5 0 25 18 13 12 19 20 25 15 18 5 5 18 1 4 14 14 1 22 17 29 18 10 3 15 3 30 3 9 1 5 13 30 13 17 21 25 19 1 6
5 28 23 15 24 13 28 9 2 17 26 23 25 23 24 24 19 5 15 27 28 23 28 22 8 12 3 25 30 13 3 27 3 20 28 7 19 19 7 12 20 6 20 24 5 2 10 12 17 2 23 29 8 17 12 16 19 5 23 4 6 24 21 27 12 9 13 29 6 27 13 17 7 27 11 0 10 8 23 24 22 20 20 23 5 20 0 29 6 1 8 6 18 28 8 0 14
22 30 27 16 16 1 0 29 14 3 28 0 19 20 12 28 0 7 9 13 2 23 17 5 22 5 14 19 30 29 13 23 7 8 21 12 6 1 26 24 27 12 16 8 22 18 13 4 21 24 5 21 8 1 4 25 14 21 4 8 4 15 2 16 14 7 21 15 24 4 21 17 26 21 24 3 9 9 0 12 7 6 18 5 15 21 25 4 2 24 1 30 16 20 6 16 5
29 11 9 4 27 28 23 27 12 10 9 5 22 8 10 3 14 12 1 30 29 20 24 30 10 4 0 2 7 7 17 16 8 0 8 27 25 13 27 29 5 0 6 0 15 1 2 22 6 18 21 11 1 21 5 24 8 15 16 30 5 17 29 21 16 30 4 30 18 1 24 0 4 15 12 7 20 12 14 2 27 24 3 22 23 8 22 23 1 29 17 22 11 12 8 24 15
23 14 5 4 22 21 1 27 19 20 11 20 19 8 12 1 6 5 18 14 10 13 8 7 24 5 4 6 14 30 20 17 18 0 12 30 12 26 23 10 26 4 6 18 22 7 8 15 20 9 24 26 8 4 14 13 16 29 4 26 19 27 14 9 9 16 7 13 9 4 10 15 22 19 23 17 29 8 19 27 11 13 23 22 13 26 22 15 15 8 23 17 23 12 25 6 15
1 8 29 29 13 26 22 3 16 19 4 26 25 15 11 13 6 18 10 23 5 16 18 16 29 3 10 19 21 26 15 15 15 15 6 15 3 27 5 28 11 18 19 29 1 8 13 15 13 20 19 12 2 15 1 26 7 20 3 5 14 15 18 28 20 27 11 5 9 16 1 5 24 7 5 21 10 21 4 3 7 2 30 7 11 26 12 2 25 15 23 6 15 19 10 24 12
22 16 14 0 6 21 24 24 10 26 4 14 29 24 10 8 27 22 26 11 10 4 25 1 0 6 26 30 6 11 20 21 16 3 8 29 15 24 17 16 7 3 23 6 14 16 16 1 2 30 16 28 4 26 29 15 15 22 29 3 30 30 16 21 28 28 22 5 16 27 25 22 22 21 0 6 2 26 18 21 24 2 4 14 17 17 22 25 21 20 8 21 9 3 4 20 6
22 26 24 4 2 22 16 24 6 1 11 4 3 15 7 18 13 23 17 22 30 12 0 27 19 16 14 14 3 11 21 10 19 11 30 19 18 14 22 22 20 9 26 30 22 9 18 1 20 6 26 12 28 19 29 16 27 23 2 28 22 22 22 6 13 21 17 12 9 7 7 14 5 27 6 27 21 23 10 22 16 29 9 27 17 27 16 29 3 22 27 9 13 1 29 29 26
23 0 27 27 23 17 18 23 21 4 23 5 6 24 2 6 4 9 4 16 22 8 4 26 2 0 2 15 19 1 23 5 1 4 4 4 14 17 16 13 12 18 10 13 12 30 21 16 0 29 22 30 10 13 26 15 28 11 0 18 11 1 21 4 16 29 16 25 0 18 19 13 25 19 8 9 13 17 23 21 24 23 8 4 27 5 5 20 13 29 20 13 5 22 15 29 23
18 10 14 27 1 25 5 25 15 23 3 1 20 15 5 25 18 20 25 17 6 2 19 20 12 15 21 18 19 19 25 5 27 2 5 24 2 15 2 25 4 11 8 0 9 4 7 18 20 16 5 20 27 5 14 26 16 1 29 8 0 16 26 16 1 10 27 15 22 23 11 21 1 28 22 24 0 9 22 23 11 2 26 4 23 2 17 23 1 9 2 0 16 17 2 19 17
28 5 27 0 18 26 26 20 0 15 2 9 27 15 29 3 28 30 26 5 20 12 4 21 0 6 11 25 0 7 24 14 23 2 8 24 29 12 27 12 9 21 14 1 13 5 16 3 20 9 10 30 12 0 12 2 3 23 25 29 22 19 14 25 21 2 3 24 24 23 3 15 5 13 26 21 4 9 12 20 1 8 20 2 2 13 3 29 8 8 26 3 26 19 9 2 19
30 0 26 25 11 5 12 25 3 26 28 8 25 7 2 27 29 21 9 4 28 19 14 5 4 17 0 15 0 4 19 1 20 7 24 12 16 1 30 3 2 0 2 24 27 25 18 17 23 30 19 3 20 4 8 23 9 1 18 14 4 1 24 17 12 18 8 1 0 27 11 19 24 1 30 21 21 17 8 4 10 20 2 27 20 8 25 18 29 22 11 30 3 28 29 13 1
21 7 6 2 3 15 12 1 22 14 7 16 28 14 11 23 6 26 27 21 20 24 6 17 18 19 28 1 14 13 16 4 18 3 30 11 13 19 18 28 18 25 17 1 29 9 2 27 29 24 12 2 15 6 1 3 28 13 24 0 26 13 10 30 16 4 27 3 25 4 21 27 21 4 6 7 22 2 3 28 23 22 28 3 28 16 23 8 21 10 2 9 27 10 3 17 26
8 29 26 19 7 1 27 11 21 3 19 19 21 17 4 13 26 3 6 27 20 25 10 3 6 4 16 10 12 13 25 23 4 22 14 15 7 1 25 1 12 8 15 25 30 12 7 29 12 23 3 28 9 10 15 11 13 5 23 12 3 18 10 17 12 4 17 0 14 19 1 2 22 0 24 18 22 12 15 16 1 18 6 29 10 6 29 15 3 16 24 16 7 22 11 23 20
16 5 0 28 11 21 20 7 22 1 4 4 9 4 1 24 7 16 11 17 23 23 14 15 7 6 24 21 15 8 7 9 13 16 7 15 1 7 15 25 23 29 10 27 12 13 9 30 26 12 11 1 11 14 6 0 18 10 11 26 20 16 22 7 11 23 6 13 1 27 4 30 5 30 11 15 9 13 11 2 10 15 30 14 2 30 11 10 21 28 3 25 29 12 2 23 28
18 2 22 27 6 4 17 2 24 12 22 19 16 23 11 14 24 4 22 17 16 21 16 14 26 8 6 25 10 27 17 13 23 26 16 2 27 27 29 25 0 12 28 22 19 4 13 20 12 16 26 26 27 12 2 4 26 24 18 25 26 2 2 22 18 11 10 13 10 24 4 0 26 8 3 6 0 19 22 24 19 24 18 27 10 12 4 6 21 3 4 12 15 4 16 28 5
14 15 19 5 15 12 16 23 3 2 16 13 10 19 8 16 27 3 29 1 29 14 25 15 22 28 0 3 1 30 17 27 15 28 27 5 27 26 17 0 2 17 18 15 18 24 9 10 4 27 29 23 15 2 3 10 18 26 25 18 27 22 3 1 29 24 5 9 11 22 27 14 26 20 22 20 10 0 8 21 24 17 0 22 23 17 11 24 1 9 6 9 21 27 29 10 8
16 17 1 15 5 4 17 12 9 26 20 13 24 12 0 26 17 4 21 20 9 15 15 16 2 1 18 25 21 22 7 6 27 5 21 25 14 30 5 9 0 24 1 7 9 16 30 18 24 9 27 9 5 6 3 15 7 14 22 11 17 18 21 12 13 8 18 29 23 7 9 30 5 16 2 8 24 27 4 22 23 24 9 9 3 12 3 17 30 19 9 17 24 19 20 26 12
9 26 16 18 21 2 15 22 7 28 29 29 21 1 4 18 22 20 6 18 23 1 17 4 16 27 29 16 8 2 23 15 28 3 19 27 1 1 22 25 28 24 26 24 7 22 17 30 30 23 3 13 23 30 28 24 21 23 17 6 30 5 23 3 24 30 1 28 22 6 14 24 19 14 23 26 2 19 5 23 9 1 15 27 1 4 8 27 6 29 23 8 3 28 2 19 30
28 19 17 11 11 16 28 19 4 25 10 19 0 24 12 20 12 14 27 3 11 30 21 14 30 26 13 3 5 28 4 6 19 12 13 25 9 30 25 26 26 26 2 4 14 29 30 13 19 3 23 15 30 20 16 21 10 1 1 12 19 17 29 17 6 27 9 10 5 22 0 10 3 8 16 4 15 2 8 20 19 30 6 21 5 27 13 26 8 15 8 3 0 15 12 29 9
7 1 5 20 25 17 17 21 27 10 15 26 1 27 16 9 8 18 10 1 0 0 23 6 24 16 8 13 25 1 21 23 21 22 10 20 25 7 6 9 28 29 6 17 16 8 12 4 15 24 12 3 22 14 28 27 7 6 0 27 9 0 18 30 23 8 4 3 19 2 10 27 25 5 24 14 23 10 18 6 12 17 26 2 27 14 30 4 25 7 30 10 18 21 18 22 14
5 6 28 25 14 6 7 29 24 7 22 19 1 27 0 6 25 25 20 2 12 11 16 16 29 6 15 21 12 16 1 28 1 24 29 6 10 21 17 20 21 16 13 12 11 20 15 22 5 7 24 25 7 28 10 17 14 22 7 12 19 17 11 5 0 8 4 12 5 15 9 0 22 12 4 28 2 10 20 6 18 24 15 2 25 6 0 6 16 3 2 10 27 13 7 30 13
8 3 12 6 7 16 14 1 16 0 19 11 25 3 12 8 30 3 0 19 1 11 12 25 27 2 11 20 9 13 19 17 22 5 24 25 20 9 2 5 12 30 11 20 12 23 16 9 5 13 29 12 15 24 27 4 30 18 24 29 14 3 3 17 0 29 4 15 23 6 12 30 18 20 19 3 24 4 17 21 9 1 13 20 3 26 30 27 12 3 17 22 9 3 30 19 21
4 12 28 7 5 17 3 27 20 19 15 4 13 18 5 15 10 23 15 4 8 23 15 13 8 14 25 19 7 20 5 5 29 7 7 0 29 13 12 13 12 3 12 17 15 13 8 7 25 19 21 14 23 10 29 25 1 4 15 25 0 21 4 21 3 3 0 13 26 22 7 10 16 5 26 4 13 2 23 9 8 9 4 8 29 25 27 9 28 11 29 12 27 12 16 10 25
28 8 16 19 17 16 18 9 24 18 9 29 13 6 22 11 12 8 9 20 21 21 4 24 19 28 30 27 17 17 28 30 18 29 6 28 3 17 17 16 13 5 14 30 24 6 2 14 8 19 25 20 12 22 12 17 29 29 10 13 27 3 0 6 2 6 17 0 15 25 28 26 6 9 1 29 0 4 14 0 24 30 19 3 3 30 11 30 10 1 25 2 24 8 20 14 7
29 3 3 15 4 10 4 10 0 15 17 14 15 20 30 2 20 18 24 28 14 11 20 7 22 17 5 14 24 29 12 29 16 3 21 10 29 19 14 21 28 30 23 9 29 6 19 26 15 22 14 1 14 18 21 14 17 19 7 24 4 4 6 5 20 27 15 30 11 4 13 12 20 30 8 2 23 20 7 17 20 13 5 11 28 22 20 26 29 9 11 15 25 22 22 2 8
15 29 13 12 9 1 3 30 10 30 16 5 17 16 6 13 14 27 6 16 9 14 24 30 21 15 24 30 17 12 7 18 7 19 1 1 6 7 13 29 5 25 12 3 28 3 1 6 4 14 24 20 18 29 20 14 10 2 12 13 27 2 7 13 23 25 27 17 30 0 25 12 14 12 28 29 18 16 20 16 21 0 30 30 0 29 9 16 28 14 20 26 3 17 13 29 11
10 21 26 6 30 28 25 9 28 27 11 0 17 25 30 11 1 11 15 2 15 10 12 28 24 30 10 25 18 3 27 8 8 11 0 15 12 2 22 14 16 5 21 3 15 24 13 13 13 19 16 9 10 29 7 3 6 30 2 21 17 2 13 22 18 5 11 14 30 1 2 16 0 17 25 12 8 24 8 8 13 29 0 17 18 23 6 18 14 4 0 1 29 12 12 22 22
