99 99
15 1 1 13 14 21 5 5 20 17 7 0 2 2 29 16 4 18 15 3 28 8 11 25 14 28 19 12 11 0 15 23 13 10 16 12 8 24 24 4 8 13 22 1 12 28 12 28 16 17 29 4 2 16 24 0 16 12 9 18 2 30 23 27 17 14 8 21 26 13 6 27 3 17 15 18 21 7 10 13 23 10 17 29 26 15 13 0 28 28 24 11 29 17 16 1 11 16 12
14 13 29 26 23 18 4 26 10 14 7 9 5 30 12 21 25 30 14 1 20 30 12 16 20 0 17 22 16 3 23 0 1 11 15 5 22 26 24 29 1 1 20 29 5 17 17 0 9 11 11 4 9 0 10 25 0 18 9 25 29 30 16 0 20 27 26 18 28 24 21 1 12 30 19 10 4 30 15 12 7 28 9 7 2 22 17 14 7 28 21 29 29 11 1 19 4 19 18
26 5 17 19 12 24 24 0 28 29 21 23 18 12 28 17 10 0 10 21 22 17 3 15 18 29 24 7 10 7 16 26 29 25 22 13 22 19 14 23 17 18 4 1 2 30 12 8 9 0 25 27 1 0 11 6 27 13 28 3 18 25 22 29 12 11 9 8 26 27 12 16 13 22 30 22 23 10 11 27 7 13 15 1 28 5 13 24 2 18 24 3 1 8 14 20 27 23 1
25 22 20 13 14 8 13 30 1 22 15 28 21 11 7 21 7 26 11 2 1 26 4 11 9 21 14 14 9 23 15 0 8 5 10 4 17 29 11 24 20 13 22 30 28 1 2 18 21 10 15 11 12 11 17 28 2 7 3 17 2 16 15 5 25 27 14 6 0 2 1 7 26 29 12 29 19 7 5 0 18 18 10 5 9 8 14 28 20 9 15 20 13 2 24 16 10 5 26
12 15 8 28 23 1 0 16 6 15 20 10 0 4 28 12 24 23 9 3 16 29 18 29 11 25 20 17 2 8 25 27 30 2 11 11 18 2 27 26 22 16 18 17 22 23 3 6 16 0 5 8 26 26 2 19 21 27 11 27 26 6 16 14 25 26 12 1 9 19 14 22 4 7 5 16 30 8 15 12 29 3 0 23 2 14 12 26 8 12 14 24 12 7 26 3 27 14 6
25 23 16 23 16 25 16 8 13 3 21 10 26 6 12 23 5 14 5 28 8 17 22 0 2 28 17 26 5 13 6 29 17 3 30 10 22 6 17 6 28 26 12 24 20 11 29 21 12 27 20 4 1 6 26 12 15 5 1 19 6 23 23 27 9 21 24 4 12 4 16 29 3 9 27 3 11 8 16 17 22 4 13 3 21 13 29 22 26 0 7 11 12 5 7 5 22 2 14
19 22 11 23 16 1 21 4 22 12 25 6 17 24 14 29 23 15 21 7 24 1 24 25 15 0 19 20 28 19 15 28 29 22 5 27 14 17 29 1 18 26 14 0 6 25 29 17 6 25 3 27 15 8 16 9 5 20 23 29 2 14 3 1 7 14 7 4 13 10 25 7 6 13 13 10 14 24 6 1 7 25 3 12 4 29 8 11 12 6 24 14 2 27 14 25 16 17 8
22 25 27 3 16 10 10 30 11 11 15 5 8 20 30 2 18 7 24 21 15 8 14 7 8 9 17 1 4 13 2 9 0 11 0 1 3 17 1 8 0 26 23 1 6 21 18 15 2 13 7 23 16 2 25 21 20 30 15 5 18 25 19 20 20 1 28 30 11 0 12 0 23 1 11 13 24 13 11 17 16 0 1 30 13 19 6 12 3 14 25 13 15 23 17 29 6 12 4
30 10 20 1 11 16 19 11 0 23 21 24 25 26 30 30 25 9 10 29 20 12 23 9 2 13 8 27 17 8 17 11 9 14 3 0 7 10 24 17 2 2 3 13 28 28 16 23 28 1 19 15 25 24 23 7 29 11 25 10 22 12 15 13 18 5 11 6 4 21 23 14 27 0 15 29 3 1 12 28 21 1 7 4 12 9 17 4 9 1 27 16 15 24 2 9 2 15 17
15 14 30 15 15 24 11 3 19 17 25 8 4 11 3 28 8 9 29 5 1 13 10 14 13 30 26 21 10 8 9 14 3 6 14 18 1 14 5 13 10 29 23 14 20 24 29 22 21 26 6 3 7 0 14 30 15 15 2 8 19 30 19 18 3 17 1 1 14 2 10 9 21 28 30 4 13 11 23 19 6 27 15 24 12 18 14 23 9 19 13 10 8 26 6 26 27 10 0
4 6 7 13 26 0 8 23 28 28 8 7 24 0 13 28 21 24 25 6 18 16 14 21 5 26 6 26 1 0 14 27 19 17 3 7 22 25 29 17 10 6 21 2 18 6 18 19 1 30 28 12 0 23 2 22 30 16 25 9 11 19 10 2 7 10 13 12 30 1 13 0 8 7 9 3 27 2 24 30 27 16 25 25 14 7 11 5 15 15 26 22 4 8 17 24 25 28 9
16 2 28 3 13 18 4 29 8 21 17 12 2 4 20 30 29 2 20 7 10 16 19 29 4 21 8 6 11 19 6 15 21 8 11 10 12 24 25 13 25 12 13 22 14 12 17 9 4 16 27 23 5 21 25 12 2 10 5 27 29 5 2 21 7 0 17 22 20 12 21 27 4 1 23 19 25 13 4 26 21 10 18 5 3 23 24 28 10 0 29 1 21 1 15 28 14 9 23
22 29 8 12 12 22 10 5 24 30 14 17 24 29 3 1 27 1 24 12 10 1 0 11 21 24 24 11 0 29 28 18 4 13 5 25 10 28 26 5 19 8 8 28 6 29 24 22 20 1 3 0 4 16 5 6 1 19 13 28 28 4 10 17 28 11 8 12 23 4 19 16 14 27 18 1 30 2 0 17 0 3 11 22 13 21 24 14 3 14 16 24 25 11 8 9 2 14 18
23 27 8 7 13 20 14 13 25 16 24 6 28 30 28 15 5 26 21 7 22 2 15 20 11 16 11 6 17 14 23 18 29 19 9 19 8 24 1 24 29 3 22 22 12 24 1 7 6 23 9 7 1 24 14 20 20 12 11 29 2 28 0 7 1 15 21 1 19 24 21 12 14 20 22 19 21 27 20 30 16 15 6 7 5 24 26 17 19 0 12 28 9 21 9 28 25 5 20
17 10 12 5 13 21 24 7 7 5 11 19 10 6 29 0 28 24 12 4 1 7 18 23 11 20 8 14 6 22 20 5 17 3 7 25 5 9 0 30 8 6 23 3 19 20 7 15 13 30 4 23 9 2 1 23 5 17 14 7 11 22 10 26 1 5 17 3 24 7 14 5 8 7 10 21 15 5 11 20 20 28 25 13 14 16 18 16 12 22 11 9 10 20 24 14 2 9 13
17 20 3 2 11 29 14 14 19 8 17 21 3 18 19 28 5 14 30 3 11 4 30 14 11 20 20 14 10 24 24 30 13 5 4 23 28 29 18 28 16 21 0 7 6 12 25 23 30 20 20 11 23 24 9 25 26 20 24 11 9 10 10 11 0 25 24 23 23 29 7 11 25 28 5 9 12 23 15 9 16 20 27 15 29 3 17 0 25 26 12 17 16 22 16 15 11 30 9
16 15 22 3 8 13 13 22 13 19 8 9 8 1 29 17 12 25 0 23 24 16 14 27 18 8 17 2 17 7 15 16 12 25 1 10 0 16 10 27 12 21 17 24 30 18 1 4 29 18 22 15 28 3 23 8 17 22 30 16 24 13 9 2 30 26 27 22 29 28 14 14 13 17 9 16 28 20 23 0 20 29 26 23 22 12 6 3 19 3 9 11 2 27 10 29 3 1 9
18 22 6 25 21 30 12 10 21 22 29 20 29 3 13 16 19 22 30 16 22 7 15 12 28 11 8 1 6 23 24 14 4 22 21 12 17 22 22 27 29 18 20 6 8 21 27 26 15 28 2 23 14 28 19 23 17 6 25 11 29 20 26 24 25 28 0 27 29 23 0 14 15 14 11 4 11 26 19 19 5 28 21 4 19 9 6 18 25 28 11 20 30 17 15 27 12 28 8
21 9 24 25 11 21 18 22 13 6 28 6 27 16 22 19 26 13 16 18 6 4 22 0 6 18 17 16 24 5 30 4 21 19 14 26 21 28 18 12 9 0 16 6 19 8 3 4 6 9 6 5 12 22 10 1 22 27 17 11 15 17 5 3 25 5 30 18 23 24 10 8 12 22 2 3 9 11 20 21 14 24 0 16 20 24 10 11 18 10 28 16 17 21 0 6 10 7 23
26 9 27 16 11 2 12 6 27 8 14 11 9 24 10 24 10 9 5 12 28 4 10 8 16 30 5 10 25 6 30 20 11 28 2 23 3 19 12 7 16 13 19 15 22 26 8 12 9 14 20 3 20 5 28 5 12 0 27 6 3 29 28 7 7 28 28 20 28 4 14 13 17 15 7 18 26 2 4 10 11 1 11 28 2 18 19 12 24 15 5 22 7 11 11 12 10 25 6
15 10 26 12 5 22 11 22 16 13 18 1 10 25 0 2 25 11 28 18 9 25 6 19 9 6 20 22 1 21 21 20 14 18 21 12 8 24 7 11 9 28 10 30 8 7 16 0 14 13 4 2 20 30 6 4 5 8 25 3 20 18 0 16 20 2 25 26 26 23 5 1 26 24 14 22 27 13 10 3 8 8 7 11 14 2 10 26 12 25 6 3 27 26 5 4 1 29 13
21 30 7 16 20 24 26 10 21 6 7 0 0 8 16 18 17 9 4 24 3 4 3 25 11 4 9 23 7 5 10 13 27 8 16 15 10 7 30 11 26 6 12 20 13 21 26 16 26 15 8 29 25 13 21 3 2 16 18 22 25 5 24 4 5 20 17 1 18 18 9 15 8 30 12 23 5 24 23 9 27 8 12 24 23 22 25 16 19 17 27 22 20 26 20 20 30 27 5
22 22 5 0 9 9 29 8 5 19 5 18 28 2 13 26 22 17 2 26 15 20 18 4 23 11 14 12 30 12 22 20 0 19 15 14 7 0 21 13 26 10 30 16 11 14 12 19 6 24 13 17 0 11 4 5 5 28 23 14 27 18 28 16 0 1 24 27 10 12 20 21 25 18 27 20 23 20 21 17 21 1 27 15 12 26 15 14 9 27 0 28 30 23 24 20 20 4 23
12 22 28 29 14 15 27 14 29 6 25 19 9 10 2 27 15 25 21 2 4 10 3 8 5 24 29 1 20 1 0 27 20 0 8 12 7 10 0 14 19 7 27 7 15 13 27 8 23 0 9 9 7 6 9 29 0 10 14 25 18 24 16 13 22 1 29 12 6 30 13 24 1 22 15 8 3 11 25 21 16 7 13 24 14 15 4 25 30 3 12 21 26 6 18 8 5 7 5
0 12 16 22 30 15 12 18 24 25 28 23 12 1 30 17 27 1 23 28 14 15 24 21 9 10 27 3 6 22 7 28 17 24 10 13 12 2 26 9 14 25 30 26 29 0 6 26 19 4 6 15 3 17 29 23 12 29 2 10 7 7 6 13 2 18 8 19 25 3 0 21 22 10 2 26 4 1 24 22 11 29 16 7 14 19 25 13 18 5 9 19 12 12 18 11 0 15 21
27 22 1 7 14 6 13 9 18 13 24 10 4 24 15 19 11 10 24 10 29 2 22 6 20 26 11 19 16 10 21 27 23 22 20 27 21 2 16 16 0 7 18 9 18 15 0 3 11 22 22 1 28 19 19 30 1 5 21 16 30 20 27 10 16 15 7 9 11 0 0 7 0 21 22 25 13 22 13 7 19 20 9 15 22 5 25 17 10 30 12 5 28 12 24 24 17 23 2
8 27 18 7 4 1 6 7 29 12 20 9 29 6 26 12 1 5 24 11 24 13 30 1 18 20 12 5 27 15 3 19 18 3 8 7 25 24 5 3 12 7 8 24 13 22 12 12 20 20 19 25 15 27 7 15 8 7 5 27 23 15 3 26 29 4 7 9 11 30 28 17 0 28 25 14 15 24 0 7 14 18 0 24 3 0 1 22 10 22 17 8 15 27 8 27 20 3 3
24 18 25 1 26 9 26 20 19 20 15 18 6 4 24 22 5 6 4 2 19 26 7 3 20 16 30 25 1 12 24 6 25 27 10 0 8 1 9 12 28 28 5 19 26 6 18 8 26 29 15 25 22 14 13 25 2 19 23 11 25 11 11 15 12 22 27 7 16 25 5 7 30 3 10 20 0 26 13 9 10 19 5 18 7 18 20 30 7 26 4 13 15 27 5 8 21 9 4
6 9 3 24 16 13 20 20 22 30 11 30 18 1 17 28 0 26 7 12 2 26 20 11 15 25 5 22 18 11 12 2 30 4 30 27 17 29 21 10 25 7 25 0 22 0 1 4 1 22 26 30 23 6 18 4 2 18 26 30 23 0 27 1 24 16 25 10 28 26 24 0 30 20 5 15 21 7 23 28 25 8 26 19 6 0 19 24 4 17 9 8 10 19 0 8 17 24 30
30 13 27 3 18 30 21 21 16 20 29 15 9 8 1 19 8 15 6 11 22 28 29 5 21 28 22 1 11 13 2 17 22 22 7 29 30 22 6 30 9 29 20 27 15 29 2 6 22 6 28 0 3 24 1 24 19 7 9 17 20 23 30 6 13 7 29 17 25 11 10 3 10 4 11 1 22 20 28 12 15 29 5 24 11 20 12 7 27 14 5 1 12 11 7 8 13 17 28
15 15 22 25 10 27 3 0 5 5 3 11 2 10 0 10 29 26 3 14 7 11 12 27 23 20 12 21 17 1 20 4 14 9 12 14 4 4 7 29 0 5 19 3 9 20 13 28 12 7 0 13 1 9 3 5 29 19 11 0 24 16 8 9 29 13 21 13 29 12 11 20 2 14 22 13 10 15 6 14 22 28 11 30 28 15 13 25 16 0 8 22 27 8 30 1 19 12 21
8 29 20 3 25 8 28 21 10 15 27 13 29 13 1 16 0 3 12 25 15 9 10 18 9 27 1 20 3 13 29 9 16 15 4 20 29 11 30 15 19 5 30 30 29 8 29 14 26 1 14 12 0 29 13 5 0 1 28 4 7 29 27 19 16 30 7 11 24 23 5 8 19 17 30 15 5 26 5 30 3 29 23 5 9 3 22 2 14 2 24 21 0 19 18 17 1 11 24
26 28 16 10 24 6 28 14 22 0 11 29 20 14 20 27 13 4 19 0 30 25 22 25 16 9 4 6 6 28 5 9 24 1 10 24 0 11 23 19 26 3 0 7 6 29 16 10 28 14 14 26 9 25 18 8 3 11 10 20 0 24 15 11 28 29 22 25 6 11 18 7 2 13 1 8 22 10 8 23 18 18 6 23 17 28 1 11 2 15 18 29 19 7 16 7 25 16 18
24 18 17 9 29 19 2 23 15 19 0 23 25 7 17 12 21 5 15 25 14 10 4 3 10 20 29 24 10 6 24 27 28 4 19 18 15 0 14 26 19 5 2 3 13 9 28 6 19 7 18 1 5 1 30 0 17 8 28 19 7 5 1 14 16 3 19 11 11 29 11 17 12 2 23 2 0 27 26 15 24 14 12 11 23 23 6 30 4 0 18 0 19 7 17 9 3 24 14
23 1 14 25 21 13 25 26 11 20 5 20 21 9 6 20 22 11 13 22 12 17 19 15 1 22 26 6 29 30 20 26 28 22 9 7 0 25 24 26 20 29 6 13 6 5 5 10 5 26 9 21 17 5 8 18 5 2 7 7 5 12 1 0 17 0 16 14 19 2 12 2 13 20 21 28 25 3 0 11 19 22 13 8 8 23 21 3 7 9 26 21 17 6 19 5 30 29 19
30 18 27 21 5 11 6 2 16 3 21 5 3 7 30 29 27 0 21 19 15 30 9 8 18 0 25 22 14 7 20 24 22 29 1 13 17 24 3 6 22 29 13 24 10 8 2 16 10 30 7 25 2 23 3 12 0 9 13 22 9 25 15 14 19 17 3 30 27 26 22 16 4 3 11 2 12 6 24 14 12 24 25 0 7 1 28 29 27 17 17 17 24 29 20 15 3 26 17
7 9 30 19 30 9 22 2 6 24 14 25 24 17 25 12 19 0 19 18 1 5 23 20 18 4 3 5 23 29 22 8 1 27 24 16 17 15 20 26 6 18 0 25 2 12 2 3 14 14 4 6 29 18 29 14 14 14 20 23 1 8 5 17 11 0 2 7 28 22 0 6 5 2 14 4 28 25 12 17 14 5 17 22 4 7 2 19 24 19 0 24 12 4 13 2 18 2 4
27 7 5 30 12 1 9 10 11 2 4 23 7 17 4 4 9 0 17 22 7 10 22 19 15 21 5 27 23 17 7 13 29 1 4 28 14 12 3 6 13 9 22 21 20 25 29 10 1 21 0 26 3 9 10 29 2 13 16 15 21 21 29 9 17 2 8 18 17 10 21 29 7 29 3 12 29 1 26 4 16 6 1 19 16 3 2 3 12 1 21 3 22 29 3 20 26 9 17
26 0 13 12 5 27 23 3 21 23 29 6 22 7 13 4 24 19 9 25 27 3 10 11 17 11 27 26 12 12 15 1 8 8 0 2 1 3 27 24 22 29 15 16 5 25 17 20 3 8 14 21 24 20 16 4 9 8 26 7 9 5 15 9 21 12 27 27 8 25 15 22 9 18 5 26 13 23 23 5 3 30 10 11 18 12 10 16 12 10 24 8 8 22 18 5 21 0 4
24 7 28 4 23 8 10 22 15 20 18 20 12 8 25 18 9 0 8 29 3 15 10 21 30 10 9 9 29 20 10 16 23 20 5 30 24 9 23 21 18 24 20 5 11 30 19 12 24 21 17 3 3 9 24 7 8 11 0 13 25 26 20 4 8 20 0 8 22 13 25 15 22 11 20 21 0 22 7 11 17 18 17 26 15 13 22 4 28 15 23 7 29 26 5 2 12 7 8
1 3 29 3 16 25 25 25 26 2 30 3 3 19 27 12 17 14 25 29 7 28 19 19 13 7 27 26 15 8 20 18 14 7 10 2 20 21 24 8 8 8 7 22 22 9 20 7 18 3 29 14 15 0 18 1 24 30 7 23 23 6 8 19 9 4 5 30 25 13 23 0 30 28 29 8 20 12 2 25 19 3 15 5 5 13 13 29 21 9 5 8 22 17 15 5 25 21 10
5 11 14 9 14 25 18 22 7 15 2 20 21 4 9 0 20 13 11 26 9 15 6 19 29 16 22 25 9 16 23 11 15 4 26 21 0 4 16 13 11 9 17 17 19 23 17 21 20 29 14 4 11 10 28 28 23 29 24 0 19 21 30 0 7 29 11 24 22 24 27 28 29 14 10 18 2 0 23 29 24 21 1 6 29 12 16 2 9 30 15 12 0 6 30 18 7 9 20
29 25 12 17 11 22 3 16 18 4 19 5 20 28 20 27 21 23 9 29 6 29 26 23 29 12 16 25 11 8 20 16 14 27 27 4 15 27 6 5 4 20 17 25 29 29 10 23 0 4 27 1 4 15 17 15 10 6 3 30 3 24 1 0 15 2 18 22 14 16 26 21 3 14 7 9 6 8 9 27 22 18 9 6 11 4 13 24 29 8 6 28 22 9 19 17 24 8 15
24 14 14 30 23 23 13 6 15 16 27 13 16 18 17 12 13 7 22 5 5 27 24 27 29 8 10 14 28 7 9 19 3 25 27 4 14 4 26 21 2 0 13 2 30 10 17 18 30 17 2 0 22 6 29 19 13 28 8 0 5 29 21 21 7 11 23 23 7 23 25 15 3 2 6 21 24 10 10 16 19 8 18 19 28 0 28 10 8 16 11 1 6 15 25 11 4 6 29
16 26 11 22 17 18 30 20 20 16 17 2 22 11 18 22 14 3 17 15 10 15 8 8 25 2 18 17 30 7 1 29 10 20 3 25 21 3 6 14 22 11 20 9 28 13 16 18 8 28 29 8 26 7 21 26 19 22 17 11 25 3 22 14 19 26 23 6 15 2 20 14 18 14 0 22 15 26 1 4 27 9 7 23 5 3 5 8 23 15 0 11 5 4 11 3 10 14 30
10 5 2 0 11 29 27 26 30 29 20 25 4 29 6 13 0 8 28 10 2 13 2 8 13 2 19 6 15 16 28 26 5 29 3 13 2 15 18 28 6 2 16 29 20 2 5 5 5 26 4 0 16 4 14 21 9 7 27 2 12 9 28 22 13 25 1 11 15 7 24 3 19 4 21 27 17 0 18 29 18 17 20 26 7 17 19 9 19 0 28 10 30 2 7 5 30 21 19
25 9 19 8 29 27 7 16 22 0 16 8 22 2 10 25 19 26 2 10 0 11 7 6 30 21 2 3 17 12 20 30 2 9 23 27 14 6 30 0 28 6 28 1 15 30 19 2 27 10 8 21 27 20 6 1 30 1 24 21 8 7 23 19 1 2 15 9 11 5 14 24 13 28 15 29 26 29 28 30 2 13 13 7 2 17 3 22 3 27 18 2 4 18 12 11 25 2 19
23 0 7 24 10 3 7 8 12 11 22 16 22 5 8 3 23 19 24 25 25 28 18 18 25 20 18 15 0 30 21 0 19 17 26 23 13 28 5 4 13 22 26 29 29 16 16 24 6 11 3 22 9 21 30 6 11 14 9 4 9 12 16 4 15 13 29 5 24 30 8 15 8 1 24 2 3 11 29 6 9 20 24 12 0 14 3 18 8 5 30 13 28 29 12 28 5 18 2
20 23 19 7 21 17 16 22 5 17 2 21 20 2 21 15 17 17 21 12 23 1 14 13 16 26 22 6 29 9 13 3 8 3 20 1 26 12 19 3 19 4 28 12 20 14 6 21 9 3 0 13 18 18 24 14 4 0 29 30 5 1 8 28 25 26 28 30 7 14 29 17 14 14 24 8 7 22 3 16 5 13 21 13 13 5 23 15 1 8 7 9 14 3 29 30 30 24 0
15 13 30 19 9 14 3 29 26 21 19 15 20 14 1 9 12 23 24 15 21 2 2 24 7 17 12 26 0 22 13 16 9 14 17 3 29 1 3 24 4 9 9 21 29 4 30 21 30 12 6 15 10 16 21 25 3 5 10 15 7 20 14 8 19 21 2 11 8 6 0 22 4 16 8 1 30 20 20 4 22 8 23 7 25 20 15 10 27 25 22 8 27 26 29 7 19 15 17
24 14 5 24 6 7 5 2 30 25 18 18 19 4 14 18 16 8 11 16 27 22 7 19 6 18 5 8 20 23 21 11 4 30 8 10 28 29 23 30 12 17 10 18 10 6 0 6 14 3 17 22 1 1 12 30 14 11 12 19 1 0 2 28 8 13 24 19 12 12 2 5 28 21 25 27 21 12 11 2 2 11 5 25 17 3 0 16 17 17 1 3 6 10 15 1 17 4 21
10 7 19 7 20 24 20 3 21 8 17 16 25 18 20 11 30 27 16 17 11 26 29 13 29 12 18 29 5 2 22 15 11 30 16 17 26 14 4 10 6 18 24 2 24 17 10 14 0 25 23 26 0 29 3 20 24 0 26 10 2 19 17 0 24 4 24 14 23 29 3 8 24 17 0 19 9 12 25 11 12 12 29 29 24 8 30 13 8 0 11 9 4 29 29 22 17 11 21
20 5 15 26 5 2 18 3 7 27 23 29 19 0 5 23 19 15 4 6 13 27 28 25 13 25 18 18 11 19 2 27 19 16 4 7 7 2 6 2 4 26 5 19 6 0 13 4 24 6 14 4 27 22 14 2 28 21 27 5 20 0 3 9 24 21 23 5 29 26 4 7 17 22 0 18 4 24 25 3 19 15 27 21 25 22 14 14 14 10 24 21 20 24 8 25 10 7 24
21 0 7 5 22 29 13 23 12 3 11 0 22 16 26 30 30 17 30 10 3 3 11 29 15 19 11 20 19 10 13 26 26 5 5 27 26 3 0 4 0 18 13 22 21 3 21 10 25 4 26 5 2 22 2 25 8 30 21 25 23 1 6 15 7 9 15 8 14 29 22 1 27 5 27 5 19 24 10 25 19 4 5 26 5 8 16 27 1 7 2 13 2 25 7 28 6 29 25
28 4 2 17 10 30 28 16 25 19 28 11 26 1 13 6 0 15 10 1 8 22 30 19 23 6 29 24 4 20 21 10 9 11 8 25 17 20 25 27 14 19 20 1 22 19 18 10 1 26 19 7 24 7 3 3 9 15 22 22 18 28 7 30 10 21 5 4 14 30 15 28 7 2 18 13 6 7 30 14 18 23 5 14 2 4 23 3 21 23 16 8 20 3 5 5 20 7 6
18 1 19 11 16 22 7 21 6 7 26 6 24 22 2 12 1 15 0 12 18 4 12 13 30 18 15 15 18 17 28 10 13 26 9 20 1 20 9 22 30 19 25 20 19 13 17 5 13 5 27 29 9 30 1 5 19 29 19 14 29 9 6 24 8 25 17 24 19 29 24 7 9 7 25 27 11 30 19 16 28 7 17 2 19 6 5 0 1 12 30 14 25 18 24 11 1 4 25
14 30 0 15 2 17 3 26 5 9 16 18 29 16 26 14 21 29 21 10 9 4 17 8 11 9 1 11 19 10 17 24 14 23 11 21 8 7 26 22 30 7 2 19 16 2 24 6 18 24 20 27 3 13 16 28 27 12 18 27 24 1 20 11 27 16 13 5 30 0 20 6 8 22 14 3 5 7 0 23 8 21 3 22 1 11 26 16 14 23 23 8 22 3 21 12 19 11 4
30 20 23 20 2 8 8 12 3 25 9 2 22 10 14 14 21 15 17 16 7 8 13 12 16 8 18 7 21 30 2 3 26 4 14 20 15 19 15 20 1 25 30 7 17 16 17 25 10 22 6 24 6 7 3 14 29 21 21 20 22 23 23 0 8 30 1 13 16 30 8 9 9 25 16 28 18 0 23 13 0 19 20 30 30 9 11 28 27 13 22 21 15 2 9 24 21 29 4
26 24 20 16 18 20 8 30 13 0 4 15 30 29 19 6 4 3 18 11 0 11 2 22 21 3 19 28 21 26 10 28 25 2 15 5 27 30 22 11 18 26 29 22 14 5 3 2 4 21 19 7 28 4 6 0 26 22 27 0 17 27 30 1 7 6 10 28 26 3 12 30 2 17 8 9 29 15 14 5 20 24 18 9 5 18 13 25 14 28 23 0 4 3 7 7 2 18 25
13 28 17 23 25 17 20 24 16 6 28 29 19 14 10 11 9 10 20 23 1 24 14 21 30 27 26 21 27 24 10 16 23 18 18 13 27 20 23 26 25 16 23 25 14 14 30 30 25 21 4 15 25 11 17 17 23 22 20 29 10 8 21 6 22 4 26 20 23 26 3 21 12 13 4 2 3 3 23 27 29 4 26 2 12 26 16 29 2 7 28 8 0 17 28 21 8 10 8
22 25 27 3 3 7 7 0 10 30 4 5 0 8 13 16 11 25 11 12 3 25 22 6 16 8 11 23 15 4 1 14 2 15 19 29 10 25 7 24 7 15 2 1 18 15 8 4 14 23 10 20 4 30 23 6 7 23 24 13 17 13 16 30 15 22 23 2 7 24 4 11 30 20 1 15 23 15 19 30 18 16 29 7 20 15 13 15 2 12 15 28 29 25 24 19 10 22 18
3 29 11 7 16 25 26 17 1 19 20 12 9 14 13 14 6 2 7 3 19 4 7 25 5 10 14 1 8 11 20 3 16 14 9 25 2 11 6 23 19 21 4 18 28 12 16 15 22 12 20 26 14 0 8 12 27 24 26 5 24 16 28 8 18 12 22 20 8 4 5 5 0 30 17 2 20 12 21 22 10 14 12 16 26 21 10 6 24 8 4 2 9 25 16 28 4 9 7
8 2 28 28 22 9 24 8 15 24 27 2 14 5 25 18 19 8 27 30 30 24 27 0 30 25 29 21 11 22 29 13 18 18 13 27 0 28 6 24 7 28 15 7 29 5 27 26 4 26 9 28 1 8 18 12 19 17 15 18 17 30 23 8 2 26 8 5 14 24 20 18 12 8 26 5 11 0 9 10 4 15 24 3 17 29 8 6 0 29 16 16 25 4 27 8 6 10 27
23 21 8 15 17 12 5 17 14 30 29 29 21 17 21 0 9 28 29 20 3 5 18 7 24 15 22 28 3 30 14 13 7 22 8 19 4 27 16 30 25 23 6 3 8 24 8 29 28 4 4 26 21 4 17 7 11 11 29 24 4 12 23 18 3 11 3 1 16 28 10 1 0 16 1 13 26 28 0 1 24 21 4 3 10 27 14 23 25 9 15 9 20 22 25 21 13 20 22
15 27 29 12 10 2 9 6 0 4 28 20 6 7 30 29 17 17 24 10 22 23 14 4 10 24 2 18 22 11 25 2 17 14 21 1 4 19 18 3 4 9 22 2 17 14 26 18 15 3 22 8 24 1 2 8 1 12 9 3 22 26 5 4 27 4 0 10 18 24 3 13 0 14 12 17 2 5 16 5 8 4 27 10 13 17 19 10 24 6 3 21 11 21 29 17 13 8 24
26 22 13 4 25 9 26 3 20 9 2 29 9 28 9 26 17 24 18 2 10 7 17 6 8 13 11 30 4 17 19 24 13 3 25 7 22 4 0 19 8 26 8 7 27 3 19 30 16 20 27 28 8 6 10 26 10 8 16 16 8 4 17 23 29 7 6 28 21 4 8 30 25 28 5 3 20 5 20 6 15 25 18 8 16 20 16 4 12 17 19 5 21 7 27 23 6 30 25
8 28 28 11 11 25 2 21 1 27 8 16 14 27 12 10 21 8 23 6 8 30 28 9 29 30 9 19 14 20 1 9 23 4 8 25 16 14 29 30 24 10 14 28 11 26 27 19 10 5 23 6 18 19 29 7 4 1 14 18 26 13 20 14 10 18 11 8 13 4 23 21 21 5 7 8 24 22 16 22 15 8 20 19 17 17 25 15 13 16 29 18 2 22 29 13 23 4 23
21 5 13 18 26 17 1 15 3 2 5 28 19 23 14 22 15 15 17 24 5 15 30 15 13 29 25 26 19 9 9 19 16 7 26 7 14 1 8 24 24 3 5 5 15 23 27 19 6 19 9 3 22 25 13 10 25 20 7 26 8 24 3 5 25 2 30 14 1 30 28 2 14 25 9 6 2 1 20 26 12 26 4 5 9 2 23 3 27 28 14 5 17 3 1 13 14 18 0
19 23 1 27 15 5 5 14 26 10 3 14 21 23 17 12 9 19 22 18 14 26 3 14 30 6 11 11 25 6 22 12 20 16 12 30 11 26 22 10 24 8 28 21 9 26 29 4 5 19 11 10 23 19 26 13 2 26 0 15 9 5 1 7 18 9 17 9 20 17 0 28 0 12 12 27 1 28 26 27 17 28 12 28 11 19 21 10 11 22 14 27 8 2 15 12 17 10 17
15 21 17 30 20 18 0 25 28 9 27 7 25 30 22 12 18 9 20 20 17 23 15 17 7 3 1 7 10 30 18 10 6 11 7 2 2 23 2 19 6 22 17 17 6 16 9 15 16 23 7 23 5 15 25 19 2 28 2 6 13 22 2 26 28 4 4 16 0 9 21 5 18 5 21 11 0 7 1 28 2 4 1 29 9 18 5 13 24 2 8 19 18 25 5 7 11 8 7
2 9 29 24 12 29 2 26 15 8 12 15 4 5 29 6 21 18 28 16 6 28 25 9 12 29 23 15 21 28 27 5 7 21 6 22 13 18 24 26 14 28 6 14 24 18 18 27 7 8 2 21 23 29 11 11 24 10 27 4 23 9 19 9 12 22 5 3 28 18 7 1 14 25 14 23 1 27 22 9 25 7 30 16 19 9 28 5 17 24 4 10 16 15 5 2 28 13 6
13 17 26 17 11 26 7 13 22 6 3 22 13 18 26 25 28 2 9 11 13 16 23 4 5 0 5 21 17 2 12 14 3 7 29 1 4 0 30 28 9 0 14 27 24 14 13 8 2 13 28 24 25 21 3 21 27 14 10 14 9 13 23 28 10 12 29 26 9 14 1 29 20 26 22 1 22 23 19 30 8 27 23 5 13 4 13 3 13 1 2 4 23 24 8 19 19 13 17
13 28 20 25 9 22 11 17 4 17 9 25 24 23 20 3 18 23 12 20 12 28 4 22 5 8 16 13 25 20 27 17 11 5 9 18 5 8 4 24 24 20 6 6 13 0 8 11 12 20 9 22 23 23 21 27 13 21 13 10 27 24 19 10 29 4 1 24 3 16 5 30 26 15 14 1 7 21 29 16 16 13 22 20 28 9 19 25 1 23 27 11 1 23 29 2 6 12 14
29 30 6 21 13 0 11 11 3 12 8 1 10 6 18 28 9 4 1 12 3 12 0 16 7 6 16 19 4 9 25 10 27 17 16 24 25 21 20 2 7 15 1 27 19 30 30 18 26 5 17 16 17 19 26 21 30 21 6 12 6 28 16 10 18 6 12 29 9 13 5 20 29 30 28 3 10 10 0 19 14 9 26 6 4 30 11 14 11 3 1 23 19 8 14 27 23 17 22
3 4 1 26 9 10 8 18 11 11 27 3 18 14 26 9 12 3 18 15 9 11 2 6 19 5 5 18 5 13 28 10 5 18 3 8 14 19 11 3 1 24 11 29 2 6 12 6 10 17 3 7 29 14 2 29 26 18 19 5 2 20 30 17 26 3 12 30 16 25 13 27 11 3 5 26 29 18 7 7 25 25 19 21 0 19 4 22 7 7 8 20 26 24 29 3 25 17 30
29 27 25 9 24 6 6 24 25 30 1 27 10 7 14 20 9 12 4 17 15 23 9 8 14 17 25 9 10 17 16 21 29 14 15 3 28 22 10 14 21 16 12 5 8 19 21 2 11 1 26 6 14 18 18 22 21 8 24 9 16 14 13 16 16 15 21 17 24 28 7 4 17 11 21 28 11 12 1 30 15 21 23 19 23 12 10 30 4 30 14 22 9 24 17 2 16 12 16
14 27 23 6 28 22 3 7 28 25 8 9 14 24 14 7 4 8 16 10 13 25 20 10 23 24 13 16 25 12 2 22 15 23 9 19 5 15 14 16 17 12 18 18 22 6 9 10 22 7 15 23 5 27 11 8 13 18 20 22 30 22 19 29 26 18 1 26 11 1 27 9 28 19 9 30 15 3 15 9 17 10 14 12 6 15 6 7 24 30 11 20 23 25 13 19 19 9 2
14 2 8 24 30 28 13 14 3 10 8 2 0 23 6 11 4 26 8 15 14 10 16 6 23 28 16 30 25 0 5 16 9 2 16 8 29 19 0 11 27 12 23 26 18 4 2 4 17 24 0 19 5 30 27 8 9 2 8 30 1 25 2 25 15 22 17 9 0 11 2 30 17 28 8 17 5 28 8 5 25 19 21 17 16 15 10 7 10 0 24 14 0 11 7 10 13 14 23
6 19 30 11 17 6 30 14 19 22 10 7 12 25 17 29 0 10 12 19 15 8 9 24 9 13 21 21 10 6 0 8 21 4 17 6 16 20 1 10 0 19 3 27 13 29 28 13 13 11 9 9 25 7 21 17 4 14 19 29 21 22 3 1 11 7 13 12 11 20 2 27 5 30 10 1 3 5 30 10 1 26 6 27 16 23 15 21 2 30 4 15 1 16 29 22 1 11 7
20 3 27 0 11 30 18 19 27 4 17 9 11 28 4 15 26 10 15 23 12 22 12 28 2 6 25 1 18 3 24 21 7 7 24 13 24 0 12 13 8 19 28 17 12 12 30 22 3 15 9 3 27 1 28 29 11 10 7 21 22 28 14 28 15 2 20 11 3 18 29 25 13 13 27 3 15 5 30 15 17 24 16 14 30 18 30 21 11 30 3 8 13 5 17 21 6 12 8
3 15 15 22 16 25 16 26 21 6 4 28 22 27 24 28 19 26 1 21 10 12 13 5 11 27 21 20 22 0 1 7 24 7 14 22 12 26 19 29 23 21 27 19 13 28 25 27 13 9 16 25 29 25 0 18 17 29 18 30 7 5 3 27 25 12 5 9 29 13 4 0 23 29 10 16 13 0 10 24 28 19 12 11 5 21 2 12 13 2 27 5 17 8 5 16 22 19 29
1 15 2 2 8 11 7 2 22 8 7 29 13 23 3 11 14 2 11 24 29 28 22 29 30 2 3 25 12 4 2 5 15 23 23 30 20 13 13 8 16 13 6 19 12 2 28 29 3 17 27 5 7 9 6 1 9 2 25 16 17 30 12 13 14 30 30 2 4 26 27 1 10 10 18 30 27 28 9 22 17 19 28 13 7 27 1 13 0 15 16 18 29 27 1 12 10 21 23
3 8 8 22 19 24 23 15 4 7 21 26 26 25 13 19 26 3 14 21 3 24 2 0 14 27 10 5 22 11 27 2 5 4 7 25 12 2 28 4 24 7 24 27 0 29 5 30 10 29 26 30 16 24 23 2 16 21 25 4 7 28 24 29 24 29 16 20 24 30 20 13 3 0 20 1 13 30 25 6 24 0 24 11 17 18 2 27 9 20 3 12 17 21 23 17 23 27 13
27 27 14 29 13 13 13 25 1 14 22 25 1 30 6 7 8 1 7 16 16 19 3 23 1 23 2 6 23 14 26 19 24 2 15 2 18 21 29 14 27 6 11 30 5 28 26 0 17 3 23 16 28 26 14 26 28 26 15 30 18 11 30 26 13 12 24 23 26 14 13 15 27 9 9 24 23 30 15 1 20 27 23 24 2 3 26 6 6 5 29 3 22 24 13 29 7 22 25
15 9 20 23 13 30 15 21 12 4 28 10 6 20 14 5 4 19 1 8 12 21 25 8 3 22 16 22 29 9 2 12 26 15 24 4 1 2 14 21 16 7 17 24 6 22 4 0 16 5 19 9 7 19 16 30 1 25 19 28 22 20 29 29 1 19 22 10 15 24 9 13 20 23 14 20 15 0 7 5 25 21 17 8 8 23 24 10 20 29 11 5 17 11 23 29 14 11 30
11 10 26 16 15 30 8 4 22 19 2 28 0 26 3 0 0 5 8 6 1 29 19 29 3 29 0 30 21 24 0 13 10 3 23 6 19 21 27 1 14 27 15 20 23 8 23 29 29 4 1 8 16 21 23 7 22 2 25 10 14 1 24 15 7 22 11 0 11 25 7 10 9 1 23 3 0 3 30 27 3 25 27 11 6 16 20 29 24 11 11 19 13 16 2 16 24 22 14
27 5 23 5 26 9 25 29 29 20 10 9 13 20 8 5 29 30 19 5 24 30 13 16 15 3 7 15 13 21 0 9 1 15 12 16 16 22 29 22 28 16 11 2 16 4 16 26 23 14 18 9 6 18 6 26 22 15 16 1 3 4 16 22 18 15 9 17 27 2 11 5 27 23 26 5 16 20 21 29 5 18 1 1 24 14 7 11 8 24 21 26 13 24 5 13 23 25 1
9 4 24 26 25 1 0 17 24 4 8 23 10 6 14 27 29 15 17 28 11 26 17 1 30 7 11 4 25 16 8 26 9 16 9 4 29 22 5 30 12 2 11 14 21 14 1 24 14 24 1 24 1 19 14 26 7 25 14 29 11 3 19 5 27 21 28 15 8 14 12 0 25 22 4 6 27 23 26 9 27 15 17 3 0 6 29 13 12 12 15 12 2 8 3 3 27 14 28
16 15 27 14 22 17 2 18 29 9 9 16 13 16 6 4 3 22 10 7 30 9 15 13 27 15 21 29 19 22 24 29 3 29 19 2 30 18 7 24 24 17 8 16 1 3 27 30 25 1 7 23 4 30 0 28 17 16 19 13 7 23 17 7 11 9 15 5 20 18 17 6 0 13 11 30 26 3 19 24 19 14 15 13 27 0 23 15 20 2 7 9 12 30 7 6 17 2 13
2 24 7 24 2 2 0 1 21 4 24 10 5 16 0 29 25 18 0 17 0 15 6 21 25 6 17 20 8 16 25 19 20 27 23 3 8 6 14 14 16 21 13 11 21 28 15 6 21 7 8 7 24 4 26 11 12 11 23 24 13 21 6 25 16 13 13 2 29 14 28 20 2 18 4 5 25 17 26 15 11 23 2 17 21 20 5 18 29 24 1 23 24 17 25 30 1 27 15
25 13 4 5 16 19 22 13 5 15 11 18 5 19 23 4 7 15 20 17 26 12 0 18 19 15 28 29 23 16 2 13 16 6 6 24 21 22 29 22 24 15 21 17 1 11 9 7 24 1 19 20 11 5 19 10 22 14 7 29 26 8 15 17 6 6 19 5 16 13 18 4 16 24 4 7 15 14 20 26 0 12 15 27 10 17 26 10 23 16 2 15 30 13 2 19 28 2 23
30 29 15 8 4 26 12 4 8 14 7 11 2 6 16 13 15 25 19 26 6 25 0 27 18 19 5 11 11 30 4 9 4 8 12 22 23 15 27 27 18 22 29 5 5 9 18 21 26 22 15 0 0 17 1 27 22 17 17 19 18 19 16 15 0 3 28 16 18 2 19 27 23 20 6 27 28 24 21 7 7 3 5 23 29 26 9 26 4 26 17 0 9 2 21 27 0 0 0
20 2 8 15 27 19 10 0 29 22 4 15 22 12 9 4 20 17 2 17 25 4 9 8 29 16 3 22 13 28 4 19 15 19 19 30 22 5 11 29 10 2 25 21 7 24 17 26 15 6 26 14 10 12 13 18 28 3 4 6 10 17 18 23 27 12 7 20 23 16 20 9 16 29 0 30 3 14 14 13 22 21 20 6 24 12 14 15 27 17 24 18 17 17 4 0 12 7 9
30 28 14 27 13 8 10 8 26 0 6 22 24 19 22 30 29 18 26 24 1 8 15 20 10 12 5 8 4 6 26 2 11 0 10 24 0 9 7 14 24 0 25 5 4 30 19 22 24 25 22 9 24 9 12 13 11 7 28 20 16 7 30 6 5 23 30 21 21 16 24 24 23 14 28 0 24 30 29 19 9 17 4 16 25 14 22 24 17 20 4 27 1 30 19 2 20 16 7
18 9 27 15 10 7 11 23 6 14 12 20 30 20 30 22 24 11 16 1 27 16 17 17 29 7 14 30 16 17 13 1 5 25 9 6 28 10 12 12 0 5 28 2 7 13 2 27 26 3 28 26 1 18 2 22 0 1 2 18 0 16 2 3 10 9 1 8 22 3 17 29 10 14 19 21 23 20 5 0 4 16 9 23 1 6 9 26 12 16 18 18 7 4 5 9 11 10 30
11 2 0 22 30 20 29 30 19 24 4 22 17 15 3 11 17 16 6 4 4 3 15 12 8 0 6 2 28 14 16 25 9 19 2 17 8 13 7 12 26 14 12 29 0 12 21 18 19 7 18 30 7 30 21 17 4 12 25 28 27 1 9 2 25 13 27 13 10 15 16 22 23 3 24 12 0 14 19 8 1 26 11 0 4 8 28 20 14 19 15 13 5 0 5 10 11 1 24
15 21 0 5 15 23 6 11 11 17 23 16 16 25 0 7 15 19 4 22 3 19 7 13 16 20 24 29 28 18 8 14 7 3 3 8 7 6 23 24 18 5 8 22 9 26 18 28 11 18 20 13 6 24 26 21 29 11 18 23 22 0 17 15 4 2 28 26 5 17 2 5 23 19 28 13 20 12 10 28 10 25 16 16 15 30 27 21 10 8 30 27 15 25 25 3 2 27 7
10 15 26 25 2 2 16 11 26 10 20 17 13 2 28 16 14 3 2 26 22 25 28 2 7 11 4 1 27 14 3 26 12 14 14 23 2 5 13 30 17 4 19 22 28 19 15 12 5 22 28 27 30 22 4 8 4 25 5 25 6 29 9 12 18 23 29 11 0 14 27 10 28 28 24 16 15 26 0 19 20 17 12 16 1 14 25 8 27 1 26 0 12 2 19 29 5 8 24
1 3 19 27 7 21 9 12 27 3 1 5 13 1 11 17 21 21 10 2 13 17 13 23 16 22 17 13 12 5 24 17 10 12 16 18 29 19 21 22 20 28 28 6 17 27 3 15 19 12 29 12 9 25 16 16 10 3 13 17 30 5 21 2 12 18 4 10 9 17 27 19 21 11 29 1 8 9 20 10 24 2 16 6 29 15 12 9 6 25 22 28 13 17 16 15 25 8 1
