20 20
11 0 0 0 0 0 0 0 0 0 0 0 0 0 0 0 0 0 0 0
0 23 0 0 0 0 0 0 0 0 0 0 0 0 0 0 0 0 0 0
0 0 26 0 0 0 0 0 0 0 0 0 0 0 0 0 0 0 0 0
0 0 0 6 0 0 0 0 0 0 0 0 0 0 0 0 0 0 0 0
0 0 0 0 29 0 0 0 0 0 0 0 0 0 0 0 0 0 0 0
0 0 0 0 0 24 0 0 0 0 0 0 0 0 0 0 0 0 0 0
0 0 0 0 0 0 6 0 0 0 0 0 0 0 0 0 0 0 0 0
0 0 0 0 0 0 0 4 0 0 0 0 0 0 0 0 0 0 0 0
0 0 0 0 0 0 0 0 16 0 0 0 0 0 0 0 0 0 0 0
0 0 0 0 0 0 0 0 0 23 0 0 0 0 0 0 0 0 0 0
0 0 0 0 0 0 0 0 0 0 0 0 0 0 0 0 0 0 0 0
0 0 0 0 0 0 0 0 0 0 0 7 0 0 0 0 0 0 0 0
0 0 0 0 0 0 0 0 0 0 0 0 23 0 0 0 0 0 0 0
0 0 0 0 0 0 0 0 0 0 0 0 0 22 0 0 0 0 0 0
0 0 0 0 0 0 0 0 0 0 0 0 0 0 19 0 0 0 0 0
0 0 0 0 0 0 0 0 0 0 0 0 0 0 0 5 0 0 0 0
0 0 0 0 0 0 0 0 0 0 0 0 0 0 0 0 25 0 0 0
0 0 0 0 0 0 0 0 0 0 0 0 0 0 0 0 0 2 0 0
0 0 0 0 0 0 0 0 0 0 0 0 0 0 0 0 0 0 28 0
0 0 0 0 0 0 0 0 0 0 0 0 0 0 0 0 0 0 0 0
