100 100
28 17 2 10 9 29 30 26 7 1 13 0 20 12 3 26 26 26 13 18 8 20 16 20 13 29 7 9 16 9 0 16 23 25 28 25 13 30 22 2 29 22 28 3 17 9 21 8 21 12 15 18 17 29 18 19 25 24 11 0 0 9 26 12 16 9 24 11 3 30 25 9 4 2 21 7 1 22 2 0 10 11 12 27 29 26 19 14 16 15 22 29 8 29 24 19 6 0 2 23
4 1 19 8 22 0 24 29 22 4 7 2 1 20 28 11 26 1 9 2 4 14 28 25 13 1 14 24 16 14 18 1 4 27 15 26 9 16 6 15 22 21 25 26 27 28 28 29 12 20 25 4 14 19 15 26 20 29 3 16 27 14 6 9 11 3 29 13 9 25 28 10 23 27 17 26 17 1 30 1 10 29 5 23 21 23 19 14 8 21 10 4 24 5 27 22 6 24 6 10
6 25 25 13 7 6 17 11 24 9 22 5 9 10 18 28 21 18 14 17 18 14 6 4 30 10 5 23 17 24 14 25 12 21 20 9 15 7 12 15 13 4 30 8 20 23 0 27 5 5 6 10 4 11 17 25 11 20 8 15 4 12 5 3 9 4 25 14 1 3 4 15 14 21 26 30 12 12 30 19 16 21 8 4 12 1 6 13 2 25 7 10 0 29 20 19 22 24 3 17
6 12 3 6 16 18 1 26 5 0 13 7 24 0 25 15 24 26 29 13 10 27 20 5 11 12 27 3 14 3 6 24 2 15 17 2 16 0 15 0 22 16 9 17 17 29 0 5 11 28 14 23 4 19 11 10 13 10 21 22 11 22 7 8 16 9 23 15 7 10 8 30 10 19 21 2 29 10 27 14 9 13 26 10 13 7 13 30 4 0 20 13 25 30 29 30 9 13 22 10
12 8 19 27 25 11 27 7 4 16 7 0 15 11 16 0 18 17 19 7 30 1 14 19 9 3 13 28 20 8 25 19 30 12 13 26 0 5 27 28 24 12 24 28 5 3 12 7 5 2 12 11 5 9 17 28 29 20 15 21 20 6 19 25 23 19 4 6 26 20 18 18 12 0 21 12 27 30 1 23 17 25 18 2 10 19 4 0 4 1 21 3 24 23 6 15 1 27 12 29
16 28 3 13 29 8 7 10 16 15 18 14 12 28 4 5 21 12 7 7 8 2 3 15 17 26 2 6 14 29 6 2 15 28 28 10 11 4 1 19 20 2 9 8 29 13 24 16 14 7 4 20 12 29 15 5 8 1 9 6 9 20 18 20 16 1 15 13 3 6 28 19 21 22 10 16 29 13 29 11 1 12 16 9 18 21 18 3 13 10 14 23 27 20 16 24 9 19 20 25
14 29 10 6 20 4 4 25 29 29 26 4 9 4 25 23 3 21 6 5 23 23 15 16 18 30 1 7 24 6 16 10 5 8 2 27 25 14 20 0 28 22 24 11 23 27 26 24 17 20 17 11 10 22 20 30 18 23 4 19 6 3 10 18 27 25 25 23 11 5 4 24 27 16 12 15 20 21 8 6 23 17 11 20 14 28 22 8 23 0 3 24 4 19 3 12 17 25 17 20
2 12 30 16 5 17 18 21 12 10 6 6 14 10 1 16 28 29 5 29 5 13 4 14 7 28 30 0 3 10 27 4 22 16 14 5 15 12 30 23 20 18 6 20 7 8 2 8 1 18 1 2 5 2 21 24 9 18 4 25 0 21 17 26 11 29 5 0 6 2 5 25 30 9 10 26 9 5 20 22 30 16 4 10 23 17 20 4 22 15 3 22 13 10 0 12 16 12 0 30
6 26 25 11 22 14 5 8 29 28 15 15 26 0 22 18 3 24 27 19 29 6 14 12 5 11 5 24 20 22 8 20 8 23 15 12 18 7 12 3 29 10 20 21 4 27 14 23 29 30 13 15 12 7 27 9 8 4 6 2 3 13 4 4 5 14 8 20 14 5 4 21 20 22 10 19 4 27 22 26 5 4 25 21 20 26 0 23 11 11 3 27 28 14 22 19 27 29 12 0
24 5 0 29 30 5 16 4 14 27 11 16 29 12 8 8 26 11 12 19 2 18 16 17 30 27 24 28 6 27 9 10 21 3 18 28 10 10 1 27 15 27 18 27 29 23 7 21 9 7 10 26 2 19 26 12 24 14 5 4 14 7 0 13 12 13 19 0 25 21 9 14 3 10 0 0 30 8 23 5 7 22 1 21 6 14 29 14 29 9 27 6 27 15 10 16 20 4 29 7
2 16 8 30 9 1 29 5 17 1 1 26 27 23 6 17 22 14 22 8 27 8 27 26 30 2 1 17 0 19 3 25 14 4 23 28 22 6 29 22 2 7 3 11 25 24 2 3 20 3 29 28 11 12 26 2 6 26 0 23 7 17 14 24 27 19 6 1 20 22 27 5 9 2 11 20 20 6 9 15 8 10 27 24 29 23 20 0 25 15 5 6 7 3 3 6 16 26 8 17
22 23 1 15 16 22 2 18 2 5 7 7 13 25 18 24 19 25 30 25 4 2 27 29 1 4 2 30 26 11 15 26 25 10 3 15 9 25 2 2 0 28 8 14 25 12 20 26 2 13 18 14 13 14 30 6 20 9 26 2 8 30 29 16 7 19 19 29 11 30 7 15 15 26 29 24 2 29 26 9 14 28 8 6 11 28 20 28 19 17 16 25 3 29 1 7 6 22 7 30
2 4 26 15 3 11 27 22 13 0 19 18 5 26 6 29 10 21 15 10 26 26 4 24 27 20 17 24 28 7 26 16 14 2 7 12 24 28 11 28 27 10 14 1 3 18 3 19 3 27 11 3 15 22 19 14 30 21 30 17 4 10 29 8 5 17 18 8 9 30 9 17 13 1 26 15 10 13 17 14 21 29 2 23 28 8 15 25 2 23 4 28 13 10 28 14 25 27 29 22
7 8 5 17 25 0 28 5 15 30 11 9 30 26 1 10 14 8 12 22 9 21 27 26 17 6 20 17 1 24 22 12 29 10 7 2 9 6 16 12 18 5 6 9 24 18 16 13 6 19 16 24 16 16 6 23 23 2 17 1 6 8 17 4 26 12 20 6 6 10 29 4 27 25 22 15 25 30 6 10 26 26 10 9 27 3 26 18 3 28 5 28 2 9 22 18 17 26 14 3
29 17 0 22 30 30 14 25 15 23 1 3 22 26 20 15 9 27 25 3 18 26 22 10 11 8 16 13 1 17 22 1 26 24 12 5 11 3 15 4 14 11 27 3 12 29 13 4 22 11 22 28 6 9 8 21 30 5 2 19 15 25 2 10 23 18 30 25 3 0 4 26 25 28 26 30 17 5 13 26 4 29 30 10 24 8 27 0 14 17 26 29 29 8 17 4 8 19 16 18
1 26 10 10 8 1 21 16 0 17 15 15 30 21 13 23 19 13 1 15 29 2 29 13 2 19 24 9 27 30 24 1 27 2 22 12 30 15 0 30 18 30 23 26 20 13 11 25 19 22 17 27 3 16 6 11 5 3 27 20 21 16 6 0 17 23 0 21 30 4 9 8 5 30 16 26 3 19 17 16 10 28 10 0 20 8 25 19 25 12 29 5 10 24 6 1 25 8 10 0
12 13 8 21 13 18 6 16 18 27 29 17 13 20 24 2 5 9 13 20 29 8 29 30 30 20 20 13 15 29 21 13 26 7 5 14 2 2 29 10 5 24 6 3 23 19 26 8 10 15 25 22 17 22 22 17 14 28 1 26 8 23 15 11 6 7 26 30 22 10 28 20 0 8 27 21 7 4 9 7 11 3 1 21 30 1 28 27 13 23 20 26 6 7 10 5 25 29 11 29
9 19 30 11 17 1 19 27 11 6 18 11 30 19 19 14 9 2 2 19 10 15 6 0 19 18 0 4 19 26 17 5 19 22 9 30 19 16 8 19 1 21 15 22 20 23 3 24 3 12 25 11 22 23 7 4 1 15 29 3 14 12 1 26 29 12 15 30 27 8 22 22 14 4 0 10 7 27 7 21 29 22 3 18 28 4 21 12 17 30 16 15 30 9 22 24 8 3 17 5
13 3 22 6 16 8 6 1 17 27 4 6 25 27 23 6 14 0 19 10 28 22 15 12 5 11 1 11 14 14 25 14 14 20 10 30 25 6 19 3 29 25 18 24 10 18 20 3 1 1 4 4 29 11 17 21 5 6 27 19 7 2 25 17 28 8 5 13 28 28 2 7 15 6 11 23 28 9 7 26 8 7 29 30 29 21 21 17 8 12 5 29 28 26 16 14 26 13 15 17
1 9 12 7 24 7 2 30 18 25 19 5 1 1 15 10 9 9 21 21 18 12 20 6 19 5 30 12 6 6 3 6 13 13 16 14 12 4 30 11 28 12 6 0 17 20 12 12 19 11 9 6 10 9 3 24 24 22 2 18 20 19 5 29 16 14 2 21 22 5 16 1 0 17 28 24 12 30 14 4 24 12 13 3 23 5 17 22 23 26 21 4 22 17 20 18 24 28 10 27
24 7 6 3 8 22 5 2 22 0 27 30 18 30 23 14 16 9 26 19 1 22 12 16 7 5 13 29 28 3 10 24 27 7 19 3 24 13 2 6 9 13 30 21 30 25 9 9 20 17 22 11 17 1 10 17 21 8 16 6 24 10 23 14 12 4 29 14 9 21 1 19 18 22 29 15 15 27 10 3 30 12 16 15 7 16 14 10 13 12 30 17 27 17 0 2 4 21 6 12
17 4 5 12 19 11 0 30 2 20 17 13 11 4 17 26 6 0 29 14 30 22 0 3 2 13 11 2 17 6 12 20 23 0 22 28 7 13 12 23 9 24 17 7 9 15 20 0 10 29 12 13 18 1 23 1 26 18 3 22 13 8 3 4 3 25 15 7 7 23 3 24 7 6 25 6 6 9 22 14 14 11 12 12 4 11 10 11 10 2 19 18 6 7 4 17 9 4 9 4
25 2 16 8 10 30 4 7 9 28 0 14 20 13 5 20 2 30 5 26 14 13 27 26 1 22 24 8 30 16 1 10 11 6 3 3 30 10 3 4 14 24 30 27 25 0 8 11 23 18 16 8 27 4 18 7 19 19 1 1 13 29 22 10 1 20 30 19 2 28 23 30 14 22 7 6 25 2 29 10 13 24 25 12 12 4 8 30 18 23 4 11 10 8 20 19 15 20 8 6
13 18 17 10 12 3 29 21 25 18 24 12 7 5 2 30 29 15 1 1 6 0 14 10 7 22 25 25 9 0 17 4 0 17 5 16 20 8 7 3 4 12 1 20 16 24 1 16 4 2 22 11 23 3 20 30 29 30 28 14 6 6 14 9 24 28 13 16 27 13 14 25 2 20 4 13 4 3 21 25 4 7 30 27 22 26 3 20 26 30 3 18 19 9 15 23 6 3 6 6
22 12 13 14 9 3 4 9 18 8 0 20 1 21 2 15 5 10 13 2 9 6 13 14 19 18 26 27 19 25 18 24 15 13 23 3 18 25 13 22 16 19 11 25 17 6 3 26 16 14 18 17 6 6 0 27 21 10 22 15 24 18 1 23 1 17 12 8 22 27 29 30 23 9 26 5 10 28 21 2 26 16 24 30 8 23 8 18 5 14 17 19 7 7 7 9 26 19 20 23
8 14 11 25 30 24 18 21 30 29 0 6 3 15 8 22 8 18 22 3 12 22 0 5 5 23 22 3 30 16 29 16 27 28 2 30 20 9 20 14 15 9 12 0 21 20 16 20 8 29 2 27 27 3 30 16 26 9 4 15 16 28 10 21 29 11 25 13 10 12 28 27 21 22 24 10 25 22 13 6 26 6 5 4 8 18 18 16 2 5 1 25 9 23 5 14 26 29 12 24
1 16 3 15 21 23 13 18 28 16 0 14 7 7 16 26 7 13 3 7 15 4 2 20 27 30 19 24 0 17 24 29 5 21 19 26 27 21 6 23 5 11 5 28 24 14 4 26 16 29 20 5 9 18 25 28 12 6 1 4 6 14 1 17 16 11 13 14 5 23 24 1 24 0 8 18 27 16 23 27 8 8 6 6 12 17 6 9 17 27 1 28 8 20 21 29 13 8 21 14
7 9 21 29 16 2 22 21 16 10 8 1 10 21 23 21 12 9 4 6 14 17 20 18 2 1 9 22 5 13 20 0 10 11 6 27 15 7 26 8 3 4 14 4 16 30 27 28 20 20 22 8 10 5 13 0 19 25 11 13 5 12 8 13 29 12 24 6 30 13 17 21 3 21 19 10 25 24 12 17 12 25 3 30 24 14 10 14 25 17 17 11 0 6 20 28 27 1 17 25
16 5 28 26 16 27 2 30 29 24 30 22 9 24 1 6 12 10 0 19 29 11 16 16 8 29 14 1 22 24 21 18 8 19 16 14 7 27 29 2 20 0 29 18 11 7 18 22 18 6 1 11 18 29 11 23 2 3 15 4 26 28 23 6 18 30 20 7 22 30 3 1 4 21 4 25 3 5 6 15 21 14 2 25 12 1 3 28 6 10 16 18 22 19 15 15 22 7 0 30
23 24 13 3 1 8 21 14 10 1 23 22 11 12 14 10 4 10 6 0 21 12 17 8 8 1 13 6 28 14 20 4 4 16 1 11 21 21 1 30 6 3 9 0 9 9 25 27 29 2 24 9 22 5 17 26 19 2 21 7 0 15 26 4 27 6 7 24 19 2 16 26 10 7 8 30 20 18 9 1 15 15 12 23 8 7 25 17 22 23 2 0 9 21 14 0 26 24 23 5
2 27 1 19 8 21 24 23 17 21 0 11 23 17 7 14 12 23 11 0 30 8 17 29 8 16 21 23 8 22 15 3 23 6 23 18 0 30 0 23 27 14 13 16 27 29 25 12 3 16 5 12 8 20 25 25 14 5 30 11 13 25 5 6 11 21 8 4 27 28 7 28 12 2 10 25 12 4 1 17 0 23 23 1 10 12 29 4 30 15 17 23 9 4 17 0 12 8 19 1
14 27 21 14 20 30 24 5 17 20 29 5 10 9 15 25 6 17 25 8 17 1 24 26 0 0 28 27 7 19 6 30 1 24 11 8 29 8 18 5 14 6 5 24 17 24 24 15 19 0 16 5 25 13 25 16 7 8 29 7 14 16 2 8 30 19 3 27 9 10 8 4 13 14 3 30 12 3 23 24 8 18 17 21 6 5 5 21 24 25 11 10 15 27 14 13 9 12 0 6
11 24 4 14 27 12 18 4 29 5 16 1 18 28 2 15 17 29 7 21 20 19 19 23 17 7 16 16 4 5 8 19 12 11 23 1 3 29 25 18 7 5 2 19 3 22 21 28 6 17 9 22 28 30 27 21 29 13 9 1 28 12 0 7 23 13 27 7 0 8 15 20 3 11 11 23 22 19 1 28 12 15 9 21 0 18 29 2 9 15 19 24 26 27 6 24 25 29 27 26
16 1 29 5 5 2 13 9 17 4 1 16 29 1 21 27 4 16 4 10 19 23 13 18 20 18 5 25 25 21 5 21 11 10 8 6 30 11 10 10 19 25 24 17 15 24 3 26 26 13 4 2 21 7 10 28 8 14 2 11 19 21 17 14 17 4 19 0 5 24 12 4 10 30 6 3 8 9 6 6 19 3 5 22 19 21 13 16 30 4 20 20 17 14 0 9 1 14 11 0
24 20 24 7 27 25 4 26 26 23 23 12 1 5 30 1 25 20 26 11 0 11 19 30 19 13 22 28 2 23 5 25 9 4 22 12 28 11 3 27 18 19 30 20 13 29 29 22 5 13 19 28 25 21 3 28 8 11 29 24 6 11 18 28 17 30 4 5 6 18 18 14 6 29 3 12 28 22 27 26 7 2 22 18 9 25 26 26 5 17 6 15 27 27 29 9 30 12 21 28
22 25 3 21 26 22 22 22 17 1 12 17 5 10 23 29 14 26 11 15 3 7 17 15 17 12 21 28 7 15 15 13 27 23 26 9 24 14 5 29 28 30 29 30 28 8 24 18 1 5 15 12 26 1 24 22 25 17 18 2 18 23 26 0 9 14 9 17 9 17 10 10 23 16 13 21 26 0 21 14 4 19 4 2 21 2 9 20 12 28 5 1 30 20 27 30 18 10 10 0
24 5 10 27 8 14 24 21 28 8 20 29 4 12 18 11 11 23 17 9 22 5 18 30 5 21 25 22 30 4 21 12 25 5 27 1 11 19 24 29 21 18 25 20 27 13 24 0 1 2 22 12 28 7 5 29 8 28 20 11 19 25 13 0 11 0 9 16 8 30 8 28 13 15 6 4 29 10 29 8 18 18 6 2 25 21 7 25 28 16 8 17 13 7 0 27 1 16 19 20
29 13 6 8 25 14 19 20 14 27 17 30 12 27 3 1 17 3 30 22 12 15 2 1 27 16 26 2 5 25 4 12 28 26 25 3 11 29 28 23 29 4 11 28 21 3 16 6 20 6 6 16 10 0 26 16 29 24 4 17 6 4 27 2 26 23 15 4 18 2 18 0 5 5 20 8 27 3 12 15 5 25 1 7 9 26 0 23 8 23 8 1 18 24 18 25 0 13 14 23
21 26 3 19 2 17 6 11 13 11 11 11 9 3 3 13 11 27 10 7 15 3 21 28 29 29 26 27 21 24 12 22 19 19 13 18 2 21 6 20 25 3 21 25 20 10 15 5 28 11 16 3 11 15 5 17 10 1 10 2 12 3 0 14 27 27 24 21 23 19 3 16 8 30 1 29 0 7 10 10 7 0 13 10 0 23 26 16 1 6 30 5 2 20 13 23 9 18 11 8
28 12 17 17 3 7 13 11 8 22 18 3 21 3 12 4 13 19 3 28 26 28 4 10 20 15 2 10 24 29 8 27 7 6 27 23 21 4 12 26 7 5 18 19 8 2 6 14 6 18 11 30 16 25 2 5 0 0 23 24 13 7 18 24 9 9 0 4 8 2 11 29 4 1 20 5 2 7 28 21 16 14 26 9 0 24 4 25 13 5 3 22 1 12 15 29 4 7 11 14
17 29 13 27 23 22 7 23 28 13 23 26 10 20 1 5 0 14 16 12 7 4 4 25 0 14 0 22 22 9 7 16 2 14 6 18 15 29 8 21 17 13 30 23 15 14 25 29 3 3 14 12 23 24 7 23 2 3 2 16 20 22 28 10 7 9 10 12 11 8 9 5 17 11 16 2 1 6 6 20 3 25 4 2 1 19 19 5 19 11 17 7 15 14 18 11 3 1 5 14
20 14 17 15 15 13 10 0 29 24 4 2 14 6 1 28 19 15 21 21 25 28 13 29 7 16 14 27 18 25 15 14 20 12 23 24 2 23 17 10 7 24 4 28 30 14 9 20 20 17 0 7 2 5 23 4 30 5 12 22 24 8 28 6 18 6 0 29 13 30 4 28 3 7 23 26 2 1 23 20 21 7 4 4 21 12 0 21 23 9 29 18 1 17 14 11 15 25 18 17
6 23 24 15 10 1 10 29 13 5 27 24 6 19 0 6 1 13 14 16 27 13 6 7 28 15 13 28 4 4 28 16 11 14 24 22 2 30 0 10 27 21 16 9 11 22 16 25 15 27 25 21 30 23 9 27 27 12 26 23 22 27 26 22 22 10 6 14 5 27 15 1 2 26 12 13 13 24 22 29 30 4 22 28 17 16 9 18 12 21 4 27 11 29 30 11 21 30 5 25
12 23 10 26 1 4 26 17 23 1 14 17 1 30 11 9 10 24 2 4 28 23 12 16 1 21 13 30 17 27 14 17 12 25 29 25 17 9 27 28 27 8 0 29 6 25 28 24 27 14 11 24 27 13 16 22 21 30 10 16 20 18 5 10 17 26 11 14 9 3 23 21 16 24 7 17 20 14 24 12 4 18 28 19 18 4 16 7 28 5 24 25 16 16 20 18 23 21 4 16
2 17 7 19 2 17 13 5 7 15 26 12 0 2 10 21 1 22 17 15 5 7 0 15 24 18 24 28 5 22 28 19 28 13 19 16 13 18 20 26 11 24 16 14 15 9 10 3 12 17 18 20 17 19 18 29 17 4 19 28 24 24 11 2 29 6 29 12 1 25 8 27 0 21 2 17 17 2 3 24 26 29 14 3 13 22 3 8 17 22 6 26 10 12 0 21 5 15 9 22
18 14 29 29 0 25 12 7 10 30 14 23 30 22 18 16 28 28 28 0 17 25 7 25 12 17 11 13 18 2 25 4 1 1 10 18 15 29 9 7 11 1 1 26 20 17 20 8 10 20 7 21 4 11 10 8 16 24 4 25 22 6 4 6 16 10 8 5 12 22 28 14 20 25 3 26 17 0 16 5 28 23 1 25 7 11 9 12 21 16 14 19 9 27 22 22 26 6 4 15
11 23 0 2 4 18 30 4 3 26 0 15 14 17 20 19 7 8 26 8 9 23 4 4 12 7 12 9 21 2 3 3 18 26 26 24 30 27 9 10 7 6 4 5 18 17 21 3 4 10 16 15 1 7 0 19 8 6 13 12 19 17 3 23 10 20 30 16 8 15 26 23 27 20 23 26 2 22 4 15 10 8 24 0 29 4 10 15 6 2 29 27 16 7 16 23 15 2 27 23
29 28 29 23 14 13 24 18 28 28 22 10 9 20 12 22 23 21 14 10 9 30 16 24 23 1 0 22 20 17 7 27 10 27 20 6 17 7 19 23 29 1 0 9 26 27 18 15 10 7 2 5 7 19 11 6 18 23 17 13 5 23 4 21 26 9 10 13 3 25 30 16 23 6 5 25 3 19 11 6 14 25 2 4 8 30 0 0 13 3 9 18 3 18 26 14 30 8 3 23
2 25 3 26 6 23 14 16 8 15 10 11 26 29 13 27 29 5 18 27 7 7 6 7 17 8 28 30 15 0 24 5 5 21 11 17 27 11 8 22 24 27 14 17 18 21 2 20 5 9 0 11 5 13 1 4 26 1 29 3 16 21 0 18 2 7 12 23 21 18 13 0 22 18 30 5 3 5 23 23 22 22 11 6 30 8 2 17 25 24 13 7 10 3 19 3 29 9 25 3
29 12 0 9 11 20 24 26 17 11 17 6 15 3 1 5 2 0 23 23 30 27 12 19 8 10 30 20 27 1 6 9 4 16 3 24 29 24 18 28 8 20 29 5 20 19 30 23 11 8 13 22 12 5 16 20 3 6 10 12 23 24 4 20 18 25 8 21 30 27 13 14 27 1 9 29 16 4 6 7 18 5 4 21 17 0 16 25 2 5 19 25 11 22 19 17 7 24 23 4
9 24 19 8 17 12 4 5 26 15 26 26 14 20 21 3 11 20 4 20 28 23 1 11 8 30 23 14 27 20 11 8 17 28 4 8 17 11 10 14 19 27 2 2 15 22 4 5 19 10 25 24 28 13 0 11 21 27 3 28 25 4 22 11 15 6 11 5 17 10 28 18 6 2 12 15 4 26 5 25 6 4 7 28 8 10 27 20 26 3 26 24 24 5 13 27 11 24 10 17
22 14 26 8 23 13 4 5 3 10 19 17 12 15 2 19 11 12 8 25 6 20 23 13 15 30 9 13 29 8 17 11 1 0 0 30 19 0 7 5 10 9 21 3 25 16 9 25 9 1 4 0 30 6 7 22 26 23 17 12 20 14 4 9 23 9 6 29 7 10 3 9 23 28 19 4 17 18 28 3 16 3 26 3 27 27 15 19 24 15 3 9 24 2 15 0 11 26 23 28
24 26 30 9 20 28 30 27 10 16 24 14 17 18 3 23 10 16 11 8 3 18 4 17 1 28 28 24 23 28 0 24 13 18 19 5 30 30 17 29 12 30 26 9 24 4 10 29 21 17 16 17 6 30 30 2 21 21 20 22 15 13 22 27 1 16 9 26 16 5 11 22 21 17 0 1 26 3 0 2 13 15 5 13 4 29 24 28 22 30 9 24 11 28 23 16 23 14 8 24
4 4 25 19 7 25 28 26 18 29 18 5 0 3 2 14 27 15 24 19 9 23 14 19 20 21 21 7 12 19 24 16 4 15 10 6 25 8 23 2 17 2 9 12 18 19 0 27 19 4 3 3 8 12 7 13 8 30 7 1 0 19 25 28 26 21 10 17 13 14 8 15 1 27 5 30 28 29 12 17 11 30 28 0 16 24 5 24 18 12 12 6 16 1 25 29 21 10 29 26
30 28 2 24 24 5 28 14 8 14 4 17 27 8 26 23 0 30 11 29 1 28 18 0 28 13 22 20 0 3 17 1 17 24 8 2 25 10 16 17 30 2 11 17 21 17 20 6 21 6 3 14 23 7 6 17 21 2 30 18 25 9 6 16 23 3 28 10 25 9 30 30 9 2 17 23 19 23 12 7 14 14 16 24 29 15 14 14 4 18 30 20 15 0 6 28 0 28 19 28
6 5 27 13 0 24 10 30 13 11 2 9 12 11 29 26 4 28 15 30 12 23 30 10 11 29 23 27 8 19 15 22 25 4 17 14 26 17 27 22 7 30 24 26 16 27 21 15 25 5 5 4 28 16 5 12 25 8 28 23 8 25 29 28 15 10 15 12 16 12 23 20 17 28 19 15 23 2 23 27 23 26 9 26 19 20 29 22 19 24 11 30 8 22 11 5 19 2 24 25
18 11 20 13 25 4 5 9 9 23 25 12 9 22 9 19 30 11 7 0 2 13 10 13 2 1 1 14 2 9 24 16 4 16 19 17 20 1 0 29 23 7 20 11 0 23 11 26 3 23 8 4 16 25 13 5 5 13 7 1 26 15 29 6 16 7 11 23 5 23 20 4 23 15 17 13 7 0 21 14 10 6 9 1 23 12 12 24 13 15 8 15 12 28 21 14 6 21 18 8
2 7 17 2 26 23 17 6 12 26 24 15 17 0 13 21 18 26 16 23 12 15 13 26 8 4 12 8 7 3 7 18 17 17 3 1 8 24 29 21 22 9 14 13 4 13 30 11 20 23 13 11 0 1 26 6 6 9 13 15 22 26 30 21 0 13 15 9 2 12 1 9 14 8 7 3 14 25 30 5 16 29 21 22 3 30 13 27 27 17 4 12 29 16 27 16 30 15 9 18
19 13 3 15 15 1 15 19 26 28 14 0 30 9 25 21 23 19 11 0 22 22 14 30 0 18 10 7 22 10 29 28 20 26 2 24 20 27 29 18 3 22 11 23 29 26 19 10 13 3 27 28 18 2 26 16 4 4 6 24 19 22 6 11 29 2 6 28 1 28 18 3 7 14 8 21 12 23 28 22 6 15 13 14 7 14 28 26 23 4 9 30 24 4 16 1 18 18 24 9
2 18 0 4 25 14 24 3 22 13 8 8 29 2 30 8 19 21 11 12 5 18 1 19 0 15 29 16 15 3 10 26 6 3 20 10 29 27 21 13 0 2 26 30 17 23 21 7 29 11 29 16 11 18 7 27 3 2 22 4 10 7 6 19 22 18 26 20 7 8 6 5 7 15 7 8 26 9 4 14 12 13 6 9 4 26 6 7 22 25 16 16 19 13 8 0 25 19 8 19
24 24 20 8 11 25 18 27 9 17 4 5 16 17 24 15 30 25 14 4 10 21 18 16 27 7 22 3 8 1 12 3 6 14 21 17 2 21 10 11 12 22 17 3 26 2 16 28 27 4 6 14 3 23 14 28 25 11 10 26 7 11 3 13 10 18 10 28 10 26 28 26 14 25 5 26 30 11 12 23 11 19 12 19 28 17 18 17 22 5 25 1 30 20 2 5 11 11 17 7
14 8 15 27 9 19 6 18 27 22 18 30 25 5 11 26 28 23 20 10 20 26 0 21 28 7 7 25 17 5 14 6 7 11 21 21 8 5 30 10 30 9 12 0 21 13 3 4 22 14 28 19 6 8 17 6 12 13 13 23 6 3 8 18 3 28 16 17 24 10 28 0 25 16 1 0 11 18 30 18 1 1 24 19 15 22 16 9 17 28 30 22 28 8 26 19 7 22 19 20
11 19 19 10 15 24 27 27 2 18 6 11 14 0 9 11 29 8 0 23 9 7 13 8 6 19 0 25 21 26 13 28 0 24 12 28 16 29 12 3 4 15 23 29 3 9 0 15 15 11 18 26 29 20 11 10 7 28 1 2 1 3 4 19 29 26 5 6 16 11 26 4 3 11 1 19 18 29 27 6 29 16 21 28 2 2 12 30 1 0 0 9 22 19 17 0 15 18 15 30
30 8 14 26 19 12 9 3 21 25 8 2 13 2 12 4 19 4 8 15 19 9 28 12 27 14 1 24 15 30 29 8 18 4 25 10 8 15 22 27 1 6 6 17 16 1 18 17 12 23 2 4 23 12 19 13 6 2 2 19 1 3 19 21 3 11 5 7 28 21 22 6 7 18 25 3 21 6 11 9 14 17 29 26 3 26 10 1 8 10 30 16 20 25 17 6 13 30 2 14
19 26 0 23 0 3 2 7 26 29 30 27 9 10 19 18 4 7 29 1 17 5 29 21 28 28 14 28 15 11 22 23 22 4 2 28 29 6 11 21 9 3 22 1 28 6 30 27 9 9 24 4 2 9 28 27 29 9 4 21 14 17 14 22 24 24 8 16 16 3 29 25 20 6 6 1 5 13 25 3 6 15 21 10 2 18 11 10 15 17 21 19 0 17 27 10 6 29 27 11
22 6 25 26 25 19 28 20 7 3 4 28 27 25 14 29 15 1 20 14 0 21 2 19 4 15 0 26 25 22 16 1 30 20 17 12 16 15 8 1 1 12 30 29 25 24 11 7 7 7 25 5 23 1 7 25 16 26 23 1 27 2 21 24 1 11 10 1 22 25 8 6 27 19 24 9 20 30 23 24 26 6 7 15 8 29 14 14 19 26 24 8 24 27 14 8 1 20 11 17
7 16 12 10 20 16 12 15 21 15 26 2 20 7 1 13 27 11 2 21 13 4 1 28 24 14 17 12 25 5 17 10 8 20 20 2 23 20 26 13 10 1 23 25 13 16 19 10 23 18 19 4 17 6 21 21 19 17 3 13 12 13 14 19 6 17 26 22 9 26 18 8 26 11 2 15 3 13 23 17 19 3 30 8 29 22 12 19 8 10 25 15 25 13 18 7 24 12 18 4
17 9 28 17 27 10 20 10 20 24 17 4 9 23 30 16 24 30 0 23 22 5 22 15 22 10 29 29 9 27 1 16 17 30 6 9 12 26 7 22 1 11 0 22 9 2 21 17 11 18 20 16 14 19 7 24 22 16 17 24 18 10 15 0 25 20 27 6 11 0 1 12 2 25 3 5 23 16 5 3 30 13 5 0 26 7 28 22 11 30 14 21 13 23 11 13 17 21 19 29
17 28 25 7 9 15 27 25 10 7 3 25 19 14 13 0 25 25 5 23 11 25 30 10 3 24 12 9 16 17 28 10 27 10 20 27 10 29 1 24 10 26 18 30 14 1 17 30 2 16 12 19 18 5 22 14 24 8 30 3 28 13 16 27 27 30 5 16 8 21 1 16 21 20 5 23 13 24 2 6 13 27 23 18 9 12 9 2 27 11 20 24 22 8 6 8 24 15 2 7
7 9 14 24 18 16 18 17 13 23 27 30 2 12 20 26 4 18 2 2 28 7 14 30 15 4 10 20 13 14 14 15 12 16 24 30 2 7 0 18 25 9 29 0 28 25 7 28 30 0 30 1 4 22 3 12 24 16 19 18 9 6 14 8 30 4 28 17 14 20 26 26 27 2 28 8 19 25 4 14 29 21 11 10 2 21 29 20 24 23 26 1 17 2 30 6 29 7 18 6
1 30 8 2 25 24 27 20 7 20 19 15 0 1 25 27 15 2 4 1 16 14 24 11 16 28 14 0 4 1 2 7 13 6 8 25 29 4 0 7 30 13 8 10 13 12 17 1 20 26 20 15 18 28 3 1 12 19 22 18 5 25 11 21 17 7 3 28 1 9 29 12 2 7 4 29 11 29 16 11 1 29 11 13 26 12 22 25 13 19 28 17 17 22 29 30 20 5 1 8
12 24 2 9 6 18 9 22 19 28 25 26 26 21 17 3 15 19 27 13 29 9 16 15 5 0 26 27 5 17 24 21 18 26 9 30 9 1 13 4 27 0 2 29 0 14 30 16 1 12 25 14 26 4 11 4 11 21 21 24 20 9 7 2 12 19 12 19 5 2 3 12 23 15 3 19 9 19 30 27 26 29 15 1 19 15 20 8 11 24 30 21 4 5 6 23 12 25 28 5
19 0 10 25 4 20 9 0 15 27 16 6 21 18 13 24 18 21 9 17 11 23 12 9 29 30 16 23 24 7 4 10 26 6 26 0 4 28 12 8 14 12 11 12 25 8 16 18 23 21 23 28 25 26 18 18 17 27 26 11 14 13 19 24 26 29 25 21 9 23 29 26 19 8 22 9 3 2 6 18 22 30 29 2 26 1 1 21 23 30 2 10 29 7 6 25 0 11 16 25
25 8 11 17 22 4 27 13 15 1 28 23 27 6 26 5 6 24 3 0 22 6 19 26 2 9 4 8 6 9 3 4 4 20 7 6 5 14 2 0 4 21 10 14 24 3 6 21 4 1 10 15 9 24 4 6 4 26 22 4 14 15 9 3 15 26 24 16 5 21 27 13 8 4 30 18 29 25 29 14 4 28 5 16 3 29 18 28 19 6 19 21 14 24 2 29 2 11 12 4
17 5 3 19 6 10 26 21 6 0 14 21 10 5 28 25 24 3 8 3 13 28 8 15 29 17 4 10 10 11 8 26 19 3 16 6 10 15 24 4 17 25 5 17 4 20 26 5 25 20 20 12 10 2 3 8 4 22 25 5 16 20 11 28 1 1 9 3 15 4 0 7 9 26 12 15 21 4 26 8 0 10 24 24 30 2 8 10 6 23 28 3 21 8 29 1 7 20 17 10
13 26 16 20 15 11 6 6 3 3 4 2 5 10 4 14 25 19 1 3 2 21 21 28 11 20 25 11 26 10 0 4 20 27 0 18 7 12 10 15 26 19 17 16 24 16 14 20 9 12 26 10 25 28 30 17 23 17 20 9 24 25 0 6 6 1 30 29 10 11 20 17 16 18 22 5 2 21 6 26 25 14 14 14 1 14 28 17 0 14 15 22 30 3 17 26 21 9 8 6
23 5 19 29 3 27 8 27 13 27 17 30 21 18 13 18 21 14 7 3 19 7 5 2 14 22 24 9 11 26 19 4 7 15 20 16 12 22 3 29 6 0 2 18 15 27 9 1 22 0 12 10 10 14 24 16 15 11 28 12 8 29 9 8 20 10 17 29 23 3 7 4 22 21 6 1 6 25 13 19 2 12 26 11 30 7 24 14 3 19 7 9 17 20 23 28 5 26 10 21
16 2 27 14 26 17 24 17 17 20 13 17 9 14 2 19 8 19 4 22 17 11 26 4 21 2 3 1 7 6 3 29 6 4 26 26 3 21 30 6 20 30 14 25 27 22 16 20 10 2 18 3 25 19 27 16 11 22 22 4 25 0 7 25 16 1 26 13 22 23 11 25 2 19 12 21 4 8 6 13 26 4 17 1 11 9 9 14 4 25 11 7 29 29 10 20 20 8 26 8
20 29 13 10 17 0 10 28 26 4 15 29 5 19 0 21 14 17 28 26 24 5 13 24 20 19 30 3 2 24 19 3 22 1 18 30 25 26 18 16 14 28 14 17 7 19 3 29 16 25 10 2 14 8 0 5 29 25 23 5 28 1 17 13 30 19 22 12 15 29 6 29 1 15 18 7 5 25 17 11 16 10 29 18 14 4 21 4 5 17 14 19 22 22 30 27 14 3 22 28
21 25 6 23 26 28 25 28 26 18 0 7 7 30 17 8 21 0 0 30 28 11 24 11 2 5 19 20 24 7 6 21 0 18 27 3 21 18 26 2 18 17 28 26 9 24 20 14 0 23 28 4 26 25 22 0 17 25 21 13 30 8 24 29 10 26 3 12 22 30 8 21 24 18 28 28 24 24 22 8 20 14 22 11 10 8 16 3 16 16 13 0 6 14 3 30 6 22 23 22
13 21 27 25 21 8 5 25 13 20 14 13 4 8 13 4 29 29 7 23 20 27 23 16 3 18 27 18 19 30 17 17 15 27 9 1 14 29 10 1 13 30 7 30 14 15 25 14 13 14 0 22 3 10 28 17 17 23 23 21 20 13 20 2 10 19 26 2 1 25 25 18 25 27 23 4 6 6 16 16 6 11 23 8 28 15 26 11 12 22 10 0 30 6 10 29 29 10 29 23
9 26 15 5 1 8 25 12 9 15 21 16 24 3 8 22 8 2 0 5 16 28 24 0 30 25 0 16 20 19 0 15 5 15 12 27 1 0 3 23 27 25 6 29 27 21 16 16 27 14 0 3 21 12 7 25 17 4 14 3 21 5 23 22 29 5 11 1 1 5 21 1 9 7 29 14 23 8 1 13 0 18 10 22 14 26 21 22 15 6 4 6 5 30 15 20 2 18 8 2
7 27 24 8 25 30 29 24 18 12 29 14 9 22 4 28 13 2 24 22 10 8 26 15 20 18 23 28 6 10 22 6 14 18 13 15 5 7 12 23 18 27 18 22 15 22 28 19 25 7 16 1 30 29 11 2 17 5 0 14 23 15 22 4 3 3 1 11 14 23 23 3 24 4 29 22 13 6 13 27 25 23 25 23 30 2 8 6 14 0 18 0 9 7 16 5 21 12 17 10
20 1 6 17 5 11 19 28 0 0 2 13 4 2 30 27 17 30 28 18 24 29 4 18 18 5 19 5 16 13 11 5 12 1 23 30 19 21 8 29 24 13 24 27 19 15 11 9 5 8 19 23 16 25 21 23 22 15 3 26 0 28 26 8 16 26 3 11 17 22 22 12 29 3 16 3 18 13 8 0 7 20 2 15 5 14 27 3 24 0 11 28 3 6 23 8 30 2 25 20
2 17 23 19 27 16 4 24 23 24 17 5 1 1 14 16 7 28 7 25 8 10 19 1 2 2 1 28 5 26 17 26 30 24 23 20 24 6 19 21 5 22 23 20 29 13 28 27 23 29 16 10 9 2 11 14 24 29 17 20 4 28 19 30 1 19 8 5 29 6 17 9 15 19 13 24 20 21 14 6 18 2 16 12 14 21 16 27 10 28 26 16 0 18 30 16 0 28 3 18
25 4 3 19 3 23 23 15 20 11 1 9 23 1 27 10 23 2 16 19 7 0 7 0 13 5 0 18 23 29 5 9 10 9 26 13 8 5 19 12 19 7 27 0 19 26 10 2 5 0 22 30 12 30 26 18 7 22 6 16 26 15 29 11 17 7 14 6 4 29 16 21 4 20 8 22 18 20 18 5 27 2 26 30 21 13 2 2 7 3 21 2 29 28 0 20 28 26 28 11
11 6 8 4 9 27 4 9 4 19 11 4 8 21 12 25 18 10 24 15 13 8 9 6 4 25 17 24 26 4 4 10 23 3 11 3 24 4 25 23 3 4 9 7 29 19 9 28 8 7 9 13 29 13 15 12 11 15 8 28 11 8 12 28 23 10 18 6 4 26 5 22 13 4 11 25 10 17 16 7 3 5 5 29 12 5 30 16 21 2 14 1 17 29 18 5 17 26 24 14
14 6 30 8 30 15 3 11 6 27 29 3 28 22 8 18 1 16 11 11 11 6 4 2 19 7 6 16 15 7 12 1 16 2 20 21 11 16 28 16 1 13 16 13 29 12 26 3 6 9 14 26 2 26 11 2 0 4 11 12 25 9 19 21 28 11 14 19 2 23 1 27 17 5 29 8 26 26 20 17 8 7 6 14 30 1 14 17 6 4 19 5 25 0 20 7 4 23 17 9
9 29 5 6 26 15 18 5 18 27 2 14 3 27 27 7 24 4 28 24 19 30 26 10 21 22 6 2 25 22 0 20 28 8 29 8 16 24 20 18 1 26 5 9 27 20 4 17 16 7 13 14 15 30 25 2 6 27 30 16 29 24 7 2 19 30 15 10 21 22 16 16 13 15 23 15 30 18 17 14 1 17 4 23 6 10 4 16 7 21 5 25 26 27 27 2 22 13 22 26
15 2 12 26 29 6 27 25 4 27 5 18 24 10 21 5 18 22 29 29 21 13 4 21 21 10 13 3 3 23 13 22 7 25 30 28 13 23 7 7 30 15 28 10 14 23 2 20 11 9 3 7 23 26 6 24 13 30 21 29 25 2 16 1 30 6 4 30 1 28 17 14 22 23 27 0 10 5 14 6 1 6 9 11 22 23 12 3 7 12 20 5 14 5 29 24 7 16 21 22
9 27 10 1 1 25 0 2 9 29 25 4 0 7 3 29 27 18 25 9 3 27 30 10 19 0 0 3 25 18 8 14 25 1 21 5 14 21 14 8 28 17 8 19 0 21 12 22 0 18 1 14 15 3 5 7 4 21 2 30 26 29 13 19 0 1 21 3 21 25 25 3 1 17 16 25 4 25 15 4 21 8 0 16 5 13 3 27 20 5 18 19 26 22 20 5 13 27 21 30
11 29 22 12 14 16 18 24 4 12 30 19 13 17 13 25 7 5 2 26 2 16 13 17 20 18 14 21 3 1 7 5 21 21 14 9 13 4 15 21 15 20 22 12 30 18 22 15 14 17 14 28 10 25 26 26 20 0 3 25 10 25 12 14 29 28 17 11 23 18 30 15 2 1 28 21 20 14 28 17 14 3 13 24 7 11 17 16 4 13 5 28 0 8 19 0 27 7 21 29
6 23 27 15 10 5 16 4 25 24 25 6 13 13 14 25 25 28 11 1 16 18 15 7 4 21 15 28 9 12 13 30 5 2 8 19 4 5 1 8 30 13 20 0 14 9 7 28 11 29 10 28 26 8 0 30 21 24 17 13 15 13 14 25 2 16 1 3 22 4 4 27 27 30 13 5 24 27 16 14 16 19 22 29 21 6 29 8 4 19 25 22 20 8 0 27 30 1 13 15
1 16 25 14 28 27 7 14 13 30 17 20 6 26 4 10 12 20 13 24 16 16 16 25 16 14 7 18 20 5 8 5 9 19 5 3 11 7 29 4 10 26 13 26 12 23 30 14 22 6 17 27 13 4 17 2 6 20 10 22 2 11 10 15 24 4 2 19 28 19 30 10 30 12 16 3 30 2 6 8 26 8 15 20 7 27 2 16 21 24 3 3 15 1 19 21 4 7 5 13
26 6 23 4 5 5 26 27 6 28 8 21 13 18 4 16 16 23 21 6 3 18 17 2 12 19 9 12 22 12 12 1 14 6 20 11 16 11 23 1 13 0 16 15 9 5 3 9 29 24 10 23 17 8 5 3 8 16 23 4 20 15 20 3 4 1 0 4 10 6 16 4 19 14 9 12 7 21 21 20 6 27 2 11 30 16 0 17 16 17 8 21 8 1 25 22 7 28 12 12
28 1 26 7 1 6 23 18 26 18 24 1 30 10 3 25 2 7 27 29 18 16 19 11 0 26 29 15 8 1 10 26 9 5 18 11 30 5 6 6 25 14 2 15 19 28 3 18 4 15 17 21 4 1 17 27 22 8 0 6 29 5 27 30 10 14 14 13 14 25 22 29 18 7 3 22 16 20 2 22 16 3 23 14 22 16 12 27 20 30 2 18 4 23 30 19 14 12 19 18
28 14 4 20 17 20 28 17 24 3 2 9 23 21 20 0 7 22 3 5 22 20 30 0 3 3 26 1 13 25 14 23 24 0 25 19 19 11 18 1 14 3 22 3 30 15 15 11 6 15 11 9 3 27 10 0 6 5 13 13 17 5 25 10 29 11 10 3 17 21 8 27 4 19 3 16 5 16 12 22 8 18 15 30 24 19 0 5 5 20 26 4 14 30 29 7 25 0 21 1
19 19 9 12 10 24 5 13 19 18 23 28 3 5 25 20 2 6 24 13 2 28 27 26 21 0 18 20 28 22 15 25 1 26 14 2 2 28 17 13 9 5 19 26 30 0 23 11 25 1 3 15 19 17 8 7 6 22 3 2 15 17 3 26 15 6 3 14 6 4 13 3 16 1 12 2 12 17 22 1 20 24 27 19 9 21 20 30 25 21 11 13 7 13 29 20 12 27 2 22
27 28 20 7 22 18 19 2 29 25 18 22 2 15 18 25 27 12 12 2 10 4 25 17 28 11 13 3 16 13 3 5 24 22 21 30 23 18 15 26 17 25 27 4 8 4 6 8 29 18 11 19 23 5 29 1 13 26 27 12 28 9 13 12 1 0 0 4 5 27 5 12 26 5 25 19 3 8 30 8 30 13 22 18 23 13 27 22 26 6 1 27 15 20 23 29 26 2 8 2
26 20 20 27 17 28 29 4 27 3 7 5 24 14 21 7 5 4 4 7 0 12 14 20 9 13 27 4 23 25 4 1 18 9 19 24 23 24 14 27 8 8 15 6 20 21 2 23 1 19 19 10 9 14 26 26 12 28 28 28 24 4 3 11 20 15 4 9 19 22 26 17 10 29 29 9 10 22 14 8 14 16 7 3 27 29 26 15 28 23 27 15 3 4 26 21 1 12 10 26
