14 14
8 9 22 6 12 6 18 10 15 2 30 13 9 7
6 23 18 2 15 9 0 24 12 10 19 1 25 28
21 28 14 26 21 20 1 4 27 30 23 0 27 4
17 14 28 5 4 15 29 13 8 12 19 15 6 29
0 28 16 23 21 9 30 6 5 30 2 9 26 30
30 1 17 24 1 29 24 24 19 14 4 19 7 19
7 16 1 4 7 29 12 3 17 24 16 12 27 23
11 25 11 25 24 13 13 17 14 9 19 22 13 18
11 17 24 25 25 8 24 10 0 18 30 9 21 26
16 0 3 17 26 13 14 18 29 30 12 4 28 26
2 17 3 1 25 5 1 10 17 8 17 19 4 10
18 22 3 3 24 0 2 9 7 3 18 23 25 6
25 25 21 23 12 28 27 20 30 13 27 10 6 19
29 30 3 22 12 13 13 1 30 1 28 28 15 28
