17 17
29 18 2 22 24 14 16 26 27 4 12 11 22 19 10 30 16
27 16 28 4 19 25 19 22 4 17 10 21 18 21 21 15 22
23 23 22 19 7 0 10 14 19 28 7 10 30 7 15 22 26
12 2 17 21 13 9 7 30 4 26 30 6 21 8 24 8 16
19 18 14 6 29 2 25 19 20 0 16 2 25 6 27 4 4
28 25 27 13 16 18 20 19 27 4 11 17 14 7 23 11 26
10 2 13 29 21 13 10 18 30 0 15 10 20 23 25 11 19
1 25 24 9 9 4 16 10 2 7 27 29 25 6 6 0 13
4 19 14 22 12 23 23 5 9 10 20 27 25 4 15 21 25
8 9 8 7 4 3 4 20 21 4 8 8 12 15 22 15 25
19 27 9 7 20 4 11 18 7 13 19 19 3 4 18 12 20
12 15 2 9 0 11 1 13 21 13 6 12 9 14 19 15 15
7 4 2 28 27 4 16 3 1 29 29 2 28 25 17 26 11
17 0 6 18 11 27 24 12 16 16 21 20 3 12 2 4 5
30 15 29 24 13 6 27 22 9 27 6 6 22 2 3 17 29
3 12 15 11 27 13 8 4 18 13 3 24 6 5 19 22 27
24 19 17 19 18 5 4 11 1 26 17 23 17 1 18 2 3
