21 21
29 5 11 22 10 14 18 24 29 9 24 6 22 2 11 27 27 5 30 2 24
9 16 26 28 0 16 25 25 26 14 0 20 25 16 1 16 13 0 5 17 9
14 3 2 1 5 6 5 6 10 13 12 13 6 0 14 12 22 2 14 15 6
16 4 0 29 20 23 6 0 8 20 15 4 25 16 6 3 1 4 4 1 17
22 25 3 16 30 16 2 0 3 15 21 14 21 13 16 7 23 27 6 25 29
23 30 19 28 16 0 14 8 10 2 30 21 0 30 9 24 25 23 20 3 25
13 27 4 15 28 30 3 23 5 25 6 1 12 22 29 4 26 20 15 29 11
29 18 0 21 15 30 10 25 6 27 30 4 30 2 25 26 4 20 26 19 19
11 28 29 11 5 18 9 30 18 10 19 29 0 29 18 28 28 30 22 21 24
16 17 10 20 1 22 12 15 20 9 12 15 8 23 4 28 28 24 5 0 18
17 19 22 12 2 1 11 0 21 16 16 28 24 30 26 9 30 23 25 16 29
10 9 2 15 7 28 9 5 14 13 15 17 12 1 12 26 11 16 18 10 10
15 26 20 30 5 8 22 27 4 4 14 17 1 3 5 2 8 29 9 1 28
19 6 20 26 30 17 16 13 18 18 0 23 1 18 14 17 29 8 27 25 17
12 25 24 5 0 5 30 11 16 29 26 30 18 29 11 6 26 7 7 13 30
3 10 18 19 10 20 7 20 1 8 16 18 2 16 29 21 15 6 29 16 2
9 16 19 20 19 1 13 3 23 0 6 20 14 6 1 29 12 4 19 10 7
1 25 29 18 6 16 22 4 21 24 8 4 0 7 0 28 18 18 25 18 12
16 30 14 24 7 20 3 3 20 15 6 15 11 2 1 13 1 25 9 29 30
27 14 6 14 14 26 20 13 15 12 18 16 14 21 2 13 8 3 12 8 6
29 7 1 29 28 1 16 2 27 21 11 24 1 26 8 2 30 9 9 17 8
