22 22
13 3 28 5 1 25 9 22 4 29 23 19 24 19 11 19 20 2 21 24 15 29
23 30 0 26 8 6 9 4 12 3 22 27 0 27 27 6 9 2 20 23 30 5
21 1 8 5 15 21 9 5 26 20 12 3 22 28 16 9 29 1 22 10 7 23
14 27 19 30 11 4 18 10 9 19 3 19 11 20 0 19 16 15 11 2 12 27
13 20 4 19 20 21 23 11 3 2 28 23 29 13 9 2 19 22 7 0 8 29
26 24 3 24 14 1 9 7 19 0 18 2 28 15 4 23 20 11 5 7 6 17
3 17 17 15 3 8 5 15 12 6 24 1 23 4 19 21 30 28 16 8 20 26
28 9 13 21 28 1 23 25 16 5 27 18 10 28 6 7 9 0 20 28 25 24
12 8 0 13 23 4 10 14 25 15 8 4 13 0 18 17 14 7 9 17 4 7
11 22 24 7 29 30 17 26 18 17 20 15 8 12 20 29 5 22 17 2 3 22
21 6 1 13 17 14 6 22 10 8 8 7 20 18 4 10 28 11 12 8 9 17
24 1 28 20 24 15 3 4 18 21 29 17 18 14 16 18 24 0 11 4 15 30
23 7 21 30 15 23 7 4 0 14 15 21 30 6 28 11 14 4 19 27 4 14
21 13 5 17 7 6 11 9 2 5 30 26 19 6 11 28 11 14 21 9 18 21
23 21 18 11 11 22 30 29 8 26 29 13 13 3 7 18 16 24 22 1 23 3
17 3 16 15 19 25 22 26 23 3 19 19 22 12 19 15 29 2 2 10 6 4
6 30 4 23 1 22 10 1 1 24 1 15 22 6 17 18 28 5 27 9 15 12
20 5 22 10 4 3 24 13 22 15 29 15 21 27 0 13 10 14 8 19 20 8
20 11 13 29 17 10 9 2 9 11 2 13 4 7 17 27 28 29 15 7 15 23
3 5 9 12 16 25 23 28 18 6 23 13 22 14 4 22 23 1 28 27 15 26
14 13 20 13 11 18 7 28 8 6 18 2 3 21 9 15 22 19 2 6 28 26
29 4 24 28 28 27 13 21 26 0 10 6 16 22 1 18 18 29 2 12 9 24
