29 29
9 3 16 30 8 3 2 22 26 23 9 17 12 11 8 1 20 2 22 28 1 15 28 9 25 12 1 5 2
28 28 27 29 29 8 1 17 15 21 5 20 23 27 4 8 2 10 27 2 2 11 3 12 26 14 1 21 1
1 24 6 27 7 2 7 5 17 20 9 22 21 16 28 10 5 1 4 14 27 23 9 9 15 9 11 22 9
27 17 11 24 5 11 25 22 10 11 3 15 9 6 11 16 18 10 7 24 21 25 20 26 9 11 15 0 1
15 20 18 26 22 11 14 24 27 10 9 1 30 6 8 12 5 16 25 24 13 3 17 15 19 20 5 0 0
15 8 13 11 3 23 30 21 29 27 14 11 22 28 19 22 14 3 10 11 13 4 7 27 9 6 14 3 14
29 16 22 14 25 27 21 28 8 13 29 10 10 7 17 4 10 0 16 22 26 3 14 8 29 7 20 3 13
6 4 28 1 12 29 7 18 6 22 18 21 1 23 4 9 25 22 16 27 22 11 25 22 5 26 30 18 16
19 9 13 15 4 9 28 24 12 7 8 22 3 0 16 17 7 10 5 1 8 22 15 30 1 4 21 18 7
8 24 24 25 14 25 7 8 22 16 11 10 6 12 16 3 15 3 23 25 30 21 8 13 27 29 8 18 19
11 0 26 9 9 3 1 22 27 26 1 23 8 18 13 23 22 17 19 10 15 24 3 8 19 2 13 27 20
25 22 10 6 3 16 23 20 28 7 6 13 21 10 30 2 16 19 10 7 22 4 27 12 19 25 29 23 23
8 26 29 4 27 17 22 18 29 15 24 8 8 19 28 28 4 6 7 22 21 0 27 13 22 6 5 16 11
2 23 23 16 2 5 8 20 12 1 2 0 16 24 25 0 3 0 9 23 20 26 8 27 22 30 25 5 12
19 30 23 29 28 17 6 4 12 11 9 8 1 30 26 18 30 30 0 19 12 13 20 11 17 18 28 11 30
6 13 10 0 18 20 5 8 21 25 16 8 16 15 2 1 1 21 17 21 4 5 12 24 21 22 14 2 25
25 16 20 15 17 28 14 15 17 16 13 11 6 16 22 25 8 26 18 25 2 26 30 30 26 27 28 13 9
30 21 25 0 9 23 24 2 4 21 6 30 14 20 1 24 1 14 5 9 1 18 7 19 1 22 9 27 9
17 25 28 0 9 0 29 20 18 19 22 16 11 13 22 27 12 27 16 10 25 17 2 12 8 1 13 30 14
21 18 9 28 20 26 11 9 25 26 25 17 5 7 22 8 30 23 16 16 16 13 23 15 21 11 30 26 22
18 10 26 5 27 15 7 18 18 13 11 4 12 13 5 10 15 25 17 9 7 12 15 26 17 7 26 20 3
28 14 28 3 30 12 12 15 30 17 15 2 15 10 30 12 3 25 30 18 1 5 18 25 4 22 16 24 12
10 10 3 28 29 26 22 7 26 22 4 25 2 25 2 17 13 13 28 7 0 11 11 12 18 5 11 24 7
6 5 4 29 20 2 5 16 1 2 28 4 8 22 20 20 8 20 17 29 3 10 0 10 25 28 4 27 26
8 3 12 16 28 13 28 20 6 2 15 13 22 17 15 21 5 3 20 3 25 21 9 20 2 2 20 20 21
3 28 24 25 5 23 0 27 18 29 12 1 16 6 16 29 0 10 9 8 19 6 17 16 4 2 3 2 22
8 15 26 27 30 4 24 1 5 9 16 15 6 13 20 10 30 23 18 2 29 9 23 15 24 8 8 1 12
20 14 10 25 11 18 30 12 1 28 3 25 19 4 8 1 21 18 29 1 16 5 2 11 1 9 29 14 13
23 5 7 2 19 16 14 29 12 2 26 27 18 12 15 4 2 9 2 5 19 23 13 4 11 29 15 21 2
