30 30
29 12 23 10 2 15 18 0 24 19 30 28 5 23 16 0 23 30 17 25 1 6 18 21 30 4 22 5 23 14
20 3 19 19 8 21 29 3 8 22 8 28 25 20 27 22 16 3 6 12 30 14 18 19 14 19 9 10 10 23
20 5 4 22 14 21 30 16 29 17 18 18 7 3 27 4 22 9 3 25 10 25 8 12 22 0 15 30 19 15
28 19 29 11 30 16 13 29 17 29 12 28 30 27 1 29 28 28 9 18 28 15 0 22 23 8 1 12 0 5
14 26 3 9 12 27 2 12 5 0 18 15 25 23 18 28 10 27 5 30 29 20 14 18 17 24 21 3 12 15
25 21 8 29 0 14 17 13 1 3 23 16 26 7 4 11 5 11 22 22 2 27 15 2 14 4 3 8 28 10
17 28 13 3 27 25 3 27 7 8 7 3 1 26 13 27 15 8 14 29 18 8 17 14 5 16 30 25 27 14
17 24 28 19 2 28 3 25 27 19 17 29 26 9 12 6 3 22 4 29 25 13 23 20 7 20 21 19 20 14
20 4 1 14 8 7 14 12 7 30 28 4 25 18 7 17 29 12 10 7 10 28 29 14 14 13 7 28 4 11
22 13 22 22 3 4 30 3 0 12 11 10 3 15 17 5 6 13 23 3 14 17 14 7 19 15 20 27 24 9
16 18 21 5 23 4 23 2 28 20 1 17 22 14 17 0 16 12 6 17 12 6 24 6 3 23 16 0 25 30
5 19 27 0 17 23 25 1 16 13 25 1 23 4 30 23 4 20 12 5 4 13 14 14 2 5 25 5 11 24
0 8 8 0 7 29 7 28 5 27 21 7 18 12 11 11 5 23 0 28 1 7 4 2 11 29 9 29 1 21
7 10 5 19 2 23 16 27 7 6 0 16 9 22 9 12 30 19 10 26 30 29 9 11 13 2 27 20 8 13
28 19 24 9 4 20 14 15 12 12 28 30 1 22 17 0 24 25 9 27 30 8 15 18 26 8 3 26 29 0
26 18 27 7 29 5 8 28 21 10 25 25 30 20 20 10 11 6 26 17 6 18 18 12 27 8 2 27 12 15
25 5 19 11 25 3 3 5 5 12 28 20 17 4 12 22 28 8 20 13 29 26 30 25 6 8 18 14 29 13
27 7 2 9 10 11 14 4 23 17 29 13 2 6 11 12 3 13 28 27 12 10 1 19 17 18 1 23 12 2
6 6 22 18 0 9 4 6 28 14 21 20 13 30 29 10 26 17 22 13 9 6 10 30 16 4 14 21 9 17
28 25 22 19 14 13 15 17 26 1 4 24 4 5 18 2 0 8 24 19 21 17 10 14 20 5 5 5 10 24
6 20 20 4 12 28 6 30 13 0 6 26 21 14 3 5 1 21 1 21 18 25 15 10 27 6 5 0 23 4
21 6 25 6 30 27 28 17 22 2 5 3 14 10 9 30 1 29 11 23 4 18 2 14 11 14 29 16 1 10
2 0 26 4 29 18 6 5 22 8 19 21 27 11 28 11 8 25 21 29 22 16 11 17 17 20 28 14 24 9
6 19 29 26 15 29 9 10 13 10 28 7 8 12 30 25 21 23 1 15 28 26 5 16 1 21 0 24 13 27
20 28 23 2 8 12 0 12 26 15 10 6 6 1 19 22 15 23 20 20 14 14 10 5 11 20 22 19 3 18
19 23 29 5 27 30 11 15 8 13 6 9 26 11 10 11 26 19 8 30 13 10 18 4 10 14 16 30 18 16
9 12 14 29 30 17 26 24 14 8 18 29 24 19 28 1 27 8 8 27 23 7 21 26 28 5 3 3 26 10
23 15 16 26 11 29 16 28 17 12 14 10 8 18 23 13 26 24 23 16 22 6 28 14 17 29 29 8 13 19
19 1 25 30 23 23 5 28 8 18 27 9 29 22 12 19 14 26 2 7 12 6 1 13 9 15 6 16 15 18
17 2 19 5 27 14 21 3 12 12 2 25 17 9 26 10 16 6 1 22 20 18 6 17 19 22 15 11 14 27
