33 33
9 29 14 1 4 29 6 27 18 18 11 15 7 24 5 16 21 7 22 28 20 0 22 30 8 16 28 11 16 24 17 18 10
13 19 11 3 25 23 23 19 4 17 21 23 7 18 23 17 25 11 23 17 18 3 10 30 7 0 8 30 16 25 27 25 28
11 17 6 1 21 12 6 7 6 10 6 20 25 1 20 8 26 20 8 11 25 17 21 13 9 7 24 8 11 23 10 17 8
5 3 21 17 28 22 15 11 19 23 13 0 7 24 18 20 21 2 10 8 22 23 29 10 13 5 24 17 28 13 23 17 6
23 19 3 27 4 14 1 24 2 11 16 13 16 22 25 21 22 8 5 4 10 22 9 6 22 19 3 18 27 19 21 23 17
1 29 0 1 7 27 8 14 11 30 18 2 1 27 24 11 1 13 17 19 11 29 24 29 11 26 27 6 29 2 28 22 14
6 18 19 29 19 5 30 22 25 28 29 18 25 29 19 29 25 6 29 29 29 9 1 6 14 29 24 27 20 4 3 17 15
19 29 0 20 24 24 20 10 30 11 1 18 0 9 2 21 28 20 23 11 10 9 29 23 14 6 28 27 16 30 5 12 2
1 8 13 26 12 26 10 24 8 5 23 13 6 2 24 25 28 13 10 10 11 5 0 5 6 17 19 8 4 18 7 19 1
27 25 13 22 23 29 0 7 30 25 2 27 21 13 16 10 22 14 22 30 18 11 19 19 13 28 18 18 10 17 23 14 28
2 21 15 11 20 15 2 23 6 25 18 18 20 30 22 27 5 27 9 2 16 2 9 9 7 6 3 21 19 19 25 16 24
8 18 13 11 20 27 7 5 29 23 9 12 13 0 12 1 29 29 22 30 22 15 30 3 0 30 26 17 8 17 26 6 29
0 13 12 8 21 10 21 18 2 25 16 4 22 19 22 27 25 20 2 4 27 25 17 1 15 8 20 7 15 7 11 9 21
28 3 30 3 2 23 21 15 17 8 22 13 5 26 24 15 7 26 29 23 5 22 29 28 15 24 19 11 3 15 2 7 0
4 9 2 25 7 14 6 5 4 10 7 23 19 1 16 7 3 18 7 18 30 27 21 6 2 3 7 22 9 23 14 1 28
4 25 26 17 5 20 15 7 24 15 30 26 29 0 7 3 28 17 16 21 25 7 9 28 11 5 10 27 12 1 26 21 30
9 23 5 6 14 2 21 7 28 17 25 3 30 5 12 16 8 25 30 24 10 20 19 26 16 26 22 20 15 12 10 12 11
10 21 4 7 20 15 23 29 22 23 14 17 15 20 24 30 5 9 7 4 28 16 12 16 15 20 12 26 19 18 13 0 24
8 17 3 12 23 28 6 2 16 11 26 16 20 17 20 2 10 2 2 29 7 10 18 28 24 29 2 2 2 13 18 22 3
24 18 30 17 28 13 16 11 15 0 13 17 27 25 27 14 30 17 28 4 26 26 5 20 4 23 11 15 4 12 27 4 28
6 15 9 17 24 5 16 25 18 20 8 14 28 9 3 12 19 20 6 4 5 14 10 28 2 7 23 21 27 13 5 9 11
29 27 11 15 16 30 24 10 17 3 23 18 12 28 20 12 8 1 27 27 13 11 5 3 0 25 20 10 19 16 9 20 7
28 15 25 25 5 23 10 14 22 3 21 26 13 4 30 2 27 22 25 10 16 14 14 23 0 5 14 5 17 13 29 5 5
8 28 1 19 13 23 14 4 10 0 20 16 17 1 9 11 28 14 22 23 29 17 23 11 25 5 19 24 21 21 24 23 14
29 18 1 1 1 24 20 16 12 13 26 15 26 11 28 11 4 1 14 24 4 28 29 6 30 13 22 14 25 10 7 9 16
30 26 14 5 8 3 30 21 6 9 15 5 29 1 4 25 8 7 6 9 24 27 17 25 0 22 11 19 6 15 16 19 24
1 21 10 5 3 11 15 10 9 30 24 9 25 5 20 23 26 25 19 25 4 29 17 7 11 9 9 17 16 9 23 14 9
26 6 30 29 21 7 16 9 18 4 14 23 29 9 16 3 30 22 24 20 28 19 19 7 26 15 11 25 29 6 16 6 30
29 27 23 7 10 10 13 3 30 5 30 25 5 9 9 24 12 12 3 24 16 19 30 13 15 29 10 8 29 23 23 23 0
29 28 0 17 29 7 24 23 23 21 16 0 19 13 11 2 20 3 18 0 17 21 14 25 15 4 16 15 17 26 22 24 8
15 6 4 29 20 3 19 10 9 14 8 10 25 22 10 5 26 13 29 3 15 18 3 13 1 6 16 24 7 21 19 15 9
14 15 7 30 27 24 0 21 20 12 8 30 3 9 8 6 17 0 4 17 12 9 28 9 12 16 16 29 20 28 11 4 13
7 12 4 3 27 17 0 3 24 12 19 10 23 7 29 18 18 3 12 7 13 5 20 7 20 27 24 17 8 9 30 17 7
