37 37
28 6 15 6 6 5 8 20 7 21 29 29 21 14 1 8 18 5 3 30 8 18 12 17 14 29 30 16 11 27 29 4 28 13 18 6 12
25 8 18 20 13 27 18 0 0 14 29 30 24 3 0 13 0 0 1 19 23 0 7 23 22 5 2 26 9 25 17 29 10 28 27 22 10
19 15 4 22 24 2 16 7 25 11 27 1 6 15 14 15 9 17 10 5 11 2 12 6 17 2 27 1 1 1 5 23 12 5 14 28 30
5 7 1 20 6 8 28 23 19 27 18 6 7 1 13 12 3 26 22 24 27 3 20 11 25 18 0 2 0 16 20 18 23 10 7 22 26
26 15 27 2 8 23 6 21 3 20 19 6 12 7 14 1 8 8 15 29 1 16 12 3 12 6 15 27 8 6 1 23 25 30 30 3 21
14 10 24 23 12 0 22 30 6 11 16 5 8 2 12 9 14 12 26 1 7 10 15 18 19 23 8 25 26 11 14 13 6 19 20 20 30
6 14 14 17 0 21 24 30 4 4 24 29 4 7 15 22 29 14 22 8 13 21 9 18 21 14 23 8 9 26 26 9 15 20 19 23 28
16 7 15 8 22 2 8 27 20 4 12 11 27 5 2 2 14 27 13 5 27 5 22 25 19 1 24 2 14 27 17 22 24 26 29 10 9
30 27 27 9 24 12 9 23 11 18 10 6 16 13 7 30 27 17 12 17 17 25 27 8 16 12 28 21 14 12 3 5 30 13 14 8 5
1 26 20 27 4 1 23 17 20 23 10 6 25 2 30 17 9 1 26 11 19 22 28 20 17 5 0 8 26 10 18 12 4 5 30 30 10
12 13 9 29 3 15 5 28 12 21 16 4 18 1 18 22 25 17 12 25 23 6 14 29 29 27 15 22 19 12 19 24 9 2 0 28 30
11 19 23 26 21 24 17 10 6 13 0 0 20 17 4 17 30 18 18 10 15 16 22 8 5 14 28 23 28 7 10 25 8 18 11 22 0
27 26 21 15 10 15 10 0 17 18 5 23 15 7 11 22 7 9 16 21 13 19 16 3 19 5 12 4 20 12 14 15 20 10 14 5 29
4 10 17 22 5 9 25 18 28 23 12 3 4 11 13 25 4 30 20 24 20 13 5 4 2 30 26 15 1 28 9 26 19 23 4 13 25
17 2 29 25 9 19 19 28 13 12 5 6 26 19 23 7 25 7 24 25 13 25 25 25 8 24 23 19 28 26 18 21 30 16 0 5 2
10 9 14 11 23 6 11 1 12 3 9 7 8 2 3 27 27 13 24 16 22 1 9 19 21 4 11 3 24 2 13 4 7 7 25 29 15
18 11 13 23 25 6 18 30 6 14 25 12 21 22 16 15 26 10 17 1 0 10 9 18 3 2 29 23 22 22 30 4 11 19 18 18 30
30 30 25 2 29 8 16 27 5 7 4 18 19 11 6 10 22 19 24 15 12 11 24 3 4 18 12 0 18 0 14 18 6 27 14 0 14
6 14 18 8 12 12 8 8 22 1 0 7 5 24 6 26 2 29 21 19 5 20 10 2 30 10 5 24 26 30 18 16 25 5 27 17 11
13 24 21 18 25 25 4 8 22 16 8 4 27 28 8 10 14 30 25 12 2 25 20 1 3 5 5 0 29 19 3 5 21 0 16 1 7
10 3 0 20 10 20 28 20 28 12 8 25 8 11 0 14 26 0 24 1 10 10 26 25 19 13 8 28 24 22 7 26 24 13 15 19 1
30 13 14 25 21 3 16 24 5 13 23 4 6 28 15 13 0 16 1 11 24 21 25 3 30 16 15 30 18 30 21 16 21 5 1 22 16
12 10 15 29 25 3 17 20 21 9 28 22 14 8 0 23 12 9 2 11 22 15 25 14 5 15 8 4 6 15 27 16 13 4 26 20 8
22 12 25 1 3 30 15 15 18 24 21 28 21 3 21 2 16 0 24 17 17 25 0 11 25 7 13 13 12 1 1 22 29 11 9 16 10
21 27 2 13 12 10 19 4 30 19 17 11 7 21 17 6 14 23 19 3 3 6 4 8 23 13 21 29 29 13 23 19 0 25 8 23 20
9 22 24 21 8 2 18 5 9 16 0 15 28 9 13 21 30 5 14 17 24 27 5 20 1 20 22 12 10 6 7 2 5 21 2 22 13
23 27 4 21 27 20 15 8 12 27 22 29 22 25 7 27 27 13 1 2 15 23 12 12 21 9 28 20 23 20 11 20 28 13 14 16 30
2 13 26 5 19 16 7 24 7 18 9 7 27 0 26 5 27 16 0 12 29 27 0 5 2 28 5 9 20 2 1 11 21 23 17 8 1
27 23 25 9 4 6 21 4 14 8 20 7 29 4 28 2 17 10 21 30 19 0 25 25 20 28 15 28 26 17 19 23 21 15 30 20 27
4 9 27 10 23 30 27 5 0 18 10 4 27 25 6 27 20 3 6 21 27 30 27 24 22 23 8 17 24 3 23 21 24 11 11 29 0
6 20 20 16 27 15 2 12 23 0 3 3 14 14 6 26 7 6 21 9 13 3 10 1 1 24 15 1 4 26 9 1 11 12 17 4 4
27 16 29 27 8 4 19 10 2 17 28 24 25 5 25 9 14 4 3 27 22 6 4 14 19 3 8 27 16 21 2 23 22 2 27 15 28
27 15 25 4 19 22 16 28 20 15 23 13 8 17 24 26 10 21 6 26 12 24 9 29 0 20 12 25 29 24 22 6 16 1 0 15 8
29 4 11 14 28 28 7 17 20 22 29 28 23 16 20 19 26 23 10 23 11 22 6 17 30 26 22 27 30 2 11 2 20 9 28 23 16
18 21 3 1 1 1 2 23 16 24 2 2 21 7 25 7 13 16 1 16 29 13 8 27 15 2 25 13 28 13 30 30 11 26 13 2 12
23 6 29 6 30 11 28 10 30 13 12 2 6 8 18 0 18 8 24 10 10 0 25 3 9 25 4 2 10 13 0 10 28 19 16 21 2
4 22 9 30 7 21 3 13 1 27 11 11 15 16 9 17 1 13 12 5 3 14 3 2 19 1 7 7 23 30 14 9 15 20 28 18 24
