44 44
14 4 23 19 2 15 10 25 2 14 2 30 21 23 9 26 18 19 24 2 28 20 21 18 17 5 9 29 10 14 24 14 20 26 0 6 26 13 3 29 14 30 27 27
9 18 11 1 19 29 24 1 18 14 19 4 14 9 10 6 8 13 4 15 16 6 21 28 22 8 21 23 8 29 25 0 30 20 27 20 2 27 17 11 18 20 14 15
18 5 3 20 27 19 18 5 18 8 26 17 14 21 18 21 20 11 14 2 7 20 4 20 18 5 17 1 14 9 21 7 7 25 16 29 25 1 3 3 5 25 18 1
22 16 1 15 11 6 17 18 4 4 23 26 10 7 21 13 22 24 11 8 0 25 3 17 29 23 18 6 1 15 13 6 22 17 8 4 1 24 10 21 8 19 17 4
6 29 23 29 17 10 28 30 28 8 11 21 24 8 21 23 25 17 25 20 25 27 25 2 12 7 1 11 14 1 29 29 21 13 3 3 2 24 14 0 30 7 17 23
10 6 28 28 15 20 5 25 14 23 30 18 11 29 9 3 11 5 25 29 1 15 25 3 22 18 23 22 24 22 2 4 0 19 22 28 28 5 25 4 22 2 15 25
30 7 0 29 28 4 24 4 30 29 21 0 2 10 23 30 4 17 16 11 29 29 4 3 0 4 19 11 5 24 14 27 16 13 5 16 4 10 5 16 14 5 30 2
6 13 13 5 10 1 6 10 4 1 1 26 23 15 12 23 23 15 30 6 23 16 7 9 10 13 15 23 3 17 29 5 1 11 23 12 17 29 15 28 3 10 26 22
17 16 29 26 22 1 23 26 15 21 10 18 5 26 15 23 29 29 20 3 0 11 14 12 19 18 12 27 5 24 24 26 12 14 17 9 22 1 15 27 2 18 20 7
4 22 7 26 18 12 5 29 11 16 30 26 5 16 12 10 13 17 8 26 1 3 28 22 1 3 13 12 15 11 13 14 17 9 24 2 26 22 12 2 15 14 1 4
11 28 22 15 3 26 12 21 24 26 1 28 3 29 25 14 9 25 16 11 11 7 5 8 16 5 28 9 26 13 20 13 29 7 19 28 8 14 4 9 28 26 29 24
17 30 19 28 1 27 4 24 16 6 28 18 28 26 26 28 22 0 17 26 17 23 13 14 4 4 8 23 28 1 17 5 6 15 28 3 5 23 5 21 18 24 6 9
21 21 10 26 5 24 20 13 20 28 27 9 8 17 16 26 10 3 23 10 11 5 15 26 24 19 6 10 11 11 30 5 13 2 1 12 30 1 29 6 2 2 29 28
9 27 20 15 25 1 8 2 23 15 20 30 11 15 28 9 22 7 17 8 18 6 28 27 5 0 8 3 29 0 25 9 25 18 28 15 2 17 18 19 4 29 20 21
26 8 5 28 21 2 25 24 8 12 12 5 4 24 11 22 25 28 10 14 10 7 28 27 0 9 21 29 3 8 3 30 13 9 19 6 5 20 10 20 22 9 12 17
13 12 22 14 4 7 4 20 0 27 7 12 22 0 2 15 20 18 25 11 0 4 0 27 30 13 4 18 11 5 2 29 7 4 11 23 1 21 0 5 12 4 27 10
6 26 19 22 29 7 24 19 11 2 22 21 28 15 9 24 9 16 12 29 17 2 14 29 8 25 3 25 4 18 2 10 13 12 16 30 16 11 15 11 15 3 20 24
13 20 8 9 19 19 12 13 8 4 20 30 23 22 17 20 12 3 1 4 4 13 6 22 18 12 23 2 15 15 25 21 18 4 20 4 0 15 19 24 9 28 21 8
25 8 12 15 24 24 18 4 5 8 25 30 9 19 14 11 27 2 6 7 10 30 11 1 20 8 14 11 30 2 4 16 12 23 20 11 15 20 6 17 12 0 2 3
4 20 11 3 0 21 28 26 4 26 22 19 17 15 29 28 26 5 21 4 23 10 17 7 18 25 13 26 1 6 27 16 25 28 23 25 23 26 22 11 25 15 6 19
27 27 1 6 2 27 28 23 23 13 8 9 23 29 27 18 20 3 9 28 26 4 15 21 7 12 8 9 29 26 14 20 25 29 30 22 30 5 6 10 1 23 13 26
17 5 2 28 19 10 2 27 8 2 3 7 22 14 9 4 19 21 21 10 9 27 29 29 5 8 27 14 25 20 1 10 4 27 23 10 19 10 12 9 2 16 27 28
23 16 15 2 1 3 3 15 20 23 30 19 10 7 24 26 1 2 3 5 15 6 17 8 9 16 0 21 4 25 15 2 29 17 12 19 2 28 20 18 14 28 23 30
2 17 20 26 29 8 15 23 13 2 0 23 0 18 5 12 18 11 5 6 19 6 17 28 11 29 19 22 10 29 17 22 27 23 6 3 20 10 4 20 22 14 30 6
5 25 20 23 5 10 5 21 5 23 13 4 3 14 19 30 12 17 5 21 16 9 17 6 26 21 12 25 24 1 30 0 11 19 4 30 29 28 17 22 17 20 1 8
18 12 18 7 25 15 0 12 22 1 8 23 12 18 8 16 30 15 27 23 10 3 6 13 5 8 28 23 23 1 28 3 13 4 12 13 27 28 9 20 16 17 16 6
20 7 26 20 8 28 22 15 1 26 14 16 11 24 22 1 10 3 1 27 29 15 11 1 12 22 26 6 19 30 14 16 28 16 26 10 19 25 23 30 4 12 10 27
18 9 6 15 6 5 18 5 18 14 0 2 24 28 8 5 2 16 17 0 9 21 23 24 24 12 17 7 27 14 26 29 22 19 10 12 29 4 6 28 10 6 2 7
9 8 24 29 28 15 27 15 22 21 27 26 27 18 8 8 14 2 25 28 6 4 12 12 8 9 17 18 6 13 20 10 11 11 29 11 21 2 17 11 26 17 13 12
28 22 18 3 22 27 19 23 11 1 19 14 7 29 26 19 15 0 2 7 2 9 17 25 20 10 10 21 2 19 5 30 18 19 12 2 20 22 9 15 20 2 22 16
21 23 27 24 29 3 5 17 14 10 6 26 25 16 5 13 9 20 24 2 29 28 5 26 17 17 13 1 9 10 27 3 1 2 1 11 15 5 20 29 19 3 30 9
7 6 15 30 21 6 30 12 28 16 0 27 0 22 20 29 2 18 4 2 22 2 24 23 29 13 0 13 4 16 3 15 10 12 30 18 22 26 17 25 29 22 0 13
20 4 13 25 20 1 25 17 23 25 17 12 27 28 1 19 25 2 16 25 21 13 7 24 1 14 0 22 15 0 12 20 6 1 13 8 7 20 0 22 23 0 1 21
3 24 2 12 16 25 14 13 28 14 1 3 5 12 8 1 8 18 13 17 21 8 4 1 1 17 4 20 1 26 7 1 28 7 0 25 19 27 3 27 24 13 15 8
7 16 17 14 11 3 11 14 22 7 9 0 10 23 24 24 8 15 8 13 26 0 12 7 8 23 4 7 13 20 16 30 22 6 27 3 20 10 29 23 2 4 4 30
9 2 3 5 17 18 2 13 26 14 27 12 18 11 26 9 14 23 21 9 5 8 21 19 6 17 11 27 22 4 14 4 11 5 2 12 26 10 26 2 25 9 16 13
12 11 22 23 7 4 4 10 21 3 21 21 1 26 29 26 7 26 7 15 22 8 21 29 12 20 7 26 12 25 9 7 10 26 17 20 0 20 0 26 14 8 13 26
9 9 19 13 3 28 22 22 27 21 11 15 21 17 8 21 8 26 22 20 17 3 13 27 12 15 20 2 0 25 18 3 10 15 10 26 25 22 26 1 22 5 20 19
20 6 18 16 2 30 21 16 6 27 4 6 4 17 26 15 18 0 17 24 17 3 1 12 26 6 5 30 5 22 8 3 11 18 4 9 7 21 13 26 4 4 4 12
10 14 12 22 14 16 18 23 28 26 8 30 17 21 28 6 14 1 25 11 11 21 7 5 0 24 26 8 29 29 15 2 9 22 11 19 15 28 19 24 4 19 11 2
2 16 18 7 3 11 22 13 8 18 26 4 22 22 16 8 2 15 28 30 23 30 19 28 17 8 23 6 19 26 23 15 25 27 19 26 29 27 23 28 24 13 20 4
1 22 23 22 15 19 30 11 21 21 1 22 23 16 1 13 27 28 16 17 4 3 18 27 21 8 12 7 27 25 24 28 25 17 4 24 18 24 26 20 21 1 4 20
2 10 19 16 17 9 0 7 15 21 1 21 17 14 18 29 20 8 10 4 0 0 27 29 29 4 21 13 6 2 17 6 12 11 0 27 30 7 23 27 24 3 25 12
29 18 23 29 19 20 7 25 26 16 1 3 17 26 24 17 14 24 28 15 27 22 5 30 13 21 12 8 9 16 23 6 26 16 3 14 10 14 17 9 16 11 5 14
