55 55
17 27 24 24 0 22 30 16 2 6 3 11 23 18 22 9 23 13 9 26 18 14 11 18 12 28 13 21 27 2 26 19 22 4 10 12 22 17 4 18 19 9 6 29 5 9 19 6 14 14 17 23 29 21 30
13 11 17 12 12 15 22 12 16 25 18 12 11 25 23 7 26 22 13 13 1 8 21 1 7 20 25 25 29 3 16 0 4 19 3 17 6 5 28 15 11 30 17 28 25 22 22 3 2 4 23 12 2 14 12
27 13 1 11 8 10 17 15 26 20 11 6 2 14 13 3 19 29 24 19 0 25 20 16 14 30 27 13 9 12 12 4 23 23 20 8 29 28 10 6 12 25 10 29 11 14 17 17 12 8 29 12 25 25 23
30 11 14 6 4 20 3 22 15 20 12 2 14 5 27 8 12 28 21 7 26 5 10 26 4 6 17 20 7 28 29 21 4 4 4 28 12 23 16 17 14 29 30 8 7 25 5 0 11 10 5 28 24 13 10
1 2 24 30 19 0 29 30 5 25 3 3 26 29 25 9 9 6 18 16 24 12 1 19 29 27 12 7 15 11 18 10 13 4 23 11 13 19 25 3 21 5 6 10 19 29 17 5 24 1 12 8 3 20 13
10 19 4 20 22 10 10 18 3 1 23 21 2 28 17 16 9 19 11 2 5 17 17 15 21 20 3 28 29 7 3 29 4 14 6 20 20 16 22 15 9 3 27 19 25 26 26 13 9 4 24 20 10 11 2
19 1 25 17 7 12 17 8 21 15 17 14 23 15 17 14 26 3 17 14 8 28 11 16 14 27 6 9 24 4 13 13 7 7 12 21 1 7 19 21 3 16 11 16 22 12 21 22 23 4 21 13 5 13 1
4 10 8 9 30 21 21 11 4 23 13 17 17 18 21 26 0 28 5 2 5 10 4 24 7 26 15 23 14 13 1 21 9 20 8 14 20 30 13 19 20 6 5 29 1 30 5 17 3 17 6 8 10 21 17
5 5 28 17 21 6 29 4 13 29 9 2 26 5 23 30 20 23 21 3 11 18 24 17 8 11 19 3 16 2 14 11 12 16 18 21 17 11 18 30 1 22 17 13 0 0 23 4 1 10 2 0 23 19 17
14 19 7 25 10 1 15 5 18 12 27 26 25 11 7 10 29 27 10 19 27 12 24 0 20 0 6 29 9 25 24 29 5 27 28 19 1 21 28 6 28 12 19 22 22 11 20 11 27 29 5 30 15 4 24
20 10 15 21 15 23 5 14 2 10 3 30 2 17 13 0 6 23 11 10 30 0 11 6 6 19 8 16 10 11 10 15 27 21 13 12 5 10 8 22 28 25 13 25 17 20 2 6 30 7 18 10 24 12 30
10 16 19 21 27 27 2 14 14 26 27 15 11 24 5 12 8 6 10 13 23 3 8 6 13 4 27 10 5 9 13 5 30 18 6 7 5 18 24 5 28 21 19 10 10 12 26 4 18 3 1 16 16 15 1
16 6 0 15 26 19 29 5 5 25 29 8 1 9 5 6 13 29 10 23 2 14 18 23 20 8 8 16 20 21 19 23 23 16 19 0 27 16 14 9 27 16 13 10 24 23 11 23 16 21 27 29 2 6 27
16 15 11 2 5 25 2 9 17 23 8 7 22 5 5 9 4 29 29 11 8 4 22 15 24 7 17 21 30 24 7 17 7 15 10 1 29 14 13 0 26 1 5 19 19 14 11 17 1 8 16 15 12 7 19
5 11 30 29 20 16 0 25 24 25 24 28 4 14 23 13 15 17 4 18 17 7 27 14 26 29 15 25 23 7 5 29 0 12 27 15 1 2 11 13 0 24 11 11 28 16 3 14 24 20 19 4 17 1 24
9 25 6 0 4 23 25 8 7 25 24 4 5 30 8 7 20 7 20 15 23 13 24 1 2 14 16 14 17 9 30 4 27 24 6 5 26 15 20 15 28 14 19 15 12 30 17 18 11 29 30 7 8 14 1
8 6 0 27 7 1 0 13 15 26 21 4 30 9 30 29 25 21 18 22 23 16 26 17 30 23 5 15 7 25 24 16 9 16 28 2 29 20 26 0 7 9 20 2 0 11 12 6 28 30 12 3 4 10 28
24 12 18 24 4 6 14 26 11 5 4 21 12 2 2 0 18 24 15 19 26 26 25 20 13 25 26 17 29 12 22 27 13 3 28 30 26 3 13 16 8 13 18 4 15 11 20 20 16 28 14 9 4 9 11
22 9 7 5 28 0 7 16 24 2 27 5 23 6 9 15 26 11 13 10 8 14 24 11 12 29 11 22 18 23 2 6 20 29 21 6 23 10 8 1 10 30 14 0 27 24 13 22 16 11 15 15 26 12 0
27 9 28 8 11 29 8 11 7 24 24 20 1 21 2 23 16 15 25 21 26 28 19 26 6 6 17 2 13 17 15 28 25 14 20 4 8 16 20 8 30 26 30 19 15 7 4 6 17 24 18 10 22 14 14
11 27 29 28 30 30 5 3 13 26 2 8 5 3 25 30 3 26 11 6 3 8 30 5 19 28 21 12 8 2 13 26 19 27 23 20 20 5 12 10 12 9 26 9 0 13 9 14 10 27 16 23 13 6 13
1 8 18 26 11 24 15 21 12 11 16 26 24 0 20 22 29 18 26 18 25 12 30 11 25 19 26 21 1 20 19 10 12 10 15 13 26 25 1 24 11 10 18 30 30 26 24 25 25 18 15 6 27 26 9
6 17 23 19 21 0 28 28 0 22 12 21 9 26 2 16 22 8 3 21 13 11 3 11 18 18 15 2 16 28 18 13 17 29 18 9 3 0 23 0 4 2 5 24 2 18 4 23 30 20 29 18 0 7 9
22 22 10 12 11 12 9 25 26 12 1 8 4 7 16 13 30 4 30 26 5 15 24 20 24 3 10 19 12 13 19 30 4 29 23 28 20 8 19 10 27 8 23 3 29 3 14 24 22 13 18 2 21 23 18
3 18 26 13 8 21 27 14 9 30 20 0 7 17 19 23 11 22 5 4 5 5 28 19 19 8 26 4 27 14 15 26 23 4 18 29 25 24 0 3 28 20 20 12 9 30 13 5 28 24 28 22 25 13 29
2 27 4 16 7 11 3 13 17 16 28 18 4 25 11 10 11 26 6 19 0 15 8 5 22 30 11 6 2 6 22 5 0 20 24 20 23 22 13 1 23 18 14 0 8 17 21 14 18 3 10 20 4 28 27
26 13 16 25 27 2 29 1 6 2 8 12 3 20 4 23 3 17 26 11 29 30 9 1 21 5 8 15 13 30 12 2 20 2 26 29 7 3 14 13 0 9 28 26 15 5 21 22 7 13 23 19 4 23 7
21 23 22 14 24 19 13 5 12 0 30 15 10 1 6 14 23 24 27 14 7 13 30 8 21 25 18 30 28 10 14 22 8 1 11 13 15 10 29 11 2 26 6 10 12 2 14 26 5 27 24 1 11 12 18
20 15 26 14 28 18 11 19 4 2 19 13 1 3 4 21 10 12 5 10 5 19 14 8 22 19 29 19 2 13 11 18 15 12 2 22 1 17 24 7 30 9 27 8 3 18 2 17 30 26 25 11 14 21 17
12 30 0 6 15 6 23 24 9 16 14 25 10 23 26 6 21 9 21 3 8 6 27 15 19 10 2 25 7 19 28 1 5 26 25 15 19 27 9 20 25 17 11 27 6 16 5 27 16 21 9 28 14 23 3
20 20 23 12 25 8 3 23 11 23 11 30 12 5 13 18 17 29 7 2 22 22 1 22 3 19 4 8 4 13 9 5 28 23 7 4 7 9 17 9 1 19 27 5 28 26 7 4 21 0 3 27 23 16 25
14 17 17 9 26 2 13 20 29 22 26 25 13 15 27 15 18 22 9 2 10 27 27 2 4 30 8 5 28 24 2 2 29 9 16 16 1 20 12 6 5 0 2 16 11 2 3 26 2 13 13 12 6 15 18
15 0 19 1 10 28 24 14 25 0 14 28 5 19 19 14 4 25 28 10 6 30 24 25 9 27 26 11 1 30 22 5 25 28 8 6 17 9 29 11 30 25 11 24 26 27 28 29 27 19 9 4 24 26 3
17 21 17 7 25 1 27 24 21 29 29 15 29 24 1 19 18 1 18 6 11 30 20 28 14 10 18 9 7 18 6 22 3 13 13 27 0 27 17 27 10 14 21 4 5 6 17 6 26 17 23 8 11 24 12
16 18 27 5 28 26 20 2 14 21 24 1 7 5 10 26 19 19 28 3 16 17 28 6 5 17 27 20 12 26 16 3 14 13 19 0 5 27 13 19 21 28 22 25 19 24 24 26 0 9 17 0 14 21 12
9 15 15 9 17 21 4 12 8 5 24 24 9 5 27 8 6 26 23 7 27 6 28 9 10 0 24 3 10 21 28 17 26 30 24 3 8 4 18 14 22 28 19 6 9 8 6 23 3 11 14 1 29 23 18
2 5 7 11 29 9 8 26 14 14 25 10 8 0 26 29 19 17 21 5 14 12 2 11 23 26 9 21 28 28 4 8 16 3 19 0 8 19 2 8 27 27 27 2 1 14 24 8 9 14 24 14 0 25 26
16 3 21 3 3 3 30 18 21 3 25 1 27 1 23 29 5 17 6 23 5 14 2 22 29 7 8 26 14 1 25 10 20 16 20 13 16 8 1 10 5 25 25 30 9 9 4 16 29 29 8 20 25 8 29
17 15 18 29 10 13 17 28 30 20 15 2 6 27 10 4 15 15 23 22 14 9 8 5 0 23 29 16 22 1 28 21 18 4 28 1 6 12 23 14 18 13 18 2 14 24 3 25 22 10 16 18 14 8 23
6 23 13 2 20 16 28 0 7 7 10 29 21 3 26 2 27 29 22 21 12 8 17 0 22 12 29 16 15 5 10 11 28 28 0 11 18 1 8 17 15 22 29 27 0 20 29 4 19 13 9 16 16 5 11
6 27 18 19 30 28 1 27 22 3 21 3 3 11 16 3 23 16 1 4 30 13 4 13 19 4 28 11 17 21 27 24 23 19 28 25 8 26 16 12 27 30 7 26 23 6 1 6 10 29 17 1 29 0 7
3 8 8 7 24 12 7 2 24 7 19 20 14 10 21 16 30 26 12 29 9 13 5 29 22 16 4 5 1 18 20 3 14 4 30 6 23 14 9 26 4 0 17 16 7 7 25 25 18 14 25 7 28 28 0
3 24 11 5 3 11 1 7 9 5 29 25 16 13 2 7 2 0 26 11 17 26 27 9 2 5 4 8 18 10 16 1 29 14 24 16 9 13 2 29 10 11 7 1 26 23 17 13 6 24 2 4 21 28 7
24 18 25 19 10 28 1 9 14 1 6 1 16 6 10 30 1 10 16 28 24 30 28 19 19 16 14 7 30 9 16 14 0 26 17 10 7 17 30 23 27 26 11 12 4 13 29 23 15 5 1 11 7 15 12
3 24 23 11 9 29 7 19 6 0 14 29 18 0 28 23 30 18 14 26 10 4 2 5 24 23 26 11 4 9 0 2 14 2 5 26 17 12 14 13 20 9 17 21 11 3 3 10 21 29 2 23 3 5 29
8 13 28 17 28 4 8 28 7 9 23 25 28 1 7 19 27 13 4 16 1 10 27 7 1 3 5 1 24 19 4 8 2 22 30 19 1 0 12 29 3 26 13 14 1 14 26 23 7 28 10 14 1 0 4
2 17 20 16 9 15 7 11 15 2 21 24 26 2 11 7 10 30 3 19 5 26 21 23 20 0 6 0 29 15 28 11 17 1 3 17 0 17 3 0 23 14 12 17 12 3 13 22 16 26 21 21 9 6 9
20 21 23 26 5 20 5 7 12 9 21 10 7 12 16 21 0 8 25 11 0 18 1 30 6 12 7 4 15 1 28 8 3 16 20 27 5 12 19 21 26 18 30 18 30 18 15 29 7 6 27 21 1 21 17
0 1 26 27 29 25 13 20 28 0 8 11 16 6 4 30 9 7 1 3 29 15 4 17 21 12 27 2 8 23 17 13 5 30 21 9 8 7 1 30 12 11 15 11 2 16 15 2 14 27 21 23 23 25 4
29 23 10 18 5 18 3 4 26 11 14 9 5 16 30 20 14 10 14 4 16 18 4 11 12 12 3 16 23 23 19 16 11 6 29 16 22 1 26 30 26 10 18 14 28 20 21 0 26 10 4 22 16 22 21
20 0 20 2 2 1 8 6 26 7 4 26 21 29 12 12 24 21 10 16 26 18 4 9 14 27 21 19 28 9 14 7 21 10 4 22 19 6 19 18 9 10 12 25 5 1 1 9 18 20 19 29 14 4 8
23 26 11 23 18 2 4 28 15 13 23 19 4 11 3 29 16 25 13 3 18 6 7 7 11 26 3 20 16 21 11 22 13 19 24 14 15 18 14 14 24 0 4 1 12 5 14 17 7 29 5 27 16 26 28
20 20 12 11 21 19 10 29 19 8 12 26 25 18 25 7 21 14 13 21 7 8 28 18 20 16 16 27 5 8 19 1 8 3 28 7 19 23 10 24 16 25 10 10 23 7 23 5 26 9 8 18 11 22 7
8 12 14 30 10 13 16 18 13 14 18 25 28 10 26 20 3 22 18 8 30 20 11 18 20 26 20 21 27 14 22 25 17 15 4 5 23 25 8 14 12 5 17 25 21 6 18 26 26 27 26 25 26 30 6
9 22 26 9 0 7 24 12 5 23 9 10 22 10 28 6 20 26 21 19 21 20 1 26 8 24 9 11 5 20 6 24 20 12 2 0 27 15 6 23 27 28 30 3 7 10 3 16 23 10 1 17 21 20 10
