56 56
10 28 20 27 13 18 24 11 2 22 20 16 28 2 19 3 7 3 21 13 27 0 2 26 13 22 11 28 0 20 11 7 8 10 21 2 26 7 29 25 13 13 5 20 23 12 16 28 28 5 22 8 9 28 3 30
12 14 21 1 29 18 16 29 17 22 24 9 28 20 23 21 12 27 8 13 29 27 9 10 3 11 10 8 14 10 23 22 3 28 21 9 26 24 18 20 19 25 28 23 27 29 8 30 23 24 30 4 0 14 20 9
15 6 11 8 29 13 27 11 23 23 0 0 22 25 30 6 6 8 7 20 27 28 26 21 19 26 29 19 21 2 25 18 15 3 2 25 10 8 18 12 4 29 19 3 5 13 8 13 4 24 14 13 15 8 22 20
29 6 25 1 26 23 28 0 28 21 12 6 11 22 2 26 13 19 4 23 0 16 29 0 22 13 27 7 8 13 16 22 19 14 2 6 27 21 25 22 7 21 8 24 12 29 24 10 15 9 15 20 25 30 22 2
8 25 24 22 25 14 1 0 10 6 6 1 29 1 17 24 11 16 22 1 7 16 2 6 12 5 30 0 4 29 8 0 12 15 22 21 14 30 0 30 16 23 28 12 30 5 30 4 22 2 10 30 5 2 19 20
19 6 14 16 8 7 24 28 14 29 26 2 20 24 12 29 18 2 14 29 3 20 7 15 18 7 25 28 10 4 26 14 21 5 7 8 21 24 27 17 1 5 22 2 17 10 13 5 28 2 12 24 24 0 22 8
12 24 28 8 19 29 15 7 27 2 4 7 1 18 7 28 21 8 30 5 27 2 27 23 11 26 2 27 0 6 0 2 9 13 24 2 19 2 30 8 5 14 14 2 2 13 27 16 4 22 3 16 2 6 26 25
23 26 16 29 14 4 2 4 24 0 19 8 8 10 23 30 11 26 5 26 27 25 11 9 27 10 16 21 7 28 26 9 23 1 14 19 10 20 7 25 19 28 18 27 17 0 23 14 15 1 23 24 19 14 21 24
20 12 21 23 9 27 11 4 25 25 20 21 16 2 10 29 8 3 12 13 6 3 26 25 11 12 10 19 28 25 4 3 29 7 0 16 9 28 6 3 7 20 10 6 9 3 24 20 1 25 29 21 16 23 18 12
14 22 23 25 27 26 3 6 5 23 4 18 23 22 14 22 16 24 21 9 26 16 21 13 30 27 7 3 8 25 14 25 23 9 2 3 24 19 18 7 28 10 2 3 1 1 13 17 22 26 15 28 2 26 17 23
15 28 27 8 8 3 14 4 29 16 2 19 30 18 24 28 19 11 16 27 10 3 17 30 21 28 24 7 11 20 18 13 29 15 25 10 26 15 5 10 18 19 13 18 5 19 9 17 7 7 3 6 3 4 13 22
19 29 21 29 29 17 18 23 26 8 17 29 10 29 0 14 9 6 4 24 7 13 11 25 28 25 2 10 22 23 19 11 4 15 10 20 4 30 2 25 26 22 19 30 4 16 24 10 1 16 26 8 21 21 7 4
10 20 8 24 28 5 26 8 19 25 7 5 25 23 9 8 7 30 20 25 14 23 22 28 17 7 30 9 7 20 19 25 4 18 21 11 11 21 12 26 4 25 21 29 3 6 20 28 5 1 25 15 16 11 18 22
11 27 15 16 12 26 27 26 13 30 11 18 21 28 1 18 17 14 1 9 16 14 19 19 0 11 3 30 16 14 11 3 8 15 18 5 3 10 17 27 27 27 28 30 18 19 11 21 10 29 10 24 5 14 24 1
17 11 16 12 9 13 17 24 14 24 1 27 20 10 17 28 7 6 11 4 1 28 23 17 6 7 17 11 20 25 5 19 14 16 8 4 22 25 27 20 18 25 4 18 19 17 0 11 18 17 29 13 28 0 15 24
29 14 24 4 21 6 8 5 22 8 26 20 30 27 19 4 3 20 27 0 13 26 19 10 30 22 7 11 12 6 2 26 12 1 19 10 4 11 28 29 10 2 29 28 23 20 0 24 21 15 18 6 10 10 23 5
19 0 21 29 16 19 30 24 3 20 17 29 21 4 15 8 11 28 16 19 16 27 14 26 19 13 10 23 14 13 21 8 21 2 30 0 16 9 30 11 3 8 14 12 0 18 15 16 25 25 12 5 11 0 17 13
1 20 2 27 21 6 13 25 22 27 28 17 3 15 20 16 18 28 1 11 10 25 23 28 15 19 16 20 21 14 0 11 16 29 6 21 21 18 3 16 10 17 3 25 26 29 22 6 18 26 4 15 26 17 10 8
12 8 30 1 17 30 3 18 8 5 15 15 24 25 16 15 3 23 22 24 9 14 19 5 14 15 10 3 11 22 18 28 3 16 11 6 4 4 22 4 4 20 27 6 21 8 16 16 12 7 27 13 9 28 21 9
11 22 18 14 11 6 23 28 13 5 24 14 10 8 26 6 26 14 28 2 12 21 22 23 6 1 19 7 24 18 19 25 26 19 7 12 6 11 1 29 26 15 5 1 13 20 5 30 26 1 10 20 4 26 19 16
15 26 15 7 28 18 7 19 2 0 10 12 12 10 16 15 20 20 11 22 12 11 20 30 2 19 12 27 23 27 5 18 25 22 4 18 6 23 20 3 19 8 11 28 8 0 5 21 16 6 30 1 8 18 26 5
1 18 21 9 4 14 13 7 4 16 18 16 1 13 22 21 28 25 10 21 18 7 12 26 21 17 18 27 26 8 25 24 5 18 17 18 7 16 7 25 8 19 25 0 27 30 20 24 15 17 6 15 20 25 21 11
25 18 15 28 24 1 14 6 3 1 15 2 5 28 14 7 13 18 1 7 6 29 10 28 17 21 11 26 16 13 28 30 20 2 25 26 19 2 12 8 23 11 25 4 25 3 18 18 8 3 17 26 24 8 23 11
16 1 9 18 15 8 17 13 20 9 9 22 22 16 24 23 4 9 3 26 26 26 15 0 7 0 25 7 7 2 17 10 12 22 3 30 11 1 26 29 25 5 12 16 10 7 9 28 7 22 7 4 16 15 26 28
30 2 8 21 11 16 25 15 27 1 26 7 16 12 18 9 26 20 24 17 25 5 25 3 24 2 11 20 30 10 1 25 4 12 13 15 13 19 23 7 15 5 29 4 26 25 8 8 1 23 11 24 10 0 8 6
6 4 7 25 15 28 8 7 29 4 21 23 4 9 30 10 22 25 1 16 18 23 6 20 30 15 13 14 26 25 12 16 17 29 11 10 11 28 4 28 24 25 3 15 21 17 27 23 15 8 15 7 20 20 15 20
2 9 20 4 11 24 11 3 27 23 13 14 18 19 24 20 8 14 12 13 17 20 19 23 23 7 18 29 19 0 25 8 15 22 6 28 18 26 25 8 7 22 28 10 6 12 5 18 23 18 16 14 26 20 28 26
10 10 1 19 23 4 2 21 6 19 7 22 19 20 0 16 3 24 28 12 25 5 7 22 27 11 14 19 16 26 10 4 1 25 13 15 1 5 3 5 7 2 26 19 22 3 7 20 29 15 16 18 4 7 19 16
12 27 3 29 26 14 23 6 30 25 27 22 17 23 5 25 13 8 23 7 24 22 28 8 2 3 10 4 21 23 3 30 12 3 28 11 5 26 9 22 14 24 15 5 0 30 5 19 19 16 28 18 7 15 21 20
19 25 10 20 22 15 22 15 30 19 17 14 10 29 6 0 26 25 15 9 9 0 2 10 28 6 19 16 8 19 1 1 23 25 7 25 13 8 21 8 28 16 8 10 27 12 17 22 29 2 7 15 23 8 10 14
11 1 3 13 16 2 11 10 0 9 22 30 23 26 11 23 18 16 29 19 10 17 30 14 10 29 2 13 9 21 6 29 27 18 1 13 21 24 23 20 24 29 1 10 3 8 30 4 10 25 4 2 1 4 21 11
13 6 7 28 29 25 10 0 19 6 26 25 23 12 16 7 17 3 21 21 21 23 24 15 13 18 26 14 2 9 12 17 21 24 10 22 23 19 15 17 11 24 10 2 30 14 18 0 21 3 8 17 13 5 29 4
5 17 29 1 9 7 8 29 1 14 2 15 23 24 16 29 26 5 28 19 17 18 13 12 4 17 15 8 2 20 20 14 16 2 24 1 23 30 0 15 29 23 29 6 5 3 22 5 6 26 24 28 2 19 12 9
19 28 30 18 13 21 9 4 18 18 13 13 22 0 21 14 8 27 22 14 23 27 27 11 1 22 21 1 10 25 21 25 23 2 8 21 10 9 26 13 14 19 21 12 19 12 8 27 5 14 12 8 13 9 29 16
21 23 17 16 0 30 26 0 20 5 11 3 20 12 1 2 12 17 5 23 22 0 10 5 19 29 5 13 9 27 13 12 4 11 20 30 12 16 25 1 21 4 19 8 22 29 22 3 20 0 3 24 15 30 14 28
18 18 8 23 10 23 8 30 22 3 13 0 0 11 13 1 23 23 19 26 11 29 26 1 21 24 30 16 15 1 4 12 17 7 23 21 18 29 19 8 8 8 17 19 18 14 23 20 27 19 5 23 14 21 2 30
7 23 21 16 2 29 21 25 1 5 29 25 26 16 5 8 15 0 4 10 10 15 10 28 5 13 8 21 27 4 30 28 12 29 8 26 7 20 29 18 13 9 11 30 17 1 19 8 17 7 16 12 21 16 29 30
9 29 20 0 26 1 14 25 7 26 28 21 19 29 28 8 9 17 13 8 17 11 3 1 7 9 4 1 1 27 21 30 9 21 17 25 8 23 6 30 1 19 0 18 29 18 6 1 24 15 5 22 3 3 4 26
4 13 22 13 15 21 4 27 1 18 8 25 19 12 21 12 7 16 22 13 9 9 14 20 22 11 14 20 0 7 6 20 13 24 30 9 12 25 7 19 13 25 2 9 15 20 18 10 20 12 9 7 14 25 26 12
28 6 12 13 21 17 7 7 15 0 19 16 22 16 16 24 12 12 11 3 24 17 13 18 18 29 28 27 26 28 26 9 25 14 23 8 0 13 21 19 5 24 3 19 28 28 28 21 14 4 13 23 0 9 17 11
28 9 2 23 7 3 3 23 9 5 30 12 2 8 26 1 17 9 15 7 18 22 15 29 8 15 21 13 0 15 5 25 4 20 24 20 30 26 15 2 3 0 13 23 2 8 15 28 7 11 15 29 23 4 10 0
20 24 19 22 21 2 29 16 14 16 30 29 8 8 26 16 8 25 29 5 23 14 11 28 13 13 28 30 26 26 12 20 23 15 29 0 15 12 19 3 7 20 24 8 22 21 26 16 30 30 14 25 18 5 23 15
7 6 18 28 19 18 10 18 14 10 30 10 18 0 25 11 4 5 20 24 22 2 27 28 15 19 14 7 2 4 17 19 7 15 5 11 7 26 12 5 28 30 12 10 4 5 11 28 29 25 21 12 14 6 12 19
10 20 16 25 2 27 17 4 30 22 2 8 1 19 19 28 20 29 20 24 5 5 5 30 10 29 13 15 7 24 26 19 2 0 26 16 18 3 3 2 24 24 25 10 27 20 6 9 12 19 14 14 10 23 25 7
18 19 15 0 0 27 19 18 1 5 2 26 13 28 2 7 8 21 8 12 29 19 28 25 19 19 2 19 21 24 10 22 20 18 26 8 2 4 16 28 30 4 14 3 28 13 23 8 10 0 4 22 3 1 22 12
4 24 15 11 10 24 20 8 4 1 2 22 2 0 1 14 7 3 25 6 3 18 14 5 19 14 15 30 18 30 30 16 24 0 2 10 19 20 4 12 18 22 9 9 16 25 1 28 2 23 22 0 26 9 16 25
1 3 11 12 17 6 22 13 23 15 30 17 1 2 12 6 0 24 0 30 16 30 3 11 19 6 22 5 2 0 30 9 14 1 0 29 13 16 18 0 8 27 26 11 22 7 25 25 9 7 16 13 7 6 1 19
7 2 8 16 17 11 29 4 12 17 28 0 13 21 27 1 1 4 27 23 19 21 3 15 30 7 22 22 24 5 25 16 28 0 11 3 20 16 26 7 18 24 17 23 29 1 29 30 22 23 10 0 9 30 12 14
30 11 22 30 16 22 22 6 4 29 15 6 0 8 0 8 22 8 24 11 25 29 29 6 28 25 3 25 19 30 22 15 1 28 23 27 2 10 18 26 1 1 19 13 5 12 8 8 11 24 30 28 18 14 15 13
12 30 20 23 9 17 25 20 3 22 5 9 22 13 1 22 12 18 19 25 20 13 8 1 26 22 6 12 13 20 14 21 30 18 5 22 25 4 27 16 4 22 29 4 0 18 13 17 16 11 9 28 29 1 18 10
12 13 16 18 8 27 25 23 9 25 12 25 14 16 1 29 5 3 17 10 12 18 3 14 24 13 4 19 5 12 20 6 26 5 18 1 29 0 22 22 26 11 1 18 17 0 3 8 5 16 26 24 10 23 20 27
22 21 8 27 20 13 16 8 8 0 6 24 26 13 10 12 18 20 8 20 22 26 4 18 22 23 14 21 22 17 19 3 16 16 6 11 2 10 25 9 4 27 23 30 24 24 16 12 27 18 4 5 6 20 28 27
23 0 6 3 15 0 10 5 15 0 5 29 18 14 30 29 4 8 27 29 28 20 6 21 11 21 24 25 5 3 1 11 22 8 5 8 6 7 23 3 7 14 0 9 17 4 2 28 0 18 26 6 12 0 19 30
23 3 1 24 12 6 21 2 6 6 22 4 20 22 2 26 15 22 13 28 1 23 7 19 11 2 8 25 18 18 13 8 10 4 3 27 9 18 4 0 11 3 9 7 2 11 25 30 17 6 11 25 27 8 3 24
26 4 26 4 16 23 16 23 20 23 27 7 20 26 28 17 1 13 19 6 23 4 30 23 15 1 13 9 15 30 6 20 2 12 29 16 2 7 26 18 16 0 5 3 20 2 29 7 9 25 26 9 7 4 3 26
5 23 24 21 26 16 14 4 8 3 17 7 1 1 30 16 30 24 26 21 28 26 4 24 1 22 6 24 18 25 9 14 17 20 19 8 11 20 7 11 14 27 6 17 19 18 10 24 26 22 15 29 16 21 5 11
