57 57
8 7 8 2 0 18 28 22 4 23 26 17 7 25 27 5 3 14 23 8 8 10 29 5 11 4 7 25 10 14 30 21 26 26 11 4 12 27 14 13 0 13 28 29 11 14 24 11 6 28 16 2 3 25 4 15 22
22 25 29 16 20 3 8 7 5 14 6 9 4 16 10 0 15 13 6 6 27 20 2 14 22 15 30 5 23 25 15 9 1 26 7 23 4 27 25 27 5 7 14 0 28 22 19 12 18 15 6 28 18 19 15 23 13
9 17 22 20 21 22 8 10 7 25 13 19 29 15 12 19 27 29 2 2 22 14 21 7 6 24 25 2 21 12 9 3 12 29 24 10 21 1 29 21 16 30 1 6 10 1 15 2 7 25 19 19 3 29 13 16 23
26 18 23 25 24 9 14 20 7 10 7 14 24 6 6 9 27 1 20 1 21 11 29 15 5 12 27 4 0 1 26 7 11 13 13 10 5 9 16 24 28 24 3 18 13 22 18 24 15 1 14 4 3 8 26 22 25
23 6 11 15 2 18 4 9 27 1 22 1 13 20 24 10 27 10 17 20 18 17 20 0 16 30 14 4 6 11 13 29 29 11 9 2 8 8 3 9 6 16 0 17 10 25 18 15 16 7 28 6 20 22 23 17 29
21 23 16 15 4 27 30 19 3 18 29 18 8 29 19 14 19 9 26 23 28 1 25 4 18 15 15 4 14 15 27 25 26 7 10 24 2 21 19 29 26 21 6 12 2 5 10 8 15 1 25 30 10 30 6 11 5
25 10 17 22 5 9 20 28 28 18 25 7 19 6 4 6 29 18 27 15 7 2 22 28 8 16 29 12 28 17 21 6 10 15 18 9 7 1 4 11 28 2 11 20 29 25 3 2 23 11 15 16 18 28 3 14 1
25 26 14 9 27 14 5 10 12 11 5 2 18 17 0 0 27 8 26 5 30 2 20 20 15 8 10 12 16 12 1 2 26 7 6 22 6 0 17 20 14 20 28 5 29 23 7 19 5 7 26 0 20 17 2 14 6
24 11 6 15 2 18 20 13 10 12 8 25 8 8 29 19 25 21 11 28 21 30 18 2 7 16 24 22 23 4 18 1 24 0 7 14 16 1 2 15 30 9 1 24 3 27 19 7 11 29 11 17 12 18 18 9 0
28 4 4 15 6 9 3 11 15 23 23 2 10 10 3 15 6 17 23 29 7 10 3 17 19 22 5 26 17 21 0 10 22 3 28 13 16 26 8 9 28 27 10 13 28 28 3 15 10 24 21 25 15 20 9 13 6
29 8 2 5 26 14 13 23 2 29 28 9 27 23 12 26 6 14 18 19 3 17 20 6 23 4 17 21 22 20 12 6 23 26 4 10 0 28 22 10 16 9 22 26 17 12 25 14 20 9 13 2 22 28 8 13 0
12 27 6 5 8 0 9 22 25 7 2 9 16 13 19 28 6 6 11 26 20 19 14 3 10 20 18 0 25 15 4 20 9 17 17 9 22 1 8 2 11 0 11 10 11 29 19 10 12 7 1 14 5 22 5 2 8
27 8 2 11 6 23 21 21 3 6 12 22 18 19 12 21 27 29 25 11 5 6 19 26 20 20 11 12 21 9 2 10 30 20 17 23 19 3 6 3 11 15 21 1 26 18 22 15 18 29 0 26 7 22 19 24 21
24 21 18 21 4 20 15 28 20 21 6 3 10 25 8 14 11 18 6 4 25 30 2 23 26 2 14 15 26 15 21 10 27 12 11 10 0 18 18 26 12 17 12 22 11 0 3 21 25 28 24 30 2 17 15 22 5
25 0 18 23 17 23 4 5 12 22 8 4 0 18 15 1 28 2 15 9 21 16 11 19 11 9 12 22 16 14 5 5 24 16 4 0 11 7 30 9 0 11 11 18 25 17 18 6 17 16 8 26 2 19 4 11 26
12 1 27 6 11 2 4 15 9 6 14 18 29 8 19 5 12 30 10 20 28 6 28 21 2 0 12 17 29 9 5 17 19 21 8 2 7 15 25 20 23 12 23 19 5 27 8 14 19 28 0 15 9 8 10 18 0
18 22 1 29 27 10 23 16 22 22 18 4 16 29 20 5 2 20 4 22 22 23 21 27 13 24 28 21 29 3 21 15 10 17 14 15 1 9 1 16 30 15 5 23 26 4 12 12 1 25 21 10 23 15 0 24 3
20 9 26 22 29 25 2 18 14 29 20 12 10 2 0 25 12 13 0 4 24 24 3 15 20 12 14 8 13 5 1 22 2 19 3 16 1 29 16 6 12 25 6 19 30 17 5 27 4 21 3 22 12 11 3 30 29
30 15 12 29 17 13 2 24 24 20 11 28 16 23 11 7 13 12 3 6 16 11 2 1 29 25 20 20 6 11 10 17 29 30 2 25 26 20 19 18 21 16 28 13 2 3 15 0 9 24 1 8 20 19 21 26 10
0 28 12 28 24 23 22 23 11 4 8 23 2 3 3 13 9 10 27 29 8 4 10 23 25 27 8 8 14 5 24 24 20 25 1 26 25 12 12 9 28 15 3 14 4 16 11 20 17 26 19 7 3 24 15 18 15
5 3 18 26 6 19 19 27 14 14 13 15 18 8 29 25 12 23 3 14 6 8 5 30 27 24 0 30 9 30 29 7 16 1 2 18 19 11 30 10 1 8 23 24 8 1 28 21 25 23 1 15 23 1 20 8 8
20 21 28 29 11 0 5 0 0 13 20 23 0 26 20 24 23 25 22 8 4 10 3 24 7 14 23 12 5 21 20 4 24 29 7 14 11 23 11 23 3 3 23 1 4 7 0 12 16 21 26 6 8 25 14 24 21
15 27 28 10 10 19 2 3 30 28 23 0 7 4 27 21 5 5 3 18 6 3 16 8 10 12 1 8 19 22 11 19 22 16 3 19 4 16 8 23 25 19 25 11 25 13 22 23 24 0 8 0 27 15 1 2 30
0 3 19 20 9 21 12 12 24 18 20 17 14 2 27 21 17 30 1 12 7 17 12 1 3 20 4 18 25 30 25 27 5 3 18 18 22 0 19 28 28 15 29 2 17 9 11 12 24 0 7 10 30 11 10 20 30
10 5 14 18 8 1 9 27 7 16 24 23 7 3 24 9 0 4 10 28 12 25 14 5 10 21 28 28 18 3 11 9 9 2 25 8 14 2 21 13 25 4 14 10 30 25 10 25 20 10 19 0 11 23 5 9 2
23 2 13 13 30 3 4 11 15 22 23 27 3 4 23 23 18 17 29 1 9 14 26 15 16 12 15 8 21 8 23 1 6 26 18 26 22 22 25 3 16 18 0 9 8 22 7 28 10 3 1 22 1 0 14 1 9
16 2 15 10 17 9 28 29 3 29 20 12 4 1 0 4 23 19 5 12 13 12 6 5 11 21 26 26 2 8 21 7 18 6 29 12 13 28 28 29 24 27 23 0 16 11 22 3 24 24 23 12 25 1 12 7 10
10 7 1 3 19 6 8 6 30 28 28 5 23 12 11 28 3 8 0 19 25 29 17 28 2 10 19 6 18 19 5 23 6 25 25 19 9 1 30 3 0 30 21 0 22 27 11 20 19 19 20 10 11 21 3 16 12
1 13 29 21 4 11 25 0 4 28 2 11 6 15 12 21 13 13 3 6 4 23 28 14 14 26 7 21 2 2 26 4 7 20 3 13 17 30 17 19 26 6 5 26 15 30 15 21 4 7 16 0 16 15 8 16 24
5 16 29 7 15 0 30 15 9 26 14 6 30 11 14 14 24 20 24 25 22 19 30 26 1 25 25 23 18 16 22 28 3 26 0 27 23 11 13 8 22 25 12 8 22 0 15 5 15 2 5 19 24 16 2 9 26
29 2 10 4 0 9 20 7 30 21 20 6 28 1 14 6 5 14 22 11 9 21 22 19 10 28 13 24 3 13 3 13 7 14 22 14 0 16 13 17 17 16 0 26 16 16 19 29 26 3 22 28 0 27 18 20 24
29 11 26 30 9 8 9 20 28 22 15 26 11 15 6 8 25 22 18 3 5 18 21 18 21 4 21 7 25 20 27 7 27 12 15 27 7 8 6 9 19 1 11 14 29 6 25 17 25 1 13 18 8 25 30 9 22
21 2 4 28 29 12 29 13 30 14 17 16 24 21 11 21 14 3 2 0 26 30 4 7 17 18 23 3 9 0 26 1 2 30 25 12 25 19 22 12 4 27 7 22 24 21 15 15 4 14 25 6 16 20 25 6 6
23 21 27 27 0 24 13 1 24 15 21 22 28 26 6 3 21 29 6 4 6 9 17 29 14 29 2 22 29 19 5 28 24 19 23 29 21 6 11 23 22 6 1 25 21 4 25 6 26 26 14 24 13 3 17 13 29
5 25 3 21 0 27 3 24 24 24 9 13 13 23 1 10 28 10 23 10 24 19 20 4 9 20 20 12 24 10 10 9 11 21 8 9 7 19 2 8 22 22 23 29 22 16 15 0 0 21 25 16 11 14 10 12 20
24 2 0 20 13 0 18 16 28 30 17 3 23 12 3 6 15 23 23 16 17 29 28 7 17 20 11 11 14 19 5 5 15 17 9 3 12 6 9 12 4 5 5 21 25 7 30 6 9 27 19 17 17 19 21 19 12
24 23 7 16 18 11 12 0 19 7 16 23 26 11 13 15 5 26 15 6 0 23 9 21 7 29 0 9 0 16 6 6 14 17 11 0 2 16 17 25 6 20 15 18 2 28 3 20 13 17 3 12 2 27 2 12 17
24 26 10 13 9 11 17 24 8 14 1 28 1 30 13 25 13 8 23 24 4 16 16 23 25 5 26 20 19 28 16 19 11 18 3 0 12 7 23 13 26 18 12 0 3 25 2 22 5 2 16 15 3 17 15 20 10
10 9 23 20 15 11 7 20 10 1 18 6 3 9 25 8 9 8 21 11 1 0 26 14 23 13 0 3 4 22 3 12 9 2 28 20 29 2 4 10 30 18 8 22 23 26 21 5 24 7 18 17 25 10 8 14 9
7 17 3 0 8 3 10 28 1 29 20 19 15 6 18 13 12 21 11 18 12 29 1 17 14 3 21 14 30 6 22 11 18 23 13 29 0 15 18 26 25 4 24 17 27 16 28 30 3 26 20 24 9 26 29 26 9
10 14 5 22 5 28 2 10 3 13 5 24 13 23 9 4 22 13 0 28 4 4 2 2 14 17 6 4 1 11 9 16 15 14 18 7 11 14 19 17 20 14 29 9 0 23 20 4 20 21 0 16 30 11 0 22 18
30 28 27 24 7 27 8 15 16 26 16 14 27 7 11 5 23 9 1 12 11 11 7 26 2 16 11 14 15 15 11 9 26 5 16 11 24 2 1 13 12 2 27 25 2 1 20 27 5 11 15 2 8 13 15 4 3
26 5 15 28 14 5 24 12 8 0 25 26 3 17 30 18 0 13 5 8 18 25 0 14 3 26 2 24 2 20 15 17 14 13 6 25 4 19 23 9 19 24 17 2 17 1 1 18 29 30 24 4 18 16 21 30 7
7 18 4 15 16 4 14 24 18 10 1 13 25 8 6 23 19 12 18 14 1 22 25 29 2 10 0 14 29 29 0 3 25 29 20 15 27 30 25 26 25 17 19 18 3 28 3 25 30 21 29 30 12 12 26 20 23
22 7 4 4 0 5 24 25 30 13 27 27 19 8 16 26 12 27 19 9 13 1 4 2 17 22 26 18 5 30 15 26 14 0 3 30 4 3 2 28 3 29 1 26 7 17 19 11 24 22 27 30 25 18 30 25 0
17 3 21 12 25 19 6 27 30 24 0 20 6 9 26 23 15 14 1 6 28 29 17 19 25 5 10 8 20 9 23 19 2 10 11 11 16 5 18 16 30 9 0 29 13 0 18 19 24 8 28 13 8 26 16 2 4
26 30 13 3 15 13 19 14 22 21 4 20 4 17 12 27 17 10 19 13 18 14 28 25 12 14 9 24 1 27 24 23 30 18 2 22 9 20 7 15 14 5 17 23 4 2 4 21 11 7 0 3 6 26 30 13 16
23 28 28 0 19 10 20 13 16 23 0 24 8 2 7 17 2 16 24 21 28 14 29 15 29 23 3 13 27 7 1 6 3 2 3 30 18 26 11 25 13 15 22 15 13 19 20 2 20 3 23 15 3 17 8 22 29
2 7 23 28 18 11 24 11 8 11 16 25 0 19 17 6 16 4 14 4 21 21 25 13 16 26 18 12 29 18 29 12 5 1 5 6 10 28 9 27 19 29 16 19 29 6 28 29 22 16 18 1 24 14 20 26 15
20 29 14 27 15 20 23 15 7 5 5 5 13 20 4 1 4 10 10 26 7 8 16 10 12 24 12 12 18 23 15 26 25 15 10 22 7 1 27 14 7 20 28 14 19 8 4 3 2 22 1 3 25 27 12 8 17
16 2 0 24 20 24 26 9 5 29 1 26 13 21 5 18 30 17 23 4 5 1 18 16 11 3 24 9 1 18 21 16 19 9 8 10 2 28 9 15 20 1 25 26 0 4 8 28 5 27 8 12 24 14 11 25 3
23 17 19 12 29 10 11 14 9 0 20 14 10 7 0 16 9 26 21 11 5 22 24 5 24 9 28 22 15 11 24 12 25 26 8 29 3 27 27 21 13 3 0 18 24 15 4 14 13 1 0 15 27 17 16 22 23
12 0 4 19 14 17 5 25 0 3 20 22 8 1 23 1 30 20 13 1 24 12 30 16 0 18 26 11 29 29 9 18 7 14 20 4 23 21 18 28 16 9 19 10 27 21 16 13 30 20 14 29 1 25 29 25 10
5 21 7 6 25 24 5 24 29 5 7 9 10 9 23 5 0 15 10 20 19 28 17 4 25 13 15 0 3 5 21 19 2 0 2 24 0 8 19 25 21 10 8 10 3 21 23 0 12 19 9 14 27 0 24 30 23
4 13 25 3 2 13 26 14 14 25 1 3 7 3 6 21 16 25 12 9 12 24 4 5 12 23 6 4 20 15 5 23 21 16 2 11 6 15 18 10 29 4 1 19 4 0 15 3 20 28 29 20 20 4 1 4 1
2 25 22 18 22 10 19 3 0 16 26 25 1 29 29 4 22 12 23 2 27 23 0 26 3 8 22 23 13 21 28 6 19 7 19 2 16 28 16 3 28 9 22 27 21 16 20 7 17 30 22 18 19 21 26 0 19
7 5 17 24 13 7 10 12 19 0 14 14 27 5 22 11 2 12 15 26 13 27 3 1 30 11 9 2 23 21 21 28 14 9 8 6 20 11 26 5 13 27 13 15 7 1 27 2 27 30 11 17 1 22 29 25 22
