60 60
18 3 30 8 29 2 22 0 6 24 19 27 24 6 14 28 27 20 21 16 8 14 22 14 9 10 1 1 30 2 16 24 12 2 3 3 7 8 14 6 0 18 22 14 17 30 17 4 3 20 27 29 30 14 29 13 0 13 20 30
22 16 10 11 27 22 18 5 20 4 22 29 22 10 3 8 21 24 4 16 2 12 9 11 1 29 14 18 11 30 20 21 13 2 24 29 29 14 17 13 1 6 15 9 27 20 21 17 10 21 29 17 21 5 4 26 18 25 29 23
15 22 3 24 14 13 24 20 3 12 7 26 4 28 27 26 4 21 0 7 12 16 15 2 14 16 18 2 18 13 22 21 8 7 30 15 7 2 21 27 15 5 17 3 19 2 2 7 1 13 16 11 28 13 4 7 10 17 3 23
15 16 16 6 17 1 10 16 27 5 7 3 24 20 10 16 18 29 16 13 11 29 19 11 20 0 15 28 9 29 17 29 7 22 1 2 29 2 3 2 10 26 21 28 1 25 26 14 7 15 9 30 22 19 22 24 30 15 10 26
11 12 3 6 4 7 23 23 25 10 4 13 19 2 28 26 19 19 20 3 12 7 28 23 23 3 3 17 26 22 7 10 14 13 19 13 22 6 9 23 20 25 4 22 7 14 23 7 26 23 22 15 7 19 17 11 20 29 25 2
9 11 15 0 2 17 15 0 10 16 1 0 0 9 25 12 5 23 10 2 4 20 10 17 0 9 23 25 7 14 11 8 28 22 5 0 15 1 30 28 30 11 6 6 29 27 19 28 22 15 22 16 5 30 14 4 20 4 8 0
13 17 1 18 7 13 13 11 19 0 17 5 24 5 5 12 8 20 8 24 18 13 25 1 3 4 30 25 4 19 20 17 18 7 15 24 4 2 7 12 12 18 13 10 14 5 13 9 2 7 15 24 26 28 29 3 20 20 3 29
20 2 2 25 16 12 16 18 12 28 18 4 3 11 15 22 10 14 16 25 24 1 3 13 29 2 9 22 20 20 16 7 2 13 24 17 24 29 3 3 1 14 29 17 30 30 22 13 12 24 23 22 2 30 4 19 13 7 30 22
0 24 25 26 6 17 14 4 25 17 16 0 13 10 5 14 24 2 7 25 24 3 0 20 30 14 12 22 30 3 20 15 15 8 11 29 3 11 29 20 27 16 20 11 28 20 8 21 30 16 10 15 14 19 25 19 2 28 23 22
1 17 9 28 17 27 1 17 5 26 16 5 21 6 2 23 27 30 9 18 12 21 2 0 3 23 5 25 17 26 29 12 4 8 20 6 19 19 23 26 27 30 24 3 28 26 15 4 26 11 18 0 1 8 28 3 4 5 20 19
0 4 25 23 15 1 7 29 2 27 14 29 13 1 26 14 4 1 14 12 11 9 4 20 23 15 24 10 27 7 7 20 27 4 20 11 5 7 29 16 26 10 1 2 12 18 4 20 0 3 27 11 12 14 0 24 6 13 3 5
8 5 2 25 1 20 7 7 27 23 1 19 13 6 7 10 1 25 1 11 19 12 21 7 17 8 13 20 9 27 5 2 19 5 0 20 12 8 9 16 20 17 18 17 11 18 3 20 16 18 24 20 3 11 16 16 16 28 13 1
13 5 20 22 4 29 18 9 16 25 13 19 7 21 22 4 2 10 21 2 7 8 8 6 21 8 15 4 19 29 0 25 27 0 27 14 23 6 14 28 0 13 25 5 5 16 23 22 1 2 20 2 23 16 22 21 18 22 3 9
20 11 28 10 5 24 19 10 17 29 13 25 10 1 26 19 22 11 27 15 1 4 20 18 14 24 29 27 9 19 29 3 17 13 29 3 17 14 14 25 28 26 16 21 19 29 0 16 8 20 17 12 6 11 30 26 21 4 1 17
3 12 24 17 29 12 9 10 23 3 24 15 27 9 6 27 22 27 26 16 17 23 1 28 12 28 26 10 23 4 14 11 14 22 3 20 28 16 0 11 21 26 26 28 19 11 26 23 20 2 23 21 1 19 3 19 19 25 26 21
23 12 28 15 8 14 21 18 21 4 15 4 22 23 29 28 30 17 7 19 27 7 9 13 24 3 22 25 5 7 2 9 14 29 8 29 9 1 18 22 17 27 9 22 19 23 19 20 10 7 6 24 21 10 12 12 0 25 2 30
23 9 0 15 3 2 23 26 4 6 3 17 10 3 26 18 30 27 29 23 24 4 11 13 14 27 20 22 12 28 18 26 16 16 29 16 29 0 18 1 23 5 1 21 23 6 25 11 25 13 13 15 25 18 3 28 13 11 14 21
30 5 19 29 16 8 19 24 11 29 10 20 20 20 4 13 26 28 1 19 30 3 4 9 28 10 13 0 22 28 16 10 6 29 11 1 30 11 17 30 11 24 3 6 15 9 25 6 26 24 4 9 26 19 29 23 20 12 11 12
0 15 15 14 18 16 22 5 11 30 9 16 23 19 19 0 18 29 28 10 12 26 14 21 16 13 14 30 29 23 15 25 25 0 16 0 6 12 3 28 2 14 16 18 13 3 13 16 22 28 28 15 27 11 16 16 30 4 9 11
15 0 10 18 2 11 19 3 8 12 28 8 27 5 20 6 21 4 12 17 9 15 23 7 16 26 22 18 24 21 12 3 27 26 10 2 24 17 9 12 22 8 30 0 26 27 21 14 30 5 3 25 29 21 11 19 25 9 13 10
20 19 0 9 11 23 11 2 18 21 17 0 25 21 19 13 6 30 13 19 11 2 6 19 3 24 20 17 13 24 14 23 26 4 21 11 21 8 15 1 27 20 14 20 3 30 16 3 24 20 30 21 30 13 15 7 1 11 9 6
2 3 23 26 28 24 15 15 3 15 4 6 20 29 13 18 30 24 7 24 12 14 2 2 29 11 6 21 19 23 16 26 2 16 7 10 20 0 0 1 11 19 29 30 5 10 22 1 4 19 9 15 6 17 11 17 19 28 26 6
6 8 13 18 0 13 18 4 20 7 10 29 13 0 10 18 17 4 11 1 23 3 28 13 17 6 8 19 14 19 2 8 9 28 5 13 15 6 27 23 8 8 18 2 5 1 26 26 29 11 4 18 10 11 19 4 28 19 3 22
24 21 30 7 10 25 11 4 5 6 23 8 1 23 10 4 0 9 10 10 26 28 20 12 27 24 1 10 24 26 25 26 14 4 13 7 17 0 27 10 27 12 16 21 13 17 18 1 22 19 0 25 4 11 22 23 29 11 0 16
17 25 9 5 9 10 24 26 16 6 23 11 17 1 20 7 26 15 11 24 7 15 26 7 28 3 7 11 29 27 17 27 24 5 28 27 1 2 28 25 16 1 6 30 4 17 2 7 22 12 9 6 0 17 14 14 11 8 8 16
19 24 18 6 18 21 27 26 7 18 26 7 2 17 7 8 29 27 15 7 21 22 14 22 17 7 11 26 14 5 25 9 25 2 30 29 30 30 26 22 3 2 6 18 9 6 10 14 28 26 28 20 3 24 1 25 17 7 28 2
26 20 5 27 1 22 18 2 22 15 16 14 10 4 26 6 25 5 23 2 19 2 26 4 13 30 9 29 29 2 7 11 28 5 30 9 4 6 12 19 1 7 22 28 20 14 27 0 13 27 2 22 4 2 30 2 15 11 14 1
27 7 26 28 14 19 28 18 2 6 2 12 13 7 5 14 18 28 21 0 15 18 10 21 29 3 24 13 15 25 4 12 11 16 16 9 29 24 5 22 15 30 29 2 9 9 22 12 7 14 13 18 5 13 17 6 27 16 20 13
17 19 20 7 0 13 18 7 18 3 27 20 3 18 6 29 27 30 21 29 29 12 4 14 0 18 11 12 27 20 4 9 10 26 29 9 3 28 30 30 1 6 9 7 8 16 22 11 24 17 6 23 17 21 8 4 15 21 30 12
5 23 4 24 5 10 27 18 3 26 8 20 22 3 8 2 18 17 12 14 22 26 1 23 27 29 30 12 2 11 25 27 14 23 20 8 18 29 29 23 23 22 16 5 4 28 5 6 7 26 7 30 9 26 26 17 27 28 10 23
24 13 28 4 29 5 3 24 20 17 16 20 23 28 11 23 19 10 8 24 4 6 25 29 27 2 7 3 0 23 19 12 12 25 3 12 29 24 12 11 12 5 1 26 27 7 24 27 15 19 4 6 3 29 10 7 11 22 18 14
13 23 15 8 6 1 25 18 5 13 10 13 23 12 10 14 7 15 6 18 11 11 18 16 2 3 22 15 21 11 18 10 11 24 13 23 12 22 1 11 26 4 6 26 3 26 30 20 14 5 19 19 11 12 30 22 11 9 13 3
1 26 15 21 5 7 13 22 28 8 20 17 9 20 2 0 7 8 0 21 8 3 1 1 27 20 6 11 12 25 7 16 24 4 27 4 26 30 0 27 14 24 25 30 28 11 5 14 10 26 20 30 13 28 22 20 21 19 3 17
16 10 16 24 6 2 25 25 12 14 0 18 15 22 27 4 29 6 3 10 12 11 8 17 16 6 7 26 6 30 7 28 13 26 28 12 7 0 26 4 18 0 1 13 7 5 12 3 18 9 1 9 1 7 26 24 9 26 21 13
4 10 22 8 28 2 6 30 19 0 3 0 21 12 6 2 14 24 19 13 4 12 24 8 13 15 13 1 30 10 8 29 23 27 25 15 28 21 28 3 0 3 18 30 21 2 14 10 4 19 9 0 17 28 18 15 3 24 28 10
17 23 20 25 0 13 29 15 13 3 25 25 20 23 15 5 1 3 27 3 13 0 12 25 18 10 15 9 26 23 7 24 8 5 18 18 28 20 27 3 0 0 3 5 28 26 2 19 1 20 0 1 2 26 16 19 23 19 20 8
13 5 0 20 21 7 20 11 8 3 26 5 20 25 19 26 2 29 21 23 15 0 8 14 28 20 4 13 18 15 3 5 7 21 6 13 2 12 30 24 27 8 29 23 3 24 25 20 21 21 8 21 1 12 29 11 18 21 18 26
4 27 27 7 29 13 17 5 12 21 24 2 29 14 20 16 10 12 12 25 11 24 20 7 27 12 24 30 16 10 0 13 16 13 12 11 15 12 6 3 26 21 18 22 22 3 30 7 28 11 23 17 13 26 11 0 14 6 28 22
25 27 1 2 23 16 3 7 16 8 30 27 11 12 15 24 23 10 17 29 1 13 23 23 15 4 18 18 2 0 25 2 28 22 2 4 0 21 29 18 17 27 27 5 10 18 22 0 18 23 12 15 5 1 4 28 13 19 17 13
2 20 5 20 27 7 7 9 9 9 19 13 22 16 2 15 11 5 7 18 5 18 9 3 29 4 3 20 17 5 30 19 11 17 7 12 19 3 11 28 3 30 15 16 30 24 24 7 1 27 8 10 13 16 7 1 16 5 14 0
18 22 2 6 21 1 12 16 22 6 6 14 25 14 3 20 28 17 14 30 16 6 22 0 20 17 18 16 2 8 4 20 27 17 24 1 9 15 12 17 11 15 4 18 29 7 29 19 14 15 29 22 21 22 21 29 15 10 25 1
27 4 6 30 4 21 4 19 4 3 11 3 21 14 0 20 0 0 7 27 11 13 2 7 2 28 18 11 3 30 15 28 23 30 15 8 18 12 25 30 8 15 29 0 11 21 7 18 12 22 15 9 16 3 22 10 3 7 13 9
27 15 23 26 23 29 30 23 28 18 18 17 3 5 6 30 26 6 13 27 26 18 0 9 5 22 23 16 30 10 13 2 1 4 22 15 22 28 2 3 18 8 9 8 5 12 1 23 19 29 4 26 10 23 7 1 11 26 24 28
3 18 19 25 2 20 6 28 19 19 27 0 13 5 24 22 29 27 17 20 13 9 22 5 14 30 5 9 18 22 27 20 0 10 21 25 18 28 23 26 9 13 4 6 30 23 9 21 20 3 26 3 18 24 21 14 28 8 8 25
18 25 0 5 17 17 9 28 12 6 19 18 29 3 4 12 18 15 26 6 25 3 6 12 15 15 2 17 13 24 14 29 20 24 17 2 3 23 13 27 12 7 29 9 30 9 27 4 15 3 23 23 8 4 1 17 18 1 13 14
7 14 26 22 6 24 22 29 27 22 5 22 5 21 9 22 2 15 19 29 22 5 28 29 5 0 14 9 23 25 20 6 24 27 3 4 23 8 24 3 9 8 12 4 9 25 5 16 24 23 27 4 9 13 20 9 2 5 27 29
13 11 16 27 12 23 15 22 3 22 8 3 17 29 9 29 10 10 12 29 18 17 0 16 10 5 2 4 6 28 29 21 1 9 20 19 20 20 24 21 19 24 2 24 29 20 7 5 11 20 22 10 9 25 25 3 28 6 7 29
29 9 28 6 22 28 24 14 6 13 27 15 1 30 17 4 8 12 19 23 19 19 27 11 9 29 8 21 3 2 25 28 22 18 17 22 2 17 14 29 21 12 4 2 13 7 22 26 10 29 2 24 1 0 24 23 20 2 15 18
8 21 11 21 29 10 18 3 8 12 1 13 20 29 23 17 28 19 30 11 11 3 17 17 0 15 6 14 5 5 16 5 21 13 13 10 18 1 13 22 14 21 12 3 15 2 15 9 18 11 22 10 14 15 16 1 1 22 1 19
20 6 11 3 6 22 16 8 28 9 1 30 1 20 28 11 20 0 18 17 29 14 7 9 24 25 19 28 6 7 13 9 11 9 23 26 13 6 26 17 23 4 4 1 10 17 3 30 16 12 4 17 5 22 30 21 1 25 13 21
30 29 27 29 21 24 9 27 2 3 0 22 17 10 20 5 1 8 16 2 13 15 0 2 30 8 26 18 5 16 8 9 5 26 6 25 6 18 6 12 30 19 20 10 21 18 3 3 16 19 1 2 23 11 23 16 30 4 6 13
24 5 22 20 22 7 16 22 20 12 4 3 22 12 20 19 27 25 8 24 24 13 20 3 19 15 10 19 3 29 1 7 0 23 12 27 0 28 17 27 19 13 25 19 12 22 28 20 22 25 14 15 24 8 17 0 17 6 12 1
19 24 30 23 4 13 9 28 13 26 7 16 11 5 24 28 9 4 9 14 1 2 6 0 2 4 11 10 9 20 20 25 0 29 12 26 7 1 0 20 26 7 9 16 3 12 10 20 3 6 4 9 1 14 27 7 24 9 1 2
9 16 16 4 4 16 30 5 7 15 21 17 5 20 13 17 12 15 24 30 3 5 0 29 27 6 10 17 30 4 10 2 24 14 15 27 19 29 21 25 20 27 29 2 4 13 13 23 2 21 6 17 3 30 12 23 11 24 26 16
28 30 20 28 12 17 9 19 14 6 14 5 21 19 4 2 8 23 5 19 12 15 24 25 2 1 19 20 7 9 10 21 26 30 4 10 10 12 0 26 1 13 14 25 8 4 27 16 26 10 3 14 15 12 10 5 17 15 30 23
11 24 22 22 19 11 23 28 12 26 29 0 15 4 6 19 17 22 2 23 15 27 12 30 5 25 20 27 18 27 2 29 9 22 6 15 4 3 21 8 3 12 5 12 22 11 21 12 26 22 1 11 11 5 22 26 13 2 5 16
12 9 2 19 19 26 0 25 8 8 13 5 13 27 4 25 26 14 30 15 15 30 17 14 14 3 1 21 14 7 10 11 8 0 23 28 12 20 29 5 18 10 1 4 8 1 7 30 28 24 16 19 21 29 15 14 5 25 25 10
28 10 4 26 10 15 21 22 11 13 4 11 23 6 7 8 25 9 16 17 23 18 0 0 4 10 4 1 21 26 25 12 0 18 8 15 14 17 24 23 17 2 14 13 16 16 21 29 7 11 0 5 8 10 1 10 24 22 20 5
6 15 26 13 24 2 17 2 12 6 3 24 4 5 3 20 6 2 11 26 24 27 5 7 5 27 28 24 11 9 1 0 28 9 9 19 26 10 30 0 30 29 17 26 28 2 8 3 1 4 17 22 20 29 24 21 9 3 21 30
19 13 0 14 17 20 8 23 10 12 14 1 16 22 8 7 23 7 0 27 13 24 14 20 24 28 9 28 17 29 16 23 9 12 14 16 27 13 2 22 7 14 25 27 29 7 2 0 0 14 1 9 17 9 3 0 8 18 11 9
