69 69
11 13 5 27 7 18 13 9 25 12 14 24 15 1 4 9 15 12 7 11 13 16 3 18 19 22 27 13 27 27 10 30 4 27 9 30 2 21 25 19 1 28 5 22 1 0 0 24 11 19 0 10 11 0 21 2 28 27 2 0 10 25 24 16 19 6 16 7 16
24 2 21 29 10 12 22 3 23 4 23 2 12 26 23 20 22 29 7 8 11 3 15 9 6 20 19 1 26 17 24 16 6 28 10 7 27 28 12 12 25 11 28 19 27 30 9 6 15 29 20 15 2 26 30 8 4 11 6 16 11 5 18 21 11 7 25 1 6
7 12 24 26 5 1 29 10 4 17 1 20 10 22 21 6 16 11 20 5 26 23 26 7 11 24 16 10 26 28 19 17 0 15 26 18 5 15 30 3 5 3 15 25 17 22 20 3 22 6 23 24 17 5 10 18 24 16 24 11 13 7 15 4 14 10 16 12 1
29 1 25 9 26 15 19 7 22 6 10 25 9 10 28 24 11 17 23 4 12 28 23 20 19 15 30 12 5 4 11 4 20 12 3 7 15 13 25 24 20 29 11 28 13 7 28 20 24 26 30 16 21 24 6 26 7 19 15 0 29 5 23 29 0 2 7 11 7
21 19 13 4 10 12 17 0 0 4 19 26 26 23 26 26 5 7 1 13 6 23 28 5 12 7 0 16 13 3 15 23 11 25 0 27 26 24 20 10 18 19 21 12 15 21 10 12 4 4 18 21 8 2 1 25 28 4 12 21 0 9 13 14 29 21 18 3 27
16 10 8 13 7 29 0 13 28 9 0 3 0 2 25 27 6 29 10 24 23 15 11 28 6 18 27 26 8 22 22 25 14 12 24 30 23 12 17 2 5 10 1 6 12 1 27 21 30 23 12 25 29 1 16 17 18 23 25 4 9 26 29 9 20 6 25 12 18
11 29 8 2 13 7 3 20 0 19 17 4 28 11 5 24 28 24 14 6 1 6 15 30 15 9 29 8 22 3 29 20 3 25 28 20 26 20 23 8 27 7 1 21 10 10 5 2 30 13 15 10 4 2 7 26 6 12 2 25 26 8 2 8 8 27 8 22 0
21 5 20 15 25 4 13 2 15 29 0 25 25 25 16 1 6 28 19 11 20 7 4 16 18 11 5 22 12 18 21 3 22 1 21 5 22 27 18 28 23 17 30 7 26 23 1 12 20 8 18 29 14 27 29 13 2 22 0 17 26 18 28 26 8 18 27 17 0
13 25 8 1 26 14 6 18 1 7 11 22 22 22 15 15 0 2 21 10 2 4 4 7 29 25 27 24 9 10 2 11 27 20 3 19 0 27 8 3 16 10 2 10 18 9 29 19 4 6 1 23 23 18 20 0 2 21 11 14 26 23 12 29 25 14 26 24 22
10 10 29 19 9 29 13 6 21 19 23 5 23 1 6 3 0 15 9 4 13 1 5 22 0 27 28 22 23 3 9 1 3 19 8 3 29 1 15 9 24 6 22 29 13 23 7 3 9 22 23 1 27 12 27 10 10 22 22 28 11 16 1 8 27 29 5 1 15
8 21 0 13 9 10 23 29 24 28 10 2 15 14 0 1 19 30 13 3 6 7 2 16 22 13 3 11 5 10 29 29 7 21 5 4 17 21 14 1 0 8 25 29 17 24 30 21 14 19 4 20 13 28 20 0 13 2 14 30 5 30 23 1 11 21 18 15 3
21 25 2 16 6 12 10 9 12 20 4 19 8 19 12 3 27 6 3 28 5 0 24 1 20 29 22 15 25 23 9 12 29 19 16 6 29 3 20 10 27 16 21 26 5 11 16 23 21 0 11 16 25 26 24 7 2 23 10 12 22 14 10 13 25 22 1 21 7
7 24 27 1 28 19 14 12 2 15 3 21 6 22 10 14 8 11 29 17 13 4 18 19 2 3 16 2 5 24 3 1 23 30 9 22 0 15 1 20 24 1 21 22 13 0 19 10 19 18 23 10 7 20 11 28 29 3 16 19 15 15 11 28 14 25 23 23 4
17 28 24 1 5 14 24 23 14 14 0 14 10 21 19 19 28 18 3 29 28 9 10 14 12 27 24 11 21 7 4 6 18 24 24 13 10 24 23 12 9 17 3 23 3 5 9 30 20 26 5 16 22 19 6 0 0 22 8 9 3 5 29 22 13 9 28 25 17
7 24 25 28 3 6 9 30 14 8 4 8 9 16 26 16 23 24 3 11 1 6 4 8 18 21 23 0 27 14 1 19 23 2 16 6 23 27 25 4 22 5 10 20 4 13 7 20 22 4 25 13 30 7 1 12 14 20 7 11 30 12 21 11 21 0 29 18 10
12 18 22 13 27 14 8 18 8 9 4 10 22 29 19 5 16 22 9 20 15 23 28 18 11 27 25 13 28 7 13 22 7 12 29 11 9 30 8 10 10 23 15 10 18 6 11 24 24 30 3 6 5 14 0 27 24 7 19 7 16 1 2 23 3 11 16 0 16
30 10 26 3 15 30 30 2 30 20 19 5 23 6 0 5 19 0 19 24 23 10 26 2 20 22 22 10 22 30 7 26 0 2 25 6 1 9 15 13 28 5 11 27 16 24 9 12 4 13 16 6 19 11 9 11 17 28 19 1 26 11 27 7 23 2 18 9 1
4 30 8 21 22 18 29 8 6 0 24 30 23 20 21 29 10 29 25 8 8 27 13 4 28 21 21 26 9 14 21 6 5 9 1 1 10 19 14 29 10 7 30 25 4 2 19 26 5 1 18 8 9 25 28 5 22 27 21 7 0 4 26 23 20 6 4 26 7
27 12 5 10 3 8 25 2 2 14 10 14 6 15 30 16 17 1 17 7 6 16 9 6 19 15 8 1 4 22 3 8 14 0 9 26 13 9 18 29 17 19 1 2 2 5 1 29 21 25 1 11 23 5 19 25 8 27 6 30 23 21 21 3 19 23 25 4 20
21 4 30 12 29 14 25 3 11 20 20 13 12 3 2 1 3 16 29 0 18 27 13 23 12 28 20 22 0 27 8 26 0 21 24 11 19 30 18 2 21 6 18 0 25 2 29 4 18 18 1 28 27 0 26 1 22 5 14 9 18 10 8 16 1 6 0 4 8
23 3 27 23 21 20 7 23 19 30 29 26 25 2 0 30 23 18 17 2 4 9 7 22 28 30 24 3 20 17 26 27 25 11 12 14 21 14 26 29 23 1 17 20 23 3 8 0 22 18 24 7 16 0 7 13 4 7 18 12 17 3 13 10 2 11 12 14 18
30 2 29 27 17 22 28 6 4 30 20 21 27 14 18 21 8 25 27 27 23 15 11 11 26 21 8 15 15 7 20 13 29 11 11 5 5 1 1 30 3 15 30 5 18 21 14 24 9 2 9 8 10 13 11 30 6 26 15 6 18 5 20 23 20 23 26 30 21
14 14 15 17 13 18 8 27 28 13 18 7 14 30 6 8 27 23 17 10 30 13 24 28 18 20 7 20 26 19 26 1 15 26 7 1 26 3 25 18 11 7 6 5 8 9 0 28 14 14 22 27 3 16 10 16 14 19 7 22 12 29 26 1 10 24 6 30 2
4 27 10 7 5 28 27 11 9 8 1 10 26 19 24 25 14 9 5 25 5 5 19 25 5 4 1 2 28 6 6 30 10 3 8 6 14 12 19 14 13 26 29 5 19 20 0 18 16 4 12 22 12 13 28 13 15 0 2 11 18 23 6 6 1 30 8 16 5
1 11 10 9 4 18 22 16 24 24 15 11 0 8 29 24 29 19 20 18 19 14 28 22 18 0 24 4 7 7 12 23 17 16 18 3 28 12 30 14 5 7 15 6 24 29 29 15 4 13 3 30 20 20 25 21 23 15 27 6 2 16 0 12 4 13 24 19 9
7 0 13 30 14 19 11 17 2 8 29 21 10 18 23 22 13 25 5 1 28 27 11 25 5 9 27 4 25 8 2 1 27 18 15 29 25 23 28 18 27 26 0 3 9 26 16 13 14 12 27 28 6 7 16 2 7 29 27 9 12 26 22 28 7 23 25 20 23
15 2 20 3 20 17 11 5 18 9 19 24 2 8 26 17 11 29 29 7 29 27 3 0 23 12 30 9 19 3 0 2 22 9 5 17 5 15 2 6 3 29 9 16 8 27 4 11 16 21 27 8 1 2 11 8 27 7 15 2 10 27 10 1 13 15 16 25 7
21 20 10 1 3 0 7 0 13 8 4 9 12 1 30 26 9 11 8 8 20 6 2 9 26 7 26 16 28 1 25 27 14 9 13 3 6 16 25 4 0 5 27 27 23 30 11 11 24 27 1 29 2 26 0 0 19 2 15 3 1 19 24 21 12 8 22 10 3
5 24 15 25 12 8 24 26 20 0 11 0 23 29 29 15 16 25 14 8 1 16 28 5 27 25 14 11 2 4 21 19 8 8 29 9 9 10 19 30 5 26 14 18 26 25 12 8 11 9 7 26 28 1 16 15 27 3 3 11 26 25 29 22 4 9 25 28 24
9 18 23 17 7 30 16 7 0 12 22 29 8 3 28 0 7 19 18 5 30 17 28 27 9 5 25 16 4 27 17 24 15 30 7 16 25 13 18 3 0 5 1 28 8 21 25 30 8 30 19 28 21 17 8 19 12 12 14 11 30 27 14 14 21 15 24 24 14
25 4 24 5 20 21 25 7 3 24 19 18 7 19 30 17 4 5 11 15 13 13 28 19 18 5 25 24 24 12 0 14 15 26 16 15 28 22 11 8 28 16 4 27 1 15 26 4 27 23 20 12 8 20 26 4 5 30 27 0 10 13 9 25 16 17 24 27 30
15 20 25 4 8 1 24 14 19 4 20 3 17 29 27 1 8 23 23 24 7 21 23 21 25 30 23 27 21 12 4 6 15 3 30 22 27 11 7 0 3 1 6 29 17 8 7 23 1 24 14 26 26 15 30 2 2 27 19 30 9 15 23 22 9 15 25 21 16
23 15 28 17 22 21 23 14 4 15 22 25 9 6 12 27 1 13 25 9 21 5 1 10 27 23 24 16 5 21 3 9 20 26 17 18 24 6 22 24 28 30 14 11 15 0 25 19 11 23 15 4 18 15 14 26 6 8 16 15 0 11 2 19 4 3 28 2 2
30 28 16 8 10 25 24 13 5 27 27 4 8 25 28 2 3 1 22 13 30 4 26 26 14 22 0 16 8 21 23 11 24 29 1 21 16 26 7 22 30 9 26 30 1 11 26 19 15 2 27 3 6 27 22 23 0 25 26 7 29 24 26 14 25 25 0 4 0
0 11 4 15 1 28 2 8 17 13 0 1 16 6 0 0 13 17 29 24 17 1 16 4 13 23 21 9 7 28 19 3 12 11 6 28 13 23 19 3 0 8 3 12 3 27 0 17 23 0 7 0 22 13 16 26 9 1 22 20 2 16 9 2 1 24 10 30 17
20 26 19 22 8 11 21 3 26 19 8 5 11 26 0 18 28 28 10 12 5 11 8 27 28 13 5 28 23 21 25 19 0 21 4 20 6 10 8 5 26 8 14 1 29 20 18 16 16 28 1 9 8 12 15 11 28 16 10 6 23 30 20 28 8 0 7 26 1
19 21 21 20 28 5 13 16 4 16 27 29 4 11 19 21 11 1 1 14 23 22 13 10 30 8 8 7 22 21 25 26 13 3 17 5 11 30 0 5 28 22 20 29 20 14 27 30 20 28 8 29 10 30 26 8 3 6 11 17 12 11 24 13 11 0 1 22 30
11 12 8 2 14 14 23 5 3 9 29 21 7 13 6 6 1 26 17 22 24 20 23 14 21 3 28 1 29 30 27 2 29 22 20 23 13 11 6 10 8 20 9 26 23 12 16 29 11 13 22 25 17 11 26 5 3 7 17 24 4 6 24 22 4 14 18 23 1
25 23 7 9 25 18 18 6 6 23 5 14 27 17 18 19 17 14 14 24 22 7 0 11 0 11 4 13 7 13 7 29 26 0 1 0 13 22 8 11 12 27 16 10 0 6 17 24 8 15 20 17 15 16 17 30 1 27 25 22 24 8 20 5 8 4 14 9 10
21 20 15 5 19 5 10 28 29 8 26 22 1 19 8 27 1 2 6 25 0 1 27 27 6 19 19 12 17 18 20 18 2 27 24 28 10 25 25 17 15 7 10 1 12 15 11 9 2 23 16 8 27 11 11 18 30 18 12 5 19 16 24 12 26 7 28 1 2
22 19 26 4 8 3 5 21 10 0 20 7 12 24 24 15 30 8 7 9 19 16 29 14 6 25 13 30 6 23 25 1 25 10 29 28 29 13 11 3 20 16 15 12 21 14 13 1 26 5 3 12 1 7 20 13 26 16 11 0 22 30 19 28 30 24 15 13 18
16 12 4 17 23 26 4 20 6 21 17 30 6 24 2 8 17 1 17 29 10 6 12 9 13 30 9 10 12 0 27 3 21 11 10 6 5 1 17 2 30 26 16 16 24 13 5 22 24 10 26 14 28 28 12 28 23 6 26 24 26 11 5 7 14 5 11 27 19
1 25 23 7 10 8 16 12 11 29 25 22 10 26 5 19 10 16 0 5 26 10 8 8 12 30 7 29 26 8 13 5 17 6 8 1 18 4 30 10 19 2 6 16 5 3 18 6 22 9 23 0 13 7 18 23 25 16 14 30 14 3 5 24 8 16 3 4 5
11 4 15 26 24 24 25 30 26 17 28 20 16 3 17 4 16 18 21 8 11 19 22 19 4 29 11 5 16 18 14 9 23 2 26 15 2 15 15 17 8 7 6 18 27 25 10 28 16 7 15 18 10 1 16 12 23 30 4 0 10 7 22 25 17 1 28 23 30
9 3 1 6 7 27 4 27 3 14 28 7 3 19 17 30 2 20 12 23 11 29 12 22 10 18 12 30 0 10 2 2 2 2 23 30 11 0 9 12 22 7 2 14 26 15 6 10 8 4 29 18 12 20 18 29 10 14 20 23 19 13 16 26 10 30 7 12 15
29 24 30 9 5 7 27 24 15 28 10 30 0 17 4 28 14 13 0 21 19 28 7 25 2 9 2 13 18 6 3 14 10 15 16 7 15 13 9 2 12 18 16 11 22 8 9 0 3 28 7 25 18 26 25 7 14 0 28 15 7 9 0 0 26 3 6 6 5
26 5 13 28 15 19 23 29 25 22 7 16 16 17 0 30 21 20 25 24 30 24 16 8 13 21 9 12 1 10 21 20 8 11 24 2 27 9 11 12 17 20 21 21 20 25 3 20 9 12 17 13 16 17 14 14 20 10 23 23 21 8 8 30 19 5 15 11 3
5 21 7 8 6 29 14 24 15 25 4 0 20 23 7 5 2 21 24 20 24 14 21 19 17 17 17 28 27 14 3 29 20 5 29 9 14 4 23 25 8 21 24 27 23 0 8 21 24 25 7 20 23 22 18 6 4 23 28 11 0 12 10 22 7 19 21 13 25
24 19 19 4 16 15 13 19 3 12 1 9 29 3 21 8 6 6 20 7 6 18 22 7 20 28 7 28 5 13 3 19 27 21 0 14 12 1 16 21 9 13 23 20 7 7 3 3 24 1 12 15 21 22 2 27 14 18 15 3 23 14 21 20 22 25 4 17 7
19 11 10 0 11 10 27 2 30 29 24 25 24 6 23 9 26 20 21 21 5 30 6 16 2 3 21 23 17 10 8 11 2 7 12 1 22 11 14 4 15 0 7 26 5 6 25 7 1 26 26 10 14 28 26 26 13 15 12 12 3 29 21 8 13 18 21 17 25
5 9 30 7 3 20 7 5 26 7 21 23 11 30 5 28 1 6 6 6 17 22 4 30 18 24 5 29 30 28 7 16 28 15 19 1 8 2 1 8 16 4 27 6 19 23 19 14 20 10 26 21 5 28 10 12 8 10 5 2 15 12 8 9 20 28 1 6 8
13 23 8 11 19 10 13 8 24 27 8 7 9 23 30 10 16 13 22 21 23 26 5 0 0 10 20 12 5 22 8 28 18 4 6 1 14 11 20 17 30 14 3 16 14 25 26 12 21 30 15 11 17 8 27 15 16 15 24 0 4 28 17 16 27 4 8 15 1
29 11 20 15 11 22 23 1 25 22 7 2 6 12 0 4 14 28 23 14 21 25 25 7 10 27 14 16 24 10 29 22 30 28 29 7 2 21 18 0 6 13 8 15 3 11 19 7 28 18 29 12 8 10 5 17 0 3 23 17 25 0 4 2 9 2 21 19 8
30 30 1 6 26 10 3 29 18 21 19 2 14 15 9 2 5 18 13 19 22 23 17 8 11 10 22 6 3 7 29 28 28 25 2 17 23 0 7 18 8 19 5 4 8 4 17 18 12 13 18 15 29 3 22 30 21 1 15 7 3 6 25 11 2 21 15 24 30
7 0 19 4 4 4 14 22 30 7 8 27 28 13 6 2 6 8 13 27 0 3 19 23 18 22 18 10 20 23 16 4 8 0 12 4 6 3 2 14 30 6 20 7 23 10 29 26 18 5 2 3 16 5 5 22 19 10 22 1 6 0 18 16 1 0 7 18 8
23 25 7 11 4 18 8 6 2 8 26 15 0 15 6 15 28 15 22 0 29 21 7 20 4 29 19 9 24 29 9 26 12 19 7 25 2 5 0 16 14 27 17 7 25 28 14 10 13 7 16 16 6 14 17 9 27 10 23 25 1 10 25 6 25 16 13 20 23
20 19 0 3 23 0 12 11 3 3 5 30 27 2 6 28 1 11 6 0 10 14 6 7 15 7 13 19 7 14 9 1 28 30 21 25 22 14 16 21 17 30 20 20 24 18 0 14 18 28 4 30 30 14 22 25 21 15 9 25 7 16 23 21 17 5 4 3 8
0 11 28 21 22 29 25 30 28 6 25 25 9 28 8 24 17 11 21 13 16 0 5 15 18 19 19 16 3 19 2 27 25 28 24 26 21 23 29 26 22 24 8 4 24 10 14 0 8 26 1 27 26 8 21 7 10 18 7 14 1 17 6 18 19 27 6 11 15
21 20 29 0 23 12 24 16 12 22 1 8 23 6 6 27 9 21 18 28 18 1 14 12 25 9 6 3 7 17 8 23 11 18 7 26 0 29 27 12 11 29 23 24 19 29 25 12 17 27 24 3 3 6 6 0 6 28 23 10 13 27 0 28 22 4 0 12 28
8 0 12 24 28 5 7 24 10 24 13 19 26 23 9 7 13 19 29 27 3 7 20 4 13 14 20 29 27 1 27 17 7 8 25 2 23 10 29 6 23 3 6 11 24 17 6 29 22 15 14 2 20 30 0 25 11 21 8 11 17 13 19 18 9 29 18 4 22
6 30 20 5 18 25 0 12 16 11 12 11 25 19 14 8 26 7 15 24 14 16 2 26 11 6 20 26 9 30 11 8 27 1 20 8 1 27 23 18 23 26 11 8 25 18 2 3 30 19 13 26 17 29 30 12 30 7 15 13 7 11 6 13 8 15 11 25 8
6 3 8 10 4 29 6 23 29 17 18 21 13 11 21 30 10 22 11 1 10 5 3 22 13 22 15 8 2 30 21 3 27 11 4 1 17 23 2 22 23 2 15 10 4 12 29 1 0 3 25 13 16 2 11 18 22 20 15 4 2 6 9 3 30 28 23 23 5
25 12 5 4 11 17 3 6 11 9 25 6 29 19 13 30 4 18 2 2 18 22 10 30 10 25 2 22 12 9 18 10 13 30 12 11 30 5 12 1 5 13 22 23 7 27 22 20 12 6 13 23 19 9 12 13 20 19 22 0 20 24 29 16 16 4 6 21 28
13 30 5 6 7 23 17 30 28 14 16 13 3 29 13 21 3 15 0 13 28 13 12 27 15 17 6 10 27 18 1 16 10 22 6 0 6 20 6 25 24 28 9 12 0 28 23 3 13 24 23 8 6 19 10 24 21 5 25 29 3 12 5 8 12 9 16 22 8
22 23 19 22 3 23 17 23 8 25 11 27 18 12 19 10 29 29 25 0 6 29 17 7 3 23 29 18 17 24 3 25 10 8 10 16 0 14 23 26 21 19 6 28 1 8 11 25 10 18 3 5 23 29 22 14 30 9 30 3 5 29 28 29 7 16 16 2 7
17 12 22 18 17 24 12 3 9 8 1 14 6 4 24 15 4 15 25 23 8 24 16 16 19 29 8 4 8 4 20 18 15 19 10 14 20 2 13 7 17 29 30 8 16 8 10 12 5 1 22 24 28 3 24 21 21 6 6 11 27 17 18 2 25 20 21 14 25
12 20 11 15 3 5 27 13 22 23 16 18 20 23 29 14 20 1 15 10 28 21 3 28 5 5 6 18 25 5 25 14 15 5 2 2 21 10 17 28 7 22 30 17 23 3 19 11 9 21 23 3 20 11 18 25 3 18 24 23 24 28 5 0 27 5 4 7 14
20 18 1 2 5 16 19 27 17 3 25 15 13 11 21 15 27 21 15 10 28 15 6 18 28 13 22 17 21 1 10 12 15 22 19 15 21 16 27 11 5 17 1 23 3 23 20 20 3 12 2 29 9 24 2 28 9 7 15 28 25 8 23 25 8 21 14 18 13
19 11 29 2 13 21 19 25 1 19 26 13 20 29 0 1 5 6 22 27 13 22 17 13 22 18 3 30 21 29 12 20 19 23 20 30 22 21 15 26 23 17 2 3 25 23 20 17 12 15 0 4 22 12 24 11 28 21 2 0 2 17 12 5 10 5 11 2 2
