71 71
21 1 18 16 23 14 25 10 5 11 4 30 26 26 19 13 11 24 29 7 11 30 22 3 2 24 21 24 2 14 14 21 1 4 1 30 16 14 16 1 13 0 26 30 22 28 22 3 6 23 4 14 17 21 16 17 0 1 25 11 16 30 19 5 13 3 7 6 8 20 23
16 24 10 16 27 29 18 18 11 4 6 6 12 3 3 4 10 28 29 12 25 7 26 30 19 12 2 2 11 25 15 29 27 28 9 2 3 6 2 2 3 4 8 11 4 30 9 6 26 25 2 10 18 10 11 12 28 28 10 6 4 19 9 29 29 11 7 4 27 10 2
28 29 11 29 28 25 18 17 19 25 16 7 6 30 24 8 18 0 11 27 24 12 27 14 27 25 27 18 6 28 16 25 29 29 4 12 18 6 1 20 5 22 26 13 2 0 6 25 25 6 12 11 28 17 0 6 13 29 23 11 15 3 19 17 30 5 25 23 29 8 22
0 20 27 18 15 17 25 8 27 28 2 9 13 6 9 27 6 26 18 18 12 25 19 16 30 21 22 28 25 8 21 0 15 4 25 0 4 27 22 6 23 1 8 10 13 29 5 13 11 17 22 9 27 17 16 8 21 15 29 3 4 24 1 18 8 27 12 6 10 27 0
23 29 28 1 26 18 4 15 15 5 17 30 28 26 20 23 15 2 25 23 24 25 7 7 27 24 14 22 23 7 26 0 3 4 14 5 2 4 28 23 22 8 30 25 5 26 19 21 24 12 4 13 26 3 1 4 21 25 14 12 30 20 18 27 2 19 20 30 1 22 27
1 0 2 13 19 27 10 25 17 12 11 23 9 26 10 23 4 2 13 16 25 16 2 30 27 14 21 11 7 26 19 25 0 24 18 3 15 2 9 6 17 23 21 23 21 2 25 21 6 12 17 18 1 7 26 20 14 16 11 24 17 17 19 21 8 18 4 22 17 21 26
8 2 6 1 20 9 24 1 22 22 1 22 6 1 0 26 22 15 30 17 21 17 2 13 11 9 5 22 8 23 7 20 28 13 20 29 30 28 5 20 19 9 15 4 25 14 14 7 7 21 3 1 16 27 18 14 27 12 8 17 5 2 25 4 15 12 3 17 21 30 17
8 5 27 3 13 22 3 8 15 3 1 15 30 11 13 15 27 23 12 14 18 11 25 28 7 25 1 20 25 28 28 7 1 4 11 24 15 6 8 27 13 24 23 4 15 15 24 0 28 14 2 24 18 10 24 18 18 15 21 20 20 9 15 20 14 1 7 23 17 6 27
30 19 12 15 26 30 8 17 0 17 23 21 29 27 5 2 14 3 24 30 9 18 24 25 9 6 23 17 26 11 10 20 2 0 23 25 14 19 22 28 4 24 17 12 6 16 18 23 5 23 29 13 10 0 3 13 27 0 6 8 23 23 25 10 26 30 9 12 27 13 8
8 13 24 5 14 8 8 15 16 27 10 5 14 17 8 27 9 6 17 2 3 4 11 2 6 10 28 25 6 19 30 19 13 25 4 15 1 5 22 15 28 5 27 19 25 22 27 4 26 8 26 10 10 28 18 1 30 15 27 26 1 11 17 13 7 2 27 18 21 17 18
25 1 2 22 8 18 20 22 26 24 0 8 18 24 13 30 20 29 16 25 10 25 9 10 17 6 4 8 6 2 13 22 8 1 25 13 27 21 8 24 14 17 22 20 16 24 25 20 29 17 0 11 13 3 30 10 29 16 21 0 16 30 1 0 12 29 2 18 21 6 13
25 14 29 4 17 29 29 13 10 8 22 2 6 12 26 13 28 24 4 4 5 21 28 4 1 1 1 2 18 25 22 25 7 19 18 18 15 11 5 27 13 26 18 13 3 27 0 21 6 25 11 10 28 22 15 27 2 8 21 10 5 4 30 21 11 1 1 15 2 21 9
19 19 20 0 15 13 25 1 16 23 0 19 6 2 24 10 0 2 24 11 30 28 25 20 18 5 13 20 22 23 15 17 15 2 21 25 24 20 12 7 1 14 14 9 14 13 26 26 13 22 7 10 24 26 21 15 28 25 5 28 9 5 7 23 25 19 28 2 11 30 28
22 30 22 16 4 4 18 17 15 11 27 22 30 4 29 28 1 0 30 30 26 30 29 25 3 20 23 6 30 25 15 5 4 19 12 5 4 21 4 29 25 6 25 0 24 9 12 0 26 1 16 4 24 12 1 7 22 10 10 15 18 2 20 29 16 12 8 12 11 10 14
27 10 22 4 17 0 12 26 7 16 9 2 19 14 11 9 4 1 7 5 27 26 23 28 19 26 0 9 5 13 25 23 26 22 27 23 7 27 4 7 24 6 23 23 7 24 23 2 23 3 7 25 6 12 0 29 26 22 13 0 23 17 15 30 22 23 20 19 12 8 11
11 13 26 9 18 2 26 25 29 19 7 10 14 16 13 22 27 7 12 16 24 12 1 27 27 8 30 1 24 22 8 14 18 2 2 19 0 12 28 18 17 28 24 7 11 12 6 17 1 14 27 17 5 17 9 1 4 20 19 30 14 15 10 15 29 24 14 30 22 27 19
14 24 30 5 2 13 3 29 29 10 16 28 12 9 2 1 18 28 18 3 2 25 30 4 23 16 7 13 3 25 20 18 25 17 18 8 22 0 7 30 15 7 1 12 13 3 11 27 0 8 18 0 10 24 3 18 18 2 7 4 19 27 12 8 20 21 22 13 29 26 14
1 5 13 15 29 10 15 9 23 11 8 17 19 8 22 25 20 23 0 14 3 26 26 19 3 5 1 14 21 19 8 1 2 12 3 21 17 19 1 19 20 10 6 7 9 29 12 4 1 21 23 4 29 21 5 6 21 27 1 23 19 0 15 29 24 19 1 11 7 21 21
14 24 15 30 26 22 18 27 11 14 27 30 21 21 20 27 2 23 4 12 5 17 4 23 4 12 28 8 17 8 12 6 25 30 7 30 23 24 16 16 1 12 30 29 15 4 28 26 12 16 18 0 15 26 27 3 27 13 14 7 15 23 0 10 26 1 20 7 14 24 9
30 0 22 1 1 5 2 9 13 18 26 14 9 18 4 21 5 24 20 25 2 3 8 20 16 25 25 16 10 10 26 10 21 5 30 9 29 7 5 24 27 29 18 17 15 7 22 5 18 28 13 29 29 17 17 20 19 25 10 18 18 27 15 28 3 7 28 27 15 6 8
5 28 15 27 22 12 0 4 27 5 8 5 9 4 19 12 16 28 24 14 27 21 14 22 2 14 22 18 21 3 8 21 4 3 0 1 29 28 30 13 2 2 2 18 27 6 20 7 12 22 14 30 24 21 15 24 25 2 18 24 2 2 0 22 8 17 14 4 8 30 6
23 30 5 25 13 29 15 24 11 13 17 8 24 13 11 5 8 19 23 18 9 18 24 30 22 19 4 13 22 30 2 30 21 24 27 15 13 3 15 4 0 2 29 0 30 29 15 5 23 13 15 12 18 21 9 30 12 26 25 28 25 0 3 20 0 3 10 9 1 1 3
2 20 17 5 17 18 30 16 20 29 10 30 28 9 27 3 5 24 5 11 30 23 29 30 10 19 13 24 11 9 5 20 1 18 24 10 13 18 0 6 15 7 4 21 24 5 12 17 6 6 8 24 11 19 1 6 26 20 21 4 12 11 1 12 22 29 26 17 30 24 26
26 5 14 6 10 29 20 16 24 5 11 0 24 12 28 13 20 19 30 8 1 29 24 24 27 7 3 1 2 18 1 21 26 3 20 8 6 7 20 11 10 30 28 9 17 11 24 17 20 20 27 27 15 4 21 2 4 8 17 14 5 29 5 28 26 8 24 8 6 18 22
8 1 8 2 15 5 4 6 16 5 18 15 30 27 26 4 29 18 26 22 9 19 16 2 15 16 10 17 18 7 20 20 28 6 23 4 30 3 6 15 11 25 30 5 19 16 30 23 11 11 28 5 7 2 21 20 29 21 24 12 7 4 26 4 18 25 0 19 22 17 21
3 15 7 23 23 6 23 30 13 16 3 19 17 19 1 22 10 30 24 24 14 8 26 1 28 11 1 3 5 20 14 27 10 13 5 26 7 13 13 2 5 21 26 6 19 4 0 15 18 15 12 30 28 16 23 20 16 20 19 12 3 7 13 22 28 19 0 5 0 18 11
20 8 3 3 23 21 4 15 6 6 24 12 3 29 30 12 24 27 24 17 14 29 13 21 22 7 5 10 2 9 28 24 4 4 30 5 7 14 12 4 12 8 9 9 11 10 20 9 5 15 3 8 15 6 14 1 6 10 24 22 0 4 3 8 18 15 14 13 14 2 9
7 17 23 22 29 18 16 9 16 2 28 12 19 18 28 9 13 13 27 19 19 0 9 0 7 5 21 14 3 26 11 4 26 0 20 23 7 21 0 30 29 9 8 5 21 2 14 15 24 26 6 27 22 28 5 7 17 4 27 13 13 11 10 0 10 23 23 20 18 10 3
26 20 19 0 26 9 27 12 17 30 7 16 25 12 12 13 24 25 27 16 4 7 20 27 22 24 19 8 19 23 13 4 21 29 17 14 1 2 19 19 7 2 9 2 22 28 22 11 14 30 29 2 30 9 8 17 13 4 8 15 30 12 8 17 30 15 22 4 23 15 20
20 17 27 11 13 15 12 14 25 23 23 0 11 30 29 20 16 2 6 30 28 13 3 27 30 8 15 14 30 30 21 15 4 5 2 20 6 1 19 19 9 28 22 6 9 20 1 11 30 2 16 17 6 20 16 8 2 19 10 4 27 4 2 29 6 19 5 2 5 17 22
18 3 3 0 19 18 21 1 25 22 2 4 17 8 19 15 28 25 15 16 1 17 9 17 1 24 9 10 4 25 21 16 15 30 7 0 25 19 13 19 8 8 3 27 3 15 24 20 12 5 29 20 23 16 13 22 10 1 16 16 12 14 4 29 0 5 27 20 8 7 4
19 29 27 15 22 27 14 10 17 5 26 4 1 19 23 10 1 2 12 7 19 22 26 9 6 13 27 3 9 6 28 7 9 1 7 0 7 15 28 4 8 22 14 4 25 12 10 3 23 24 1 20 2 19 5 29 20 18 10 15 7 19 20 22 13 13 13 16 24 29 15
20 11 11 0 10 21 26 21 23 7 29 27 0 22 7 15 29 8 19 11 25 30 21 18 29 22 19 19 20 13 11 4 11 9 18 20 27 23 29 1 3 10 15 10 11 15 1 17 7 8 23 28 20 16 16 18 16 11 1 8 19 24 28 16 19 28 20 28 20 22 25
2 27 14 12 29 27 21 15 19 8 14 1 18 19 27 4 22 5 12 16 18 19 14 0 1 26 10 19 3 11 0 18 17 28 1 27 11 21 20 10 17 29 25 11 28 25 8 7 10 24 21 23 0 18 16 10 10 24 6 23 6 0 2 6 7 22 9 29 9 15 11
29 10 22 3 25 1 16 1 23 23 16 6 7 21 4 6 24 22 2 29 25 14 11 29 9 1 13 13 6 18 16 17 10 4 26 11 17 7 14 1 16 3 15 12 23 26 11 16 23 5 16 14 15 27 7 11 17 22 6 19 22 0 15 22 17 16 2 15 17 7 1
29 27 27 26 19 25 25 9 30 24 11 6 2 18 13 11 2 7 14 25 12 1 25 13 25 25 22 2 1 6 2 22 5 13 3 1 28 14 12 5 27 27 10 16 18 29 3 6 28 1 10 26 29 25 12 18 14 22 3 21 14 15 4 3 6 15 21 8 9 9 12
19 10 25 6 5 10 21 10 23 7 21 7 28 2 3 2 27 22 19 1 24 19 28 10 4 9 21 21 22 1 4 3 13 23 15 4 10 29 9 22 24 24 30 1 17 23 6 5 17 24 29 23 19 7 26 13 19 15 7 3 11 8 20 6 20 9 11 0 4 6 8
20 27 21 11 12 5 29 29 1 11 9 20 3 3 26 13 19 15 23 19 22 29 3 19 14 4 9 24 2 23 28 23 22 14 5 4 2 19 19 14 17 12 14 7 28 17 12 7 6 28 17 1 15 14 5 29 3 8 19 1 15 9 3 15 12 3 27 19 29 3 17
3 14 1 12 17 3 3 1 18 23 17 3 10 3 25 1 30 23 19 12 24 24 27 7 27 1 24 9 28 2 20 10 11 15 28 7 2 17 22 11 4 8 10 18 11 2 10 28 30 8 4 23 1 3 5 10 20 28 6 19 27 18 11 15 30 13 14 11 17 9 10
10 22 15 9 25 24 30 28 11 29 19 26 30 18 7 11 28 25 21 29 16 2 10 22 11 7 24 8 20 18 9 14 11 28 19 4 18 26 22 16 7 6 4 12 14 19 24 8 14 8 9 13 5 16 4 23 20 25 24 23 25 21 28 10 29 6 9 16 25 6 1
19 19 6 5 24 17 3 3 6 9 20 7 17 7 17 20 18 17 8 30 18 19 30 28 19 26 1 23 4 30 0 14 21 27 12 28 21 27 30 12 25 3 4 10 22 6 6 29 5 24 1 25 15 11 26 21 25 6 18 12 4 2 30 23 18 25 6 12 22 24 28
8 26 14 9 24 17 8 8 9 17 26 8 6 15 17 1 22 21 7 11 23 29 8 26 25 16 20 19 1 1 28 1 29 20 26 16 21 2 7 2 17 14 0 11 5 30 12 11 5 11 18 25 21 6 12 0 1 4 11 20 16 4 30 0 20 8 8 26 30 29 16
11 14 18 19 4 16 24 13 30 13 1 18 7 14 21 11 11 17 12 10 1 14 1 9 26 3 22 12 22 14 15 19 30 7 22 25 2 25 5 14 27 7 25 14 23 6 16 20 25 19 14 30 25 6 9 17 7 0 29 9 29 18 1 27 2 26 12 16 13 1 25
20 6 4 27 9 30 16 26 25 30 8 0 3 25 12 25 1 25 19 13 20 12 20 25 12 14 9 12 27 10 9 28 12 1 2 23 11 0 7 5 13 7 20 11 11 3 24 25 20 26 4 6 18 18 15 10 10 18 1 29 22 20 14 0 25 16 3 3 18 12 1
24 23 23 22 11 9 11 16 21 8 7 16 18 0 29 19 2 28 0 17 30 16 27 14 19 19 24 28 30 19 29 2 18 1 9 22 4 2 6 21 25 23 4 29 4 26 14 16 28 5 23 3 27 17 26 15 19 26 28 2 15 11 16 15 26 20 15 23 9 14 21
12 7 2 19 27 7 5 28 17 27 17 14 22 13 12 9 10 8 18 24 12 3 10 0 24 18 20 5 1 0 18 4 26 28 0 3 5 11 11 10 19 24 7 28 23 1 4 17 5 25 14 24 7 14 16 24 12 11 3 8 17 30 6 17 4 28 5 6 8 9 11
26 6 28 10 2 5 10 29 17 7 26 14 15 26 23 22 15 2 5 17 13 22 18 5 4 13 9 2 15 23 10 14 11 18 16 25 29 24 8 27 10 16 16 20 12 3 8 12 5 28 9 5 12 28 6 7 10 15 5 9 7 6 24 2 29 29 2 29 19 0 17
21 10 28 13 2 15 20 15 22 22 2 21 7 21 28 18 16 2 16 26 30 12 2 3 22 8 4 17 11 4 3 16 19 30 15 3 13 1 3 2 14 7 10 20 17 6 29 24 1 14 25 20 16 27 9 14 6 23 6 29 26 18 17 8 19 18 20 22 28 11 13
3 11 8 29 4 28 2 22 9 21 30 24 9 1 26 25 26 28 15 3 9 12 8 10 14 30 24 8 16 30 30 26 12 27 8 10 29 27 20 23 19 17 12 1 2 8 18 13 9 29 6 29 1 0 19 23 12 2 7 15 27 24 1 20 11 23 11 12 13 26 10
8 14 2 7 21 0 13 7 7 24 28 19 28 21 14 24 22 21 11 13 26 20 13 2 15 25 28 2 11 27 23 10 19 5 0 4 26 23 18 7 13 29 1 30 19 11 8 19 5 18 30 13 28 26 26 17 17 25 8 29 4 5 13 6 13 0 27 22 15 22 23
17 23 21 24 26 4 7 10 1 29 9 0 16 1 29 11 21 4 11 12 27 29 26 3 23 2 23 28 28 4 4 15 4 6 22 25 24 0 6 18 26 15 10 12 25 2 12 18 8 22 29 1 13 19 21 4 0 22 2 6 19 0 25 8 27 26 5 16 6 4 5
6 30 13 20 7 19 20 15 2 8 12 18 15 24 3 10 3 4 30 24 28 2 8 21 5 10 8 30 25 3 0 17 30 2 23 20 1 29 7 12 27 0 27 2 24 7 29 20 30 13 20 2 12 19 22 26 0 19 29 0 5 2 29 26 12 22 16 0 10 10 2
24 30 10 18 25 0 1 3 2 21 11 17 13 0 27 22 8 27 20 10 26 12 10 19 7 1 9 21 0 1 16 29 14 23 17 28 24 14 3 15 18 1 23 15 4 21 23 8 15 10 26 28 22 21 26 16 23 22 28 13 23 24 18 25 24 6 0 11 3 26 8
11 24 25 2 17 9 4 3 7 11 1 22 29 17 12 26 20 12 24 29 15 3 0 13 18 3 15 26 20 11 17 17 18 14 28 9 19 12 22 21 3 0 30 22 25 8 28 17 14 13 4 13 7 16 24 16 26 27 12 16 16 9 22 3 22 24 22 7 16 11 25
30 19 27 2 16 30 27 3 10 8 11 7 0 24 3 29 24 5 11 11 6 12 19 11 2 23 24 24 5 14 27 16 11 25 2 15 19 3 24 26 27 7 5 21 10 15 9 19 4 29 18 25 1 8 3 27 19 19 10 19 5 9 23 20 13 24 0 20 20 12 13
17 11 24 30 9 11 1 10 20 7 0 5 5 27 21 16 2 10 1 18 7 18 12 0 16 9 14 6 27 19 21 15 15 17 11 25 3 7 6 8 7 28 1 13 12 17 4 14 25 27 5 11 24 30 17 15 15 26 16 20 24 0 16 14 12 11 19 29 10 30 8
11 29 29 25 5 23 14 18 18 7 0 29 14 27 20 28 19 9 8 18 5 6 30 29 4 16 4 8 27 19 21 19 27 19 18 7 6 24 20 22 4 20 2 4 14 18 17 10 11 29 24 15 3 24 30 27 10 5 23 3 1 25 11 30 24 19 11 16 8 23 9
21 27 19 16 19 18 25 23 28 27 14 11 25 24 25 10 3 8 21 21 10 7 30 22 19 4 10 17 29 16 24 20 24 3 29 20 21 17 19 13 1 6 1 0 11 8 12 6 26 7 13 1 20 12 26 0 16 8 4 8 24 22 19 1 0 24 0 6 9 23 29
19 0 14 22 22 26 8 6 1 2 30 28 27 2 17 15 3 8 28 9 8 24 5 16 29 2 10 27 2 26 15 28 24 28 3 3 13 28 24 3 2 13 21 4 4 12 8 22 30 25 24 24 13 30 18 30 5 30 11 22 8 6 2 18 11 1 0 29 16 23 7
0 30 29 25 0 28 25 7 8 27 23 14 22 26 2 28 24 16 16 22 19 11 1 7 24 2 9 4 19 27 27 18 11 30 14 9 25 16 7 1 12 13 20 21 10 10 6 3 25 18 16 7 25 10 29 2 1 7 25 6 12 17 3 9 18 8 9 0 10 14 14
3 1 20 15 3 1 16 29 25 28 16 25 16 13 19 26 16 2 16 22 7 29 29 15 14 24 13 6 11 24 6 15 17 25 15 10 11 10 11 17 30 9 12 7 19 10 9 16 16 14 30 28 27 6 27 21 8 30 6 10 19 10 3 11 6 29 22 12 30 3 22
8 2 24 15 26 8 26 17 28 7 17 23 13 4 30 7 22 11 30 12 3 24 2 15 12 10 24 24 0 25 6 14 26 10 25 14 24 10 24 13 14 26 26 21 24 28 15 30 12 30 21 20 17 30 11 5 19 22 24 5 0 3 14 18 3 10 1 19 8 21 25
6 9 2 26 13 26 21 24 14 16 1 16 15 8 13 16 1 2 19 4 18 6 14 19 9 17 3 4 28 21 5 0 0 25 29 7 22 21 18 9 20 3 5 3 6 12 27 16 15 30 25 26 12 11 19 7 21 20 7 30 11 10 19 29 14 10 15 14 5 7 10
7 28 9 28 6 2 12 16 17 11 21 3 22 20 1 14 21 21 14 27 8 30 17 15 10 29 28 10 2 30 24 13 24 28 27 21 19 12 0 18 14 28 30 23 19 3 9 1 9 24 19 6 1 16 28 1 0 8 22 7 17 18 22 3 1 0 18 20 12 8 8
14 29 17 29 13 12 12 26 4 1 9 27 15 9 21 21 21 6 30 8 11 25 19 16 24 20 22 29 28 2 1 20 4 24 23 0 23 27 12 4 25 7 27 13 4 6 8 20 10 3 11 23 19 9 28 18 5 10 10 12 21 20 20 27 18 25 7 0 19 18 9
4 7 21 16 30 3 0 26 17 24 26 26 2 15 5 20 1 0 15 8 7 2 21 10 9 4 18 1 28 23 22 13 13 5 26 13 30 26 9 3 29 10 13 21 18 20 0 16 16 2 25 10 5 25 21 27 29 7 9 10 27 30 8 6 1 9 29 28 9 1 7
7 12 13 4 25 18 24 29 3 23 11 23 23 19 24 1 8 30 7 11 9 14 28 16 11 27 25 21 29 26 2 27 11 4 8 17 19 22 17 26 27 15 1 9 15 7 26 5 5 10 1 11 15 11 6 1 1 27 17 29 5 6 9 25 7 2 2 13 1 26 13
12 4 30 2 24 27 6 1 3 21 30 21 6 18 8 27 9 11 17 21 7 6 12 9 18 7 28 17 4 1 9 18 12 17 22 25 15 2 24 25 23 22 5 21 18 28 25 14 1 24 22 4 0 12 15 13 15 14 17 15 5 29 2 15 17 15 23 15 0 1 7
24 14 24 21 1 19 2 9 24 0 17 7 7 17 15 2 13 11 3 20 3 13 9 8 11 7 28 12 11 13 29 7 14 1 12 15 16 4 9 15 30 20 1 13 1 10 21 21 29 13 6 24 23 2 4 17 9 8 13 6 6 1 20 14 29 5 20 25 18 25 10
6 27 22 26 24 6 1 6 1 9 26 15 30 10 11 7 22 13 19 2 9 14 29 23 4 11 17 19 13 3 23 23 16 6 23 21 16 18 4 21 26 28 6 0 12 16 6 14 15 12 22 15 27 16 26 26 9 8 8 16 2 29 21 6 23 20 23 8 6 1 10
24 3 2 13 14 28 7 3 16 12 28 3 1 22 18 6 8 18 25 30 8 18 7 16 30 9 6 17 17 27 12 20 11 28 19 11 4 10 7 22 6 18 5 4 27 23 12 12 30 29 16 18 21 22 29 3 12 30 27 20 27 16 5 1 20 29 14 24 25 12 22
