78 78
5 22 5 11 17 15 21 4 14 17 10 27 28 7 10 16 5 9 0 8 18 18 26 22 6 19 30 0 27 15 11 9 30 30 4 19 30 12 7 13 1 10 11 24 28 25 14 16 16 27 14 5 25 30 12 6 6 9 9 23 15 13 3 5 1 26 22 18 8 19 0 10 21 21 22 28 20 24
19 5 29 25 16 21 15 29 29 6 24 30 8 29 5 14 9 10 19 19 0 23 14 3 4 15 16 27 11 20 15 21 15 27 2 20 29 30 2 11 0 27 2 0 13 10 20 4 6 13 13 10 27 5 11 29 23 25 13 5 22 4 4 26 14 4 25 23 18 20 23 3 15 15 2 11 25 7
1 17 29 5 11 11 15 11 22 17 4 1 14 30 1 20 8 20 27 21 8 7 16 30 19 0 17 13 1 26 9 0 22 21 17 21 15 12 6 17 11 28 4 1 19 25 20 22 20 5 26 26 17 11 8 5 23 3 4 14 0 1 29 3 8 15 15 6 25 2 27 6 15 14 30 1 2 24
14 26 10 22 26 21 14 27 7 28 26 26 25 4 24 7 21 3 27 29 17 16 0 21 26 19 15 12 19 9 9 0 26 24 24 0 14 1 1 12 22 27 3 27 13 6 7 7 28 14 22 12 6 10 3 10 13 0 13 20 4 17 27 9 26 6 26 29 28 18 6 8 28 17 5 7 8 8
2 14 21 0 4 18 1 3 9 13 4 25 17 7 20 25 3 1 23 12 17 10 21 25 26 19 0 2 11 15 23 21 11 30 11 3 6 2 8 5 3 30 6 12 11 11 29 12 6 26 4 1 9 11 6 30 26 6 29 17 18 22 27 23 27 3 4 15 8 30 1 30 22 7 23 12 28 15
27 18 12 14 8 11 26 3 21 6 19 24 12 5 6 22 2 0 22 12 20 25 15 14 7 11 25 19 18 19 15 18 5 18 1 19 17 6 8 21 26 19 22 6 15 20 20 5 12 16 0 20 7 5 24 29 11 4 29 22 4 4 23 9 13 7 15 12 9 18 22 2 4 30 7 18 2 17
13 24 11 21 0 11 11 16 2 5 25 10 22 4 21 1 5 7 7 5 3 5 28 8 0 0 26 15 10 22 24 28 7 11 2 16 24 14 6 1 8 6 20 10 21 6 3 4 18 21 26 7 5 0 14 13 3 26 24 5 28 11 17 7 15 2 20 11 15 14 1 9 3 8 12 17 18 26
9 26 13 14 20 11 25 9 28 12 29 1 14 15 14 17 17 19 15 26 1 28 5 6 1 26 8 24 18 20 8 27 27 26 29 22 28 2 0 5 12 24 11 5 10 15 25 13 4 27 7 26 15 24 18 17 7 2 26 8 26 2 0 20 3 9 6 18 24 25 5 22 3 10 17 19 14 8
16 15 0 24 29 27 9 10 18 19 19 8 24 22 23 3 18 28 11 10 28 14 23 6 4 16 15 4 8 26 13 29 28 28 22 2 22 2 12 17 0 23 22 15 10 21 5 28 3 27 0 4 25 21 8 29 10 1 15 9 7 19 22 10 9 27 20 16 6 6 0 20 7 27 4 17 2 16
10 14 20 20 16 5 3 24 11 28 28 14 15 8 14 26 9 9 3 6 21 24 25 7 6 20 29 10 16 26 19 13 0 20 12 14 2 10 29 24 21 12 23 21 23 23 5 0 18 8 20 8 25 20 18 5 3 17 1 29 24 15 28 8 19 27 22 2 24 11 2 8 19 19 3 25 0 24
4 4 30 29 12 10 10 1 15 30 8 6 23 7 21 27 27 1 13 19 28 16 9 16 24 12 27 14 15 26 5 5 23 4 12 1 28 9 24 27 12 28 5 12 11 10 10 13 30 20 3 11 26 23 27 5 18 15 30 2 3 3 6 5 1 24 3 21 9 8 8 22 23 3 19 18 9 29
4 20 8 12 27 17 24 20 28 29 19 22 3 10 6 6 22 8 18 1 1 1 28 22 30 9 14 25 10 17 4 22 10 30 18 22 5 26 30 10 18 9 10 12 19 9 25 24 24 11 22 16 8 8 1 1 10 18 11 8 19 13 12 12 16 22 30 1 2 9 16 14 30 9 16 16 1 5
27 1 21 16 27 2 0 12 8 22 14 1 9 19 5 19 30 2 14 25 9 12 19 12 20 6 18 3 12 2 30 1 2 9 4 12 3 16 22 2 3 10 25 0 20 20 9 24 10 1 0 22 0 24 20 6 16 9 16 6 6 7 0 11 28 2 14 3 17 18 28 3 10 9 11 6 11 15
1 12 10 21 14 2 16 1 7 16 3 6 9 12 7 8 23 2 26 7 29 25 18 9 3 25 25 24 22 12 11 27 24 0 14 8 3 13 4 16 29 4 20 17 30 3 8 26 27 10 24 23 13 24 13 18 0 23 13 13 12 20 19 9 25 7 27 0 23 14 20 5 18 25 10 10 28 10
9 0 4 19 17 20 24 7 12 6 10 6 9 9 24 14 9 2 29 8 13 29 1 1 10 22 13 16 4 16 26 16 3 13 4 24 0 26 6 28 6 3 15 30 16 16 30 23 17 9 10 3 14 12 0 11 20 7 19 15 1 25 7 16 12 24 15 22 7 23 17 8 22 30 10 20 29 17
24 24 10 13 23 4 23 10 30 24 22 14 17 1 25 17 29 1 7 10 23 11 25 8 28 8 15 24 13 15 0 29 27 13 19 8 24 14 19 6 2 27 1 11 5 25 29 1 1 22 16 1 28 13 9 0 10 25 25 3 13 0 5 19 16 7 20 29 16 9 0 17 12 24 29 3 25 25
12 2 6 28 6 9 3 10 20 24 8 27 29 8 24 5 14 3 14 30 8 28 28 15 12 17 6 0 12 6 18 19 18 15 29 25 28 18 27 17 24 17 12 17 5 15 14 5 22 18 28 4 7 26 7 18 22 17 27 10 24 18 12 5 17 24 28 4 27 10 28 13 23 11 21 16 7 1
18 13 9 19 9 15 17 8 20 0 20 10 24 12 4 3 8 14 2 1 6 1 25 12 23 17 13 29 9 20 12 5 9 21 0 23 22 13 15 22 4 3 26 24 26 13 8 21 8 25 11 2 16 26 5 10 27 14 8 27 18 13 7 6 11 11 21 13 12 22 6 24 1 15 6 7 6 2
4 25 8 12 23 3 9 12 6 14 30 0 15 28 16 3 8 10 8 12 6 13 8 2 1 26 23 27 11 2 11 21 29 10 16 11 21 30 5 2 21 8 24 30 29 9 22 12 15 20 16 5 26 12 12 29 13 12 21 12 24 28 2 8 22 23 6 9 8 21 27 13 21 0 1 26 15 5
28 13 1 28 22 9 8 23 22 14 23 13 9 22 14 2 8 2 16 28 24 15 21 28 6 16 14 30 5 12 19 2 12 8 20 8 10 1 10 21 11 4 22 26 3 13 16 4 9 18 25 5 30 7 11 6 7 24 17 26 16 2 0 15 16 19 11 3 1 2 23 3 1 28 19 8 3 26
11 6 14 2 29 11 27 15 16 17 12 16 5 23 23 14 0 11 9 19 4 24 10 10 11 10 19 7 24 0 10 27 0 8 30 7 18 12 20 29 18 5 9 19 18 26 21 24 20 16 8 2 7 22 19 5 4 19 19 0 13 25 17 4 23 28 26 23 9 25 16 13 3 27 22 6 0 27
16 25 24 6 22 15 30 18 8 23 7 26 18 21 22 0 14 3 8 6 3 27 28 12 21 24 6 19 19 10 27 3 12 29 4 19 17 2 8 3 6 14 19 29 25 1 13 10 29 9 6 4 20 15 30 23 13 2 29 1 6 12 26 20 4 24 2 22 22 11 16 21 27 13 22 9 16 18
8 27 18 24 21 24 13 15 17 23 16 7 20 6 5 17 5 5 19 28 24 21 11 12 11 5 3 13 16 26 0 9 29 16 11 23 27 28 21 4 26 22 19 29 25 22 10 11 28 22 9 24 9 11 12 3 21 1 18 29 7 26 25 26 30 22 12 25 6 18 13 14 24 27 24 17 11 27
29 13 15 30 17 23 6 3 25 24 16 4 26 17 9 10 23 1 14 8 27 7 6 13 23 8 19 9 0 25 22 8 21 24 24 10 27 2 15 8 11 27 23 26 13 26 29 1 21 7 0 11 5 30 17 6 23 15 23 15 11 5 29 23 11 28 3 29 30 23 5 11 8 21 22 19 22 22
19 8 12 9 19 26 14 30 21 19 6 14 29 6 22 16 6 19 23 0 0 6 23 18 28 20 22 22 26 7 25 1 22 16 1 11 5 5 15 26 29 27 21 25 10 3 30 8 14 26 10 18 25 21 12 5 20 24 29 16 2 23 0 27 26 1 9 17 21 26 9 23 29 0 7 27 23 23
1 11 3 19 15 21 15 12 25 3 0 26 24 20 2 3 15 11 27 22 17 0 27 8 5 17 2 30 16 4 13 13 4 13 10 5 17 28 26 18 21 30 27 9 14 6 11 15 1 8 16 8 28 17 6 11 17 28 21 12 10 13 21 13 26 27 19 29 11 1 16 9 5 19 20 1 8 8
3 11 14 12 0 26 14 28 18 16 7 20 4 13 20 27 8 25 7 15 3 21 8 12 25 26 20 4 20 27 1 0 3 2 1 25 20 4 14 10 3 4 12 16 30 7 29 5 8 5 28 7 28 1 14 12 11 11 30 1 12 0 1 20 18 16 4 12 1 10 2 12 2 8 0 7 9 5
19 12 21 23 2 21 19 30 19 25 3 6 10 25 16 4 7 14 1 19 20 8 16 21 9 22 3 26 24 16 22 3 20 25 20 21 30 29 29 24 20 5 1 13 8 1 14 6 19 22 9 29 23 16 2 10 4 17 10 1 21 17 23 19 26 26 24 6 29 21 15 4 23 3 10 4 15 18
9 14 23 13 3 8 9 1 18 3 15 3 27 11 22 5 16 16 6 18 4 7 20 4 24 9 6 15 15 13 7 4 10 24 14 16 24 21 13 21 26 7 8 4 23 19 2 10 16 9 10 7 24 0 14 30 6 23 21 6 23 30 22 2 19 11 22 18 19 24 19 26 27 28 3 24 22 15
26 1 17 23 23 17 13 16 26 29 12 11 27 16 11 6 16 11 30 15 5 30 14 7 7 10 24 18 11 25 29 12 21 25 29 24 2 26 25 10 5 3 12 28 23 10 24 24 29 13 29 23 1 21 21 19 2 22 27 16 11 14 14 28 23 21 12 3 20 12 5 17 19 29 9 7 21 26
17 2 19 2 8 3 4 30 13 7 8 24 17 10 25 9 7 21 0 3 8 4 11 1 16 16 8 7 12 11 10 15 9 8 0 30 20 6 22 4 24 18 25 9 29 17 16 14 14 18 5 28 0 18 5 5 13 20 6 30 25 8 4 16 20 7 13 3 19 13 15 6 29 29 20 27 6 7
25 27 15 9 6 23 27 16 14 7 6 4 11 24 2 3 22 3 20 6 7 5 4 27 7 27 27 15 21 11 18 9 2 0 20 27 14 17 0 19 8 4 30 25 2 12 5 29 2 16 8 8 25 2 19 14 11 5 9 28 30 13 17 22 1 26 18 18 25 24 20 19 13 15 13 23 25 1
16 28 16 12 4 28 2 9 25 0 12 16 7 20 3 1 18 3 20 23 30 13 21 14 1 24 2 1 28 29 27 5 11 22 15 27 14 1 9 1 9 15 2 16 1 18 24 6 25 0 22 25 1 11 23 20 1 21 30 28 16 26 9 2 2 27 5 10 23 7 2 27 30 6 26 24 0 27
17 5 17 9 4 4 23 9 20 24 29 24 24 26 14 0 16 21 30 23 14 9 12 9 10 5 28 29 8 23 13 20 20 8 13 2 22 23 20 15 12 14 2 20 13 18 29 12 30 22 26 28 14 27 20 24 4 3 6 6 6 5 28 7 12 12 17 5 26 29 0 5 22 4 8 29 10 2
11 3 9 12 4 3 6 10 27 21 12 29 21 6 23 26 24 2 2 1 20 13 19 23 1 18 1 28 18 4 14 16 11 25 24 12 13 17 2 12 23 25 30 8 17 15 4 10 5 1 7 8 3 17 11 7 11 4 26 19 30 0 10 16 27 21 21 7 16 22 5 0 21 6 22 27 30 0
25 7 16 7 25 25 23 8 29 4 2 19 0 30 1 25 19 11 6 29 11 1 26 24 29 12 0 29 22 0 17 13 30 14 25 23 12 8 29 3 7 8 28 2 25 0 2 24 11 15 21 26 29 8 18 27 17 1 11 17 10 15 29 15 0 4 12 0 0 4 30 29 0 27 27 28 8 6
13 24 1 17 2 17 6 29 28 3 24 15 8 2 4 21 20 21 11 21 0 30 18 30 28 24 29 4 30 13 20 16 28 24 3 1 17 21 7 2 21 8 24 0 27 9 28 26 28 26 20 10 30 15 8 8 23 1 5 6 25 11 12 29 2 16 30 19 28 24 17 22 7 4 29 15 19 29
16 5 19 7 14 23 15 26 22 0 18 14 25 18 18 24 13 22 16 11 1 13 26 17 12 18 10 24 13 27 7 5 7 23 14 11 9 8 4 0 25 9 12 13 23 11 12 24 5 17 2 12 8 5 26 27 6 22 29 28 3 1 8 7 9 27 4 3 29 21 6 12 17 21 5 20 22 4
17 1 29 21 24 22 14 15 8 30 9 18 23 22 28 20 0 9 23 11 27 13 7 26 0 20 17 1 24 19 9 17 26 12 10 25 12 3 1 4 0 13 27 23 24 18 23 17 23 12 15 21 29 3 4 9 30 26 13 19 3 15 29 6 15 16 18 14 19 26 23 27 6 12 15 5 17 27
1 26 1 14 4 15 1 6 25 9 23 8 7 14 10 5 3 23 10 22 2 12 3 19 27 18 23 21 2 9 12 21 20 18 21 17 22 8 13 19 6 15 14 4 14 28 3 1 26 6 16 2 28 11 21 16 6 11 20 9 7 5 20 25 3 17 15 15 14 4 29 28 4 24 15 25 3 28
3 14 26 14 28 9 6 14 30 4 29 0 13 19 15 12 21 8 17 20 16 8 3 15 23 30 19 7 20 29 24 16 29 6 7 1 6 10 5 5 20 14 24 17 0 18 19 13 5 5 5 18 30 9 15 3 0 16 16 2 0 30 6 14 9 6 24 3 6 19 29 13 26 23 14 4 3 29
6 28 5 25 10 4 23 23 26 0 8 13 27 1 8 3 30 6 3 23 26 9 30 7 1 21 29 19 24 8 26 12 22 2 7 20 22 24 24 5 30 12 28 26 19 8 27 6 5 25 3 4 10 25 9 11 6 18 25 1 16 4 13 13 29 4 6 21 25 19 19 7 20 9 4 4 0 18
20 4 11 25 25 28 14 28 21 30 11 28 5 12 16 3 19 5 4 8 19 0 9 12 2 26 5 29 1 22 3 30 11 29 18 11 11 16 0 10 25 1 28 19 27 17 17 1 30 26 20 28 22 21 18 13 17 8 21 23 18 16 26 8 29 25 5 4 16 23 11 17 15 23 13 0 1 27
7 20 5 26 8 3 0 21 16 8 4 16 8 7 4 22 0 5 15 26 3 19 20 2 2 8 1 3 11 23 8 2 7 29 9 3 30 3 18 12 27 23 15 23 3 28 14 9 5 7 24 13 29 9 18 1 25 21 0 19 8 30 3 9 3 14 21 29 3 13 14 22 25 1 22 1 19 13
7 26 21 15 7 12 2 18 0 8 27 17 5 8 28 26 13 23 23 9 13 20 29 3 7 0 24 19 26 6 12 2 30 25 14 20 25 29 3 3 19 19 30 16 25 8 17 21 13 8 21 12 4 19 14 23 5 28 23 19 5 9 24 6 27 19 26 0 3 12 19 3 5 23 16 24 28 12
3 9 27 30 9 12 11 11 1 1 1 15 11 23 3 28 21 17 1 0 5 21 17 28 29 30 12 14 1 3 12 7 2 13 9 16 20 25 16 0 18 21 8 25 4 14 6 12 13 26 25 25 24 2 30 20 14 29 24 25 4 16 23 12 19 1 24 26 5 3 19 16 16 7 9 7 26 18
6 22 17 11 30 25 20 17 19 1 5 29 11 2 13 25 16 20 5 9 8 1 1 25 8 20 8 30 15 8 22 23 12 26 15 14 14 5 2 9 3 27 13 10 12 25 30 19 0 25 20 3 28 18 25 10 0 27 7 15 17 0 27 25 4 17 15 30 0 27 20 8 3 19 1 17 22 14
3 19 6 8 26 24 21 1 15 0 19 6 24 7 9 13 14 2 16 26 26 27 21 28 5 22 16 28 22 4 3 10 17 23 2 20 19 7 21 19 19 25 25 10 28 13 2 30 27 8 28 14 25 11 16 10 17 24 7 27 2 28 30 10 4 25 13 9 16 13 10 24 13 5 23 29 8 9
2 28 23 19 29 15 5 21 26 26 3 4 7 4 17 2 18 6 28 14 21 14 8 18 13 9 2 0 10 2 21 30 14 25 12 4 3 11 22 3 8 18 1 6 23 14 24 23 13 20 8 15 6 1 25 14 19 15 11 20 2 21 27 4 17 9 18 27 29 27 10 14 5 6 8 6 27 10
29 2 7 1 25 13 23 15 18 17 15 18 20 9 25 14 3 15 22 15 25 29 3 11 22 19 7 16 26 26 3 14 11 22 23 20 25 26 14 10 15 25 8 21 15 18 21 22 16 16 2 8 22 18 2 4 17 0 8 19 11 7 17 6 29 10 15 13 16 27 17 20 27 26 8 2 0 12
8 20 0 0 8 18 8 7 8 29 3 20 18 13 19 21 8 7 10 26 19 18 24 8 21 4 24 0 9 5 18 3 8 7 9 16 7 12 28 23 2 23 3 5 14 4 14 30 28 2 30 22 1 10 26 18 16 1 1 7 16 11 18 24 18 26 27 9 19 8 17 2 14 29 15 23 16 10
21 24 0 5 7 1 1 24 29 3 20 0 24 16 3 27 14 30 12 30 7 18 20 24 3 28 5 26 7 11 24 29 17 26 28 1 12 13 24 6 3 1 21 28 13 1 14 17 21 17 26 25 5 2 28 12 24 16 4 22 22 3 21 18 9 10 11 8 10 20 15 26 20 16 29 14 29 5
23 16 26 5 25 16 29 11 5 30 29 18 2 7 8 19 14 11 28 19 26 18 24 1 17 4 14 0 11 12 28 10 29 13 19 19 20 11 0 24 25 24 1 17 11 3 29 5 2 26 18 13 28 16 5 0 25 15 3 11 18 6 17 29 6 14 24 8 16 15 20 7 9 29 20 13 14 9
21 13 17 24 2 14 0 7 7 15 19 20 0 9 22 13 3 13 2 26 15 19 4 18 20 14 4 24 19 3 21 2 9 19 6 21 18 8 15 7 16 3 26 2 20 1 7 20 12 14 7 28 24 26 25 3 23 14 2 15 29 22 12 25 19 17 28 19 15 12 12 26 29 7 12 25 24 9
20 18 24 19 3 14 27 10 18 8 23 30 9 23 21 15 16 17 27 3 10 1 12 14 9 8 7 4 2 12 4 7 30 30 21 28 4 26 15 11 14 27 4 13 6 16 18 1 20 23 5 18 12 21 9 27 17 10 17 10 2 29 10 14 23 30 7 25 16 23 11 19 29 5 14 18 23 7
7 23 12 18 20 17 7 17 20 29 28 4 3 5 16 5 14 17 18 15 15 2 0 24 12 4 0 4 13 6 29 13 16 8 16 5 4 16 18 7 1 6 3 6 0 23 28 18 24 16 23 3 15 27 24 29 18 26 18 6 5 30 7 30 3 7 9 26 15 18 7 18 10 27 20 6 0 18
7 0 8 3 3 23 27 9 4 14 22 24 14 12 16 11 0 12 18 9 14 22 11 30 11 28 6 10 27 22 21 6 22 24 12 15 15 18 25 27 23 25 0 7 4 16 18 17 1 28 12 26 2 28 19 14 23 20 18 28 18 12 4 4 12 24 9 10 2 20 25 7 8 19 18 28 26 16
6 19 27 30 26 10 20 29 18 1 30 21 8 1 16 17 27 3 0 12 8 15 14 29 12 27 12 24 26 2 26 14 12 21 2 4 8 0 23 20 25 22 19 14 6 9 30 15 30 23 30 1 2 30 12 26 19 23 3 16 17 5 26 7 25 1 30 3 12 3 30 12 1 26 4 2 28 7
17 30 16 1 15 14 9 22 25 7 15 14 18 23 6 2 2 28 14 12 18 26 18 6 12 28 17 15 9 20 22 12 7 9 10 7 24 10 22 25 4 2 18 4 5 4 16 25 24 3 22 21 13 25 19 18 23 14 19 23 0 27 28 10 2 18 9 20 6 2 16 13 4 7 29 26 26 12
8 22 5 20 27 26 16 2 20 4 18 24 25 6 24 12 2 2 18 19 17 16 27 22 19 27 16 7 12 15 26 1 17 15 23 2 23 23 13 15 18 26 25 15 22 24 12 29 27 0 1 21 25 9 3 18 9 7 0 14 16 10 22 3 2 17 26 10 0 13 13 7 9 15 15 26 26 18
26 3 15 11 8 16 3 24 18 22 15 13 19 9 15 1 28 18 24 16 3 13 15 23 3 7 30 25 8 17 8 27 0 8 22 5 25 23 11 30 18 22 0 7 24 29 27 4 25 3 29 12 4 28 14 17 7 10 10 12 24 18 27 29 28 6 14 8 14 4 3 18 0 23 30 20 30 10
29 14 19 16 19 15 22 6 5 16 3 27 12 24 20 26 5 17 3 9 21 7 30 29 7 19 11 18 11 29 19 25 10 21 21 8 5 24 7 4 26 21 28 0 25 5 27 3 11 16 24 21 19 5 5 5 3 10 0 21 30 3 15 24 10 14 14 7 29 20 25 24 18 18 21 22 6 15
19 29 27 25 3 22 15 24 24 3 6 16 13 11 3 6 21 27 0 4 15 22 0 20 17 9 0 19 2 15 13 17 21 6 17 23 19 28 21 11 17 14 13 27 7 28 14 11 30 19 11 4 14 10 2 10 15 1 30 1 9 28 2 16 5 5 25 24 7 0 4 23 25 26 4 11 22 10
14 22 3 10 29 25 15 12 30 23 17 10 13 16 2 13 29 21 4 18 9 23 9 20 1 27 0 2 0 19 20 4 24 26 13 29 2 22 19 7 20 9 7 26 6 15 5 1 7 11 26 6 16 16 24 6 0 26 18 6 28 23 28 4 23 24 0 28 1 6 0 25 11 19 3 23 9 13
17 26 5 10 11 11 8 18 12 4 26 1 26 7 0 6 16 13 29 30 25 25 25 18 24 27 4 18 8 6 19 14 26 13 17 13 4 14 24 11 14 14 18 26 12 15 7 22 0 30 26 8 13 0 16 27 15 16 14 21 28 22 17 3 11 19 8 27 22 0 21 27 6 15 7 28 8 5
12 14 15 29 2 14 21 4 29 23 16 18 29 12 17 30 26 4 10 5 19 8 23 0 10 5 1 14 11 20 15 17 17 15 27 0 26 19 25 25 18 14 1 10 12 15 3 25 14 10 6 0 6 21 30 15 3 30 3 4 27 1 20 23 17 16 27 20 1 9 22 19 23 30 24 15 15 27
4 8 1 18 9 24 22 11 5 15 21 22 18 3 11 11 19 29 12 13 10 28 15 2 11 7 29 30 10 24 25 9 10 24 5 10 16 13 26 2 28 23 20 6 3 16 24 7 7 26 10 23 5 20 23 24 21 29 11 12 2 26 16 25 22 25 17 4 26 2 22 27 14 18 10 13 28 24
12 2 6 24 22 25 30 8 8 21 13 28 27 4 15 4 9 19 16 5 8 9 22 29 14 15 15 10 15 17 28 4 27 3 2 28 10 29 2 18 19 29 9 25 10 22 18 20 2 11 23 18 26 15 24 16 30 8 8 11 22 14 22 19 21 1 26 9 1 20 1 6 16 14 26 26 25 3
10 10 27 10 4 25 2 5 1 27 0 19 6 27 12 27 3 13 6 30 23 13 0 7 12 1 20 30 21 6 0 14 18 30 27 7 2 24 29 19 12 12 24 1 25 8 24 14 18 23 23 1 11 27 8 8 10 26 23 28 19 2 21 15 2 8 2 15 20 6 11 0 24 26 4 26 16 16
14 21 17 26 5 0 18 8 1 21 5 23 24 15 11 8 10 5 13 8 27 3 23 26 24 19 2 5 25 28 0 20 5 24 11 6 21 12 9 20 21 30 19 13 29 4 29 3 29 8 9 16 14 27 5 10 10 16 15 8 19 28 7 22 22 17 8 11 8 17 5 18 3 9 21 23 17 0
5 27 8 9 2 26 10 13 17 23 5 23 27 24 14 0 17 5 28 19 23 11 1 26 3 16 25 25 19 11 20 26 23 5 29 12 1 25 27 1 7 5 0 24 26 18 6 17 4 28 28 29 26 29 12 13 17 28 21 11 16 5 19 23 15 23 13 10 12 21 2 8 2 27 27 29 14 4
30 27 24 7 0 18 15 30 8 5 10 3 16 1 18 0 20 9 23 29 14 19 2 2 15 25 19 28 21 2 7 16 11 10 28 18 10 16 26 2 25 15 14 15 8 13 6 19 8 0 30 6 11 5 7 20 25 27 16 25 10 22 7 20 27 8 26 11 11 28 16 18 11 24 11 0 2 3
21 6 14 28 1 14 8 5 5 1 20 3 9 14 28 26 3 22 21 30 6 21 6 24 30 27 29 30 8 23 17 20 0 6 19 17 21 29 28 9 7 11 24 29 28 28 8 3 7 26 19 23 27 0 9 26 20 11 2 28 21 3 3 26 0 16 30 3 4 20 28 3 1 30 19 10 6 13
21 10 5 7 13 19 1 26 21 14 2 13 22 20 18 8 25 23 15 10 28 14 25 10 7 29 9 12 1 13 19 29 5 6 27 5 15 2 11 15 23 29 20 17 15 12 12 21 5 9 23 25 7 5 27 17 29 1 30 5 11 5 16 12 25 26 13 8 23 3 8 0 18 2 21 29 29 6
15 6 27 0 13 7 11 30 30 21 1 7 5 13 24 13 16 24 14 15 7 12 29 20 25 9 15 23 21 12 26 27 15 4 13 18 11 20 14 3 28 2 5 10 2 0 3 1 20 18 25 1 23 7 29 19 5 1 7 14 8 17 17 23 16 24 4 19 5 1 28 13 0 5 29 23 24 24
16 22 14 29 12 18 23 5 4 2 24 8 21 1 8 5 8 19 3 21 6 27 27 28 13 6 29 1 12 9 5 30 21 25 6 10 19 28 29 19 25 18 1 16 21 9 0 14 7 12 25 3 1 20 13 3 7 29 21 9 9 3 7 6 25 5 13 10 13 3 14 25 26 23 22 23 22 15
27 26 23 1 11 23 23 0 26 2 24 20 27 27 29 14 18 1 9 10 22 7 27 2 8 11 7 3 8 14 19 19 26 22 2 15 14 5 19 3 12 24 12 4 6 13 30 21 26 14 0 1 0 6 7 14 24 14 13 2 21 28 21 16 0 22 9 15 8 18 2 28 16 6 0 21 21 21
4 20 8 7 26 21 3 20 13 24 1 16 6 7 30 8 16 2 4 27 2 14 28 19 10 13 2 26 3 13 2 0 17 26 21 13 26 29 25 4 8 21 23 6 7 13 13 3 30 9 10 13 8 0 10 9 21 17 8 6 22 27 15 3 18 6 29 29 4 21 19 25 6 9 11 27 12 9
