81 81
30 15 13 15 19 3 1 27 27 30 18 22 19 26 26 12 29 19 0 23 21 15 2 2 20 12 27 22 4 19 21 14 0 24 26 12 15 14 16 15 18 30 14 2 22 20 20 14 18 9 1 8 11 16 14 24 3 8 29 18 18 14 12 10 6 27 28 11 27 30 30 26 7 21 19 7 6 1 28 20 9
30 6 29 26 3 28 11 15 25 12 28 24 14 27 30 10 30 15 7 7 2 11 22 10 1 18 1 4 11 28 0 1 9 22 18 2 5 21 12 5 2 21 23 0 13 8 9 22 16 30 9 25 14 2 6 11 23 4 28 18 20 3 14 28 3 5 18 4 6 24 21 26 19 12 10 23 28 17 26 19 1
3 6 17 30 12 4 2 19 26 8 0 25 3 3 5 13 12 24 2 18 6 6 20 17 23 16 1 19 29 29 7 30 17 17 5 11 22 29 20 17 24 12 4 14 13 25 12 15 22 15 6 27 12 20 1 5 21 1 10 24 27 0 10 11 20 5 11 27 29 13 14 15 16 4 3 10 30 5 6 27 16
19 16 25 25 4 27 0 8 14 15 10 14 8 30 27 1 29 15 7 2 27 18 28 22 29 29 30 27 8 23 29 30 29 16 25 16 20 6 7 15 6 3 11 3 10 26 26 27 22 5 13 5 13 12 21 9 0 12 0 9 13 8 16 29 15 15 22 24 21 2 10 4 30 29 5 3 13 28 17 13 0
25 26 6 18 13 21 4 10 18 13 3 4 5 27 2 16 3 0 28 22 19 3 13 25 26 14 21 18 8 20 23 4 24 25 7 26 15 7 30 12 13 20 26 14 5 17 19 19 13 8 27 5 9 1 15 18 2 10 2 14 16 4 23 21 6 14 30 10 23 19 5 22 26 10 2 7 17 16 26 24 23
26 1 4 26 19 28 14 28 5 0 23 30 25 19 27 22 28 0 2 19 10 26 1 2 11 2 9 14 15 9 17 15 16 25 19 23 6 20 4 7 30 28 17 26 11 8 8 6 4 30 17 13 19 3 22 7 4 9 15 15 30 11 15 17 1 23 13 5 21 8 28 16 23 24 6 28 16 24 25 6 21
14 2 19 4 17 24 4 7 27 1 6 19 11 13 17 13 16 22 0 21 27 30 7 2 30 6 27 9 10 7 2 23 16 15 28 28 10 21 20 18 28 14 2 26 7 10 7 1 13 12 6 20 8 16 13 5 30 10 17 16 21 30 30 5 30 26 16 3 12 1 16 4 18 28 30 15 9 19 12 10 16
6 0 28 13 13 25 11 2 23 23 3 19 12 28 24 15 2 29 12 4 16 27 20 26 19 23 10 1 27 24 10 21 17 15 8 5 0 5 21 22 7 25 15 12 25 10 21 2 26 12 13 25 20 14 7 5 15 18 28 23 0 30 4 10 21 9 12 9 4 14 28 7 12 5 15 14 21 2 17 16 9
8 12 24 20 2 12 12 8 0 10 13 20 17 11 4 1 26 23 27 21 30 1 3 5 2 30 14 28 20 5 19 29 20 7 25 19 2 12 7 12 15 19 3 16 18 23 16 9 13 2 26 20 6 3 13 8 17 12 8 4 3 19 16 16 24 22 27 16 26 13 14 3 9 25 22 22 13 13 13 25 25
0 29 26 30 7 17 27 10 23 17 18 17 19 18 6 2 25 6 30 4 22 7 16 14 29 20 17 3 17 2 15 25 13 15 12 27 28 30 16 16 12 24 2 26 11 25 5 10 25 27 14 26 30 22 30 17 2 30 5 15 7 18 6 24 23 12 1 27 19 14 24 5 20 30 30 24 11 0 28 7 6
27 25 5 24 0 12 1 1 20 4 16 4 14 15 20 27 2 16 17 15 22 22 18 10 7 21 12 13 27 21 1 20 11 18 11 13 20 11 10 0 30 18 10 3 21 11 17 15 9 12 16 2 27 11 26 0 8 10 11 22 0 19 18 17 6 7 14 27 5 4 21 16 3 25 1 0 17 12 22 6 2
13 17 19 10 3 2 28 4 9 15 1 7 23 23 15 20 24 8 10 2 22 18 17 14 9 29 23 3 6 19 26 6 26 13 8 5 18 29 8 3 20 6 8 20 7 9 15 28 13 17 9 9 3 6 15 1 24 10 30 6 20 13 6 15 15 10 13 22 26 7 29 15 4 15 28 21 28 5 7 1 19
13 19 18 24 15 18 6 28 29 25 8 0 20 3 28 16 2 5 14 7 22 24 14 19 4 3 26 27 9 20 10 26 19 16 16 13 15 28 3 14 28 27 27 25 23 13 16 5 16 26 1 4 25 1 6 11 10 13 17 6 29 25 18 25 2 7 13 19 24 0 5 14 11 15 17 5 15 21 17 10 25
17 30 1 11 20 30 7 17 1 13 5 26 15 1 13 10 2 17 10 0 28 24 5 12 2 30 24 16 21 3 18 26 11 27 26 15 21 21 6 18 12 17 9 22 26 3 5 27 16 11 0 22 28 14 28 12 12 23 5 24 22 10 3 18 30 5 29 19 3 7 13 17 7 10 17 11 24 20 28 9 2
29 25 2 26 25 5 15 20 5 0 26 11 23 19 22 30 6 18 27 7 8 1 30 12 2 2 19 17 3 14 0 25 23 0 4 3 17 26 27 27 27 18 13 27 25 27 26 4 18 16 4 7 23 14 13 30 13 23 26 20 4 6 13 26 22 25 19 11 24 25 6 18 14 8 2 14 18 26 29 23 27
21 3 6 13 16 4 19 6 3 11 1 0 20 28 0 5 28 8 22 28 13 1 20 18 21 0 28 2 21 14 17 26 14 8 9 11 1 5 30 22 2 15 1 4 18 7 15 15 15 4 20 15 0 3 17 30 1 4 26 5 2 0 15 26 3 2 7 9 7 5 6 29 7 21 17 9 9 10 5 3 14
18 29 28 14 9 28 17 11 0 25 27 8 27 22 28 18 15 26 17 24 9 22 23 8 7 25 14 10 16 15 3 20 6 12 30 12 0 23 5 10 24 5 6 6 10 13 5 20 29 22 18 4 14 17 19 3 29 10 4 10 10 20 12 17 25 22 8 2 4 18 0 15 7 26 11 6 1 23 6 4 9
0 26 9 1 20 8 28 15 28 0 2 23 13 13 30 8 30 22 16 24 19 28 8 21 29 21 4 4 24 13 2 12 17 16 12 9 13 16 19 16 7 26 24 25 9 2 27 15 12 8 23 28 30 23 10 24 18 2 26 22 22 16 21 21 16 17 17 11 23 14 14 20 28 6 0 1 3 24 13 24 5
26 30 19 18 11 1 23 20 12 28 7 3 0 19 4 8 19 15 27 3 20 9 5 5 8 14 21 2 18 22 4 7 11 28 11 21 22 8 17 11 16 25 29 7 27 6 7 12 22 12 19 13 8 2 10 24 27 30 22 7 5 24 13 19 17 17 26 4 24 11 7 22 21 22 22 12 0 18 3 4 17
26 21 28 0 24 28 1 13 27 19 20 19 22 14 0 12 7 25 18 0 22 12 15 30 7 19 11 19 26 25 15 22 16 1 3 19 15 20 28 0 16 8 12 19 1 23 19 8 20 1 10 23 23 26 27 13 11 2 20 10 14 1 30 25 9 27 1 6 7 18 9 28 21 26 30 15 12 6 19 13 17
0 24 16 11 16 9 3 24 23 20 4 11 29 29 21 2 5 7 16 15 2 12 6 0 15 5 21 13 0 12 18 27 30 5 14 0 13 21 22 19 22 15 9 9 13 13 10 29 12 26 22 28 2 0 21 26 5 8 15 13 6 30 5 22 7 20 24 1 17 26 2 2 9 9 21 21 25 13 22 14 3
30 27 9 6 2 19 17 8 29 10 5 1 14 13 2 3 26 22 5 3 20 23 7 4 15 12 16 27 28 9 9 12 18 26 1 30 7 6 18 1 6 1 4 28 9 30 4 8 18 10 15 18 24 9 29 21 26 6 1 28 13 25 29 0 17 28 26 15 11 7 26 4 25 7 2 13 1 29 21 26 23
2 9 0 29 16 2 5 13 22 5 0 18 2 17 22 15 24 6 10 13 25 30 15 11 29 16 5 4 11 23 12 5 2 9 30 7 4 19 21 7 10 27 5 30 0 16 7 27 25 11 27 1 12 13 12 19 28 22 25 5 8 28 27 19 17 30 19 3 28 27 15 6 30 8 23 23 0 16 14 26 18
8 5 26 16 15 2 19 30 23 18 12 15 21 22 17 14 5 28 27 8 13 11 13 16 29 15 21 7 25 9 8 18 6 9 18 0 27 21 10 14 26 8 2 25 12 5 29 27 13 9 16 16 13 26 25 4 22 11 15 19 23 17 20 13 14 7 8 19 30 17 6 9 9 29 11 10 26 10 30 5 21
20 10 30 19 24 22 10 25 21 4 4 10 26 9 25 10 1 4 30 8 18 9 25 23 28 21 18 10 5 22 4 9 4 7 5 0 4 15 15 9 22 2 3 12 20 4 22 16 15 13 24 19 23 22 2 17 6 19 0 14 26 26 29 17 21 6 27 11 22 19 13 2 26 5 6 24 14 20 22 0 17
15 26 19 24 26 29 4 19 18 28 4 7 0 10 1 8 2 20 21 10 30 7 20 12 14 24 19 13 18 30 11 23 17 1 24 7 4 8 30 2 12 26 24 13 11 22 29 23 9 0 27 9 9 12 9 25 2 14 21 18 13 24 10 25 22 23 22 6 10 17 29 3 1 30 4 17 29 6 19 21 30
30 24 25 29 20 29 15 0 2 17 12 30 2 26 5 24 24 15 1 30 1 3 10 1 8 9 16 3 22 14 23 17 20 4 22 21 10 13 0 19 9 7 13 10 24 8 30 13 14 9 13 1 27 6 20 14 14 10 7 9 1 29 9 15 1 29 16 21 6 22 7 20 19 19 12 1 19 22 9 16 23
10 23 12 14 1 1 24 9 26 22 14 10 1 19 1 24 15 2 0 28 7 9 11 26 1 2 0 12 16 6 9 25 8 2 1 25 6 21 21 19 15 18 0 25 1 29 26 1 4 24 6 18 21 28 29 29 22 6 17 7 9 29 5 4 5 30 7 3 20 9 25 23 4 13 1 5 13 1 25 28 5
5 5 11 14 7 21 12 2 3 10 20 30 28 13 30 20 15 11 22 6 5 20 20 29 13 13 4 15 17 19 22 8 2 16 7 6 6 21 24 30 21 14 20 9 2 30 29 24 12 17 15 9 12 22 6 10 30 12 30 17 29 23 4 20 13 10 30 6 8 11 1 22 2 20 7 7 30 1 21 27 4
20 9 11 9 12 1 28 27 22 22 25 19 27 5 11 11 23 15 8 27 25 0 20 1 8 19 10 28 23 13 24 27 29 17 26 29 19 10 30 30 30 14 8 25 25 0 14 11 19 0 4 4 28 14 18 7 11 26 21 28 14 2 6 2 24 29 2 7 11 14 29 19 4 15 4 15 10 4 22 20 4
30 22 17 4 6 30 5 26 1 20 20 9 8 8 12 6 27 18 12 2 8 0 0 12 19 3 9 7 8 10 17 9 16 7 19 15 7 14 11 15 22 10 23 5 27 5 25 28 30 19 23 18 7 28 17 24 8 23 29 29 13 0 24 16 5 19 30 23 6 17 3 30 5 21 1 25 26 7 4 15 23
19 28 17 28 24 23 15 26 2 10 4 27 23 10 15 17 4 19 22 12 13 20 7 2 13 12 9 21 13 0 11 12 14 22 13 17 3 20 7 29 20 24 17 29 25 19 15 0 11 29 14 26 1 23 23 18 22 19 3 24 21 27 25 10 14 15 5 15 10 19 5 11 15 21 22 30 30 30 19 23 26
22 21 17 2 25 15 24 11 8 29 22 3 2 13 10 24 6 12 26 4 11 6 3 28 10 10 5 24 26 30 24 3 1 20 12 4 28 26 6 22 2 19 23 11 8 30 19 5 26 17 22 11 23 19 9 12 27 22 24 30 7 14 17 16 20 22 29 23 27 19 0 12 2 5 24 2 6 25 20 25 12
19 18 10 28 28 15 1 18 19 3 26 6 16 1 23 17 13 21 21 4 2 15 20 28 4 27 14 6 29 24 28 12 20 26 24 9 6 26 11 20 10 5 3 14 7 10 1 22 17 7 21 27 26 25 28 20 14 2 0 29 26 25 25 20 29 30 2 16 12 20 3 10 20 20 28 21 12 18 16 2 21
27 26 26 28 7 12 2 5 29 12 24 9 28 24 13 11 23 23 6 21 25 28 11 23 5 18 1 11 14 9 7 16 22 16 8 10 11 22 17 1 22 23 26 28 26 15 6 2 18 9 24 20 19 3 17 17 5 6 21 14 30 9 15 6 2 14 28 14 11 22 1 0 11 29 13 2 24 11 1 7 9
5 11 13 9 25 12 7 12 26 14 6 4 26 10 5 11 9 7 24 5 29 27 19 16 13 20 25 0 5 8 17 26 4 12 26 27 16 21 1 8 25 4 20 15 17 5 18 18 4 10 4 22 1 28 25 15 27 26 2 26 1 1 10 8 0 27 17 17 12 1 14 22 16 9 29 10 26 17 19 0 12
6 26 13 18 23 8 3 26 16 20 1 14 3 10 2 8 13 14 24 30 26 16 3 1 6 29 19 12 21 27 21 10 20 19 12 10 0 27 25 14 7 30 22 3 30 3 28 14 13 19 16 29 14 6 5 18 21 27 12 14 8 23 12 8 15 16 30 20 19 19 13 17 29 2 11 14 11 3 11 14 4
22 14 8 5 6 13 3 29 4 4 24 27 8 30 8 8 7 15 19 16 8 13 26 17 16 10 3 15 27 14 16 18 3 28 21 30 10 13 17 7 27 17 24 24 22 28 8 22 19 28 1 29 3 17 2 28 0 26 21 21 26 24 14 15 25 10 6 29 27 13 11 18 25 30 17 15 22 13 22 3 9
17 3 5 15 28 18 19 28 21 5 0 14 6 22 30 30 1 30 11 4 6 1 6 12 23 17 19 9 12 0 22 16 8 22 6 4 18 30 19 21 5 4 10 19 6 28 17 22 24 30 14 11 30 1 22 0 23 18 20 1 12 20 1 22 27 14 7 8 30 14 1 14 13 14 19 20 17 17 24 9 17
0 11 5 24 21 20 8 0 10 30 1 14 19 16 20 1 18 19 10 20 27 21 5 7 10 23 22 21 13 26 21 12 2 0 11 19 16 4 9 6 12 25 29 0 5 15 17 19 6 28 5 8 24 23 27 11 7 22 22 28 10 22 14 10 11 24 4 1 11 6 3 15 1 20 9 19 25 6 23 16 16
12 26 5 18 6 16 15 3 15 22 8 10 14 3 23 17 19 30 27 29 9 18 10 4 18 21 19 22 0 5 26 1 20 30 12 2 15 1 16 3 26 4 20 24 0 5 20 29 2 20 29 2 13 25 18 14 9 5 5 18 8 15 23 1 17 10 24 15 12 17 13 28 9 25 7 19 0 4 16 27 21
14 28 22 29 22 15 13 23 7 7 29 25 2 7 30 5 23 11 29 26 7 15 3 0 6 30 15 8 13 17 18 8 5 13 11 3 3 15 20 20 10 5 19 18 15 24 17 6 24 12 8 16 11 19 24 15 10 26 7 16 29 12 10 19 14 2 26 1 14 27 1 28 22 5 6 3 13 25 10 21 15
23 30 14 29 7 9 2 30 26 14 27 24 1 24 25 13 11 28 12 22 18 10 3 4 27 26 4 26 29 7 2 6 22 4 17 19 29 10 24 1 22 19 23 10 19 27 3 25 19 13 13 6 29 25 27 5 18 18 15 30 21 22 6 12 12 24 16 10 14 4 14 10 1 16 18 24 15 28 2 5 23
12 27 5 9 29 17 17 15 8 28 6 27 25 13 22 8 13 15 20 17 22 12 16 8 13 4 17 28 6 5 24 29 11 29 14 14 15 4 30 27 15 6 29 27 13 5 16 10 0 16 15 6 24 14 0 14 2 25 18 26 30 2 18 22 0 10 27 18 27 25 20 24 19 27 3 17 15 23 24 17 14
15 25 15 19 26 17 9 28 8 20 19 28 28 16 13 25 27 29 30 4 16 5 28 11 2 3 4 5 18 7 10 28 16 8 16 26 17 14 8 3 30 13 3 10 29 18 25 21 2 27 27 26 15 10 22 24 30 20 8 2 22 30 28 30 0 20 12 8 14 17 14 14 18 15 20 9 25 20 20 11 11
6 24 11 5 2 16 11 6 29 7 30 18 30 5 5 12 26 11 0 12 25 14 20 23 3 21 25 18 8 1 6 13 20 19 26 29 19 24 24 24 29 9 21 29 14 17 15 14 2 21 5 6 10 16 6 18 10 14 2 15 21 18 23 23 27 25 0 12 10 30 7 27 26 24 25 11 1 2 19 7 18
26 27 8 1 17 20 15 28 1 16 26 9 21 3 5 9 9 9 13 7 22 16 25 12 30 10 16 16 13 17 10 16 13 7 22 5 18 5 23 12 29 1 29 15 7 21 22 15 26 20 21 15 6 7 1 11 21 29 9 26 26 12 20 1 17 3 11 5 11 12 3 9 1 19 0 9 23 12 22 5 20
7 27 28 22 7 16 29 5 24 3 23 4 16 18 6 8 22 4 26 28 26 30 26 13 30 10 19 17 17 15 7 10 12 2 17 6 29 11 26 10 24 8 28 2 2 6 21 26 21 11 17 7 3 28 0 22 12 27 4 12 8 23 7 18 5 1 14 0 30 15 23 28 2 7 12 9 1 26 15 11 29
15 15 3 14 2 19 3 9 10 0 10 23 18 4 26 1 19 25 25 23 9 23 20 18 27 24 23 25 19 2 0 14 18 3 5 6 27 20 30 15 13 28 24 8 15 7 22 7 15 4 20 11 6 18 23 4 28 1 3 12 24 14 10 7 5 19 15 19 24 30 9 1 21 0 10 5 24 28 9 24 3
5 23 6 29 27 29 8 11 13 15 3 26 28 18 22 18 13 5 26 6 3 4 25 19 10 24 1 27 17 5 3 29 28 6 10 3 14 10 2 3 6 29 10 22 22 0 8 25 21 17 29 19 17 14 14 11 29 30 1 27 14 14 15 10 15 18 9 27 17 7 7 12 22 7 3 18 16 11 9 26 7
4 26 17 26 16 2 6 11 8 23 8 6 8 14 21 1 24 25 15 12 18 8 15 5 15 22 20 24 20 1 15 7 8 11 25 11 12 29 7 18 15 10 27 20 26 18 19 1 22 24 10 17 18 17 3 7 5 11 22 28 11 16 30 2 1 26 10 11 0 2 23 23 7 25 5 29 3 30 27 15 22
21 14 19 27 12 24 0 24 10 28 1 20 12 8 15 8 30 2 11 19 26 0 5 0 19 13 23 7 2 3 0 0 18 29 22 29 29 26 22 27 24 26 22 26 11 16 7 2 0 1 17 6 2 16 15 3 15 9 4 27 1 25 27 17 15 17 5 1 1 8 7 10 12 24 15 6 29 20 6 30 0
17 24 17 27 28 4 7 20 6 17 28 4 8 19 24 17 14 5 0 17 12 27 30 17 22 18 6 7 26 21 9 9 12 3 30 5 12 28 23 14 21 19 0 4 10 24 23 13 16 1 27 19 14 18 20 30 10 15 0 7 15 2 27 22 30 23 2 11 30 18 0 22 10 2 8 27 29 4 26 2 13
8 16 16 20 16 11 9 30 18 13 29 1 21 24 20 23 29 11 1 16 6 15 19 18 3 6 14 12 29 25 29 10 30 5 5 21 13 11 15 0 2 0 8 27 30 19 23 18 19 1 30 8 28 17 17 2 22 4 23 11 4 17 12 6 10 17 15 11 27 1 20 9 5 20 1 1 22 20 12 10 14
4 5 22 23 22 7 4 0 26 1 21 17 11 8 25 19 18 15 21 22 9 11 6 9 20 25 5 10 30 20 4 8 8 12 18 27 18 8 27 11 12 8 3 7 10 2 1 1 25 11 24 16 7 0 30 18 22 3 27 19 6 26 6 26 27 10 25 13 6 30 16 29 27 21 23 11 21 25 9 2 12
25 10 23 8 19 9 8 13 6 18 10 22 4 3 16 0 23 11 4 7 16 30 23 25 16 3 17 24 17 19 28 30 12 17 9 9 2 20 24 8 27 25 22 24 24 16 20 23 23 2 28 11 25 11 25 13 11 19 4 16 30 3 29 22 11 23 29 12 8 6 27 17 16 7 18 28 6 11 7 0 1
3 26 8 7 19 17 11 16 1 17 12 5 7 25 18 16 3 28 7 20 12 29 9 5 16 23 4 5 18 17 8 29 23 26 24 11 11 5 22 14 25 27 9 19 19 6 16 21 0 3 14 2 18 26 21 12 8 12 10 20 12 3 9 13 8 27 22 21 7 14 14 18 5 10 6 7 4 23 14 17 19
7 18 17 19 19 23 21 5 4 6 14 1 22 15 11 12 3 17 6 15 0 18 13 17 6 23 20 6 1 4 30 1 12 8 26 20 7 3 29 11 28 6 13 24 21 20 17 8 7 1 12 7 22 23 20 0 27 29 23 4 3 12 16 12 26 30 11 22 12 12 30 30 24 26 21 6 9 23 16 22 15
0 2 18 23 7 10 17 26 25 12 14 29 0 6 4 15 24 15 16 25 27 5 28 2 21 5 3 18 8 26 15 9 4 2 11 17 19 30 16 19 11 24 8 24 13 22 13 23 25 11 0 23 30 21 18 3 14 1 30 16 20 7 0 2 22 11 4 17 3 24 22 10 28 25 8 15 15 8 28 15 11
9 7 17 4 7 17 25 17 0 26 25 17 19 6 21 29 25 24 30 0 10 14 2 17 26 13 15 28 13 18 30 13 22 30 10 5 9 16 15 26 24 28 2 19 0 8 12 17 14 16 16 8 9 1 12 27 6 3 5 22 8 9 17 10 24 29 12 7 22 9 2 8 16 30 4 18 12 1 11 24 4
16 21 19 0 22 28 16 9 10 9 4 9 5 14 19 19 13 29 28 22 12 10 8 3 22 15 20 30 6 13 9 18 15 15 3 1 1 9 23 2 12 3 4 15 16 18 8 21 6 14 19 17 20 27 19 26 15 9 20 24 30 16 29 10 3 29 1 26 0 10 24 18 16 8 4 4 21 30 26 24 28
5 3 0 10 18 6 1 23 17 21 24 9 21 10 15 6 9 28 21 4 25 26 7 10 6 22 4 14 25 0 4 8 26 24 23 8 27 30 25 17 29 1 27 16 16 5 6 21 11 24 4 1 0 16 24 17 21 28 19 5 8 6 26 3 25 13 19 17 19 21 25 28 13 7 26 1 29 19 5 25 25
28 9 7 7 7 18 5 19 10 28 13 7 16 1 30 6 20 10 14 0 15 17 18 5 11 26 7 17 19 20 11 22 17 29 10 30 2 18 7 8 23 7 22 17 21 3 11 21 27 3 12 27 12 8 14 14 14 6 25 11 19 11 24 1 4 0 3 25 27 20 21 27 10 30 21 25 13 7 12 28 0
29 13 29 1 10 22 27 17 18 16 29 9 16 12 25 11 0 22 27 22 30 8 2 21 16 22 29 25 23 18 10 26 27 20 0 13 2 2 0 11 29 2 29 8 24 20 22 20 30 17 3 4 9 21 9 5 23 5 0 7 29 18 29 9 1 0 21 17 6 26 16 21 29 26 20 3 22 15 7 6 18
12 13 20 27 4 10 11 21 0 15 6 25 10 13 20 5 14 30 23 14 6 13 29 11 14 15 24 0 21 16 1 25 21 28 8 24 7 23 12 6 16 7 13 19 1 19 25 1 21 14 15 24 24 10 29 8 22 28 14 7 19 18 27 4 10 24 8 11 2 29 9 6 22 4 12 7 14 8 20 23 13
27 21 5 7 12 13 6 15 25 10 23 2 6 23 4 8 22 26 21 15 10 30 4 23 15 15 14 16 6 18 18 27 4 0 14 25 23 14 28 11 11 30 15 2 0 1 25 18 0 3 0 1 27 7 10 7 13 6 21 29 4 7 25 3 22 20 26 9 23 30 30 0 25 7 7 3 27 20 6 9 10
14 28 12 28 1 21 19 2 9 19 28 23 14 21 27 28 7 27 21 29 3 13 21 3 10 2 25 9 6 17 27 19 30 0 28 29 25 28 30 28 7 0 20 14 21 1 3 25 11 26 8 9 12 18 21 3 15 28 21 5 19 11 29 26 12 20 6 28 16 19 12 30 26 10 3 14 16 23 5 19 5
16 2 8 3 6 21 5 14 20 27 10 15 17 27 29 22 15 5 27 0 11 1 25 6 9 12 16 17 17 13 16 6 16 19 20 16 14 23 26 8 22 28 26 20 21 13 3 2 10 10 0 19 0 9 27 24 20 17 0 2 27 24 2 6 27 19 5 4 18 14 26 20 30 6 18 9 27 4 2 13 4
29 4 3 22 11 21 18 17 3 24 21 16 25 6 10 9 25 16 9 23 30 29 1 3 29 30 18 14 10 10 7 4 13 27 19 11 12 13 12 16 28 3 3 20 9 26 11 27 10 29 28 3 15 30 10 22 3 24 0 15 22 6 27 7 4 8 4 6 12 4 3 1 23 13 18 14 30 25 18 29 24
1 19 25 3 27 5 15 11 25 0 15 4 28 11 27 9 16 13 9 30 21 29 1 11 0 1 9 30 11 23 19 4 12 23 18 23 13 20 13 3 20 30 9 12 22 30 8 13 4 30 30 16 23 20 15 22 9 14 15 7 12 21 13 28 27 1 21 30 5 4 25 21 10 25 27 16 15 0 0 0 15
10 17 18 30 6 14 10 28 20 27 13 29 0 16 8 21 1 9 19 14 24 30 10 29 30 11 24 19 8 20 5 21 5 5 10 7 4 2 22 27 15 26 28 20 24 6 20 15 6 4 20 1 2 7 18 24 8 26 14 30 3 12 9 23 30 13 20 20 12 11 20 10 22 9 17 25 3 22 11 6 19
15 23 24 1 27 9 7 17 28 17 3 0 9 23 22 26 28 7 16 29 0 8 30 24 24 0 14 23 30 15 23 7 0 17 4 0 19 14 9 23 2 3 9 30 9 2 19 19 30 15 19 9 10 8 25 28 17 3 12 29 18 15 21 30 7 27 11 12 10 18 22 17 5 22 25 3 8 9 2 27 12
2 17 26 23 0 21 20 23 8 10 4 9 14 3 29 28 9 14 27 19 24 26 29 26 29 6 19 21 27 3 27 11 28 0 26 22 17 19 13 16 16 6 15 26 9 25 17 2 27 14 5 10 28 7 3 2 18 6 3 13 24 22 23 6 11 30 27 5 28 2 14 4 25 6 24 4 2 27 21 1 17
10 5 30 17 21 14 14 19 9 30 9 25 21 1 4 11 18 16 18 26 28 18 0 12 14 10 5 1 6 12 28 6 30 30 11 11 12 29 7 18 6 16 16 13 17 23 2 17 14 9 21 6 19 23 14 3 14 22 25 13 27 13 21 27 12 18 30 20 2 17 20 11 15 18 7 19 22 1 3 13 21
7 28 27 25 27 15 0 15 16 0 2 2 23 7 23 13 25 19 14 26 16 21 8 21 3 15 18 22 18 13 27 26 22 2 20 22 28 14 3 18 16 27 13 0 4 7 23 16 21 25 30 9 0 18 1 12 12 4 20 23 2 15 29 7 29 16 30 20 21 1 18 0 22 20 2 16 22 14 27 5 0
29 17 1 13 13 7 15 18 4 13 8 2 8 14 2 20 19 12 11 2 8 27 0 18 20 25 10 27 11 24 28 23 17 18 17 19 1 19 30 20 28 4 28 3 20 26 24 27 15 13 16 30 25 10 16 14 7 13 19 8 20 13 13 8 23 24 8 12 12 30 6 6 23 7 11 8 1 20 2 25 1
19 27 7 12 15 19 13 1 30 15 19 3 22 14 23 16 7 10 11 1 1 19 24 19 22 23 18 8 0 0 12 30 3 28 22 2 15 17 11 14 26 3 2 14 14 19 11 29 20 25 14 30 18 11 1 27 15 10 20 19 14 5 29 27 7 28 16 14 11 8 26 0 4 12 23 8 17 10 9 27 18
3 7 14 0 18 18 2 7 22 6 6 11 3 4 6 24 28 13 0 20 15 26 21 4 18 27 27 29 8 21 10 8 11 11 7 7 3 10 20 19 22 28 12 15 27 30 28 1 22 19 23 17 10 10 15 6 18 25 9 4 23 15 10 20 5 2 19 27 20 4 20 5 6 26 21 11 10 9 5 23 8
23 27 20 17 9 6 5 19 8 30 9 28 1 26 29 9 21 12 11 27 1 1 29 14 8 1 6 17 29 0 11 17 9 4 25 3 2 5 6 0 21 24 8 26 21 28 14 8 29 3 30 28 6 10 23 3 24 1 10 21 11 26 22 19 9 26 18 3 20 19 1 12 24 12 10 11 15 30 5 19 1
1 1 29 11 27 18 22 6 9 26 25 26 13 17 27 9 16 22 16 13 14 12 4 26 9 19 29 3 3 7 14 19 16 28 12 9 29 22 28 12 25 1 13 26 24 16 10 14 29 5 7 13 13 10 21 4 9 27 4 26 12 19 2 24 17 30 5 3 21 27 17 26 6 8 8 19 3 30 15 15 19
27 30 1 8 21 6 0 13 10 11 7 26 4 8 7 7 27 16 10 1 14 19 25 14 29 1 18 7 3 22 19 21 16 10 30 12 5 20 20 24 27 11 27 20 19 28 3 2 2 0 12 2 23 18 10 18 27 28 18 3 25 13 21 29 15 30 21 26 19 18 27 25 25 24 25 11 17 28 24 6 21
