87 87
30 22 22 21 2 6 15 7 3 27 23 14 19 22 22 29 8 21 3 21 30 3 23 29 15 19 1 20 6 17 5 0 28 22 14 25 0 3 10 19 26 26 1 20 21 20 20 6 2 24 16 14 30 17 4 20 7 2 22 16 25 20 28 5 30 30 10 9 25 1 9 8 12 18 3 26 11 15 14 13 22 25 20 27 12 17 13
6 21 13 18 24 24 1 7 7 1 12 12 13 7 5 25 16 29 1 17 16 30 12 0 13 11 24 25 14 14 21 10 30 22 7 13 24 6 3 28 14 22 29 5 6 11 21 3 28 24 10 3 30 6 7 5 2 5 13 29 8 6 5 26 11 19 23 0 27 20 13 23 8 22 28 20 22 26 7 29 7 17 12 12 5 14 11
6 29 5 1 20 20 9 14 14 1 22 12 4 2 21 12 0 27 11 5 2 16 17 21 21 18 16 9 12 18 23 19 21 4 20 30 15 9 4 25 5 10 9 23 20 0 21 13 9 1 5 17 2 4 22 1 5 0 2 12 11 27 7 29 8 19 10 7 28 15 28 14 6 8 11 15 25 22 11 22 16 11 28 9 15 0 22
27 24 20 1 20 17 30 20 11 3 24 10 4 18 13 26 14 8 25 15 22 10 19 7 4 22 22 8 22 11 27 22 22 24 26 3 20 25 0 25 26 13 5 0 20 11 8 5 3 3 14 17 9 7 27 4 26 27 30 16 28 10 11 13 17 7 1 17 2 2 26 20 2 17 29 14 11 27 16 13 27 13 27 3 28 22 26
1 6 28 23 4 27 20 14 11 23 8 1 17 13 0 14 0 11 28 7 4 13 21 12 16 7 17 17 7 17 20 27 6 28 8 22 29 2 20 17 4 30 17 26 10 25 0 18 25 1 12 14 15 15 18 9 16 6 20 18 20 30 2 17 30 5 12 29 4 29 15 4 22 8 19 13 5 23 14 19 7 25 11 13 3 6 24
6 16 5 20 12 23 6 18 24 23 19 30 23 28 26 14 19 5 8 28 11 24 22 10 26 12 29 22 7 16 2 17 20 10 22 23 27 4 4 12 0 8 24 5 26 29 2 7 4 19 15 0 27 10 18 6 5 20 16 18 28 1 23 3 12 11 1 7 18 4 27 25 16 27 17 30 5 24 2 4 7 5 9 30 28 2 19
2 3 11 11 22 2 6 16 10 0 20 8 9 0 12 26 3 21 19 8 21 19 24 16 7 7 2 14 9 15 11 3 15 29 25 2 16 16 20 13 9 1 30 25 22 12 20 11 26 8 24 0 26 10 20 17 20 6 19 14 28 25 6 1 25 17 7 2 4 3 18 21 13 25 23 29 30 15 9 9 14 20 4 7 1 3 7
12 25 18 1 22 13 3 14 7 18 30 23 20 9 30 29 23 16 27 16 15 30 18 25 24 19 3 22 26 2 28 23 14 1 22 29 16 7 12 7 9 14 1 28 21 16 25 11 13 22 6 18 12 16 17 4 15 14 27 24 0 16 16 25 28 29 9 20 14 28 0 15 0 21 25 6 20 9 24 22 9 10 29 5 0 2 17
28 25 4 11 14 7 27 7 18 16 23 4 21 28 14 12 21 7 6 29 28 6 23 15 27 10 25 26 6 13 1 15 20 29 9 28 19 0 9 25 3 7 30 28 16 4 23 19 10 9 18 24 29 13 18 25 10 14 7 0 26 5 27 22 6 5 28 26 8 2 6 12 27 23 7 11 5 23 3 24 25 15 10 18 17 28 14
7 23 25 28 26 4 13 13 24 24 9 3 27 19 28 27 14 9 12 28 17 20 15 11 13 3 16 17 22 10 23 7 30 17 22 3 23 18 0 13 24 13 1 29 21 24 16 27 20 28 18 20 4 23 30 2 1 8 10 21 5 13 9 8 17 20 13 13 28 6 21 16 1 16 6 15 26 4 11 21 25 25 15 5 12 5 15
21 17 11 22 23 14 21 22 16 15 15 10 7 8 14 10 0 8 16 13 21 15 22 30 1 11 24 30 11 12 10 10 24 9 1 23 5 10 15 8 6 22 0 26 9 13 21 28 18 4 13 12 3 16 1 16 0 8 27 16 18 15 8 3 12 18 5 2 22 8 0 14 15 15 13 4 28 29 16 11 24 21 2 10 16 22 11
9 11 9 20 27 27 19 13 17 13 22 5 14 16 24 29 27 7 9 28 4 21 23 23 1 24 9 25 8 26 10 11 10 24 23 4 11 10 21 28 4 11 22 27 30 19 5 15 12 23 19 20 12 10 5 10 18 8 26 7 27 11 24 20 4 11 15 19 13 25 7 18 11 7 7 20 11 11 8 23 30 18 29 1 29 1 5
7 9 2 9 3 2 18 8 24 5 12 1 24 6 15 7 16 7 19 10 6 26 12 14 23 20 12 4 30 25 12 16 11 9 6 26 22 30 10 25 9 22 19 2 7 12 18 17 10 26 1 7 27 1 17 23 21 19 23 3 11 8 29 16 30 9 12 22 13 23 19 0 2 15 26 6 17 20 30 12 20 22 18 24 23 27 1
2 19 14 2 19 16 11 26 10 18 26 25 24 26 13 23 28 6 23 22 19 15 16 30 6 4 21 23 1 1 15 12 16 5 14 14 20 24 12 0 28 13 25 16 21 18 30 5 18 26 0 24 22 19 9 30 13 28 6 14 24 11 17 13 26 9 26 11 25 16 10 23 27 13 15 14 30 21 15 18 7 25 21 1 26 18 25
9 25 20 3 14 26 18 8 16 14 18 16 21 19 23 3 21 20 4 4 22 11 26 12 29 27 9 19 30 18 19 17 3 29 3 6 0 11 18 9 30 3 21 10 13 15 28 12 23 18 4 26 5 13 2 16 20 29 9 6 16 18 2 15 23 17 12 2 20 12 27 29 20 4 17 29 21 7 9 1 3 7 20 1 9 30 14
13 19 6 23 28 17 17 10 18 30 30 19 8 27 27 22 7 10 11 14 13 24 4 5 1 30 22 25 12 11 28 5 5 21 5 19 27 10 16 23 15 7 21 16 21 26 27 5 1 28 12 12 5 8 0 23 12 15 2 2 16 4 3 18 25 2 3 18 30 7 21 7 22 24 30 18 21 10 30 9 9 24 22 4 11 25 26
7 2 12 1 14 3 30 27 27 1 19 16 0 2 7 30 1 16 18 8 24 12 26 30 22 3 29 24 8 26 27 28 0 14 1 20 15 15 24 29 25 25 7 20 28 21 4 5 4 10 8 22 8 18 10 23 2 13 22 1 21 16 9 24 16 14 29 24 12 20 27 21 12 2 7 16 20 2 29 17 8 9 2 0 8 2 13
0 30 10 26 1 10 16 14 19 1 21 12 9 29 9 30 5 19 18 27 15 14 29 19 13 6 21 18 28 21 21 8 18 26 14 27 11 21 14 7 2 21 2 13 8 24 2 8 6 7 12 30 26 17 20 14 8 2 1 5 8 16 24 26 25 14 16 18 16 19 11 12 6 7 15 8 4 16 11 1 30 25 18 11 1 8 8
27 25 27 5 26 1 26 2 12 20 10 20 10 10 23 23 4 25 9 7 16 0 25 15 17 18 27 21 30 27 16 8 10 21 30 29 30 18 18 0 30 25 3 14 18 25 23 1 17 25 5 23 24 3 18 6 1 0 23 14 24 9 2 20 2 20 6 1 8 24 19 27 25 11 1 27 9 15 28 22 10 3 7 16 13 21 20
13 10 6 4 22 26 14 20 30 26 13 24 17 14 13 15 21 0 5 12 13 20 4 30 25 2 7 18 2 13 19 29 12 23 6 21 22 28 13 0 2 25 26 1 0 9 17 14 30 1 8 18 9 1 24 29 9 4 30 17 26 13 0 18 24 3 8 13 6 14 26 10 25 5 3 18 10 14 10 26 19 29 27 8 2 4 3
12 18 27 2 0 3 11 19 7 8 30 11 26 13 23 5 19 25 24 26 28 26 1 16 28 21 25 13 30 21 12 21 7 11 15 14 21 21 4 4 22 12 13 9 13 7 13 28 15 13 19 12 16 19 8 13 30 27 24 8 16 28 27 19 6 0 10 10 30 16 16 26 18 13 18 8 14 3 3 15 30 2 12 5 29 8 27
20 15 16 11 17 3 27 10 13 7 0 2 11 14 17 13 1 20 14 11 21 2 23 8 18 15 9 14 10 4 14 30 2 30 12 27 15 1 29 9 1 9 8 20 16 22 22 9 4 18 6 27 3 2 1 3 14 18 15 2 28 6 18 17 15 8 20 30 6 14 28 13 7 30 24 1 15 18 3 10 20 16 4 21 10 22 3
17 15 0 8 3 8 28 13 27 28 14 14 19 5 1 30 20 14 4 10 4 28 0 15 14 25 28 30 6 22 5 19 9 9 8 19 18 3 29 17 19 27 28 14 3 27 13 14 16 27 18 22 28 13 21 23 9 6 25 9 24 1 29 9 12 4 5 0 20 25 29 2 9 27 22 6 23 21 2 29 11 6 21 0 20 30 25
0 11 7 4 27 1 27 9 18 15 18 2 14 29 26 7 7 17 26 10 9 4 5 11 10 8 24 18 12 22 21 8 20 25 12 9 11 8 15 13 20 21 25 19 15 26 7 10 12 25 14 28 30 0 27 3 14 19 20 21 24 28 5 17 23 16 30 9 24 30 21 21 26 8 26 13 7 9 19 18 9 8 6 19 20 21 14
7 4 22 16 26 30 17 1 12 19 17 10 19 19 1 9 11 18 11 16 13 1 5 13 9 8 27 8 18 23 28 8 18 4 22 6 5 14 12 27 5 2 19 6 13 8 25 4 30 29 20 11 24 6 13 22 14 15 24 3 8 15 30 1 1 17 22 13 25 27 3 17 8 23 16 13 10 10 27 19 15 0 28 24 13 14 21
29 17 15 8 3 9 17 22 8 17 25 5 30 4 29 2 8 12 18 20 23 2 1 21 19 28 6 24 29 30 21 16 8 10 23 24 20 1 2 4 11 2 6 1 23 5 17 23 9 6 12 23 16 14 5 10 4 8 1 7 24 3 6 4 28 19 27 27 9 27 2 30 30 24 13 24 11 16 29 30 3 28 8 4 9 15 21
17 0 2 6 14 25 7 12 23 7 8 23 6 25 30 9 1 23 3 19 10 0 5 11 5 2 27 27 1 6 2 21 21 9 6 28 13 18 14 16 7 17 25 7 12 26 11 11 21 4 18 10 25 23 20 30 24 18 14 8 3 10 9 2 24 10 9 28 27 25 12 7 25 6 5 17 13 4 6 5 9 10 17 0 25 24 29
24 30 30 2 22 16 2 3 30 16 14 7 30 22 22 18 22 19 15 7 12 17 16 20 6 5 12 8 0 1 9 6 11 1 16 23 30 7 21 18 7 13 21 4 3 11 14 9 18 24 7 15 24 5 0 19 21 26 9 21 5 10 30 16 18 24 5 7 5 12 29 25 25 0 9 30 16 1 27 7 22 18 10 5 24 29 2
17 25 15 23 5 20 7 8 13 8 27 29 2 0 16 13 20 30 28 10 21 23 1 15 22 27 24 8 5 30 10 21 9 30 20 28 5 7 21 0 23 30 24 1 15 3 26 20 14 14 15 30 22 9 20 30 2 13 18 11 30 21 17 8 15 8 1 18 20 0 9 16 9 23 12 27 6 25 27 29 17 24 4 13 21 28 27
28 29 16 0 13 29 28 20 28 5 8 0 3 4 0 5 7 26 2 3 18 10 6 15 21 29 15 15 18 14 10 21 28 25 8 10 3 12 8 6 21 7 14 25 28 22 11 2 28 19 15 6 20 20 1 27 14 21 6 15 13 4 20 23 23 14 29 11 12 28 28 6 6 1 3 19 14 2 10 18 14 0 23 1 22 0 25
21 8 21 23 26 27 20 1 12 1 20 28 12 11 24 7 18 29 14 12 6 20 21 23 2 25 24 20 26 25 23 14 5 9 21 20 7 24 6 20 18 27 11 27 10 0 17 12 30 21 28 25 7 21 11 25 11 26 3 5 8 2 12 18 23 24 9 17 11 9 20 8 11 23 4 14 21 15 26 23 3 9 29 27 29 26 23
25 17 4 10 4 15 2 11 1 2 16 13 1 19 8 2 30 7 18 25 12 19 6 29 13 25 23 2 25 5 6 1 30 2 12 16 3 20 30 6 12 10 30 5 9 30 17 27 2 24 11 18 0 7 15 12 16 27 16 15 24 17 1 1 28 26 17 23 27 27 21 23 14 20 2 16 1 13 20 17 16 16 0 14 23 27 9
28 7 15 22 8 27 7 25 14 17 15 21 1 5 22 5 12 9 21 3 22 3 20 13 29 15 18 19 2 27 5 10 8 19 23 30 26 18 18 9 13 17 25 6 19 15 2 28 15 2 11 7 0 9 23 7 25 28 0 16 29 3 29 7 19 10 10 20 30 13 18 20 27 28 4 23 10 8 21 12 20 29 0 28 27 7 25
3 27 15 8 2 4 17 5 8 3 16 0 3 5 26 19 23 9 20 28 13 29 28 20 0 27 11 7 23 8 28 20 16 11 20 13 7 21 15 1 29 10 13 6 17 6 13 28 3 10 3 20 22 28 19 24 3 7 15 24 20 22 24 0 3 18 26 11 30 4 11 8 28 10 25 30 26 12 21 22 5 9 5 23 27 11 9
13 17 9 23 29 2 1 23 12 27 15 5 2 26 26 5 18 30 18 4 4 25 0 27 25 20 9 2 10 21 29 19 21 16 21 21 21 1 26 28 14 11 27 1 16 19 2 7 14 7 26 23 4 13 0 4 4 21 3 18 28 16 15 29 12 29 12 28 21 15 15 11 24 25 28 29 25 5 13 7 22 20 11 1 19 7 13
22 15 30 4 30 13 21 8 2 14 9 29 5 11 20 29 3 28 1 0 24 10 3 23 22 25 23 27 4 30 24 28 10 25 19 28 29 30 24 17 18 15 28 2 14 16 29 30 24 2 25 28 0 27 0 12 6 11 21 21 4 17 9 18 8 17 11 30 8 2 23 21 24 21 18 3 14 28 14 10 9 18 30 26 12 21 7
15 30 26 18 1 1 11 29 11 13 12 17 28 1 14 11 26 8 24 29 29 8 26 14 24 11 21 9 24 5 29 26 25 27 0 29 7 16 8 27 27 18 14 26 18 12 9 12 1 11 2 1 6 13 21 16 10 25 29 12 27 8 30 4 1 22 27 18 17 11 8 0 29 30 26 21 28 10 17 11 30 27 8 26 8 11 8
2 28 0 17 29 1 23 25 19 5 18 20 30 8 1 26 11 13 2 28 25 1 10 6 7 11 2 26 27 14 16 23 19 9 12 4 8 6 30 1 6 24 4 22 26 29 4 8 11 2 26 0 1 10 25 27 6 22 4 4 23 9 14 0 5 26 27 21 30 18 23 10 26 12 30 25 11 5 12 26 24 24 22 15 15 24 0
16 22 8 17 6 5 25 13 18 2 4 22 16 20 26 6 22 1 18 1 20 17 19 22 19 8 10 21 30 7 6 25 0 3 10 18 17 10 11 3 20 30 18 15 1 17 0 29 9 26 27 6 17 20 15 10 10 30 14 5 2 2 1 20 20 0 0 3 21 14 3 23 9 14 4 25 3 29 10 11 17 24 9 19 4 28 3
24 1 14 10 29 23 18 25 6 9 7 20 21 24 9 10 2 1 14 5 18 14 27 20 22 30 19 12 1 2 23 0 9 2 30 14 20 6 5 14 24 13 25 3 29 24 11 14 20 20 9 24 17 24 29 4 21 19 26 16 16 9 4 26 22 24 2 14 22 19 2 20 15 22 27 30 30 15 15 30 30 5 24 4 1 4 8
16 11 30 1 22 15 25 19 29 18 12 20 23 30 23 21 1 11 5 14 4 20 0 11 19 26 11 16 30 13 2 20 30 15 9 25 24 23 18 15 9 29 26 5 6 11 8 1 2 10 16 23 2 26 9 16 27 21 11 8 7 6 17 26 8 23 27 0 3 5 21 27 19 13 7 15 24 30 21 4 3 4 15 0 20 0 30
3 10 24 26 13 29 16 7 3 8 19 12 20 14 22 25 25 28 18 25 26 19 10 2 28 17 22 7 17 29 11 17 13 9 27 5 29 2 19 10 24 22 9 17 11 23 20 5 26 23 18 16 11 9 3 3 24 21 5 15 1 22 6 0 16 25 2 22 20 13 22 14 9 13 5 22 3 2 11 3 21 10 10 10 10 16 21
5 19 18 11 28 27 11 16 16 30 2 4 16 4 27 2 9 0 18 12 26 12 1 13 11 7 11 3 14 28 2 20 27 10 27 23 1 21 22 23 19 13 29 20 1 13 14 23 26 23 16 27 5 28 29 16 22 4 26 9 0 26 11 26 11 29 15 11 29 29 26 0 21 12 28 14 23 9 8 22 7 18 24 4 9 6 21
19 27 1 18 24 5 26 16 12 9 18 21 14 11 9 13 30 25 14 12 21 3 19 29 16 16 6 27 30 11 5 13 1 13 13 20 30 8 23 21 5 17 17 12 22 25 13 1 16 10 26 4 19 22 1 22 10 10 10 9 16 8 9 12 7 6 25 8 8 28 27 2 0 26 5 4 27 25 21 2 17 18 12 5 19 16 7
15 23 20 1 26 4 19 21 13 7 8 13 15 26 17 1 25 17 18 29 29 11 14 20 6 16 24 18 24 13 22 13 10 2 27 24 23 9 18 1 18 14 6 4 4 9 10 16 12 1 22 30 21 2 27 15 6 22 23 19 14 2 19 17 16 4 7 23 24 9 12 18 21 20 22 3 1 16 30 10 11 2 7 12 26 10 7
7 10 14 17 3 4 2 0 19 26 18 11 20 21 15 7 6 7 0 20 4 30 0 16 14 14 22 4 6 15 21 23 0 10 21 30 21 3 9 20 18 28 4 30 0 13 26 24 11 0 19 28 17 19 0 28 5 19 27 18 28 12 1 4 7 29 21 9 22 13 0 25 20 16 12 23 29 23 26 2 21 13 29 6 23 3 1
15 22 0 29 17 26 17 20 13 28 2 7 10 3 25 27 16 10 24 29 5 24 5 28 0 10 18 22 21 6 9 4 14 11 14 10 27 14 16 21 12 4 4 30 26 14 14 17 21 18 12 30 20 2 19 9 21 17 15 16 21 4 14 20 18 13 20 20 8 28 14 6 28 0 20 13 15 18 24 8 13 1 5 26 6 26 5
1 17 25 8 9 0 14 19 6 23 7 16 19 23 17 5 16 26 27 29 22 13 26 26 21 21 19 0 27 26 5 1 1 5 14 15 14 6 7 5 12 10 19 17 5 14 6 5 27 14 9 23 23 0 17 9 9 20 30 28 16 7 10 25 11 16 19 30 12 21 13 7 24 17 16 10 29 23 25 6 18 18 4 19 7 22 2
21 13 16 9 6 12 3 28 1 5 0 5 30 14 8 1 15 17 24 18 20 9 7 16 18 9 7 3 18 13 30 26 18 11 8 10 16 22 25 30 14 22 8 22 8 6 12 19 30 5 4 27 24 23 10 14 19 11 3 28 30 0 7 30 15 28 13 11 23 7 2 30 19 21 30 29 30 29 24 8 29 3 14 8 2 30 26
9 20 12 18 12 12 17 19 3 10 13 6 1 5 5 9 16 13 23 29 7 7 11 27 16 23 15 10 0 18 11 20 27 6 18 20 12 1 10 1 21 2 5 22 27 3 21 27 14 7 25 19 24 23 27 29 10 4 13 13 5 23 20 13 18 5 1 22 25 18 29 21 6 0 5 13 13 0 10 10 11 6 20 20 4 15 19
16 30 22 14 0 21 7 2 11 23 9 4 6 17 18 6 10 6 2 20 22 1 9 0 6 18 3 25 0 20 27 0 18 13 1 9 17 27 5 28 9 12 29 30 26 7 14 27 12 20 30 24 27 0 21 10 28 13 13 12 6 14 15 15 30 7 24 9 16 9 5 22 10 2 8 14 19 28 17 15 6 4 23 23 29 12 4
16 14 30 11 15 28 22 13 0 27 30 9 8 0 29 3 26 12 25 14 0 1 21 14 8 12 17 9 2 18 19 28 23 29 19 24 7 21 21 8 8 27 25 25 14 21 25 15 6 0 3 6 30 10 27 22 1 18 27 4 10 12 13 15 19 14 12 23 24 0 3 16 1 2 18 7 22 26 24 7 11 10 12 22 22 25 14
11 19 17 20 24 1 11 16 17 28 4 4 2 10 26 23 0 8 16 22 16 3 18 7 30 18 4 27 17 23 7 7 15 2 24 20 0 7 2 28 4 30 24 2 0 29 0 27 20 22 8 13 19 8 2 24 12 23 17 8 24 24 1 16 24 26 14 21 21 30 1 30 19 18 2 22 25 6 17 8 26 18 0 11 14 4 30
28 12 27 21 13 1 19 27 10 7 11 24 28 4 22 28 17 24 20 1 7 13 24 15 21 26 23 24 20 22 22 26 6 3 18 27 6 15 7 18 3 3 7 14 23 29 19 29 20 23 12 9 20 23 23 1 6 20 12 9 26 26 4 11 5 7 24 11 19 6 3 13 23 15 1 28 2 3 10 8 3 25 12 1 16 11 5
13 20 16 6 2 22 5 29 22 20 11 21 9 13 14 9 8 24 29 7 6 15 3 11 11 21 1 8 15 22 19 22 29 28 9 10 22 3 18 21 8 4 3 17 24 24 21 17 9 3 14 24 16 10 8 29 18 27 24 10 8 6 20 13 14 12 30 12 7 2 24 22 23 9 15 25 3 27 12 29 18 1 7 16 15 20 2
21 21 24 20 2 12 2 22 22 29 18 16 17 23 20 9 1 30 1 3 1 14 25 13 23 23 16 5 10 16 10 14 14 21 19 3 17 1 20 24 6 8 3 30 16 28 10 24 13 13 20 4 5 28 5 18 11 13 22 0 17 20 20 7 2 21 22 22 12 21 15 28 19 20 13 29 16 1 6 1 28 26 2 1 6 7 20
25 17 30 19 22 11 10 5 9 16 10 29 14 15 8 15 11 25 16 9 10 23 14 12 14 24 25 19 25 7 2 9 0 13 12 18 28 21 3 25 13 9 18 26 20 17 24 15 15 0 27 19 26 10 27 3 29 18 18 9 27 4 24 4 10 27 11 11 16 13 24 5 10 9 22 15 23 25 22 29 22 27 15 9 27 11 5
5 5 15 20 5 19 29 19 0 6 12 28 13 3 13 23 18 17 25 28 29 6 0 9 14 11 15 28 8 1 3 9 8 0 29 0 1 23 20 0 17 24 21 15 30 25 22 19 21 23 25 27 10 7 13 26 27 21 21 25 0 6 30 10 21 10 18 14 23 8 2 20 28 26 0 16 16 3 19 19 19 4 16 21 20 5 13
23 18 0 15 9 24 4 27 7 23 25 5 6 24 20 1 26 5 3 4 11 26 28 6 29 4 22 16 2 4 14 16 5 7 11 8 17 8 21 13 6 22 12 30 4 27 6 20 8 19 26 27 8 9 2 10 26 25 24 15 2 5 17 30 24 16 14 11 20 30 18 26 16 1 21 1 30 23 23 3 27 23 21 25 23 21 26
11 26 15 26 4 6 17 23 3 15 18 1 14 18 0 4 10 29 1 7 5 0 18 13 13 11 10 30 26 29 17 12 20 3 7 6 5 8 7 16 29 24 14 29 10 16 8 9 12 29 2 14 23 27 23 26 12 5 7 21 30 19 23 18 27 8 22 5 5 26 13 3 20 28 9 7 30 16 9 20 14 5 8 24 23 6 22
25 10 29 22 20 23 27 20 4 2 18 24 7 4 2 11 4 28 6 3 2 0 1 0 0 19 22 0 24 29 25 16 27 8 3 10 22 3 27 24 21 3 23 30 25 15 22 0 21 26 7 10 8 5 8 7 30 19 22 21 1 13 3 29 18 15 25 12 2 15 23 30 7 22 21 22 0 0 22 15 0 11 11 7 20 7 4
16 11 23 4 1 25 2 5 19 7 11 4 11 23 30 18 27 23 9 18 24 5 6 12 9 18 24 20 8 23 29 18 27 1 9 29 19 1 3 17 14 11 12 22 9 25 4 14 13 2 25 12 2 23 24 11 8 3 15 18 7 1 17 25 30 14 24 0 14 30 8 30 19 12 27 18 9 12 3 27 6 28 5 30 13 10 13
19 27 22 30 16 29 1 9 21 23 16 6 27 19 13 26 9 17 22 16 27 14 20 3 17 12 11 3 8 21 19 13 25 4 0 10 28 12 23 14 29 28 18 20 4 25 7 0 9 3 19 22 24 27 12 0 26 13 0 30 0 18 6 9 23 28 27 7 27 5 27 14 23 24 12 21 14 4 2 2 7 2 17 0 16 11 14
5 23 23 25 0 9 24 12 10 0 16 9 12 27 6 16 10 9 18 0 19 4 0 1 28 23 28 10 15 22 26 8 22 21 7 18 10 7 11 15 17 21 20 5 28 6 2 30 10 17 4 30 0 9 25 26 5 27 27 11 13 10 20 6 22 24 11 13 25 14 15 23 28 16 19 8 17 4 5 27 15 17 20 18 2 21 4
1 18 8 10 25 9 28 25 8 4 23 26 5 29 22 7 2 7 5 25 14 26 12 6 13 1 19 23 20 27 21 9 16 28 11 28 26 8 17 19 22 7 5 15 21 22 5 25 12 8 7 24 6 16 3 28 3 10 6 22 11 5 23 7 3 12 30 25 29 17 8 11 26 14 25 0 10 23 15 24 29 15 10 18 20 29 15
16 16 9 21 23 25 10 9 19 15 0 9 24 16 5 1 5 29 13 8 19 19 25 29 7 15 10 20 30 10 28 4 16 2 24 25 6 1 15 19 10 10 10 16 22 12 17 14 14 17 15 23 30 2 2 21 28 5 25 26 2 11 4 29 30 20 25 20 14 14 6 10 12 20 30 0 14 8 8 12 9 12 5 2 2 18 16
16 12 19 21 26 10 14 22 22 25 28 10 19 7 21 18 3 2 30 21 5 7 5 18 29 16 4 27 23 14 4 19 16 13 14 1 1 2 17 6 20 0 5 3 16 10 29 21 19 4 20 16 26 4 6 7 11 25 27 4 5 14 23 30 28 20 13 18 18 30 21 16 6 14 29 14 20 18 2 30 22 5 23 9 9 20 4
14 22 26 28 13 30 3 8 6 3 5 30 27 14 23 4 22 23 0 20 18 8 5 20 11 18 21 9 5 4 18 11 26 23 29 14 23 28 1 30 28 21 4 25 27 5 12 29 27 25 13 0 7 27 16 22 11 25 1 23 27 6 1 27 11 24 19 3 3 13 4 11 30 18 8 20 29 4 28 12 13 24 21 17 30 0 28
1 1 10 29 9 29 22 19 14 5 21 29 23 24 24 15 17 17 0 26 0 15 24 0 25 8 24 25 7 14 5 24 21 5 28 21 26 1 1 23 1 25 4 5 26 6 10 24 11 26 14 25 3 12 23 26 11 9 13 8 28 18 28 2 13 12 25 1 8 18 2 1 12 1 3 6 9 14 13 4 26 22 27 3 20 11 24
23 8 0 15 16 15 25 6 25 7 23 1 14 24 12 27 3 15 28 1 14 17 17 25 25 1 21 23 19 18 1 20 22 8 3 30 21 8 3 5 15 19 5 26 3 12 30 23 7 16 0 9 27 10 25 21 5 7 20 5 17 12 12 19 25 17 11 3 0 4 25 7 1 14 7 25 12 22 16 15 27 8 23 16 23 17 15
17 21 13 23 27 26 17 21 2 14 22 16 22 10 4 19 20 29 8 3 27 22 8 8 3 10 28 26 29 11 11 17 21 17 15 29 2 1 28 12 6 12 18 6 12 10 4 16 10 29 28 26 3 11 25 20 20 10 0 6 21 27 27 16 21 0 17 6 6 27 28 25 6 2 3 10 7 25 5 28 17 21 23 23 14 11 23
27 13 10 27 18 24 16 4 2 10 12 10 19 8 30 9 2 21 29 22 17 9 24 17 11 24 18 4 24 3 2 28 23 30 0 20 15 25 6 18 10 9 27 24 9 23 12 1 20 11 27 29 18 11 21 7 2 1 25 28 13 19 23 22 9 20 12 1 26 3 9 23 1 1 1 28 24 17 26 5 30 7 22 2 29 24 13
12 1 5 4 15 28 27 4 28 22 28 7 13 17 1 11 24 1 15 15 21 17 30 20 1 11 25 29 7 18 13 18 19 15 8 15 1 27 10 28 8 14 16 7 24 7 0 11 9 24 3 21 16 27 7 28 17 21 4 18 2 2 17 14 14 21 15 3 18 27 7 23 9 16 13 19 17 4 25 9 28 29 24 0 16 3 9
0 0 19 28 17 8 29 0 17 2 28 6 21 22 22 23 13 8 21 14 8 30 22 3 3 24 9 30 0 10 0 17 14 5 26 0 12 25 16 4 4 7 26 16 6 3 18 14 19 0 13 25 13 1 16 10 29 25 20 12 30 12 1 24 23 10 13 11 16 14 0 3 25 16 12 23 1 6 8 12 27 13 29 28 25 21 2
12 8 9 26 21 30 13 14 18 11 16 15 25 10 24 9 25 1 9 5 5 11 1 10 19 24 11 8 26 19 3 18 9 24 17 10 3 10 29 0 17 18 3 18 3 5 6 16 30 29 22 4 12 7 14 3 9 23 6 3 17 6 19 6 2 23 29 12 19 15 15 9 8 25 22 9 23 27 6 12 13 14 28 15 29 4 19
21 4 17 16 28 7 6 22 9 20 7 4 10 25 10 28 26 13 14 22 8 26 1 14 18 29 24 13 7 16 5 16 21 22 17 24 5 10 1 17 8 20 5 4 30 12 14 28 24 19 26 9 13 24 29 5 3 19 11 11 22 7 4 5 24 20 26 17 9 19 19 20 20 14 25 12 0 17 28 20 13 5 22 13 1 13 11
13 3 7 11 28 23 15 1 14 9 4 12 10 9 19 12 19 30 18 3 0 18 18 1 7 24 1 14 18 14 11 16 3 19 10 19 14 2 11 3 19 0 27 3 27 0 7 12 25 30 18 20 17 16 30 2 28 10 24 5 16 1 6 12 21 11 17 24 27 11 17 4 22 26 3 8 23 0 27 24 26 3 30 19 22 5 4
26 21 29 3 0 29 16 22 5 21 22 10 11 30 4 16 21 24 16 14 27 1 7 5 30 0 12 2 29 13 14 13 21 7 26 17 15 17 7 17 0 18 15 1 5 2 6 19 25 18 21 4 20 18 18 13 27 6 17 16 8 21 26 8 3 26 19 25 23 18 22 1 17 20 7 15 17 15 13 28 19 13 2 8 18 7 28
20 12 10 13 30 4 17 30 19 13 27 1 0 10 1 20 18 20 18 1 2 12 25 27 9 11 0 5 26 22 5 12 9 16 14 11 26 4 1 24 26 12 17 26 9 20 19 18 29 21 13 2 15 15 2 3 24 7 6 23 9 14 21 14 19 28 21 20 16 21 0 9 12 19 22 12 21 17 13 10 6 29 20 10 6 12 13
8 15 1 20 5 17 21 16 2 6 3 27 16 16 29 22 7 19 16 11 28 5 13 16 21 9 14 28 14 16 1 20 10 3 24 23 14 23 18 0 24 3 17 8 24 29 19 23 27 15 26 9 8 4 11 20 24 22 13 9 3 2 9 15 20 15 5 30 19 29 5 4 24 12 22 9 9 30 22 23 19 16 4 5 20 2 5
17 26 4 19 23 19 17 1 10 15 22 10 7 27 16 22 17 2 29 7 4 24 1 17 19 9 17 27 14 12 18 22 19 0 28 9 26 15 10 17 13 23 18 26 12 14 12 7 1 0 15 4 20 30 3 7 8 24 16 17 26 3 25 13 25 26 27 16 8 0 13 1 2 9 2 4 29 25 7 21 15 28 23 6 24 4 27
17 5 20 2 5 7 24 6 7 15 2 15 12 8 16 25 12 2 0 24 13 16 24 8 4 2 14 7 2 27 16 20 21 25 23 28 3 23 18 0 9 20 25 2 24 13 7 20 1 6 22 4 4 17 18 28 9 19 1 23 12 23 16 2 19 18 2 8 1 13 0 0 4 29 28 6 16 10 11 2 3 9 6 14 10 3 18
29 16 15 28 15 23 15 4 16 14 26 2 19 20 0 28 30 13 15 6 10 17 27 14 5 8 23 21 14 9 15 29 28 9 1 11 19 11 28 13 3 1 21 16 21 15 22 2 9 5 17 3 22 20 28 3 16 25 2 4 14 5 11 1 23 30 29 29 27 3 22 13 27 25 2 17 7 19 12 23 13 19 16 18 7 28 7
9 0 5 24 6 29 18 4 1 2 4 11 22 23 4 17 26 24 13 30 2 18 30 17 1 14 13 17 4 30 9 28 15 9 2 2 18 26 27 16 8 30 1 13 7 12 5 6 30 20 1 7 23 24 14 15 0 19 26 3 18 3 9 12 13 30 29 20 4 11 23 14 16 15 23 24 13 3 22 24 0 22 1 27 14 14 29
12 0 28 23 11 7 4 13 18 24 18 15 13 21 17 18 14 30 25 22 10 17 4 22 11 29 19 18 17 7 28 27 27 21 5 12 11 30 3 14 21 1 8 20 16 7 13 10 5 19 11 8 27 15 16 28 23 18 18 28 0 4 22 27 19 8 10 0 0 22 2 17 20 7 10 17 5 18 9 1 26 25 18 17 20 18 30
7 22 2 7 22 9 24 30 28 4 29 18 18 27 17 9 29 21 10 28 19 0 29 26 4 1 22 10 25 15 8 22 0 25 27 15 19 3 10 1 29 28 21 9 29 7 28 29 22 28 13 8 13 18 30 16 28 14 2 22 4 2 12 25 7 18 11 22 21 8 16 15 10 21 10 7 17 24 2 6 17 24 8 9 19 24 30
1 18 18 6 22 5 25 26 2 22 20 0 25 14 2 1 3 1 0 26 24 10 7 21 25 23 8 29 7 15 23 24 10 24 3 4 25 14 14 26 9 10 3 0 9 18 0 25 2 16 27 15 29 9 27 17 11 10 12 2 17 26 10 22 28 25 12 18 20 9 10 15 21 13 30 22 8 26 12 5 20 17 10 12 15 18 17
