89 89
5 14 6 17 18 17 18 30 16 1 21 24 10 20 1 12 16 20 28 30 9 28 6 20 3 2 27 14 1 18 28 3 2 8 0 6 17 23 13 14 27 28 5 12 25 0 0 9 21 22 20 27 0 3 6 16 9 21 17 12 20 30 30 17 29 22 15 27 6 8 18 26 25 1 28 4 8 2 16 27 22 18 14 23 16 27 18 4 5
1 5 30 29 11 10 30 17 13 1 13 30 7 12 6 4 1 13 29 1 13 8 12 13 10 25 2 19 0 11 30 21 17 3 1 8 1 1 27 11 4 3 30 15 12 17 13 19 26 3 24 15 23 28 27 23 30 29 5 9 10 25 22 18 24 15 18 26 11 8 8 6 30 26 15 6 29 30 27 3 8 24 4 22 14 28 7 14 14
14 0 2 30 5 16 16 24 19 30 28 15 12 9 30 5 12 5 13 7 9 20 22 2 4 14 7 13 23 24 20 24 20 1 1 27 22 6 29 14 18 23 22 29 9 21 25 27 11 22 20 4 19 7 8 30 15 5 27 16 14 1 13 7 14 0 12 25 11 1 4 30 2 13 8 12 21 12 9 13 30 11 15 9 18 12 6 29 25
29 19 15 10 2 19 9 19 10 29 22 19 29 9 19 30 26 29 19 2 18 20 22 28 23 21 26 29 28 14 4 20 28 22 24 6 19 23 23 29 18 26 25 1 25 22 23 13 1 15 18 8 18 19 17 16 23 1 27 30 9 27 13 7 17 15 2 27 9 1 24 6 13 24 11 8 4 3 2 26 20 7 11 12 16 19 4 24 7
8 3 13 12 26 15 23 27 11 25 14 15 5 19 10 26 0 28 14 25 5 30 18 14 30 30 23 3 3 22 20 0 30 2 30 19 28 28 7 22 18 24 26 0 10 2 4 12 10 5 28 25 9 11 24 13 24 16 6 2 23 23 6 16 21 27 22 1 17 10 4 28 18 7 13 8 9 6 9 6 21 23 17 9 25 13 15 11 4
23 22 6 19 28 0 10 26 23 4 21 11 24 1 6 2 9 9 26 2 23 2 9 9 16 29 30 13 30 1 13 7 8 3 30 23 11 21 8 4 12 1 2 26 3 16 23 21 28 6 0 7 25 15 19 9 3 2 3 3 29 25 12 23 3 18 3 3 6 1 6 6 13 30 18 23 29 7 21 19 17 28 30 28 28 21 8 20 11
16 16 28 23 24 25 0 10 13 22 5 4 10 0 15 0 19 16 21 29 22 2 21 5 15 2 14 25 26 4 2 24 15 2 17 29 2 19 17 20 6 2 24 2 7 4 15 8 19 13 22 0 22 12 12 19 24 1 30 22 30 2 13 18 28 29 13 21 3 20 18 6 2 28 14 5 21 24 28 14 19 5 5 5 22 8 23 15 0
23 17 21 18 22 4 15 7 24 4 25 30 28 8 15 18 23 14 8 29 23 3 7 7 25 26 16 21 14 14 2 24 29 11 18 0 16 13 19 26 29 15 19 23 27 2 24 29 3 0 3 10 16 15 0 11 8 16 3 23 29 6 8 2 23 16 3 20 19 16 17 12 17 7 12 18 22 22 14 3 5 7 9 3 30 1 24 22 13
21 1 28 4 25 28 7 16 14 3 15 7 16 19 24 10 10 7 11 1 19 5 10 28 23 17 14 5 4 27 27 22 16 19 12 7 24 26 15 23 21 29 7 30 17 13 22 12 21 15 27 22 17 3 1 20 5 26 28 6 16 25 10 19 18 14 28 13 0 30 12 19 19 9 7 17 11 7 18 8 16 8 4 10 8 23 5 7 6
30 7 8 7 22 22 26 23 6 29 20 27 14 26 28 8 18 4 23 17 1 26 0 16 19 19 21 12 12 18 15 29 24 14 2 10 1 22 26 25 28 10 9 7 24 4 11 28 6 18 26 6 0 14 12 15 4 10 18 1 30 8 30 16 14 17 2 16 2 23 10 1 27 16 3 20 19 12 10 3 7 16 25 29 25 12 22 19 5
8 3 13 0 27 9 4 21 5 30 15 9 23 30 28 16 14 2 5 18 28 3 18 16 5 25 4 27 29 15 11 15 4 6 13 23 9 6 18 24 29 1 17 14 27 1 7 8 28 6 18 14 1 8 10 4 22 10 12 11 20 28 19 27 30 6 7 7 12 16 21 8 15 17 29 28 10 20 30 30 26 14 20 5 12 21 21 9 3
11 19 23 18 6 26 28 0 27 10 2 30 11 8 17 9 21 10 1 6 3 22 18 18 11 13 25 6 27 8 23 4 26 30 11 11 15 1 3 17 16 19 10 0 11 27 7 1 12 14 4 9 5 6 12 7 2 22 5 15 6 25 0 30 19 13 25 22 21 28 2 27 14 12 1 0 11 17 11 14 12 10 15 22 30 8 21 14 16
1 13 18 0 19 16 2 27 28 26 1 1 9 6 30 1 19 13 15 2 15 17 16 1 25 13 6 10 2 23 1 26 13 30 29 17 28 29 19 26 5 23 18 2 12 4 18 6 13 9 10 9 11 15 24 8 22 14 4 16 7 16 22 8 4 28 21 24 30 8 6 4 8 1 17 23 25 13 19 15 30 1 20 26 2 28 7 22 1
18 6 30 3 11 17 15 24 12 26 29 11 5 23 30 18 24 18 21 13 9 27 19 13 14 2 28 11 28 6 8 19 30 2 24 30 4 16 26 11 6 29 13 6 5 28 20 12 4 0 10 30 16 20 4 22 18 3 21 13 14 10 19 14 21 17 14 8 1 27 25 26 25 27 18 27 22 5 20 17 19 28 22 4 14 16 8 13 13
23 23 24 17 3 7 22 24 11 7 24 28 24 3 21 3 26 6 13 5 13 23 18 5 24 5 7 18 14 1 21 6 0 30 4 11 19 26 11 7 9 16 15 26 13 20 16 25 14 2 17 10 21 25 23 8 18 20 14 22 12 4 20 1 19 15 1 18 15 0 23 14 5 24 12 11 24 30 0 23 11 12 20 14 4 10 8 15 21
11 17 23 14 0 4 18 20 27 26 1 21 5 5 23 0 1 3 10 10 20 22 17 9 0 20 13 25 13 23 26 0 6 9 20 0 22 12 4 5 16 29 23 13 8 28 1 6 10 3 21 2 16 22 2 28 8 15 7 12 21 12 28 2 21 12 0 21 17 27 9 16 29 28 17 21 14 3 17 18 13 6 11 12 11 18 20 4 16
4 0 8 9 15 10 6 9 24 26 30 30 9 19 16 13 16 21 16 13 7 8 2 11 30 19 17 20 26 6 10 15 12 11 15 12 16 3 9 8 15 30 21 6 30 29 26 20 30 28 30 23 4 18 18 6 3 2 24 7 29 2 25 3 18 4 24 14 25 1 6 13 2 29 17 6 3 13 18 12 13 17 27 22 7 22 17 14 8
20 4 2 6 22 18 4 22 9 19 1 21 22 9 6 8 2 5 3 30 15 1 9 11 6 0 12 30 6 4 17 8 12 12 12 4 9 6 13 24 17 2 6 0 27 7 5 22 7 11 22 9 7 29 4 7 30 3 4 0 23 24 0 2 13 16 2 15 12 14 11 29 7 29 16 19 13 12 15 7 0 0 15 18 15 1 14 1 23
24 1 21 16 14 2 2 13 19 9 12 4 23 27 18 28 26 7 10 24 27 11 17 4 30 24 23 30 6 10 4 20 30 3 16 24 5 26 14 0 1 27 9 21 15 7 24 21 26 13 22 25 12 17 24 26 26 4 29 2 17 13 0 5 19 18 13 22 13 30 27 1 12 14 11 18 29 28 15 13 19 27 17 12 18 1 12 15 5
25 17 16 29 12 18 16 16 30 6 19 2 23 23 22 25 24 1 14 8 29 13 19 19 1 14 4 6 3 4 7 13 21 13 28 17 9 3 29 9 5 20 14 24 10 8 18 4 22 28 21 23 7 4 12 25 4 25 4 16 15 23 28 25 24 8 2 6 16 27 12 10 8 23 3 22 1 12 18 9 6 28 17 0 20 25 24 20 4
16 7 30 27 10 22 17 13 6 20 3 17 5 20 2 26 1 16 17 12 17 9 19 22 13 4 28 0 17 30 1 13 7 11 21 26 26 29 21 1 9 21 30 18 22 2 8 2 26 10 19 5 21 27 19 21 17 10 7 9 11 27 17 6 2 0 24 10 19 16 15 24 2 26 26 22 5 4 6 11 8 6 15 8 9 16 18 11 4
25 2 3 25 22 3 3 16 0 24 27 17 16 13 11 20 17 19 22 9 15 20 3 19 15 18 8 22 13 8 19 24 22 27 9 29 11 22 16 29 26 11 23 27 15 20 29 29 12 12 20 6 17 17 27 24 24 6 25 30 1 24 30 28 10 1 2 9 20 28 28 20 10 5 8 23 4 1 7 11 2 8 23 19 21 20 22 11 1
23 28 15 24 7 27 15 0 26 21 10 23 25 6 16 17 25 11 8 25 29 27 6 21 12 18 18 5 20 27 13 7 5 17 27 1 20 24 10 0 9 29 19 22 17 13 23 30 7 16 1 9 8 10 3 28 28 21 27 6 28 8 13 1 9 26 17 8 17 2 20 30 25 29 3 13 5 21 26 30 26 6 30 8 11 9 6 4 4
16 10 26 1 26 6 11 27 20 30 13 14 19 13 14 19 11 12 30 17 5 15 15 1 20 16 16 29 17 26 10 2 9 8 10 11 30 6 6 29 1 6 24 15 4 29 14 11 7 18 15 17 9 26 14 7 13 25 28 9 5 24 3 9 20 10 23 5 30 1 29 30 28 3 4 10 13 15 19 26 17 6 3 7 5 10 28 23 10
7 17 3 14 17 17 30 3 13 1 23 28 20 0 17 7 28 6 7 29 28 7 8 14 23 21 12 25 3 26 17 13 30 3 5 0 18 22 27 4 7 7 10 1 0 22 1 11 21 29 25 24 10 28 29 4 3 25 27 6 10 24 24 8 22 26 10 15 28 21 23 0 28 17 25 15 14 18 8 19 30 27 8 23 27 3 18 8 29
24 22 28 13 19 12 10 10 24 19 26 19 0 1 5 7 12 30 30 2 24 10 1 17 9 6 9 5 6 5 12 6 17 29 28 29 13 8 18 25 11 23 28 11 4 26 24 13 22 20 9 19 24 20 29 2 18 28 2 5 9 8 13 14 17 14 12 22 23 19 15 14 24 28 14 20 23 24 3 16 16 17 29 15 10 30 6 28 7
28 27 13 16 10 21 13 10 11 20 28 16 25 27 19 3 16 27 2 17 28 8 21 14 8 20 21 26 30 12 24 22 1 25 0 21 0 5 1 28 28 27 25 24 26 11 29 11 20 7 30 15 28 25 29 25 23 30 9 12 19 30 15 3 15 10 13 13 12 16 29 10 0 15 23 25 19 18 11 1 16 12 16 14 1 6 23 20 17
19 27 26 24 0 30 18 1 27 7 13 4 14 13 15 13 11 2 19 24 1 21 20 7 4 14 12 7 11 20 29 26 21 12 4 28 11 23 23 25 24 23 10 6 17 9 16 17 30 24 3 24 2 24 11 18 10 16 20 13 9 17 29 25 9 9 28 6 0 13 16 22 27 22 29 28 24 7 12 18 9 24 4 1 10 0 25 6 9
6 25 26 29 24 11 18 8 15 8 12 5 29 24 27 1 28 17 3 29 3 4 10 12 7 14 14 0 23 7 18 0 23 24 24 12 12 23 24 24 27 27 21 21 30 8 9 25 26 3 19 17 5 21 28 25 0 1 21 1 0 8 0 26 19 12 8 15 15 10 21 3 15 5 6 22 25 10 23 20 18 2 28 17 16 16 2 10 18
16 14 15 7 15 21 11 11 10 19 26 24 3 8 29 11 29 6 9 3 29 8 7 26 14 26 16 21 19 11 9 25 3 2 1 26 16 12 16 0 3 10 21 4 30 8 11 11 16 5 23 23 20 16 20 13 21 20 27 25 9 5 30 26 26 14 18 12 26 3 11 6 24 6 25 10 13 10 25 24 22 10 8 23 1 8 14 5 21
14 10 25 3 0 12 29 3 5 14 29 16 22 4 12 27 1 21 25 12 0 14 25 26 25 10 15 19 24 14 5 23 22 6 25 0 12 12 7 4 2 8 3 12 19 25 16 28 2 8 13 12 25 19 18 29 4 23 19 19 30 6 7 15 5 10 19 12 0 16 10 16 15 20 23 4 17 5 27 17 5 21 28 19 11 30 10 0 11
3 11 2 4 10 11 16 29 26 21 11 16 28 23 11 24 22 1 0 5 27 2 27 30 30 7 26 25 11 29 12 9 28 2 17 23 5 3 12 4 30 22 15 19 19 14 4 13 21 13 13 21 29 2 12 7 24 12 27 21 25 29 7 12 4 22 20 9 18 25 18 3 3 24 24 11 22 12 20 29 13 21 27 19 19 6 21 26 13
22 15 2 8 20 11 28 19 30 19 2 24 25 22 9 5 7 21 4 29 26 23 10 15 8 13 24 24 21 2 11 17 5 5 21 23 0 5 22 1 8 30 8 0 27 16 14 27 5 17 21 27 8 10 18 9 30 27 0 2 10 23 0 13 24 6 18 21 1 8 1 0 29 27 30 5 28 26 28 1 23 2 6 17 28 0 16 19 22
25 3 17 0 25 25 22 8 19 13 6 9 3 23 8 2 20 6 9 19 29 19 7 14 28 1 28 12 25 25 17 16 8 3 14 9 26 18 29 22 19 24 11 2 15 19 13 30 0 30 15 3 19 0 28 18 30 2 26 17 12 2 24 13 1 22 6 7 15 0 9 22 20 27 24 11 16 7 29 4 27 14 3 7 23 23 6 10 20
11 24 17 26 26 24 24 22 24 25 29 26 17 3 10 17 0 8 1 4 7 29 19 10 4 9 20 16 27 4 15 4 23 4 24 4 25 21 23 19 15 8 29 5 10 29 26 20 0 3 24 16 25 23 15 19 19 5 2 17 0 16 3 5 21 13 15 30 29 21 22 7 4 4 1 23 26 6 30 16 16 26 16 11 5 30 12 25 14
22 9 15 3 12 29 19 5 20 1 1 25 23 0 2 17 6 10 3 4 2 6 23 3 26 17 28 1 28 1 27 17 13 15 4 20 4 18 9 21 29 4 12 14 0 6 17 14 21 25 20 7 10 27 14 13 8 2 1 13 26 7 4 26 8 22 15 11 29 2 18 4 21 18 26 2 16 16 2 6 28 7 3 26 7 26 14 20 1
18 9 23 14 24 23 2 14 2 3 7 12 8 11 3 28 22 28 11 26 21 15 7 27 16 25 21 29 5 8 27 28 14 23 7 10 29 24 10 13 17 30 29 9 14 13 16 13 21 16 12 2 5 30 15 13 5 18 14 2 27 23 5 17 6 1 7 6 15 24 12 21 8 10 5 29 15 21 3 6 23 12 25 29 18 10 7 5 17
0 19 12 10 21 12 4 11 22 25 30 23 19 3 5 15 18 15 19 8 12 7 22 22 0 2 16 8 17 11 9 20 26 8 3 12 3 9 29 21 30 19 5 12 4 22 10 4 9 27 6 6 21 1 6 24 5 8 30 24 6 18 24 17 28 12 21 0 3 10 26 11 30 26 23 10 11 3 28 3 0 11 9 4 1 9 7 29 6
21 18 7 5 8 21 1 22 21 21 22 1 10 9 14 7 20 7 10 28 10 14 17 22 27 25 7 22 18 10 30 22 1 23 23 15 6 4 0 23 25 18 11 15 0 23 8 9 28 9 25 10 24 23 26 13 17 2 14 12 7 22 22 2 7 30 8 25 15 5 1 26 21 6 29 4 25 15 1 20 6 11 13 7 25 3 20 6 0
29 14 10 16 12 16 10 6 0 28 15 2 22 12 3 7 19 11 26 24 24 3 21 5 27 7 20 4 1 9 25 21 30 4 17 18 13 17 3 13 15 17 21 7 13 7 28 21 13 12 5 28 12 26 3 11 28 4 12 21 24 15 18 26 24 10 17 1 18 23 13 0 23 25 16 30 5 24 7 4 19 4 1 7 11 11 22 30 12
19 6 4 24 13 17 6 13 4 17 11 22 10 27 27 6 7 8 14 8 5 13 16 6 13 27 27 25 30 27 0 22 1 18 11 14 16 12 12 19 24 4 3 0 26 16 12 13 22 3 3 16 10 13 29 20 11 16 1 20 25 8 10 25 30 25 26 3 18 25 9 7 19 4 6 25 18 16 29 25 30 21 19 1 9 14 12 21 28
14 22 26 10 18 2 7 9 9 30 16 18 7 12 3 3 22 12 13 14 20 17 28 20 22 26 5 8 27 18 28 11 2 19 2 23 5 4 4 21 2 10 12 12 5 15 7 7 20 4 18 27 16 20 5 24 20 2 3 7 26 15 6 14 30 23 28 29 3 19 17 21 10 10 24 2 27 4 19 21 21 17 3 4 11 28 13 6 3
25 12 6 21 6 2 6 23 21 27 28 29 12 1 10 17 1 28 11 14 29 4 30 15 10 3 9 13 17 29 16 4 26 25 9 7 29 10 15 14 2 18 1 19 6 30 12 9 4 29 16 23 11 8 3 12 28 7 6 4 23 6 1 14 7 7 28 13 6 22 18 4 12 11 18 6 2 19 1 11 4 21 6 14 19 28 12 0 19
16 21 13 19 22 6 21 29 9 9 3 7 23 27 13 5 23 6 24 0 2 11 15 8 24 25 23 2 17 9 9 22 21 5 21 5 25 23 14 19 19 2 19 27 26 28 7 4 4 18 24 29 12 4 23 15 30 6 19 13 21 4 0 23 22 11 30 25 26 30 10 18 12 9 23 26 12 16 8 20 16 8 20 0 4 1 14 13 27
11 23 1 22 18 21 16 3 11 5 3 29 16 24 29 28 28 19 9 11 2 13 11 9 20 6 5 3 30 30 24 11 21 22 23 16 27 12 5 28 8 0 3 16 24 7 25 27 6 16 0 29 29 14 6 23 21 7 24 18 11 10 27 17 26 9 17 26 28 23 17 16 19 22 27 9 6 19 0 19 27 4 11 4 26 2 18 2 10
26 30 12 14 7 8 28 2 27 7 8 27 29 7 5 7 6 19 20 11 19 26 0 22 26 12 17 24 28 13 30 3 2 22 23 29 13 21 13 22 12 19 25 15 30 2 19 17 2 13 7 17 14 26 30 16 17 25 4 17 19 4 3 16 23 15 12 17 2 11 24 27 15 16 12 27 2 0 0 18 2 6 23 4 6 1 0 23 16
25 24 18 11 5 3 6 16 12 5 21 4 10 14 21 6 16 20 14 22 0 26 14 25 28 13 23 27 20 26 1 8 15 27 1 17 21 6 9 17 7 23 21 29 26 1 4 9 25 18 28 12 22 13 11 20 28 15 28 26 21 0 30 6 2 24 28 13 28 7 14 16 26 22 18 11 21 15 24 24 7 2 7 7 10 25 21 29 7
15 3 10 15 18 5 10 29 5 30 22 19 15 15 19 27 14 6 25 23 30 26 16 8 9 26 19 19 12 1 22 14 1 25 18 1 2 17 13 27 16 1 2 8 15 7 17 1 7 25 2 18 8 12 19 21 0 5 6 28 28 3 10 24 12 18 23 13 1 19 9 6 0 18 29 15 7 30 14 30 2 25 15 28 0 5 28 10 30
1 29 14 15 3 25 2 3 17 2 5 28 8 6 6 4 27 4 21 13 14 2 7 30 1 9 6 26 6 19 11 14 28 30 9 15 11 14 21 10 17 25 18 8 14 2 30 3 21 9 29 1 8 11 20 26 26 5 11 0 18 24 10 4 8 20 26 2 20 29 12 29 8 6 1 27 3 25 2 24 8 27 6 23 2 7 6 24 9
6 6 28 28 12 7 7 8 10 30 14 5 4 26 4 0 26 4 23 15 12 3 18 23 3 18 16 29 5 5 7 15 21 1 23 20 17 7 4 2 20 1 18 6 15 7 28 10 21 26 10 16 14 16 18 17 18 23 1 9 18 19 1 28 24 11 28 22 18 29 18 23 26 8 27 22 5 9 21 25 20 20 25 27 7 6 26 24 28
28 12 1 10 5 4 11 20 21 4 17 19 22 7 24 9 30 29 7 19 1 28 21 28 20 22 14 22 6 2 13 13 0 5 2 6 10 13 24 24 14 11 14 23 21 25 6 23 22 2 23 29 22 28 10 26 10 21 27 26 20 20 13 5 22 5 1 26 15 25 17 28 17 27 14 26 6 1 6 17 7 19 17 14 29 0 2 1 18
10 29 2 26 20 10 3 14 8 13 13 10 28 22 8 21 13 28 25 28 8 24 15 25 16 6 3 14 4 24 16 15 23 5 8 24 22 5 27 22 1 4 24 12 2 12 2 26 16 1 0 0 15 1 9 21 23 8 23 18 26 18 0 11 11 1 22 4 6 14 3 6 14 6 8 3 8 23 0 7 8 23 9 19 8 24 13 19 23
10 15 11 7 5 0 5 4 8 25 10 2 10 22 13 22 7 20 26 8 23 28 22 0 7 22 14 24 3 16 25 7 23 16 15 25 15 18 9 25 6 17 9 12 16 26 17 29 8 20 21 12 16 20 30 19 8 15 25 24 29 1 17 17 19 30 22 24 13 1 11 30 10 15 30 23 27 28 28 15 2 20 24 15 9 28 20 28 13
1 10 4 2 30 22 11 10 4 10 19 4 27 12 29 6 0 23 10 17 26 10 20 14 5 12 20 8 22 25 13 22 0 14 14 27 2 30 12 1 15 6 0 23 21 14 12 3 4 30 23 28 3 9 4 11 16 5 0 29 3 27 18 17 12 12 2 2 29 12 15 13 7 22 24 24 13 15 19 2 10 1 0 29 20 12 0 7 6
3 30 21 10 20 16 8 17 3 5 22 3 20 14 12 25 4 12 3 29 20 30 11 27 11 19 12 28 14 3 26 30 28 11 2 28 28 29 2 28 4 4 19 5 0 30 8 29 14 30 18 29 25 24 19 4 12 17 15 26 18 20 5 25 25 14 2 11 17 19 25 23 11 28 11 18 8 2 11 21 24 11 0 1 30 12 24 8 16
25 24 24 29 22 27 3 17 19 26 9 20 27 14 5 12 16 11 20 14 12 25 9 20 14 6 5 22 24 3 7 7 22 11 10 19 23 29 21 15 18 27 27 4 20 3 15 0 1 13 6 22 7 15 13 7 22 11 2 9 20 16 9 2 6 27 10 30 18 8 27 4 28 20 5 17 28 17 10 10 26 26 6 20 27 17 0 1 18
3 14 4 21 7 20 19 5 8 16 27 16 4 24 1 1 21 16 16 11 17 21 19 24 4 8 23 22 3 26 27 6 1 21 17 0 28 26 25 28 29 13 7 24 7 28 21 8 3 12 20 13 15 9 28 5 4 15 26 27 3 11 19 0 3 29 23 5 21 9 7 17 2 18 20 12 25 10 26 1 25 9 20 11 29 3 1 18 23
22 30 13 29 0 21 3 22 21 25 23 16 29 3 3 24 10 23 17 6 12 5 21 30 8 4 9 11 3 3 27 25 20 15 27 5 19 13 26 14 6 16 0 6 22 17 2 1 1 15 29 13 29 28 3 18 30 28 14 17 28 7 12 1 18 12 16 2 4 22 22 9 11 9 10 0 6 16 4 14 22 28 20 8 6 14 15 13 15
20 26 8 22 0 12 26 26 0 20 24 17 16 29 17 27 16 21 3 26 0 30 29 30 1 22 3 1 14 16 16 5 21 0 23 10 15 2 28 26 16 8 5 3 29 23 21 22 8 16 2 21 13 29 4 7 27 6 22 18 24 30 10 15 27 14 21 9 3 5 29 22 21 16 20 10 9 5 28 23 27 13 30 13 0 27 2 0 15
9 15 22 28 5 6 27 24 9 16 24 28 22 18 27 24 7 14 12 30 15 8 6 18 17 17 13 6 13 20 16 14 13 3 20 6 24 12 8 1 5 6 11 26 11 19 26 20 27 9 17 13 29 15 8 19 14 25 7 30 27 6 25 20 4 23 12 24 16 23 23 0 7 4 8 19 20 3 20 27 16 9 9 2 4 25 12 21 2
3 18 28 28 7 13 1 30 22 4 5 20 23 14 15 23 22 1 7 26 6 13 30 18 25 26 17 27 22 24 26 12 9 17 30 6 30 28 18 24 25 14 7 28 16 0 6 11 21 11 8 29 2 2 11 22 8 0 7 9 18 11 7 20 8 12 25 7 9 20 14 4 15 25 3 2 2 1 7 1 16 30 18 29 3 8 30 27 19
30 6 17 25 27 14 12 3 20 15 10 30 21 27 14 28 20 5 5 20 12 29 17 29 16 29 19 30 9 3 17 25 3 5 21 16 14 1 21 20 16 8 7 28 2 24 8 7 8 3 0 0 25 26 15 10 0 18 5 16 5 0 17 2 27 24 6 21 4 27 2 8 20 8 7 17 7 23 14 12 16 27 10 17 8 29 24 24 26
26 10 29 1 0 30 18 5 14 14 15 5 28 6 15 5 21 16 1 1 17 14 18 2 16 21 10 3 2 1 16 3 26 2 25 29 13 13 10 29 23 2 7 30 12 20 9 12 12 27 0 10 17 19 2 1 14 1 19 0 21 7 1 2 23 12 5 7 9 12 0 14 14 7 20 8 5 15 9 16 7 20 13 2 19 5 23 20 2
16 16 20 26 2 27 26 8 10 21 20 0 16 8 27 29 9 13 30 14 14 16 30 26 14 16 3 18 29 7 19 4 29 29 14 8 12 1 19 29 0 29 0 27 2 25 14 18 11 29 3 21 0 1 19 22 25 25 16 10 5 23 14 16 6 28 6 19 10 5 9 9 12 15 9 0 1 3 8 5 30 12 8 29 23 11 17 4 4
17 8 13 13 4 20 9 13 26 22 28 30 19 11 18 3 19 17 20 9 30 21 0 23 6 3 7 20 23 11 17 5 29 13 14 10 1 0 11 19 1 13 18 8 22 20 2 0 23 14 5 10 19 26 18 28 17 27 17 11 5 1 13 8 3 9 1 7 27 12 24 16 13 25 25 0 0 27 12 2 22 17 19 5 2 15 15 0 23
14 30 3 26 16 23 2 17 17 27 24 26 5 29 22 12 0 25 3 6 4 24 29 3 12 7 27 5 6 17 9 5 14 1 27 19 7 24 13 15 1 3 4 26 25 14 3 15 7 21 30 1 6 21 26 20 24 16 4 13 13 10 21 29 29 5 19 29 13 16 27 22 21 8 12 4 21 6 15 5 15 8 27 22 13 0 7 3 24
21 26 22 4 18 1 28 2 30 23 2 11 3 5 2 9 22 8 6 2 17 14 14 7 25 5 15 14 30 15 20 27 5 2 11 15 11 25 2 6 29 6 30 6 22 23 16 24 28 20 8 0 13 0 12 16 22 19 10 24 19 20 3 28 13 17 2 11 25 7 27 17 1 18 16 24 0 15 16 3 6 11 15 20 16 24 12 25 8
15 29 24 8 23 22 13 24 27 26 0 20 8 27 25 28 12 4 12 12 10 9 11 10 29 16 12 4 20 26 12 24 11 22 12 11 11 11 20 2 16 3 24 2 7 11 6 1 30 23 0 15 1 4 4 25 22 29 11 19 14 18 1 9 0 24 23 17 18 29 12 5 4 19 23 6 26 4 7 8 15 11 2 2 2 9 18 27 10
20 6 0 11 22 1 7 22 22 0 20 8 19 9 12 27 9 9 8 20 3 2 11 3 5 11 17 11 22 28 28 8 8 0 5 12 21 22 17 28 4 28 25 20 12 10 7 14 7 30 23 24 24 29 15 9 22 16 13 0 15 23 16 21 24 13 26 14 27 2 25 25 11 29 12 9 7 27 29 13 3 11 13 17 20 1 22 20 5
0 21 3 1 26 27 12 18 12 4 11 0 9 11 29 12 28 5 6 19 7 16 7 11 16 0 14 15 21 16 30 26 27 21 19 2 30 17 1 20 29 1 19 4 19 18 2 8 19 21 15 22 24 25 23 29 3 17 17 22 30 8 19 20 5 20 26 0 3 17 11 22 19 24 4 10 12 19 25 7 5 21 30 4 13 13 19 2 7
17 0 25 19 15 7 1 13 6 2 6 18 17 5 6 23 22 11 27 22 27 7 20 4 15 5 23 15 2 3 17 16 4 11 4 26 21 12 27 0 5 22 27 21 29 21 12 17 0 11 26 15 10 12 15 11 18 19 13 19 25 4 4 19 14 9 5 11 14 0 13 30 26 30 8 5 1 14 16 6 22 13 26 13 18 9 30 14 1
3 14 10 11 21 18 7 6 19 27 13 13 12 27 2 22 5 9 13 5 12 18 29 9 7 1 3 7 1 4 28 5 24 15 28 0 6 13 1 19 2 26 8 28 3 1 24 1 3 0 6 8 29 22 0 2 23 3 8 22 23 3 17 6 5 10 13 16 13 8 9 22 23 9 2 5 19 14 17 4 24 12 16 10 16 13 30 30 14
11 4 1 21 14 19 24 26 23 12 6 7 1 23 10 21 30 26 25 26 7 7 1 1 3 2 12 10 8 26 17 28 7 15 2 5 28 7 8 9 1 5 10 27 11 5 13 19 21 22 2 17 11 11 2 5 10 18 16 30 20 21 27 16 0 8 28 27 21 21 23 27 30 17 8 15 5 2 15 3 16 27 30 1 9 22 8 12 8
16 8 14 30 16 2 11 6 17 13 23 0 5 12 7 12 22 23 17 10 4 18 1 20 21 11 14 11 7 10 15 20 16 22 30 24 26 2 29 30 23 12 5 28 0 16 30 0 15 13 17 10 16 20 25 7 22 8 2 20 28 4 25 20 27 7 4 20 7 4 14 11 3 26 25 25 5 1 25 14 13 23 0 22 7 11 26 26 25
4 2 12 10 1 21 29 17 10 16 5 24 12 19 19 5 30 3 26 2 30 16 14 3 16 26 10 13 23 16 19 15 6 6 16 28 14 24 8 29 20 22 6 6 19 28 21 10 18 16 9 7 20 15 13 24 30 19 22 1 0 0 12 5 7 2 24 0 6 0 2 4 10 3 11 1 26 25 17 23 10 25 27 20 0 8 12 9 10
3 22 9 9 2 19 25 4 26 14 5 20 27 6 22 28 2 10 22 0 24 22 0 10 0 27 26 8 10 23 25 5 18 5 13 25 24 19 6 30 22 2 8 6 2 5 13 29 12 16 10 27 30 17 13 3 1 26 7 9 18 0 29 10 30 29 30 1 17 0 25 20 24 29 27 17 0 19 14 28 27 18 6 3 9 18 26 2 23
30 9 3 2 18 12 30 1 11 9 30 30 17 14 3 13 22 16 9 16 19 18 24 5 1 8 14 10 7 19 29 19 17 22 25 3 28 13 6 14 6 12 6 11 26 4 0 24 4 7 9 27 11 25 2 2 10 10 14 13 7 22 13 27 29 29 20 7 28 1 1 15 24 21 29 2 23 29 17 13 3 24 22 22 4 19 26 7 26
3 24 21 3 0 28 21 26 8 23 22 17 18 24 21 23 5 10 1 15 6 23 30 23 19 15 16 20 17 26 29 13 26 12 24 30 18 10 24 29 30 25 5 23 6 24 24 0 21 1 1 27 22 6 6 2 26 3 6 5 27 10 9 27 13 1 0 5 5 1 30 2 17 3 12 12 22 27 4 1 22 10 6 2 21 3 18 16 20
14 4 24 9 13 8 28 14 7 24 26 16 27 12 2 4 29 6 29 2 4 4 29 15 20 22 11 18 21 11 24 10 2 18 11 8 29 14 27 30 25 14 15 2 9 6 5 8 18 7 10 27 6 7 7 9 3 12 19 8 8 25 8 14 2 13 25 29 9 2 0 30 17 10 13 9 1 4 4 20 21 9 25 16 18 10 0 7 23
11 22 19 1 7 27 13 22 23 17 2 27 24 23 9 22 20 19 9 13 1 2 11 20 1 24 12 0 14 16 19 14 4 10 7 17 27 0 10 7 15 23 0 10 14 8 4 8 7 11 11 11 15 0 5 29 0 27 20 24 22 18 24 10 25 16 8 7 15 20 27 23 13 5 19 1 6 25 10 8 3 30 29 14 13 26 30 3 29
21 15 0 19 28 16 15 30 2 1 4 2 20 2 30 7 8 24 20 28 28 0 15 18 12 11 12 22 9 23 15 1 1 14 16 26 11 18 23 14 26 16 29 0 15 6 19 28 1 0 13 0 9 27 2 28 16 16 10 22 14 16 12 20 18 9 20 29 28 10 25 5 26 6 20 21 28 13 28 11 18 13 29 1 11 3 15 27 2
22 30 21 4 11 5 13 7 20 5 10 30 28 11 3 9 17 24 26 5 18 26 29 23 3 12 12 17 23 25 1 15 2 17 14 4 30 2 9 30 14 6 19 4 2 15 17 4 8 16 22 24 2 16 28 15 17 22 16 5 10 5 7 26 6 6 7 9 6 25 19 28 22 5 25 21 15 30 29 10 23 25 16 21 4 8 14 3 2
18 28 25 16 8 28 28 28 4 19 2 14 29 28 14 1 29 19 29 29 10 10 28 5 16 17 25 8 13 26 1 11 29 3 24 24 9 18 12 6 4 15 8 18 28 16 21 2 13 18 12 17 6 1 12 28 28 18 23 20 8 14 15 9 17 8 21 6 19 5 30 23 27 5 6 23 13 5 17 19 11 19 4 24 8 26 14 9 23
7 10 22 11 29 29 11 15 30 11 13 11 18 13 13 14 20 9 18 9 24 20 26 4 8 17 29 25 19 23 5 27 23 10 2 17 17 4 29 20 17 2 9 5 26 6 12 0 0 11 26 16 9 25 19 28 2 11 11 23 2 10 8 5 22 29 5 19 14 21 17 18 26 0 28 28 21 29 20 27 0 4 22 1 10 6 23 4 6
9 13 3 11 25 22 27 5 2 25 13 9 20 4 27 12 15 1 6 10 25 22 0 17 16 9 16 23 24 17 21 18 10 28 1 2 9 2 27 11 15 18 6 16 11 29 21 0 29 6 23 13 1 3 6 13 11 2 7 13 20 17 15 0 23 11 8 6 13 10 8 23 17 21 13 26 21 27 29 2 30 0 12 17 10 28 6 29 6
10 6 23 5 19 0 14 11 17 8 6 8 28 5 12 27 14 0 2 5 6 10 29 19 0 11 4 2 18 24 3 3 9 28 28 14 17 3 29 1 29 10 25 21 28 25 21 17 22 20 28 21 17 29 19 5 4 14 16 4 0 8 29 10 12 24 10 29 13 11 2 27 3 8 16 27 11 30 22 27 21 17 23 14 4 0 5 21 1
4 0 27 27 26 8 25 11 0 3 19 17 30 2 21 9 3 14 14 30 18 24 20 25 21 30 25 11 3 12 15 5 18 2 19 15 14 8 28 6 18 11 16 6 15 27 17 20 8 1 13 22 18 8 3 28 12 9 5 13 15 21 16 11 11 24 9 2 5 1 18 29 10 0 17 21 0 1 17 19 22 19 27 21 1 20 20 16 10
10 14 6 22 26 2 7 7 10 22 15 7 17 9 30 23 22 15 29 16 7 17 5 21 14 8 15 12 26 25 28 0 29 27 11 26 8 26 30 9 8 15 9 21 30 12 7 8 13 5 6 23 20 13 1 13 22 18 25 0 9 7 7 13 28 5 5 0 8 21 4 5 5 22 24 30 7 29 11 23 26 29 22 5 7 22 6 8 15
5 1 22 28 17 9 12 14 9 20 8 0 3 16 6 6 8 8 25 20 4 20 22 27 1 22 25 14 1 16 0 29 13 2 11 30 15 29 19 9 27 11 27 4 10 23 4 25 4 3 22 16 26 9 18 16 10 0 29 3 21 26 27 9 11 14 26 28 19 26 18 30 19 28 20 23 11 29 30 13 9 15 13 11 27 14 30 25 9
