92 92
6 21 5 24 8 8 2 22 30 14 29 15 1 7 15 26 19 6 2 2 16 24 15 7 1 14 0 14 13 29 25 18 11 13 4 29 26 20 15 29 17 11 29 21 23 8 19 13 9 9 30 20 2 25 29 27 14 27 12 19 9 20 5 2 30 10 13 24 15 21 21 18 21 28 22 23 12 2 8 2 4 24 5 20 0 18 19 2 10 14 7 23
18 5 12 19 26 17 5 17 27 3 6 20 10 12 18 18 8 28 29 20 13 14 6 0 12 6 2 21 9 2 8 25 18 6 6 17 16 7 6 15 13 7 30 24 5 1 1 12 2 3 4 24 14 5 14 16 12 7 20 0 23 13 0 1 16 26 14 4 6 4 20 10 26 20 9 1 5 16 18 28 5 25 11 3 19 11 9 0 15 30 18 11
7 10 24 18 12 15 29 0 16 26 17 30 30 15 20 14 4 20 11 15 15 13 27 26 12 2 9 10 1 27 24 5 5 3 21 21 21 15 16 8 11 10 26 9 13 28 5 17 27 3 1 0 4 15 10 2 15 23 19 8 21 29 10 23 9 11 27 3 10 29 18 16 23 14 5 18 13 4 17 20 12 0 6 11 25 7 22 19 15 12 1 21
23 20 2 18 14 27 5 20 3 26 24 20 5 2 3 12 18 5 6 8 28 17 12 17 5 5 30 18 11 3 30 23 3 10 27 0 4 10 24 29 24 15 0 25 11 25 26 13 21 0 16 16 2 2 9 13 12 21 6 16 3 20 30 5 16 26 16 10 16 7 8 24 15 2 9 1 10 9 25 1 17 24 14 23 16 14 4 26 30 30 23 18
18 10 12 24 11 12 6 14 8 20 2 8 27 4 15 24 29 15 14 15 0 30 30 25 29 27 10 23 0 27 0 9 10 5 6 26 17 20 24 21 14 29 10 9 10 8 3 29 5 9 18 5 12 29 17 9 13 24 10 30 3 0 12 30 23 9 29 10 3 9 28 29 5 30 2 17 21 2 9 4 3 26 7 12 14 9 9 9 0 21 4 19
28 1 15 17 15 1 30 10 12 15 15 16 13 27 21 24 13 8 2 18 6 24 29 11 10 12 19 13 24 16 23 9 9 4 30 3 24 15 18 16 11 26 17 13 27 12 26 13 3 4 12 12 2 13 24 26 14 22 11 28 12 21 22 15 19 7 29 12 7 20 21 30 9 1 18 18 25 1 22 14 23 15 18 25 10 30 29 6 17 18 27 3
29 3 27 16 13 30 26 3 28 22 15 6 19 17 10 20 27 9 17 30 14 17 0 18 4 10 19 3 25 15 24 17 9 2 1 19 19 16 7 27 18 8 20 3 15 29 10 4 28 12 29 28 3 1 1 14 27 9 16 14 9 13 11 26 0 17 1 15 2 22 23 8 3 23 9 28 10 30 16 13 2 7 9 27 19 22 11 21 20 17 10 28
25 1 7 10 27 7 16 29 30 22 1 0 19 27 25 25 1 28 25 11 10 9 0 1 28 2 14 23 7 1 2 15 17 16 25 11 8 29 29 2 2 7 28 30 1 2 2 23 14 1 8 13 29 10 29 15 7 23 12 27 8 9 18 30 21 12 8 3 15 8 27 20 8 25 9 1 23 10 0 6 21 0 8 11 13 12 29 21 21 8 22 27
8 16 26 22 1 22 23 7 4 14 28 23 12 5 0 17 22 8 19 28 14 14 0 10 16 5 3 9 17 19 9 24 0 19 28 11 2 3 25 5 12 5 15 0 6 12 2 29 1 26 24 14 10 3 19 3 28 17 24 28 13 15 3 8 26 13 10 5 13 29 16 11 1 22 13 9 28 8 24 0 1 5 29 13 10 21 4 16 15 19 17 8
27 5 23 23 14 21 15 19 18 6 24 19 13 16 9 12 27 2 11 2 14 3 26 6 1 9 27 20 12 29 22 9 27 16 23 1 1 11 14 12 2 20 12 23 26 5 0 18 26 21 8 26 20 8 19 1 12 30 5 8 10 25 22 7 5 13 7 20 16 20 21 30 9 17 9 0 16 25 20 5 3 15 23 8 30 26 19 5 30 13 20 7
20 18 21 5 9 14 21 4 26 8 13 7 0 5 8 2 18 5 24 30 19 8 21 16 20 17 7 4 5 1 3 3 10 0 30 22 17 13 10 2 21 6 30 2 24 11 24 14 17 24 10 12 13 23 27 17 6 24 25 7 11 2 24 14 22 9 7 9 23 27 3 6 6 4 12 2 26 8 23 15 8 4 29 3 4 30 6 28 2 19 5 0
21 25 18 22 4 13 21 11 9 1 5 21 18 25 1 6 19 27 24 29 26 5 25 0 8 17 3 25 4 4 9 6 19 29 25 1 4 20 20 17 24 5 12 0 8 17 3 18 4 5 27 4 28 13 3 13 1 19 16 19 15 9 26 26 16 16 2 1 29 9 6 19 25 16 3 20 16 22 22 14 5 9 5 13 16 21 6 5 25 19 18 1
16 20 12 23 29 1 9 23 3 3 1 0 2 15 25 21 14 26 1 9 8 30 12 21 12 1 2 9 5 4 30 1 20 24 4 9 22 16 28 26 15 27 21 8 0 19 10 22 20 20 16 23 17 4 6 13 14 25 16 26 23 28 22 3 27 5 1 10 23 6 9 6 19 2 18 5 23 23 18 1 14 22 14 0 23 2 2 0 29 12 16 9
21 21 27 0 15 29 4 20 6 16 5 18 6 1 28 9 20 14 19 16 28 18 6 11 3 7 10 15 30 3 10 24 20 17 2 2 16 12 26 27 6 15 2 10 4 11 28 29 8 30 16 11 14 27 0 16 15 7 22 18 12 23 25 30 8 28 1 0 16 7 6 21 26 17 27 28 21 7 26 26 17 16 27 8 5 4 11 19 0 4 1 17
0 9 27 0 11 2 21 3 5 24 11 19 2 21 17 9 27 4 28 17 10 11 11 18 6 24 0 15 13 0 27 25 26 0 9 9 10 10 12 2 3 4 0 25 22 22 13 24 18 19 22 7 24 14 7 23 3 2 4 7 27 23 10 20 10 4 20 5 9 26 23 25 11 5 23 15 1 0 17 17 12 6 3 7 22 30 25 20 19 17 8 18
18 22 17 14 2 3 21 26 29 28 9 13 27 23 22 3 21 11 9 18 27 0 28 1 23 24 14 25 2 20 25 4 28 29 17 5 5 22 7 4 4 6 30 2 22 30 0 17 29 19 15 1 20 16 20 26 19 10 9 4 0 15 23 15 18 0 9 6 18 21 4 0 12 28 2 21 3 24 27 1 19 6 10 15 3 10 20 12 30 16 6 23
9 5 4 22 14 12 1 20 26 15 8 12 9 14 23 1 27 27 15 19 13 20 25 6 15 9 7 11 14 16 0 27 2 27 9 4 25 12 17 0 18 27 13 24 5 8 29 1 23 7 23 5 1 9 12 26 22 24 27 18 26 8 21 21 28 5 16 19 27 15 27 2 4 26 3 30 8 27 6 12 10 7 27 0 17 10 10 27 16 7 26 3
29 5 14 0 28 15 23 1 19 21 12 5 12 28 26 12 30 29 0 15 20 18 15 21 29 18 6 12 20 14 7 3 3 15 25 27 18 29 24 20 13 25 19 8 2 19 27 16 5 18 6 27 3 15 4 6 25 26 15 9 19 30 16 8 21 23 11 15 22 15 14 2 15 17 27 21 11 17 29 21 15 11 16 25 7 13 8 17 15 27 23 11
12 23 26 9 28 3 20 27 11 3 2 5 4 18 30 3 13 22 19 29 21 8 3 6 23 23 28 5 3 27 20 0 22 11 2 11 29 16 27 28 19 10 3 18 8 26 5 25 8 22 6 0 21 1 17 26 22 27 11 22 14 4 6 30 4 6 7 14 30 29 14 23 17 20 6 30 30 17 10 26 24 24 23 11 6 17 14 6 21 18 14 14
0 26 24 7 10 0 19 22 17 24 27 24 20 4 19 9 25 8 29 19 7 18 13 6 16 5 27 12 29 4 26 4 20 9 24 4 13 9 29 12 30 16 12 10 5 0 10 7 10 3 30 22 23 1 1 14 29 20 26 1 26 7 25 19 23 9 9 26 19 17 5 0 17 22 0 15 23 21 26 19 22 9 2 23 3 9 10 11 6 11 1 27
13 11 29 11 12 27 7 22 9 7 17 13 24 25 6 25 13 4 6 10 12 23 0 27 27 14 4 7 16 21 4 14 8 28 24 16 15 16 17 26 8 21 16 1 23 20 5 1 8 12 26 16 15 29 8 2 15 12 3 1 0 16 0 3 15 9 11 6 23 18 12 0 26 6 1 26 29 16 7 0 23 1 27 13 12 21 6 21 2 3 7 20
20 15 23 16 22 17 2 27 3 20 9 7 11 27 12 22 22 21 5 2 23 18 19 25 6 20 17 22 4 8 6 21 13 16 19 8 27 26 24 18 2 17 20 1 29 27 28 21 10 11 16 22 24 4 23 13 4 6 1 26 24 14 26 4 5 11 2 20 7 17 3 16 3 0 4 27 24 22 18 18 28 8 2 15 0 10 18 20 25 2 18 11
26 20 3 6 13 14 10 8 19 2 15 28 1 1 24 16 17 3 18 24 14 5 29 8 5 23 1 17 19 22 8 7 15 17 1 23 12 10 30 3 28 23 30 8 23 21 3 10 9 17 0 10 30 30 21 20 1 27 3 17 23 19 25 24 9 3 3 6 13 0 4 16 3 11 22 9 26 30 26 13 0 3 17 16 18 18 17 11 15 5 28 15
19 7 22 16 5 13 0 10 21 5 15 27 2 20 19 14 12 3 0 28 23 28 26 14 7 0 4 0 17 28 4 24 29 25 15 20 11 26 16 4 13 19 14 10 8 20 1 2 11 9 29 21 25 23 19 4 0 12 9 30 9 22 27 9 27 13 8 10 30 25 14 30 23 14 17 9 19 16 0 20 7 16 25 3 18 25 8 25 30 21 2 14
14 0 7 21 4 23 12 18 12 28 1 24 30 24 3 22 3 12 10 13 25 10 29 26 20 22 18 29 17 26 14 16 9 12 10 14 20 23 3 23 4 7 5 27 18 15 26 16 28 24 13 12 29 28 12 16 3 13 1 13 10 6 1 22 17 1 22 22 13 28 15 17 30 28 4 28 5 30 18 4 4 9 18 26 18 25 11 14 13 11 8 1
23 30 17 27 15 24 15 16 4 3 15 27 20 16 30 0 5 4 30 16 2 25 24 25 22 30 22 19 14 3 2 9 20 18 11 19 22 5 17 5 28 7 22 22 4 3 15 3 15 7 1 10 26 17 18 3 13 12 29 27 1 24 8 28 8 22 22 30 25 20 23 21 29 27 8 18 16 30 9 25 8 29 18 16 11 17 16 2 2 7 21 29
13 5 8 17 27 14 28 16 21 2 3 23 15 17 24 27 10 16 11 13 2 30 12 16 6 11 19 20 6 26 20 4 14 6 2 19 16 24 17 26 26 14 10 5 17 3 19 18 3 10 13 4 8 17 3 21 13 13 29 8 9 9 8 10 21 30 27 23 19 18 1 6 7 26 7 18 6 4 17 24 23 7 13 19 9 9 10 21 2 29 8 23
1 30 10 2 19 5 13 29 21 24 13 16 16 25 27 7 14 0 3 15 27 9 27 10 12 20 19 26 15 28 20 6 12 24 17 10 6 10 12 8 23 30 17 17 1 6 0 4 26 24 5 28 10 19 18 7 24 11 7 10 25 2 17 22 0 11 6 7 16 6 14 16 4 7 0 28 21 20 17 9 19 13 8 27 9 17 13 13 3 8 5 7
7 7 6 2 18 5 11 29 23 13 8 27 7 3 9 27 22 4 16 23 30 22 25 11 13 6 20 23 28 28 29 18 1 15 12 22 11 11 15 27 25 18 17 26 21 6 5 30 29 1 16 6 30 7 0 22 1 9 12 20 26 4 24 12 27 12 9 18 6 26 26 4 5 1 20 21 4 1 27 14 30 28 27 8 29 6 6 24 23 22 29 27
22 25 22 7 17 12 3 17 0 29 5 14 23 18 2 21 1 10 5 13 18 1 24 0 13 11 17 26 21 30 5 22 25 4 16 28 16 5 2 27 9 11 2 3 25 21 26 17 21 10 10 8 20 20 20 7 10 17 25 9 18 24 16 19 0 15 20 8 28 3 23 10 16 4 28 6 5 3 1 27 20 14 11 1 5 15 1 5 19 7 5 6
17 25 14 9 22 2 27 24 26 6 16 17 21 3 1 22 10 22 27 24 16 4 1 28 4 18 27 24 6 7 29 3 22 1 17 17 0 29 16 6 9 3 4 10 8 2 19 3 6 22 18 1 22 14 4 25 17 18 14 19 16 30 18 16 5 8 28 24 21 11 25 13 15 0 30 0 14 8 1 27 6 0 8 12 26 5 0 30 3 8 19 21
30 15 8 15 14 25 23 3 16 9 16 26 24 5 2 29 3 20 20 11 0 18 12 3 3 29 18 6 12 1 11 10 13 16 8 1 2 11 4 14 11 26 8 8 5 12 26 23 17 15 21 26 3 12 25 11 18 29 3 12 14 4 21 19 17 25 5 29 11 2 24 15 7 3 20 6 9 19 24 7 28 30 26 1 20 6 14 22 18 23 25 18
15 5 17 7 24 27 9 12 8 26 18 6 19 2 17 5 26 16 3 23 5 30 12 13 11 12 27 1 22 2 10 10 10 27 30 2 1 30 17 9 9 8 30 0 29 15 16 7 7 13 17 12 17 9 16 20 11 24 20 13 13 6 2 28 8 30 24 7 28 15 4 10 26 10 28 30 12 25 22 2 20 25 0 4 11 16 11 9 12 8 25 13
16 2 28 4 13 28 0 28 3 20 30 20 29 16 25 13 28 23 6 17 21 6 28 15 17 10 28 21 7 7 12 15 26 26 1 8 5 21 20 19 6 12 27 16 13 14 15 22 2 15 2 7 1 21 16 12 11 9 21 24 15 23 15 5 12 7 23 30 23 29 28 4 3 23 17 1 12 21 17 21 17 6 3 19 27 17 30 21 3 4 20 25
30 3 13 14 0 28 30 10 11 16 20 27 8 0 13 1 6 21 26 13 16 18 15 6 4 7 14 19 13 25 19 27 18 9 6 2 11 15 20 11 23 25 7 9 28 28 16 19 21 19 17 18 21 22 5 10 29 15 29 2 17 26 23 0 8 27 25 16 25 6 19 8 8 14 16 23 5 21 4 15 4 15 7 25 29 2 7 20 7 21 22 29
10 1 30 4 7 27 11 26 28 29 30 13 2 29 20 16 0 8 2 13 11 5 1 16 18 28 23 28 26 16 7 1 8 24 4 5 3 2 4 23 20 9 5 9 26 12 13 15 30 15 11 28 29 7 3 19 12 24 5 27 4 4 17 15 10 18 24 0 11 2 9 6 15 13 20 19 21 25 28 1 4 10 2 2 30 18 1 18 24 30 0 21
9 3 19 4 29 27 7 12 21 4 30 7 27 12 18 5 5 14 16 21 26 20 22 5 25 16 18 15 4 18 26 24 13 6 15 30 3 17 4 29 2 7 1 23 30 25 24 17 18 12 21 1 29 24 13 11 19 20 12 21 24 14 28 11 10 27 21 28 15 21 0 15 0 30 28 12 13 10 27 16 6 29 26 13 23 6 12 7 15 8 5 2
23 18 15 11 29 23 26 8 19 15 0 26 15 4 2 6 8 11 20 23 2 4 7 14 25 14 7 1 0 30 13 17 20 19 29 3 1 17 11 1 13 2 30 25 28 5 20 5 6 19 8 19 24 16 3 25 1 17 6 21 9 15 12 27 4 24 4 3 11 0 26 28 5 22 25 22 24 29 13 10 4 2 27 20 26 23 29 7 26 23 17 12
16 18 11 25 18 9 14 16 5 5 28 29 13 15 19 3 16 28 13 25 7 20 28 29 9 21 16 21 20 23 30 16 14 26 6 13 20 13 6 13 12 8 15 22 3 10 18 18 5 24 12 14 25 25 10 14 15 12 23 16 14 16 15 21 15 3 10 9 29 29 30 25 16 21 0 21 5 9 17 0 16 27 16 13 17 24 6 15 17 5 26 16
26 9 19 3 2 15 30 8 5 26 30 14 21 11 3 6 10 25 9 0 29 20 16 19 16 4 30 24 24 20 7 17 5 9 4 6 30 16 22 25 18 12 25 20 24 1 20 12 8 9 24 6 5 1 15 19 29 24 14 19 9 10 25 23 10 17 27 30 20 7 14 23 22 10 23 20 26 0 14 22 15 9 23 21 7 30 25 30 18 27 15 3
6 23 20 3 25 27 10 30 24 6 1 7 21 12 27 17 25 22 20 18 11 26 11 9 28 0 16 18 4 14 14 26 18 15 7 24 24 6 26 18 3 24 24 11 8 19 24 27 2 1 9 14 12 26 17 6 11 22 3 27 10 30 0 1 0 4 13 29 7 21 12 6 14 16 30 4 25 5 9 4 10 3 21 24 24 2 24 18 2 28 20 16
10 22 3 24 5 17 20 22 0 11 30 17 13 3 3 14 20 27 2 27 9 19 20 23 23 26 3 5 13 1 16 4 21 2 13 12 29 18 10 10 26 16 10 26 25 8 19 22 3 14 3 9 29 13 26 22 24 21 13 14 17 9 2 0 11 25 10 7 29 1 6 3 23 12 5 3 23 24 2 18 13 3 13 25 9 18 15 23 13 24 27 14
16 5 16 3 23 10 2 29 19 21 1 0 0 6 1 23 2 13 9 30 10 22 24 12 6 20 11 9 4 9 9 27 2 7 12 9 19 21 22 30 1 0 11 18 24 29 21 0 9 18 0 19 4 15 0 23 23 28 10 26 25 20 24 14 28 2 16 19 22 25 13 16 18 27 29 2 27 8 10 18 11 1 19 22 7 27 4 15 10 5 11 2
24 5 7 26 23 24 19 9 18 19 22 22 18 14 6 2 28 19 2 22 21 24 15 3 22 22 16 4 14 25 15 14 20 16 18 2 25 16 19 3 10 29 27 29 25 2 24 8 25 26 11 28 16 13 21 7 16 14 4 5 21 14 0 16 23 21 4 12 25 27 27 28 6 20 6 17 16 24 2 20 14 24 25 27 13 5 4 0 18 1 27 24
4 20 7 19 25 25 19 12 12 22 4 30 15 25 8 5 6 12 30 8 11 29 16 1 21 27 25 18 3 19 22 6 24 1 29 13 23 10 24 16 18 14 22 16 14 11 30 16 22 30 26 25 12 1 12 16 15 14 15 3 26 3 16 5 18 20 9 0 1 20 17 17 21 28 1 22 24 0 16 23 6 14 27 16 15 25 24 11 15 4 23 29
16 29 18 3 20 27 25 13 17 22 29 11 30 18 13 22 24 18 4 21 12 11 13 29 0 24 11 2 7 27 16 27 16 7 24 21 14 11 5 14 9 16 28 15 7 20 18 6 18 4 7 25 30 23 15 12 14 7 20 3 11 17 9 25 4 5 15 12 24 29 22 9 27 10 25 24 16 7 1 24 18 20 21 26 23 25 7 21 5 2 15 10
9 7 14 14 3 22 7 23 11 11 25 7 3 30 5 26 11 5 18 0 30 8 9 20 22 10 0 25 24 11 21 22 1 27 22 25 13 6 19 27 26 30 14 4 22 7 8 0 17 10 22 3 15 6 5 13 20 5 15 10 21 0 27 19 6 28 30 12 2 20 7 10 2 19 16 15 24 7 12 3 23 5 29 22 11 15 0 26 6 17 7 27
6 0 27 29 13 20 19 30 16 10 20 8 17 11 17 28 12 6 1 8 18 7 19 23 5 9 23 22 3 17 2 15 4 11 29 0 22 29 9 30 28 14 3 15 26 8 14 12 14 1 15 9 20 20 15 14 27 30 6 25 12 26 30 29 6 4 23 7 9 4 18 30 14 23 14 13 2 22 0 21 16 27 3 2 21 5 1 5 7 4 15 3
16 3 17 26 7 10 5 23 22 5 18 7 6 21 5 17 18 5 16 20 23 2 19 13 16 3 6 5 21 23 2 8 30 6 8 13 26 3 7 16 30 6 27 14 22 25 27 7 22 26 8 17 15 16 0 12 0 22 0 1 10 13 22 13 28 13 30 29 28 25 7 27 8 28 26 10 18 23 24 25 5 16 11 25 8 14 27 7 0 28 12 24
4 22 22 17 15 10 14 28 28 3 5 20 2 13 12 30 25 21 14 4 19 24 2 22 4 7 29 20 8 28 28 24 4 23 9 1 0 27 7 30 25 22 17 9 10 9 27 24 12 14 9 14 10 10 6 24 6 3 2 22 7 17 18 4 29 9 30 20 0 16 2 0 5 17 3 25 16 26 28 3 2 12 0 2 3 6 1 22 11 13 2 15
28 19 7 15 26 2 18 19 9 3 12 18 13 6 11 2 0 28 28 27 22 3 20 15 12 11 18 13 10 13 27 19 0 3 4 27 14 28 5 16 30 14 3 13 6 6 3 8 6 22 26 20 21 21 0 5 22 13 6 0 29 5 4 26 17 29 28 3 25 13 15 15 2 15 21 21 10 27 14 12 30 2 4 2 10 30 29 8 15 9 8 27
11 23 6 15 4 16 28 24 4 21 17 22 17 5 22 27 2 7 0 27 0 8 27 10 23 23 27 9 23 22 1 8 1 30 25 4 0 0 15 26 17 11 4 19 1 12 26 1 16 26 30 15 3 21 15 13 4 26 5 17 25 19 2 20 23 8 19 22 21 25 25 25 24 19 20 21 25 29 21 12 19 23 22 11 2 25 14 24 13 3 21 29
10 9 3 24 2 17 22 5 30 29 15 10 18 25 6 26 27 5 8 30 13 3 0 18 17 22 7 15 0 22 21 14 14 8 13 29 0 28 6 16 9 2 11 25 16 30 28 24 26 28 18 15 30 6 2 28 14 14 6 9 27 0 20 12 30 5 8 24 30 17 8 23 12 8 5 23 28 19 29 15 26 4 15 3 0 16 8 19 21 14 4 22
23 22 26 6 2 12 1 8 5 27 18 13 9 10 27 28 9 5 24 23 22 14 29 2 3 16 24 21 26 19 26 20 29 6 19 30 12 29 18 18 5 3 10 7 17 25 20 30 24 10 19 15 30 22 23 19 27 1 9 24 12 10 13 17 11 7 24 7 2 5 17 19 19 6 26 26 11 2 25 27 28 20 21 14 20 8 19 29 23 10 12 4
14 7 20 19 8 20 27 29 1 21 26 26 4 17 0 3 0 28 13 14 30 2 3 23 11 27 20 5 19 27 23 4 16 10 2 10 5 25 25 17 10 30 5 30 20 30 5 20 6 28 23 8 28 16 7 30 21 29 20 19 30 10 0 20 24 2 16 12 25 22 10 0 21 15 2 24 19 15 4 4 14 13 11 27 26 10 1 6 25 24 5 18
6 10 22 7 1 10 25 25 0 16 25 10 26 21 30 4 19 30 10 22 7 25 2 24 6 14 2 25 2 5 27 16 11 21 7 5 23 24 14 26 3 3 7 13 9 2 29 12 30 28 21 17 24 21 21 15 11 14 18 20 10 21 14 8 24 15 19 26 22 8 9 9 24 18 24 7 15 25 30 10 4 9 10 0 14 12 17 18 15 20 2 27
9 15 11 24 14 30 17 3 2 23 1 7 26 19 20 12 5 24 22 30 1 28 26 3 24 11 21 3 10 27 23 23 24 25 8 3 5 6 23 9 8 11 24 21 30 22 23 22 30 15 2 9 20 30 25 7 13 25 4 19 20 10 5 26 4 0 27 0 4 1 18 19 6 16 19 23 29 6 23 5 15 24 4 0 9 15 12 11 20 1 13 12
28 7 29 0 1 15 24 4 2 25 5 16 26 9 21 18 15 28 22 16 25 1 1 18 14 17 3 1 17 28 6 18 19 13 2 9 12 28 4 29 6 26 29 4 23 28 14 19 9 14 25 28 18 20 24 30 19 9 29 27 14 5 19 25 8 12 19 18 23 15 23 10 27 11 17 8 22 23 0 0 14 8 23 16 20 7 25 26 21 18 16 5
28 22 27 15 17 12 5 30 13 4 19 6 5 8 1 18 10 14 15 2 24 12 8 22 16 19 5 18 28 8 11 24 25 9 12 5 9 18 11 12 28 29 25 28 15 29 16 7 16 29 9 15 3 23 26 1 30 29 30 13 26 19 26 29 4 28 16 27 24 6 4 30 7 11 20 7 9 28 14 3 6 19 6 26 30 22 0 26 15 18 20 4
13 26 29 16 26 5 10 5 14 0 8 23 11 23 4 19 1 20 28 29 10 15 5 26 29 5 12 21 1 2 8 30 11 3 28 8 0 6 14 10 2 9 18 12 17 25 25 24 17 27 24 25 23 28 9 9 19 16 7 21 18 25 11 30 2 9 23 3 12 3 3 21 5 4 22 3 28 3 15 3 3 3 26 28 4 20 20 17 13 8 1 26
0 8 18 28 17 28 18 19 0 9 11 25 19 24 25 11 8 30 13 22 19 26 21 25 7 0 24 30 7 28 11 28 1 17 28 26 0 13 30 30 3 7 29 30 26 30 2 1 22 29 8 30 15 26 1 12 17 6 16 29 10 28 10 0 9 1 27 22 28 9 11 14 18 9 6 12 19 28 25 1 0 29 19 21 14 10 25 1 14 26 25 26
27 6 7 9 21 27 8 9 2 13 9 3 16 9 11 9 29 20 9 0 26 12 24 10 16 18 22 5 25 27 27 27 14 20 19 20 16 14 11 7 20 4 21 17 15 19 16 1 12 30 19 19 25 2 18 11 4 4 14 29 8 18 4 27 16 13 5 26 7 16 17 24 26 22 29 16 3 10 8 25 5 23 9 8 8 11 21 5 17 12 17 27
9 19 30 27 23 4 8 29 10 18 27 29 3 16 6 3 30 11 2 9 17 9 26 20 29 17 14 17 17 23 20 13 18 27 1 7 9 18 23 29 29 21 30 16 15 12 9 28 6 22 26 20 15 19 7 23 30 16 19 3 22 16 19 0 20 8 20 28 30 23 21 6 18 20 15 27 16 4 4 7 18 13 8 1 4 19 18 17 2 10 23 19
7 10 11 12 22 3 23 30 9 22 3 29 10 7 20 21 15 26 26 12 26 3 0 23 25 19 23 4 3 15 15 8 4 17 13 29 18 27 28 0 21 18 23 8 25 13 8 3 12 19 7 9 11 5 30 13 2 17 0 28 1 7 17 17 5 7 18 11 19 15 10 17 22 2 15 24 14 20 12 7 9 15 25 12 8 25 10 9 22 5 11 17
28 8 8 11 2 0 12 26 3 13 27 10 5 13 21 13 24 10 25 9 28 2 16 27 20 16 27 2 1 5 22 16 8 27 1 2 27 1 28 8 20 11 10 7 30 2 30 17 4 30 8 18 17 25 10 5 11 14 2 16 19 23 5 7 23 26 23 25 29 6 17 22 5 10 0 23 9 27 25 22 24 30 4 29 7 12 16 27 29 29 28 25
17 2 25 6 4 0 4 24 27 22 3 24 24 0 1 3 27 15 17 12 16 1 27 24 15 0 2 8 12 11 30 6 28 10 27 10 21 9 13 24 9 12 24 14 3 18 15 7 29 12 29 14 23 30 1 3 29 0 19 20 9 26 1 20 13 28 25 29 21 30 12 16 11 1 1 17 13 10 1 5 30 3 7 4 16 19 14 20 8 0 5 12
21 8 25 4 7 10 27 23 5 18 12 5 7 29 5 4 4 6 8 6 28 29 25 3 10 9 25 29 2 12 30 5 8 3 26 28 3 13 10 1 13 4 20 16 25 26 23 13 10 4 2 1 25 18 30 25 24 18 27 28 12 29 0 6 7 0 21 20 20 12 18 27 22 17 19 23 9 16 5 14 26 30 25 26 15 7 21 28 19 8 4 12
11 26 4 0 10 22 22 22 27 12 14 2 15 7 28 20 10 29 19 18 11 20 16 9 8 24 0 8 3 24 3 26 15 18 16 3 14 0 11 25 23 24 4 9 26 19 6 1 14 8 19 25 28 18 27 29 27 6 28 29 8 29 28 12 24 24 9 22 23 29 16 1 22 9 14 3 29 9 23 14 15 19 13 12 13 9 8 6 21 24 24 19
22 14 17 16 26 19 17 12 12 23 3 0 18 29 24 7 23 13 4 11 30 9 23 6 10 5 11 26 13 16 1 1 4 23 18 18 11 16 20 10 13 15 13 22 27 12 1 28 23 4 8 10 6 5 28 2 20 0 26 17 15 4 14 10 9 17 26 18 13 11 11 24 4 29 11 23 20 22 20 29 15 3 12 20 0 8 0 30 15 14 8 12
21 4 24 11 17 17 11 16 13 12 26 27 28 26 20 8 20 20 13 26 4 23 2 20 20 4 24 7 11 14 17 28 1 24 22 1 13 30 12 24 16 29 30 8 7 15 2 30 14 24 14 2 14 23 17 24 10 27 21 30 2 9 19 28 28 24 6 19 12 28 9 18 16 5 21 30 4 23 15 18 12 1 16 25 27 22 4 15 13 25 19 28
30 18 1 4 17 4 1 21 19 1 16 26 29 11 20 7 11 5 12 0 3 1 11 12 25 11 2 2 22 6 6 29 21 2 23 30 3 20 15 16 8 21 8 17 19 26 18 0 5 24 3 2 19 17 13 11 18 18 15 5 26 17 20 9 8 7 15 16 22 6 3 5 21 4 17 1 4 1 23 17 5 25 9 29 12 13 12 7 3 25 2 18
28 24 29 5 6 9 6 5 20 9 23 5 11 4 26 11 1 8 6 16 23 9 10 14 3 29 6 17 28 22 15 9 3 7 2 11 28 6 26 16 5 2 25 21 18 14 17 12 6 12 4 9 9 1 18 24 1 8 16 0 9 18 9 16 6 13 27 22 24 4 3 20 1 19 10 4 2 19 19 5 11 24 1 16 1 1 24 14 3 5 15 7
27 9 29 24 15 25 8 30 13 2 2 24 14 21 15 8 28 10 0 25 6 22 20 19 24 13 14 0 16 5 13 21 16 18 3 27 24 2 29 10 29 11 1 15 16 11 29 2 6 21 10 17 30 5 13 7 8 16 0 16 24 24 16 4 6 19 17 18 16 19 5 30 25 24 14 4 22 19 19 10 4 13 3 12 21 3 28 8 25 6 7 28
16 6 19 16 3 10 0 28 30 19 16 14 30 16 27 27 12 22 0 30 5 8 27 24 22 18 3 18 15 23 11 19 3 0 8 4 18 24 7 2 23 9 20 28 1 19 25 9 0 6 1 14 23 17 3 20 24 28 20 29 19 3 18 19 7 5 1 1 9 7 15 18 18 23 22 2 19 29 6 12 1 10 3 14 8 18 27 12 16 18 29 13
3 1 11 27 24 29 25 26 26 27 6 15 28 5 22 17 2 30 3 30 9 20 11 0 7 25 17 7 27 3 4 22 7 18 24 8 0 20 14 16 17 16 5 20 13 25 6 7 29 18 15 14 4 4 27 20 8 25 21 8 29 29 27 22 11 9 13 12 15 13 9 29 18 14 5 1 23 20 14 10 14 2 14 23 9 22 5 27 5 0 30 24
11 16 30 2 17 27 18 27 12 1 19 11 13 20 21 1 7 16 12 21 28 25 21 1 20 21 6 15 6 25 25 12 12 5 20 21 26 12 0 23 16 9 19 23 1 7 23 23 7 26 7 1 1 23 25 18 24 15 10 28 16 21 1 6 11 21 1 12 18 10 27 17 5 1 1 9 18 13 0 18 25 11 29 0 6 21 13 25 2 29 24 4
10 8 2 25 10 21 9 14 10 10 14 26 21 5 7 9 0 23 14 29 30 28 7 2 24 18 7 30 1 7 4 25 5 10 21 20 10 10 19 9 8 13 23 3 24 5 13 9 22 17 11 19 17 23 28 7 11 12 30 7 23 11 19 16 26 18 3 6 7 27 13 26 12 1 10 26 5 12 1 6 6 10 0 0 9 6 2 28 0 5 16 6
10 3 30 1 18 4 5 17 5 17 21 1 16 24 6 26 19 28 19 9 17 22 18 24 28 20 8 1 14 25 9 13 5 29 5 15 29 21 18 12 27 22 24 13 15 28 17 23 26 8 19 24 27 25 17 17 22 9 4 29 1 8 23 29 30 30 26 15 14 12 16 30 29 24 6 29 26 6 25 22 5 27 27 0 27 13 14 10 25 14 18 2
14 21 18 6 2 0 2 19 6 18 16 21 28 24 8 24 0 10 6 6 1 28 20 10 18 17 21 7 14 30 28 21 7 22 8 12 1 15 16 6 23 26 13 12 8 19 4 8 11 15 24 15 30 30 17 11 9 6 25 21 9 0 29 4 15 0 26 10 17 21 15 13 6 23 6 8 30 11 20 10 8 18 13 18 1 14 25 6 19 30 6 19
16 30 15 23 5 27 26 1 7 29 27 26 22 9 13 29 1 20 22 5 25 8 27 27 25 22 16 30 11 2 29 0 29 4 24 15 5 3 1 22 30 6 22 29 1 25 8 28 9 30 2 15 9 19 8 26 22 28 24 23 29 19 3 2 13 4 9 29 3 22 8 11 15 29 17 18 20 28 3 3 30 13 22 5 2 30 29 14 12 3 18 8
2 22 20 21 14 19 24 14 5 30 1 27 23 7 17 7 12 7 16 10 19 21 12 13 20 29 26 13 21 29 2 4 13 3 14 17 3 26 13 8 0 29 17 0 23 28 29 20 3 14 0 8 1 13 22 24 5 13 17 17 14 22 13 19 19 10 18 1 8 10 18 29 1 14 15 30 15 24 1 25 11 25 14 1 5 10 15 11 0 7 26 27
14 3 14 2 4 10 22 15 23 16 11 17 4 17 1 9 19 10 20 29 26 30 10 15 0 11 1 2 18 3 11 17 28 11 21 5 29 15 23 5 21 9 24 5 4 17 15 9 25 18 18 26 12 12 0 27 22 1 26 1 29 10 29 11 3 13 12 18 6 29 13 23 12 21 13 17 6 12 6 14 11 11 27 27 10 10 10 2 17 8 8 5
20 11 27 12 23 14 6 14 16 26 17 1 6 27 15 3 9 25 25 11 24 2 30 23 25 10 0 4 27 1 0 16 24 6 7 17 2 21 13 5 3 1 4 3 12 4 21 10 18 13 5 1 0 25 27 12 0 20 25 6 15 2 1 5 9 6 9 3 3 1 9 0 4 20 4 21 15 4 28 17 30 7 19 2 24 12 14 1 20 28 7 24
6 15 4 15 2 26 12 15 2 28 28 6 30 17 14 23 13 8 4 15 30 5 25 15 22 24 2 15 23 0 17 2 14 18 26 5 30 28 7 1 17 24 14 29 12 0 1 20 24 14 1 19 19 17 16 5 17 27 30 25 13 12 19 21 22 21 4 24 8 16 17 2 28 6 18 12 10 19 5 5 2 12 7 6 26 26 29 23 16 19 1 1
18 11 25 14 29 6 13 19 21 24 12 17 15 6 19 11 12 6 16 8 29 18 25 10 8 11 15 8 5 24 28 11 22 24 24 12 12 29 27 8 25 3 11 19 23 13 16 20 6 25 28 30 7 22 18 14 28 23 19 2 21 25 2 7 18 1 15 17 13 26 22 5 12 14 29 18 21 6 27 8 6 1 9 2 26 29 7 24 18 7 12 20
15 29 6 11 26 0 17 14 28 22 16 13 28 10 15 9 26 26 14 7 2 20 3 5 8 24 1 23 16 23 26 17 12 4 19 18 16 8 25 22 11 14 24 22 4 13 15 18 4 7 28 20 21 0 18 14 12 26 20 30 27 20 0 10 6 20 10 9 24 3 24 30 21 29 4 16 28 28 24 14 21 20 28 19 25 17 9 1 4 26 19 6
26 4 0 8 14 26 27 26 14 16 16 19 19 29 2 6 4 23 21 0 8 5 27 16 20 21 1 23 13 26 26 2 11 4 18 12 19 30 23 0 25 11 8 23 4 30 8 24 26 11 11 13 2 1 8 16 13 6 3 9 16 20 2 13 30 16 12 6 30 4 21 14 2 13 25 10 13 14 2 11 23 29 1 19 23 1 10 7 1 29 19 21
9 18 5 27 12 10 11 24 20 4 20 25 17 22 13 30 2 12 4 1 2 2 30 21 29 28 28 20 30 19 29 24 30 5 13 29 4 22 22 23 8 19 4 5 3 18 13 29 30 13 16 7 26 19 28 22 7 29 27 24 15 10 17 21 14 23 27 1 12 10 3 0 2 23 6 1 12 6 27 9 5 17 24 3 6 6 27 23 4 25 12 18
19 20 11 18 4 23 22 8 7 15 7 24 25 8 6 1 25 13 21 10 2 25 27 7 17 23 27 23 23 10 27 23 10 30 18 13 16 12 20 2 15 11 6 23 11 17 1 21 17 8 27 11 0 19 9 27 18 28 20 5 11 14 21 13 10 0 14 10 10 29 26 23 30 28 0 20 19 6 16 13 25 20 16 30 27 27 8 17 28 4 0 17
18 15 14 7 29 14 17 5 3 5 6 22 12 8 15 10 22 9 5 11 24 4 21 5 2 24 27 16 16 16 8 19 18 28 10 19 25 8 28 22 0 17 23 2 18 16 2 0 26 6 7 17 4 13 4 5 17 4 15 11 24 2 26 20 23 15 24 10 18 14 28 15 12 23 14 11 3 13 22 1 28 22 17 11 3 1 23 7 8 20 29 23
6 22 2 12 21 4 21 17 20 21 17 17 25 16 21 21 28 9 22 21 1 13 8 14 8 26 24 26 4 24 28 19 28 5 22 21 15 8 12 30 22 6 15 5 15 29 21 17 14 17 11 20 13 4 15 1 22 29 29 10 19 16 28 11 18 1 2 5 19 12 18 27 15 0 15 26 22 15 30 19 7 18 30 14 21 20 23 6 22 7 20 10
10 13 19 5 29 1 17 1 2 28 7 0 7 26 9 26 6 12 17 27 5 27 22 22 8 28 20 2 25 19 17 19 18 29 11 27 8 2 2 2 10 13 15 6 24 30 0 18 17 16 21 24 21 12 18 26 8 16 1 14 18 30 11 14 3 29 10 3 20 6 3 7 3 21 20 30 24 5 10 7 25 7 13 27 13 12 11 25 21 1 10 5
