94 94
0 4 3 2 19 29 13 6 19 7 26 0 1 11 23 10 23 3 4 4 8 1 5 5 15 0 20 13 6 27 29 16 17 21 6 27 12 24 14 14 23 25 22 8 29 9 27 18 6 8 15 4 5 5 13 8 7 4 19 25 25 11 18 21 20 9 21 15 2 24 8 3 2 17 1 14 15 11 28 15 26 4 12 30 14 26 18 4 17 18 11 15 12 2
21 30 3 30 27 18 23 15 28 23 5 23 23 23 0 20 10 24 24 30 13 1 23 27 14 28 1 5 7 7 5 30 22 30 8 27 26 27 26 25 0 9 6 27 12 12 7 4 4 2 16 29 19 26 21 26 29 23 21 15 11 18 3 0 14 25 8 13 22 12 6 21 5 9 27 4 11 22 26 7 8 13 13 16 11 7 23 25 3 9 29 28 6 7
28 1 27 23 5 26 29 1 1 0 8 0 10 5 23 9 23 5 5 28 1 16 7 12 12 9 8 13 30 7 29 7 13 17 18 27 8 5 14 16 17 12 17 0 14 20 17 3 10 30 4 23 19 10 25 3 27 23 21 1 15 2 25 29 8 4 1 8 19 3 11 1 13 28 23 23 1 2 23 9 12 6 17 7 8 17 5 17 4 23 4 4 6 30
15 1 1 16 3 23 12 18 9 28 5 26 13 15 2 8 18 16 26 24 4 28 4 24 13 3 5 8 9 10 30 17 3 5 16 7 22 0 16 0 22 17 16 12 6 24 13 24 12 2 22 22 10 12 6 28 25 28 14 12 28 13 27 3 18 5 21 11 7 10 18 2 23 10 26 29 29 24 7 18 7 26 13 17 20 19 28 20 14 19 1 6 10 1
4 2 4 11 3 1 26 13 16 28 9 1 28 18 4 30 16 20 2 13 11 9 4 17 29 4 15 13 21 24 5 13 16 20 1 19 23 28 6 2 6 9 28 28 5 29 7 19 12 18 18 18 8 6 9 16 7 24 7 18 14 29 18 29 19 26 26 6 11 25 16 2 18 1 4 14 19 10 4 9 3 18 2 5 29 29 11 23 16 24 28 10 16 1
24 21 23 8 6 6 29 14 9 0 4 30 10 22 17 26 11 14 14 14 12 27 28 12 17 6 0 23 30 23 19 10 1 1 26 26 0 21 23 18 27 2 21 14 2 23 29 23 25 20 22 13 3 5 18 4 10 30 7 22 16 5 2 28 4 25 26 8 19 0 8 27 9 1 21 30 27 11 29 18 1 4 16 25 2 21 1 6 29 26 20 0 7 16
24 8 6 28 5 0 30 17 18 19 20 24 30 1 24 20 26 2 22 13 1 0 11 10 14 7 24 9 29 25 11 0 0 29 27 28 9 3 4 4 22 1 2 26 2 21 28 7 10 25 5 17 18 1 6 6 24 29 25 23 22 15 12 26 20 19 3 29 5 7 23 2 1 5 11 26 21 11 2 20 15 13 28 1 0 24 14 12 25 30 1 15 18 14
8 21 14 25 13 16 17 16 14 10 21 16 6 1 26 20 12 7 1 24 29 17 24 22 11 5 16 5 20 29 21 19 22 2 20 14 27 12 17 19 0 11 9 0 11 27 8 13 17 29 3 14 13 3 23 16 3 16 24 29 6 18 21 23 9 4 5 13 27 9 8 11 20 8 20 30 7 10 6 9 22 4 30 16 10 26 30 20 11 27 25 18 4 26
17 19 26 8 12 4 27 25 11 10 21 3 5 22 5 26 21 12 16 14 10 17 0 19 24 19 5 25 6 29 13 11 18 21 4 16 3 3 8 5 19 9 11 30 10 22 18 1 18 21 23 10 30 7 18 3 18 8 28 2 21 21 26 20 6 14 13 16 5 21 10 10 17 1 4 28 15 24 14 29 12 23 16 20 20 27 27 11 16 15 27 21 9 18
4 19 16 28 7 13 2 10 14 23 25 9 28 27 7 14 2 25 29 14 27 8 9 30 21 21 20 1 11 4 2 25 27 27 17 16 1 29 1 13 17 16 5 15 15 26 22 15 18 22 26 3 10 29 6 6 28 19 19 1 24 18 12 21 14 19 7 7 27 20 28 30 6 15 13 9 25 12 5 17 21 18 22 29 19 9 1 22 6 26 6 30 10 14
7 17 7 3 19 19 3 29 2 7 13 14 5 22 8 11 3 17 6 4 18 29 11 23 28 5 25 1 6 7 7 20 8 28 28 10 30 6 16 30 7 7 24 13 23 2 27 23 17 3 2 0 5 23 8 23 0 26 16 0 9 26 9 9 22 24 29 25 25 8 6 16 9 15 3 0 12 13 25 1 18 17 11 26 13 27 26 29 21 28 24 4 7 20
5 24 28 19 7 2 9 3 10 0 26 25 24 1 1 16 20 5 4 13 1 20 12 7 5 13 15 19 8 25 11 27 26 21 18 19 7 29 30 27 27 26 5 27 14 0 14 29 29 29 18 10 20 0 25 30 12 14 3 20 11 18 0 10 20 24 7 24 5 20 7 16 28 27 19 15 13 14 29 6 11 24 4 22 3 25 27 17 0 18 4 1 9 15
10 1 30 16 13 23 15 14 4 21 18 2 9 7 15 0 15 28 5 9 24 27 22 17 19 30 13 9 5 24 9 18 6 15 9 4 13 28 28 22 23 16 20 3 2 28 4 12 24 22 28 24 9 30 28 12 7 13 8 4 21 15 20 27 13 16 15 1 0 17 11 12 10 23 3 0 29 30 1 9 3 5 0 16 17 22 4 16 6 2 26 2 5 6
25 8 20 17 5 1 4 24 20 22 7 24 28 2 12 19 27 2 1 28 21 16 15 20 0 1 21 5 21 9 20 18 27 7 7 22 3 8 8 21 27 28 19 28 6 12 29 24 9 23 23 12 16 25 14 6 22 13 8 25 23 26 0 5 18 2 10 28 14 30 9 20 8 3 24 6 16 19 16 10 0 21 23 9 6 15 17 25 25 3 20 5 24 13
21 26 12 5 20 18 20 29 16 25 17 1 1 28 11 4 1 6 2 25 26 26 9 1 15 8 23 28 0 27 2 13 24 28 11 11 24 6 23 4 5 4 2 14 15 5 23 25 15 5 19 6 9 22 1 26 15 25 24 8 26 26 20 0 27 2 30 25 9 16 14 15 9 12 7 1 9 8 25 19 0 24 2 0 23 20 5 20 9 17 7 6 25 16
19 11 27 14 24 26 6 3 1 3 24 26 5 15 8 24 24 3 3 22 1 29 18 13 25 10 27 8 6 18 12 2 28 28 4 1 22 7 15 4 8 6 27 11 23 14 18 4 29 0 24 25 5 13 4 8 18 20 27 6 30 19 8 30 25 28 29 29 6 24 14 27 11 13 25 4 0 6 3 12 24 25 28 20 19 10 14 6 8 16 21 18 27 16
27 25 2 30 16 29 0 26 24 18 0 12 1 19 14 14 11 14 24 14 26 2 16 7 5 5 10 27 29 14 16 23 12 25 30 0 1 25 8 29 29 25 17 4 21 21 20 14 16 1 20 10 28 12 2 20 13 25 24 30 10 21 15 21 23 3 22 25 9 12 18 16 13 7 26 9 5 12 29 10 16 29 28 5 13 25 11 20 24 15 26 29 25 3
6 4 25 23 13 12 22 3 23 20 5 20 12 1 22 21 1 12 28 12 16 8 5 22 26 7 14 13 12 27 12 1 13 19 12 4 14 14 25 16 19 9 13 10 25 16 3 18 9 15 29 24 21 30 24 29 26 14 1 18 1 23 20 11 25 24 27 9 25 27 27 12 0 23 24 27 29 29 3 15 23 19 4 17 13 16 18 14 2 3 29 2 21 30
28 11 19 24 15 26 12 26 25 25 16 22 10 25 7 8 2 13 13 21 1 25 22 5 1 13 21 15 1 19 30 5 30 11 8 6 9 9 9 11 20 18 2 5 19 2 29 18 21 17 16 9 13 5 27 4 14 13 14 30 3 1 8 9 26 30 21 8 24 13 27 21 21 3 24 21 6 13 13 16 26 19 30 24 29 28 15 27 6 16 0 28 5 7
13 12 1 25 11 10 25 3 7 12 6 2 4 6 7 14 16 10 29 28 0 30 3 27 27 30 25 24 16 3 3 13 24 16 27 21 20 6 0 11 2 25 17 22 13 17 3 12 26 6 29 0 21 1 15 10 17 24 23 19 23 2 11 8 22 5 1 1 5 26 10 19 11 11 0 5 14 16 19 21 12 28 16 22 26 18 7 26 3 27 22 29 18 28
30 10 25 4 19 30 24 3 3 14 28 5 17 2 13 5 12 14 5 26 4 8 23 5 10 27 0 14 7 9 19 9 1 13 26 27 22 25 19 20 29 23 2 9 1 12 0 17 13 22 26 4 28 17 19 25 21 3 16 6 24 17 13 30 21 19 28 18 16 12 18 6 28 29 11 20 11 9 14 21 30 4 13 3 4 1 13 18 4 27 2 6 21 18
23 14 27 27 25 1 10 13 29 28 16 16 20 30 11 30 17 4 12 22 15 26 23 29 2 13 29 15 2 22 16 11 11 4 20 20 12 17 0 29 0 23 27 26 9 1 19 12 24 22 12 12 25 9 1 29 21 10 24 23 27 28 5 17 7 14 20 14 16 16 8 7 19 8 24 11 0 13 2 10 8 30 29 20 5 14 16 2 13 27 26 5 6 21
18 8 0 23 8 16 3 9 14 23 14 7 19 3 7 22 20 29 7 12 28 7 22 19 30 23 2 30 3 4 26 14 20 3 13 16 26 0 13 1 17 27 1 23 21 3 21 30 28 16 9 28 17 14 30 22 18 30 25 27 7 14 2 21 3 30 15 20 12 26 22 29 6 16 30 26 29 11 11 10 17 1 8 19 8 23 5 10 17 18 16 1 1 16
10 9 2 18 1 0 19 28 13 11 20 30 17 11 27 8 19 25 15 0 11 21 23 29 28 5 14 22 19 3 10 12 6 29 29 12 24 2 7 15 27 12 10 15 3 2 6 13 1 0 29 14 20 3 9 30 12 12 2 30 10 2 1 24 27 8 18 5 2 5 18 17 11 18 7 10 10 12 26 2 24 12 15 15 21 5 5 26 27 4 2 3 6 15
0 17 18 26 25 10 16 6 23 11 20 0 19 15 29 7 19 21 11 23 30 19 16 7 2 6 2 2 1 30 17 23 22 17 4 4 26 25 27 16 20 8 7 13 8 22 3 6 2 23 12 18 15 22 0 1 7 8 7 17 10 9 15 13 1 22 7 16 28 26 16 15 24 16 28 3 27 11 3 26 16 14 25 19 23 30 21 9 25 16 8 16 25 26
12 1 2 17 5 18 7 10 1 6 24 20 7 17 30 20 19 26 29 30 3 27 30 13 4 3 8 11 10 4 10 22 24 22 1 11 28 3 7 29 9 12 8 30 23 2 6 25 0 22 14 12 23 8 12 25 25 27 18 7 10 27 12 21 18 13 27 23 25 9 0 4 19 8 22 9 14 16 25 2 26 14 24 9 11 16 17 13 10 30 27 17 11 14
8 21 21 6 9 12 1 13 1 23 30 15 23 26 15 18 13 15 30 12 22 14 18 8 21 17 10 21 16 5 21 8 30 15 18 9 21 28 21 26 10 6 12 24 30 21 14 20 7 1 27 24 25 13 6 27 9 20 24 4 21 12 17 18 29 1 25 14 8 18 27 12 23 7 30 25 29 20 1 0 23 15 11 19 5 13 16 16 1 4 12 8 12 16
20 9 4 15 29 4 17 24 2 13 29 11 3 18 17 20 27 28 24 26 26 15 15 3 13 23 25 11 27 8 27 4 24 6 1 13 4 0 29 23 24 8 6 15 13 29 14 28 7 13 19 0 9 14 25 4 10 9 28 13 25 3 9 16 29 19 1 8 14 26 8 11 25 7 8 1 19 6 24 6 2 30 12 18 3 29 29 14 18 18 8 22 10 17
6 30 19 8 15 13 11 12 7 25 12 29 20 26 16 19 24 29 16 9 1 22 7 12 2 9 14 6 8 24 20 4 29 7 22 13 1 10 23 12 8 18 17 22 18 28 9 4 11 13 16 8 7 0 23 6 27 19 14 17 23 16 8 0 17 13 20 0 29 30 26 22 1 26 1 6 30 25 30 29 18 25 23 1 27 10 9 2 0 11 11 21 9 28
26 5 26 21 16 19 7 22 21 10 9 11 24 27 1 18 26 8 16 9 7 5 25 6 7 14 14 3 9 9 20 8 14 21 3 15 30 7 29 8 20 29 21 6 5 16 30 7 29 16 2 7 12 0 16 27 30 9 3 11 14 23 10 12 7 10 20 4 1 22 18 17 17 29 11 9 15 4 0 7 22 3 14 20 2 1 16 10 17 11 7 30 12 14
12 24 19 0 20 17 6 3 14 7 10 5 5 21 18 8 30 11 10 16 27 11 21 1 6 12 4 0 14 19 1 6 30 5 22 2 27 29 27 23 23 23 24 14 14 28 8 7 26 11 22 12 22 5 26 16 9 16 17 7 21 12 22 12 13 10 29 12 27 27 24 28 0 19 3 27 0 0 17 0 22 7 0 29 16 27 3 12 12 9 8 13 28 1
1 12 12 1 18 11 26 21 2 2 0 17 25 11 15 29 13 9 15 8 13 4 20 15 8 15 6 15 11 29 17 7 15 25 19 6 5 19 17 0 12 10 5 25 23 7 2 29 11 23 29 24 15 14 28 7 26 0 26 16 25 3 26 28 13 28 8 29 3 15 22 8 12 4 25 30 14 24 23 26 17 12 5 18 21 6 10 20 12 14 29 9 20 5
7 2 14 10 26 5 15 3 25 8 20 11 10 4 10 26 11 30 10 6 5 27 26 20 4 25 16 25 13 24 15 29 5 17 2 14 17 23 3 13 15 12 11 3 6 25 5 14 30 21 28 14 19 6 14 26 16 28 20 2 16 11 0 16 13 16 17 8 23 0 27 25 10 29 22 5 10 1 1 3 10 2 6 4 19 16 17 13 1 7 13 10 28 11
1 22 1 12 11 30 7 25 26 29 4 4 18 1 8 28 22 0 20 14 10 15 1 19 8 6 13 10 8 24 25 22 26 16 29 5 18 15 9 26 18 18 28 27 8 3 16 15 13 24 30 17 24 4 2 15 14 2 25 23 1 16 15 13 5 20 6 22 0 6 28 6 6 30 29 6 2 18 5 27 30 21 21 11 1 0 18 2 12 17 5 0 15 0
4 27 24 10 4 1 3 9 5 22 23 15 8 11 2 25 23 1 2 19 24 19 13 12 29 20 16 20 26 23 13 7 5 30 1 4 15 5 6 18 29 0 15 26 27 15 2 22 25 3 18 3 5 4 22 20 10 0 1 1 30 9 15 8 24 29 24 4 11 17 24 18 16 18 8 5 29 9 29 7 25 20 2 30 0 0 23 12 9 25 22 13 15 0
2 5 24 21 8 3 24 28 22 15 8 25 3 21 20 11 10 18 13 7 23 18 21 24 18 19 22 14 30 12 9 27 16 12 5 21 19 23 8 27 8 14 24 12 27 0 19 24 5 29 26 30 19 28 21 5 14 16 11 19 26 26 21 19 13 3 6 25 0 11 4 26 19 5 10 27 30 14 20 1 7 11 18 30 22 16 19 12 27 13 30 10 12 20
12 10 20 7 17 26 14 10 10 18 22 27 3 17 30 21 0 26 21 1 13 12 10 4 27 15 16 21 19 13 28 15 25 1 2 16 27 18 29 3 20 11 21 24 12 21 12 29 4 7 22 27 23 8 23 12 2 8 26 7 24 9 30 15 26 29 29 1 18 13 6 12 26 22 29 6 26 23 0 15 3 13 28 20 16 2 22 7 0 10 3 9 30 6
25 22 30 4 16 8 15 4 18 28 20 0 6 25 29 4 13 1 5 12 25 29 0 25 29 14 27 3 14 8 15 20 2 10 28 14 24 18 22 9 6 15 12 25 2 7 16 5 26 27 30 20 7 28 19 24 11 2 8 7 23 12 24 25 17 4 26 14 9 29 14 20 3 24 12 10 21 3 9 15 16 17 18 11 1 14 30 9 1 9 13 29 5 30
26 23 22 26 10 27 30 0 2 13 1 19 23 27 7 27 18 28 0 24 24 30 9 0 5 6 4 9 28 27 9 22 8 14 23 4 15 2 22 17 24 16 24 20 0 16 16 14 25 1 4 4 20 21 8 14 17 6 4 12 28 16 10 13 4 18 16 0 30 0 25 10 22 5 8 30 9 7 7 19 26 1 8 28 26 17 26 8 7 6 30 14 4 21
29 16 22 26 0 1 9 29 14 19 16 8 19 27 7 24 18 17 9 9 20 10 19 28 24 10 3 18 23 22 13 28 13 12 0 30 18 16 3 7 11 14 29 15 28 24 29 16 11 19 28 28 13 9 30 7 11 19 7 15 16 7 30 18 10 2 27 24 10 8 10 3 22 25 10 5 26 17 10 7 2 20 19 0 15 15 4 25 3 4 17 19 25 7
7 12 8 7 24 16 30 21 30 26 2 26 3 6 20 16 6 11 6 1 1 16 2 15 9 3 2 28 10 12 11 2 7 13 9 15 24 7 28 2 22 11 17 14 1 22 14 20 26 11 29 19 11 29 15 28 14 10 3 8 2 1 12 6 11 26 14 8 12 19 2 26 10 26 9 26 7 22 8 2 14 5 13 20 3 9 24 17 15 6 28 8 23 4
10 27 18 9 7 0 4 15 19 10 10 12 23 30 13 1 23 24 6 7 30 13 11 3 29 2 22 29 23 6 25 5 18 29 8 21 22 22 5 15 21 16 4 10 5 19 4 18 1 28 9 13 13 28 14 26 28 1 20 25 13 5 18 25 6 7 11 22 14 15 1 24 26 9 11 11 3 14 11 26 10 26 23 20 22 17 3 1 1 16 3 28 19 2
7 24 4 17 19 24 17 27 1 23 23 22 4 8 0 29 14 29 26 5 9 11 24 6 10 24 0 8 13 8 0 10 28 12 16 16 26 8 12 27 18 21 13 21 4 3 25 23 16 14 4 16 0 9 18 28 23 21 5 20 22 28 17 14 24 0 20 5 8 4 16 25 19 1 22 5 25 22 30 3 1 28 9 8 4 7 2 12 10 23 0 22 2 21
24 10 10 4 11 24 12 26 5 28 19 12 30 18 18 6 16 11 11 14 24 0 0 25 24 6 16 10 12 26 27 28 29 6 9 3 17 15 13 22 18 11 19 25 4 19 18 7 17 8 15 0 17 14 23 6 12 28 2 1 13 4 5 23 27 17 2 16 29 14 9 0 20 30 27 3 7 5 21 14 25 13 22 4 12 24 8 25 2 6 28 9 23 25
12 8 9 1 26 23 15 22 20 30 15 3 28 5 12 28 3 0 2 16 28 10 2 1 17 8 20 30 25 14 11 30 29 0 8 16 4 12 5 19 5 5 10 0 25 16 28 30 10 28 13 18 4 13 29 3 22 29 22 11 17 23 3 11 26 16 23 25 9 17 14 12 13 3 3 27 12 14 1 20 5 11 3 17 5 7 0 8 20 5 1 28 9 8
20 5 10 26 23 14 0 14 5 23 3 14 29 3 29 25 20 22 19 1 21 6 15 11 29 11 17 12 15 15 25 24 10 23 19 1 7 28 6 6 0 8 1 29 2 21 3 7 17 7 30 11 22 17 12 9 22 9 12 2 14 12 18 19 6 22 28 23 21 19 22 13 17 21 22 25 9 27 11 4 21 4 27 5 16 11 0 9 16 27 15 16 21 27
22 3 13 18 19 24 9 8 29 22 7 2 15 13 23 12 2 7 5 6 23 23 5 18 9 11 26 19 20 22 30 30 24 13 25 2 27 4 7 25 1 14 30 29 6 12 29 21 30 19 24 23 3 21 19 13 25 29 18 20 25 2 26 27 17 17 13 16 23 8 2 16 20 0 22 21 17 20 9 23 29 28 29 14 13 9 23 1 27 5 25 22 4 7
16 28 27 15 21 4 12 26 5 2 7 2 6 29 2 13 20 17 19 3 6 24 7 27 0 2 11 14 26 30 17 17 13 5 23 29 14 13 5 20 3 20 12 6 2 6 6 14 0 25 6 26 26 3 30 29 22 7 2 9 16 26 9 1 6 9 25 20 7 26 28 12 3 1 4 2 14 17 8 5 3 27 8 11 28 4 3 5 4 28 9 6 25 5
15 25 5 10 13 1 13 1 8 9 16 23 18 28 14 1 6 20 1 4 19 11 28 26 10 21 13 21 9 30 4 12 22 2 3 27 27 15 14 22 28 3 23 0 13 25 8 0 15 5 4 1 23 8 17 6 13 22 6 30 28 21 11 14 5 10 30 8 8 15 9 17 6 24 3 1 24 11 28 0 15 1 18 5 4 19 1 28 3 14 2 13 21 2
25 5 19 3 26 20 7 14 6 5 17 21 20 1 16 13 26 9 9 13 1 13 20 4 22 21 18 10 28 7 23 18 20 13 13 26 15 1 1 6 30 15 24 21 28 20 8 30 16 25 19 12 7 25 15 23 25 25 9 30 17 27 10 24 0 21 16 2 25 2 25 3 0 8 4 3 22 9 20 16 4 5 21 11 15 3 30 4 28 20 3 13 17 26
6 10 26 22 6 1 19 12 17 9 10 14 20 18 28 4 7 21 25 19 1 3 19 6 30 0 14 30 6 1 18 13 4 15 15 19 18 12 19 16 29 16 14 8 28 17 27 28 17 6 7 7 9 26 3 30 22 4 3 2 6 2 0 28 5 1 23 30 5 20 20 20 10 13 2 18 20 0 6 13 18 0 0 25 13 5 27 30 17 4 12 12 3 4
17 0 6 4 23 29 7 3 18 14 0 23 0 21 10 25 20 15 15 22 22 6 15 8 13 11 11 23 17 7 9 27 8 9 28 20 23 2 15 6 15 28 24 21 2 13 13 17 13 3 1 28 4 3 27 30 2 22 8 20 6 4 3 13 1 15 27 21 11 6 14 21 0 3 25 26 7 25 1 18 1 17 26 21 9 7 21 25 18 5 2 8 8 27
6 9 29 20 21 10 22 9 18 18 11 2 26 10 7 4 4 4 22 8 7 5 13 3 24 16 9 25 21 29 23 22 24 5 9 26 24 27 8 6 1 0 27 12 25 6 16 26 0 21 20 20 2 14 7 28 6 13 5 17 28 16 15 24 10 8 5 30 5 8 17 17 19 9 24 2 16 3 13 8 19 12 28 1 3 6 17 0 19 26 4 0 8 26
15 27 12 29 19 23 28 13 29 18 30 27 1 26 4 16 22 18 9 14 19 18 27 8 24 27 8 9 9 13 4 21 4 17 15 2 24 17 0 13 21 20 22 7 11 28 6 11 25 21 13 4 5 0 24 30 24 17 4 27 3 20 11 30 28 30 23 27 6 21 15 17 2 22 27 11 20 15 29 16 10 28 2 22 18 28 14 18 29 18 9 13 19 20
13 6 12 2 5 14 15 16 19 6 11 24 30 4 8 17 17 19 1 1 12 10 4 15 25 13 6 30 21 27 15 4 24 20 9 10 21 2 3 10 16 30 30 20 1 17 0 12 30 20 17 10 10 9 14 6 4 14 10 18 5 8 30 30 29 19 18 20 9 24 13 3 2 30 19 23 15 20 0 14 10 28 13 17 2 22 14 24 5 22 20 13 11 27
11 4 19 2 18 6 30 23 29 26 9 10 29 13 10 14 11 29 22 0 12 8 3 16 0 17 23 5 13 22 13 2 11 20 30 30 21 14 6 9 18 13 15 10 2 5 20 3 26 0 11 3 24 4 13 11 15 12 25 7 3 20 4 28 7 10 5 6 6 28 20 14 10 19 10 30 28 27 20 13 0 7 9 15 30 19 24 0 28 0 7 16 1 19
18 19 27 16 25 7 1 18 1 4 20 26 2 30 18 17 21 3 18 28 21 19 5 30 6 29 29 2 18 27 28 5 20 13 4 22 2 0 26 14 14 1 9 9 4 4 22 30 14 15 13 28 12 29 12 3 15 3 4 18 12 4 28 22 2 20 27 27 5 20 13 8 0 9 9 1 25 4 26 29 20 24 2 26 0 15 5 30 11 5 7 1 1 29
30 19 24 3 10 18 18 25 30 5 26 17 12 13 3 26 28 22 3 28 17 5 23 10 13 17 17 20 5 7 26 4 19 16 21 21 24 1 26 24 21 12 30 6 5 14 20 27 24 16 26 18 29 3 25 27 20 9 19 27 25 26 19 5 2 18 28 25 3 19 15 15 19 1 12 1 24 26 15 8 14 12 25 0 2 11 14 16 9 28 16 0 18 11
10 5 3 11 20 27 12 23 14 14 2 8 12 19 26 1 21 7 25 20 12 27 18 3 8 15 27 14 0 21 16 15 11 30 26 16 8 7 13 28 2 17 23 30 24 26 8 18 1 4 1 24 12 14 9 12 17 7 1 28 15 15 14 4 10 2 28 27 15 6 12 15 13 17 11 27 24 3 17 12 2 23 30 28 2 16 22 20 3 21 0 30 18 26
20 15 16 8 19 2 11 18 20 7 15 20 15 4 3 27 8 25 29 23 10 30 17 20 28 19 1 30 24 21 16 7 19 21 20 13 4 17 8 18 8 29 20 21 8 7 11 4 25 25 16 4 5 24 9 24 14 0 29 20 17 0 25 2 1 27 5 13 15 12 13 29 4 10 23 4 17 0 26 29 2 24 20 25 6 29 11 7 25 5 8 5 26 28
17 25 2 6 17 24 19 29 22 21 16 4 10 13 10 27 28 17 7 22 0 25 7 7 12 20 21 4 15 10 14 24 4 12 17 10 7 21 4 1 10 2 15 24 4 1 13 14 26 20 25 20 1 14 26 16 2 5 27 0 8 26 12 11 27 3 15 20 7 20 16 3 27 0 23 13 0 22 28 4 14 14 17 2 19 1 30 3 21 27 12 5 15 4
27 2 15 14 25 25 17 18 25 30 13 21 26 12 15 10 17 0 11 23 11 7 25 24 5 5 13 28 9 28 8 11 30 14 12 12 24 15 27 30 20 1 21 19 12 12 12 1 24 22 14 15 4 7 8 27 1 3 2 25 28 29 11 2 7 19 12 0 0 30 18 6 0 13 21 27 2 0 17 29 25 15 11 22 4 6 8 9 20 25 27 6 20 3
16 29 13 1 5 28 20 17 27 27 15 24 5 10 25 3 22 17 3 7 18 25 2 12 17 6 29 11 18 6 14 0 14 8 6 11 26 13 15 12 27 19 28 20 19 15 13 28 5 21 12 12 19 13 6 30 18 13 20 11 16 2 18 16 24 3 19 27 29 25 5 7 23 9 22 18 14 13 5 24 21 2 12 26 25 27 25 4 28 10 0 4 1 26
9 20 20 6 2 8 20 16 21 3 27 16 25 15 18 29 17 28 24 10 12 1 7 29 16 21 8 5 12 21 19 21 27 26 5 8 16 29 22 6 29 8 18 17 20 6 7 18 21 23 19 2 12 11 30 28 17 24 0 18 0 0 13 10 21 13 3 10 24 9 30 27 12 11 23 4 16 2 13 7 28 0 18 18 13 2 5 7 25 14 24 1 28 19
12 29 12 15 5 16 29 14 23 0 3 14 5 16 10 15 7 17 13 0 7 6 11 18 20 22 17 5 24 12 4 25 1 27 3 27 19 8 16 29 19 22 0 6 10 2 5 13 16 0 4 3 10 9 24 23 6 21 22 27 16 13 16 14 18 16 25 15 9 13 23 17 29 14 17 24 21 0 6 24 1 30 11 15 18 28 26 20 7 5 2 13 28 15
2 9 11 23 14 29 29 8 13 24 0 24 2 9 12 17 28 27 8 10 22 14 27 11 6 12 14 24 15 10 9 3 12 0 7 21 12 4 17 23 1 15 13 5 7 1 16 23 30 14 24 4 20 13 29 12 3 18 13 12 18 21 8 16 23 7 14 21 7 19 7 4 21 9 13 20 21 14 20 9 25 10 16 5 13 3 1 30 12 12 30 24 5 28
0 18 6 18 26 29 17 27 20 27 4 28 3 24 1 19 22 5 24 2 23 17 1 19 0 23 4 18 17 15 1 2 4 6 0 12 8 24 14 18 19 12 9 10 29 28 2 0 20 12 3 1 16 16 6 18 20 7 11 5 28 14 5 0 10 24 5 7 23 17 9 10 4 6 13 26 5 3 10 3 3 20 26 1 29 1 28 13 12 21 22 1 16 28
26 6 28 5 21 12 28 22 14 19 4 27 27 29 25 3 12 7 1 16 14 0 24 10 20 7 13 15 24 12 29 30 29 6 12 18 12 7 16 24 5 24 0 18 12 2 26 25 19 20 22 28 17 2 22 18 24 2 1 19 23 28 2 20 4 24 4 23 17 13 29 2 0 3 13 14 21 8 17 21 25 21 29 29 24 8 24 17 5 28 6 27 6 14
25 2 20 1 12 19 18 28 4 19 17 0 4 19 8 30 9 9 26 16 7 26 4 9 13 8 5 24 10 3 13 23 27 4 16 10 19 0 13 14 26 4 13 20 6 29 22 9 13 29 23 27 26 17 11 23 8 19 29 17 21 15 2 19 21 9 3 11 7 2 22 3 3 5 20 23 30 14 22 13 2 15 25 4 18 16 30 21 12 10 4 1 27 20
11 9 28 21 22 18 14 14 26 17 16 22 2 25 26 21 30 8 15 10 21 12 30 11 6 19 9 28 18 24 26 6 24 7 3 26 28 27 18 28 22 2 21 12 3 15 3 16 18 9 11 15 0 9 7 26 7 11 22 19 2 27 24 18 6 5 16 15 7 10 20 24 0 7 28 10 20 29 2 11 15 17 10 21 23 0 21 16 9 18 14 9 6 22
13 11 30 1 30 11 28 17 5 30 23 14 2 9 25 28 14 0 16 7 16 24 14 6 29 29 28 2 13 0 0 14 8 1 1 19 27 26 4 17 9 3 23 23 5 7 7 12 19 5 30 24 10 21 2 21 14 27 3 3 16 28 27 4 4 12 15 9 11 21 19 6 6 28 26 23 17 9 12 20 11 7 21 8 8 2 26 6 24 8 14 30 26 2
15 8 19 23 3 2 5 27 25 19 18 13 17 9 0 7 18 4 15 27 10 2 18 14 11 30 30 1 21 30 26 10 0 11 23 25 15 26 16 26 29 2 18 29 18 23 16 2 0 18 8 5 18 23 16 19 26 18 23 7 12 4 21 1 17 4 7 26 18 28 14 1 4 28 1 15 0 20 8 25 24 10 5 6 17 22 1 5 25 15 19 3 6 23
21 9 1 19 19 26 5 22 11 12 21 4 17 18 30 21 0 9 10 24 14 25 22 9 11 9 23 9 11 14 26 21 29 2 26 25 23 7 22 30 30 3 2 19 12 4 17 5 28 8 11 29 30 11 8 12 26 11 17 1 5 28 24 20 17 7 29 1 28 13 30 3 12 27 26 17 28 12 16 5 28 5 22 25 24 10 16 0 17 8 4 27 4 1
17 2 9 10 5 22 3 30 26 13 19 27 18 14 29 12 22 20 7 16 18 4 22 15 12 26 18 0 29 24 0 4 15 6 30 11 24 13 10 6 21 16 14 0 19 3 10 20 25 19 26 5 4 28 20 17 11 25 30 4 3 25 7 25 27 26 4 4 7 2 27 17 7 23 13 29 27 12 30 17 12 9 13 12 28 7 30 11 5 25 19 19 1 4
4 28 18 21 4 25 27 2 15 18 14 22 1 11 22 2 19 12 5 21 6 24 3 7 8 27 17 12 17 12 18 19 24 13 16 26 20 16 6 4 23 30 22 14 8 7 7 23 24 28 23 19 9 12 10 29 29 3 27 19 19 29 25 19 9 29 8 24 8 11 23 2 6 5 28 23 11 2 14 3 11 9 23 18 30 3 26 18 29 17 10 19 8 3
7 18 27 9 9 5 13 3 3 30 0 25 15 9 30 24 6 10 28 17 24 26 5 19 2 4 11 30 18 1 24 18 27 21 7 11 23 29 21 12 27 2 0 11 16 26 11 14 3 14 17 1 23 9 18 4 18 0 1 30 18 0 1 27 30 5 11 16 3 28 9 29 15 23 27 2 5 21 10 15 18 0 17 22 29 8 2 12 12 27 7 1 29 29
18 27 6 19 22 16 4 1 17 12 26 17 5 8 29 25 2 20 23 22 15 1 19 19 19 23 10 24 13 16 6 14 15 23 15 2 21 9 29 5 30 5 25 16 14 5 5 21 15 25 2 11 16 30 27 18 21 20 4 12 19 20 14 7 1 17 16 30 22 19 12 12 24 9 2 10 14 9 13 19 22 26 21 24 27 14 30 22 24 7 7 30 14 15
24 23 9 12 30 20 12 21 1 24 9 10 7 25 11 14 4 5 13 28 21 21 13 25 5 14 21 11 14 4 8 16 12 0 6 21 23 4 4 11 9 2 1 5 3 19 24 27 27 11 29 17 26 15 22 22 24 10 19 7 16 28 13 14 6 4 26 9 4 4 9 18 3 6 17 22 18 26 17 28 28 2 8 14 4 7 5 30 12 12 5 14 11 22
17 2 14 6 6 9 3 0 13 25 12 19 23 11 10 2 7 19 28 5 15 20 3 17 24 17 15 20 3 4 14 5 15 22 3 7 29 11 17 27 24 26 15 28 0 10 17 0 6 27 24 26 13 13 25 30 8 6 25 7 13 9 8 26 1 25 24 30 26 26 16 12 2 12 0 1 5 28 2 7 6 12 23 6 27 4 20 15 24 4 25 9 0 13
30 10 17 4 22 24 20 22 24 5 7 28 2 17 21 5 23 0 17 30 11 6 19 29 1 26 7 13 3 12 12 5 8 1 20 14 23 4 27 30 5 19 18 23 13 9 23 28 21 30 17 17 20 16 11 3 7 18 22 4 5 29 14 16 3 26 20 19 26 16 20 4 27 2 18 4 2 26 0 11 18 14 21 9 11 12 30 6 22 9 5 13 27 2
25 26 11 2 7 26 9 22 9 6 7 20 7 3 18 9 6 27 9 14 1 5 17 7 12 18 27 11 16 22 25 6 15 7 16 2 14 18 4 11 11 1 22 0 7 14 30 22 10 7 3 1 26 0 8 19 1 10 29 25 0 26 8 9 18 19 16 1 25 19 16 21 18 18 0 2 8 14 19 9 4 14 28 17 23 18 6 0 28 22 22 29 0 26
16 23 10 22 0 11 30 22 15 18 3 17 20 26 0 8 25 19 11 17 10 22 2 27 25 30 20 30 21 8 14 10 18 27 5 5 18 4 6 5 19 16 24 25 12 27 0 18 14 0 15 13 4 28 5 13 29 28 25 20 25 30 14 8 21 27 10 19 8 6 29 19 23 12 7 16 18 8 1 10 29 6 20 19 24 22 4 30 28 16 29 29 21 0
8 26 17 10 14 20 5 1 5 13 25 16 29 7 14 23 22 27 3 28 1 10 19 8 8 14 3 25 25 9 29 10 24 14 16 0 13 15 23 13 27 19 4 0 16 10 25 11 26 22 0 14 7 10 28 29 5 23 19 10 15 7 1 21 4 28 20 20 4 9 8 8 28 30 29 6 7 16 21 12 19 0 25 23 12 6 25 2 23 2 12 9 1 16
14 21 28 30 18 6 14 10 23 10 22 2 1 7 29 14 14 17 26 30 28 25 13 26 16 3 0 28 24 16 30 13 27 10 6 11 4 2 5 1 20 8 12 30 11 19 9 10 1 25 28 27 16 7 21 30 15 9 30 22 7 1 0 23 30 27 10 28 7 8 24 11 12 9 17 16 9 14 25 11 18 6 8 24 17 10 15 16 20 1 18 24 9 3
29 30 18 28 27 0 29 6 29 16 9 1 15 15 18 24 0 30 30 29 20 26 2 21 17 8 11 10 14 10 16 20 5 16 17 6 10 13 18 18 9 30 8 4 8 1 19 10 29 7 9 22 15 10 17 16 27 27 16 16 7 24 24 14 15 10 22 26 21 14 22 25 27 27 18 8 30 30 10 13 18 9 26 28 0 24 3 2 3 0 0 6 25 8
13 3 12 8 15 19 9 0 11 15 19 7 18 3 29 11 2 8 2 16 3 8 5 26 24 20 10 18 3 22 2 19 15 27 10 14 5 0 11 6 17 25 28 16 9 9 16 17 17 19 11 30 13 9 21 22 1 4 19 8 29 4 29 1 3 4 11 13 17 24 0 10 3 3 25 20 1 20 9 4 15 16 10 2 17 20 22 19 12 30 22 6 15 3
13 1 23 6 20 6 30 1 10 25 24 9 22 30 1 24 15 23 14 18 30 20 11 19 17 23 10 30 5 30 9 23 6 26 30 8 5 28 20 28 6 28 24 13 0 7 3 15 30 6 0 28 17 19 23 28 2 15 7 21 18 10 18 19 17 17 18 14 27 27 9 11 1 5 29 22 13 13 8 6 12 14 13 9 4 27 14 23 18 9 4 2 1 13
28 9 5 13 29 14 29 4 18 28 2 4 26 5 11 19 18 4 1 5 24 25 7 21 0 5 18 22 27 19 5 8 9 22 14 19 4 7 14 27 11 15 17 16 14 12 12 10 23 4 27 22 29 5 18 13 19 21 16 8 19 12 22 4 15 27 1 1 19 19 19 4 14 9 28 14 2 10 23 22 10 21 5 12 24 2 27 22 8 10 2 11 3 25
8 10 15 18 7 5 22 22 1 19 23 11 10 10 6 3 3 13 21 18 16 5 21 19 14 25 13 16 7 24 0 1 25 7 17 16 17 12 0 27 3 4 9 19 22 23 24 23 7 22 12 23 0 1 25 17 2 3 30 21 11 16 19 17 17 21 4 5 8 10 1 26 7 5 2 9 26 25 27 20 8 13 11 14 9 16 17 16 6 4 15 23 15 8
17 3 30 26 27 27 24 9 5 1 5 24 1 21 21 5 1 27 12 30 1 18 22 26 13 7 25 9 13 1 26 27 19 8 27 23 7 1 18 20 27 20 11 24 19 23 2 2 25 30 3 2 12 1 28 20 19 13 20 11 23 28 0 12 28 24 21 6 28 17 9 21 26 7 30 17 7 1 25 4 2 0 23 8 12 17 5 18 30 18 2 30 19 13
6 12 24 29 16 16 11 3 1 11 24 15 0 3 25 1 22 18 13 20 2 8 7 17 28 3 27 27 14 2 27 21 30 15 5 9 15 10 17 1 17 10 28 20 4 17 4 21 4 29 24 1 14 29 7 17 6 5 8 23 28 16 23 6 13 8 23 10 7 8 21 24 18 26 9 22 8 13 6 29 12 14 12 23 22 6 18 0 30 29 22 13 18 2
25 29 30 18 27 30 23 29 9 19 24 25 26 25 28 19 24 10 26 3 20 10 6 22 26 7 14 9 30 5 22 20 1 15 7 7 25 27 10 17 9 5 6 24 1 29 24 8 29 5 12 30 3 12 13 14 6 30 6 6 21 12 22 27 3 11 7 20 18 29 10 4 12 19 0 13 14 29 18 13 2 22 19 10 4 27 4 25 24 17 3 5 25 25
28 20 9 22 14 16 14 8 16 25 8 28 7 24 3 8 19 29 23 1 5 18 15 1 2 27 7 0 25 10 22 29 13 2 0 27 7 9 16 8 10 14 15 16 20 10 10 4 28 27 0 26 0 3 29 23 16 28 5 6 27 28 12 22 16 27 12 12 8 3 17 5 4 9 0 13 29 7 2 7 19 1 13 6 30 17 25 8 22 20 2 4 5 30
4 6 16 23 26 23 23 3 13 30 1 13 26 2 22 1 19 30 25 22 24 17 26 30 4 9 21 27 26 29 20 6 27 18 21 4 13 10 21 23 8 25 13 26 28 16 13 7 14 20 6 10 19 23 9 5 4 0 14 8 22 4 28 27 28 15 2 15 11 5 2 8 15 30 18 1 23 7 26 4 10 6 17 30 30 11 19 8 10 5 14 16 28 0
