97 97
14 20 26 1 17 2 5 23 23 12 28 8 5 3 10 16 19 17 2 19 2 25 7 4 2 4 24 11 5 30 28 6 15 14 26 17 8 1 18 10 20 2 9 23 20 22 0 15 14 29 6 29 19 20 20 7 13 22 24 14 24 4 12 30 11 11 4 26 16 16 15 28 6 28 30 22 28 2 11 14 29 15 29 22 9 3 5 8 23 7 6 1 6 23 5 6 3
24 27 3 2 20 4 29 9 25 8 27 23 18 1 3 14 4 17 9 21 20 5 12 28 26 27 25 17 3 4 2 23 9 6 13 26 0 12 9 24 17 17 2 20 27 17 19 24 24 5 3 26 3 1 18 27 9 23 20 16 11 10 8 11 8 15 30 14 9 26 7 8 28 10 4 21 22 8 19 8 25 0 30 3 1 8 13 16 11 5 26 23 16 13 2 21 27
23 30 30 17 25 21 14 18 20 24 7 11 4 8 2 25 27 27 5 9 16 13 13 7 20 23 29 22 12 12 24 21 4 12 11 21 22 2 27 29 6 19 6 0 16 24 15 5 8 27 24 18 12 18 7 17 2 8 20 20 16 18 28 10 0 10 26 29 9 1 1 30 28 17 7 1 22 17 2 18 3 30 27 18 27 25 5 14 6 0 30 8 7 9 19 19 10
30 20 6 10 26 20 15 19 2 9 14 0 14 14 24 9 19 1 25 15 29 14 19 22 24 17 0 6 8 9 6 29 20 0 20 27 2 17 7 19 10 15 23 11 13 2 16 27 28 1 3 3 19 2 24 23 25 30 14 24 26 21 11 13 30 11 26 21 17 5 29 29 27 1 30 19 21 25 19 15 22 27 13 19 15 19 15 2 9 25 14 29 15 18 24 11 1
12 15 27 27 17 4 13 8 22 19 12 25 17 23 6 22 14 25 26 26 28 10 27 26 27 23 26 12 14 26 14 25 30 6 1 12 15 20 7 22 23 23 0 23 12 30 19 14 23 6 24 26 28 11 30 28 14 2 0 3 16 15 29 3 18 6 26 26 2 24 8 2 28 3 18 14 2 13 5 6 2 6 1 20 15 7 2 4 20 15 26 17 4 12 19 2 18
1 12 11 8 17 26 13 28 27 5 28 30 14 27 30 23 2 25 11 7 3 3 5 19 28 25 17 15 20 14 13 28 13 26 28 2 12 23 11 15 22 30 19 26 18 0 15 11 13 9 20 28 3 13 16 16 16 9 29 19 25 18 27 17 22 25 21 27 28 16 18 20 26 3 19 15 30 2 12 8 13 15 2 4 29 5 24 1 14 28 18 27 30 20 18 3 3
2 2 27 9 0 1 26 23 7 3 5 13 25 29 16 25 21 10 5 12 27 18 22 14 2 7 0 7 5 29 18 11 28 11 3 23 11 30 13 16 0 1 10 22 28 15 19 2 2 5 27 11 3 20 4 16 13 17 24 18 23 16 10 20 0 23 29 25 15 24 15 1 9 28 8 14 9 5 11 23 6 8 28 26 2 18 18 23 7 30 30 15 24 4 26 30 11
7 0 17 11 15 13 29 13 17 23 14 5 11 18 13 22 24 20 7 19 16 22 0 22 25 26 8 6 8 22 5 19 20 30 29 18 29 11 16 18 10 18 27 7 29 25 2 16 24 0 24 16 9 20 19 15 4 14 24 21 24 4 11 8 10 7 13 2 7 7 22 13 16 19 21 12 20 17 20 25 27 6 12 25 15 12 26 7 15 7 8 5 30 20 12 1 26
12 23 22 21 16 19 17 9 4 15 12 2 14 5 17 22 10 19 2 3 2 29 25 20 23 15 12 13 13 0 22 24 8 24 26 20 2 18 0 29 30 26 27 5 7 24 2 2 23 14 13 25 0 3 6 26 22 17 13 11 25 28 16 30 11 9 11 20 18 6 21 6 11 12 3 4 11 15 6 22 21 26 22 10 7 13 25 1 9 30 12 9 6 23 25 20 8
28 30 30 7 10 4 28 20 4 28 4 30 22 13 28 19 0 24 23 10 17 9 8 25 24 0 29 7 15 0 20 12 29 7 26 27 10 27 22 9 17 8 21 28 2 11 30 9 10 13 21 21 16 17 21 13 24 20 29 10 3 13 25 20 25 9 15 3 1 3 13 3 24 27 12 8 27 4 23 22 15 17 10 20 18 20 24 8 25 28 0 13 8 21 16 12 2
23 22 10 1 4 11 24 9 7 30 22 5 12 27 29 23 23 26 13 26 18 2 4 12 30 3 28 12 3 23 28 1 22 13 22 22 1 27 16 29 19 20 18 6 23 8 20 10 0 0 24 13 28 29 2 10 17 4 26 9 17 14 22 22 20 29 18 4 22 5 14 17 19 20 4 21 30 1 30 25 21 27 11 24 3 22 10 5 24 8 28 2 18 21 28 25 11
14 18 8 4 26 2 20 21 17 25 6 1 14 11 3 15 5 17 12 0 12 0 9 28 5 29 28 4 27 19 19 12 20 1 21 6 8 5 25 28 15 14 6 29 1 10 26 20 6 5 15 30 4 26 20 30 15 6 23 10 3 10 12 10 3 0 18 13 4 7 4 22 29 0 18 4 17 24 6 18 21 9 21 0 29 1 1 0 25 10 9 14 20 24 23 0 30
1 30 23 10 7 5 0 3 1 0 21 15 29 29 22 13 6 25 23 24 11 26 14 24 10 9 27 8 16 19 13 16 20 4 4 14 4 23 27 23 8 5 13 27 18 24 8 5 26 2 23 16 26 5 14 24 21 23 0 19 23 0 18 14 7 4 0 20 16 20 29 20 18 7 16 13 2 16 0 26 30 21 15 9 3 19 29 8 14 29 1 1 23 16 7 8 12
21 29 21 17 12 1 14 2 19 5 1 5 30 14 5 6 12 22 20 6 13 18 24 22 21 22 8 14 25 23 14 17 7 14 11 7 28 20 4 19 8 23 2 24 7 11 1 14 5 11 8 9 15 23 23 14 12 4 5 25 28 9 24 0 17 24 5 7 23 5 13 20 2 4 6 20 19 16 7 23 29 30 29 1 20 15 1 13 29 6 22 25 22 22 1 29 17
29 8 3 30 22 1 30 8 11 22 5 15 19 22 22 26 19 0 0 3 3 3 21 11 8 20 23 12 29 26 13 15 8 9 19 16 30 12 28 8 22 6 2 12 11 28 13 11 16 2 6 28 4 23 30 16 2 24 8 13 0 10 9 13 15 14 18 26 29 22 10 26 22 27 19 22 2 3 21 3 10 3 0 1 12 30 22 6 16 5 25 24 26 28 30 16 19
29 18 23 5 6 23 20 14 27 15 29 2 15 22 1 26 24 11 0 30 8 27 3 24 2 6 23 21 19 16 3 27 22 13 30 5 3 10 17 10 12 1 10 20 17 17 3 24 2 30 25 24 2 23 30 1 28 11 9 17 20 4 27 16 18 23 15 2 24 29 10 30 6 9 18 30 28 19 29 29 15 10 11 26 12 17 24 8 12 4 14 15 10 1 13 28 22
14 18 1 0 11 29 11 25 28 24 1 9 11 22 20 4 17 0 23 12 23 29 4 21 25 26 10 22 5 25 8 13 16 5 12 11 29 20 13 18 15 11 8 13 9 22 28 30 9 25 6 21 13 28 0 25 7 4 13 18 1 27 7 11 4 11 28 6 15 15 5 28 29 14 17 20 12 27 30 4 25 25 20 15 30 1 21 2 7 16 27 28 27 5 16 11 4
15 17 11 4 6 3 17 15 6 18 5 23 4 27 6 23 3 8 14 7 24 28 15 10 8 27 22 14 4 30 28 18 20 13 28 27 9 1 22 11 20 27 21 22 9 1 19 20 3 6 2 8 15 26 13 17 30 30 29 24 4 15 27 5 11 1 15 20 6 3 8 13 16 23 14 12 27 6 1 26 2 1 16 12 13 23 11 9 2 20 25 29 0 21 28 27 17
8 4 1 27 8 1 1 19 5 4 0 12 21 10 2 21 28 24 24 21 4 17 22 16 11 12 9 3 24 10 10 5 13 21 4 19 18 25 6 2 15 8 3 15 16 17 24 24 15 17 8 29 7 22 22 8 18 10 9 30 17 14 1 25 28 10 24 14 2 1 10 29 30 8 7 23 4 28 9 2 21 29 11 17 29 12 7 21 17 26 28 14 28 14 0 23 19
23 4 26 15 20 9 30 24 17 25 3 6 6 23 7 19 26 17 28 23 18 12 13 29 21 21 18 21 18 1 27 13 26 20 15 15 27 29 14 5 6 7 0 13 14 4 5 10 8 14 14 15 9 10 26 17 18 22 2 15 30 20 14 9 14 15 22 9 9 29 29 25 15 8 6 21 5 11 22 12 0 19 13 9 21 14 19 6 6 21 4 11 29 21 0 24 7
17 15 7 22 13 12 2 29 1 10 7 24 6 24 18 16 22 1 21 6 30 14 6 8 17 9 6 6 22 17 2 7 1 25 7 29 15 10 15 18 26 4 18 23 13 24 25 0 4 0 26 22 29 8 27 28 16 6 1 20 27 6 10 10 27 17 20 24 21 11 7 9 2 25 9 11 21 0 16 16 2 0 15 7 8 9 4 24 21 18 7 23 28 21 17 2 23
18 0 29 8 7 9 20 17 15 23 0 16 18 4 10 4 28 17 11 1 22 30 4 24 4 9 11 10 5 4 9 9 28 12 19 8 25 15 23 26 20 6 24 15 24 1 3 22 27 27 6 4 1 19 7 14 9 17 1 4 12 5 15 22 8 6 19 24 10 12 3 29 25 1 3 1 4 11 27 30 15 17 10 7 6 27 13 25 22 4 7 12 27 21 10 4 27
24 4 8 5 15 25 25 16 4 7 5 25 2 22 21 27 1 24 5 22 28 14 25 21 19 30 21 11 22 3 8 17 10 28 24 24 5 23 19 14 26 29 26 13 17 11 11 19 28 11 6 8 4 20 20 4 23 24 16 6 3 4 8 27 14 26 19 26 16 9 4 21 17 30 2 26 19 24 26 2 23 14 1 28 24 21 19 4 20 30 6 2 13 20 1 27 3
4 2 0 20 2 28 18 18 23 4 11 26 4 0 20 24 23 0 24 20 11 14 4 3 12 30 6 15 3 17 28 17 3 6 6 18 27 24 11 8 10 1 7 16 10 4 12 2 8 19 21 19 7 0 14 23 24 8 7 22 10 0 15 29 28 25 6 26 10 8 6 11 30 15 8 18 4 15 20 25 21 15 26 13 30 14 23 5 25 22 12 10 20 15 28 29 30
27 20 7 11 30 3 26 5 8 18 23 11 15 8 17 22 5 8 17 27 2 5 17 7 9 2 13 9 13 12 15 9 2 19 10 10 2 9 9 3 17 25 22 10 28 10 0 16 1 16 17 28 24 23 4 3 25 0 14 30 7 21 15 13 4 19 19 3 0 5 2 9 15 1 9 19 5 30 16 16 15 9 18 1 13 14 19 7 15 15 12 14 14 15 20 3 2
22 19 2 6 5 16 25 27 1 19 24 3 3 14 1 8 11 8 9 9 21 0 29 1 7 9 20 5 1 10 20 11 1 29 4 16 29 15 12 23 10 9 12 12 3 27 2 3 18 21 16 10 14 27 22 27 11 29 15 4 11 11 30 19 12 28 6 19 9 22 3 8 27 24 11 21 22 10 30 23 6 16 5 6 9 22 9 14 8 14 1 26 9 10 19 8 12
24 5 2 20 20 0 0 25 5 8 30 3 3 19 2 3 8 25 14 23 25 6 18 12 4 5 16 28 20 22 14 2 19 26 29 3 24 25 18 12 16 23 27 30 24 23 16 25 26 22 23 14 1 13 3 17 22 6 4 25 6 7 20 12 27 4 13 8 16 28 23 1 6 29 19 23 29 25 29 16 0 3 27 15 10 20 0 18 30 16 5 14 29 6 21 29 3
2 0 3 5 19 5 22 13 8 3 3 13 24 22 25 16 18 24 1 5 25 29 13 1 27 10 6 7 19 24 10 8 29 14 2 4 1 11 9 4 6 1 11 10 21 23 26 7 16 1 22 16 7 22 1 10 0 18 16 1 20 8 10 2 30 12 20 27 2 21 3 23 13 22 6 7 26 2 14 24 5 4 27 21 4 11 18 30 23 1 29 22 29 4 16 17 15
26 25 1 20 10 27 21 24 9 15 29 2 19 20 30 2 3 30 16 21 5 27 15 17 15 19 21 13 4 12 26 16 7 13 14 13 0 13 7 25 13 3 28 21 23 8 1 15 20 25 22 24 10 17 28 26 24 17 21 23 9 0 9 2 5 26 2 7 6 28 6 21 3 7 27 0 9 23 6 10 23 10 24 23 27 9 11 9 11 24 0 13 6 14 15 3 3
24 10 11 22 25 29 1 1 9 9 23 7 11 7 18 26 20 6 30 4 3 13 25 24 9 16 28 10 23 18 2 28 9 26 21 12 9 18 4 14 22 9 18 7 29 10 25 4 14 26 5 29 21 23 22 19 18 21 20 20 12 1 5 2 21 30 24 23 26 22 22 23 26 23 25 27 29 27 20 29 15 28 26 22 20 12 17 15 13 26 0 4 25 8 21 0 6
14 15 5 27 4 4 6 26 25 12 26 19 5 9 24 0 19 30 0 12 30 4 0 27 17 28 3 2 2 30 21 12 15 5 25 30 18 16 9 11 7 24 7 5 28 27 26 27 7 15 11 20 13 6 30 9 12 17 10 3 24 3 16 7 9 30 26 5 8 20 22 18 12 11 21 6 17 3 22 22 23 28 12 24 16 18 29 16 14 5 25 22 6 11 20 4 18
13 3 11 7 24 3 15 9 3 2 18 19 23 14 13 3 21 11 16 25 7 29 9 27 8 4 5 4 25 17 9 5 23 4 3 28 25 22 29 2 23 14 12 6 29 11 23 2 28 9 26 25 26 19 20 21 14 29 8 25 0 29 1 18 26 25 18 6 5 5 23 13 14 24 15 7 20 0 18 9 16 8 18 12 2 29 20 21 20 12 11 14 9 27 29 27 8
10 14 15 18 20 17 8 2 16 26 24 10 0 11 0 4 13 2 8 2 8 24 3 7 4 27 4 10 1 1 6 11 10 25 15 13 0 18 22 13 13 23 5 6 22 18 22 4 30 10 24 26 14 2 20 2 1 27 23 8 2 12 9 13 7 5 2 9 11 16 7 23 13 21 22 4 0 28 23 12 23 7 3 11 29 7 11 1 25 3 29 17 22 24 6 9 2
14 5 15 17 13 18 3 19 2 11 2 18 24 18 12 23 21 9 7 6 15 5 0 27 5 25 19 15 14 26 6 23 20 13 12 5 21 9 21 6 8 18 8 3 11 18 12 12 11 24 24 29 17 3 27 11 28 21 11 2 10 24 27 5 18 15 16 16 7 14 9 23 6 9 27 27 16 5 22 10 10 7 8 7 2 2 18 19 16 13 16 13 5 23 13 12 2
9 2 28 14 19 19 26 27 6 2 15 20 19 6 28 7 13 5 24 16 15 5 25 5 11 6 19 29 0 26 14 0 29 0 29 6 14 7 11 3 25 11 27 29 1 27 15 14 25 29 25 1 0 0 17 7 19 24 23 19 14 19 5 24 4 10 29 24 0 20 11 25 14 29 9 21 29 2 3 17 13 3 2 18 23 12 20 22 27 25 4 10 17 26 30 30 5
7 9 4 22 9 9 21 7 29 24 1 17 6 18 1 15 5 29 23 16 7 2 16 16 26 19 2 17 14 13 20 7 8 4 21 27 7 11 27 30 10 13 20 8 0 17 22 16 13 23 15 21 7 24 15 22 1 2 10 4 14 7 6 22 29 30 4 16 11 23 13 6 15 7 14 19 8 10 4 15 27 23 21 26 1 18 21 30 27 5 19 29 3 3 21 15 24
8 9 14 28 3 0 28 22 19 16 23 0 11 15 9 8 3 28 17 1 27 28 2 17 25 8 10 3 14 16 3 5 9 26 16 28 9 20 4 29 15 21 27 3 14 22 17 8 15 25 14 3 24 20 2 9 28 13 22 7 13 0 11 24 27 12 18 28 28 29 12 24 3 28 21 24 12 0 30 9 16 17 19 6 28 22 15 1 16 20 11 29 22 11 24 4 20
20 30 19 21 26 16 10 5 19 18 3 20 18 9 8 23 8 12 15 15 7 12 14 3 23 15 4 3 18 11 16 25 8 13 8 24 11 0 8 29 14 27 1 11 1 18 24 26 27 15 14 15 28 17 14 4 28 0 20 13 4 6 3 5 29 12 25 21 16 7 16 20 7 30 1 26 26 22 7 26 16 22 12 14 30 6 1 21 15 13 10 1 27 11 21 17 12
3 12 22 25 16 29 3 9 18 20 13 8 13 18 8 26 18 21 0 5 6 23 25 0 29 1 1 15 22 24 24 16 19 5 10 3 2 18 26 14 22 25 21 16 3 27 23 27 1 26 26 24 27 1 14 6 15 9 25 29 13 3 14 0 25 29 1 11 10 20 12 30 11 28 28 30 28 26 23 27 23 9 29 23 23 27 1 1 15 19 22 17 30 6 19 8 13
15 24 21 2 19 12 30 7 1 19 9 19 14 25 23 16 9 18 17 6 30 11 16 12 1 16 25 16 29 17 2 19 17 20 5 16 21 29 24 9 7 29 17 3 10 11 3 5 7 30 28 9 25 23 13 17 3 1 9 29 28 21 16 26 25 5 29 6 16 4 27 0 2 16 25 3 11 30 26 25 6 4 17 8 3 1 7 9 26 21 22 28 19 22 18 4 2
4 3 3 21 8 25 21 14 14 8 25 10 28 3 30 24 2 21 3 6 17 4 18 25 29 30 25 21 11 10 29 30 18 28 9 23 7 8 20 14 16 9 23 0 20 6 25 11 23 25 5 5 27 7 12 27 18 5 5 26 18 19 4 8 4 15 9 25 28 13 18 2 23 10 18 18 4 30 2 27 19 6 24 24 18 9 13 12 13 29 15 3 23 6 14 21 10
11 23 0 12 23 21 1 14 25 14 28 4 0 7 13 21 20 8 9 21 1 14 13 28 5 18 4 8 25 6 10 20 17 29 3 18 29 6 14 1 5 16 16 7 4 4 24 8 22 16 17 9 19 18 29 3 8 10 17 22 9 12 27 18 26 6 27 4 24 15 1 8 3 18 26 10 14 24 11 2 3 20 11 20 14 11 25 10 25 28 27 26 21 21 0 28 13
11 4 8 18 19 17 10 17 2 29 25 25 16 19 25 24 29 28 8 12 16 12 1 9 12 24 2 21 11 18 6 30 8 6 6 20 11 13 17 26 19 27 28 15 22 0 25 23 11 24 3 18 18 16 14 24 17 8 3 21 2 3 7 14 27 9 15 18 16 5 13 4 30 30 10 24 2 13 29 27 30 24 6 30 18 16 5 30 20 7 3 29 2 9 24 25 0
25 22 30 14 5 0 20 0 21 22 4 13 6 19 18 10 18 27 20 27 0 3 10 1 25 24 26 11 5 22 1 9 19 4 13 15 13 26 8 3 23 28 11 7 9 12 14 21 15 16 4 12 12 29 19 6 6 4 20 26 6 26 6 15 20 12 23 15 6 7 6 26 23 21 27 17 15 18 14 26 0 16 14 14 4 4 3 6 23 10 25 25 13 5 15 15 27
18 0 10 27 1 27 7 26 8 27 4 20 25 18 2 4 23 17 23 15 13 9 10 30 16 22 6 7 13 1 2 15 29 8 15 14 30 7 18 25 22 14 7 29 12 20 23 11 12 24 26 27 28 14 5 9 27 26 12 21 10 10 19 28 11 20 22 16 30 11 6 15 25 17 17 2 18 11 0 14 15 26 4 14 25 12 12 29 3 4 5 8 1 12 6 7 19
18 0 2 18 1 16 3 19 13 7 0 0 6 13 21 9 18 19 8 17 21 28 22 30 17 16 28 10 11 8 10 29 3 25 15 9 19 16 17 30 27 30 9 30 16 28 23 17 2 12 18 0 16 29 29 3 7 13 13 14 6 19 10 23 19 22 4 25 17 30 3 3 5 7 0 27 14 21 25 5 14 24 29 21 25 4 17 18 18 9 27 28 14 7 10 0 9
19 8 4 15 17 12 7 28 18 18 10 13 24 21 24 22 11 21 21 24 24 21 10 16 22 18 19 28 0 7 20 2 20 10 24 9 0 27 28 6 2 2 13 12 8 29 22 24 15 8 10 1 29 2 0 24 28 14 13 2 24 0 9 29 10 13 30 9 12 26 24 15 17 13 26 3 10 9 3 26 21 19 25 17 6 20 21 13 2 24 13 28 23 30 8 9 30
16 6 23 12 14 15 8 27 24 29 16 26 29 0 22 6 25 26 13 11 13 24 18 18 30 10 12 17 10 29 17 30 29 28 14 7 27 2 0 14 2 20 16 1 19 21 5 6 7 25 19 16 15 18 25 14 5 25 8 20 5 30 26 22 15 23 5 23 30 21 13 15 27 1 28 8 13 21 3 1 12 6 25 13 29 23 14 15 30 11 18 12 8 9 24 23 0
11 11 16 24 24 9 4 11 29 28 6 30 15 7 23 2 29 2 20 19 13 3 26 20 10 24 29 30 28 4 23 27 4 26 1 12 25 28 22 4 10 26 6 28 13 21 29 14 7 9 20 26 30 19 7 8 4 22 4 14 18 30 22 26 27 2 12 9 3 7 8 28 20 15 17 7 19 14 19 14 4 20 4 16 10 23 4 2 26 10 30 18 2 19 25 21 3
21 4 29 19 16 24 3 3 13 10 19 24 28 24 20 27 2 29 19 8 10 30 23 11 7 21 0 29 6 0 25 12 4 5 6 2 3 7 25 4 12 25 21 19 26 6 7 18 1 24 28 25 16 10 25 8 3 13 1 17 29 27 7 17 2 27 20 22 17 0 26 6 20 27 29 27 8 14 18 12 21 3 15 11 23 9 21 2 30 1 13 18 5 25 12 11 15
14 6 23 3 21 3 21 28 27 15 15 28 18 10 10 26 15 10 21 11 1 26 20 13 27 14 7 10 24 20 30 26 25 29 27 5 7 7 3 2 13 5 9 29 7 9 10 10 30 18 17 8 0 9 8 4 30 9 0 30 8 30 9 24 15 25 5 2 24 28 18 24 7 7 15 11 20 5 27 20 6 13 4 8 0 15 27 4 17 16 17 20 28 19 24 29 2
26 20 15 30 23 10 11 24 27 16 20 16 23 7 2 3 0 20 29 4 21 7 27 23 24 2 10 0 3 12 15 0 8 5 21 21 24 20 19 21 27 30 28 15 14 27 24 22 23 28 14 14 29 9 22 20 15 30 16 6 29 22 18 21 5 7 22 16 28 30 6 0 6 13 28 2 30 26 17 19 23 7 17 0 0 12 7 28 14 2 3 11 5 1 15 11 28
5 17 2 16 8 22 19 14 14 27 0 20 20 15 29 27 3 29 13 19 14 9 26 23 17 13 24 8 14 25 14 2 2 20 0 28 30 26 14 6 29 21 19 9 21 5 24 25 15 29 20 6 18 20 18 8 20 26 22 30 14 16 15 26 3 9 2 22 13 19 13 26 9 25 14 5 26 29 4 9 24 25 15 16 27 21 11 6 8 4 1 19 27 13 16 4 0
16 4 29 20 4 14 13 6 25 21 9 8 2 20 20 4 26 25 24 16 25 27 16 13 17 19 22 12 6 12 18 27 3 12 6 16 4 12 4 2 6 4 8 8 1 0 12 14 8 26 14 6 12 18 10 13 9 17 30 8 5 27 30 3 18 29 16 5 30 12 3 28 5 23 6 28 25 12 2 11 13 28 21 14 14 4 4 24 1 5 17 21 0 18 24 8 24
18 5 9 15 14 25 0 26 30 21 19 11 11 7 23 8 26 24 25 8 2 10 6 2 28 25 14 7 20 23 30 9 8 29 27 27 4 29 14 16 28 10 11 8 29 23 5 30 18 17 27 24 24 3 27 16 8 8 22 9 21 26 16 20 25 27 30 21 24 21 19 4 11 25 13 3 8 27 28 27 4 27 10 30 26 22 24 16 15 29 13 26 28 10 27 30 27
9 4 3 29 20 18 8 4 22 1 11 1 24 30 28 1 4 5 7 1 10 16 20 29 4 1 12 14 0 25 12 8 11 14 19 26 23 3 1 3 27 24 7 16 23 14 21 27 9 6 9 13 15 17 24 30 23 21 2 3 26 1 4 24 29 6 22 3 21 30 0 25 24 6 0 8 18 12 14 27 29 6 6 13 18 8 4 13 21 10 15 8 10 18 0 14 27
5 27 18 21 29 0 9 4 5 23 19 14 13 7 9 26 1 0 0 19 5 2 7 1 14 15 25 3 5 21 9 12 2 6 23 12 13 0 7 28 22 30 15 6 17 4 3 19 7 22 10 9 7 6 30 12 13 21 5 20 16 30 29 15 5 24 9 0 3 7 22 18 1 25 6 0 0 13 24 5 0 2 13 17 24 25 24 9 26 2 7 15 2 25 14 24 7
1 24 24 12 15 23 22 18 9 10 24 17 14 18 12 14 8 26 18 25 5 13 25 13 1 22 27 12 16 27 4 16 8 20 26 19 30 13 30 17 18 2 23 1 19 21 15 30 13 24 9 12 7 24 7 14 26 16 28 28 26 19 20 15 14 25 19 11 22 2 0 10 17 2 17 13 3 16 17 24 14 6 24 5 11 28 28 7 27 24 10 9 29 25 3 12 11
19 29 8 26 20 21 11 30 27 19 4 24 21 15 25 5 8 3 7 11 1 16 24 24 22 22 2 6 14 2 27 24 22 18 17 0 11 1 5 28 5 17 7 9 9 23 24 24 23 4 28 24 17 10 19 6 15 8 1 16 26 12 28 28 3 30 29 8 9 15 29 26 25 24 26 0 28 30 18 9 24 26 20 27 9 10 24 30 28 3 4 13 24 28 30 28 23
25 19 18 28 20 30 19 17 3 1 5 29 10 19 4 20 9 3 23 29 26 25 0 30 19 25 3 19 21 29 0 9 15 4 23 26 11 30 29 12 26 5 14 28 14 24 29 4 22 16 17 28 28 15 30 3 9 30 4 17 15 3 28 9 18 15 20 19 27 17 27 21 11 3 18 22 18 29 24 2 5 23 16 30 21 22 8 9 0 6 24 0 15 11 16 11 13
20 11 13 20 26 26 18 3 14 21 6 2 15 13 5 8 2 4 4 19 19 28 20 23 19 25 27 3 21 11 8 3 2 4 21 24 5 6 27 0 0 6 25 7 29 7 26 2 7 8 9 11 25 3 7 26 11 28 30 3 2 15 14 11 1 10 10 12 15 19 28 2 15 3 25 6 24 2 8 16 27 11 4 30 30 11 4 15 4 19 17 14 19 15 10 2 29
21 4 8 23 12 9 15 0 5 16 15 23 19 19 17 2 28 23 29 18 0 10 30 17 28 17 13 19 22 14 23 9 17 7 18 4 12 25 15 9 26 4 18 4 9 27 21 3 3 22 11 30 9 18 10 22 20 14 8 1 26 8 21 12 23 13 27 21 0 13 3 5 10 10 7 9 29 4 9 20 17 19 24 25 12 22 20 5 26 13 21 10 5 20 5 13 27
25 19 24 17 8 11 22 15 15 23 2 21 5 11 23 30 9 16 21 22 25 4 28 30 9 1 2 29 2 18 6 24 23 2 4 0 17 7 3 23 5 14 11 24 2 30 0 27 20 12 0 3 23 15 5 22 11 20 26 25 1 29 0 29 25 19 12 19 13 10 7 6 25 28 2 28 0 20 20 4 7 30 27 7 21 15 12 3 0 22 20 1 13 7 19 11 26
21 0 29 18 18 16 9 17 21 29 19 22 6 9 13 16 21 24 26 8 6 16 13 8 3 7 9 17 6 22 21 12 23 5 19 28 24 9 3 18 26 29 5 0 4 20 23 30 20 15 27 11 6 17 20 28 24 4 12 20 15 22 7 27 1 23 5 21 20 10 24 25 27 25 26 21 9 15 4 16 18 21 5 7 30 18 1 30 26 2 19 30 23 7 22 3 6
3 24 18 7 27 14 11 18 27 3 15 5 16 11 5 26 17 26 2 3 15 10 6 5 2 7 10 2 8 12 21 10 21 9 11 23 8 17 26 29 5 13 3 29 21 9 1 9 22 25 19 20 30 29 8 13 24 10 5 17 27 27 5 10 2 19 23 15 9 16 18 3 13 12 24 3 14 15 2 17 4 0 14 19 14 21 17 10 20 7 13 24 21 18 4 12 13
3 1 7 0 18 16 9 26 7 12 3 11 0 13 30 16 8 29 6 6 11 24 6 22 8 21 19 14 29 12 2 7 7 2 21 11 26 24 5 7 7 3 3 28 6 27 6 17 28 17 30 21 28 28 29 10 12 5 15 29 6 13 22 24 6 16 1 11 21 25 22 19 2 4 12 27 17 11 1 14 12 22 24 23 24 3 11 5 12 7 1 6 1 30 23 12 12
5 0 25 2 5 17 23 0 23 3 19 0 1 21 19 1 15 24 12 1 1 6 15 2 25 10 27 7 4 17 28 14 28 6 10 29 20 28 21 18 3 22 6 24 15 14 0 13 18 2 9 25 23 28 21 8 15 9 0 7 0 5 29 12 7 25 22 14 7 25 11 22 25 11 4 21 18 17 7 15 20 17 28 0 23 3 8 12 25 22 3 14 9 0 3 11 26
1 11 12 26 15 6 10 14 24 13 24 24 29 5 29 14 2 17 4 6 22 5 0 4 0 5 24 8 22 28 19 3 2 21 2 23 5 24 25 15 16 8 16 21 27 14 10 17 22 8 28 11 10 21 8 17 21 14 12 2 28 2 3 4 0 9 10 11 13 22 9 9 6 9 22 12 17 28 16 27 1 20 1 20 29 5 9 0 1 2 12 24 26 7 24 14 16
21 24 1 20 17 10 17 14 0 3 24 9 17 1 9 23 27 28 23 17 1 10 14 27 21 23 13 18 6 0 21 19 21 6 14 25 9 17 18 12 15 20 11 16 5 12 9 21 19 19 26 10 2 17 2 11 28 19 15 1 17 4 2 14 28 9 5 2 26 20 24 14 10 14 9 5 15 1 27 15 14 24 3 3 3 16 8 6 8 20 26 25 9 13 7 24 19
6 19 5 17 0 10 2 7 7 0 21 9 8 8 21 6 7 24 7 13 4 26 19 3 19 2 29 11 0 5 17 24 2 2 26 12 14 10 9 6 16 28 10 10 11 16 25 22 29 20 3 25 5 1 21 18 7 9 28 30 6 30 14 8 21 17 19 21 4 20 28 26 13 0 26 18 25 23 27 18 9 3 0 7 27 24 25 24 11 3 11 21 14 26 13 5 28
14 0 20 0 1 9 16 12 22 10 11 14 10 14 15 16 29 5 3 7 16 29 3 14 13 5 3 19 25 19 7 1 15 19 28 3 18 9 12 0 2 21 11 19 25 22 21 20 12 26 30 26 23 30 4 30 24 2 4 28 17 6 0 11 2 20 22 2 23 4 21 24 21 2 7 7 28 7 5 21 17 26 14 11 20 3 17 16 9 21 17 24 25 15 4 13 12
29 10 22 5 9 13 29 19 22 10 26 28 17 9 26 11 6 21 5 22 16 5 23 15 8 2 17 25 20 23 1 20 15 26 23 3 16 29 14 17 6 21 5 9 13 19 13 22 25 24 0 25 5 6 8 13 29 24 4 9 7 5 30 0 21 23 6 12 8 15 5 26 4 9 0 11 12 19 10 25 15 20 23 17 27 5 29 13 10 26 24 27 10 14 22 15 23
2 29 8 19 23 26 18 10 20 16 24 6 24 27 15 18 28 12 13 29 6 22 4 19 19 20 10 9 14 15 28 30 30 15 30 26 27 28 28 21 30 13 21 28 16 5 23 9 24 18 16 9 15 15 8 17 13 2 3 14 20 8 8 21 21 15 5 3 7 17 20 12 19 19 9 11 4 27 12 25 24 2 24 4 14 25 14 15 28 3 2 30 21 23 27 3 30
24 11 15 6 29 15 25 20 26 5 19 9 13 17 0 26 1 7 25 24 15 12 11 10 24 5 19 10 22 4 29 9 1 17 3 26 0 18 22 24 18 24 30 2 27 21 27 23 12 17 7 20 4 8 10 13 26 9 17 16 17 25 20 21 6 15 6 3 27 3 24 19 29 16 25 2 8 27 7 11 11 18 8 5 11 19 6 20 8 30 19 5 9 10 15 13 29
19 21 9 25 20 13 17 8 18 2 12 21 12 12 7 9 9 14 1 26 6 14 9 9 16 14 4 7 6 2 24 6 11 27 18 22 12 27 19 23 15 17 12 20 6 26 19 10 3 11 22 0 29 6 10 10 11 9 23 26 25 21 16 19 24 6 0 15 20 23 9 3 14 26 29 22 29 26 12 14 10 25 0 9 1 23 15 24 18 7 1 25 13 25 2 18 6
23 3 0 14 26 18 10 29 27 1 3 25 2 1 25 13 20 5 12 22 30 24 28 24 30 24 3 26 25 4 13 26 11 21 10 2 25 9 5 22 0 26 7 13 18 12 13 19 16 25 30 1 30 13 11 17 7 24 14 1 3 19 17 22 29 16 7 9 2 15 4 22 22 22 7 7 5 0 22 19 26 13 2 6 1 30 22 2 3 27 8 0 0 11 2 13 14
4 23 7 28 21 4 15 21 15 9 23 13 13 23 14 26 2 14 11 11 1 21 30 8 21 23 29 28 26 18 17 26 6 1 0 11 29 14 10 8 2 17 3 11 11 25 1 5 1 6 8 1 14 10 10 30 21 0 26 16 19 14 0 18 15 30 13 26 3 15 25 26 18 17 2 4 27 16 16 30 25 17 22 29 20 0 19 19 18 15 6 6 25 23 14 23 18
23 27 1 20 30 4 30 12 24 28 2 23 29 29 24 9 10 2 12 3 24 16 11 22 13 13 5 18 29 6 21 12 20 27 1 15 6 19 4 7 29 7 17 9 2 19 0 18 11 27 6 17 11 10 20 0 3 27 2 18 15 7 27 15 11 27 4 24 21 20 8 10 0 30 2 19 16 10 21 3 18 0 26 3 28 6 1 23 28 16 23 26 11 6 18 30 25
0 26 28 11 7 17 11 11 20 25 13 24 8 25 4 8 26 29 1 2 30 16 15 1 21 6 22 29 1 14 15 6 19 21 27 23 7 9 8 9 14 13 19 7 24 10 18 13 15 29 19 21 6 5 1 4 19 17 23 13 8 7 15 30 25 16 23 25 0 26 3 28 4 2 2 6 14 1 2 13 25 8 10 25 26 1 14 0 15 14 16 21 25 16 21 1 29
27 10 24 27 26 7 13 1 4 8 17 5 10 9 29 14 22 15 7 8 28 30 8 26 17 9 4 20 20 15 26 8 24 20 15 8 10 18 13 21 7 17 24 16 4 6 3 1 5 10 15 6 18 16 13 11 27 19 16 7 25 3 6 17 13 23 2 11 3 23 26 16 8 17 0 7 0 19 14 9 19 7 16 13 9 16 20 21 8 17 3 28 14 1 12 23 14
27 14 28 20 18 7 21 3 21 4 23 30 25 23 9 25 7 12 15 25 13 26 15 28 1 23 7 9 14 0 28 7 24 22 5 4 27 25 24 30 15 6 6 3 3 25 16 30 15 28 12 14 26 16 15 0 4 15 0 1 4 11 23 20 24 16 3 19 0 7 4 19 21 18 0 0 9 18 6 12 22 28 16 9 26 16 7 30 11 3 7 25 14 1 13 10 16
5 27 23 23 10 14 12 29 19 19 22 18 0 15 2 5 15 22 23 15 6 0 15 7 1 0 10 23 21 19 0 2 27 1 26 1 13 21 16 12 0 23 7 1 0 12 6 14 9 9 14 19 7 11 14 29 2 13 12 0 2 8 24 5 1 18 2 25 13 21 8 28 6 28 21 21 8 26 4 21 27 29 18 2 8 21 11 3 13 13 29 0 13 25 16 18 6
5 1 15 15 4 24 14 20 7 28 23 18 7 9 2 10 8 13 16 22 28 3 12 9 5 13 13 23 18 5 26 25 29 6 11 14 24 4 18 23 9 23 5 5 19 8 2 2 16 12 5 28 0 27 22 17 14 21 3 0 24 1 23 18 24 11 13 4 7 26 22 14 30 19 2 18 21 3 20 5 16 23 15 26 18 23 0 27 5 22 18 30 9 28 2 19 5
19 28 3 30 12 27 11 18 2 13 27 8 0 8 26 11 0 11 25 1 10 6 5 6 12 6 4 27 18 11 5 7 11 6 10 22 11 14 14 15 12 13 30 4 26 21 9 16 12 5 12 30 24 8 23 17 23 9 9 11 25 2 25 1 5 29 8 26 19 21 3 29 14 3 11 15 21 17 28 6 27 12 8 16 12 18 6 29 3 25 8 21 16 9 19 12 15
29 6 17 28 3 21 10 17 4 19 27 0 26 17 5 22 17 27 6 16 22 23 24 29 24 7 19 17 16 7 17 10 16 11 2 19 8 24 16 27 25 2 0 16 23 12 21 1 0 21 0 12 28 8 22 24 20 3 12 21 14 16 28 10 3 21 26 15 2 16 17 10 25 14 4 15 6 21 10 25 13 29 14 29 13 30 30 23 29 30 11 17 11 14 0 28 22
8 3 28 18 13 21 20 13 21 10 28 3 27 5 26 28 13 3 5 16 8 13 5 7 4 30 9 6 12 25 30 13 28 3 17 2 15 21 13 20 12 20 17 23 29 15 20 24 27 5 5 30 27 9 1 0 22 27 25 21 8 6 17 8 14 8 17 8 4 19 5 15 0 6 2 25 4 19 7 30 24 9 19 25 16 13 24 24 22 8 2 19 29 5 23 26 16
23 9 9 23 6 17 28 5 3 17 11 15 13 29 22 14 9 11 16 21 11 30 29 10 24 25 25 29 10 15 27 15 20 11 11 28 8 29 24 7 30 15 23 25 25 4 13 20 23 24 9 22 3 30 13 12 18 21 15 21 0 5 17 22 22 24 7 21 22 16 6 16 28 20 10 0 19 26 26 28 4 4 24 26 15 9 2 21 5 12 0 9 14 15 17 1 17
7 1 17 4 0 8 21 23 9 26 23 26 24 4 13 30 11 10 19 10 11 27 28 20 0 24 12 7 10 19 20 4 10 9 27 1 28 22 11 28 13 17 25 23 14 19 19 15 20 16 30 11 22 0 6 25 12 27 6 29 29 22 12 24 10 21 15 16 29 12 2 24 30 18 5 22 11 21 18 12 24 6 28 22 6 26 12 8 2 3 30 28 18 18 23 19 11
26 6 21 27 3 9 12 24 0 4 10 12 1 15 7 12 28 19 25 16 2 23 7 14 8 25 29 6 30 4 4 26 28 24 18 18 28 17 22 26 21 9 0 16 29 19 19 8 28 1 5 8 20 16 18 28 14 11 27 13 8 12 12 10 14 5 14 13 10 22 4 23 1 4 5 11 4 20 2 14 3 28 10 5 4 10 16 29 21 18 6 6 1 4 18 5 22
15 3 20 1 17 25 6 0 18 9 30 30 13 20 2 30 0 21 19 12 15 29 5 15 27 15 0 25 10 29 26 17 9 15 9 25 23 23 2 28 20 9 18 22 20 8 0 11 28 26 15 6 6 23 6 28 10 21 6 11 16 16 3 26 22 22 26 6 22 17 7 30 22 27 4 3 25 26 1 9 1 30 5 18 3 4 13 20 3 28 17 13 7 6 22 18 25
19 29 4 6 16 7 10 18 24 11 19 10 20 14 19 14 2 30 13 1 8 17 20 6 29 20 7 18 16 15 7 5 25 10 1 9 27 30 2 18 8 30 19 18 6 12 12 14 19 12 6 16 0 13 13 26 2 3 28 26 30 10 2 27 13 1 12 17 7 13 20 20 10 15 24 20 15 12 11 23 10 18 6 20 21 21 18 23 23 26 17 30 5 26 5 0 12
11 9 29 23 22 29 17 30 18 14 10 8 4 28 11 21 4 10 7 4 15 9 26 16 15 25 19 19 3 21 22 25 8 28 14 25 1 14 19 14 11 25 17 22 11 17 24 23 18 11 4 4 23 5 9 23 16 8 3 20 10 2 17 16 16 7 19 1 4 27 22 5 16 14 29 8 8 15 24 24 10 18 15 21 27 8 8 11 13 4 3 16 3 23 16 17 7
27 4 18 15 12 5 9 16 24 4 1 11 15 1 10 1 9 12 24 29 10 18 3 4 29 23 11 7 0 9 29 0 11 0 10 13 11 18 21 30 15 27 4 30 18 3 14 14 7 30 14 13 4 14 22 29 22 15 27 19 18 14 23 20 15 17 17 13 9 27 17 27 14 6 11 8 15 25 6 27 19 29 27 16 9 12 0 10 28 17 15 27 30 29 2 23 1
30 11 9 20 19 25 12 24 21 1 25 22 26 11 0 16 21 2 23 21 22 30 28 1 3 1 30 28 22 2 25 5 0 29 3 15 29 30 28 20 4 21 2 15 19 7 15 7 6 4 9 8 29 21 26 5 30 11 17 16 11 19 6 0 28 17 5 25 0 20 7 8 11 30 19 26 1 26 17 30 25 7 18 15 14 4 22 21 21 23 23 24 26 0 10 23 6
12 17 3 25 20 8 3 13 0 16 2 25 22 30 12 13 1 19 18 11 15 22 18 20 15 30 17 29 19 22 14 10 15 19 25 23 24 22 1 23 14 18 23 29 1 1 5 6 19 20 29 28 0 28 29 2 12 26 12 15 28 13 12 2 22 10 24 14 19 6 20 15 9 8 11 21 28 3 13 16 2 17 26 22 27 1 27 5 8 16 3 29 29 29 28 11 21
22 25 7 8 28 13 23 7 3 7 4 18 25 19 4 9 17 8 17 23 25 22 5 7 5 14 17 24 13 24 30 1 12 5 5 28 23 15 9 23 6 13 21 29 24 16 23 8 10 30 18 20 1 21 0 30 1 4 0 19 24 26 18 26 8 17 13 14 16 27 7 10 0 13 3 9 17 29 8 13 26 25 28 5 29 21 21 1 17 26 19 4 25 1 23 6 21
19 7 16 24 11 29 24 11 28 6 29 11 6 15 16 23 15 0 10 17 29 20 4 13 25 23 20 14 4 26 17 6 30 5 1 1 0 25 27 22 0 27 21 29 6 8 6 5 12 11 2 3 16 17 19 30 2 14 30 10 23 25 12 4 11 22 9 13 29 18 17 3 10 15 30 19 30 25 23 24 26 19 29 21 28 13 18 16 8 12 2 5 16 24 17 5 9
