99 99
23 21 15 24 7 5 9 6 2 13 18 3 18 3 3 12 15 10 6 30 5 28 26 13 24 9 27 23 8 14 0 13 26 8 15 1 25 13 22 9 16 9 28 27 11 4 21 13 16 10 3 1 19 15 24 29 22 15 10 26 11 2 18 6 22 0 3 20 6 23 18 0 17 29 26 10 29 13 2 0 22 25 12 30 1 22 29 7 13 7 7 29 4 15 10 19 5 7 25
9 4 28 10 7 12 26 7 6 24 12 3 5 19 8 30 14 16 26 3 17 18 6 28 3 23 15 25 17 25 6 26 12 3 0 13 21 12 12 8 23 3 26 25 29 16 7 23 30 27 0 17 18 1 8 22 13 17 16 11 15 19 0 7 13 21 10 8 6 8 30 20 17 5 28 15 12 23 28 26 26 8 10 23 2 22 24 29 1 3 20 15 13 28 4 7 8 28 30
17 16 22 9 0 15 14 26 28 30 17 6 27 21 21 18 17 30 27 28 6 9 20 16 12 28 14 25 15 1 21 4 5 9 1 14 14 20 22 26 9 28 7 20 5 15 25 22 17 16 21 26 6 28 4 14 24 18 19 18 8 12 29 25 20 19 12 10 27 5 4 23 28 24 17 6 22 11 20 1 18 8 14 3 16 29 10 23 16 1 8 24 2 1 28 25 13 0 25
13 14 4 1 22 17 30 26 21 0 17 7 0 1 4 30 6 6 7 11 26 9 29 20 24 11 19 11 27 13 7 23 14 28 18 21 0 20 21 19 14 22 26 28 11 10 27 2 23 11 15 4 8 22 23 21 10 13 27 7 23 22 29 24 18 16 11 26 15 12 13 11 13 30 4 29 30 3 14 4 0 5 13 18 4 3 4 26 11 23 15 4 1 5 27 9 12 13 5
25 4 22 30 27 18 27 18 26 1 13 10 6 17 27 20 9 19 29 17 26 4 17 7 29 29 16 22 17 26 13 20 29 10 15 7 16 12 22 5 23 1 29 5 10 23 25 6 25 28 19 28 0 10 27 8 12 14 16 22 13 2 7 28 22 6 6 4 6 28 6 19 1 20 5 7 14 5 5 0 23 25 9 15 11 17 19 17 10 17 4 30 0 18 26 15 0 21 12
9 27 16 24 4 28 22 27 29 8 18 7 27 24 12 5 3 9 21 18 14 17 30 14 6 7 19 16 5 4 19 1 16 27 2 14 8 15 6 1 0 28 5 12 7 21 11 5 29 24 5 24 27 22 25 15 4 15 11 22 20 11 7 29 7 13 13 19 3 19 21 7 22 10 6 21 29 6 11 5 25 1 2 8 10 18 15 24 28 2 27 7 19 25 2 10 1 18 20
20 14 2 4 23 23 10 28 11 16 9 20 26 7 25 14 16 16 1 20 18 7 19 21 16 28 30 22 20 13 8 30 1 18 11 15 0 6 14 11 27 17 25 29 24 25 14 26 9 21 7 16 15 5 13 29 5 1 26 2 5 0 16 25 11 18 24 28 14 4 11 25 6 19 4 24 24 21 14 22 11 29 22 16 17 5 27 22 4 23 20 17 15 19 20 21 28 10 30
29 28 6 21 8 14 5 18 6 8 5 23 9 13 25 14 5 10 4 25 8 19 13 23 8 0 12 1 2 27 26 13 10 17 6 18 3 8 27 24 29 1 17 9 8 2 4 27 16 2 0 29 23 16 13 2 1 3 23 8 20 30 9 17 11 3 26 2 25 28 2 8 8 10 24 12 12 3 28 26 0 22 2 0 16 16 26 1 24 19 14 24 20 18 28 20 11 27 1
30 14 24 0 14 5 15 2 15 12 3 8 8 8 4 8 9 4 4 22 4 1 24 0 21 8 5 1 28 8 15 4 7 16 4 16 10 15 14 7 9 7 7 5 26 7 18 3 11 17 15 5 2 19 25 22 6 22 20 0 20 28 30 14 27 7 1 6 11 8 30 19 2 2 4 8 22 9 16 21 1 27 8 21 21 5 6 21 0 10 30 9 21 5 13 0 6 19 11
17 9 18 28 28 15 5 25 12 3 16 11 12 27 2 1 4 30 8 30 16 19 8 7 23 8 26 13 18 8 7 4 11 26 3 0 6 21 8 26 28 13 0 4 10 30 18 21 22 8 1 11 2 0 8 22 4 12 22 23 18 8 25 9 6 10 28 15 24 30 8 4 30 28 28 22 18 23 17 0 18 17 20 21 19 0 14 11 8 12 9 7 8 0 17 9 30 24 12
3 11 26 12 16 22 27 15 13 22 10 30 7 6 5 13 23 8 22 13 8 27 5 29 24 1 18 7 27 20 3 23 2 21 5 1 25 16 22 8 5 6 18 1 5 1 27 10 11 30 23 26 17 1 13 21 17 0 21 26 13 27 11 13 26 7 28 18 13 18 13 3 8 25 30 18 19 12 7 4 12 1 30 13 3 25 18 21 21 25 0 21 28 14 5 29 22 14 29
21 17 30 9 12 25 3 10 12 11 8 12 11 6 22 29 8 20 18 5 15 23 3 4 7 6 18 24 8 18 7 1 9 11 23 28 11 17 20 27 13 8 16 16 3 16 29 11 13 7 10 16 15 2 8 13 6 12 2 18 5 18 29 17 21 18 0 22 23 7 20 4 24 13 14 28 6 15 29 9 26 5 3 21 16 13 13 11 12 10 17 29 24 4 14 11 12 21 24
30 14 30 0 24 13 18 10 10 10 30 8 16 19 16 24 6 6 10 25 16 25 20 2 11 7 10 8 24 30 19 12 12 18 11 8 19 6 17 4 20 10 17 30 7 6 28 30 5 30 25 22 16 11 9 12 29 25 7 16 5 5 14 17 15 13 12 29 27 20 0 0 24 24 4 0 23 13 14 16 11 1 29 4 16 25 22 15 17 25 21 24 21 9 22 1 12 11 18
2 19 2 22 23 21 23 27 16 12 16 13 30 22 7 8 0 14 26 25 19 24 18 9 29 12 6 15 20 14 2 10 25 13 16 9 15 10 3 5 16 18 27 10 4 30 7 0 12 13 12 0 4 18 26 4 29 12 3 3 21 10 19 24 3 15 11 2 9 21 4 11 13 5 3 13 21 10 14 0 2 28 23 25 23 15 13 9 18 12 25 14 20 29 19 19 17 25 1
30 3 13 22 21 15 12 7 27 2 1 12 21 20 2 6 16 19 2 11 1 30 2 13 21 4 13 18 23 16 4 10 9 1 7 7 9 30 18 6 21 29 20 16 19 18 27 26 24 14 13 9 9 9 24 13 14 20 24 27 18 15 12 15 10 28 0 12 15 28 28 28 23 30 19 1 25 22 16 8 8 14 14 13 17 2 5 18 30 27 8 12 26 19 13 6 3 12 21
2 14 3 11 23 27 16 17 21 14 14 10 4 6 18 20 17 25 15 14 26 30 29 16 14 25 23 26 1 1 9 6 24 18 5 24 18 0 22 6 14 22 21 16 4 25 7 29 0 26 21 10 6 1 8 19 18 8 15 0 18 1 30 26 14 13 8 22 9 29 23 10 2 23 28 21 19 2 18 6 8 13 8 17 2 16 27 19 12 30 24 28 25 25 20 12 1 21 24
24 2 26 19 28 20 12 7 9 17 4 12 3 22 9 19 11 10 3 14 15 27 2 3 11 30 4 11 20 18 28 19 1 24 29 11 28 8 28 17 20 21 5 20 2 18 2 25 24 15 16 16 6 26 5 24 15 7 17 14 28 5 18 28 4 3 19 24 10 30 25 29 9 14 19 20 27 23 16 27 3 3 2 6 1 7 15 15 8 25 5 24 1 12 9 20 27 9 16
21 10 28 29 11 19 12 14 17 30 30 16 20 4 20 30 1 15 22 23 16 25 23 5 24 5 24 11 20 30 30 28 20 24 15 26 17 22 24 3 23 21 28 29 4 1 30 10 3 4 5 22 22 13 16 14 20 19 5 25 27 16 25 21 23 2 19 10 23 28 4 5 18 27 6 9 3 14 26 27 30 6 2 3 17 1 22 9 7 0 0 27 1 5 2 8 16 6 3
14 15 23 9 30 10 10 22 26 10 30 22 6 27 16 21 1 4 14 23 26 2 24 5 6 9 18 11 21 23 25 29 3 30 26 3 7 19 26 13 3 26 8 21 21 1 27 20 30 10 8 15 26 18 1 6 22 26 6 19 25 7 27 22 11 26 14 20 9 24 30 22 14 26 16 8 8 5 28 5 9 3 4 29 7 20 23 14 26 21 16 15 2 27 7 6 0 27 21
6 16 14 11 1 25 0 16 9 29 1 6 6 18 21 1 11 21 18 28 7 28 3 22 13 21 16 2 25 14 20 29 5 11 5 1 0 22 26 21 3 20 4 9 11 2 8 12 23 21 24 8 6 13 21 26 1 11 12 6 19 23 8 3 28 6 24 20 24 10 23 4 18 12 16 15 16 2 5 21 7 0 3 14 5 0 25 2 15 9 26 12 6 12 24 23 5 24 22
9 14 14 25 21 22 23 4 2 7 13 28 27 3 8 26 15 11 0 28 17 30 24 10 24 21 17 26 3 4 24 3 3 21 25 28 1 3 21 26 6 29 15 30 29 15 18 7 27 30 5 13 29 29 5 8 28 28 15 18 5 19 8 29 11 14 6 5 10 5 15 1 1 22 13 4 8 19 29 25 2 28 20 21 7 23 9 20 18 17 2 25 26 20 17 8 5 12 12
27 8 23 29 17 2 5 15 21 6 5 12 0 16 9 21 3 15 22 17 7 26 18 24 5 0 30 3 4 16 14 24 27 4 22 18 25 14 8 24 2 10 7 13 4 29 9 19 11 19 1 27 25 17 11 29 16 30 3 22 30 10 15 18 17 5 14 16 17 23 12 11 12 25 11 3 19 30 10 1 28 9 28 10 4 15 25 16 24 24 18 18 6 0 30 23 24 15 1
12 27 22 30 13 24 5 24 19 7 26 23 12 9 5 12 15 22 1 20 23 22 7 10 22 18 12 7 30 3 20 29 16 16 4 7 12 29 1 21 16 26 0 0 14 20 12 16 2 1 7 0 24 30 18 15 15 20 23 9 25 6 16 16 22 2 23 17 12 29 13 10 6 16 9 14 29 5 6 29 5 1 6 14 2 16 15 18 30 6 2 1 14 12 25 23 28 18 21
22 10 7 7 5 21 26 2 12 3 29 5 11 15 7 21 16 15 7 1 8 11 26 17 9 15 23 7 23 29 24 19 14 8 27 21 21 27 25 10 25 12 19 19 1 16 26 12 11 4 29 23 18 21 7 7 29 0 21 13 15 28 27 23 23 12 3 18 25 30 16 3 29 11 6 20 25 11 16 22 11 6 21 14 23 23 19 26 2 8 24 0 5 22 26 20 11 22 1
3 26 24 17 26 28 2 11 22 3 9 15 27 25 9 27 28 19 21 23 14 26 9 8 1 4 4 28 0 25 25 28 20 4 7 28 3 5 30 23 1 9 6 14 7 28 23 13 13 25 26 0 9 16 14 8 19 29 1 28 29 12 9 10 14 29 14 21 3 17 23 6 10 0 6 18 13 17 17 6 5 17 21 25 26 22 19 27 7 20 29 19 27 16 25 18 28 10 8
7 3 12 16 3 16 7 11 24 26 16 8 14 15 28 25 3 13 27 21 18 10 13 26 24 9 2 12 11 8 9 30 15 25 5 22 28 24 1 9 22 6 23 0 26 23 7 3 19 27 29 1 28 16 27 11 14 4 20 13 2 22 18 25 13 18 26 21 10 24 4 21 28 26 25 5 26 7 14 22 15 7 23 21 5 2 6 20 23 10 16 12 26 25 11 13 13 15 8
15 4 23 5 8 3 8 4 19 23 26 28 11 18 30 21 27 29 6 14 22 5 12 10 27 27 26 15 1 19 15 5 13 1 27 2 24 4 18 12 14 18 7 29 21 11 27 15 25 29 24 5 5 3 13 30 15 5 30 1 28 12 11 21 4 5 18 6 18 16 20 2 22 27 2 14 14 26 29 11 20 10 28 13 4 8 21 25 14 24 27 18 24 5 4 17 26 9 11
25 0 24 29 21 17 6 29 1 16 13 3 6 7 2 20 24 1 20 6 2 6 15 19 9 14 11 30 16 10 14 16 11 23 5 18 25 19 11 16 20 25 7 28 30 10 10 14 20 21 0 17 22 18 27 2 17 27 9 10 0 24 17 7 13 22 9 6 11 6 30 29 30 18 9 28 21 3 3 16 23 25 10 22 0 14 1 18 13 0 9 2 19 8 19 17 8 26 19
14 28 11 30 2 18 22 19 26 30 12 5 28 23 4 26 11 2 7 10 1 0 10 15 4 3 24 1 3 18 24 21 15 17 6 20 30 6 20 12 16 14 8 23 6 10 12 14 10 22 26 23 17 6 29 11 2 18 7 7 2 26 20 0 12 7 11 9 12 23 26 26 26 27 21 28 19 25 16 1 9 8 6 17 7 26 7 25 11 22 5 16 18 10 29 2 13 22 2
23 2 22 20 19 28 14 19 24 9 18 4 11 20 3 8 28 13 21 0 8 29 1 18 9 13 16 9 28 10 6 13 16 13 13 29 16 17 20 3 16 13 0 20 2 3 3 23 12 21 2 14 3 21 20 6 24 22 5 19 0 30 15 10 1 16 21 9 28 16 18 12 20 19 22 14 12 23 20 2 27 30 17 25 3 30 23 7 1 27 1 2 5 17 25 8 26 26 21
17 12 19 7 21 26 18 8 14 27 6 8 23 12 5 4 22 28 28 18 8 0 0 21 0 7 27 6 24 29 17 28 26 29 22 28 30 28 11 15 4 12 21 5 29 23 24 22 24 13 13 14 14 5 22 23 16 11 30 8 5 18 9 0 25 24 28 12 3 11 5 15 5 26 11 30 24 16 28 19 1 12 11 30 29 28 1 10 25 25 30 15 17 15 11 21 4 7 12
18 15 21 15 24 20 10 22 2 29 15 7 3 23 26 30 15 19 17 29 18 18 8 1 6 25 30 20 7 10 16 22 29 16 9 10 3 12 30 25 3 2 8 16 2 30 1 8 18 15 2 28 24 24 28 0 6 27 30 12 30 19 24 6 28 5 1 15 24 0 19 16 5 17 2 0 30 17 10 2 29 12 14 23 16 3 18 24 15 30 24 24 2 25 4 17 21 15 8
22 7 3 25 19 5 28 24 5 24 20 12 19 19 4 10 4 7 27 2 30 19 5 21 1 16 29 18 8 20 9 25 30 5 15 10 27 5 13 24 17 10 14 20 26 29 27 29 17 15 24 6 13 6 4 22 26 1 12 7 2 1 1 30 18 21 15 21 19 6 25 15 11 19 13 9 28 25 22 15 0 29 1 11 2 13 20 4 26 5 5 21 5 8 9 30 29 18 1
17 11 27 0 26 4 21 24 29 1 1 10 8 16 29 26 4 20 10 0 30 4 15 30 15 29 7 11 21 9 4 2 11 12 28 24 25 9 1 13 3 25 3 7 28 25 29 23 17 17 3 5 17 30 29 14 19 20 19 3 5 20 22 18 18 13 19 13 20 3 1 5 27 14 26 20 4 18 8 1 12 23 12 12 13 25 14 6 29 18 24 17 19 13 13 23 22 4 6
2 11 3 1 28 13 0 0 19 30 13 12 18 15 10 20 15 13 12 11 28 26 20 14 19 27 11 23 22 4 21 17 14 3 16 20 1 8 27 16 23 18 7 19 11 25 1 0 16 10 23 0 14 1 13 22 1 18 9 23 0 12 28 21 28 21 18 14 25 3 23 28 4 12 9 13 1 26 26 19 27 8 23 7 21 27 2 5 9 20 1 30 24 27 18 7 13 18 9
8 6 11 16 8 14 25 12 16 30 23 5 23 8 19 27 4 25 29 15 10 6 0 9 0 17 21 16 2 22 0 7 5 10 3 21 10 5 16 19 26 26 19 1 2 28 21 15 23 19 22 5 9 12 12 18 12 26 14 13 15 6 20 3 30 3 20 8 18 11 25 19 2 23 12 26 24 21 12 7 29 9 16 15 27 22 7 6 6 10 25 1 13 4 5 16 27 24 5
3 12 25 26 30 19 13 11 2 24 22 14 25 23 15 0 30 13 24 27 22 26 27 24 23 21 12 13 23 8 10 19 30 18 5 10 14 9 4 3 1 27 30 29 1 17 18 28 7 21 7 20 27 15 1 12 0 21 23 19 8 13 16 13 6 7 29 4 29 16 21 23 17 5 8 2 17 5 30 6 16 8 9 2 13 29 18 3 30 13 13 18 17 2 10 30 1 9 27
1 13 30 23 10 12 27 4 30 14 11 3 16 15 13 23 24 26 13 28 19 9 26 0 3 0 3 19 4 13 20 15 6 21 19 26 12 11 13 5 10 11 0 16 4 9 25 28 14 27 1 1 12 0 1 17 30 3 30 8 1 2 18 22 9 14 27 15 15 23 25 30 2 18 25 23 2 29 6 1 15 9 19 19 10 16 2 23 22 25 20 23 21 3 10 7 13 4 28
14 22 25 0 21 13 1 18 25 15 8 0 21 1 20 27 29 13 18 3 13 9 24 24 0 4 10 10 27 2 29 4 6 22 7 28 16 17 4 11 12 25 16 12 13 27 17 18 2 26 13 1 26 20 28 2 7 29 27 21 26 18 28 4 7 8 9 18 22 4 30 24 14 14 20 21 20 28 24 3 5 29 15 1 10 27 14 17 19 30 5 18 16 29 26 30 13 16 15
27 24 16 18 20 30 6 29 7 13 25 9 20 29 4 30 28 29 15 2 8 7 30 2 2 3 18 26 5 18 3 17 27 8 21 12 5 17 8 21 19 26 3 12 22 15 6 6 17 6 5 0 19 19 2 14 23 28 10 16 4 2 19 30 25 0 1 5 26 21 15 28 4 13 27 23 28 19 11 25 24 30 28 5 1 10 9 29 10 14 6 16 26 19 18 30 30 2 21
19 29 5 22 17 25 7 27 20 16 6 6 9 11 25 12 24 3 15 15 17 21 7 14 1 13 2 30 15 19 30 26 19 8 2 4 5 5 19 19 21 6 8 22 28 18 6 0 12 3 8 15 26 22 0 13 12 21 26 0 0 25 1 25 0 12 9 8 27 8 28 8 28 24 20 16 8 23 5 12 18 9 28 22 6 6 29 2 4 12 16 21 6 21 13 15 27 16 13
3 11 19 23 30 26 11 26 15 15 21 7 24 24 12 13 20 30 9 14 16 1 19 0 0 8 6 19 6 9 6 13 17 24 13 20 12 14 0 24 10 20 21 2 6 0 23 1 6 12 0 2 4 13 23 27 11 0 5 10 23 2 24 19 17 22 12 18 24 11 14 6 10 12 17 9 15 1 20 22 16 7 8 5 10 20 14 20 6 14 1 29 26 24 28 17 22 23 8
29 6 9 13 15 14 25 5 26 23 3 4 20 30 28 13 12 28 9 16 1 23 3 9 3 22 25 27 30 18 15 10 28 13 5 18 8 11 11 19 1 27 26 30 2 2 24 27 20 14 16 23 25 2 27 4 21 2 25 2 30 4 7 10 16 10 13 14 29 8 5 8 0 7 8 3 12 18 24 4 30 6 0 22 18 6 10 2 18 8 30 16 19 27 16 5 12 0 30
14 20 25 26 1 24 7 18 2 11 5 0 5 1 1 14 7 18 24 25 20 19 29 4 17 10 14 30 10 28 22 10 20 20 18 7 3 12 28 29 14 19 18 3 0 15 19 2 27 27 2 12 22 29 28 12 9 18 16 3 0 21 7 22 26 29 14 21 24 5 26 1 25 24 17 5 18 13 7 24 24 14 7 10 18 5 14 0 12 6 2 8 25 28 1 0 8 30 11
18 12 29 9 23 0 16 30 5 12 2 19 22 18 19 6 28 19 16 23 24 18 4 2 12 10 30 10 6 21 12 23 9 0 19 12 10 30 24 20 13 28 14 10 1 17 5 4 17 11 26 15 14 12 30 1 16 27 8 0 0 12 6 18 16 18 21 7 10 0 5 17 10 4 12 2 26 15 2 12 21 2 16 23 13 27 27 0 23 5 2 20 29 26 30 14 9 3 15
0 2 3 18 6 3 7 21 18 16 0 22 5 0 6 5 13 22 26 6 11 7 24 18 12 23 29 1 27 28 1 27 13 9 28 17 26 28 6 12 19 19 17 19 23 18 26 5 22 9 10 14 28 28 15 21 6 24 7 17 27 8 1 10 9 9 23 2 5 4 15 7 24 0 22 10 29 27 2 16 29 26 4 30 6 28 12 30 27 19 11 15 12 16 7 8 23 0 7
0 5 15 17 0 7 25 11 13 14 24 13 21 15 15 25 28 23 14 19 19 13 18 20 21 7 3 8 18 12 25 25 7 10 4 8 0 11 11 30 17 7 7 29 0 16 30 11 13 19 6 23 6 3 17 13 3 4 22 10 10 1 12 22 26 1 5 5 23 14 3 18 25 2 15 19 24 21 18 26 12 6 16 25 29 14 26 24 13 11 16 17 1 28 22 22 10 14 8
13 10 26 28 28 18 9 7 5 16 6 19 1 22 19 29 20 30 25 2 0 8 8 2 10 23 9 0 22 17 26 0 27 30 12 16 7 7 10 18 23 27 19 27 19 20 12 4 2 27 5 18 4 0 1 15 20 18 1 7 29 29 13 19 7 8 23 21 12 26 21 7 13 3 4 17 21 6 21 13 22 30 28 3 25 4 25 3 3 6 17 21 19 27 22 25 6 0 25
18 5 2 16 0 6 22 22 26 19 29 27 22 13 3 10 23 0 25 3 5 14 17 12 2 27 8 6 19 14 0 12 26 8 11 4 0 5 30 30 6 7 11 16 28 27 14 28 13 22 13 18 26 25 1 2 17 29 17 7 30 4 2 26 2 19 9 8 16 4 28 11 25 11 30 3 15 27 16 25 12 19 3 5 22 20 17 28 23 16 30 1 13 17 9 1 27 11 26
26 27 10 29 29 6 2 8 24 29 22 6 8 10 27 29 9 14 16 6 17 18 18 6 14 9 6 5 15 5 22 17 1 3 5 14 25 22 4 14 7 18 9 21 28 21 24 18 18 28 17 23 29 30 15 7 18 14 2 12 23 2 2 14 11 30 20 22 24 1 3 18 14 23 16 5 13 30 22 30 12 20 14 12 27 26 0 18 7 14 11 10 9 0 6 4 7 11 30
7 3 15 4 2 29 22 6 20 21 2 23 18 22 15 23 27 0 26 8 1 9 21 1 3 16 27 8 2 23 29 20 13 3 24 13 4 14 17 30 3 6 30 29 30 21 11 5 14 23 14 21 1 12 8 0 27 1 8 14 16 28 23 30 3 20 23 28 27 8 11 11 19 8 8 30 20 26 9 8 20 10 8 18 22 24 29 28 27 30 0 25 18 28 19 19 15 19 26
17 30 19 1 5 13 12 13 6 16 27 30 29 13 25 15 9 25 19 19 26 3 19 0 13 26 25 16 2 30 27 10 9 12 18 25 18 30 8 19 20 21 29 29 6 22 8 4 23 8 1 4 10 6 14 1 21 19 0 7 4 3 28 30 13 5 5 2 21 18 21 23 25 10 16 3 28 27 8 24 16 28 8 23 7 6 0 5 2 1 14 11 14 24 4 10 28 19 13
3 25 12 1 8 5 19 26 29 30 30 14 12 27 7 10 18 9 23 12 17 11 27 24 10 13 6 4 19 26 23 20 28 5 26 19 25 21 26 22 26 8 7 9 3 26 6 2 1 14 16 9 12 19 5 20 17 10 21 12 27 0 14 22 12 15 22 21 3 19 13 30 6 28 6 26 0 14 30 24 6 18 9 15 12 8 26 14 11 6 10 14 18 6 4 24 25 5 16
10 25 18 20 20 12 3 19 14 24 16 17 1 30 8 11 25 30 8 19 24 24 28 30 4 28 0 9 28 4 19 26 9 5 12 23 8 24 11 16 18 20 7 13 2 13 9 6 28 25 3 28 23 30 0 5 29 14 6 8 8 12 15 4 25 23 21 10 21 1 8 12 21 16 22 12 19 5 11 13 13 22 28 26 2 2 27 3 10 10 13 26 21 6 19 28 15 1 30
16 20 0 6 9 22 17 2 12 24 22 22 8 25 10 10 28 17 27 29 15 5 0 20 15 16 7 20 20 8 2 6 10 11 16 11 3 0 21 25 12 6 16 25 19 18 0 9 4 2 6 13 23 2 3 0 26 20 5 10 18 4 2 26 20 17 29 13 17 21 18 26 17 25 4 19 25 25 30 17 26 18 12 23 21 11 28 11 6 30 18 15 21 21 15 18 26 3 11
28 29 1 29 3 26 25 1 26 30 12 18 26 21 12 11 30 18 10 7 16 21 29 16 14 0 1 29 12 30 4 9 20 23 22 27 26 1 30 15 16 11 28 3 23 12 15 19 19 4 8 18 15 29 27 5 10 16 28 25 16 10 13 3 25 9 5 20 3 27 24 18 6 14 28 1 18 23 10 19 29 4 20 19 1 25 8 17 5 4 28 17 17 25 9 9 5 13 27
13 17 3 23 21 2 28 13 22 30 14 16 1 24 28 9 7 13 4 1 16 2 18 27 3 27 29 21 1 29 13 24 26 24 9 19 5 7 9 1 1 15 13 20 28 21 11 14 21 17 2 29 26 3 15 21 3 10 1 2 9 16 22 30 26 13 21 7 20 1 7 22 27 30 9 7 17 1 9 14 4 18 11 12 8 30 22 3 0 11 2 27 4 24 0 4 9 14 28
20 0 28 24 14 15 5 30 7 0 18 24 12 18 22 12 6 2 0 19 11 22 29 0 6 18 10 25 1 4 12 25 5 27 2 8 18 10 15 4 4 24 5 12 14 28 14 20 6 27 15 3 0 8 18 14 13 26 15 7 8 15 21 24 20 18 27 18 13 7 29 3 27 6 11 15 4 4 7 12 23 5 21 27 23 27 0 0 26 19 9 6 8 2 8 3 7 10 29
11 14 26 30 22 6 15 1 5 30 19 21 7 18 21 14 18 20 20 2 5 27 10 29 8 1 18 5 4 20 16 10 1 28 1 28 16 7 25 13 21 28 18 18 21 20 3 18 7 25 10 28 3 6 20 0 14 28 3 5 26 1 29 18 30 17 27 28 5 19 1 23 11 12 12 1 12 1 17 15 0 18 8 5 20 2 17 14 21 5 17 25 20 4 30 5 1 15 19
29 29 2 7 14 30 5 11 19 1 28 15 22 24 19 30 20 29 1 8 1 28 6 14 24 25 21 25 5 7 30 11 24 5 11 7 7 30 12 12 26 16 27 28 24 24 27 5 25 12 20 11 8 20 24 15 13 1 8 6 23 8 24 22 7 2 6 10 2 4 7 18 15 6 27 23 27 8 18 5 28 12 6 21 24 16 26 25 27 15 14 1 27 15 18 11 9 24 23
8 3 25 20 20 27 25 5 22 13 15 1 7 1 9 28 13 26 23 13 23 4 17 4 0 22 6 11 27 21 28 17 30 4 26 16 17 9 15 20 8 4 1 20 10 6 5 24 11 9 6 13 16 1 25 11 12 14 0 8 5 26 10 23 30 14 9 28 6 15 15 13 20 13 7 23 17 0 23 15 17 0 29 14 16 14 20 20 15 10 21 18 19 25 11 15 2 7 24
23 0 26 11 18 17 8 7 13 15 13 14 5 22 13 15 4 11 13 13 25 0 28 21 27 2 5 2 28 0 0 20 25 28 11 3 22 9 27 22 8 17 22 21 12 22 23 7 18 28 17 29 2 0 17 7 23 28 29 0 26 15 8 23 17 14 3 21 7 25 29 11 24 29 21 15 10 28 11 14 17 27 3 22 0 26 19 12 6 20 29 5 1 0 12 12 9 15 3
25 18 4 4 21 19 30 1 22 1 29 0 6 28 21 21 2 13 3 8 25 22 28 22 8 12 7 8 20 6 29 27 30 22 28 6 22 9 19 18 13 24 21 24 29 10 0 29 14 21 14 15 7 18 5 30 10 1 29 5 21 18 9 9 1 3 26 30 1 24 23 22 9 7 30 26 16 2 26 27 24 21 19 17 20 7 25 1 18 19 0 7 9 23 5 12 16 17 23
11 13 28 27 2 12 17 23 1 2 20 8 22 0 22 24 22 17 23 6 7 2 15 12 11 19 20 11 19 9 19 25 17 8 21 20 21 6 30 9 25 1 11 16 27 18 22 22 22 29 8 12 12 7 16 9 21 18 1 28 23 29 26 16 20 21 5 18 8 5 27 28 21 19 28 30 28 6 26 4 8 25 11 24 12 19 18 5 6 5 25 29 4 23 20 5 22 19 4
0 19 30 8 14 19 9 28 13 27 17 24 6 22 0 9 16 0 10 26 6 10 19 6 3 1 7 22 15 20 14 22 10 5 29 29 12 24 2 0 8 27 7 27 15 18 30 23 11 7 14 27 1 26 21 22 19 27 25 2 23 1 21 26 21 6 26 20 8 7 7 30 10 15 16 23 27 27 4 15 17 0 23 27 0 18 22 7 25 6 19 12 22 3 21 12 6 2 18
0 10 15 1 11 15 3 4 10 12 13 7 4 19 1 27 10 13 21 17 7 0 25 6 2 25 1 19 17 21 3 25 5 10 2 11 21 27 6 21 0 15 10 7 9 10 25 7 14 22 11 7 16 20 11 8 1 12 8 1 19 26 25 11 4 14 30 17 16 20 9 5 9 16 23 23 0 17 30 10 9 21 9 24 29 0 22 28 0 11 28 7 22 0 21 14 27 13 25
30 11 9 10 4 19 26 0 30 28 3 12 16 14 3 30 20 12 16 29 9 19 8 15 10 3 16 30 7 20 29 26 28 19 24 8 27 22 8 20 28 9 1 3 12 8 1 29 24 21 11 21 15 1 6 20 14 12 13 18 26 22 13 18 29 25 20 5 3 22 0 17 28 19 19 7 6 14 1 19 5 9 26 20 30 30 25 20 1 7 21 22 16 24 21 22 4 26 7
25 0 24 22 25 0 10 10 23 11 16 3 1 10 7 29 16 25 17 10 0 19 7 19 13 29 10 16 7 10 25 5 1 0 9 5 13 21 2 16 12 19 16 4 2 14 17 4 22 18 3 10 10 11 8 25 30 13 12 23 24 22 27 14 30 22 27 9 6 30 2 17 1 19 22 17 15 18 11 28 29 30 17 10 19 1 5 1 18 24 22 13 26 12 15 29 16 16 21
4 11 19 13 5 8 5 10 1 29 19 21 1 13 0 23 28 4 2 24 27 2 17 20 6 14 20 26 6 0 27 14 25 26 1 21 17 9 17 30 19 8 11 4 18 23 22 8 0 28 3 27 2 9 23 24 26 11 1 19 11 1 5 13 0 12 4 23 30 23 8 27 2 4 14 24 11 18 17 24 21 24 20 17 13 25 15 13 4 27 17 3 4 4 23 19 16 0 8
15 21 2 22 26 22 7 20 15 9 10 5 8 3 23 8 2 16 11 21 20 10 12 20 17 0 5 13 12 15 24 30 19 4 29 26 17 26 16 14 2 3 8 1 14 13 1 27 2 25 3 4 13 24 27 29 12 17 6 5 28 0 7 3 2 20 21 16 29 25 7 19 3 16 3 21 22 11 4 0 9 12 0 12 26 23 25 19 12 16 28 7 0 8 18 4 26 6 25
24 10 14 1 9 1 6 9 7 24 30 13 26 26 18 21 13 13 11 29 25 3 24 23 5 18 4 26 3 24 29 22 16 28 30 5 9 28 27 18 12 8 7 10 16 11 20 7 3 21 2 2 24 5 27 24 16 27 10 22 17 16 21 13 14 24 0 5 0 15 11 12 19 14 19 3 23 20 12 15 13 24 13 1 19 16 21 22 0 19 21 5 11 6 18 22 25 19 21
3 12 11 13 10 1 8 20 6 13 11 20 9 29 3 12 14 8 17 2 11 29 5 23 2 25 8 29 23 29 14 13 13 26 27 13 30 7 29 10 20 12 26 24 11 15 3 10 28 8 24 4 12 1 15 8 7 0 12 15 7 6 22 9 30 25 28 22 7 16 2 10 19 16 22 0 8 13 26 20 6 11 14 9 30 3 14 28 9 23 26 7 22 5 28 3 4 29 21
21 20 15 18 26 13 22 4 26 18 1 29 25 27 20 13 18 10 26 12 27 21 25 14 18 12 21 20 5 9 21 11 14 22 8 18 4 0 0 29 18 22 20 27 24 13 13 7 26 12 22 19 22 12 20 7 7 24 18 5 11 16 7 19 8 22 22 19 16 10 13 17 17 1 10 15 25 7 1 27 25 27 15 27 2 23 3 18 14 28 7 30 11 18 10 18 11 27 4
0 28 12 27 13 10 18 20 8 19 25 20 4 20 14 2 3 3 0 14 5 16 30 29 19 25 29 13 9 9 3 22 12 2 4 6 18 25 1 13 27 0 1 21 4 8 3 13 13 7 3 1 8 27 17 23 19 15 19 7 8 9 26 23 3 12 17 16 17 22 28 16 20 18 6 4 15 23 3 6 23 25 13 16 10 26 10 20 27 7 11 5 15 19 3 2 0 2 14
9 0 16 15 28 26 9 19 2 22 2 11 13 13 20 18 24 28 16 4 18 9 16 28 1 10 14 8 18 4 22 15 7 19 5 19 18 12 29 9 26 2 9 26 19 9 27 11 7 22 27 28 0 13 24 26 26 5 24 28 14 22 29 0 6 2 8 24 7 19 7 25 1 30 8 8 4 2 21 25 23 6 6 28 9 3 27 26 26 11 6 10 23 19 5 19 20 11 6
30 23 19 5 3 29 11 17 17 9 9 27 18 22 3 7 0 24 18 25 7 6 15 9 10 20 7 2 7 10 30 26 2 7 19 5 30 27 17 17 23 19 29 27 22 21 18 23 29 2 8 19 16 9 19 17 2 10 22 5 12 9 3 1 5 16 25 5 5 7 7 27 13 3 7 22 26 22 1 8 7 8 26 19 24 12 21 16 26 30 11 18 13 1 7 25 4 12 23
23 15 28 4 20 2 5 12 19 2 14 7 27 27 28 10 0 18 1 8 23 21 23 20 4 24 22 24 10 27 18 28 15 24 18 15 0 8 3 17 14 27 10 2 22 26 10 27 28 19 21 20 1 11 7 9 25 29 4 22 16 18 10 11 3 14 12 12 7 10 19 4 1 29 21 20 29 22 29 2 23 6 28 28 11 0 3 22 17 7 27 18 28 20 29 7 1 7 30
11 28 28 28 28 28 20 16 27 11 25 20 0 19 25 16 24 3 19 30 15 6 4 6 11 11 9 9 7 20 28 11 28 11 20 17 22 10 25 29 10 6 30 28 15 25 6 5 27 3 8 29 30 21 9 7 26 17 20 20 5 14 17 19 29 10 13 24 13 17 18 21 29 6 16 9 18 26 30 28 20 13 20 5 11 24 8 18 21 30 21 21 10 3 9 14 11 3 6
16 1 15 12 28 25 24 0 5 15 21 17 1 1 27 1 3 7 25 21 7 28 1 8 8 1 21 0 26 30 3 29 18 16 26 1 22 15 15 25 21 10 1 29 1 10 9 26 18 10 20 24 7 12 3 25 30 7 25 21 4 18 18 3 2 29 10 25 8 29 13 9 21 15 17 1 22 8 17 23 15 14 30 15 10 26 5 25 0 15 19 2 10 20 12 16 11 7 2
3 2 2 27 14 19 21 29 10 16 18 5 0 4 23 0 24 14 2 14 25 18 11 28 12 5 10 27 15 8 26 2 19 11 0 6 30 3 20 1 3 18 6 19 11 26 4 1 5 9 2 25 11 11 25 28 7 18 27 9 17 20 28 5 5 9 25 3 10 24 21 29 25 18 7 3 2 6 26 17 11 10 10 20 5 5 8 30 15 3 19 22 23 20 15 20 2 29 4
13 1 26 0 11 22 12 12 3 19 26 15 6 2 24 15 25 19 8 10 9 28 19 1 13 4 1 26 11 22 13 10 29 15 19 16 9 10 10 12 0 12 30 23 12 7 27 27 22 29 3 12 5 21 16 8 27 14 1 19 17 0 16 6 17 30 14 19 11 12 20 12 2 24 14 10 9 16 11 1 24 19 24 29 10 12 25 1 2 14 20 14 10 10 0 5 5 1 23
25 20 20 11 17 27 28 4 15 26 16 0 30 24 13 14 24 24 16 0 11 4 6 5 19 15 6 22 19 16 25 7 18 18 22 14 0 26 9 26 17 30 2 5 24 4 1 17 25 12 17 1 26 28 5 15 26 17 3 11 6 25 21 2 12 11 11 11 3 30 2 4 4 16 15 2 23 29 17 8 7 15 0 15 10 11 26 2 27 13 27 22 25 29 13 15 7 13 22
7 14 22 19 26 0 1 25 23 25 5 4 25 6 1 3 21 8 20 29 25 18 12 23 18 15 4 17 4 1 13 15 18 13 5 30 4 1 30 17 1 4 0 25 25 13 5 8 6 7 26 3 6 21 19 15 17 8 8 8 11 24 27 9 27 22 16 5 26 18 12 9 27 18 29 29 22 1 14 16 18 23 17 26 10 30 2 12 13 11 10 23 28 15 17 12 0 10 25
26 7 16 11 24 23 14 18 6 21 30 20 19 23 3 6 17 29 30 23 16 16 0 20 18 2 0 0 17 11 27 10 20 19 24 20 16 2 6 10 24 3 1 2 24 19 22 7 8 20 13 4 3 4 19 4 17 8 4 0 22 3 19 7 9 13 3 25 10 0 16 1 16 22 13 24 21 6 16 13 17 23 12 2 13 11 1 22 9 1 16 22 3 16 14 15 4 18 27
19 8 24 2 12 12 20 10 13 9 30 3 22 21 24 21 0 26 15 21 0 20 7 19 4 3 7 8 16 28 11 24 18 26 26 27 14 10 4 27 4 5 15 1 14 28 20 12 3 17 20 17 6 24 27 18 11 7 3 16 27 6 18 5 0 30 23 5 5 18 21 15 20 8 23 5 12 10 7 6 3 17 4 18 1 28 0 20 16 3 12 6 20 27 3 14 2 27 10
20 26 25 1 6 4 26 20 9 29 1 30 26 5 26 30 12 25 8 20 17 22 10 5 24 29 8 18 11 11 25 2 5 0 10 10 29 29 8 1 25 24 24 3 3 22 2 6 28 27 25 3 27 0 28 3 30 2 17 7 26 25 29 19 16 26 26 23 15 17 12 26 9 17 8 10 30 19 4 11 13 0 25 22 3 14 8 8 2 23 0 5 7 29 30 27 9 11 8
27 2 3 21 16 26 10 4 27 24 22 17 0 15 7 20 13 29 16 23 27 12 5 6 26 12 17 26 21 14 3 13 9 2 4 5 9 26 7 2 3 9 5 24 0 19 9 2 1 1 1 10 14 16 11 6 26 23 0 15 4 10 14 5 10 28 15 24 20 23 24 19 12 30 19 20 26 30 20 22 29 2 12 27 13 10 10 23 6 11 28 15 1 18 22 9 5 11 18
15 26 9 29 11 30 18 1 21 25 30 12 17 24 2 0 16 18 0 29 3 20 28 23 16 7 30 14 15 9 18 4 13 15 30 6 28 21 19 23 13 29 11 0 20 3 0 18 25 15 30 16 14 14 11 20 9 21 10 29 18 2 6 3 14 20 28 2 1 13 18 7 14 22 8 10 6 18 12 14 24 4 22 4 23 0 19 11 5 25 22 16 24 19 20 15 15 26 10
7 7 22 20 30 23 20 20 17 13 19 26 4 18 4 6 1 23 13 1 13 11 5 10 4 26 13 20 27 16 28 5 13 10 8 20 14 15 7 11 28 6 9 23 15 16 2 11 21 28 1 15 4 12 13 20 10 25 17 1 13 6 23 25 4 9 0 17 25 27 4 20 2 29 21 2 28 4 17 5 1 30 8 5 11 24 21 24 14 11 22 3 6 26 14 27 3 18 16
1 29 17 13 14 9 29 13 23 28 12 26 8 26 30 9 0 27 15 24 13 18 30 29 2 27 20 12 21 25 2 1 9 26 12 10 19 23 15 29 12 0 27 8 0 13 9 16 20 29 20 28 1 8 27 4 26 10 4 24 9 11 30 20 12 27 22 12 30 14 7 17 24 29 7 15 10 25 8 8 30 11 29 11 22 11 24 7 2 2 27 25 30 10 4 26 30 25 14
19 12 8 10 19 22 25 5 8 21 25 8 7 11 8 24 8 27 28 5 29 27 16 3 17 21 17 14 18 7 12 0 3 27 6 17 9 25 13 11 11 11 18 7 30 10 14 10 27 23 8 12 29 2 28 13 13 0 2 3 9 15 24 30 22 13 0 24 3 17 8 27 20 21 4 8 25 2 11 22 10 20 10 16 28 9 15 12 18 4 14 4 29 1 25 28 9 28 2
14 23 27 29 9 15 25 22 13 13 23 29 3 24 7 21 17 12 30 18 10 11 28 27 14 27 15 1 29 2 17 10 2 8 17 1 2 25 17 9 6 0 14 13 9 28 17 16 27 6 28 8 17 16 21 17 0 5 24 19 15 0 9 2 16 7 30 0 25 16 19 16 25 0 11 16 24 1 16 14 19 7 23 22 26 3 9 1 17 9 24 14 23 16 29 3 30 12 22
17 2 3 13 6 11 29 25 20 24 19 19 25 19 17 12 22 3 16 19 15 10 23 5 18 25 6 18 27 27 17 28 12 2 28 14 20 11 26 21 17 3 21 24 23 16 2 2 23 13 17 18 20 15 18 11 19 1 18 4 6 26 8 24 25 16 20 13 17 12 11 7 15 9 7 13 8 23 18 11 17 29 3 13 4 25 3 3 24 24 2 13 17 2 6 9 28 2 18
0 1 13 3 3 2 1 9 2 7 20 21 25 1 14 14 29 17 24 28 13 15 15 17 23 17 18 21 4 28 1 15 5 3 21 27 4 0 21 7 3 20 29 28 13 0 9 30 27 1 3 30 28 18 26 0 7 18 1 28 26 6 17 19 14 14 3 13 26 28 13 28 18 5 30 16 13 7 28 28 7 6 20 18 16 14 0 1 20 21 15 21 16 8 4 28 27 5 8
2 6 11 20 23 26 0 28 1 27 6 12 11 14 26 1 3 5 28 9 13 7 23 17 21 20 28 6 1 9 1 8 15 24 17 8 8 6 14 7 7 10 25 27 6 8 4 27 20 27 10 22 26 26 22 10 8 28 3 14 1 2 21 0 5 29 21 22 25 10 10 19 7 4 14 7 29 13 28 1 11 10 2 27 16 12 20 17 21 25 27 29 20 23 30 14 6 6 29
1 28 29 25 11 11 6 5 3 3 13 11 24 19 21 30 21 8 23 13 5 0 16 21 25 5 20 11 8 27 23 11 11 20 20 29 14 1 16 4 16 18 13 6 8 10 18 12 20 15 3 13 10 4 27 4 30 5 5 1 30 4 23 28 30 19 25 7 19 16 29 18 18 6 8 26 21 27 27 17 14 26 12 6 10 10 26 26 10 27 1 21 16 30 3 2 15 26 14
6 4 17 16 7 11 10 5 28 25 1 22 26 12 10 27 6 13 24 25 9 23 4 1 28 2 0 11 11 17 6 28 24 27 19 19 30 12 3 23 7 19 3 5 13 16 3 5 1 26 3 29 8 13 23 27 18 24 11 30 18 19 16 19 18 26 11 19 24 15 5 10 3 4 29 1 24 30 25 5 26 25 20 13 18 9 8 3 29 26 10 7 27 0 22 28 27 21 18
13 8 14 20 13 22 3 5 17 27 25 1 14 18 10 26 14 6 0 7 12 25 8 6 27 10 29 28 8 30 10 6 17 19 1 2 7 21 19 15 22 9 14 18 22 27 23 1 17 7 10 2 7 13 22 18 2 13 16 15 17 11 23 14 9 0 5 23 27 24 0 28 30 30 11 27 4 9 27 8 10 29 30 9 18 16 1 11 12 17 11 2 4 3 30 10 13 26 10
19 16 1 29 4 26 0 21 7 18 13 24 28 12 18 3 17 30 17 5 23 27 16 12 25 26 3 10 27 16 13 28 5 29 13 26 27 5 25 5 21 15 10 6 30 17 12 7 21 30 16 23 5 5 28 28 17 10 12 12 5 12 22 5 15 18 12 14 20 20 16 11 30 23 28 9 12 17 11 14 8 21 16 12 13 30 17 24 10 15 8 19 4 17 3 1 3 1 30
